70 3
0 238 188 213 379 843 385 88 339 674 269 203 753 431 249 515 572 411 585 698 447 253 385 146 279 421 825 749 873 903 545 724 74 221 322 728 371 147 104 208 758 449 151 660 200 389 129 807 332 813 33 506 404 730 651 969 1 957 879 182 952 591 478 802 893 91 406 498 806 194 
238 0 10 553 23 624 5 346 12 753 680 387 261 787 779 724 136 873 147 880 44 950 947 351 723 534 901 628 666 142 176 832 784 660 45 275 796 958 5 897 878 186 387 174 143 539 166 772 561 617 537 134 510 807 184 688 923 485 39 219 490 127 892 515 538 757 451 991 477 812 
188 10 0 554 937 117 626 930 804 678 613 498 40 195 263 100 467 267 244 926 477 432 806 358 471 461 215 784 409 896 312 454 414 495 503 853 36 723 655 712 982 596 577 456 578 101 144 611 129 839 342 42 616 715 166 841 182 104 510 120 920 174 193 38 291 321 160 149 743 359 
213 553 554 0 45 303 93 797 984 956 192 333 668 522 851 855 389 330 58 100 691 44 182 825 878 310 573 969 138 795 376 547 556 377 872 899 722 290 496 846 939 1 369 220 103 563 686 996 781 450 553 531 354 877 802 364 430 572 901 128 906 253 552 123 743 511 480 518 902 881 
379 23 937 45 0 839 930 595 828 571 237 233 11 640 390 487 698 165 285 926 393 343 529 849 784 131 983 51 806 562 996 741 841 825 622 95 974 983 626 500 271 692 624 133 895 44 98 557 851 467 111 523 400 912 999 34 77 404 54 576 768 686 617 216 914 748 501 318 897 212 
843 624 117 303 839 0 30 821 869 777 489 557 497 842 437 572 182 661 896 222 468 267 839 582 588 577 872 273 904 346 424 389 341 332 732 915 430 75 300 756 90 759 511 890 107 950 363 209 895 910 896 484 506 90 867 189 330 259 335 623 61 757 852 656 828 977 764 275 461 115 
385 5 626 93 930 30 0 27 165 915 519 401 164 661 204 435 971 155 515 694 340 565 179 383 432 73 961 925 961 849 574 88 432 439 557 452 117 290 583 610 573 352 646 936 608 612 747 551 526 455 803 931 183 423 659 535 377 376 354 534 169 112 503 562 69 376 182 8 230 891 
88 346 930 797 595 821 27 0 796 804 167 616 134 833 838 626 960 164 279 458 278 585 648 420 768 12 853 700 737 724 579 471 437 820 437 719 996 642 952 856 196 925 383 998 662 125 904 523 128 872 425 385 883 333 630 467 542 571 770 359 777 615 345 315 583 168 445 173 867 785 
339 12 804 984 828 869 165 796 0 701 1000 86 40 909 212 534 316 454 302 19 360 100 557 70 457 994 898 871 726 66 60 365 622 444 161 438 362 82 844 338 427 390 907 71 737 935 974 813 388 46 757 872 591 412 260 17 596 123 875 545 779 896 785 621 641 24 793 89 776 232 
674 753 678 956 571 777 915 804 701 0 492 193 677 31 986 834 477 622 332 412 425 884 232 713 799 358 889 458 807 8 691 556 498 670 274 753 896 553 266 758 460 113 394 343 512 913 982 499 115 930 533 260 293 245 759 81 879 218 155 653 955 330 222 642 127 111 138 667 178 212 
269 680 613 192 237 489 519 167 1000 492 0 412 625 432 53 466 757 20 540 172 675 824 680 655 893 153 106 697 194 234 249 540 893 876 6 203 701 406 67 806 422 122 67 487 296 801 163 545 898 143 372 512 415 334 520 774 934 328 619 125 871 321 616 757 148 149 788 911 484 920 
203 387 498 333 233 557 401 616 86 193 412 0 594 25 333 117 811 210 153 176 510 195 498 891 919 212 567 377 468 851 121 132 190 465 501 980 747 368 682 906 444 266 738 491 454 253 335 774 356 62 790 40 92 979 350 381 332 946 982 499 256 429 99 436 757 250 273 796 903 377 
753 261 40 668 11 497 164 134 40 677 625 594 0 235 297 961 401 7 688 906 105 96 100 464 937 543 77 669 765 440 566 766 758 648 554 574 189 193 986 914 897 474 274 338 23 89 451 365 7 390 175 120 880 752 472 154 634 649 41 21 89 289 874 359 696 778 720 289 800 718 
431 787 195 522 640 842 661 833 909 31 432 25 235 0 250 200 637 602 98 292 197 781 70 340 914 641 122 31 217 396 146 693 758 114 874 161 237 678 162 254 423 989 612 5 760 961 409 898 77 74 685 73 825 642 423 594 433 242 640 12 292 107 505 903 556 618 872 121 427 656 
249 779 263 851 390 437 204 838 212 986 53 333 297 250 0 711 503 924 522 760 751 613 717 969 503 559 122 370 27 755 386 819 647 935 586 727 855 450 878 1000 904 889 630 743 236 953 131 921 522 234 41 965 590 55 725 831 893 267 14 231 886 965 813 726 465 842 249 553 943 338 
515 724 100 855 487 572 435 626 534 834 466 117 961 200 711 0 125 31 80 958 267 71 793 113 737 649 256 248 216 637 162 531 787 328 429 512 413 775 932 52 785 26 937 543 818 323 235 55 181 277 470 774 965 341 704 139 140 899 78 51 38 409 72 143 597 795 621 36 901 547 
572 136 467 389 698 182 971 960 316 477 757 811 401 637 503 125 0 771 642 426 129 393 990 797 763 3 920 770 230 522 778 38 659 857 108 351 614 635 593 66 418 213 573 536 767 310 721 331 495 853 650 638 671 478 354 817 346 233 416 613 344 540 864 58 74 437 653 634 64 621 
411 873 267 330 165 661 155 164 454 622 20 210 7 602 924 31 771 0 598 504 846 408 316 566 416 796 136 540 78 512 227 289 9 582 422 258 610 685 620 896 770 384 386 789 760 293 396 36 681 773 559 47 502 60 143 249 543 82 82 695 502 336 497 918 63 117 847 44 358 227 
585 147 244 58 285 896 515 279 302 332 540 153 688 98 522 80 642 598 0 560 108 76 274 817 219 560 819 630 804 657 8 286 124 661 927 923 108 370 141 569 259 228 293 695 142 108 930 850 790 80 853 640 426 485 47 572 168 653 90 974 574 106 389 565 500 168 497 370 764 82 
698 880 926 100 926 222 694 458 19 412 172 176 906 292 760 958 426 504 560 0 219 488 407 18 400 188 740 21 432 921 352 637 628 674 710 231 786 884 567 705 440 821 975 639 301 185 584 928 214 189 167 256 930 677 270 851 494 297 309 60 866 904 992 91 600 293 431 275 133 649 
447 44 477 691 393 468 340 278 360 425 675 510 105 197 751 267 129 846 108 219 0 986 795 403 294 932 633 96 927 126 92 537 863 462 656 896 430 929 578 127 715 854 253 1000 922 664 929 508 408 381 811 911 467 928 105 194 337 41 322 86 990 660 87 102 80 270 104 702 856 952 
253 950 432 44 343 267 565 585 100 884 824 195 96 781 613 71 393 408 76 488 986 0 911 86 298 265 632 96 333 242 630 470 734 309 5 269 378 74 672 809 308 415 44 453 271 791 911 409 932 951 529 972 202 452 809 216 488 161 210 350 883 967 507 663 345 418 593 950 740 662 
385 947 806 182 529 839 179 648 557 232 680 498 100 70 717 793 990 316 274 407 795 911 0 592 512 385 227 780 416 792 989 223 581 833 470 240 855 409 58 72 349 692 337 672 365 736 624 792 207 385 188 607 479 551 201 920 627 277 694 521 769 1 58 728 685 668 214 49 407 253 
146 351 358 825 849 582 383 420 70 713 655 891 464 340 969 113 797 566 817 18 403 86 592 0 924 158 413 456 865 774 414 924 485 824 67 881 599 898 164 572 937 616 599 880 785 174 115 747 281 57 911 822 436 238 909 582 883 37 749 410 654 531 2 53 917 669 408 415 499 358 
279 723 471 878 784 588 432 768 457 799 893 919 937 914 503 737 763 416 219 400 294 298 512 924 0 275 536 409 524 214 500 946 615 109 756 883 873 404 647 971 434 236 223 349 146 908 582 220 217 45 326 669 433 366 576 807 171 1000 368 670 643 247 517 143 769 545 515 856 877 278 
421 534 461 310 131 577 73 12 994 358 153 212 543 641 559 649 3 796 560 188 932 265 385 158 275 0 502 367 332 793 102 556 139 830 124 117 727 58 663 163 354 726 417 582 463 827 543 529 121 275 564 920 740 621 463 708 386 206 190 35 800 676 493 352 161 84 695 982 216 676 
825 901 215 573 983 872 961 853 898 889 106 567 77 122 122 256 920 136 819 740 633 632 227 413 536 502 0 597 57 181 955 123 808 938 364 480 36 399 582 377 453 642 683 64 87 972 821 486 113 243 781 289 214 817 360 871 826 544 294 518 600 887 611 24 363 861 659 983 859 460 
749 628 784 969 51 273 925 700 871 458 697 377 669 31 370 248 770 540 630 21 96 96 780 456 409 367 597 0 843 388 411 231 595 879 840 702 259 190 601 517 139 726 553 660 521 770 627 270 28 403 271 50 49 596 635 5 54 326 73 984 824 931 447 673 773 335 784 864 304 627 
873 666 409 138 806 904 961 737 726 807 194 468 765 217 27 216 230 78 804 432 927 333 416 865 524 332 57 843 0 40 295 788 168 497 668 916 21 813 988 750 578 205 874 720 709 974 298 872 432 785 615 616 411 566 800 579 785 454 79 19 248 722 483 800 42 486 868 981 24 736 
903 142 896 795 562 346 849 724 66 8 234 851 440 396 755 637 522 512 657 921 126 242 792 774 214 793 181 388 40 0 446 679 634 41 352 147 899 674 353 824 796 431 62 624 855 288 740 910 258 334 333 493 268 226 59 831 924 117 503 719 52 885 701 845 613 202 453 120 344 452 
545 176 312 376 996 424 574 579 60 691 249 121 566 146 386 162 778 227 8 352 92 630 989 414 500 102 955 411 295 446 0 999 376 712 746 576 902 344 490 469 495 863 983 309 490 489 151 535 323 860 196 461 438 527 263 466 197 262 625 637 899 1000 221 226 375 579 943 585 348 328 
724 832 454 547 741 389 88 471 365 556 540 132 766 693 819 531 38 289 286 637 537 470 223 924 946 556 123 231 788 679 999 0 412 364 9 464 839 41 659 367 210 489 227 965 965 382 132 350 5 517 971 298 784 51 289 783 309 562 437 705 339 763 141 118 774 735 437 447 106 366 
74 784 414 556 841 341 432 437 622 498 893 190 758 758 647 787 659 9 124 628 863 734 581 485 615 139 808 595 168 634 376 412 0 710 571 100 651 772 83 975 163 507 434 90 470 820 822 91 142 41 349 712 650 770 494 486 492 446 950 119 205 721 583 514 987 724 478 606 331 532 
221 660 495 377 825 332 439 820 444 670 876 465 648 114 935 328 857 582 661 674 462 309 833 824 109 830 938 879 497 41 712 364 710 0 930 225 91 762 332 685 728 759 908 429 469 336 486 566 376 589 343 321 695 202 952 482 702 520 610 563 65 715 335 611 78 693 460 470 742 299 
322 45 503 872 622 732 557 437 161 274 6 501 554 874 586 429 108 422 927 710 656 5 470 67 756 124 364 840 668 352 746 9 571 930 0 45 974 338 291 746 1 840 557 956 426 438 332 87 7 792 238 234 357 616 862 52 835 325 524 931 616 488 193 667 253 499 945 303 217 487 
728 275 853 899 95 915 452 719 438 753 203 980 574 161 727 512 351 258 923 231 896 269 240 881 883 117 480 702 916 147 576 464 100 225 45 0 881 583 168 391 82 830 83 703 808 631 443 867 990 252 307 641 438 26 831 847 469 529 739 530 724 481 470 334 825 726 449 197 797 404 
371 796 36 722 974 430 117 996 362 896 701 747 189 237 855 413 614 610 108 786 430 378 855 599 873 727 36 259 21 899 902 839 651 91 974 881 0 514 186 799 112 354 279 760 151 266 93 641 628 190 519 825 853 414 912 973 396 444 334 33 12 727 952 490 230 232 669 201 965 858 
147 958 723 290 983 75 290 642 82 553 406 368 193 678 450 775 635 685 370 884 929 74 409 898 404 58 399 190 813 674 344 41 772 762 338 583 514 0 232 270 819 702 78 173 107 346 228 763 800 694 960 149 167 546 269 509 248 148 742 37 589 19 936 689 943 656 543 248 536 744 
104 5 655 496 626 300 583 952 844 266 67 682 986 162 878 932 593 620 141 567 578 672 58 164 647 663 582 601 988 353 490 659 83 332 291 168 186 232 0 913 130 524 301 37 772 811 933 496 731 377 664 30 215 87 114 262 557 117 119 933 320 188 718 457 2 788 482 308 354 58 
208 897 712 846 500 756 610 856 338 758 806 906 914 254 1000 52 66 896 569 705 127 809 72 572 971 163 377 517 750 824 469 367 975 685 746 391 799 270 913 0 43 818 879 527 722 266 659 766 961 921 972 181 46 590 164 596 319 756 39 30 169 112 957 280 194 597 174 567 169 334 
758 878 982 939 271 90 573 196 427 460 422 444 897 423 904 785 418 770 259 440 715 308 349 937 434 354 453 139 578 796 495 210 163 728 1 82 112 819 130 43 0 992 361 520 145 464 893 907 418 586 980 532 11 272 587 610 390 632 658 809 940 153 733 219 182 497 835 549 44 383 
449 186 596 1 692 759 352 925 390 113 122 266 474 989 889 26 213 384 228 821 854 415 692 616 236 726 642 726 205 431 863 489 507 759 840 830 354 702 524 818 992 0 244 962 370 681 390 271 2 32 780 685 63 541 341 434 283 262 267 462 445 723 505 92 41 780 570 831 344 612 
151 387 577 369 624 511 646 383 907 394 67 738 274 612 630 937 573 386 293 975 253 44 337 599 223 417 683 553 874 62 983 227 434 908 557 83 279 78 301 879 361 244 0 385 976 281 843 960 526 781 216 82 558 193 972 605 87 261 963 409 10 879 414 895 426 228 720 64 432 974 
660 174 456 220 133 890 936 998 71 343 487 491 338 5 743 543 536 789 695 639 1000 453 672 880 349 582 64 660 720 624 309 965 90 429 956 703 760 173 37 527 520 962 385 0 651 658 40 209 942 307 996 522 357 653 875 19 98 603 310 461 174 60 683 516 692 404 767 806 425 485 
200 143 578 103 895 107 608 662 737 512 296 454 23 760 236 818 767 760 142 301 922 271 365 785 146 463 87 521 709 855 490 965 470 469 426 808 151 107 772 722 145 370 976 651 0 241 929 194 20 414 779 536 615 546 871 218 787 814 907 630 404 811 368 429 118 294 599 769 978 664 
389 539 101 563 44 950 612 125 935 913 801 253 89 961 953 323 310 293 108 185 664 791 736 174 908 827 972 770 974 288 489 382 820 336 438 631 266 346 811 266 464 681 281 658 241 0 353 637 370 865 666 670 409 459 695 810 132 456 604 350 51 648 689 527 132 136 155 144 697 856 
129 166 144 686 98 363 747 904 974 982 163 335 451 409 131 235 721 396 930 584 929 911 624 115 582 543 821 627 298 740 151 132 822 486 332 443 93 228 933 659 893 390 843 40 929 353 0 342 439 701 364 833 409 978 757 823 392 755 723 558 435 382 795 355 955 323 360 166 784 870 
807 772 611 996 557 209 551 523 813 499 545 774 365 898 921 55 331 36 850 928 508 409 792 747 220 529 486 270 872 910 535 350 91 566 87 867 641 763 496 766 907 271 960 209 194 637 342 0 367 224 143 26 400 388 355 464 889 327 494 676 554 886 130 928 278 389 148 529 83 432 
332 561 129 781 851 895 526 128 388 115 898 356 7 77 522 181 495 681 790 214 408 932 207 281 217 121 113 28 432 258 323 5 142 376 7 990 628 800 731 961 418 2 526 942 20 370 439 367 0 200 567 522 948 509 187 31 541 339 650 421 462 822 760 438 438 362 188 711 871 262 
813 617 839 450 467 910 455 872 46 930 143 62 390 74 234 277 853 773 80 189 381 951 385 57 45 275 243 403 785 334 860 517 41 589 792 252 190 694 377 921 586 32 781 307 414 865 701 224 200 0 787 783 406 534 400 523 791 702 21 179 47 340 271 889 912 281 170 75 303 803 
33 537 342 553 111 896 803 425 757 533 372 790 175 685 41 470 650 559 853 167 811 529 188 911 326 564 781 271 615 333 196 971 349 343 238 307 519 960 664 972 980 780 216 996 779 666 364 143 567 787 0 925 180 211 720 556 788 727 117 943 722 349 421 525 2 404 523 315 772 713 
506 134 42 531 523 484 931 385 872 260 512 40 120 73 965 774 638 47 640 256 911 972 607 822 669 920 289 50 616 493 461 298 712 321 234 641 825 149 30 181 532 685 82 522 536 670 833 26 522 783 925 0 806 731 960 459 321 786 275 732 613 350 148 706 733 52 393 912 485 650 
404 510 616 354 400 506 183 883 591 293 415 92 880 825 590 965 671 502 426 930 467 202 479 436 433 740 214 49 411 268 438 784 650 695 357 438 853 167 215 46 11 63 558 357 615 409 409 400 948 406 180 806 0 873 117 378 175 297 580 838 233 655 528 919 487 409 283 797 279 337 
730 807 715 877 912 90 423 333 412 245 334 979 752 642 55 341 478 60 485 677 928 452 551 238 366 621 817 596 566 226 527 51 770 202 616 26 414 546 87 590 272 541 193 653 546 459 978 388 509 534 211 731 873 0 796 299 506 1 932 829 47 898 512 874 160 939 75 926 55 343 
651 184 166 802 999 867 659 630 260 759 520 350 472 423 725 704 354 143 47 270 105 809 201 909 576 463 360 635 800 59 263 289 494 952 862 831 912 269 114 164 587 341 972 875 871 695 757 355 187 400 720 960 117 796 0 372 390 770 889 124 467 79 749 881 414 423 454 823 83 786 
969 688 841 364 34 189 535 467 17 81 774 381 154 594 831 139 817 249 572 851 194 216 920 582 807 708 871 5 579 831 466 783 486 482 52 847 973 509 262 596 610 434 605 19 218 810 823 464 31 523 556 459 378 299 372 0 301 831 272 704 580 605 940 674 335 806 987 999 940 460 
1 923 182 430 77 330 377 542 596 879 934 332 634 433 893 140 346 543 168 494 337 488 627 883 171 386 826 54 785 924 197 309 492 702 835 469 396 248 557 319 390 283 87 98 787 132 392 889 541 791 788 321 175 506 390 301 0 540 912 94 355 328 170 548 806 435 24 450 27 770 
957 485 104 572 404 259 376 571 123 218 328 946 649 242 267 899 233 82 653 297 41 161 277 37 1000 206 544 326 454 117 262 562 446 520 325 529 444 148 117 756 632 262 261 603 814 456 755 327 339 702 727 786 297 1 770 831 540 0 74 374 927 384 219 516 784 220 285 722 217 218 
879 39 510 901 54 335 354 770 875 155 619 982 41 640 14 78 416 82 90 309 322 210 694 749 368 190 294 73 79 503 625 437 950 610 524 739 334 742 119 39 658 267 963 310 907 604 723 494 650 21 117 275 580 932 889 272 912 74 0 503 826 795 74 310 977 409 1 941 419 201 
182 219 120 128 576 623 534 359 545 653 125 499 21 12 231 51 613 695 974 60 86 350 521 410 670 35 518 984 19 719 637 705 119 563 931 530 33 37 933 30 809 462 409 461 630 350 558 676 421 179 943 732 838 829 124 704 94 374 503 0 717 380 643 394 210 413 85 28 30 251 
952 490 920 906 768 61 169 777 779 955 871 256 89 292 886 38 344 502 574 866 990 883 769 654 643 800 600 824 248 52 899 339 205 65 616 724 12 589 320 169 940 445 10 174 404 51 435 554 462 47 722 613 233 47 467 580 355 927 826 717 0 937 380 183 537 19 916 480 174 576 
591 127 174 253 686 757 112 615 896 330 321 429 289 107 965 409 540 336 106 904 660 967 1 531 247 676 887 931 722 885 1000 763 721 715 488 481 727 19 188 112 153 723 879 60 811 648 382 886 822 340 349 350 655 898 79 605 328 384 795 380 937 0 698 626 951 937 486 49 528 962 
478 892 193 552 617 852 503 345 785 222 616 99 874 505 813 72 864 497 389 992 87 507 58 2 517 493 611 447 483 701 221 141 583 335 193 470 952 936 718 957 733 505 414 683 368 689 795 130 760 271 421 148 528 512 749 940 170 219 74 643 380 698 0 619 466 219 942 267 184 79 
802 515 38 123 216 656 562 315 621 642 757 436 359 903 726 143 58 918 565 91 102 663 728 53 143 352 24 673 800 845 226 118 514 611 667 334 490 689 457 280 219 92 895 516 429 527 355 928 438 889 525 706 919 874 881 674 548 516 310 394 183 626 619 0 966 15 222 58 461 325 
893 538 291 743 914 828 69 583 641 127 148 757 696 556 465 597 74 63 500 600 80 345 685 917 769 161 363 773 42 613 375 774 987 78 253 825 230 943 2 194 182 41 426 692 118 132 955 278 438 912 2 733 487 160 414 335 806 784 977 210 537 951 466 966 0 836 465 127 503 955 
91 757 321 511 748 977 376 168 24 111 149 250 778 618 842 795 437 117 168 293 270 418 668 669 545 84 861 335 486 202 579 735 724 693 499 726 232 656 788 597 497 780 228 404 294 136 323 389 362 281 404 52 409 939 423 806 435 220 409 413 19 937 219 15 836 0 702 556 509 533 
406 451 160 480 501 764 182 445 793 138 788 273 720 872 249 621 653 847 497 431 104 593 214 408 515 695 659 784 868 453 943 437 478 460 945 449 669 543 482 174 835 570 720 767 599 155 360 148 188 170 523 393 283 75 454 987 24 285 1 85 916 486 942 222 465 702 0 139 532 310 
498 991 149 518 318 275 8 173 89 667 911 796 289 121 553 36 634 44 370 275 702 950 49 415 856 982 983 864 981 120 585 447 606 470 303 197 201 248 308 567 549 831 64 806 769 144 166 529 711 75 315 912 797 926 823 999 450 722 941 28 480 49 267 58 127 556 139 0 597 708 
806 477 743 902 897 461 230 867 776 178 484 903 800 427 943 901 64 358 764 133 856 740 407 499 877 216 859 304 24 344 348 106 331 742 217 797 965 536 354 169 44 344 432 425 978 697 784 83 871 303 772 485 279 55 83 940 27 217 419 30 174 528 184 461 503 509 532 597 0 221 
194 812 359 881 212 115 891 785 232 212 920 377 718 656 338 547 621 227 82 649 952 662 253 358 278 676 460 627 736 452 328 366 532 299 487 404 858 744 58 334 383 612 974 485 664 856 870 432 262 803 713 650 337 343 786 460 770 218 201 251 576 962 79 325 955 533 310 708 221 0 
0 192 497 341 137 659 986 174 552 898 983 842 748 938 962 549 947 27 439 93 893 51 851 340 532 793 943 615 177 435 286 79 635 988 923 427 500 264 984 422 84 934 994 583 51 532 628 900 921 382 957 811 585 563 847 744 30 980 714 352 268 294 384 89 739 568 479 791 517 11 
192 0 157 910 983 306 513 179 78 518 387 476 673 544 246 662 235 310 650 542 640 690 305 745 118 369 30 730 661 662 374 15 320 751 987 602 157 832 564 735 211 281 755 734 772 857 461 828 178 269 787 920 119 611 457 379 423 556 821 640 934 586 570 384 948 243 208 359 188 202 
497 157 0 879 889 74 36 345 946 654 567 183 522 216 548 536 337 66 506 541 982 726 801 390 831 502 758 642 9 467 151 638 111 820 10 610 72 508 396 346 995 969 207 678 998 494 450 191 290 987 934 216 951 176 85 797 790 416 351 638 30 876 946 434 123 62 495 664 543 103 
341 910 879 0 527 412 946 177 255 753 332 591 812 455 468 48 556 108 294 476 227 13 627 484 705 869 315 1 542 637 146 287 812 771 104 469 499 649 926 176 528 558 439 914 85 248 375 321 737 570 917 60 574 79 22 701 912 525 97 16 709 503 299 63 620 883 463 748 674 947 
137 983 889 527 0 587 668 656 781 853 804 700 897 446 69 123 788 593 787 442 671 320 31 141 115 496 201 494 265 696 359 766 224 225 632 759 378 895 224 416 55 334 886 167 685 448 708 473 329 987 88 57 777 380 495 805 503 955 77 66 919 131 17 573 231 877 670 312 740 260 
659 306 74 412 587 0 969 886 377 6 379 640 434 480 340 116 281 107 97 927 563 482 232 391 230 200 262 540 434 479 310 719 453 667 280 707 455 735 697 647 693 999 473 222 233 280 662 646 923 333 382 996 586 800 927 869 950 591 247 604 948 305 924 482 314 619 292 829 494 128 
986 513 36 946 668 969 0 337 719 371 456 527 240 493 518 836 499 124 561 131 816 535 915 599 959 270 15 714 620 662 209 223 469 137 37 644 751 356 380 152 708 711 309 984 618 789 669 972 13 31 799 158 796 764 217 388 405 372 615 895 482 886 62 838 8 49 696 763 678 619 
174 179 345 177 656 886 337 0 610 131 729 767 937 567 902 477 879 116 812 615 336 354 426 36 887 816 946 952 576 584 283 99 994 651 742 6 823 876 241 437 279 846 263 418 517 321 466 960 757 428 656 768 78 275 485 861 272 703 864 542 23 598 326 669 791 773 831 402 95 248 
552 78 946 255 781 377 719 610 0 976 301 39 572 722 994 64 712 876 105 648 750 367 641 614 372 578 155 579 512 955 854 62 462 342 537 359 12 792 33 159 769 102 179 549 158 981 192 710 115 577 632 886 766 48 756 74 721 704 15 542 372 823 948 432 757 98 207 26 650 977 
898 518 654 753 853 6 371 131 976 0 181 111 828 783 883 130 582 344 38 905 491 937 353 546 697 68 894 490 682 438 810 657 296 816 365 523 537 220 733 485 871 38 958 408 207 989 173 900 596 492 114 334 74 992 787 850 430 270 323 253 604 143 563 646 210 118 905 944 773 161 
983 387 567 332 804 379 456 729 301 181 0 677 209 754 183 224 100 507 783 494 89 657 782 94 769 6 801 502 776 377 339 789 284 437 764 474 956 440 854 202 153 28 743 696 295 393 709 154 841 673 995 769 764 603 558 431 54 707 114 953 111 477 576 412 874 4 903 881 450 220 
842 476 183 591 700 640 527 767 39 111 677 0 248 612 432 569 900 257 426 103 555 448 573 36 33 708 179 673 664 723 465 914 216 464 14 982 411 437 527 355 402 691 92 121 268 299 479 708 26 934 815 238 875 537 482 148 475 572 700 319 809 843 170 980 820 590 708 182 460 965 
748 673 522 812 897 434 240 937 572 828 209 248 0 79 277 164 293 62 457 735 298 847 569 251 487 722 471 405 865 69 115 869 273 93 690 968 746 362 315 270 27 318 44 542 380 486 105 503 374 44 474 537 429 566 787 799 765 919 89 379 484 597 971 225 179 61 816 294 755 573 
938 544 216 455 446 480 493 567 722 783 754 612 79 0 459 164 381 556 933 866 856 860 479 342 383 971 343 937 886 122 233 471 700 525 924 373 903 469 201 613 171 518 221 951 771 948 688 761 185 954 34 66 98 185 639 841 153 201 639 17 908 810 844 376 163 222 903 856 772 83 
962 246 548 468 69 340 518 902 994 883 183 432 277 459 0 256 99 787 883 218 903 460 323 17 525 848 966 226 704 521 677 391 859 514 440 71 886 443 185 401 131 350 373 635 311 161 501 512 278 10 621 888 2 935 683 442 621 872 588 559 713 576 37 640 804 799 607 850 346 897 
549 662 536 48 123 116 836 477 64 130 224 569 164 164 256 0 170 939 173 505 343 414 371 83 480 431 408 737 424 592 865 222 559 260 811 624 487 465 587 368 740 9 866 784 140 443 358 533 51 228 873 303 35 519 995 94 752 635 197 155 446 798 859 162 125 275 614 514 314 325 
947 235 337 556 788 281 499 879 712 582 100 900 293 381 99 170 0 342 315 865 838 984 466 622 520 853 436 156 82 778 422 160 657 874 15 746 152 17 400 505 329 446 259 96 415 523 578 154 738 6 746 201 270 399 949 171 891 699 93 406 316 577 964 378 16 320 808 436 849 731 
27 310 66 108 593 107 124 116 876 344 507 257 62 556 787 939 342 0 920 622 897 843 424 577 78 233 931 672 321 158 94 590 7 734 315 671 511 778 813 425 247 886 490 952 94 83 806 973 684 205 424 267 969 14 401 89 464 868 246 595 34 547 73 12 693 201 821 621 1000 611 
439 650 506 294 787 97 561 812 105 38 783 426 457 933 883 173 315 920 0 765 768 752 728 195 340 27 468 985 339 933 807 397 106 638 298 70 445 917 952 488 694 93 497 31 721 690 813 398 737 775 192 226 341 23 212 978 333 575 947 284 565 804 784 886 450 910 267 871 384 443 
93 542 541 476 442 927 131 615 648 905 494 103 735 866 218 505 865 622 765 0 636 163 475 86 31 344 253 571 927 425 348 219 488 94 895 410 524 465 238 308 412 765 715 59 453 867 728 328 617 431 416 754 43 636 890 468 700 583 230 805 755 123 360 58 142 632 241 886 814 401 
893 640 982 227 671 563 816 336 750 491 89 555 298 856 903 343 838 897 768 636 0 589 452 491 58 664 483 329 719 736 789 94 502 496 302 374 882 921 736 460 655 744 376 673 607 994 670 213 750 93 228 987 616 161 378 291 317 131 7 232 177 365 28 820 511 854 250 970 156 542 
51 690 726 13 320 482 535 354 367 937 657 448 847 860 460 414 984 843 752 163 589 0 848 138 427 629 808 270 493 219 51 750 758 739 219 963 9 259 222 24 857 764 829 355 100 884 6 3 911 808 834 234 463 79 984 985 636 446 798 103 59 792 500 808 317 691 230 656 486 42 
851 305 801 627 31 232 915 426 641 353 782 573 569 479 323 371 466 424 728 475 452 848 0 244 16 743 613 953 785 442 331 386 969 253 800 223 871 997 743 448 509 157 970 612 911 847 277 112 434 387 139 212 614 998 341 817 805 918 891 129 795 750 259 62 806 396 727 306 770 799 
340 745 390 484 141 391 599 36 614 546 94 36 251 342 17 83 622 577 195 86 491 138 244 0 49 339 413 974 479 598 192 745 806 450 104 3 129 825 957 59 280 288 378 609 650 332 288 884 260 400 276 572 845 514 69 658 398 675 135 473 173 66 439 19 66 760 722 459 617 816 
532 118 831 705 115 230 959 887 372 697 769 33 487 383 525 480 520 78 340 31 58 427 16 49 0 514 205 13 551 972 714 862 749 910 940 119 231 465 233 931 116 44 434 918 355 786 434 959 831 212 404 426 623 812 552 934 953 167 966 438 480 64 692 914 361 695 90 389 847 765 
793 369 502 869 496 200 270 816 578 68 6 708 722 971 848 431 853 233 27 344 664 629 743 339 514 0 393 186 82 788 445 995 220 388 67 544 869 417 298 750 696 200 80 922 690 523 116 99 972 460 171 944 565 850 820 661 310 220 643 567 657 92 299 675 170 349 226 774 37 872 
943 30 758 315 201 262 15 946 155 894 801 179 471 343 966 408 436 931 468 253 483 808 613 413 205 393 0 215 299 841 154 652 777 119 559 881 384 301 796 623 693 475 4 418 341 426 841 165 658 432 92 527 679 599 698 944 11 169 974 511 909 88 790 654 58 402 119 12 448 30 
615 730 642 1 494 540 714 952 579 490 502 673 405 937 226 737 156 672 985 571 329 270 953 974 13 186 215 0 31 264 242 571 12 890 6 296 576 944 855 251 649 746 528 825 841 690 342 275 544 723 559 65 604 318 41 291 419 209 307 713 341 861 380 183 245 977 5 866 292 390 
177 661 9 542 265 434 620 576 512 682 776 664 865 886 704 424 82 321 339 927 719 493 785 479 551 82 299 31 0 55 342 389 131 78 868 78 787 22 785 991 37 819 356 559 480 399 914 333 676 325 385 949 537 582 687 316 637 166 575 935 117 350 376 118 903 331 153 629 585 647 
435 662 467 637 696 479 662 584 955 438 377 723 69 122 521 592 778 158 933 425 736 219 442 598 972 788 841 264 55 0 717 425 488 237 25 461 66 8 285 144 16 142 159 727 379 686 599 366 696 635 890 201 625 164 614 328 796 981 816 390 388 381 873 689 312 614 853 731 220 397 
286 374 151 146 359 310 209 283 854 810 339 465 115 233 677 865 422 94 807 348 789 51 331 192 714 445 154 242 342 717 0 680 554 668 168 674 793 252 765 638 72 140 569 995 371 382 740 727 8 252 476 801 511 219 886 140 501 122 754 212 335 119 665 707 143 140 526 20 860 678 
79 15 638 287 766 719 223 99 62 657 789 914 869 471 391 222 160 590 397 219 94 750 386 745 862 995 652 571 389 425 680 0 646 716 646 406 200 729 736 675 576 549 947 249 328 286 736 86 425 668 611 601 542 827 533 781 462 161 57 831 171 525 612 657 921 399 864 21 48 606 
635 320 111 812 224 453 469 994 462 296 284 216 273 700 859 559 657 7 106 488 502 758 969 806 749 220 777 12 131 488 554 646 0 284 520 121 591 324 184 212 117 680 113 257 324 302 480 901 139 171 902 737 918 953 201 829 937 362 333 992 366 93 95 255 423 995 998 881 458 583 
988 751 820 771 225 667 137 651 342 816 437 464 93 525 514 260 874 734 638 94 496 739 253 450 910 388 119 890 78 237 668 716 284 0 630 673 411 396 865 788 482 538 281 42 395 392 393 121 968 457 318 279 315 264 933 89 847 215 796 170 840 534 647 196 352 578 250 49 196 702 
923 987 10 104 632 280 37 742 537 365 764 14 690 924 440 811 15 315 298 895 302 219 800 104 940 67 559 6 868 25 168 646 520 630 0 914 117 560 980 668 236 640 130 816 661 139 440 614 763 834 963 72 75 858 743 766 164 613 364 649 112 760 488 163 317 317 396 380 745 920 
427 602 610 469 759 707 644 6 359 523 474 982 968 373 71 624 746 671 70 410 374 963 223 3 119 544 881 296 78 461 674 406 121 673 914 0 741 593 33 582 405 189 972 330 763 166 673 205 469 915 758 918 919 395 288 361 818 694 204 284 483 960 544 261 599 129 115 411 537 587 
500 157 72 499 378 455 751 823 12 537 956 411 746 903 886 487 152 511 445 524 882 9 871 129 231 869 384 576 787 66 793 200 591 411 117 741 0 890 234 294 738 162 222 998 450 657 807 17 345 655 924 26 636 737 255 498 846 731 291 598 410 759 444 238 60 993 81 614 243 207 
264 832 508 649 895 735 356 876 792 220 440 437 362 469 443 465 17 778 917 465 921 259 997 825 465 417 301 944 22 8 252 729 324 396 560 593 890 0 541 63 522 303 119 228 285 313 249 49 929 807 333 167 634 232 666 77 511 340 452 501 507 504 830 740 326 619 281 841 275 600 
984 564 396 926 224 697 380 241 33 733 854 527 315 201 185 587 400 813 952 238 736 222 743 957 233 298 796 855 785 285 765 736 184 865 980 33 234 541 0 846 508 841 507 631 306 691 48 59 336 948 953 956 849 356 646 206 662 737 429 281 140 122 443 281 919 84 222 660 110 609 
422 735 346 176 416 647 152 437 159 485 202 355 270 613 401 368 505 425 488 308 460 24 448 59 931 750 623 251 991 144 638 675 212 788 668 582 294 63 846 0 964 104 154 563 585 937 345 250 594 30 448 34 536 752 734 161 408 105 544 77 774 734 99 934 893 869 40 902 500 535 
84 211 995 528 55 693 708 279 769 871 153 402 27 171 131 740 329 247 694 412 655 857 509 280 116 696 693 649 37 16 72 576 117 482 236 405 738 522 508 964 0 546 862 151 231 707 334 342 910 807 656 586 10 522 381 58 486 204 349 123 676 901 945 253 96 405 502 616 277 189 
934 281 969 558 334 999 711 846 102 38 28 691 318 518 350 9 446 886 93 765 744 764 157 288 44 200 475 746 819 142 140 549 680 538 640 189 162 303 841 104 546 0 224 465 392 861 330 946 2 120 545 747 875 445 974 304 318 278 302 462 617 40 36 877 740 631 496 280 470 859 
994 755 207 439 886 473 309 263 179 958 743 92 44 221 373 866 259 490 497 715 376 829 970 378 434 80 4 528 356 159 569 947 113 281 130 972 222 119 507 154 862 224 0 81 533 277 869 765 29 712 854 399 335 724 899 979 799 72 262 523 165 693 145 752 417 913 454 921 835 434 
583 734 678 914 167 222 984 418 549 408 696 121 542 951 635 784 96 952 31 59 673 355 612 609 918 922 418 825 559 727 995 249 257 42 816 330 998 228 631 563 151 465 81 0 137 894 282 632 772 196 676 880 278 164 719 370 351 380 574 88 157 408 889 577 499 401 261 108 458 546 
51 772 998 85 685 233 618 517 158 207 295 268 380 771 311 140 415 94 721 453 607 100 911 650 355 690 341 841 480 379 371 328 324 395 661 763 450 285 306 585 231 392 533 137 0 282 266 158 105 424 557 45 956 312 910 272 214 227 932 489 535 312 100 653 628 379 874 880 641 247 
532 857 494 248 448 280 789 321 981 989 393 299 486 948 161 443 523 83 690 867 994 884 847 332 786 523 426 690 399 686 382 286 302 392 139 166 657 313 691 937 707 861 277 894 282 0 567 754 652 841 210 47 996 950 552 441 303 485 37 315 490 488 694 337 919 132 570 620 937 926 
628 461 450 375 708 662 669 466 192 173 709 479 105 688 501 358 578 806 813 728 670 6 277 288 434 116 841 342 914 599 740 736 480 393 440 673 807 249 48 345 334 330 869 282 266 567 0 130 585 793 202 137 603 697 97 311 844 709 75 213 624 379 872 112 393 315 531 600 593 959 
900 828 191 321 473 646 972 960 710 900 154 708 503 761 512 533 154 973 398 328 213 3 112 884 959 99 165 275 333 366 727 86 901 121 614 205 17 49 59 250 342 946 765 632 158 754 130 0 923 736 680 527 72 339 794 436 120 629 161 20 258 157 895 876 210 724 113 661 407 216 
921 178 290 737 329 923 13 757 115 596 841 26 374 185 278 51 738 684 737 617 750 911 434 260 831 972 658 544 676 696 8 425 139 968 763 469 345 929 336 594 910 2 29 772 105 652 585 923 0 154 413 785 79 48 907 537 463 81 598 772 566 121 76 886 90 880 804 947 165 343 
382 269 987 570 987 333 31 428 577 492 673 934 44 954 10 228 6 205 775 431 93 808 387 400 212 460 432 723 325 635 252 668 171 457 834 915 655 807 948 30 807 120 712 196 424 841 793 736 154 0 306 156 701 499 220 693 101 29 582 62 801 589 188 705 688 789 193 68 452 210 
957 787 934 917 88 382 799 656 632 114 995 815 474 34 621 873 746 424 192 416 228 834 139 276 404 171 92 559 385 890 476 611 902 318 963 758 924 333 953 448 656 545 854 676 557 210 202 680 413 306 0 964 625 471 843 919 839 366 124 943 422 541 190 651 69 184 589 369 66 162 
811 920 216 60 57 996 158 768 886 334 769 238 537 66 888 303 201 267 226 754 987 234 212 572 426 944 527 65 949 201 801 601 737 279 72 918 26 167 956 34 586 747 399 880 45 47 137 527 785 156 964 0 855 528 470 480 258 306 257 71 112 56 704 208 817 732 483 514 188 227 
585 119 951 574 777 586 796 78 766 74 764 875 429 98 2 35 270 969 341 43 616 463 614 845 623 565 679 604 537 625 511 542 918 315 75 919 636 634 849 536 10 875 335 278 956 996 603 72 79 701 625 855 0 980 828 269 464 689 25 109 221 686 530 379 274 130 5 96 464 423 
563 611 176 79 380 800 764 275 48 992 603 537 566 185 935 519 399 14 23 636 161 79 998 514 812 850 599 318 582 164 219 827 953 264 858 395 737 232 356 752 522 445 724 164 312 950 697 339 48 499 471 528 980 0 489 239 223 17 719 490 931 335 280 100 988 573 5 367 225 780 
847 457 85 22 495 927 217 485 756 787 558 482 787 639 683 995 949 401 212 890 378 984 341 69 552 820 698 41 687 614 886 533 201 933 743 288 255 666 646 734 381 974 899 719 910 552 97 794 907 220 843 470 828 489 0 661 736 400 687 324 237 394 752 482 699 405 364 333 357 409 
744 379 797 701 805 869 388 861 74 850 431 148 799 841 442 94 171 89 978 468 291 985 817 658 934 661 944 291 316 328 140 781 829 89 766 361 498 77 206 161 58 304 979 370 272 441 311 436 537 693 919 480 269 239 661 0 902 661 770 181 104 399 564 831 270 414 743 428 429 276 
30 423 790 912 503 950 405 272 721 430 54 475 765 153 621 752 891 464 333 700 317 636 805 398 953 310 11 419 637 796 501 462 937 847 164 818 846 511 662 408 486 318 799 351 214 303 844 120 463 101 839 258 464 223 736 902 0 509 689 860 2 478 355 647 939 444 511 799 181 393 
980 556 416 525 955 591 372 703 704 270 707 572 919 201 872 635 699 868 575 583 131 446 918 675 167 220 169 209 166 981 122 161 362 215 613 694 731 340 737 105 204 278 72 380 227 485 709 629 81 29 366 306 689 17 400 661 509 0 489 932 542 450 802 962 691 341 640 91 315 220 
714 821 351 97 77 247 615 864 15 323 114 700 89 639 588 197 93 246 947 230 7 798 891 135 966 643 974 307 575 816 754 57 333 796 364 204 291 452 429 544 349 302 262 574 932 37 75 161 598 582 124 257 25 719 687 770 689 489 0 980 343 95 424 433 386 161 846 892 171 566 
352 640 638 16 66 604 895 542 542 253 953 319 379 17 559 155 406 595 284 805 232 103 129 473 438 567 511 713 935 390 212 831 992 170 649 284 598 501 281 77 123 462 523 88 489 315 213 20 772 62 943 71 109 490 324 181 860 932 980 0 456 423 696 815 468 7 404 646 492 330 
268 934 30 709 919 948 482 23 372 604 111 809 484 908 713 446 316 34 565 755 177 59 795 173 480 657 909 341 117 388 335 171 366 840 112 483 410 507 140 774 676 617 165 157 535 490 624 258 566 801 422 112 221 931 237 104 2 542 343 456 0 815 934 665 728 340 793 257 540 665 
294 586 876 503 131 305 886 598 823 143 477 843 597 810 576 798 577 547 804 123 365 792 750 66 64 92 88 861 350 381 119 525 93 534 760 960 759 504 122 734 901 40 693 408 312 488 379 157 121 589 541 56 686 335 394 399 478 450 95 423 815 0 129 64 741 834 624 387 63 783 
384 570 946 299 17 924 62 326 948 563 576 170 971 844 37 859 964 73 784 360 28 500 259 439 692 299 790 380 376 873 665 612 95 647 488 544 444 830 443 99 945 36 145 889 100 694 872 895 76 188 190 704 530 280 752 564 355 802 424 696 934 129 0 19 180 485 199 740 48 249 
89 384 434 63 573 482 838 669 432 646 412 980 225 376 640 162 378 12 886 58 820 808 62 19 914 675 654 183 118 689 707 657 255 196 163 261 238 740 281 934 253 877 752 577 653 337 112 876 886 705 651 208 379 100 482 831 647 962 433 815 665 64 19 0 470 990 64 567 514 876 
739 948 123 620 231 314 8 791 757 210 874 820 179 163 804 125 16 693 450 142 511 317 806 66 361 170 58 245 903 312 143 921 423 352 317 599 60 326 919 893 96 740 417 499 628 919 393 210 90 688 69 817 274 988 699 270 939 691 386 468 728 741 180 470 0 265 628 568 761 267 
568 243 62 883 877 619 49 773 98 118 4 590 61 222 799 275 320 201 910 632 854 691 396 760 695 349 402 977 331 614 140 399 995 578 317 129 993 619 84 869 405 631 913 401 379 132 315 724 880 789 184 732 130 573 405 414 444 341 161 7 340 834 485 990 265 0 520 304 978 375 
479 208 495 463 670 292 696 831 207 905 903 708 816 903 607 614 808 821 267 241 250 230 727 722 90 226 119 5 153 853 526 864 998 250 396 115 81 281 222 40 502 496 454 261 874 570 531 113 804 193 589 483 5 5 364 743 511 640 846 404 793 624 199 64 628 520 0 514 542 506 
791 359 664 748 312 829 763 402 26 944 881 182 294 856 850 514 436 621 871 886 970 656 306 459 389 774 12 866 629 731 20 21 881 49 380 411 614 841 660 902 616 280 921 108 880 620 600 661 947 68 369 514 96 367 333 428 799 91 892 646 257 387 740 567 568 304 514 0 165 591 
517 188 543 674 740 494 678 95 650 773 450 460 755 772 346 314 849 1000 384 814 156 486 770 617 847 37 448 292 585 220 860 48 458 196 745 537 243 275 110 500 277 470 835 458 641 937 593 407 165 452 66 188 464 225 357 429 181 315 171 492 540 63 48 514 761 978 542 165 0 220 
11 202 103 947 260 128 619 248 977 161 220 965 573 83 897 325 731 611 443 401 542 42 799 816 765 872 30 390 647 397 678 606 583 702 920 587 207 600 609 535 189 859 434 546 247 926 959 216 343 210 162 227 423 780 409 276 393 220 566 330 665 783 249 876 267 375 506 591 220 0 
0 663 429 615 851 499 57 773 536 61 133 85 202 273 145 423 109 870 608 844 92 985 117 619 476 160 47 543 761 703 626 876 524 245 74 585 534 714 145 579 808 104 11 367 861 316 358 91 234 790 105 20 295 219 222 350 987 100 365 755 536 851 638 943 352 508 630 169 519 844 
663 0 718 21 71 655 589 804 895 201 721 610 314 333 666 279 769 729 430 475 372 389 640 276 853 681 969 464 291 308 571 894 587 197 159 411 690 319 496 321 781 689 188 259 115 75 654 117 781 705 278 94 872 573 562 530 751 345 273 500 132 495 458 774 162 835 895 725 651 989 
429 718 0 175 255 986 971 777 305 330 233 864 466 841 396 465 700 901 370 392 134 399 159 709 75 633 143 267 919 463 908 460 998 177 789 320 931 401 515 722 8 69 760 291 77 491 483 779 805 245 35 919 82 870 938 160 24 581 580 200 998 254 103 373 804 873 461 231 270 968 
615 21 175 0 651 507 120 844 627 239 635 470 109 615 475 956 572 857 853 377 778 833 355 547 396 17 749 996 379 414 663 534 140 387 548 354 528 276 84 863 448 652 350 42 902 747 664 754 288 446 68 779 504 915 886 329 66 494 874 953 480 491 683 889 485 82 703 382 388 38 
851 71 255 651 0 417 319 156 289 71 190 386 240 482 806 908 168 500 225 555 450 672 943 798 875 410 823 634 903 422 599 212 853 627 347 199 486 199 736 718 970 666 90 600 282 758 418 526 732 5 794 905 323 658 566 259 527 114 965 934 108 740 978 472 719 263 353 657 384 800 
499 655 986 507 417 0 49 20 620 932 754 479 529 535 621 897 856 987 944 21 399 535 996 426 770 837 712 507 549 603 662 261 467 184 652 365 467 417 378 326 359 32 534 694 810 835 473 488 158 705 786 91 331 225 157 193 46 488 806 258 178 659 157 557 807 486 615 259 586 854 
57 589 971 120 319 49 0 567 192 795 502 256 656 711 490 100 385 960 432 999 345 233 168 429 5 590 978 441 429 322 734 686 486 867 875 198 171 718 434 931 410 327 501 22 475 203 244 152 994 830 213 671 303 302 774 646 690 624 314 33 457 17 779 63 920 906 261 268 272 392 
