40 3
0 245 317 815 558 51 706 615 555 805 327 574 796 899 294 726 240 558 466 827 470 771 788 579 719 189 536 388 212 374 1000 418 630 160 916 685 156 242 577 628 
245 0 508 408 948 363 558 1 239 934 562 947 952 431 242 245 280 746 647 363 75 104 399 165 488 127 689 571 120 603 47 111 156 88 347 403 548 664 461 721 
317 508 0 325 724 397 934 285 71 399 909 463 483 880 833 510 449 437 242 594 907 90 800 509 622 967 712 852 906 419 703 245 708 474 282 750 579 480 31 437 
815 408 325 0 491 848 292 329 594 84 312 272 970 245 900 296 860 820 740 404 866 735 177 555 152 741 259 860 414 476 338 333 912 422 844 175 601 610 469 39 
558 948 724 491 0 369 948 352 602 743 861 41 26 505 830 402 241 856 84 676 355 369 197 692 162 973 443 365 171 218 479 395 984 722 598 421 496 65 363 580 
51 363 397 848 369 0 981 750 276 712 22 437 769 109 661 677 498 439 559 410 899 833 327 296 499 169 302 789 334 114 319 41 310 312 881 2 16 10 141 774 
706 558 934 292 948 981 0 282 682 584 551 79 447 885 348 173 190 957 687 237 786 494 216 485 553 553 597 251 865 234 479 974 139 810 197 124 353 116 46 520 
615 1 285 329 352 750 282 0 456 193 565 964 751 189 515 567 558 803 943 358 556 376 173 575 207 616 118 135 279 606 153 503 400 222 521 860 368 264 302 942 
555 239 71 594 602 276 682 456 0 512 156 308 49 886 507 581 586 953 269 519 8 45 351 919 321 538 280 483 695 965 517 79 231 13 29 417 242 991 567 390 
805 934 399 84 743 712 584 193 512 0 581 222 116 663 536 314 692 170 690 664 887 134 241 166 50 621 623 118 629 728 954 446 476 645 226 43 1000 363 216 505 
327 562 909 312 861 22 551 565 156 581 0 783 303 459 961 526 840 301 757 304 410 165 1 426 255 279 665 707 156 299 342 104 559 182 572 131 449 644 55 971 
574 947 463 272 41 437 79 964 308 222 783 0 366 903 443 904 24 184 413 429 518 462 849 808 431 903 979 743 14 686 652 920 683 652 652 214 587 246 428 196 
796 952 483 970 26 769 447 751 49 116 303 366 0 805 856 672 548 24 340 591 528 214 91 757 484 705 860 86 864 194 763 893 260 272 183 168 234 141 740 540 
899 431 880 245 505 109 885 189 886 663 459 903 805 0 780 42 620 480 488 307 71 312 884 399 879 707 994 774 314 251 826 161 853 359 784 83 867 70 297 616 
294 242 833 900 830 661 348 515 507 536 961 443 856 780 0 833 430 283 731 705 127 909 51 556 983 626 522 725 278 586 162 850 459 492 714 404 116 741 936 439 
726 245 510 296 402 677 173 567 581 314 526 904 672 42 833 0 972 763 37 375 74 598 567 33 107 179 791 671 341 340 536 149 687 77 22 483 715 359 857 534 
240 280 449 860 241 498 190 558 586 692 840 24 548 620 430 972 0 666 937 711 24 404 833 569 621 166 637 598 630 912 433 677 617 45 138 615 455 505 339 66 
558 746 437 820 856 439 957 803 953 170 301 184 24 480 283 763 666 0 328 558 857 146 778 368 594 633 824 308 691 545 706 855 716 669 348 211 296 140 962 439 
466 647 242 740 84 559 687 943 269 690 757 413 340 488 731 37 937 328 0 136 147 61 972 99 396 471 947 534 571 656 47 8 695 849 154 51 996 409 274 900 
827 363 594 404 676 410 237 358 519 664 304 429 591 307 705 375 711 558 136 0 545 287 769 907 947 574 955 439 848 713 444 925 55 223 957 240 134 481 328 226 
470 75 907 866 355 899 786 556 8 887 410 518 528 71 127 74 24 857 147 545 0 723 514 579 837 881 113 186 271 280 670 964 175 597 793 130 952 156 401 563 
771 104 90 735 369 833 494 376 45 134 165 462 214 312 909 598 404 146 61 287 723 0 776 306 233 51 600 745 230 711 450 687 564 714 737 51 926 792 964 870 
788 399 800 177 197 327 216 173 351 241 1 849 91 884 51 567 833 778 972 769 514 776 0 334 894 660 506 563 290 213 144 158 654 878 300 979 213 613 908 211 
579 165 509 555 692 296 485 575 919 166 426 808 757 399 556 33 569 368 99 907 579 306 334 0 25 239 410 262 243 768 419 841 359 343 663 634 638 666 67 302 
719 488 622 152 162 499 553 207 321 50 255 431 484 879 983 107 621 594 396 947 837 233 894 25 0 449 164 549 187 125 218 846 400 649 649 300 469 351 145 182 
189 127 967 741 973 169 553 616 538 621 279 903 705 707 626 179 166 633 471 574 881 51 660 239 449 0 231 930 820 971 26 447 500 927 555 113 741 35 938 365 
536 689 712 259 443 302 597 118 280 623 665 979 860 994 522 791 637 824 947 955 113 600 506 410 164 231 0 814 229 299 878 684 161 814 516 62 391 70 966 715 
388 571 852 860 365 789 251 135 483 118 707 743 86 774 725 671 598 308 534 439 186 745 563 262 549 930 814 0 505 363 816 306 495 115 601 816 404 100 681 189 
212 120 906 414 171 334 865 279 695 629 156 14 864 314 278 341 630 691 571 848 271 230 290 243 187 820 229 505 0 137 194 614 126 672 321 801 555 818 245 102 
374 603 419 476 218 114 234 606 965 728 299 686 194 251 586 340 912 545 656 713 280 711 213 768 125 971 299 363 137 0 332 462 476 662 706 266 971 149 705 307 
1000 47 703 338 479 319 479 153 517 954 342 652 763 826 162 536 433 706 47 444 670 450 144 419 218 26 878 816 194 332 0 248 244 6 582 567 908 867 352 28 
418 111 245 333 395 41 974 503 79 446 104 920 893 161 850 149 677 855 8 925 964 687 158 841 846 447 684 306 614 462 248 0 300 49 988 669 228 27 825 639 
630 156 708 912 984 310 139 400 231 476 559 683 260 853 459 687 617 716 695 55 175 564 654 359 400 500 161 495 126 476 244 300 0 906 272 136 980 625 540 624 
160 88 474 422 722 312 810 222 13 645 182 652 272 359 492 77 45 669 849 223 597 714 878 343 649 927 814 115 672 662 6 49 906 0 658 127 133 546 981 642 
916 347 282 844 598 881 197 521 29 226 572 652 183 784 714 22 138 348 154 957 793 737 300 663 649 555 516 601 321 706 582 988 272 658 0 614 466 235 946 955 
685 403 750 175 421 2 124 860 417 43 131 214 168 83 404 483 615 211 51 240 130 51 979 634 300 113 62 816 801 266 567 669 136 127 614 0 266 72 505 326 
156 548 579 601 496 16 353 368 242 1000 449 587 234 867 116 715 455 296 996 134 952 926 213 638 469 741 391 404 555 971 908 228 980 133 466 266 0 603 966 44 
242 664 480 610 65 10 116 264 991 363 644 246 141 70 741 359 505 140 409 481 156 792 613 666 351 35 70 100 818 149 867 27 625 546 235 72 603 0 37 650 
577 461 31 469 363 141 46 302 567 216 55 428 740 297 936 857 339 962 274 328 401 964 908 67 145 938 966 681 245 705 352 825 540 981 946 505 966 37 0 36 
628 721 437 39 580 774 520 942 390 505 971 196 540 616 439 534 66 439 900 226 563 870 211 302 182 365 715 189 102 307 28 639 624 642 955 326 44 650 36 0 
0 497 286 710 346 741 64 925 474 746 937 110 572 436 455 247 352 687 164 45 285 752 91 672 915 663 519 377 13 535 821 948 160 807 298 292 909 598 845 775 
497 0 865 144 973 227 647 934 515 211 35 354 3 428 244 453 379 901 608 25 864 108 179 600 64 963 654 821 163 660 936 532 874 438 155 831 182 8 302 627 
286 865 0 443 277 232 97 934 179 718 913 371 292 615 951 796 572 907 900 74 404 786 690 32 792 775 469 471 390 312 856 832 20 51 769 694 842 953 27 754 
710 144 443 0 779 297 697 51 154 292 900 411 397 712 624 67 138 832 702 543 653 246 597 229 422 922 849 301 205 65 965 167 375 635 626 206 325 109 149 419 
346 973 277 779 0 518 199 474 31 361 408 828 791 643 280 195 153 537 992 259 824 716 807 975 887 116 138 296 651 747 812 198 380 617 880 443 381 432 126 858 
741 227 232 297 518 0 34 213 897 402 803 297 399 288 819 743 299 474 585 895 977 36 119 101 638 364 327 421 86 544 131 482 956 246 132 576 613 714 234 536 
64 647 97 697 199 34 0 102 188 581 246 216 724 150 349 834 215 462 899 940 309 562 883 547 10 906 232 472 176 383 199 258 746 492 964 52 684 774 352 800 
925 934 934 51 474 213 102 0 653 468 281 182 554 385 138 391 175 158 818 674 378 959 33 556 471 574 726 733 793 65 394 589 172 3 23 432 198 807 340 284 
474 515 179 154 31 897 188 653 0 34 178 608 632 604 220 495 134 731 340 485 287 41 198 67 841 255 169 137 336 805 438 737 949 734 202 469 42 999 569 940 
746 211 718 292 361 402 581 468 34 0 279 509 465 269 51 337 354 775 710 141 188 151 304 875 444 328 990 678 352 186 811 807 22 372 207 944 529 518 444 199 
937 35 913 900 408 803 246 281 178 279 0 330 406 567 591 483 109 539 4 305 595 161 113 286 72 427 49 479 597 740 25 636 406 487 245 548 669 9 938 197 
110 354 371 411 828 297 216 182 608 509 330 0 837 506 229 883 262 415 303 173 452 136 557 663 731 424 933 699 642 223 59 286 56 406 901 836 399 933 605 65 
572 3 292 397 791 399 724 554 632 465 406 837 0 501 458 566 220 298 548 888 135 160 429 562 378 945 645 155 33 994 7 229 119 710 531 622 611 229 239 683 
436 428 615 712 643 288 150 385 604 269 567 506 501 0 168 206 767 455 112 962 748 800 110 891 266 235 419 348 304 675 129 495 119 87 20 69 423 581 825 986 
455 244 951 624 280 819 349 138 220 51 591 229 458 168 0 182 925 335 702 345 990 356 833 305 849 401 482 728 596 392 461 627 116 903 167 439 654 435 807 437 
247 453 796 67 195 743 834 391 495 337 483 883 566 206 182 0 201 646 776 924 694 711 520 995 15 409 564 706 947 27 33 754 890 890 308 799 906 413 727 644 
352 379 572 138 153 299 215 175 134 354 109 262 220 767 925 201 0 833 606 901 630 739 882 801 558 22 237 691 702 387 205 567 564 755 999 279 75 769 952 765 
687 901 907 832 537 474 462 158 731 775 539 415 298 455 335 646 833 0 598 748 868 867 432 606 978 469 63 304 530 499 134 11 89 355 708 504 196 212 780 149 
164 608 900 702 992 585 899 818 340 710 4 303 548 112 702 776 606 598 0 611 620 60 309 761 825 618 765 448 237 930 398 905 630 642 810 258 576 399 117 565 
45 25 74 543 259 895 940 674 485 141 305 173 888 962 345 924 901 748 611 0 417 450 939 518 997 540 391 992 753 676 974 766 388 533 980 352 364 235 375 995 
285 864 404 653 824 977 309 378 287 188 595 452 135 748 990 694 630 868 620 417 0 52 932 584 844 95 81 67 820 165 352 523 202 155 994 74 765 130 440 110 
752 108 786 246 716 36 562 959 41 151 161 136 160 800 356 711 739 867 60 450 52 0 726 666 75 733 535 815 267 446 419 482 503 725 746 215 137 686 892 499 
91 179 690 597 807 119 883 33 198 304 113 557 429 110 833 520 882 432 309 939 932 726 0 261 410 740 239 209 973 794 285 359 946 750 24 82 649 134 666 539 
672 600 32 229 975 101 547 556 67 875 286 663 562 891 305 995 801 606 761 518 584 666 261 0 543 244 520 362 713 250 172 426 640 141 542 114 397 854 716 588 
915 64 792 422 887 638 10 471 841 444 72 731 378 266 849 15 558 978 825 997 844 75 410 543 0 666 583 615 364 938 983 415 358 715 484 833 879 418 211 900 
663 963 775 922 116 364 906 574 255 328 427 424 945 235 401 409 22 469 618 540 95 733 740 244 666 0 701 867 269 139 385 757 191 20 118 859 780 3 845 998 
519 654 469 849 138 327 232 726 169 990 49 933 645 419 482 564 237 63 765 391 81 535 239 520 583 701 0 649 245 542 40 153 440 370 996 822 600 915 534 591 
377 821 471 301 296 421 472 733 137 678 479 699 155 348 728 706 691 304 448 992 67 815 209 362 615 867 649 0 873 329 732 234 581 609 83 664 798 810 400 132 
13 163 390 205 651 86 176 793 336 352 597 642 33 304 596 947 702 530 237 753 820 267 973 713 364 269 245 873 0 787 881 286 145 75 874 302 315 314 779 952 
535 660 312 65 747 544 383 65 805 186 740 223 994 675 392 27 387 499 930 676 165 446 794 250 938 139 542 329 787 0 83 980 934 308 881 95 289 998 461 797 
821 936 856 965 812 131 199 394 438 811 25 59 7 129 461 33 205 134 398 974 352 419 285 172 983 385 40 732 881 83 0 688 463 413 617 614 104 375 789 524 
948 532 832 167 198 482 258 589 737 807 636 286 229 495 627 754 567 11 905 766 523 482 359 426 415 757 153 234 286 980 688 0 508 94 35 17 512 893 306 87 
160 874 20 375 380 956 746 172 949 22 406 56 119 119 116 890 564 89 630 388 202 503 946 640 358 191 440 581 145 934 463 508 0 606 28 645 986 93 285 675 
807 438 51 635 617 246 492 3 734 372 487 406 710 87 903 890 755 355 642 533 155 725 750 141 715 20 370 609 75 308 413 94 606 0 234 661 838 306 438 615 
298 155 769 626 880 132 964 23 202 207 245 901 531 20 167 308 999 708 810 980 994 746 24 542 484 118 996 83 874 881 617 35 28 234 0 217 270 698 921 479 
292 831 694 206 443 576 52 432 469 944 548 836 622 69 439 799 279 504 258 352 74 215 82 114 833 859 822 664 302 95 614 17 645 661 217 0 617 206 887 520 
909 182 842 325 381 613 684 198 42 529 669 399 611 423 654 906 75 196 576 364 765 137 649 397 879 780 600 798 315 289 104 512 986 838 270 617 0 298 868 626 
598 8 953 109 432 714 774 807 999 518 9 933 229 581 435 413 769 212 399 235 130 686 134 854 418 3 915 810 314 998 375 893 93 306 698 206 298 0 538 326 
845 302 27 149 126 234 352 340 569 444 938 605 239 825 807 727 952 780 117 375 440 892 666 716 211 845 534 400 779 461 789 306 285 438 921 887 868 538 0 201 
775 627 754 419 858 536 800 284 940 199 197 65 683 986 437 644 765 149 565 995 110 499 539 588 900 998 591 132 952 797 524 87 675 615 479 520 626 326 201 0 
0 311 953 90 424 841 684 627 229 722 781 303 653 333 510 906 591 599 904 225 88 946 918 307 926 912 246 282 806 256 936 50 660 245 418 787 595 55 454 81 
311 0 159 481 311 712 349 745 666 544 831 841 271 4 477 970 936 412 519 297 843 115 392 284 626 263 285 513 471 216 727 902 586 832 100 28 690 839 299 602 
953 159 0 271 832 534 209 857 742 955 917 840 560 968 544 346 342 525 291 983 11 976 827 423 481 249 311 653 621 867 893 497 937 74 479 608 435 955 247 893 
90 481 271 0 742 663 332 965 738 349 687 930 846 260 749 110 31 490 852 870 96 855 964 327 817 851 587 259 456 904 855 424 515 224 206 565 561 948 513 295 
424 311 832 742 0 531 131 78 195 58 591 882 524 632 217 352 579 42 374 449 2 166 97 824 679 189 544 709 898 216 816 163 785 597 139 579 50 775 294 139 
841 712 534 663 531 0 339 334 872 512 349 208 803 311 685 618 133 847 28 64 495 352 708 744 800 120 723 364 39 968 39 448 422 46 125 228 580 721 849 601 
684 349 209 332 131 339 0 581 982 829 558 73 486 211 341 232 921 384 605 27 915 555 481 589 212 144 477 536 928 158 902 447 811 696 629 936 87 750 426 729 
627 745 857 965 78 334 581 0 55 975 724 520 915 703 159 606 763 10 585 499 346 103 886 835 843 193 91 663 675 524 209 65 878 548 660 336 639 517 201 973 
229 666 742 738 195 872 982 55 0 825 350 961 482 952 74 776 79 426 36 932 312 643 930 265 333 399 455 260 784 14 282 187 455 374 575 221 351 740 483 720 
722 544 955 349 58 512 829 975 825 0 750 752 443 143 46 980 159 231 632 545 9 123 153 598 199 296 888 677 314 746 498 364 730 230 739 445 483 634 567 370 
781 831 917 687 591 349 558 724 350 750 0 954 114 42 754 149 491 589 568 660 798 908 211 682 182 884 413 865 388 34 846 167 645 79 465 420 242 83 834 953 
303 841 840 930 882 208 73 520 961 752 954 0 205 224 323 448 502 104 196 215 283 563 322 482 972 493 688 805 199 432 923 571 345 889 787 957 677 761 935 577 
653 271 560 846 524 803 486 915 482 443 114 205 0 985 992 612 186 123 845 509 80 900 925 517 606 819 75 480 346 550 29 151 148 753 488 318 620 909 75 769 
333 4 968 260 632 311 211 703 952 143 42 224 985 0 885 682 943 553 684 794 618 849 428 942 16 341 844 445 946 148 25 167 460 457 279 990 339 799 109 573 
510 477 544 749 217 685 341 159 74 46 754 323 992 885 0 907 755 794 160 183 182 849 386 943 943 690 228 763 107 870 692 528 689 843 214 407 794 576 356 89 
906 970 346 110 352 618 232 606 776 980 149 448 612 682 907 0 319 35 262 389 604 653 257 930 9 521 673 196 616 464 513 636 856 197 729 902 942 863 701 253 
591 936 342 31 579 133 921 763 79 159 491 502 186 943 755 319 0 738 312 737 795 72 263 647 762 154 238 108 840 572 720 406 771 34 527 354 115 986 698 771 
599 412 525 490 42 847 384 10 426 231 589 104 123 553 794 35 738 0 685 450 29 968 484 329 585 671 553 344 749 878 62 549 451 210 454 615 94 812 178 949 
904 519 291 852 374 28 605 585 36 632 568 196 845 684 160 262 312 685 0 55 434 101 47 704 274 70 309 48 146 433 310 328 644 733 295 543 57 286 52 246 
225 297 983 870 449 64 27 499 932 545 660 215 509 794 183 389 737 450 55 0 358 329 25 844 450 637 148 598 252 289 787 398 489 379 194 337 217 96 877 70 
88 843 11 96 2 495 915 346 312 9 798 283 80 618 182 604 795 29 434 358 0 293 128 121 757 850 635 554 564 612 331 158 509 116 798 362 230 96 316 278 
946 115 976 855 166 352 555 103 643 123 908 563 900 849 849 653 72 968 101 329 293 0 565 626 584 673 871 582 259 765 641 277 83 574 513 356 488 542 251 171 
918 392 827 964 97 708 481 886 930 153 211 322 925 428 386 257 263 484 47 25 128 565 0 104 116 492 649 367 510 206 338 537 172 978 244 530 474 977 366 624 
307 284 423 327 824 744 589 835 265 598 682 482 517 942 943 930 647 329 704 844 121 626 104 0 245 761 944 265 830 511 133 705 217 556 662 653 623 688 341 682 
926 626 481 817 679 800 212 843 333 199 182 972 606 16 943 9 762 585 274 450 757 584 116 245 0 265 219 987 846 783 39 178 716 360 157 578 319 285 764 308 
912 263 249 851 189 120 144 193 399 296 884 493 819 341 690 521 154 671 70 637 850 673 492 761 265 0 437 621 824 860 708 499 292 547 328 387 621 519 862 643 
246 285 311 587 544 723 477 91 455 888 413 688 75 844 228 673 238 553 309 148 635 871 649 944 219 437 0 897 827 369 76 944 860 963 788 134 163 443 677 490 
282 513 653 259 709 364 536 663 260 677 865 805 480 445 763 196 108 344 48 598 554 582 367 265 987 621 897 0 735 348 573 917 740 978 327 664 49 464 617 251 
806 471 621 456 898 39 928 675 784 314 388 199 346 946 107 616 840 749 146 252 564 259 510 830 846 824 827 735 0 666 695 669 984 365 820 597 198 49 552 996 
256 216 867 904 216 968 158 524 14 746 34 432 550 148 870 464 572 878 433 289 612 765 206 511 783 860 369 348 666 0 984 529 242 342 900 186 543 187 988 753 
936 727 893 855 816 39 902 209 282 498 846 923 29 25 692 513 720 62 310 787 331 641 338 133 39 708 76 573 695 984 0 382 257 470 879 25 639 777 677 943 
50 902 497 424 163 448 447 65 187 364 167 571 151 167 528 636 406 549 328 398 158 277 537 705 178 499 944 917 669 529 382 0 569 375 891 317 23 337 703 862 
660 586 937 515 785 422 811 878 455 730 645 345 148 460 689 856 771 451 644 489 509 83 172 217 716 292 860 740 984 242 257 569 0 850 511 177 465 950 726 267 
245 832 74 224 597 46 696 548 374 230 79 889 753 457 843 197 34 210 733 379 116 574 978 556 360 547 963 978 365 342 470 375 850 0 772 261 528 761 661 297 
418 100 479 206 139 125 629 660 575 739 465 787 488 279 214 729 527 454 295 194 798 513 244 662 157 328 788 327 820 900 879 891 511 772 0 305 13 78 139 596 
787 28 608 565 579 228 936 336 221 445 420 957 318 990 407 902 354 615 543 337 362 356 530 653 578 387 134 664 597 186 25 317 177 261 305 0 636 483 185 586 
595 690 435 561 50 580 87 639 351 483 242 677 620 339 794 942 115 94 57 217 230 488 474 623 319 621 163 49 198 543 639 23 465 528 13 636 0 464 906 935 
55 839 955 948 775 721 750 517 740 634 83 761 909 799 576 863 986 812 286 96 96 542 977 688 285 519 443 464 49 187 777 337 950 761 78 483 464 0 465 831 
454 299 247 513 294 849 426 201 483 567 834 935 75 109 356 701 698 178 52 877 316 251 366 341 764 862 677 617 552 988 677 703 726 661 139 185 906 465 0 902 
81 602 893 295 139 601 729 973 720 370 953 577 769 573 89 253 771 949 246 70 278 171 624 682 308 643 490 251 996 753 943 862 267 297 596 586 935 831 902 0 
0 9 902 811 245 752 527 885 129 152 340 116 1 293 581 533 91 514 961 67 490 853 393 104 155 613 234 41 88 819 860 828 109 468 682 517 535 877 449 563 
9 0 513 589 977 873 602 556 686 961 346 695 932 568 524 927 323 677 963 542 608 331 154 539 842 883 117 212 12 831 853 989 433 548 248 822 924 783 791 999 
902 513 0 942 577 419 480 414 433 554 663 158 692 700 941 953 578 832 167 998 469 475 202 214 863 35 194 629 750 888 987 105 722 69 162 887 86 750 522 703 
811 589 942 0 640 951 19 40 693 594 274 28 4 112 89 933 452 235 662 174 628 386 318 379 417 486 962 228 181 831 251 569 567 503 682 919 148 123 417 251 
245 977 577 640 0 12 9 87 413 533 394 847 233 979 427 14 989 340 818 283 982 497 14 305 136 515 750 303 309 365 105 713 893 892 980 361 644 164 450 541 
752 873 419 951 12 0 895 943 303 151 662 202 775 737 733 732 941 232 747 638 816 486 461 988 293 11 832 377 911 249 438 736 217 548 903 15 333 393 714 48 
527 602 480 19 9 895 0 785 356 341 874 711 888 519 117 186 824 973 160 5 511 931 52 445 387 444 601 21 531 552 323 119 795 203 753 590 824 475 119 25 
885 556 414 40 87 943 785 0 454 97 897 514 700 719 373 429 16 290 84 261 805 80 683 825 556 335 583 818 995 369 468 472 562 349 799 758 180 757 318 259 
129 686 433 693 413 303 356 454 0 632 303 377 322 220 262 60 110 279 358 146 510 93 314 109 533 925 299 640 730 251 495 824 306 877 650 975 71 467 726 32 
152 961 554 594 533 151 341 97 632 0 372 797 226 846 993 429 103 342 944 251 407 570 364 306 105 825 173 246 464 481 668 911 500 33 150 992 864 974 319 390 
340 346 663 274 394 662 874 897 303 372 0 715 60 558 451 155 486 536 124 737 764 78 461 28 604 723 700 627 317 855 944 97 201 15 752 329 891 274 799 681 
116 695 158 28 847 202 711 514 377 797 715 0 518 864 922 275 676 957 527 486 459 25 305 596 660 881 66 34 502 51 604 239 159 642 131 618 201 296 669 878 
1 932 692 4 233 775 888 700 322 226 60 518 0 428 537 684 673 830 511 626 384 445 437 933 476 768 250 709 555 252 906 664 891 784 931 340 509 581 122 662 
293 568 700 112 979 737 519 719 220 846 558 864 428 0 723 254 378 893 674 54 886 76 215 604 844 558 38 969 119 41 525 525 790 666 321 859 198 194 910 897 
581 524 941 89 427 733 117 373 262 993 451 922 537 723 0 640 578 605 112 8 653 995 787 562 723 583 693 295 988 678 342 930 984 968 179 59 174 401 122 27 
533 927 953 933 14 732 186 429 60 429 155 275 684 254 640 0 681 133 49 213 419 448 22 180 591 260 395 249 987 142 408 740 832 227 131 39 159 125 319 137 
91 323 578 452 989 941 824 16 110 103 486 676 673 378 578 681 0 509 243 826 367 827 6 507 205 649 824 466 621 495 589 308 157 102 382 61 654 127 674 340 
514 677 832 235 340 232 973 290 279 342 536 957 830 893 605 133 509 0 452 943 710 2 26 92 832 189 147 95 247 421 209 532 179 776 921 385 71 987 557 809 
961 963 167 662 818 747 160 84 358 944 124 527 511 674 112 49 243 452 0 697 448 455 114 393 175 923 477 826 712 483 328 220 36 161 737 685 160 329 548 586 
67 542 998 174 283 638 5 261 146 251 737 486 626 54 8 213 826 943 697 0 495 385 783 994 321 138 6 844 182 867 737 324 930 659 105 125 98 294 600 377 
490 608 469 628 982 816 511 805 510 407 764 459 384 886 653 419 367 710 448 495 0 159 848 518 598 109 764 214 875 512 414 742 921 71 522 678 570 263 684 522 
853 331 475 386 497 486 931 80 93 570 78 25 445 76 995 448 827 2 455 385 159 0 981 784 860 629 540 631 295 32 967 4 362 757 922 637 844 489 708 621 
393 154 202 318 14 461 52 683 314 364 461 305 437 215 787 22 6 26 114 783 848 981 0 578 869 655 813 444 788 866 973 921 719 797 512 431 150 473 372 6 
104 539 214 379 305 988 445 825 109 306 28 596 933 604 562 180 507 92 393 994 518 784 578 0 712 474 836 656 440 368 754 545 216 720 327 132 335 165 127 400 
155 842 863 417 136 293 387 556 533 105 604 660 476 844 723 591 205 832 175 321 598 860 869 712 0 534 191 77 704 159 204 795 428 38 337 822 231 678 281 640 
613 883 35 486 515 11 444 335 925 825 723 881 768 558 583 260 649 189 923 138 109 629 655 474 534 0 45 825 2 932 238 348 564 679 210 204 6 38 442 774 
234 117 194 962 750 832 601 583 299 173 700 66 250 38 693 395 824 147 477 6 764 540 813 836 191 45 0 871 903 69 830 294 968 883 356 665 637 470 957 182 
41 212 629 228 303 377 21 818 640 246 627 34 709 969 295 249 466 95 826 844 214 631 444 656 77 825 871 0 798 145 878 589 103 441 888 78 971 963 132 908 
88 12 750 181 309 911 531 995 730 464 317 502 555 119 988 987 621 247 712 182 875 295 788 440 704 2 903 798 0 806 859 551 323 638 476 451 13 199 615 821 
819 831 888 831 365 249 552 369 251 481 855 51 252 41 678 142 495 421 483 867 512 32 866 368 159 932 69 145 806 0 973 6 638 142 516 454 475 235 831 118 
860 853 987 251 105 438 323 468 495 668 944 604 906 525 342 408 589 209 328 737 414 967 973 754 204 238 830 878 859 973 0 635 198 593 791 957 235 814 453 735 
828 989 105 569 713 736 119 472 824 911 97 239 664 525 930 740 308 532 220 324 742 4 921 545 795 348 294 589 551 6 635 0 324 15 858 609 628 92 192 454 
109 433 722 567 893 217 795 562 306 500 201 159 891 790 984 832 157 179 36 930 921 362 719 216 428 564 968 103 323 638 198 324 0 919 512 545 396 157 2 403 
468 548 69 503 892 548 203 349 877 33 15 642 784 666 968 227 102 776 161 659 71 757 797 720 38 679 883 441 638 142 593 15 919 0 934 38 852 119 380 890 
682 248 162 682 980 903 753 799 650 150 752 131 931 321 179 131 382 921 737 105 522 922 512 327 337 210 356 888 476 516 791 858 512 934 0 469 562 445 834 129 
517 822 887 919 361 15 590 758 975 992 329 618 340 859 59 39 61 385 685 125 678 637 431 132 822 204 665 78 451 454 957 609 545 38 469 0 7 839 929 92 
535 924 86 148 644 333 824 180 71 864 891 201 509 198 174 159 654 71 160 98 570 844 150 335 231 6 637 971 13 475 235 628 396 852 562 7 0 978 514 725 
877 783 750 123 164 393 475 757 467 974 274 296 581 194 401 125 127 987 329 294 263 489 473 165 678 38 470 963 199 235 814 92 157 119 445 839 978 0 910 735 
449 791 522 417 450 714 119 318 726 319 799 669 122 910 122 319 674 557 548 600 684 708 372 127 281 442 957 132 615 831 453 192 2 380 834 929 514 910 0 35 
563 999 703 251 541 48 25 259 32 390 681 878 662 897 27 137 340 809 586 377 522 621 6 400 640 774 182 908 821 118 735 454 403 890 129 92 725 735 35 0 
