80 3
0 917 156 207 878 25 81 12 333 498 760 838 42 756 467 7 566 353 301 315 835 878 641 413 445 292 999 919 841 935 756 45 93 954 11 90 26 417 703 203 472 761 526 853 781 825 409 507 20 542 82 73 37 554 384 576 641 168 868 308 871 201 659 652 714 661 11 657 291 615 879 955 862 970 157 805 684 355 591 265 
917 0 125 898 545 941 428 804 899 442 270 84 51 321 389 602 432 472 47 709 915 784 559 536 842 921 923 133 341 328 124 528 209 188 886 573 213 683 760 972 416 848 128 773 271 149 400 265 280 596 653 79 933 462 795 131 127 293 453 567 303 251 223 260 930 43 791 730 594 205 291 244 407 304 21 626 879 766 967 715 
156 125 0 189 474 188 594 984 524 520 550 188 55 698 698 924 238 774 531 831 979 588 649 502 928 29 36 161 432 857 364 682 881 988 592 196 384 553 173 984 761 724 388 80 615 30 948 254 957 879 297 503 30 47 380 802 148 270 943 549 772 576 854 445 189 237 195 845 709 395 533 292 461 647 585 804 445 946 477 707 
207 898 189 0 3 111 995 828 811 102 598 59 102 736 182 31 371 853 982 113 208 432 3 682 853 317 531 552 437 582 840 998 281 891 719 427 228 874 37 747 509 916 115 189 333 181 406 733 969 934 41 625 809 722 937 515 757 418 437 831 485 962 646 860 797 643 6 588 355 962 660 824 217 834 107 322 979 794 284 260 
878 545 474 3 0 926 36 869 619 701 474 967 718 298 971 771 919 585 749 671 51 768 796 347 455 342 170 492 622 661 668 120 181 432 952 460 821 62 527 898 844 807 898 381 196 532 180 147 688 332 161 437 462 613 383 38 696 668 478 64 279 79 973 556 660 122 724 940 656 1000 97 96 669 375 5 133 627 602 599 35 
25 941 188 111 926 0 211 165 774 51 408 521 594 989 960 4 335 455 421 648 683 457 560 958 156 499 445 113 498 674 352 947 203 393 208 422 854 983 520 470 608 772 356 951 971 685 806 705 841 634 277 950 409 233 22 123 556 669 460 806 55 325 637 635 277 31 722 781 172 966 595 904 319 748 594 652 429 5 645 204 
81 428 594 995 36 211 0 796 603 239 442 691 483 504 316 517 218 521 145 303 161 799 188 360 710 754 892 724 893 462 746 56 616 339 897 444 415 227 962 891 346 611 7 385 349 82 701 287 364 433 37 610 461 47 299 216 465 545 945 769 83 955 402 539 398 849 765 709 20 401 467 191 255 292 553 125 504 690 402 905 
12 804 984 828 869 165 796 0 959 690 634 198 221 522 477 752 408 130 684 441 146 893 932 591 269 922 200 832 190 309 9 273 514 456 712 897 692 434 385 148 703 996 77 57 343 522 727 33 34 893 1000 524 630 467 300 656 597 84 449 144 940 533 813 661 350 199 601 441 906 926 39 240 122 800 509 97 12 603 192 71 
333 899 524 811 619 774 603 959 0 328 235 142 815 515 757 290 101 7 387 646 351 919 265 540 135 428 501 454 758 833 571 18 825 488 846 423 616 908 977 838 406 557 522 45 238 536 552 299 189 140 206 739 350 580 80 562 74 861 669 166 27 310 683 130 428 57 979 290 551 745 819 987 6 203 658 641 381 784 689 878 
498 442 520 102 701 51 239 690 328 0 849 139 53 724 811 980 940 211 367 149 358 937 385 700 726 934 59 547 758 824 930 855 541 199 500 904 236 557 299 510 800 209 181 275 307 670 943 983 535 346 544 334 558 355 786 315 63 335 543 529 217 708 546 808 239 697 340 56 295 268 142 729 622 243 170 301 930 655 623 760 
760 270 550 598 474 408 442 634 235 849 0 893 485 100 401 536 925 345 575 481 825 914 158 136 354 721 821 741 647 109 659 27 696 129 756 785 726 83 857 676 770 551 495 243 519 833 125 202 467 543 326 742 676 927 378 621 500 486 482 711 419 221 68 506 180 922 297 851 976 79 466 380 601 871 903 131 349 250 667 296 
838 84 188 59 967 521 691 198 142 139 893 0 360 855 637 185 97 342 760 975 849 503 275 592 665 228 659 389 787 830 147 486 157 95 610 418 642 279 976 522 652 523 681 403 960 26 570 1000 17 168 454 119 421 826 327 642 600 202 174 75 30 389 880 425 554 281 604 161 711 336 921 701 428 69 412 756 312 679 453 84 
42 51 55 102 718 594 483 221 815 53 485 360 0 487 503 829 368 818 41 304 582 737 359 883 730 606 342 88 659 938 437 916 201 415 856 770 726 78 129 858 496 813 790 785 664 522 457 300 81 494 117 39 179 717 478 757 80 579 835 315 174 478 352 625 495 771 771 764 161 715 976 477 262 542 712 993 556 532 924 199 
756 321 698 736 298 989 504 522 515 724 100 855 487 0 125 736 263 887 581 995 383 763 284 59 434 609 262 471 9 879 427 420 181 680 338 259 205 301 503 67 334 499 214 334 972 783 503 651 774 337 262 658 943 86 892 436 345 735 570 912 528 145 26 136 812 926 740 698 178 196 406 217 227 521 283 163 648 833 338 514 
467 389 698 182 971 960 316 477 757 811 401 637 503 125 0 78 177 548 290 334 420 416 841 782 773 115 780 365 124 497 431 137 420 220 758 440 431 879 352 230 129 545 408 860 980 925 419 184 381 488 562 267 732 248 193 359 685 724 720 797 184 453 329 501 571 866 394 747 289 266 443 697 331 982 114 121 561 682 325 579 
7 602 924 31 771 4 517 752 290 980 536 185 829 736 78 0 199 77 122 223 70 219 667 769 695 117 179 556 628 41 814 221 958 104 806 715 863 361 204 982 166 774 932 517 780 873 714 166 154 627 446 963 838 611 552 903 917 693 767 926 461 412 582 557 83 734 867 422 789 636 679 517 882 234 992 171 689 734 493 768 
566 432 238 371 919 335 218 408 101 940 925 97 368 263 177 199 0 914 267 940 713 400 588 507 428 992 545 540 863 712 990 158 641 5 906 308 489 244 335 719 144 365 207 41 216 966 94 802 594 883 520 310 829 98 617 726 769 499 599 823 503 889 96 981 630 74 136 884 116 118 135 633 886 530 790 40 501 305 966 715 
353 472 774 853 585 455 521 130 7 211 345 342 818 887 548 77 914 0 398 385 655 294 419 910 288 464 176 132 734 364 823 665 92 655 914 349 507 131 237 969 686 898 281 589 996 50 442 999 831 171 325 907 124 738 852 143 161 726 155 999 509 39 171 254 289 586 187 923 371 772 43 429 425 117 62 719 379 656 847 578 
301 47 531 982 749 421 145 684 387 367 575 760 41 581 290 122 267 398 0 947 891 298 596 900 519 625 312 766 581 710 964 189 133 496 254 937 759 983 487 774 98 921 217 792 779 427 83 867 139 386 529 604 704 995 503 58 363 232 360 450 532 436 780 867 872 262 802 633 802 426 330 805 279 767 366 714 666 613 503 159 
315 709 831 113 671 648 303 441 646 149 481 975 304 995 334 223 940 385 947 0 464 512 410 610 325 488 376 693 485 529 581 657 661 626 1000 434 840 580 468 537 363 55 121 252 666 334 883 659 817 826 444 723 94 275 345 918 773 656 148 722 597 865 604 424 803 442 602 663 320 613 425 89 910 654 9 417 719 10 875 717 
835 915 979 208 51 683 161 146 351 358 825 849 582 383 420 70 713 655 891 464 0 924 565 357 789 586 996 819 615 454 815 164 739 300 52 354 830 909 441 948 747 331 113 190 364 958 87 630 249 54 148 494 374 426 785 565 42 788 188 941 949 891 169 853 92 398 957 80 538 209 2 973 197 794 718 700 193 578 188 541 
878 784 588 432 768 457 799 893 919 937 914 503 737 763 416 219 400 294 298 512 924 0 669 981 672 170 424 531 139 385 272 505 248 583 66 453 354 368 42 871 904 36 28 694 143 796 55 260 572 785 117 650 503 389 222 91 613 597 170 28 194 630 847 960 994 617 883 490 135 668 500 504 179 753 548 526 843 302 63 71 
641 559 649 3 796 560 188 932 265 385 158 275 359 284 841 667 588 419 596 410 565 669 0 398 304 880 574 38 808 536 992 493 638 952 896 139 702 958 869 833 974 850 432 377 567 541 437 759 851 924 756 21 900 591 616 102 375 497 523 480 812 375 676 142 453 798 529 873 661 886 434 979 402 35 402 13 219 350 650 595 
413 536 502 682 347 958 360 591 540 700 136 592 883 59 782 769 507 910 900 610 357 981 398 0 61 947 579 289 595 370 316 256 35 844 569 578 524 200 17 915 982 928 258 921 787 118 730 520 194 197 632 117 30 127 99 663 774 780 393 49 359 86 513 682 266 206 629 595 715 186 85 799 716 57 950 965 279 513 701 488 
445 842 928 853 455 156 710 269 135 726 354 665 730 434 773 695 428 288 519 325 789 672 304 61 0 272 60 286 168 42 651 962 536 266 705 796 818 222 133 389 163 508 323 586 356 933 807 350 216 309 262 275 730 174 874 728 987 228 283 267 881 601 455 592 509 378 970 800 221 434 450 390 841 133 414 876 44 207 432 905 
292 921 29 317 342 499 754 922 428 934 721 228 606 609 115 117 992 464 625 488 586 170 880 947 272 0 691 637 634 310 763 687 147 67 127 495 992 834 83 539 335 409 5 32 4 531 715 472 920 492 261 580 382 253 505 53 78 404 75 58 212 157 791 566 69 955 609 147 88 263 277 85 840 327 940 488 446 560 279 756 
999 923 36 531 170 445 892 200 501 59 821 659 342 262 780 179 545 176 312 376 996 424 574 579 60 691 0 537 376 431 766 673 958 682 809 210 928 618 848 101 451 792 142 781 722 640 877 423 582 702 603 932 376 686 813 143 253 294 454 127 115 306 181 71 381 791 117 19 955 451 756 853 506 369 479 911 815 706 687 493 
919 133 161 552 492 113 724 832 454 547 741 389 88 471 365 556 540 132 766 693 819 531 38 289 286 637 537 0 412 871 563 617 723 986 72 163 561 245 905 563 409 747 376 307 808 122 912 725 807 835 814 889 554 757 72 352 825 136 987 556 891 53 257 77 261 227 256 767 414 511 846 935 173 416 46 186 224 276 452 946 
841 341 432 437 622 498 893 190 758 758 647 787 659 9 124 628 863 734 581 485 615 139 808 595 168 634 376 412 0 634 691 44 290 162 572 728 335 915 166 44 131 220 7 414 795 556 90 704 708 469 456 272 12 112 864 24 230 323 24 139 785 585 338 779 871 610 442 514 44 274 224 903 73 967 24 143 154 285 476 156 
935 328 857 582 661 674 462 309 833 824 109 830 938 879 497 41 712 364 710 529 454 385 536 370 42 310 431 871 634 0 579 657 983 878 971 1 497 974 325 950 235 529 990 865 738 605 423 354 871 396 755 912 647 615 497 673 943 389 285 449 232 790 396 927 395 133 168 120 139 969 24 615 371 470 687 586 748 610 315 523 
756 124 364 840 668 352 746 9 571 930 659 147 437 427 431 814 990 823 964 581 815 272 992 316 651 763 766 563 691 579 0 482 75 932 163 82 1000 952 876 612 721 486 628 701 839 66 333 143 5 248 327 74 662 896 389 800 2 362 1 495 212 413 994 656 622 672 84 297 80 766 347 182 780 241 337 853 803 77 642 96 
45 528 682 998 120 947 56 273 18 855 27 486 916 420 137 221 158 665 189 657 164 505 493 256 962 687 673 617 44 657 482 0 290 593 377 112 617 920 812 125 396 270 800 224 542 299 412 47 579 557 339 892 477 330 992 845 194 281 85 806 920 360 294 545 571 738 770 147 476 686 240 873 451 844 509 373 690 41 80 522 
93 209 881 281 181 203 616 514 825 541 696 157 201 181 420 958 641 92 133 661 739 248 638 35 536 147 958 723 290 983 75 290 0 620 517 819 39 583 271 935 930 872 731 200 361 167 245 270 831 319 702 765 952 321 87 226 182 404 916 477 377 289 153 330 658 62 1 303 579 278 142 853 295 805 872 895 953 780 853 63 
954 188 988 891 432 393 339 456 488 199 129 95 415 680 220 104 5 655 496 626 300 583 952 844 266 67 682 986 162 878 932 593 620 0 750 130 186 821 991 913 584 910 961 239 283 404 334 105 466 390 727 970 490 429 507 118 41 52 486 743 718 630 606 689 488 903 650 833 483 556 79 639 272 299 215 752 831 32 305 365 
11 886 592 719 952 208 897 712 846 500 756 610 856 338 758 806 906 914 254 1000 52 66 896 569 705 127 809 72 572 971 163 377 517 750 0 43 647 109 200 801 929 535 418 28 978 510 979 809 783 283 786 400 920 289 58 514 426 409 942 902 656 729 460 290 763 657 149 440 395 595 951 217 543 766 37 147 571 807 834 847 
90 573 196 427 460 422 444 897 423 904 785 418 770 259 440 715 308 349 937 434 354 453 139 578 796 495 210 163 728 1 82 112 819 130 43 0 830 561 143 253 911 350 2 729 872 616 752 201 486 87 297 101 906 107 2 611 692 939 222 897 338 507 628 686 900 681 982 984 35 115 940 12 954 490 267 989 131 92 796 141 
26 213 384 228 821 854 415 692 616 236 726 642 726 205 431 863 489 507 759 840 830 354 702 524 818 992 928 561 335 497 1000 617 39 186 647 830 0 859 578 89 624 91 526 274 250 354 642 909 482 98 1 271 768 965 517 667 118 423 465 461 547 288 224 822 436 683 425 797 16 637 788 329 321 578 852 827 916 939 909 916 
417 683 553 874 62 983 227 434 908 557 83 279 78 301 879 361 244 131 983 580 909 368 958 200 222 834 618 245 915 974 952 920 583 821 109 561 859 0 103 961 115 566 942 35 377 400 55 576 52 787 770 387 61 409 493 334 132 806 702 230 621 478 68 565 323 60 776 572 898 718 322 649 785 315 374 291 50 723 112 927 
703 760 173 37 527 520 962 385 977 299 857 976 129 503 352 204 335 237 487 468 441 42 869 17 133 83 848 905 166 325 876 812 271 991 200 143 578 103 0 953 582 87 20 595 18 506 341 463 847 132 831 173 169 540 611 490 955 435 465 867 227 316 674 4 428 788 788 673 842 895 655 479 826 141 51 137 447 862 169 232 
203 972 984 747 898 470 891 148 838 510 676 522 858 67 230 982 719 969 774 537 948 871 833 915 389 539 101 563 44 950 612 125 935 913 801 253 89 961 953 0 543 867 370 251 384 183 478 360 973 392 540 889 777 336 447 689 278 220 879 776 82 645 77 979 354 491 813 226 670 496 568 444 475 758 8 159 918 305 925 758 
472 416 761 509 844 608 346 703 406 800 770 652 496 334 129 166 144 686 98 363 747 904 974 982 163 335 451 409 131 235 721 396 930 584 929 911 624 115 582 543 0 641 439 543 860 883 60 635 509 889 127 125 779 106 483 457 438 409 590 178 649 891 769 144 481 891 34 763 111 58 560 941 681 35 284 163 153 609 424 732 
761 848 724 916 807 772 611 996 557 209 551 523 813 499 545 774 365 898 921 55 331 36 850 928 508 409 792 747 220 529 486 270 872 910 535 350 91 566 87 867 641 0 367 68 900 591 485 800 262 541 379 627 955 904 701 280 912 413 498 484 952 633 778 611 492 937 277 667 309 492 420 138 300 809 227 771 966 947 946 842 
526 128 388 115 898 356 7 77 522 181 495 681 790 214 408 932 207 281 217 121 113 28 432 258 323 5 142 376 7 990 628 800 731 961 418 2 526 942 20 370 439 367 0 730 654 293 677 59 596 791 10 182 871 660 221 219 2 19 991 903 662 452 757 205 244 947 782 602 276 895 74 741 886 353 740 508 721 233 705 153 
853 773 80 189 381 951 385 57 45 275 243 403 785 334 860 517 41 589 792 252 190 694 377 921 586 32 781 307 414 865 701 224 200 239 28 729 274 35 595 251 543 68 730 0 506 415 928 263 610 788 611 219 256 967 141 92 733 937 149 800 253 514 327 847 380 196 984 117 771 879 892 183 16 347 308 855 598 858 666 666 
781 271 615 333 196 971 349 343 238 307 519 960 664 972 980 780 216 996 779 666 364 143 567 787 356 4 722 808 795 738 839 542 361 283 978 872 250 377 18 384 860 900 654 506 0 92 452 289 434 321 761 120 89 1 583 895 487 219 518 427 358 777 654 328 417 74 67 428 72 164 886 877 967 816 485 195 153 740 742 65 
825 149 30 181 532 685 82 522 536 670 833 26 522 783 925 873 966 50 427 334 958 796 541 118 933 531 640 122 556 605 66 299 167 404 510 616 354 400 506 183 883 591 293 415 92 0 551 494 605 175 451 128 292 531 335 516 160 15 318 943 278 954 763 573 172 810 767 988 539 89 834 354 59 409 667 767 61 751 525 384 
409 400 948 406 180 806 701 727 552 943 125 570 457 503 419 714 94 442 83 883 87 55 437 730 807 715 877 912 90 423 333 412 245 334 979 752 642 55 341 478 60 485 677 928 452 551 0 952 19 506 3 576 886 247 193 429 414 836 275 901 676 661 582 176 313 329 62 932 218 647 31 661 440 458 97 300 484 718 240 874 
507 265 254 733 147 705 287 33 299 983 202 1000 300 651 184 166 802 999 867 659 630 260 759 520 350 472 423 725 704 354 143 47 270 105 809 201 909 576 463 360 635 800 59 263 289 494 952 0 218 390 738 623 38 676 470 527 335 733 8 64 460 367 623 208 735 141 561 573 818 748 519 210 646 535 395 362 65 774 657 409 
20 280 957 969 688 841 364 34 189 535 467 17 81 774 381 154 594 831 139 817 249 572 851 194 216 920 582 807 708 871 5 579 831 466 783 486 482 52 847 973 509 262 596 610 434 605 19 218 0 301 269 534 344 887 952 355 806 726 173 358 627 794 641 375 541 886 319 852 786 448 823 859 333 14 491 325 906 919 202 857 
542 596 879 934 332 634 433 893 140 346 543 168 494 337 488 627 883 171 386 826 54 785 924 197 309 492 702 835 469 396 248 557 319 390 283 87 98 787 132 392 889 541 791 788 321 175 506 390 301 0 432 359 502 931 936 928 784 26 89 764 736 631 99 587 46 74 553 737 544 584 981 994 927 787 644 346 473 266 995 382 
82 653 297 41 161 277 37 1000 206 544 326 454 117 262 562 446 520 325 529 444 148 117 756 632 262 261 603 814 456 755 327 339 702 727 786 297 1 770 831 540 127 379 10 611 761 451 3 738 269 432 0 545 574 722 718 438 977 816 667 133 452 57 991 996 695 715 341 569 180 263 321 340 293 565 310 636 797 459 81 327 
73 79 503 625 437 950 610 524 739 334 742 119 39 658 267 963 310 907 604 723 494 650 21 117 275 580 932 889 272 912 74 892 765 970 400 101 271 387 173 889 125 627 182 219 120 128 576 623 534 359 545 0 866 885 957 889 210 406 911 856 328 355 124 10 306 580 426 396 522 937 683 686 293 577 596 617 672 895 199 519 
37 933 30 809 462 409 461 630 350 558 676 421 179 943 732 838 829 124 704 94 374 503 900 30 730 382 376 554 12 647 662 477 952 490 920 906 768 61 169 777 779 955 871 256 89 292 886 38 344 502 574 866 0 1000 733 525 537 451 796 740 366 559 530 287 550 548 934 884 664 979 521 781 554 461 746 606 629 330 161 443 
554 462 47 722 613 233 47 467 580 355 927 826 717 86 248 611 98 738 995 275 426 389 591 127 174 253 686 757 112 615 896 330 321 429 289 107 965 409 540 336 106 904 660 967 1 531 247 676 887 931 722 885 1000 0 505 706 951 160 289 407 532 569 698 761 878 804 818 315 603 648 337 990 169 882 395 896 380 291 400 520 
384 795 380 937 383 22 299 300 80 786 378 327 478 892 193 552 617 852 503 345 785 222 616 99 874 505 813 72 864 497 389 992 87 507 58 2 517 493 611 447 483 701 221 141 583 335 193 470 952 936 718 957 733 505 0 919 466 480 121 499 299 529 745 285 72 492 54 266 921 941 214 993 802 297 928 393 40 275 806 409 
576 131 802 515 38 123 216 656 562 315 621 642 757 436 359 903 726 143 58 918 565 91 102 663 728 53 143 352 24 673 800 845 226 118 514 611 667 334 490 689 457 280 219 92 895 516 429 527 355 928 438 889 525 706 919 0 966 501 553 877 487 934 48 326 159 765 151 297 503 836 753 845 456 231 475 851 900 57 846 4 
641 127 148 757 696 556 465 597 74 63 500 600 80 345 685 917 769 161 363 773 42 613 375 774 987 78 253 825 230 943 2 194 182 41 426 692 118 132 955 278 438 912 2 733 487 160 414 335 806 784 977 210 537 951 466 966 0 764 36 216 404 307 639 973 5 952 929 324 353 907 907 465 729 153 128 714 882 873 772 380 
168 293 270 418 668 669 545 84 861 335 486 202 579 735 724 693 499 726 232 656 788 597 497 780 228 404 294 136 323 389 362 281 404 52 409 939 423 806 435 220 409 413 19 937 219 15 836 733 726 26 816 406 451 160 480 501 764 0 634 859 858 429 503 589 848 20 237 933 668 553 178 65 69 687 170 571 446 399 175 380 
868 453 943 437 478 460 945 449 669 543 482 174 835 570 720 767 599 155 360 148 188 170 523 393 283 75 454 987 24 285 1 85 916 486 942 222 465 702 465 879 590 498 991 149 518 318 275 8 173 89 667 911 796 289 121 553 36 634 0 304 744 995 884 109 81 548 352 279 182 246 140 558 450 613 890 412 521 962 988 806 
308 567 549 831 64 806 769 144 166 529 711 75 315 912 797 926 823 999 450 722 941 28 480 49 267 58 127 556 139 449 495 806 477 743 902 897 461 230 867 776 178 484 903 800 427 943 901 64 358 764 133 856 740 407 499 877 216 859 304 0 58 479 87 293 678 733 457 510 275 915 600 233 729 868 246 545 843 626 258 537 
871 303 772 485 279 55 83 940 27 217 419 30 174 528 184 461 503 509 532 597 949 194 812 359 881 212 115 891 785 232 212 920 377 718 656 338 547 621 227 82 649 952 662 253 358 278 676 460 627 736 452 328 366 532 299 487 404 858 744 58 0 255 766 582 280 912 615 698 621 32 568 531 6 826 986 265 793 260 3 316 
201 251 576 962 79 325 955 533 310 708 221 389 478 145 453 412 889 39 436 865 891 630 375 86 601 157 306 53 585 790 413 360 289 630 729 507 288 478 316 645 891 633 452 514 777 954 661 367 794 631 57 355 559 569 529 934 307 429 995 479 255 0 462 735 917 490 920 32 177 264 711 445 588 131 545 564 753 536 850 959 
659 223 854 646 973 637 402 813 683 546 68 880 352 26 329 582 96 171 780 604 169 847 676 513 455 791 181 257 338 396 994 294 153 606 460 628 224 68 674 77 769 778 757 327 654 763 582 623 641 99 991 124 530 698 745 48 639 503 884 87 766 462 0 780 148 366 322 312 878 193 988 287 727 714 128 636 583 220 506 503 
652 260 445 860 556 635 539 661 130 808 506 425 625 136 501 557 981 254 867 424 853 960 142 682 592 566 71 77 779 927 656 545 330 689 290 686 822 565 4 979 144 611 205 847 328 573 176 208 375 587 996 10 287 761 285 326 973 589 109 293 582 735 780 0 142 658 683 91 849 683 491 900 896 206 518 589 766 976 970 311 
714 930 189 797 660 277 398 350 428 239 180 554 495 812 571 83 630 289 872 803 92 994 453 266 509 69 381 261 871 395 622 571 658 488 763 900 436 323 428 354 481 492 244 380 417 172 313 735 541 46 695 306 550 878 72 159 5 848 81 678 280 917 148 142 0 245 354 853 640 452 197 518 370 872 95 204 55 587 180 572 
661 43 237 643 122 31 849 199 57 697 922 281 771 926 866 734 74 586 262 442 398 617 798 206 378 955 791 227 610 133 672 738 62 903 657 681 683 60 788 491 891 937 947 196 74 810 329 141 886 74 715 580 548 804 492 765 952 20 548 733 912 490 366 658 245 0 695 955 406 613 725 382 914 148 291 810 383 493 561 451 
11 791 195 6 724 722 765 601 979 340 297 604 771 740 394 867 136 187 802 602 957 883 529 629 970 609 117 256 442 168 84 770 1 650 149 982 425 776 788 813 34 277 782 984 67 767 62 561 319 553 341 426 934 818 54 151 929 237 352 457 615 920 322 683 354 695 0 174 190 125 26 611 379 909 917 364 761 675 973 860 
657 730 845 588 940 781 709 441 290 56 851 161 764 698 747 422 884 923 633 663 80 490 873 595 800 147 19 767 514 120 297 147 303 833 440 984 797 572 673 226 763 667 602 117 428 988 932 573 852 737 569 396 884 315 266 297 324 933 279 510 698 32 312 91 853 955 174 0 653 629 11 515 158 629 286 944 983 709 442 166 
291 594 709 355 656 172 20 906 551 295 976 711 161 178 289 789 116 371 802 320 538 135 661 715 221 88 955 414 44 139 80 476 579 483 395 35 16 898 842 670 111 309 276 771 72 539 218 818 786 544 180 522 664 603 921 503 353 668 182 275 621 177 878 849 640 406 190 653 0 962 356 468 984 764 333 788 571 955 817 714 
615 205 395 962 1000 966 401 926 745 268 79 336 715 196 266 636 118 772 426 613 209 668 886 186 434 263 451 511 274 969 766 686 278 556 595 115 637 718 895 496 58 492 895 879 164 89 647 748 448 584 263 937 979 648 941 836 907 553 246 915 32 264 193 683 452 613 125 629 962 0 648 201 582 392 406 371 849 511 674 542 
879 291 533 660 97 595 467 39 819 142 466 921 976 406 443 679 135 43 330 425 2 500 434 85 450 277 756 846 224 24 347 240 142 79 951 940 788 322 655 568 560 420 74 892 886 834 31 519 823 981 321 683 521 337 214 753 907 178 140 600 568 711 988 491 197 725 26 11 356 648 0 102 221 529 460 374 397 106 524 970 
955 244 292 824 96 904 191 240 987 729 380 701 477 217 697 517 633 429 805 89 973 504 979 799 390 85 853 935 903 615 182 873 853 639 217 12 329 649 479 444 941 138 741 183 877 354 661 210 859 994 340 686 781 990 993 845 465 65 558 233 531 445 287 900 518 382 611 515 468 201 102 0 587 598 230 121 837 325 278 392 
862 407 461 217 669 319 255 122 6 622 601 428 262 227 331 882 886 425 279 910 197 179 402 716 841 840 506 173 73 371 780 451 295 272 543 954 321 785 826 475 681 300 886 16 967 59 440 646 333 927 293 293 554 169 802 456 729 69 450 729 6 588 727 896 370 914 379 158 984 582 221 587 0 155 342 319 464 846 294 425 
970 304 647 834 375 748 292 800 203 243 871 69 542 521 982 234 530 117 767 654 794 753 35 57 133 327 369 416 967 470 241 844 805 299 766 490 578 315 141 758 35 809 353 347 816 409 458 535 14 787 565 577 461 882 297 231 153 687 613 868 826 131 714 206 872 148 909 629 764 392 529 598 155 0 450 372 757 552 65 794 
157 21 585 107 5 594 553 509 658 170 903 412 712 283 114 992 790 62 366 9 718 548 402 950 414 940 479 46 24 687 337 509 872 215 37 267 852 374 51 8 284 227 740 308 485 667 97 395 491 644 310 596 746 395 928 475 128 170 890 246 986 545 128 518 95 291 917 286 333 406 460 230 342 450 0 591 688 868 258 133 
805 626 804 322 133 652 125 97 641 301 131 756 993 163 121 171 40 719 714 417 700 526 13 965 876 488 911 186 143 586 853 373 895 752 147 989 827 291 137 159 163 771 508 855 195 767 300 362 325 346 636 617 606 896 393 851 714 571 412 545 265 564 636 589 204 810 364 944 788 371 374 121 319 372 591 0 18 198 836 738 
684 879 445 979 627 429 504 12 381 930 349 312 556 648 561 689 501 379 666 719 193 843 219 279 44 446 815 224 154 748 803 690 953 831 571 131 916 50 447 918 153 966 721 598 153 61 484 65 906 473 797 672 629 380 40 900 882 446 521 843 793 753 583 766 55 383 761 983 571 849 397 837 464 757 688 18 0 458 82 575 
355 766 946 794 602 5 690 603 784 655 250 679 532 833 682 734 305 656 613 10 578 302 350 513 207 560 706 276 285 610 77 41 780 32 807 92 939 723 862 305 609 947 233 858 740 751 718 774 919 266 459 895 330 291 275 57 873 399 962 626 260 536 220 976 587 493 675 709 955 511 106 325 846 552 868 198 458 0 730 945 
591 967 477 284 599 645 402 192 689 623 667 453 924 338 325 493 966 847 503 875 188 63 650 701 432 279 687 452 476 315 642 80 853 305 834 796 909 112 169 925 424 946 705 666 742 525 240 657 202 995 81 199 161 400 806 846 772 175 988 258 3 850 506 970 180 561 973 442 817 674 524 278 294 65 258 836 82 730 0 853 
265 715 707 260 35 204 905 71 878 760 296 84 199 514 579 768 715 578 159 717 541 71 595 488 905 756 493 946 156 523 96 522 63 365 847 141 916 927 232 758 732 842 153 666 65 384 874 409 857 382 327 519 443 520 409 4 380 380 806 537 316 959 503 311 572 451 860 166 714 542 970 392 425 794 133 738 575 945 853 0 
0 945 706 150 232 892 671 615 230 16 272 423 148 309 659 702 265 847 549 779 1 547 676 566 611 337 189 776 187 973 918 39 907 34 697 461 688 176 292 828 927 891 811 807 960 719 511 429 162 351 533 212 596 384 236 430 329 936 652 502 840 996 47 865 639 912 299 441 618 183 21 950 651 542 466 250 67 857 554 181 
945 0 530 72 837 562 746 840 285 291 707 425 695 738 824 821 1 41 418 300 936 157 39 952 4 70 531 27 746 728 673 292 479 458 150 591 30 53 752 671 808 964 119 83 652 947 222 665 836 310 262 415 950 58 90 348 876 5 771 380 44 117 126 982 19 474 576 909 857 916 177 828 659 884 587 671 110 86 681 731 
706 530 0 298 678 348 361 373 845 900 264 802 419 126 826 659 793 8 33 151 868 845 818 382 650 874 986 455 389 97 473 562 138 796 511 105 500 822 89 198 897 719 600 826 996 583 199 566 43 539 479 471 455 326 904 353 288 541 652 432 123 992 885 436 72 832 74 652 523 402 641 942 59 592 116 164 17 940 575 866 
150 72 298 0 609 688 99 302 726 560 425 203 631 422 412 148 807 976 964 380 479 546 292 527 651 375 139 515 164 983 138 83 206 995 436 650 989 937 202 991 69 990 728 628 355 55 588 765 183 356 52 711 734 704 451 223 921 776 167 853 818 437 357 13 956 787 447 241 220 729 760 936 721 406 424 939 237 546 234 285 
232 837 678 609 0 116 403 687 714 508 653 300 479 571 693 956 691 971 53 877 26 207 100 968 772 26 527 477 928 253 141 773 998 630 160 369 356 939 669 668 146 477 884 224 23 185 203 735 675 123 309 726 525 98 525 842 314 159 609 228 926 869 561 405 486 279 753 28 689 507 690 355 27 451 238 904 381 570 805 239 
892 562 348 688 116 0 336 65 540 257 131 121 292 928 40 157 594 294 458 849 705 770 834 137 593 750 203 836 139 256 185 299 173 730 212 961 682 703 221 78 643 454 950 29 514 782 800 38 19 838 627 425 131 88 386 333 599 221 952 368 330 178 650 321 653 605 520 274 266 146 323 623 809 485 846 512 538 839 647 890 
671 746 361 99 403 336 0 248 421 162 236 155 681 717 579 327 801 200 957 424 885 464 669 472 818 831 225 665 272 562 646 519 179 503 836 320 223 448 64 742 478 895 858 66 292 104 115 138 446 866 480 701 624 738 504 479 206 913 893 769 918 374 151 547 143 730 517 255 494 902 449 209 918 674 579 949 939 845 639 329 
615 840 373 302 687 65 248 0 637 77 80 554 904 189 720 121 683 237 925 701 368 886 398 650 387 462 818 208 842 963 848 995 656 826 848 455 854 146 40 345 217 551 137 886 364 9 169 682 930 651 563 128 826 119 247 571 586 324 727 419 667 95 936 755 280 139 81 758 876 744 812 547 303 499 823 929 530 514 911 917 
230 285 845 726 714 540 421 637 0 612 586 402 326 674 580 772 627 100 888 800 919 496 901 694 734 289 153 269 470 766 465 663 9 155 361 278 218 512 645 563 19 20 921 726 572 702 6 386 141 87 40 605 892 904 537 772 496 980 123 432 770 428 356 671 941 432 370 557 469 501 136 526 622 428 871 640 230 94 962 454 
16 291 900 560 508 257 162 77 612 0 871 879 369 972 547 57 201 123 23 167 565 837 701 609 888 927 684 500 421 76 896 362 952 780 787 945 596 294 721 723 8 106 279 679 28 563 269 320 850 281 189 633 685 160 988 575 690 676 484 327 818 698 888 920 394 486 656 288 909 873 383 504 873 152 271 380 596 826 592 593 
272 707 264 425 653 131 236 80 586 871 0 558 939 922 141 691 54 367 627 206 703 337 462 113 201 513 408 597 532 948 870 230 857 668 195 421 492 128 272 750 785 461 216 887 330 788 592 588 264 191 271 521 503 567 370 379 360 104 475 415 490 620 56 77 194 723 460 261 61 723 279 784 290 429 452 634 420 610 31 862 
423 425 802 203 300 121 155 554 402 879 558 0 630 708 955 967 64 570 992 673 507 772 883 915 770 666 452 88 124 964 938 651 322 333 839 520 492 110 734 866 385 535 416 484 8 149 802 388 585 865 619 598 762 607 939 135 507 297 772 318 880 3 97 513 588 571 556 252 796 904 740 125 472 882 553 270 300 525 714 279 
148 695 419 631 479 292 681 904 326 369 939 630 0 521 471 1 596 439 976 285 765 900 910 671 609 302 510 396 140 562 627 390 414 296 171 637 329 548 921 652 583 689 262 87 814 972 901 785 808 836 372 647 301 125 349 487 983 991 330 526 51 855 473 662 267 62 272 735 501 542 328 843 348 333 313 271 43 515 700 41 
309 738 126 422 571 928 717 189 674 972 922 708 521 0 210 4 663 780 784 600 588 674 236 761 751 508 387 573 802 112 591 750 355 798 454 462 67 980 832 641 959 211 931 283 919 586 514 346 728 166 297 143 556 60 10 376 266 616 483 506 420 408 670 139 303 866 428 278 912 704 983 171 662 939 25 894 259 656 281 622 
659 824 826 412 693 40 579 720 580 547 141 955 471 210 0 954 292 815 761 558 872 685 613 421 306 205 788 209 823 523 759 950 846 391 955 374 435 446 733 730 708 42 164 403 45 899 837 967 838 938 614 277 518 465 630 56 919 604 114 723 169 368 750 156 242 546 762 952 291 634 527 90 571 694 598 479 565 507 604 24 
702 821 659 148 956 157 327 121 772 57 691 967 1 4 954 0 880 805 204 393 23 574 692 574 283 613 66 661 463 354 373 54 53 912 316 826 760 572 279 105 392 743 237 690 996 459 613 492 195 423 198 624 61 114 717 810 958 378 648 975 705 110 539 185 999 730 485 982 642 464 434 966 704 971 171 490 366 513 183 189 
265 1 793 807 691 594 801 683 627 201 54 64 596 663 292 880 0 576 777 798 576 949 414 394 603 683 628 668 281 45 780 715 794 420 99 745 779 534 724 18 315 188 119 905 893 770 693 421 89 569 763 823 46 727 949 698 918 617 830 565 720 78 696 685 963 63 880 686 134 121 168 443 665 731 352 115 75 363 722 955 
847 41 8 976 971 294 200 237 100 123 367 570 439 780 815 805 576 0 176 108 930 971 110 794 58 567 504 778 753 567 764 466 724 957 376 436 152 303 644 619 825 710 61 836 30 915 830 183 510 984 817 973 607 593 683 77 120 783 453 303 556 207 863 905 950 3 168 838 31 419 439 287 264 780 981 586 252 639 713 706 
549 418 33 964 53 458 957 925 888 23 627 992 976 784 761 204 777 176 0 547 176 21 331 346 105 530 554 995 491 421 39 824 294 81 587 969 990 140 58 787 88 868 894 343 729 855 319 120 184 541 723 348 982 176 862 428 556 643 448 791 698 609 301 215 342 902 950 56 349 315 973 643 460 248 402 23 816 634 745 77 
779 300 151 380 877 849 424 701 800 167 206 673 285 600 558 393 798 108 547 0 321 762 202 811 889 342 572 953 626 572 112 765 486 738 594 951 919 441 235 651 694 463 573 83 390 542 949 854 659 45 789 941 890 43 118 698 42 199 703 776 52 513 652 548 926 664 721 108 737 421 26 862 16 801 797 892 988 52 668 43 
1 936 868 479 26 705 885 368 919 565 703 507 765 588 872 23 576 930 176 321 0 393 942 587 824 527 895 840 547 258 927 923 29 25 809 827 13 291 334 538 502 128 91 489 303 624 253 454 214 214 797 207 452 805 886 879 20 403 957 97 620 708 51 386 74 588 656 688 600 24 727 296 148 780 601 402 644 992 624 696 
547 157 845 546 207 770 464 886 496 837 337 772 900 674 685 574 949 971 21 762 393 0 7 246 690 899 824 449 838 979 668 30 676 47 553 569 407 223 206 376 365 158 302 831 417 334 526 153 879 411 198 909 31 873 794 175 787 528 21 464 925 400 653 638 791 237 134 23 260 746 329 72 490 104 138 834 207 993 87 864 
676 39 818 292 100 834 669 398 901 701 462 883 910 236 613 692 414 110 331 202 942 7 0 605 826 451 109 323 144 473 662 716 294 978 189 507 5 163 773 794 940 413 285 226 717 272 458 305 669 976 738 879 830 188 523 41 819 57 384 609 784 649 4 896 375 547 86 209 898 456 228 813 472 238 912 643 822 490 5 576 
566 952 382 527 968 137 472 650 694 609 113 915 671 761 421 574 394 794 346 811 587 246 605 0 824 901 975 207 58 573 314 23 262 424 960 642 812 25 854 775 244 793 921 309 872 516 432 939 519 266 45 930 959 666 180 328 429 850 157 283 79 977 505 934 534 419 322 912 599 664 620 570 866 275 863 387 599 342 896 387 
611 4 650 651 772 593 818 387 734 888 201 770 609 751 306 283 603 58 105 889 824 690 826 824 0 117 381 158 165 64 509 213 433 381 39 911 623 456 963 965 790 956 402 423 565 374 64 386 722 356 26 136 950 389 782 938 505 21 475 516 437 537 269 955 934 452 426 359 453 513 14 254 842 317 296 158 831 445 889 608 
337 70 874 375 26 750 831 462 289 927 513 666 302 508 205 613 683 567 530 342 527 899 451 901 117 0 470 327 965 530 110 202 246 259 531 864 806 239 348 496 205 119 52 83 122 963 428 578 250 248 227 94 184 811 118 714 557 86 648 106 735 525 939 862 107 30 216 718 339 504 514 925 987 161 640 590 134 502 56 608 
189 531 986 139 527 203 225 818 153 684 408 452 510 387 788 66 628 504 554 572 895 824 109 975 381 470 0 948 748 592 52 297 929 137 247 869 847 356 230 298 601 52 466 37 105 208 697 22 588 269 313 535 6 636 700 610 910 218 570 183 627 683 386 29 770 484 893 797 301 562 604 81 14 847 326 160 427 696 821 641 
776 27 455 515 477 836 665 208 269 500 597 88 396 573 209 661 668 778 995 953 840 449 323 207 158 327 948 0 5 303 105 872 107 74 356 186 437 436 466 177 823 892 793 619 15 537 217 631 460 436 971 931 45 7 47 184 915 493 736 404 284 25 96 561 716 105 492 514 113 780 513 348 221 174 556 382 519 698 230 318 
187 746 389 164 928 139 272 842 470 421 532 124 140 802 823 463 281 753 491 626 547 838 144 58 165 965 748 5 0 762 974 557 797 19 342 868 94 623 238 111 549 808 297 900 948 124 888 34 847 605 487 752 239 747 253 624 559 327 643 409 760 638 46 447 594 284 713 172 949 489 14 688 99 412 620 891 762 39 922 242 
973 728 97 983 253 256 562 963 766 76 948 964 562 112 523 354 45 567 421 572 258 979 473 573 64 530 592 303 762 0 223 388 765 561 953 111 784 172 651 646 102 857 938 208 973 775 998 745 164 629 242 358 657 358 163 250 292 232 855 51 219 661 392 269 412 550 640 833 18 151 776 549 737 976 779 42 485 969 285 506 
918 673 473 138 141 185 646 848 465 896 870 938 627 591 759 373 780 764 39 112 927 668 662 314 509 110 52 105 974 223 0 337 555 476 42 432 41 73 733 373 124 860 692 613 56 371 659 537 444 895 440 807 794 935 468 130 764 483 840 685 301 644 490 896 599 580 764 650 96 809 445 164 74 902 964 488 880 564 509 255 
39 292 562 83 773 299 519 995 663 362 230 651 390 750 950 54 715 466 824 765 923 30 716 23 213 202 297 872 557 388 337 0 843 912 9 167 90 529 831 320 878 659 728 562 478 670 736 956 464 42 246 481 15 664 525 29 14 267 573 472 976 724 800 496 264 159 401 333 580 326 132 410 256 783 466 10 815 570 850 745 
907 479 138 206 998 173 179 656 9 952 857 322 414 355 846 53 794 724 294 486 29 676 294 262 433 246 929 107 797 765 555 843 0 495 545 677 677 334 610 735 498 234 544 185 149 231 906 963 23 458 609 78 921 793 297 357 277 310 940 456 7 110 674 843 753 773 449 817 740 295 631 916 910 588 430 803 383 626 90 166 
34 458 796 995 630 730 503 826 155 780 668 333 296 798 391 912 420 957 81 738 25 47 978 424 381 259 137 74 19 561 476 912 495 0 248 699 157 828 319 908 677 915 123 472 909 85 681 835 290 844 515 653 912 873 151 340 319 24 745 651 469 479 140 389 316 964 20 256 925 115 163 483 136 20 983 795 791 376 281 484 
697 150 511 436 160 212 836 848 361 787 195 839 171 454 955 316 99 376 587 594 809 553 189 960 39 531 247 356 342 953 42 9 545 248 0 643 90 178 890 878 801 179 770 415 453 221 597 490 174 799 572 336 148 854 7 311 617 529 422 382 332 581 226 126 128 513 867 67 364 101 576 269 389 598 860 790 607 751 722 75 
461 591 105 650 369 961 320 455 278 945 421 520 637 462 374 826 745 436 969 951 827 569 507 642 911 864 869 186 868 111 432 167 677 699 643 0 958 966 36 971 681 598 892 296 404 438 328 607 30 561 273 648 18 533 306 204 892 619 464 901 347 263 816 906 292 664 102 146 64 940 710 63 453 162 218 869 450 764 890 805 
688 30 500 989 356 682 223 854 218 596 492 492 329 67 435 760 779 152 990 919 13 407 5 812 623 806 847 437 94 784 41 90 677 157 90 958 0 53 511 803 755 427 209 569 231 562 921 116 249 762 131 847 777 119 629 480 855 135 626 573 899 760 83 49 279 284 994 609 562 847 313 232 89 325 142 21 682 487 22 643 
176 53 822 937 939 703 448 146 512 294 128 110 548 980 446 572 534 303 140 441 291 223 163 25 456 239 356 436 623 172 73 529 334 828 178 966 53 0 660 903 502 683 390 244 720 397 594 712 353 465 222 503 777 732 695 819 105 602 260 954 61 317 278 619 640 184 93 994 224 684 289 761 190 411 253 888 70 83 201 280 
292 752 89 202 669 221 64 40 645 721 272 734 921 832 733 279 724 644 58 235 334 206 773 854 963 348 230 466 238 651 733 831 610 319 890 36 511 660 0 915 530 11 350 549 983 345 702 430 942 379 321 354 388 696 715 510 255 154 891 234 73 254 643 762 224 623 933 643 300 918 604 840 423 222 247 607 50 74 218 618 
828 671 198 991 668 78 742 345 563 723 750 866 652 641 730 105 18 619 787 651 538 376 794 775 965 496 298 177 111 646 373 320 735 908 878 971 803 903 915 0 56 755 450 539 664 360 202 681 606 661 5 299 609 254 211 164 745 811 5 827 48 983 933 866 593 161 348 564 387 326 884 638 63 383 504 967 517 321 226 856 
927 808 897 69 146 643 478 217 19 8 785 385 583 959 708 392 315 825 88 694 502 365 940 244 790 205 601 823 549 102 124 878 498 677 801 681 755 502 530 56 0 993 780 459 148 394 301 475 605 536 951 792 442 758 576 373 940 117 8 148 57 339 601 129 6 682 322 741 41 996 344 704 738 386 937 171 505 294 566 415 
891 964 719 990 477 454 895 551 20 106 461 535 689 211 42 743 188 710 868 463 128 158 413 793 956 119 52 892 808 857 860 659 234 915 179 598 427 683 11 755 993 0 379 836 383 748 458 260 977 682 736 704 740 53 150 388 885 222 716 495 393 711 855 630 74 394 13 54 62 727 157 454 438 709 341 861 681 708 873 1000 
811 119 600 728 884 950 858 137 921 279 216 416 262 931 164 237 119 61 894 573 91 302 285 921 402 52 466 793 297 938 692 728 544 123 770 892 209 390 350 450 780 379 0 841 838 331 860 236 629 626 483 773 944 744 330 666 856 687 902 947 808 683 937 639 529 382 323 646 759 661 458 27 15 21 518 796 149 962 605 983 
807 83 826 628 224 29 66 886 726 679 887 484 87 283 403 690 905 836 343 83 489 831 226 309 423 83 37 619 900 208 613 562 185 472 415 296 569 244 549 539 459 836 841 0 59 430 302 23 180 423 861 883 959 785 9 506 219 773 599 88 335 247 814 911 71 852 47 23 109 590 337 672 148 432 117 451 433 378 681 119 
960 652 996 355 23 514 292 364 572 28 330 8 814 919 45 996 893 30 729 390 303 417 717 872 565 122 105 15 948 973 56 478 149 909 453 404 231 720 983 664 148 383 838 59 0 175 433 106 581 481 259 669 589 573 251 23 370 457 865 974 617 619 490 221 418 522 551 769 213 353 47 459 228 21 959 203 514 17 600 760 
719 947 583 55 185 782 104 9 702 563 788 149 972 586 899 459 770 915 855 542 624 334 272 516 374 963 208 537 124 775 371 670 231 85 221 438 562 397 345 360 394 748 331 430 175 0 896 114 483 164 203 622 86 646 637 929 444 149 842 884 639 151 740 764 283 181 563 390 158 334 410 437 503 225 145 765 337 715 33 934 
511 222 199 588 203 800 115 169 6 269 592 802 901 514 837 613 693 830 319 949 253 526 458 432 64 428 697 217 888 998 659 736 906 681 597 328 921 594 702 202 301 458 860 302 433 896 0 877 116 822 200 850 606 686 880 459 104 780 184 340 134 83 82 218 208 622 918 32 668 937 11 232 249 192 321 243 218 19 337 709 
429 665 566 765 735 38 138 682 386 320 588 388 785 346 967 492 421 183 120 854 454 153 305 939 386 578 22 631 34 745 537 956 963 835 490 607 116 712 430 681 475 260 236 23 106 114 877 0 243 35 764 698 827 168 780 618 634 362 661 867 746 459 284 634 39 985 869 629 651 154 54 44 504 871 655 988 358 26 166 866 
