9 2
0 544 248 188 403 797 943 330 465 
544 0 593 832 430 229 370 990 25 
248 593 0 391 147 340 377 902 689 
188 832 391 0 407 549 47 345 776 
403 430 147 407 0 434 137 327 945 
797 229 340 549 434 0 385 778 220 
943 370 377 47 137 385 0 273 211 
330 990 902 345 327 778 273 0 128 
465 25 689 776 945 220 211 128 0 
0 625 169 154 47 285 893 785 265 
625 0 838 515 547 51 617 745 495 
169 838 0 281 790 848 298 836 858 
154 515 281 0 543 282 332 903 615 
47 547 790 543 0 535 96 67 329 
285 51 848 282 535 0 752 706 282 
893 617 298 332 96 752 0 433 442 
785 745 836 903 67 706 433 0 156 
265 495 858 615 329 282 442 156 0 
0 414 578 468 660 405 764 909 147 
414 0 630 810 905 397 568 386 886 
578 630 0 758 698 813 548 69 275 
468 810 758 0 254 323 100 14 285 
660 905 698 254 0 143 668 709 750 
405 397 813 323 143 0 972 150 193 
764 568 548 100 668 972 0 940 179 
909 386 69 14 709 150 940 0 415 
147 886 275 285 750 193 179 415 0 
