90 4
0 86 386 495 712 990 379 527 757 93 223 973 671 299 918 226 952 825 85 807 684 725 997 205 740 339 327 477 413 236 699 895 454 857 354 517 209 46 605 946 180 948 195 299 911 718 643 5 535 459 621 155 311 763 96 537 348 667 644 752 924 843 129 364 382 858 14 155 284 722 708 591 794 819 470 990 330 868 265 303 820 150 868 424 587 996 911 831 811 789 
86 0 254 169 584 403 132 240 413 393 836 169 598 363 197 572 926 540 360 346 61 580 513 340 463 592 593 101 589 455 746 650 114 480 742 626 475 799 444 564 502 661 711 167 846 598 436 920 760 127 419 883 300 282 106 323 517 961 765 165 367 442 459 778 643 581 119 716 513 844 129 558 230 652 120 249 279 377 958 621 764 836 495 679 25 155 636 589 183 716 
386 254 0 886 193 818 364 280 340 114 108 553 308 137 630 652 213 981 662 43 562 423 980 57 837 805 452 985 243 678 151 446 684 414 742 674 300 874 448 553 76 927 182 236 648 593 776 349 782 6 767 501 392 16 194 42 596 608 628 89 389 624 135 147 666 193 867 669 539 876 374 954 355 768 992 888 250 472 656 589 564 934 499 631 373 99 367 286 795 432 
495 169 886 0 512 604 595 449 488 82 30 616 534 534 156 183 638 946 552 976 14 689 400 403 525 891 662 11 300 30 592 61 880 51 409 26 543 932 214 173 426 82 75 280 4 313 333 498 490 106 433 448 560 134 1 425 433 514 910 216 391 856 436 285 93 199 708 427 32 994 295 762 736 235 352 442 864 327 615 750 492 720 508 433 525 231 167 128 172 428 
712 584 193 512 0 977 87 860 731 841 661 538 439 335 708 784 469 505 361 145 860 709 518 700 907 550 185 197 901 424 729 922 744 619 80 746 154 632 811 957 908 926 520 430 791 85 859 442 838 836 677 601 984 836 846 340 917 519 463 748 213 933 80 771 151 391 341 784 118 584 882 244 237 294 280 173 60 536 127 205 875 569 878 567 461 995 356 669 413 191 
990 403 818 604 977 0 102 241 37 192 271 621 186 854 912 714 741 966 15 729 252 280 748 138 461 325 168 344 805 631 357 403 169 965 520 474 135 812 3 412 607 803 294 350 312 824 293 485 529 766 116 275 931 79 527 474 497 539 144 104 901 13 145 372 274 266 461 714 423 212 435 205 823 341 82 49 523 711 987 726 267 369 942 424 682 729 97 289 878 301 
379 132 364 595 87 102 0 498 937 336 778 279 745 854 984 22 391 37 216 785 960 142 381 5 276 444 937 756 220 414 654 571 621 152 10 60 593 744 833 96 176 620 514 810 524 602 428 119 742 69 998 566 415 140 400 768 735 963 243 12 649 540 384 985 123 838 883 279 634 121 582 978 333 141 242 929 781 21 110 456 454 535 421 154 692 203 286 551 984 292 
527 240 280 449 860 241 498 0 328 474 579 903 563 797 310 138 404 331 803 717 326 589 610 144 815 416 771 640 655 846 345 656 69 40 410 229 314 865 749 549 923 248 608 373 977 23 82 895 742 738 153 592 537 110 689 847 581 900 851 639 737 673 748 965 599 451 350 533 214 365 359 135 532 558 96 413 7 733 77 571 259 478 930 580 603 885 514 980 562 586 
757 413 340 488 731 37 937 328 0 421 165 705 262 773 139 348 555 628 118 625 650 525 336 208 563 760 456 389 604 763 22 886 982 474 361 35 177 240 126 948 987 36 580 730 233 496 4 437 100 440 890 612 793 354 968 711 654 297 414 649 278 514 366 850 570 168 481 120 229 518 743 585 223 401 255 19 544 156 867 181 161 256 848 409 342 298 571 310 949 564 
93 393 114 82 841 192 336 474 421 0 509 707 549 275 400 154 971 721 682 943 950 370 173 627 710 420 441 116 358 271 816 76 742 836 259 129 445 575 99 914 665 990 961 998 399 122 802 216 200 92 234 853 179 862 322 232 488 291 395 812 826 554 618 634 161 892 173 85 813 666 114 456 305 668 818 700 847 663 654 651 295 755 433 254 33 258 591 529 406 440 
223 836 108 30 661 271 778 579 165 509 0 626 930 280 231 957 908 437 87 167 546 279 977 493 219 915 198 966 870 305 252 399 142 78 325 515 160 11 852 980 732 190 595 128 436 742 568 367 238 653 917 684 244 159 124 462 705 384 88 915 748 668 461 485 574 671 52 259 327 373 915 832 183 690 69 933 521 711 621 548 973 819 189 797 856 239 239 591 455 429 
973 169 553 616 538 621 279 903 705 707 626 0 814 433 476 793 228 39 152 889 46 682 765 570 90 512 837 476 357 414 848 520 190 151 39 690 291 262 854 458 126 690 377 491 803 220 615 387 726 580 269 206 320 524 654 916 373 167 226 202 117 806 886 145 908 451 33 799 465 626 874 825 382 21 103 378 247 818 714 898 139 660 483 319 513 44 229 6 177 860 
671 598 308 534 439 186 745 563 262 549 930 814 0 810 559 737 980 580 932 600 91 778 274 537 993 406 113 886 493 388 618 840 238 87 570 666 477 811 558 793 707 949 509 573 387 430 695 737 437 220 521 424 845 103 298 384 276 702 514 825 450 343 990 175 809 654 794 864 379 113 926 879 315 583 23 688 779 137 825 350 510 301 676 47 146 846 41 688 306 861 
299 363 137 534 335 854 854 797 773 275 280 433 810 0 683 300 133 774 793 884 21 782 495 805 811 243 445 639 726 880 300 616 421 213 979 164 387 782 493 902 3 699 1 718 775 64 968 328 118 694 179 682 198 109 633 462 101 576 529 387 771 889 102 694 78 990 886 226 975 784 950 274 608 409 285 91 725 722 649 309 590 216 610 461 408 229 151 200 22 968 
918 197 630 156 708 912 984 310 139 400 231 476 559 683 0 663 466 520 788 192 493 511 451 35 144 844 974 808 68 138 715 218 807 261 992 686 931 903 258 564 924 587 752 817 724 509 685 462 861 556 58 507 929 526 16 973 821 852 303 45 943 533 182 564 136 429 261 64 693 261 155 496 794 597 231 66 327 260 960 86 788 721 289 508 205 476 666 382 74 581 
226 572 652 183 784 714 22 138 348 154 957 793 737 300 663 0 266 942 912 457 953 102 128 798 190 337 648 476 247 300 44 912 987 334 501 179 213 45 398 575 492 424 571 281 801 6 700 135 259 487 737 254 536 491 420 158 45 361 896 991 611 451 412 374 511 184 683 607 824 932 64 175 842 521 223 645 487 562 897 390 713 831 534 851 606 71 664 194 730 46 
952 926 213 638 469 741 391 404 555 971 908 228 980 133 466 266 0 390 131 113 459 361 276 248 481 739 38 15 450 853 849 160 644 250 667 345 499 518 785 879 867 116 797 610 486 813 712 263 718 337 364 182 210 58 975 4 424 662 270 225 991 622 653 840 563 534 198 845 97 104 527 997 715 484 268 562 516 640 94 39 472 312 867 745 720 917 495 635 432 740 
825 540 981 946 505 966 37 331 628 721 437 39 580 774 520 942 390 0 27 507 806 502 475 511 175 663 801 845 588 475 201 893 543 943 746 742 759 409 369 240 709 749 330 952 285 365 790 440 798 53 76 647 124 486 482 10 27 992 695 306 55 979 694 714 26 991 917 149 305 995 626 120 570 260 615 75 152 678 871 751 830 276 165 63 885 455 85 39 500 592 
85 360 662 552 361 15 216 803 118 682 87 152 932 793 788 912 131 27 0 934 10 731 335 451 589 162 374 861 553 817 578 842 313 102 542 338 133 19 90 504 890 854 923 950 888 750 260 623 455 389 666 907 185 262 477 131 944 707 564 67 220 45 46 536 25 572 930 134 101 578 785 450 717 22 866 185 156 682 896 911 722 867 720 564 589 439 167 162 406 103 
807 346 43 976 145 729 785 717 625 943 167 889 600 884 192 457 113 507 934 0 975 278 942 314 443 76 557 667 879 128 418 355 274 439 626 433 445 749 27 680 933 36 954 89 554 566 82 225 777 942 99 868 809 929 577 290 701 374 505 25 697 629 604 23 160 408 171 50 780 549 842 631 952 290 33 250 814 677 798 176 440 415 612 931 134 480 910 155 45 145 
684 61 562 14 860 252 960 326 650 950 546 46 91 21 493 953 459 806 10 975 0 824 776 541 336 669 802 568 674 116 202 38 958 581 338 154 100 782 139 97 314 132 170 524 131 733 112 347 510 491 428 640 311 502 20 731 138 645 982 736 560 436 58 528 298 546 314 154 744 673 792 321 782 154 33 419 913 843 350 525 364 888 950 812 563 170 525 348 645 803 
725 580 423 689 709 280 142 589 525 370 279 682 778 782 511 102 361 502 731 278 824 0 99 623 271 891 934 412 383 361 56 918 694 593 421 873 713 127 899 452 419 799 715 497 915 456 643 712 499 696 332 742 742 491 782 137 108 818 122 297 729 531 419 557 900 679 304 514 20 199 330 844 274 231 209 733 685 246 325 928 440 65 512 958 62 446 627 389 7 984 
997 513 980 400 518 748 381 610 336 173 977 765 274 495 451 128 276 475 335 942 776 99 0 377 720 712 534 414 914 822 689 420 836 785 624 738 827 746 921 632 622 602 69 17 282 558 733 261 581 802 758 129 274 676 678 426 302 585 760 938 569 853 630 428 449 696 972 228 988 898 481 963 564 649 869 844 267 479 400 803 846 403 446 817 617 890 548 639 201 571 
205 340 57 403 700 138 5 144 208 627 493 570 537 805 35 798 248 511 451 314 541 623 377 0 942 394 317 853 159 92 616 119 529 857 207 856 698 667 686 177 430 247 613 787 700 699 632 722 244 17 134 390 483 220 237 771 784 820 236 542 920 7 428 63 445 930 153 13 547 25 870 757 544 469 437 698 739 558 293 531 450 904 16 821 209 322 528 576 56 323 
740 463 837 525 907 461 276 815 563 710 219 90 993 811 144 190 481 175 589 443 336 271 720 942 0 964 777 378 300 346 132 719 707 211 66 693 689 722 3 362 444 49 3 771 632 846 217 706 144 894 941 621 223 515 943 279 202 28 924 74 751 455 795 541 800 597 844 28 928 64 863 260 105 830 451 38 940 865 867 793 704 306 765 111 398 630 824 132 233 934 
339 592 805 891 550 325 444 416 760 420 915 512 406 243 844 337 739 663 162 76 669 891 712 394 964 0 452 891 878 554 185 454 199 727 724 31 665 653 369 482 403 31 251 666 818 161 979 126 477 98 495 17 667 186 105 775 728 542 348 905 774 291 928 587 711 459 364 815 589 112 422 598 228 671 865 482 598 666 7 67 269 831 760 936 65 510 930 89 345 162 
327 593 452 662 185 168 937 771 456 441 198 837 113 445 974 648 38 801 374 557 802 934 534 317 777 452 0 473 430 245 926 925 135 390 216 899 350 152 414 464 1000 685 487 512 482 842 288 896 94 633 335 553 581 246 338 273 699 747 20 983 941 886 367 538 849 340 113 763 12 40 146 75 765 821 14 568 249 627 312 675 247 747 32 104 310 479 754 322 22 242 
477 101 985 11 197 344 756 640 389 116 966 476 886 639 808 476 15 845 861 667 568 412 414 853 378 891 473 0 300 1000 93 541 677 574 431 195 859 211 387 923 57 816 617 415 956 756 821 928 524 284 749 106 583 673 733 231 727 899 524 385 117 278 868 38 710 807 115 781 445 418 817 947 663 189 195 228 452 699 416 301 824 706 794 860 149 547 58 283 159 961 
413 589 243 300 901 805 220 655 604 358 870 357 493 726 68 247 450 588 553 879 674 383 914 159 300 878 430 300 0 451 474 743 135 536 54 727 909 70 588 2 730 743 470 755 322 619 311 836 951 870 506 32 614 767 487 295 85 697 153 998 439 172 410 430 76 260 211 217 556 453 957 584 857 618 516 108 981 126 158 995 733 216 521 936 328 397 636 790 119 638 
236 455 678 30 424 631 414 846 763 271 305 414 388 880 138 300 853 475 817 128 116 361 822 92 346 554 245 1000 451 0 562 834 264 660 166 413 179 544 146 367 341 427 763 189 465 113 725 629 894 826 809 160 356 66 128 342 576 605 437 543 354 143 29 9 356 809 859 1 678 348 417 862 912 208 739 693 770 805 550 336 2 289 206 815 974 467 471 679 745 463 
699 746 151 592 729 357 654 345 22 816 252 848 618 300 715 44 849 201 578 418 202 56 689 616 132 185 926 93 474 562 0 686 336 735 802 897 901 75 672 902 925 425 61 757 914 952 737 851 544 680 45 208 938 943 715 539 837 817 965 85 329 347 638 887 238 833 461 523 835 667 887 860 349 70 757 564 322 167 119 854 245 365 240 727 158 281 740 170 148 672 
895 650 446 61 922 403 571 656 886 76 399 520 840 616 218 912 160 893 842 355 38 918 420 119 719 454 925 541 743 834 686 0 501 917 589 766 245 961 1000 357 691 4 717 71 443 537 150 287 242 366 971 403 410 818 290 722 327 160 116 870 152 285 710 621 849 455 557 208 935 21 157 410 613 513 858 754 154 34 736 784 493 544 866 100 787 600 567 960 794 257 
454 114 684 880 744 169 621 69 982 742 142 190 238 421 807 987 644 543 313 274 958 694 836 529 707 199 135 677 135 264 336 501 0 543 471 872 56 718 144 596 270 710 188 747 598 283 487 842 941 427 128 126 456 378 315 589 314 818 713 843 181 315 620 898 292 646 516 459 825 385 679 246 963 923 892 673 682 155 639 927 827 714 250 853 428 63 424 807 891 14 
857 480 414 51 619 965 152 40 474 836 78 151 87 213 261 334 250 943 102 439 581 593 785 857 211 727 390 574 536 660 735 917 543 0 181 757 562 706 838 15 507 988 593 402 226 123 211 124 624 896 114 749 758 925 943 698 152 101 633 174 977 88 348 745 995 274 322 92 67 535 41 116 548 540 712 260 399 163 614 730 888 968 357 856 737 22 406 998 119 198 
354 742 742 409 80 520 10 410 361 259 325 39 570 979 992 501 667 746 542 626 338 421 624 207 66 724 216 431 54 166 802 589 471 181 0 303 141 955 172 249 850 512 239 646 406 701 55 824 83 116 193 293 895 144 256 536 933 585 926 259 811 82 434 590 711 742 390 171 407 278 136 809 263 117 83 395 632 480 913 352 903 561 511 728 352 597 555 727 855 508 
517 626 674 26 746 474 60 229 35 129 515 690 666 164 686 179 345 742 338 433 154 873 738 856 693 31 899 195 727 413 897 766 872 757 303 0 33 317 780 822 27 187 275 930 50 577 519 579 749 355 247 759 925 755 736 415 364 894 940 750 308 490 390 305 398 387 305 505 265 367 638 869 26 637 743 237 327 33 91 51 873 249 763 893 909 922 308 370 460 627 
209 475 300 543 154 135 593 314 177 445 160 291 477 387 931 213 499 759 133 445 100 713 827 698 689 665 350 859 909 179 901 245 56 562 141 33 0 554 931 515 954 541 357 203 114 600 385 104 283 769 486 373 226 808 784 975 657 84 745 449 314 864 448 519 653 919 429 495 319 861 433 543 883 119 717 552 436 709 793 314 842 383 368 843 331 729 11 921 331 569 
46 799 874 932 632 812 744 865 240 575 11 262 811 782 903 45 518 409 19 749 782 127 746 667 722 653 152 211 70 544 75 961 718 706 955 317 554 0 25 193 57 991 625 901 911 968 269 138 89 733 906 70 861 578 494 104 50 340 790 877 267 934 417 641 912 168 912 616 109 764 800 68 775 138 854 238 168 348 544 101 735 903 938 987 268 349 980 522 790 5 
605 444 448 214 811 3 833 749 126 99 852 854 558 493 258 398 785 369 90 27 139 899 921 686 3 369 414 387 588 146 672 1000 144 838 172 780 931 25 0 750 285 511 485 705 60 673 703 542 280 249 790 645 155 201 912 973 738 459 504 283 371 843 929 673 448 347 925 688 875 964 445 245 32 95 608 522 278 626 908 464 802 158 704 965 414 992 549 528 116 324 
946 564 553 173 957 412 96 549 948 914 980 458 793 902 564 575 879 240 504 680 97 452 632 177 362 482 464 923 2 367 902 357 596 15 249 822 515 193 750 0 241 423 273 950 837 659 609 678 592 91 533 814 754 19 380 957 508 36 936 895 736 755 358 165 739 270 545 246 79 857 293 314 249 106 983 824 917 445 511 597 798 962 783 681 419 506 405 399 50 479 
180 502 76 426 908 607 176 923 987 665 732 126 707 3 924 492 867 709 890 933 314 419 622 430 444 403 1000 57 730 341 925 691 270 507 850 27 954 57 285 241 0 74 133 877 481 949 719 478 217 832 453 447 304 319 965 298 78 468 358 84 978 608 909 827 871 177 437 398 598 12 10 712 771 850 692 63 822 120 785 456 587 552 551 855 267 948 532 636 689 16 
948 661 927 82 926 803 620 248 36 990 190 690 949 699 587 424 116 749 854 36 132 799 602 247 49 31 685 816 743 427 425 4 710 988 512 187 541 991 511 423 74 0 397 503 205 35 604 167 468 561 802 570 594 860 397 866 439 358 214 64 827 404 495 665 72 347 110 240 284 467 988 991 35 341 745 434 780 969 867 388 512 65 159 676 641 224 905 105 748 93 
195 711 182 75 520 294 514 608 580 961 595 377 509 1 752 571 797 330 923 954 170 715 69 613 3 251 487 617 470 763 61 717 188 593 239 275 357 625 485 273 133 397 0 746 60 593 198 267 427 78 970 717 775 681 599 123 31 710 673 71 516 723 322 105 243 175 605 968 306 676 212 930 922 109 491 553 239 728 123 967 182 224 139 251 188 50 275 252 984 918 
299 167 236 280 430 350 810 373 730 998 128 491 573 718 817 281 610 952 950 89 524 497 17 787 771 666 512 415 755 189 757 71 747 402 646 930 203 901 705 950 877 503 746 0 518 520 952 918 819 447 540 904 509 520 479 623 452 958 76 638 481 11 943 838 827 152 428 21 286 930 703 751 672 733 810 732 825 723 340 317 566 524 468 812 967 335 328 450 890 151 
911 846 648 4 791 312 524 977 233 399 436 803 387 775 724 801 486 285 888 554 131 915 282 700 632 818 482 956 322 465 914 443 598 226 406 50 114 911 60 837 481 205 60 518 0 203 436 621 65 24 927 567 146 184 305 830 662 632 51 940 566 941 623 515 867 368 389 70 356 547 387 393 851 73 519 147 923 763 970 642 938 610 860 678 285 828 360 227 241 28 
718 598 593 313 85 824 602 23 496 122 742 220 430 64 509 6 813 365 750 566 733 456 558 699 846 161 842 756 619 113 952 537 283 123 701 577 600 968 673 659 949 35 593 520 203 0 220 566 685 536 796 179 789 793 576 455 916 412 111 59 908 469 800 644 734 505 215 427 682 328 471 840 549 673 940 765 578 529 102 132 461 369 758 816 106 532 220 721 856 133 
643 436 776 333 859 293 428 82 4 802 568 615 695 968 685 700 712 790 260 82 112 643 733 632 217 979 288 821 311 725 737 150 487 211 55 519 385 269 703 609 719 604 198 952 436 220 0 926 402 583 219 682 231 811 734 289 777 944 90 27 45 653 953 609 968 674 833 290 356 849 243 263 486 257 246 789 733 295 820 199 306 805 932 195 338 154 766 686 289 885 
5 920 349 498 442 485 119 895 437 216 367 387 737 328 462 135 263 440 623 225 347 712 261 722 706 126 896 928 836 629 851 287 842 124 824 579 104 138 542 678 478 167 267 918 621 566 926 0 733 445 346 249 966 315 345 553 365 4 772 669 55 908 211 222 5 617 820 656 28 568 843 229 116 629 75 309 746 706 707 893 359 139 542 105 860 902 126 798 832 138 
535 760 782 490 838 529 742 742 100 200 238 726 437 118 861 259 718 798 455 777 510 499 581 244 144 477 94 524 951 894 544 242 941 624 83 749 283 89 280 592 217 468 427 819 65 685 402 733 0 709 737 605 664 717 931 778 559 94 2 5 129 96 390 752 2 805 386 287 663 385 400 580 60 740 234 851 56 594 418 502 641 14 622 131 973 766 398 977 564 478 
459 127 6 106 836 766 69 738 440 92 653 580 220 694 556 487 337 53 389 942 491 696 802 17 894 98 633 284 870 826 680 366 427 896 116 355 769 733 249 91 832 561 78 447 24 536 583 445 709 0 953 825 459 220 637 893 133 568 745 674 867 599 598 552 60 593 752 382 380 396 556 992 189 739 654 477 917 196 843 33 446 189 369 117 172 989 115 212 392 545 
621 419 767 433 677 116 998 153 890 234 917 269 521 179 58 737 364 76 666 99 428 332 758 134 941 495 335 749 506 809 45 971 128 114 193 247 486 906 790 533 453 802 970 540 927 796 219 346 737 953 0 577 908 750 500 335 569 615 54 888 909 628 754 946 546 352 787 905 482 498 841 261 679 492 59 391 730 61 678 362 210 251 689 39 777 832 324 768 771 184 
155 883 501 448 601 275 566 592 612 853 684 206 424 682 507 254 182 647 907 868 640 742 129 390 621 17 553 106 32 160 208 403 126 749 293 759 373 70 645 814 447 570 717 904 567 179 682 249 605 825 577 0 580 540 721 519 820 124 301 499 964 824 331 609 101 692 520 735 752 706 720 284 515 568 285 592 919 249 246 346 75 186 69 10 133 227 523 290 78 863 
311 300 392 560 984 931 415 537 793 179 244 320 845 198 929 536 210 124 185 809 311 742 274 483 223 667 581 583 614 356 938 410 456 758 895 925 226 861 155 754 304 594 775 509 146 789 231 966 664 459 908 580 0 530 40 794 56 303 814 306 474 759 439 853 104 598 964 324 596 274 333 926 364 655 29 148 208 691 599 407 272 1000 329 438 625 497 289 358 157 773 
763 282 16 134 836 79 140 110 354 862 159 524 103 109 526 491 58 486 262 929 502 491 676 220 515 186 246 673 767 66 943 818 378 925 144 755 808 578 201 19 319 860 681 520 184 793 811 315 717 220 750 540 530 0 816 928 726 898 938 261 227 2 71 108 455 61 257 395 562 949 221 893 727 244 117 993 727 836 643 555 155 746 155 199 754 149 158 564 89 96 
96 106 194 1 846 527 400 689 968 322 124 654 298 633 16 420 975 482 477 577 20 782 678 237 943 105 338 733 487 128 715 290 315 943 256 736 784 494 912 380 965 397 599 479 305 576 734 345 931 637 500 721 40 816 0 605 691 196 655 485 573 420 421 974 450 964 851 128 624 568 533 210 120 835 469 6 976 108 857 304 896 194 348 793 983 105 463 336 460 369 
537 323 42 425 340 474 768 847 711 232 462 916 384 462 973 158 4 10 131 290 731 137 426 771 279 775 273 231 295 342 539 722 589 698 536 415 975 104 973 957 298 866 123 623 830 455 289 553 778 893 335 519 794 928 605 0 376 900 470 62 796 982 380 115 468 48 22 596 517 795 444 73 915 761 498 81 306 355 970 383 675 481 857 902 244 167 742 465 451 886 
348 517 596 433 917 497 735 581 654 488 705 373 276 101 821 45 424 27 944 701 138 108 302 784 202 728 699 727 85 576 837 327 314 152 933 364 657 50 738 508 78 439 31 452 662 916 777 365 559 133 569 820 56 726 691 376 0 527 596 932 408 977 266 935 329 11 882 766 881 609 293 971 11 114 311 240 808 466 730 946 782 740 145 944 39 601 482 925 483 940 
667 961 608 514 519 539 963 900 297 291 384 167 702 576 852 361 662 992 707 374 645 818 585 820 28 542 747 899 697 605 817 160 818 101 585 894 84 340 459 36 468 358 710 958 632 412 944 4 94 568 615 124 303 898 196 900 527 0 444 589 171 523 146 331 374 993 113 859 933 175 199 945 906 474 938 635 78 304 143 639 406 876 787 323 447 424 71 160 179 547 
644 765 628 910 463 144 243 851 414 395 88 226 514 529 303 896 270 695 564 505 982 122 760 236 924 348 20 524 153 437 965 116 713 633 926 940 745 790 504 936 358 214 673 76 51 111 90 772 2 745 54 301 814 938 655 470 596 444 0 146 152 495 488 786 385 398 263 108 891 877 263 961 658 666 194 423 271 659 55 119 253 34 60 394 204 629 277 875 630 147 
752 165 89 216 748 104 12 639 649 812 915 202 825 387 45 991 225 306 67 25 736 297 938 542 74 905 983 385 998 543 85 870 843 174 259 750 449 877 283 895 84 64 71 638 940 59 27 669 5 674 888 499 306 261 485 62 932 589 146 0 835 67 207 534 52 933 386 554 976 596 105 153 144 471 849 764 454 344 792 596 525 569 666 814 385 569 252 660 716 437 
924 367 389 391 213 901 649 737 278 826 748 117 450 771 943 611 991 55 220 697 560 729 569 920 751 774 941 117 439 354 329 152 181 977 811 308 314 267 371 736 978 827 516 481 566 908 45 55 129 867 909 964 474 227 573 796 408 171 152 835 0 816 624 976 24 304 6 187 942 549 72 457 544 265 73 535 215 287 989 771 139 855 457 209 599 198 4 831 644 495 
843 442 624 856 933 13 540 673 514 554 668 806 343 889 533 451 622 979 45 629 436 531 853 7 455 291 886 278 172 143 347 285 315 88 82 490 864 934 843 755 608 404 723 11 941 469 653 908 96 599 628 824 759 2 420 982 977 523 495 67 816 0 110 444 293 3 432 354 561 998 403 535 444 692 587 672 377 95 58 107 446 223 806 431 708 320 359 109 886 401 
129 459 135 436 80 145 384 748 366 618 461 886 990 102 182 412 653 694 46 604 58 419 630 428 795 928 367 868 410 29 638 710 620 348 434 390 448 417 929 358 909 495 322 943 623 800 953 211 390 598 754 331 439 71 421 380 266 146 488 207 624 110 0 475 669 468 516 477 604 247 182 82 574 534 782 871 609 448 474 449 617 332 42 468 359 163 768 874 36 235 
364 778 147 285 771 372 985 965 850 634 485 145 175 694 564 374 840 714 536 23 528 557 428 63 541 587 538 38 430 9 887 621 898 745 590 305 519 641 673 165 827 665 105 838 515 644 609 222 752 552 946 609 853 108 974 115 935 331 786 534 976 444 475 0 159 752 484 727 305 807 850 402 6 285 962 725 282 29 745 988 848 432 405 438 238 965 537 483 388 849 
382 643 666 93 151 274 123 599 570 161 574 908 809 78 136 511 563 26 25 160 298 900 449 445 800 711 849 710 76 356 238 849 292 995 711 398 653 912 448 739 871 72 243 827 867 734 968 5 2 60 546 101 104 455 450 468 329 374 385 52 24 293 669 159 0 608 306 134 321 817 604 177 193 176 138 540 271 48 291 947 750 194 497 18 40 713 546 586 89 367 
858 581 193 199 391 266 838 451 168 892 671 451 654 990 429 184 534 991 572 408 546 679 696 930 597 459 340 807 260 809 833 455 646 274 742 387 919 168 347 270 177 347 175 152 368 505 674 617 805 593 352 692 598 61 964 48 11 993 398 933 304 3 468 752 608 0 26 516 943 736 731 631 344 822 922 239 41 873 769 582 467 51 103 282 915 482 921 88 489 220 
14 119 867 708 341 461 883 350 481 173 52 33 794 886 261 683 198 917 930 171 314 304 972 153 844 364 113 115 211 859 461 557 516 322 390 305 429 912 925 545 437 110 605 428 389 215 833 820 386 752 787 520 964 257 851 22 882 113 263 386 6 432 516 484 306 26 0 361 783 585 60 593 335 889 544 812 821 826 525 616 211 994 523 160 76 330 426 433 190 200 
155 716 669 427 784 714 279 533 120 85 259 799 864 226 64 607 845 149 134 50 154 514 228 13 28 815 763 781 217 1 523 208 459 92 171 505 495 616 688 246 398 240 968 21 70 427 290 656 287 382 905 735 324 395 128 596 766 859 108 554 187 354 477 727 134 516 361 0 562 242 972 549 255 777 956 649 454 992 802 678 435 503 490 495 620 448 888 20 930 77 
284 513 539 32 118 423 634 214 229 813 327 465 379 975 693 824 97 305 101 780 744 20 988 547 928 589 12 445 556 678 835 935 825 67 407 265 319 109 875 79 598 284 306 286 356 682 356 28 663 380 482 752 596 562 624 517 881 933 891 976 942 561 604 305 321 943 783 562 0 774 873 385 516 990 750 779 513 4 246 987 928 550 404 811 830 620 705 771 202 767 
722 844 876 994 584 212 121 365 518 666 373 626 113 784 261 932 104 995 578 549 673 199 898 25 64 112 40 418 453 348 667 21 385 535 278 367 861 764 964 857 12 467 676 930 547 328 849 568 385 396 498 706 274 949 568 795 609 175 877 596 549 998 247 807 817 736 585 242 774 0 660 895 399 312 327 813 792 598 502 702 456 70 422 361 732 736 525 937 609 40 
708 129 374 295 882 435 582 359 743 114 915 874 926 950 155 64 527 626 785 842 792 330 481 870 863 422 146 817 957 417 887 157 679 41 136 638 433 800 445 293 10 988 212 703 387 471 243 843 400 556 841 720 333 221 533 444 293 199 263 105 72 403 182 850 604 731 60 972 873 660 0 580 365 964 536 520 212 926 327 240 629 252 34 498 578 258 545 514 509 335 
591 558 954 762 244 205 978 135 585 456 832 825 879 274 496 175 997 120 450 631 321 844 963 757 260 598 75 947 584 862 860 410 246 116 809 869 543 68 245 314 712 991 930 751 393 840 263 229 580 992 261 284 926 893 210 73 971 945 961 153 457 535 82 402 177 631 593 549 385 895 580 0 925 657 723 382 471 844 765 840 685 675 459 63 573 560 415 722 971 335 
794 230 355 736 237 823 333 532 223 305 183 382 315 608 794 842 715 570 717 952 782 274 564 544 105 228 765 663 857 912 349 613 963 548 263 26 883 775 32 249 771 35 922 672 851 549 486 116 60 189 679 515 364 727 120 915 11 906 658 144 544 444 574 6 193 344 335 255 516 399 365 925 0 884 608 944 255 67 543 793 483 221 200 668 370 447 310 375 921 122 
819 652 768 235 294 341 141 558 401 668 690 21 583 409 597 521 484 260 22 290 154 231 649 469 830 671 821 189 618 208 70 513 923 540 117 637 119 138 95 106 850 341 109 733 73 673 257 629 740 739 492 568 655 244 835 761 114 474 666 471 265 692 534 285 176 822 889 777 990 312 964 657 884 0 832 433 653 486 948 621 301 148 464 25 878 186 178 512 503 863 
470 120 992 352 280 82 242 96 255 818 69 103 23 285 231 223 268 615 866 33 33 209 869 437 451 865 14 195 516 739 757 858 892 712 83 743 717 854 608 983 692 745 491 810 519 940 246 75 234 654 59 285 29 117 469 498 311 938 194 849 73 587 782 962 138 922 544 956 750 327 536 723 608 832 0 836 349 554 403 530 19 198 725 807 881 119 717 515 216 807 
990 249 888 442 173 49 929 413 19 700 933 378 688 91 66 645 562 75 185 250 419 733 844 698 38 482 568 228 108 693 564 754 673 260 395 237 552 238 522 824 63 434 553 732 147 765 789 309 851 477 391 592 148 993 6 81 240 635 423 764 535 672 871 725 540 239 812 649 779 813 520 382 944 433 836 0 629 853 488 199 51 41 99 846 899 589 795 973 83 880 
330 279 250 864 60 523 781 7 544 847 521 247 779 725 327 487 516 152 156 814 913 685 267 739 940 598 249 452 981 770 322 154 682 399 632 327 436 168 278 917 822 780 239 825 923 578 733 746 56 917 730 919 208 727 976 306 808 78 271 454 215 377 609 282 271 41 821 454 513 792 212 471 255 653 349 629 0 214 700 749 185 392 94 482 695 307 757 567 150 245 
868 377 472 327 536 711 21 733 156 663 711 818 137 722 260 562 640 678 682 677 843 246 479 558 865 666 627 699 126 805 167 34 155 163 480 33 709 348 626 445 120 969 728 723 763 529 295 706 594 196 61 249 691 836 108 355 466 304 659 344 287 95 448 29 48 873 826 992 4 598 926 844 67 486 554 853 214 0 183 176 930 832 56 944 621 65 541 380 362 269 
265 958 656 615 127 987 110 77 867 654 621 714 825 649 960 897 94 871 896 798 350 325 400 293 867 7 312 416 158 550 119 736 639 614 913 91 793 544 908 511 785 867 123 340 970 102 820 707 418 843 678 246 599 643 857 970 730 143 55 792 989 58 474 745 291 769 525 802 246 502 327 765 543 948 403 488 700 183 0 247 243 870 970 59 859 304 499 615 946 468 
303 621 589 750 205 726 456 571 181 651 548 898 350 309 86 390 39 751 911 176 525 928 803 531 793 67 675 301 995 336 854 784 927 730 352 51 314 101 464 597 456 388 967 317 642 132 199 893 502 33 362 346 407 555 304 383 946 639 119 596 771 107 449 988 947 582 616 678 987 702 240 840 793 621 530 199 749 176 247 0 752 611 705 785 83 472 999 785 254 438 
820 764 564 492 875 267 454 259 161 295 973 139 510 590 788 713 472 830 722 440 364 440 846 450 704 269 247 824 733 2 245 493 827 888 903 873 842 735 802 798 587 512 182 566 938 461 306 359 641 446 210 75 272 155 896 675 782 406 253 525 139 446 617 848 750 467 211 435 928 456 629 685 483 301 19 51 185 930 243 752 0 678 450 923 584 737 348 613 172 235 
150 836 934 720 569 369 535 478 256 755 819 660 301 216 721 831 312 276 867 415 888 65 403 904 306 831 747 706 216 289 365 544 714 968 561 249 383 903 158 962 552 65 224 524 610 369 805 139 14 189 251 186 1000 746 194 481 740 876 34 569 855 223 332 432 194 51 994 503 550 70 252 675 221 148 198 41 392 832 870 611 678 0 797 950 984 359 153 893 924 832 
868 495 499 508 878 942 421 930 848 433 189 483 676 610 289 534 867 165 720 612 950 512 446 16 765 760 32 794 521 206 240 866 250 357 511 763 368 938 704 783 551 159 139 468 860 758 932 542 622 369 689 69 329 155 348 857 145 787 60 666 457 806 42 405 497 103 523 490 404 422 34 459 200 464 725 99 94 56 970 705 450 797 0 604 498 187 882 956 719 413 
424 679 631 433 567 424 154 580 409 254 797 319 47 461 508 851 745 63 564 931 812 958 817 821 111 936 104 860 936 815 727 100 853 856 728 893 843 987 965 681 855 676 251 812 678 816 195 105 131 117 39 10 438 199 793 902 944 323 394 814 209 431 468 438 18 282 160 495 811 361 498 63 668 25 807 846 482 944 59 785 923 950 604 0 973 880 944 452 640 548 
587 25 373 525 461 682 692 603 342 33 856 513 146 408 205 606 720 885 589 134 563 62 617 209 398 65 310 149 328 974 158 787 428 737 352 909 331 268 414 419 267 641 188 967 285 106 338 860 973 172 777 133 625 754 983 244 39 447 204 385 599 708 359 238 40 915 76 620 830 732 578 573 370 878 881 899 695 621 859 83 584 984 498 973 0 824 662 422 184 51 
996 155 99 231 995 729 203 885 298 258 239 44 846 229 476 71 917 455 439 480 170 446 890 322 630 510 479 547 397 467 281 600 63 22 597 922 729 349 992 506 948 224 50 335 828 532 154 902 766 989 832 227 497 149 105 167 601 424 629 569 198 320 163 965 713 482 330 448 620 736 258 560 447 186 119 589 307 65 304 472 737 359 187 880 824 0 294 213 217 406 
911 636 367 167 356 97 286 514 571 591 239 229 41 151 666 664 495 85 167 910 525 627 548 528 824 930 754 58 636 471 740 567 424 406 555 308 11 980 549 405 532 905 275 328 360 220 766 126 398 115 324 523 289 158 463 742 482 71 277 252 4 359 768 537 546 921 426 888 705 525 545 415 310 178 717 795 757 541 499 999 348 153 882 944 662 294 0 217 831 74 
831 589 286 128 669 289 551 980 310 529 591 6 688 200 382 194 635 39 162 155 348 389 639 576 132 89 322 283 790 679 170 960 807 998 727 370 921 522 528 399 636 105 252 450 227 721 686 798 977 212 768 290 358 564 336 465 925 160 875 660 831 109 874 483 586 88 433 20 771 937 514 722 375 512 515 973 567 380 615 785 613 893 956 452 422 213 217 0 216 106 
811 183 795 172 413 878 984 562 949 406 455 177 306 22 74 730 432 500 406 45 645 7 201 56 233 345 22 159 119 745 148 794 891 119 855 460 331 790 116 50 689 748 984 890 241 856 289 832 564 392 771 78 157 89 460 451 483 179 630 716 644 886 36 388 89 489 190 930 202 609 509 971 921 503 216 83 150 362 946 254 172 924 719 640 184 217 831 216 0 69 
789 716 432 428 191 301 292 586 564 440 429 860 861 968 581 46 740 592 103 145 803 984 571 323 934 162 242 961 638 463 672 257 14 198 508 627 569 5 324 479 16 93 918 151 28 133 885 138 478 545 184 863 773 96 369 886 940 547 147 437 495 401 235 849 367 220 200 77 767 40 335 335 122 863 807 880 245 269 468 438 235 832 413 548 51 406 74 106 69 0 
0 292 304 919 683 356 123 137 821 296 25 466 252 895 339 344 928 533 514 165 877 162 89 349 140 933 145 920 659 777 148 238 122 329 921 633 301 427 988 168 450 25 975 415 926 385 444 64 579 853 999 97 336 561 523 420 299 805 917 853 14 164 828 734 141 346 935 674 102 506 471 982 229 351 937 90 506 400 787 638 106 669 536 47 90 479 721 946 817 588 
292 0 875 531 967 316 884 107 807 254 287 933 587 355 4 420 284 420 94 528 341 680 327 780 95 397 92 633 437 868 329 7 65 345 437 824 95 802 792 360 535 908 584 593 322 395 204 996 756 419 784 842 43 56 323 977 304 149 659 394 560 491 66 973 525 373 425 120 884 801 840 621 528 819 782 106 581 265 690 908 445 406 281 96 474 784 705 875 661 54 
304 875 0 56 791 749 83 850 857 321 424 273 115 455 416 958 185 208 982 304 83 184 884 139 217 302 922 821 677 736 376 614 133 918 47 123 464 296 348 527 652 837 23 45 420 609 388 580 228 443 404 318 513 414 355 699 903 611 487 177 836 598 185 502 954 709 651 449 596 5 858 977 622 998 637 610 793 251 787 646 2 557 475 945 774 487 801 498 156 367 
919 531 56 0 570 937 280 786 510 201 420 13 883 742 113 158 83 714 102 713 937 307 97 221 505 250 15 918 649 197 424 36 78 639 78 888 342 867 814 534 174 802 135 173 352 173 998 309 612 641 148 147 937 427 924 61 367 618 638 955 174 506 823 133 690 974 725 469 662 637 487 631 985 180 755 781 483 195 453 462 326 637 441 540 527 944 652 691 960 92 
683 967 791 570 0 224 484 616 350 82 977 797 283 784 680 30 773 21 831 704 92 55 478 30 211 141 295 684 929 647 785 981 227 402 44 572 877 537 638 19 957 108 882 308 900 846 970 864 778 443 772 680 490 869 1 224 427 560 649 295 834 420 404 154 895 218 429 796 104 188 106 34 622 280 634 55 144 874 874 484 711 951 193 570 568 160 712 486 795 775 
356 316 749 937 224 0 720 381 931 728 304 139 38 60 21 236 349 722 68 917 965 823 824 666 233 841 782 225 930 271 960 504 789 677 558 828 677 81 681 938 188 725 798 196 792 952 812 524 816 370 332 6 93 615 583 106 514 543 381 912 361 937 490 980 274 262 518 716 696 489 549 770 245 571 482 361 117 107 121 151 335 57 712 206 964 150 531 963 919 62 
123 884 83 280 484 720 0 637 716 88 436 114 490 159 76 729 173 808 169 10 230 550 538 306 886 111 975 800 307 263 46 740 571 579 529 967 216 176 243 923 535 433 453 431 6 34 527 534 683 347 175 855 197 715 94 340 119 642 435 702 80 428 931 590 162 55 150 321 472 719 264 850 458 77 613 377 149 562 790 537 132 323 239 24 502 705 44 624 521 642 
137 107 850 786 616 381 637 0 600 718 503 244 92 695 852 7 465 128 137 250 81 160 125 401 726 500 599 63 227 335 608 858 422 397 661 644 173 846 602 697 1 542 380 446 365 69 423 197 316 549 118 526 790 447 868 388 855 109 736 516 790 224 459 677 331 490 74 729 570 616 540 209 987 118 216 568 163 807 682 920 60 782 146 574 964 99 739 580 150 426 
821 807 857 510 350 931 716 600 0 1000 953 643 171 268 946 680 246 39 282 671 905 653 696 943 197 438 9 109 604 169 277 249 586 496 110 596 342 769 225 134 996 459 158 225 923 944 613 257 524 970 554 970 531 907 30 999 375 197 439 609 693 930 409 540 954 818 369 102 178 960 215 831 573 299 686 450 877 136 854 609 481 965 87 228 615 572 812 310 631 418 
296 254 321 201 82 728 88 718 1000 0 809 517 502 348 78 805 667 446 629 891 225 869 255 96 379 116 168 877 731 198 543 158 855 324 492 399 570 295 965 493 420 732 582 364 194 862 757 784 324 709 795 26 290 555 574 933 865 890 813 529 812 944 203 393 834 682 480 885 926 883 491 395 680 687 765 869 987 631 875 283 321 461 868 489 625 741 616 495 775 360 
25 287 424 420 977 304 436 503 953 809 0 801 167 431 436 542 390 892 150 448 116 904 907 387 200 670 88 225 357 954 928 801 730 412 591 544 560 384 358 313 712 664 105 581 861 30 919 666 9 718 34 829 142 301 388 982 818 426 630 448 883 315 924 188 648 500 74 682 646 37 982 817 162 92 604 845 961 515 189 2 498 889 234 598 719 398 31 182 122 137 
466 933 273 13 797 139 114 244 643 517 801 0 132 768 574 181 360 66 658 96 272 507 216 103 878 325 810 329 728 120 858 930 340 430 269 509 568 324 164 492 636 618 389 202 141 360 301 872 704 513 244 169 505 716 230 62 742 427 676 140 886 706 441 213 206 558 973 295 68 321 279 935 844 487 200 374 194 533 760 113 716 488 307 635 634 99 230 447 779 703 
252 587 115 883 283 38 490 92 171 502 167 132 0 34 446 128 225 853 72 71 850 917 471 25 669 893 485 529 413 47 318 90 766 570 413 408 97 601 808 218 332 127 386 420 31 947 420 229 690 697 21 19 683 920 87 415 233 922 61 702 853 295 578 551 477 975 303 142 876 215 714 430 269 383 104 234 293 243 121 503 668 181 650 112 460 494 931 886 15 887 
895 355 455 742 784 60 159 695 268 348 431 768 34 0 48 680 902 692 848 857 586 806 865 661 277 755 946 313 433 194 28 10 623 15 382 108 24 733 407 731 510 313 984 288 308 523 242 216 502 810 873 352 885 162 72 801 645 559 868 909 607 129 871 289 866 241 115 765 224 796 139 484 755 344 545 209 549 37 646 345 840 215 748 417 846 626 953 964 725 999 
339 4 416 113 680 21 76 852 946 78 436 574 446 48 0 103 669 818 314 603 29 810 332 505 886 721 691 941 595 953 111 152 845 340 373 920 440 845 404 589 716 503 970 517 298 44 923 552 412 370 718 150 324 354 84 301 622 481 329 544 630 216 412 175 74 918 584 957 218 296 192 224 943 305 970 557 554 867 35 665 480 142 706 366 839 559 997 817 457 601 
344 420 958 158 30 236 729 7 680 805 542 181 128 680 103 0 370 998 373 309 218 220 504 681 916 747 66 465 528 676 849 599 851 622 640 941 85 689 631 528 107 138 752 314 887 31 471 515 356 666 288 534 237 343 356 929 260 668 893 155 957 958 881 63 923 733 302 654 975 556 425 505 820 798 748 281 483 789 85 457 110 981 534 456 952 924 457 504 830 835 
928 284 185 83 773 349 173 465 246 667 390 360 225 902 669 370 0 65 584 494 319 396 946 832 583 334 26 161 170 596 131 69 672 105 765 972 630 774 968 516 913 199 71 380 582 872 193 772 394 292 134 316 544 667 407 348 86 341 412 344 198 179 662 823 44 995 233 570 914 207 93 980 708 219 380 464 166 495 89 32 656 537 742 817 216 199 60 940 512 846 
533 420 208 714 21 722 808 128 39 446 892 66 853 692 818 998 65 0 514 910 236 571 863 284 58 425 680 919 75 611 351 590 631 935 871 717 779 18 855 118 626 546 686 466 236 732 945 1000 836 896 724 415 548 505 967 525 973 382 745 868 58 360 582 532 918 231 910 743 836 760 985 532 293 27 948 442 250 543 834 730 767 101 285 678 458 597 956 209 704 149 
514 94 982 102 831 68 169 137 282 629 150 658 72 848 314 373 584 514 0 92 351 649 877 39 14 68 397 965 716 108 650 806 813 734 189 610 874 410 27 844 721 525 600 907 821 902 477 747 48 363 34 463 732 19 833 892 931 803 993 113 848 230 79 422 104 778 912 388 641 366 752 566 57 268 931 748 262 371 779 794 548 478 897 417 971 524 286 282 587 803 
165 528 304 713 704 917 10 250 671 891 448 96 71 857 603 309 494 910 92 0 746 248 424 348 617 950 835 754 631 253 316 341 332 998 34 713 424 809 962 104 427 252 865 976 416 54 709 806 889 68 750 684 452 215 326 695 512 628 342 742 28 106 729 145 319 439 223 628 480 123 600 211 131 537 887 907 646 940 264 548 876 255 713 206 869 561 187 456 703 788 
877 341 83 937 92 965 230 81 905 225 116 272 850 586 29 218 319 236 351 746 0 870 601 857 552 183 671 860 221 368 598 376 49 27 244 559 607 689 53 180 769 144 259 544 883 854 945 172 248 362 601 923 245 471 698 730 296 123 971 202 276 690 204 851 177 426 624 564 943 43 405 936 429 535 536 961 266 933 537 716 715 143 319 848 202 270 502 282 453 522 
162 680 184 307 55 823 550 160 653 869 904 507 917 806 810 220 396 571 649 248 870 0 548 121 925 504 697 799 19 277 649 869 10 385 849 16 79 547 609 333 87 841 894 585 580 318 888 877 970 45 389 780 310 848 999 842 232 340 732 884 164 588 226 319 701 906 827 145 785 806 143 926 298 300 829 918 776 945 270 119 722 762 811 389 972 725 850 906 240 415 
89 327 884 97 478 824 538 125 696 255 907 216 471 865 332 504 946 863 877 424 601 548 0 452 740 61 14 814 918 842 617 709 811 228 844 962 673 874 509 677 64 227 941 268 4 450 627 259 608 372 912 250 255 511 857 124 122 936 102 477 162 642 22 582 741 943 203 953 803 646 423 686 306 890 315 335 720 350 476 446 317 823 363 182 964 831 18 353 94 89 
349 780 139 221 30 666 306 401 943 96 387 103 25 661 505 681 832 284 39 348 857 121 452 0 507 293 212 736 270 955 274 928 939 294 914 557 895 526 183 280 125 565 95 964 115 32 331 930 368 565 440 556 919 820 865 350 470 900 214 655 259 509 686 451 198 762 347 319 956 331 223 710 925 23 227 812 924 793 336 79 310 647 741 470 976 915 242 622 77 20 
