80 4
0 147 534 761 735 506 482 77 902 976 452 875 108 696 934 257 750 798 103 981 938 179 348 729 993 937 256 607 620 480 270 809 727 689 755 563 555 851 635 339 70 793 728 28 862 872 640 970 512 456 150 300 265 575 646 64 491 62 237 448 123 322 719 882 994 301 922 834 34 148 710 303 472 908 771 477 470 752 506 902 
147 0 322 583 383 875 996 198 496 121 210 250 461 577 316 531 964 978 379 400 366 194 253 68 162 191 103 556 797 374 27 813 374 284 936 220 964 613 701 598 337 737 313 588 108 606 405 201 211 658 609 670 160 740 307 633 570 393 933 227 892 330 702 228 618 932 733 324 272 79 554 947 120 212 975 824 933 469 783 767 
534 322 0 674 989 644 512 621 537 485 735 990 686 418 699 465 45 159 857 476 894 577 671 28 669 864 748 840 240 898 333 498 287 424 351 831 573 120 63 650 493 153 335 871 42 646 115 548 97 828 79 756 703 564 578 367 538 678 846 79 413 597 787 122 292 655 668 121 225 616 854 801 785 162 952 296 471 907 466 832 
761 583 674 0 143 721 308 288 844 857 700 929 639 293 432 68 969 928 464 950 431 149 18 473 707 438 198 901 254 100 497 935 96 842 817 100 9 408 60 595 142 778 320 524 340 46 803 215 492 446 228 419 458 201 339 958 299 971 877 972 230 666 977 46 644 314 145 746 171 197 924 370 374 962 857 16 14 653 492 225 
735 383 989 143 0 710 661 414 769 593 555 770 90 121 849 536 989 971 426 349 280 380 212 841 752 31 515 677 978 486 883 244 602 951 836 184 531 459 143 32 596 88 812 480 109 609 639 264 378 147 940 63 780 61 111 725 767 859 223 179 346 146 438 633 741 149 134 401 52 762 606 931 143 129 948 784 816 998 645 238 
506 875 644 721 710 0 375 763 907 668 507 182 649 897 795 806 868 199 954 268 975 711 227 60 557 821 610 377 605 988 435 307 385 402 841 809 201 367 279 482 236 322 213 336 582 306 672 806 992 150 563 299 248 678 843 43 289 537 346 595 561 711 839 623 60 982 950 561 929 312 371 292 504 856 242 833 932 74 582 735 
482 996 512 308 661 375 0 556 292 687 671 116 77 607 891 833 839 481 824 662 109 234 666 525 19 603 467 987 398 946 333 1 563 639 382 993 207 752 943 781 476 836 600 79 699 352 199 382 824 76 639 252 986 393 573 128 93 684 151 343 436 869 109 79 259 780 187 629 199 109 623 86 407 693 139 755 390 16 680 392 
77 198 621 288 414 763 556 0 811 93 463 758 170 530 704 671 891 510 591 839 262 339 850 632 195 634 759 146 910 403 77 703 47 338 695 902 466 462 23 874 529 124 861 337 1 363 340 526 676 306 515 524 1 394 496 279 883 794 577 196 995 42 949 481 527 145 942 140 280 125 991 992 531 180 629 131 304 635 779 354 
902 496 537 844 769 907 292 811 0 717 663 557 371 921 544 436 873 663 517 608 279 650 458 567 255 521 69 325 619 236 306 81 53 675 433 927 298 677 559 823 924 825 444 718 799 982 153 956 960 799 227 637 194 428 586 949 19 317 604 121 661 265 438 178 958 754 104 871 228 845 482 311 425 867 107 479 789 334 936 453 
976 121 485 857 593 668 687 93 717 0 817 706 457 691 377 827 41 186 922 814 363 820 704 782 523 912 1000 793 407 424 684 922 147 711 173 33 145 405 478 930 704 503 871 502 99 684 727 873 126 849 174 42 279 263 13 163 814 126 235 691 640 487 956 941 231 134 641 529 26 230 452 166 159 977 281 343 23 971 771 278 
452 210 735 700 555 507 671 463 663 817 0 525 737 409 368 416 939 174 427 403 555 753 563 987 137 129 438 425 464 366 252 142 261 127 475 852 358 568 916 805 696 140 721 778 111 967 787 286 475 374 819 632 18 46 259 796 898 815 986 196 910 776 783 174 316 703 583 324 818 186 407 698 266 612 672 422 286 379 49 92 
875 250 990 929 770 182 116 758 557 706 525 0 495 368 708 376 960 731 108 431 349 148 71 329 932 284 15 386 94 850 347 126 831 897 27 594 634 848 662 902 697 701 72 273 146 61 581 943 421 875 186 592 430 987 934 591 887 340 968 332 214 564 489 878 230 946 655 548 623 507 60 664 841 104 375 927 312 575 232 780 
108 461 686 639 90 649 77 170 371 457 737 495 0 917 397 885 910 394 99 813 895 929 158 487 945 777 823 984 576 592 295 594 904 345 30 325 851 99 585 765 235 999 559 644 23 330 471 753 457 514 711 658 714 725 381 551 205 667 791 528 182 522 226 313 517 540 562 639 561 930 905 198 615 36 484 743 985 129 913 723 
696 577 418 293 121 897 607 530 921 691 409 368 917 0 859 690 574 318 699 707 634 497 120 287 475 41 53 902 966 499 840 880 270 263 408 221 343 310 169 263 945 656 243 125 536 612 363 362 901 305 405 282 983 432 525 107 537 731 915 147 986 586 712 865 969 345 60 636 572 690 897 400 115 836 711 438 139 249 358 656 
934 316 699 432 849 795 891 704 544 377 368 708 397 859 0 18 898 818 629 81 475 224 560 11 57 904 42 481 764 534 838 961 119 220 822 169 233 453 455 320 935 21 854 39 930 60 976 189 271 18 433 56 406 723 46 685 313 899 658 554 232 170 113 666 801 956 717 706 442 292 500 528 464 566 862 271 653 589 361 100 
257 531 465 68 536 806 833 671 436 827 416 376 885 690 18 0 790 703 918 783 381 804 469 994 954 86 490 344 384 212 3 256 447 999 933 8 172 544 558 3 555 373 46 662 496 486 895 959 92 768 274 969 321 248 411 12 230 853 488 338 355 485 91 629 861 51 792 197 821 742 934 958 202 190 636 613 762 445 949 372 
750 964 45 969 989 868 839 891 873 41 939 960 910 574 898 790 0 548 97 281 801 752 795 52 233 410 32 924 567 613 309 995 26 32 796 158 994 574 805 961 156 778 644 764 990 741 528 42 889 658 690 20 331 316 476 360 921 412 277 663 845 681 203 545 51 914 684 9 949 882 464 135 929 93 179 919 606 347 415 898 
798 978 159 928 971 199 481 510 663 186 174 731 394 318 818 703 548 0 382 59 484 764 547 492 72 822 809 891 163 232 307 945 942 230 997 391 250 595 868 761 488 456 521 801 633 241 582 12 688 636 594 479 309 35 910 384 65 917 335 130 253 896 13 857 523 461 482 900 918 365 969 103 430 833 805 139 273 304 549 34 
103 379 857 464 426 954 824 591 517 922 427 108 99 699 629 918 97 382 0 946 75 225 806 263 498 470 810 888 197 606 141 203 882 899 738 70 239 786 262 924 523 184 582 921 476 509 139 568 733 65 20 364 152 898 652 947 387 751 171 467 303 216 625 469 315 871 116 561 782 515 806 737 403 950 554 172 631 617 163 62 
981 400 476 950 349 268 662 839 608 814 403 431 813 707 81 783 281 59 946 0 181 42 319 963 486 420 252 604 134 744 922 496 719 710 146 823 893 276 315 365 909 316 900 569 153 249 975 56 18 973 454 986 240 489 720 581 788 657 378 636 540 246 645 927 973 761 609 165 753 79 660 506 910 785 573 608 858 390 373 380 
938 366 894 431 280 975 109 262 279 363 555 349 895 634 475 381 801 484 75 181 0 545 405 615 28 278 581 442 749 660 263 520 755 985 918 417 723 126 527 953 577 60 888 402 176 411 814 778 447 292 250 981 713 217 376 486 637 608 621 717 309 1 232 385 992 654 683 246 2 51 417 853 834 27 213 288 357 612 257 345 
179 194 577 149 380 711 234 339 650 820 753 148 929 497 224 804 752 764 225 42 545 0 422 152 453 596 610 937 850 605 889 844 745 551 930 636 73 430 996 207 537 77 611 949 804 536 730 20 394 435 408 638 151 542 295 801 961 952 776 462 379 859 357 518 373 686 714 124 41 717 780 216 14 764 189 725 887 667 144 134 
348 253 671 18 212 227 666 850 458 704 563 71 158 120 560 469 795 547 806 319 405 422 0 126 884 511 545 234 890 156 237 554 737 149 259 220 135 764 648 486 973 108 932 143 320 260 441 547 522 159 426 951 206 345 836 399 26 627 204 144 368 758 970 644 174 522 451 568 718 885 138 284 740 639 543 310 672 846 960 254 
729 68 28 473 841 60 525 632 567 782 987 329 487 287 11 994 52 492 263 963 615 152 126 0 790 737 39 899 274 19 122 183 545 232 425 629 325 170 409 143 220 241 154 143 949 215 724 752 588 509 641 508 970 187 12 718 719 270 746 715 406 758 388 520 975 668 780 241 658 14 357 988 701 164 777 310 263 788 556 365 
993 162 669 707 752 557 19 195 255 523 137 932 945 475 57 954 233 72 498 486 28 453 884 790 0 237 945 638 421 902 524 185 534 38 1000 761 704 76 907 158 818 83 579 17 560 137 711 411 333 768 73 728 582 13 326 363 516 144 979 746 984 196 496 714 95 729 490 970 421 189 61 702 513 675 740 26 36 312 286 781 
937 191 864 438 31 821 603 634 521 912 129 284 777 41 904 86 410 822 470 420 278 596 511 737 237 0 958 839 972 67 204 496 871 663 499 113 91 532 516 983 237 996 566 260 468 257 539 385 823 929 990 121 933 246 741 904 121 964 966 358 721 291 78 892 973 379 229 959 327 825 978 253 892 991 810 147 503 461 898 244 
256 103 748 198 515 610 467 759 69 1000 438 15 823 53 42 490 32 809 810 252 581 610 545 39 945 958 0 474 582 335 194 231 958 415 939 38 78 887 665 552 986 947 216 861 266 348 954 473 12 311 712 997 925 738 281 59 802 447 966 612 798 231 308 837 383 365 598 894 432 69 290 546 386 428 283 595 752 535 690 413 
607 556 840 901 677 377 987 146 325 793 425 386 984 902 481 344 924 891 888 604 442 937 234 899 638 839 474 0 478 846 861 120 819 517 206 890 950 912 488 249 717 711 594 325 423 75 874 809 751 516 551 587 16 210 453 736 684 799 507 201 153 962 955 131 481 812 388 630 147 121 873 212 358 796 513 2 793 468 713 381 
620 797 240 254 978 605 398 910 619 407 464 94 576 966 764 384 567 163 197 134 749 850 890 274 421 972 582 478 0 513 84 913 265 960 310 444 328 427 983 955 168 107 888 436 810 337 227 549 186 479 560 367 416 173 147 94 590 585 546 376 956 848 813 402 514 496 503 292 824 953 378 514 384 565 839 806 730 513 811 746 
480 374 898 100 486 988 946 403 236 424 366 850 592 499 534 212 613 232 606 744 660 605 156 19 902 67 335 846 513 0 315 160 935 498 361 713 669 986 692 395 15 639 215 953 654 219 754 906 981 967 860 475 67 439 372 395 508 156 462 225 671 645 319 512 797 587 83 489 362 953 145 374 528 359 512 711 135 863 404 662 
270 27 333 497 883 435 333 77 306 684 252 347 295 840 838 3 309 307 141 922 263 889 237 122 524 204 194 861 84 315 0 141 17 287 138 538 775 187 96 413 74 802 800 886 672 134 609 493 263 1000 145 217 166 193 560 712 971 505 220 321 317 837 92 469 252 668 11 536 602 581 515 243 193 696 493 189 692 346 845 523 
809 813 498 935 244 307 1 703 81 922 142 126 594 880 961 256 995 945 203 496 520 844 554 183 185 496 231 120 913 160 141 0 388 607 849 881 598 475 116 726 219 858 753 527 431 527 714 798 869 37 235 707 167 511 427 499 733 278 118 574 320 417 752 255 103 818 116 474 947 328 246 61 802 212 450 312 179 993 891 546 
727 374 287 96 602 385 563 47 53 147 261 831 904 270 119 447 26 942 882 719 755 745 737 545 534 871 958 819 265 935 17 388 0 34 558 817 185 555 233 5 26 585 773 336 179 132 217 820 317 751 519 466 965 287 920 927 519 347 919 859 968 246 889 100 182 894 302 959 315 183 615 228 452 293 290 476 860 956 110 755 
689 284 424 842 951 402 639 338 675 711 127 897 345 263 220 999 32 230 899 710 985 551 149 232 38 663 415 517 960 498 287 607 34 0 383 991 296 162 745 780 773 44 145 820 15 175 343 262 380 675 360 162 95 323 173 637 706 768 19 820 514 554 692 800 707 341 517 385 984 196 788 368 301 357 766 168 623 63 689 216 
755 936 351 817 836 841 382 695 433 173 475 27 30 408 822 933 796 997 738 146 918 930 259 425 1000 499 939 206 310 361 138 849 558 383 0 12 4 452 661 306 81 286 241 118 90 976 534 84 952 29 387 576 323 562 468 442 103 673 386 83 432 384 855 597 574 672 171 846 487 459 969 692 556 307 929 669 829 324 112 984 
563 220 831 100 184 809 993 902 927 33 852 594 325 221 169 8 158 391 70 823 417 636 220 629 761 113 38 890 444 713 538 881 817 991 12 0 188 394 311 153 665 648 440 697 314 277 448 693 731 810 460 896 602 967 782 549 311 252 164 725 943 462 343 846 274 446 882 887 442 570 453 74 69 629 877 323 332 672 300 46 
555 964 573 9 531 201 207 466 298 145 358 634 851 343 233 172 994 250 239 893 723 73 135 325 704 91 78 950 328 669 775 598 185 296 4 188 0 750 115 727 614 430 404 644 499 755 547 641 25 465 988 664 692 530 294 689 474 613 597 580 130 745 7 30 215 929 46 671 990 658 73 267 733 560 81 893 579 613 774 936 
851 613 120 408 459 367 752 462 677 405 568 848 99 310 453 544 574 595 786 276 126 430 764 170 76 532 887 912 427 986 187 475 555 162 452 394 750 0 457 386 548 144 866 539 477 717 193 336 104 596 39 967 644 377 257 401 278 619 700 294 750 866 434 560 705 97 128 231 186 63 873 658 164 91 914 814 192 681 468 159 
635 701 63 60 143 279 943 23 559 478 916 662 585 169 455 558 805 868 262 315 527 996 648 409 907 516 665 488 983 692 96 116 233 745 661 311 115 457 0 198 124 68 480 764 734 43 250 990 339 654 254 801 405 452 457 799 296 879 253 152 656 383 911 479 51 688 837 13 543 933 24 176 207 337 569 63 695 916 939 97 
339 598 650 595 32 482 781 874 823 930 805 902 765 263 320 3 961 761 924 365 953 207 486 143 158 983 552 249 955 395 413 726 5 780 306 153 727 386 198 0 278 254 102 983 483 708 393 686 594 449 577 817 68 863 647 720 706 512 310 584 305 546 428 602 312 46 123 789 600 592 813 236 228 296 452 667 581 793 25 219 
70 337 493 142 596 236 476 529 924 704 696 697 235 945 935 555 156 488 523 909 577 537 973 220 818 237 986 717 168 15 74 219 26 773 81 665 614 548 124 278 0 159 293 978 696 324 171 803 382 715 234 904 36 152 843 764 760 275 65 451 101 967 160 866 937 823 419 339 399 398 433 290 263 449 108 450 390 478 543 769 
793 737 153 778 88 322 836 124 825 503 140 701 999 656 21 373 778 456 184 316 60 77 108 241 83 996 947 711 107 639 802 858 585 44 286 648 430 144 68 254 159 0 788 564 660 380 18 800 844 633 668 302 111 281 34 542 527 989 799 871 311 830 352 698 890 616 527 122 100 762 352 699 936 622 215 314 8 295 70 18 
728 313 335 320 812 213 600 861 444 871 721 72 559 243 854 46 644 521 582 900 888 611 932 154 579 566 216 594 888 215 800 753 773 145 241 440 404 866 480 102 293 788 0 950 908 520 378 110 693 970 627 433 266 859 572 990 625 434 911 377 187 526 207 220 775 929 535 181 410 740 623 60 149 386 471 484 519 241 647 670 
28 588 871 524 480 336 79 337 718 502 778 273 644 125 39 662 764 801 921 569 402 949 143 143 17 260 861 325 436 953 886 527 336 820 118 697 644 539 764 983 978 564 950 0 694 807 950 843 182 883 4 883 634 879 383 588 189 980 36 722 728 111 106 517 614 898 576 712 782 145 827 767 843 956 616 598 492 341 71 354 
862 108 42 340 109 582 699 1 799 99 111 146 23 536 930 496 990 633 476 153 176 804 320 949 560 468 266 423 810 654 672 431 179 15 90 314 499 477 734 483 696 660 908 694 0 645 360 703 479 616 529 289 346 19 792 469 595 970 184 466 292 62 563 167 167 137 1 655 838 975 397 68 29 806 880 675 214 538 983 521 
872 606 646 46 609 306 352 363 982 684 967 61 330 612 60 486 741 241 509 249 411 536 260 215 137 257 348 75 337 219 134 527 132 175 976 277 755 717 43 708 324 380 520 807 645 0 53 18 558 569 512 944 719 553 126 732 105 296 885 241 541 894 874 70 921 481 861 113 299 137 124 283 673 142 218 920 430 132 412 497 
640 405 115 803 639 672 199 340 153 727 787 581 471 363 976 895 528 582 139 975 814 730 441 724 711 539 954 874 227 754 609 714 217 343 534 448 547 193 250 393 171 18 378 950 360 53 0 364 751 925 244 859 627 867 470 850 470 79 15 822 892 601 594 448 844 622 937 875 411 560 781 789 348 295 581 44 944 221 981 590 
970 201 548 215 264 806 382 526 956 873 286 943 753 362 189 959 42 12 568 56 778 20 547 752 411 385 473 809 549 906 493 798 820 262 84 693 641 336 990 686 803 800 110 843 703 18 364 0 767 89 464 804 641 355 415 697 964 21 650 753 74 897 851 581 622 107 666 307 286 358 99 611 70 882 511 145 742 666 711 727 
512 211 97 492 378 992 824 676 960 126 475 421 457 901 271 92 889 688 733 18 447 394 522 588 333 823 12 751 186 981 263 869 317 380 952 731 25 104 339 594 382 844 693 182 479 558 751 767 0 158 500 527 200 979 758 742 974 602 743 866 584 756 88 744 622 770 470 287 505 275 438 672 953 499 884 697 621 822 601 593 
456 658 828 446 147 150 76 306 799 849 374 875 514 305 18 768 658 636 65 973 292 435 159 509 768 929 311 516 479 967 1000 37 751 675 29 810 465 596 654 449 715 633 970 883 616 569 925 89 158 0 329 656 549 139 698 669 907 347 154 15 188 142 716 467 754 61 937 392 527 590 15 520 702 368 891 856 176 784 772 907 
150 609 79 228 940 563 639 515 227 174 819 186 711 405 433 274 690 594 20 454 250 408 426 641 73 990 712 551 560 860 145 235 519 360 387 460 988 39 254 577 234 668 627 4 529 512 244 464 500 329 0 459 996 726 63 92 570 841 939 254 624 689 862 173 947 297 580 480 954 782 693 923 368 397 279 298 357 857 675 695 
300 670 756 419 63 299 252 524 637 42 632 592 658 282 56 969 20 479 364 986 981 638 951 508 728 121 997 587 367 475 217 707 466 162 576 896 664 967 801 817 904 302 433 883 289 944 859 804 527 656 459 0 448 840 462 381 890 797 892 355 463 420 911 461 263 55 988 751 570 4 143 956 61 416 178 291 924 169 224 636 
265 160 703 458 780 248 986 1 194 279 18 430 714 983 406 321 331 309 152 240 713 151 206 970 582 933 925 16 416 67 166 167 965 95 323 602 692 644 405 68 36 111 266 634 346 719 627 641 200 549 996 448 0 445 666 131 707 697 377 32 495 584 84 553 44 662 766 420 296 385 314 92 567 789 948 986 9 545 690 806 
575 740 564 201 61 678 393 394 428 263 46 987 725 432 723 248 316 35 898 489 217 542 345 187 13 246 738 210 173 439 193 511 287 323 562 967 530 377 452 863 152 281 859 879 19 553 867 355 979 139 726 840 445 0 723 483 899 76 451 881 952 249 8 742 467 281 884 864 705 521 622 173 214 706 507 272 527 219 405 907 
646 307 578 339 111 843 573 496 586 13 259 934 381 525 46 411 476 910 652 720 376 295 836 12 326 741 281 453 147 372 560 427 920 173 468 782 294 257 457 647 843 34 572 383 792 126 470 415 758 698 63 462 666 723 0 710 650 694 127 986 933 906 610 99 678 547 346 294 985 362 573 679 576 934 165 292 603 174 16 218 
64 633 367 958 725 43 128 279 949 163 796 591 551 107 685 12 360 384 947 581 486 801 399 718 363 904 59 736 94 395 712 499 927 637 442 549 689 401 799 720 764 542 990 588 469 732 850 697 742 669 92 381 131 483 710 0 913 364 541 774 321 142 334 192 672 406 689 205 512 360 113 928 890 344 1000 68 413 367 272 392 
491 570 538 299 767 289 93 883 19 814 898 887 205 537 313 230 921 65 387 788 637 961 26 719 516 121 802 684 590 508 971 733 519 706 103 311 474 278 296 706 760 527 625 189 595 105 470 964 974 907 570 890 707 899 650 913 0 692 69 854 584 670 778 748 393 536 834 241 734 590 494 125 632 390 849 910 820 586 165 887 
62 393 678 971 859 537 684 794 317 126 815 340 667 731 899 853 412 917 751 657 608 952 627 270 144 964 447 799 585 156 505 278 347 768 673 252 613 619 879 512 275 989 434 980 970 296 79 21 602 347 841 797 697 76 694 364 692 0 473 832 238 907 774 830 3 706 98 733 17 665 54 760 921 491 657 284 531 989 244 889 
237 933 846 877 223 346 151 577 604 235 986 968 791 915 658 488 277 335 171 378 621 776 204 746 979 966 966 507 546 462 220 118 919 19 386 164 597 700 253 310 65 799 911 36 184 885 15 650 743 154 939 892 377 451 127 541 69 473 0 365 91 20 669 614 187 519 427 412 233 576 687 551 189 565 805 491 284 671 300 161 
448 227 79 972 179 595 343 196 121 691 196 332 528 147 554 338 663 130 467 636 717 462 144 715 746 358 612 201 376 225 321 574 859 820 83 725 580 294 152 584 451 871 377 722 466 241 822 753 866 15 254 355 32 881 986 774 854 832 365 0 333 822 445 724 84 456 541 677 212 939 908 137 241 674 296 787 943 529 879 780 
123 892 413 230 346 561 436 995 661 640 910 214 182 986 232 355 845 253 303 540 309 379 368 406 984 721 798 153 956 671 317 320 968 514 432 943 130 750 656 305 101 311 187 728 292 541 892 74 584 188 624 463 495 952 933 321 584 238 91 333 0 28 3 43 545 732 23 327 61 978 208 662 819 301 976 25 690 119 474 677 
322 330 597 666 146 711 869 42 265 487 776 564 522 586 170 485 681 896 216 246 1 859 758 758 196 291 231 962 848 645 837 417 246 554 384 462 745 866 383 546 967 830 526 111 62 894 601 897 756 142 689 420 584 249 906 142 670 907 20 822 28 0 831 87 645 945 843 534 941 217 697 560 757 742 697 852 157 361 942 799 
719 702 787 977 438 839 109 949 438 956 783 489 226 712 113 91 203 13 625 645 232 357 970 388 496 78 308 955 813 319 92 752 889 692 855 343 7 434 911 428 160 352 207 106 563 874 594 851 88 716 862 911 84 8 610 334 778 774 669 445 3 831 0 825 365 948 275 658 783 328 416 611 436 128 438 814 915 787 536 120 
882 228 122 46 633 623 79 481 178 941 174 878 313 865 666 629 545 857 469 927 385 518 644 520 714 892 837 131 402 512 469 255 100 800 597 846 30 560 479 602 866 698 220 517 167 70 448 581 744 467 173 461 553 742 99 192 748 830 614 724 43 87 825 0 923 675 10 685 651 441 862 290 200 275 967 140 61 120 499 808 
994 618 292 644 741 60 259 527 958 231 316 230 517 969 801 861 51 523 315 973 992 373 174 975 95 973 383 481 514 797 252 103 182 707 574 274 215 705 51 312 937 890 775 614 167 921 844 622 622 754 947 263 44 467 678 672 393 3 187 84 545 645 365 923 0 309 113 534 213 26 480 560 482 672 162 972 721 77 567 652 
301 932 655 314 149 982 780 145 754 134 703 946 540 345 956 51 914 461 871 761 654 686 522 668 729 379 365 812 496 587 668 818 894 341 672 446 929 97 688 46 823 616 929 898 137 481 622 107 770 61 297 55 662 281 547 406 536 706 519 456 732 945 948 675 309 0 782 858 385 924 399 160 147 991 169 941 866 959 512 649 
922 733 668 145 134 950 187 942 104 641 583 655 562 60 717 792 684 482 116 609 683 714 451 780 490 229 598 388 503 83 11 116 302 517 171 882 46 128 837 123 419 527 535 576 1 861 937 666 470 937 580 988 766 884 346 689 834 98 427 541 23 843 275 10 113 782 0 664 257 307 575 683 601 799 176 311 384 530 293 542 
834 324 121 746 401 561 629 140 871 529 324 548 639 636 706 197 9 900 561 165 246 124 568 241 970 959 894 630 292 489 536 474 959 385 846 887 671 231 13 789 339 122 181 712 655 113 875 307 287 392 480 751 420 864 294 205 241 733 412 677 327 534 658 685 534 858 664 0 301 860 434 689 123 519 77 906 246 932 143 404 
34 272 225 171 52 929 199 280 228 26 818 623 561 572 442 821 949 918 782 753 2 41 718 658 421 327 432 147 824 362 602 947 315 984 487 442 990 186 543 600 399 100 410 782 838 299 411 286 505 527 954 570 296 705 985 512 734 17 233 212 61 941 783 651 213 385 257 301 0 212 844 140 576 587 54 441 67 373 596 970 
148 79 616 197 762 312 109 125 845 230 186 507 930 690 292 742 882 365 515 79 51 717 885 14 189 825 69 121 953 953 581 328 183 196 459 570 658 63 933 592 398 762 740 145 975 137 560 358 275 590 782 4 385 521 362 360 590 665 576 939 978 217 328 441 26 924 307 860 212 0 91 760 69 349 412 300 365 176 518 332 
710 554 854 924 606 371 623 991 482 452 407 60 905 897 500 934 464 969 806 660 417 780 138 357 61 978 290 873 378 145 515 246 615 788 969 453 73 873 24 813 433 352 623 827 397 124 781 99 438 15 693 143 314 622 573 113 494 54 687 908 208 697 416 862 480 399 575 434 844 91 0 816 601 768 568 131 923 124 45 749 
303 947 801 370 931 292 86 992 311 166 698 664 198 400 528 958 135 103 737 506 853 216 284 988 702 253 546 212 514 374 243 61 228 368 692 74 267 658 176 236 290 699 60 767 68 283 789 611 672 520 923 956 92 173 679 928 125 760 551 137 662 560 611 290 560 160 683 689 140 760 816 0 188 367 485 510 880 353 500 289 
472 120 785 374 143 504 407 531 425 159 266 841 615 115 464 202 929 430 403 910 834 14 740 701 513 892 386 358 384 528 193 802 452 301 556 69 733 164 207 228 263 936 149 843 29 673 348 70 953 702 368 61 567 214 576 890 632 921 189 241 819 757 436 200 482 147 601 123 576 69 601 188 0 214 45 544 399 283 5 570 
908 212 162 962 129 856 693 180 867 977 612 104 36 836 566 190 93 833 950 785 27 764 639 164 675 991 428 796 565 359 696 212 293 357 307 629 560 91 337 296 449 622 386 956 806 142 295 882 499 368 397 416 789 706 934 344 390 491 565 674 301 742 128 275 672 991 799 519 587 349 768 367 214 0 972 110 500 304 373 925 
771 975 952 857 948 242 139 629 107 281 672 375 484 711 862 636 179 805 554 573 213 189 543 777 740 810 283 513 839 512 493 450 290 766 929 877 81 914 569 452 108 215 471 616 880 218 581 511 884 891 279 178 948 507 165 1000 849 657 805 296 976 697 438 967 162 169 176 77 54 412 568 485 45 972 0 704 311 419 233 820 
477 824 296 16 784 833 755 131 479 343 422 927 743 438 271 613 919 139 172 608 288 725 310 310 26 147 595 2 806 711 189 312 476 168 669 323 893 814 63 667 450 314 484 598 675 920 44 145 697 856 298 291 986 272 292 68 910 284 491 787 25 852 814 140 972 941 311 906 441 300 131 510 544 110 704 0 158 720 808 409 
470 933 471 14 816 932 390 304 789 23 286 312 985 139 653 762 606 273 631 858 357 887 672 263 36 503 752 793 730 135 692 179 860 623 829 332 579 192 695 581 390 8 519 492 214 430 944 742 621 176 357 924 9 527 603 413 820 531 284 943 690 157 915 61 721 866 384 246 67 365 923 880 399 500 311 158 0 233 89 641 
752 469 907 653 998 74 16 635 334 971 379 575 129 249 589 445 347 304 617 390 612 667 846 788 312 461 535 468 513 863 346 993 956 63 324 672 613 681 916 793 478 295 241 341 538 132 221 666 822 784 857 169 545 219 174 367 586 989 671 529 119 361 787 120 77 959 530 932 373 176 124 353 283 304 419 720 233 0 353 702 
506 783 466 492 645 582 680 779 936 771 49 232 913 358 361 949 415 549 163 373 257 144 960 556 286 898 690 713 811 404 845 891 110 689 112 300 774 468 939 25 543 70 647 71 983 412 981 711 601 772 675 224 690 405 16 272 165 244 300 879 474 942 536 499 567 512 293 143 596 518 45 500 5 373 233 808 89 353 0 487 
902 767 832 225 238 735 392 354 453 278 92 780 723 656 100 372 898 34 62 380 345 134 254 365 781 244 413 381 746 662 523 546 755 216 984 46 936 159 97 219 769 18 670 354 521 497 590 727 593 907 695 636 806 907 218 392 887 889 161 780 677 799 120 808 652 649 542 404 970 332 749 289 570 925 820 409 641 702 487 0 
0 407 500 146 67 671 606 578 967 687 493 537 587 91 546 583 878 815 786 3 602 866 530 50 566 640 225 606 126 733 166 818 701 951 474 229 263 898 101 338 835 175 201 880 447 771 265 375 879 622 336 936 286 239 452 436 947 330 982 42 393 787 441 778 509 25 814 875 856 965 92 775 878 897 127 411 639 143 571 397 
407 0 677 772 79 565 11 690 90 638 417 589 248 700 1000 680 798 305 664 207 844 344 944 73 344 374 439 919 546 13 260 629 766 767 591 654 213 902 397 611 858 912 797 213 361 529 296 386 66 334 983 958 885 800 37 465 698 365 727 663 718 977 785 684 277 356 333 209 376 910 569 731 692 895 594 973 131 275 183 603 
500 677 0 325 410 719 774 386 668 886 746 714 594 867 448 476 46 395 833 535 992 46 640 295 222 746 964 834 411 934 586 647 116 529 629 317 42 17 507 143 370 435 75 9 321 997 853 804 750 573 606 286 940 290 815 355 974 200 736 377 731 619 621 28 562 599 356 240 470 507 802 721 191 939 6 264 394 750 989 807 
146 772 325 0 552 314 839 848 131 110 274 661 178 168 509 395 489 366 631 766 893 771 387 388 548 314 720 228 203 163 985 352 61 432 992 960 421 431 987 461 837 695 482 855 277 593 95 507 739 340 239 651 692 111 123 424 340 517 590 176 532 63 119 345 312 582 229 59 792 347 890 660 279 19 924 837 706 271 738 797 
67 79 410 552 0 452 651 481 788 245 779 626 231 530 134 176 301 698 820 617 663 859 471 560 577 646 954 319 404 590 622 663 248 383 181 78 800 189 171 97 738 952 532 203 649 234 1 298 774 440 972 468 997 844 343 166 851 214 129 91 583 479 588 316 391 65 272 465 639 785 540 760 29 547 624 96 816 918 923 41 
671 565 719 314 452 0 277 396 920 348 42 645 768 65 503 947 790 556 504 727 943 474 660 935 387 457 958 120 815 269 532 479 22 554 190 551 639 25 424 278 423 803 435 804 280 68 607 735 665 104 373 285 445 778 440 191 358 395 408 42 608 640 508 470 609 852 284 807 208 593 537 812 915 544 958 603 626 356 75 560 
606 11 774 839 651 277 0 765 327 705 127 250 920 359 911 71 52 198 934 154 896 179 944 685 154 742 915 965 249 350 864 245 821 539 748 660 394 532 486 456 549 12 414 943 214 636 108 21 285 325 28 258 270 870 985 772 63 353 788 973 701 362 710 215 450 523 442 986 455 717 835 455 756 122 593 109 885 914 834 980 
578 690 386 848 481 396 765 0 105 964 109 660 320 644 344 343 928 941 37 368 255 719 186 815 649 830 624 511 538 418 268 369 235 768 389 938 45 441 119 360 600 662 32 673 990 711 216 961 516 518 916 891 614 176 619 773 247 216 25 755 989 973 730 817 570 165 573 784 295 849 748 798 353 757 618 815 620 689 815 535 
967 90 668 131 788 920 327 105 0 631 237 539 507 954 444 351 178 804 194 789 102 411 778 390 990 768 331 847 152 273 983 103 131 930 364 880 671 808 28 517 56 737 696 789 798 973 449 97 406 750 68 424 293 489 970 966 672 95 157 925 874 328 64 696 581 62 112 63 484 682 786 982 659 625 885 863 732 797 424 330 
687 638 886 110 245 348 705 964 631 0 72 45 807 137 484 390 628 344 556 407 400 267 20 801 498 566 853 799 410 623 170 925 462 224 641 650 486 880 528 103 530 727 204 303 191 673 256 903 626 705 709 602 305 630 346 156 978 339 535 445 165 149 944 232 265 365 256 876 679 737 141 667 893 525 759 853 825 782 517 440 
493 417 746 274 779 42 127 109 237 72 0 566 829 677 20 143 485 288 84 852 535 215 57 484 406 906 757 220 288 908 888 219 401 271 106 359 660 290 617 736 774 874 952 912 851 810 433 108 672 121 663 537 718 225 693 869 250 871 306 513 585 599 83 516 339 497 357 184 688 993 626 32 93 288 379 830 477 451 8 829 
537 589 714 661 626 645 250 660 539 45 566 0 210 522 910 826 963 572 302 432 951 855 145 910 630 417 189 383 792 156 824 752 156 660 94 338 91 205 955 887 798 935 193 370 947 13 32 501 781 773 456 281 983 300 116 818 215 89 402 181 671 7 895 419 299 224 626 900 692 313 113 148 481 301 154 300 973 588 983 66 
587 248 594 178 231 768 920 320 507 807 829 210 0 844 793 163 557 243 753 281 325 153 317 853 477 711 66 739 214 169 687 804 211 366 383 466 205 866 181 486 326 598 408 761 554 417 786 409 822 42 536 471 913 996 234 369 54 490 175 683 924 969 547 116 577 291 695 423 600 953 496 127 485 297 220 299 965 881 833 882 
91 700 867 168 530 65 359 644 954 137 677 522 844 0 476 503 272 674 910 54 220 809 631 706 569 789 847 381 164 907 196 584 311 181 968 421 484 57 92 394 415 495 9 300 401 101 894 617 227 435 244 991 585 857 279 241 649 806 785 776 245 639 910 745 723 68 310 108 785 346 665 621 649 753 504 970 313 883 156 510 
546 1000 448 509 134 503 911 344 444 484 20 910 793 476 0 405 767 523 963 411 877 279 400 99 721 288 367 593 922 837 918 157 898 976 111 702 93 820 142 785 766 486 80 537 921 456 104 191 810 542 718 323 746 222 451 496 390 785 582 793 85 613 179 182 710 334 410 318 735 107 246 172 312 149 735 470 492 804 141 743 
583 680 476 395 176 947 71 343 351 390 143 826 163 503 405 0 712 851 965 923 355 230 989 103 598 616 140 177 89 653 397 461 647 450 487 825 16 282 617 119 773 494 986 719 492 697 87 542 415 845 521 794 746 618 238 537 467 979 730 421 92 435 711 832 285 133 671 655 682 982 666 511 235 816 709 12 466 445 865 7 
878 798 46 489 301 790 52 928 178 628 485 963 557 272 767 712 0 214 893 699 164 218 602 437 626 390 537 547 345 583 923 898 196 807 626 21 149 335 358 840 430 642 717 962 418 13 718 711 791 512 345 520 645 529 896 582 793 916 693 908 558 483 360 497 837 585 445 687 441 533 205 176 210 619 151 239 373 453 464 113 
815 305 395 366 698 556 198 941 804 344 288 572 243 674 523 851 214 0 362 54 816 396 323 358 994 141 435 641 429 877 849 362 407 379 251 341 856 123 261 620 953 848 148 139 43 521 75 778 654 83 231 773 165 252 536 404 812 277 352 141 501 789 941 842 56 590 45 731 936 688 775 797 479 226 145 624 821 729 74 27 
786 664 833 631 820 504 934 37 194 556 84 302 753 910 963 965 893 362 0 436 345 828 507 709 573 359 276 383 349 966 466 252 432 477 860 728 203 378 362 99 128 14 750 30 840 9 947 79 450 988 357 624 462 816 347 309 592 244 832 45 991 934 18 898 718 658 57 32 946 447 579 189 508 827 449 655 385 899 529 522 
3 207 535 766 617 727 154 368 789 407 852 432 281 54 411 923 699 54 436 0 532 398 596 788 354 140 600 157 918 172 242 804 222 629 184 608 36 422 354 738 11 752 110 418 998 231 671 447 925 525 708 551 163 315 167 138 164 663 648 152 631 394 414 105 779 470 418 512 302 126 616 112 121 849 284 739 483 940 255 11 
602 844 992 893 663 943 896 255 102 400 535 951 325 220 877 355 164 816 345 532 0 455 579 542 272 955 106 30 500 114 346 704 56 224 761 100 139 777 565 719 945 126 486 184 681 193 198 541 128 477 885 836 329 923 800 501 393 561 358 853 966 156 392 347 791 516 390 616 495 523 451 643 26 718 423 972 351 272 103 530 
866 344 46 771 859 474 179 719 411 267 215 855 153 809 279 230 218 396 828 398 455 0 510 249 900 228 759 813 361 601 585 976 287 161 130 814 425 485 71 495 478 108 807 230 402 680 29 385 667 87 199 941 247 383 28 594 149 86 366 575 247 849 599 377 98 695 243 734 304 980 76 246 401 873 527 970 948 479 129 516 
530 944 640 387 471 660 944 186 778 20 57 145 317 631 400 989 602 323 507 596 579 510 0 727 976 944 549 38 51 641 652 530 55 440 455 156 71 134 489 123 769 315 873 611 236 146 234 792 393 598 871 862 865 180 965 414 797 789 560 140 482 353 963 332 651 951 841 819 200 124 268 532 52 978 52 894 444 552 909 243 
50 73 295 388 560 935 685 815 390 801 484 910 853 706 99 103 437 358 709 788 542 249 727 0 152 70 601 36 461 242 631 888 867 215 426 886 488 757 445 283 564 321 272 959 435 73 26 188 487 66 7 862 323 678 879 470 687 3 410 585 220 356 91 539 731 500 182 495 47 964 986 505 371 901 853 526 425 600 899 21 
566 344 222 548 577 387 154 649 990 498 406 630 477 569 721 598 626 994 573 354 272 900 976 152 0 730 560 75 945 363 364 712 638 769 230 615 303 995 178 778 365 233 63 925 540 173 673 582 863 245 340 997 965 567 255 280 297 353 968 213 659 705 328 594 307 262 32 14 336 452 630 483 952 178 541 530 978 119 704 27 
640 374 746 314 646 457 742 830 768 566 906 417 711 789 288 616 390 141 359 140 955 228 944 70 730 0 849 889 122 438 691 419 608 103 957 134 968 972 645 972 86 524 779 703 333 300 886 943 934 356 700 603 729 552 666 944 65 997 406 134 257 801 973 63 181 627 992 111 92 424 469 340 362 831 571 871 546 553 177 206 
225 439 964 720 954 958 915 624 331 853 757 189 66 847 367 140 537 435 276 600 106 759 549 601 560 849 0 702 276 356 324 349 268 891 535 267 565 615 546 732 395 766 907 857 532 505 261 167 912 294 522 159 301 511 457 793 938 497 306 677 804 874 810 38 982 791 1000 216 456 562 70 803 508 298 620 295 925 122 173 794 
606 919 834 228 319 120 965 511 847 799 220 383 739 381 593 177 547 641 383 157 30 813 38 36 75 889 702 0 984 819 491 790 709 265 322 523 956 497 599 901 358 928 867 9 752 597 247 739 80 777 740 119 247 602 27 371 133 914 235 526 839 242 998 964 721 848 638 515 423 333 682 623 743 958 3 60 73 905 557 348 
126 546 411 203 404 815 249 538 152 410 288 792 214 164 922 89 345 429 349 918 500 361 51 461 945 122 276 984 0 743 516 239 870 315 579 997 175 450 220 825 21 582 655 588 820 997 365 775 853 656 962 608 487 620 873 500 443 96 358 741 658 593 848 118 737 701 457 671 164 175 853 959 783 859 605 71 841 258 925 349 
733 13 934 163 590 269 350 418 273 623 908 156 169 907 837 653 583 877 966 172 114 601 641 242 363 438 356 819 743 0 28 43 668 860 986 570 173 394 444 97 106 217 379 345 759 950 57 232 248 592 838 963 621 632 872 98 84 207 505 322 740 158 888 589 271 532 684 766 587 314 77 795 274 837 670 601 353 96 630 28 
166 260 586 985 622 532 864 268 983 170 888 824 687 196 918 397 923 849 466 242 346 585 652 631 364 691 324 491 516 28 0 581 339 570 681 354 336 467 678 463 514 69 891 54 710 865 495 362 729 171 487 206 674 558 430 229 935 444 673 350 872 587 949 891 765 325 569 930 128 17 394 859 755 2 720 308 253 217 174 983 
818 629 647 352 663 479 245 369 103 925 219 752 804 584 157 461 898 362 252 804 704 976 530 888 712 419 349 790 239 43 581 0 428 718 506 574 583 14 155 334 923 834 657 660 182 680 471 116 948 774 165 83 71 208 824 629 419 228 883 670 630 78 476 453 109 570 761 462 173 354 983 927 895 785 203 687 692 81 148 419 
701 766 116 61 248 22 821 235 131 462 401 156 211 311 898 647 196 407 432 222 56 287 55 867 638 608 268 709 870 668 339 428 0 191 124 258 293 22 58 866 678 120 596 170 286 948 756 126 694 809 134 670 94 671 784 648 820 937 886 929 624 334 733 38 667 570 521 606 893 656 276 298 339 833 860 244 912 730 913 215 
951 767 529 432 383 554 539 768 930 224 271 660 366 181 976 450 807 379 477 629 224 161 440 215 769 103 891 265 315 860 570 718 191 0 986 983 233 790 144 825 664 363 54 515 920 138 233 181 941 893 77 436 660 535 153 399 440 325 972 701 605 204 699 199 549 47 316 954 768 154 741 787 549 571 265 95 683 602 303 807 
474 591 629 992 181 190 748 389 364 641 106 94 383 968 111 487 626 251 860 184 761 130 455 426 230 957 535 322 579 986 681 506 124 986 0 400 315 594 773 244 403 131 83 382 642 311 527 777 913 960 704 816 166 929 535 665 51 45 356 36 152 42 116 222 107 669 108 865 652 607 590 837 74 247 444 386 863 329 662 285 
229 654 317 960 78 551 660 938 880 650 359 338 466 421 702 825 21 341 728 608 100 814 156 886 615 134 267 523 997 570 354 574 258 983 400 0 308 982 517 94 819 637 100 929 50 562 120 703 585 537 451 661 562 368 784 263 682 578 170 825 560 743 490 812 376 942 105 577 458 227 368 754 481 78 646 910 771 850 728 811 
263 213 42 421 800 639 394 45 671 486 660 91 205 484 93 16 149 856 203 36 139 425 71 488 303 968 565 956 175 173 336 583 293 233 315 308 0 660 163 670 342 455 346 926 978 499 314 849 590 13 61 742 486 61 725 825 62 230 615 82 648 859 635 413 470 692 271 967 339 189 673 781 69 256 96 500 809 397 24 671 
898 902 17 431 189 25 532 441 808 880 290 205 866 57 820 282 335 123 378 422 777 485 134 757 995 972 615 497 450 394 467 14 22 790 594 982 660 0 97 567 898 240 63 77 166 337 123 620 585 296 975 799 836 340 736 704 671 9 713 914 256 644 162 173 648 425 724 439 14 890 721 620 844 767 263 333 797 662 613 673 
101 397 507 987 171 424 486 119 28 528 617 955 181 92 142 617 358 261 362 354 565 71 489 445 178 645 546 599 220 444 678 155 58 144 773 517 163 97 0 262 135 944 92 631 637 581 312 93 595 907 446 886 754 878 656 353 985 760 45 328 549 733 872 416 156 451 88 368 448 694 60 690 984 240 197 957 366 676 572 538 
338 611 143 461 97 278 456 360 517 103 736 887 486 394 785 119 840 620 99 738 719 495 123 283 778 972 732 901 825 97 463 334 866 825 244 94 670 567 262 0 960 629 235 3 75 33 195 61 304 453 493 851 611 449 201 963 754 853 457 501 782 925 304 272 598 298 284 11 392 404 739 724 670 741 712 279 278 574 490 296 
835 858 370 837 738 423 549 600 56 530 774 798 326 415 766 773 430 953 128 11 945 478 769 564 365 86 395 358 21 106 514 923 678 664 403 819 342 898 135 960 0 818 42 36 11 422 273 22 484 784 538 735 680 599 888 331 821 98 293 395 686 277 133 998 197 177 238 911 7 905 923 919 954 683 986 979 146 438 224 286 
175 912 435 695 952 803 12 662 737 727 874 935 598 495 486 494 642 848 14 752 126 108 315 321 233 524 766 928 582 217 69 834 120 363 131 637 455 240 944 629 818 0 943 265 935 486 517 33 100 994 619 312 798 631 685 515 819 826 557 420 471 534 698 510 753 912 445 1000 914 697 401 2 566 732 477 746 330 878 33 226 
201 797 75 482 532 435 414 32 696 204 952 193 408 9 80 986 717 148 750 110 486 807 873 272 63 779 907 867 655 379 891 657 596 54 83 100 346 63 92 235 42 943 0 765 153 615 602 262 833 888 110 253 943 84 594 834 725 920 716 207 273 796 246 37 135 630 884 896 22 781 223 379 4 708 402 544 705 542 9 469 
880 213 9 855 203 804 943 673 789 303 912 370 761 300 537 719 962 139 30 418 184 230 611 959 925 703 857 9 588 345 54 660 170 515 382 929 926 77 631 3 36 265 765 0 582 967 195 605 902 483 192 856 543 747 708 896 607 789 651 445 96 196 82 433 3 145 175 764 340 511 348 491 819 669 361 594 235 968 355 530 
447 361 321 277 649 280 214 990 798 191 851 947 554 401 921 492 418 43 840 998 681 402 236 435 540 333 532 752 820 759 710 182 286 920 642 50 978 166 637 75 11 935 153 582 0 319 750 870 932 132 893 405 98 340 890 180 49 838 90 436 871 297 30 343 199 868 851 648 251 643 77 843 166 573 291 804 792 692 681 208 
771 529 997 593 234 68 636 711 973 673 810 13 417 101 456 697 13 521 9 231 193 680 146 73 173 300 505 597 997 950 865 680 948 138 311 562 499 337 581 33 422 486 615 967 319 0 781 246 826 146 492 408 303 100 707 648 9 816 749 709 52 327 703 78 118 381 353 580 234 876 173 311 850 738 144 69 485 719 404 375 
265 296 853 95 1 607 108 216 449 256 433 32 786 894 104 87 718 75 947 671 198 29 234 26 673 886 261 247 365 57 495 471 756 233 527 120 314 123 312 195 273 517 602 195 750 781 0 725 558 632 946 476 492 368 571 105 312 67 369 866 99 965 791 609 992 498 443 251 72 346 840 678 746 324 188 264 586 617 257 182 
375 386 804 507 298 735 21 961 97 903 108 501 409 617 191 542 711 778 79 447 541 385 792 188 582 943 167 739 775 232 362 116 126 181 777 703 849 620 93 61 22 33 262 605 870 246 725 0 415 261 650 298 91 673 838 701 636 866 923 336 12 441 566 918 81 681 582 511 96 202 849 117 873 831 924 964 773 329 630 696 
