7 4
0 766 274 345 649 838 958 
766 0 343 397 851 130 809 
274 343 0 523 333 968 703 
345 397 523 0 551 820 151 
649 851 333 551 0 663 210 
838 130 968 820 663 0 189 
958 809 703 151 210 189 0 
0 51 86 74 601 839 685 
51 0 467 99 622 76 190 
86 467 0 413 668 445 834 
74 99 413 0 760 881 685 
601 622 668 760 0 312 28 
839 76 445 881 312 0 584 
685 190 834 685 28 584 0 
0 950 915 927 400 162 316 
950 0 534 902 379 925 811 
915 534 0 588 333 556 167 
927 902 588 0 241 120 316 
400 379 333 241 0 689 973 
162 925 556 120 689 0 417 
316 811 167 316 973 417 0 
0 950 915 927 400 162 316 
950 0 534 902 379 925 811 
915 534 0 588 333 556 167 
927 902 588 0 241 120 316 
400 379 333 241 0 689 973 
162 925 556 120 689 0 417 
316 811 167 316 973 417 0 
0 950 915 927 400 162 316 
950 0 534 902 379 925 811 
915 534 0 588 333 556 167 
927 902 588 0 241 120 316 
400 379 333 241 0 689 973 
162 925 556 120 689 0 417 
316 811 167 316 973 417 0 
