9 4
0 544 248 188 403 797 943 330 465 
544 0 593 832 430 229 370 990 25 
248 593 0 391 147 340 377 902 689 
188 832 391 0 407 549 47 345 776 
403 430 147 407 0 434 137 327 945 
797 229 340 549 434 0 385 778 220 
943 370 377 47 137 385 0 273 211 
330 990 902 345 327 778 273 0 128 
465 25 689 776 945 220 211 128 0 
0 555 860 284 907 278 126 996 46 
555 0 856 375 621 287 422 145 3 
860 856 0 658 259 606 927 870 493 
284 375 658 0 633 713 282 361 788 
907 621 259 633 0 479 154 198 700 
278 287 606 713 479 0 2 348 370 
126 422 927 282 154 2 0 635 971 
996 145 870 361 198 348 635 0 621 
46 3 493 788 700 370 971 621 0 
0 602 894 363 881 271 244 908 150 
602 0 755 558 894 295 222 39 206 
894 755 0 580 97 728 662 650 459 
363 558 580 0 590 711 197 361 717 
881 894 97 590 0 479 123 232 580 
271 295 728 711 479 0 43 289 98 
244 222 662 197 123 43 0 599 874 
908 39 650 361 232 289 599 0 381 
150 206 459 717 580 98 874 381 0 
0 456 900 237 886 243 32 991 86 
456 0 942 316 801 374 272 66 19 
900 942 0 690 279 586 906 856 454 
237 316 690 0 544 773 226 186 778 
886 801 279 544 0 536 158 339 709 
243 374 586 773 536 0 168 347 490 
32 272 906 226 158 168 0 571 870 
991 66 856 186 339 347 571 0 615 
86 19 454 778 709 490 870 615 0 
0 631 961 307 983 229 88 908 180 
631 0 848 386 647 114 343 226 91 
961 848 0 470 179 545 916 919 296 
307 386 470 0 712 703 138 405 877 
983 647 179 712 0 218 175 82 589 
229 114 545 703 218 0 211 264 408 
88 343 916 138 175 211 0 636 910 
908 226 919 405 82 264 636 0 816 
180 91 296 877 589 408 910 816 0 
