7 2
0 813 105 728 495 748 590 
813 0 377 463 378 892 566 
105 377 0 940 425 230 694 
728 463 940 0 205 867 517 
495 378 425 205 0 399 457 
748 892 230 867 399 0 171 
590 566 694 517 457 171 0 
0 543 317 195 320 60 699 
543 0 766 341 117 367 126 
317 766 0 714 58 344 814 
195 341 714 0 372 841 256 
320 117 58 372 0 590 416 
60 367 344 841 590 0 39 
699 126 814 256 416 39 0 
0 458 684 806 681 941 302 
458 0 235 660 884 634 875 
684 235 0 287 943 657 187 
806 660 287 0 629 160 745 
681 884 943 629 0 411 585 
941 634 657 160 411 0 962 
302 875 187 745 585 962 0 
