7 4
0 813 105 728 495 748 590 
813 0 377 463 378 892 566 
105 377 0 940 425 230 694 
728 463 940 0 205 867 517 
495 378 425 205 0 399 457 
748 892 230 867 399 0 171 
590 566 694 517 457 171 0 
0 502 364 307 956 130 483 
502 0 878 698 63 164 656 
364 878 0 375 482 84 491 
307 698 375 0 248 380 724 
956 63 482 248 0 768 588 
130 164 84 380 768 0 675 
483 656 491 724 588 675 0 
0 576 407 155 895 176 550 
576 0 858 909 149 270 707 
407 858 0 277 442 59 582 
155 909 277 0 186 589 626 
895 149 442 186 0 589 623 
176 270 59 589 589 0 644 
550 707 582 626 623 644 0 
0 628 458 425 842 261 437 
628 0 960 478 116 13 648 
458 960 0 458 701 142 448 
425 478 458 0 251 360 711 
842 116 701 251 0 728 553 
261 13 142 360 728 0 774 
437 648 448 711 553 774 0 
0 477 269 344 860 11 715 
477 0 813 821 193 126 710 
269 813 0 339 529 39 522 
344 821 339 0 245 408 732 
860 193 529 245 0 919 687 
11 126 39 408 919 0 698 
715 710 522 732 687 698 0 
