20 4
0 73 210 990 346 883 441 81 758 547 110 911 96 831 147 156 657 379 607 8 
73 0 245 902 607 625 111 746 545 255 126 193 361 69 495 536 476 926 327 623 
210 245 0 345 317 755 754 797 116 905 285 434 668 903 169 415 596 14 921 857 
990 902 345 0 508 414 815 319 615 790 544 842 752 683 886 486 60 169 860 92 
346 607 317 508 0 394 408 518 558 747 405 828 197 14 858 997 336 749 501 812 
883 625 755 414 394 0 325 896 948 698 51 659 972 67 780 706 800 631 886 680 
441 111 754 815 408 325 0 671 724 543 363 459 706 300 275 388 362 572 668 536 
81 746 797 319 518 896 671 0 491 386 397 893 558 709 615 713 235 152 702 204 
758 545 116 615 558 948 724 491 0 254 848 53 934 706 1 624 555 952 447 235 
547 255 905 790 747 698 543 386 254 0 369 764 292 906 285 22 239 945 805 840 
110 126 285 544 405 51 363 397 848 369 0 617 948 150 329 816 71 395 934 374 
911 193 434 842 828 659 459 893 53 764 617 0 981 433 352 61 594 248 399 782 
96 361 668 752 197 972 706 558 934 292 948 981 0 57 750 85 602 578 84 469 
831 69 903 683 14 67 300 709 706 906 150 433 57 0 282 614 276 719 743 741 
147 495 169 886 858 780 275 615 1 285 329 352 750 282 0 706 682 906 712 423 
156 536 415 486 997 706 388 713 624 22 816 61 85 614 706 0 456 454 584 899 
657 476 596 60 336 800 362 235 555 239 71 594 602 276 682 456 0 924 193 249 
379 926 14 169 749 631 572 152 952 945 395 248 578 719 906 454 924 0 512 359 
607 327 921 860 501 886 668 702 447 805 934 399 84 743 712 584 193 512 0 80 
8 623 857 92 812 680 536 204 235 840 374 782 469 741 423 899 249 359 80 0 
0 555 927 370 178 213 172 695 69 374 385 81 631 498 433 757 18 574 259 141 
555 0 282 971 901 600 49 983 905 24 622 869 312 480 382 799 541 321 517 680 
927 282 0 621 300 641 482 659 453 644 930 405 621 600 512 987 572 395 755 250 
370 971 621 0 712 542 924 576 606 982 933 794 51 320 663 464 505 321 243 835 
178 901 300 712 0 331 730 293 254 215 824 922 988 880 879 839 872 520 292 627 
213 600 641 542 331 0 858 311 249 639 341 730 698 636 67 126 627 344 332 740 
172 49 482 924 730 858 0 269 763 905 429 21 660 277 856 122 735 281 58 633 
695 983 659 576 293 311 269 0 244 674 787 513 481 980 243 52 68 369 399 192 
69 905 453 606 254 249 763 244 0 278 300 471 142 722 742 112 883 575 293 795 
374 24 644 982 215 639 905 674 278 0 92 992 765 201 997 627 222 943 997 656 
385 622 930 933 824 341 429 787 300 92 0 434 689 891 46 419 823 615 850 133 
81 869 405 794 922 730 21 513 471 992 434 0 94 157 909 199 293 192 747 244 
631 312 621 51 988 698 660 481 142 765 689 94 0 719 125 577 56 91 809 424 
498 480 600 320 880 636 277 980 722 201 891 157 719 0 258 95 365 123 744 417 
433 382 512 663 879 67 856 243 742 997 46 909 125 258 0 30 968 589 846 130 
757 799 987 464 839 126 122 52 112 627 419 199 577 95 30 0 267 746 506 709 
18 541 572 505 872 627 735 68 883 222 823 293 56 365 968 267 0 983 995 599 
574 321 395 321 520 344 281 369 575 943 615 192 91 123 589 746 983 0 973 864 
259 517 755 243 292 332 58 399 293 997 850 747 809 744 846 506 995 973 0 947 
141 680 250 835 627 740 633 192 795 656 133 244 424 417 130 709 599 864 947 0 
0 575 662 98 93 334 125 843 17 340 453 135 656 333 479 755 123 656 501 56 
575 0 197 874 870 641 63 949 998 160 520 751 291 446 295 879 478 277 541 683 
662 197 0 381 430 766 340 520 547 628 807 253 750 532 503 971 538 224 804 376 
98 874 381 0 873 624 867 726 592 924 918 715 101 186 788 438 521 448 174 766 
93 870 430 873 0 368 850 428 106 140 807 851 875 807 791 877 874 482 355 700 
334 641 766 624 368 0 903 487 172 387 481 711 801 740 50 119 489 440 128 817 
125 63 340 867 850 903 0 143 911 870 437 260 706 310 831 122 641 267 50 756 
843 949 520 726 428 487 143 0 210 589 851 540 432 960 228 98 79 310 629 218 
17 998 547 592 106 172 911 210 0 220 226 285 189 785 859 134 934 615 419 845 
340 160 628 924 140 387 870 589 220 0 21 866 704 233 833 602 167 713 994 721 
453 520 807 918 807 481 437 851 226 21 0 477 497 855 71 295 735 733 917 185 
135 751 253 715 851 711 260 540 285 866 477 0 319 36 842 370 65 379 739 265 
656 291 750 101 875 801 706 432 189 704 497 319 0 831 42 573 161 57 923 465 
333 446 532 186 807 740 310 960 785 233 855 36 831 0 245 25 491 217 794 337 
479 295 503 788 791 50 831 228 859 833 71 842 42 245 0 132 941 585 793 191 
755 879 971 438 877 119 122 98 134 602 295 370 573 25 132 0 158 569 348 727 
123 478 538 521 874 489 641 79 934 167 735 65 161 491 941 158 0 797 901 626 
656 277 224 448 482 440 267 310 615 713 733 379 57 217 585 569 797 0 990 960 
501 541 804 174 355 128 50 629 419 994 917 739 923 794 793 348 901 990 0 934 
56 683 376 766 700 817 756 218 845 721 185 265 465 337 191 727 626 960 934 0 
0 556 906 490 134 102 206 555 17 468 338 75 654 239 321 840 40 741 144 159 
556 0 226 870 726 550 120 846 809 49 671 961 183 479 513 769 742 428 611 865 
906 226 0 615 437 409 372 608 232 529 833 532 793 497 645 977 583 209 889 241 
490 870 615 0 531 724 933 508 684 940 915 912 119 307 558 445 504 360 132 720 
134 726 437 531 0 182 843 82 208 89 796 727 930 910 891 868 765 473 539 680 
102 550 409 724 182 0 932 269 307 736 364 768 569 523 152 201 677 375 347 755 
206 120 372 933 843 932 0 246 722 940 428 154 561 294 887 178 812 233 69 622 
555 846 608 508 82 269 246 0 323 660 548 492 550 921 221 192 114 361 297 48 
17 809 232 684 208 307 722 323 0 354 134 611 165 730 685 185 936 553 380 808 
468 49 529 940 89 736 940 660 354 0 128 865 758 159 957 754 58 850 819 744 
338 671 833 915 796 364 428 548 134 128 0 423 422 790 221 565 670 537 839 353 
75 961 532 912 727 768 154 492 611 865 423 0 111 83 910 197 200 399 793 433 
654 183 793 119 930 569 561 550 165 758 422 111 0 789 201 565 85 163 604 378 
239 479 497 307 910 523 294 921 730 159 790 83 789 0 196 6 525 103 776 353 
321 513 645 558 891 152 887 221 685 957 221 910 201 196 0 80 900 575 946 184 
840 769 977 445 868 201 178 192 185 754 565 197 565 6 80 0 257 717 520 656 
40 742 583 504 765 677 812 114 936 58 670 200 85 525 900 257 0 907 897 747 
741 428 209 360 473 375 233 361 553 850 537 399 163 103 575 717 907 0 948 814 
144 611 889 132 539 347 69 297 380 819 839 793 604 776 946 520 897 948 0 962 
159 865 241 720 680 755 622 48 808 744 353 433 378 353 184 656 747 814 962 0 
0 368 916 408 243 162 137 681 75 511 274 116 867 455 527 581 112 521 350 72 
368 0 138 910 914 586 177 968 790 35 679 895 390 467 244 812 741 209 678 755 
916 138 0 816 227 667 707 734 391 564 993 315 730 569 337 810 634 485 641 275 
408 910 816 0 632 471 1000 611 682 991 945 771 107 359 617 483 494 191 210 752 
243 914 227 632 0 400 668 288 179 104 867 825 814 754 863 837 838 593 380 539 
162 586 667 471 400 0 846 436 210 542 390 668 755 482 136 75 486 464 542 605 
137 177 707 1000 668 846 0 409 793 669 386 208 746 289 919 117 689 428 83 636 
681 968 734 611 288 436 409 0 224 649 768 474 464 937 347 2 240 341 497 63 
75 790 391 682 179 210 793 224 0 314 208 470 446 645 769 73 910 581 557 928 
511 35 564 991 104 542 669 649 314 0 212 824 622 148 999 702 128 923 874 524 
274 679 993 945 867 390 386 768 208 212 0 433 725 771 152 383 796 722 904 133 
116 895 315 771 825 668 208 474 470 824 433 0 100 172 824 65 136 250 601 257 
867 390 730 107 814 755 746 464 446 622 725 100 0 592 263 377 48 163 817 425 
455 467 569 359 754 482 289 937 645 148 771 172 592 0 160 223 522 197 768 437 
527 244 337 617 863 136 919 347 769 999 152 824 263 160 0 13 728 689 991 229 
581 812 810 483 837 75 117 2 73 702 383 65 377 223 13 0 354 545 677 629 
112 741 634 494 838 486 689 240 910 128 796 136 48 522 728 354 0 978 851 506 
521 209 485 191 593 464 428 341 581 923 722 250 163 197 689 545 978 0 895 746 
350 678 641 210 380 542 83 497 557 874 904 601 817 768 991 677 851 895 0 768 
72 755 275 752 539 605 636 63 928 524 133 257 425 437 229 629 506 746 768 0 
