10 2
0 574 433 516 753 90 943 104 862 476 
574 0 73 813 412 449 566 465 464 571 
433 73 0 822 210 981 330 25 206 464 
516 813 822 0 245 943 990 689 483 409 
753 412 210 245 0 370 902 776 346 503 
90 449 981 943 370 0 345 945 607 491 
943 566 330 990 902 345 0 220 317 999 
104 465 25 689 776 945 220 0 508 685 
862 464 206 483 346 607 317 508 0 86 
476 571 464 409 503 491 999 685 86 0 
0 660 683 204 843 733 466 462 128 774 
660 0 906 399 491 240 731 146 553 308 
683 906 0 909 60 190 429 126 255 745 
204 399 909 0 30 180 558 216 410 566 
843 491 60 30 0 626 658 1 597 210 
733 240 190 180 626 0 136 833 947 906 
466 731 429 558 658 136 0 91 810 695 
462 146 126 216 1 833 91 0 261 571 
128 553 255 410 597 947 810 261 0 961 
774 308 745 566 210 906 695 571 961 0 
0 698 709 359 709 757 340 598 162 671 
698 0 940 327 670 241 664 258 321 439 
709 940 0 861 87 262 375 197 206 777 
359 327 861 0 7 54 386 351 443 674 
709 670 87 7 0 746 580 51 637 212 
757 241 262 54 746 0 127 721 941 865 
340 664 375 386 580 127 0 108 847 630 
598 258 197 351 51 721 108 0 301 504 
162 321 206 443 637 941 847 301 0 768 
671 439 777 674 212 865 630 504 768 0 
