80 4
0 917 156 207 878 25 81 12 333 498 760 838 42 756 467 7 566 353 301 315 835 878 641 413 445 292 999 919 841 935 756 45 93 954 11 90 26 417 703 203 472 761 526 853 781 825 409 507 20 542 82 73 37 554 384 576 641 168 868 308 871 201 659 652 714 661 11 657 291 615 879 955 862 970 157 805 684 355 591 265 
917 0 125 898 545 941 428 804 899 442 270 84 51 321 389 602 432 472 47 709 915 784 559 536 842 921 923 133 341 328 124 528 209 188 886 573 213 683 760 972 416 848 128 773 271 149 400 265 280 596 653 79 933 462 795 131 127 293 453 567 303 251 223 260 930 43 791 730 594 205 291 244 407 304 21 626 879 766 967 715 
156 125 0 189 474 188 594 984 524 520 550 188 55 698 698 924 238 774 531 831 979 588 649 502 928 29 36 161 432 857 364 682 881 988 592 196 384 553 173 984 761 724 388 80 615 30 948 254 957 879 297 503 30 47 380 802 148 270 943 549 772 576 854 445 189 237 195 845 709 395 533 292 461 647 585 804 445 946 477 707 
207 898 189 0 3 111 995 828 811 102 598 59 102 736 182 31 371 853 982 113 208 432 3 682 853 317 531 552 437 582 840 998 281 891 719 427 228 874 37 747 509 916 115 189 333 181 406 733 969 934 41 625 809 722 937 515 757 418 437 831 485 962 646 860 797 643 6 588 355 962 660 824 217 834 107 322 979 794 284 260 
878 545 474 3 0 926 36 869 619 701 474 967 718 298 971 771 919 585 749 671 51 768 796 347 455 342 170 492 622 661 668 120 181 432 952 460 821 62 527 898 844 807 898 381 196 532 180 147 688 332 161 437 462 613 383 38 696 668 478 64 279 79 973 556 660 122 724 940 656 1000 97 96 669 375 5 133 627 602 599 35 
25 941 188 111 926 0 211 165 774 51 408 521 594 989 960 4 335 455 421 648 683 457 560 958 156 499 445 113 498 674 352 947 203 393 208 422 854 983 520 470 608 772 356 951 971 685 806 705 841 634 277 950 409 233 22 123 556 669 460 806 55 325 637 635 277 31 722 781 172 966 595 904 319 748 594 652 429 5 645 204 
81 428 594 995 36 211 0 796 603 239 442 691 483 504 316 517 218 521 145 303 161 799 188 360 710 754 892 724 893 462 746 56 616 339 897 444 415 227 962 891 346 611 7 385 349 82 701 287 364 433 37 610 461 47 299 216 465 545 945 769 83 955 402 539 398 849 765 709 20 401 467 191 255 292 553 125 504 690 402 905 
12 804 984 828 869 165 796 0 959 690 634 198 221 522 477 752 408 130 684 441 146 893 932 591 269 922 200 832 190 309 9 273 514 456 712 897 692 434 385 148 703 996 77 57 343 522 727 33 34 893 1000 524 630 467 300 656 597 84 449 144 940 533 813 661 350 199 601 441 906 926 39 240 122 800 509 97 12 603 192 71 
333 899 524 811 619 774 603 959 0 328 235 142 815 515 757 290 101 7 387 646 351 919 265 540 135 428 501 454 758 833 571 18 825 488 846 423 616 908 977 838 406 557 522 45 238 536 552 299 189 140 206 739 350 580 80 562 74 861 669 166 27 310 683 130 428 57 979 290 551 745 819 987 6 203 658 641 381 784 689 878 
498 442 520 102 701 51 239 690 328 0 849 139 53 724 811 980 940 211 367 149 358 937 385 700 726 934 59 547 758 824 930 855 541 199 500 904 236 557 299 510 800 209 181 275 307 670 943 983 535 346 544 334 558 355 786 315 63 335 543 529 217 708 546 808 239 697 340 56 295 268 142 729 622 243 170 301 930 655 623 760 
760 270 550 598 474 408 442 634 235 849 0 893 485 100 401 536 925 345 575 481 825 914 158 136 354 721 821 741 647 109 659 27 696 129 756 785 726 83 857 676 770 551 495 243 519 833 125 202 467 543 326 742 676 927 378 621 500 486 482 711 419 221 68 506 180 922 297 851 976 79 466 380 601 871 903 131 349 250 667 296 
838 84 188 59 967 521 691 198 142 139 893 0 360 855 637 185 97 342 760 975 849 503 275 592 665 228 659 389 787 830 147 486 157 95 610 418 642 279 976 522 652 523 681 403 960 26 570 1000 17 168 454 119 421 826 327 642 600 202 174 75 30 389 880 425 554 281 604 161 711 336 921 701 428 69 412 756 312 679 453 84 
42 51 55 102 718 594 483 221 815 53 485 360 0 487 503 829 368 818 41 304 582 737 359 883 730 606 342 88 659 938 437 916 201 415 856 770 726 78 129 858 496 813 790 785 664 522 457 300 81 494 117 39 179 717 478 757 80 579 835 315 174 478 352 625 495 771 771 764 161 715 976 477 262 542 712 993 556 532 924 199 
756 321 698 736 298 989 504 522 515 724 100 855 487 0 125 736 263 887 581 995 383 763 284 59 434 609 262 471 9 879 427 420 181 680 338 259 205 301 503 67 334 499 214 334 972 783 503 651 774 337 262 658 943 86 892 436 345 735 570 912 528 145 26 136 812 926 740 698 178 196 406 217 227 521 283 163 648 833 338 514 
467 389 698 182 971 960 316 477 757 811 401 637 503 125 0 78 177 548 290 334 420 416 841 782 773 115 780 365 124 497 431 137 420 220 758 440 431 879 352 230 129 545 408 860 980 925 419 184 381 488 562 267 732 248 193 359 685 724 720 797 184 453 329 501 571 866 394 747 289 266 443 697 331 982 114 121 561 682 325 579 
7 602 924 31 771 4 517 752 290 980 536 185 829 736 78 0 199 77 122 223 70 219 667 769 695 117 179 556 628 41 814 221 958 104 806 715 863 361 204 982 166 774 932 517 780 873 714 166 154 627 446 963 838 611 552 903 917 693 767 926 461 412 582 557 83 734 867 422 789 636 679 517 882 234 992 171 689 734 493 768 
566 432 238 371 919 335 218 408 101 940 925 97 368 263 177 199 0 914 267 940 713 400 588 507 428 992 545 540 863 712 990 158 641 5 906 308 489 244 335 719 144 365 207 41 216 966 94 802 594 883 520 310 829 98 617 726 769 499 599 823 503 889 96 981 630 74 136 884 116 118 135 633 886 530 790 40 501 305 966 715 
353 472 774 853 585 455 521 130 7 211 345 342 818 887 548 77 914 0 398 385 655 294 419 910 288 464 176 132 734 364 823 665 92 655 914 349 507 131 237 969 686 898 281 589 996 50 442 999 831 171 325 907 124 738 852 143 161 726 155 999 509 39 171 254 289 586 187 923 371 772 43 429 425 117 62 719 379 656 847 578 
301 47 531 982 749 421 145 684 387 367 575 760 41 581 290 122 267 398 0 947 891 298 596 900 519 625 312 766 581 710 964 189 133 496 254 937 759 983 487 774 98 921 217 792 779 427 83 867 139 386 529 604 704 995 503 58 363 232 360 450 532 436 780 867 872 262 802 633 802 426 330 805 279 767 366 714 666 613 503 159 
315 709 831 113 671 648 303 441 646 149 481 975 304 995 334 223 940 385 947 0 464 512 410 610 325 488 376 693 485 529 581 657 661 626 1000 434 840 580 468 537 363 55 121 252 666 334 883 659 817 826 444 723 94 275 345 918 773 656 148 722 597 865 604 424 803 442 602 663 320 613 425 89 910 654 9 417 719 10 875 717 
835 915 979 208 51 683 161 146 351 358 825 849 582 383 420 70 713 655 891 464 0 924 565 357 789 586 996 819 615 454 815 164 739 300 52 354 830 909 441 948 747 331 113 190 364 958 87 630 249 54 148 494 374 426 785 565 42 788 188 941 949 891 169 853 92 398 957 80 538 209 2 973 197 794 718 700 193 578 188 541 
878 784 588 432 768 457 799 893 919 937 914 503 737 763 416 219 400 294 298 512 924 0 669 981 672 170 424 531 139 385 272 505 248 583 66 453 354 368 42 871 904 36 28 694 143 796 55 260 572 785 117 650 503 389 222 91 613 597 170 28 194 630 847 960 994 617 883 490 135 668 500 504 179 753 548 526 843 302 63 71 
641 559 649 3 796 560 188 932 265 385 158 275 359 284 841 667 588 419 596 410 565 669 0 398 304 880 574 38 808 536 992 493 638 952 896 139 702 958 869 833 974 850 432 377 567 541 437 759 851 924 756 21 900 591 616 102 375 497 523 480 812 375 676 142 453 798 529 873 661 886 434 979 402 35 402 13 219 350 650 595 
413 536 502 682 347 958 360 591 540 700 136 592 883 59 782 769 507 910 900 610 357 981 398 0 61 947 579 289 595 370 316 256 35 844 569 578 524 200 17 915 982 928 258 921 787 118 730 520 194 197 632 117 30 127 99 663 774 780 393 49 359 86 513 682 266 206 629 595 715 186 85 799 716 57 950 965 279 513 701 488 
445 842 928 853 455 156 710 269 135 726 354 665 730 434 773 695 428 288 519 325 789 672 304 61 0 272 60 286 168 42 651 962 536 266 705 796 818 222 133 389 163 508 323 586 356 933 807 350 216 309 262 275 730 174 874 728 987 228 283 267 881 601 455 592 509 378 970 800 221 434 450 390 841 133 414 876 44 207 432 905 
292 921 29 317 342 499 754 922 428 934 721 228 606 609 115 117 992 464 625 488 586 170 880 947 272 0 691 637 634 310 763 687 147 67 127 495 992 834 83 539 335 409 5 32 4 531 715 472 920 492 261 580 382 253 505 53 78 404 75 58 212 157 791 566 69 955 609 147 88 263 277 85 840 327 940 488 446 560 279 756 
999 923 36 531 170 445 892 200 501 59 821 659 342 262 780 179 545 176 312 376 996 424 574 579 60 691 0 537 376 431 766 673 958 682 809 210 928 618 848 101 451 792 142 781 722 640 877 423 582 702 603 932 376 686 813 143 253 294 454 127 115 306 181 71 381 791 117 19 955 451 756 853 506 369 479 911 815 706 687 493 
919 133 161 552 492 113 724 832 454 547 741 389 88 471 365 556 540 132 766 693 819 531 38 289 286 637 537 0 412 871 563 617 723 986 72 163 561 245 905 563 409 747 376 307 808 122 912 725 807 835 814 889 554 757 72 352 825 136 987 556 891 53 257 77 261 227 256 767 414 511 846 935 173 416 46 186 224 276 452 946 
841 341 432 437 622 498 893 190 758 758 647 787 659 9 124 628 863 734 581 485 615 139 808 595 168 634 376 412 0 634 691 44 290 162 572 728 335 915 166 44 131 220 7 414 795 556 90 704 708 469 456 272 12 112 864 24 230 323 24 139 785 585 338 779 871 610 442 514 44 274 224 903 73 967 24 143 154 285 476 156 
935 328 857 582 661 674 462 309 833 824 109 830 938 879 497 41 712 364 710 529 454 385 536 370 42 310 431 871 634 0 579 657 983 878 971 1 497 974 325 950 235 529 990 865 738 605 423 354 871 396 755 912 647 615 497 673 943 389 285 449 232 790 396 927 395 133 168 120 139 969 24 615 371 470 687 586 748 610 315 523 
756 124 364 840 668 352 746 9 571 930 659 147 437 427 431 814 990 823 964 581 815 272 992 316 651 763 766 563 691 579 0 482 75 932 163 82 1000 952 876 612 721 486 628 701 839 66 333 143 5 248 327 74 662 896 389 800 2 362 1 495 212 413 994 656 622 672 84 297 80 766 347 182 780 241 337 853 803 77 642 96 
45 528 682 998 120 947 56 273 18 855 27 486 916 420 137 221 158 665 189 657 164 505 493 256 962 687 673 617 44 657 482 0 290 593 377 112 617 920 812 125 396 270 800 224 542 299 412 47 579 557 339 892 477 330 992 845 194 281 85 806 920 360 294 545 571 738 770 147 476 686 240 873 451 844 509 373 690 41 80 522 
93 209 881 281 181 203 616 514 825 541 696 157 201 181 420 958 641 92 133 661 739 248 638 35 536 147 958 723 290 983 75 290 0 620 517 819 39 583 271 935 930 872 731 200 361 167 245 270 831 319 702 765 952 321 87 226 182 404 916 477 377 289 153 330 658 62 1 303 579 278 142 853 295 805 872 895 953 780 853 63 
954 188 988 891 432 393 339 456 488 199 129 95 415 680 220 104 5 655 496 626 300 583 952 844 266 67 682 986 162 878 932 593 620 0 750 130 186 821 991 913 584 910 961 239 283 404 334 105 466 390 727 970 490 429 507 118 41 52 486 743 718 630 606 689 488 903 650 833 483 556 79 639 272 299 215 752 831 32 305 365 
11 886 592 719 952 208 897 712 846 500 756 610 856 338 758 806 906 914 254 1000 52 66 896 569 705 127 809 72 572 971 163 377 517 750 0 43 647 109 200 801 929 535 418 28 978 510 979 809 783 283 786 400 920 289 58 514 426 409 942 902 656 729 460 290 763 657 149 440 395 595 951 217 543 766 37 147 571 807 834 847 
90 573 196 427 460 422 444 897 423 904 785 418 770 259 440 715 308 349 937 434 354 453 139 578 796 495 210 163 728 1 82 112 819 130 43 0 830 561 143 253 911 350 2 729 872 616 752 201 486 87 297 101 906 107 2 611 692 939 222 897 338 507 628 686 900 681 982 984 35 115 940 12 954 490 267 989 131 92 796 141 
26 213 384 228 821 854 415 692 616 236 726 642 726 205 431 863 489 507 759 840 830 354 702 524 818 992 928 561 335 497 1000 617 39 186 647 830 0 859 578 89 624 91 526 274 250 354 642 909 482 98 1 271 768 965 517 667 118 423 465 461 547 288 224 822 436 683 425 797 16 637 788 329 321 578 852 827 916 939 909 916 
417 683 553 874 62 983 227 434 908 557 83 279 78 301 879 361 244 131 983 580 909 368 958 200 222 834 618 245 915 974 952 920 583 821 109 561 859 0 103 961 115 566 942 35 377 400 55 576 52 787 770 387 61 409 493 334 132 806 702 230 621 478 68 565 323 60 776 572 898 718 322 649 785 315 374 291 50 723 112 927 
703 760 173 37 527 520 962 385 977 299 857 976 129 503 352 204 335 237 487 468 441 42 869 17 133 83 848 905 166 325 876 812 271 991 200 143 578 103 0 953 582 87 20 595 18 506 341 463 847 132 831 173 169 540 611 490 955 435 465 867 227 316 674 4 428 788 788 673 842 895 655 479 826 141 51 137 447 862 169 232 
203 972 984 747 898 470 891 148 838 510 676 522 858 67 230 982 719 969 774 537 948 871 833 915 389 539 101 563 44 950 612 125 935 913 801 253 89 961 953 0 543 867 370 251 384 183 478 360 973 392 540 889 777 336 447 689 278 220 879 776 82 645 77 979 354 491 813 226 670 496 568 444 475 758 8 159 918 305 925 758 
472 416 761 509 844 608 346 703 406 800 770 652 496 334 129 166 144 686 98 363 747 904 974 982 163 335 451 409 131 235 721 396 930 584 929 911 624 115 582 543 0 641 439 543 860 883 60 635 509 889 127 125 779 106 483 457 438 409 590 178 649 891 769 144 481 891 34 763 111 58 560 941 681 35 284 163 153 609 424 732 
761 848 724 916 807 772 611 996 557 209 551 523 813 499 545 774 365 898 921 55 331 36 850 928 508 409 792 747 220 529 486 270 872 910 535 350 91 566 87 867 641 0 367 68 900 591 485 800 262 541 379 627 955 904 701 280 912 413 498 484 952 633 778 611 492 937 277 667 309 492 420 138 300 809 227 771 966 947 946 842 
526 128 388 115 898 356 7 77 522 181 495 681 790 214 408 932 207 281 217 121 113 28 432 258 323 5 142 376 7 990 628 800 731 961 418 2 526 942 20 370 439 367 0 730 654 293 677 59 596 791 10 182 871 660 221 219 2 19 991 903 662 452 757 205 244 947 782 602 276 895 74 741 886 353 740 508 721 233 705 153 
853 773 80 189 381 951 385 57 45 275 243 403 785 334 860 517 41 589 792 252 190 694 377 921 586 32 781 307 414 865 701 224 200 239 28 729 274 35 595 251 543 68 730 0 506 415 928 263 610 788 611 219 256 967 141 92 733 937 149 800 253 514 327 847 380 196 984 117 771 879 892 183 16 347 308 855 598 858 666 666 
781 271 615 333 196 971 349 343 238 307 519 960 664 972 980 780 216 996 779 666 364 143 567 787 356 4 722 808 795 738 839 542 361 283 978 872 250 377 18 384 860 900 654 506 0 92 452 289 434 321 761 120 89 1 583 895 487 219 518 427 358 777 654 328 417 74 67 428 72 164 886 877 967 816 485 195 153 740 742 65 
825 149 30 181 532 685 82 522 536 670 833 26 522 783 925 873 966 50 427 334 958 796 541 118 933 531 640 122 556 605 66 299 167 404 510 616 354 400 506 183 883 591 293 415 92 0 551 494 605 175 451 128 292 531 335 516 160 15 318 943 278 954 763 573 172 810 767 988 539 89 834 354 59 409 667 767 61 751 525 384 
409 400 948 406 180 806 701 727 552 943 125 570 457 503 419 714 94 442 83 883 87 55 437 730 807 715 877 912 90 423 333 412 245 334 979 752 642 55 341 478 60 485 677 928 452 551 0 952 19 506 3 576 886 247 193 429 414 836 275 901 676 661 582 176 313 329 62 932 218 647 31 661 440 458 97 300 484 718 240 874 
507 265 254 733 147 705 287 33 299 983 202 1000 300 651 184 166 802 999 867 659 630 260 759 520 350 472 423 725 704 354 143 47 270 105 809 201 909 576 463 360 635 800 59 263 289 494 952 0 218 390 738 623 38 676 470 527 335 733 8 64 460 367 623 208 735 141 561 573 818 748 519 210 646 535 395 362 65 774 657 409 
20 280 957 969 688 841 364 34 189 535 467 17 81 774 381 154 594 831 139 817 249 572 851 194 216 920 582 807 708 871 5 579 831 466 783 486 482 52 847 973 509 262 596 610 434 605 19 218 0 301 269 534 344 887 952 355 806 726 173 358 627 794 641 375 541 886 319 852 786 448 823 859 333 14 491 325 906 919 202 857 
542 596 879 934 332 634 433 893 140 346 543 168 494 337 488 627 883 171 386 826 54 785 924 197 309 492 702 835 469 396 248 557 319 390 283 87 98 787 132 392 889 541 791 788 321 175 506 390 301 0 432 359 502 931 936 928 784 26 89 764 736 631 99 587 46 74 553 737 544 584 981 994 927 787 644 346 473 266 995 382 
82 653 297 41 161 277 37 1000 206 544 326 454 117 262 562 446 520 325 529 444 148 117 756 632 262 261 603 814 456 755 327 339 702 727 786 297 1 770 831 540 127 379 10 611 761 451 3 738 269 432 0 545 574 722 718 438 977 816 667 133 452 57 991 996 695 715 341 569 180 263 321 340 293 565 310 636 797 459 81 327 
73 79 503 625 437 950 610 524 739 334 742 119 39 658 267 963 310 907 604 723 494 650 21 117 275 580 932 889 272 912 74 892 765 970 400 101 271 387 173 889 125 627 182 219 120 128 576 623 534 359 545 0 866 885 957 889 210 406 911 856 328 355 124 10 306 580 426 396 522 937 683 686 293 577 596 617 672 895 199 519 
37 933 30 809 462 409 461 630 350 558 676 421 179 943 732 838 829 124 704 94 374 503 900 30 730 382 376 554 12 647 662 477 952 490 920 906 768 61 169 777 779 955 871 256 89 292 886 38 344 502 574 866 0 1000 733 525 537 451 796 740 366 559 530 287 550 548 934 884 664 979 521 781 554 461 746 606 629 330 161 443 
554 462 47 722 613 233 47 467 580 355 927 826 717 86 248 611 98 738 995 275 426 389 591 127 174 253 686 757 112 615 896 330 321 429 289 107 965 409 540 336 106 904 660 967 1 531 247 676 887 931 722 885 1000 0 505 706 951 160 289 407 532 569 698 761 878 804 818 315 603 648 337 990 169 882 395 896 380 291 400 520 
384 795 380 937 383 22 299 300 80 786 378 327 478 892 193 552 617 852 503 345 785 222 616 99 874 505 813 72 864 497 389 992 87 507 58 2 517 493 611 447 483 701 221 141 583 335 193 470 952 936 718 957 733 505 0 919 466 480 121 499 299 529 745 285 72 492 54 266 921 941 214 993 802 297 928 393 40 275 806 409 
576 131 802 515 38 123 216 656 562 315 621 642 757 436 359 903 726 143 58 918 565 91 102 663 728 53 143 352 24 673 800 845 226 118 514 611 667 334 490 689 457 280 219 92 895 516 429 527 355 928 438 889 525 706 919 0 966 501 553 877 487 934 48 326 159 765 151 297 503 836 753 845 456 231 475 851 900 57 846 4 
641 127 148 757 696 556 465 597 74 63 500 600 80 345 685 917 769 161 363 773 42 613 375 774 987 78 253 825 230 943 2 194 182 41 426 692 118 132 955 278 438 912 2 733 487 160 414 335 806 784 977 210 537 951 466 966 0 764 36 216 404 307 639 973 5 952 929 324 353 907 907 465 729 153 128 714 882 873 772 380 
168 293 270 418 668 669 545 84 861 335 486 202 579 735 724 693 499 726 232 656 788 597 497 780 228 404 294 136 323 389 362 281 404 52 409 939 423 806 435 220 409 413 19 937 219 15 836 733 726 26 816 406 451 160 480 501 764 0 634 859 858 429 503 589 848 20 237 933 668 553 178 65 69 687 170 571 446 399 175 380 
868 453 943 437 478 460 945 449 669 543 482 174 835 570 720 767 599 155 360 148 188 170 523 393 283 75 454 987 24 285 1 85 916 486 942 222 465 702 465 879 590 498 991 149 518 318 275 8 173 89 667 911 796 289 121 553 36 634 0 304 744 995 884 109 81 548 352 279 182 246 140 558 450 613 890 412 521 962 988 806 
308 567 549 831 64 806 769 144 166 529 711 75 315 912 797 926 823 999 450 722 941 28 480 49 267 58 127 556 139 449 495 806 477 743 902 897 461 230 867 776 178 484 903 800 427 943 901 64 358 764 133 856 740 407 499 877 216 859 304 0 58 479 87 293 678 733 457 510 275 915 600 233 729 868 246 545 843 626 258 537 
871 303 772 485 279 55 83 940 27 217 419 30 174 528 184 461 503 509 532 597 949 194 812 359 881 212 115 891 785 232 212 920 377 718 656 338 547 621 227 82 649 952 662 253 358 278 676 460 627 736 452 328 366 532 299 487 404 858 744 58 0 255 766 582 280 912 615 698 621 32 568 531 6 826 986 265 793 260 3 316 
201 251 576 962 79 325 955 533 310 708 221 389 478 145 453 412 889 39 436 865 891 630 375 86 601 157 306 53 585 790 413 360 289 630 729 507 288 478 316 645 891 633 452 514 777 954 661 367 794 631 57 355 559 569 529 934 307 429 995 479 255 0 462 735 917 490 920 32 177 264 711 445 588 131 545 564 753 536 850 959 
659 223 854 646 973 637 402 813 683 546 68 880 352 26 329 582 96 171 780 604 169 847 676 513 455 791 181 257 338 396 994 294 153 606 460 628 224 68 674 77 769 778 757 327 654 763 582 623 641 99 991 124 530 698 745 48 639 503 884 87 766 462 0 780 148 366 322 312 878 193 988 287 727 714 128 636 583 220 506 503 
652 260 445 860 556 635 539 661 130 808 506 425 625 136 501 557 981 254 867 424 853 960 142 682 592 566 71 77 779 927 656 545 330 689 290 686 822 565 4 979 144 611 205 847 328 573 176 208 375 587 996 10 287 761 285 326 973 589 109 293 582 735 780 0 142 658 683 91 849 683 491 900 896 206 518 589 766 976 970 311 
714 930 189 797 660 277 398 350 428 239 180 554 495 812 571 83 630 289 872 803 92 994 453 266 509 69 381 261 871 395 622 571 658 488 763 900 436 323 428 354 481 492 244 380 417 172 313 735 541 46 695 306 550 878 72 159 5 848 81 678 280 917 148 142 0 245 354 853 640 452 197 518 370 872 95 204 55 587 180 572 
661 43 237 643 122 31 849 199 57 697 922 281 771 926 866 734 74 586 262 442 398 617 798 206 378 955 791 227 610 133 672 738 62 903 657 681 683 60 788 491 891 937 947 196 74 810 329 141 886 74 715 580 548 804 492 765 952 20 548 733 912 490 366 658 245 0 695 955 406 613 725 382 914 148 291 810 383 493 561 451 
11 791 195 6 724 722 765 601 979 340 297 604 771 740 394 867 136 187 802 602 957 883 529 629 970 609 117 256 442 168 84 770 1 650 149 982 425 776 788 813 34 277 782 984 67 767 62 561 319 553 341 426 934 818 54 151 929 237 352 457 615 920 322 683 354 695 0 174 190 125 26 611 379 909 917 364 761 675 973 860 
657 730 845 588 940 781 709 441 290 56 851 161 764 698 747 422 884 923 633 663 80 490 873 595 800 147 19 767 514 120 297 147 303 833 440 984 797 572 673 226 763 667 602 117 428 988 932 573 852 737 569 396 884 315 266 297 324 933 279 510 698 32 312 91 853 955 174 0 653 629 11 515 158 629 286 944 983 709 442 166 
291 594 709 355 656 172 20 906 551 295 976 711 161 178 289 789 116 371 802 320 538 135 661 715 221 88 955 414 44 139 80 476 579 483 395 35 16 898 842 670 111 309 276 771 72 539 218 818 786 544 180 522 664 603 921 503 353 668 182 275 621 177 878 849 640 406 190 653 0 962 356 468 984 764 333 788 571 955 817 714 
615 205 395 962 1000 966 401 926 745 268 79 336 715 196 266 636 118 772 426 613 209 668 886 186 434 263 451 511 274 969 766 686 278 556 595 115 637 718 895 496 58 492 895 879 164 89 647 748 448 584 263 937 979 648 941 836 907 553 246 915 32 264 193 683 452 613 125 629 962 0 648 201 582 392 406 371 849 511 674 542 
879 291 533 660 97 595 467 39 819 142 466 921 976 406 443 679 135 43 330 425 2 500 434 85 450 277 756 846 224 24 347 240 142 79 951 940 788 322 655 568 560 420 74 892 886 834 31 519 823 981 321 683 521 337 214 753 907 178 140 600 568 711 988 491 197 725 26 11 356 648 0 102 221 529 460 374 397 106 524 970 
955 244 292 824 96 904 191 240 987 729 380 701 477 217 697 517 633 429 805 89 973 504 979 799 390 85 853 935 903 615 182 873 853 639 217 12 329 649 479 444 941 138 741 183 877 354 661 210 859 994 340 686 781 990 993 845 465 65 558 233 531 445 287 900 518 382 611 515 468 201 102 0 587 598 230 121 837 325 278 392 
862 407 461 217 669 319 255 122 6 622 601 428 262 227 331 882 886 425 279 910 197 179 402 716 841 840 506 173 73 371 780 451 295 272 543 954 321 785 826 475 681 300 886 16 967 59 440 646 333 927 293 293 554 169 802 456 729 69 450 729 6 588 727 896 370 914 379 158 984 582 221 587 0 155 342 319 464 846 294 425 
970 304 647 834 375 748 292 800 203 243 871 69 542 521 982 234 530 117 767 654 794 753 35 57 133 327 369 416 967 470 241 844 805 299 766 490 578 315 141 758 35 809 353 347 816 409 458 535 14 787 565 577 461 882 297 231 153 687 613 868 826 131 714 206 872 148 909 629 764 392 529 598 155 0 450 372 757 552 65 794 
157 21 585 107 5 594 553 509 658 170 903 412 712 283 114 992 790 62 366 9 718 548 402 950 414 940 479 46 24 687 337 509 872 215 37 267 852 374 51 8 284 227 740 308 485 667 97 395 491 644 310 596 746 395 928 475 128 170 890 246 986 545 128 518 95 291 917 286 333 406 460 230 342 450 0 591 688 868 258 133 
805 626 804 322 133 652 125 97 641 301 131 756 993 163 121 171 40 719 714 417 700 526 13 965 876 488 911 186 143 586 853 373 895 752 147 989 827 291 137 159 163 771 508 855 195 767 300 362 325 346 636 617 606 896 393 851 714 571 412 545 265 564 636 589 204 810 364 944 788 371 374 121 319 372 591 0 18 198 836 738 
684 879 445 979 627 429 504 12 381 930 349 312 556 648 561 689 501 379 666 719 193 843 219 279 44 446 815 224 154 748 803 690 953 831 571 131 916 50 447 918 153 966 721 598 153 61 484 65 906 473 797 672 629 380 40 900 882 446 521 843 793 753 583 766 55 383 761 983 571 849 397 837 464 757 688 18 0 458 82 575 
355 766 946 794 602 5 690 603 784 655 250 679 532 833 682 734 305 656 613 10 578 302 350 513 207 560 706 276 285 610 77 41 780 32 807 92 939 723 862 305 609 947 233 858 740 751 718 774 919 266 459 895 330 291 275 57 873 399 962 626 260 536 220 976 587 493 675 709 955 511 106 325 846 552 868 198 458 0 730 945 
591 967 477 284 599 645 402 192 689 623 667 453 924 338 325 493 966 847 503 875 188 63 650 701 432 279 687 452 476 315 642 80 853 305 834 796 909 112 169 925 424 946 705 666 742 525 240 657 202 995 81 199 161 400 806 846 772 175 988 258 3 850 506 970 180 561 973 442 817 674 524 278 294 65 258 836 82 730 0 853 
265 715 707 260 35 204 905 71 878 760 296 84 199 514 579 768 715 578 159 717 541 71 595 488 905 756 493 946 156 523 96 522 63 365 847 141 916 927 232 758 732 842 153 666 65 384 874 409 857 382 327 519 443 520 409 4 380 380 806 537 316 959 503 311 572 451 860 166 714 542 970 392 425 794 133 738 575 945 853 0 
0 933 92 198 758 232 819 211 714 395 230 615 489 152 360 148 958 333 910 760 265 513 741 213 46 1 82 848 855 809 611 392 912 714 164 187 791 718 575 693 907 271 564 624 52 688 886 426 659 83 927 447 601 991 979 960 747 774 744 460 162 4 642 12 422 596 150 790 594 891 329 327 910 42 812 840 187 975 497 190 
933 0 939 166 753 870 213 787 226 894 85 461 560 435 892 211 376 668 240 626 114 345 430 727 693 982 733 376 566 889 53 457 951 220 923 791 597 10 310 888 200 797 599 544 905 67 285 712 933 560 147 583 26 966 105 707 889 210 696 32 746 361 977 955 615 823 880 883 566 784 895 825 209 21 961 914 492 899 614 656 
92 939 0 132 171 193 373 716 904 880 655 616 49 322 799 557 759 272 379 97 708 31 493 524 998 452 571 23 214 447 662 206 995 562 9 584 6 755 903 122 495 74 926 161 767 801 445 260 840 380 865 871 419 808 60 351 737 969 835 805 794 313 930 339 665 316 427 252 874 9 976 493 100 484 159 141 47 96 929 284 
198 166 132 0 544 850 691 192 635 303 174 426 392 173 238 115 274 75 1000 358 980 950 625 410 503 623 141 334 55 92 157 87 1 491 205 131 70 469 102 76 828 4 336 436 79 443 546 357 890 69 529 886 882 770 760 997 54 296 597 578 147 75 327 572 69 545 33 607 7 604 194 915 333 422 972 25 779 589 226 572 
758 753 171 544 0 463 170 752 1 633 239 621 497 780 782 389 601 353 161 654 278 935 432 599 51 701 813 940 341 811 347 572 410 383 953 658 761 617 954 765 668 136 991 134 951 368 486 884 94 651 376 502 682 419 83 327 77 168 972 854 897 300 892 789 941 505 272 835 276 698 32 652 944 804 776 942 271 309 340 548 
232 870 193 850 463 0 948 72 237 87 714 524 531 999 720 479 112 278 690 75 691 117 992 593 596 26 510 817 555 552 772 345 719 828 971 928 913 280 921 580 998 854 529 720 653 356 645 465 982 545 146 87 518 951 432 23 37 682 846 783 675 626 345 100 193 525 429 202 683 312 314 711 948 460 442 926 389 986 851 237 
819 213 373 691 170 948 0 828 136 613 784 969 497 289 16 1 211 382 794 741 318 584 86 557 450 481 731 565 722 814 833 446 681 637 581 541 149 951 561 725 945 377 845 944 912 566 667 804 202 447 271 807 43 455 613 56 644 67 631 416 537 776 890 15 409 396 475 435 122 486 391 490 655 241 93 217 969 678 532 345 
211 787 716 192 752 72 828 0 807 266 677 650 221 228 783 1000 277 139 701 184 624 362 697 925 164 212 179 718 20 931 674 100 812 201 511 534 853 638 77 848 67 227 412 836 510 338 523 178 221 272 634 716 30 439 875 77 490 644 960 601 200 207 952 974 712 381 372 865 988 506 344 934 194 605 293 861 682 834 63 740 
714 226 904 635 1 237 136 807 0 811 560 983 524 977 183 224 469 260 509 438 233 699 944 148 794 101 561 894 824 361 965 453 828 709 736 383 237 302 268 903 274 974 361 330 431 618 121 157 729 507 367 876 29 350 38 13 369 842 702 435 388 235 437 321 238 947 725 915 715 151 718 369 552 891 247 276 991 165 643 253 
395 894 880 303 633 87 613 266 811 0 602 855 600 858 266 532 636 674 501 740 585 909 351 503 622 375 677 184 205 121 979 117 33 700 207 444 193 833 106 23 75 926 78 250 642 444 951 625 914 775 560 557 729 549 309 37 164 660 52 939 230 694 697 341 930 57 328 168 738 328 899 125 539 467 283 144 584 712 42 934 
230 85 655 174 239 714 784 677 560 602 0 476 316 434 656 326 147 566 29 400 627 422 653 945 281 919 836 688 760 467 734 507 363 614 937 470 379 656 572 21 9 563 246 98 902 218 353 442 381 503 19 757 566 25 416 572 531 379 382 693 141 412 143 395 276 892 719 902 975 766 496 532 953 55 198 770 634 76 464 399 
615 461 616 426 621 524 969 650 983 855 476 0 116 696 764 402 346 522 42 177 409 851 310 521 335 795 592 859 990 815 479 62 369 908 777 654 758 941 705 967 219 27 944 805 382 777 989 1000 62 911 299 762 685 563 29 772 79 583 217 412 41 533 649 32 733 403 274 509 698 90 618 131 190 98 252 379 817 614 348 85 
489 560 49 392 497 531 497 221 524 600 316 116 0 433 190 893 827 511 924 572 384 222 268 948 720 990 467 686 456 843 519 616 840 341 747 605 479 31 530 370 882 639 138 173 274 25 46 763 665 182 795 644 483 921 244 762 90 444 31 51 799 174 767 197 841 745 767 415 557 225 771 862 5 90 569 783 518 797 541 728 
152 435 322 173 780 999 289 228 977 858 434 696 433 0 25 855 671 621 454 427 860 234 895 801 893 880 92 862 332 485 677 232 671 341 598 843 740 81 964 512 624 444 553 411 446 642 547 22 559 560 602 12 680 480 287 317 1000 594 860 424 627 162 750 483 25 963 619 232 330 884 11 308 209 902 480 537 252 653 937 898 
360 892 799 238 782 720 16 783 183 266 656 764 190 25 0 721 557 232 924 710 66 927 187 407 895 588 74 306 938 410 990 135 128 754 456 350 294 345 446 872 693 980 214 779 186 841 243 181 19 177 173 328 578 825 619 671 510 6 380 631 363 136 526 254 931 183 435 685 724 184 563 645 928 866 404 972 861 692 984 561 
148 211 557 115 389 479 1 1000 224 532 326 402 893 855 721 0 49 869 274 676 596 904 36 548 190 765 727 803 4 266 609 121 204 683 764 140 96 93 217 459 414 817 207 204 631 329 735 25 94 224 583 648 970 321 557 814 772 534 810 714 808 200 33 27 617 301 865 806 97 406 983 625 412 722 925 51 537 478 211 404 
958 376 759 274 601 112 211 277 469 636 147 346 827 671 557 49 0 362 963 513 629 322 928 772 445 407 333 340 84 410 861 617 85 368 746 161 621 598 277 66 328 826 937 79 9 105 802 83 270 489 496 815 927 711 235 299 967 534 456 299 308 706 39 828 88 350 23 336 426 623 533 289 575 609 965 632 181 193 37 941 
333 668 272 75 353 278 382 139 260 674 566 522 511 621 232 869 362 0 647 737 534 329 900 668 966 431 157 135 528 668 633 767 561 952 437 802 576 559 655 204 203 304 439 15 975 440 447 809 98 755 6 855 642 680 905 864 384 528 308 471 277 544 160 433 819 45 471 805 54 350 748 164 269 136 363 227 798 462 829 743 
910 240 379 1000 161 690 794 701 509 501 29 42 924 454 924 274 963 647 0 207 145 453 22 28 135 580 440 248 962 221 457 753 813 394 255 746 856 68 209 983 191 96 927 885 996 958 909 216 900 926 701 223 460 711 519 857 442 241 578 422 718 719 717 200 875 788 197 233 880 855 840 202 169 184 521 490 288 514 82 721 
760 626 97 358 654 75 741 184 438 740 400 177 572 427 710 676 513 737 207 0 882 690 64 550 250 428 477 149 405 91 362 266 925 356 489 241 891 675 891 9 21 89 822 403 167 180 550 939 493 320 35 312 138 23 562 307 218 14 393 956 719 800 611 929 481 40 618 1000 407 29 234 100 190 121 472 496 737 205 414 496 
265 114 708 980 278 691 318 624 233 585 627 409 384 860 66 596 629 534 145 882 0 11 803 166 889 576 623 319 231 961 603 489 429 570 11 281 153 80 647 602 794 974 444 293 418 779 377 221 438 237 315 53 96 125 786 893 663 899 943 321 89 304 52 69 703 46 283 501 479 783 918 520 736 88 405 720 832 377 282 883 
513 345 31 950 935 117 584 362 699 909 422 851 222 234 927 904 322 329 453 690 11 0 912 132 950 147 157 173 518 233 241 70 901 740 513 115 728 352 125 651 239 458 485 848 230 511 53 117 226 922 252 964 209 567 246 835 947 875 894 481 658 310 614 636 655 72 58 497 583 880 587 5 547 539 594 762 117 486 230 632 
741 430 493 625 432 992 86 697 944 351 653 310 268 895 187 36 928 900 22 64 803 912 0 429 498 136 839 280 571 412 175 500 199 7 125 260 500 483 720 63 939 454 788 405 330 782 993 766 432 176 852 242 563 84 769 992 221 900 980 640 782 310 667 266 828 220 622 285 338 573 81 645 389 308 944 611 408 66 254 281 
213 727 524 410 599 593 557 925 148 503 945 521 948 801 407 548 772 668 28 550 166 132 429 0 690 334 175 851 271 508 721 219 375 212 35 321 664 636 505 179 441 32 272 92 577 771 702 3 737 868 275 325 673 536 91 153 550 226 705 783 365 45 508 923 404 833 790 690 285 613 487 487 140 88 66 336 925 767 486 208 
46 693 998 503 51 596 450 164 794 622 281 335 720 893 895 190 445 966 135 250 889 950 498 690 0 398 172 923 78 724 265 163 71 842 995 618 768 68 627 419 221 281 616 785 548 355 735 361 64 971 850 589 782 405 296 43 194 186 699 607 612 33 355 938 648 905 679 330 779 204 482 677 187 272 901 481 218 2 916 906 
1 982 452 623 701 26 481 212 101 375 919 795 990 880 588 765 407 431 580 428 576 147 136 334 398 0 271 269 749 19 824 450 265 789 710 547 898 974 610 421 29 739 993 494 152 13 224 512 965 692 502 430 411 750 59 303 641 509 693 751 214 443 516 89 578 452 661 84 873 126 20 1000 631 230 622 620 318 855 713 220 
82 733 571 141 813 510 731 179 561 677 836 592 467 92 74 727 333 157 440 477 623 157 839 175 172 271 0 730 13 806 120 750 584 265 190 943 256 219 272 661 481 730 518 58 529 737 703 608 47 662 326 454 470 256 825 803 782 548 57 464 304 838 41 491 376 264 88 157 540 150 463 221 9 442 818 585 178 613 697 356 
848 376 23 334 940 817 565 718 894 184 688 859 686 862 306 803 340 135 248 149 319 173 280 851 923 269 730 0 727 199 824 655 697 468 729 860 942 626 514 451 772 198 342 420 130 125 717 833 363 532 966 764 447 216 75 906 203 316 616 981 599 923 579 88 972 936 104 834 817 66 724 587 96 655 531 829 490 537 645 286 
855 566 214 55 341 555 722 20 824 205 760 990 456 332 938 4 84 528 962 405 231 518 571 271 78 749 13 727 0 800 478 46 845 487 965 587 65 31 628 982 862 628 13 542 827 620 85 456 717 245 828 222 563 183 856 750 759 271 39 405 778 367 848 380 622 361 657 737 522 561 939 905 698 668 223 363 621 405 482 349 
809 889 447 92 811 552 814 931 361 121 467 815 843 485 410 266 410 668 221 91 961 233 412 508 724 19 806 199 800 0 709 810 696 340 371 731 64 198 284 906 219 376 70 960 982 832 599 619 560 802 848 568 468 999 539 897 665 731 15 681 191 897 309 810 299 627 328 385 546 164 988 218 370 353 827 800 120 720 142 866 
611 53 662 157 347 772 833 674 965 979 734 479 519 677 990 609 861 633 457 362 603 241 175 721 265 824 120 824 478 709 0 538 421 23 687 165 913 597 129 768 433 798 495 904 265 623 228 407 489 509 790 224 836 519 102 565 138 113 745 91 722 116 309 185 625 950 395 664 496 270 505 381 245 585 172 437 929 356 526 158 
392 457 206 87 572 345 446 100 453 117 507 62 616 232 135 121 617 767 753 266 489 70 500 219 163 450 750 655 46 810 538 0 891 434 352 217 76 459 382 970 491 780 703 680 894 945 294 868 576 931 132 106 53 233 925 283 563 498 791 71 576 281 304 594 210 657 160 424 449 958 281 676 571 748 807 129 698 374 71 289 
912 951 995 1 410 719 681 812 828 33 363 369 840 671 128 204 85 561 813 925 429 901 199 375 71 265 584 697 845 696 421 891 0 595 734 656 15 371 203 209 408 803 442 167 417 394 865 550 520 838 565 161 229 783 809 841 78 782 605 439 255 104 378 322 580 85 855 894 47 553 600 282 956 636 816 306 851 496 111 332 
714 220 562 491 383 828 637 201 709 700 614 908 341 341 754 683 368 952 394 356 570 740 7 212 842 789 265 468 487 340 23 434 595 0 381 841 163 52 162 708 453 689 679 34 35 923 164 706 667 409 964 65 12 703 328 583 978 7 973 618 29 336 433 596 938 412 856 118 102 654 618 769 348 305 164 426 61 401 60 570 
164 923 9 205 953 971 581 511 736 207 937 777 747 598 456 764 746 437 255 489 11 513 125 35 995 710 190 729 965 371 687 352 734 381 0 629 718 850 85 904 851 488 323 912 736 732 715 412 156 718 653 988 124 666 572 620 192 69 176 23 435 961 360 308 883 499 772 534 96 506 242 684 93 374 88 333 364 406 910 911 
187 791 584 131 658 928 541 534 383 444 470 654 605 843 350 140 161 802 746 241 281 115 260 321 618 547 943 860 587 731 165 217 656 841 629 0 646 483 102 55 797 666 774 411 816 94 250 827 298 724 549 251 466 722 531 948 333 195 26 382 847 569 317 835 26 239 245 155 767 929 559 475 550 145 426 760 324 944 258 79 
791 597 6 70 761 913 149 853 237 193 379 758 479 740 294 96 621 576 856 891 153 728 500 664 768 898 256 942 65 64 913 76 15 163 718 646 0 67 291 776 569 798 793 186 436 131 980 875 799 985 692 211 303 569 110 147 586 660 541 702 403 166 760 943 179 632 60 541 722 207 63 616 490 12 892 585 408 718 476 876 
718 10 755 469 617 280 951 638 302 833 656 941 31 81 345 93 598 559 68 675 80 352 483 636 68 974 219 626 31 198 597 459 371 52 850 483 67 0 403 518 310 708 885 188 218 166 198 643 528 919 67 365 579 859 98 26 719 999 36 629 611 444 81 644 718 431 589 824 806 424 725 267 884 373 395 158 590 458 624 659 
575 310 903 102 954 921 561 77 268 106 572 705 530 964 446 217 277 655 209 891 647 125 720 505 627 610 272 514 628 284 129 382 203 162 85 102 291 403 0 804 892 705 522 181 694 995 217 122 810 859 993 109 32 999 675 423 633 325 464 638 222 571 825 988 151 551 367 664 25 459 630 364 108 609 783 198 716 221 650 767 
693 888 122 76 765 580 725 848 903 23 21 967 370 512 872 459 66 204 983 9 602 651 63 179 419 421 661 451 982 906 768 970 209 708 904 55 776 518 804 0 883 10 316 20 28 751 616 41 748 982 87 519 901 955 203 212 689 518 861 287 30 912 494 35 698 582 414 469 970 618 460 261 538 346 867 199 145 558 633 634 
907 200 495 828 668 998 945 67 274 75 9 219 882 624 693 414 328 203 191 21 794 239 939 441 221 29 481 772 862 219 433 491 408 453 851 797 569 310 892 883 0 624 9 988 577 677 101 180 516 551 498 950 788 497 138 149 29 923 347 627 23 211 668 39 786 921 144 446 285 118 277 410 101 527 758 7 230 559 334 593 
271 797 74 4 136 854 377 227 974 926 563 27 639 444 980 817 826 304 96 89 974 458 454 32 281 739 730 198 628 376 798 780 803 689 488 666 798 708 705 10 624 0 700 978 36 852 303 138 988 1 465 710 115 612 129 962 915 292 139 759 370 984 628 220 178 274 593 425 220 924 455 783 456 8 242 821 207 825 154 469 
564 599 926 336 991 529 845 412 361 78 246 944 138 553 214 207 937 439 927 822 444 485 788 272 616 993 518 342 13 70 495 703 442 679 323 774 793 885 522 316 9 700 0 9 743 527 92 89 952 697 283 586 600 206 536 154 85 199 824 935 585 725 479 927 508 126 628 904 154 531 441 679 652 739 587 485 784 885 857 308 
624 544 161 436 134 720 944 836 330 250 98 805 173 411 779 204 79 15 885 403 293 848 405 92 785 494 58 420 542 960 904 680 167 34 912 411 186 188 181 20 988 978 9 0 543 884 657 976 222 507 766 458 568 396 274 714 542 444 55 853 583 686 675 38 49 463 240 325 748 712 446 144 728 107 457 665 283 808 886 800 
52 905 767 79 951 653 912 510 431 642 902 382 274 446 186 631 9 975 996 167 418 230 330 577 548 152 529 130 827 982 265 894 417 35 736 816 436 218 694 28 577 36 743 543 0 556 89 451 441 286 203 939 198 901 123 540 921 923 429 801 640 75 670 526 120 949 432 292 565 472 313 620 629 590 319 992 426 688 919 159 
688 67 801 443 368 356 566 338 618 444 218 777 25 642 841 329 105 440 958 180 779 511 782 771 355 13 737 125 620 832 623 945 394 923 732 94 131 166 995 751 677 852 527 884 556 0 899 40 163 900 755 943 84 58 668 231 37 305 220 7 249 407 344 335 662 777 959 452 527 554 855 318 581 591 786 899 161 644 978 187 
886 285 445 546 486 645 667 523 121 951 353 989 46 547 243 735 802 447 909 550 377 53 993 702 735 224 703 717 85 599 228 294 865 164 715 250 980 198 217 616 101 303 92 657 89 899 0 279 392 823 588 158 249 607 654 516 334 261 549 489 97 411 804 497 560 981 873 959 985 438 135 528 341 782 416 805 400 2 239 617 
426 712 260 357 884 465 804 178 157 625 442 1000 763 22 181 25 83 809 216 939 221 117 766 3 361 512 608 833 456 619 407 868 550 706 412 827 875 643 122 41 180 138 89 976 451 40 279 0 522 345 856 757 858 554 392 511 119 115 291 374 41 243 480 772 585 397 762 504 482 310 575 908 893 365 595 182 604 151 125 242 
