70 4
0 238 188 213 379 843 385 88 339 674 269 203 753 431 249 515 572 411 585 698 447 253 385 146 279 421 825 749 873 903 545 724 74 221 322 728 371 147 104 208 758 449 151 660 200 389 129 807 332 813 33 506 404 730 651 969 1 957 879 182 952 591 478 802 893 91 406 498 806 194 
238 0 10 553 23 624 5 346 12 753 680 387 261 787 779 724 136 873 147 880 44 950 947 351 723 534 901 628 666 142 176 832 784 660 45 275 796 958 5 897 878 186 387 174 143 539 166 772 561 617 537 134 510 807 184 688 923 485 39 219 490 127 892 515 538 757 451 991 477 812 
188 10 0 554 937 117 626 930 804 678 613 498 40 195 263 100 467 267 244 926 477 432 806 358 471 461 215 784 409 896 312 454 414 495 503 853 36 723 655 712 982 596 577 456 578 101 144 611 129 839 342 42 616 715 166 841 182 104 510 120 920 174 193 38 291 321 160 149 743 359 
213 553 554 0 45 303 93 797 984 956 192 333 668 522 851 855 389 330 58 100 691 44 182 825 878 310 573 969 138 795 376 547 556 377 872 899 722 290 496 846 939 1 369 220 103 563 686 996 781 450 553 531 354 877 802 364 430 572 901 128 906 253 552 123 743 511 480 518 902 881 
379 23 937 45 0 839 930 595 828 571 237 233 11 640 390 487 698 165 285 926 393 343 529 849 784 131 983 51 806 562 996 741 841 825 622 95 974 983 626 500 271 692 624 133 895 44 98 557 851 467 111 523 400 912 999 34 77 404 54 576 768 686 617 216 914 748 501 318 897 212 
843 624 117 303 839 0 30 821 869 777 489 557 497 842 437 572 182 661 896 222 468 267 839 582 588 577 872 273 904 346 424 389 341 332 732 915 430 75 300 756 90 759 511 890 107 950 363 209 895 910 896 484 506 90 867 189 330 259 335 623 61 757 852 656 828 977 764 275 461 115 
385 5 626 93 930 30 0 27 165 915 519 401 164 661 204 435 971 155 515 694 340 565 179 383 432 73 961 925 961 849 574 88 432 439 557 452 117 290 583 610 573 352 646 936 608 612 747 551 526 455 803 931 183 423 659 535 377 376 354 534 169 112 503 562 69 376 182 8 230 891 
88 346 930 797 595 821 27 0 796 804 167 616 134 833 838 626 960 164 279 458 278 585 648 420 768 12 853 700 737 724 579 471 437 820 437 719 996 642 952 856 196 925 383 998 662 125 904 523 128 872 425 385 883 333 630 467 542 571 770 359 777 615 345 315 583 168 445 173 867 785 
339 12 804 984 828 869 165 796 0 701 1000 86 40 909 212 534 316 454 302 19 360 100 557 70 457 994 898 871 726 66 60 365 622 444 161 438 362 82 844 338 427 390 907 71 737 935 974 813 388 46 757 872 591 412 260 17 596 123 875 545 779 896 785 621 641 24 793 89 776 232 
674 753 678 956 571 777 915 804 701 0 492 193 677 31 986 834 477 622 332 412 425 884 232 713 799 358 889 458 807 8 691 556 498 670 274 753 896 553 266 758 460 113 394 343 512 913 982 499 115 930 533 260 293 245 759 81 879 218 155 653 955 330 222 642 127 111 138 667 178 212 
269 680 613 192 237 489 519 167 1000 492 0 412 625 432 53 466 757 20 540 172 675 824 680 655 893 153 106 697 194 234 249 540 893 876 6 203 701 406 67 806 422 122 67 487 296 801 163 545 898 143 372 512 415 334 520 774 934 328 619 125 871 321 616 757 148 149 788 911 484 920 
203 387 498 333 233 557 401 616 86 193 412 0 594 25 333 117 811 210 153 176 510 195 498 891 919 212 567 377 468 851 121 132 190 465 501 980 747 368 682 906 444 266 738 491 454 253 335 774 356 62 790 40 92 979 350 381 332 946 982 499 256 429 99 436 757 250 273 796 903 377 
753 261 40 668 11 497 164 134 40 677 625 594 0 235 297 961 401 7 688 906 105 96 100 464 937 543 77 669 765 440 566 766 758 648 554 574 189 193 986 914 897 474 274 338 23 89 451 365 7 390 175 120 880 752 472 154 634 649 41 21 89 289 874 359 696 778 720 289 800 718 
431 787 195 522 640 842 661 833 909 31 432 25 235 0 250 200 637 602 98 292 197 781 70 340 914 641 122 31 217 396 146 693 758 114 874 161 237 678 162 254 423 989 612 5 760 961 409 898 77 74 685 73 825 642 423 594 433 242 640 12 292 107 505 903 556 618 872 121 427 656 
249 779 263 851 390 437 204 838 212 986 53 333 297 250 0 711 503 924 522 760 751 613 717 969 503 559 122 370 27 755 386 819 647 935 586 727 855 450 878 1000 904 889 630 743 236 953 131 921 522 234 41 965 590 55 725 831 893 267 14 231 886 965 813 726 465 842 249 553 943 338 
515 724 100 855 487 572 435 626 534 834 466 117 961 200 711 0 125 31 80 958 267 71 793 113 737 649 256 248 216 637 162 531 787 328 429 512 413 775 932 52 785 26 937 543 818 323 235 55 181 277 470 774 965 341 704 139 140 899 78 51 38 409 72 143 597 795 621 36 901 547 
572 136 467 389 698 182 971 960 316 477 757 811 401 637 503 125 0 771 642 426 129 393 990 797 763 3 920 770 230 522 778 38 659 857 108 351 614 635 593 66 418 213 573 536 767 310 721 331 495 853 650 638 671 478 354 817 346 233 416 613 344 540 864 58 74 437 653 634 64 621 
411 873 267 330 165 661 155 164 454 622 20 210 7 602 924 31 771 0 598 504 846 408 316 566 416 796 136 540 78 512 227 289 9 582 422 258 610 685 620 896 770 384 386 789 760 293 396 36 681 773 559 47 502 60 143 249 543 82 82 695 502 336 497 918 63 117 847 44 358 227 
585 147 244 58 285 896 515 279 302 332 540 153 688 98 522 80 642 598 0 560 108 76 274 817 219 560 819 630 804 657 8 286 124 661 927 923 108 370 141 569 259 228 293 695 142 108 930 850 790 80 853 640 426 485 47 572 168 653 90 974 574 106 389 565 500 168 497 370 764 82 
698 880 926 100 926 222 694 458 19 412 172 176 906 292 760 958 426 504 560 0 219 488 407 18 400 188 740 21 432 921 352 637 628 674 710 231 786 884 567 705 440 821 975 639 301 185 584 928 214 189 167 256 930 677 270 851 494 297 309 60 866 904 992 91 600 293 431 275 133 649 
447 44 477 691 393 468 340 278 360 425 675 510 105 197 751 267 129 846 108 219 0 986 795 403 294 932 633 96 927 126 92 537 863 462 656 896 430 929 578 127 715 854 253 1000 922 664 929 508 408 381 811 911 467 928 105 194 337 41 322 86 990 660 87 102 80 270 104 702 856 952 
253 950 432 44 343 267 565 585 100 884 824 195 96 781 613 71 393 408 76 488 986 0 911 86 298 265 632 96 333 242 630 470 734 309 5 269 378 74 672 809 308 415 44 453 271 791 911 409 932 951 529 972 202 452 809 216 488 161 210 350 883 967 507 663 345 418 593 950 740 662 
385 947 806 182 529 839 179 648 557 232 680 498 100 70 717 793 990 316 274 407 795 911 0 592 512 385 227 780 416 792 989 223 581 833 470 240 855 409 58 72 349 692 337 672 365 736 624 792 207 385 188 607 479 551 201 920 627 277 694 521 769 1 58 728 685 668 214 49 407 253 
146 351 358 825 849 582 383 420 70 713 655 891 464 340 969 113 797 566 817 18 403 86 592 0 924 158 413 456 865 774 414 924 485 824 67 881 599 898 164 572 937 616 599 880 785 174 115 747 281 57 911 822 436 238 909 582 883 37 749 410 654 531 2 53 917 669 408 415 499 358 
279 723 471 878 784 588 432 768 457 799 893 919 937 914 503 737 763 416 219 400 294 298 512 924 0 275 536 409 524 214 500 946 615 109 756 883 873 404 647 971 434 236 223 349 146 908 582 220 217 45 326 669 433 366 576 807 171 1000 368 670 643 247 517 143 769 545 515 856 877 278 
421 534 461 310 131 577 73 12 994 358 153 212 543 641 559 649 3 796 560 188 932 265 385 158 275 0 502 367 332 793 102 556 139 830 124 117 727 58 663 163 354 726 417 582 463 827 543 529 121 275 564 920 740 621 463 708 386 206 190 35 800 676 493 352 161 84 695 982 216 676 
825 901 215 573 983 872 961 853 898 889 106 567 77 122 122 256 920 136 819 740 633 632 227 413 536 502 0 597 57 181 955 123 808 938 364 480 36 399 582 377 453 642 683 64 87 972 821 486 113 243 781 289 214 817 360 871 826 544 294 518 600 887 611 24 363 861 659 983 859 460 
749 628 784 969 51 273 925 700 871 458 697 377 669 31 370 248 770 540 630 21 96 96 780 456 409 367 597 0 843 388 411 231 595 879 840 702 259 190 601 517 139 726 553 660 521 770 627 270 28 403 271 50 49 596 635 5 54 326 73 984 824 931 447 673 773 335 784 864 304 627 
873 666 409 138 806 904 961 737 726 807 194 468 765 217 27 216 230 78 804 432 927 333 416 865 524 332 57 843 0 40 295 788 168 497 668 916 21 813 988 750 578 205 874 720 709 974 298 872 432 785 615 616 411 566 800 579 785 454 79 19 248 722 483 800 42 486 868 981 24 736 
903 142 896 795 562 346 849 724 66 8 234 851 440 396 755 637 522 512 657 921 126 242 792 774 214 793 181 388 40 0 446 679 634 41 352 147 899 674 353 824 796 431 62 624 855 288 740 910 258 334 333 493 268 226 59 831 924 117 503 719 52 885 701 845 613 202 453 120 344 452 
545 176 312 376 996 424 574 579 60 691 249 121 566 146 386 162 778 227 8 352 92 630 989 414 500 102 955 411 295 446 0 999 376 712 746 576 902 344 490 469 495 863 983 309 490 489 151 535 323 860 196 461 438 527 263 466 197 262 625 637 899 1000 221 226 375 579 943 585 348 328 
724 832 454 547 741 389 88 471 365 556 540 132 766 693 819 531 38 289 286 637 537 470 223 924 946 556 123 231 788 679 999 0 412 364 9 464 839 41 659 367 210 489 227 965 965 382 132 350 5 517 971 298 784 51 289 783 309 562 437 705 339 763 141 118 774 735 437 447 106 366 
74 784 414 556 841 341 432 437 622 498 893 190 758 758 647 787 659 9 124 628 863 734 581 485 615 139 808 595 168 634 376 412 0 710 571 100 651 772 83 975 163 507 434 90 470 820 822 91 142 41 349 712 650 770 494 486 492 446 950 119 205 721 583 514 987 724 478 606 331 532 
221 660 495 377 825 332 439 820 444 670 876 465 648 114 935 328 857 582 661 674 462 309 833 824 109 830 938 879 497 41 712 364 710 0 930 225 91 762 332 685 728 759 908 429 469 336 486 566 376 589 343 321 695 202 952 482 702 520 610 563 65 715 335 611 78 693 460 470 742 299 
322 45 503 872 622 732 557 437 161 274 6 501 554 874 586 429 108 422 927 710 656 5 470 67 756 124 364 840 668 352 746 9 571 930 0 45 974 338 291 746 1 840 557 956 426 438 332 87 7 792 238 234 357 616 862 52 835 325 524 931 616 488 193 667 253 499 945 303 217 487 
728 275 853 899 95 915 452 719 438 753 203 980 574 161 727 512 351 258 923 231 896 269 240 881 883 117 480 702 916 147 576 464 100 225 45 0 881 583 168 391 82 830 83 703 808 631 443 867 990 252 307 641 438 26 831 847 469 529 739 530 724 481 470 334 825 726 449 197 797 404 
371 796 36 722 974 430 117 996 362 896 701 747 189 237 855 413 614 610 108 786 430 378 855 599 873 727 36 259 21 899 902 839 651 91 974 881 0 514 186 799 112 354 279 760 151 266 93 641 628 190 519 825 853 414 912 973 396 444 334 33 12 727 952 490 230 232 669 201 965 858 
147 958 723 290 983 75 290 642 82 553 406 368 193 678 450 775 635 685 370 884 929 74 409 898 404 58 399 190 813 674 344 41 772 762 338 583 514 0 232 270 819 702 78 173 107 346 228 763 800 694 960 149 167 546 269 509 248 148 742 37 589 19 936 689 943 656 543 248 536 744 
104 5 655 496 626 300 583 952 844 266 67 682 986 162 878 932 593 620 141 567 578 672 58 164 647 663 582 601 988 353 490 659 83 332 291 168 186 232 0 913 130 524 301 37 772 811 933 496 731 377 664 30 215 87 114 262 557 117 119 933 320 188 718 457 2 788 482 308 354 58 
208 897 712 846 500 756 610 856 338 758 806 906 914 254 1000 52 66 896 569 705 127 809 72 572 971 163 377 517 750 824 469 367 975 685 746 391 799 270 913 0 43 818 879 527 722 266 659 766 961 921 972 181 46 590 164 596 319 756 39 30 169 112 957 280 194 597 174 567 169 334 
758 878 982 939 271 90 573 196 427 460 422 444 897 423 904 785 418 770 259 440 715 308 349 937 434 354 453 139 578 796 495 210 163 728 1 82 112 819 130 43 0 992 361 520 145 464 893 907 418 586 980 532 11 272 587 610 390 632 658 809 940 153 733 219 182 497 835 549 44 383 
449 186 596 1 692 759 352 925 390 113 122 266 474 989 889 26 213 384 228 821 854 415 692 616 236 726 642 726 205 431 863 489 507 759 840 830 354 702 524 818 992 0 244 962 370 681 390 271 2 32 780 685 63 541 341 434 283 262 267 462 445 723 505 92 41 780 570 831 344 612 
151 387 577 369 624 511 646 383 907 394 67 738 274 612 630 937 573 386 293 975 253 44 337 599 223 417 683 553 874 62 983 227 434 908 557 83 279 78 301 879 361 244 0 385 976 281 843 960 526 781 216 82 558 193 972 605 87 261 963 409 10 879 414 895 426 228 720 64 432 974 
660 174 456 220 133 890 936 998 71 343 487 491 338 5 743 543 536 789 695 639 1000 453 672 880 349 582 64 660 720 624 309 965 90 429 956 703 760 173 37 527 520 962 385 0 651 658 40 209 942 307 996 522 357 653 875 19 98 603 310 461 174 60 683 516 692 404 767 806 425 485 
200 143 578 103 895 107 608 662 737 512 296 454 23 760 236 818 767 760 142 301 922 271 365 785 146 463 87 521 709 855 490 965 470 469 426 808 151 107 772 722 145 370 976 651 0 241 929 194 20 414 779 536 615 546 871 218 787 814 907 630 404 811 368 429 118 294 599 769 978 664 
389 539 101 563 44 950 612 125 935 913 801 253 89 961 953 323 310 293 108 185 664 791 736 174 908 827 972 770 974 288 489 382 820 336 438 631 266 346 811 266 464 681 281 658 241 0 353 637 370 865 666 670 409 459 695 810 132 456 604 350 51 648 689 527 132 136 155 144 697 856 
129 166 144 686 98 363 747 904 974 982 163 335 451 409 131 235 721 396 930 584 929 911 624 115 582 543 821 627 298 740 151 132 822 486 332 443 93 228 933 659 893 390 843 40 929 353 0 342 439 701 364 833 409 978 757 823 392 755 723 558 435 382 795 355 955 323 360 166 784 870 
807 772 611 996 557 209 551 523 813 499 545 774 365 898 921 55 331 36 850 928 508 409 792 747 220 529 486 270 872 910 535 350 91 566 87 867 641 763 496 766 907 271 960 209 194 637 342 0 367 224 143 26 400 388 355 464 889 327 494 676 554 886 130 928 278 389 148 529 83 432 
332 561 129 781 851 895 526 128 388 115 898 356 7 77 522 181 495 681 790 214 408 932 207 281 217 121 113 28 432 258 323 5 142 376 7 990 628 800 731 961 418 2 526 942 20 370 439 367 0 200 567 522 948 509 187 31 541 339 650 421 462 822 760 438 438 362 188 711 871 262 
813 617 839 450 467 910 455 872 46 930 143 62 390 74 234 277 853 773 80 189 381 951 385 57 45 275 243 403 785 334 860 517 41 589 792 252 190 694 377 921 586 32 781 307 414 865 701 224 200 0 787 783 406 534 400 523 791 702 21 179 47 340 271 889 912 281 170 75 303 803 
33 537 342 553 111 896 803 425 757 533 372 790 175 685 41 470 650 559 853 167 811 529 188 911 326 564 781 271 615 333 196 971 349 343 238 307 519 960 664 972 980 780 216 996 779 666 364 143 567 787 0 925 180 211 720 556 788 727 117 943 722 349 421 525 2 404 523 315 772 713 
506 134 42 531 523 484 931 385 872 260 512 40 120 73 965 774 638 47 640 256 911 972 607 822 669 920 289 50 616 493 461 298 712 321 234 641 825 149 30 181 532 685 82 522 536 670 833 26 522 783 925 0 806 731 960 459 321 786 275 732 613 350 148 706 733 52 393 912 485 650 
404 510 616 354 400 506 183 883 591 293 415 92 880 825 590 965 671 502 426 930 467 202 479 436 433 740 214 49 411 268 438 784 650 695 357 438 853 167 215 46 11 63 558 357 615 409 409 400 948 406 180 806 0 873 117 378 175 297 580 838 233 655 528 919 487 409 283 797 279 337 
730 807 715 877 912 90 423 333 412 245 334 979 752 642 55 341 478 60 485 677 928 452 551 238 366 621 817 596 566 226 527 51 770 202 616 26 414 546 87 590 272 541 193 653 546 459 978 388 509 534 211 731 873 0 796 299 506 1 932 829 47 898 512 874 160 939 75 926 55 343 
651 184 166 802 999 867 659 630 260 759 520 350 472 423 725 704 354 143 47 270 105 809 201 909 576 463 360 635 800 59 263 289 494 952 862 831 912 269 114 164 587 341 972 875 871 695 757 355 187 400 720 960 117 796 0 372 390 770 889 124 467 79 749 881 414 423 454 823 83 786 
969 688 841 364 34 189 535 467 17 81 774 381 154 594 831 139 817 249 572 851 194 216 920 582 807 708 871 5 579 831 466 783 486 482 52 847 973 509 262 596 610 434 605 19 218 810 823 464 31 523 556 459 378 299 372 0 301 831 272 704 580 605 940 674 335 806 987 999 940 460 
1 923 182 430 77 330 377 542 596 879 934 332 634 433 893 140 346 543 168 494 337 488 627 883 171 386 826 54 785 924 197 309 492 702 835 469 396 248 557 319 390 283 87 98 787 132 392 889 541 791 788 321 175 506 390 301 0 540 912 94 355 328 170 548 806 435 24 450 27 770 
957 485 104 572 404 259 376 571 123 218 328 946 649 242 267 899 233 82 653 297 41 161 277 37 1000 206 544 326 454 117 262 562 446 520 325 529 444 148 117 756 632 262 261 603 814 456 755 327 339 702 727 786 297 1 770 831 540 0 74 374 927 384 219 516 784 220 285 722 217 218 
879 39 510 901 54 335 354 770 875 155 619 982 41 640 14 78 416 82 90 309 322 210 694 749 368 190 294 73 79 503 625 437 950 610 524 739 334 742 119 39 658 267 963 310 907 604 723 494 650 21 117 275 580 932 889 272 912 74 0 503 826 795 74 310 977 409 1 941 419 201 
182 219 120 128 576 623 534 359 545 653 125 499 21 12 231 51 613 695 974 60 86 350 521 410 670 35 518 984 19 719 637 705 119 563 931 530 33 37 933 30 809 462 409 461 630 350 558 676 421 179 943 732 838 829 124 704 94 374 503 0 717 380 643 394 210 413 85 28 30 251 
952 490 920 906 768 61 169 777 779 955 871 256 89 292 886 38 344 502 574 866 990 883 769 654 643 800 600 824 248 52 899 339 205 65 616 724 12 589 320 169 940 445 10 174 404 51 435 554 462 47 722 613 233 47 467 580 355 927 826 717 0 937 380 183 537 19 916 480 174 576 
591 127 174 253 686 757 112 615 896 330 321 429 289 107 965 409 540 336 106 904 660 967 1 531 247 676 887 931 722 885 1000 763 721 715 488 481 727 19 188 112 153 723 879 60 811 648 382 886 822 340 349 350 655 898 79 605 328 384 795 380 937 0 698 626 951 937 486 49 528 962 
478 892 193 552 617 852 503 345 785 222 616 99 874 505 813 72 864 497 389 992 87 507 58 2 517 493 611 447 483 701 221 141 583 335 193 470 952 936 718 957 733 505 414 683 368 689 795 130 760 271 421 148 528 512 749 940 170 219 74 643 380 698 0 619 466 219 942 267 184 79 
802 515 38 123 216 656 562 315 621 642 757 436 359 903 726 143 58 918 565 91 102 663 728 53 143 352 24 673 800 845 226 118 514 611 667 334 490 689 457 280 219 92 895 516 429 527 355 928 438 889 525 706 919 874 881 674 548 516 310 394 183 626 619 0 966 15 222 58 461 325 
893 538 291 743 914 828 69 583 641 127 148 757 696 556 465 597 74 63 500 600 80 345 685 917 769 161 363 773 42 613 375 774 987 78 253 825 230 943 2 194 182 41 426 692 118 132 955 278 438 912 2 733 487 160 414 335 806 784 977 210 537 951 466 966 0 836 465 127 503 955 
91 757 321 511 748 977 376 168 24 111 149 250 778 618 842 795 437 117 168 293 270 418 668 669 545 84 861 335 486 202 579 735 724 693 499 726 232 656 788 597 497 780 228 404 294 136 323 389 362 281 404 52 409 939 423 806 435 220 409 413 19 937 219 15 836 0 702 556 509 533 
406 451 160 480 501 764 182 445 793 138 788 273 720 872 249 621 653 847 497 431 104 593 214 408 515 695 659 784 868 453 943 437 478 460 945 449 669 543 482 174 835 570 720 767 599 155 360 148 188 170 523 393 283 75 454 987 24 285 1 85 916 486 942 222 465 702 0 139 532 310 
498 991 149 518 318 275 8 173 89 667 911 796 289 121 553 36 634 44 370 275 702 950 49 415 856 982 983 864 981 120 585 447 606 470 303 197 201 248 308 567 549 831 64 806 769 144 166 529 711 75 315 912 797 926 823 999 450 722 941 28 480 49 267 58 127 556 139 0 597 708 
806 477 743 902 897 461 230 867 776 178 484 903 800 427 943 901 64 358 764 133 856 740 407 499 877 216 859 304 24 344 348 106 331 742 217 797 965 536 354 169 44 344 432 425 978 697 784 83 871 303 772 485 279 55 83 940 27 217 419 30 174 528 184 461 503 509 532 597 0 221 
194 812 359 881 212 115 891 785 232 212 920 377 718 656 338 547 621 227 82 649 952 662 253 358 278 676 460 627 736 452 328 366 532 299 487 404 858 744 58 334 383 612 974 485 664 856 870 432 262 803 713 650 337 343 786 460 770 218 201 251 576 962 79 325 955 533 310 708 221 0 
0 695 976 994 301 202 749 689 912 561 99 483 319 275 209 558 966 777 377 750 203 623 355 142 669 640 88 277 902 891 805 559 35 393 242 668 976 298 440 679 306 924 16 79 498 208 36 911 509 675 750 447 837 665 706 847 212 931 121 211 921 61 467 673 376 413 50 266 852 415 
695 0 289 990 163 161 464 28 165 495 313 327 699 919 221 531 901 972 551 275 141 655 409 70 445 923 974 76 877 808 213 657 447 893 88 233 698 784 903 925 881 809 271 226 544 604 873 731 549 761 766 301 156 580 55 751 111 893 480 27 431 816 426 84 164 623 297 183 256 358 
976 289 0 65 719 772 300 656 168 611 692 841 835 583 138 617 668 472 256 565 98 794 888 168 639 689 368 57 303 567 904 535 499 603 508 629 238 901 65 925 971 865 292 927 987 323 1 963 797 502 228 485 787 241 68 578 401 223 407 507 853 800 907 447 301 633 15 29 97 507 
994 990 65 0 526 3 532 156 81 851 181 916 861 94 320 496 69 124 314 81 232 879 651 379 986 524 79 595 525 520 293 58 868 982 534 818 865 326 436 382 606 383 247 381 696 95 86 420 521 781 277 194 709 424 721 643 879 356 364 384 82 764 487 940 761 891 568 942 594 158 
301 163 719 526 0 180 625 378 217 142 571 887 484 13 403 472 675 624 452 230 519 868 208 25 422 606 408 708 627 614 833 415 889 589 868 645 230 130 686 326 81 218 470 851 27 130 853 726 331 327 660 937 483 985 697 929 209 388 957 127 86 837 415 697 197 513 336 841 566 983 
202 161 772 3 180 0 295 798 508 693 511 678 975 35 412 480 55 753 457 606 787 929 1000 213 488 85 290 858 18 763 741 844 7 802 566 603 429 824 406 623 105 543 849 660 258 34 509 491 751 732 466 1 117 492 644 379 934 117 905 469 724 535 246 49 956 577 22 666 343 755 
749 464 300 532 625 295 0 725 118 692 767 880 742 807 804 414 161 998 989 645 238 627 461 262 657 809 330 979 136 80 233 526 943 582 267 935 9 417 421 763 495 787 675 131 897 477 197 71 347 402 688 61 595 176 669 507 699 442 379 224 339 437 825 950 440 987 544 606 592 376 
689 28 656 156 378 798 725 0 724 124 288 223 164 426 503 759 528 828 542 58 43 79 528 173 530 842 269 4 257 409 152 355 464 492 201 755 231 910 343 694 49 19 590 771 887 676 458 964 921 111 209 873 733 14 817 541 110 492 630 466 933 608 640 644 322 819 668 679 614 141 
912 165 168 81 217 508 118 724 0 29 559 695 981 728 420 276 870 767 745 296 933 74 719 883 204 420 230 905 935 217 579 165 383 489 807 62 378 770 481 852 579 498 779 573 590 302 605 481 978 689 803 662 646 74 635 210 292 545 351 492 897 9 375 601 817 475 641 282 774 218 
561 495 611 851 142 693 692 124 29 0 618 714 333 857 182 425 645 942 214 961 60 680 506 51 189 527 604 976 399 709 571 394 24 740 885 229 706 379 396 585 136 297 65 956 836 58 550 670 299 113 916 164 364 162 160 939 216 204 794 453 516 183 960 381 990 90 547 154 408 838 
99 313 692 181 571 511 767 288 559 618 0 575 800 695 803 626 844 218 266 567 494 113 416 732 161 813 700 108 796 897 669 99 719 732 991 36 110 470 144 865 826 951 882 438 252 18 82 653 335 918 30 652 891 797 17 643 739 36 350 282 334 695 355 528 733 977 1 603 809 554 
483 327 841 916 887 678 880 223 695 714 575 0 36 173 370 119 352 383 786 197 54 425 888 238 484 187 438 258 423 365 813 549 835 559 678 803 484 481 161 430 922 76 279 161 214 736 171 778 158 365 548 288 691 501 467 621 839 667 537 382 805 290 349 673 611 457 209 810 435 870 
319 699 835 861 484 975 742 164 981 333 800 36 0 766 806 19 85 675 283 542 529 293 861 43 396 460 132 992 646 226 438 906 203 784 749 48 239 414 935 239 7 216 68 266 804 716 450 354 801 122 546 993 870 609 513 538 657 435 354 193 824 536 630 136 176 86 386 283 68 359 
275 919 583 94 13 35 807 426 728 857 695 173 766 0 633 681 377 89 408 392 278 364 285 625 770 21 311 802 34 12 428 137 808 633 90 825 971 657 776 230 428 26 836 460 650 341 478 386 132 587 770 781 845 912 952 488 271 270 375 888 179 963 11 124 653 716 681 490 452 183 
209 221 138 320 403 412 804 503 420 182 803 370 806 633 0 197 914 746 914 736 810 168 562 405 708 242 285 47 50 847 494 714 505 279 703 40 606 441 892 559 664 651 956 718 500 800 591 727 810 451 615 710 564 768 361 513 15 918 640 872 251 151 162 249 551 450 376 616 747 159 
558 531 617 496 472 480 414 759 276 425 626 119 19 681 197 0 315 922 908 912 105 79 924 916 479 271 703 404 361 813 992 60 311 811 195 108 666 347 835 768 546 543 176 140 160 710 799 579 421 543 202 134 331 680 878 486 920 264 734 698 963 722 442 427 553 766 383 916 306 88 
966 901 668 69 675 55 161 528 870 645 844 352 85 377 914 315 0 997 714 152 613 121 449 558 733 88 759 843 609 666 603 53 675 786 198 908 172 676 384 807 427 375 708 437 31 704 89 555 922 697 235 138 404 211 21 667 579 816 351 520 336 671 656 375 888 752 780 826 170 131 
777 972 472 124 624 753 998 828 767 942 218 383 675 89 746 922 997 0 891 431 626 749 714 939 404 373 716 636 595 205 170 170 308 691 532 308 305 942 552 303 525 536 823 919 926 191 186 572 254 831 465 846 730 99 531 353 981 990 868 89 572 761 927 657 679 345 122 836 493 119 
377 551 256 314 452 457 989 542 745 214 266 786 283 408 914 908 714 891 0 908 124 243 727 951 947 102 423 723 604 819 433 929 394 754 383 2 512 402 773 213 289 249 159 217 798 747 348 948 325 146 135 120 684 44 221 519 472 541 965 425 868 779 800 801 789 524 448 920 217 190 
750 275 565 81 230 606 645 58 296 961 567 197 542 392 736 912 152 431 908 0 247 527 569 348 344 310 925 494 500 953 411 78 380 864 872 197 728 396 233 456 35 649 137 512 573 478 792 417 70 363 988 207 165 446 171 395 3 968 851 928 846 499 548 280 535 334 466 784 712 452 
203 141 98 232 519 787 238 43 933 60 494 54 529 278 810 105 613 626 124 247 0 892 624 871 529 446 638 829 562 751 620 441 273 262 382 721 728 779 799 761 677 27 923 472 435 483 947 156 307 551 388 471 854 534 797 629 686 781 745 22 238 731 780 450 81 15 764 162 974 650 
623 655 794 879 868 929 627 79 74 680 113 425 293 364 168 79 121 749 243 527 892 0 574 970 923 465 22 547 595 645 664 888 567 274 97 491 73 109 234 422 974 462 144 689 165 762 762 366 113 794 65 179 91 935 476 386 305 188 694 242 591 78 876 732 402 450 4 25 599 60 
355 409 888 651 208 1000 461 528 719 506 416 888 861 285 562 924 449 714 727 569 624 574 0 921 586 969 742 301 572 959 129 33 948 922 9 23 83 302 248 433 765 604 969 226 416 558 667 573 54 348 868 865 439 467 376 518 74 5 161 168 854 365 683 522 33 181 879 831 481 975 
142 70 168 379 25 213 262 173 883 51 732 238 43 625 405 916 558 939 951 348 871 970 921 0 352 854 768 698 793 98 30 242 381 642 392 455 201 206 952 211 958 363 104 436 490 913 150 184 918 736 259 86 857 497 874 892 970 34 722 513 95 894 874 530 118 66 732 70 171 310 
669 445 639 986 422 488 657 530 204 189 161 484 396 770 708 479 733 404 947 344 529 923 586 352 0 285 625 614 605 949 653 492 77 274 176 178 807 61 870 594 490 40 181 200 778 25 608 763 353 592 425 258 995 626 99 476 575 785 706 693 949 63 74 507 743 46 436 200 144 742 
640 923 689 524 606 85 809 842 420 527 813 187 460 21 242 271 88 373 102 310 446 465 969 854 285 0 506 558 835 175 325 825 612 938 368 915 843 882 35 289 933 469 565 597 666 839 442 437 270 773 158 102 35 563 115 944 700 952 436 606 610 660 966 465 721 726 967 249 413 786 
88 974 368 79 408 290 330 269 230 604 700 438 132 311 285 703 759 716 423 925 638 22 742 768 625 506 0 838 769 685 776 976 978 499 413 184 257 550 15 631 906 666 916 922 504 122 183 422 637 766 94 857 412 552 990 343 712 80 217 598 480 723 468 541 429 933 322 473 577 445 
277 76 57 595 708 858 979 4 905 976 108 258 992 802 47 404 843 636 723 494 829 547 301 698 614 558 838 0 814 463 635 382 421 191 578 878 236 84 306 637 188 806 403 886 326 322 48 303 884 358 93 180 34 448 540 385 256 847 658 959 86 148 264 166 91 249 251 83 112 200 
902 877 303 525 627 18 136 257 935 399 796 423 646 34 50 361 609 595 604 500 562 595 572 793 605 835 769 814 0 259 50 339 796 931 647 177 821 309 137 757 661 591 393 3 188 837 123 891 141 91 112 584 86 910 805 84 165 963 937 260 653 693 664 127 976 603 303 763 996 970 
891 808 567 520 614 763 80 409 217 709 897 365 226 12 847 813 666 205 819 953 751 645 959 98 949 175 685 463 259 0 709 281 77 708 385 119 58 755 16 278 644 946 949 132 449 309 541 679 221 405 642 645 903 393 809 19 669 540 646 61 175 572 762 509 463 506 896 261 828 297 
805 213 904 293 833 741 233 152 579 571 669 813 438 428 494 992 603 170 433 411 620 664 129 30 653 325 776 635 50 709 0 81 925 203 733 836 350 589 367 334 390 421 983 350 236 196 900 175 398 338 1 560 770 680 877 625 668 513 337 907 511 1000 322 60 765 555 515 351 628 397 
559 657 535 58 415 844 526 355 165 394 99 549 906 137 714 60 53 170 929 78 441 888 33 242 492 825 976 382 339 281 81 0 23 285 287 149 220 898 551 287 395 613 385 508 952 473 74 460 972 659 567 846 349 936 216 390 56 29 899 458 886 641 916 755 824 7 871 12 137 970 
35 447 499 868 889 7 943 464 383 24 719 835 203 808 505 311 675 308 394 380 273 567 948 381 77 612 978 421 796 77 925 23 0 82 117 84 286 112 540 230 684 611 247 923 618 974 807 372 349 918 663 703 196 602 854 770 71 41 709 701 557 471 735 272 497 665 567 208 176 789 
393 893 603 982 589 802 582 492 489 740 732 559 784 633 279 811 786 691 754 864 262 274 922 642 274 938 499 191 931 708 203 285 82 0 856 471 381 12 609 277 465 562 997 913 627 557 910 443 465 754 129 382 758 737 381 492 882 286 146 109 497 755 708 752 812 938 1 475 292 535 
242 88 508 534 868 566 267 201 807 885 991 678 749 90 703 195 198 532 383 872 382 97 9 392 176 368 413 578 647 385 733 287 117 856 0 29 603 727 395 27 969 307 127 356 327 97 254 881 341 226 344 319 799 873 39 259 338 158 719 26 658 537 109 166 793 49 45 508 311 20 
668 233 629 818 645 603 935 755 62 229 36 803 48 825 40 108 908 308 2 197 721 491 23 455 178 915 184 878 177 119 836 149 84 471 29 0 576 617 125 66 903 833 268 715 350 389 393 758 435 2 631 583 222 882 118 591 236 746 967 5 655 324 134 943 86 811 830 892 70 795 
976 698 238 865 230 429 9 231 378 706 110 484 239 971 606 666 172 305 512 728 728 73 83 201 807 843 257 236 821 58 350 220 286 381 603 576 0 121 878 338 722 342 962 796 741 547 458 735 972 290 734 294 336 979 706 496 445 29 685 298 110 619 682 363 904 369 8 881 55 510 
298 784 901 326 130 824 417 910 770 379 470 481 414 657 441 347 676 942 402 396 779 109 302 206 61 882 550 84 309 755 589 898 112 12 727 617 121 0 280 350 449 668 142 956 66 9 706 966 86 444 160 456 208 315 462 890 883 90 984 20 862 493 474 180 47 932 642 472 121 937 
440 903 65 436 686 406 421 343 481 396 144 161 935 776 892 835 384 552 773 233 799 234 248 952 870 35 15 306 137 16 367 551 540 609 395 125 878 280 0 23 386 361 893 867 560 562 915 858 627 546 483 813 575 517 895 925 583 306 110 572 39 226 57 262 815 400 36 200 330 920 
679 925 925 382 326 623 763 694 852 585 865 430 239 230 559 768 807 303 213 456 761 422 433 211 594 289 631 637 757 278 334 287 230 277 27 66 338 350 23 0 482 70 816 951 978 724 257 405 117 727 499 785 633 605 342 36 537 900 600 942 665 209 277 887 892 880 8 539 793 972 
306 881 971 606 81 105 495 49 579 136 826 922 7 428 664 546 427 525 289 35 677 974 765 958 490 933 906 188 661 644 390 395 684 465 969 903 722 449 386 482 0 345 143 602 288 272 964 904 230 912 551 697 969 454 432 961 914 983 714 948 339 417 762 209 668 884 157 495 937 632 
924 809 865 383 218 543 787 19 498 297 951 76 216 26 651 543 375 536 249 649 27 462 604 363 40 469 666 806 591 946 421 613 611 562 307 833 342 668 361 70 345 0 516 609 941 990 763 177 620 641 322 294 36 89 617 407 497 721 97 463 439 376 735 464 93 713 142 420 404 223 
16 271 292 247 470 849 675 590 779 65 882 279 68 836 956 176 708 823 159 137 923 144 969 104 181 565 916 403 393 949 983 385 247 997 127 268 962 142 893 816 143 516 0 359 442 627 984 93 454 281 486 275 721 203 260 248 315 134 463 961 585 7 483 783 173 948 680 244 372 232 
79 226 927 381 851 660 131 771 573 956 438 161 266 460 718 140 437 919 217 512 472 689 226 436 200 597 922 886 3 132 350 508 923 913 356 715 796 956 867 951 602 609 359 0 173 741 849 519 780 996 174 57 700 499 891 313 729 999 572 165 76 430 368 649 448 384 582 669 45 747 
498 544 987 696 27 258 897 887 590 836 252 214 804 650 500 160 31 926 798 573 435 165 416 490 778 666 504 326 188 449 236 952 618 627 327 350 741 66 560 978 288 941 442 173 0 628 755 946 446 503 335 683 167 580 545 640 380 487 78 530 242 501 9 400 659 486 275 822 936 666 
208 604 323 95 130 34 477 676 302 58 18 736 716 341 800 710 704 191 747 478 483 762 558 913 25 839 122 322 837 309 196 473 974 557 97 389 547 9 562 724 272 990 627 741 628 0 76 609 25 961 906 174 279 427 254 945 865 887 965 760 199 345 581 90 184 921 938 152 914 651 
36 873 1 86 853 509 197 458 605 550 82 171 450 478 591 799 89 186 348 792 947 762 667 150 608 442 183 48 123 541 900 74 807 910 254 393 458 706 915 257 964 763 984 849 755 76 0 619 585 757 237 929 587 793 57 423 927 324 317 366 376 496 911 564 609 524 776 579 77 526 
911 731 963 420 726 491 71 964 481 670 653 778 354 386 727 579 555 572 948 417 156 366 573 184 763 437 422 303 891 679 175 460 372 443 881 758 735 966 858 405 904 177 93 519 946 609 619 0 570 492 651 915 995 945 649 522 38 830 650 107 685 156 897 366 619 853 976 836 15 110 
509 549 797 521 331 751 347 921 978 299 335 158 801 132 810 421 922 254 325 70 307 113 54 918 353 270 637 884 141 221 398 972 349 465 341 435 972 86 627 117 230 620 454 780 446 25 585 570 0 206 720 963 442 889 342 562 352 106 441 387 32 773 958 911 422 337 308 247 729 550 
675 761 502 781 327 732 402 111 689 113 918 365 122 587 451 543 697 831 146 363 551 794 348 736 592 773 766 358 91 405 338 659 918 754 226 2 290 444 546 727 912 641 281 996 503 961 757 492 206 0 499 425 143 747 723 714 11 141 143 890 257 443 278 22 598 131 959 445 25 380 
750 766 228 277 660 466 688 209 803 916 30 548 546 770 615 202 235 465 135 988 388 65 868 259 425 158 94 93 112 642 1 567 663 129 344 631 734 160 483 499 551 322 486 174 335 906 237 651 720 499 0 730 223 509 446 462 786 981 302 14 710 365 25 310 86 262 428 165 123 769 
447 301 485 194 937 1 61 873 662 164 652 288 993 781 710 134 138 846 120 207 471 179 865 86 258 102 857 180 584 645 560 846 703 382 319 583 294 456 813 785 697 294 275 57 683 174 929 915 963 425 730 0 722 834 730 876 833 179 312 803 489 646 458 695 249 6 633 553 152 957 
837 156 787 709 483 117 595 733 646 364 891 691 870 845 564 331 404 730 684 165 854 91 439 857 995 35 412 34 86 903 770 349 196 758 799 222 336 208 575 633 969 36 721 700 167 279 587 995 442 143 223 722 0 881 174 475 431 494 485 231 344 269 478 874 316 731 237 518 199 827 
665 580 241 424 985 492 176 14 74 162 797 501 609 912 768 680 211 99 44 446 534 935 467 497 626 563 552 448 910 393 680 936 602 737 873 882 979 315 517 605 454 89 203 499 580 427 793 945 889 747 509 834 881 0 852 777 434 385 25 616 540 547 542 102 555 405 565 92 717 663 
706 55 68 721 697 644 669 817 635 160 17 467 513 952 361 878 21 531 221 171 797 476 376 874 99 115 990 540 805 809 877 216 854 381 39 118 706 462 895 342 432 617 260 891 545 254 57 649 342 723 446 730 174 852 0 29 854 381 377 292 962 419 68 276 755 254 471 683 4 355 
847 751 578 643 929 379 507 541 210 939 643 621 538 488 513 486 667 353 519 395 629 386 518 892 476 944 343 385 84 19 625 390 770 492 259 591 496 890 925 36 961 407 248 313 640 945 423 522 562 714 462 876 475 777 29 0 81 731 974 983 205 4 189 523 805 119 588 815 113 85 
212 111 401 879 209 934 699 110 292 216 739 839 657 271 15 920 579 981 472 3 686 305 74 970 575 700 712 256 165 669 668 56 71 882 338 236 445 883 583 537 914 497 315 729 380 865 927 38 352 11 786 833 431 434 854 81 0 849 844 289 72 908 729 342 245 75 976 773 338 516 
931 893 223 356 388 117 442 492 545 204 36 667 435 270 918 264 816 990 541 968 781 188 5 34 785 952 80 847 963 540 513 29 41 286 158 746 29 90 306 900 983 721 134 999 487 887 324 830 106 141 981 179 494 385 381 731 849 0 686 874 601 746 785 127 840 977 406 604 755 303 
121 480 407 364 957 905 379 630 351 794 350 537 354 375 640 734 351 868 965 851 745 694 161 722 706 436 217 658 937 646 337 899 709 146 719 967 685 984 110 600 714 97 463 572 78 965 317 650 441 143 302 312 485 25 377 974 844 686 0 5 313 465 13 299 304 832 331 891 105 393 
211 27 507 384 127 469 224 466 492 453 282 382 193 888 872 698 520 89 425 928 22 242 168 513 693 606 598 959 260 61 907 458 701 109 26 5 298 20 572 942 948 463 961 165 530 760 366 107 387 890 14 803 231 616 292 983 289 874 5 0 435 131 452 260 601 111 191 528 553 55 
921 431 853 82 86 724 339 933 897 516 334 805 824 179 251 963 336 572 868 846 238 591 854 95 949 610 480 86 653 175 511 886 557 497 658 655 110 862 39 665 339 439 585 76 242 199 376 685 32 257 710 489 344 540 962 205 72 601 313 435 0 20 777 640 49 91 472 78 777 853 
61 816 800 764 837 535 437 608 9 183 695 290 536 963 151 722 671 761 779 499 731 78 365 894 63 660 723 148 693 572 1000 641 471 755 537 324 619 493 226 209 417 376 7 430 501 345 496 156 773 443 365 646 269 547 419 4 908 746 465 131 20 0 459 637 532 978 836 584 184 964 
467 426 907 487 415 246 825 640 375 960 355 349 630 11 162 442 656 927 800 548 780 876 683 874 74 966 468 264 664 762 322 916 735 708 109 134 682 474 57 277 762 735 483 368 9 581 911 897 958 278 25 458 478 542 68 189 729 785 13 452 777 459 0 617 705 510 523 101 748 9 
673 84 447 940 697 49 950 644 601 381 528 673 136 124 249 427 375 657 801 280 450 732 522 530 507 465 541 166 127 509 60 755 272 752 166 943 363 180 262 887 209 464 783 649 400 90 564 366 911 22 310 695 874 102 276 523 342 127 299 260 640 637 617 0 167 51 561 704 56 405 
376 164 301 761 197 956 440 322 817 990 733 611 176 653 551 553 888 679 789 535 81 402 33 118 743 721 429 91 976 463 765 824 497 812 793 86 904 47 815 892 668 93 173 448 659 184 609 619 422 598 86 249 316 555 755 805 245 840 304 601 49 532 705 167 0 727 641 699 237 9 
413 623 633 891 513 577 987 819 475 90 977 457 86 716 450 766 752 345 524 334 15 450 181 66 46 726 933 249 603 506 555 7 665 938 49 811 369 932 400 880 884 713 948 384 486 921 524 853 337 131 262 6 731 405 254 119 75 977 832 111 91 978 510 51 727 0 781 61 184 800 
50 297 15 568 336 22 544 668 641 547 1 209 386 681 376 383 780 122 448 466 764 4 879 732 436 967 322 251 303 896 515 871 567 1 45 830 8 642 36 8 157 142 680 582 275 938 776 976 308 959 428 633 237 565 471 588 976 406 331 191 472 836 523 561 641 781 0 211 592 317 
266 183 29 942 841 666 606 679 282 154 603 810 283 490 616 916 826 836 920 784 162 25 831 70 200 249 473 83 763 261 351 12 208 475 508 892 881 472 200 539 495 420 244 669 822 152 579 836 247 445 165 553 518 92 683 815 773 604 891 528 78 584 101 704 699 61 211 0 714 318 
852 256 97 594 566 343 592 614 774 408 809 435 68 452 747 306 170 493 217 712 974 599 481 171 144 413 577 112 996 828 628 137 176 292 311 70 55 121 330 793 937 404 372 45 936 914 77 15 729 25 123 152 199 717 4 113 338 755 105 553 777 184 748 56 237 184 592 714 0 17 
415 358 507 158 983 755 376 141 218 838 554 870 359 183 159 88 131 119 190 452 650 60 975 310 742 786 445 200 970 297 397 970 789 535 20 795 510 937 920 972 632 223 232 747 666 651 526 110 550 380 769 957 827 663 355 85 516 303 393 55 853 964 9 405 9 800 317 318 17 0 
0 306 25 7 700 799 252 312 89 440 902 518 682 726 792 443 35 224 624 251 798 378 646 859 332 361 913 724 99 110 196 442 966 608 759 333 25 703 561 322 695 77 985 922 503 793 965 90 492 326 251 554 164 336 295 154 789 70 880 790 80 940 534 328 625 588 951 735 149 586 
306 0 712 11 838 840 537 973 836 506 688 674 302 82 780 470 100 29 450 726 860 346 592 931 556 78 27 925 124 193 788 344 554 108 913 768 303 217 98 76 120 192 730 775 457 397 128 270 452 240 235 700 845 421 946 250 890 108 521 974 570 185 575 917 837 378 704 818 745 643 
25 712 0 936 282 229 701 345 833 390 309 160 166 418 863 384 333 529 745 436 903 207 113 833 362 312 633 944 698 434 97 466 502 398 493 372 763 100 936 76 30 136 709 74 14 678 1000 38 204 499 773 516 214 760 933 423 600 778 594 494 148 201 94 554 700 368 986 972 904 494 
7 11 936 0 475 998 469 845 920 150 820 85 140 907 681 505 932 877 687 920 769 122 350 622 15 477 922 406 476 481 708 943 133 19 467 183 136 675 565 619 395 618 754 620 305 906 915 581 480 220 724 807 292 577 280 358 122 645 637 617 919 237 514 61 240 110 433 59 407 843 
700 838 282 475 0 821 376 623 784 859 430 114 517 988 598 529 326 377 549 771 482 133 793 976 579 395 593 293 374 387 168 586 112 412 133 356 771 871 315 675 920 783 531 150 974 871 148 275 670 674 341 64 518 16 304 72 792 613 44 874 915 164 586 304 804 488 665 160 435 18 
799 840 229 998 821 0 706 203 493 308 490 323 26 966 589 521 946 248 544 395 214 72 1 788 513 916 711 143 983 238 260 157 994 199 435 398 572 177 595 378 896 458 152 341 743 967 492 510 250 269 535 1000 884 509 357 622 67 884 96 532 277 466 755 952 45 424 979 335 658 246 
252 537 701 469 376 706 0 276 883 309 234 121 259 194 197 587 840 3 12 356 763 374 540 739 344 192 671 22 865 921 768 475 58 419 734 66 992 584 580 238 506 214 326 870 104 524 804 930 654 599 313 940 406 825 332 494 302 559 622 777 662 564 176 51 561 14 457 395 409 625 
