15 3
0 751 933 594 572 672 656 602 971 148 639 557 935 720 38 
751 0 256 115 619 1000 878 547 519 77 545 6 489 950 597 
933 256 0 601 896 623 998 290 74 40 622 589 445 373 685 
594 115 601 0 14 204 102 987 799 176 876 130 837 412 11 
572 619 896 14 0 70 715 773 966 381 73 534 186 685 919 
672 1000 623 204 70 0 215 904 114 405 87 322 984 7 661 
656 878 998 102 715 215 0 213 99 342 668 517 881 227 28 
602 547 290 987 773 904 213 0 151 607 445 270 654 435 831 
971 519 74 799 966 114 99 151 0 527 448 839 779 190 715 
148 77 40 176 381 405 342 607 527 0 941 873 112 299 994 
639 545 622 876 73 87 668 445 448 941 0 926 312 264 584 
557 6 589 130 534 322 517 270 839 873 926 0 212 579 698 
935 489 445 837 186 984 881 654 779 112 312 212 0 834 449 
720 950 373 412 685 7 227 435 190 299 264 579 834 0 140 
38 597 685 11 919 661 28 831 715 994 584 698 449 140 0 
0 533 174 357 326 949 391 40 49 882 425 263 857 500 663 
533 0 175 958 563 555 327 112 197 61 496 576 687 500 371 
174 175 0 341 481 650 384 373 950 893 769 510 125 567 260 
357 958 341 0 935 796 886 728 621 553 811 959 819 56 682 
326 563 481 935 0 111 482 18 763 630 702 852 480 854 683 
949 555 650 796 111 0 308 851 584 203 353 804 445 509 349 
391 327 384 886 482 308 0 604 545 359 153 778 147 109 741 
40 112 373 728 18 851 604 0 100 687 353 618 79 948 763 
49 197 950 621 763 584 545 100 0 40 211 820 542 548 969 
882 61 893 553 630 203 359 687 40 0 406 943 213 657 570 
425 496 769 811 702 353 153 353 211 406 0 234 396 182 190 
263 576 510 959 852 804 778 618 820 943 234 0 763 66 899 
857 687 125 819 480 445 147 79 542 213 396 763 0 735 285 
500 500 567 56 854 509 109 948 548 657 182 66 735 0 299 
663 371 260 682 683 349 741 763 969 570 190 899 285 299 0 
0 468 827 644 675 52 610 961 952 119 576 738 144 501 338 
468 0 826 43 438 446 674 889 804 940 505 425 314 501 630 
827 826 0 660 520 351 617 628 51 108 232 491 876 434 741 
644 43 660 0 66 205 115 273 380 448 190 42 182 945 319 
675 438 520 66 0 890 519 983 238 371 299 149 521 147 318 
52 446 351 205 890 0 693 150 417 798 648 197 556 492 652 
610 674 617 115 519 693 0 397 456 642 848 223 854 892 260 
961 889 628 273 983 150 397 0 901 314 648 383 922 53 238 
952 804 51 380 238 417 456 901 0 961 790 181 459 453 32 
119 940 108 448 371 798 642 314 961 0 595 58 788 344 431 
576 505 232 190 299 648 848 648 790 595 0 767 605 819 811 
738 425 491 42 149 197 223 383 181 58 767 0 238 935 102 
144 314 876 182 521 556 854 922 459 788 605 238 0 266 716 
501 501 434 945 147 492 892 53 453 344 819 935 266 0 702 
338 630 741 319 318 652 260 238 32 431 811 102 716 702 0 
0 468 827 644 675 52 610 961 952 119 576 738 144 501 338 
468 0 826 43 438 446 674 889 804 940 505 425 314 501 630 
827 826 0 660 520 351 617 628 51 108 232 491 876 434 741 
644 43 660 0 66 205 115 273 380 448 190 42 182 945 319 
675 438 520 66 0 890 519 983 238 371 299 149 521 147 318 
52 446 351 205 890 0 693 150 417 798 648 197 556 492 652 
610 674 617 115 519 693 0 397 456 642 848 223 854 892 260 
961 889 628 273 983 150 397 0 901 314 648 383 922 53 238 
952 804 51 380 238 417 456 901 0 961 790 181 459 453 32 
119 940 108 448 371 798 642 314 961 0 595 58 788 344 431 
576 505 232 190 299 648 848 648 790 595 0 767 605 819 811 
738 425 491 42 149 197 223 383 181 58 767 0 238 935 102 
144 314 876 182 521 556 854 922 459 788 605 238 0 266 716 
501 501 434 945 147 492 892 53 453 344 819 935 266 0 702 
338 630 741 319 318 652 260 238 32 431 811 102 716 702 0 
