6 4
0 555 650 868 523 851 
555 0 135 334 321 333 
650 135 0 169 904 551 
868 334 169 0 490 933 
523 321 904 490 0 256 
851 333 551 933 256 0 
0 856 290 472 445 994 
856 0 837 622 112 639 
290 837 0 941 373 567 
472 622 941 0 299 545 
445 112 373 299 0 316 
994 639 567 545 316 0 
0 785 773 403 186 698 
785 0 804 73 212 850 
773 804 0 257 685 693 
403 73 257 0 579 121 
186 212 685 579 0 143 
698 850 693 121 143 0 
0 164 213 164 881 140 
164 0 629 668 882 853 
213 629 0 559 227 358 
164 668 559 0 628 45 
881 882 227 628 0 761 
140 853 358 45 761 0 
0 1000 542 545 779 223 
1000 0 519 448 950 970 
542 519 0 6 190 440 
545 448 6 0 597 280 
779 950 190 597 0 674 
223 970 440 280 674 0 
