10 4
0 574 433 516 753 90 943 104 862 476 
574 0 73 813 412 449 566 465 464 571 
433 73 0 822 210 981 330 25 206 464 
516 813 822 0 245 943 990 689 483 409 
753 412 210 245 0 370 902 776 346 503 
90 449 981 943 370 0 345 945 607 491 
943 566 330 990 902 345 0 220 317 999 
104 465 25 689 776 945 220 0 508 685 
862 464 206 483 346 607 317 508 0 86 
476 571 464 409 503 491 999 685 86 0 
0 545 893 282 607 825 796 303 314 639 
545 0 943 536 702 189 751 87 811 746 
893 943 0 624 712 69 509 814 624 953 
282 536 624 0 857 376 559 348 442 763 
607 702 712 857 0 41 709 780 757 395 
825 189 69 376 41 0 976 755 498 324 
796 751 509 559 709 976 0 482 548 124 
303 87 814 348 780 755 482 0 881 84 
314 811 624 442 757 498 548 881 0 413 
639 746 953 763 395 324 124 84 413 0 
0 615 764 193 921 397 483 611 904 438 
615 0 332 486 805 302 116 30 392 820 
764 332 0 816 193 319 35 242 16 301 
193 486 816 0 812 155 358 507 360 643 
921 805 193 812 0 79 491 770 240 895 
397 302 319 155 79 0 441 7 558 993 
483 116 35 358 491 441 0 875 430 606 
611 30 242 507 770 7 875 0 200 687 
904 392 16 360 240 558 430 200 0 488 
438 820 301 643 895 993 606 687 488 0 
0 948 828 574 501 731 26 132 42 126 
948 0 100 706 399 440 366 392 71 439 
828 100 0 85 316 154 235 900 245 24 
574 706 85 0 536 947 689 961 21 569 
501 399 316 536 0 308 762 938 449 943 
731 440 154 947 308 0 899 97 692 241 
26 366 235 689 762 899 0 136 971 647 
132 392 900 961 938 97 136 0 897 269 
42 71 245 21 449 692 971 897 0 37 
126 439 24 569 943 241 647 269 37 0 
0 491 298 156 668 775 447 595 124 558 
491 0 361 713 743 14 879 894 863 803 
298 361 0 706 623 762 242 661 683 283 
156 713 706 0 235 272 472 856 445 680 
668 743 623 235 0 783 245 306 241 397 
775 14 762 272 783 0 880 496 24 261 
447 879 242 472 245 880 0 155 446 740 
595 894 661 856 306 496 155 0 828 757 
124 863 683 445 241 24 446 828 0 328 
558 803 283 680 397 261 740 757 328 0 
