5 4
0 771 544 977 248 
771 0 574 244 593 
544 574 0 691 433 
977 244 691 0 73 
248 593 433 73 0 
0 943 346 668 610 
943 0 464 785 671 
346 464 0 408 468 
668 785 408 0 545 
610 671 468 545 0 
0 377 317 674 746 
377 0 503 510 92 
317 503 0 169 315 
674 510 169 0 615 
746 92 315 615 0 
0 137 43 701 319 
137 0 999 111 24 
43 999 0 578 281 
701 111 578 0 948 
319 24 281 948 0 
0 943 571 179 896 
943 0 86 815 569 
571 86 0 490 758 
179 815 490 0 491 
896 569 758 491 0 
