20 4
0 73 210 990 346 883 441 81 758 547 110 911 96 831 147 156 657 379 607 8 
73 0 245 902 607 625 111 746 545 255 126 193 361 69 495 536 476 926 327 623 
210 245 0 345 317 755 754 797 116 905 285 434 668 903 169 415 596 14 921 857 
990 902 345 0 508 414 815 319 615 790 544 842 752 683 886 486 60 169 860 92 
346 607 317 508 0 394 408 518 558 747 405 828 197 14 858 997 336 749 501 812 
883 625 755 414 394 0 325 896 948 698 51 659 972 67 780 706 800 631 886 680 
441 111 754 815 408 325 0 671 724 543 363 459 706 300 275 388 362 572 668 536 
81 746 797 319 518 896 671 0 491 386 397 893 558 709 615 713 235 152 702 204 
758 545 116 615 558 948 724 491 0 254 848 53 934 706 1 624 555 952 447 235 
547 255 905 790 747 698 543 386 254 0 369 764 292 906 285 22 239 945 805 840 
110 126 285 544 405 51 363 397 848 369 0 617 948 150 329 816 71 395 934 374 
911 193 434 842 828 659 459 893 53 764 617 0 981 433 352 61 594 248 399 782 
96 361 668 752 197 972 706 558 934 292 948 981 0 57 750 85 602 578 84 469 
831 69 903 683 14 67 300 709 706 906 150 433 57 0 282 614 276 719 743 741 
147 495 169 886 858 780 275 615 1 285 329 352 750 282 0 706 682 906 712 423 
156 536 415 486 997 706 388 713 624 22 816 61 85 614 706 0 456 454 584 899 
657 476 596 60 336 800 362 235 555 239 71 594 602 276 682 456 0 924 193 249 
379 926 14 169 749 631 572 152 952 945 395 248 578 719 906 454 924 0 512 359 
607 327 921 860 501 886 668 702 447 805 934 399 84 743 712 584 193 512 0 80 
8 623 857 92 812 680 536 204 235 840 374 782 469 741 423 899 249 359 80 0 
0 180 796 162 469 826 733 699 891 372 48 560 49 227 438 124 45 929 757 141 
180 0 321 218 664 889 902 82 116 729 242 770 753 6 329 363 737 755 342 173 
796 321 0 967 246 346 977 176 351 715 151 179 173 752 272 704 40 315 341 962 
162 218 967 0 792 457 89 139 538 132 593 154 482 470 313 957 337 741 291 450 
469 664 246 792 0 997 757 268 273 255 917 931 822 133 6 28 275 44 542 751 
826 889 346 457 997 0 11 416 604 217 289 901 917 80 123 144 254 846 340 314 
733 902 977 89 757 11 0 663 553 668 835 348 695 531 224 283 160 477 568 129 
699 82 176 139 268 416 663 0 583 131 641 710 907 34 787 402 814 715 511 810 
891 116 351 538 273 604 553 583 0 403 354 978 176 594 525 36 172 931 255 14 
372 729 715 132 255 217 668 131 403 0 325 932 1000 998 776 44 544 831 644 673 
48 242 151 593 917 289 835 641 354 325 0 749 954 901 695 106 210 832 88 629 
560 770 179 154 931 901 348 710 978 932 749 0 248 574 217 694 392 462 153 143 
49 753 173 482 822 917 695 907 176 1000 954 248 0 680 385 366 929 771 2 11 
227 6 752 470 133 80 531 34 594 998 901 574 680 0 269 447 614 698 948 915 
438 329 272 313 6 123 224 787 525 776 695 217 385 269 0 485 775 893 944 510 
124 363 704 957 28 144 283 402 36 44 106 694 366 447 485 0 91 609 812 834 
45 737 40 337 275 254 160 814 172 544 210 392 929 614 775 91 0 1000 905 795 
929 755 315 741 44 846 477 715 931 831 832 462 771 698 893 609 1000 0 877 448 
757 342 341 291 542 340 568 511 255 644 88 153 2 948 944 812 905 877 0 953 
141 173 962 450 751 314 129 810 14 673 629 143 11 915 510 834 795 448 953 0 
0 54 719 433 391 635 305 828 966 182 309 628 120 359 695 579 128 673 591 545 
54 0 255 194 610 836 816 486 404 654 480 549 676 195 681 724 933 578 556 215 
719 255 0 938 70 976 451 412 178 849 213 319 412 797 758 617 391 220 164 794 
433 194 938 0 666 507 466 586 93 926 857 593 923 188 23 747 429 895 167 991 
391 610 70 666 0 809 175 571 340 298 431 827 781 81 161 100 592 647 605 941 
635 836 976 507 809 0 3 420 870 87 162 141 714 141 35 94 742 968 36 371 
305 816 451 466 175 3 0 891 674 480 641 444 246 74 497 280 403 678 124 474 
828 486 412 586 571 420 891 0 631 9 499 600 350 521 862 349 570 784 414 453 
966 404 178 93 340 870 674 631 0 76 742 907 732 667 398 220 243 995 312 565 
182 654 849 926 298 87 480 9 76 0 542 812 730 952 859 537 815 694 628 554 
309 480 213 857 431 162 641 499 742 542 0 667 792 950 685 766 319 323 270 531 
628 549 319 593 827 141 444 600 907 812 667 0 395 982 288 487 415 158 358 285 
120 676 412 923 781 714 246 350 732 730 792 395 0 353 703 896 210 775 54 2 
359 195 797 188 81 141 74 521 667 952 950 982 353 0 143 536 938 957 560 511 
695 681 758 23 161 35 497 862 398 859 685 288 703 143 0 282 664 928 913 511 
579 724 617 747 100 94 280 349 220 537 766 487 896 536 282 0 578 123 387 990 
128 933 391 429 592 742 403 570 243 815 319 415 210 938 664 578 0 790 543 410 
673 578 220 895 647 968 678 784 995 694 323 158 775 957 928 123 790 0 895 929 
591 556 164 167 605 36 124 414 312 628 270 358 54 560 913 387 543 895 0 754 
545 215 794 991 941 371 474 453 565 554 531 285 2 511 511 990 410 929 754 0 
0 126 152 444 133 766 183 243 812 551 134 339 67 43 88 478 247 943 386 305 
126 0 107 288 116 90 748 260 612 816 152 948 585 75 538 686 705 681 41 888 
152 107 0 395 505 167 475 249 959 418 250 598 97 954 582 428 513 530 608 391 
444 288 395 0 70 373 674 322 549 562 390 445 902 275 742 626 149 365 707 697 
133 116 505 70 0 475 785 339 589 23 296 665 831 364 619 118 684 575 818 354 
766 90 167 373 475 0 81 406 726 564 181 598 985 42 203 242 621 654 632 481 
183 748 475 674 785 81 0 964 159 332 550 882 786 915 864 468 293 105 527 171 
243 260 249 322 339 406 964 0 328 339 741 407 750 165 755 647 567 397 579 390 
812 612 959 549 589 726 159 328 0 842 520 787 419 236 605 51 944 410 685 20 
551 816 418 562 23 564 332 339 842 0 421 811 691 771 82 723 357 907 144 533 
134 152 250 390 296 181 550 741 520 421 0 152 689 746 790 440 225 768 122 455 
339 948 598 445 665 598 882 407 787 811 152 0 247 994 150 491 179 131 76 82 
67 585 97 902 831 985 786 750 419 691 689 247 0 845 604 249 809 295 193 495 
43 75 954 275 364 42 915 165 236 771 746 994 845 0 567 114 758 830 721 805 
88 538 582 742 619 203 864 755 605 82 790 150 604 567 0 643 580 969 748 407 
478 686 428 626 118 242 468 647 51 723 440 491 249 114 643 0 31 235 67 694 
247 705 513 149 684 621 293 567 944 357 225 179 809 758 580 31 0 701 843 710 
943 681 530 365 575 654 105 397 410 907 768 131 295 830 969 235 701 0 940 495 
386 41 608 707 818 632 527 579 685 144 122 76 193 721 748 67 843 940 0 380 
305 888 391 697 354 481 171 390 20 533 455 82 495 805 407 694 710 495 380 0 
0 170 553 144 1000 895 953 941 900 151 14 48 63 202 560 686 219 925 639 304 
170 0 396 68 363 729 336 19 541 618 836 740 564 509 713 704 956 793 820 189 
553 396 0 503 481 884 776 78 426 689 439 300 177 487 598 972 173 441 900 748 
144 68 503 0 546 408 287 619 107 106 660 477 15 485 64 689 448 677 820 569 
1000 363 481 546 0 661 690 325 220 295 614 909 913 104 537 581 682 194 894 811 
895 729 884 408 661 0 3 337 450 527 105 113 704 500 339 83 106 975 4 45 
953 336 776 287 690 3 0 656 430 199 586 739 908 665 84 65 70 487 845 875 
941 19 78 619 325 337 656 0 901 61 836 323 908 76 726 941 825 734 335 545 
900 541 426 107 220 450 430 901 0 119 361 799 444 373 643 451 32 862 35 13 
151 618 689 106 295 527 199 61 119 0 66 409 850 930 568 127 804 855 414 979 
14 836 439 660 614 105 586 836 361 66 0 544 550 756 733 580 311 916 20 278 
48 740 300 477 909 113 739 323 799 409 544 0 242 863 55 826 845 137 90 404 
63 564 177 15 913 704 908 908 444 850 550 242 0 572 436 561 581 722 28 309 
202 509 487 485 104 500 665 76 373 930 756 863 572 0 224 954 304 553 757 312 
560 713 598 64 537 339 84 726 643 568 733 55 436 224 0 95 591 503 639 764 
686 704 972 689 581 83 65 941 451 127 580 826 561 954 95 0 153 619 542 630 
219 956 173 448 682 106 70 825 32 804 311 845 581 304 591 153 0 837 750 434 
925 793 441 677 194 975 487 734 862 855 916 137 722 553 503 619 837 0 669 623 
639 820 900 820 894 4 845 335 35 414 20 90 28 757 639 542 750 669 0 488 
304 189 748 569 811 45 875 545 13 979 278 404 309 312 764 630 434 623 488 0 
