15 2
0 751 933 594 572 672 656 602 971 148 639 557 935 720 38 
751 0 256 115 619 1000 878 547 519 77 545 6 489 950 597 
933 256 0 601 896 623 998 290 74 40 622 589 445 373 685 
594 115 601 0 14 204 102 987 799 176 876 130 837 412 11 
572 619 896 14 0 70 715 773 966 381 73 534 186 685 919 
672 1000 623 204 70 0 215 904 114 405 87 322 984 7 661 
656 878 998 102 715 215 0 213 99 342 668 517 881 227 28 
602 547 290 987 773 904 213 0 151 607 445 270 654 435 831 
971 519 74 799 966 114 99 151 0 527 448 839 779 190 715 
148 77 40 176 381 405 342 607 527 0 941 873 112 299 994 
639 545 622 876 73 87 668 445 448 941 0 926 312 264 584 
557 6 589 130 534 322 517 270 839 873 926 0 212 579 698 
935 489 445 837 186 984 881 654 779 112 312 212 0 834 449 
720 950 373 412 685 7 227 435 190 299 264 579 834 0 140 
38 597 685 11 919 661 28 831 715 994 584 698 449 140 0 
0 399 661 630 483 745 897 898 523 517 817 666 438 301 905 
399 0 852 40 835 512 937 562 206 99 94 158 498 748 574 
661 852 0 982 396 579 669 476 51 624 279 118 101 42 240 
630 40 982 0 285 308 3 68 731 863 398 554 233 810 576 
483 835 396 285 0 881 907 545 428 784 934 261 862 945 197 
745 512 579 308 881 0 114 613 265 223 195 544 144 802 286 
897 937 669 3 907 114 0 75 402 319 253 909 438 106 426 
898 562 476 68 545 613 75 0 216 44 557 492 596 327 906 
523 206 51 731 428 265 402 216 0 833 871 633 58 967 69 
517 99 624 863 784 223 319 44 833 0 339 741 662 551 584 
817 94 279 398 934 195 253 557 871 339 0 306 829 630 982 
666 158 118 554 261 544 909 492 633 741 306 0 593 72 960 
438 498 101 233 862 144 438 596 58 662 829 593 0 793 403 
301 748 42 810 945 802 106 327 967 551 630 72 793 0 850 
905 574 240 576 197 286 426 906 69 584 982 960 403 850 0 
0 326 879 533 542 864 676 948 621 427 756 563 233 256 850 
326 0 863 24 881 587 763 621 397 97 109 204 335 823 620 
879 863 0 902 399 513 819 531 186 413 410 114 42 32 464 
533 24 902 0 116 176 41 5 703 706 410 692 189 545 567 
542 881 399 116 0 902 863 349 545 764 741 355 922 874 164 
864 587 513 176 902 0 145 681 222 166 344 624 191 813 383 
676 763 819 41 863 145 0 24 396 226 398 994 420 282 432 
948 621 531 5 349 681 24 0 169 59 603 312 737 233 825 
621 397 186 703 545 222 396 169 0 829 711 515 101 963 51 
427 97 413 706 764 166 226 59 829 0 497 697 700 580 611 
756 109 410 410 741 344 398 603 711 497 0 219 776 532 854 
563 204 114 692 355 624 994 312 515 697 219 0 499 146 988 
233 335 42 189 922 191 420 737 101 700 776 499 0 902 424 
256 823 32 545 874 813 282 233 963 580 532 146 902 0 846 
850 620 464 567 164 383 432 825 51 611 854 988 424 846 0 
