7 2
0 813 105 728 495 748 590 
813 0 377 463 378 892 566 
105 377 0 940 425 230 694 
728 463 940 0 205 867 517 
495 378 425 205 0 399 457 
748 892 230 867 399 0 171 
590 566 694 517 457 171 0 
0 476 195 372 699 492 224 
476 0 706 963 327 860 759 
195 706 0 60 256 188 715 
372 963 60 0 466 500 125 
699 327 256 466 0 56 229 
492 860 188 500 56 0 417 
224 759 715 125 229 417 0 
0 393 341 871 126 912 952 
393 0 287 455 282 551 635 
341 287 0 367 416 230 156 
871 455 367 0 300 24 746 
126 282 416 300 0 810 954 
912 551 230 24 810 0 451 
952 635 156 746 954 451 0 
