5 3
0 468 183 274 334 
468 0 166 343 169 
183 166 0 751 345 
274 343 751 0 397 
334 169 345 397 0 
0 183 715 413 589 
183 0 547 405 309 
715 547 0 601 312 
413 405 601 0 7 
589 309 312 7 0 
0 896 766 148 534 
896 0 904 607 489 
766 904 0 639 396 
148 607 639 0 435 
534 489 396 435 0 
0 29 472 176 516 
29 0 542 833 779 
472 542 0 876 412 
176 833 876 0 264 
516 779 412 264 0 
