7 3
0 766 274 345 649 838 958 
766 0 343 397 851 130 809 
274 343 0 523 333 968 703 
345 397 523 0 551 820 151 
649 851 333 551 0 663 210 
838 130 968 820 663 0 189 
958 809 703 151 210 189 0 
0 571 434 960 74 342 760 
571 0 581 547 114 472 559 
434 581 0 773 165 601 589 
960 547 773 0 51 545 322 
74 114 165 51 0 73 839 
342 472 601 545 73 0 516 
760 559 589 322 839 516 0 
0 571 434 960 74 342 760 
571 0 581 547 114 472 559 
434 581 0 773 165 601 589 
960 547 773 0 51 545 322 
74 114 165 51 0 73 839 
342 472 601 545 73 0 516 
760 559 589 322 839 516 0 
0 571 434 960 74 342 760 
571 0 581 547 114 472 559 
434 581 0 773 165 601 589 
960 547 773 0 51 545 322 
74 114 165 51 0 73 839 
342 472 601 545 73 0 516 
760 559 589 322 839 516 0 
