10 2
0 100 728 205 590 165 543 876 900 706 
100 0 463 349 566 341 575 186 118 714 
728 463 0 958 694 207 58 350 600 287 
205 349 958 0 517 217 517 317 403 524 
590 566 694 517 0 804 805 876 533 508 
165 341 207 217 804 0 75 766 903 735 
543 575 58 517 805 75 0 238 195 827 
876 186 350 317 876 766 238 0 917 714 
900 118 600 403 533 903 195 917 0 104 
706 714 287 524 508 735 827 714 104 0 
0 590 407 652 566 132 102 711 953 312 
590 0 691 672 74 229 690 760 522 281 
407 691 0 626 763 170 248 130 927 707 
652 672 626 0 654 321 299 87 230 491 
566 74 763 654 0 515 7 44 55 305 
132 229 170 321 515 0 387 11 483 736 
102 690 248 299 7 387 0 40 249 855 
711 760 130 87 44 11 40 0 390 117 
953 522 927 230 55 483 249 390 0 833 
312 281 707 491 305 736 855 117 833 0 
0 393 527 366 337 932 950 254 214 558 
393 0 383 616 998 901 472 136 412 833 
527 383 0 397 250 941 815 825 82 291 
366 616 397 0 334 731 756 898 959 419 
337 998 250 334 0 415 933 961 870 680 
932 901 941 731 415 0 668 837 451 277 
950 472 815 756 933 668 0 990 738 167 
254 136 825 898 961 837 990 0 704 801 
214 412 82 959 870 451 738 704 0 269 
558 833 291 419 680 277 167 801 269 0 
