10 4
0 100 728 205 590 165 543 876 900 706 
100 0 463 349 566 341 575 186 118 714 
728 463 0 958 694 207 58 350 600 287 
205 349 958 0 517 217 517 317 403 524 
590 566 694 517 0 804 805 876 533 508 
165 341 207 217 804 0 75 766 903 735 
543 575 58 517 805 75 0 238 195 827 
876 186 350 317 876 766 238 0 917 714 
900 118 600 403 533 903 195 917 0 104 
706 714 287 524 508 735 827 714 104 0 
0 759 654 45 855 689 501 49 718 429 
759 0 423 167 839 57 428 664 574 515 
654 423 0 737 527 30 909 144 578 984 
45 167 737 0 137 935 27 339 10 224 
855 839 527 137 0 749 258 796 753 508 
689 57 30 935 749 0 357 446 701 613 
501 428 909 27 258 357 0 810 619 492 
49 664 144 339 796 446 810 0 557 918 
718 574 578 10 753 701 619 557 0 520 
429 515 984 224 508 613 492 918 520 0 
0 635 712 582 999 314 344 866 676 166 
635 0 929 31 92 385 995 74 970 586 
712 929 0 328 941 518 346 97 232 656 
582 31 328 0 248 591 898 804 799 794 
999 92 941 248 0 990 110 5 956 406 
314 385 518 591 990 0 481 890 585 237 
344 995 346 898 110 481 0 48 603 536 
866 74 97 804 5 890 48 0 168 193 
676 970 232 799 956 585 603 168 0 701 
166 586 656 794 406 237 536 193 701 0 
0 781 983 480 624 982 698 364 730 702 
781 0 270 975 695 626 211 947 28 860 
983 270 0 810 537 75 797 955 535 602 
480 975 810 0 151 164 879 828 668 366 
624 695 537 151 0 723 465 290 777 899 
982 626 75 164 723 0 272 935 899 519 
698 211 797 879 465 272 0 187 100 782 
364 947 955 828 290 935 187 0 966 482 
730 28 535 668 777 899 100 966 0 239 
702 860 602 366 899 519 782 482 239 0 
0 125 278 891 303 170 81 907 676 842 
125 0 862 364 622 930 318 3 955 63 
278 862 0 789 816 645 821 872 259 116 
891 364 789 0 660 168 508 165 674 358 
303 622 816 660 0 342 106 621 804 680 
170 930 645 168 342 0 133 258 811 1000 
81 318 821 508 106 133 0 980 170 909 
907 3 872 165 621 258 980 0 785 442 
676 955 259 674 804 811 170 785 0 328 
842 63 116 358 680 1000 909 442 328 0 
