60 2
0 75 814 247 295 328 813 605 698 49 232 785 193 86 169 856 986 135 588 869 164 29 52 548 80 367 990 383 247 833 895 883 367 216 346 659 409 244 973 109 586 95 657 541 77 332 572 423 1 202 245 385 470 736 451 611 548 631 32 971 
75 0 282 96 207 213 622 385 266 872 408 895 234 193 612 811 226 707 607 389 454 155 70 77 136 629 316 420 896 354 27 59 597 230 849 342 541 917 555 830 429 915 482 696 908 291 971 904 692 870 915 977 469 174 409 996 415 640 781 349 
814 282 0 668 898 810 527 5 81 866 774 509 482 412 753 659 470 834 325 257 622 979 31 914 165 814 274 70 85 372 854 782 323 78 724 262 642 653 864 938 108 452 452 157 111 168 163 785 759 546 974 299 426 908 131 557 119 139 307 343 
247 96 668 0 189 30 18 626 428 277 60 60 498 577 261 39 125 221 813 251 20 585 40 804 509 692 407 713 126 190 313 769 981 804 66 780 940 861 232 879 422 719 268 201 514 186 377 418 352 975 952 857 808 827 235 209 359 993 414 238 
295 207 898 189 0 789 941 93 594 364 718 408 442 82 40 478 42 648 345 869 210 147 523 676 935 660 795 655 279 129 734 507 115 432 8 179 63 99 483 497 927 438 696 181 570 232 517 770 925 102 920 976 151 972 721 551 12 828 865 307 
328 213 810 30 789 0 281 930 995 566 472 321 520 930 668 380 51 409 332 723 7 244 152 128 676 723 911 891 723 138 324 910 266 927 234 545 459 545 516 41 710 753 380 420 815 629 750 259 390 842 583 129 107 770 396 523 169 497 701 519 
813 622 527 18 941 281 0 30 36 907 676 35 102 756 11 626 55 889 906 864 602 58 962 577 301 240 20 464 471 191 700 900 767 333 851 176 79 920 117 712 656 203 371 958 89 934 824 440 113 351 821 503 772 974 930 813 467 313 224 960 
605 385 5 626 93 930 30 0 211 664 882 166 701 223 497 589 102 895 478 165 924 285 818 376 47 279 452 340 878 639 792 610 959 416 440 312 197 440 434 364 5 980 796 641 226 288 469 715 122 151 109 352 722 288 584 499 556 389 200 664 
698 266 81 428 594 995 36 211 0 458 730 429 51 701 164 122 718 641 318 827 31 896 551 120 531 837 947 969 784 525 355 357 445 865 396 376 101 848 60 710 470 574 36 92 817 628 367 308 266 387 561 204 145 489 929 545 332 630 239 972 
49 872 866 277 364 566 907 664 458 0 718 734 239 214 134 152 594 930 652 333 771 515 258 404 982 43 503 113 588 161 979 981 842 524 755 996 919 407 436 529 67 161 722 133 852 981 975 349 474 577 859 335 370 382 911 774 561 807 28 980 
232 408 774 60 718 472 676 882 730 718 0 166 690 440 40 360 483 174 299 132 4 279 919 295 749 612 219 797 432 829 383 398 928 332 637 424 133 640 755 454 756 727 974 661 600 426 685 937 989 369 440 237 976 820 624 365 129 983 729 780 
785 895 509 60 408 321 35 166 429 734 166 0 328 135 677 953 221 500 307 579 517 302 934 93 421 847 158 566 768 295 125 492 853 57 522 574 161 417 615 385 124 512 430 739 954 149 746 434 889 624 188 487 651 336 115 898 781 196 274 216 
193 234 482 498 442 520 102 701 51 239 690 328 0 232 625 431 815 446 623 732 752 332 343 700 145 292 731 817 457 446 812 552 455 843 512 579 552 666 890 536 364 351 117 248 188 186 391 354 26 511 239 468 824 438 582 921 851 853 35 996 
86 193 412 577 82 930 756 223 701 214 440 135 232 0 594 787 53 710 897 315 290 540 698 377 684 371 807 18 799 923 95 432 156 27 657 60 492 815 724 370 840 258 996 638 988 503 799 453 213 646 414 441 203 631 543 55 895 560 595 779 
169 612 753 261 40 668 11 497 164 134 40 677 625 594 0 195 485 752 933 497 980 153 880 871 387 974 79 403 893 421 162 944 710 234 921 691 113 937 832 42 668 923 362 35 891 118 270 139 384 383 71 42 972 266 821 331 526 444 251 666 
856 811 659 39 478 380 626 589 122 152 360 953 431 787 195 0 360 491 553 413 536 688 926 191 367 611 850 86 919 534 639 624 269 30 126 249 724 576 537 310 352 231 896 536 432 92 913 578 228 907 213 869 984 346 627 36 128 723 543 364 
986 226 470 125 42 51 55 102 718 594 483 221 815 53 485 360 0 756 64 249 185 98 100 470 575 635 134 592 937 461 434 890 135 41 242 121 832 587 596 431 746 896 701 147 393 744 983 796 821 394 463 17 747 811 298 850 388 591 68 143 
135 707 834 221 648 409 889 895 641 930 174 500 446 710 752 491 756 0 985 216 829 522 926 466 760 263 770 556 914 310 147 847 726 776 792 566 454 596 183 871 9 269 747 958 339 649 616 495 854 67 660 133 898 266 740 928 115 263 730 567 
588 607 325 813 345 332 906 478 318 652 299 307 623 897 933 553 64 985 0 780 736 80 222 457 41 657 79 947 503 131 615 357 354 771 774 146 547 955 182 634 571 240 189 723 456 226 628 210 415 738 174 83 470 464 151 508 898 813 828 787 
869 389 257 251 869 723 864 165 827 333 132 579 732 315 497 413 249 216 780 0 78 642 694 484 581 749 243 506 737 577 892 811 665 51 214 386 741 437 664 928 930 881 237 290 488 119 139 163 692 274 456 848 891 681 132 409 356 617 896 356 
164 454 622 20 210 7 602 924 31 771 4 517 752 290 980 536 185 829 736 78 0 598 458 297 290 208 497 29 763 73 544 979 730 769 793 162 389 733 255 254 659 883 855 983 199 449 593 728 616 612 220 905 148 281 822 792 7 839 168 4 
29 155 979 585 147 244 58 285 896 515 279 302 332 540 153 688 98 522 80 642 598 0 19 434 122 252 305 737 416 12 510 945 434 323 181 778 88 920 808 661 147 117 413 75 129 97 415 1 236 630 133 166 838 658 486 747 77 450 309 722 
52 70 31 40 523 152 962 818 551 258 919 934 343 698 880 926 100 926 222 694 458 19 0 199 267 824 280 338 219 994 131 477 773 899 388 227 471 467 165 144 437 480 614 290 95 217 176 82 726 937 890 325 510 241 332 220 522 467 428 808 
548 77 914 804 676 128 577 376 120 404 295 93 700 377 871 191 470 466 457 484 297 434 199 0 398 825 511 17 400 358 656 539 695 746 40 8 365 320 11 919 427 702 610 642 415 815 158 112 642 573 936 876 676 844 443 529 181 910 677 795 
80 136 165 509 935 676 301 47 531 982 749 421 145 684 387 367 575 760 41 581 290 122 267 398 0 749 828 889 294 153 825 217 428 408 964 352 556 478 479 104 431 916 108 82 680 215 169 819 726 386 998 812 522 966 93 486 495 455 410 738 
367 629 814 692 660 723 240 279 837 43 612 847 292 371 974 611 635 263 657 749 208 252 824 825 749 0 415 955 298 212 901 944 288 674 127 92 540 74 465 273 814 147 786 553 220 825 245 130 205 293 71 271 858 58 228 270 681 872 996 839 
990 316 274 407 795 911 20 452 947 503 219 158 731 807 79 850 134 770 79 243 497 305 280 511 828 415 0 790 512 543 215 661 519 791 587 630 132 784 923 697 990 576 430 406 104 354 681 43 431 975 343 991 67 997 933 872 790 46 38 542 
383 420 70 713 655 891 464 340 969 113 797 566 817 18 403 86 592 556 947 506 29 737 338 17 889 955 790 0 924 641 573 348 325 432 689 989 766 414 755 847 823 464 378 368 5 969 129 123 863 253 487 200 230 553 659 910 214 930 958 361 
247 896 85 126 279 723 471 878 784 588 432 768 457 799 893 919 937 914 503 737 763 416 219 400 294 298 512 924 0 559 983 566 789 292 558 414 693 556 340 158 964 100 855 193 655 856 446 134 489 44 491 143 982 621 893 535 408 143 33 283 
833 354 372 190 129 138 191 639 525 161 829 295 446 923 421 534 461 310 131 577 73 12 994 358 153 212 543 641 559 0 872 856 672 921 345 500 819 841 896 322 581 225 599 678 496 583 392 411 507 337 338 578 719 770 390 350 932 62 537 978 
895 27 854 313 734 324 700 792 355 979 383 125 812 95 162 639 434 147 615 892 544 510 131 656 825 901 215 573 983 872 0 934 304 29 647 102 531 341 797 504 815 45 873 450 626 52 898 497 759 599 5 103 969 833 843 91 207 390 342 872 
883 59 782 769 507 910 900 610 357 981 398 492 552 432 944 624 890 847 357 811 979 945 477 539 217 944 661 348 566 856 934 0 61 317 90 955 38 432 30 510 272 528 727 775 300 11 269 805 840 223 743 895 774 611 40 566 281 74 553 250 
367 597 323 981 115 266 767 959 445 842 928 853 455 156 710 269 135 726 354 665 730 434 773 695 428 288 519 325 789 672 304 61 0 342 838 411 289 437 940 680 992 682 36 635 583 886 636 187 830 417 543 107 537 962 929 87 217 234 111 377 
216 230 78 804 432 927 333 416 865 524 332 57 843 27 234 30 41 776 771 51 769 323 899 746 408 674 791 432 292 921 29 317 342 0 167 295 286 622 239 39 316 998 259 685 952 592 381 953 354 683 536 608 948 472 353 867 121 277 896 18 
346 849 724 66 8 234 851 440 396 755 637 522 512 657 921 126 242 792 774 214 793 181 388 40 964 127 587 689 558 345 647 90 838 167 0 446 637 498 585 859 651 120 21 370 844 719 940 814 702 553 789 662 871 416 756 641 113 853 803 384 
659 342 262 780 179 545 176 312 376 996 424 574 579 60 691 249 121 566 146 386 162 778 227 8 352 92 630 989 414 500 102 955 411 295 446 0 537 893 221 703 763 947 899 884 266 952 70 514 524 874 695 737 833 761 402 763 28 773 425 860 
409 541 642 940 63 459 79 197 101 919 133 161 552 492 113 724 832 454 547 741 389 88 471 365 556 540 132 766 693 819 531 38 289 286 637 537 0 190 660 74 766 56 902 929 67 208 890 301 818 62 639 512 915 509 480 496 432 80 757 900 
244 917 653 861 99 545 920 440 848 407 640 417 666 815 937 576 587 596 955 437 733 920 467 320 478 74 784 414 556 841 341 432 437 622 498 893 190 0 495 365 563 273 839 74 682 897 544 191 992 983 1000 296 389 844 360 766 258 189 533 654 
973 555 864 232 483 516 117 434 60 436 755 615 890 724 832 537 596 183 182 664 255 808 165 11 479 465 923 755 340 896 797 30 940 239 585 221 660 495 0 801 691 18 651 409 986 712 428 805 928 227 453 454 539 608 661 907 323 381 372 506 
109 830 938 879 497 41 712 364 710 529 454 385 536 370 42 310 431 871 634 928 254 661 144 919 104 273 697 847 158 322 504 510 680 39 859 703 74 365 801 0 579 855 91 898 162 846 577 519 561 434 672 23 101 346 862 271 5 951 790 134 
586 429 108 422 927 710 656 5 470 67 756 124 364 840 668 352 746 9 571 930 659 147 437 427 431 814 990 823 964 581 815 272 992 316 651 763 766 563 691 579 0 27 974 404 878 500 946 855 335 908 880 760 563 703 325 960 142 385 175 42 
95 915 452 719 438 753 203 980 574 161 727 512 351 258 923 231 896 269 240 881 883 117 480 702 916 147 576 464 100 225 45 528 682 998 120 947 56 273 18 855 27 0 881 58 932 756 523 698 497 557 349 236 44 406 518 209 376 57 685 531 
657 482 452 268 696 380 371 796 36 722 974 430 117 996 362 896 701 747 189 237 855 413 614 610 108 786 430 378 855 599 873 727 36 259 21 899 902 839 651 91 974 881 0 399 593 610 171 986 1000 83 582 818 950 800 152 194 7 45 41 523 
541 696 157 201 181 420 958 641 92 133 661 739 248 638 35 536 147 958 723 290 983 75 290 642 82 553 406 368 193 678 450 775 635 685 370 884 929 74 409 898 404 58 399 0 620 856 803 198 617 279 64 767 612 770 787 637 990 275 470 484 
77 908 111 514 570 815 89 226 817 852 600 954 188 988 891 432 393 339 456 488 199 129 95 415 680 220 104 5 655 496 626 300 583 952 844 266 67 682 986 162 878 932 593 620 0 338 698 920 39 78 660 760 125 652 23 342 628 243 650 931 
332 291 168 186 232 629 934 288 628 981 426 149 186 503 118 92 744 649 226 119 449 97 217 815 215 825 354 969 856 583 52 11 886 592 719 952 208 897 712 846 500 756 610 856 338 0 874 867 186 301 720 142 935 496 654 422 800 403 559 385 
572 971 163 377 517 750 824 469 367 975 685 746 391 799 270 913 983 616 628 139 593 415 176 158 169 245 681 129 446 392 898 269 636 381 940 70 890 544 428 577 946 523 171 803 698 874 0 881 647 879 624 301 913 334 644 171 731 785 853 872 
423 904 785 418 770 259 440 715 308 349 937 434 354 453 139 578 796 495 210 163 728 1 82 112 819 130 43 123 134 411 497 805 187 953 814 514 301 191 805 519 855 698 986 198 920 867 881 0 830 361 309 922 801 129 462 637 961 334 167 260 
1 692 759 352 925 390 113 122 266 474 989 889 26 213 384 228 821 854 415 692 616 236 726 642 726 205 431 863 489 507 759 840 830 354 702 524 818 992 928 561 335 497 1000 617 39 186 647 830 0 244 965 271 253 166 207 143 418 860 811 512 
202 870 546 975 102 842 351 151 387 577 369 624 511 646 383 907 394 67 738 274 612 630 937 573 386 293 975 253 44 337 599 223 417 683 553 874 62 983 227 434 908 557 83 279 78 301 879 361 244 0 90 365 89 144 691 411 2 517 529 40 
245 915 974 952 920 583 821 109 561 859 440 188 239 414 71 213 463 660 174 456 220 133 890 936 998 71 343 487 491 338 5 743 543 536 789 695 639 1000 453 672 880 349 582 64 660 720 624 309 965 90 0 785 961 686 292 739 526 41 188 120 
385 977 299 857 976 129 503 352 204 335 237 487 468 441 42 869 17 133 83 848 905 166 325 876 812 271 991 200 143 578 103 895 107 608 662 737 512 296 454 23 760 236 818 767 760 142 301 922 271 365 785 0 953 98 604 431 942 589 911 73 
470 469 426 808 151 107 772 722 145 370 976 651 824 203 972 984 747 898 470 891 148 838 510 676 522 858 67 230 982 719 969 774 537 948 871 833 915 389 539 101 563 44 950 612 125 935 913 801 253 89 961 953 0 363 11 583 20 792 326 965 
736 174 908 827 972 770 974 288 489 382 820 336 438 631 266 346 811 266 464 681 281 658 241 844 966 58 997 553 621 770 833 611 962 472 416 761 509 844 608 346 703 406 800 770 652 496 334 129 166 144 686 98 363 0 761 742 370 252 564 774 
451 409 131 235 721 396 930 584 929 911 624 115 582 543 821 627 298 740 151 132 822 486 332 443 93 228 933 659 893 390 843 40 929 353 756 402 480 360 661 862 325 518 152 787 23 654 644 462 207 691 292 604 11 761 0 380 439 190 781 638 
611 996 557 209 551 523 813 499 545 774 365 898 921 55 331 36 850 928 508 409 792 747 220 529 486 270 872 910 535 350 91 566 87 867 641 763 496 766 907 271 960 209 194 637 342 422 171 637 143 411 739 431 583 742 380 0 367 694 271 47 
548 415 119 359 12 169 467 556 332 561 129 781 851 895 526 128 388 115 898 356 7 77 522 181 495 681 790 214 408 932 207 281 217 121 113 28 432 258 323 5 142 376 7 990 628 800 731 961 418 2 526 942 20 370 439 367 0 377 615 640 
631 640 139 993 828 497 313 389 630 807 983 196 853 560 444 723 591 263 813 617 839 450 467 910 455 872 46 930 143 62 390 74 234 277 853 773 80 189 381 951 385 57 45 275 243 403 785 334 860 517 41 589 792 252 190 694 377 0 333 256 
32 781 307 414 865 701 224 200 239 28 729 274 35 595 251 543 68 730 828 896 168 309 428 677 410 996 38 958 33 537 342 553 111 896 803 425 757 533 372 790 175 685 41 470 650 559 853 167 811 529 188 911 326 564 781 271 615 333 0 911 
971 349 343 238 307 519 960 664 972 980 780 216 996 779 666 364 143 567 787 356 4 722 808 795 738 839 542 361 283 978 872 250 377 18 384 860 900 654 506 134 42 531 523 484 931 385 872 260 512 40 120 73 965 774 638 47 640 256 911 0 
0 615 612 353 513 826 820 742 803 174 116 340 406 143 378 992 503 108 414 239 307 164 281 549 546 483 793 739 722 381 703 1000 432 79 928 184 433 419 119 975 243 169 223 489 71 738 347 689 894 937 100 640 444 366 319 876 130 430 344 685 
615 0 343 336 276 529 560 896 849 97 714 554 866 643 54 697 369 179 441 842 342 757 491 521 967 595 316 827 377 270 315 882 249 90 601 801 649 503 160 679 587 632 405 925 111 845 893 994 110 308 788 179 387 407 830 119 565 847 288 257 
612 343 0 636 947 215 735 736 179 784 723 970 320 96 66 381 749 561 40 333 668 422 618 347 66 338 635 894 703 585 748 682 83 663 248 255 72 891 245 337 487 547 831 306 5 489 862 293 86 251 423 749 855 36 459 358 167 251 375 755 
353 336 636 0 291 901 654 754 413 677 313 749 779 658 596 268 393 491 225 690 345 752 107 219 983 1000 160 35 717 540 673 43 235 55 464 847 189 885 589 595 707 648 311 3 446 503 273 295 615 54 984 774 208 921 821 686 729 489 769 313 
513 276 947 291 0 485 815 141 995 332 995 60 365 121 691 895 893 455 645 456 840 342 587 31 9 478 222 816 85 962 84 891 905 203 861 30 132 874 536 779 463 187 899 357 267 193 554 302 901 609 371 997 984 603 647 617 172 453 437 404 
826 529 215 901 485 0 352 828 912 489 765 379 885 165 319 7 720 178 550 73 586 201 748 597 94 870 531 436 599 448 790 577 786 563 824 739 611 698 31 27 151 370 853 598 633 498 69 390 888 47 622 225 236 349 239 909 146 513 629 106 
820 560 735 654 815 352 0 665 934 753 20 171 469 787 62 22 582 915 50 631 667 725 331 918 93 19 221 74 228 778 132 987 246 208 429 585 507 786 432 817 323 245 426 731 886 74 252 330 859 306 290 285 795 932 509 65 2 387 917 522 
742 896 736 754 141 828 665 0 393 80 643 348 313 634 105 337 489 333 566 637 869 663 247 353 421 793 171 712 685 158 67 970 91 633 39 908 366 756 959 589 861 571 57 110 919 252 385 629 334 311 562 170 637 362 758 302 893 94 998 492 
803 849 179 413 995 912 934 393 0 213 689 360 79 430 688 874 889 157 55 757 81 641 873 270 567 857 797 256 984 516 993 86 495 689 843 512 904 871 845 25 634 550 867 171 544 15 800 118 424 452 385 551 322 637 653 177 860 914 630 934 
174 97 784 677 332 489 753 80 213 0 58 183 669 997 198 682 950 440 555 287 283 688 904 637 344 35 939 668 97 222 530 766 152 85 438 257 848 340 306 788 575 490 924 212 412 208 246 926 120 200 809 782 292 656 311 675 312 809 339 134 
116 714 723 313 995 765 20 643 689 58 0 706 639 337 789 177 785 149 824 694 163 154 171 221 734 412 990 232 463 441 350 209 579 451 819 605 309 752 596 553 277 108 142 283 980 541 906 386 916 748 435 483 776 639 551 946 163 630 584 911 
340 554 970 749 60 379 171 348 360 183 706 0 422 405 742 579 440 157 975 66 819 133 450 341 160 770 863 958 616 800 166 447 247 593 826 629 19 996 124 442 544 538 14 177 867 583 927 135 729 464 321 43 451 809 263 951 670 385 65 552 
406 866 320 779 365 885 469 313 79 669 639 422 0 633 951 339 491 175 857 976 783 214 575 870 117 563 627 926 657 222 983 46 445 217 641 761 479 175 170 580 934 101 816 661 757 92 20 152 326 275 955 920 204 510 218 655 377 867 930 723 
143 643 96 658 121 165 787 634 430 997 337 405 633 0 958 444 9 426 576 645 721 804 270 794 906 336 706 729 237 222 186 249 553 775 266 975 921 943 612 719 392 123 539 157 449 634 121 861 562 457 761 623 237 288 787 586 533 475 705 201 
378 54 66 596 691 319 62 105 688 198 789 742 951 958 0 161 919 944 84 163 551 500 186 627 237 980 895 380 844 131 627 665 98 669 171 915 614 396 608 454 228 263 88 891 321 128 579 569 904 505 842 319 911 502 344 789 26 205 673 606 
992 697 381 268 895 7 22 337 874 682 177 579 339 444 161 0 806 981 405 361 292 160 25 117 651 969 432 37 418 828 887 938 675 726 38 689 615 840 148 642 238 25 217 321 776 151 469 261 103 998 639 4 872 395 605 600 725 368 576 34 
503 369 749 393 893 720 582 489 889 950 785 440 491 9 919 806 0 904 149 224 951 88 762 454 783 89 42 192 106 260 209 811 203 164 320 426 403 788 748 992 134 940 666 853 47 922 909 425 109 804 416 738 990 882 600 546 526 934 612 358 
108 179 561 491 455 178 915 333 157 440 149 157 175 426 944 981 904 0 354 274 849 435 150 260 786 458 436 177 424 779 783 369 773 615 719 675 408 423 56 288 260 214 74 46 425 804 761 1000 840 893 587 468 588 969 444 329 435 204 776 32 
414 441 40 225 645 550 50 566 55 555 824 975 857 576 84 405 149 354 0 404 410 164 343 39 301 454 836 98 161 39 684 568 266 883 669 408 908 455 106 843 11 830 836 243 271 950 893 939 746 163 412 13 776 247 60 911 15 735 868 911 
239 842 333 690 456 73 631 637 757 287 694 66 976 645 163 361 224 274 404 0 719 666 541 309 133 739 330 34 828 239 564 486 211 748 161 917 89 568 262 274 955 448 473 784 139 156 458 345 332 997 987 212 552 102 487 361 139 129 444 749 
307 342 668 345 840 586 667 869 81 283 163 819 783 721 551 292 951 849 410 719 0 953 900 52 503 223 852 501 27 894 58 676 480 430 32 945 609 700 732 389 508 793 529 614 986 239 588 208 660 762 231 355 671 83 1000 214 592 949 286 290 
164 757 422 752 342 201 725 663 641 688 154 133 214 804 500 160 88 435 164 666 953 0 675 235 626 722 68 191 309 660 212 216 256 714 805 776 427 142 132 862 146 384 441 934 284 825 777 93 780 564 394 581 978 301 719 196 250 349 272 29 
281 491 618 107 587 748 331 247 873 904 171 450 575 270 186 25 762 150 343 541 900 675 0 102 213 826 155 488 387 13 447 634 774 571 71 207 892 525 863 571 711 779 900 841 572 213 487 343 151 828 561 871 641 280 596 635 575 94 9 388 
549 521 347 219 31 597 918 353 270 637 221 341 870 794 627 117 454 260 39 309 52 235 102 0 755 798 125 443 243 755 342 6 408 210 601 958 197 387 368 901 983 719 251 605 548 97 109 600 872 695 517 181 65 586 574 532 616 725 546 220 
546 967 66 983 9 94 93 421 567 344 734 160 117 906 237 651 783 786 301 133 503 626 213 755 0 173 493 151 420 380 502 89 435 65 435 533 110 624 18 501 622 1000 569 92 740 790 606 539 812 674 505 598 894 65 650 717 564 974 618 144 
483 595 338 1000 478 870 19 793 857 35 412 770 563 336 980 969 89 458 454 739 223 722 826 798 173 0 978 117 739 651 807 401 174 306 939 174 259 57 565 285 125 21 379 478 934 969 396 134 148 206 738 869 498 378 723 801 916 176 866 41 
793 316 635 160 222 531 221 171 797 939 990 863 627 706 895 432 42 436 836 330 852 68 155 125 493 978 0 492 426 417 617 91 306 660 884 722 433 337 865 312 532 804 783 462 728 23 245 494 176 920 419 277 286 552 173 642 757 937 997 750 
739 827 894 35 816 436 74 712 256 668 232 958 926 729 380 37 192 177 98 34 501 191 488 443 151 117 492 0 260 376 557 388 755 114 471 859 636 977 960 175 308 891 636 514 437 714 975 872 154 547 257 669 939 715 761 115 398 97 427 255 
722 377 703 717 85 599 228 685 984 97 463 616 657 237 844 418 106 424 161 828 27 309 387 243 420 739 426 260 0 7 757 59 279 534 422 800 471 72 979 151 645 39 46 717 169 242 164 938 347 504 243 594 276 60 952 921 779 936 102 393 
381 270 585 540 962 448 778 158 516 222 441 800 222 222 131 828 260 779 39 239 894 660 13 755 380 651 417 376 7 0 409 982 350 856 956 45 902 173 806 328 625 373 490 19 743 764 724 895 960 130 294 102 43 26 25 515 394 506 462 265 
703 315 748 673 84 790 132 67 993 530 350 166 983 186 627 887 209 783 684 564 58 212 447 342 502 807 617 557 757 409 0 15 960 14 16 210 380 6 628 884 289 121 960 949 103 134 121 501 670 328 675 752 741 904 390 164 669 614 651 683 
1000 882 682 43 891 577 987 970 86 766 209 447 46 249 665 938 811 369 568 486 676 216 634 6 89 401 91 388 59 982 15 0 997 186 464 923 594 582 189 184 701 441 129 720 208 338 180 486 605 171 174 259 447 366 402 19 150 166 173 982 
432 249 83 235 905 786 246 91 495 152 579 247 445 553 98 675 203 773 266 211 480 256 774 408 435 174 306 755 279 350 960 997 0 548 71 131 284 777 285 350 324 399 627 559 922 554 115 291 726 513 760 384 565 905 958 841 154 857 69 280 
79 90 663 55 203 563 208 633 689 85 451 593 217 775 669 726 164 615 883 748 430 714 571 210 65 306 660 114 534 856 14 186 548 0 631 62 248 606 357 880 703 230 861 158 296 817 470 369 539 594 6 477 871 511 836 372 55 350 319 742 
928 601 248 464 861 824 429 39 843 438 819 826 641 266 171 38 320 719 669 161 32 805 71 601 435 939 884 471 422 956 16 464 71 631 0 167 35 896 157 597 676 18 7 374 237 905 388 998 483 158 371 527 502 537 378 219 698 281 874 857 
184 801 255 847 30 739 585 908 512 257 605 629 761 975 915 689 426 675 408 917 945 776 207 958 533 174 722 859 800 45 210 923 131 62 167 0 39 135 664 66 297 992 182 496 630 605 163 861 472 605 717 968 222 919 679 229 118 106 581 387 
433 649 72 189 132 611 507 366 904 848 309 19 479 921 614 615 403 408 908 89 609 427 892 197 110 259 433 636 471 902 380 594 284 248 35 39 0 761 424 561 927 527 161 911 175 268 18 448 174 348 3 4 417 2 244 360 46 164 139 733 
419 503 891 885 874 698 786 756 871 340 752 996 175 943 396 840 788 423 455 568 700 142 525 387 624 57 337 977 72 173 6 582 777 606 896 135 761 0 894 334 318 829 435 221 986 304 98 617 644 958 444 166 212 767 917 745 253 482 919 259 
119 160 245 589 536 31 432 959 845 306 596 124 170 612 608 148 748 56 106 262 732 132 863 368 18 565 865 960 979 806 628 189 285 357 157 664 424 894 0 996 908 590 339 558 764 33 967 301 954 470 465 638 880 961 582 769 756 799 567 779 
975 679 337 595 779 27 817 589 25 788 553 442 580 719 454 642 992 288 843 274 389 862 571 901 501 285 312 175 151 328 884 184 350 880 597 66 561 334 996 0 590 230 418 134 216 730 178 579 511 687 124 668 876 19 915 469 307 925 722 113 
243 587 487 707 463 151 323 861 634 575 277 544 934 392 228 238 134 260 11 955 508 146 711 983 622 125 532 308 645 625 289 701 324 703 676 297 927 318 908 590 0 943 218 688 505 541 575 315 107 566 988 907 299 113 833 49 838 603 505 125 
169 632 547 648 187 370 245 571 550 490 108 538 101 123 263 25 940 214 830 448 793 384 779 719 1000 21 804 891 39 373 121 441 399 230 18 992 527 829 590 230 943 0 255 409 450 956 928 717 107 63 60 476 529 640 622 332 432 610 823 395 
223 405 831 311 899 853 426 57 867 924 142 14 816 539 88 217 666 74 836 473 529 441 900 251 569 379 783 636 46 490 960 129 627 861 7 182 161 435 339 418 218 255 0 856 673 885 756 96 21 761 236 280 214 481 307 318 560 134 576 287 
489 925 306 3 357 598 731 110 171 212 283 177 661 157 891 321 853 46 243 784 614 934 841 605 92 478 462 514 717 19 949 720 559 158 374 496 911 221 558 134 688 409 856 0 297 758 321 294 690 499 485 727 692 75 181 546 96 756 769 875 
71 111 5 446 267 633 886 919 544 412 980 867 757 449 321 776 47 425 271 139 986 284 572 548 740 934 728 437 169 743 103 208 922 296 237 630 175 986 764 216 505 450 673 297 0 245 561 97 279 185 164 948 268 217 112 755 746 609 78 360 
738 845 489 503 193 498 74 252 15 208 541 583 92 634 128 151 922 804 950 156 239 825 213 97 790 969 23 714 242 764 134 338 554 817 905 605 268 304 33 730 541 956 885 758 245 0 712 237 574 735 264 876 149 525 744 677 215 745 723 458 
347 893 862 273 554 69 252 385 800 246 906 927 20 121 579 469 909 761 893 458 588 777 487 109 606 396 245 975 164 724 121 180 115 470 388 163 18 98 967 178 575 928 756 321 561 712 0 300 527 889 106 73 191 743 864 525 301 906 149 580 
689 994 293 295 302 390 330 629 118 926 386 135 152 861 569 261 425 1000 939 345 208 93 343 600 539 134 494 872 938 895 501 486 291 369 998 861 448 617 301 579 315 717 96 294 97 237 300 0 864 519 740 974 218 408 846 698 98 959 374 943 
894 110 86 615 901 888 859 334 424 120 916 729 326 562 904 103 109 840 746 332 660 780 151 872 812 148 176 154 347 960 670 605 726 539 483 472 174 644 954 511 107 107 21 690 279 574 527 864 0 840 884 718 401 554 384 977 270 97 719 495 
937 308 251 54 609 47 306 311 452 200 748 464 275 457 505 998 804 893 163 997 762 564 828 695 674 206 920 547 504 130 328 171 513 594 158 605 348 958 470 687 566 63 761 499 185 735 889 519 840 0 145 552 687 306 459 27 385 344 417 935 
100 788 423 984 371 622 290 562 385 809 435 321 955 761 842 639 416 587 412 987 231 394 561 517 505 738 419 257 243 294 675 174 760 6 371 717 3 444 465 124 988 60 236 485 164 264 106 740 884 145 0 721 503 274 492 340 611 313 882 139 
640 179 749 774 997 225 285 170 551 782 483 43 920 623 319 4 738 468 13 212 355 581 871 181 598 869 277 669 594 102 752 259 384 477 527 968 4 166 638 668 907 476 280 727 948 876 73 974 718 552 721 0 628 821 722 432 53 72 442 131 
444 387 855 208 984 236 795 637 322 292 776 451 204 237 911 872 990 588 776 552 671 978 641 65 894 498 286 939 276 43 741 447 565 871 502 222 417 212 880 876 299 529 214 692 268 149 191 218 401 687 503 628 0 939 673 888 2 930 334 758 
366 407 36 921 603 349 932 362 637 656 639 809 510 288 502 395 882 969 247 102 83 301 280 586 65 378 552 715 60 26 904 366 905 511 537 919 2 767 961 19 113 640 481 75 217 525 743 408 554 306 274 821 939 0 316 390 512 431 379 697 
319 830 459 821 647 239 509 758 653 311 551 263 218 787 344 605 600 444 60 487 1000 719 596 574 650 723 173 761 952 25 390 402 958 836 378 679 244 917 582 915 833 622 307 181 112 744 864 846 384 459 492 722 673 316 0 172 19 902 868 296 
876 119 358 686 617 909 65 302 177 675 946 951 655 586 789 600 546 329 911 361 214 196 635 532 717 801 642 115 921 515 164 19 841 372 219 229 360 745 769 469 49 332 318 546 755 677 525 698 977 27 340 432 888 390 172 0 433 295 731 347 
130 565 167 729 172 146 2 893 860 312 163 670 377 533 26 725 526 435 15 139 592 250 575 616 564 916 757 398 779 394 669 150 154 55 698 118 46 253 756 307 838 432 560 96 746 215 301 98 270 385 611 53 2 512 19 433 0 531 738 639 
430 847 251 489 453 513 387 94 914 809 630 385 867 475 205 368 934 204 735 129 949 349 94 725 974 176 937 97 936 506 614 166 857 350 281 106 164 482 799 925 603 610 134 756 609 745 906 959 97 344 313 72 930 431 902 295 531 0 731 178 
344 288 375 769 437 629 917 998 630 339 584 65 930 705 673 576 612 776 868 444 286 272 9 546 618 866 997 427 102 462 651 173 69 319 874 581 139 919 567 722 505 823 576 769 78 723 149 374 719 417 882 442 334 379 868 731 738 731 0 622 
685 257 755 313 404 106 522 492 934 134 911 552 723 201 606 34 358 32 911 749 290 29 388 220 144 41 750 255 393 265 683 982 280 742 857 387 733 259 779 113 125 395 287 875 360 458 580 943 495 935 139 131 758 697 296 347 639 178 622 0 
0 967 650 268 560 578 740 981 806 239 281 243 345 42 384 986 596 2 295 230 421 184 260 675 615 563 721 657 706 339 734 975 309 110 745 191 524 376 219 724 84 190 306 569 91 640 349 639 790 786 43 645 400 335 192 820 102 377 416 776 
967 0 218 196 305 664 535 800 776 113 670 527 828 659 204 653 450 197 347 768 403 613 529 483 988 646 254 920 337 98 252 697 29 85 605 690 750 580 60 583 556 512 531 929 60 941 906 801 130 344 768 194 312 341 889 7 578 754 374 335 
650 218 0 772 895 93 755 666 349 647 779 892 216 147 231 328 794 677 109 303 639 463 547 299 65 364 795 981 899 717 850 623 12 550 133 88 39 938 207 338 482 389 827 61 258 267 896 216 273 448 321 709 962 41 343 342 106 219 532 839 
268 196 772 0 511 876 554 728 337 602 328 879 759 721 629 429 622 592 206 556 217 882 144 158 868 891 17 3 709 560 502 30 208 9 530 933 160 883 414 499 757 638 172 324 476 349 288 154 671 152 918 580 382 921 922 571 745 535 989 352 
560 305 895 511 0 583 756 279 917 472 872 36 274 172 684 928 982 467 669 422 885 401 656 132 63 450 195 686 146 799 49 729 892 317 935 23 120 824 628 873 505 171 816 408 217 342 489 155 865 568 267 946 942 737 793 672 158 450 606 337 
578 664 93 876 583 0 200 934 902 404 592 487 813 195 394 30 895 92 589 68 644 271 841 458 179 845 578 218 719 528 950 566 881 586 923 599 614 738 43 20 242 670 844 590 743 533 68 640 890 11 720 181 391 514 39 748 205 689 836 97 
740 535 755 554 756 200 0 677 895 828 66 45 557 581 116 64 445 878 112 816 450 761 310 888 112 91 230 36 294 810 136 977 200 102 657 583 667 662 454 722 277 306 395 716 787 62 286 323 881 412 322 221 783 826 673 143 38 200 831 507 
981 800 666 728 279 934 677 0 393 218 672 400 415 703 141 433 559 177 727 607 888 582 216 236 451 731 254 743 865 286 124 927 296 459 149 640 508 731 873 612 855 383 223 230 978 163 494 748 385 245 348 82 860 496 845 275 872 11 979 406 
806 776 349 337 917 902 895 393 0 168 871 137 276 465 694 668 784 119 121 623 24 554 853 473 768 797 874 289 980 375 856 138 539 802 880 502 706 812 762 154 567 486 786 207 641 32 699 17 453 585 353 431 220 762 722 117 956 717 646 982 
239 113 647 602 472 404 828 218 168 0 21 266 738 946 199 768 786 477 580 230 389 498 954 426 209 74 887 882 198 143 507 752 102 37 543 232 872 201 425 748 526 493 915 253 501 231 143 958 187 164 665 791 194 511 328 822 237 844 532 234 
281 670 779 328 872 592 66 672 871 21 0 656 397 201 627 257 691 84 760 663 61 258 97 239 708 377 805 236 572 392 294 181 809 365 784 652 304 848 697 565 370 10 63 153 985 599 819 279 924 672 460 674 720 593 584 966 33 625 403 961 
243 527 892 879 36 487 45 400 137 266 656 0 267 563 858 559 262 29 990 23 644 290 478 435 174 758 809 914 650 764 127 563 328 542 876 829 106 976 7 527 508 652 25 209 922 645 753 146 721 566 226 107 416 993 300 932 744 247 191 611 
345 828 216 759 274 813 557 415 276 738 397 267 0 714 838 535 642 172 938 956 633 208 591 972 73 639 517 846 485 183 943 53 531 143 665 581 675 129 72 482 906 202 832 637 982 80 15 117 284 235 983 852 30 583 288 692 407 678 957 683 
42 659 147 721 172 195 581 703 465 946 201 563 714 0 843 415 82 323 693 777 681 798 395 905 959 208 700 780 239 290 180 303 518 900 268 973 843 978 405 790 410 246 624 126 381 751 272 767 619 375 909 725 230 267 791 540 682 510 674 251 
384 204 231 629 684 394 116 141 694 199 627 858 838 843 0 418 589 886 166 79 523 410 348 606 115 826 878 352 804 151 616 579 92 670 265 926 637 498 664 231 89 323 187 948 342 128 377 629 844 500 851 248 977 524 321 887 71 127 507 655 
986 653 328 429 928 30 64 433 668 768 257 559 535 415 418 0 763 837 518 412 247 31 143 71 720 721 617 11 433 722 812 901 683 743 113 619 763 851 145 799 201 126 301 317 755 188 656 227 81 991 807 5 886 592 617 729 660 306 558 5 
596 450 794 622 982 895 445 559 784 786 691 262 642 82 589 763 0 877 271 53 995 24 730 446 806 167 57 185 172 212 266 788 138 85 388 456 633 790 873 949 90 890 556 736 87 964 940 490 62 637 295 814 871 843 832 558 508 832 663 223 
2 197 677 592 467 92 878 177 119 477 84 29 172 323 886 837 877 0 135 157 675 416 183 25 702 279 446 160 511 731 649 400 704 640 697 632 561 399 31 223 205 168 315 247 319 961 621 863 793 920 628 248 519 948 337 423 256 43 769 115 
295 347 109 206 669 589 112 727 121 580 760 990 938 693 166 518 271 135 0 347 590 9 420 190 205 442 730 122 109 78 667 731 366 961 647 243 992 467 24 795 13 641 783 151 444 831 909 924 664 241 482 116 859 376 257 865 89 802 731 777 
230 768 303 556 422 68 816 607 623 230 663 23 956 777 79 412 53 157 347 0 779 504 542 425 32 730 250 102 703 240 695 524 261 817 56 671 12 596 89 333 803 388 484 818 110 101 569 346 138 842 967 238 277 132 458 409 261 390 545 900 
421 403 639 217 885 644 450 888 24 389 61 644 633 681 523 247 995 675 590 779 0 971 807 66 308 198 805 688 127 896 102 853 586 583 183 805 339 545 783 427 493 707 379 589 905 93 257 84 738 819 191 385 555 173 909 205 526 931 294 287 
184 613 463 882 401 271 761 582 554 498 258 290 208 798 410 31 24 416 9 504 971 0 571 142 616 628 173 67 469 723 276 337 372 833 854 778 341 66 111 680 135 326 578 986 155 886 867 178 835 497 447 696 987 321 658 42 277 178 329 94 
260 529 547 144 656 841 310 216 853 954 97 478 591 395 348 143 730 183 420 542 807 571 0 77 335 784 204 500 224 40 583 615 650 753 153 235 816 396 785 575 490 674 892 834 557 71 523 279 326 936 423 874 445 260 442 673 625 161 61 489 
675 483 299 158 132 458 888 236 473 426 239 435 972 905 606 71 446 25 190 425 66 142 77 0 788 780 79 368 466 619 299 119 394 296 537 902 254 381 252 950 934 861 464 614 638 65 340 523 928 640 764 290 17 708 675 525 770 681 603 190 
615 988 65 868 63 179 112 451 768 209 708 174 73 959 115 720 806 702 205 32 308 616 335 788 0 333 403 218 492 226 640 75 452 168 452 662 27 575 202 376 756 940 515 26 745 833 671 351 971 623 443 576 937 140 716 884 451 939 687 167 
563 646 364 891 450 845 91 731 797 74 377 758 639 208 826 721 167 279 442 730 198 628 784 780 333 0 960 25 872 545 716 610 111 292 714 162 370 183 492 385 220 29 320 419 862 924 427 303 148 333 853 805 381 264 740 726 999 115 839 141 
721 254 795 17 195 578 230 254 874 887 805 809 517 700 878 617 57 446 730 250 805 173 204 79 403 960 0 642 520 447 588 51 217 583 745 706 626 301 915 486 617 662 972 602 898 162 254 325 251 879 523 216 268 577 84 872 906 979 885 701 
657 920 981 3 686 218 36 743 289 882 236 914 846 780 352 11 185 160 122 102 688 67 500 368 218 25 642 0 357 272 509 727 712 79 462 855 938 993 902 245 329 902 632 486 404 850 918 916 269 555 228 601 950 571 866 126 410 313 604 174 
706 337 899 709 146 719 294 865 980 198 572 650 485 239 804 433 172 511 109 703 127 469 224 466 492 872 520 357 0 156 762 4 171 528 518 724 491 264 944 31 561 136 169 767 269 157 174 928 436 570 242 616 227 161 842 970 913 993 97 423 
339 98 717 560 799 528 810 286 375 143 392 764 183 290 151 722 212 731 78 240 896 723 40 619 226 545 447 272 156 0 376 791 413 845 783 33 899 85 805 407 607 317 496 2 721 853 656 992 860 125 249 56 43 10 136 646 485 311 683 414 
734 252 850 502 49 950 136 124 856 507 294 127 943 180 616 812 266 649 667 695 102 276 583 299 640 716 588 509 762 376 0 72 996 77 188 135 463 255 501 798 221 88 848 855 264 266 243 485 733 83 752 813 711 820 313 133 549 740 555 574 
975 697 623 30 729 566 977 927 138 752 181 563 53 303 579 901 788 400 731 524 853 337 615 119 75 610 51 727 4 791 72 0 772 139 544 897 596 788 13 250 905 308 306 613 220 346 214 554 687 287 436 326 631 285 339 106 133 141 258 934 
309 29 12 208 892 881 200 296 539 102 809 328 531 518 92 683 138 704 366 261 586 372 650 394 452 111 217 712 171 413 996 772 0 605 23 104 308 743 330 243 218 312 760 537 866 674 106 397 768 254 688 345 396 854 761 822 251 842 25 144 
110 85 550 9 317 586 102 459 802 37 365 542 143 900 670 743 85 640 961 817 583 833 753 296 168 292 583 79 528 845 77 139 605 0 800 166 402 527 452 613 882 353 846 19 158 910 601 349 659 570 44 330 816 595 911 357 145 295 563 749 
745 605 133 530 935 923 657 149 880 543 784 876 665 268 265 113 388 697 647 56 183 854 153 537 452 714 745 462 518 783 188 544 23 800 0 211 235 853 184 819 769 12 53 397 289 878 600 945 372 272 279 430 644 475 436 203 887 242 926 949 
191 690 88 933 23 599 583 640 502 232 652 829 581 973 926 619 456 632 243 671 805 778 235 902 662 162 706 855 724 33 135 897 104 166 211 0 38 146 728 157 267 875 73 401 570 783 376 829 519 464 778 860 317 952 822 31 61 200 549 299 
524 750 39 160 120 614 667 508 706 872 304 106 675 843 637 763 633 561 992 12 339 341 816 254 27 370 626 938 491 899 463 596 308 402 235 38 0 872 539 553 848 739 57 922 79 248 89 462 167 406 33 133 481 88 117 383 103 289 367 618 
376 580 938 883 824 738 662 731 812 201 848 976 129 978 498 851 790 399 467 596 545 66 396 381 575 183 301 993 264 85 255 788 743 527 853 146 872 0 988 506 364 807 522 315 876 486 70 744 515 932 316 247 127 762 954 661 333 587 928 252 
219 60 207 414 628 43 454 873 762 425 697 7 72 405 664 145 873 31 24 89 783 111 785 252 202 492 915 902 944 805 501 13 330 452 184 728 539 988 0 929 959 591 639 559 767 47 900 415 821 483 257 635 850 884 593 759 739 923 543 764 
724 583 338 499 873 20 722 612 154 748 565 527 482 790 231 799 949 223 795 333 427 680 575 950 376 385 486 245 31 407 798 250 243 613 819 157 553 506 929 0 523 165 413 27 308 845 173 539 412 792 62 753 996 31 937 618 377 972 623 159 
84 556 482 757 505 242 277 855 567 526 370 508 906 410 89 201 90 205 13 803 493 135 490 934 756 220 617 329 561 607 221 905 218 882 769 267 848 364 959 523 0 902 286 644 617 535 291 438 71 831 840 722 249 259 739 3 893 578 385 52 
190 512 389 638 171 670 306 383 486 493 10 652 202 246 323 126 890 168 641 388 707 326 674 861 940 29 662 902 136 317 88 308 312 353 12 875 739 807 591 165 902 0 321 504 609 857 1000 661 160 246 168 518 407 690 560 320 508 592 760 508 
306 531 827 172 816 844 395 223 786 915 63 25 832 624 187 301 556 315 783 484 379 578 892 464 515 320 972 632 169 496 848 306 760 846 53 73 57 522 639 413 286 321 0 884 730 889 765 112 23 782 271 120 50 440 189 205 525 173 456 301 
569 929 61 324 408 590 716 230 207 253 153 209 637 126 948 317 736 247 151 818 589 986 834 614 26 419 602 486 767 2 855 613 537 19 397 401 922 315 559 27 644 504 884 0 298 627 374 372 612 638 499 714 672 262 199 647 4 708 529 826 
91 60 258 476 217 743 787 978 641 501 985 922 982 381 342 755 87 319 444 110 905 155 557 638 745 862 898 404 269 721 264 220 866 158 289 570 79 876 767 308 617 609 730 298 0 258 502 171 328 334 272 935 295 356 43 800 703 726 146 280 
640 941 267 349 342 533 62 163 32 231 599 645 80 751 128 188 964 961 831 101 93 886 71 65 833 924 162 850 157 853 266 346 674 910 878 783 248 486 47 845 535 857 889 627 258 0 672 253 380 697 189 742 247 623 816 499 287 681 879 452 
349 906 896 288 489 68 286 494 699 143 819 753 15 272 377 656 940 621 909 569 257 867 523 340 671 427 254 918 174 656 243 214 106 601 600 376 89 70 900 173 291 1000 765 374 502 672 0 241 168 914 43 76 229 719 911 440 283 878 123 693 
639 801 216 154 155 640 323 748 17 958 279 146 117 767 629 227 490 863 924 346 84 178 279 523 351 303 325 916 928 992 485 554 397 349 945 829 462 744 415 539 438 661 112 372 171 253 241 0 973 397 851 895 167 547 786 671 69 971 553 954 
790 130 273 671 865 890 881 385 453 187 924 721 284 619 844 81 62 793 664 138 738 835 326 928 971 148 251 269 436 860 733 687 768 659 372 519 167 515 821 412 71 160 23 612 328 380 168 973 0 883 780 740 401 634 312 952 239 471 708 353 
786 344 448 152 568 11 412 245 585 164 672 566 235 375 500 991 637 920 241 842 819 497 936 640 623 333 879 555 570 125 83 287 254 570 272 464 406 932 483 792 831 246 782 638 334 697 914 397 883 0 169 512 655 489 318 78 466 450 422 820 
43 768 321 918 267 720 322 348 353 665 460 226 983 909 851 807 295 628 482 967 191 447 423 764 443 853 523 228 242 249 752 436 688 44 279 778 33 316 257 62 840 168 271 499 272 189 43 851 780 169 0 707 626 267 580 343 658 320 697 169 
