6 4
0 598 743 1 484 832 
598 0 703 248 94 391 
743 703 0 593 298 516 
1 248 593 0 664 813 
484 94 298 664 0 822 
832 391 516 813 822 0 
0 414 533 267 713 84 
414 0 698 836 657 680 
533 698 0 940 71 359 
267 836 940 0 169 909 
713 657 71 169 0 224 
84 680 359 909 224 0 
0 432 954 905 940 808 
432 0 615 318 405 797 
954 615 0 296 399 602 
905 318 296 0 849 140 
940 405 399 849 0 787 
808 797 602 140 787 0 
0 658 454 249 295 993 
658 0 242 295 201 532 
454 242 0 294 679 569 
249 295 294 0 606 436 
295 201 679 606 0 226 
993 532 569 436 226 0 
0 300 211 750 855 909 
300 0 788 568 446 102 
211 788 0 143 75 674 
750 568 143 0 736 366 
855 446 75 736 0 561 
909 102 674 366 561 0 
