8 3
0 910 804 8 349 683 316 804 
910 0 397 493 958 590 868 986 
804 397 0 420 748 566 252 249 
8 493 420 0 892 694 165 297 
349 958 748 892 0 517 341 540 
683 590 566 694 517 0 207 543 
316 868 252 165 341 207 0 575 
804 986 249 297 540 543 575 0 
0 870 883 423 213 201 168 103 
870 0 247 910 846 880 597 693 
883 247 0 536 269 723 633 478 
423 910 536 0 314 941 200 541 
213 846 269 314 0 689 344 364 
201 880 723 941 689 0 995 3 
168 597 633 200 344 995 0 984 
103 693 478 541 364 3 984 0 
0 641 278 929 30 137 148 475 
641 0 334 824 458 658 194 919 
278 334 0 620 474 187 685 11 
929 824 620 0 473 804 425 772 
30 458 474 473 0 314 698 458 
137 658 187 804 314 0 930 763 
148 194 685 425 698 930 0 869 
475 919 11 772 458 763 869 0 
0 814 19 320 173 282 342 106 
814 0 25 964 644 258 842 917 
19 25 0 306 253 282 777 881 
320 964 306 0 654 835 501 866 
173 644 253 654 0 899 428 947 
282 258 282 835 899 0 821 12 
342 842 777 501 428 821 0 286 
106 917 881 866 947 12 286 0 
