6 2
0 555 650 868 523 851 
555 0 135 334 321 333 
650 135 0 169 904 551 
868 334 169 0 490 933 
523 321 904 490 0 256 
851 333 551 933 256 0 
0 571 656 634 342 517 
571 0 715 74 833 76 
656 715 0 165 639 312 
634 74 165 0 73 720 
342 833 639 73 0 685 
517 76 312 720 685 0 
0 124 3 30 474 75 
124 0 235 902 400 222 
3 235 0 588 379 605 
30 902 588 0 444 628 
474 400 379 444 0 774 
75 222 605 628 774 0 
