50 2
0 804 871 10 989 964 407 983 342 597 424 458 53 774 855 609 77 497 529 285 294 698 64 864 330 295 925 906 191 676 550 947 700 889 893 129 55 740 920 695 27 66 170 839 289 467 890 938 557 331 
804 0 963 700 229 884 328 999 969 400 898 74 678 603 406 299 346 164 368 341 670 736 985 165 165 642 97 292 470 301 299 806 556 955 919 138 646 633 749 428 234 8 445 514 286 320 724 879 437 677 
871 963 0 430 124 536 213 843 282 194 251 996 232 959 438 174 66 134 900 131 752 298 136 827 661 279 368 760 466 47 518 182 792 790 937 191 635 632 628 288 30 234 892 760 637 478 832 497 161 714 
10 700 430 0 835 23 810 624 25 307 879 947 408 100 899 956 653 40 856 85 73 989 811 333 155 594 263 958 457 531 531 529 751 889 914 639 113 227 784 519 41 851 200 590 537 74 537 41 274 447 
989 229 124 835 0 620 30 117 941 375 332 251 774 113 269 871 747 677 811 341 684 504 687 132 164 550 177 426 484 982 187 839 297 841 503 525 159 413 969 325 776 440 501 388 470 784 596 712 6 434 
964 884 536 23 620 0 789 303 188 842 508 3 60 170 680 618 717 625 659 608 391 522 305 579 454 818 199 504 297 749 367 179 485 439 737 161 588 536 51 789 771 396 59 390 223 414 183 364 501 111 
407 328 213 810 30 789 0 839 111 651 258 144 718 557 613 133 760 594 39 327 333 515 675 732 622 247 981 560 434 421 629 648 681 395 763 829 895 502 273 672 51 755 821 722 924 556 182 710 554 322 
983 999 843 624 117 303 839 0 926 633 103 763 472 502 192 562 270 270 478 919 765 724 649 315 20 923 947 297 199 145 814 557 91 534 416 295 27 682 925 304 769 637 659 152 946 841 664 529 874 679 
342 969 282 25 941 188 111 926 0 814 110 97 676 168 237 251 550 469 380 164 312 100 582 497 210 150 343 13 447 684 692 232 726 834 219 446 854 347 700 61 323 522 342 2 556 341 255 454 586 630 
597 400 194 307 375 842 651 633 814 0 475 751 882 842 489 924 598 519 626 230 295 855 857 413 7 138 530 141 44 387 660 680 602 648 400 923 313 958 871 12 899 512 262 607 123 432 808 385 429 179 
424 898 251 879 332 508 258 103 110 475 0 955 730 966 519 242 474 556 589 925 715 487 711 249 602 887 475 871 477 367 723 498 323 222 294 421 734 360 458 124 746 657 780 602 231 437 165 536 108 337 
458 74 996 947 251 3 144 763 97 751 955 0 718 312 167 651 408 862 122 650 2 572 945 216 924 314 189 284 691 575 240 100 172 817 298 534 324 591 697 152 408 921 179 783 788 622 11 370 422 94 
53 678 232 408 774 60 718 472 676 882 730 718 0 785 1000 663 442 360 152 389 656 435 437 780 31 210 415 616 393 760 279 70 835 34 512 461 700 540 377 50 674 126 545 912 679 498 479 42 927 526 
774 603 959 100 113 170 557 502 168 842 966 312 785 0 492 781 634 524 360 986 493 626 443 400 771 162 94 253 468 41 837 717 915 664 924 310 792 700 669 374 791 242 176 526 999 893 465 310 710 300 
855 406 438 899 269 680 613 192 237 489 519 167 1000 492 0 338 235 762 953 226 160 534 132 949 4 29 694 720 340 581 43 793 979 944 497 131 355 136 31 67 432 792 312 132 682 190 923 431 656 728 
609 299 174 956 871 618 133 562 251 924 242 651 663 781 338 0 849 806 431 470 940 834 867 8 517 155 470 332 278 290 612 990 208 751 935 577 979 592 370 909 292 774 376 645 351 758 755 871 5 275 
77 346 66 653 747 717 760 270 550 598 474 408 442 634 235 849 0 790 787 125 874 466 48 544 752 979 261 604 360 122 847 316 51 549 465 73 383 883 248 707 921 214 996 974 860 758 340 634 470 853 
497 164 134 40 677 625 594 270 469 519 556 862 360 524 762 806 790 0 195 42 446 117 543 638 290 585 543 972 425 267 292 274 683 596 719 12 125 59 770 356 29 793 424 409 205 647 896 928 67 899 
529 368 900 856 811 659 39 478 380 626 589 122 152 360 953 431 787 195 0 51 443 961 886 696 980 147 188 272 675 398 371 407 161 369 968 994 812 782 540 45 317 181 574 541 946 787 797 254 756 95 
285 341 131 85 341 608 327 919 164 230 925 650 389 986 226 470 125 42 51 0 315 200 874 380 536 244 795 547 510 789 974 795 146 231 21 358 95 769 630 580 342 388 579 642 212 659 30 661 124 915 
294 670 752 73 684 391 333 765 312 295 715 2 656 493 160 940 874 446 443 315 0 711 254 536 185 58 321 353 105 962 611 911 351 924 360 153 162 507 21 493 499 40 60 940 78 9 940 144 364 452 
698 736 298 989 504 522 515 724 100 855 487 572 435 626 534 834 466 117 961 200 711 0 499 130 829 285 306 472 197 496 635 20 358 176 604 212 639 910 96 873 754 964 691 63 917 124 239 919 840 719 
64 985 136 811 687 305 675 649 582 857 711 945 437 443 132 867 48 543 886 874 254 499 0 410 736 896 165 774 751 941 263 452 825 154 327 543 434 900 96 666 922 127 249 459 906 628 585 104 668 438 
864 165 827 333 132 579 732 315 497 413 249 216 780 400 949 8 544 638 696 380 536 130 410 0 78 515 602 853 267 617 657 947 849 579 730 641 147 610 780 409 428 587 121 79 397 863 221 273 352 753 
330 165 661 155 164 454 622 20 210 7 602 924 31 771 4 517 752 290 980 536 185 829 736 78 0 279 52 585 129 223 749 503 582 854 441 559 615 357 456 138 934 689 566 197 821 734 660 697 746 203 
295 642 279 594 550 818 247 923 150 138 887 314 210 162 29 155 979 585 147 244 58 285 896 515 279 0 70 455 846 321 208 219 383 751 770 649 892 981 409 806 721 558 146 101 343 581 495 847 9 980 
925 97 368 263 177 199 981 947 343 530 475 189 415 94 694 470 261 543 188 795 321 306 165 602 52 70 0 521 108 443 252 158 420 251 80 3 544 398 367 904 228 345 386 919 259 485 377 158 571 574 
906 292 760 958 426 504 560 297 13 141 871 284 616 253 720 332 604 972 272 547 353 472 774 853 585 455 521 0 219 157 824 731 70 401 904 796 510 492 597 961 606 647 162 133 244 615 825 322 930 161 
191 470 466 457 484 297 434 199 447 44 477 691 393 468 340 278 360 425 675 510 105 197 751 267 129 846 108 219 0 253 825 807 713 278 173 560 131 552 323 737 609 90 778 161 917 139 332 504 659 727 
676 301 47 531 982 749 421 145 684 387 367 575 760 41 581 290 122 267 398 789 962 496 941 617 223 321 443 157 253 0 749 79 655 387 410 188 656 432 981 726 115 838 227 552 653 808 439 510 147 512 
550 299 518 531 187 367 629 814 692 660 723 240 279 837 43 612 847 292 371 974 611 635 263 657 749 208 252 824 825 749 0 850 891 194 375 932 825 944 115 807 117 167 8 492 861 595 820 680 437 351 
947 806 182 529 839 179 648 557 232 680 498 100 70 717 793 990 316 274 407 795 911 20 452 947 503 219 158 731 807 79 850 0 464 157 794 265 901 624 266 194 992 975 352 113 99 168 444 39 427 258 
700 556 792 751 297 485 681 91 726 602 323 172 835 915 979 208 51 683 161 146 351 358 825 849 582 383 420 70 713 655 891 464 0 445 316 385 215 890 767 468 464 40 92 724 545 634 670 859 431 923 
889 955 790 889 841 439 395 534 834 648 222 817 34 664 944 751 549 596 369 231 924 176 154 579 854 751 251 401 278 387 194 157 445 0 164 158 573 847 959 765 625 923 630 832 920 376 876 703 814 231 
893 919 937 914 503 737 763 416 219 400 294 298 512 924 497 935 465 719 968 21 360 604 327 730 441 770 80 904 173 410 375 794 316 164 0 275 983 357 445 217 488 798 989 454 440 412 465 74 990 896 
129 138 191 639 525 161 829 295 446 923 421 534 461 310 131 577 73 12 994 358 153 212 543 641 559 649 3 796 560 188 932 265 385 158 275 0 872 811 842 27 586 467 414 547 848 469 648 365 823 269 
55 646 635 113 159 588 895 27 854 313 734 324 700 792 355 979 383 125 812 95 162 639 434 147 615 892 544 510 131 656 825 901 215 573 983 872 0 979 928 216 170 449 500 741 407 808 114 801 964 240 
740 633 632 227 413 536 502 682 347 958 360 591 540 700 136 592 883 59 782 769 507 910 900 610 357 981 398 492 552 432 944 624 890 847 357 811 979 0 853 230 880 385 102 389 640 973 935 92 581 881 
920 749 628 784 969 51 273 925 700 871 458 697 377 669 31 370 248 770 540 630 21 96 96 780 456 409 367 597 323 981 115 266 767 959 445 842 928 853 0 78 947 428 955 88 417 555 328 733 815 883 
695 428 288 519 325 789 672 304 61 12 124 152 50 374 67 909 707 356 45 580 493 873 666 409 138 806 904 961 737 726 807 194 468 765 217 27 216 230 78 0 272 903 411 471 666 864 857 519 272 117 
27 234 30 41 776 771 51 769 323 899 746 408 674 791 432 292 921 29 317 342 499 754 922 428 934 721 228 606 609 115 117 992 464 625 488 586 170 880 947 272 0 185 295 365 815 232 582 301 992 480 
66 8 234 851 440 396 755 637 522 512 657 921 126 242 792 774 214 793 181 388 40 964 127 587 689 558 345 647 90 838 167 975 40 923 798 467 449 385 428 903 185 0 446 556 937 483 661 586 316 702 
170 445 892 200 501 59 821 659 342 262 780 179 545 176 312 376 996 424 574 579 60 691 249 121 566 146 386 162 778 227 8 352 92 630 989 414 500 102 955 411 295 446 0 540 576 516 674 488 651 916 
839 514 760 590 388 390 722 152 2 607 602 783 912 526 132 645 974 409 541 642 940 63 459 79 197 101 919 133 161 552 492 113 724 832 454 547 741 389 88 471 365 556 540 0 587 117 462 322 763 147 
289 286 637 537 470 223 924 946 556 123 231 788 679 999 682 351 860 205 946 212 78 917 906 397 821 343 259 244 917 653 861 99 545 920 440 848 407 640 417 666 815 937 576 587 0 434 309 45 766 576 
467 320 478 74 784 414 556 841 341 432 437 622 498 893 190 758 758 647 787 659 9 124 628 863 734 581 485 615 139 808 595 168 634 376 412 469 808 973 555 864 232 483 516 117 434 0 833 503 563 464 
890 724 832 537 596 183 182 664 255 808 165 11 479 465 923 755 340 896 797 30 940 239 585 221 660 495 377 825 332 439 820 444 670 876 465 648 114 935 328 857 582 661 674 462 309 833 0 872 691 100 
938 879 497 41 712 364 710 529 454 385 536 370 42 310 431 871 634 928 254 661 144 919 104 273 697 847 158 322 504 510 680 39 859 703 74 365 801 92 733 519 301 586 488 322 45 503 872 0 579 225 
557 437 161 274 6 501 554 874 586 429 108 422 927 710 656 5 470 67 756 124 364 840 668 352 746 9 571 930 659 147 437 427 431 814 990 823 964 581 815 272 992 316 651 763 766 563 691 579 0 45 
331 677 714 447 434 111 322 679 630 179 337 94 526 300 728 275 853 899 95 915 452 719 438 753 203 980 574 161 727 512 351 258 923 231 896 269 240 881 883 117 480 702 916 147 576 464 100 225 45 0 
0 683 567 90 942 280 26 182 28 276 702 497 992 332 489 632 932 966 690 596 715 450 749 497 857 333 536 704 788 675 341 967 569 261 621 501 463 381 539 950 982 211 85 39 355 266 471 455 845 699 
683 0 722 79 518 622 244 650 241 692 631 595 331 489 197 142 177 412 604 691 557 10 90 837 576 690 249 438 687 458 870 66 892 510 181 191 616 270 147 458 15 480 451 928 68 656 902 568 306 959 
567 722 0 658 173 568 729 476 725 858 938 193 485 753 542 572 270 759 693 319 974 154 588 415 84 456 462 220 734 706 794 983 906 591 513 488 657 585 146 939 22 256 593 601 911 254 380 700 596 975 
90 79 658 0 36 31 217 853 218 19 421 330 890 80 497 845 569 724 805 62 639 978 532 43 405 73 538 491 381 984 627 9 66 97 978 443 237 540 271 943 951 774 217 248 43 597 594 142 124 679 
942 518 173 36 0 697 183 909 779 15 726 469 986 213 912 358 61 385 230 105 430 925 872 960 149 631 469 383 262 597 117 94 60 910 880 151 844 962 367 158 448 408 775 464 412 247 284 525 170 337 
280 622 568 31 697 0 994 988 826 674 366 43 496 675 600 578 369 1000 93 688 83 23 245 378 354 637 806 201 362 379 454 93 866 586 84 117 418 448 560 793 466 435 669 861 615 311 248 387 612 595 
26 244 729 217 183 994 0 817 529 19 678 961 55 746 116 169 115 471 176 198 432 280 843 402 727 757 414 614 467 948 260 421 319 990 721 492 106 778 729 119 23 174 726 824 308 471 35 624 608 779 
182 650 476 853 909 988 817 0 215 105 232 762 414 837 714 784 1 241 887 789 992 402 69 666 107 287 562 886 300 621 39 567 521 926 300 545 424 158 785 627 322 306 164 429 838 844 39 57 148 27 
28 241 725 218 779 826 529 215 0 340 678 846 276 585 723 262 532 763 121 742 697 59 628 728 618 694 307 3 182 576 309 344 156 336 843 36 161 516 13 469 84 755 615 39 770 648 585 337 748 817 
276 692 858 19 15 674 19 105 340 0 892 853 29 390 313 794 447 310 809 951 381 364 664 728 296 66 342 952 994 728 52 734 483 991 773 667 828 222 708 448 183 279 883 843 434 705 699 977 56 589 
702 631 938 421 726 366 678 232 678 892 0 252 758 527 995 879 203 88 967 958 268 929 278 334 84 976 668 570 208 983 235 160 595 427 259 264 27 441 703 609 642 350 748 438 658 234 497 72 106 25 
497 595 193 330 469 43 961 762 846 853 252 0 260 568 765 809 988 798 815 825 895 238 788 817 812 645 345 867 925 942 102 117 338 439 591 968 309 800 315 25 8 960 430 819 184 225 339 173 262 788 
992 331 485 890 986 496 55 414 276 29 758 260 0 920 20 238 222 901 258 697 7 202 453 718 686 163 840 468 34 64 761 906 1000 827 496 945 387 222 748 598 722 997 714 826 801 631 612 6 732 553 
332 489 753 80 213 675 746 837 585 390 527 568 920 0 643 328 843 547 654 808 22 867 986 286 406 361 586 609 286 491 572 237 478 111 299 963 243 222 673 86 859 121 571 641 255 296 909 582 132 442 
489 197 542 497 912 600 116 714 723 313 995 765 20 643 0 203 262 659 75 567 337 673 621 686 204 224 667 531 716 646 530 651 870 234 455 286 420 131 84 683 275 857 210 266 847 164 555 777 863 580 
632 142 572 845 358 578 169 784 262 794 879 809 238 328 203 0 173 123 301 864 874 600 1 862 702 274 869 94 800 112 964 783 19 518 640 677 739 828 790 555 308 893 65 171 30 703 832 606 368 719 
932 177 270 569 61 369 115 1 532 447 203 988 222 843 262 173 0 195 860 651 682 693 81 924 161 404 81 465 340 386 655 786 793 70 520 852 426 260 132 755 959 15 306 38 739 181 281 896 18 454 
966 412 759 724 385 1000 471 241 763 310 88 798 901 547 659 123 195 0 387 1000 177 503 566 248 776 691 283 99 953 948 647 301 857 679 745 306 260 779 67 245 428 43 660 320 585 327 298 135 565 642 
690 604 693 805 230 93 176 887 121 809 967 815 258 654 75 301 860 387 0 575 579 369 596 322 892 594 163 164 691 156 720 133 35 774 589 999 425 39 993 840 554 303 114 719 908 892 324 761 865 992 
596 691 319 62 105 688 198 789 742 951 958 825 697 808 567 864 651 1000 575 0 339 749 387 306 26 674 819 757 762 366 831 503 412 793 475 830 22 239 530 304 659 283 534 669 512 816 458 293 960 288 
715 557 974 639 430 83 432 992 697 381 268 895 7 22 337 874 682 177 579 339 0 393 274 280 952 326 783 422 558 34 363 626 770 316 767 106 157 894 350 1000 586 620 856 161 257 579 727 315 979 843 
450 10 154 978 925 23 280 402 59 364 929 238 202 867 673 600 693 503 369 749 393 0 354 269 329 633 721 752 839 374 551 213 563 635 569 958 181 660 166 882 406 26 14 32 605 433 128 256 806 274 
749 90 588 532 872 245 843 69 628 664 278 788 453 986 621 1 81 566 596 387 274 354 0 577 15 606 551 342 486 505 794 755 336 160 140 935 25 13 983 682 259 423 186 805 629 649 979 99 628 389 
497 837 415 43 960 378 402 666 728 728 334 817 718 286 686 862 924 248 322 306 280 269 577 0 364 495 292 201 466 758 129 124 980 222 186 385 458 755 186 43 134 962 548 71 761 72 369 208 189 862 
857 576 84 405 149 354 727 107 618 296 84 812 686 406 204 702 161 776 892 26 952 329 15 364 0 120 951 725 791 735 766 83 969 531 9 381 942 380 627 891 628 154 271 601 975 189 143 635 285 571 
333 690 456 73 631 637 757 287 694 66 976 645 163 361 224 274 404 691 594 674 326 633 606 495 120 0 849 663 9 858 918 696 89 221 975 411 608 651 887 577 183 507 731 435 915 132 230 101 357 901 
536 249 462 538 469 806 414 562 307 342 668 345 840 586 667 869 81 283 163 819 783 721 551 292 951 849 0 641 802 405 754 771 458 171 879 881 530 417 209 987 25 158 498 939 689 611 610 237 157 501 
704 438 220 491 383 201 614 886 3 952 570 867 468 609 531 94 465 99 164 757 422 752 342 201 725 663 641 0 746 177 2 6 454 797 230 695 760 376 783 970 836 376 782 884 426 507 94 720 664 285 
788 687 734 381 262 362 467 300 182 994 208 925 34 286 716 800 340 953 691 762 558 839 486 466 791 9 802 746 0 174 444 178 739 939 110 535 366 7 684 86 760 554 7 471 675 366 358 33 424 312 
675 458 706 984 597 379 948 621 576 728 983 942 64 491 646 112 386 948 156 366 34 374 505 758 735 858 405 177 174 0 912 76 223 990 739 471 107 560 564 766 83 490 578 422 408 904 412 725 894 175 
341 870 794 627 117 454 260 39 309 52 235 102 761 572 530 964 655 647 720 831 363 551 794 129 766 918 754 2 444 912 0 316 722 863 827 480 122 646 58 209 432 159 621 956 917 848 708 198 155 151 
967 66 983 9 94 93 421 567 344 734 160 117 906 237 651 783 786 301 133 503 626 213 755 124 83 696 771 6 178 76 316 0 826 627 894 21 292 269 212 447 249 110 261 16 945 309 419 383 664 328 
569 892 906 66 60 866 319 521 156 483 595 338 1000 478 870 19 793 857 35 412 770 563 336 980 969 89 458 454 739 223 722 826 0 706 35 957 983 419 447 46 83 985 115 464 776 19 503 619 325 884 
261 510 591 97 910 586 990 926 336 991 427 439 827 111 234 518 70 679 774 793 316 635 160 222 531 221 171 797 939 990 863 627 706 0 816 285 976 971 342 249 235 417 40 71 207 479 891 23 525 184 
621 181 513 978 880 84 721 300 843 773 259 591 496 299 455 640 520 745 589 475 767 569 140 186 9 975 879 230 110 739 827 894 35 816 0 486 783 931 502 665 905 786 698 631 958 921 885 471 203 350 
501 191 488 443 151 117 492 545 36 667 264 968 945 963 286 677 852 306 999 830 106 958 935 385 381 411 881 695 535 471 480 21 957 285 486 0 872 114 807 938 786 165 92 702 533 614 874 519 687 880 
463 616 657 237 844 418 106 424 161 828 27 309 387 243 420 739 426 260 425 22 157 181 25 458 942 608 530 760 366 107 122 292 983 976 783 872 0 551 617 811 246 632 437 840 174 615 698 748 742 597 
381 270 585 540 962 448 778 158 516 222 441 800 222 222 131 828 260 779 39 239 894 660 13 755 380 651 417 376 7 560 646 269 419 971 931 114 551 0 557 369 91 232 912 317 722 403 786 704 706 66 
539 147 146 271 367 560 729 785 13 708 703 315 748 673 84 790 132 67 993 530 350 166 983 186 627 887 209 783 684 564 58 212 447 342 502 807 617 557 0 568 495 666 255 578 859 408 756 507 712 561 
950 458 939 943 158 793 119 627 469 448 609 25 598 86 683 555 755 245 840 304 1000 882 682 43 891 577 987 970 86 766 209 447 46 249 665 938 811 369 568 0 152 531 253 868 800 908 871 88 835 334 
982 15 22 951 448 466 23 322 84 183 642 8 722 859 275 308 959 428 554 659 586 406 259 134 628 183 25 836 760 83 432 249 83 235 905 786 246 91 495 152 0 79 805 853 45 89 340 763 949 996 
211 480 256 774 408 435 174 306 755 279 350 960 997 121 857 893 15 43 303 283 620 26 423 962 154 507 158 376 554 490 159 110 985 417 786 165 632 232 666 531 79 0 943 374 210 609 752 119 908 811 
85 451 593 217 775 669 726 164 615 883 748 430 714 571 210 65 306 660 114 534 856 14 186 548 271 731 498 782 7 578 621 261 115 40 698 92 437 912 255 253 805 943 0 205 923 427 996 160 97 618 
39 928 601 248 464 861 824 429 39 843 438 819 826 641 266 171 38 320 719 669 161 32 805 71 601 435 939 884 471 422 956 16 464 71 631 702 840 317 578 868 853 374 205 0 131 892 175 245 346 944 
355 68 911 43 412 615 308 838 770 434 658 184 801 255 847 30 739 585 908 512 257 605 629 761 975 915 689 426 675 408 917 945 776 207 958 533 174 722 859 800 45 210 923 131 0 197 943 589 886 438 
266 656 254 597 247 311 471 844 648 705 234 225 631 296 164 703 181 327 892 816 579 433 649 72 189 132 611 507 366 904 848 309 19 479 921 614 615 403 408 908 89 609 427 892 197 0 396 536 523 109 
471 902 380 594 284 248 35 39 585 699 497 339 612 909 555 832 281 298 324 458 727 128 979 369 143 230 610 94 358 412 708 419 503 891 885 874 698 786 756 871 340 752 996 175 943 396 0 31 428 74 
455 568 700 142 525 387 624 57 337 977 72 173 6 582 777 606 896 135 761 293 315 256 99 208 635 101 237 720 33 725 198 383 619 23 471 519 748 704 507 88 763 119 160 245 589 536 31 0 962 108 
845 306 596 124 170 612 608 148 748 56 106 262 732 132 863 368 18 565 865 960 979 806 628 189 285 357 157 664 424 894 155 664 325 525 203 687 742 706 712 835 949 908 97 346 886 523 428 962 0 178 
699 959 975 679 337 595 779 27 817 589 25 788 553 442 580 719 454 642 992 288 843 274 389 862 571 901 501 285 312 175 151 328 884 184 350 880 597 66 561 334 996 811 618 944 438 109 74 108 178 0 
0 874 356 294 991 148 35 188 156 227 842 417 944 472 560 643 913 938 750 629 792 505 795 528 938 303 450 739 825 571 435 988 555 497 538 688 572 339 581 976 791 261 37 15 394 130 491 467 762 715 
874 0 795 119 275 743 240 687 313 695 819 640 567 404 49 167 302 545 821 684 478 77 195 832 693 556 46 460 596 485 972 65 883 563 20 67 650 98 278 463 72 586 365 745 162 818 899 596 425 948 
356 795 0 723 121 643 701 642 694 725 963 157 572 828 392 418 275 689 713 394 989 128 765 279 166 422 604 140 534 657 905 868 832 552 486 500 485 717 25 765 1 372 542 605 794 436 463 545 697 724 
294 119 723 0 44 199 138 834 217 143 483 293 970 218 531 916 310 747 642 116 663 974 431 230 518 68 590 437 402 849 606 63 137 60 944 368 239 560 478 824 921 650 143 133 41 629 596 66 7 583 
991 275 121 44 0 734 210 772 910 230 841 261 914 168 908 335 126 470 304 141 493 939 856 954 271 816 373 512 229 512 71 179 78 936 898 218 804 799 542 134 480 394 900 530 363 299 308 396 72 338 
148 743 643 199 734 0 990 973 578 602 358 211 472 662 749 591 419 842 157 694 4 37 127 239 135 607 613 226 454 479 446 112 779 602 19 25 433 528 299 904 436 452 670 935 658 372 402 381 405 499 
35 240 701 138 210 990 0 973 664 24 695 787 115 720 281 188 123 420 58 199 413 298 792 454 785 623 321 754 332 815 25 451 269 882 625 642 172 810 795 47 125 111 743 923 277 558 235 575 664 873 
188 687 642 834 772 973 973 0 93 84 193 716 391 712 670 889 40 187 816 627 986 311 165 712 176 230 567 683 246 601 190 768 545 979 390 329 511 286 602 815 251 217 85 657 718 840 38 183 145 20 
156 313 694 217 910 578 664 93 0 184 452 752 119 401 779 228 402 840 76 858 653 25 612 710 879 663 421 132 93 412 425 209 245 315 770 105 109 375 6 418 1 712 640 149 719 561 526 301 873 722 
227 695 725 143 230 602 24 84 184 0 626 828 19 246 328 754 298 285 708 838 328 300 581 807 168 23 403 923 937 664 66 708 563 944 782 779 703 143 701 442 233 171 961 880 669 778 603 993 31 612 
842 819 963 483 841 358 695 193 452 626 0 327 718 466 872 868 248 75 858 843 429 777 164 257 65 956 639 789 323 911 142 174 646 509 220 355 127 392 734 619 703 413 817 543 782 191 462 264 24 154 
417 640 157 293 261 211 787 716 752 828 327 0 167 836 592 680 786 966 760 923 928 167 726 821 930 777 217 951 952 963 77 73 364 444 531 952 469 764 252 74 157 996 583 784 191 306 283 85 89 748 
944 567 572 970 914 472 115 391 119 19 718 167 0 782 66 293 287 999 47 690 30 339 602 688 554 79 885 487 58 76 781 959 891 788 407 923 224 183 850 607 680 772 833 876 690 423 664 255 783 565 
472 404 828 218 168 662 720 712 401 246 466 836 782 0 672 364 938 654 404 666 64 785 904 381 421 412 644 595 323 481 732 115 450 272 248 995 466 290 502 249 999 45 753 665 88 264 938 788 111 527 
560 49 392 531 908 749 281 670 779 328 872 592 66 672 0 168 190 742 177 520 433 940 456 603 343 53 450 371 723 670 402 720 845 316 584 158 492 151 49 462 206 914 296 268 933 72 606 743 785 482 
643 167 418 916 335 591 188 889 228 754 868 680 293 364 168 0 51 215 207 614 668 555 46 803 552 157 888 28 710 290 918 806 91 363 522 746 872 722 950 633 396 835 168 265 23 642 925 527 252 790 
913 302 275 310 126 419 123 40 402 298 248 786 287 938 190 51 0 179 735 709 768 668 178 998 198 347 24 372 191 292 587 702 731 145 562 884 520 212 136 727 901 25 292 113 599 53 284 853 202 231 
938 545 689 747 470 842 420 187 840 285 75 966 999 654 742 215 179 0 305 897 257 596 690 149 885 772 389 178 747 979 543 205 797 565 714 159 357 731 124 211 237 123 583 388 583 373 415 146 492 799 
750 821 713 642 304 157 58 816 76 708 858 760 47 404 177 207 735 305 0 439 559 450 704 319 835 457 61 184 753 280 505 32 74 706 745 848 465 78 856 817 565 338 79 697 640 890 447 872 915 949 
629 684 394 116 141 694 199 627 858 838 843 923 690 666 520 614 709 897 439 0 535 794 437 334 156 677 644 613 948 184 610 308 377 721 436 848 168 240 507 167 588 553 528 647 502 952 425 398 902 223 
792 478 989 663 493 4 413 986 653 328 429 928 30 64 433 668 768 257 559 535 0 622 382 97 870 333 633 463 653 175 272 616 758 254 912 141 260 896 294 975 620 748 845 56 232 697 793 286 944 795 
505 77 128 974 939 37 298 311 25 300 777 167 339 785 940 555 668 596 450 794 622 0 490 228 527 603 681 882 837 372 514 335 639 795 510 981 61 723 127 697 472 56 77 183 652 524 93 365 805 333 
795 195 765 431 856 127 792 165 612 581 164 726 602 904 456 46 178 690 704 437 382 490 0 595 16 721 523 401 473 374 736 788 208 17 215 975 83 40 943 623 83 592 139 854 829 750 969 216 501 427 
528 832 279 230 954 239 454 712 710 807 257 821 688 381 603 803 998 149 319 334 97 228 595 0 367 579 247 271 557 722 203 158 826 195 212 628 361 619 180 30 38 714 605 153 581 39 317 117 13 680 
938 693 166 518 271 135 785 176 879 168 65 930 554 421 343 552 198 885 835 156 870 527 16 367 0 136 995 761 658 850 969 159 721 578 111 299 948 226 616 729 475 231 93 537 973 160 69 684 330 575 
303 556 422 68 816 607 623 230 663 23 956 777 79 412 53 157 347 772 457 677 333 603 721 579 136 0 675 582 306 662 873 625 167 230 996 354 619 545 812 566 29 516 867 452 926 120 193 293 452 950 
450 46 604 590 373 613 321 567 421 403 639 217 885 644 450 888 24 389 61 644 633 681 523 247 995 675 0 554 823 566 624 700 279 254 934 836 407 447 266 977 105 175 401 714 619 614 733 150 184 376 
739 460 140 437 512 226 754 683 132 923 789 951 487 595 371 28 372 178 184 613 463 882 401 271 761 582 554 0 759 93 37 149 442 874 330 684 868 272 649 927 920 388 940 745 456 667 88 842 728 385 
825 596 534 402 229 454 332 246 93 937 323 952 58 323 723 710 191 747 753 948 653 837 473 557 658 306 823 759 0 382 570 301 730 887 152 620 550 156 667 138 784 359 195 462 632 508 481 206 539 486 
571 485 657 849 512 479 815 601 412 664 911 963 76 481 670 290 292 979 280 184 175 372 374 722 850 662 566 93 382 0 790 194 198 805 657 474 231 489 695 752 162 495 660 518 243 706 404 719 988 245 
435 972 905 606 71 446 25 190 425 66 142 77 781 732 402 918 587 543 505 610 272 514 736 203 969 873 624 37 570 790 0 306 628 809 920 407 41 755 102 181 309 88 579 783 671 872 648 274 142 31 
988 65 868 63 179 112 451 768 209 708 174 73 959 115 720 806 702 205 32 308 616 335 788 158 159 625 700 149 301 194 306 0 784 517 981 108 180 320 276 563 29 131 295 188 805 304 376 412 488 407 
555 883 832 137 78 779 269 545 245 563 646 364 891 450 845 91 731 797 74 377 758 639 208 826 721 167 279 442 730 198 628 784 0 700 3 905 874 465 583 53 12 975 251 544 778 106 580 708 292 798 
497 563 552 60 936 602 882 979 315 944 509 444 788 272 316 363 145 565 706 721 254 795 17 195 578 230 254 874 887 805 809 517 700 0 686 351 862 869 299 303 208 402 6 23 235 675 938 150 452 250 
538 20 486 944 898 19 625 390 770 782 220 531 407 248 584 522 562 714 745 436 912 510 215 212 111 996 934 330 152 657 920 981 3 686 0 645 645 838 640 579 892 789 716 800 902 843 883 283 120 243 
688 67 500 368 218 25 642 329 105 779 355 952 923 995 158 746 884 159 848 848 141 981 975 628 299 354 836 684 620 474 407 108 905 351 645 0 916 246 716 901 881 77 111 629 662 637 824 622 696 613 
572 650 485 239 804 433 172 511 109 703 127 469 224 466 492 872 520 357 465 168 260 61 83 361 948 619 407 868 550 231 41 180 874 862 645 916 0 507 588 788 200 644 385 638 162 763 738 790 785 819 
339 98 717 560 799 528 810 286 375 143 392 764 183 290 151 722 212 731 78 240 896 723 40 619 226 545 447 272 156 489 755 320 465 869 838 246 507 0 509 400 296 369 772 287 706 633 662 679 672 157 
581 278 25 478 542 299 795 602 6 701 734 252 850 502 49 950 136 124 856 507 294 127 943 180 616 812 266 649 667 695 102 276 583 299 640 716 588 509 0 731 539 651 212 627 855 561 731 321 630 553 
976 463 765 824 134 904 47 815 418 442 619 74 607 249 462 633 727 211 817 167 975 697 623 30 729 566 977 927 138 752 181 563 53 303 579 901 788 400 731 0 102 526 183 879 724 992 812 104 757 506 
791 72 1 921 480 436 125 251 1 233 703 157 680 999 206 396 901 237 565 588 620 472 83 38 475 29 105 920 784 162 309 29 12 208 892 881 200 296 539 102 0 110 846 967 33 12 201 657 948 929 
261 586 372 650 394 452 111 217 712 171 413 996 772 45 914 835 25 123 338 553 748 56 592 714 231 516 175 388 359 495 88 131 975 402 789 77 644 369 651 526 110 0 853 404 135 339 848 219 862 901 
37 365 542 143 900 670 743 85 640 961 817 583 833 753 296 168 292 583 79 528 845 77 139 605 93 867 401 940 195 660 579 295 251 6 716 111 385 772 212 183 846 853 0 164 897 341 976 60 290 531 
15 745 605 133 530 935 923 657 149 880 543 784 876 665 268 265 113 388 697 647 56 183 854 153 537 452 714 745 462 518 783 188 544 23 800 629 638 287 627 879 967 404 164 0 104 816 129 207 380 855 
394 162 794 41 363 658 277 718 719 669 782 191 690 88 933 23 599 583 640 502 232 652 829 581 973 926 619 456 632 243 671 805 778 235 902 662 162 706 855 724 33 135 897 104 0 254 978 414 669 225 
130 818 436 629 299 372 558 840 561 778 191 306 423 264 72 642 53 373 890 952 697 524 750 39 160 120 614 667 508 706 872 304 106 675 843 637 763 633 561 992 12 339 341 816 254 0 498 628 538 76 
491 899 463 596 308 402 235 38 526 603 462 283 664 938 606 925 284 415 447 425 793 93 969 317 69 193 733 88 481 404 648 376 580 938 883 824 738 662 731 812 201 848 976 129 978 498 0 43 435 27 
467 596 545 66 396 381 575 183 301 993 264 85 255 788 743 527 853 146 872 398 286 365 216 117 684 293 150 842 206 719 274 412 708 150 283 622 790 679 321 104 657 219 60 207 414 628 43 0 808 144 
762 425 697 7 72 405 664 145 873 31 24 89 783 111 785 252 202 492 915 902 944 805 501 13 330 452 184 728 539 988 142 488 292 452 120 696 785 672 630 757 948 862 290 380 669 538 435 808 0 190 
715 948 724 583 338 499 873 20 722 612 154 748 565 527 482 790 231 799 949 223 795 333 427 680 575 950 376 385 486 245 31 407 798 250 243 613 819 157 553 506 929 901 531 855 225 76 27 144 190 0 
