10 3
0 166 345 551 958 93 183 557 623 581 
166 0 397 933 809 709 408 200 204 698 
345 397 0 256 703 322 572 856 70 599 
551 933 256 0 151 944 619 51 938 656 
958 809 703 151 0 368 896 785 592 878 
93 709 322 944 368 0 14 818 852 998 
183 408 572 619 896 14 0 164 434 102 
557 200 856 51 785 818 164 0 147 715 
623 204 70 938 592 852 434 147 0 215 
581 698 599 656 878 998 102 715 215 0 
0 7 385 430 721 643 160 959 500 907 
7 0 239 708 200 566 554 637 133 133 
385 239 0 181 913 298 368 210 521 871 
430 708 181 0 886 879 323 431 948 888 
721 200 913 886 0 414 769 687 452 130 
643 566 298 879 414 0 393 480 463 189 
160 554 368 323 769 393 0 354 787 632 
959 637 210 431 687 480 354 0 461 176 
500 133 521 948 452 463 787 461 0 572 
907 133 871 888 130 189 632 176 572 0 
0 435 711 472 272 182 359 804 651 786 
435 0 496 542 665 499 632 820 56 512 
711 496 0 308 406 891 309 467 445 286 
472 542 308 0 996 818 372 121 657 929 
272 665 406 996 0 556 702 717 735 219 
182 499 891 818 556 0 840 502 371 587 
359 632 309 372 702 840 0 79 562 838 
804 820 467 121 717 502 79 0 763 92 
651 56 445 657 735 371 562 763 0 728 
786 512 286 929 219 587 838 92 728 0 
0 264 663 399 463 430 336 778 390 745 
264 0 31 330 345 783 633 868 854 917 
663 31 0 326 426 49 540 462 726 865 
399 330 326 0 661 621 537 593 334 525 
463 345 426 661 0 195 353 597 507 113 
430 783 49 621 195 0 19 147 260 713 
336 633 540 537 353 19 0 542 349 541 
778 868 462 593 597 147 542 0 190 159 
390 854 726 334 507 260 349 190 0 879 
745 917 865 525 113 713 541 159 879 0 
