7 4
0 813 105 728 495 748 590 
813 0 377 463 378 892 566 
105 377 0 940 425 230 694 
728 463 940 0 205 867 517 
495 378 425 205 0 399 457 
748 892 230 867 399 0 171 
590 566 694 517 457 171 0 
0 502 364 307 956 130 483 
502 0 878 698 63 164 656 
364 878 0 375 482 84 491 
307 698 375 0 248 380 724 
956 63 482 248 0 768 588 
130 164 84 380 768 0 675 
483 656 491 724 588 675 0 
0 425 594 846 106 825 451 
425 0 143 92 852 731 294 
594 143 0 724 559 942 419 
846 92 724 0 815 412 375 
106 852 559 815 0 412 378 
825 731 942 412 412 0 357 
451 294 419 375 378 357 0 
0 373 543 576 159 740 564 
373 0 41 523 885 988 353 
543 41 0 543 300 859 553 
576 523 543 0 750 641 290 
159 885 300 750 0 273 448 
740 988 859 641 273 0 227 
564 353 553 290 448 227 0 
0 524 732 657 141 990 286 
524 0 188 180 808 875 291 
732 188 0 662 472 962 479 
657 180 662 0 756 593 269 
141 808 472 756 0 82 314 
990 875 962 593 82 0 303 
286 291 479 269 314 303 0 
