5 2
0 771 544 977 248 
771 0 574 244 593 
544 574 0 691 433 
977 244 691 0 73 
248 593 433 73 0 
0 813 753 434 137 
813 0 210 449 943 
753 210 0 943 330 
434 449 943 0 902 
137 943 330 902 0 
0 188 248 567 864 
188 0 791 552 58 
248 791 0 58 671 
567 552 58 0 99 
864 58 671 99 0 
