6 4
0 555 650 868 523 851 
555 0 135 334 321 333 
650 135 0 169 904 551 
868 334 169 0 490 933 
523 321 904 490 0 256 
851 333 551 933 256 0 
0 220 672 86 634 381 
220 0 70 467 74 527 
672 70 0 602 99 601 
86 467 602 0 413 622 
634 74 99 413 0 668 
381 527 601 622 668 0 
0 781 329 915 367 620 
781 0 931 534 927 474 
329 931 0 399 902 400 
915 534 399 0 588 379 
367 927 902 588 0 333 
620 474 400 379 333 0 
0 781 329 915 367 620 
781 0 931 534 927 474 
329 931 0 399 902 400 
915 534 399 0 588 379 
367 927 902 588 0 333 
620 474 400 379 333 0 
0 781 329 915 367 620 
781 0 931 534 927 474 
329 931 0 399 902 400 
915 534 399 0 588 379 
367 927 902 588 0 333 
620 474 400 379 333 0 
