9 3
0 544 248 188 403 797 943 330 465 
544 0 593 832 430 229 370 990 25 
248 593 0 391 147 340 377 902 689 
188 832 391 0 407 549 47 345 776 
403 430 147 407 0 434 137 327 945 
797 229 340 549 434 0 385 778 220 
943 370 377 47 137 385 0 273 211 
330 990 902 345 327 778 273 0 128 
465 25 689 776 945 220 211 128 0 
0 619 994 60 375 778 696 609 359 
619 0 397 469 626 569 707 614 124 
994 397 0 314 907 727 262 708 483 
60 469 314 0 336 947 432 476 136 
375 626 907 336 0 707 864 645 579 
778 569 727 947 707 0 656 45 867 
696 707 262 432 864 656 0 572 980 
609 614 708 476 645 45 572 0 644 
359 124 483 136 579 867 980 644 0 
0 596 92 914 443 193 212 498 598 
596 0 499 519 311 422 276 336 870 
92 499 0 446 170 205 647 306 367 
914 519 446 0 628 209 426 527 740 
443 311 170 628 0 368 40 349 505 
193 422 205 209 368 0 228 995 75 
212 276 647 426 40 228 0 287 1 
498 336 306 527 349 995 287 0 260 
598 870 367 740 505 75 1 260 0 
0 384 176 892 685 445 518 317 580 
384 0 561 434 531 444 256 371 918 
176 561 0 419 160 407 772 506 434 
892 434 419 0 625 98 845 779 845 
685 531 160 625 0 120 89 509 414 
445 444 407 98 120 0 298 972 93 
518 256 772 845 89 298 0 338 10 
317 371 506 779 509 972 338 0 520 
580 918 434 845 414 93 10 520 0 
