50 2
0 804 871 10 989 964 407 983 342 597 424 458 53 774 855 609 77 497 529 285 294 698 64 864 330 295 925 906 191 676 550 947 700 889 893 129 55 740 920 695 27 66 170 839 289 467 890 938 557 331 
804 0 963 700 229 884 328 999 969 400 898 74 678 603 406 299 346 164 368 341 670 736 985 165 165 642 97 292 470 301 299 806 556 955 919 138 646 633 749 428 234 8 445 514 286 320 724 879 437 677 
871 963 0 430 124 536 213 843 282 194 251 996 232 959 438 174 66 134 900 131 752 298 136 827 661 279 368 760 466 47 518 182 792 790 937 191 635 632 628 288 30 234 892 760 637 478 832 497 161 714 
10 700 430 0 835 23 810 624 25 307 879 947 408 100 899 956 653 40 856 85 73 989 811 333 155 594 263 958 457 531 531 529 751 889 914 639 113 227 784 519 41 851 200 590 537 74 537 41 274 447 
989 229 124 835 0 620 30 117 941 375 332 251 774 113 269 871 747 677 811 341 684 504 687 132 164 550 177 426 484 982 187 839 297 841 503 525 159 413 969 325 776 440 501 388 470 784 596 712 6 434 
964 884 536 23 620 0 789 303 188 842 508 3 60 170 680 618 717 625 659 608 391 522 305 579 454 818 199 504 297 749 367 179 485 439 737 161 588 536 51 789 771 396 59 390 223 414 183 364 501 111 
407 328 213 810 30 789 0 839 111 651 258 144 718 557 613 133 760 594 39 327 333 515 675 732 622 247 981 560 434 421 629 648 681 395 763 829 895 502 273 672 51 755 821 722 924 556 182 710 554 322 
983 999 843 624 117 303 839 0 926 633 103 763 472 502 192 562 270 270 478 919 765 724 649 315 20 923 947 297 199 145 814 557 91 534 416 295 27 682 925 304 769 637 659 152 946 841 664 529 874 679 
342 969 282 25 941 188 111 926 0 814 110 97 676 168 237 251 550 469 380 164 312 100 582 497 210 150 343 13 447 684 692 232 726 834 219 446 854 347 700 61 323 522 342 2 556 341 255 454 586 630 
597 400 194 307 375 842 651 633 814 0 475 751 882 842 489 924 598 519 626 230 295 855 857 413 7 138 530 141 44 387 660 680 602 648 400 923 313 958 871 12 899 512 262 607 123 432 808 385 429 179 
424 898 251 879 332 508 258 103 110 475 0 955 730 966 519 242 474 556 589 925 715 487 711 249 602 887 475 871 477 367 723 498 323 222 294 421 734 360 458 124 746 657 780 602 231 437 165 536 108 337 
458 74 996 947 251 3 144 763 97 751 955 0 718 312 167 651 408 862 122 650 2 572 945 216 924 314 189 284 691 575 240 100 172 817 298 534 324 591 697 152 408 921 179 783 788 622 11 370 422 94 
53 678 232 408 774 60 718 472 676 882 730 718 0 785 1000 663 442 360 152 389 656 435 437 780 31 210 415 616 393 760 279 70 835 34 512 461 700 540 377 50 674 126 545 912 679 498 479 42 927 526 
774 603 959 100 113 170 557 502 168 842 966 312 785 0 492 781 634 524 360 986 493 626 443 400 771 162 94 253 468 41 837 717 915 664 924 310 792 700 669 374 791 242 176 526 999 893 465 310 710 300 
855 406 438 899 269 680 613 192 237 489 519 167 1000 492 0 338 235 762 953 226 160 534 132 949 4 29 694 720 340 581 43 793 979 944 497 131 355 136 31 67 432 792 312 132 682 190 923 431 656 728 
609 299 174 956 871 618 133 562 251 924 242 651 663 781 338 0 849 806 431 470 940 834 867 8 517 155 470 332 278 290 612 990 208 751 935 577 979 592 370 909 292 774 376 645 351 758 755 871 5 275 
77 346 66 653 747 717 760 270 550 598 474 408 442 634 235 849 0 790 787 125 874 466 48 544 752 979 261 604 360 122 847 316 51 549 465 73 383 883 248 707 921 214 996 974 860 758 340 634 470 853 
497 164 134 40 677 625 594 270 469 519 556 862 360 524 762 806 790 0 195 42 446 117 543 638 290 585 543 972 425 267 292 274 683 596 719 12 125 59 770 356 29 793 424 409 205 647 896 928 67 899 
529 368 900 856 811 659 39 478 380 626 589 122 152 360 953 431 787 195 0 51 443 961 886 696 980 147 188 272 675 398 371 407 161 369 968 994 812 782 540 45 317 181 574 541 946 787 797 254 756 95 
285 341 131 85 341 608 327 919 164 230 925 650 389 986 226 470 125 42 51 0 315 200 874 380 536 244 795 547 510 789 974 795 146 231 21 358 95 769 630 580 342 388 579 642 212 659 30 661 124 915 
294 670 752 73 684 391 333 765 312 295 715 2 656 493 160 940 874 446 443 315 0 711 254 536 185 58 321 353 105 962 611 911 351 924 360 153 162 507 21 493 499 40 60 940 78 9 940 144 364 452 
698 736 298 989 504 522 515 724 100 855 487 572 435 626 534 834 466 117 961 200 711 0 499 130 829 285 306 472 197 496 635 20 358 176 604 212 639 910 96 873 754 964 691 63 917 124 239 919 840 719 
64 985 136 811 687 305 675 649 582 857 711 945 437 443 132 867 48 543 886 874 254 499 0 410 736 896 165 774 751 941 263 452 825 154 327 543 434 900 96 666 922 127 249 459 906 628 585 104 668 438 
864 165 827 333 132 579 732 315 497 413 249 216 780 400 949 8 544 638 696 380 536 130 410 0 78 515 602 853 267 617 657 947 849 579 730 641 147 610 780 409 428 587 121 79 397 863 221 273 352 753 
330 165 661 155 164 454 622 20 210 7 602 924 31 771 4 517 752 290 980 536 185 829 736 78 0 279 52 585 129 223 749 503 582 854 441 559 615 357 456 138 934 689 566 197 821 734 660 697 746 203 
295 642 279 594 550 818 247 923 150 138 887 314 210 162 29 155 979 585 147 244 58 285 896 515 279 0 70 455 846 321 208 219 383 751 770 649 892 981 409 806 721 558 146 101 343 581 495 847 9 980 
925 97 368 263 177 199 981 947 343 530 475 189 415 94 694 470 261 543 188 795 321 306 165 602 52 70 0 521 108 443 252 158 420 251 80 3 544 398 367 904 228 345 386 919 259 485 377 158 571 574 
906 292 760 958 426 504 560 297 13 141 871 284 616 253 720 332 604 972 272 547 353 472 774 853 585 455 521 0 219 157 824 731 70 401 904 796 510 492 597 961 606 647 162 133 244 615 825 322 930 161 
191 470 466 457 484 297 434 199 447 44 477 691 393 468 340 278 360 425 675 510 105 197 751 267 129 846 108 219 0 253 825 807 713 278 173 560 131 552 323 737 609 90 778 161 917 139 332 504 659 727 
676 301 47 531 982 749 421 145 684 387 367 575 760 41 581 290 122 267 398 789 962 496 941 617 223 321 443 157 253 0 749 79 655 387 410 188 656 432 981 726 115 838 227 552 653 808 439 510 147 512 
550 299 518 531 187 367 629 814 692 660 723 240 279 837 43 612 847 292 371 974 611 635 263 657 749 208 252 824 825 749 0 850 891 194 375 932 825 944 115 807 117 167 8 492 861 595 820 680 437 351 
947 806 182 529 839 179 648 557 232 680 498 100 70 717 793 990 316 274 407 795 911 20 452 947 503 219 158 731 807 79 850 0 464 157 794 265 901 624 266 194 992 975 352 113 99 168 444 39 427 258 
700 556 792 751 297 485 681 91 726 602 323 172 835 915 979 208 51 683 161 146 351 358 825 849 582 383 420 70 713 655 891 464 0 445 316 385 215 890 767 468 464 40 92 724 545 634 670 859 431 923 
889 955 790 889 841 439 395 534 834 648 222 817 34 664 944 751 549 596 369 231 924 176 154 579 854 751 251 401 278 387 194 157 445 0 164 158 573 847 959 765 625 923 630 832 920 376 876 703 814 231 
893 919 937 914 503 737 763 416 219 400 294 298 512 924 497 935 465 719 968 21 360 604 327 730 441 770 80 904 173 410 375 794 316 164 0 275 983 357 445 217 488 798 989 454 440 412 465 74 990 896 
129 138 191 639 525 161 829 295 446 923 421 534 461 310 131 577 73 12 994 358 153 212 543 641 559 649 3 796 560 188 932 265 385 158 275 0 872 811 842 27 586 467 414 547 848 469 648 365 823 269 
55 646 635 113 159 588 895 27 854 313 734 324 700 792 355 979 383 125 812 95 162 639 434 147 615 892 544 510 131 656 825 901 215 573 983 872 0 979 928 216 170 449 500 741 407 808 114 801 964 240 
740 633 632 227 413 536 502 682 347 958 360 591 540 700 136 592 883 59 782 769 507 910 900 610 357 981 398 492 552 432 944 624 890 847 357 811 979 0 853 230 880 385 102 389 640 973 935 92 581 881 
920 749 628 784 969 51 273 925 700 871 458 697 377 669 31 370 248 770 540 630 21 96 96 780 456 409 367 597 323 981 115 266 767 959 445 842 928 853 0 78 947 428 955 88 417 555 328 733 815 883 
695 428 288 519 325 789 672 304 61 12 124 152 50 374 67 909 707 356 45 580 493 873 666 409 138 806 904 961 737 726 807 194 468 765 217 27 216 230 78 0 272 903 411 471 666 864 857 519 272 117 
27 234 30 41 776 771 51 769 323 899 746 408 674 791 432 292 921 29 317 342 499 754 922 428 934 721 228 606 609 115 117 992 464 625 488 586 170 880 947 272 0 185 295 365 815 232 582 301 992 480 
66 8 234 851 440 396 755 637 522 512 657 921 126 242 792 774 214 793 181 388 40 964 127 587 689 558 345 647 90 838 167 975 40 923 798 467 449 385 428 903 185 0 446 556 937 483 661 586 316 702 
170 445 892 200 501 59 821 659 342 262 780 179 545 176 312 376 996 424 574 579 60 691 249 121 566 146 386 162 778 227 8 352 92 630 989 414 500 102 955 411 295 446 0 540 576 516 674 488 651 916 
839 514 760 590 388 390 722 152 2 607 602 783 912 526 132 645 974 409 541 642 940 63 459 79 197 101 919 133 161 552 492 113 724 832 454 547 741 389 88 471 365 556 540 0 587 117 462 322 763 147 
289 286 637 537 470 223 924 946 556 123 231 788 679 999 682 351 860 205 946 212 78 917 906 397 821 343 259 244 917 653 861 99 545 920 440 848 407 640 417 666 815 937 576 587 0 434 309 45 766 576 
467 320 478 74 784 414 556 841 341 432 437 622 498 893 190 758 758 647 787 659 9 124 628 863 734 581 485 615 139 808 595 168 634 376 412 469 808 973 555 864 232 483 516 117 434 0 833 503 563 464 
890 724 832 537 596 183 182 664 255 808 165 11 479 465 923 755 340 896 797 30 940 239 585 221 660 495 377 825 332 439 820 444 670 876 465 648 114 935 328 857 582 661 674 462 309 833 0 872 691 100 
938 879 497 41 712 364 710 529 454 385 536 370 42 310 431 871 634 928 254 661 144 919 104 273 697 847 158 322 504 510 680 39 859 703 74 365 801 92 733 519 301 586 488 322 45 503 872 0 579 225 
557 437 161 274 6 501 554 874 586 429 108 422 927 710 656 5 470 67 756 124 364 840 668 352 746 9 571 930 659 147 437 427 431 814 990 823 964 581 815 272 992 316 651 763 766 563 691 579 0 45 
331 677 714 447 434 111 322 679 630 179 337 94 526 300 728 275 853 899 95 915 452 719 438 753 203 980 574 161 727 512 351 258 923 231 896 269 240 881 883 117 480 702 916 147 576 464 100 225 45 0 
0 739 647 898 989 131 578 382 207 408 239 260 215 1000 5 395 416 350 757 193 300 669 283 800 612 854 960 481 733 752 802 718 907 311 234 37 896 464 924 522 607 472 957 55 689 797 479 74 327 461 
739 0 582 636 26 580 895 336 292 207 729 40 11 651 831 952 90 676 615 952 61 84 454 943 485 973 682 244 490 730 538 496 140 254 117 852 851 688 325 365 952 201 926 862 283 111 908 508 640 258 
647 582 0 940 384 368 608 631 11 217 35 73 558 166 783 760 322 179 330 718 485 335 24 64 856 402 566 417 658 588 661 492 568 862 654 51 571 95 966 141 442 266 131 111 28 224 78 853 664 907 
898 636 940 0 821 200 737 346 848 113 251 774 615 999 482 452 694 732 429 733 893 202 1 764 432 683 77 313 312 781 221 879 988 461 753 284 545 295 503 927 364 262 969 911 579 977 271 118 701 496 
989 26 384 821 0 834 296 266 916 432 68 47 409 659 847 133 368 829 107 414 291 735 916 856 803 68 927 541 818 441 955 89 197 669 57 740 564 766 188 758 761 66 921 369 656 944 409 992 123 477 
131 580 368 200 834 0 23 681 772 323 828 256 948 260 509 903 294 704 409 368 914 693 942 407 650 352 545 695 875 56 44 748 26 255 327 485 589 794 650 842 889 830 687 31 853 286 399 724 12 352 
578 895 608 737 296 23 0 658 996 142 168 972 180 520 596 525 79 374 336 795 69 726 465 877 343 329 689 550 238 161 80 584 356 6 416 97 810 5 432 666 423 868 175 371 156 213 579 512 303 418 
382 336 631 346 266 681 658 0 209 7 428 822 701 472 434 485 625 900 904 760 641 656 465 859 460 96 686 72 587 698 579 937 572 601 470 491 944 603 687 384 493 787 574 861 241 870 448 920 310 115 
207 292 11 848 916 772 996 209 0 628 410 920 552 725 19 572 950 730 967 421 148 597 590 24 218 780 565 5 666 422 395 648 439 262 844 310 371 655 476 409 914 602 549 736 378 35 864 91 223 198 
408 207 217 113 432 323 142 7 628 0 38 50 125 354 810 259 524 376 531 528 696 780 991 348 251 169 979 81 278 923 16 836 671 331 299 746 121 679 642 382 770 749 24 879 662 664 172 536 3 994 
239 729 35 251 68 828 168 428 410 38 0 493 457 47 464 571 334 12 676 749 465 404 518 331 962 676 611 280 11 663 842 553 360 886 490 928 372 833 853 519 208 232 392 198 798 215 280 570 917 166 
260 40 73 774 47 256 972 822 920 50 493 0 419 105 523 218 119 662 931 170 74 136 275 217 325 455 847 148 195 490 111 915 35 279 315 128 992 734 834 520 5 464 868 861 313 362 412 518 974 111 
215 11 558 615 409 948 180 701 552 125 457 419 0 201 459 946 658 952 885 74 500 389 173 965 533 181 573 622 724 595 276 264 244 197 758 890 585 656 909 4 750 949 452 157 725 597 769 978 438 132 
1000 651 166 999 659 260 520 472 725 354 47 105 201 0 299 242 963 920 763 380 80 281 667 354 708 338 208 270 765 147 72 683 824 402 809 986 684 10 169 380 257 300 426 943 694 353 924 527 816 128 
5 831 783 482 847 509 596 434 19 810 464 523 459 299 0 899 907 768 715 63 685 52 796 44 389 994 587 743 979 767 218 613 904 841 347 128 445 302 424 537 848 174 166 864 218 824 191 148 44 405 
395 952 760 452 133 903 525 485 572 259 571 218 946 242 899 0 723 169 481 338 769 939 121 432 145 153 10 568 297 120 786 629 240 506 409 95 627 513 705 959 448 532 125 563 217 297 826 484 755 219 
416 90 322 694 368 294 79 625 950 524 334 119 658 963 907 723 0 779 19 822 363 806 36 978 412 460 761 362 771 147 180 471 729 73 535 917 504 560 742 311 641 993 914 389 779 791 277 998 406 328 
350 676 179 732 829 704 374 900 730 376 12 662 952 920 768 169 779 0 112 131 42 220 44 784 39 224 326 454 394 833 664 887 701 780 787 333 381 276 240 451 645 625 544 501 981 948 64 190 983 291 
757 615 330 429 107 409 336 904 967 531 676 931 885 763 715 481 19 112 0 515 375 413 275 871 865 674 589 978 136 984 921 492 217 295 577 460 349 610 202 166 34 540 469 969 194 658 670 173 78 788 
193 952 718 733 414 368 795 760 421 528 749 170 74 380 63 338 822 131 515 0 987 937 950 772 630 769 293 936 802 572 353 21 517 543 882 342 556 41 81 542 948 295 875 885 262 391 835 607 67 421 
300 61 485 893 291 914 69 641 148 696 465 74 500 80 685 769 363 42 375 987 0 15 415 279 86 757 735 43 957 226 182 139 429 321 231 615 561 32 161 392 984 618 10 405 323 481 560 120 712 264 
669 84 335 202 735 693 726 656 597 780 404 136 389 281 52 939 806 220 413 937 15 0 982 83 157 654 18 643 529 667 621 879 89 826 687 44 501 92 806 794 114 680 21 100 238 640 830 938 150 222 
283 454 24 1 916 942 465 465 590 991 518 275 173 667 796 121 36 44 275 950 415 982 0 27 53 582 477 31 970 117 878 533 504 681 868 173 666 723 772 738 827 224 865 821 40 93 880 11 748 318 
800 943 64 764 856 407 877 859 24 348 331 217 965 354 44 432 978 784 871 772 279 83 27 0 790 641 25 199 117 988 640 97 799 886 131 626 193 305 988 945 723 699 422 4 958 901 60 669 307 284 
612 485 856 432 803 650 343 460 218 251 962 325 533 708 389 145 412 39 865 630 86 157 53 790 0 991 984 697 442 573 190 467 85 967 206 322 219 947 3 773 618 691 392 884 39 735 928 268 671 342 
854 973 402 683 68 352 329 96 780 169 676 455 181 338 994 153 460 224 674 769 757 654 582 641 991 0 449 281 84 737 715 819 935 440 148 652 44 858 506 425 204 69 472 850 598 876 879 842 182 851 
960 682 566 77 927 545 689 686 565 979 611 847 573 208 587 10 761 326 589 293 735 18 477 25 984 449 0 926 1 396 627 466 615 333 629 97 815 751 180 751 586 456 413 996 460 485 464 125 354 672 
481 244 417 313 541 695 550 72 5 81 280 148 622 270 743 568 362 454 978 936 43 643 31 199 697 281 926 0 149 315 791 976 873 293 392 301 154 774 973 642 669 311 536 970 910 707 702 706 935 718 
733 490 658 312 818 875 238 587 666 278 11 195 724 765 979 297 771 394 136 802 957 529 970 117 442 84 1 149 0 297 799 443 639 554 598 756 803 266 817 314 455 646 636 845 826 981 764 253 186 100 
752 730 588 781 441 56 161 698 422 923 663 490 595 147 767 120 147 833 984 572 226 667 117 988 573 737 396 315 297 0 48 135 12 802 939 163 953 895 524 300 676 280 769 381 558 233 795 960 985 486 
802 538 661 221 955 44 80 579 395 16 842 111 276 72 218 786 180 664 921 353 182 621 878 640 190 715 627 791 799 48 0 330 649 729 583 171 571 291 294 974 639 374 822 219 292 306 462 672 345 62 
718 496 492 879 89 748 584 937 648 836 553 915 264 683 613 629 471 887 492 21 139 879 533 97 467 819 466 976 443 135 330 0 444 450 77 719 916 57 258 652 90 289 224 593 627 203 271 19 530 561 
907 140 568 988 197 26 356 572 439 671 360 35 244 824 904 240 729 701 217 517 429 89 504 799 85 935 615 873 639 12 649 444 0 6 157 417 447 399 82 549 437 381 890 537 666 965 986 98 896 43 
311 254 862 461 669 255 6 601 262 331 886 279 197 402 841 506 73 780 295 543 321 826 681 886 967 440 333 293 554 802 729 450 6 0 585 526 153 626 973 539 403 651 423 122 599 906 646 414 953 495 
234 117 654 753 57 327 416 470 844 299 490 315 758 809 347 409 535 787 577 882 231 687 868 131 206 148 629 392 598 939 583 77 157 585 0 965 721 536 715 756 977 51 614 957 511 583 12 949 258 276 
37 852 51 284 740 485 97 491 310 746 928 128 890 986 128 95 917 333 460 342 615 44 173 626 322 652 97 301 756 163 171 719 417 526 965 0 153 976 260 973 495 221 933 522 59 10 38 463 883 611 
896 851 571 545 564 589 810 944 371 121 372 992 585 684 445 627 504 381 349 556 561 501 666 193 219 44 815 154 803 953 571 916 447 153 721 153 0 493 204 185 650 487 3 92 173 722 800 477 947 149 
464 688 95 295 766 794 5 603 655 679 833 734 656 10 302 513 560 276 610 41 32 92 723 305 947 858 751 774 266 895 291 57 399 626 536 976 493 0 71 430 307 309 587 677 559 176 483 588 398 851 
924 325 966 503 188 650 432 687 476 642 853 834 909 169 424 705 742 240 202 81 161 806 772 988 3 506 180 973 817 524 294 258 82 973 715 260 204 71 0 509 410 243 973 560 309 644 437 558 901 925 
522 365 141 927 758 842 666 384 409 382 519 520 4 380 537 959 311 451 166 542 392 794 738 945 773 425 751 642 314 300 974 652 549 539 756 973 185 430 509 0 527 614 507 213 286 624 945 272 669 142 
607 952 442 364 761 889 423 493 914 770 208 5 750 257 848 448 641 645 34 948 984 114 827 723 618 204 586 669 455 676 639 90 437 403 977 495 650 307 410 527 0 48 208 475 288 227 912 960 875 52 
472 201 266 262 66 830 868 787 602 749 232 464 949 300 174 532 993 625 540 295 618 680 224 699 691 69 456 311 646 280 374 289 381 651 51 221 487 309 243 614 48 0 369 520 479 452 216 215 710 693 
957 926 131 969 921 687 175 574 549 24 392 868 452 426 166 125 914 544 469 875 10 21 865 422 392 472 413 536 636 769 822 224 890 423 614 933 3 587 973 507 208 369 0 990 82 772 165 197 768 227 
55 862 111 911 369 31 371 861 736 879 198 861 157 943 864 563 389 501 969 885 405 100 821 4 884 850 996 970 845 381 219 593 537 122 957 522 92 677 560 213 475 520 990 0 578 166 178 928 591 692 
689 283 28 579 656 853 156 241 378 662 798 313 725 694 218 217 779 981 194 262 323 238 40 958 39 598 460 910 826 558 292 627 666 599 511 59 173 559 309 286 288 479 82 578 0 315 168 653 533 369 
797 111 224 977 944 286 213 870 35 664 215 362 597 353 824 297 791 948 658 391 481 640 93 901 735 876 485 707 981 233 306 203 965 906 583 10 722 176 644 624 227 452 772 166 315 0 536 405 727 124 
479 908 78 271 409 399 579 448 864 172 280 412 769 924 191 826 277 64 670 835 560 830 880 60 928 879 464 702 764 795 462 271 986 646 12 38 800 483 437 945 912 216 165 178 168 536 0 694 818 293 
74 508 853 118 992 724 512 920 91 536 570 518 978 527 148 484 998 190 173 607 120 938 11 669 268 842 125 706 253 960 672 19 98 414 949 463 477 588 558 272 960 215 197 928 653 405 694 0 835 29 
327 640 664 701 123 12 303 310 223 3 917 974 438 816 44 755 406 983 78 67 712 150 748 307 671 182 354 935 186 985 345 530 896 953 258 883 947 398 901 669 875 710 768 591 533 727 818 835 0 695 
461 258 907 496 477 352 418 115 198 994 166 111 132 128 405 219 328 291 788 421 264 222 318 284 342 851 672 718 100 486 62 561 43 495 276 611 149 851 925 142 52 693 227 692 369 124 293 29 695 0 
0 262 354 103 12 870 423 619 794 593 762 741 786 1 996 606 585 651 244 808 701 332 718 201 389 147 41 520 268 249 199 283 94 690 767 964 105 537 77 479 394 529 44 946 312 204 522 927 674 540 
262 0 419 365 975 421 106 665 709 794 272 961 990 350 170 49 911 325 386 49 940 917 547 58 516 28 319 757 511 271 463 505 861 747 884 149 150 313 676 636 49 800 75 139 718 890 93 493 361 743 
354 419 0 61 617 633 393 370 990 784 966 928 443 835 218 241 679 822 671 283 516 666 977 937 145 599 435 584 343 413 340 509 433 139 347 950 430 906 35 860 559 735 870 890 973 777 923 148 337 94 
103 365 61 0 180 801 264 655 153 888 750 227 386 2 519 549 307 269 572 268 108 799 1000 237 569 318 924 688 689 220 780 122 13 540 248 717 456 706 498 74 637 739 32 90 422 24 730 883 300 505 
12 975 617 180 0 167 705 735 85 569 933 954 592 342 154 868 633 172 894 587 710 266 85 145 198 933 74 460 183 560 46 912 804 332 944 261 437 235 813 243 240 935 80 632 345 57 592 9 878 524 
870 421 633 801 167 0 978 320 229 678 173 745 53 741 492 98 707 297 592 633 87 308 59 594 351 649 456 306 126 945 957 253 975 746 674 516 412 207 351 159 112 171 314 970 148 715 602 277 989 649 
423 106 393 264 705 978 0 343 5 859 833 29 821 481 405 476 922 627 665 206 932 275 536 124 658 672 312 451 763 840 921 417 645 995 585 904 191 996 569 335 578 133 826 630 845 788 422 489 698 583 
619 665 370 655 735 320 343 0 792 994 573 179 300 529 567 516 376 101 97 241 360 345 536 142 541 905 315 929 414 303 422 64 429 400 531 510 57 398 314 617 508 214 427 140 760 131 553 81 691 886 
794 709 990 153 85 229 5 792 0 373 591 81 449 276 982 429 51 271 34 580 853 404 411 977 783 221 436 996 335 579 606 353 562 739 157 691 630 346 525 592 87 399 452 265 623 966 137 910 778 803 
593 794 784 888 569 678 859 994 373 0 963 951 876 647 191 742 477 625 470 473 305 221 10 653 750 832 22 920 723 78 985 165 330 670 702 255 880 322 359 619 231 252 977 122 339 337 829 465 998 7 
762 272 966 750 933 173 833 573 591 963 0 508 544 954 537 430 667 989 325 252 536 597 483 670 39 325 390 721 990 338 159 448 641 115 511 73 629 168 148 482 793 769 609 803 203 786 721 431 84 835 
741 961 928 227 954 745 29 179 81 951 508 0 582 896 478 783 882 339 70 831 927 865 726 784 676 546 154 853 806 511 890 86 966 722 686 873 9 267 167 481 996 537 133 140 688 639 589 483 27 890 
786 990 443 386 592 53 821 300 449 876 544 582 0 800 542 55 343 49 116 927 501 612 828 36 468 820 428 379 277 406 725 737 757 804 243 111 416 345 92 997 251 52 549 844 276 404 232 23 563 869 
1 350 835 2 342 741 481 529 276 647 954 896 800 0 702 759 38 81 238 621 921 720 334 647 293 663 793 731 236 854 929 318 177 599 192 15 317 991 832 621 744 701 575 58 307 648 77 474 185 873 
996 170 218 519 154 492 405 567 982 191 537 478 542 702 0 102 94 233 286 938 316 949 205 957 612 7 414 258 22 234 783 388 97 160 654 873 556 699 577 464 153 827 835 137 783 177 810 853 957 596 
606 49 241 549 868 98 476 516 429 742 430 783 55 759 102 0 278 832 520 663 232 62 880 569 856 848 991 433 704 881 215 372 761 495 592 906 374 488 296 42 553 469 876 438 784 704 175 517 246 782 
585 911 679 307 633 707 922 376 51 477 667 882 343 38 94 278 0 222 982 179 638 195 965 23 589 541 240 639 230 854 821 530 272 928 466 84 497 441 259 690 360 8 87 612 222 210 724 3 595 673 
651 325 822 269 172 297 627 101 271 625 989 339 49 81 233 832 222 0 889 870 959 781 957 217 962 777 675 547 607 168 337 114 300 221 214 668 620 725 761 550 356 376 457 500 20 53 937 811 18 710 
244 386 671 572 894 592 665 97 34 470 325 70 116 238 286 520 982 889 0 486 626 588 726 130 136 327 412 23 865 17 80 509 784 706 424 541 652 391 799 835 967 461 532 32 807 343 331 828 923 213 
808 49 283 268 587 633 206 241 580 473 252 831 927 621 938 663 179 870 486 0 14 64 51 229 371 232 708 65 199 429 648 980 484 458 119 659 445 960 920 459 53 706 126 116 739 610 166 394 934 580 
701 940 516 108 710 87 932 360 853 305 536 927 501 921 316 232 638 959 626 14 0 986 586 722 915 244 266 958 44 775 819 862 572 680 770 386 440 969 840 609 17 383 991 596 678 520 441 881 289 737 
332 917 666 799 266 308 275 345 404 221 597 865 612 720 949 62 195 781 588 64 986 0 19 918 844 347 983 358 472 334 380 122 912 175 314 957 500 909 195 207 887 321 980 901 763 361 171 63 851 779 
718 547 977 1000 85 59 536 536 411 10 483 726 828 334 205 880 965 957 726 51 586 19 0 974 948 419 524 970 31 884 123 468 497 320 133 828 335 278 229 263 174 777 136 180 961 908 121 990 253 683 
201 58 937 237 145 594 124 142 977 653 670 784 36 647 957 569 23 217 130 229 722 918 974 0 211 360 976 802 884 13 361 904 202 115 870 375 808 696 13 56 278 302 579 997 43 100 941 332 694 717 
389 516 145 569 198 351 658 541 783 750 39 676 468 293 612 856 589 962 136 371 915 844 948 211 0 10 17 304 559 428 811 534 916 34 795 679 782 54 998 228 383 310 609 117 962 266 73 733 330 659 
147 28 599 318 933 649 672 905 221 832 325 546 820 663 7 848 541 777 327 232 244 347 419 360 10 0 552 720 917 264 286 182 66 561 853 349 957 143 495 576 797 932 529 151 403 125 122 159 819 150 
41 319 435 924 74 456 312 315 436 22 390 154 428 793 414 991 240 675 412 708 266 983 524 976 17 552 0 75 1000 605 374 535 386 668 372 904 186 250 821 250 415 545 588 5 541 516 537 876 647 329 
520 757 584 688 460 306 451 929 996 920 721 853 379 731 258 433 639 547 23 65 958 358 970 802 304 720 75 0 852 686 210 25 128 708 609 700 847 227 28 359 332 690 465 31 91 294 299 295 66 283 
268 511 343 689 183 126 763 414 335 723 990 806 277 236 22 704 230 607 865 199 44 472 31 884 559 917 1000 852 0 704 202 558 362 447 403 245 198 735 184 687 546 355 365 156 175 20 237 748 815 901 
249 271 413 220 560 945 840 303 579 78 338 511 406 854 234 881 854 168 17 429 775 334 884 13 428 264 605 686 704 0 953 866 989 199 62 838 48 106 477 701 325 721 232 620 443 768 206 41 16 515 
199 463 340 780 46 957 921 422 606 985 159 890 725 929 783 215 821 337 80 648 819 380 123 361 811 286 374 210 202 953 0 671 352 272 418 830 430 710 707 27 362 627 179 782 709 695 539 329 656 939 
283 505 509 122 912 253 417 64 353 165 448 86 737 318 388 372 530 114 509 980 862 122 468 904 534 182 535 25 558 866 671 0 557 551 924 282 85 944 743 349 911 712 777 408 374 798 730 982 471 440 
94 861 433 13 804 975 645 429 562 330 641 966 757 177 97 761 272 300 784 484 572 912 497 202 916 66 386 128 362 989 352 557 0 995 844 584 554 602 919 452 564 620 111 464 335 36 15 903 105 958 
690 747 139 540 332 746 995 400 739 670 115 722 804 599 160 495 928 221 706 458 680 175 320 115 34 561 668 708 447 199 272 551 995 0 416 475 848 375 28 462 598 350 578 879 402 95 355 587 48 506 
767 884 347 248 944 674 585 531 157 702 511 686 243 192 654 592 466 214 424 119 770 314 133 870 795 853 372 609 403 62 418 924 844 416 0 36 280 465 286 245 24 950 387 44 490 418 989 52 743 725 
964 149 950 717 261 516 904 510 691 255 73 873 111 15 873 906 84 668 541 659 386 957 828 375 679 349 904 700 245 838 830 282 584 475 36 0 848 25 741 28 506 780 68 479 942 991 963 538 118 390 
105 150 430 456 437 412 191 57 630 880 629 9 416 317 556 374 497 620 652 445 440 500 335 808 782 957 186 847 198 48 430 85 554 848 280 848 0 508 797 816 351 514 998 909 828 279 201 524 54 852 
537 313 906 706 235 207 996 398 346 322 168 267 345 991 699 488 441 725 391 960 969 909 278 696 54 143 250 227 735 106 710 944 602 375 465 25 508 0 930 571 694 692 414 324 442 825 518 413 603 150 
77 676 35 498 813 351 569 314 525 359 148 167 92 832 577 296 259 761 799 920 840 195 229 13 998 495 821 28 184 477 707 743 919 28 286 741 797 930 0 492 591 758 28 441 692 357 564 443 100 76 
479 636 860 74 243 159 335 617 592 619 482 481 997 621 464 42 690 550 835 459 609 207 263 56 228 576 250 359 687 701 27 349 452 462 245 28 816 571 492 0 474 387 494 788 715 377 56 729 332 859 
394 49 559 637 240 112 578 508 87 231 793 996 251 744 153 553 360 356 967 53 17 887 174 278 383 797 415 332 546 325 362 911 564 598 24 506 351 694 591 474 0 953 793 526 713 774 89 41 126 949 
529 800 735 739 935 171 133 214 399 252 769 537 52 701 827 469 8 376 461 706 383 321 777 302 310 932 545 690 355 721 627 712 620 350 950 780 514 692 758 387 953 0 632 481 522 549 785 786 291 308 
44 75 870 32 80 314 826 427 452 977 609 133 549 575 835 876 87 457 532 126 991 980 136 579 609 529 588 465 365 232 179 777 111 578 387 68 998 414 28 494 793 632 0 11 919 229 836 804 233 774 
946 139 890 90 632 970 630 140 265 122 803 140 844 58 137 438 612 500 32 116 596 901 180 997 117 151 5 31 156 620 782 408 464 879 44 479 909 324 441 788 526 481 11 0 423 835 823 73 410 309 
312 718 973 422 345 148 845 760 623 339 203 688 276 307 783 784 222 20 807 739 678 763 961 43 962 403 541 91 175 443 709 374 335 402 490 942 828 442 692 715 713 522 919 423 0 686 833 348 468 632 
204 890 777 24 57 715 788 131 966 337 786 639 404 648 177 704 210 53 343 610 520 361 908 100 266 125 516 294 20 768 695 798 36 95 418 991 279 825 357 377 774 549 229 835 686 0 465 596 274 877 
522 93 923 730 592 602 422 553 137 829 721 589 232 77 810 175 724 937 331 166 441 171 121 941 73 122 537 299 237 206 539 730 15 355 989 963 201 518 564 56 89 785 836 823 833 465 0 307 183 708 
927 493 148 883 9 277 489 81 910 465 431 483 23 474 853 517 3 811 828 394 881 63 990 332 733 159 876 295 748 41 329 982 903 587 52 538 524 413 443 729 41 786 804 73 348 596 307 0 166 972 
674 361 337 300 878 989 698 691 778 998 84 27 563 185 957 246 595 18 923 934 289 851 253 694 330 819 647 66 815 16 656 471 105 48 743 118 54 603 100 332 126 291 233 410 468 274 183 166 0 306 
540 743 94 505 524 649 583 886 803 7 835 890 869 873 596 782 673 710 213 580 737 779 683 717 659 150 329 283 901 515 939 440 958 506 725 390 852 150 76 859 949 308 774 309 632 877 708 972 306 0 
