50 2
0 804 871 10 989 964 407 983 342 597 424 458 53 774 855 609 77 497 529 285 294 698 64 864 330 295 925 906 191 676 550 947 700 889 893 129 55 740 920 695 27 66 170 839 289 467 890 938 557 331 
804 0 963 700 229 884 328 999 969 400 898 74 678 603 406 299 346 164 368 341 670 736 985 165 165 642 97 292 470 301 299 806 556 955 919 138 646 633 749 428 234 8 445 514 286 320 724 879 437 677 
871 963 0 430 124 536 213 843 282 194 251 996 232 959 438 174 66 134 900 131 752 298 136 827 661 279 368 760 466 47 518 182 792 790 937 191 635 632 628 288 30 234 892 760 637 478 832 497 161 714 
10 700 430 0 835 23 810 624 25 307 879 947 408 100 899 956 653 40 856 85 73 989 811 333 155 594 263 958 457 531 531 529 751 889 914 639 113 227 784 519 41 851 200 590 537 74 537 41 274 447 
989 229 124 835 0 620 30 117 941 375 332 251 774 113 269 871 747 677 811 341 684 504 687 132 164 550 177 426 484 982 187 839 297 841 503 525 159 413 969 325 776 440 501 388 470 784 596 712 6 434 
964 884 536 23 620 0 789 303 188 842 508 3 60 170 680 618 717 625 659 608 391 522 305 579 454 818 199 504 297 749 367 179 485 439 737 161 588 536 51 789 771 396 59 390 223 414 183 364 501 111 
407 328 213 810 30 789 0 839 111 651 258 144 718 557 613 133 760 594 39 327 333 515 675 732 622 247 981 560 434 421 629 648 681 395 763 829 895 502 273 672 51 755 821 722 924 556 182 710 554 322 
983 999 843 624 117 303 839 0 926 633 103 763 472 502 192 562 270 270 478 919 765 724 649 315 20 923 947 297 199 145 814 557 91 534 416 295 27 682 925 304 769 637 659 152 946 841 664 529 874 679 
342 969 282 25 941 188 111 926 0 814 110 97 676 168 237 251 550 469 380 164 312 100 582 497 210 150 343 13 447 684 692 232 726 834 219 446 854 347 700 61 323 522 342 2 556 341 255 454 586 630 
597 400 194 307 375 842 651 633 814 0 475 751 882 842 489 924 598 519 626 230 295 855 857 413 7 138 530 141 44 387 660 680 602 648 400 923 313 958 871 12 899 512 262 607 123 432 808 385 429 179 
424 898 251 879 332 508 258 103 110 475 0 955 730 966 519 242 474 556 589 925 715 487 711 249 602 887 475 871 477 367 723 498 323 222 294 421 734 360 458 124 746 657 780 602 231 437 165 536 108 337 
458 74 996 947 251 3 144 763 97 751 955 0 718 312 167 651 408 862 122 650 2 572 945 216 924 314 189 284 691 575 240 100 172 817 298 534 324 591 697 152 408 921 179 783 788 622 11 370 422 94 
53 678 232 408 774 60 718 472 676 882 730 718 0 785 1000 663 442 360 152 389 656 435 437 780 31 210 415 616 393 760 279 70 835 34 512 461 700 540 377 50 674 126 545 912 679 498 479 42 927 526 
774 603 959 100 113 170 557 502 168 842 966 312 785 0 492 781 634 524 360 986 493 626 443 400 771 162 94 253 468 41 837 717 915 664 924 310 792 700 669 374 791 242 176 526 999 893 465 310 710 300 
855 406 438 899 269 680 613 192 237 489 519 167 1000 492 0 338 235 762 953 226 160 534 132 949 4 29 694 720 340 581 43 793 979 944 497 131 355 136 31 67 432 792 312 132 682 190 923 431 656 728 
609 299 174 956 871 618 133 562 251 924 242 651 663 781 338 0 849 806 431 470 940 834 867 8 517 155 470 332 278 290 612 990 208 751 935 577 979 592 370 909 292 774 376 645 351 758 755 871 5 275 
77 346 66 653 747 717 760 270 550 598 474 408 442 634 235 849 0 790 787 125 874 466 48 544 752 979 261 604 360 122 847 316 51 549 465 73 383 883 248 707 921 214 996 974 860 758 340 634 470 853 
497 164 134 40 677 625 594 270 469 519 556 862 360 524 762 806 790 0 195 42 446 117 543 638 290 585 543 972 425 267 292 274 683 596 719 12 125 59 770 356 29 793 424 409 205 647 896 928 67 899 
529 368 900 856 811 659 39 478 380 626 589 122 152 360 953 431 787 195 0 51 443 961 886 696 980 147 188 272 675 398 371 407 161 369 968 994 812 782 540 45 317 181 574 541 946 787 797 254 756 95 
285 341 131 85 341 608 327 919 164 230 925 650 389 986 226 470 125 42 51 0 315 200 874 380 536 244 795 547 510 789 974 795 146 231 21 358 95 769 630 580 342 388 579 642 212 659 30 661 124 915 
294 670 752 73 684 391 333 765 312 295 715 2 656 493 160 940 874 446 443 315 0 711 254 536 185 58 321 353 105 962 611 911 351 924 360 153 162 507 21 493 499 40 60 940 78 9 940 144 364 452 
698 736 298 989 504 522 515 724 100 855 487 572 435 626 534 834 466 117 961 200 711 0 499 130 829 285 306 472 197 496 635 20 358 176 604 212 639 910 96 873 754 964 691 63 917 124 239 919 840 719 
64 985 136 811 687 305 675 649 582 857 711 945 437 443 132 867 48 543 886 874 254 499 0 410 736 896 165 774 751 941 263 452 825 154 327 543 434 900 96 666 922 127 249 459 906 628 585 104 668 438 
864 165 827 333 132 579 732 315 497 413 249 216 780 400 949 8 544 638 696 380 536 130 410 0 78 515 602 853 267 617 657 947 849 579 730 641 147 610 780 409 428 587 121 79 397 863 221 273 352 753 
330 165 661 155 164 454 622 20 210 7 602 924 31 771 4 517 752 290 980 536 185 829 736 78 0 279 52 585 129 223 749 503 582 854 441 559 615 357 456 138 934 689 566 197 821 734 660 697 746 203 
295 642 279 594 550 818 247 923 150 138 887 314 210 162 29 155 979 585 147 244 58 285 896 515 279 0 70 455 846 321 208 219 383 751 770 649 892 981 409 806 721 558 146 101 343 581 495 847 9 980 
925 97 368 263 177 199 981 947 343 530 475 189 415 94 694 470 261 543 188 795 321 306 165 602 52 70 0 521 108 443 252 158 420 251 80 3 544 398 367 904 228 345 386 919 259 485 377 158 571 574 
906 292 760 958 426 504 560 297 13 141 871 284 616 253 720 332 604 972 272 547 353 472 774 853 585 455 521 0 219 157 824 731 70 401 904 796 510 492 597 961 606 647 162 133 244 615 825 322 930 161 
191 470 466 457 484 297 434 199 447 44 477 691 393 468 340 278 360 425 675 510 105 197 751 267 129 846 108 219 0 253 825 807 713 278 173 560 131 552 323 737 609 90 778 161 917 139 332 504 659 727 
676 301 47 531 982 749 421 145 684 387 367 575 760 41 581 290 122 267 398 789 962 496 941 617 223 321 443 157 253 0 749 79 655 387 410 188 656 432 981 726 115 838 227 552 653 808 439 510 147 512 
550 299 518 531 187 367 629 814 692 660 723 240 279 837 43 612 847 292 371 974 611 635 263 657 749 208 252 824 825 749 0 850 891 194 375 932 825 944 115 807 117 167 8 492 861 595 820 680 437 351 
947 806 182 529 839 179 648 557 232 680 498 100 70 717 793 990 316 274 407 795 911 20 452 947 503 219 158 731 807 79 850 0 464 157 794 265 901 624 266 194 992 975 352 113 99 168 444 39 427 258 
700 556 792 751 297 485 681 91 726 602 323 172 835 915 979 208 51 683 161 146 351 358 825 849 582 383 420 70 713 655 891 464 0 445 316 385 215 890 767 468 464 40 92 724 545 634 670 859 431 923 
889 955 790 889 841 439 395 534 834 648 222 817 34 664 944 751 549 596 369 231 924 176 154 579 854 751 251 401 278 387 194 157 445 0 164 158 573 847 959 765 625 923 630 832 920 376 876 703 814 231 
893 919 937 914 503 737 763 416 219 400 294 298 512 924 497 935 465 719 968 21 360 604 327 730 441 770 80 904 173 410 375 794 316 164 0 275 983 357 445 217 488 798 989 454 440 412 465 74 990 896 
129 138 191 639 525 161 829 295 446 923 421 534 461 310 131 577 73 12 994 358 153 212 543 641 559 649 3 796 560 188 932 265 385 158 275 0 872 811 842 27 586 467 414 547 848 469 648 365 823 269 
55 646 635 113 159 588 895 27 854 313 734 324 700 792 355 979 383 125 812 95 162 639 434 147 615 892 544 510 131 656 825 901 215 573 983 872 0 979 928 216 170 449 500 741 407 808 114 801 964 240 
740 633 632 227 413 536 502 682 347 958 360 591 540 700 136 592 883 59 782 769 507 910 900 610 357 981 398 492 552 432 944 624 890 847 357 811 979 0 853 230 880 385 102 389 640 973 935 92 581 881 
920 749 628 784 969 51 273 925 700 871 458 697 377 669 31 370 248 770 540 630 21 96 96 780 456 409 367 597 323 981 115 266 767 959 445 842 928 853 0 78 947 428 955 88 417 555 328 733 815 883 
695 428 288 519 325 789 672 304 61 12 124 152 50 374 67 909 707 356 45 580 493 873 666 409 138 806 904 961 737 726 807 194 468 765 217 27 216 230 78 0 272 903 411 471 666 864 857 519 272 117 
27 234 30 41 776 771 51 769 323 899 746 408 674 791 432 292 921 29 317 342 499 754 922 428 934 721 228 606 609 115 117 992 464 625 488 586 170 880 947 272 0 185 295 365 815 232 582 301 992 480 
66 8 234 851 440 396 755 637 522 512 657 921 126 242 792 774 214 793 181 388 40 964 127 587 689 558 345 647 90 838 167 975 40 923 798 467 449 385 428 903 185 0 446 556 937 483 661 586 316 702 
170 445 892 200 501 59 821 659 342 262 780 179 545 176 312 376 996 424 574 579 60 691 249 121 566 146 386 162 778 227 8 352 92 630 989 414 500 102 955 411 295 446 0 540 576 516 674 488 651 916 
839 514 760 590 388 390 722 152 2 607 602 783 912 526 132 645 974 409 541 642 940 63 459 79 197 101 919 133 161 552 492 113 724 832 454 547 741 389 88 471 365 556 540 0 587 117 462 322 763 147 
289 286 637 537 470 223 924 946 556 123 231 788 679 999 682 351 860 205 946 212 78 917 906 397 821 343 259 244 917 653 861 99 545 920 440 848 407 640 417 666 815 937 576 587 0 434 309 45 766 576 
467 320 478 74 784 414 556 841 341 432 437 622 498 893 190 758 758 647 787 659 9 124 628 863 734 581 485 615 139 808 595 168 634 376 412 469 808 973 555 864 232 483 516 117 434 0 833 503 563 464 
890 724 832 537 596 183 182 664 255 808 165 11 479 465 923 755 340 896 797 30 940 239 585 221 660 495 377 825 332 439 820 444 670 876 465 648 114 935 328 857 582 661 674 462 309 833 0 872 691 100 
938 879 497 41 712 364 710 529 454 385 536 370 42 310 431 871 634 928 254 661 144 919 104 273 697 847 158 322 504 510 680 39 859 703 74 365 801 92 733 519 301 586 488 322 45 503 872 0 579 225 
557 437 161 274 6 501 554 874 586 429 108 422 927 710 656 5 470 67 756 124 364 840 668 352 746 9 571 930 659 147 437 427 431 814 990 823 964 581 815 272 992 316 651 763 766 563 691 579 0 45 
331 677 714 447 434 111 322 679 630 179 337 94 526 300 728 275 853 899 95 915 452 719 438 753 203 980 574 161 727 512 351 258 923 231 896 269 240 881 883 117 480 702 916 147 576 464 100 225 45 0 
0 367 220 23 781 697 326 467 641 806 659 743 221 799 740 599 90 736 644 748 420 718 684 73 728 403 79 987 85 976 488 681 858 970 34 82 445 272 863 482 552 274 645 813 355 166 690 121 626 175 
367 0 343 292 196 733 562 826 465 529 973 362 80 615 97 689 977 198 227 182 945 252 864 728 857 412 531 627 655 931 84 643 696 749 449 2 639 65 599 449 371 409 959 611 165 132 693 39 277 426 
220 343 0 523 238 33 529 738 500 912 68 643 16 12 746 924 650 943 772 935 249 732 754 279 695 804 617 778 174 275 201 689 433 60 714 148 986 890 697 272 470 384 949 331 268 889 998 42 890 218 
23 292 523 0 779 166 756 389 685 999 329 697 276 183 128 503 410 563 92 345 418 633 620 934 25 503 496 358 239 271 771 58 261 379 727 938 422 382 494 344 843 860 175 489 232 7 503 525 183 944 
781 196 238 779 0 520 603 253 363 449 780 586 218 210 95 650 851 501 271 896 931 236 319 819 564 420 55 901 714 417 756 394 54 487 569 883 488 139 157 946 509 66 685 148 339 464 51 558 12 886 
697 733 33 166 520 0 327 615 375 743 455 617 664 233 460 687 81 100 399 258 740 469 480 213 170 891 115 668 647 206 758 803 3 348 624 238 657 260 410 201 23 596 463 211 137 383 596 124 278 597 
326 562 529 756 603 327 0 429 253 230 338 955 353 900 615 642 643 219 448 901 851 471 923 373 425 444 742 607 421 642 458 707 39 360 574 43 530 674 988 50 315 629 119 798 714 450 450 62 788 792 
467 826 738 389 253 615 429 0 2 484 460 903 621 201 322 834 472 957 172 710 804 182 820 691 497 503 391 161 149 287 644 215 277 668 103 625 204 566 263 633 675 534 392 453 53 828 164 120 220 904 
641 465 500 685 363 375 253 2 0 943 674 60 190 311 97 169 266 92 412 591 735 449 62 170 848 633 372 528 332 549 116 203 535 238 874 405 999 689 168 690 920 145 464 557 170 166 794 320 569 772 
806 529 912 999 449 743 230 484 943 0 757 810 791 862 756 202 66 560 826 727 654 791 191 948 595 776 794 870 972 175 73 264 488 782 946 916 484 524 88 604 468 939 5 873 78 285 893 647 453 328 
659 973 68 329 780 455 338 460 674 757 0 804 48 669 171 161 787 520 560 835 554 708 894 283 193 237 751 645 472 363 292 455 374 720 810 939 164 606 368 827 744 281 512 593 888 730 603 370 201 624 
743 362 643 697 586 617 955 903 60 810 804 0 962 6 526 988 749 289 880 496 636 109 358 614 330 512 681 844 124 547 389 569 90 714 151 951 708 85 79 693 336 62 638 30 33 10 720 756 986 623 
221 80 16 276 218 664 353 621 190 791 48 962 0 331 186 817 464 693 879 352 72 658 156 300 135 413 197 991 624 59 576 543 632 137 580 274 92 842 161 805 516 362 263 635 242 580 893 366 621 99 
799 615 12 183 210 233 900 201 311 862 669 6 331 0 989 294 174 642 764 115 805 183 215 222 117 995 290 914 753 191 627 335 717 426 270 970 404 420 690 642 265 403 978 50 492 803 895 969 1 574 
740 97 746 128 95 460 615 322 97 756 171 526 186 989 0 82 295 283 462 994 823 315 395 761 469 630 22 561 198 18 706 272 72 706 927 921 947 527 269 93 80 275 743 709 941 394 190 106 81 458 
599 689 924 503 650 687 642 834 169 202 161 988 817 294 82 0 699 656 986 219 23 532 438 160 43 884 480 528 80 461 755 870 819 641 129 702 344 813 509 176 593 116 785 673 197 380 489 823 566 922 
90 977 650 410 851 81 643 472 266 66 787 749 464 174 295 699 0 156 12 788 486 88 962 979 337 178 525 118 218 616 78 453 522 190 569 463 529 187 501 887 689 789 536 49 914 273 135 914 690 961 
736 198 943 563 501 100 219 957 92 560 520 289 693 642 283 656 156 0 800 264 992 515 399 419 961 932 84 593 383 426 778 653 25 25 378 105 923 970 29 121 286 141 466 715 761 567 559 242 704 816 
644 227 772 92 271 399 448 172 412 826 560 880 879 764 462 986 12 800 0 318 833 839 883 667 762 492 131 622 675 621 50 672 572 919 310 120 352 88 132 76 387 694 664 557 791 948 784 88 976 762 
748 182 935 345 896 258 901 710 591 727 835 496 352 115 994 219 788 264 318 0 483 513 775 690 846 369 830 700 89 524 998 236 135 374 749 229 485 373 311 57 660 199 234 888 435 381 633 508 503 427 
420 945 249 418 931 740 851 804 735 654 554 636 72 805 823 23 486 992 833 483 0 829 175 714 853 199 373 680 922 969 363 658 845 440 513 684 557 102 285 708 360 256 927 974 280 77 279 452 382 395 
718 252 732 633 236 469 471 182 449 791 708 109 658 183 315 532 88 515 839 513 829 0 310 123 252 797 232 140 997 650 385 574 150 382 369 889 788 641 274 858 727 742 105 198 556 612 811 566 490 307 
684 864 754 620 319 480 923 820 62 191 894 358 156 215 395 438 962 399 883 775 175 310 0 410 43 902 840 194 606 983 750 708 720 532 722 769 972 933 963 979 826 951 580 430 172 978 786 267 968 817 
73 728 279 934 819 213 373 691 170 948 283 614 300 222 761 160 979 419 667 690 714 123 410 0 601 90 143 497 459 855 474 376 701 816 148 279 523 932 647 4 737 694 552 83 676 465 691 481 633 443 
728 857 695 25 564 170 425 497 848 595 193 330 135 117 469 43 337 961 762 846 853 252 43 601 0 458 302 135 720 266 2 73 358 543 200 897 291 433 936 905 386 838 506 4 470 388 754 212 822 757 
403 412 804 503 420 891 444 503 633 776 237 512 413 995 630 884 178 932 492 369 199 797 902 90 458 0 374 756 712 283 686 439 578 794 419 784 541 285 9 998 266 584 41 413 139 974 864 101 950 497 
79 531 617 496 55 115 742 391 372 794 751 681 197 290 22 480 525 84 131 830 373 232 840 143 302 374 0 673 652 408 606 247 344 276 389 345 27 75 857 258 858 843 554 86 422 939 491 678 852 837 
987 627 778 358 901 668 607 161 528 870 645 844 991 914 561 528 118 593 622 700 680 140 194 497 135 756 673 0 401 908 645 657 591 355 479 649 841 999 449 47 898 389 976 944 538 579 952 749 269 393 
85 655 174 239 714 647 421 149 332 972 472 124 624 753 198 80 218 383 675 89 922 997 606 459 720 712 652 401 0 714 454 942 506 281 319 320 532 659 143 404 674 549 723 653 977 283 876 90 454 832 
976 931 275 271 417 206 642 287 549 175 363 547 59 191 18 461 616 426 621 524 969 650 983 855 266 283 408 908 714 0 137 208 188 947 224 97 359 123 777 843 136 99 495 310 828 550 9 588 961 43 
488 84 201 771 756 758 458 644 116 73 292 389 576 627 706 755 78 778 50 998 363 385 750 474 2 686 606 645 454 137 0 151 889 633 798 938 826 647 491 636 124 667 660 268 564 742 920 532 82 660 
681 643 689 58 394 803 707 215 203 264 455 569 543 335 272 870 453 653 672 236 658 574 708 376 73 439 247 657 942 208 151 0 831 816 447 52 316 215 433 438 736 923 161 895 784 40 507 383 733 744 
858 696 433 261 54 3 39 277 535 488 374 90 632 717 72 819 522 25 572 135 845 150 720 701 358 578 344 591 506 188 889 831 0 313 939 529 901 179 344 740 387 891 237 187 443 861 937 872 571 689 
970 749 60 379 487 348 360 668 238 782 720 714 137 426 706 641 190 25 919 374 440 382 532 816 543 794 276 355 281 947 633 816 313 0 571 958 966 693 643 400 272 808 692 36 892 59 931 382 108 865 
34 449 714 727 569 624 574 103 874 946 810 151 580 270 927 129 569 378 310 749 513 369 722 148 200 419 389 479 319 224 798 447 939 571 0 759 412 520 659 177 278 567 123 928 524 364 708 97 308 230 
82 2 148 938 883 238 43 625 405 916 939 951 274 970 921 702 463 105 120 229 684 889 769 279 897 784 345 649 320 97 938 52 529 958 759 0 614 16 767 572 746 520 599 30 410 300 203 9 2 32 
445 639 986 422 488 657 530 204 999 484 164 708 92 404 947 344 529 923 352 485 557 788 972 523 291 541 27 841 532 359 826 316 901 966 412 614 0 784 76 427 361 651 570 750 599 54 285 392 197 79 
272 65 890 382 139 260 674 566 689 524 606 85 842 420 527 813 187 970 88 373 102 641 933 932 433 285 75 999 659 123 647 215 179 693 520 16 784 0 250 710 609 337 257 803 28 380 82 334 721 954 
863 599 697 494 157 410 988 263 168 88 368 79 161 690 269 509 501 29 132 311 285 274 963 647 936 9 857 449 143 777 491 433 344 643 659 767 76 250 0 676 485 766 780 433 925 171 184 398 491 706 
482 449 272 344 946 201 50 633 690 604 827 693 805 642 93 176 887 121 76 57 708 858 979 4 905 998 258 47 404 843 636 438 740 400 177 572 427 710 676 0 386 420 407 668 148 763 402 707 455 110 
552 371 470 843 509 23 315 675 920 468 744 336 516 265 80 593 689 286 387 660 360 727 826 737 386 266 858 898 674 136 124 736 387 272 278 746 361 609 485 386 0 565 399 249 384 559 594 228 178 239 
274 409 384 860 66 596 629 534 145 939 281 62 362 403 275 116 789 141 694 199 256 742 951 694 838 584 843 389 549 99 667 923 891 808 567 520 651 337 766 420 565 0 717 177 521 605 806 578 915 971 
645 959 949 175 685 463 119 392 464 5 512 638 263 978 743 785 536 466 664 234 927 105 580 552 506 41 554 976 723 495 660 161 237 692 123 599 570 257 780 407 399 717 0 891 89 777 166 395 878 606 
813 611 331 489 148 211 798 453 557 873 593 30 635 50 709 673 49 715 557 888 974 198 430 83 4 413 86 944 653 310 268 895 187 36 928 30 750 803 433 668 249 177 891 0 703 974 763 173 177 666 
355 165 268 232 339 137 714 53 170 78 888 33 242 492 941 197 914 761 791 435 280 556 172 676 470 139 422 538 977 828 564 784 443 892 524 410 599 28 925 148 384 521 89 703 0 867 517 178 119 172 
166 132 889 7 464 383 450 828 166 285 730 10 580 803 394 380 273 567 948 381 77 612 978 465 388 974 939 579 283 550 742 40 861 59 364 300 54 380 171 763 559 605 777 974 867 0 535 408 836 145 
690 693 998 503 51 596 450 164 794 893 603 720 893 895 190 489 135 559 784 633 279 811 786 691 754 864 491 952 876 9 920 507 937 931 708 203 285 82 184 402 594 806 166 763 517 535 0 843 149 44 
121 39 42 525 558 124 62 120 320 647 370 756 366 969 106 823 914 242 88 508 452 566 267 481 212 101 678 749 90 588 532 383 872 382 97 9 392 334 398 707 228 578 395 173 178 408 843 0 157 848 
626 277 890 183 12 278 788 220 569 453 201 986 621 1 81 566 690 704 976 503 382 490 968 633 822 950 852 269 454 961 82 733 571 108 308 2 197 721 491 455 178 915 878 177 119 836 149 157 0 23 
175 426 218 944 886 597 792 904 772 328 624 623 99 574 458 922 961 816 762 427 395 307 817 443 757 497 837 393 832 43 660 744 689 865 230 32 79 954 706 110 239 971 606 666 172 145 44 848 23 0 
0 610 3 794 386 736 884 646 305 857 147 433 957 66 516 599 598 122 377 330 406 368 394 926 766 712 582 81 189 562 787 935 318 109 667 833 263 926 72 810 430 817 300 563 372 502 446 767 494 829 
610 0 510 792 652 296 481 390 927 926 318 958 606 362 691 334 506 844 549 647 293 811 120 523 51 521 393 40 156 584 896 329 842 122 50 622 837 648 50 218 928 623 17 573 607 572 893 895 719 730 
3 510 0 502 785 350 853 726 921 75 649 802 890 863 73 35 694 137 106 16 128 812 46 833 828 725 87 216 931 501 905 130 645 965 681 788 604 195 164 878 287 947 523 507 902 693 333 627 337 678 
794 792 502 0 637 741 739 874 232 445 905 267 929 647 873 813 474 612 923 471 827 532 768 136 556 240 529 658 904 596 243 980 443 165 224 362 734 566 564 825 591 797 441 9 452 858 592 85 465 381 
386 652 785 637 0 529 545 244 959 195 325 559 821 936 668 569 507 596 592 48 181 941 179 324 247 819 521 68 217 790 719 910 779 956 197 654 747 860 600 664 777 770 96 398 891 615 982 567 420 20 
736 296 350 741 529 0 215 671 14 104 820 795 80 556 659 525 521 620 422 603 441 381 853 889 88 198 587 326 324 259 90 50 613 601 343 815 73 764 435 333 873 878 742 831 968 977 632 864 837 425 
884 481 853 739 545 215 0 592 771 225 848 263 819 486 375 148 123 879 137 126 155 680 224 587 593 631 242 258 441 385 398 31 677 109 657 668 654 361 445 438 757 310 909 568 170 282 252 728 576 164 
646 390 726 874 244 671 592 0 819 201 777 320 361 519 349 92 800 479 721 233 466 558 710 276 661 152 725 215 399 627 388 950 939 308 819 614 812 479 649 287 236 709 488 590 708 166 470 888 428 124 
305 927 921 232 959 14 771 819 0 237 232 805 374 747 700 761 739 324 810 468 246 355 256 756 584 491 576 478 800 669 866 832 29 898 519 176 270 490 471 251 164 682 656 381 44 798 379 952 275 342 
857 926 75 445 195 104 225 201 237 0 347 421 202 540 838 920 133 526 166 183 417 222 504 321 361 37 375 103 28 521 481 996 462 128 69 319 605 380 761 150 252 488 970 337 713 193 720 756 929 981 
147 318 649 905 325 820 848 777 232 347 0 236 796 746 584 229 399 11 171 94 186 20 350 333 844 109 243 581 512 796 650 676 248 985 383 400 971 769 622 180 333 607 51 405 580 496 19 854 399 327 
433 958 802 267 559 795 263 320 805 421 236 0 35 739 513 28 769 624 73 524 326 634 470 319 273 652 775 649 63 675 190 484 898 218 824 653 522 639 593 288 80 588 66 771 417 690 412 729 97 380 
957 606 890 929 821 80 819 361 374 202 796 35 0 722 249 477 701 650 299 583 649 368 688 702 424 664 614 167 597 963 633 1000 676 818 699 693 759 530 711 853 538 546 884 235 374 326 199 295 545 774 
66 362 863 647 936 556 486 519 747 540 746 739 722 0 710 743 461 312 206 803 801 800 706 786 708 150 601 206 3 257 225 825 1000 735 241 687 671 760 207 697 959 585 639 353 176 394 419 144 955 679 
516 691 73 873 668 659 375 349 700 838 584 513 249 710 0 741 777 422 730 596 407 418 707 67 740 782 800 533 173 624 413 737 859 345 310 66 179 324 771 844 941 623 302 575 25 565 556 959 823 765 
599 334 35 813 569 525 148 92 761 920 229 28 477 743 741 0 310 148 355 710 927 888 747 786 517 886 834 972 529 450 110 243 237 464 726 525 495 548 397 943 313 896 92 229 619 515 261 529 104 30 
598 506 694 474 507 521 123 800 739 133 399 769 701 461 777 310 0 760 963 580 475 506 193 239 790 861 802 663 788 745 640 251 671 322 785 949 650 541 301 185 847 483 579 813 662 489 751 394 405 33 
122 844 137 612 596 620 879 479 324 526 11 624 650 312 422 148 760 0 518 779 170 556 465 394 214 545 605 612 833 687 116 990 834 742 844 963 186 28 959 985 66 313 150 209 720 400 112 763 614 481 
377 549 106 923 592 422 137 721 810 166 171 73 299 206 730 355 963 518 0 717 241 357 322 247 285 323 629 205 88 549 758 619 985 212 940 855 75 480 77 192 810 803 598 296 920 485 51 1000 314 398 
330 647 16 471 48 603 126 233 468 183 94 524 583 803 596 710 580 779 717 0 631 692 416 851 249 271 515 589 757 544 33 491 583 470 54 610 554 760 547 671 60 612 667 523 462 720 503 467 440 939 
406 293 128 827 181 441 155 466 246 417 186 326 649 801 407 927 475 170 241 631 0 748 803 343 173 295 912 292 748 12 774 678 406 148 875 190 17 691 298 34 573 374 97 257 821 847 311 378 647 473 
368 811 812 532 941 381 680 558 355 222 20 634 368 800 418 888 506 556 357 692 748 0 792 771 595 294 445 679 52 459 863 415 584 959 119 95 433 555 242 186 336 143 672 338 689 873 151 300 333 121 
394 120 46 768 179 853 224 710 256 504 350 470 688 706 707 747 193 465 322 416 803 792 0 499 674 67 63 399 815 256 726 261 68 23 48 341 41 536 285 498 76 248 548 508 817 580 216 800 372 84 
926 523 833 136 324 889 587 276 756 321 333 319 702 786 67 786 239 394 247 851 343 771 499 0 155 835 801 171 964 525 436 664 85 49 790 548 605 32 578 919 99 166 311 376 45 205 561 194 183 504 
766 51 828 556 247 88 593 661 584 361 844 273 424 708 740 517 790 214 285 249 173 595 674 155 0 106 973 255 164 380 920 593 666 266 444 595 653 885 76 25 124 43 544 569 459 924 360 116 356 584 
712 521 725 240 819 198 631 152 491 37 109 652 664 150 782 886 861 545 323 271 295 294 67 835 106 0 944 197 416 588 75 214 337 37 661 104 881 913 979 241 698 380 442 428 948 76 739 626 66 473 
582 393 87 529 521 587 242 725 576 375 243 775 614 601 800 834 802 605 629 515 912 445 63 801 973 944 0 250 182 893 294 799 759 275 80 869 739 794 259 643 476 176 315 494 471 32 727 82 246 404 
81 40 216 658 68 326 258 215 478 103 581 649 167 206 533 972 663 612 205 589 292 679 399 171 255 197 250 0 611 884 943 522 832 686 1000 173 262 347 233 347 374 924 144 563 366 605 79 206 939 359 
189 156 931 904 217 324 441 399 800 28 512 63 597 3 173 529 788 833 88 757 748 52 815 964 164 416 182 611 0 211 705 299 585 434 320 254 383 259 376 926 205 664 573 620 228 244 359 806 772 722 
562 584 501 596 790 259 385 627 669 521 796 675 963 257 624 450 745 687 549 544 12 459 256 525 380 588 893 884 211 0 512 798 217 51 675 1000 894 238 495 260 744 874 707 673 288 669 727 236 198 201 
787 896 905 243 719 90 398 388 866 481 650 190 633 225 413 110 640 116 758 33 774 863 726 436 920 75 294 943 705 512 0 860 255 368 599 222 245 175 491 278 602 393 361 572 663 599 63 594 953 25 
935 329 130 980 910 50 31 950 832 996 676 484 1000 825 737 243 251 990 619 491 678 415 261 664 593 214 799 522 299 798 860 0 402 392 108 792 594 806 502 507 205 532 434 599 208 970 502 570 176 303 
318 842 645 443 779 613 677 939 29 462 248 898 676 1000 859 237 671 834 985 583 406 584 68 85 666 337 759 832 585 217 255 402 0 775 146 735 453 671 959 172 578 311 729 480 229 690 291 421 860 224 
109 122 965 165 956 601 109 308 898 128 985 218 818 735 345 464 322 742 212 470 148 959 23 49 266 37 275 686 434 51 368 392 775 0 280 776 63 427 615 454 355 335 523 660 648 976 359 573 491 180 
667 50 681 224 197 343 657 819 519 69 383 824 699 241 310 726 785 844 940 54 875 119 48 790 444 661 80 1000 320 675 599 108 146 280 0 636 332 422 905 700 967 278 552 101 583 257 639 425 270 572 
833 622 788 362 654 815 668 614 176 319 400 653 693 687 66 525 949 963 855 610 190 95 341 548 595 104 869 173 254 1000 222 792 735 776 636 0 159 917 343 303 303 387 180 979 736 72 675 854 822 992 
263 837 604 734 747 73 654 812 270 605 971 522 759 671 179 495 650 186 75 554 17 433 41 605 653 881 739 262 383 894 245 594 453 63 332 159 0 421 915 387 727 238 320 664 408 621 358 825 440 770 
926 648 195 566 860 764 361 479 490 380 769 639 530 760 324 548 541 28 480 760 691 555 536 32 885 913 794 347 259 238 175 806 671 427 422 917 421 0 625 443 406 921 99 89 586 447 815 633 324 108 
72 50 164 564 600 435 445 649 471 761 622 593 711 207 771 397 301 959 77 547 298 242 285 578 76 979 259 233 376 495 491 502 959 615 905 343 915 625 0 488 397 592 200 127 178 590 484 588 409 154 
810 218 878 825 664 333 438 287 251 150 180 288 853 697 844 943 185 985 192 671 34 186 498 919 25 241 643 347 926 260 278 507 172 454 700 303 387 443 488 0 501 784 644 319 498 152 684 423 534 825 
430 928 287 591 777 873 757 236 164 252 333 80 538 959 941 313 847 66 810 60 573 336 76 99 124 698 476 374 205 744 602 205 578 355 967 303 727 406 397 501 0 292 196 233 969 618 412 354 909 599 
817 623 947 797 770 878 310 709 682 488 607 588 546 585 623 896 483 313 803 612 374 143 248 166 43 380 176 924 664 874 393 532 311 335 278 387 238 921 592 784 292 0 614 493 53 300 430 616 274 2 
300 17 523 441 96 742 909 488 656 970 51 66 884 639 302 92 579 150 598 667 97 672 548 311 544 442 315 144 573 707 361 434 729 523 552 180 320 99 200 644 196 614 0 442 200 413 839 714 668 547 
563 573 507 9 398 831 568 590 381 337 405 771 235 353 575 229 813 209 296 523 257 338 508 376 569 428 494 563 620 673 572 599 480 660 101 979 664 89 127 319 233 493 442 0 667 662 74 884 844 25 
372 607 902 452 891 968 170 708 44 713 580 417 374 176 25 619 662 720 920 462 821 689 817 45 459 948 471 366 228 288 663 208 229 648 583 736 408 586 178 498 969 53 200 667 0 216 252 756 561 696 
502 572 693 858 615 977 282 166 798 193 496 690 326 394 565 515 489 400 485 720 847 873 580 205 924 76 32 605 244 669 599 970 690 976 257 72 621 447 590 152 618 300 413 662 216 0 961 874 524 273 
446 893 333 592 982 632 252 470 379 720 19 412 199 419 556 261 751 112 51 503 311 151 216 561 360 739 727 79 359 727 63 502 291 359 639 675 358 815 484 684 412 430 839 74 252 961 0 209 917 928 
767 895 627 85 567 864 728 888 952 756 854 729 295 144 959 529 394 763 1000 467 378 300 800 194 116 626 82 206 806 236 594 570 421 573 425 854 825 633 588 423 354 616 714 884 756 874 209 0 530 800 
494 719 337 465 420 837 576 428 275 929 399 97 545 955 823 104 405 614 314 440 647 333 372 183 356 66 246 939 772 198 953 176 860 491 270 822 440 324 409 534 909 274 668 844 561 524 917 530 0 667 
829 730 678 381 20 425 164 124 342 981 327 380 774 679 765 30 33 481 398 939 473 121 84 504 584 473 404 359 722 201 25 303 224 180 572 992 770 108 154 825 599 2 547 25 696 273 928 800 667 0 
