60 3
0 75 814 247 295 328 813 605 698 49 232 785 193 86 169 856 986 135 588 869 164 29 52 548 80 367 990 383 247 833 895 883 367 216 346 659 409 244 973 109 586 95 657 541 77 332 572 423 1 202 245 385 470 736 451 611 548 631 32 971 
75 0 282 96 207 213 622 385 266 872 408 895 234 193 612 811 226 707 607 389 454 155 70 77 136 629 316 420 896 354 27 59 597 230 849 342 541 917 555 830 429 915 482 696 908 291 971 904 692 870 915 977 469 174 409 996 415 640 781 349 
814 282 0 668 898 810 527 5 81 866 774 509 482 412 753 659 470 834 325 257 622 979 31 914 165 814 274 70 85 372 854 782 323 78 724 262 642 653 864 938 108 452 452 157 111 168 163 785 759 546 974 299 426 908 131 557 119 139 307 343 
247 96 668 0 189 30 18 626 428 277 60 60 498 577 261 39 125 221 813 251 20 585 40 804 509 692 407 713 126 190 313 769 981 804 66 780 940 861 232 879 422 719 268 201 514 186 377 418 352 975 952 857 808 827 235 209 359 993 414 238 
295 207 898 189 0 789 941 93 594 364 718 408 442 82 40 478 42 648 345 869 210 147 523 676 935 660 795 655 279 129 734 507 115 432 8 179 63 99 483 497 927 438 696 181 570 232 517 770 925 102 920 976 151 972 721 551 12 828 865 307 
328 213 810 30 789 0 281 930 995 566 472 321 520 930 668 380 51 409 332 723 7 244 152 128 676 723 911 891 723 138 324 910 266 927 234 545 459 545 516 41 710 753 380 420 815 629 750 259 390 842 583 129 107 770 396 523 169 497 701 519 
813 622 527 18 941 281 0 30 36 907 676 35 102 756 11 626 55 889 906 864 602 58 962 577 301 240 20 464 471 191 700 900 767 333 851 176 79 920 117 712 656 203 371 958 89 934 824 440 113 351 821 503 772 974 930 813 467 313 224 960 
605 385 5 626 93 930 30 0 211 664 882 166 701 223 497 589 102 895 478 165 924 285 818 376 47 279 452 340 878 639 792 610 959 416 440 312 197 440 434 364 5 980 796 641 226 288 469 715 122 151 109 352 722 288 584 499 556 389 200 664 
698 266 81 428 594 995 36 211 0 458 730 429 51 701 164 122 718 641 318 827 31 896 551 120 531 837 947 969 784 525 355 357 445 865 396 376 101 848 60 710 470 574 36 92 817 628 367 308 266 387 561 204 145 489 929 545 332 630 239 972 
49 872 866 277 364 566 907 664 458 0 718 734 239 214 134 152 594 930 652 333 771 515 258 404 982 43 503 113 588 161 979 981 842 524 755 996 919 407 436 529 67 161 722 133 852 981 975 349 474 577 859 335 370 382 911 774 561 807 28 980 
232 408 774 60 718 472 676 882 730 718 0 166 690 440 40 360 483 174 299 132 4 279 919 295 749 612 219 797 432 829 383 398 928 332 637 424 133 640 755 454 756 727 974 661 600 426 685 937 989 369 440 237 976 820 624 365 129 983 729 780 
785 895 509 60 408 321 35 166 429 734 166 0 328 135 677 953 221 500 307 579 517 302 934 93 421 847 158 566 768 295 125 492 853 57 522 574 161 417 615 385 124 512 430 739 954 149 746 434 889 624 188 487 651 336 115 898 781 196 274 216 
193 234 482 498 442 520 102 701 51 239 690 328 0 232 625 431 815 446 623 732 752 332 343 700 145 292 731 817 457 446 812 552 455 843 512 579 552 666 890 536 364 351 117 248 188 186 391 354 26 511 239 468 824 438 582 921 851 853 35 996 
86 193 412 577 82 930 756 223 701 214 440 135 232 0 594 787 53 710 897 315 290 540 698 377 684 371 807 18 799 923 95 432 156 27 657 60 492 815 724 370 840 258 996 638 988 503 799 453 213 646 414 441 203 631 543 55 895 560 595 779 
169 612 753 261 40 668 11 497 164 134 40 677 625 594 0 195 485 752 933 497 980 153 880 871 387 974 79 403 893 421 162 944 710 234 921 691 113 937 832 42 668 923 362 35 891 118 270 139 384 383 71 42 972 266 821 331 526 444 251 666 
856 811 659 39 478 380 626 589 122 152 360 953 431 787 195 0 360 491 553 413 536 688 926 191 367 611 850 86 919 534 639 624 269 30 126 249 724 576 537 310 352 231 896 536 432 92 913 578 228 907 213 869 984 346 627 36 128 723 543 364 
986 226 470 125 42 51 55 102 718 594 483 221 815 53 485 360 0 756 64 249 185 98 100 470 575 635 134 592 937 461 434 890 135 41 242 121 832 587 596 431 746 896 701 147 393 744 983 796 821 394 463 17 747 811 298 850 388 591 68 143 
135 707 834 221 648 409 889 895 641 930 174 500 446 710 752 491 756 0 985 216 829 522 926 466 760 263 770 556 914 310 147 847 726 776 792 566 454 596 183 871 9 269 747 958 339 649 616 495 854 67 660 133 898 266 740 928 115 263 730 567 
588 607 325 813 345 332 906 478 318 652 299 307 623 897 933 553 64 985 0 780 736 80 222 457 41 657 79 947 503 131 615 357 354 771 774 146 547 955 182 634 571 240 189 723 456 226 628 210 415 738 174 83 470 464 151 508 898 813 828 787 
869 389 257 251 869 723 864 165 827 333 132 579 732 315 497 413 249 216 780 0 78 642 694 484 581 749 243 506 737 577 892 811 665 51 214 386 741 437 664 928 930 881 237 290 488 119 139 163 692 274 456 848 891 681 132 409 356 617 896 356 
164 454 622 20 210 7 602 924 31 771 4 517 752 290 980 536 185 829 736 78 0 598 458 297 290 208 497 29 763 73 544 979 730 769 793 162 389 733 255 254 659 883 855 983 199 449 593 728 616 612 220 905 148 281 822 792 7 839 168 4 
29 155 979 585 147 244 58 285 896 515 279 302 332 540 153 688 98 522 80 642 598 0 19 434 122 252 305 737 416 12 510 945 434 323 181 778 88 920 808 661 147 117 413 75 129 97 415 1 236 630 133 166 838 658 486 747 77 450 309 722 
52 70 31 40 523 152 962 818 551 258 919 934 343 698 880 926 100 926 222 694 458 19 0 199 267 824 280 338 219 994 131 477 773 899 388 227 471 467 165 144 437 480 614 290 95 217 176 82 726 937 890 325 510 241 332 220 522 467 428 808 
548 77 914 804 676 128 577 376 120 404 295 93 700 377 871 191 470 466 457 484 297 434 199 0 398 825 511 17 400 358 656 539 695 746 40 8 365 320 11 919 427 702 610 642 415 815 158 112 642 573 936 876 676 844 443 529 181 910 677 795 
80 136 165 509 935 676 301 47 531 982 749 421 145 684 387 367 575 760 41 581 290 122 267 398 0 749 828 889 294 153 825 217 428 408 964 352 556 478 479 104 431 916 108 82 680 215 169 819 726 386 998 812 522 966 93 486 495 455 410 738 
367 629 814 692 660 723 240 279 837 43 612 847 292 371 974 611 635 263 657 749 208 252 824 825 749 0 415 955 298 212 901 944 288 674 127 92 540 74 465 273 814 147 786 553 220 825 245 130 205 293 71 271 858 58 228 270 681 872 996 839 
990 316 274 407 795 911 20 452 947 503 219 158 731 807 79 850 134 770 79 243 497 305 280 511 828 415 0 790 512 543 215 661 519 791 587 630 132 784 923 697 990 576 430 406 104 354 681 43 431 975 343 991 67 997 933 872 790 46 38 542 
383 420 70 713 655 891 464 340 969 113 797 566 817 18 403 86 592 556 947 506 29 737 338 17 889 955 790 0 924 641 573 348 325 432 689 989 766 414 755 847 823 464 378 368 5 969 129 123 863 253 487 200 230 553 659 910 214 930 958 361 
247 896 85 126 279 723 471 878 784 588 432 768 457 799 893 919 937 914 503 737 763 416 219 400 294 298 512 924 0 559 983 566 789 292 558 414 693 556 340 158 964 100 855 193 655 856 446 134 489 44 491 143 982 621 893 535 408 143 33 283 
833 354 372 190 129 138 191 639 525 161 829 295 446 923 421 534 461 310 131 577 73 12 994 358 153 212 543 641 559 0 872 856 672 921 345 500 819 841 896 322 581 225 599 678 496 583 392 411 507 337 338 578 719 770 390 350 932 62 537 978 
895 27 854 313 734 324 700 792 355 979 383 125 812 95 162 639 434 147 615 892 544 510 131 656 825 901 215 573 983 872 0 934 304 29 647 102 531 341 797 504 815 45 873 450 626 52 898 497 759 599 5 103 969 833 843 91 207 390 342 872 
883 59 782 769 507 910 900 610 357 981 398 492 552 432 944 624 890 847 357 811 979 945 477 539 217 944 661 348 566 856 934 0 61 317 90 955 38 432 30 510 272 528 727 775 300 11 269 805 840 223 743 895 774 611 40 566 281 74 553 250 
367 597 323 981 115 266 767 959 445 842 928 853 455 156 710 269 135 726 354 665 730 434 773 695 428 288 519 325 789 672 304 61 0 342 838 411 289 437 940 680 992 682 36 635 583 886 636 187 830 417 543 107 537 962 929 87 217 234 111 377 
216 230 78 804 432 927 333 416 865 524 332 57 843 27 234 30 41 776 771 51 769 323 899 746 408 674 791 432 292 921 29 317 342 0 167 295 286 622 239 39 316 998 259 685 952 592 381 953 354 683 536 608 948 472 353 867 121 277 896 18 
346 849 724 66 8 234 851 440 396 755 637 522 512 657 921 126 242 792 774 214 793 181 388 40 964 127 587 689 558 345 647 90 838 167 0 446 637 498 585 859 651 120 21 370 844 719 940 814 702 553 789 662 871 416 756 641 113 853 803 384 
659 342 262 780 179 545 176 312 376 996 424 574 579 60 691 249 121 566 146 386 162 778 227 8 352 92 630 989 414 500 102 955 411 295 446 0 537 893 221 703 763 947 899 884 266 952 70 514 524 874 695 737 833 761 402 763 28 773 425 860 
409 541 642 940 63 459 79 197 101 919 133 161 552 492 113 724 832 454 547 741 389 88 471 365 556 540 132 766 693 819 531 38 289 286 637 537 0 190 660 74 766 56 902 929 67 208 890 301 818 62 639 512 915 509 480 496 432 80 757 900 
244 917 653 861 99 545 920 440 848 407 640 417 666 815 937 576 587 596 955 437 733 920 467 320 478 74 784 414 556 841 341 432 437 622 498 893 190 0 495 365 563 273 839 74 682 897 544 191 992 983 1000 296 389 844 360 766 258 189 533 654 
973 555 864 232 483 516 117 434 60 436 755 615 890 724 832 537 596 183 182 664 255 808 165 11 479 465 923 755 340 896 797 30 940 239 585 221 660 495 0 801 691 18 651 409 986 712 428 805 928 227 453 454 539 608 661 907 323 381 372 506 
109 830 938 879 497 41 712 364 710 529 454 385 536 370 42 310 431 871 634 928 254 661 144 919 104 273 697 847 158 322 504 510 680 39 859 703 74 365 801 0 579 855 91 898 162 846 577 519 561 434 672 23 101 346 862 271 5 951 790 134 
586 429 108 422 927 710 656 5 470 67 756 124 364 840 668 352 746 9 571 930 659 147 437 427 431 814 990 823 964 581 815 272 992 316 651 763 766 563 691 579 0 27 974 404 878 500 946 855 335 908 880 760 563 703 325 960 142 385 175 42 
95 915 452 719 438 753 203 980 574 161 727 512 351 258 923 231 896 269 240 881 883 117 480 702 916 147 576 464 100 225 45 528 682 998 120 947 56 273 18 855 27 0 881 58 932 756 523 698 497 557 349 236 44 406 518 209 376 57 685 531 
657 482 452 268 696 380 371 796 36 722 974 430 117 996 362 896 701 747 189 237 855 413 614 610 108 786 430 378 855 599 873 727 36 259 21 899 902 839 651 91 974 881 0 399 593 610 171 986 1000 83 582 818 950 800 152 194 7 45 41 523 
541 696 157 201 181 420 958 641 92 133 661 739 248 638 35 536 147 958 723 290 983 75 290 642 82 553 406 368 193 678 450 775 635 685 370 884 929 74 409 898 404 58 399 0 620 856 803 198 617 279 64 767 612 770 787 637 990 275 470 484 
77 908 111 514 570 815 89 226 817 852 600 954 188 988 891 432 393 339 456 488 199 129 95 415 680 220 104 5 655 496 626 300 583 952 844 266 67 682 986 162 878 932 593 620 0 338 698 920 39 78 660 760 125 652 23 342 628 243 650 931 
332 291 168 186 232 629 934 288 628 981 426 149 186 503 118 92 744 649 226 119 449 97 217 815 215 825 354 969 856 583 52 11 886 592 719 952 208 897 712 846 500 756 610 856 338 0 874 867 186 301 720 142 935 496 654 422 800 403 559 385 
572 971 163 377 517 750 824 469 367 975 685 746 391 799 270 913 983 616 628 139 593 415 176 158 169 245 681 129 446 392 898 269 636 381 940 70 890 544 428 577 946 523 171 803 698 874 0 881 647 879 624 301 913 334 644 171 731 785 853 872 
423 904 785 418 770 259 440 715 308 349 937 434 354 453 139 578 796 495 210 163 728 1 82 112 819 130 43 123 134 411 497 805 187 953 814 514 301 191 805 519 855 698 986 198 920 867 881 0 830 361 309 922 801 129 462 637 961 334 167 260 
1 692 759 352 925 390 113 122 266 474 989 889 26 213 384 228 821 854 415 692 616 236 726 642 726 205 431 863 489 507 759 840 830 354 702 524 818 992 928 561 335 497 1000 617 39 186 647 830 0 244 965 271 253 166 207 143 418 860 811 512 
202 870 546 975 102 842 351 151 387 577 369 624 511 646 383 907 394 67 738 274 612 630 937 573 386 293 975 253 44 337 599 223 417 683 553 874 62 983 227 434 908 557 83 279 78 301 879 361 244 0 90 365 89 144 691 411 2 517 529 40 
245 915 974 952 920 583 821 109 561 859 440 188 239 414 71 213 463 660 174 456 220 133 890 936 998 71 343 487 491 338 5 743 543 536 789 695 639 1000 453 672 880 349 582 64 660 720 624 309 965 90 0 785 961 686 292 739 526 41 188 120 
385 977 299 857 976 129 503 352 204 335 237 487 468 441 42 869 17 133 83 848 905 166 325 876 812 271 991 200 143 578 103 895 107 608 662 737 512 296 454 23 760 236 818 767 760 142 301 922 271 365 785 0 953 98 604 431 942 589 911 73 
470 469 426 808 151 107 772 722 145 370 976 651 824 203 972 984 747 898 470 891 148 838 510 676 522 858 67 230 982 719 969 774 537 948 871 833 915 389 539 101 563 44 950 612 125 935 913 801 253 89 961 953 0 363 11 583 20 792 326 965 
736 174 908 827 972 770 974 288 489 382 820 336 438 631 266 346 811 266 464 681 281 658 241 844 966 58 997 553 621 770 833 611 962 472 416 761 509 844 608 346 703 406 800 770 652 496 334 129 166 144 686 98 363 0 761 742 370 252 564 774 
451 409 131 235 721 396 930 584 929 911 624 115 582 543 821 627 298 740 151 132 822 486 332 443 93 228 933 659 893 390 843 40 929 353 756 402 480 360 661 862 325 518 152 787 23 654 644 462 207 691 292 604 11 761 0 380 439 190 781 638 
611 996 557 209 551 523 813 499 545 774 365 898 921 55 331 36 850 928 508 409 792 747 220 529 486 270 872 910 535 350 91 566 87 867 641 763 496 766 907 271 960 209 194 637 342 422 171 637 143 411 739 431 583 742 380 0 367 694 271 47 
548 415 119 359 12 169 467 556 332 561 129 781 851 895 526 128 388 115 898 356 7 77 522 181 495 681 790 214 408 932 207 281 217 121 113 28 432 258 323 5 142 376 7 990 628 800 731 961 418 2 526 942 20 370 439 367 0 377 615 640 
631 640 139 993 828 497 313 389 630 807 983 196 853 560 444 723 591 263 813 617 839 450 467 910 455 872 46 930 143 62 390 74 234 277 853 773 80 189 381 951 385 57 45 275 243 403 785 334 860 517 41 589 792 252 190 694 377 0 333 256 
32 781 307 414 865 701 224 200 239 28 729 274 35 595 251 543 68 730 828 896 168 309 428 677 410 996 38 958 33 537 342 553 111 896 803 425 757 533 372 790 175 685 41 470 650 559 853 167 811 529 188 911 326 564 781 271 615 333 0 911 
971 349 343 238 307 519 960 664 972 980 780 216 996 779 666 364 143 567 787 356 4 722 808 795 738 839 542 361 283 978 872 250 377 18 384 860 900 654 506 134 42 531 523 484 931 385 872 260 512 40 120 73 965 774 638 47 640 256 911 0 
0 344 24 106 665 114 706 74 293 752 367 356 254 489 476 981 93 364 545 716 100 27 866 938 704 185 163 353 401 536 739 574 989 985 512 518 516 444 276 12 734 742 269 9 895 890 796 505 708 746 496 96 330 690 443 662 535 986 105 834 
344 0 227 901 53 336 982 412 482 106 324 510 275 933 183 334 234 317 454 433 900 310 408 605 463 924 589 782 340 528 105 823 383 571 682 628 551 826 244 131 638 537 849 807 935 560 855 425 279 719 564 445 998 341 523 669 664 938 652 915 
24 227 0 715 762 960 656 587 813 373 435 306 366 362 591 984 74 229 412 528 293 66 88 161 878 561 590 573 745 408 301 992 858 329 776 435 323 835 45 488 94 365 909 382 628 915 785 488 769 44 300 222 228 841 83 466 191 136 585 655 
106 901 715 0 883 85 215 161 486 868 176 810 223 338 700 653 951 906 424 825 381 108 619 193 681 926 84 569 390 376 454 422 630 270 664 662 677 638 500 554 496 764 427 790 469 149 285 308 871 715 849 380 631 480 690 192 900 149 923 807 
665 53 762 883 0 553 726 769 653 912 880 55 477 977 640 987 245 761 422 299 99 593 442 713 571 329 555 479 484 788 122 886 688 953 865 467 35 54 407 646 739 14 602 489 576 924 765 460 153 934 89 130 563 379 867 173 568 873 348 948 
114 336 960 85 553 0 884 311 459 245 503 79 857 857 527 559 202 841 71 480 170 107 190 613 952 554 715 323 141 670 972 355 806 974 886 637 380 622 559 924 253 690 610 827 151 474 736 24 402 281 976 758 151 371 994 709 900 458 114 30 
706 982 656 215 726 884 0 165 792 823 266 975 804 818 767 573 1000 973 681 850 425 124 605 398 885 222 39 371 391 434 539 109 532 13 704 696 640 182 751 312 450 924 469 640 213 307 184 448 27 969 131 960 465 328 884 479 828 559 230 807 
74 412 587 161 769 311 165 0 214 282 466 131 177 191 39 540 428 893 496 614 869 116 698 397 425 167 684 466 599 887 964 559 640 186 424 479 14 594 793 448 910 440 759 824 69 578 865 59 171 558 951 143 81 324 847 105 191 681 850 120 
293 482 813 486 653 459 792 214 0 860 250 736 420 173 111 64 729 969 317 580 412 876 504 809 330 53 770 424 36 985 760 20 684 215 82 662 990 780 190 82 388 811 707 125 575 381 980 931 131 334 965 129 633 395 332 688 321 946 49 712 
752 106 373 868 912 245 823 282 860 0 325 562 13 862 677 748 961 119 499 797 984 344 813 381 844 112 405 728 614 361 771 223 425 827 321 584 884 749 362 851 119 15 644 723 688 196 33 750 740 999 291 864 823 661 786 501 473 747 656 196 
367 324 435 176 880 503 266 466 250 325 0 910 572 67 529 673 209 272 967 45 283 507 439 688 161 925 605 475 546 572 713 497 895 369 339 955 867 968 87 331 890 315 6 17 694 750 234 623 329 711 528 657 490 763 523 358 646 227 133 424 
356 510 306 810 55 79 975 131 736 562 910 0 72 137 465 522 729 608 514 561 808 257 650 369 474 253 299 452 94 532 924 622 628 796 927 438 844 778 168 439 78 298 359 43 825 908 541 251 247 846 405 661 168 450 426 578 972 556 58 841 
254 275 366 223 477 857 804 177 420 13 572 72 0 974 74 812 579 93 865 630 104 62 506 361 852 992 892 848 36 118 717 483 557 350 719 377 286 975 571 869 237 895 523 813 743 744 478 991 694 102 540 122 246 285 690 806 960 867 681 793 
489 933 362 338 977 857 818 191 173 862 67 137 974 0 838 897 705 972 425 955 193 556 294 269 786 1000 269 601 251 831 712 555 339 895 493 723 374 784 360 795 668 302 474 500 856 943 999 144 412 38 930 828 948 306 399 813 710 879 274 736 
476 183 591 700 640 527 767 39 111 677 529 465 74 838 0 434 853 700 90 950 245 787 787 392 382 900 761 863 342 705 306 512 460 919 785 69 151 921 380 798 716 219 982 157 662 298 239 638 655 28 994 781 201 585 686 728 900 859 682 154 
981 334 984 653 987 559 573 540 64 748 673 522 812 897 434 0 61 516 457 191 510 939 97 929 460 180 646 259 17 115 277 787 985 563 479 122 146 222 442 466 284 800 968 72 88 478 742 675 857 691 755 62 192 231 382 670 154 921 764 245 
93 234 74 951 245 202 1000 428 729 961 209 729 579 705 853 61 0 587 700 736 596 342 561 393 640 961 443 528 83 230 949 544 749 903 551 521 359 543 725 176 613 104 373 499 729 984 524 212 509 318 207 400 419 392 286 6 708 178 844 220 
364 317 229 906 761 841 973 893 969 119 272 608 93 972 700 516 587 0 824 69 534 861 812 82 737 489 987 527 622 959 626 251 551 94 82 592 310 61 854 314 419 940 71 378 810 278 48 788 280 518 439 767 410 533 302 277 503 290 874 535 
545 454 412 424 422 71 681 496 317 499 967 514 865 425 90 457 700 824 0 865 358 775 105 947 507 682 519 879 577 887 178 859 881 672 299 778 209 474 882 73 554 67 624 455 285 408 777 668 116 350 886 4 612 137 392 288 761 737 655 826 
716 433 528 825 299 480 850 614 580 797 45 561 630 955 950 191 736 69 865 0 472 901 38 916 7 648 285 907 195 372 14 115 778 911 31 158 283 362 283 298 131 559 746 751 860 697 510 582 696 9 473 874 401 604 139 434 512 329 550 875 
100 900 293 381 99 170 425 869 412 984 283 808 104 193 245 510 596 534 358 472 0 704 783 93 252 415 304 815 86 697 188 793 732 270 157 933 854 75 298 619 205 6 671 823 841 923 609 294 693 446 309 94 664 640 166 116 533 923 844 152 
27 310 66 108 593 107 124 116 876 344 507 257 62 556 787 939 342 861 775 901 704 0 426 542 383 545 518 948 491 769 793 243 75 762 863 425 810 719 87 913 757 868 70 12 387 999 165 63 649 886 263 519 8 294 657 841 154 13 999 96 
866 408 88 619 442 190 605 698 504 813 439 650 506 294 787 97 561 812 105 38 783 426 0 541 819 483 664 138 138 33 369 350 347 167 164 736 339 79 653 789 124 25 410 537 309 96 856 846 37 93 179 194 251 226 313 342 973 757 474 163 
938 605 161 193 713 613 398 397 809 381 688 369 361 269 392 929 393 82 947 916 93 542 541 0 595 904 523 234 244 487 502 414 705 149 255 219 465 15 491 698 42 168 374 956 264 473 951 6 16 765 958 164 653 18 691 914 398 115 354 182 
704 463 878 681 571 952 885 425 330 844 161 474 852 786 382 460 640 737 507 7 252 383 819 595 0 747 630 482 726 383 869 514 32 980 490 442 115 638 185 945 25 646 963 411 832 953 791 972 72 744 743 583 213 142 937 599 328 596 151 947 
185 924 561 926 329 554 222 167 53 112 925 253 992 1000 900 180 961 489 682 648 415 545 483 904 747 0 433 671 793 525 496 627 50 92 288 598 233 287 813 848 609 520 223 746 508 84 722 360 576 764 92 734 378 905 707 740 213 841 382 710 
163 589 590 84 555 715 39 684 770 405 605 299 892 269 761 646 443 987 519 285 304 518 664 523 630 433 0 848 210 480 200 681 159 904 818 972 677 766 677 328 41 630 3 903 649 713 982 453 117 157 44 678 130 490 861 736 3 26 269 328 
353 782 573 569 479 323 371 466 424 728 475 452 848 601 863 259 528 527 879 907 815 948 138 234 482 671 848 0 105 520 270 113 3 616 357 788 865 719 507 667 487 919 119 886 895 794 45 204 482 288 221 914 516 728 277 480 112 374 987 172 
401 340 745 390 484 141 391 599 36 614 546 94 36 251 342 17 83 622 577 195 86 491 138 244 726 793 210 105 0 78 816 212 727 163 421 841 422 223 391 773 414 283 544 487 735 7 48 878 236 44 373 167 360 877 894 393 884 185 570 956 
536 528 408 376 788 670 434 887 985 361 572 532 118 831 705 115 230 959 887 372 697 769 33 487 383 525 480 520 78 0 578 839 872 253 595 264 94 99 784 881 198 331 881 152 356 370 192 987 405 200 866 222 474 884 282 440 959 278 987 275 
739 105 301 454 122 972 539 964 760 771 713 924 717 712 306 277 949 626 178 14 188 793 369 502 869 496 200 270 816 578 0 703 267 648 850 55 807 62 875 704 356 928 296 511 876 509 74 417 738 475 259 984 157 767 68 673 99 51 333 918 
574 823 992 422 886 355 109 559 20 223 497 622 483 555 512 787 544 251 859 115 793 243 350 414 514 627 681 113 212 839 703 0 557 306 114 193 348 657 784 457 71 458 78 445 792 928 544 185 522 746 490 418 116 928 568 807 165 738 31 206 
989 383 858 630 688 806 532 640 684 425 895 628 557 339 460 985 749 551 881 778 732 75 347 705 32 50 159 3 727 872 267 557 0 439 717 830 789 789 635 527 508 68 461 524 220 612 695 953 508 819 497 549 127 735 852 249 275 684 428 359 
985 571 329 270 953 974 13 186 215 827 369 796 350 895 919 563 903 94 672 911 270 762 167 149 980 92 904 616 163 253 648 306 439 0 339 760 51 914 320 969 11 816 674 882 440 984 346 610 964 142 715 408 758 121 332 48 333 737 577 215 
512 682 776 664 865 886 704 424 82 321 339 927 719 493 785 479 551 82 299 31 157 863 164 255 490 288 818 357 421 595 850 114 717 339 0 782 331 869 111 884 943 90 406 9 437 564 402 615 8 140 376 696 51 866 779 345 366 617 492 535 
518 628 435 662 467 637 696 479 662 584 955 438 377 723 69 122 521 592 778 158 933 425 736 219 442 598 972 788 841 264 55 193 830 760 782 0 192 471 812 153 423 798 121 871 362 396 602 787 484 549 829 121 772 936 516 334 727 750 673 957 
516 551 323 677 35 380 640 14 990 884 867 844 286 374 151 146 359 310 209 283 854 810 339 465 115 233 677 865 422 94 807 348 789 51 331 192 0 391 224 528 721 251 673 129 469 926 517 495 292 680 970 542 998 945 925 330 86 911 934 787 
444 826 835 638 54 622 182 594 780 749 968 778 975 784 921 222 543 61 474 362 75 719 79 15 638 287 766 719 223 99 62 657 789 914 869 471 391 0 453 400 850 619 914 231 443 224 103 283 658 538 378 951 85 953 584 869 901 434 44 934 
276 244 45 500 407 559 751 793 190 362 87 168 571 360 380 442 725 854 882 283 298 87 653 491 185 813 677 507 391 784 875 784 635 320 111 812 224 453 0 180 973 613 551 869 465 697 326 738 268 640 434 635 685 532 83 282 121 260 954 917 
12 131 488 554 646 924 312 448 82 851 331 439 869 795 798 466 176 314 73 298 619 913 789 698 945 848 328 667 773 881 704 457 527 969 884 153 528 400 180 0 52 310 155 384 17 380 309 38 311 189 80 784 233 728 177 266 614 831 10 88 
734 638 94 496 739 253 450 910 388 119 890 78 237 668 716 284 613 419 554 131 205 757 124 42 25 609 41 487 414 198 356 71 508 11 943 423 721 850 973 52 0 221 25 576 778 241 167 760 919 162 4 96 618 651 789 567 205 972 228 382 
742 537 365 764 14 690 924 440 811 15 315 298 895 302 219 800 104 940 67 559 6 868 25 168 646 520 630 919 283 331 928 458 68 816 90 798 251 619 613 310 221 0 245 787 917 33 32 343 209 303 528 952 517 544 76 575 17 658 6 799 
269 849 909 427 602 610 469 759 707 644 6 359 523 474 982 968 373 71 624 746 671 70 410 374 963 223 3 119 544 881 296 78 461 674 406 121 673 914 551 155 25 245 0 66 465 733 91 859 748 841 356 31 158 227 16 707 49 544 205 656 
9 807 382 790 489 827 640 824 125 723 17 43 813 500 157 72 499 378 455 751 823 12 537 956 411 746 903 886 487 152 511 445 524 882 9 871 129 231 869 384 576 787 66 0 921 854 422 949 405 104 159 59 207 74 100 466 59 676 775 632 
895 935 628 469 576 151 213 69 575 688 694 825 743 856 662 88 729 810 285 860 841 387 309 264 832 508 649 895 735 356 876 792 220 440 437 362 469 443 465 17 778 917 465 921 0 527 735 168 549 546 569 673 295 532 562 128 250 696 431 114 
890 560 915 149 924 474 307 578 381 196 750 908 744 943 298 478 984 278 408 697 923 999 96 473 953 84 713 794 7 370 509 928 612 984 564 396 926 224 697 380 241 33 733 854 527 0 346 177 349 61 947 355 268 857 616 62 342 8 93 995 
796 855 785 285 765 736 184 865 980 33 234 541 478 999 239 742 524 48 777 510 609 165 856 951 791 722 982 45 48 192 74 544 695 346 402 602 517 103 326 309 167 32 91 422 735 346 0 936 510 532 113 612 380 494 692 406 946 425 808 815 
505 425 488 308 460 24 448 59 931 750 623 251 991 144 638 675 212 788 668 582 294 63 846 6 972 360 453 204 878 987 417 185 953 610 615 787 495 283 738 38 760 343 859 949 168 177 936 0 76 534 281 609 771 248 893 640 765 139 387 474 
708 279 769 871 153 402 27 171 131 740 329 247 694 412 655 857 509 280 116 696 693 649 37 16 72 576 117 482 236 405 738 522 508 964 8 484 292 658 268 311 919 209 748 405 549 349 510 76 0 839 130 918 311 448 317 540 632 968 400 34 
746 719 44 715 934 281 969 558 334 999 711 846 102 38 28 691 318 518 350 9 446 886 93 765 744 764 157 288 44 200 475 746 819 142 140 549 680 538 640 189 162 303 841 104 546 61 532 534 839 0 972 922 140 280 565 101 158 763 212 621 
496 564 300 849 89 976 131 951 965 291 528 405 540 930 994 755 207 439 886 473 309 263 179 958 743 92 44 221 373 866 259 490 497 715 376 829 970 378 434 80 4 528 356 159 569 947 113 281 130 972 0 418 415 789 492 43 754 469 460 873 
96 445 222 380 130 758 960 143 129 864 657 661 122 828 781 62 400 767 4 874 94 519 194 164 583 734 678 914 167 222 984 418 549 408 696 121 542 951 635 784 96 952 31 59 673 355 612 609 918 922 418 0 94 321 862 851 130 345 432 746 
330 998 228 631 563 151 465 81 633 823 490 168 246 948 201 192 419 410 612 401 664 8 251 653 213 378 130 516 360 474 157 116 127 758 51 772 998 85 685 233 618 517 158 207 295 268 380 771 311 140 415 94 0 981 947 195 164 929 723 424 
690 341 841 480 379 371 328 324 395 661 763 450 285 306 585 231 392 533 137 604 640 294 226 18 142 905 490 728 877 884 767 928 735 121 866 936 945 953 532 728 651 544 227 74 532 857 494 248 448 280 789 321 981 0 746 956 785 336 325 192 
443 523 83 690 867 994 884 847 332 786 523 426 690 399 686 382 286 302 392 139 166 657 313 691 937 707 861 277 894 282 68 568 852 332 779 516 925 584 83 177 789 76 16 100 562 616 692 893 317 565 492 862 947 746 0 10 282 594 635 416 
662 669 466 192 173 709 479 105 688 501 358 578 806 813 728 670 6 277 288 434 116 841 342 914 599 740 736 480 393 440 673 807 249 48 345 334 330 869 282 266 567 575 707 466 128 62 406 640 540 101 43 851 195 956 10 0 701 910 252 228 
535 664 191 900 568 900 828 191 321 473 646 972 960 710 900 154 708 503 761 512 533 154 973 398 328 213 3 112 884 959 99 165 275 333 366 727 86 901 121 614 205 17 49 59 250 342 946 765 632 158 754 130 164 785 282 701 0 2 668 834 
986 938 136 149 873 458 559 681 946 747 227 556 867 879 859 921 178 290 737 329 923 13 757 115 596 841 26 374 185 278 51 738 684 737 617 750 911 434 260 831 972 658 544 676 696 8 425 139 968 763 469 345 929 336 594 910 2 0 171 139 
105 652 585 923 348 114 230 850 49 656 133 58 681 274 682 764 844 874 655 550 844 999 474 354 151 382 269 987 570 987 333 31 428 577 492 673 934 44 954 10 228 6 205 775 431 93 808 387 400 212 460 432 723 325 635 252 668 171 0 276 
834 915 655 807 948 30 807 120 712 196 424 841 793 736 154 245 220 535 826 875 152 96 163 182 947 710 328 172 956 275 918 206 359 215 535 957 787 934 917 88 382 799 656 632 114 995 815 474 34 621 873 746 424 192 416 228 834 139 276 0 
0 303 37 183 677 234 656 15 274 823 551 519 393 380 391 957 173 338 578 698 62 131 722 994 694 130 241 389 401 657 746 628 963 962 570 478 385 503 336 117 762 827 291 63 764 884 833 593 591 771 296 103 438 745 454 528 603 888 47 846 
303 0 308 876 191 227 985 494 562 42 528 531 318 760 137 179 190 299 402 360 690 272 328 614 633 883 601 791 382 571 92 760 286 651 687 795 631 893 164 265 667 711 933 999 834 374 770 484 328 799 611 282 963 268 672 757 426 842 563 915 
37 308 0 464 802 951 789 584 798 485 407 301 237 300 531 789 86 390 397 650 398 100 159 57 605 472 695 410 725 278 283 979 858 270 820 298 144 709 159 630 152 369 874 404 626 630 937 483 788 103 366 162 187 811 73 523 26 175 565 724 
183 876 464 0 798 174 248 290 547 807 148 628 272 274 615 729 975 750 382 675 388 144 566 205 723 775 158 428 292 426 695 442 647 333 746 693 521 619 508 539 455 590 416 733 455 135 241 265 963 740 831 306 424 572 624 280 780 165 700 595 
677 191 802 798 0 507 567 838 634 891 811 19 576 844 522 874 211 872 518 152 216 501 353 582 352 322 504 447 454 786 83 827 685 928 848 538 260 109 402 559 730 42 590 347 441 976 758 387 320 897 165 188 553 361 990 247 702 831 461 873 
234 227 951 174 507 0 762 285 440 127 614 109 738 693 745 439 275 553 116 488 89 14 384 559 902 437 723 458 203 655 944 354 855 925 835 587 274 785 559 949 377 707 681 824 130 443 489 75 427 312 1000 618 132 429 929 549 910 226 142 189 
656 985 789 248 567 762 0 194 744 846 410 936 664 805 912 807 975 909 544 648 293 41 609 260 889 260 83 308 575 467 598 130 335 53 807 579 580 250 914 390 284 991 647 712 196 359 229 113 164 932 159 826 359 270 856 373 884 617 288 858 
15 494 584 290 838 285 194 0 327 165 467 177 200 239 17 560 430 838 463 637 983 220 779 401 355 235 596 488 572 729 982 602 522 255 476 398 99 436 780 529 822 439 802 864 76 619 735 172 252 349 947 91 144 365 728 45 222 650 799 129 
274 562 798 547 634 440 744 327 0 946 192 634 491 213 167 182 577 869 287 605 435 713 577 819 326 60 760 337 41 844 859 53 628 371 113 679 968 692 100 84 417 760 636 129 678 288 977 881 240 335 862 148 556 383 253 667 247 969 88 849 
823 42 485 807 891 127 846 165 946 0 342 491 29 929 643 799 761 73 553 883 873 496 870 409 669 120 384 583 501 409 837 344 603 755 316 593 875 634 277 769 48 61 803 540 814 206 169 777 722 969 280 881 777 547 748 488 475 798 647 131 
551 528 407 148 811 614 410 467 192 342 0 992 292 116 657 687 181 351 791 91 155 338 393 739 133 862 464 515 581 680 757 529 908 394 453 962 724 994 176 346 957 406 199 151 521 787 80 712 350 674 390 616 523 718 679 219 513 304 275 427 
519 531 301 628 19 109 936 177 634 491 992 0 64 238 373 535 692 525 428 593 744 234 571 400 368 300 167 181 26 525 929 522 706 866 946 615 824 991 115 530 16 362 299 33 663 955 500 255 267 959 547 892 142 323 446 594 849 421 43 968 
393 318 237 272 576 738 664 200 491 29 292 64 0 947 36 892 369 129 822 464 119 120 631 398 783 954 932 797 63 148 547 559 487 468 752 429 375 746 541 827 205 826 522 942 686 651 426 914 708 44 718 239 92 470 830 742 848 798 744 949 
380 760 300 274 844 693 805 239 213 929 116 238 947 0 911 761 690 747 551 845 191 487 148 46 634 802 232 594 490 926 594 588 352 995 418 627 430 755 228 692 568 423 507 467 785 864 980 146 290 15 838 983 919 247 317 780 852 763 416 775 
391 137 531 615 522 745 912 17 167 643 657 373 36 911 0 472 731 624 134 864 207 766 776 403 330 949 782 952 288 605 204 489 442 924 717 233 93 829 203 834 579 154 942 311 732 264 172 600 742 66 990 824 190 528 648 811 859 850 711 234 
957 179 789 729 874 439 807 560 182 799 687 535 892 761 472 0 45 550 466 341 449 988 57 917 343 146 704 326 63 126 283 723 764 627 369 236 338 319 453 584 424 662 863 70 255 490 654 830 900 770 813 93 349 332 412 601 158 767 669 242 
173 190 86 975 211 275 975 430 577 761 181 692 369 690 731 45 0 641 647 776 697 396 569 302 642 840 492 496 173 231 931 602 857 883 659 388 402 514 873 364 850 242 409 473 743 999 540 305 486 323 241 457 535 356 293 4 665 220 935 140 
338 299 390 750 872 553 909 838 869 73 351 525 129 747 624 550 641 0 785 1 747 855 724 127 872 273 852 430 669 996 593 231 577 176 20 584 339 66 854 256 486 991 46 515 670 354 190 837 358 651 651 811 308 510 146 380 537 196 783 430 
578 402 397 382 518 116 544 463 287 553 791 428 822 551 134 466 647 785 0 844 405 808 66 851 347 626 397 846 715 930 94 871 920 777 333 863 267 561 907 122 418 138 636 534 350 435 747 659 94 303 911 166 685 241 282 611 742 713 879 882 
698 360 650 675 152 488 648 637 605 883 91 593 464 845 864 341 776 1 844 0 423 934 11 808 51 793 190 722 288 357 112 206 908 825 102 421 261 455 452 398 42 507 985 830 674 717 394 706 632 100 467 792 479 471 91 614 490 269 591 826 
62 690 398 388 216 89 293 983 435 873 155 744 119 191 207 449 697 747 405 423 0 824 867 157 286 555 316 633 366 703 97 688 988 214 345 810 862 315 231 764 330 240 716 740 935 948 516 279 533 479 500 31 831 495 284 129 601 843 847 99 
131 272 100 144 501 14 41 220 713 496 338 234 120 487 766 988 396 855 808 934 824 0 429 526 474 598 475 935 597 759 841 141 62 646 901 245 777 644 75 816 771 859 203 27 313 873 105 215 456 955 267 650 146 486 660 784 93 7 833 58 
722 328 159 566 353 384 609 779 577 870 393 571 631 148 776 57 569 724 66 11 867 429 0 609 927 590 780 86 2 244 320 338 172 240 123 597 216 125 596 625 63 36 304 515 398 57 993 883 111 99 281 336 523 212 418 343 875 795 501 244 
994 614 57 205 582 559 260 401 819 409 739 400 398 46 403 917 302 127 851 808 157 526 609 0 568 844 413 203 292 546 368 478 675 239 246 132 492 107 445 708 110 193 403 793 287 444 913 147 115 839 963 184 559 33 661 767 309 220 467 280 
694 633 605 723 352 902 889 355 326 669 133 368 783 634 330 343 642 872 347 51 286 474 927 568 0 688 749 264 627 392 984 370 5 929 525 551 145 541 187 817 131 632 866 290 682 835 850 957 178 606 936 634 165 236 929 698 345 725 67 839 
130 883 472 775 322 437 260 235 60 120 862 300 954 802 949 146 840 273 626 793 555 598 590 844 688 0 609 740 793 440 591 618 215 92 360 639 306 467 901 832 655 491 126 789 600 30 786 327 786 855 160 742 320 839 771 695 309 788 211 508 
241 601 695 158 504 723 83 596 760 384 464 167 932 232 782 704 492 852 397 190 316 475 780 413 749 609 0 897 75 570 164 571 215 860 739 978 506 789 772 285 151 533 71 929 725 843 915 448 68 224 23 710 140 600 825 734 114 91 296 314 
389 791 410 428 447 458 308 488 337 583 515 181 797 594 952 326 496 430 846 722 633 935 86 203 264 740 897 0 166 378 411 159 26 693 147 700 985 740 676 437 539 904 67 918 802 744 104 74 584 290 183 959 621 693 325 475 145 247 756 191 
401 382 725 292 454 203 575 572 41 501 581 26 63 490 288 63 173 669 715 288 366 597 2 292 627 793 75 166 0 69 587 217 780 47 262 776 617 315 289 799 327 326 609 316 584 97 77 602 136 4 598 401 377 848 776 279 808 275 555 834 
657 571 278 426 786 655 467 729 844 409 680 525 148 926 605 126 231 996 930 357 703 759 244 546 392 440 570 378 69 0 511 923 817 247 607 356 353 94 780 999 149 349 729 223 283 227 120 802 431 254 767 307 513 919 395 299 661 221 996 200 
746 92 283 695 83 944 598 982 859 837 757 929 547 594 204 283 931 593 94 112 97 841 320 368 984 591 164 411 587 511 0 748 148 503 835 180 756 132 909 741 281 940 288 476 979 456 215 258 704 198 242 979 162 810 89 575 307 107 296 912 
628 760 979 442 827 354 130 602 53 344 529 522 559 588 489 723 602 231 871 206 688 141 338 478 370 618 571 159 217 923 748 0 408 387 43 469 561 646 776 520 206 372 177 562 595 928 627 267 318 773 338 457 127 953 488 947 153 676 171 200 
963 286 858 647 685 855 335 522 628 603 908 706 487 352 442 764 857 577 920 908 988 62 172 675 5 215 215 26 780 817 148 408 0 711 742 811 732 748 477 674 552 44 489 527 12 710 624 721 504 695 552 625 187 858 883 348 227 654 476 447 
962 651 270 333 928 925 53 255 371 755 394 866 468 995 924 627 883 176 777 825 214 646 240 239 929 92 860 693 47 247 503 387 711 0 344 814 121 791 414 888 30 809 757 896 302 856 305 749 882 107 684 645 770 150 232 168 261 641 785 75 
570 687 820 746 848 835 807 476 113 316 453 946 752 418 717 369 659 20 333 102 345 901 123 246 525 360 739 147 262 607 835 43 742 344 0 778 481 722 3 839 980 41 540 280 438 505 418 373 18 174 393 560 140 859 933 246 266 682 284 480 
478 795 298 693 538 587 579 398 679 593 962 615 429 627 233 236 388 584 863 421 810 245 597 132 551 639 978 700 776 356 180 469 811 814 778 0 351 490 861 140 459 762 19 876 414 486 737 754 537 552 696 315 886 782 781 257 756 924 629 896 
385 631 144 521 260 274 580 99 968 875 724 824 375 430 93 338 402 339 267 261 862 777 216 492 145 306 506 985 617 353 756 561 732 121 481 351 0 354 148 482 818 90 607 107 571 917 380 521 340 645 883 756 924 880 933 432 226 841 685 723 
503 893 709 619 109 785 250 436 692 634 994 991 746 755 829 319 514 66 561 455 315 644 125 107 541 467 789 740 315 94 132 646 748 791 722 490 354 0 534 193 846 421 797 95 455 265 8 198 480 634 288 775 99 879 689 903 842 446 9 966 
336 164 159 508 402 559 914 780 100 277 176 115 541 228 203 453 873 854 907 452 231 75 596 445 187 901 772 676 289 780 909 776 477 414 3 861 148 534 0 201 890 550 600 857 496 623 345 638 188 516 490 750 719 568 16 461 205 149 901 933 
117 265 630 539 559 949 390 529 84 769 346 530 827 692 834 584 364 256 122 398 764 816 625 708 817 832 285 437 799 999 741 520 674 888 839 140 482 193 201 0 36 326 94 465 104 567 209 172 424 258 42 894 191 617 235 416 583 759 20 207 
762 667 152 455 730 377 284 822 417 48 957 16 205 568 579 424 850 486 418 42 330 771 63 110 131 655 151 539 327 149 281 206 552 30 980 459 818 846 890 36 0 216 121 682 763 196 42 697 947 220 58 91 526 636 830 541 473 884 173 215 
827 711 369 590 42 707 991 439 760 61 406 362 826 423 154 662 242 991 138 507 240 859 36 193 632 491 533 904 326 349 940 372 44 809 41 762 90 421 550 326 216 0 131 658 720 199 34 287 143 158 581 897 566 670 160 555 61 515 3 788 
291 933 874 416 590 681 647 802 636 803 199 299 522 507 942 863 409 46 636 985 716 203 304 403 866 126 71 67 609 729 288 177 489 757 540 19 607 797 600 94 121 131 0 26 367 892 95 786 829 784 433 134 136 173 248 685 229 456 144 558 
63 999 404 733 347 824 712 864 129 540 151 33 942 467 311 70 473 515 534 830 740 27 515 793 290 789 929 918 316 223 476 562 527 896 280 876 107 95 857 465 682 658 26 0 870 917 422 848 397 153 142 3 203 258 3 312 147 671 909 562 
764 834 626 455 441 130 196 76 678 814 521 663 686 785 732 255 743 670 350 674 935 313 398 287 682 600 725 802 584 283 979 595 12 302 438 414 571 455 496 104 763 720 367 870 0 606 680 120 649 574 513 688 216 685 620 68 273 654 561 94 
884 374 630 135 976 443 359 619 288 206 787 955 651 864 264 490 999 354 435 717 948 873 57 444 835 30 843 744 97 227 456 928 710 856 505 486 917 265 623 567 196 199 892 917 606 0 279 353 380 55 772 238 426 926 686 74 306 137 16 738 
833 770 937 241 758 489 229 735 977 169 80 500 426 980 172 654 540 190 747 394 516 105 993 913 850 786 915 104 77 120 215 627 624 305 418 737 380 8 345 209 42 34 95 422 680 279 0 953 383 715 274 688 270 510 785 524 832 333 802 713 
593 484 483 265 387 75 113 172 881 777 712 255 914 146 600 830 305 837 659 706 279 215 883 147 957 327 448 74 602 802 258 267 721 749 373 754 521 198 638 172 697 287 786 848 120 353 953 0 254 587 254 587 866 254 873 519 669 8 451 308 
591 328 788 963 320 427 164 252 240 722 350 267 708 290 742 900 486 358 94 632 533 456 111 115 178 786 68 584 136 431 704 318 504 882 18 537 340 480 188 424 947 143 829 397 649 380 383 254 0 774 168 775 313 243 144 485 866 995 617 18 
771 799 103 740 897 312 932 349 335 969 674 959 44 15 66 770 323 651 303 100 479 955 99 839 606 855 224 290 4 254 198 773 695 107 174 552 645 634 516 258 220 158 784 153 574 55 715 587 774 0 950 845 250 166 466 260 351 737 327 612 
296 611 366 831 165 1000 159 947 862 280 390 547 718 838 990 813 241 651 911 467 500 267 281 963 936 160 23 183 598 767 242 338 552 684 393 696 883 288 490 42 58 581 433 142 513 772 274 254 168 950 0 544 268 798 591 28 723 395 699 977 
