20 3
0 463 694 517 533 200 699 288 952 722 662 554 320 536 599 891 610 314 855 201 
463 0 517 805 903 372 641 912 759 278 805 51 862 23 963 167 173 618 983 816 
694 517 0 75 195 313 126 860 876 147 864 99 910 620 792 915 338 473 999 137 
517 805 75 0 917 871 327 333 635 952 396 79 691 651 890 31 846 389 843 601 
533 903 195 917 0 963 814 551 715 19 590 421 824 967 441 446 545 990 624 248 
200 372 313 871 963 0 282 188 781 32 90 719 456 306 613 975 458 654 117 282 
699 641 126 327 814 282 0 10 156 247 989 815 387 23 223 870 183 306 303 151 
288 912 860 333 551 188 10 0 125 96 229 654 132 474 78 364 824 174 839 880 
952 759 876 635 715 781 156 125 0 668 124 900 295 149 624 737 644 960 521 660 
722 278 147 952 19 32 247 96 668 0 835 712 207 51 947 407 487 722 92 363 
662 805 864 396 590 90 989 229 124 835 0 586 898 400 379 328 269 264 235 764 
554 51 99 79 421 719 815 654 900 712 586 0 189 349 23 213 633 550 695 658 
320 862 910 691 824 456 387 132 295 207 898 189 0 890 937 810 878 635 813 277 
536 23 620 651 967 306 23 474 149 51 400 349 890 0 45 30 545 637 622 61 
599 963 792 890 441 613 223 78 624 947 379 23 937 45 0 789 474 680 527 247 
891 167 915 31 446 975 870 364 737 407 328 213 810 30 789 0 3 488 18 676 
610 173 338 846 545 458 183 824 644 487 269 633 878 545 474 3 0 212 941 670 
314 618 473 389 990 654 306 174 960 722 264 550 635 637 680 488 212 0 281 908 
855 983 999 843 624 117 303 839 521 92 235 695 813 622 527 18 941 281 0 488 
201 816 137 601 248 282 151 880 660 363 764 658 277 61 247 676 670 908 488 0 
0 668 285 305 445 436 642 908 350 978 719 294 86 292 89 648 425 941 908 861 
668 0 432 766 726 479 370 245 171 263 809 52 559 11 329 193 699 223 344 290 
285 432 0 485 428 825 619 660 12 400 374 148 739 770 445 748 87 653 830 23 
305 766 485 0 217 830 129 789 28 189 292 454 352 34 102 447 171 879 42 497 
445 726 428 217 0 710 986 309 439 831 940 8 329 100 6 672 948 343 536 157 
436 479 825 830 710 0 628 335 630 216 321 36 606 698 371 95 952 219 900 740 
642 370 619 129 986 628 0 812 450 372 336 856 769 19 826 706 495 137 724 372 
908 245 660 789 309 335 812 0 781 596 795 806 623 289 293 305 413 377 921 735 
350 171 12 28 439 630 450 781 0 494 616 178 884 139 69 275 643 722 125 542 
978 263 400 189 831 216 372 596 494 0 992 348 867 276 133 552 660 156 181 23 
719 809 374 292 940 321 336 795 616 992 0 344 545 177 687 192 540 128 960 512 
294 52 148 454 8 36 856 806 178 348 344 0 780 636 509 650 400 173 163 692 
86 559 739 352 329 606 769 623 884 867 545 780 0 637 24 525 381 760 12 591 
292 11 770 34 100 698 19 289 139 276 177 636 637 0 227 180 482 111 454 736 
89 329 445 102 6 371 826 293 69 133 687 509 24 227 0 707 725 106 896 992 
648 193 748 447 672 95 706 305 275 552 192 650 525 180 707 0 648 901 884 749 
425 699 87 171 948 952 495 413 643 660 540 400 381 482 725 648 0 715 421 81 
941 223 653 879 343 219 137 377 722 156 128 173 760 111 106 901 715 0 369 60 
908 344 830 42 536 900 724 921 125 181 960 163 12 454 896 884 421 369 0 207 
861 290 23 497 157 740 372 735 542 23 512 692 591 736 992 749 81 60 207 0 
0 581 302 415 455 537 553 879 566 809 705 323 157 201 85 689 314 865 864 982 
581 0 335 700 665 585 409 239 143 114 838 15 529 195 340 219 739 43 408 181 
302 335 0 602 519 876 570 338 7 350 376 170 803 650 382 831 43 519 880 13 
415 700 602 0 216 879 220 880 5 467 339 465 546 67 82 484 222 861 20 572 
455 665 519 216 0 697 988 299 524 817 757 89 181 290 197 753 984 419 504 283 
537 585 876 879 697 0 426 441 591 464 289 44 628 663 451 5 821 522 743 708 
553 409 570 220 988 426 0 991 275 305 340 981 757 172 681 780 410 171 570 398 
879 239 338 880 299 441 991 0 701 634 937 806 698 221 292 266 194 351 657 755 
566 143 7 5 524 591 275 701 0 488 813 133 766 35 117 260 472 699 253 656 
809 114 350 467 817 464 305 634 488 0 936 331 853 218 141 477 713 241 77 74 
705 838 376 339 757 289 340 937 813 936 0 303 689 79 629 338 618 330 928 438 
323 15 170 465 89 44 981 806 133 331 303 0 668 772 548 687 411 286 184 659 
157 529 803 546 181 628 757 698 766 853 689 668 0 647 37 657 487 701 3 754 
201 195 650 67 290 663 172 221 35 218 79 772 647 0 308 294 492 213 531 618 
85 340 382 82 197 451 681 292 117 141 629 548 37 308 0 905 672 183 953 924 
689 219 831 484 753 5 780 266 260 477 338 687 657 294 905 0 704 876 673 768 
314 739 43 222 984 821 410 194 472 713 618 411 487 492 672 704 0 464 342 58 
865 43 519 861 419 522 171 351 699 241 330 286 701 213 183 876 464 0 574 182 
864 408 880 20 504 743 570 657 253 77 928 184 3 531 953 673 342 574 0 198 
982 181 13 572 283 708 398 755 656 74 438 659 754 618 924 768 58 182 198 0 
0 763 215 340 269 165 635 834 342 800 933 281 57 278 217 666 296 913 728 888 
763 0 368 751 773 495 196 213 119 355 704 155 479 168 233 224 702 259 560 162 
215 368 0 351 468 824 488 543 121 364 256 283 856 788 468 916 289 736 869 29 
340 751 351 0 30 712 67 720 20 154 320 318 352 134 255 473 34 860 168 393 
269 773 468 30 0 703 934 352 313 851 896 121 294 161 173 688 876 381 452 182 
165 495 824 712 703 0 503 325 617 378 409 49 674 800 321 207 977 232 992 768 
635 196 488 67 934 503 0 895 586 377 328 831 763 161 927 723 439 289 588 535 
834 213 543 720 352 325 895 0 729 543 785 867 639 414 243 330 480 449 842 838 
342 119 121 20 313 617 586 729 0 492 497 24 981 111 35 325 728 853 146 594 
800 355 364 154 851 378 377 543 492 0 795 169 927 275 231 645 625 26 272 137 
933 704 256 320 896 409 328 785 497 795 0 279 582 196 594 188 562 59 691 544 
281 155 283 318 121 49 831 867 24 169 279 0 660 595 479 666 289 286 123 730 
57 479 856 352 294 674 763 639 981 927 582 660 0 584 8 506 638 797 88 559 
278 168 788 134 161 800 161 414 111 275 196 595 584 0 97 265 619 21 530 759 
217 233 468 255 173 321 927 243 35 231 594 479 8 97 0 760 764 93 837 708 
666 224 916 473 688 207 723 330 325 645 188 666 506 265 760 0 574 977 788 658 
296 702 289 34 876 977 439 480 728 625 562 289 638 619 764 574 0 722 492 236 
913 259 736 860 381 232 289 449 853 26 59 286 797 21 93 977 722 0 207 187 
728 560 869 168 452 992 588 842 146 272 691 123 88 530 837 788 492 207 0 369 
888 162 29 393 182 768 535 838 594 137 544 730 559 759 708 658 236 187 369 0 
