30 4
0 958 805 827 126 495 952 785 824 576 975 3 303 670 154 990 101 879 375 872 544 776 603 179 519 797 245 807 44 469 
958 0 75 714 327 810 19 567 456 600 870 691 839 908 314 730 779 332 708 339 810 232 959 860 167 888 273 77 230 519 
805 75 0 104 814 10 32 283 387 20 364 253 521 488 306 723 494 508 881 12 903 42 100 358 1000 502 7 346 763 556 
827 714 104 0 282 700 247 122 132 8 737 858 92 856 982 834 773 258 159 804 701 535 113 63 492 982 71 66 650 862 
126 327 814 282 0 430 96 213 295 710 407 314 235 258 899 342 501 103 541 984 811 816 170 984 507 156 68 653 484 360 
495 810 10 700 430 0 668 553 207 599 328 618 695 96 170 636 635 110 302 828 488 259 557 643 536 681 203 747 552 524 
952 19 32 247 96 668 0 554 898 963 213 473 813 723 57 597 344 475 876 869 269 10 502 656 729 424 387 717 747 762 
785 567 283 122 213 553 554 0 189 792 810 389 622 652 605 400 433 465 919 165 424 132 168 149 782 752 498 760 836 806 
824 456 387 132 295 207 898 189 0 890 30 990 527 187 385 194 698 330 772 796 53 799 842 602 442 634 333 270 757 790 
576 600 20 8 710 599 963 792 890 0 789 654 18 226 5 307 266 106 49 286 678 69 966 159 909 186 233 550 620 654 
975 870 364 737 407 328 213 810 30 789 0 306 941 15 626 375 81 357 872 5 232 668 312 116 918 609 557 598 329 243 
3 691 253 858 314 618 473 389 990 654 306 0 281 42 93 842 428 693 866 667 408 229 785 224 436 299 401 474 517 992 
303 839 521 92 235 695 813 622 527 18 941 281 0 680 930 651 594 481 277 290 774 674 895 491 193 174 616 408 137 13 
670 908 488 856 258 96 723 652 187 226 15 42 680 0 30 633 995 919 364 650 60 753 509 794 234 956 86 442 987 293 
154 314 306 982 899 170 57 605 385 5 626 93 930 30 0 814 36 272 566 621 718 678 60 884 482 871 193 634 169 430 
990 730 723 834 342 636 597 400 194 307 375 842 651 633 814 0 211 858 907 446 472 956 408 366 498 618 412 235 612 11 
101 779 494 773 501 635 344 433 698 266 81 428 594 995 36 211 0 133 664 628 676 571 321 686 442 133 577 849 753 633 
879 332 508 258 103 110 475 465 330 106 357 693 481 919 272 858 133 0 458 890 882 777 35 358 520 562 82 454 261 449 
375 708 881 159 541 302 876 919 772 49 872 866 277 364 566 907 664 458 0 832 730 915 166 508 102 251 930 894 40 417 
872 339 12 804 984 828 869 165 796 286 5 667 290 650 621 446 628 890 832 0 718 804 429 855 701 924 756 865 668 799 
544 810 903 701 811 488 269 424 53 678 232 408 774 60 718 472 676 882 730 718 0 701 734 406 51 242 223 146 11 803 
776 232 42 535 816 259 10 132 799 69 668 229 674 753 678 956 571 777 915 804 701 0 166 438 239 651 701 130 497 990 
603 959 100 113 170 557 502 168 842 966 312 785 895 509 60 408 321 35 166 429 734 166 0 899 690 663 214 150 164 432 
179 860 358 63 984 643 656 149 602 159 116 224 491 794 884 366 686 358 508 855 406 438 899 0 328 781 440 176 134 275 
519 167 1000 492 507 536 729 782 442 909 918 436 193 234 482 498 442 520 102 701 51 239 690 328 0 338 135 494 40 836 
797 888 502 982 156 681 424 752 634 186 609 299 174 956 871 618 133 562 251 924 242 651 663 781 338 0 232 87 677 837 
245 273 7 71 68 203 387 498 333 233 557 401 616 86 193 412 577 82 930 756 223 701 214 440 135 232 0 668 625 200 
807 77 346 66 653 747 717 760 270 550 598 474 408 442 634 235 849 454 894 865 146 130 150 176 494 87 668 0 594 126 
44 230 763 650 484 552 747 836 757 620 329 517 137 987 169 612 753 261 40 668 11 497 164 134 40 677 625 594 0 838 
469 519 556 862 360 524 762 806 790 654 243 992 13 293 430 11 633 449 417 799 803 990 432 275 836 837 200 126 838 0 
0 162 351 57 871 517 827 722 168 617 447 10 842 535 853 24 924 674 367 68 227 83 844 94 474 3 358 270 759 1000 
162 0 113 323 365 593 346 18 492 389 831 984 353 687 742 544 560 300 583 974 211 75 377 635 926 90 988 463 724 269 
351 113 0 317 503 636 770 774 87 483 926 398 190 392 3 392 879 24 515 72 752 75 561 547 489 643 79 146 681 29 
57 323 317 0 586 171 496 298 395 414 449 630 675 157 973 769 646 959 513 896 789 591 560 18 542 522 506 660 270 924 
871 365 503 586 0 897 451 685 525 749 484 381 636 114 84 973 81 390 99 754 174 10 5 931 912 16 423 897 403 423 
517 593 636 171 897 0 582 873 218 822 856 428 511 24 522 111 853 468 437 279 612 581 830 405 116 36 562 828 530 22 
827 346 770 496 451 582 0 299 161 436 331 541 492 284 384 879 91 863 890 819 617 79 115 642 995 89 951 216 382 491 
722 18 774 298 685 873 299 0 520 53 432 622 937 310 4 405 484 873 362 414 514 480 605 107 765 242 624 958 237 344 
168 492 87 395 525 218 161 520 0 689 83 454 492 986 542 970 120 95 175 283 710 276 773 547 66 188 946 601 524 96 
617 389 483 414 749 822 436 53 689 0 503 697 819 652 425 522 706 735 327 222 104 29 565 744 394 831 177 469 869 250 
447 831 926 449 484 856 331 432 83 503 0 206 450 719 974 520 949 636 887 215 893 290 641 377 707 655 927 346 677 165 
10 984 398 630 381 428 541 622 454 697 206 0 655 586 185 351 215 805 444 690 180 480 976 314 493 627 216 285 460 436 
842 353 190 675 636 511 492 937 492 819 450 655 0 771 43 656 869 933 714 123 216 396 61 745 325 238 749 819 271 581 
535 687 392 157 114 24 284 310 986 652 719 586 771 0 364 662 123 992 936 148 48 910 133 621 335 293 882 277 102 430 
853 742 3 973 84 522 384 4 542 425 974 185 43 364 0 218 3 275 892 986 138 872 788 714 870 655 419 738 854 191 
24 544 392 769 973 111 879 405 970 522 520 351 656 662 218 0 983 595 363 825 289 200 449 439 382 340 319 267 911 344 
924 560 879 646 81 853 91 484 120 706 949 215 869 123 3 983 0 753 620 635 761 57 85 591 708 749 677 347 547 405 
674 300 24 959 390 468 863 873 95 735 636 805 933 992 275 595 753 0 255 499 803 983 239 257 439 736 893 731 647 633 
367 583 515 513 99 437 890 362 175 327 887 444 714 936 892 363 620 255 0 521 179 489 677 650 44 487 203 30 693 851 
68 974 72 896 754 279 819 414 283 222 215 690 123 148 986 825 635 499 521 0 310 336 332 207 151 802 168 404 16 805 
227 211 752 789 174 612 617 514 710 104 893 180 216 48 138 289 761 803 179 310 0 3 124 969 813 873 168 529 346 176 
83 75 75 591 10 581 79 480 276 29 290 480 396 910 872 200 57 983 489 336 3 0 998 701 933 783 297 815 292 76 
844 377 561 560 5 830 115 605 773 565 641 976 61 133 788 449 85 239 677 332 124 998 0 96 236 706 222 984 28 979 
94 635 547 18 931 405 642 107 547 744 377 314 745 621 714 439 591 257 650 207 969 701 96 0 626 190 22 972 581 998 
474 926 489 542 912 116 995 765 66 394 707 493 325 335 870 382 708 439 44 151 813 933 236 626 0 531 379 120 696 97 
3 90 643 522 16 36 89 242 188 831 655 627 238 293 655 340 749 736 487 802 873 783 706 190 531 0 173 841 929 843 
358 988 79 506 423 562 951 624 946 177 927 216 749 882 419 319 677 893 203 168 168 297 222 22 379 173 0 355 437 494 
270 463 146 660 897 828 216 958 601 469 346 285 819 277 738 267 347 731 30 404 529 815 984 972 120 841 355 0 988 177 
759 724 681 270 403 530 382 237 524 869 677 460 271 102 854 911 547 647 693 16 346 292 28 581 696 929 437 988 0 710 
1000 269 29 924 423 22 491 344 96 250 165 436 581 430 191 344 405 633 851 805 176 76 979 998 97 843 494 177 710 0 
0 155 582 27 928 824 770 795 337 503 470 589 786 787 834 426 826 602 658 102 261 207 352 201 565 388 116 61 582 408 
155 0 18 746 92 176 266 134 835 87 806 449 182 868 81 469 830 339 532 835 787 466 1 688 707 103 816 52 747 230 
582 18 0 499 622 940 472 972 787 221 999 428 627 598 180 472 702 105 445 436 853 87 468 165 567 142 208 229 640 42 
27 746 499 0 108 271 129 321 760 368 806 872 205 585 715 822 800 184 309 800 671 629 338 395 392 330 474 453 477 703 
928 92 622 108 0 904 131 522 485 170 800 871 772 790 578 913 504 98 92 75 332 355 140 417 431 135 861 345 333 936 
824 176 940 271 904 0 821 796 242 515 877 481 686 337 365 369 992 864 550 168 422 197 746 417 281 150 34 747 353 143 
770 266 472 129 131 821 0 404 206 143 217 695 879 740 409 861 570 945 856 677 461 419 343 616 397 335 714 52 435 510 
795 134 972 321 522 796 404 0 529 352 784 270 836 746 537 100 998 418 400 725 439 115 880 332 592 591 658 225 640 42 
337 835 787 760 485 242 206 529 0 280 27 43 879 917 392 845 11 216 16 668 609 372 887 326 643 784 932 515 621 147 
503 87 221 368 170 515 143 352 280 0 532 734 976 301 751 92 253 755 435 215 378 19 459 807 91 599 580 77 809 376 
470 806 999 806 800 877 217 784 27 532 0 227 224 417 549 990 477 675 358 132 812 400 580 461 970 228 691 120 813 330 
589 449 428 872 871 481 695 270 43 734 227 0 560 752 430 642 197 200 223 150 158 167 957 621 450 591 378 557 21 438 
786 182 627 205 772 686 879 836 879 976 224 560 0 855 186 853 327 806 870 230 645 372 498 855 569 113 947 467 88 634 
787 868 598 585 790 337 740 746 917 301 417 752 855 0 423 798 12 831 413 554 671 980 467 413 176 328 722 276 310 465 
834 81 180 715 578 365 409 537 392 751 549 430 186 423 0 217 438 64 626 856 344 556 819 790 758 723 340 639 285 449 
426 469 472 822 913 369 861 100 845 92 990 642 853 798 217 0 712 985 607 701 412 302 520 702 236 243 681 488 966 176 
826 830 702 800 504 992 570 998 11 253 477 197 327 12 438 712 0 99 233 654 420 65 812 456 740 879 326 204 654 761 
602 339 105 184 98 864 945 418 216 755 675 200 806 831 64 985 99 0 777 162 806 724 97 476 787 701 939 972 826 714 
658 532 445 309 92 550 856 400 16 435 358 223 870 413 626 607 233 777 0 677 333 682 421 941 479 45 248 119 574 827 
102 835 436 800 75 168 677 725 668 215 132 150 230 554 856 701 654 162 677 0 349 485 201 5 141 892 529 330 84 148 
261 787 853 671 332 422 461 439 609 378 812 158 645 671 344 412 420 806 333 349 0 77 938 414 519 720 275 351 157 58 
207 466 87 629 355 197 419 115 372 19 400 167 372 980 556 302 65 724 682 485 77 0 828 490 943 137 333 926 471 809 
352 1 468 338 140 746 343 880 887 459 580 957 498 467 819 520 812 97 421 201 938 828 0 188 278 656 59 788 149 503 
201 688 165 395 417 417 616 332 326 807 461 621 855 413 790 702 456 476 941 5 414 490 188 0 784 679 70 960 745 760 
565 707 567 392 431 281 397 592 643 91 970 450 569 176 758 236 740 787 479 141 519 943 278 784 0 440 640 27 883 47 
388 103 142 330 135 150 335 591 784 599 228 591 113 328 723 243 879 701 45 892 720 137 656 679 440 0 51 739 599 741 
116 816 208 474 861 34 714 658 932 580 691 378 947 722 340 681 326 939 248 529 275 333 59 70 640 51 0 50 157 740 
61 52 229 453 345 747 52 225 515 77 120 557 467 276 639 488 204 972 119 330 351 926 788 960 27 739 50 0 556 301 
582 747 640 477 333 353 435 640 621 809 813 21 88 310 285 966 654 826 574 84 157 471 149 745 883 599 157 556 0 558 
408 230 42 703 936 143 510 42 147 376 330 438 634 465 449 176 761 714 827 148 58 809 503 760 47 741 740 301 558 0 
0 147 70 41 697 746 489 542 386 505 201 780 522 461 925 582 408 861 978 263 541 280 283 21 594 415 473 472 816 639 
147 0 29 791 301 129 281 512 248 2 711 965 177 714 846 384 400 187 392 553 493 667 527 354 986 958 532 135 515 33 
70 29 0 428 437 544 608 669 321 335 941 554 411 269 278 88 659 315 691 613 700 612 79 220 736 900 348 164 787 26 
41 791 428 0 710 196 686 825 940 271 461 994 745 170 905 461 20 269 750 179 693 672 650 455 424 547 239 326 402 806 
697 301 437 710 0 770 396 833 404 643 901 571 886 9 541 524 452 735 267 454 708 483 112 792 692 32 343 837 532 194 
746 129 544 196 770 0 740 933 233 562 304 380 595 215 732 519 867 352 326 287 302 274 790 811 236 108 103 787 686 66 
489 281 608 686 396 740 0 354 454 565 536 878 647 667 327 860 282 765 580 393 202 190 29 395 644 154 715 762 839 998 
542 512 669 825 833 933 354 0 632 226 303 316 962 475 503 326 588 976 187 490 777 625 108 479 333 22 811 559 460 137 
386 248 321 940 404 233 454 632 0 895 30 122 660 314 575 701 183 169 205 320 678 204 872 662 15 293 915 361 695 502 
505 2 335 271 643 562 565 226 895 0 359 262 679 993 519 137 530 838 480 809 73 50 934 678 337 892 78 332 581 251 
201 711 941 461 901 304 536 303 30 359 0 62 240 876 887 146 726 482 369 691 733 42 898 718 669 536 693 247 600 207 
780 965 554 994 571 380 878 316 122 262 62 0 834 827 150 228 70 596 616 589 934 16 463 85 192 769 504 635 667 790 
522 177 411 745 886 595 647 962 660 679 240 834 0 300 289 340 841 732 531 149 461 386 335 784 570 342 210 217 445 877 
461 714 269 170 9 215 667 475 314 993 876 827 300 0 365 512 337 967 570 251 274 560 672 835 522 401 248 309 27 839 
925 846 278 905 541 732 327 503 575 519 887 150 289 365 0 731 88 323 803 424 471 826 964 811 997 749 340 653 704 403 
582 384 88 461 524 519 860 326 701 137 146 228 340 512 731 0 746 491 176 870 271 935 461 146 80 593 609 346 917 600 
408 400 659 20 452 867 282 588 183 530 726 70 841 337 88 746 0 379 596 410 592 248 64 783 997 404 601 866 480 376 
861 187 315 269 735 352 765 976 169 838 482 596 732 967 323 491 379 0 230 504 708 835 781 162 883 360 630 308 185 798 
978 392 691 750 267 326 580 187 205 480 369 616 531 570 803 176 596 230 0 875 63 164 666 902 564 810 94 521 711 796 
263 553 613 179 454 287 393 490 320 809 691 589 149 251 424 870 410 504 875 0 496 193 507 648 943 958 8 12 8 283 
541 493 700 693 708 302 202 777 678 73 733 934 461 274 471 271 592 708 63 496 0 520 1 259 852 747 128 926 4 763 
280 667 612 672 483 274 190 625 204 50 42 16 386 560 826 935 248 835 164 193 520 0 782 236 237 703 702 506 210 185 
283 527 79 650 112 790 29 108 872 934 898 463 335 672 964 461 64 781 666 507 1 782 0 267 454 692 284 527 692 954 
21 354 220 455 792 811 395 479 662 678 718 85 784 835 811 146 783 162 902 648 259 236 267 0 596 91 485 923 626 810 
594 986 736 424 692 236 644 333 15 337 669 192 570 522 997 80 997 883 564 943 852 237 454 596 0 58 138 206 406 209 
415 958 900 547 32 108 154 22 293 892 536 769 342 401 749 593 404 360 810 958 747 703 692 91 58 0 183 363 919 970 
473 532 348 239 343 103 715 811 915 78 693 504 210 248 340 609 601 630 94 8 128 702 284 485 138 183 0 888 759 295 
472 135 164 326 837 787 762 559 361 332 247 635 217 309 653 346 866 308 521 12 926 506 527 923 206 363 888 0 946 604 
816 515 787 402 532 686 839 460 695 581 600 667 445 27 704 917 480 185 711 8 4 210 692 626 406 919 759 946 0 573 
639 33 26 806 194 66 998 137 502 251 207 790 877 839 403 600 376 798 796 283 763 185 954 810 209 970 295 604 573 0 
0 285 340 51 703 628 631 250 197 864 567 25 921 231 705 914 835 929 315 699 337 911 336 187 230 753 274 476 689 794 
285 0 17 921 322 898 553 73 390 611 912 660 640 629 988 422 928 181 495 975 436 261 795 462 961 72 888 120 950 700 
340 17 0 228 554 946 770 493 390 733 556 571 48 77 82 636 986 707 644 981 252 541 859 547 49 764 258 120 640 285 
51 921 228 0 470 422 163 181 903 528 776 509 196 712 760 587 536 572 410 666 846 404 622 439 531 572 888 784 625 647 
703 322 554 470 0 715 624 783 571 338 764 436 263 479 523 862 508 827 511 478 640 202 497 988 749 137 522 649 272 486 
628 898 946 422 715 0 822 605 297 642 348 313 496 51 666 736 920 420 473 865 30 348 751 742 328 250 449 938 806 506 
631 553 770 163 624 822 0 183 562 663 44 148 584 491 520 885 148 768 651 373 682 55 227 549 872 344 804 266 260 499 
250 73 493 181 783 605 183 0 603 334 279 362 887 890 166 996 607 931 5 680 676 391 237 205 681 416 482 885 511 659 
197 390 390 903 571 297 562 603 0 527 184 199 467 322 773 957 125 535 726 299 843 119 669 191 21 746 913 813 85 86 
864 611 733 528 338 642 663 334 527 0 785 617 434 171 300 475 414 815 104 160 281 387 385 615 951 938 760 942 527 172 
567 912 556 776 764 348 44 279 184 785 0 60 788 186 973 693 960 352 880 754 557 201 375 426 203 570 569 671 763 517 
25 660 571 509 436 313 148 362 199 617 60 0 521 159 87 579 35 628 232 658 195 84 702 983 455 680 61 137 241 195 
921 640 48 196 263 496 584 887 467 434 788 521 0 617 442 378 701 526 850 613 485 373 295 786 1 527 369 929 241 703 
231 629 77 712 479 51 491 890 322 171 186 159 617 0 750 694 223 370 452 628 361 882 336 117 264 168 557 445 433 482 
705 988 82 760 523 666 520 166 773 300 973 87 442 750 0 262 406 139 684 721 403 849 729 514 672 749 1 422 798 123 
914 422 636 587 862 736 885 996 957 475 693 579 378 694 262 0 182 758 955 697 503 374 932 423 586 892 532 530 999 201 
835 928 986 536 508 920 148 607 125 414 960 35 701 223 406 182 0 544 923 65 891 381 70 909 408 748 447 161 763 563 
929 181 707 572 827 420 768 931 535 815 352 628 526 370 139 758 544 0 291 524 776 903 647 77 657 836 298 770 330 604 
315 495 644 410 511 473 651 5 726 104 880 232 850 452 684 955 923 291 0 618 512 26 602 326 203 360 707 242 579 713 
699 975 981 666 478 865 373 680 299 160 754 658 613 628 721 697 65 524 618 0 337 395 489 435 232 782 419 506 175 157 
337 436 252 846 640 30 682 676 843 281 557 195 485 361 403 503 891 776 512 337 0 633 252 620 956 714 517 586 361 16 
911 261 541 404 202 348 55 391 119 387 201 84 373 882 849 374 381 903 26 395 633 0 942 201 529 266 786 823 324 815 
336 795 859 622 497 751 227 237 669 385 375 702 295 336 729 932 70 647 602 489 252 942 0 116 378 537 142 568 625 976 
187 462 547 439 988 742 549 205 191 615 426 983 786 117 514 423 909 77 326 435 620 201 116 0 247 374 2 541 582 992 
230 961 49 531 749 328 872 681 21 951 203 455 1 264 672 586 408 657 203 232 956 529 378 247 0 532 190 262 863 75 
753 72 764 572 137 250 344 416 746 938 570 680 527 168 749 892 748 836 360 782 714 266 537 374 532 0 186 826 494 438 
274 888 258 888 522 449 804 482 913 760 569 61 369 557 1 532 447 298 707 419 517 786 142 2 190 186 0 407 566 547 
476 120 120 784 649 938 266 885 813 942 671 137 929 445 422 530 161 770 242 506 586 823 568 541 262 826 407 0 352 614 
689 950 640 625 272 806 260 511 85 527 763 241 241 433 798 999 763 330 579 175 361 324 625 582 863 494 566 352 0 513 
794 700 285 647 486 506 499 659 86 172 517 195 703 482 123 201 563 604 713 157 16 815 976 992 75 438 547 614 513 0 
