10 3
0 574 433 516 753 90 943 104 862 476 
574 0 73 813 412 449 566 465 464 571 
433 73 0 822 210 981 330 25 206 464 
516 813 822 0 245 943 990 689 483 409 
753 412 210 245 0 370 902 776 346 503 
90 449 981 943 370 0 345 945 607 491 
943 566 330 990 902 345 0 220 317 999 
104 465 25 689 776 945 220 0 508 685 
862 464 206 483 346 607 317 508 0 86 
476 571 464 409 503 491 999 685 86 0 
0 108 275 860 291 472 37 283 558 460 
108 0 282 84 574 245 581 324 8 452 
275 282 0 857 964 885 555 124 405 327 
860 84 857 0 818 670 191 687 899 833 
291 574 964 818 0 132 449 37 127 137 
472 245 885 670 132 0 692 354 114 900 
37 581 555 191 449 692 0 256 613 509 
283 324 124 687 37 354 256 0 45 166 
558 8 405 899 127 114 613 45 0 99 
460 452 327 833 137 900 509 166 99 0 
0 121 1 886 282 73 245 395 957 574 
121 0 193 193 463 101 526 993 273 788 
1 193 0 812 749 886 462 647 470 173 
886 193 812 0 977 60 360 757 556 972 
282 463 749 977 0 595 241 328 24 402 
73 101 886 60 595 0 620 528 336 108 
245 526 462 360 241 620 0 135 104 692 
395 993 647 757 328 528 135 0 165 399 
957 273 470 556 24 336 104 165 0 579 
574 788 173 972 402 108 692 399 579 0 
0 255 352 934 143 762 173 773 626 390 
255 0 179 8 437 505 768 187 136 177 
352 179 0 840 990 903 582 84 866 51 
934 8 840 0 976 611 240 488 528 776 
143 437 990 976 0 30 558 239 93 507 
762 505 903 611 30 0 971 760 20 579 
173 768 582 240 558 971 0 363 494 575 
773 187 84 488 239 760 363 0 146 569 
626 136 866 528 93 20 494 146 0 355 
390 177 51 776 507 579 575 569 355 0 
