15 4
0 751 933 594 572 672 656 602 971 148 639 557 935 720 38 
751 0 256 115 619 1000 878 547 519 77 545 6 489 950 597 
933 256 0 601 896 623 998 290 74 40 622 589 445 373 685 
594 115 601 0 14 204 102 987 799 176 876 130 837 412 11 
572 619 896 14 0 70 715 773 966 381 73 534 186 685 919 
672 1000 623 204 70 0 215 904 114 405 87 322 984 7 661 
656 878 998 102 715 215 0 213 99 342 668 517 881 227 28 
602 547 290 987 773 904 213 0 151 607 445 270 654 435 831 
971 519 74 799 966 114 99 151 0 527 448 839 779 190 715 
148 77 40 176 381 405 342 607 527 0 941 873 112 299 994 
639 545 622 876 73 87 668 445 448 941 0 926 312 264 584 
557 6 589 130 534 322 517 270 839 873 926 0 212 579 698 
935 489 445 837 186 984 881 654 779 112 312 212 0 834 449 
720 950 373 412 685 7 227 435 190 299 264 579 834 0 140 
38 597 685 11 919 661 28 831 715 994 584 698 449 140 0 
0 889 359 349 737 505 377 835 946 57 440 572 250 828 358 
889 0 932 334 622 564 186 711 348 101 683 253 795 351 135 
359 932 0 663 361 447 265 94 563 586 458 651 158 822 534 
349 334 663 0 780 476 959 801 405 17 793 270 602 939 610 
737 622 361 780 0 531 126 714 12 635 937 252 119 935 929 
505 564 447 476 531 0 180 934 535 821 642 263 614 80 310 
377 186 265 959 126 180 0 344 470 420 548 625 569 574 170 
835 711 94 801 714 934 344 0 475 421 23 964 653 809 712 
946 348 563 405 12 535 470 475 0 829 978 444 849 8 182 
57 101 586 17 635 821 420 421 829 0 197 45 897 890 370 
440 683 458 793 937 642 548 23 978 197 0 236 232 403 559 
572 253 651 270 252 263 625 964 444 45 236 0 886 286 527 
250 795 158 602 119 614 569 653 849 897 232 886 0 702 233 
828 351 822 939 935 80 574 809 8 890 403 286 702 0 332 
358 135 534 610 929 310 170 712 182 370 559 527 233 332 0 
0 52 628 233 1 339 815 184 99 768 719 13 912 480 150 
52 0 368 549 435 569 683 779 330 663 450 773 602 619 297 
628 368 0 350 702 103 779 892 843 570 469 336 794 205 340 
233 549 350 0 181 949 354 143 122 889 99 668 438 443 357 
1 435 702 181 0 330 614 252 887 79 102 706 975 575 108 
339 569 103 949 330 0 609 489 646 367 932 764 415 919 457 
815 683 779 354 614 609 0 748 822 405 765 707 363 520 526 
184 779 892 143 252 489 748 0 933 900 708 11 479 99 458 
99 330 843 122 887 646 822 933 0 225 382 685 215 610 694 
768 663 570 889 79 367 405 900 225 0 419 579 738 288 366 
719 450 469 99 102 932 765 708 382 419 0 659 338 500 416 
13 773 336 668 706 764 707 11 685 579 659 0 212 251 353 
912 602 794 438 975 415 363 479 215 738 338 212 0 403 340 
480 619 205 443 575 919 520 99 610 288 500 251 403 0 618 
150 297 340 357 108 457 526 458 694 366 416 353 340 618 0 
0 205 665 703 351 636 30 449 58 515 838 299 478 5 751 
205 0 304 301 866 690 453 15 774 611 126 841 494 828 403 
665 304 0 132 841 742 642 638 532 254 394 149 453 71 664 
703 301 132 0 189 680 17 603 875 851 77 566 854 82 322 
351 866 841 189 0 585 741 308 689 697 129 998 66 349 150 
636 690 742 680 585 0 503 186 149 224 27 797 25 673 215 
30 453 642 17 741 503 0 750 483 764 831 473 289 438 549 
449 15 638 603 308 186 750 0 160 921 715 52 418 149 935 
58 774 532 875 689 149 483 160 0 15 35 973 50 781 815 
515 611 254 851 697 224 764 921 15 0 988 722 102 989 941 
838 126 394 77 129 27 831 715 35 988 0 757 714 50 443 
299 841 149 566 998 797 473 52 973 722 757 0 692 804 485 
478 494 453 854 66 25 289 418 50 102 714 692 0 294 624 
5 828 71 82 349 673 438 149 781 989 50 804 294 0 737 
751 403 664 322 150 215 549 935 815 941 443 485 624 737 0 
0 127 454 819 76 657 491 15 353 666 694 952 480 246 278 
127 0 19 330 586 278 456 245 543 525 371 757 711 971 997 
454 19 0 214 945 380 215 526 195 139 855 165 714 1 610 
819 330 214 0 462 994 746 193 883 943 397 695 97 46 88 
76 586 945 462 0 311 446 591 426 563 193 860 513 457 153 
657 278 380 994 311 0 574 550 855 179 746 917 65 819 571 
491 456 215 746 446 574 0 764 260 134 849 664 645 901 809 
15 245 526 193 591 550 764 0 369 301 761 188 492 780 694 
353 543 195 883 426 855 260 369 0 601 434 781 290 888 547 
666 525 139 943 563 179 134 301 601 0 715 898 450 354 58 
694 371 855 397 193 746 849 761 434 715 0 298 101 474 739 
952 757 165 695 860 917 664 188 781 898 298 0 700 622 905 
480 711 714 97 513 65 645 492 290 450 101 700 0 265 835 
246 971 1 46 457 819 901 780 888 354 474 622 265 0 564 
278 997 610 88 153 571 809 694 547 58 739 905 835 564 0 
