20 4
0 397 703 619 592 354 74 607 826 837 190 140 121 383 385 71 553 998 341 186 
397 0 151 896 852 960 799 527 559 186 299 474 946 392 750 31 575 483 254 542 
703 151 0 14 434 472 966 472 557 984 264 223 45 3 711 517 111 944 279 494 
619 896 14 0 147 602 114 833 6 881 579 639 801 650 501 430 527 78 898 54 
592 852 434 147 0 547 99 403 589 654 834 692 280 966 489 269 846 402 163 330 
354 960 472 602 547 0 151 601 130 779 628 850 316 533 665 147 341 136 177 16 
74 799 966 114 99 151 0 164 534 112 38 99 937 296 833 712 420 875 982 181 
607 527 472 833 403 601 164 0 322 312 597 853 143 154 808 376 298 915 378 634 
826 559 557 6 589 130 534 322 0 212 685 193 80 731 932 480 90 589 4 816 
837 186 984 881 654 779 112 312 212 0 11 970 761 369 663 174 899 329 430 669 
190 299 264 579 834 628 38 597 685 11 0 567 583 719 602 226 940 817 833 308 
140 474 223 639 692 850 99 853 193 970 567 0 674 144 239 993 930 74 89 841 
121 946 45 801 280 316 937 143 80 761 583 674 0 54 515 175 735 247 826 255 
383 392 3 650 966 533 296 154 731 369 719 144 54 0 763 334 383 357 472 900 
385 750 711 501 489 665 833 808 932 663 602 239 515 763 0 994 989 602 857 540 
71 31 517 430 269 147 712 376 480 174 226 993 175 334 994 0 143 118 674 969 
553 575 111 527 846 341 420 298 90 899 940 930 735 383 989 143 0 958 399 233 
998 483 944 78 402 136 875 915 589 329 817 74 247 357 602 118 958 0 758 326 
341 254 279 898 163 177 982 378 4 430 833 89 826 472 857 674 399 758 0 736 
186 542 494 54 330 16 181 634 816 669 308 841 255 900 540 969 233 326 736 0 
0 425 690 368 959 871 669 937 45 828 310 973 826 81 20 210 247 464 481 451 
425 0 182 757 126 339 57 642 236 351 170 124 532 568 519 863 541 479 857 302 
690 182 0 505 180 333 101 548 922 822 712 29 891 943 627 882 393 910 131 535 
368 757 505 0 99 621 586 23 183 939 182 653 799 385 516 908 731 798 560 427 
959 126 180 99 0 349 17 978 436 935 370 454 266 843 354 578 270 101 467 722 
871 339 333 621 349 0 635 197 250 80 559 701 734 594 236 46 619 91 87 561 
669 57 101 586 17 635 0 383 795 574 527 77 555 193 42 147 76 50 741 900 
937 642 548 23 978 197 383 0 158 809 233 648 188 457 707 457 658 487 174 231 
45 236 922 183 436 250 795 158 0 8 332 419 477 522 883 758 68 246 182 392 
828 351 822 939 935 80 574 809 8 0 828 70 314 952 906 317 621 554 844 677 
310 170 712 182 370 559 527 233 332 828 0 812 684 348 601 793 386 111 393 732 
973 124 29 653 454 701 77 648 419 70 812 0 536 674 194 107 184 907 913 34 
826 532 891 799 266 734 555 188 477 314 684 536 0 38 713 736 127 360 314 718 
81 568 943 385 843 594 193 457 522 952 348 674 38 0 323 542 208 488 761 990 
20 519 627 516 354 236 42 707 883 906 601 194 713 323 0 381 707 783 587 505 
210 863 882 908 578 46 147 457 758 317 793 107 736 542 381 0 332 496 898 61 
247 541 393 731 270 619 76 658 68 621 386 184 127 208 707 332 0 160 178 297 
464 479 910 798 101 91 50 487 246 554 111 907 360 488 783 496 160 0 922 125 
481 857 131 560 467 87 741 174 182 844 393 913 314 761 587 898 178 922 0 79 
451 302 535 427 722 561 900 231 392 677 732 34 718 990 505 61 297 125 79 0 
0 464 136 604 354 471 249 102 579 480 457 183 121 919 751 562 505 721 60 511 
464 0 735 330 614 504 768 932 659 619 526 693 607 800 614 122 435 588 74 830 
136 735 0 339 609 471 663 765 121 205 458 558 153 639 472 443 464 156 489 531 
604 330 339 0 904 132 570 708 505 443 694 334 890 739 548 608 148 45 399 726 
354 614 609 904 0 629 889 382 532 575 366 612 329 190 861 428 845 814 540 833 
471 504 471 132 629 0 79 419 912 919 416 345 305 532 474 625 489 486 811 472 
249 768 663 570 889 79 0 575 602 520 353 760 382 489 719 441 637 671 43 42 
102 932 765 708 382 419 575 0 794 99 340 857 947 730 105 158 862 437 906 879 
579 659 121 505 532 912 602 794 0 610 618 219 745 668 57 335 778 243 427 250 
480 619 205 443 575 919 520 99 610 0 898 772 395 308 332 597 35 539 379 467 
457 526 458 694 366 416 353 340 618 898 0 280 389 392 736 412 404 859 814 342 
183 693 558 334 612 345 760 857 219 772 280 0 786 136 983 989 986 179 124 776 
121 607 153 890 329 305 382 947 745 395 389 786 0 555 419 364 932 73 856 580 
919 800 639 739 190 532 489 730 668 308 392 136 555 0 596 413 846 282 315 602 
751 614 472 548 861 474 719 105 57 332 736 983 419 596 0 518 774 888 660 705 
562 122 443 608 428 625 441 158 335 597 412 989 364 413 518 0 854 188 295 788 
505 435 464 148 845 489 637 862 778 35 404 986 932 846 774 854 0 794 363 360 
721 588 156 45 814 486 671 437 243 539 859 179 73 282 888 188 794 0 333 771 
60 74 489 399 540 811 43 906 427 379 814 124 856 315 660 295 363 333 0 987 
511 830 531 726 833 472 42 879 250 467 342 776 580 602 705 788 360 771 987 0 
0 94 126 925 17 424 806 129 722 5 215 284 387 669 360 714 564 524 688 613 
94 0 782 296 741 776 515 27 757 828 549 783 526 619 962 134 457 440 357 873 
126 782 0 636 503 711 611 831 6 71 935 819 241 959 537 270 684 461 901 117 
925 296 636 0 622 919 254 715 860 82 815 471 368 360 385 664 250 487 781 219 
17 741 503 622 0 419 851 35 660 349 941 913 986 581 887 988 654 927 902 167 
424 776 711 919 419 0 697 988 478 673 443 223 307 225 938 989 31 895 562 362 
806 515 611 254 851 697 0 445 494 438 485 894 77 509 981 828 236 855 32 465 
129 27 831 715 35 988 445 0 453 149 624 630 659 313 200 618 441 831 520 346 
722 757 6 860 660 478 494 453 0 781 737 230 456 250 525 218 513 770 296 707 
5 828 71 82 349 673 438 149 781 0 151 992 392 234 38 106 539 618 738 467 
215 549 935 815 941 443 485 624 737 151 0 480 260 704 543 276 691 417 356 14 
284 783 819 471 913 223 894 630 230 992 480 0 653 92 680 602 847 353 507 721 
387 526 241 368 986 307 77 659 456 392 260 653 0 925 934 312 776 729 461 639 
669 619 959 360 581 225 509 313 250 234 704 92 925 0 890 151 969 162 272 219 
360 962 537 385 887 938 981 200 525 38 543 680 934 890 0 841 658 356 72 489 
714 134 270 664 988 989 828 618 218 106 276 602 312 151 841 0 338 309 53 700 
564 457 684 250 654 31 236 441 513 539 691 847 776 969 658 338 0 150 727 385 
524 440 461 487 927 895 855 831 770 618 417 353 729 162 356 309 150 0 51 709 
688 357 901 781 902 562 32 520 296 738 356 507 461 272 72 53 727 51 0 932 
613 873 117 219 167 362 465 346 707 467 14 721 639 219 489 700 385 709 932 0 
0 898 72 600 746 290 56 193 898 246 571 387 505 864 856 624 255 811 372 990 
898 0 888 533 446 602 666 746 298 971 809 702 233 128 767 161 365 340 109 582 
72 888 0 657 574 222 525 849 157 1 694 626 302 249 721 580 661 17 155 167 
600 533 657 0 704 657 139 761 933 46 547 399 441 201 186 355 49 345 420 268 
746 446 574 704 0 530 943 434 681 457 58 498 502 447 787 620 749 417 277 255 
290 602 222 657 530 0 563 715 480 819 739 685 588 698 477 720 204 850 709 804 
56 666 525 139 943 563 0 447 711 901 905 957 123 526 526 707 177 959 9 114 
193 746 849 761 434 715 447 0 714 780 835 155 452 554 699 531 325 105 749 694 
898 298 157 933 681 480 711 714 0 888 564 412 458 684 224 522 830 584 834 268 
246 971 1 46 457 819 901 780 888 0 4 666 638 34 438 596 82 171 323 734 
571 809 694 547 58 739 905 835 564 4 0 113 752 291 15 410 90 859 757 170 
387 702 626 399 498 685 957 155 412 666 113 0 782 450 849 97 624 6 69 999 
505 233 302 441 502 588 123 452 458 638 752 782 0 696 36 281 377 984 540 514 
864 128 249 201 447 698 526 554 684 34 291 450 696 0 655 332 929 563 189 590 
856 767 721 186 787 477 526 699 224 438 15 849 36 655 0 650 310 31 385 768 
624 161 580 355 620 720 707 531 522 596 410 97 281 332 650 0 539 90 489 798 
255 365 661 49 749 204 177 325 830 82 90 624 377 929 310 539 0 917 904 689 
811 340 17 345 417 850 959 105 584 171 859 6 984 563 31 90 917 0 418 636 
372 109 155 420 277 709 9 749 834 323 757 69 540 189 385 489 904 418 0 673 
990 582 167 268 255 804 114 694 268 734 170 999 514 590 768 798 689 636 673 0 
