9 4
0 544 248 188 403 797 943 330 465 
544 0 593 832 430 229 370 990 25 
248 593 0 391 147 340 377 902 689 
188 832 391 0 407 549 47 345 776 
403 430 147 407 0 434 137 327 945 
797 229 340 549 434 0 385 778 220 
943 370 377 47 137 385 0 273 211 
330 990 902 345 327 778 273 0 128 
465 25 689 776 945 220 211 128 0 
0 555 860 284 907 278 126 996 46 
555 0 856 375 621 287 422 145 3 
860 856 0 658 259 606 927 870 493 
284 375 658 0 633 713 282 361 788 
907 621 259 633 0 479 154 198 700 
278 287 606 713 479 0 2 348 370 
126 422 927 282 154 2 0 635 971 
996 145 870 361 198 348 635 0 621 
46 3 493 788 700 370 971 621 0 
0 399 107 638 120 730 757 93 851 
399 0 246 443 107 706 779 962 795 
107 246 0 421 904 273 339 351 542 
638 443 421 0 411 290 804 640 284 
120 107 904 411 0 522 878 769 421 
730 706 273 290 522 0 958 712 903 
757 779 339 804 878 958 0 402 127 
93 962 351 640 769 712 402 0 620 
851 795 542 284 421 903 127 620 0 
0 545 101 764 115 758 969 10 915 
545 0 59 685 200 627 729 935 982 
101 59 0 311 722 415 95 145 547 
764 685 311 0 457 228 775 815 223 
115 200 722 457 0 465 843 662 292 
758 627 415 228 465 0 833 654 511 
969 729 95 775 843 833 0 430 131 
10 935 145 815 662 654 430 0 386 
915 982 547 223 292 511 131 386 0 
0 370 40 694 18 772 913 93 821 
370 0 153 615 354 887 658 775 910 
40 153 0 531 822 456 85 82 705 
694 615 531 0 289 298 863 596 124 
18 354 822 289 0 783 826 919 412 
772 887 456 298 783 0 790 737 593 
913 658 85 863 826 790 0 365 91 
93 775 82 596 919 737 365 0 185 
821 910 705 124 412 593 91 185 0 
