7 3
0 766 274 345 649 838 958 
766 0 343 397 851 130 809 
274 343 0 523 333 968 703 
345 397 523 0 551 820 151 
649 851 333 551 0 663 210 
838 130 968 820 663 0 189 
958 809 703 151 210 189 0 
0 534 392 864 231 902 857 
534 0 665 672 258 353 686 
392 665 0 650 811 532 950 
864 672 650 0 427 354 428 
231 258 811 427 0 852 295 
902 353 532 354 852 0 899 
857 686 950 428 295 899 0 
0 484 468 122 680 190 166 
484 0 338 172 852 595 174 
468 338 0 518 122 509 147 
122 172 518 0 412 587 494 
680 852 122 412 0 287 576 
190 595 509 587 287 0 94 
166 174 147 494 576 94 0 
0 485 500 59 656 161 238 
485 0 314 276 826 805 350 
500 314 0 307 195 425 53 
59 276 307 0 723 565 318 
656 826 195 723 0 133 553 
161 805 425 565 133 0 137 
238 350 53 318 553 137 0 
