9 2
0 544 248 188 403 797 943 330 465 
544 0 593 832 430 229 370 990 25 
248 593 0 391 147 340 377 902 689 
188 832 391 0 407 549 47 345 776 
403 430 147 407 0 434 137 327 945 
797 229 340 549 434 0 385 778 220 
943 370 377 47 137 385 0 273 211 
330 990 902 345 327 778 273 0 128 
465 25 689 776 945 220 211 128 0 
0 116 893 614 224 30 190 731 462 
116 0 298 596 356 97 180 429 146 
893 298 0 71 189 914 626 558 126 
614 596 71 0 732 839 820 658 216 
224 356 189 732 0 567 170 136 1 
30 97 914 839 567 0 480 24 833 
190 180 626 820 170 480 0 192 91 
731 429 558 658 136 24 192 0 661 
462 146 126 216 1 833 91 661 0 
0 852 173 344 787 994 739 337 403 
852 0 734 446 598 964 947 626 743 
173 734 0 917 987 137 255 615 804 
344 446 917 0 252 324 198 421 650 
787 598 987 252 0 446 817 874 950 
994 964 137 324 446 0 507 919 280 
739 947 255 198 817 507 0 780 893 
337 626 615 421 874 919 780 0 444 
403 743 804 650 950 280 893 444 0 
