40 3
0 151 434 114 589 628 937 808 90 430 262 796 384 112 49 354 432 143 234 213 548 763 998 632 143 149 832 430 909 776 562 741 32 686 403 795 842 379 14 81 
151 0 147 99 130 38 143 932 899 833 494 483 426 811 520 473 540 492 210 881 298 47 917 409 954 219 331 186 196 671 95 365 393 909 280 719 853 653 529 211 
434 147 0 151 534 597 80 663 940 89 906 249 231 471 879 477 24 878 853 429 732 741 58 838 869 673 710 816 644 534 38 494 220 747 397 731 941 978 858 883 
114 99 151 0 322 685 761 602 930 826 963 111 886 373 197 882 323 915 467 396 657 969 871 132 90 566 76 88 656 200 635 390 969 684 36 222 677 297 855 829 
589 130 534 322 0 11 583 239 735 472 698 762 692 302 818 72 982 833 767 11 609 427 690 306 27 606 862 562 306 705 621 799 439 910 51 168 333 413 226 482 
628 38 597 685 11 0 674 515 383 857 506 605 90 479 172 168 372 793 933 507 965 976 286 149 359 945 302 514 532 715 655 349 853 390 441 402 260 271 647 572 
937 143 80 761 583 674 0 763 989 674 875 988 482 728 950 61 425 218 462 763 182 570 165 516 819 135 8 714 816 230 476 65 847 795 807 811 570 366 44 116 
808 932 663 602 239 515 763 0 143 399 644 874 996 918 77 482 49 142 202 530 229 72 756 541 967 88 343 595 799 468 850 613 185 693 192 716 368 37 819 639 
90 899 940 930 735 383 989 143 0 758 721 694 512 899 198 550 902 762 431 686 334 937 865 242 146 750 954 386 810 666 52 977 695 959 214 359 555 884 427 537 
430 833 89 826 472 857 674 399 758 0 710 457 308 18 621 893 496 263 976 399 66 190 791 176 933 815 593 763 70 505 29 15 110 693 771 473 415 872 180 315 
262 494 906 963 698 506 875 644 721 710 0 853 661 756 288 637 537 70 121 827 452 448 888 118 289 949 269 105 457 294 791 670 828 110 377 908 180 856 730 849 
796 483 249 111 762 605 988 874 694 457 853 0 375 591 414 949 844 982 485 285 210 161 875 881 767 415 600 669 492 662 321 681 800 523 388 786 320 453 495 616 
384 426 231 886 692 90 482 996 512 308 661 375 0 851 763 553 769 576 857 359 735 899 250 633 108 488 156 308 307 162 360 366 71 752 186 170 392 628 823 539 
112 811 471 373 302 479 728 918 899 18 756 591 851 0 556 927 907 468 593 966 700 376 990 92 461 361 696 819 966 423 894 75 173 173 860 959 215 2 799 553 
49 520 879 197 818 172 950 77 198 621 288 414 763 556 0 86 292 354 668 321 555 601 929 910 686 178 577 213 934 365 7 220 144 902 310 140 999 551 221 73 
354 473 477 882 72 168 61 482 550 893 637 949 553 927 86 0 811 510 687 500 507 285 770 26 639 299 418 3 316 362 257 612 521 124 869 2 505 413 656 992 
432 540 24 323 982 372 425 49 902 496 537 844 769 907 292 811 0 414 93 948 671 648 182 159 90 166 293 809 699 622 531 362 750 765 962 127 759 71 260 858 
143 492 878 915 833 793 218 142 762 263 70 982 576 468 354 510 414 0 717 651 463 927 116 423 649 694 121 41 432 344 465 620 964 115 798 38 498 863 763 913 
234 210 853 467 767 933 462 202 431 976 121 485 857 593 668 687 93 717 0 500 663 299 758 572 77 160 897 265 849 17 68 765 45 762 978 833 103 924 560 59 
213 881 429 396 11 507 763 530 686 399 827 285 359 966 321 500 948 651 500 0 817 243 557 902 170 634 607 907 795 564 536 217 969 94 159 396 379 268 981 350 
548 298 732 657 609 965 182 229 334 66 452 210 735 700 555 507 671 463 663 817 0 907 706 728 371 404 530 476 891 545 806 691 989 493 928 919 857 233 400 894 
763 47 741 969 427 976 570 72 937 190 448 161 899 376 601 285 648 927 299 243 907 0 525 465 457 56 921 380 704 432 833 24 868 627 971 216 464 243 476 189 
998 917 58 871 690 286 165 756 865 791 888 875 250 990 929 770 182 116 758 557 706 525 0 430 737 516 691 774 544 85 671 637 839 972 199 431 426 426 950 601 
632 409 838 132 306 149 516 541 242 176 118 881 633 92 910 26 159 423 572 902 728 465 430 0 495 780 409 205 377 880 436 591 891 343 481 169 954 403 349 366 
143 954 869 90 27 359 819 967 146 933 289 767 108 461 686 639 90 649 77 170 371 457 737 495 0 72 368 904 368 311 827 526 873 699 510 761 824 774 268 398 
149 219 673 566 606 945 135 88 750 815 949 415 488 361 178 299 166 694 160 634 404 56 516 780 72 0 917 863 708 50 416 484 41 138 663 18 591 34 662 498 
832 331 710 76 862 302 8 343 954 593 269 600 156 696 577 418 293 121 897 607 530 921 691 409 368 917 0 136 397 936 376 243 939 576 186 537 517 95 839 809 
430 186 816 88 562 514 714 595 386 763 105 669 308 819 213 3 809 41 265 907 476 380 774 205 904 863 136 0 859 927 885 55 960 303 174 647 922 706 608 818 
909 196 644 656 306 532 816 799 810 70 457 492 307 966 934 316 699 432 849 795 891 704 544 377 368 708 397 859 0 683 690 184 910 727 731 37 427 49 814 475 
776 671 534 200 705 715 230 468 666 505 294 662 162 423 365 362 622 344 17 564 545 432 85 880 311 50 936 927 683 0 18 175 574 621 394 611 108 784 403 835 
562 95 38 635 621 655 476 850 52 29 791 321 360 894 7 257 531 465 68 536 806 833 671 436 827 416 376 885 690 18 0 822 898 151 318 984 99 692 431 24 
741 365 494 390 799 349 65 613 977 15 670 681 366 75 220 612 362 620 765 217 691 24 637 591 526 484 243 55 184 175 822 0 790 206 818 156 699 764 813 88 
32 393 220 969 439 853 847 185 695 110 828 800 71 173 144 521 750 964 45 969 989 868 839 891 873 41 939 960 910 574 898 790 0 817 703 248 629 659 707 477 
686 909 747 684 910 390 795 693 959 693 110 523 752 173 902 124 765 115 762 94 493 627 972 343 699 138 576 303 727 621 151 206 817 0 548 255 918 223 81 69 
403 280 397 36 51 441 807 192 214 771 377 388 186 860 310 869 962 798 978 159 928 971 199 481 510 663 186 174 731 394 318 818 703 548 0 156 97 288 783 663 
795 719 731 222 168 402 811 716 359 473 908 786 170 959 140 2 127 38 833 396 919 216 431 169 761 18 537 647 37 611 984 156 248 255 156 0 382 166 281 817 
842 853 941 677 333 260 570 368 555 415 180 320 392 215 999 505 759 498 103 379 857 464 426 954 824 591 517 922 427 108 99 699 629 918 97 382 0 568 59 408 
379 653 978 297 413 271 366 37 884 872 856 453 628 2 551 413 71 863 924 268 233 243 426 403 774 34 95 706 49 784 692 764 659 223 288 166 568 0 946 646 
14 529 858 855 226 647 44 819 427 180 730 495 823 799 221 656 260 763 560 981 400 476 950 349 268 662 839 608 814 403 431 813 707 81 783 281 59 946 0 552 
81 211 883 829 482 572 116 639 537 315 849 616 539 553 73 992 858 913 59 350 894 189 601 366 398 498 809 818 475 835 24 88 477 69 663 817 408 646 552 0 
0 453 51 675 963 313 954 728 351 986 403 953 706 783 41 131 848 437 53 123 973 164 117 686 675 635 474 456 209 23 984 905 351 432 968 210 350 79 931 718 
453 0 668 230 772 721 18 707 89 798 585 762 301 936 860 60 798 809 989 722 277 91 948 485 22 952 874 851 32 860 533 407 470 567 729 68 984 273 361 15 
51 668 0 415 586 900 675 904 124 943 345 385 349 549 452 9 75 218 94 975 44 853 677 351 168 988 831 638 817 14 242 209 769 879 812 443 864 837 739 979 
675 230 415 0 60 800 205 744 289 584 522 939 11 811 221 570 269 265 909 508 185 277 642 245 704 13 210 959 703 377 687 966 898 746 591 897 143 790 759 214 
963 772 586 60 0 866 137 152 313 238 587 411 672 300 138 1000 188 310 662 245 24 613 382 47 800 346 225 764 294 674 852 31 832 769 63 472 626 552 742 443 
313 721 900 800 866 0 382 542 719 665 688 614 805 983 930 73 897 500 268 813 430 511 587 714 997 335 994 571 336 841 158 635 360 353 630 987 619 510 86 324 
954 18 675 205 137 382 0 868 519 68 481 371 283 224 847 775 358 772 931 163 411 943 419 732 54 829 789 209 72 642 578 779 964 200 144 905 208 229 830 719 
728 707 904 744 152 542 868 0 706 711 547 464 914 300 318 255 939 872 620 382 74 885 789 790 430 540 779 516 882 321 926 755 954 703 386 809 992 437 695 554 
351 89 124 289 313 719 519 706 0 170 945 978 581 143 695 920 787 993 462 370 121 206 683 344 336 727 100 183 441 346 730 518 476 284 396 912 716 745 142 640 
986 798 943 584 238 665 68 711 170 0 274 615 1000 233 1 656 840 239 210 535 730 750 441 497 363 143 518 567 998 503 762 775 708 621 872 649 181 272 96 96 
403 585 345 522 587 688 481 547 945 274 0 813 54 238 949 157 842 927 252 648 743 74 923 356 86 783 838 763 541 314 800 485 988 910 854 283 117 88 500 504 
953 762 385 939 411 614 371 464 978 615 813 0 784 780 463 458 162 982 808 387 631 235 906 275 243 176 53 29 553 513 321 20 469 471 90 410 1000 495 839 393 
706 301 349 11 672 805 283 914 581 1000 54 784 0 62 302 308 509 487 815 227 537 557 141 628 584 868 882 915 886 890 381 510 372 416 87 327 482 442 792 854 
783 936 549 811 300 983 224 300 143 233 238 780 62 0 155 24 951 432 401 450 654 79 348 928 28 708 56 169 14 990 941 400 47 308 138 995 461 917 9 96 
41 860 452 221 138 930 847 318 695 1 949 463 302 155 0 272 816 643 705 683 384 229 346 996 177 546 140 906 117 663 266 53 241 202 755 160 195 811 181 179 
131 60 9 570 1000 73 775 255 920 656 157 458 308 24 272 0 762 753 889 861 959 769 187 536 257 520 668 785 634 469 82 903 139 259 255 119 938 554 961 674 
848 798 75 269 188 897 358 939 787 840 842 162 509 951 816 762 0 256 529 508 676 561 200 90 256 44 925 468 820 444 884 600 427 955 192 56 966 401 874 71 
437 809 218 265 310 500 772 872 993 239 927 982 487 432 643 753 256 0 619 584 757 890 778 201 724 797 577 480 942 360 866 484 829 858 855 20 807 25 758 66 
53 989 94 909 662 268 931 620 462 210 252 808 815 401 705 889 529 619 0 606 269 917 683 523 673 550 442 470 206 284 698 895 400 818 971 131 675 409 973 880 
123 722 975 508 245 813 163 382 370 535 648 387 227 450 683 861 508 584 606 0 426 280 688 153 680 943 85 948 983 424 334 365 421 604 108 311 991 512 711 200 
973 277 44 185 24 430 411 74 121 730 743 631 537 654 384 959 676 757 269 426 0 432 636 371 134 420 963 875 623 855 857 642 147 663 1 308 606 980 604 34 
164 91 853 277 613 511 943 885 206 750 74 235 557 79 229 769 561 890 917 280 432 0 760 56 566 861 877 568 96 325 39 542 621 138 910 608 331 164 820 521 
117 948 677 642 382 587 419 789 683 441 923 906 141 348 346 187 200 778 683 688 636 760 0 48 108 954 267 52 519 115 385 976 360 829 49 150 186 51 529 806 
686 485 351 245 47 714 732 790 344 497 356 275 628 928 996 536 90 201 523 153 371 56 48 0 143 281 670 774 875 64 423 102 618 964 27 99 786 998 216 695 
675 22 168 704 800 997 54 430 336 363 86 243 584 28 177 257 256 724 673 680 134 566 108 143 0 127 981 653 234 659 849 293 667 139 890 826 601 76 898 556 
635 952 988 13 346 335 829 540 727 143 783 176 868 708 546 520 44 797 550 943 420 861 954 281 127 0 521 196 820 58 679 10 457 922 281 621 350 998 8 454 
474 874 831 210 225 994 789 779 100 518 838 53 882 56 140 668 925 577 442 85 963 877 267 670 981 521 0 748 954 203 12 563 870 505 896 195 642 278 861 62 
456 851 638 959 764 571 209 516 183 567 763 29 915 169 906 785 468 480 470 948 875 568 52 774 653 196 748 0 158 41 133 955 505 326 910 469 266 319 725 415 
209 32 817 703 294 336 72 882 441 998 541 553 886 14 117 634 820 942 206 983 623 96 519 875 234 820 954 158 0 254 238 377 892 834 72 27 320 942 862 283 
23 860 14 377 674 841 642 321 346 503 314 513 890 990 663 469 444 360 284 424 855 325 115 64 659 58 203 41 254 0 32 363 658 322 507 789 740 905 732 424 
984 533 242 687 852 158 578 926 730 762 800 321 381 941 266 82 884 866 698 334 857 39 385 423 849 679 12 133 238 32 0 994 674 261 806 790 252 66 887 762 
905 407 209 966 31 635 779 755 518 775 485 20 510 400 53 903 600 484 895 365 642 542 976 102 293 10 563 955 377 363 994 0 597 58 43 695 154 747 499 452 
351 470 769 898 832 360 964 954 476 708 988 469 372 47 241 139 427 829 400 421 147 621 360 618 667 457 870 505 892 658 674 597 0 324 565 861 756 300 295 427 
432 567 879 746 769 353 200 703 284 621 910 471 416 308 202 259 955 858 818 604 663 138 829 964 139 922 505 326 834 322 261 58 324 0 489 249 921 165 536 641 
968 729 812 591 63 630 144 386 396 872 854 90 87 138 755 255 192 855 971 108 1 910 49 27 890 281 896 910 72 507 806 43 565 489 0 292 673 777 895 644 
210 68 443 897 472 987 905 809 912 649 283 410 327 995 160 119 56 20 131 311 308 608 150 99 826 621 195 469 27 789 790 695 861 249 292 0 482 874 998 962 
350 984 864 143 626 619 208 992 716 181 117 1000 482 461 195 938 966 807 675 991 606 331 186 786 601 350 642 266 320 740 252 154 756 921 673 482 0 396 130 956 
79 273 837 790 552 510 229 437 745 272 88 495 442 917 811 554 401 25 409 512 980 164 51 998 76 998 278 319 942 905 66 747 300 165 777 874 396 0 219 699 
931 361 739 759 742 86 830 695 142 96 500 839 792 9 181 961 874 758 973 711 604 820 529 216 898 8 861 725 862 732 887 499 295 536 895 998 130 219 0 464 
718 15 979 214 443 324 719 554 640 96 504 393 854 96 179 674 71 66 880 200 34 521 806 695 556 454 62 415 283 424 762 452 427 641 644 962 956 699 464 0 
0 790 584 345 753 320 534 997 537 540 877 581 344 492 187 117 870 162 17 552 1000 920 115 626 420 674 340 136 640 504 496 607 537 192 692 52 516 66 950 512 
790 0 81 551 817 559 53 896 998 956 655 358 128 913 889 62 519 465 359 747 446 301 415 611 631 916 659 406 178 495 575 482 400 890 496 233 318 394 74 30 
584 81 0 287 454 566 829 859 491 750 461 362 367 373 400 103 165 288 274 995 221 613 97 352 234 754 670 77 995 79 180 198 269 921 594 661 948 842 939 58 
345 551 287 0 23 773 692 905 883 624 729 441 242 845 775 778 841 144 955 656 297 548 381 608 503 17 265 777 540 479 34 581 558 364 194 643 533 866 861 511 
753 817 454 23 0 788 201 476 921 333 341 539 484 25 395 468 394 813 720 440 54 854 123 275 453 43 233 906 197 468 871 264 595 601 110 93 863 619 197 570 
320 559 566 773 788 0 286 681 684 351 823 710 573 981 503 213 835 858 93 779 771 358 557 405 600 505 967 448 359 223 940 862 762 242 338 540 111 432 639 368 
534 53 829 692 201 286 0 279 103 322 61 452 493 405 363 953 514 993 973 204 818 766 562 874 243 583 481 136 149 667 49 903 653 322 11 605 127 281 645 484 
997 896 859 905 476 681 279 0 527 487 536 417 452 536 864 213 873 674 221 211 566 745 835 840 656 412 165 822 944 189 358 777 405 814 383 606 596 444 615 261 
537 998 491 883 921 684 103 527 0 216 675 873 279 518 282 399 834 500 760 293 494 616 200 350 708 50 183 212 59 807 274 154 538 666 371 984 487 478 239 505 
540 956 750 624 333 351 322 487 216 0 241 969 697 89 318 608 192 588 670 157 308 408 714 838 990 684 255 831 803 746 430 545 672 382 280 957 955 129 436 144 
877 655 461 729 341 823 61 536 675 241 0 827 45 392 323 192 922 239 400 614 576 37 806 449 230 733 274 815 511 381 565 677 65 710 835 303 342 650 601 595 
581 358 362 441 539 710 452 417 873 969 827 0 755 656 447 387 34 831 733 339 864 254 669 174 202 348 54 164 479 762 831 645 824 858 77 573 986 27 540 200 
344 128 367 242 484 573 493 452 279 697 45 755 0 345 133 500 748 773 376 310 951 255 156 999 445 613 931 977 499 674 334 616 788 98 774 407 374 460 368 706 
492 913 373 845 25 981 405 536 518 89 392 656 345 0 591 60 518 743 437 743 533 121 425 983 693 254 59 193 315 984 936 220 235 456 179 997 680 477 166 653 
187 889 400 775 395 503 363 864 282 318 323 447 133 591 0 198 954 767 857 610 547 54 521 691 215 220 427 196 918 912 438 146 511 458 839 4 489 429 34 117 
117 62 103 778 468 213 953 213 399 608 192 387 500 60 198 0 822 740 888 746 819 1 174 126 607 164 766 262 265 780 195 974 113 370 332 47 467 713 742 763 
870 519 165 841 394 835 514 873 834 192 922 34 748 518 954 822 0 109 391 961 567 810 297 527 377 509 842 216 839 87 570 31 386 519 687 806 359 680 369 44 
162 465 288 144 813 858 993 674 500 588 239 831 773 743 767 740 109 0 756 448 616 830 853 140 710 871 750 87 411 7 771 217 351 655 926 202 331 795 714 10 
17 359 274 955 720 93 973 221 760 670 400 733 376 437 857 888 391 756 0 401 198 963 714 906 113 675 188 207 707 339 164 720 491 727 645 154 606 643 135 709 
552 747 995 656 440 779 204 211 293 157 614 339 310 743 610 746 961 448 401 0 861 606 623 464 609 652 228 640 940 819 299 180 241 863 567 493 512 277 317 318 
1000 446 221 297 54 771 818 566 494 308 576 864 951 533 547 819 567 616 198 861 0 480 535 533 188 95 844 508 910 698 816 252 161 360 164 77 488 981 497 27 
920 301 613 548 854 358 766 745 616 408 37 254 255 121 54 1 810 830 963 606 480 0 270 89 547 844 361 657 639 389 504 388 673 367 735 775 173 587 838 781 
115 415 97 381 123 557 562 835 200 714 806 669 156 425 521 174 297 853 714 623 535 270 0 540 241 925 506 242 208 40 668 851 35 783 537 897 391 391 368 796 
626 611 352 608 275 405 874 840 350 838 449 174 999 983 691 126 527 140 906 464 533 89 540 0 106 695 384 984 775 575 809 133 421 950 378 889 482 805 242 225 
420 631 234 503 453 600 243 656 708 990 230 202 445 693 215 607 377 710 113 609 188 547 241 106 0 185 233 219 182 666 364 286 389 373 977 630 925 38 220 471 
674 916 754 17 43 505 583 412 50 684 733 348 613 254 220 164 509 871 675 652 95 844 925 695 185 0 296 217 597 317 176 570 160 935 942 862 198 913 703 992 
340 659 670 265 233 967 481 165 183 255 274 54 931 59 427 766 842 750 188 228 844 361 506 384 233 296 0 408 955 548 233 375 436 492 605 532 776 837 761 110 
136 406 77 777 906 448 136 822 212 831 815 164 977 193 196 262 216 87 207 640 508 657 242 984 219 217 408 0 489 75 81 772 272 133 823 267 378 282 298 339 
640 178 995 540 197 359 149 944 59 803 511 479 499 315 918 265 839 411 707 940 910 639 208 775 182 597 955 489 0 231 550 416 689 997 266 211 625 839 552 30 
504 495 79 479 468 223 667 189 807 746 381 762 674 984 912 780 87 7 339 819 698 389 40 575 666 317 548 75 231 0 86 76 758 100 577 356 754 441 748 821 
496 575 180 34 871 940 49 358 274 430 565 831 334 936 438 195 570 771 164 299 816 504 668 809 364 176 233 81 550 86 0 550 881 450 976 875 703 327 579 585 
607 482 198 581 264 862 903 777 154 545 677 645 616 220 146 974 31 217 720 180 252 388 851 133 286 570 375 772 416 76 550 0 464 284 55 506 245 795 155 904 
537 400 269 558 595 762 653 405 538 672 65 824 788 235 511 113 386 351 491 241 161 673 35 421 389 160 436 272 689 758 881 464 0 418 911 668 741 441 850 358 
192 890 921 364 601 242 322 814 666 382 710 858 98 456 458 370 519 655 727 863 360 367 783 950 373 935 492 133 997 100 450 284 418 0 387 238 528 414 179 822 
692 496 594 194 110 338 11 383 371 280 835 77 774 179 839 332 687 926 645 567 164 735 537 378 977 942 605 823 266 577 976 55 911 387 0 498 165 224 463 816 
52 233 661 643 93 540 605 606 984 957 303 573 407 997 4 47 806 202 154 493 77 775 897 889 630 862 532 267 211 356 875 506 668 238 498 0 42 857 879 852 
516 318 948 533 863 111 127 596 487 955 342 986 374 680 489 467 359 331 606 512 488 173 391 482 925 198 776 378 625 754 703 245 741 528 165 42 0 594 96 537 
66 394 842 866 619 432 281 444 478 129 650 27 460 477 429 713 680 795 643 277 981 587 391 805 38 913 837 282 839 441 327 795 441 414 224 857 594 0 577 954 
950 74 939 861 197 639 645 615 239 436 601 540 368 166 34 742 369 714 135 317 497 838 368 242 220 703 761 298 552 748 579 155 850 179 463 879 96 577 0 699 
512 30 58 511 570 368 484 261 505 144 595 200 706 653 117 763 44 10 709 318 27 781 796 225 471 992 110 339 30 821 585 904 358 822 816 852 537 954 699 0 
0 101 206 999 361 444 393 475 685 984 494 592 565 680 385 85 231 256 220 886 938 177 348 583 221 821 879 480 23 519 678 471 428 136 677 201 569 296 889 778 
101 0 772 38 745 521 81 801 278 514 946 782 519 949 631 802 538 561 550 595 13 38 782 433 636 582 699 870 99 730 312 182 949 714 848 176 742 182 521 149 
206 772 0 900 701 888 850 656 299 892 654 665 366 690 39 141 20 139 318 934 22 499 784 259 416 741 782 944 987 188 576 79 905 732 415 697 921 952 975 29 
999 38 900 0 585 440 450 212 205 321 812 212 107 689 245 689 389 87 986 390 813 298 969 6 401 72 478 482 957 400 735 999 551 551 350 883 23 149 436 23 
361 745 701 585 0 496 264 669 961 515 929 996 636 647 160 446 578 573 975 647 98 737 212 380 1000 661 629 980 632 471 880 90 933 549 48 875 470 178 799 525 
444 521 888 440 496 0 362 381 971 110 898 924 740 772 316 169 714 418 453 684 586 82 946 768 599 950 847 680 338 621 537 383 543 497 702 890 239 464 370 288 
393 81 850 450 264 362 0 406 278 666 662 500 877 165 979 178 69 748 536 152 324 779 755 658 66 598 661 488 550 724 992 68 942 355 893 940 711 286 199 720 
475 801 656 212 669 381 406 0 595 522 456 357 880 512 309 90 351 368 604 357 391 504 992 572 184 407 165 297 866 553 436 218 739 796 199 399 791 881 694 627 
685 278 299 205 961 971 278 595 0 758 19 515 507 5 565 178 772 548 821 766 156 952 634 336 198 573 118 254 307 585 907 267 956 818 782 922 931 817 148 306 
984 514 892 321 515 110 666 522 758 0 97 873 176 832 63 775 672 397 403 984 688 712 546 260 398 279 92 395 927 492 911 975 593 339 269 254 547 354 104 585 
494 946 654 812 929 898 662 456 19 97 0 781 296 278 864 228 979 215 348 610 800 297 474 841 370 637 740 449 35 638 846 201 349 639 808 916 130 493 728 320 
592 782 665 212 996 924 500 357 515 873 781 0 343 898 401 569 582 860 306 881 487 575 976 390 155 227 226 223 514 356 344 22 807 427 467 167 528 437 945 95 
565 519 366 107 636 740 877 880 507 176 296 343 0 244 469 128 734 487 358 583 348 450 213 976 477 975 312 871 749 530 436 385 326 617 350 700 808 236 626 793 
680 949 690 689 647 772 165 512 5 832 278 898 244 0 36 319 731 675 166 682 503 508 728 684 244 330 224 352 422 826 522 42 242 413 299 861 381 881 168 462 
385 631 39 245 160 316 979 309 565 63 864 401 469 36 0 241 542 173 438 765 66 761 134 761 110 954 934 543 453 723 357 298 203 253 534 136 778 531 800 164 
85 802 141 689 446 169 178 90 178 775 228 569 128 319 241 0 532 945 477 907 417 128 217 317 538 906 468 274 616 433 563 764 715 393 304 679 144 732 590 789 
231 538 20 389 578 714 69 351 772 672 979 582 734 731 542 532 0 244 994 887 759 332 736 540 282 91 779 317 935 328 597 776 633 575 477 78 678 21 978 194 
256 561 139 87 573 418 748 368 548 397 215 860 487 675 173 945 244 0 507 85 548 773 437 326 563 987 564 466 961 799 750 789 859 713 695 82 409 306 344 607 
220 550 318 986 975 453 536 604 821 403 348 306 358 166 438 477 994 507 0 746 992 710 568 5 957 6 428 598 609 451 313 678 154 442 919 107 727 468 536 999 
886 595 934 390 647 684 152 357 766 984 610 881 583 682 765 907 887 85 746 0 440 279 880 202 604 516 273 830 941 249 842 243 667 874 799 541 953 356 679 70 
938 13 22 813 98 586 324 391 156 688 800 487 348 503 66 417 759 548 992 440 0 408 599 553 191 364 325 773 820 381 653 609 450 991 475 154 977 768 363 267 
177 38 499 298 737 82 779 504 952 712 297 575 450 508 761 128 332 773 710 279 408 0 400 24 548 252 961 454 379 580 122 80 810 22 967 621 633 772 909 911 
348 782 784 969 212 946 755 992 634 546 474 976 213 728 134 217 736 437 568 880 599 400 0 48 48 189 590 257 185 235 574 450 173 351 675 338 131 146 43 804 
583 433 259 6 380 768 658 572 336 260 841 390 976 684 761 317 540 326 5 202 553 24 48 0 389 503 865 601 945 27 307 525 641 729 638 31 380 696 280 867 
221 636 416 401 1000 599 66 184 198 398 370 155 477 244 110 538 282 563 957 604 191 548 48 389 0 471 952 391 203 766 605 669 854 158 982 896 143 297 815 502 
821 582 741 72 661 950 598 407 573 279 637 227 975 330 954 906 91 987 6 516 364 252 189 503 471 0 468 691 764 58 394 273 877 884 116 678 343 817 274 285 
879 699 782 478 629 847 661 165 118 92 740 226 312 224 934 468 779 564 428 273 325 961 590 865 952 468 0 466 353 714 159 870 718 178 664 150 28 921 647 95 
480 870 944 482 980 680 488 297 254 395 449 223 871 352 543 274 317 466 598 830 773 454 257 601 391 691 466 0 104 525 175 629 657 283 697 479 528 621 409 820 
23 99 987 957 632 338 550 866 307 927 35 514 749 422 453 616 935 961 609 941 820 379 185 945 203 764 353 104 0 111 101 174 548 243 146 537 275 616 584 442 
519 730 188 400 471 621 724 553 585 492 638 356 530 826 723 433 328 799 451 249 381 580 235 27 766 58 714 525 111 0 83 528 778 757 526 845 919 476 155 408 
678 312 576 735 880 537 992 436 907 911 846 344 436 522 357 563 597 750 313 842 653 122 574 307 605 394 159 175 101 83 0 935 991 268 626 681 153 410 889 623 
471 182 79 999 90 383 68 218 267 975 201 22 385 42 298 764 776 789 678 243 609 80 450 525 669 273 870 629 174 528 935 0 522 318 754 977 100 595 129 368 
428 949 905 551 933 543 942 739 956 593 349 807 326 242 203 715 633 859 154 667 450 810 173 641 854 877 718 657 548 778 991 522 0 34 703 953 737 125 657 714 
136 714 732 551 549 497 355 796 818 339 639 427 617 413 253 393 575 713 442 874 991 22 351 729 158 884 178 283 243 757 268 318 34 0 78 398 852 42 534 711 
677 848 415 350 48 702 893 199 782 269 808 467 350 299 534 304 477 695 919 799 475 967 675 638 982 116 664 697 146 526 626 754 703 78 0 582 137 695 644 71 
201 176 697 883 875 890 940 399 922 254 916 167 700 861 136 679 78 82 107 541 154 621 338 31 896 678 150 479 537 845 681 977 953 398 582 0 677 685 323 708 
569 742 921 23 470 239 711 791 931 547 130 528 808 381 778 144 678 409 727 953 977 633 131 380 143 343 28 528 275 919 153 100 737 852 137 677 0 463 388 704 
296 182 952 149 178 464 286 881 817 354 493 437 236 881 531 732 21 306 468 356 768 772 146 696 297 817 921 621 616 476 410 595 125 42 695 685 463 0 404 602 
889 521 975 436 799 370 199 694 148 104 728 945 626 168 800 590 978 344 536 679 363 909 43 280 815 274 647 409 584 155 889 129 657 534 644 323 388 404 0 832 
778 149 29 23 525 288 720 627 306 585 320 95 793 462 164 789 194 607 999 70 267 911 804 867 502 285 95 820 442 408 623 368 714 711 71 708 704 602 832 0 
