15 3
0 691 813 340 330 211 409 414 473 732 95 116 47 212 363 
691 0 822 549 990 128 503 394 510 272 92 615 56 192 397 
813 822 0 434 902 862 491 842 441 990 210 558 660 213 848 
340 549 434 0 345 464 999 723 111 641 24 948 547 251 369 
330 990 902 345 0 206 685 569 754 166 154 724 255 62 813 
211 128 862 464 206 0 86 712 815 268 569 491 905 998 282 
409 503 491 999 685 86 0 668 408 610 468 149 790 984 321 
414 394 842 723 569 712 668 0 325 81 515 473 747 783 323 
473 510 441 111 754 815 408 325 0 746 315 252 698 110 535 
732 272 990 641 166 268 610 81 746 0 810 52 543 126 906 
95 92 210 24 154 569 468 515 315 810 0 486 386 285 143 
116 615 558 948 724 491 149 473 252 52 486 0 254 544 992 
47 56 660 547 255 905 790 747 698 543 386 254 0 405 138 
212 192 213 251 62 998 984 783 110 126 285 544 405 0 911 
363 397 848 369 813 282 321 323 535 906 143 992 138 911 0 
0 248 497 37 354 452 633 425 260 83 966 299 855 502 327 
248 0 499 581 256 327 449 218 564 979 540 189 475 748 799 
497 499 0 555 404 833 536 686 126 266 226 635 860 23 729 
37 581 555 0 304 137 118 137 160 261 715 396 46 680 273 
354 256 404 304 0 900 676 433 222 496 650 729 230 995 340 
452 327 833 137 900 0 852 319 492 867 980 625 819 785 208 
633 449 536 118 676 852 0 763 927 952 88 507 814 452 798 
425 218 686 137 433 319 763 0 915 116 936 954 88 148 377 
260 564 126 160 222 492 927 915 0 359 431 267 519 121 322 
83 979 266 261 496 867 952 116 359 0 552 332 62 748 93 
966 540 226 715 650 980 88 936 431 552 0 460 661 274 381 
299 189 635 396 729 625 507 954 267 332 460 0 728 942 801 
855 475 860 46 230 819 814 88 519 62 661 728 0 112 503 
502 748 23 680 995 785 452 148 121 748 274 942 112 0 330 
327 799 729 273 340 208 798 377 322 93 381 801 503 330 0 
0 736 802 756 473 213 427 572 542 790 280 919 682 723 750 
736 0 291 475 866 828 529 767 642 701 562 654 223 398 713 
802 291 0 539 591 29 289 456 757 332 131 402 41 943 34 
756 475 539 0 410 599 591 666 527 230 377 911 980 79 181 
473 866 591 410 0 893 305 1 356 648 623 655 416 439 598 
213 828 29 599 893 0 750 848 152 286 205 401 415 131 508 
427 529 289 591 305 750 0 331 339 93 755 291 47 91 490 
572 767 456 666 1 848 331 0 262 357 143 217 835 932 944 
542 642 757 527 356 152 339 262 0 861 640 647 448 715 622 
790 701 332 230 648 286 93 357 861 0 986 659 223 391 688 
280 562 131 377 623 205 755 143 640 986 0 685 731 550 478 
919 654 402 911 655 401 291 217 647 659 685 0 325 127 17 
682 223 41 980 416 415 47 835 448 223 731 325 0 826 930 
723 398 943 79 439 131 91 932 715 391 550 127 826 0 222 
750 713 34 181 598 508 490 944 622 688 478 17 930 222 0 
0 674 314 828 241 824 341 582 946 871 30 375 258 132 606 
674 0 518 233 638 950 927 273 840 185 562 737 439 538 587 
314 518 0 419 482 225 699 702 969 387 819 430 51 824 56 
828 233 419 0 626 494 740 726 689 422 675 777 991 127 602 
241 638 482 626 0 422 613 663 729 414 200 216 842 319 996 
824 950 225 494 422 0 258 659 658 5 324 544 144 359 196 
341 927 699 740 613 258 0 582 95 936 836 939 547 978 460 
582 273 702 726 663 659 582 0 85 931 304 192 343 696 854 
946 840 969 689 729 658 95 85 0 845 641 903 521 601 686 
871 185 387 422 414 5 936 931 845 0 914 545 817 24 880 
30 562 819 675 200 324 836 304 641 914 0 619 550 526 489 
375 737 430 777 216 544 939 192 903 545 619 0 124 244 218 
258 439 51 991 842 144 547 343 521 817 550 124 0 840 987 
132 538 824 127 319 359 978 696 601 24 526 244 840 0 249 
606 587 56 602 996 196 460 854 686 880 489 218 987 249 0 
