50 2
0 804 871 10 989 964 407 983 342 597 424 458 53 774 855 609 77 497 529 285 294 698 64 864 330 295 925 906 191 676 550 947 700 889 893 129 55 740 920 695 27 66 170 839 289 467 890 938 557 331 
804 0 963 700 229 884 328 999 969 400 898 74 678 603 406 299 346 164 368 341 670 736 985 165 165 642 97 292 470 301 299 806 556 955 919 138 646 633 749 428 234 8 445 514 286 320 724 879 437 677 
871 963 0 430 124 536 213 843 282 194 251 996 232 959 438 174 66 134 900 131 752 298 136 827 661 279 368 760 466 47 518 182 792 790 937 191 635 632 628 288 30 234 892 760 637 478 832 497 161 714 
10 700 430 0 835 23 810 624 25 307 879 947 408 100 899 956 653 40 856 85 73 989 811 333 155 594 263 958 457 531 531 529 751 889 914 639 113 227 784 519 41 851 200 590 537 74 537 41 274 447 
989 229 124 835 0 620 30 117 941 375 332 251 774 113 269 871 747 677 811 341 684 504 687 132 164 550 177 426 484 982 187 839 297 841 503 525 159 413 969 325 776 440 501 388 470 784 596 712 6 434 
964 884 536 23 620 0 789 303 188 842 508 3 60 170 680 618 717 625 659 608 391 522 305 579 454 818 199 504 297 749 367 179 485 439 737 161 588 536 51 789 771 396 59 390 223 414 183 364 501 111 
407 328 213 810 30 789 0 839 111 651 258 144 718 557 613 133 760 594 39 327 333 515 675 732 622 247 981 560 434 421 629 648 681 395 763 829 895 502 273 672 51 755 821 722 924 556 182 710 554 322 
983 999 843 624 117 303 839 0 926 633 103 763 472 502 192 562 270 270 478 919 765 724 649 315 20 923 947 297 199 145 814 557 91 534 416 295 27 682 925 304 769 637 659 152 946 841 664 529 874 679 
342 969 282 25 941 188 111 926 0 814 110 97 676 168 237 251 550 469 380 164 312 100 582 497 210 150 343 13 447 684 692 232 726 834 219 446 854 347 700 61 323 522 342 2 556 341 255 454 586 630 
597 400 194 307 375 842 651 633 814 0 475 751 882 842 489 924 598 519 626 230 295 855 857 413 7 138 530 141 44 387 660 680 602 648 400 923 313 958 871 12 899 512 262 607 123 432 808 385 429 179 
424 898 251 879 332 508 258 103 110 475 0 955 730 966 519 242 474 556 589 925 715 487 711 249 602 887 475 871 477 367 723 498 323 222 294 421 734 360 458 124 746 657 780 602 231 437 165 536 108 337 
458 74 996 947 251 3 144 763 97 751 955 0 718 312 167 651 408 862 122 650 2 572 945 216 924 314 189 284 691 575 240 100 172 817 298 534 324 591 697 152 408 921 179 783 788 622 11 370 422 94 
53 678 232 408 774 60 718 472 676 882 730 718 0 785 1000 663 442 360 152 389 656 435 437 780 31 210 415 616 393 760 279 70 835 34 512 461 700 540 377 50 674 126 545 912 679 498 479 42 927 526 
774 603 959 100 113 170 557 502 168 842 966 312 785 0 492 781 634 524 360 986 493 626 443 400 771 162 94 253 468 41 837 717 915 664 924 310 792 700 669 374 791 242 176 526 999 893 465 310 710 300 
855 406 438 899 269 680 613 192 237 489 519 167 1000 492 0 338 235 762 953 226 160 534 132 949 4 29 694 720 340 581 43 793 979 944 497 131 355 136 31 67 432 792 312 132 682 190 923 431 656 728 
609 299 174 956 871 618 133 562 251 924 242 651 663 781 338 0 849 806 431 470 940 834 867 8 517 155 470 332 278 290 612 990 208 751 935 577 979 592 370 909 292 774 376 645 351 758 755 871 5 275 
77 346 66 653 747 717 760 270 550 598 474 408 442 634 235 849 0 790 787 125 874 466 48 544 752 979 261 604 360 122 847 316 51 549 465 73 383 883 248 707 921 214 996 974 860 758 340 634 470 853 
497 164 134 40 677 625 594 270 469 519 556 862 360 524 762 806 790 0 195 42 446 117 543 638 290 585 543 972 425 267 292 274 683 596 719 12 125 59 770 356 29 793 424 409 205 647 896 928 67 899 
529 368 900 856 811 659 39 478 380 626 589 122 152 360 953 431 787 195 0 51 443 961 886 696 980 147 188 272 675 398 371 407 161 369 968 994 812 782 540 45 317 181 574 541 946 787 797 254 756 95 
285 341 131 85 341 608 327 919 164 230 925 650 389 986 226 470 125 42 51 0 315 200 874 380 536 244 795 547 510 789 974 795 146 231 21 358 95 769 630 580 342 388 579 642 212 659 30 661 124 915 
294 670 752 73 684 391 333 765 312 295 715 2 656 493 160 940 874 446 443 315 0 711 254 536 185 58 321 353 105 962 611 911 351 924 360 153 162 507 21 493 499 40 60 940 78 9 940 144 364 452 
698 736 298 989 504 522 515 724 100 855 487 572 435 626 534 834 466 117 961 200 711 0 499 130 829 285 306 472 197 496 635 20 358 176 604 212 639 910 96 873 754 964 691 63 917 124 239 919 840 719 
64 985 136 811 687 305 675 649 582 857 711 945 437 443 132 867 48 543 886 874 254 499 0 410 736 896 165 774 751 941 263 452 825 154 327 543 434 900 96 666 922 127 249 459 906 628 585 104 668 438 
864 165 827 333 132 579 732 315 497 413 249 216 780 400 949 8 544 638 696 380 536 130 410 0 78 515 602 853 267 617 657 947 849 579 730 641 147 610 780 409 428 587 121 79 397 863 221 273 352 753 
330 165 661 155 164 454 622 20 210 7 602 924 31 771 4 517 752 290 980 536 185 829 736 78 0 279 52 585 129 223 749 503 582 854 441 559 615 357 456 138 934 689 566 197 821 734 660 697 746 203 
295 642 279 594 550 818 247 923 150 138 887 314 210 162 29 155 979 585 147 244 58 285 896 515 279 0 70 455 846 321 208 219 383 751 770 649 892 981 409 806 721 558 146 101 343 581 495 847 9 980 
925 97 368 263 177 199 981 947 343 530 475 189 415 94 694 470 261 543 188 795 321 306 165 602 52 70 0 521 108 443 252 158 420 251 80 3 544 398 367 904 228 345 386 919 259 485 377 158 571 574 
906 292 760 958 426 504 560 297 13 141 871 284 616 253 720 332 604 972 272 547 353 472 774 853 585 455 521 0 219 157 824 731 70 401 904 796 510 492 597 961 606 647 162 133 244 615 825 322 930 161 
191 470 466 457 484 297 434 199 447 44 477 691 393 468 340 278 360 425 675 510 105 197 751 267 129 846 108 219 0 253 825 807 713 278 173 560 131 552 323 737 609 90 778 161 917 139 332 504 659 727 
676 301 47 531 982 749 421 145 684 387 367 575 760 41 581 290 122 267 398 789 962 496 941 617 223 321 443 157 253 0 749 79 655 387 410 188 656 432 981 726 115 838 227 552 653 808 439 510 147 512 
550 299 518 531 187 367 629 814 692 660 723 240 279 837 43 612 847 292 371 974 611 635 263 657 749 208 252 824 825 749 0 850 891 194 375 932 825 944 115 807 117 167 8 492 861 595 820 680 437 351 
947 806 182 529 839 179 648 557 232 680 498 100 70 717 793 990 316 274 407 795 911 20 452 947 503 219 158 731 807 79 850 0 464 157 794 265 901 624 266 194 992 975 352 113 99 168 444 39 427 258 
700 556 792 751 297 485 681 91 726 602 323 172 835 915 979 208 51 683 161 146 351 358 825 849 582 383 420 70 713 655 891 464 0 445 316 385 215 890 767 468 464 40 92 724 545 634 670 859 431 923 
889 955 790 889 841 439 395 534 834 648 222 817 34 664 944 751 549 596 369 231 924 176 154 579 854 751 251 401 278 387 194 157 445 0 164 158 573 847 959 765 625 923 630 832 920 376 876 703 814 231 
893 919 937 914 503 737 763 416 219 400 294 298 512 924 497 935 465 719 968 21 360 604 327 730 441 770 80 904 173 410 375 794 316 164 0 275 983 357 445 217 488 798 989 454 440 412 465 74 990 896 
129 138 191 639 525 161 829 295 446 923 421 534 461 310 131 577 73 12 994 358 153 212 543 641 559 649 3 796 560 188 932 265 385 158 275 0 872 811 842 27 586 467 414 547 848 469 648 365 823 269 
55 646 635 113 159 588 895 27 854 313 734 324 700 792 355 979 383 125 812 95 162 639 434 147 615 892 544 510 131 656 825 901 215 573 983 872 0 979 928 216 170 449 500 741 407 808 114 801 964 240 
740 633 632 227 413 536 502 682 347 958 360 591 540 700 136 592 883 59 782 769 507 910 900 610 357 981 398 492 552 432 944 624 890 847 357 811 979 0 853 230 880 385 102 389 640 973 935 92 581 881 
920 749 628 784 969 51 273 925 700 871 458 697 377 669 31 370 248 770 540 630 21 96 96 780 456 409 367 597 323 981 115 266 767 959 445 842 928 853 0 78 947 428 955 88 417 555 328 733 815 883 
695 428 288 519 325 789 672 304 61 12 124 152 50 374 67 909 707 356 45 580 493 873 666 409 138 806 904 961 737 726 807 194 468 765 217 27 216 230 78 0 272 903 411 471 666 864 857 519 272 117 
27 234 30 41 776 771 51 769 323 899 746 408 674 791 432 292 921 29 317 342 499 754 922 428 934 721 228 606 609 115 117 992 464 625 488 586 170 880 947 272 0 185 295 365 815 232 582 301 992 480 
66 8 234 851 440 396 755 637 522 512 657 921 126 242 792 774 214 793 181 388 40 964 127 587 689 558 345 647 90 838 167 975 40 923 798 467 449 385 428 903 185 0 446 556 937 483 661 586 316 702 
170 445 892 200 501 59 821 659 342 262 780 179 545 176 312 376 996 424 574 579 60 691 249 121 566 146 386 162 778 227 8 352 92 630 989 414 500 102 955 411 295 446 0 540 576 516 674 488 651 916 
839 514 760 590 388 390 722 152 2 607 602 783 912 526 132 645 974 409 541 642 940 63 459 79 197 101 919 133 161 552 492 113 724 832 454 547 741 389 88 471 365 556 540 0 587 117 462 322 763 147 
289 286 637 537 470 223 924 946 556 123 231 788 679 999 682 351 860 205 946 212 78 917 906 397 821 343 259 244 917 653 861 99 545 920 440 848 407 640 417 666 815 937 576 587 0 434 309 45 766 576 
467 320 478 74 784 414 556 841 341 432 437 622 498 893 190 758 758 647 787 659 9 124 628 863 734 581 485 615 139 808 595 168 634 376 412 469 808 973 555 864 232 483 516 117 434 0 833 503 563 464 
890 724 832 537 596 183 182 664 255 808 165 11 479 465 923 755 340 896 797 30 940 239 585 221 660 495 377 825 332 439 820 444 670 876 465 648 114 935 328 857 582 661 674 462 309 833 0 872 691 100 
938 879 497 41 712 364 710 529 454 385 536 370 42 310 431 871 634 928 254 661 144 919 104 273 697 847 158 322 504 510 680 39 859 703 74 365 801 92 733 519 301 586 488 322 45 503 872 0 579 225 
557 437 161 274 6 501 554 874 586 429 108 422 927 710 656 5 470 67 756 124 364 840 668 352 746 9 571 930 659 147 437 427 431 814 990 823 964 581 815 272 992 316 651 763 766 563 691 579 0 45 
331 677 714 447 434 111 322 679 630 179 337 94 526 300 728 275 853 899 95 915 452 719 438 753 203 980 574 161 727 512 351 258 923 231 896 269 240 881 883 117 480 702 916 147 576 464 100 225 45 0 
0 908 898 202 578 335 408 333 215 355 395 173 757 726 669 606 612 124 481 168 802 39 311 872 896 233 522 228 957 769 797 375 327 56 182 796 646 745 679 405 986 888 710 987 541 517 242 747 647 817 
908 0 381 975 107 131 281 349 63 720 432 627 896 918 861 197 664 745 380 1 135 466 82 629 714 751 847 586 293 996 664 464 841 672 806 692 376 444 775 36 716 425 97 995 811 910 186 756 574 219 
898 381 0 351 737 396 113 307 615 796 452 120 429 102 202 308 432 503 313 982 221 406 461 529 545 919 927 637 969 165 977 675 701 15 863 716 708 241 601 72 601 743 255 839 567 837 414 291 560 184 
202 975 351 0 454 929 258 664 400 920 17 623 965 53 724 831 713 766 46 788 414 135 319 939 636 895 732 676 546 381 42 795 899 486 868 626 588 695 554 754 676 408 230 219 102 945 443 83 637 841 
578 107 737 454 0 115 142 780 180 341 525 545 336 24 726 769 343 203 550 277 80 425 6 963 810 275 666 952 175 81 213 216 303 193 708 591 367 636 175 779 278 221 870 857 890 475 379 740 332 735 
335 131 396 929 115 0 990 779 727 937 104 499 660 845 788 529 770 631 159 67 483 434 428 157 788 399 874 437 316 537 750 986 480 43 768 511 501 870 89 728 369 848 780 178 195 59 401 343 660 288 
408 281 113 258 142 990 0 143 125 593 259 231 531 514 780 315 251 329 81 561 16 277 331 107 121 260 382 184 24 926 664 306 3 369 873 849 183 531 998 651 163 490 910 27 355 879 987 29 201 73 
333 349 307 664 780 779 143 0 503 957 123 695 887 334 294 926 79 124 917 341 670 224 425 553 591 976 443 495 650 522 106 38 609 611 111 732 984 678 741 279 28 303 624 456 731 872 205 227 27 688 
215 63 615 400 180 727 125 503 0 841 946 86 885 457 389 450 533 659 622 818 276 240 197 170 585 675 4 661 452 232 597 869 438 622 174 829 583 635 89 756 701 64 893 41 134 386 961 54 472 354 
355 720 796 920 341 937 593 957 841 0 267 410 721 92 404 28 221 286 229 929 539 951 716 712 879 511 806 410 217 560 511 437 88 925 783 559 957 463 351 934 576 157 281 369 610 938 677 880 110 141 
395 432 452 17 525 104 259 123 946 267 0 518 481 429 939 267 145 445 568 457 786 322 506 992 627 846 959 439 125 992 297 275 755 932 216 997 88 595 354 775 681 703 990 807 684 373 785 108 938 16 
173 627 120 623 545 499 231 695 86 410 518 0 188 928 435 556 889 635 522 322 522 560 371 366 12 198 572 578 21 520 662 216 15 693 169 356 476 413 636 819 589 135 733 199 823 200 574 237 884 165 
757 896 429 965 336 660 531 887 885 721 481 188 0 525 413 495 865 130 978 695 921 892 295 548 349 249 166 194 469 69 658 865 78 682 560 379 445 570 310 798 635 210 435 430 197 253 343 682 753 220 
726 918 102 53 24 845 514 334 457 92 429 928 525 0 219 743 375 425 661 481 668 31 954 414 648 477 970 587 384 377 777 168 197 369 368 590 691 452 269 112 180 820 77 706 215 28 759 318 633 88 
669 861 202 724 726 788 780 294 389 404 939 435 413 219 0 461 157 501 643 706 621 981 826 46 501 645 794 914 21 265 640 20 150 251 804 615 644 925 965 53 871 589 158 782 108 486 668 517 198 899 
606 197 308 831 769 529 315 926 450 28 267 556 495 743 461 0 585 254 849 690 849 521 300 337 719 689 575 643 911 642 261 504 249 29 266 114 378 151 955 691 8 227 934 707 958 65 962 565 224 449 
612 664 432 713 343 770 251 79 533 221 145 889 865 375 157 585 0 853 697 100 190 753 967 215 219 453 773 540 392 722 735 452 671 859 755 68 309 748 857 520 499 74 878 805 79 462 975 899 767 501 
124 745 503 766 203 631 329 124 659 286 445 635 130 425 501 254 853 0 771 730 678 140 646 852 446 325 444 201 91 283 724 508 62 207 322 662 750 942 67 245 336 484 149 90 938 103 831 225 992 144 
481 380 313 46 550 159 81 917 622 229 568 522 978 661 643 849 697 771 0 940 791 711 293 8 154 847 642 728 536 966 707 743 935 318 554 560 410 38 367 973 226 459 645 194 419 438 55 834 472 455 
168 1 982 788 277 67 561 341 818 929 457 322 695 481 706 690 100 730 940 0 616 197 169 740 690 188 172 66 189 656 279 992 404 725 150 535 198 363 504 283 962 961 461 731 522 983 320 941 349 976 
802 135 221 414 80 483 16 670 276 539 786 522 921 668 621 849 190 678 791 616 0 11 729 667 571 701 974 343 822 131 306 867 345 950 675 586 479 759 674 330 677 187 485 592 617 351 786 349 383 53 
39 466 406 135 425 434 277 224 240 951 322 560 892 31 981 521 753 140 711 197 11 0 729 491 50 687 883 787 967 241 429 920 695 215 482 311 267 881 499 682 896 716 896 393 569 194 75 117 658 736 
311 82 461 319 6 428 331 425 197 716 506 371 295 954 826 300 967 646 293 169 729 729 0 596 153 315 539 144 423 480 906 757 953 38 352 523 867 267 485 643 479 493 671 202 8 546 870 258 913 153 
872 629 529 939 963 157 107 553 170 712 992 366 548 414 46 337 215 852 8 740 667 491 596 0 598 853 806 232 40 798 464 570 682 652 986 289 923 955 734 222 311 436 876 362 816 470 894 957 120 851 
896 714 545 636 810 788 121 591 585 879 627 12 349 648 501 719 219 446 154 690 571 50 153 598 0 796 185 126 3 512 722 762 947 651 823 676 437 149 299 523 802 17 991 485 480 794 420 463 746 308 
233 751 919 895 275 399 260 976 675 511 846 198 249 477 645 689 453 325 847 188 701 687 315 853 796 0 32 300 717 694 46 527 339 674 695 496 870 319 698 245 598 72 213 36 409 489 896 702 645 988 
522 847 927 732 666 874 382 443 4 806 959 572 166 970 794 575 773 444 642 172 974 883 539 806 185 32 0 752 507 660 624 238 669 710 628 750 435 36 24 191 430 700 138 7 742 840 352 596 253 215 
228 586 637 676 952 437 184 495 661 410 439 578 194 587 914 643 540 201 728 66 343 787 144 232 126 300 752 0 484 779 576 998 14 19 523 769 83 148 372 215 804 252 99 226 513 374 283 498 694 211 
957 293 969 546 175 316 24 650 452 217 125 21 469 384 21 911 392 91 536 189 822 967 423 40 3 717 507 484 0 731 772 588 768 35 74 22 856 307 729 132 886 586 535 926 276 164 336 779 949 444 
769 996 165 381 81 537 926 522 232 560 992 520 69 377 265 642 722 283 966 656 131 241 480 798 512 694 660 779 731 0 559 607 465 300 328 480 22 777 675 762 432 43 252 147 873 26 636 157 601 742 
797 664 977 42 213 750 664 106 597 511 297 662 658 777 640 261 735 724 707 279 306 429 906 464 722 46 624 576 772 559 0 212 727 982 992 779 631 230 90 50 818 891 412 166 794 593 914 114 459 157 
375 464 675 795 216 986 306 38 869 437 275 216 865 168 20 504 452 508 743 992 867 920 757 570 762 527 238 998 588 607 212 0 360 888 343 306 144 291 272 607 749 327 595 1 207 873 375 467 277 848 
327 841 701 899 303 480 3 609 438 88 755 15 78 197 150 249 671 62 935 404 345 695 953 682 947 339 669 14 768 465 727 360 0 953 760 895 430 429 537 725 583 221 276 123 119 193 282 672 837 999 
56 672 15 486 193 43 369 611 622 925 932 693 682 369 251 29 859 207 318 725 950 215 38 652 651 674 710 19 35 300 982 888 953 0 137 579 518 745 353 754 804 174 777 436 986 395 459 336 338 287 
182 806 863 868 708 768 873 111 174 783 216 169 560 368 804 266 755 322 554 150 675 482 352 986 823 695 628 523 74 328 992 343 760 137 0 20 651 700 68 798 258 108 420 940 758 273 468 175 652 430 
796 692 716 626 591 511 849 732 829 559 997 356 379 590 615 114 68 662 560 535 586 311 523 289 676 496 750 769 22 480 779 306 895 579 20 0 88 894 772 714 985 744 592 807 849 77 79 819 819 107 
646 376 708 588 367 501 183 984 583 957 88 476 445 691 644 378 309 750 410 198 479 267 867 923 437 870 435 83 856 22 631 144 430 518 651 88 0 214 202 278 35 152 891 891 197 181 118 566 390 637 
745 444 241 695 636 870 531 678 635 463 595 413 570 452 925 151 748 942 38 363 759 881 267 955 149 319 36 148 307 777 230 291 429 745 700 894 214 0 187 170 895 15 27 83 190 303 183 15 452 995 
679 775 601 554 175 89 998 741 89 351 354 636 310 269 965 955 857 67 367 504 674 499 485 734 299 698 24 372 729 675 90 272 537 353 68 772 202 187 0 960 324 40 370 778 980 845 338 960 246 846 
405 36 72 754 779 728 651 279 756 934 775 819 798 112 53 691 520 245 973 283 330 682 643 222 523 245 191 215 132 762 50 607 725 754 798 714 278 170 960 0 663 422 742 855 710 807 650 520 417 363 
986 716 601 676 278 369 163 28 701 576 681 589 635 180 871 8 499 336 226 962 677 896 479 311 802 598 430 804 886 432 818 749 583 804 258 985 35 895 324 663 0 302 849 638 446 515 622 461 568 983 
888 425 743 408 221 848 490 303 64 157 703 135 210 820 589 227 74 484 459 961 187 716 493 436 17 72 700 252 586 43 891 327 221 174 108 744 152 15 40 422 302 0 708 75 129 613 277 932 798 547 
710 97 255 230 870 780 910 624 893 281 990 733 435 77 158 934 878 149 645 461 485 896 671 876 991 213 138 99 535 252 412 595 276 777 420 592 891 27 370 742 849 708 0 121 718 944 700 285 990 477 
987 995 839 219 857 178 27 456 41 369 807 199 430 706 782 707 805 90 194 731 592 393 202 362 485 36 7 226 926 147 166 1 123 436 940 807 891 83 778 855 638 75 121 0 982 488 590 655 27 38 
541 811 567 102 890 195 355 731 134 610 684 823 197 215 108 958 79 938 419 522 617 569 8 816 480 409 742 513 276 873 794 207 119 986 758 849 197 190 980 710 446 129 718 982 0 427 709 64 190 556 
517 910 837 945 475 59 879 872 386 938 373 200 253 28 486 65 462 103 438 983 351 194 546 470 794 489 840 374 164 26 593 873 193 395 273 77 181 303 845 807 515 613 944 488 427 0 310 70 660 18 
242 186 414 443 379 401 987 205 961 677 785 574 343 759 668 962 975 831 55 320 786 75 870 894 420 896 352 283 336 636 914 375 282 459 468 79 118 183 338 650 622 277 700 590 709 310 0 825 45 761 
747 756 291 83 740 343 29 227 54 880 108 237 682 318 517 565 899 225 834 941 349 117 258 957 463 702 596 498 779 157 114 467 672 336 175 819 566 15 960 520 461 932 285 655 64 70 825 0 384 920 
647 574 560 637 332 660 201 27 472 110 938 884 753 633 198 224 767 992 472 349 383 658 913 120 746 645 253 694 949 601 459 277 837 338 652 819 390 452 246 417 568 798 990 27 190 660 45 384 0 708 
817 219 184 841 735 288 73 688 354 141 16 165 220 88 899 449 501 144 455 976 53 736 153 851 308 988 215 211 444 742 157 848 999 287 430 107 637 995 846 363 983 547 477 38 556 18 761 920 708 0 
0 514 636 546 895 409 207 971 11 400 952 125 615 58 84 303 485 698 244 770 538 142 254 909 851 740 365 703 926 945 111 351 640 600 740 526 791 506 775 179 146 45 609 138 591 690 598 65 677 979 
514 0 70 842 662 721 121 238 357 117 142 219 321 91 486 248 870 639 172 149 715 976 407 392 412 774 916 669 881 970 855 702 203 718 481 659 336 223 935 46 134 771 678 851 848 622 345 804 742 844 
636 70 0 387 296 584 432 960 409 531 133 576 107 728 735 549 803 87 541 776 955 679 669 155 564 459 758 548 921 369 944 228 123 956 595 889 981 616 84 146 856 728 843 576 485 748 312 790 149 377 
546 842 387 0 760 624 5 980 406 420 186 359 540 352 499 806 337 232 306 34 139 330 122 583 204 291 153 639 704 219 761 462 775 62 821 571 634 232 405 73 316 497 748 884 672 89 465 751 25 201 
895 662 296 760 0 543 7 996 701 524 485 125 904 800 656 166 460 428 72 984 579 500 601 469 944 873 384 692 574 701 870 456 310 754 249 995 658 651 198 89 208 410 893 29 404 332 398 210 878 21 
409 721 584 624 543 0 800 364 943 120 404 12 1 118 497 75 201 682 848 62 35 450 227 585 374 626 857 403 214 122 673 646 873 495 372 407 978 575 347 141 424 417 561 140 652 613 28 10 873 187 
207 121 432 5 7 800 0 787 457 280 571 613 676 667 404 797 962 468 280 553 842 846 886 594 372 220 519 27 392 181 215 536 917 631 418 996 201 84 209 318 721 5 291 940 732 615 920 715 972 995 
971 238 960 980 996 364 787 0 714 688 328 60 722 689 323 999 955 249 142 934 309 347 910 658 957 493 409 650 999 92 526 800 815 149 976 288 741 850 166 828 938 640 741 492 483 556 811 605 507 811 
11 357 409 406 701 943 457 714 0 34 242 521 763 219 281 941 708 471 270 151 72 79 402 412 684 955 380 478 426 137 353 42 816 588 931 221 532 609 171 760 492 255 812 370 970 679 778 989 489 161 
400 117 531 420 524 120 280 688 34 0 233 35 488 516 409 49 478 260 316 352 818 788 840 114 979 325 316 527 582 213 568 945 454 142 577 736 392 259 716 665 870 330 643 123 909 143 535 663 808 462 
952 142 133 186 485 404 571 328 242 233 0 19 19 355 806 127 412 556 362 920 180 568 73 62 504 868 311 413 914 171 791 20 406 860 820 434 495 717 598 259 95 346 894 47 202 511 358 186 624 864 
125 219 576 359 125 12 613 60 521 35 19 0 153 889 409 449 436 661 986 354 603 74 451 718 930 182 860 494 105 990 183 165 866 227 703 126 228 459 4 677 916 577 491 917 363 302 864 773 1 22 
615 321 107 540 904 1 676 722 763 488 19 153 0 919 937 477 630 506 936 911 353 834 543 950 556 967 542 487 875 146 391 970 67 925 851 759 839 296 647 393 654 901 557 250 685 935 901 322 252 294 
58 91 728 352 800 118 667 689 219 516 355 889 919 0 836 897 601 136 237 694 275 823 785 479 689 599 425 566 886 693 228 536 161 124 956 277 206 892 771 373 91 293 468 797 274 374 780 308 81 547 
84 486 735 499 656 497 404 323 281 409 806 409 937 836 0 867 53 981 31 148 878 683 681 687 666 192 738 126 865 366 93 750 748 958 535 585 513 308 16 228 372 450 573 506 900 563 216 755 828 237 
303 248 549 806 166 75 797 999 941 49 127 449 477 897 867 0 413 424 57 517 406 214 16 872 843 667 853 878 548 61 12 217 746 695 648 265 765 390 89 725 26 261 813 902 18 323 589 459 538 395 
485 870 803 337 460 201 962 955 708 478 412 436 630 601 53 413 0 142 281 657 715 178 440 267 44 338 425 166 472 228 876 900 182 849 654 391 829 36 644 490 162 541 195 694 294 248 675 934 461 947 
698 639 87 232 428 682 468 249 471 260 556 661 506 136 981 424 142 0 866 588 374 568 927 51 224 966 481 266 88 28 101 853 127 531 838 291 187 382 239 948 504 337 484 166 579 804 593 385 300 526 
244 172 541 306 72 848 280 142 270 316 362 986 936 237 31 57 281 866 0 709 799 491 554 227 803 875 314 660 636 699 981 161 186 401 815 389 99 800 934 442 524 159 733 715 531 462 743 302 218 377 
770 149 776 34 984 62 553 934 151 352 920 354 911 694 148 517 657 588 709 0 276 26 456 485 831 650 826 830 213 853 977 724 222 19 355 759 213 607 755 668 928 787 245 20 520 724 178 580 122 439 
538 715 955 139 579 35 842 309 72 818 180 603 353 275 878 406 715 374 799 276 0 648 450 395 916 279 652 11 224 340 203 439 530 964 72 162 369 943 87 660 372 859 48 212 914 276 528 898 168 857 
142 976 679 330 500 450 846 347 79 788 568 74 834 823 683 214 178 568 491 26 648 0 588 310 918 476 24 602 101 378 208 91 248 143 818 659 890 754 825 300 875 846 603 393 190 196 651 375 722 417 
254 407 669 122 601 227 886 910 402 840 73 451 543 785 681 16 440 927 554 456 450 588 0 395 721 80 756 344 614 992 583 806 258 391 805 211 548 951 351 714 618 543 97 810 472 192 898 354 89 435 
909 392 155 583 469 585 594 658 412 114 62 718 950 479 687 872 267 51 227 485 395 310 395 0 61 834 296 464 461 313 728 518 382 378 181 617 512 620 280 215 48 752 746 479 102 117 964 623 505 500 
851 412 564 204 944 374 372 957 684 979 504 930 556 689 666 843 44 224 803 831 916 918 721 61 0 112 430 713 587 595 176 282 398 35 594 924 550 246 777 809 252 503 221 637 115 606 844 15 244 413 
740 774 459 291 873 626 220 493 955 325 868 182 967 599 192 667 338 966 875 650 279 476 80 834 112 0 840 174 865 218 308 148 674 228 342 59 326 822 592 934 92 316 661 714 41 767 953 61 501 405 
365 916 758 153 384 857 519 409 380 316 311 860 542 425 738 853 425 481 314 826 652 24 756 296 430 840 0 815 208 489 227 883 875 767 933 453 473 596 265 379 859 166 344 641 759 50 991 753 997 485 
703 669 548 639 692 403 27 650 478 527 413 494 487 566 126 878 166 266 660 830 11 602 344 464 713 174 815 0 409 981 395 190 408 529 427 560 948 923 926 979 436 789 471 665 934 835 847 337 722 206 
926 881 921 704 574 214 392 999 426 582 914 105 875 886 865 548 472 88 636 213 224 101 614 461 587 865 208 409 0 778 166 921 591 292 486 612 702 683 483 533 290 582 403 80 372 652 377 335 606 930 
945 970 369 219 701 122 181 92 137 213 171 990 146 693 366 61 228 28 699 853 340 378 992 313 595 218 489 981 778 0 751 120 808 943 201 414 175 820 698 419 575 490 874 635 902 336 848 295 23 642 
111 855 944 761 870 673 215 526 353 568 791 183 391 228 93 12 876 101 981 977 203 208 583 728 176 308 227 395 166 751 0 657 818 868 831 822 819 397 813 604 919 507 480 127 626 23 1 234 37 503 
351 702 228 462 456 646 536 800 42 945 20 165 970 536 750 217 900 853 161 724 439 91 806 518 282 148 883 190 921 120 657 0 123 290 296 596 580 62 282 667 663 601 271 527 756 988 527 569 905 395 
640 203 123 775 310 873 917 815 816 454 406 866 67 161 748 746 182 127 186 222 530 248 258 382 398 674 875 408 591 808 818 123 0 437 483 963 305 971 92 883 105 556 503 665 29 361 795 957 712 462 
600 718 956 62 754 495 631 149 588 142 860 227 925 124 958 695 849 531 401 19 964 143 391 378 35 228 767 529 292 943 868 290 437 0 512 708 825 191 782 690 745 986 646 136 787 3 939 788 714 374 
740 481 595 821 249 372 418 976 931 577 820 703 851 956 535 648 654 838 815 355 72 818 805 181 594 342 933 427 486 201 831 296 483 512 0 693 362 78 102 78 13 716 892 273 681 472 528 568 819 634 
526 659 889 571 995 407 996 288 221 736 434 126 759 277 585 265 391 291 389 759 162 659 211 617 924 59 453 560 612 414 822 596 963 708 693 0 406 651 263 44 368 332 756 352 50 880 383 581 91 332 
791 336 981 634 658 978 201 741 532 392 495 228 839 206 513 765 829 187 99 213 369 890 548 512 550 326 473 948 702 175 819 580 305 825 362 406 0 795 699 900 169 708 803 24 387 520 859 964 746 825 
506 223 616 232 651 575 84 850 609 259 717 459 296 892 308 390 36 382 800 607 943 754 951 620 246 822 596 923 683 820 397 62 971 191 78 651 795 0 235 658 273 640 733 207 669 478 960 729 789 639 
775 935 84 405 198 347 209 166 171 716 598 4 647 771 16 89 644 239 934 755 87 825 351 280 777 592 265 926 483 698 813 282 92 782 102 263 699 235 0 218 426 608 503 815 400 152 593 736 527 479 
179 46 146 73 89 141 318 828 760 665 259 677 393 373 228 725 490 948 442 668 660 300 714 215 809 934 379 979 533 419 604 667 883 690 78 44 900 658 218 0 92 298 998 559 42 87 588 940 7 492 
146 134 856 316 208 424 721 938 492 870 95 916 654 91 372 26 162 504 524 928 372 875 618 48 252 92 859 436 290 575 919 663 105 745 13 368 169 273 426 92 0 612 633 6 201 636 5 51 941 101 
45 771 728 497 410 417 5 640 255 330 346 577 901 293 450 261 541 337 159 787 859 846 543 752 503 316 166 789 582 490 507 601 556 986 716 332 708 640 608 298 612 0 894 466 379 56 823 85 212 326 
609 678 843 748 893 561 291 741 812 643 894 491 557 468 573 813 195 484 733 245 48 603 97 746 221 661 344 471 403 874 480 271 503 646 892 756 803 733 503 998 633 894 0 667 260 130 412 67 836 662 
138 851 576 884 29 140 940 492 370 123 47 917 250 797 506 902 694 166 715 20 212 393 810 479 637 714 641 665 80 635 127 527 665 136 273 352 24 207 815 559 6 466 667 0 639 811 534 845 807 191 
591 848 485 672 404 652 732 483 970 909 202 363 685 274 900 18 294 579 531 520 914 190 472 102 115 41 759 934 372 902 626 756 29 787 681 50 387 669 400 42 201 379 260 639 0 859 140 278 377 296 
690 622 748 89 332 613 615 556 679 143 511 302 935 374 563 323 248 804 462 724 276 196 192 117 606 767 50 835 652 336 23 988 361 3 472 880 520 478 152 87 636 56 130 811 859 0 112 239 127 807 
598 345 312 465 398 28 920 811 778 535 358 864 901 780 216 589 675 593 743 178 528 651 898 964 844 953 991 847 377 848 1 527 795 939 528 383 859 960 593 588 5 823 412 534 140 112 0 720 557 678 
65 804 790 751 210 10 715 605 989 663 186 773 322 308 755 459 934 385 302 580 898 375 354 623 15 61 753 337 335 295 234 569 957 788 568 581 964 729 736 940 51 85 67 845 278 239 720 0 802 615 
677 742 149 25 878 873 972 507 489 808 624 1 252 81 828 538 461 300 218 122 168 722 89 505 244 501 997 722 606 23 37 905 712 714 819 91 746 789 527 7 941 212 836 807 377 127 557 802 0 423 
979 844 377 201 21 187 995 811 161 462 864 22 294 547 237 395 947 526 377 439 857 417 435 500 413 405 485 206 930 642 503 395 462 374 634 332 825 639 479 492 101 326 662 191 296 807 678 615 423 0 
