30 3
0 256 896 102 966 87 881 831 280 747 147 143 982 233 338 988 406 197 604 172 278 687 292 833 820 100 966 657 295 392 
256 0 14 715 114 668 654 715 316 505 712 877 378 326 942 874 327 575 643 950 145 533 811 793 500 480 321 609 349 376 
896 14 0 215 99 445 779 994 937 939 376 696 4 736 620 694 230 472 438 77 478 336 103 218 903 15 500 965 425 79 
102 715 215 0 151 448 112 584 143 244 480 119 430 864 672 457 108 28 182 198 514 40 474 142 943 502 948 182 461 154 
966 114 99 151 0 941 312 698 80 80 174 998 833 563 889 853 384 881 73 621 848 554 702 762 896 445 651 229 741 122 
87 668 445 448 941 0 212 449 761 385 226 483 89 817 67 60 426 548 973 288 354 547 625 263 868 147 500 334 833 133 
881 654 779 112 312 212 0 140 583 750 993 944 826 969 536 858 231 823 430 414 473 632 811 70 234 147 950 66 867 786 
831 715 994 584 698 449 140 0 674 711 175 78 472 481 829 721 886 848 175 763 477 932 353 982 210 147 390 452 763 177 
280 316 937 143 80 761 583 674 0 501 334 402 857 183 164 657 692 958 566 556 882 567 301 576 853 354 567 210 47 108 
747 505 939 244 80 385 750 711 501 0 994 136 674 731 949 272 90 881 877 203 72 633 393 468 467 483 133 735 741 745 
147 712 376 480 174 226 993 175 334 994 0 875 399 935 555 252 482 123 499 584 168 198 153 354 767 79 116 700 969 880 
143 877 696 119 998 483 944 78 402 136 875 0 758 879 932 868 996 40 926 195 61 368 840 510 933 360 56 555 427 133 
982 378 4 430 833 89 826 472 857 674 399 758 0 776 207 463 512 315 312 1 482 697 74 414 462 938 319 507 976 219 
233 326 736 864 563 817 969 481 183 731 935 879 776 0 733 281 308 175 109 545 550 309 353 204 202 542 329 671 570 864 
338 942 620 672 889 67 536 829 164 949 555 932 207 733 0 200 661 112 496 405 893 644 19 959 431 274 854 463 72 356 
988 874 694 457 853 60 858 721 657 272 252 868 463 281 200 0 375 811 783 644 637 432 64 436 976 835 81 663 937 512 
406 327 230 108 384 426 231 886 692 90 482 996 512 308 661 375 0 471 138 100 949 540 211 256 121 213 521 817 190 149 
197 575 472 28 881 548 823 848 958 881 123 40 315 175 112 811 471 0 298 222 553 24 938 852 485 881 509 651 448 998 
604 643 438 182 73 973 430 175 566 877 499 926 312 109 496 783 138 298 0 968 927 323 648 676 857 429 445 371 161 917 
172 950 77 198 621 288 414 763 556 203 584 195 1 545 405 644 100 222 968 0 86 982 406 936 593 396 553 3 899 58 
278 145 478 514 848 354 473 477 882 72 168 61 482 550 893 637 949 553 927 86 0 372 173 804 668 11 109 869 376 871 
687 533 336 40 554 547 632 932 567 633 198 368 697 309 644 432 540 24 323 982 372 0 310 714 687 507 726 260 601 690 
292 811 103 474 702 625 811 353 301 393 153 840 74 353 19 64 211 938 648 406 173 310 0 379 93 763 349 564 285 286 
833 793 218 142 762 263 70 982 576 468 354 510 414 204 959 436 256 852 676 936 804 714 379 0 717 530 948 787 648 165 
820 500 903 943 896 868 234 210 853 467 767 933 462 202 431 976 121 485 857 593 668 687 93 717 0 686 768 682 927 756 
100 480 15 502 445 147 147 147 354 483 79 360 938 542 274 835 213 881 429 396 11 507 763 530 686 0 428 562 299 865 
966 321 500 948 651 500 950 390 567 133 116 56 319 329 854 81 521 509 445 553 109 726 349 948 768 428 0 729 243 791 
657 609 965 182 229 334 66 452 210 735 700 555 507 671 463 663 817 651 371 3 869 260 564 787 682 562 729 0 907 888 
295 349 425 461 741 833 867 763 47 741 969 427 976 570 72 937 190 448 161 899 376 601 285 648 927 299 243 907 0 875 
392 376 79 154 122 133 786 177 108 745 880 133 219 864 356 512 149 998 917 58 871 690 286 165 756 865 791 888 875 0 
0 43 653 823 438 248 89 831 233 286 171 751 542 360 65 323 587 705 471 172 811 997 485 308 75 830 125 808 722 784 
43 0 884 141 777 906 457 221 327 438 545 952 868 904 650 109 688 61 504 147 300 693 145 24 269 447 399 815 975 392 
653 884 0 943 420 473 290 417 739 860 46 712 331 927 856 13 481 203 464 476 983 517 256 272 188 752 871 401 508 360 
823 141 943 0 838 51 764 890 777 70 60 55 970 542 6 889 547 641 892 667 224 564 358 160 897 744 759 705 245 894 
438 777 420 838 0 668 287 520 622 313 215 54 166 742 707 352 945 186 556 44 300 959 712 304 358 351 921 889 813 496 
248 906 473 51 668 0 147 919 555 721 134 551 68 351 121 862 274 79 936 68 143 910 59 85 939 173 331 529 163 196 
89 457 290 764 287 147 0 879 269 900 717 76 627 89 338 445 922 953 953 814 233 640 330 415 787 859 351 619 382 553 
831 221 417 890 520 919 879 0 781 800 645 973 536 124 144 34 942 762 921 110 238 41 868 523 840 835 804 245 370 590 
233 327 739 777 622 555 269 781 0 866 633 751 488 289 574 882 717 385 601 23 780 860 505 4 842 437 479 312 535 701 
286 438 860 70 313 721 900 800 866 0 472 569 63 313 152 481 714 939 1000 631 62 452 545 391 162 809 673 807 648 973 
171 545 46 60 215 134 717 645 633 472 0 477 678 719 753 666 503 411 856 793 381 221 872 663 509 218 875 275 387 277 
751 952 712 55 54 551 76 973 751 569 477 0 723 519 854 518 882 614 93 695 984 138 730 32 951 265 744 528 227 44 
542 868 331 970 166 68 627 536 488 63 678 723 0 706 464 402 470 371 991 430 907 930 260 188 816 310 616 111 450 185 
360 904 927 542 742 351 89 124 289 313 719 519 706 0 868 560 541 464 293 9 161 847 883 194 762 500 190 575 683 24 
65 650 856 6 707 121 338 144 574 152 753 854 464 868 0 167 733 978 296 866 289 318 561 529 955 772 625 736 861 430 
323 109 13 889 352 862 445 34 882 481 666 518 402 560 167 0 75 615 295 399 256 695 617 817 456 872 401 78 508 411 
587 688 481 547 945 274 922 942 717 714 503 882 470 541 733 75 0 813 706 752 494 1 204 66 633 993 384 695 584 74 
705 61 203 641 186 79 953 762 385 939 411 614 371 464 978 615 813 0 301 635 115 949 131 294 321 239 766 828 606 121 
471 504 464 892 556 936 953 921 601 1000 856 93 991 293 296 295 706 301 0 589 546 463 60 261 90 927 53 163 802 730 
172 147 476 667 44 68 814 110 23 631 793 695 430 9 866 399 752 635 589 0 956 302 9 984 962 982 989 704 291 743 
811 300 983 224 300 143 233 238 780 62 381 984 907 161 289 256 494 115 546 956 0 155 570 112 933 487 94 584 43 631 
997 693 517 564 959 910 640 41 860 452 221 138 930 847 318 695 1 949 463 302 155 0 1000 940 893 432 909 455 810 537 
485 145 256 358 712 59 330 868 505 545 872 730 260 883 561 617 204 131 60 9 570 1000 0 105 208 643 662 461 632 654 
308 24 272 160 304 85 415 523 4 391 663 32 188 194 529 817 66 294 261 984 112 940 105 0 328 753 268 804 167 384 
75 269 188 897 358 939 787 840 842 162 509 951 816 762 955 456 633 321 90 962 933 893 208 328 0 256 931 379 816 959 
830 447 752 744 351 173 859 835 437 809 218 265 310 500 772 872 993 239 927 982 487 432 643 753 256 0 620 137 984 676 
125 399 871 759 921 331 351 804 479 673 875 744 616 190 625 401 384 766 53 989 94 909 662 268 931 620 0 774 407 757 
808 815 401 705 889 529 619 245 312 807 275 528 111 575 736 78 695 828 163 704 584 455 461 804 379 137 774 0 936 269 
722 975 508 245 813 163 382 370 535 648 387 227 450 683 861 508 584 606 802 291 43 810 632 167 816 984 407 936 0 426 
784 392 360 894 496 196 553 590 701 973 277 44 185 24 430 411 74 121 730 743 631 537 654 384 959 676 757 269 426 0 
0 790 704 388 367 544 556 8 340 571 452 20 320 515 90 380 660 489 529 713 156 427 630 501 836 324 905 268 254 135 
790 0 145 76 97 176 993 993 454 750 424 308 722 265 109 775 178 788 470 999 976 518 763 941 160 691 694 625 6 290 
704 145 0 55 405 365 843 781 246 230 695 740 849 312 278 613 940 297 72 332 20 640 367 803 607 100 528 564 345 241 
388 76 55 0 119 417 213 288 291 772 492 392 68 413 969 146 465 689 473 687 596 795 735 768 166 620 623 144 561 115 
367 97 405 119 0 920 399 656 4 681 744 889 36 291 774 895 326 709 268 703 465 362 570 791 487 186 466 113 222 718 
544 176 365 417 920 0 731 500 686 442 869 343 890 464 805 917 760 987 158 717 483 553 789 664 128 609 948 610 797 601 
556 993 843 213 399 731 0 50 403 435 293 487 5 3 871 170 333 420 633 560 912 454 639 591 167 37 793 245 790 246 
8 993 781 288 656 500 50 0 178 228 743 566 665 510 389 524 360 643 244 530 609 814 91 960 809 569 37 426 708 13 
340 454 246 291 4 686 403 178 0 213 702 536 360 118 181 879 317 639 425 862 345 112 655 981 79 839 223 464 844 415 
571 750 230 772 681 442 435 228 213 0 835 912 881 80 624 60 221 560 374 329 656 601 185 536 967 536 295 295 387 1 
452 424 695 492 744 869 293 743 702 835 0 410 607 317 646 456 990 462 24 378 339 226 847 874 253 713 189 667 662 555 
20 308 740 392 889 343 487 566 536 912 410 0 685 898 636 481 474 291 974 611 65 606 40 676 483 857 508 341 691 780 
320 722 849 68 36 890 5 665 360 881 607 685 0 474 721 532 655 549 205 259 94 498 531 855 47 188 854 239 258 704 
515 265 312 413 291 464 3 510 118 80 317 898 474 0 485 399 158 584 694 311 881 638 172 868 179 143 362 945 391 947 
90 109 278 969 774 805 871 389 181 624 646 636 721 485 0 553 279 128 379 755 592 137 724 538 226 8 762 98 255 230 
380 775 613 146 895 917 170 524 879 60 456 481 532 399 553 0 808 32 502 690 937 719 259 235 255 327 788 991 40 183 
660 178 940 465 326 760 333 360 317 221 990 474 655 158 279 808 0 174 657 94 376 683 929 905 113 501 804 183 553 435 
489 788 297 689 709 987 420 643 639 560 462 291 549 584 128 32 174 0 873 30 960 678 884 357 311 413 225 237 600 507 
529 470 72 473 268 158 633 244 425 374 24 974 205 694 379 502 657 873 0 654 828 554 939 535 366 762 984 707 497 693 
713 999 332 687 703 717 560 530 862 329 378 611 259 311 755 690 94 30 654 0 273 868 898 352 648 170 642 397 957 425 
156 976 20 596 465 483 912 609 345 656 339 65 94 881 592 937 376 960 828 273 0 410 223 126 575 228 727 250 435 137 
427 518 640 795 362 553 454 814 112 601 226 606 498 638 137 719 683 678 554 868 410 0 533 690 719 258 46 717 449 50 
630 763 367 735 570 789 639 91 655 185 847 40 531 172 724 259 929 884 939 898 223 533 0 422 131 234 281 366 496 468 
501 941 803 768 791 664 591 960 981 536 874 676 855 868 538 235 905 357 535 352 126 690 422 0 290 261 908 124 339 454 
836 160 607 166 487 128 167 809 79 967 253 483 47 179 226 255 113 311 366 648 575 719 131 290 0 892 28 373 721 182 
324 691 100 620 186 609 37 569 839 536 713 857 188 143 8 327 501 413 762 170 228 258 234 261 892 0 780 767 274 434 
905 694 528 623 466 948 793 37 223 295 189 508 854 362 762 788 804 225 984 642 727 46 281 908 28 780 0 556 374 385 
268 625 564 144 113 610 245 426 464 295 667 341 239 945 98 991 183 237 707 397 250 717 366 124 373 767 556 0 146 803 
254 6 345 561 222 797 790 708 844 387 662 691 258 391 255 40 553 600 497 957 435 449 496 339 721 274 374 146 0 140 
135 290 241 115 718 601 246 13 415 1 555 780 704 947 230 183 435 507 693 425 137 50 468 454 182 434 385 803 140 0 
0 801 635 220 872 569 926 407 624 747 721 684 620 283 116 563 72 768 627 691 312 455 473 873 981 89 800 695 406 854 
801 0 588 914 179 462 603 931 618 523 395 234 595 289 342 910 103 700 386 812 354 790 622 682 612 559 109 643 67 596 
635 588 0 653 764 667 702 888 33 412 671 350 850 281 459 909 339 704 300 187 229 718 466 760 423 465 370 835 611 155 
220 914 653 0 339 795 274 989 386 992 465 704 585 151 929 573 545 156 549 326 836 333 770 817 287 576 9 563 354 250 
872 179 764 339 0 229 954 598 866 557 664 1000 357 362 658 913 982 636 773 729 489 74 613 742 932 504 575 524 317 590 
569 462 667 795 229 0 975 288 565 480 724 854 655 316 854 227 904 932 653 976 996 78 864 972 650 847 70 7 849 454 
926 603 702 274 954 975 0 715 969 113 481 365 552 723 284 586 51 409 111 491 169 421 740 360 229 320 501 494 644 219 
407 931 888 989 598 288 715 0 99 561 95 1 907 702 776 557 439 219 519 697 723 616 544 934 329 428 661 284 235 214 
624 618 33 386 866 565 969 99 0 505 117 118 644 796 421 378 392 336 813 395 103 370 558 261 22 745 648 881 17 617 
747 523 412 992 557 480 113 561 505 0 16 648 800 40 760 688 403 789 39 498 757 962 194 511 419 440 590 20 391 63 
721 395 671 465 664 724 481 95 117 16 0 475 276 30 15 74 484 5 435 422 246 756 381 88 267 862 503 878 120 988 
684 234 350 704 1000 854 365 1 118 648 475 0 512 723 519 164 64 77 837 509 274 841 254 856 270 914 55 775 418 979 
620 595 850 585 357 655 552 907 644 800 276 512 0 406 524 155 903 501 305 644 114 685 732 888 459 428 183 940 319 188 
283 289 281 151 362 316 723 702 796 40 30 723 406 0 588 781 650 644 910 940 669 22 348 120 469 583 713 961 236 903 
116 342 459 929 658 854 284 776 421 760 15 519 524 588 0 534 544 486 195 78 514 692 385 428 139 253 590 392 94 415 
563 910 909 573 913 227 586 557 378 688 74 164 155 781 534 0 677 128 585 679 448 436 228 402 300 633 913 745 114 677 
72 103 339 545 982 904 51 439 392 403 484 64 903 650 544 677 0 220 436 927 272 938 620 463 465 453 904 492 916 610 
768 700 704 156 636 932 409 219 336 789 5 77 501 644 486 128 220 0 482 872 362 137 916 734 217 604 191 798 255 845 
627 386 300 549 773 653 111 519 813 39 435 837 305 910 195 585 436 482 0 611 972 600 199 645 603 786 781 456 24 313 
691 812 187 326 729 976 491 697 395 498 422 509 644 940 78 679 927 872 611 0 684 532 860 303 428 141 451 345 307 201 
312 354 229 836 489 996 169 723 103 757 246 274 114 669 514 448 272 362 972 684 0 965 312 769 270 514 683 606 716 514 
455 790 718 333 74 78 421 616 370 962 756 841 685 22 692 436 938 137 600 532 965 0 555 191 249 326 15 347 298 653 
473 622 466 770 613 864 740 544 558 194 381 254 732 348 385 228 620 916 199 860 312 555 0 262 742 828 26 215 128 498 
873 682 760 817 742 972 360 934 261 511 88 856 888 120 428 402 463 734 645 303 769 191 262 0 913 56 548 301 661 935 
981 612 423 287 932 650 229 329 22 419 267 270 459 469 139 300 465 217 603 428 270 249 742 913 0 757 465 354 270 584 
89 559 465 576 504 847 320 428 745 440 862 914 428 583 253 633 453 604 786 141 514 326 828 56 757 0 397 937 468 242 
800 109 370 9 575 70 501 661 648 590 503 55 183 713 590 913 904 191 781 451 683 15 26 548 465 397 0 371 668 453 
695 643 835 563 524 7 494 284 881 20 878 775 940 961 392 745 492 798 456 345 606 347 215 301 354 937 371 0 236 9 
406 67 611 354 317 849 644 235 17 391 120 418 319 236 94 114 916 255 24 307 716 298 128 661 270 468 668 236 0 561 
854 596 155 250 590 454 219 214 617 63 988 979 188 903 415 677 610 845 313 201 514 653 498 935 584 242 453 9 561 0 
