9 2
0 862 5 495 230 457 217 58 186 
862 0 177 378 867 171 804 517 350 
5 177 0 425 399 316 986 805 317 
495 378 425 0 683 868 249 75 876 
230 867 399 683 0 252 297 476 766 
457 171 316 868 252 0 540 533 238 
217 804 986 249 297 540 0 393 173 
58 517 805 75 476 533 393 0 384 
186 350 317 876 766 238 173 384 0 
0 372 256 56 883 864 654 184 8 
372 0 466 10 722 90 586 186 963 
256 466 0 224 952 124 278 884 441 
56 10 224 0 247 363 929 620 78 
883 722 952 247 0 567 320 306 379 
864 90 124 363 567 0 691 149 45 
654 586 278 929 320 691 0 349 83 
184 186 884 620 306 149 349 0 891 
8 963 441 78 379 45 83 891 0 
0 871 416 810 576 590 712 662 599 
871 0 300 430 147 229 218 964 890 
416 300 0 952 32 608 24 23 223 
810 430 952 0 668 785 270 967 947 
576 147 32 668 0 122 910 474 937 
590 229 608 785 122 0 456 400 582 
712 218 24 270 910 456 0 658 1000 
662 964 23 967 474 400 658 0 915 
599 890 223 947 937 582 1000 915 0 
