40 4
0 517 195 327 715 90 387 78 644 92 45 374 501 272 763 488 956 842 729 133 711 836 449 431 608 986 500 648 132 132 188 553 515 94 958 120 302 941 279 182 
517 0 917 814 781 989 132 624 487 235 241 164 635 858 97 269 571 515 782 562 457 757 417 787 327 53 446 193 867 579 839 778 279 694 426 404 284 617 837 529 
195 917 0 282 156 229 295 947 269 695 342 580 344 133 751 424 777 70 442 251 790 620 799 195 919 333 710 598 48 732 196 526 302 470 504 295 808 223 43 839 
327 814 282 0 125 124 207 379 633 813 969 168 433 498 955 53 915 586 909 924 807 329 803 522 164 297 752 138 543 315 411 498 332 261 560 93 875 321 612 179 
715 781 156 125 0 835 898 23 878 622 282 749 698 251 654 678 804 179 918 242 77 517 990 640 230 250 491 522 886 497 873 773 540 543 297 700 718 443 847 648 
90 989 229 124 835 0 189 937 545 527 25 148 266 963 872 232 701 860 436 651 346 137 432 842 925 294 756 155 874 413 267 216 153 188 13 377 19 157 292 557 
387 132 295 207 898 189 0 45 474 18 941 990 81 349 339 408 657 358 193 663 66 987 275 661 650 670 582 287 254 249 330 736 688 795 141 871 384 253 371 232 
78 624 947 379 23 937 45 0 3 941 188 730 428 832 12 774 585 63 234 781 653 169 836 833 389 752 375 732 499 216 165 447 98 321 871 191 40 950 974 680 
644 487 269 633 878 545 474 3 0 281 111 723 594 917 804 60 333 984 482 338 747 612 837 909 986 73 305 515 644 780 661 215 522 306 284 470 277 432 611 498 
92 235 695 813 622 527 18 941 281 0 926 834 995 611 984 718 899 643 498 404 717 753 200 31 226 684 448 588 862 400 155 731 80 165 616 466 98 44 635 100 
45 241 342 969 282 25 941 188 111 926 0 342 36 478 828 472 524 656 442 763 760 261 126 432 470 391 640 607 306 949 164 260 642 602 253 457 494 343 263 70 
374 164 580 168 749 148 990 730 723 834 342 0 211 88 869 676 811 149 520 560 270 40 838 25 125 333 262 325 774 8 454 903 598 52 720 484 489 267 657 717 
501 635 344 433 698 266 81 428 594 995 36 211 0 905 165 882 619 602 102 218 550 668 84 235 42 765 733 813 572 544 622 594 911 70 332 297 80 565 749 793 
272 858 133 498 251 963 349 832 917 611 478 88 905 0 796 730 774 159 701 245 598 11 188 97 51 312 756 345 136 638 20 76 622 31 604 434 136 585 208 990 
763 97 751 955 654 872 339 12 804 984 828 869 165 796 0 718 603 116 51 273 474 497 59 831 55 295 321 332 467 696 210 668 786 40 972 199 165 100 252 316 
488 269 424 53 678 232 408 774 60 718 472 676 882 730 718 0 959 224 239 7 408 164 967 408 102 715 698 906 389 380 7 22 215 523 272 447 509 884 824 274 
956 571 777 915 804 701 657 585 333 899 524 811 619 774 603 959 0 491 690 71 442 134 521 676 718 2 736 478 698 536 602 295 566 152 547 44 935 824 825 407 
842 515 70 586 179 860 358 63 984 643 656 149 602 159 116 224 491 0 328 68 634 40 691 768 594 656 298 318 182 130 924 642 432 962 353 477 676 195 749 795 
729 782 442 909 918 436 193 234 482 498 442 520 102 701 51 239 690 328 0 203 235 677 198 836 483 493 989 652 971 410 31 279 238 818 472 691 301 96 700 911 
133 562 251 924 242 651 663 781 338 404 763 560 218 245 273 7 71 68 203 0 849 625 142 193 221 160 504 299 960 294 771 594 371 551 774 393 47 781 315 20 
711 457 790 807 77 346 66 653 747 717 760 270 550 598 474 408 442 634 235 849 0 594 139 562 815 940 522 307 316 376 4 550 919 258 853 468 531 613 709 452 
836 757 620 329 517 137 987 169 612 753 261 40 668 11 497 164 134 40 677 625 594 0 893 589 53 874 515 623 477 310 517 818 335 919 585 340 982 71 831 947 
449 417 799 803 990 432 275 836 837 200 126 838 84 188 59 967 521 691 198 142 139 893 0 64 485 446 724 897 757 214 752 247 218 934 455 278 749 393 113 503 
431 787 195 522 640 842 661 833 909 31 432 25 235 97 831 408 676 768 836 193 562 589 64 0 360 443 100 933 811 223 290 923 408 343 521 360 421 408 671 219 
608 327 919 164 230 925 650 389 986 226 470 125 42 51 55 102 718 594 483 221 815 53 485 360 0 315 855 553 401 253 980 150 101 698 130 425 145 76 648 158 
986 53 333 297 250 294 670 752 73 684 391 333 765 312 295 715 2 656 493 160 940 874 446 443 315 0 487 64 637 413 536 138 940 880 7 675 684 488 303 731 
500 446 710 752 491 756 582 375 305 448 640 262 733 756 321 698 736 298 989 504 522 515 724 100 855 487 0 985 503 288 185 887 925 926 211 510 387 986 441 807 
648 193 598 138 522 155 287 732 515 588 607 325 813 345 332 906 478 318 652 299 307 623 897 933 553 64 985 0 125 8 829 314 97 100 345 105 367 550 646 79 
132 867 48 543 886 874 254 499 644 862 306 774 572 136 467 389 698 182 971 960 316 477 757 811 401 637 503 125 0 255 736 210 368 926 342 197 575 299 149 850 
132 579 732 315 497 413 249 216 780 400 949 8 544 638 696 380 536 130 410 294 376 310 214 223 253 413 288 8 255 0 78 162 263 222 818 751 760 518 481 134 
188 839 196 411 873 267 330 165 661 155 164 454 622 20 210 7 602 924 31 771 4 517 752 290 980 536 185 829 736 78 0 29 177 694 887 267 41 531 975 770 
553 778 526 498 773 216 736 447 215 731 260 903 594 76 668 22 295 642 279 594 550 818 247 923 150 138 887 314 210 162 29 0 199 458 548 129 581 187 304 79 
515 279 302 332 540 153 688 98 522 80 642 598 911 622 786 215 566 432 238 371 919 335 218 408 101 940 925 97 368 263 177 199 0 19 77 846 290 367 995 243 
94 694 470 261 543 188 795 321 306 165 602 52 70 31 40 523 152 962 818 551 258 919 934 343 698 880 926 100 926 222 694 458 19 0 914 108 122 629 334 497 
958 426 504 560 297 13 141 871 284 616 253 720 332 604 972 272 547 353 472 774 853 585 455 521 130 7 211 345 342 818 887 548 77 914 0 219 267 814 223 305 
120 404 295 93 700 377 871 191 470 466 457 484 297 434 199 447 44 477 691 393 468 340 278 360 425 675 510 105 197 751 267 129 846 108 219 0 398 692 940 280 
302 284 808 875 718 19 384 40 277 98 494 489 80 136 165 509 935 676 301 47 531 982 749 421 145 684 387 367 575 760 41 581 290 122 267 398 0 660 385 511 
941 617 223 321 443 157 253 950 432 44 343 267 565 585 100 884 824 195 96 781 613 71 393 408 76 488 986 550 299 518 531 187 367 629 814 692 660 0 947 828 
279 837 43 612 847 292 371 974 611 635 263 657 749 208 252 824 825 749 700 315 709 831 113 671 648 303 441 646 149 481 975 304 995 334 223 940 385 947 0 415 
182 529 839 179 648 557 232 680 498 100 70 717 793 990 316 274 407 795 911 20 452 947 503 219 158 731 807 79 850 134 770 79 243 497 305 280 511 828 415 0 
0 507 740 930 490 553 582 529 47 78 874 138 39 878 976 661 322 925 262 851 271 850 943 636 2 837 373 249 279 951 616 562 672 108 726 630 274 467 581 442 
507 0 722 990 232 557 132 615 463 694 992 653 601 280 371 990 131 240 11 693 536 342 852 362 926 372 468 732 141 85 634 588 739 250 718 298 831 681 70 176 
740 722 0 316 149 244 933 307 494 503 611 408 360 229 221 531 719 400 232 722 437 15 935 187 90 311 878 610 414 64 995 291 586 930 633 94 311 787 696 55 
930 990 316 0 226 200 353 216 164 334 335 943 316 454 476 515 876 3 486 579 252 561 733 175 144 621 376 581 450 97 206 778 742 664 741 529 213 477 193 50 
490 232 149 226 0 952 325 787 757 310 733 543 954 237 842 279 373 442 625 340 536 631 313 5 102 436 48 274 920 540 326 757 408 119 226 856 147 97 951 250 
553 557 244 200 952 0 462 839 796 117 130 599 559 697 539 461 137 258 712 798 452 925 716 841 187 818 876 79 677 560 556 968 142 188 643 555 368 668 479 750 
582 132 933 353 325 462 0 377 936 74 749 393 479 74 664 622 767 707 691 760 118 619 998 817 861 70 361 356 966 553 409 475 657 292 358 239 285 897 996 321 
529 615 307 216 787 839 377 0 280 387 698 1 330 206 275 886 606 760 821 981 439 124 996 364 649 13 471 914 780 972 423 138 649 938 747 786 620 890 875 713 
47 463 494 164 757 796 936 280 0 120 131 702 846 672 190 716 545 715 289 26 570 859 559 241 436 895 412 816 975 110 256 174 151 795 611 452 415 152 529 283 
78 694 503 334 310 117 74 387 120 0 562 518 223 60 411 780 364 488 678 39 332 26 455 714 37 880 89 414 422 404 706 81 719 228 501 142 383 260 946 157 
874 992 611 335 733 130 749 698 131 562 0 911 683 74 205 785 372 96 243 106 190 964 277 84 800 348 892 934 528 81 969 481 519 260 79 485 445 99 530 956 
138 653 408 943 543 599 393 1 702 518 911 0 582 580 745 967 879 927 492 627 212 652 68 463 72 173 27 794 894 767 927 957 799 929 481 148 126 689 816 16 
39 601 360 316 954 559 479 330 846 223 683 582 0 548 636 293 381 65 672 446 268 391 130 55 75 78 806 264 992 376 214 406 956 150 461 128 267 186 79 774 
878 280 229 454 237 697 74 206 672 60 74 580 548 0 886 450 689 519 161 309 355 529 162 892 318 170 894 681 847 168 933 567 769 79 978 173 149 869 96 708 
976 371 221 476 842 539 664 275 190 411 205 745 636 886 0 914 219 806 969 760 19 982 289 748 934 743 964 190 914 120 413 211 54 821 474 896 204 171 794 1 
661 990 531 515 279 461 622 886 716 780 785 967 293 450 914 0 748 451 760 249 980 181 82 684 561 340 304 22 487 922 835 497 576 293 381 347 976 527 58 82 
322 131 719 876 373 137 767 606 545 364 372 879 381 689 219 748 0 425 392 809 558 315 560 943 373 5 867 379 528 722 714 784 836 997 285 905 972 600 700 414 
925 240 400 3 442 258 707 760 715 488 96 927 65 519 806 451 425 0 217 977 874 959 779 955 520 157 839 525 183 459 811 431 800 723 275 405 289 970 615 258 
262 11 232 486 625 712 691 821 289 678 243 492 672 161 969 760 392 217 0 580 405 111 403 30 680 389 115 659 389 72 439 692 124 155 951 519 479 846 454 945 
851 693 722 579 340 798 760 981 26 39 106 627 446 309 760 249 809 977 580 0 466 572 693 923 660 293 940 486 823 819 311 116 746 527 715 601 514 88 401 654 
271 536 437 252 536 452 118 439 570 332 190 212 268 355 19 980 558 874 405 466 0 735 768 230 222 74 369 837 709 452 560 833 322 173 624 67 822 693 716 210 
850 342 15 561 631 925 619 124 859 26 964 652 391 529 982 181 315 959 111 572 735 0 705 800 477 211 772 232 684 466 961 900 537 748 811 970 410 641 283 723 
943 852 935 733 313 716 998 996 559 455 277 68 130 162 289 82 560 779 403 693 768 705 0 78 979 859 797 615 135 212 516 952 715 360 874 416 586 338 486 465 
636 362 187 175 5 841 817 364 241 714 84 463 55 892 748 684 943 955 30 923 230 800 78 0 50 436 805 938 291 190 611 995 641 580 838 702 115 854 942 177 
2 926 90 144 102 187 861 649 436 37 800 72 75 318 934 561 373 520 680 660 222 477 979 50 0 175 458 577 115 298 602 644 858 828 151 738 823 704 625 604 
837 372 311 621 436 818 70 13 895 880 348 173 78 170 743 340 5 157 389 293 74 211 859 436 175 0 212 374 715 405 174 528 483 360 81 105 527 966 18 558 
373 468 878 376 48 876 361 471 412 89 892 27 806 894 964 304 867 839 115 940 369 772 797 805 458 212 0 462 880 184 640 310 356 300 927 119 182 511 499 178 
249 732 610 581 274 79 356 914 816 414 934 794 264 681 190 22 379 525 659 486 837 232 615 938 577 374 462 0 130 827 906 350 755 103 152 684 180 659 10 207 
279 141 414 450 920 677 966 780 975 422 528 894 992 847 914 487 528 183 389 823 709 684 135 291 115 715 880 130 0 995 245 15 388 90 157 400 120 195 96 114 
951 85 64 97 540 560 553 972 110 404 81 767 376 168 120 922 722 459 72 819 452 466 212 190 298 405 184 827 995 0 532 91 954 783 583 120 395 195 502 305 
616 634 995 206 326 556 409 423 256 706 969 927 214 933 413 835 714 811 439 311 560 961 516 611 602 174 640 906 245 532 0 97 488 130 369 961 532 212 376 149 
562 588 291 778 757 968 475 138 174 81 481 957 406 567 211 497 784 431 692 116 833 900 952 995 644 528 310 350 15 91 97 0 8 641 248 784 778 11 43 723 
672 739 586 742 408 142 657 649 151 719 519 799 956 769 54 576 836 800 124 746 322 537 715 641 858 483 356 755 388 954 488 8 0 985 200 623 756 720 195 412 
108 250 930 664 119 188 292 938 795 228 260 929 150 79 821 293 997 723 155 527 173 748 360 580 828 360 300 103 90 783 130 641 985 0 745 828 501 611 840 878 
726 718 633 741 226 643 358 747 611 501 79 481 461 978 474 381 285 275 951 715 624 811 874 838 151 81 927 152 157 583 369 248 200 745 0 170 966 58 385 602 
630 298 94 529 856 555 239 786 452 142 485 148 128 173 896 347 905 405 519 601 67 970 416 702 738 105 119 684 400 120 961 784 623 828 170 0 546 361 70 470 
274 831 311 213 147 368 285 620 415 383 445 126 267 149 204 976 972 289 479 514 822 410 586 115 823 527 182 180 120 395 532 778 756 501 966 546 0 797 703 195 
467 681 787 477 97 668 897 890 152 260 99 689 186 869 171 527 600 970 846 88 693 641 338 854 704 966 511 659 195 195 212 11 720 611 58 361 797 0 839 128 
581 70 696 193 951 479 996 875 529 946 530 816 79 96 794 58 700 615 454 401 716 283 486 942 625 18 499 10 96 502 376 43 195 840 385 70 703 839 0 803 
442 176 55 50 250 750 321 713 283 157 956 16 774 708 1 82 414 258 945 654 210 723 465 177 604 558 178 207 114 305 149 723 412 878 602 470 195 128 803 0 
0 900 514 147 83 62 821 911 105 82 813 273 865 159 161 859 652 946 66 69 986 798 139 518 24 962 435 195 66 461 287 299 382 983 355 363 885 515 891 128 
900 0 2 964 934 279 486 196 635 368 507 497 306 148 320 845 993 202 59 351 603 851 406 400 526 604 16 304 249 812 997 755 80 89 164 203 625 640 626 946 
514 2 0 763 503 983 893 960 862 437 483 695 630 316 955 287 417 846 464 228 945 956 975 819 813 48 195 909 312 278 639 572 708 808 633 697 277 857 883 877 
147 964 763 0 449 834 402 779 341 119 470 478 891 978 483 201 911 506 752 656 865 43 516 16 353 430 461 197 401 714 983 885 997 344 120 476 18 334 312 240 
83 934 503 449 0 583 152 4 187 604 414 174 367 122 111 976 752 674 540 267 81 836 544 73 319 964 674 28 627 414 59 528 439 22 476 286 942 184 697 549 
62 279 983 834 583 0 691 361 531 580 271 360 529 281 818 669 163 82 867 313 900 142 889 366 235 919 746 294 535 149 296 363 37 784 609 870 247 898 914 604 
821 486 893 402 152 691 0 384 937 765 170 75 739 262 921 428 362 35 69 660 992 682 511 686 884 804 138 522 343 660 920 265 44 68 116 145 557 846 783 105 
911 196 960 779 4 361 384 0 969 889 783 916 691 955 177 279 393 84 829 194 406 293 754 880 152 372 64 496 706 973 657 750 564 558 114 222 388 278 51 805 
105 635 862 341 187 531 937 969 0 576 515 879 512 62 715 840 564 159 381 128 518 849 736 616 164 273 480 102 675 808 426 495 141 856 309 284 79 65 393 956 
82 368 437 119 604 580 765 889 576 0 621 275 646 491 616 295 788 756 366 598 238 725 379 870 676 728 777 742 320 753 817 686 126 794 817 22 63 237 247 176 
813 507 483 470 414 271 170 783 515 621 0 289 68 329 962 475 992 63 614 894 173 662 890 999 736 57 182 351 523 226 989 735 568 913 651 167 738 703 88 763 
273 497 695 478 174 360 75 916 879 275 289 0 171 804 79 440 979 758 753 666 657 378 391 259 146 25 733 626 964 461 67 58 684 570 108 25 653 511 915 76 
865 306 630 891 367 529 739 691 512 646 68 171 0 912 772 169 349 874 192 206 842 710 535 570 728 707 849 986 352 349 476 299 933 769 582 138 488 695 1000 659 
159 148 316 978 122 281 262 955 62 491 329 804 912 0 434 6 379 520 337 286 235 929 39 297 73 913 76 226 295 675 574 560 171 680 959 639 607 809 259 967 
161 320 955 483 111 818 921 177 715 616 962 79 772 434 0 158 44 316 921 876 98 868 617 36 665 728 237 669 1 505 408 558 726 342 416 257 572 93 269 709 
859 845 287 201 976 669 428 279 840 295 475 440 169 6 158 0 690 166 316 920 733 24 750 363 798 848 931 446 459 253 509 736 304 328 982 238 674 677 769 905 
652 993 417 911 752 163 362 393 564 788 992 979 349 379 44 690 0 133 868 811 272 425 195 176 414 989 337 865 29 463 790 941 105 754 522 234 396 495 29 496 
946 202 846 506 674 82 35 84 159 756 63 758 874 520 316 166 133 0 582 944 162 29 822 620 490 330 576 199 960 37 526 524 667 121 103 825 754 21 309 626 
66 59 464 752 540 867 69 829 381 366 614 753 192 337 921 316 868 582 0 750 694 70 579 36 283 210 178 890 622 338 702 81 519 993 714 794 92 752 285 489 
69 351 228 656 267 313 660 194 128 598 894 666 206 286 876 920 811 944 750 0 184 390 968 255 320 469 212 373 900 401 900 828 901 970 175 951 432 521 165 404 
986 603 945 865 81 900 992 406 518 238 173 657 842 235 98 733 272 162 694 184 0 176 718 397 215 541 123 748 140 789 986 886 9 376 658 674 344 25 647 880 
798 851 956 43 836 142 682 293 849 725 662 378 710 929 868 24 425 29 70 390 176 0 292 745 191 961 430 59 395 568 295 779 566 736 734 314 450 446 194 438 
139 406 975 516 544 889 511 754 736 379 890 391 535 39 617 750 195 822 579 968 718 292 0 136 132 563 139 367 746 577 780 602 289 727 94 258 815 412 22 295 
518 400 819 16 73 366 686 880 616 870 999 259 570 297 36 363 176 620 36 255 397 745 136 0 604 752 694 143 790 377 542 384 166 836 621 476 100 116 669 301 
24 526 813 353 319 235 884 152 164 676 736 146 728 73 665 798 414 490 283 320 215 191 132 604 0 700 731 253 343 384 754 422 213 14 913 942 984 409 777 904 
962 604 48 430 964 919 804 372 273 728 57 25 707 913 728 848 989 330 210 469 541 961 563 752 700 0 389 57 518 49 648 592 780 802 78 38 315 901 428 676 
435 16 195 461 674 746 138 64 480 777 182 733 849 76 237 931 337 576 178 212 123 430 139 694 731 389 0 248 663 377 599 55 261 958 691 345 960 532 344 468 
195 304 909 197 28 294 522 496 102 742 351 626 986 226 669 446 865 199 890 373 748 59 367 143 253 57 248 0 682 288 453 672 911 782 388 563 605 742 137 860 
66 249 312 401 627 535 343 706 675 320 523 964 352 295 1 459 29 960 622 900 140 395 746 790 343 518 663 682 0 228 921 212 39 747 310 644 27 725 767 460 
461 812 278 714 414 149 660 973 808 753 226 461 349 675 505 253 463 37 338 401 789 568 577 377 384 49 377 288 228 0 294 803 561 137 151 660 154 179 716 1000 
287 997 639 983 59 296 920 657 426 817 989 67 476 574 408 509 790 526 702 900 986 295 780 542 754 648 599 453 921 294 0 239 539 321 882 280 618 833 901 463 
299 755 572 885 528 363 265 750 495 686 735 58 299 560 558 736 941 524 81 828 886 779 602 384 422 592 55 672 212 803 239 0 739 764 590 897 90 579 823 974 
382 80 708 997 439 37 44 564 141 126 568 684 933 171 726 304 105 667 519 901 9 566 289 166 213 780 261 911 39 561 539 739 0 212 557 837 316 8 787 436 
983 89 808 344 22 784 68 558 856 794 913 570 769 680 342 328 754 121 993 970 376 736 727 836 14 802 958 782 747 137 321 764 212 0 631 320 39 175 576 197 
355 164 633 120 476 609 116 114 309 817 651 108 582 959 416 982 522 103 714 175 658 734 94 621 913 78 691 388 310 151 882 590 557 631 0 787 938 4 61 655 
363 203 697 476 286 870 145 222 284 22 167 25 138 639 257 238 234 825 794 951 674 314 258 476 942 38 345 563 644 660 280 897 837 320 787 0 748 292 895 714 
885 625 277 18 942 247 557 388 79 63 738 653 488 607 572 674 396 754 92 432 344 450 815 100 984 315 960 605 27 154 618 90 316 39 938 748 0 210 430 729 
515 640 857 334 184 898 846 278 65 237 703 511 695 809 93 677 495 21 752 521 25 446 412 116 409 901 532 742 725 179 833 579 8 175 4 292 210 0 577 315 
891 626 883 312 697 914 783 51 393 247 88 915 1000 259 269 769 29 309 285 165 647 194 22 669 777 428 344 137 767 716 901 823 787 576 61 895 430 577 0 923 
128 946 877 240 549 604 105 805 956 176 763 76 659 967 709 905 496 626 489 404 880 438 295 301 904 676 468 860 460 1000 463 974 436 197 655 714 729 315 923 0 
0 357 590 427 291 227 298 564 201 309 864 872 630 848 289 340 97 666 830 146 646 628 595 825 265 928 557 652 589 51 374 346 236 707 315 694 601 706 745 263 
357 0 602 815 628 301 443 349 59 294 2 104 585 622 135 65 121 81 144 642 869 672 329 585 675 479 934 134 186 655 637 891 40 916 737 248 429 470 949 337 
590 602 0 563 92 909 843 972 912 610 221 784 507 9 44 518 526 175 949 432 912 995 758 803 344 992 216 841 133 726 480 896 353 370 816 297 813 158 113 518 
427 815 563 0 217 245 360 364 875 658 936 945 452 936 35 618 143 180 815 853 970 495 162 729 782 859 245 685 28 113 101 50 460 242 608 314 332 662 916 563 
291 628 92 217 0 109 23 808 720 494 368 570 631 849 276 82 989 278 295 480 504 622 692 744 202 432 671 958 961 574 38 578 740 243 595 799 346 887 837 505 
227 301 909 245 109 0 604 978 350 889 148 188 307 926 544 255 508 973 182 725 334 52 730 916 878 752 274 558 551 602 153 227 883 889 707 517 152 272 193 851 
298 443 843 360 23 604 0 900 120 400 74 987 17 398 353 227 346 905 456 489 724 925 407 218 484 745 344 520 901 873 615 601 479 922 481 702 313 888 401 796 
564 349 972 364 808 978 900 0 841 627 454 942 370 227 849 197 714 514 411 262 757 29 829 444 375 35 252 8 962 472 746 39 356 845 757 59 709 806 958 148 
201 59 912 875 720 350 120 841 0 534 123 498 358 657 627 173 589 541 651 678 978 189 618 378 17 539 804 462 607 58 314 949 714 692 355 465 929 839 556 537 
309 294 610 658 494 889 400 627 534 0 757 173 637 937 276 543 374 946 242 460 883 19 759 575 571 235 646 759 178 252 794 230 940 754 775 70 309 674 12 58 
864 2 221 936 368 148 74 454 123 757 0 553 352 886 966 300 585 847 48 918 607 38 114 635 36 575 891 873 870 224 650 419 787 962 877 598 639 866 910 184 
872 104 784 945 570 188 987 942 498 173 553 0 604 765 715 333 429 842 333 599 429 230 365 284 20 766 866 751 504 942 666 454 797 627 598 640 55 524 566 809 
630 585 507 452 631 307 17 370 358 637 352 604 0 366 613 456 556 857 36 934 125 767 759 296 141 818 633 787 991 122 266 784 272 876 528 638 254 24 408 691 
848 622 9 936 849 926 398 227 657 937 886 765 366 0 451 727 719 4 293 288 530 300 523 151 756 425 764 197 636 913 593 197 237 238 123 883 666 362 639 858 
289 135 44 35 276 544 353 849 627 276 966 715 613 451 0 582 815 503 687 16 414 187 781 803 865 66 892 622 315 792 703 888 529 471 184 596 189 581 701 120 
340 65 518 618 82 255 227 197 173 543 300 333 456 727 582 0 831 542 214 332 77 105 453 607 393 417 58 201 939 997 850 531 454 364 348 186 480 813 33 1 
97 121 526 143 989 508 346 714 589 374 585 429 556 719 815 831 0 575 452 664 960 877 480 267 691 64 995 982 118 601 891 205 702 300 562 575 164 355 438 162 
666 81 175 180 278 973 905 514 541 946 847 842 857 4 503 542 575 0 395 286 933 497 756 233 113 728 303 84 234 720 974 908 426 950 389 916 353 523 26 992 
830 144 949 815 295 182 456 411 651 242 48 333 36 293 687 214 452 395 0 673 35 269 708 596 668 901 140 267 5 714 291 499 247 182 320 632 733 769 924 892 
146 642 432 853 480 725 489 262 678 460 918 599 934 288 16 332 664 286 673 0 841 98 422 777 643 227 41 910 590 390 904 281 4 892 621 498 158 373 291 75 
646 869 912 970 504 334 724 757 978 883 607 429 125 530 414 77 960 933 35 841 0 539 633 207 761 160 730 560 322 251 352 236 173 404 574 280 506 583 423 138 
628 672 995 495 622 52 925 29 189 19 38 230 767 300 187 105 877 497 269 98 539 0 58 191 379 787 250 613 293 941 770 313 536 701 442 921 926 933 160 494 
595 329 758 162 692 730 407 829 618 759 114 365 759 523 781 453 480 756 708 422 633 58 0 214 762 493 707 386 756 27 27 449 583 869 482 271 352 477 857 790 
825 585 803 729 744 916 218 444 378 575 635 284 296 151 803 607 267 233 596 777 207 191 214 0 635 853 355 849 835 782 612 397 850 487 915 463 506 285 436 572 
265 675 344 782 202 878 484 375 17 571 36 20 141 756 865 393 691 113 668 643 761 379 762 635 0 166 20 935 10 802 198 46 434 810 177 588 788 854 506 471 
928 479 992 859 432 752 745 35 539 235 575 766 818 425 66 417 64 728 901 227 160 787 493 853 166 0 202 65 54 219 232 20 274 892 870 120 325 207 998 838 
557 934 216 245 671 274 344 252 804 646 891 866 633 764 892 58 995 303 140 41 730 250 707 355 20 202 0 784 375 348 436 24 558 762 129 891 523 997 978 735 
652 134 841 685 958 558 520 8 462 759 873 751 787 197 622 201 982 84 267 910 560 613 386 849 935 65 784 0 322 187 248 689 628 873 36 811 531 123 732 365 
589 186 133 28 961 551 901 962 607 178 870 504 991 636 315 939 118 234 5 590 322 293 756 835 10 54 375 322 0 354 625 384 324 122 61 470 860 723 147 375 
51 655 726 113 574 602 873 472 58 252 224 942 122 913 792 997 601 720 714 390 251 941 27 782 802 219 348 187 354 0 412 174 203 183 210 279 123 330 645 392 
374 637 480 101 38 153 615 746 314 794 650 666 266 593 703 850 891 974 291 904 352 770 27 612 198 232 436 248 625 412 0 743 374 529 722 326 359 40 721 168 
346 891 896 50 578 227 601 39 949 230 419 454 784 197 888 531 205 908 499 281 236 313 449 397 46 20 24 689 384 174 743 0 362 537 744 345 727 16 833 898 
236 40 353 460 740 883 479 356 714 940 787 797 272 237 529 454 702 426 247 4 173 536 583 850 434 274 558 628 324 203 374 362 0 893 419 521 729 780 1000 496 
707 916 370 242 243 889 922 845 692 754 962 627 876 238 471 364 300 950 182 892 404 701 869 487 810 892 762 873 122 183 529 537 893 0 979 747 930 346 599 216 
315 737 816 608 595 707 481 757 355 775 877 598 528 123 184 348 562 389 320 621 574 442 482 915 177 870 129 36 61 210 722 744 419 979 0 435 412 209 195 827 
694 248 297 314 799 517 702 59 465 70 598 640 638 883 596 186 575 916 632 498 280 921 271 463 588 120 891 811 470 279 326 345 521 747 435 0 163 471 877 843 
601 429 813 332 346 152 313 709 929 309 639 55 254 666 189 480 164 353 733 158 506 926 352 506 788 325 523 531 860 123 359 727 729 930 412 163 0 74 465 123 
706 470 158 662 887 272 888 806 839 674 866 524 24 362 581 813 355 523 769 373 583 933 477 285 854 207 997 123 723 330 40 16 780 346 209 471 74 0 574 244 
745 949 113 916 837 193 401 958 556 12 910 566 408 639 701 33 438 26 924 291 423 160 857 436 506 998 978 732 147 645 721 833 1000 599 195 877 465 574 0 363 
263 337 518 563 505 851 796 148 537 58 184 809 691 858 120 1 162 992 892 75 138 494 790 572 471 838 735 365 375 392 168 898 496 216 827 843 123 244 363 0 
0 398 390 814 186 908 151 271 576 210 389 621 86 678 116 781 301 525 868 287 12 753 269 565 444 594 180 370 220 115 549 802 510 632 281 594 12 199 803 894 
398 0 912 992 426 361 228 238 289 79 493 214 413 270 715 233 40 161 344 61 42 718 315 963 698 618 813 970 345 845 825 78 984 358 884 988 361 1000 644 201 
390 912 0 579 649 958 929 780 114 739 583 453 478 522 80 611 965 258 300 966 216 193 758 517 537 598 645 823 379 825 363 709 740 154 63 677 469 751 412 376 
814 992 579 0 215 974 862 567 695 963 957 669 777 43 898 482 853 973 332 156 433 276 379 483 594 295 400 724 108 784 216 561 900 591 762 832 395 625 287 633 
186 426 649 215 0 859 644 738 117 21 795 767 355 57 72 407 291 65 618 992 217 588 659 896 699 575 97 18 778 742 191 622 787 158 849 212 120 532 494 798 
908 361 958 974 859 0 761 250 341 912 512 523 995 734 522 6 195 715 562 694 743 693 591 104 649 583 213 419 574 332 761 385 217 262 108 297 195 530 500 827 
151 228 929 862 644 761 0 506 20 271 380 285 498 798 182 882 617 878 311 560 512 574 767 369 230 7 320 503 933 770 377 636 942 527 190 531 49 653 410 659 
271 238 780 567 738 250 506 0 34 219 576 465 514 133 406 402 412 768 41 323 806 695 221 223 561 169 874 472 589 489 718 275 782 92 362 427 487 382 882 642 
576 289 114 695 117 341 20 34 0 545 656 149 659 683 791 371 810 595 51 330 527 318 356 636 981 663 276 409 55 884 621 594 98 350 325 735 277 651 263 824 
210 79 739 963 21 912 271 219 545 0 359 667 813 196 615 321 319 523 980 910 4 492 992 193 921 857 442 391 12 998 567 926 370 879 557 82 757 640 868 887 
389 493 583 957 795 512 380 576 656 359 0 634 329 715 926 16 684 916 393 465 120 391 265 609 46 962 803 902 898 538 542 767 67 536 208 325 164 460 974 989 
621 214 453 669 767 523 285 465 149 667 634 0 847 20 266 293 12 666 934 511 183 674 560 413 779 445 742 119 896 472 781 296 514 591 783 213 477 621 602 57 
86 413 478 777 355 995 498 514 659 813 329 847 0 245 668 69 561 327 721 656 706 861 11 101 478 615 510 585 85 816 508 355 60 661 988 241 657 38 161 418 
678 270 522 43 57 734 798 133 683 196 715 20 245 0 274 370 843 380 881 479 146 943 211 390 760 771 880 387 848 89 722 49 940 113 890 687 717 842 690 815 
116 715 80 898 72 522 182 406 791 615 926 266 668 274 0 587 154 572 175 35 949 953 496 38 819 221 512 710 282 645 914 60 236 366 888 971 999 480 230 107 
781 233 611 482 407 6 882 402 371 321 16 293 69 370 587 0 131 392 774 56 726 84 733 864 749 595 496 480 788 401 79 912 548 203 343 43 991 453 622 976 
301 40 965 853 291 195 617 412 810 319 684 12 561 843 154 131 0 853 426 855 215 13 414 951 725 255 851 639 859 23 791 740 613 924 34 49 770 728 42 561 
525 161 258 973 65 715 878 768 595 523 916 666 327 380 572 392 853 0 21 213 70 82 895 319 973 135 857 396 650 837 16 600 530 749 683 131 762 242 554 97 
868 344 300 332 618 562 311 41 51 980 393 934 721 881 175 774 426 21 0 21 869 316 749 512 614 940 932 386 796 836 700 1 152 593 727 510 242 385 703 122 
287 61 966 156 992 694 560 323 330 910 465 511 656 479 35 56 855 213 21 0 203 121 9 820 714 261 370 622 534 746 656 714 64 749 383 348 88 241 806 843 
12 42 216 433 217 743 512 806 527 4 120 183 706 146 949 726 215 70 869 203 0 977 252 429 245 459 199 475 194 417 464 44 675 558 979 605 529 484 936 970 
753 718 193 276 588 693 574 695 318 492 391 674 861 943 953 84 13 82 316 121 977 0 110 497 857 762 280 882 200 12 17 750 315 936 552 315 857 465 862 740 
269 315 758 379 659 591 767 221 356 992 265 560 11 211 496 733 414 895 749 9 252 110 0 795 419 543 902 679 804 807 77 292 228 746 946 472 926 631 742 303 
565 963 517 483 896 104 369 223 636 193 609 413 101 390 38 864 951 319 512 820 429 497 795 0 725 72 194 200 740 45 549 658 85 171 18 910 826 88 777 698 
444 698 537 594 699 649 230 561 981 921 46 779 478 760 819 749 725 973 614 714 245 857 419 725 0 256 895 687 941 510 326 250 683 655 580 221 340 866 491 428 
594 618 598 295 575 583 7 169 663 857 962 445 615 771 221 595 255 135 940 261 459 762 543 72 256 0 810 323 989 844 728 324 757 668 140 146 1000 999 939 513 
180 813 645 400 97 213 320 874 276 442 803 742 510 880 512 496 851 857 932 370 199 280 902 194 895 810 0 438 237 735 833 238 54 791 275 164 396 219 42 985 
370 970 823 724 18 419 503 472 409 391 902 119 585 387 710 480 639 396 386 622 475 882 679 200 687 323 438 0 872 635 7 871 612 720 649 889 2 763 242 735 
220 345 379 108 778 574 933 589 55 12 898 896 85 848 282 788 859 650 796 534 194 200 804 740 941 989 237 872 0 161 20 541 277 708 749 746 605 185 658 492 
115 845 825 784 742 332 770 489 884 998 538 472 816 89 645 401 23 837 836 746 417 12 807 45 510 844 735 635 161 0 446 951 415 426 36 850 515 693 77 226 
549 825 363 216 191 761 377 718 621 567 542 781 508 722 914 79 791 16 700 656 464 17 77 549 326 728 833 7 20 446 0 669 753 31 953 383 107 711 121 868 
802 78 709 561 622 385 636 275 594 926 767 296 355 49 60 912 740 600 1 714 44 750 292 658 250 324 238 871 541 951 669 0 758 190 695 866 639 84 550 572 
510 984 740 900 787 217 942 782 98 370 67 514 60 940 236 548 613 530 152 64 675 315 228 85 683 757 54 612 277 415 753 758 0 91 115 688 407 854 535 314 
632 358 154 591 158 262 527 92 350 879 536 591 661 113 366 203 924 749 593 749 558 936 746 171 655 668 791 720 708 426 31 190 91 0 340 97 142 157 410 552 
281 884 63 762 849 108 190 362 325 557 208 783 988 890 888 343 34 683 727 383 979 552 946 18 580 140 275 649 749 36 953 695 115 340 0 313 669 955 581 685 
594 988 677 832 212 297 531 427 735 82 325 213 241 687 971 43 49 131 510 348 605 315 472 910 221 146 164 889 746 850 383 866 688 97 313 0 260 824 993 410 
12 361 469 395 120 195 49 487 277 757 164 477 657 717 999 991 770 762 242 88 529 857 926 826 340 1000 396 2 605 515 107 639 407 142 669 260 0 960 997 58 
199 1000 751 625 532 530 653 382 651 640 460 621 38 842 480 453 728 242 385 241 484 465 631 88 866 999 219 763 185 693 711 84 854 157 955 824 960 0 244 675 
803 644 412 287 494 500 410 882 263 868 974 602 161 690 230 622 42 554 703 806 936 862 742 777 491 939 42 242 658 77 121 550 535 410 581 993 997 244 0 211 
894 201 376 633 798 827 659 642 824 887 989 57 418 815 107 976 561 97 122 843 970 740 303 698 428 513 985 735 492 226 868 572 314 552 685 410 58 675 211 0 
