8 2
0 231 751 321 933 355 594 368 
231 0 868 904 256 958 115 220 
751 868 0 490 838 809 601 772 
321 904 490 0 130 703 93 59 
933 256 838 130 0 151 709 265 
355 958 809 703 151 0 322 183 
594 115 601 93 709 322 0 408 
368 220 772 59 265 183 408 0 
0 12 264 602 826 725 384 811 
12 0 474 892 399 895 661 818 
264 474 0 31 864 457 852 198 
602 892 31 0 262 77 461 763 
826 399 864 262 0 345 575 222 
725 895 457 77 345 0 848 478 
384 661 852 461 575 848 0 882 
811 818 198 763 222 478 882 0 
0 853 552 314 144 351 489 122 
853 0 456 245 675 127 122 51 
552 456 0 827 122 720 138 713 
314 245 827 0 583 949 421 357 
144 675 122 583 0 636 453 723 
351 127 720 949 636 0 120 528 
489 122 138 421 453 120 0 108 
122 51 713 357 723 528 108 0 
