15 2
0 804 349 316 58 173 524 871 526 86 230 876 883 529 989 
804 0 958 868 517 384 508 963 410 317 500 635 899 882 229 
349 958 0 252 805 900 735 828 699 221 179 715 576 25 124 
316 868 252 0 75 118 827 455 641 494 24 781 722 628 835 
58 517 805 75 0 600 714 60 126 268 56 156 278 364 608 
173 384 900 118 600 0 104 82 327 57 495 125 147 916 363 
524 508 735 827 714 104 0 367 814 492 810 765 952 477 15 
871 963 828 455 60 82 367 0 282 288 10 746 19 296 785 
526 410 699 641 126 327 814 282 0 912 700 229 32 662 567 
86 317 221 494 268 57 492 288 912 0 430 76 247 805 283 
230 500 179 24 56 495 810 10 700 430 0 954 96 864 122 
876 635 715 781 156 125 765 746 229 76 954 0 668 396 213 
883 899 576 722 278 147 952 19 32 247 96 668 0 590 553 
529 882 25 628 364 916 477 296 662 805 864 396 590 0 554 
989 229 124 835 608 363 15 785 567 283 122 213 553 554 0 
0 937 235 604 106 504 842 690 442 139 718 582 886 250 138 
937 0 941 591 963 903 60 248 454 900 815 640 467 188 162 
235 941 0 834 611 269 166 752 130 39 131 321 971 873 585 
604 591 834 0 375 232 713 956 87 589 550 989 401 661 285 
106 963 611 375 0 718 586 562 44 953 204 855 256 210 302 
504 903 269 232 718 0 63 651 137 522 53 626 251 4 688 
842 60 166 713 586 63 0 404 753 833 294 117 333 736 642 
690 248 752 956 562 651 404 0 40 193 684 833 315 346 786 
442 454 130 87 44 137 753 40 0 927 715 588 216 586 238 
139 900 39 589 953 522 833 193 927 0 160 906 638 778 101 
718 815 131 550 204 53 294 684 715 160 0 64 130 731 177 
582 640 321 989 855 626 117 833 588 906 64 0 310 76 475 
886 467 971 401 256 251 333 315 216 638 130 310 0 642 694 
250 188 873 661 210 4 736 346 586 778 731 76 642 0 165 
138 162 585 285 302 688 642 786 238 101 177 475 694 165 0 
0 120 474 66 503 457 106 472 766 472 518 696 429 772 687 
120 0 464 271 169 190 680 320 136 190 516 268 303 805 846 
474 464 0 365 180 948 267 702 825 621 518 265 244 671 757 
66 271 365 0 120 227 486 383 898 849 611 277 498 379 486 
503 169 180 120 0 325 141 77 672 214 789 429 612 970 461 
457 190 948 227 325 0 852 220 832 159 704 167 836 816 479 
106 680 267 486 141 852 0 441 837 233 249 801 422 167 90 
472 320 702 383 77 220 441 0 731 412 689 269 588 490 435 
766 136 825 898 672 832 837 731 0 645 345 656 993 327 783 
472 190 621 849 214 159 233 412 645 0 558 68 621 554 633 
518 516 518 611 789 704 249 689 345 558 0 865 707 98 658 
696 268 265 277 429 167 801 269 656 68 865 0 778 979 586 
429 303 244 498 612 836 422 588 993 621 707 778 0 407 680 
772 805 671 379 970 816 167 490 327 554 98 979 407 0 949 
687 846 757 486 461 479 90 435 783 633 658 586 680 949 0 
