10 3
0 166 345 551 958 93 183 557 623 581 
166 0 397 933 809 709 408 200 204 698 
345 397 0 256 703 322 572 856 70 599 
551 933 256 0 151 944 619 51 938 656 
958 809 703 151 0 368 896 785 592 878 
93 709 322 944 368 0 14 818 852 998 
183 408 572 619 896 14 0 164 434 102 
557 200 856 51 785 818 164 0 147 715 
623 204 70 938 592 852 434 147 0 215 
581 698 599 656 878 998 102 715 215 0 
0 994 281 353 295 160 948 379 934 233 
994 0 302 532 899 954 257 99 251 473 
281 302 0 354 512 409 931 884 149 126 
353 532 354 0 838 706 173 268 545 515 
295 899 512 838 0 265 124 568 366 353 
160 954 409 706 265 0 817 730 582 993 
948 257 931 173 124 817 0 81 141 72 
379 99 884 268 568 730 81 0 120 233 
934 251 149 545 366 582 141 120 0 154 
233 473 126 515 353 993 72 233 154 0 
0 71 656 595 576 597 210 537 260 648 
71 0 674 509 94 104 536 904 679 714 
656 674 0 587 414 671 154 145 853 845 
595 509 587 0 368 406 891 758 559 410 
576 94 414 368 0 865 886 543 414 579 
597 104 671 406 865 0 230 187 388 56 
210 536 154 891 886 230 0 720 789 713 
537 904 145 758 543 187 720 0 915 812 
260 679 853 559 414 388 789 915 0 851 
648 714 845 410 579 56 713 812 851 0 
0 12 648 805 553 993 107 574 31 933 
12 0 617 425 137 80 890 635 807 386 
648 617 0 565 369 754 201 138 776 823 
805 425 565 0 99 192 828 713 471 597 
553 137 369 99 0 856 850 574 580 563 
993 80 754 192 856 0 23 188 220 47 
107 890 201 828 850 23 0 913 930 959 
574 635 138 713 574 188 913 0 883 777 
31 807 776 471 580 220 930 883 0 857 
933 386 823 597 563 47 959 777 857 0 
