20 2
0 397 703 619 592 354 74 607 826 837 190 140 121 383 385 71 553 998 341 186 
397 0 151 896 852 960 799 527 559 186 299 474 946 392 750 31 575 483 254 542 
703 151 0 14 434 472 966 472 557 984 264 223 45 3 711 517 111 944 279 494 
619 896 14 0 147 602 114 833 6 881 579 639 801 650 501 430 527 78 898 54 
592 852 434 147 0 547 99 403 589 654 834 692 280 966 489 269 846 402 163 330 
354 960 472 602 547 0 151 601 130 779 628 850 316 533 665 147 341 136 177 16 
74 799 966 114 99 151 0 164 534 112 38 99 937 296 833 712 420 875 982 181 
607 527 472 833 403 601 164 0 322 312 597 853 143 154 808 376 298 915 378 634 
826 559 557 6 589 130 534 322 0 212 685 193 80 731 932 480 90 589 4 816 
837 186 984 881 654 779 112 312 212 0 11 970 761 369 663 174 899 329 430 669 
190 299 264 579 834 628 38 597 685 11 0 567 583 719 602 226 940 817 833 308 
140 474 223 639 692 850 99 853 193 970 567 0 674 144 239 993 930 74 89 841 
121 946 45 801 280 316 937 143 80 761 583 674 0 54 515 175 735 247 826 255 
383 392 3 650 966 533 296 154 731 369 719 144 54 0 763 334 383 357 472 900 
385 750 711 501 489 665 833 808 932 663 602 239 515 763 0 994 989 602 857 540 
71 31 517 430 269 147 712 376 480 174 226 993 175 334 994 0 143 118 674 969 
553 575 111 527 846 341 420 298 90 899 940 930 735 383 989 143 0 958 399 233 
998 483 944 78 402 136 875 915 589 329 817 74 247 357 602 118 958 0 758 326 
341 254 279 898 163 177 982 378 4 430 833 89 826 472 857 674 399 758 0 736 
186 542 494 54 330 16 181 634 816 669 308 841 255 900 540 969 233 326 736 0 
0 811 431 579 457 662 863 871 132 945 584 35 112 986 738 8 543 82 810 542 
811 0 480 308 368 909 784 339 438 802 982 837 337 30 494 297 46 568 569 601 
431 480 0 881 774 523 223 804 498 106 960 399 80 824 986 191 612 587 92 780 
579 308 881 0 671 206 319 42 101 327 403 290 38 839 732 577 215 594 79 194 
457 368 774 671 0 51 44 702 233 967 850 207 809 745 476 524 75 783 819 152 
662 909 523 206 51 0 833 70 862 551 225 602 636 559 973 337 527 636 433 965 
863 784 223 319 44 833 0 666 144 630 49 53 113 455 986 125 708 512 73 733 
871 339 804 42 702 70 666 0 438 72 423 26 214 739 909 260 969 457 519 415 
132 438 498 101 233 862 144 438 0 793 333 488 800 480 778 953 633 889 529 830 
945 802 106 327 967 551 630 72 793 0 306 77 629 828 373 697 337 447 280 201 
584 982 960 403 850 225 49 423 333 306 0 663 598 81 316 880 247 333 140 987 
35 837 399 290 207 602 53 26 488 77 663 0 555 459 996 878 355 952 214 377 
112 337 80 38 809 636 113 214 800 629 598 555 0 269 229 48 976 348 527 199 
986 30 824 839 745 559 455 739 480 828 81 459 269 0 812 127 227 820 299 908 
738 494 986 732 476 973 986 909 778 373 316 996 229 812 0 109 534 674 969 326 
8 297 191 577 524 337 125 260 953 697 880 878 48 127 109 0 250 985 638 147 
543 46 612 215 75 527 708 969 633 337 247 355 976 227 534 250 0 875 475 457 
82 568 587 594 783 636 512 457 889 447 333 952 348 820 674 985 875 0 265 792 
810 569 92 79 819 433 73 519 529 280 140 214 527 299 969 638 475 265 0 63 
542 601 780 194 152 965 733 415 830 201 987 377 199 908 326 147 457 792 63 0 
0 879 597 513 544 697 706 711 219 874 611 89 204 811 986 46 606 137 883 563 
879 0 502 176 397 693 764 497 233 813 854 795 544 23 412 170 61 656 369 703 
597 502 0 902 757 621 166 764 335 282 988 398 82 904 927 246 536 554 150 986 
513 176 902 0 715 397 226 5 42 233 424 158 100 800 596 588 257 469 227 331 
544 397 757 715 0 186 59 679 189 963 846 287 823 943 577 336 219 770 711 166 
697 693 621 397 186 0 829 212 922 580 271 563 629 585 818 273 717 656 426 996 
706 764 166 226 59 829 0 563 191 532 147 119 14 383 910 143 807 475 145 641 
711 497 764 5 679 212 563 0 420 146 270 17 213 755 737 325 906 271 627 557 
219 233 335 42 189 922 191 420 0 902 333 614 750 437 656 820 638 733 500 740 
874 813 282 233 963 580 532 146 902 0 252 232 702 997 456 826 436 522 354 263 
611 854 988 424 846 271 147 270 333 252 0 498 555 132 241 787 594 317 136 967 
89 795 398 158 287 563 119 17 614 232 498 0 573 436 944 843 471 967 236 558 
204 544 82 100 823 629 14 213 750 702 555 573 0 263 335 6 954 167 419 421 
811 23 904 800 943 585 383 755 437 997 132 436 263 0 721 42 217 710 282 836 
986 412 927 596 577 818 910 737 656 456 241 944 335 721 0 111 547 865 986 281 
46 170 246 588 336 273 143 325 820 826 787 843 6 42 111 0 171 849 587 294 
606 61 536 257 219 717 807 906 638 436 594 471 954 217 547 171 0 636 572 572 
137 656 554 469 770 656 475 271 733 522 317 967 167 710 865 849 636 0 420 758 
883 369 150 227 711 426 145 627 500 354 136 236 419 282 986 587 572 420 0 43 
563 703 986 331 166 996 641 557 740 263 967 558 421 836 281 294 572 758 43 0 
