50 4
0 804 871 10 989 964 407 983 342 597 424 458 53 774 855 609 77 497 529 285 294 698 64 864 330 295 925 906 191 676 550 947 700 889 893 129 55 740 920 695 27 66 170 839 289 467 890 938 557 331 
804 0 963 700 229 884 328 999 969 400 898 74 678 603 406 299 346 164 368 341 670 736 985 165 165 642 97 292 470 301 299 806 556 955 919 138 646 633 749 428 234 8 445 514 286 320 724 879 437 677 
871 963 0 430 124 536 213 843 282 194 251 996 232 959 438 174 66 134 900 131 752 298 136 827 661 279 368 760 466 47 518 182 792 790 937 191 635 632 628 288 30 234 892 760 637 478 832 497 161 714 
10 700 430 0 835 23 810 624 25 307 879 947 408 100 899 956 653 40 856 85 73 989 811 333 155 594 263 958 457 531 531 529 751 889 914 639 113 227 784 519 41 851 200 590 537 74 537 41 274 447 
989 229 124 835 0 620 30 117 941 375 332 251 774 113 269 871 747 677 811 341 684 504 687 132 164 550 177 426 484 982 187 839 297 841 503 525 159 413 969 325 776 440 501 388 470 784 596 712 6 434 
964 884 536 23 620 0 789 303 188 842 508 3 60 170 680 618 717 625 659 608 391 522 305 579 454 818 199 504 297 749 367 179 485 439 737 161 588 536 51 789 771 396 59 390 223 414 183 364 501 111 
407 328 213 810 30 789 0 839 111 651 258 144 718 557 613 133 760 594 39 327 333 515 675 732 622 247 981 560 434 421 629 648 681 395 763 829 895 502 273 672 51 755 821 722 924 556 182 710 554 322 
983 999 843 624 117 303 839 0 926 633 103 763 472 502 192 562 270 270 478 919 765 724 649 315 20 923 947 297 199 145 814 557 91 534 416 295 27 682 925 304 769 637 659 152 946 841 664 529 874 679 
342 969 282 25 941 188 111 926 0 814 110 97 676 168 237 251 550 469 380 164 312 100 582 497 210 150 343 13 447 684 692 232 726 834 219 446 854 347 700 61 323 522 342 2 556 341 255 454 586 630 
597 400 194 307 375 842 651 633 814 0 475 751 882 842 489 924 598 519 626 230 295 855 857 413 7 138 530 141 44 387 660 680 602 648 400 923 313 958 871 12 899 512 262 607 123 432 808 385 429 179 
424 898 251 879 332 508 258 103 110 475 0 955 730 966 519 242 474 556 589 925 715 487 711 249 602 887 475 871 477 367 723 498 323 222 294 421 734 360 458 124 746 657 780 602 231 437 165 536 108 337 
458 74 996 947 251 3 144 763 97 751 955 0 718 312 167 651 408 862 122 650 2 572 945 216 924 314 189 284 691 575 240 100 172 817 298 534 324 591 697 152 408 921 179 783 788 622 11 370 422 94 
53 678 232 408 774 60 718 472 676 882 730 718 0 785 1000 663 442 360 152 389 656 435 437 780 31 210 415 616 393 760 279 70 835 34 512 461 700 540 377 50 674 126 545 912 679 498 479 42 927 526 
774 603 959 100 113 170 557 502 168 842 966 312 785 0 492 781 634 524 360 986 493 626 443 400 771 162 94 253 468 41 837 717 915 664 924 310 792 700 669 374 791 242 176 526 999 893 465 310 710 300 
855 406 438 899 269 680 613 192 237 489 519 167 1000 492 0 338 235 762 953 226 160 534 132 949 4 29 694 720 340 581 43 793 979 944 497 131 355 136 31 67 432 792 312 132 682 190 923 431 656 728 
609 299 174 956 871 618 133 562 251 924 242 651 663 781 338 0 849 806 431 470 940 834 867 8 517 155 470 332 278 290 612 990 208 751 935 577 979 592 370 909 292 774 376 645 351 758 755 871 5 275 
77 346 66 653 747 717 760 270 550 598 474 408 442 634 235 849 0 790 787 125 874 466 48 544 752 979 261 604 360 122 847 316 51 549 465 73 383 883 248 707 921 214 996 974 860 758 340 634 470 853 
497 164 134 40 677 625 594 270 469 519 556 862 360 524 762 806 790 0 195 42 446 117 543 638 290 585 543 972 425 267 292 274 683 596 719 12 125 59 770 356 29 793 424 409 205 647 896 928 67 899 
529 368 900 856 811 659 39 478 380 626 589 122 152 360 953 431 787 195 0 51 443 961 886 696 980 147 188 272 675 398 371 407 161 369 968 994 812 782 540 45 317 181 574 541 946 787 797 254 756 95 
285 341 131 85 341 608 327 919 164 230 925 650 389 986 226 470 125 42 51 0 315 200 874 380 536 244 795 547 510 789 974 795 146 231 21 358 95 769 630 580 342 388 579 642 212 659 30 661 124 915 
294 670 752 73 684 391 333 765 312 295 715 2 656 493 160 940 874 446 443 315 0 711 254 536 185 58 321 353 105 962 611 911 351 924 360 153 162 507 21 493 499 40 60 940 78 9 940 144 364 452 
698 736 298 989 504 522 515 724 100 855 487 572 435 626 534 834 466 117 961 200 711 0 499 130 829 285 306 472 197 496 635 20 358 176 604 212 639 910 96 873 754 964 691 63 917 124 239 919 840 719 
64 985 136 811 687 305 675 649 582 857 711 945 437 443 132 867 48 543 886 874 254 499 0 410 736 896 165 774 751 941 263 452 825 154 327 543 434 900 96 666 922 127 249 459 906 628 585 104 668 438 
864 165 827 333 132 579 732 315 497 413 249 216 780 400 949 8 544 638 696 380 536 130 410 0 78 515 602 853 267 617 657 947 849 579 730 641 147 610 780 409 428 587 121 79 397 863 221 273 352 753 
330 165 661 155 164 454 622 20 210 7 602 924 31 771 4 517 752 290 980 536 185 829 736 78 0 279 52 585 129 223 749 503 582 854 441 559 615 357 456 138 934 689 566 197 821 734 660 697 746 203 
295 642 279 594 550 818 247 923 150 138 887 314 210 162 29 155 979 585 147 244 58 285 896 515 279 0 70 455 846 321 208 219 383 751 770 649 892 981 409 806 721 558 146 101 343 581 495 847 9 980 
925 97 368 263 177 199 981 947 343 530 475 189 415 94 694 470 261 543 188 795 321 306 165 602 52 70 0 521 108 443 252 158 420 251 80 3 544 398 367 904 228 345 386 919 259 485 377 158 571 574 
906 292 760 958 426 504 560 297 13 141 871 284 616 253 720 332 604 972 272 547 353 472 774 853 585 455 521 0 219 157 824 731 70 401 904 796 510 492 597 961 606 647 162 133 244 615 825 322 930 161 
191 470 466 457 484 297 434 199 447 44 477 691 393 468 340 278 360 425 675 510 105 197 751 267 129 846 108 219 0 253 825 807 713 278 173 560 131 552 323 737 609 90 778 161 917 139 332 504 659 727 
676 301 47 531 982 749 421 145 684 387 367 575 760 41 581 290 122 267 398 789 962 496 941 617 223 321 443 157 253 0 749 79 655 387 410 188 656 432 981 726 115 838 227 552 653 808 439 510 147 512 
550 299 518 531 187 367 629 814 692 660 723 240 279 837 43 612 847 292 371 974 611 635 263 657 749 208 252 824 825 749 0 850 891 194 375 932 825 944 115 807 117 167 8 492 861 595 820 680 437 351 
947 806 182 529 839 179 648 557 232 680 498 100 70 717 793 990 316 274 407 795 911 20 452 947 503 219 158 731 807 79 850 0 464 157 794 265 901 624 266 194 992 975 352 113 99 168 444 39 427 258 
700 556 792 751 297 485 681 91 726 602 323 172 835 915 979 208 51 683 161 146 351 358 825 849 582 383 420 70 713 655 891 464 0 445 316 385 215 890 767 468 464 40 92 724 545 634 670 859 431 923 
889 955 790 889 841 439 395 534 834 648 222 817 34 664 944 751 549 596 369 231 924 176 154 579 854 751 251 401 278 387 194 157 445 0 164 158 573 847 959 765 625 923 630 832 920 376 876 703 814 231 
893 919 937 914 503 737 763 416 219 400 294 298 512 924 497 935 465 719 968 21 360 604 327 730 441 770 80 904 173 410 375 794 316 164 0 275 983 357 445 217 488 798 989 454 440 412 465 74 990 896 
129 138 191 639 525 161 829 295 446 923 421 534 461 310 131 577 73 12 994 358 153 212 543 641 559 649 3 796 560 188 932 265 385 158 275 0 872 811 842 27 586 467 414 547 848 469 648 365 823 269 
55 646 635 113 159 588 895 27 854 313 734 324 700 792 355 979 383 125 812 95 162 639 434 147 615 892 544 510 131 656 825 901 215 573 983 872 0 979 928 216 170 449 500 741 407 808 114 801 964 240 
740 633 632 227 413 536 502 682 347 958 360 591 540 700 136 592 883 59 782 769 507 910 900 610 357 981 398 492 552 432 944 624 890 847 357 811 979 0 853 230 880 385 102 389 640 973 935 92 581 881 
920 749 628 784 969 51 273 925 700 871 458 697 377 669 31 370 248 770 540 630 21 96 96 780 456 409 367 597 323 981 115 266 767 959 445 842 928 853 0 78 947 428 955 88 417 555 328 733 815 883 
695 428 288 519 325 789 672 304 61 12 124 152 50 374 67 909 707 356 45 580 493 873 666 409 138 806 904 961 737 726 807 194 468 765 217 27 216 230 78 0 272 903 411 471 666 864 857 519 272 117 
27 234 30 41 776 771 51 769 323 899 746 408 674 791 432 292 921 29 317 342 499 754 922 428 934 721 228 606 609 115 117 992 464 625 488 586 170 880 947 272 0 185 295 365 815 232 582 301 992 480 
66 8 234 851 440 396 755 637 522 512 657 921 126 242 792 774 214 793 181 388 40 964 127 587 689 558 345 647 90 838 167 975 40 923 798 467 449 385 428 903 185 0 446 556 937 483 661 586 316 702 
170 445 892 200 501 59 821 659 342 262 780 179 545 176 312 376 996 424 574 579 60 691 249 121 566 146 386 162 778 227 8 352 92 630 989 414 500 102 955 411 295 446 0 540 576 516 674 488 651 916 
839 514 760 590 388 390 722 152 2 607 602 783 912 526 132 645 974 409 541 642 940 63 459 79 197 101 919 133 161 552 492 113 724 832 454 547 741 389 88 471 365 556 540 0 587 117 462 322 763 147 
289 286 637 537 470 223 924 946 556 123 231 788 679 999 682 351 860 205 946 212 78 917 906 397 821 343 259 244 917 653 861 99 545 920 440 848 407 640 417 666 815 937 576 587 0 434 309 45 766 576 
467 320 478 74 784 414 556 841 341 432 437 622 498 893 190 758 758 647 787 659 9 124 628 863 734 581 485 615 139 808 595 168 634 376 412 469 808 973 555 864 232 483 516 117 434 0 833 503 563 464 
890 724 832 537 596 183 182 664 255 808 165 11 479 465 923 755 340 896 797 30 940 239 585 221 660 495 377 825 332 439 820 444 670 876 465 648 114 935 328 857 582 661 674 462 309 833 0 872 691 100 
938 879 497 41 712 364 710 529 454 385 536 370 42 310 431 871 634 928 254 661 144 919 104 273 697 847 158 322 504 510 680 39 859 703 74 365 801 92 733 519 301 586 488 322 45 503 872 0 579 225 
557 437 161 274 6 501 554 874 586 429 108 422 927 710 656 5 470 67 756 124 364 840 668 352 746 9 571 930 659 147 437 427 431 814 990 823 964 581 815 272 992 316 651 763 766 563 691 579 0 45 
331 677 714 447 434 111 322 679 630 179 337 94 526 300 728 275 853 899 95 915 452 719 438 753 203 980 574 161 727 512 351 258 923 231 896 269 240 881 883 117 480 702 916 147 576 464 100 225 45 0 
0 90 492 791 299 89 177 678 693 555 986 955 840 540 19 311 631 266 47 452 482 469 641 174 442 645 631 349 421 299 915 614 783 848 62 48 596 68 926 768 36 627 999 281 490 806 645 412 959 123 
90 0 887 735 802 720 275 689 369 4 297 68 854 746 708 372 840 984 817 902 60 736 835 549 454 172 599 436 421 738 869 319 402 141 434 212 83 402 999 95 231 136 970 815 14 539 141 118 138 957 
492 887 0 583 44 756 369 525 794 981 976 254 903 487 852 283 759 422 748 609 857 853 13 179 844 552 764 543 356 164 577 251 199 979 575 796 183 433 246 114 591 771 796 696 553 861 947 205 187 797 
791 735 583 0 554 920 1000 399 135 378 266 840 196 975 828 212 374 941 231 499 125 396 482 181 7 738 836 156 796 419 702 987 247 32 256 705 807 454 473 256 713 310 935 873 144 834 905 845 165 120 
299 802 44 554 0 94 222 274 491 796 919 884 36 459 136 453 865 190 639 609 158 500 527 82 85 88 998 483 741 421 527 9 556 38 476 552 716 255 694 675 847 377 356 174 517 444 293 317 798 824 
89 720 756 920 94 0 82 708 499 198 200 465 458 37 166 507 433 875 348 829 615 175 445 920 470 146 957 975 402 758 304 622 522 21 262 499 454 874 995 896 533 772 569 197 231 426 724 478 71 131 
177 275 369 1000 222 82 0 769 82 799 952 71 739 957 183 148 254 938 575 504 920 286 313 468 288 324 392 613 387 917 715 662 359 187 462 777 294 61 42 945 27 213 110 256 963 356 201 254 753 688 
678 689 525 399 274 708 769 0 589 15 842 707 376 640 616 359 558 49 285 191 289 520 604 323 570 895 541 60 631 911 27 864 244 626 311 283 510 510 432 713 131 288 361 183 245 720 462 946 608 736 
693 369 794 135 491 499 82 589 0 280 434 761 708 735 564 452 68 371 90 327 269 824 448 990 909 377 286 710 318 138 643 749 247 211 201 112 42 496 189 192 512 154 130 973 517 410 528 406 72 362 
555 4 981 378 796 198 799 15 280 0 290 903 624 550 523 489 676 165 101 932 745 321 11 238 766 713 687 84 911 787 954 551 800 14 204 881 224 712 552 699 839 950 665 188 880 419 938 742 125 950 
986 297 976 266 919 200 952 842 434 290 0 77 68 702 260 592 808 289 561 283 404 657 585 581 511 699 102 989 470 835 86 508 756 799 251 380 888 694 256 171 382 131 214 643 259 957 570 786 244 475 
955 68 254 840 884 465 71 707 761 903 77 0 432 865 762 37 718 455 459 965 281 464 384 94 952 526 69 940 935 614 951 437 853 807 994 807 460 846 534 326 696 115 872 135 880 857 74 905 465 254 
840 854 903 196 36 458 739 376 708 624 68 432 0 97 301 90 381 387 855 105 922 288 457 598 690 724 367 895 752 629 519 528 70 836 374 229 241 193 396 98 161 549 21 979 520 225 111 384 711 730 
540 746 487 975 459 37 957 640 735 550 702 865 97 0 224 194 588 963 415 138 469 400 133 402 623 691 97 285 405 413 943 514 20 733 23 602 57 232 84 641 24 834 468 657 558 789 111 802 490 165 
19 708 852 828 136 166 183 616 564 523 260 762 301 224 0 317 573 72 958 867 450 994 311 296 274 277 385 961 386 697 917 353 281 276 278 717 317 212 255 954 342 881 440 981 544 599 674 842 568 64 
311 372 283 212 453 507 148 359 452 489 592 37 90 194 317 0 585 627 202 142 811 986 920 477 805 86 769 239 952 613 51 323 924 407 393 111 771 597 352 579 408 815 794 217 129 928 813 60 251 935 
631 840 759 374 865 433 254 558 68 676 808 718 381 588 573 585 0 499 733 689 488 341 561 968 962 906 146 908 780 393 423 414 540 749 103 88 378 579 853 750 907 840 467 356 884 873 864 360 346 954 
266 984 422 941 190 875 938 49 371 165 289 455 387 963 72 627 499 0 43 350 527 655 504 753 831 808 374 821 508 385 984 530 344 742 305 265 580 464 944 147 797 918 759 938 884 692 258 74 802 275 
47 817 748 231 639 348 575 285 90 101 561 459 855 415 958 202 733 43 0 836 176 118 740 495 889 145 882 74 583 769 166 106 231 238 465 232 745 685 254 643 221 104 45 151 749 86 491 600 179 1000 
452 902 609 499 609 829 504 191 327 932 283 965 105 138 867 142 689 350 836 0 376 275 770 366 647 662 937 708 574 530 504 761 469 488 631 472 527 479 337 160 525 227 670 741 928 635 591 149 760 662 
482 60 857 125 158 615 920 289 269 745 404 281 922 469 450 811 488 527 176 376 0 439 412 298 758 413 731 12 159 345 968 876 878 81 338 982 421 649 506 830 955 646 30 446 900 492 811 670 975 798 
469 736 853 396 500 175 286 520 824 321 657 464 288 400 994 986 341 655 118 275 439 0 779 413 263 578 775 170 552 980 27 325 7 830 728 373 642 870 434 90 852 519 787 324 7 972 803 383 527 659 
641 835 13 482 527 445 313 604 448 11 585 384 457 133 311 920 561 504 740 770 412 779 0 643 566 329 707 362 99 34 117 349 864 123 874 976 37 220 743 933 562 534 713 130 624 957 102 965 504 604 
174 549 179 181 82 920 468 323 990 238 581 94 598 402 296 477 968 753 495 366 298 413 643 0 600 697 127 5 596 696 160 947 332 566 484 439 162 103 831 313 734 252 832 314 991 610 395 764 575 537 
442 454 844 7 85 470 288 570 909 766 511 952 690 623 274 805 962 831 889 647 758 263 566 600 0 423 97 159 221 349 560 775 237 148 32 702 828 812 109 726 189 968 881 207 650 820 934 791 312 956 
645 172 552 738 88 146 324 895 377 713 699 526 724 691 277 86 906 808 145 662 413 578 329 697 423 0 961 718 160 890 904 155 758 85 716 69 704 34 758 520 625 429 741 46 301 431 568 817 553 451 
631 599 764 836 998 957 392 541 286 687 102 69 367 97 385 769 146 374 882 937 731 775 707 127 97 961 0 573 378 301 339 170 657 942 769 214 906 778 184 306 753 89 710 846 84 663 915 921 271 86 
349 436 543 156 483 975 613 60 710 84 989 940 895 285 961 239 908 821 74 708 12 170 362 5 159 718 573 0 596 329 27 907 391 570 362 571 919 160 164 548 688 803 62 791 631 438 828 520 839 106 
421 421 356 796 741 402 387 631 318 911 470 935 752 405 386 952 780 508 583 574 159 552 99 596 221 160 378 596 0 456 297 25 127 152 761 312 485 393 195 921 406 843 179 934 636 48 677 781 222 793 
299 738 164 419 421 758 917 911 138 787 835 614 629 413 697 613 393 385 769 530 345 980 34 696 349 890 301 329 456 0 963 712 834 752 599 891 52 283 251 487 1 797 178 998 55 855 834 329 210 413 
915 869 577 702 527 304 715 27 643 954 86 951 519 943 917 51 423 984 166 504 968 27 117 160 560 904 339 27 297 963 0 39 413 163 785 296 145 658 153 199 857 462 320 750 731 698 978 686 685 51 
614 319 251 987 9 622 662 864 749 551 508 437 528 514 353 323 414 530 106 761 876 325 349 947 775 155 170 907 25 712 39 0 82 797 888 516 422 300 795 877 45 596 951 144 546 296 960 842 176 259 
783 402 199 247 556 522 359 244 247 800 756 853 70 20 281 924 540 344 231 469 878 7 864 332 237 758 657 391 127 834 413 82 0 354 999 393 472 62 782 129 649 961 661 685 230 346 884 354 781 106 
848 141 979 32 38 21 187 626 211 14 799 807 836 733 276 407 749 742 238 488 81 830 123 566 148 85 942 570 152 752 163 797 354 0 779 609 294 40 540 293 94 131 338 358 460 165 702 784 957 976 
62 434 575 256 476 262 462 311 201 204 251 994 374 23 278 393 103 305 465 631 338 728 874 484 32 716 769 362 761 599 785 888 999 779 0 383 519 83 822 450 489 13 531 694 762 45 465 362 173 746 
48 212 796 705 552 499 777 283 112 881 380 807 229 602 717 111 88 265 232 472 982 373 976 439 702 69 214 571 312 891 296 516 393 609 383 0 217 592 747 29 168 664 792 158 549 699 448 638 425 888 
596 83 183 807 716 454 294 510 42 224 888 460 241 57 317 771 378 580 745 527 421 642 37 162 828 704 906 919 485 52 145 422 472 294 519 217 0 796 244 759 960 937 262 853 452 247 690 247 790 176 
68 402 433 454 255 874 61 510 496 712 694 846 193 232 212 597 579 464 685 479 649 870 220 103 812 34 778 160 393 283 658 300 62 40 83 592 796 0 80 575 393 775 740 325 717 58 769 923 431 981 
926 999 246 473 694 995 42 432 189 552 256 534 396 84 255 352 853 944 254 337 506 434 743 831 109 758 184 164 195 251 153 795 782 540 822 747 244 80 0 803 73 57 865 343 221 242 802 603 359 749 
768 95 114 256 675 896 945 713 192 699 171 326 98 641 954 579 750 147 643 160 830 90 933 313 726 520 306 548 921 487 199 877 129 293 450 29 759 575 803 0 742 188 457 433 468 664 497 775 902 206 
36 231 591 713 847 533 27 131 512 839 382 696 161 24 342 408 907 797 221 525 955 852 562 734 189 625 753 688 406 1 857 45 649 94 489 168 960 393 73 742 0 347 145 639 940 57 636 263 106 180 
627 136 771 310 377 772 213 288 154 950 131 115 549 834 881 815 840 918 104 227 646 519 534 252 968 429 89 803 843 797 462 596 961 131 13 664 937 775 57 188 347 0 144 420 911 759 624 924 469 517 
999 970 796 935 356 569 110 361 130 665 214 872 21 468 440 794 467 759 45 670 30 787 713 832 881 741 710 62 179 178 320 951 661 338 531 792 262 740 865 457 145 144 0 189 16 812 831 434 492 123 
281 815 696 873 174 197 256 183 973 188 643 135 979 657 981 217 356 938 151 741 446 324 130 314 207 46 846 791 934 998 750 144 685 358 694 158 853 325 343 433 639 420 189 0 89 637 193 122 382 137 
490 14 553 144 517 231 963 245 517 880 259 880 520 558 544 129 884 884 749 928 900 7 624 991 650 301 84 631 636 55 731 546 230 460 762 549 452 717 221 468 940 911 16 89 0 982 208 913 723 439 
806 539 861 834 444 426 356 720 410 419 957 857 225 789 599 928 873 692 86 635 492 972 957 610 820 431 663 438 48 855 698 296 346 165 45 699 247 58 242 664 57 759 812 637 982 0 808 321 899 87 
645 141 947 905 293 724 201 462 528 938 570 74 111 111 674 813 864 258 491 591 811 803 102 395 934 568 915 828 677 834 978 960 884 702 465 448 690 769 802 497 636 624 831 193 208 808 0 297 667 976 
412 118 205 845 317 478 254 946 406 742 786 905 384 802 842 60 360 74 600 149 670 383 965 764 791 817 921 520 781 329 686 842 354 784 362 638 247 923 603 775 263 924 434 122 913 321 297 0 22 527 
959 138 187 165 798 71 753 608 72 125 244 465 711 490 568 251 346 802 179 760 975 527 504 575 312 553 271 839 222 210 685 176 781 957 173 425 790 431 359 902 106 469 492 382 723 899 667 22 0 683 
123 957 797 120 824 131 688 736 362 950 475 254 730 165 64 935 954 275 1000 662 798 659 604 537 956 451 86 106 793 413 51 259 106 976 746 888 176 981 749 206 180 517 123 137 439 87 976 527 683 0 
0 707 417 53 779 748 699 252 333 421 46 168 213 488 702 671 201 720 899 534 459 345 172 926 553 611 331 562 617 668 89 405 146 169 869 965 172 947 90 158 824 483 70 717 564 124 196 552 238 815 
707 0 122 294 247 164 785 341 551 835 620 782 208 149 300 694 363 174 31 135 996 240 141 361 662 801 269 257 577 318 116 631 648 899 492 795 976 723 128 928 747 832 118 58 706 322 807 775 731 353 
417 122 0 357 949 535 582 327 379 115 45 676 231 346 151 448 294 386 282 340 258 19 833 807 426 348 232 415 428 878 524 737 694 30 369 256 793 362 703 650 421 149 54 332 330 176 174 975 732 221 
53 294 357 0 614 219 108 614 751 331 781 83 974 14 304 817 597 92 826 463 828 574 535 716 965 312 84 821 135 558 297 183 823 925 620 401 2 619 557 932 286 646 141 5 678 107 241 312 685 872 
779 247 949 614 0 814 714 516 359 189 173 29 905 521 877 586 179 725 367 126 699 566 552 958 1000 829 22 514 370 739 585 966 472 930 472 417 162 703 270 370 232 602 568 780 547 692 744 772 263 149 
748 164 535 219 814 0 833 208 359 912 660 566 722 937 874 485 399 81 727 194 214 758 596 149 386 796 54 117 714 271 561 216 463 978 894 497 549 242 50 171 460 135 488 797 669 486 120 534 789 909 
699 785 582 108 714 833 0 200 817 203 78 860 271 96 815 860 649 116 280 424 3 401 578 753 734 703 612 85 503 3 286 298 641 768 305 215 804 961 957 23 837 728 762 773 95 586 735 612 461 194 
252 341 327 614 516 208 200 0 430 985 212 339 642 267 352 511 531 992 616 806 816 501 342 543 432 61 270 855 476 147 919 170 590 299 593 943 516 397 631 388 761 711 547 799 683 118 476 169 497 226 
333 551 379 751 359 359 817 430 0 730 470 446 347 256 306 584 839 599 817 752 656 184 543 56 252 594 707 296 650 837 353 367 801 848 719 810 968 639 676 952 565 801 833 218 397 578 288 679 930 801 
421 835 115 331 189 912 203 985 730 0 672 47 204 295 418 476 374 605 875 103 273 627 961 646 181 101 290 929 176 206 84 648 391 950 967 43 686 204 475 288 87 212 337 841 134 444 154 247 976 30 
46 620 45 781 173 660 78 212 470 672 0 895 591 64 914 491 343 578 448 803 505 499 368 305 406 325 904 38 355 122 827 662 297 180 793 412 180 480 823 909 730 780 741 309 669 31 469 241 726 569 
168 782 676 83 29 566 860 339 446 47 895 0 839 286 357 837 231 456 553 92 737 484 587 850 123 493 976 20 156 317 13 589 242 191 1 228 608 37 538 693 341 859 103 833 155 87 732 157 529 684 
213 208 231 974 905 722 271 642 347 204 591 839 0 803 804 916 636 620 120 935 135 608 626 425 205 281 626 81 258 414 502 436 940 224 581 770 716 751 515 912 816 281 967 197 586 864 756 544 284 274 
488 149 346 14 521 937 96 267 256 295 64 286 803 0 840 798 313 24 511 829 496 525 792 385 258 409 789 835 580 531 75 562 895 129 967 411 938 673 857 281 926 58 581 471 406 171 900 223 669 819 
702 300 151 304 877 874 815 352 306 418 914 357 804 840 0 683 390 737 165 215 392 89 702 742 734 652 746 25 603 495 183 517 791 715 862 140 565 858 603 74 735 350 543 138 490 312 430 281 333 876 
671 694 448 817 586 485 860 511 584 476 491 837 916 798 683 0 418 344 719 938 151 219 4 671 62 872 472 790 90 385 984 639 201 509 736 962 85 396 782 396 468 460 256 748 904 232 263 923 592 59 
201 363 294 597 179 399 649 531 839 374 343 231 636 313 390 418 0 385 447 310 542 488 428 141 49 222 824 112 130 480 596 610 430 250 789 813 486 441 158 224 48 131 691 635 142 168 170 608 749 48 
720 174 386 92 725 81 116 992 599 605 578 456 620 24 737 344 385 0 911 614 534 346 431 94 249 276 448 173 453 545 34 400 533 230 789 802 458 456 19 655 269 59 374 170 82 216 710 949 346 801 
899 31 282 826 367 727 280 616 817 875 448 553 120 511 165 719 447 911 0 218 713 984 192 516 180 883 304 891 504 232 711 879 710 803 571 783 232 481 666 339 689 848 976 918 373 904 459 324 896 88 
534 135 340 463 126 194 424 806 752 103 803 92 935 829 215 938 310 614 218 0 597 615 241 480 208 410 133 403 467 504 527 78 486 506 355 733 482 454 765 855 491 656 121 237 48 495 420 836 203 555 
459 996 258 828 699 214 3 816 656 273 505 737 135 496 392 151 542 534 713 597 0 597 510 616 156 668 354 827 818 708 35 32 96 977 597 59 697 276 417 213 210 283 943 459 120 410 227 443 154 302 
345 240 19 574 566 758 401 501 184 627 499 484 608 525 89 219 488 346 984 615 597 0 43 782 701 493 282 810 448 163 908 602 900 110 290 592 208 24 505 850 263 368 206 678 973 99 230 511 734 233 
172 141 833 535 552 596 578 342 543 961 368 587 626 792 702 4 428 431 192 241 510 43 0 385 396 610 246 574 936 871 918 552 52 620 146 219 897 989 315 143 514 414 316 861 449 168 958 38 676 406 
926 361 807 716 958 149 753 543 56 646 305 850 425 385 742 671 141 94 516 480 616 782 385 0 169 277 895 817 329 204 1000 114 535 454 483 562 835 785 55 798 442 704 97 705 44 373 655 148 310 544 
553 662 426 965 1000 386 734 432 252 181 406 123 205 258 734 62 49 249 180 208 156 701 396 169 0 393 867 786 770 569 556 292 754 749 855 330 83 265 781 172 849 159 109 748 312 135 186 238 732 35 
611 801 348 312 829 796 703 61 594 101 325 493 281 409 652 872 222 276 883 410 668 493 610 277 393 0 50 274 843 38 86 830 214 904 291 591 331 935 137 591 352 695 229 857 582 570 363 295 387 575 
331 269 232 84 22 54 612 270 707 290 904 976 626 789 746 472 824 448 304 133 354 282 246 895 867 50 0 552 732 802 785 921 319 16 344 916 245 238 772 854 468 979 423 284 845 226 43 234 728 813 
562 257 415 821 514 117 85 855 296 929 38 20 81 835 25 790 112 173 891 403 827 810 574 817 786 274 552 0 306 815 921 313 592 370 816 375 118 858 807 356 468 153 908 31 316 418 117 366 152 630 
617 577 428 135 370 714 503 476 650 176 355 156 258 580 603 90 130 453 504 467 818 448 936 329 770 843 732 306 0 590 883 898 994 937 242 746 461 402 991 163 614 142 807 273 390 825 365 178 666 81 
668 318 878 558 739 271 3 147 837 206 122 317 414 531 495 385 480 545 232 504 708 163 871 204 569 38 802 815 590 0 31 226 174 297 339 61 946 748 672 671 956 140 854 77 936 244 158 732 794 549 
89 116 524 297 585 561 286 919 353 84 827 13 502 75 183 984 596 34 711 527 35 908 918 1000 556 86 785 921 883 31 0 950 643 950 227 713 788 450 892 870 87 775 674 333 331 240 85 294 417 890 
405 631 737 183 966 216 298 170 367 648 662 589 436 562 517 639 610 400 879 78 32 602 552 114 292 830 921 313 898 226 950 0 957 240 119 512 606 813 142 154 841 527 5 709 502 624 153 126 694 773 
146 648 694 823 472 463 641 590 801 391 297 242 940 895 791 201 430 533 710 486 96 900 52 535 754 214 319 592 994 174 643 957 0 607 90 479 423 856 225 903 307 120 210 282 653 752 237 781 246 828 
169 899 30 925 930 978 768 299 848 950 180 191 224 129 715 509 250 230 803 506 977 110 620 454 749 904 16 370 937 297 950 240 607 0 297 456 620 998 337 734 655 842 720 665 604 712 335 114 69 276 
869 492 369 620 472 894 305 593 719 967 793 1 581 967 862 736 789 789 571 355 597 290 146 483 855 291 344 816 242 339 227 119 90 297 0 550 347 745 302 487 686 901 668 342 260 924 552 778 607 233 
965 795 256 401 417 497 215 943 810 43 412 228 770 411 140 962 813 802 783 733 59 592 219 562 330 591 916 375 746 61 713 512 479 456 550 0 617 422 321 934 728 439 342 865 426 423 591 393 603 195 
172 976 793 2 162 549 804 516 968 686 180 608 716 938 565 85 486 458 232 482 697 208 897 835 83 331 245 118 461 946 788 606 423 620 347 617 0 260 763 386 64 172 779 249 555 708 374 648 187 729 
947 723 362 619 703 242 961 397 639 204 480 37 751 673 858 396 441 456 481 454 276 24 989 785 265 935 238 858 402 748 450 813 856 998 745 422 260 0 919 534 695 144 285 474 343 961 135 81 440 5 
90 128 703 557 270 50 957 631 676 475 823 538 515 857 603 782 158 19 666 765 417 505 315 55 781 137 772 807 991 672 892 142 225 337 302 321 763 919 0 213 839 650 301 712 859 872 256 383 539 49 
158 928 650 932 370 171 23 388 952 288 909 693 912 281 74 396 224 655 339 855 213 850 143 798 172 591 854 356 163 671 870 154 903 734 487 934 386 534 213 0 207 836 582 595 541 285 579 313 201 865 
824 747 421 286 232 460 837 761 565 87 730 341 816 926 735 468 48 269 689 491 210 263 514 442 849 352 468 468 614 956 87 841 307 655 686 728 64 695 839 207 0 745 882 314 187 689 304 832 801 782 
483 832 149 646 602 135 728 711 801 212 780 859 281 58 350 460 131 59 848 656 283 368 414 704 159 695 979 153 142 140 775 527 120 842 901 439 172 144 650 836 745 0 756 476 49 283 267 147 465 616 
70 118 54 141 568 488 762 547 833 337 741 103 967 581 543 256 691 374 976 121 943 206 316 97 109 229 423 908 807 854 674 5 210 720 668 342 779 285 301 582 882 756 0 982 960 121 62 555 450 807 
717 58 332 5 780 797 773 799 218 841 309 833 197 471 138 748 635 170 918 237 459 678 861 705 748 857 284 31 273 77 333 709 282 665 342 865 249 474 712 595 314 476 982 0 880 263 599 883 547 770 
564 706 330 678 547 669 95 683 397 134 669 155 586 406 490 904 142 82 373 48 120 973 449 44 312 582 845 316 390 936 331 502 653 604 260 426 555 343 859 541 187 49 960 880 0 69 669 194 226 560 
124 322 176 107 692 486 586 118 578 444 31 87 864 171 312 232 168 216 904 495 410 99 168 373 135 570 226 418 825 244 240 624 752 712 924 423 708 961 872 285 689 283 121 263 69 0 156 511 60 818 
196 807 174 241 744 120 735 476 288 154 469 732 756 900 430 263 170 710 459 420 227 230 958 655 186 363 43 117 365 158 85 153 237 335 552 591 374 135 256 579 304 267 62 599 669 156 0 864 379 78 
552 775 975 312 772 534 612 169 679 247 241 157 544 223 281 923 608 949 324 836 443 511 38 148 238 295 234 366 178 732 294 126 781 114 778 393 648 81 383 313 832 147 555 883 194 511 864 0 980 517 
238 731 732 685 263 789 461 497 930 976 726 529 284 669 333 592 749 346 896 203 154 734 676 310 732 387 728 152 666 794 417 694 246 69 607 603 187 440 539 201 801 465 450 547 226 60 379 980 0 278 
815 353 221 872 149 909 194 226 801 30 569 684 274 819 876 59 48 801 88 555 302 233 406 544 35 575 813 630 81 549 890 773 828 276 233 195 729 5 49 865 782 616 807 770 560 818 78 517 278 0 
0 962 549 131 810 978 861 277 188 329 177 157 159 217 889 703 181 746 948 501 685 416 241 996 611 247 512 540 526 719 75 380 208 114 625 823 292 948 104 180 869 182 158 640 605 168 319 590 52 758 
962 0 341 286 203 287 976 301 700 893 695 874 83 220 227 580 41 50 61 57 945 484 123 593 496 960 337 556 548 242 125 885 642 854 554 746 945 580 93 977 777 825 26 37 1000 398 752 902 916 161 
549 341 0 270 852 203 661 445 191 56 118 615 105 369 122 660 561 653 226 325 129 42 975 980 21 416 134 520 632 771 308 630 797 33 443 315 771 627 836 705 493 251 361 140 512 127 12 914 763 194 
131 286 270 0 378 184 61 492 846 523 624 328 878 99 92 893 477 116 604 532 792 438 678 898 971 213 77 813 264 365 282 146 724 869 837 297 118 569 641 681 10 539 76 146 716 175 30 282 903 770 
810 203 852 378 0 840 677 885 503 130 91 153 1000 526 836 523 137 796 353 435 999 383 306 893 894 962 159 542 470 659 557 946 451 927 526 486 332 658 255 523 195 690 445 783 473 418 671 624 147 352 
978 287 203 184 840 0 863 312 447 906 848 651 505 984 716 337 534 303 587 222 542 894 549 241 511 622 228 194 664 314 681 405 592 945 836 282 729 188 1 167 687 63 371 683 895 563 327 563 958 797 
861 976 661 61 677 863 0 318 874 83 26 991 347 95 658 942 696 229 315 761 89 872 712 554 883 708 577 307 745 231 424 282 646 770 485 241 601 850 994 197 813 383 814 678 241 653 780 715 29 292 
277 301 445 492 885 312 318 0 467 888 103 437 705 399 228 469 365 856 780 757 883 446 413 720 393 378 387 886 466 137 783 60 673 302 845 658 409 536 629 110 900 797 636 900 901 136 454 232 423 180 
188 700 191 846 503 447 874 467 0 607 770 94 586 343 475 437 892 581 790 475 871 145 484 13 162 630 686 125 590 838 306 128 585 866 944 803 821 388 725 670 407 820 633 22 458 606 472 574 889 735 
329 893 56 523 130 906 83 888 607 0 708 111 363 480 334 504 416 603 906 96 295 561 894 632 217 291 351 838 134 103 204 597 117 810 541 221 850 187 553 293 327 172 317 780 5 621 47 75 759 51 
177 695 118 624 91 848 26 103 770 708 0 951 980 335 716 457 273 812 451 660 615 462 573 441 469 268 977 146 399 346 870 473 153 182 699 497 170 273 910 863 511 723 867 272 769 85 553 108 759 596 
157 874 615 328 153 651 991 437 94 111 951 0 525 60 519 976 212 511 685 27 756 572 606 976 73 461 976 138 134 400 154 571 164 157 11 152 629 338 551 641 268 972 201 930 47 71 924 119 462 892 
159 83 105 878 1000 505 347 705 586 363 980 525 0 744 528 880 482 513 85 916 115 740 461 488 418 188 559 185 310 366 558 532 876 215 448 846 778 904 439 930 764 504 993 39 354 766 771 538 237 226 
217 220 369 99 526 984 95 399 343 480 335 60 744 0 819 940 557 175 507 796 490 660 866 587 471 328 786 821 771 744 134 353 849 167 841 347 844 761 987 232 925 121 440 475 358 99 793 183 538 777 
889 227 122 92 836 716 658 228 475 334 716 519 528 819 0 777 537 854 107 18 510 37 942 693 767 790 605 95 693 424 123 657 779 679 619 551 412 927 648 70 718 113 669 154 436 570 357 23 541 929 
703 580 660 893 523 337 942 469 437 504 457 976 880 940 777 0 440 236 602 775 116 234 51 535 107 807 311 949 55 269 912 671 215 637 776 917 89 356 715 452 743 8 90 698 859 93 214 874 822 73 
181 41 561 477 137 534 696 365 892 416 273 212 482 557 537 440 0 382 200 427 552 693 521 8 152 128 890 26 299 705 466 686 304 226 804 908 422 452 329 210 178 160 266 639 153 184 44 656 544 116 
746 50 653 116 796 303 229 856 581 603 812 511 513 175 854 236 382 0 951 472 427 435 286 186 105 180 652 167 681 528 214 470 646 278 738 941 281 587 103 879 278 202 333 108 142 78 615 922 388 708 
948 61 226 604 353 587 315 780 790 906 451 685 85 507 107 602 200 951 0 338 789 835 405 481 223 803 55 920 290 190 792 922 953 829 486 593 324 177 567 327 837 880 944 967 103 890 399 474 944 244 
501 57 325 532 435 222 761 757 475 96 660 27 916 796 18 775 427 472 338 0 541 595 194 748 364 343 4 320 475 471 548 381 533 535 526 494 735 605 532 818 584 838 271 182 16 535 522 791 438 338 
685 945 129 792 999 542 89 883 871 295 615 756 115 490 510 116 552 427 789 541 0 428 595 495 272 499 444 974 975 628 242 235 67 875 545 4 686 354 540 222 87 469 919 375 59 491 252 83 2 102 
416 484 42 438 383 894 872 446 145 561 462 572 740 660 37 234 693 435 835 595 428 0 118 707 598 357 250 732 464 288 832 574 903 23 215 662 323 14 559 709 312 286 202 681 981 30 308 531 403 385 
241 123 975 678 306 549 712 413 484 894 573 606 461 866 942 51 521 286 405 194 595 118 0 326 320 741 227 833 940 981 839 664 32 886 278 120 824 608 289 46 505 410 158 776 356 13 914 8 654 444 
996 593 980 898 893 241 554 720 13 632 441 976 488 587 693 535 8 186 481 748 495 707 326 0 492 434 910 951 483 92 806 100 773 530 367 568 922 927 170 890 304 776 320 807 66 364 692 309 557 270 
611 496 21 971 894 511 883 393 162 217 469 73 418 471 767 107 152 105 223 364 272 598 320 492 0 486 820 882 558 687 353 96 840 630 675 301 240 96 839 344 803 105 64 785 411 347 101 301 569 28 
247 960 416 213 962 622 708 378 630 291 268 461 188 328 790 807 128 180 803 343 499 357 741 434 486 0 37 174 722 118 191 746 319 803 407 915 194 984 95 178 239 617 225 878 709 720 556 151 426 551 
512 337 134 77 159 228 577 387 686 351 977 976 559 786 605 311 890 652 55 4 444 250 227 910 820 37 0 519 722 736 889 677 327 117 307 648 233 192 842 605 227 863 360 146 996 282 160 168 764 896 
540 556 520 813 542 194 307 886 125 838 146 138 185 821 95 949 26 167 920 320 974 732 833 951 882 174 519 0 339 616 905 175 478 428 534 135 142 948 968 460 179 250 941 229 465 321 252 439 211 948 
526 548 632 264 470 664 745 466 590 134 399 134 310 771 693 55 299 681 290 475 975 464 940 483 558 722 722 339 0 463 722 962 800 748 421 882 489 697 838 238 493 128 624 115 580 922 308 288 726 340 
719 242 771 365 659 314 231 137 838 103 346 400 366 744 424 269 705 528 190 471 628 288 981 92 687 118 736 616 463 0 136 522 210 335 281 34 982 821 596 572 939 291 907 180 1000 167 122 606 660 607 
75 125 308 282 557 681 424 783 306 204 870 154 558 134 123 912 466 214 792 548 242 832 839 806 353 191 889 905 722 136 0 952 681 878 221 659 697 315 886 751 119 659 870 236 216 259 152 567 149 907 
380 885 630 146 946 405 282 60 128 597 473 571 532 353 657 671 686 470 922 381 235 574 664 100 96 746 677 175 962 522 952 0 866 234 171 421 592 753 259 49 782 464 139 754 412 658 205 244 777 863 
208 642 797 724 451 592 646 673 585 117 153 164 876 849 779 215 304 646 953 533 67 903 32 773 840 319 327 478 800 210 681 866 0 694 239 533 505 995 69 891 466 1 432 310 760 522 39 710 349 877 
114 854 33 869 927 945 770 302 866 810 182 157 215 167 679 637 226 278 829 535 875 23 886 530 630 803 117 428 748 335 878 234 694 0 184 290 650 680 389 737 860 980 788 529 392 824 233 306 329 128 
625 554 443 837 526 836 485 845 944 541 699 11 448 841 619 776 804 738 486 526 545 215 278 367 675 407 307 534 421 281 221 171 239 184 0 439 539 782 206 330 354 919 423 205 216 848 498 662 792 417 
823 746 315 297 486 282 241 658 803 221 497 152 846 347 551 917 908 941 593 494 4 662 120 568 301 915 648 135 882 34 659 421 533 290 439 0 715 344 333 827 886 398 155 822 573 358 724 230 785 129 
292 945 771 118 332 729 601 409 821 850 170 629 778 844 412 89 422 281 324 735 686 323 824 922 240 194 233 142 489 982 697 592 505 650 539 715 0 207 775 30 56 142 837 284 559 563 392 763 214 627 
948 580 627 569 658 188 850 536 388 187 273 338 904 761 927 356 452 587 177 605 354 14 608 927 96 984 192 948 697 821 315 753 995 680 782 344 207 0 792 399 438 99 350 614 340 896 196 19 554 185 
104 93 836 641 255 1 994 629 725 553 910 551 439 987 648 715 329 103 567 532 540 559 289 170 839 95 842 968 838 596 886 259 69 389 206 333 775 792 0 263 863 941 174 635 754 636 259 191 597 239 
180 977 705 681 523 167 197 110 670 293 863 641 930 232 70 452 210 879 327 818 222 709 46 890 344 178 605 460 238 572 751 49 891 737 330 827 30 399 263 0 147 828 452 575 498 359 570 326 310 854 
869 777 493 10 195 687 813 900 407 327 511 268 764 925 718 743 178 278 837 584 87 312 505 304 803 239 227 179 493 939 119 782 466 860 354 886 56 438 863 147 0 632 957 435 106 805 458 769 804 887 
182 825 251 539 690 63 383 797 820 172 723 972 504 121 113 8 160 202 880 838 469 286 410 776 105 617 863 250 128 291 659 464 1 980 919 398 142 99 941 828 632 0 945 535 124 352 365 90 295 396 
158 26 361 76 445 371 814 636 633 317 867 201 993 440 669 90 266 333 944 271 919 202 158 320 64 225 360 941 624 907 870 139 432 788 423 155 837 350 174 452 957 945 0 848 888 2 240 598 649 873 
640 37 140 146 783 683 678 900 22 780 272 930 39 475 154 698 639 108 967 182 375 681 776 807 785 878 146 229 115 180 236 754 310 529 205 822 284 614 635 575 435 535 848 0 865 468 889 971 525 662 
605 1000 512 716 473 895 241 901 458 5 769 47 354 358 436 859 153 142 103 16 59 981 356 66 411 709 996 465 580 1000 216 412 760 392 216 573 559 340 754 498 106 124 888 865 0 12 678 171 51 639 
168 398 127 175 418 563 653 136 606 621 85 71 766 99 570 93 184 78 890 535 491 30 13 364 347 720 282 321 922 167 259 658 522 824 848 358 563 896 636 359 805 352 2 468 12 0 340 652 10 939 
319 752 12 30 671 327 780 454 472 47 553 924 771 793 357 214 44 615 399 522 252 308 914 692 101 556 160 252 308 122 152 205 39 233 498 724 392 196 259 570 458 365 240 889 678 340 0 786 237 117 
590 902 914 282 624 563 715 232 574 75 108 119 538 183 23 874 656 922 474 791 83 531 8 309 301 151 168 439 288 606 567 244 710 306 662 230 763 19 191 326 769 90 598 971 171 652 786 0 970 383 
52 916 763 903 147 958 29 423 889 759 759 462 237 538 541 822 544 388 944 438 2 403 654 557 569 426 764 211 726 660 149 777 349 329 792 785 214 554 597 310 804 295 649 525 51 10 237 970 0 252 
758 161 194 770 352 797 292 180 735 51 596 892 226 777 929 73 116 708 244 338 102 385 444 270 28 551 896 948 340 607 907 863 877 128 417 129 627 185 239 854 887 396 873 662 639 939 117 383 252 0 
0 884 530 100 582 964 872 313 405 425 74 80 60 324 995 702 372 884 976 504 497 636 311 981 517 532 357 524 697 487 140 263 29 110 976 966 448 944 131 344 970 350 113 778 555 91 338 561 69 910 
884 0 182 95 287 255 875 143 470 923 870 949 147 268 253 663 133 137 213 136 824 237 207 356 577 716 626 608 559 235 225 822 651 850 618 624 854 613 17 805 744 822 9 274 920 426 818 880 854 92 
530 182 0 549 853 165 682 421 261 12 73 694 27 507 61 764 34 771 242 365 74 330 773 776 28 544 282 533 651 738 330 738 901 120 523 479 944 480 864 729 493 358 283 142 551 194 227 796 593 174 
100 95 549 0 447 157 215 640 739 561 618 61 697 120 309 847 511 71 908 396 895 555 647 831 915 272 170 784 395 629 207 175 787 867 652 175 217 515 629 705 159 663 315 15 754 225 191 176 970 884 
582 287 853 447 0 836 931 429 494 66 93 139 834 530 707 770 157 769 531 262 891 481 471 894 949 843 71 594 373 479 654 888 473 981 420 464 211 713 204 449 73 328 677 767 510 659 675 798 128 172 
