6 3
0 598 743 1 484 832 
598 0 703 248 94 391 
743 703 0 593 298 516 
1 248 593 0 664 813 
484 94 298 664 0 822 
832 391 516 813 822 0 
0 90 327 483 912 343 
90 0 104 317 422 701 
327 104 0 476 625 785 
483 317 476 0 394 441 
912 422 625 394 0 815 
343 701 785 441 815 0 
0 911 674 518 89 658 
911 0 897 684 579 300 
674 897 0 525 376 216 
518 684 525 0 607 560 
89 579 376 607 0 186 
658 300 216 560 186 0 
0 911 674 518 89 658 
911 0 897 684 579 300 
674 897 0 525 376 216 
518 684 525 0 607 560 
89 579 376 607 0 186 
658 300 216 560 186 0 
