15 2
0 751 933 594 572 672 656 602 971 148 639 557 935 720 38 
751 0 256 115 619 1000 878 547 519 77 545 6 489 950 597 
933 256 0 601 896 623 998 290 74 40 622 589 445 373 685 
594 115 601 0 14 204 102 987 799 176 876 130 837 412 11 
572 619 896 14 0 70 715 773 966 381 73 534 186 685 919 
672 1000 623 204 70 0 215 904 114 405 87 322 984 7 661 
656 878 998 102 715 215 0 213 99 342 668 517 881 227 28 
602 547 290 987 773 904 213 0 151 607 445 270 654 435 831 
971 519 74 799 966 114 99 151 0 527 448 839 779 190 715 
148 77 40 176 381 405 342 607 527 0 941 873 112 299 994 
639 545 622 876 73 87 668 445 448 941 0 926 312 264 584 
557 6 589 130 534 322 517 270 839 873 926 0 212 579 698 
935 489 445 837 186 984 881 654 779 112 312 212 0 834 449 
720 950 373 412 685 7 227 435 190 299 264 579 834 0 140 
38 597 685 11 919 661 28 831 715 994 584 698 449 140 0 
0 399 661 630 483 745 897 898 523 517 817 666 438 301 905 
399 0 852 40 835 512 937 562 206 99 94 158 498 748 574 
661 852 0 982 396 579 669 476 51 624 279 118 101 42 240 
630 40 982 0 285 308 3 68 731 863 398 554 233 810 576 
483 835 396 285 0 881 907 545 428 784 934 261 862 945 197 
745 512 579 308 881 0 114 613 265 223 195 544 144 802 286 
897 937 669 3 907 114 0 75 402 319 253 909 438 106 426 
898 562 476 68 545 613 75 0 216 44 557 492 596 327 906 
523 206 51 731 428 265 402 216 0 833 871 633 58 967 69 
517 99 624 863 784 223 319 44 833 0 339 741 662 551 584 
817 94 279 398 934 195 253 557 871 339 0 306 829 630 982 
666 158 118 554 261 544 909 492 633 741 306 0 593 72 960 
438 498 101 233 862 144 438 596 58 662 829 593 0 793 403 
301 748 42 810 945 802 106 327 967 551 630 72 793 0 850 
905 574 240 576 197 286 426 906 69 584 982 960 403 850 0 
0 675 122 468 459 137 325 53 380 574 245 438 768 745 151 
675 0 138 977 120 414 238 380 604 904 892 797 666 178 381 
122 138 0 99 602 488 182 470 815 588 591 887 959 969 537 
468 977 99 0 885 825 960 996 298 295 591 309 812 456 434 
459 120 602 885 0 99 138 652 456 237 260 646 79 127 837 
137 414 488 825 99 0 856 320 779 835 657 377 810 188 618 
325 238 182 960 138 856 0 977 605 775 603 7 581 719 569 
53 380 470 996 652 320 977 0 832 942 398 689 264 768 176 
380 604 815 298 456 779 605 832 0 172 290 486 900 38 950 
574 904 588 295 237 835 775 942 172 0 504 304 301 421 390 
245 892 591 591 260 657 603 398 290 504 0 782 225 469 147 
438 797 887 309 646 377 7 689 486 304 782 0 502 855 13 
768 666 959 812 79 810 581 264 900 301 225 502 0 99 577 
745 178 969 456 127 188 719 768 38 421 469 855 99 0 155 
151 381 537 434 837 618 569 176 950 390 147 13 577 155 0 
