6 3
0 598 743 1 484 832 
598 0 703 248 94 391 
743 703 0 593 298 516 
1 248 593 0 664 813 
484 94 298 664 0 822 
832 391 516 813 822 0 
0 566 43 343 166 615 
566 0 503 179 797 149 
43 503 0 111 95 108 
343 179 111 0 569 660 
166 797 95 569 0 747 
615 149 108 660 747 0 
0 990 571 655 610 948 
990 0 999 473 518 252 
571 999 0 815 210 121 
655 473 815 0 515 255 
610 518 210 515 0 543 
948 252 121 255 543 0 
0 345 409 221 746 491 
345 0 86 441 671 486 
409 86 0 325 154 56 
221 441 325 0 810 790 
746 671 154 810 0 254 
491 486 56 790 254 0 
