9 3
0 183 334 649 968 210 944 572 200 
183 0 169 851 820 189 368 619 856 
334 169 0 333 663 594 220 896 51 
649 851 333 0 355 115 772 14 785 
968 820 663 355 0 601 59 571 818 
210 189 594 115 601 0 265 29 164 
944 368 220 772 59 265 0 877 672 
572 619 896 14 571 29 877 0 1000 
200 856 51 785 818 164 672 1000 0 
0 392 650 478 857 465 706 931 99 
392 0 853 203 686 109 265 173 884 
650 853 0 902 950 289 909 124 268 
478 203 902 0 428 650 76 817 568 
857 686 950 428 0 219 564 928 730 
465 109 289 650 219 0 936 919 81 
706 265 909 76 564 936 0 333 69 
931 173 124 817 928 919 333 0 398 
99 884 268 568 730 81 69 398 0 
0 533 483 473 835 308 595 847 97 
533 0 858 336 827 90 136 110 856 
483 858 0 811 854 371 810 115 243 
473 336 811 0 507 570 162 771 458 
835 827 854 507 0 361 432 786 814 
308 90 371 570 361 0 904 761 281 
595 136 810 162 432 904 0 180 222 
847 110 115 771 786 761 180 0 329 
97 856 243 458 814 281 222 329 0 
0 501 694 533 763 412 809 800 366 
501 0 868 425 651 146 145 173 863 
694 868 0 840 948 355 859 151 288 
533 425 840 0 683 622 344 978 427 
763 651 948 683 0 166 311 833 813 
412 146 355 622 166 0 898 941 88 
809 145 859 344 311 898 0 498 58 
800 173 151 978 833 941 498 0 410 
366 863 288 427 813 88 58 410 0 
