7 3
0 354 977 433 188 905 753 
354 0 244 73 832 51 412 
977 244 0 484 391 403 210 
433 73 484 0 516 430 245 
188 832 391 516 0 147 797 
905 51 403 430 147 0 229 
753 412 210 245 797 229 0 
0 414 315 363 275 682 782 
414 0 615 323 282 749 432 
315 615 0 842 536 248 327 
363 323 842 0 816 860 581 
275 282 536 816 0 84 214 
682 749 248 860 84 0 502 
782 432 327 581 214 502 0 
0 569 281 848 1 607 741 
569 0 491 906 193 572 417 
281 491 0 659 706 265 861 
848 906 659 0 706 886 710 
1 193 706 706 0 193 356 
607 572 265 886 193 0 747 
741 417 861 710 356 747 0 
0 343 545 282 352 14 825 
343 0 252 193 179 945 849 
545 252 0 617 624 327 565 
282 193 617 0 146 934 760 
352 179 624 146 0 8 775 
14 945 327 934 8 0 732 
825 849 565 760 775 732 0 
