5 3
0 1 862 105 5 
1 0 100 377 177 
862 100 0 804 728 
105 377 804 0 463 
5 177 728 463 0 
0 543 524 256 952 
543 0 864 317 125 
524 864 0 912 883 
256 317 912 0 247 
952 125 883 247 0 
0 196 266 585 125 
196 0 296 507 255 
266 296 0 813 723 
585 507 813 0 667 
125 255 723 667 0 
0 468 897 701 220 
468 0 629 509 499 
897 629 0 501 982 
701 509 501 0 976 
220 499 982 976 0 
