9 3
0 544 248 188 403 797 943 330 465 
544 0 593 832 430 229 370 990 25 
248 593 0 391 147 340 377 902 689 
188 832 391 0 407 549 47 345 776 
403 430 147 407 0 434 137 327 945 
797 229 340 549 434 0 385 778 220 
943 370 377 47 137 385 0 273 211 
330 990 902 345 327 778 273 0 128 
465 25 689 776 945 220 211 128 0 
0 315 842 657 782 964 245 37 77 
315 0 568 235 432 818 885 581 283 
842 568 0 682 327 497 670 555 324 
657 235 682 0 581 499 132 191 124 
782 432 327 581 0 26 392 449 687 
964 818 497 499 26 0 515 692 37 
245 885 670 132 392 515 0 446 354 
37 581 555 191 449 692 446 0 256 
77 283 324 124 687 37 354 256 0 
0 720 342 405 260 252 900 756 831 
720 0 58 762 584 24 115 475 606 
342 58 0 394 140 802 941 539 8 
405 762 394 0 291 291 406 641 354 
260 584 140 291 0 952 707 760 244 
252 24 802 291 952 0 465 381 673 
900 115 941 406 707 465 0 198 473 
756 475 539 641 760 381 198 0 866 
831 606 8 354 244 673 473 866 0 
0 456 384 201 176 11 496 828 977 
456 0 734 399 152 25 98 233 228 
384 734 0 987 436 314 390 419 814 
201 399 987 0 241 518 971 761 917 
176 152 436 241 0 635 340 443 513 
11 25 314 518 635 0 228 30 762 
496 98 390 971 340 228 0 173 241 
828 233 419 761 443 30 173 0 638 
977 228 814 917 513 762 241 638 0 
