30 3
0 822 902 999 754 569 790 323 197 326 706 456 668 249 214 79 623 689 60 661 914 582 430 856 241 434 307 866 498 617 
822 0 345 685 815 468 747 535 972 705 388 607 702 359 397 964 179 197 237 348 703 16 972 439 187 895 705 355 792 258 
902 345 0 86 408 515 698 906 706 434 713 322 447 80 356 308 729 472 791 515 864 191 971 957 261 792 375 899 20 349 
999 685 86 0 325 315 543 143 558 265 624 764 805 399 731 222 710 709 927 507 789 245 647 803 124 890 711 786 886 126 
754 815 408 325 0 810 386 992 934 707 22 379 934 825 403 783 796 73 799 536 839 952 446 953 487 520 558 556 613 213 
569 468 515 315 810 0 254 138 292 147 816 926 399 190 775 749 952 491 71 961 726 683 881 170 606 528 136 8 373 636 
790 747 698 543 386 254 0 911 948 495 61 14 84 432 189 500 483 717 957 443 245 442 803 301 466 363 957 887 221 460 
323 535 906 143 992 138 911 0 981 169 85 169 743 896 502 84 970 762 55 856 510 967 200 184 647 451 316 410 771 760 
197 972 706 558 934 292 948 981 0 886 614 749 712 417 302 152 26 389 860 780 296 360 85 24 242 760 707 518 104 574 
326 705 434 265 707 147 495 169 886 0 706 631 584 994 990 229 769 245 303 773 402 618 897 480 740 168 626 528 90 723 
706 388 713 624 22 816 61 85 614 706 0 572 193 331 440 990 447 976 988 770 677 21 910 283 84 256 386 71 735 812 
456 607 322 764 379 926 14 169 749 631 572 0 512 849 747 403 751 956 611 175 173 733 828 763 559 964 8 127 369 390 
668 702 447 805 934 399 84 743 712 584 193 512 0 458 14 818 49 441 379 938 567 445 247 666 687 886 658 74 833 904 
249 359 80 399 825 190 432 896 417 994 331 849 458 0 69 604 116 101 132 318 581 757 901 643 943 284 998 24 494 452 
214 397 356 731 403 775 189 502 302 990 440 747 14 69 0 977 303 899 364 306 314 527 279 862 269 135 472 857 376 399 
79 964 308 222 783 749 500 84 152 229 990 403 818 604 977 0 366 431 595 755 526 240 963 569 690 900 273 147 45 937 
623 179 729 710 796 952 483 970 26 769 447 751 49 116 303 366 0 880 87 109 904 280 262 930 757 827 580 545 134 762 
689 197 472 709 73 491 717 762 389 245 976 956 441 101 899 431 880 0 102 7 672 449 248 680 413 363 34 831 165 788 
60 237 791 927 799 71 957 55 860 303 988 611 379 132 364 595 87 102 0 469 42 860 180 395 340 594 136 93 462 399 
661 348 515 507 536 961 443 856 780 773 770 175 938 318 306 755 109 7 469 0 833 241 639 494 488 404 690 393 214 800 
914 703 864 789 839 726 245 510 296 402 677 173 567 581 314 526 904 672 42 833 0 498 54 895 731 676 405 114 312 177 
582 16 191 245 952 683 442 967 360 618 21 733 445 757 527 240 280 449 860 241 498 0 438 525 37 410 315 82 909 197 
430 972 971 647 446 881 803 200 85 897 910 828 247 901 279 963 262 248 180 639 54 438 0 943 937 237 903 841 598 327 
856 439 957 803 953 170 301 184 24 480 283 763 666 643 862 569 930 680 395 494 895 525 943 0 328 358 999 192 404 216 
241 187 261 124 487 606 466 647 242 740 84 559 687 943 269 690 757 413 340 488 731 37 937 328 0 519 975 336 146 173 
434 895 792 890 520 528 363 451 760 168 256 964 886 284 135 900 827 363 594 404 676 410 237 358 519 0 698 474 61 351 
307 705 375 711 558 136 957 316 707 626 386 8 658 998 472 273 580 34 136 690 405 315 903 999 975 698 0 421 287 241 
866 355 899 786 556 8 887 410 518 528 71 127 74 24 857 147 545 831 93 393 114 82 841 192 336 474 421 0 723 1 
498 792 20 886 613 373 221 771 104 90 735 369 833 494 376 45 134 165 462 214 312 909 598 404 146 61 287 723 0 849 
617 258 349 126 213 636 460 760 574 723 812 390 904 452 399 937 762 788 399 800 177 197 327 216 173 351 241 1 849 0 
0 137 496 625 452 995 966 185 593 759 367 715 122 702 883 461 964 391 557 364 367 912 482 769 51 419 960 487 880 325 
137 0 867 507 148 813 809 824 536 689 515 470 813 742 424 858 819 450 887 516 849 32 673 700 198 338 528 765 327 50 
496 867 0 954 121 975 512 337 860 562 947 625 699 118 390 689 164 729 165 110 949 189 434 12 464 754 721 678 183 159 
625 507 954 0 748 434 945 331 585 348 900 104 283 581 208 477 384 439 752 787 549 11 851 651 495 359 358 227 35 885 
452 148 121 748 0 221 538 538 835 485 695 42 270 894 814 733 992 267 246 432 967 344 239 525 848 573 88 434 45 333 
995 813 975 434 221 0 549 594 928 520 281 787 351 280 682 912 817 129 497 47 414 328 952 784 16 498 515 533 259 611 
966 809 512 945 538 549 0 68 586 248 303 189 787 685 243 576 340 835 527 783 244 884 544 464 240 996 893 71 512 339 
185 824 337 331 538 594 68 0 69 807 502 594 633 941 411 290 944 20 643 664 435 881 487 132 468 258 562 556 813 174 
593 536 860 585 835 928 586 69 0 632 707 430 293 762 763 916 900 908 574 784 527 294 940 304 329 170 74 38 28 936 
759 689 562 348 485 520 248 807 632 0 933 491 293 537 619 901 684 13 26 226 817 409 780 988 666 600 7 307 674 820 
367 515 947 900 695 281 303 502 707 933 0 524 695 459 311 525 255 347 800 228 10 154 56 530 523 154 119 413 208 364 
715 470 625 104 42 787 189 594 430 491 524 0 82 738 179 323 452 934 849 1 843 513 454 146 464 424 460 375 469 570 
122 813 699 283 270 351 787 633 293 293 695 82 0 337 185 462 243 941 243 495 293 95 821 764 683 330 984 886 836 848 
702 742 118 581 894 280 685 941 762 537 459 738 337 0 667 10 529 523 101 427 850 629 296 510 424 589 886 600 318 879 
883 424 390 208 814 682 243 411 763 619 311 179 185 667 0 295 982 378 385 128 378 835 377 440 580 187 216 272 799 298 
461 858 689 477 733 912 576 290 916 901 525 323 462 10 295 0 524 312 32 727 16 285 711 733 745 356 924 478 904 442 
964 819 164 384 992 817 340 944 900 684 255 452 243 529 982 524 0 407 622 855 558 117 246 735 936 229 358 100 769 512 
391 450 729 439 267 129 835 20 908 13 347 934 941 523 378 312 407 0 193 856 585 691 155 306 853 167 292 162 463 912 
557 887 165 752 246 497 527 643 574 26 800 849 243 101 385 32 622 193 0 32 844 82 445 155 676 471 592 279 653 110 
364 516 110 787 432 47 783 664 784 226 228 1 495 427 128 727 855 856 32 0 246 23 61 617 131 11 672 753 822 839 
367 849 949 549 967 414 244 435 527 817 10 843 293 850 378 16 558 585 844 246 0 209 344 685 902 126 5 739 664 750 
912 32 189 11 344 328 884 881 294 409 154 513 95 629 835 285 117 691 82 23 209 0 926 698 18 463 885 752 25 714 
482 673 434 851 239 952 544 487 940 780 56 454 821 296 377 711 246 155 445 61 344 926 0 569 63 359 547 532 317 750 
769 700 12 651 525 784 464 132 304 988 530 146 764 510 440 733 735 306 155 617 685 698 569 0 923 705 200 975 545 119 
51 198 464 495 848 16 240 468 329 666 523 464 683 424 580 745 936 853 676 131 902 18 63 923 0 541 863 454 601 83 
419 338 754 359 573 498 996 258 170 600 154 424 330 589 187 356 229 167 471 11 126 463 359 705 541 0 235 532 329 799 
960 528 721 358 88 515 893 562 74 7 119 460 984 886 216 924 358 292 592 672 5 885 547 200 863 235 0 513 942 769 
487 765 678 227 434 533 71 556 38 307 413 375 886 600 272 478 100 162 279 753 739 752 532 975 454 532 513 0 61 987 
880 327 183 35 45 259 512 813 28 674 208 469 836 318 799 904 769 463 653 822 664 25 317 545 601 329 942 61 0 614 
325 50 159 885 333 611 339 174 936 820 364 570 848 879 298 442 512 912 110 839 750 714 750 119 83 799 769 987 614 0 
0 335 353 600 910 377 625 93 857 445 357 613 220 760 592 329 628 737 587 115 857 548 228 802 70 641 998 15 996 561 
335 0 715 710 69 586 767 106 543 909 971 188 750 100 507 791 630 991 898 390 385 771 395 806 392 973 636 610 515 127 
353 715 0 784 286 725 909 882 614 598 913 273 756 259 17 322 514 920 665 428 795 515 732 303 142 244 798 903 416 253 
600 710 784 0 610 619 422 529 181 444 687 80 949 144 126 678 702 329 946 964 817 658 535 898 508 76 336 732 858 870 
910 69 286 610 0 339 93 647 641 396 246 403 339 624 570 290 818 481 386 484 611 255 433 803 676 621 20 642 195 285 
377 586 725 619 339 0 488 627 802 323 897 665 864 217 605 965 818 474 339 114 759 296 499 730 760 333 567 659 132 620 
625 767 909 422 93 488 0 34 641 766 459 165 862 733 185 637 36 436 103 985 708 723 521 456 250 995 452 182 245 198 
93 106 882 529 647 627 34 0 197 712 426 667 256 262 454 222 615 14 93 980 359 711 152 33 542 229 406 720 787 155 
857 543 614 181 641 802 641 197 0 744 924 810 643 955 964 687 548 843 809 120 792 141 981 119 348 479 432 370 243 694 
445 909 598 444 396 323 766 712 744 0 691 718 82 432 225 412 674 7 160 149 638 521 825 702 806 506 56 297 672 576 
357 971 913 687 246 897 459 426 924 691 0 771 685 6 392 604 312 315 849 28 212 821 208 749 404 497 148 470 432 217 
613 188 273 80 403 665 165 667 810 718 771 0 632 580 320 425 765 755 995 208 720 540 377 671 99 569 790 15 548 520 
220 750 756 949 339 864 862 256 643 82 685 632 0 389 311 384 414 759 968 688 263 109 301 259 546 258 564 343 957 705 
760 100 259 144 624 217 733 262 955 432 6 580 389 0 583 290 896 309 455 656 731 739 709 788 631 65 388 920 340 624 
592 507 17 126 570 605 185 454 964 225 392 320 311 583 0 539 760 346 24 108 606 666 327 450 319 139 150 397 902 816 
329 791 322 678 290 965 637 222 687 412 604 425 384 290 539 0 437 510 101 516 15 312 640 827 812 286 640 418 543 693 
628 630 514 702 818 818 36 615 548 674 312 765 414 896 760 437 0 452 520 256 762 83 699 798 860 151 716 248 997 840 
737 991 920 329 481 474 436 14 843 7 315 755 759 309 346 510 452 0 391 600 879 195 480 641 728 548 564 641 530 562 
587 898 665 946 386 339 103 93 809 160 849 995 968 455 24 101 520 391 0 214 757 96 529 406 812 567 162 125 859 598 
115 390 428 964 484 114 985 980 120 149 28 208 688 656 108 516 256 600 214 0 543 231 108 750 39 275 14 575 134 783 
857 385 795 817 611 759 708 359 792 638 212 720 263 731 606 15 762 879 757 543 0 437 95 301 814 115 479 150 414 748 
548 771 515 658 255 296 723 711 141 521 821 540 109 739 666 312 83 195 96 231 437 0 548 801 160 482 773 852 25 721 
228 395 732 535 433 499 521 152 981 825 208 377 301 709 327 640 699 480 529 108 95 548 0 535 25 537 437 974 609 916 
802 806 303 898 803 730 456 33 119 702 749 671 259 788 450 827 798 641 406 750 301 801 535 0 604 545 767 999 926 518 
70 392 142 508 676 760 250 542 348 806 404 99 546 631 319 812 860 728 812 39 814 160 25 604 0 999 880 748 752 229 
641 973 244 76 621 333 995 229 479 506 497 569 258 65 139 286 151 548 567 275 115 482 537 545 999 0 413 798 210 879 
998 636 798 336 20 567 452 406 432 56 148 790 564 388 150 640 716 564 162 14 479 773 437 767 880 413 0 922 601 986 
15 610 903 732 642 659 182 720 370 297 470 15 343 920 397 418 248 641 125 575 150 852 974 999 748 798 922 0 185 458 
996 515 416 858 195 132 245 787 243 672 432 548 957 340 902 543 997 530 859 134 414 25 609 926 752 210 601 185 0 437 
561 127 253 870 285 620 198 155 694 576 217 520 705 624 816 693 840 562 598 783 748 721 916 518 229 879 986 458 437 0 
0 275 587 457 23 625 812 297 390 827 249 487 509 838 684 647 976 748 430 461 547 883 564 403 221 285 921 642 83 381 
275 0 996 62 305 837 404 422 431 245 683 275 456 726 742 527 341 697 641 545 706 116 824 471 27 133 450 386 476 333 
587 996 0 809 400 794 618 217 978 113 833 763 952 510 32 975 297 941 609 386 877 120 789 571 572 599 768 197 65 125 
457 62 809 0 977 754 426 234 105 882 704 219 520 524 70 105 361 308 444 386 663 6 725 911 421 732 483 102 512 864 
23 305 400 977 0 325 549 480 550 600 786 74 152 283 567 784 697 45 166 309 840 365 505 336 512 584 375 982 444 208 
625 837 794 754 325 0 340 392 994 680 350 944 84 819 172 479 894 171 486 25 911 427 781 314 521 248 785 116 50 423 
812 404 618 426 549 340 0 61 527 907 372 76 755 117 807 995 632 413 41 848 295 493 725 317 159 885 878 141 375 794 
297 422 217 234 480 392 61 0 80 874 732 236 611 993 210 865 898 435 570 669 155 768 267 407 689 439 306 360 831 159 
390 431 978 105 550 994 527 80 0 575 709 998 333 992 786 980 112 856 511 799 422 21 917 107 787 467 45 441 361 764 
827 245 113 882 600 680 907 874 575 0 850 950 568 723 557 907 335 172 449 154 445 22 733 793 497 828 22 591 614 452 
249 683 833 704 786 350 372 732 709 850 0 415 790 766 537 235 685 490 356 781 471 208 78 237 459 167 119 94 138 230 
487 275 763 219 74 944 76 236 998 950 415 0 288 556 210 711 463 723 871 171 533 119 271 182 450 713 689 260 45 844 
509 456 952 520 152 84 755 611 333 568 790 288 0 98 483 158 226 982 60 21 403 673 975 973 481 186 716 879 622 917 
838 726 510 524 283 819 117 993 992 723 766 556 98 0 938 273 564 261 329 324 873 655 364 440 424 737 921 209 466 625 
684 742 32 70 567 172 807 210 786 557 537 210 483 938 0 698 348 287 159 354 266 692 156 247 508 367 254 310 986 13 
647 527 975 105 784 479 995 865 980 907 235 711 158 273 698 0 713 9 274 493 81 611 677 873 821 591 831 155 125 494 
976 341 297 361 697 894 632 898 112 335 685 463 226 564 348 713 0 129 858 633 978 236 167 938 727 495 191 479 951 396 
748 697 941 308 45 171 413 435 856 172 490 723 982 261 287 9 129 0 451 513 631 352 348 75 681 58 46 126 114 742 
430 641 609 444 166 486 41 570 511 449 356 871 60 329 159 274 858 451 0 327 860 69 594 139 195 555 638 629 75 8 
461 545 386 386 309 25 848 669 799 154 781 171 21 324 354 493 633 513 327 0 314 33 304 456 199 220 627 207 664 955 
547 706 877 663 840 911 295 155 422 445 471 533 403 873 266 81 978 631 860 314 0 14 4 814 468 289 28 465 512 498 
883 116 120 6 365 427 493 768 21 22 208 119 673 655 692 611 236 352 69 33 14 0 631 934 361 252 886 321 17 774 
564 824 789 725 505 781 725 267 917 733 78 271 975 364 156 677 167 348 594 304 4 631 0 755 59 426 367 805 177 757 
403 471 571 911 336 314 317 407 107 793 237 182 973 440 247 873 938 75 139 456 814 934 755 0 906 795 335 708 38 9 
221 27 572 421 512 521 159 689 787 497 459 450 481 424 508 821 727 681 195 199 468 361 59 906 0 662 468 870 510 581 
285 133 599 732 584 248 885 439 467 828 167 713 186 737 367 591 495 58 555 220 289 252 426 795 662 0 406 746 398 238 
921 450 768 483 375 785 878 306 45 22 119 689 716 921 254 831 191 46 638 627 28 886 367 335 468 406 0 244 474 812 
642 386 197 102 982 116 141 360 441 591 94 260 879 209 310 155 479 126 629 207 465 321 805 708 870 746 244 0 535 390 
83 476 65 512 444 50 375 831 361 614 138 45 622 466 986 125 951 114 75 664 512 17 177 38 510 398 474 535 0 489 
381 333 125 864 208 423 794 159 764 452 230 844 917 625 13 494 396 742 8 955 498 774 757 9 581 238 812 390 489 0 
