30 4
0 256 896 102 966 87 881 831 280 747 147 143 982 233 338 988 406 197 604 172 278 687 292 833 820 100 966 657 295 392 
256 0 14 715 114 668 654 715 316 505 712 877 378 326 942 874 327 575 643 950 145 533 811 793 500 480 321 609 349 376 
896 14 0 215 99 445 779 994 937 939 376 696 4 736 620 694 230 472 438 77 478 336 103 218 903 15 500 965 425 79 
102 715 215 0 151 448 112 584 143 244 480 119 430 864 672 457 108 28 182 198 514 40 474 142 943 502 948 182 461 154 
966 114 99 151 0 941 312 698 80 80 174 998 833 563 889 853 384 881 73 621 848 554 702 762 896 445 651 229 741 122 
87 668 445 448 941 0 212 449 761 385 226 483 89 817 67 60 426 548 973 288 354 547 625 263 868 147 500 334 833 133 
881 654 779 112 312 212 0 140 583 750 993 944 826 969 536 858 231 823 430 414 473 632 811 70 234 147 950 66 867 786 
831 715 994 584 698 449 140 0 674 711 175 78 472 481 829 721 886 848 175 763 477 932 353 982 210 147 390 452 763 177 
280 316 937 143 80 761 583 674 0 501 334 402 857 183 164 657 692 958 566 556 882 567 301 576 853 354 567 210 47 108 
747 505 939 244 80 385 750 711 501 0 994 136 674 731 949 272 90 881 877 203 72 633 393 468 467 483 133 735 741 745 
147 712 376 480 174 226 993 175 334 994 0 875 399 935 555 252 482 123 499 584 168 198 153 354 767 79 116 700 969 880 
143 877 696 119 998 483 944 78 402 136 875 0 758 879 932 868 996 40 926 195 61 368 840 510 933 360 56 555 427 133 
982 378 4 430 833 89 826 472 857 674 399 758 0 776 207 463 512 315 312 1 482 697 74 414 462 938 319 507 976 219 
233 326 736 864 563 817 969 481 183 731 935 879 776 0 733 281 308 175 109 545 550 309 353 204 202 542 329 671 570 864 
338 942 620 672 889 67 536 829 164 949 555 932 207 733 0 200 661 112 496 405 893 644 19 959 431 274 854 463 72 356 
988 874 694 457 853 60 858 721 657 272 252 868 463 281 200 0 375 811 783 644 637 432 64 436 976 835 81 663 937 512 
406 327 230 108 384 426 231 886 692 90 482 996 512 308 661 375 0 471 138 100 949 540 211 256 121 213 521 817 190 149 
197 575 472 28 881 548 823 848 958 881 123 40 315 175 112 811 471 0 298 222 553 24 938 852 485 881 509 651 448 998 
604 643 438 182 73 973 430 175 566 877 499 926 312 109 496 783 138 298 0 968 927 323 648 676 857 429 445 371 161 917 
172 950 77 198 621 288 414 763 556 203 584 195 1 545 405 644 100 222 968 0 86 982 406 936 593 396 553 3 899 58 
278 145 478 514 848 354 473 477 882 72 168 61 482 550 893 637 949 553 927 86 0 372 173 804 668 11 109 869 376 871 
687 533 336 40 554 547 632 932 567 633 198 368 697 309 644 432 540 24 323 982 372 0 310 714 687 507 726 260 601 690 
292 811 103 474 702 625 811 353 301 393 153 840 74 353 19 64 211 938 648 406 173 310 0 379 93 763 349 564 285 286 
833 793 218 142 762 263 70 982 576 468 354 510 414 204 959 436 256 852 676 936 804 714 379 0 717 530 948 787 648 165 
820 500 903 943 896 868 234 210 853 467 767 933 462 202 431 976 121 485 857 593 668 687 93 717 0 686 768 682 927 756 
100 480 15 502 445 147 147 147 354 483 79 360 938 542 274 835 213 881 429 396 11 507 763 530 686 0 428 562 299 865 
966 321 500 948 651 500 950 390 567 133 116 56 319 329 854 81 521 509 445 553 109 726 349 948 768 428 0 729 243 791 
657 609 965 182 229 334 66 452 210 735 700 555 507 671 463 663 817 651 371 3 869 260 564 787 682 562 729 0 907 888 
295 349 425 461 741 833 867 763 47 741 969 427 976 570 72 937 190 448 161 899 376 601 285 648 927 299 243 907 0 875 
392 376 79 154 122 133 786 177 108 745 880 133 219 864 356 512 149 998 917 58 871 690 286 165 756 865 791 888 875 0 
0 146 626 619 278 104 635 561 871 407 677 374 963 922 319 932 160 520 288 187 314 546 933 796 693 710 336 274 247 306 
146 0 30 314 760 837 788 621 829 300 380 161 485 385 371 746 68 420 927 974 452 889 467 762 525 486 900 151 546 616 
626 30 0 249 746 324 295 731 558 196 562 640 826 328 482 353 33 554 766 110 367 907 284 78 620 886 859 187 967 6 
619 314 249 0 126 887 367 608 819 796 63 102 604 655 114 703 455 277 808 213 445 881 696 802 744 939 266 234 90 407 
278 760 746 126 0 864 304 228 685 851 652 603 217 316 755 621 785 998 576 152 648 517 799 622 138 637 799 180 668 438 
104 837 324 887 864 0 690 24 144 411 543 685 110 987 590 471 558 67 998 352 570 850 913 112 655 375 198 134 131 67 
635 788 295 367 304 690 0 233 171 871 612 777 678 495 477 333 525 79 840 819 574 275 621 744 751 529 502 70 788 852 
561 621 731 608 228 24 233 0 655 193 442 628 118 737 903 370 874 410 427 264 604 642 472 759 716 490 956 991 920 604 
871 829 558 819 685 144 171 655 0 220 11 222 646 752 484 858 356 552 959 512 320 959 20 177 914 158 131 26 327 884 
407 300 196 796 851 411 871 193 220 0 170 438 728 783 407 138 903 136 325 235 558 680 198 853 545 985 959 453 105 262 
677 380 562 63 652 543 612 442 11 170 0 188 177 679 152 922 749 412 764 7 44 556 896 890 883 578 572 172 599 835 
374 161 640 102 603 685 777 628 222 438 188 0 871 469 34 365 15 108 355 522 680 886 484 599 650 690 716 853 418 857 
963 485 826 604 217 110 678 118 646 728 177 871 0 451 845 322 349 181 738 287 173 751 166 48 394 386 692 592 277 231 
922 385 328 655 316 987 495 737 752 783 679 469 451 0 146 395 771 973 828 754 780 852 167 4 306 848 228 308 996 906 
319 371 482 114 755 590 477 903 484 407 152 34 845 146 0 58 845 529 249 209 297 222 168 318 256 481 57 223 495 925 
932 746 353 703 621 471 333 370 858 138 922 365 322 395 58 0 716 861 924 9 345 692 602 193 225 396 972 677 247 215 
160 68 33 455 785 558 525 874 356 903 749 15 349 771 845 716 0 590 927 45 579 894 871 718 35 765 819 945 797 124 
520 420 554 277 998 67 79 410 552 136 412 108 181 973 529 861 590 0 99 729 562 615 714 343 710 993 651 826 737 976 
288 927 766 808 576 998 840 427 959 325 764 355 738 828 249 924 927 99 0 371 28 387 606 62 498 549 83 265 300 706 
187 974 110 213 152 352 819 264 512 235 7 522 287 754 209 9 45 729 371 0 556 192 11 155 846 509 805 189 380 468 
314 452 367 445 648 570 574 604 320 558 44 680 173 780 297 345 579 562 28 556 0 318 774 306 448 487 549 451 49 676 
546 889 907 881 517 850 275 642 959 680 556 886 751 852 222 692 894 615 387 192 318 0 839 649 482 63 716 561 772 675 
933 467 284 696 799 913 621 472 20 198 896 484 166 167 168 602 871 714 606 11 774 839 0 146 254 438 26 133 620 898 
796 762 78 802 622 112 744 759 177 853 890 599 48 4 318 193 718 343 62 155 306 649 146 0 5 358 457 374 818 69 
693 525 620 744 138 655 751 716 914 545 883 650 394 306 256 225 35 710 498 846 448 482 254 5 0 935 503 605 850 128 
710 486 886 939 637 375 529 490 158 985 578 690 386 848 481 396 765 993 549 509 487 63 438 358 935 0 915 607 604 843 
336 900 859 266 799 198 502 956 131 959 572 716 692 228 57 972 819 651 83 805 549 716 26 457 503 915 0 20 324 471 
274 151 187 234 180 134 70 991 26 453 172 853 592 308 223 677 945 826 265 189 451 561 133 374 605 607 20 0 720 972 
247 546 967 90 668 131 788 920 327 105 599 418 277 996 495 247 797 737 300 380 49 772 620 818 850 604 324 720 0 816 
306 616 6 407 438 67 852 604 884 262 835 857 231 906 925 215 124 976 706 468 676 675 898 69 128 843 471 972 816 0 
0 178 521 459 205 116 575 742 853 307 635 256 844 823 320 834 63 628 308 174 380 449 951 796 888 876 311 316 335 52 
178 0 99 306 625 834 863 570 753 147 382 53 506 495 569 689 233 477 603 875 721 838 444 689 570 508 965 178 534 456 
521 99 0 215 541 197 341 446 862 299 509 548 865 293 365 242 19 586 811 204 390 947 269 110 683 974 863 134 752 96 
459 306 215 0 270 789 529 626 966 859 26 141 758 593 90 814 356 164 747 30 486 660 630 867 749 959 279 256 180 461 
205 625 541 270 0 733 415 387 394 713 568 501 278 285 777 553 734 998 518 250 631 429 821 736 252 589 816 302 608 272 
116 834 197 789 733 0 811 60 156 390 461 673 277 959 629 372 507 198 944 336 598 785 821 219 858 577 175 179 112 15 
575 863 341 529 415 811 0 259 340 867 625 709 704 543 385 310 608 11 763 709 676 200 692 686 789 533 439 81 726 770 
742 570 446 626 387 60 259 0 616 220 519 646 20 841 974 295 795 445 519 322 650 555 473 842 619 289 876 922 836 716 
853 753 862 966 394 156 340 616 0 384 18 310 740 724 467 866 373 556 993 455 364 907 76 100 874 147 45 75 300 990 
307 147 299 859 713 390 867 220 384 0 94 322 822 907 542 174 953 56 158 394 591 675 308 838 455 798 996 391 125 310 
635 382 509 26 568 461 625 519 18 94 0 159 319 649 122 935 582 239 928 95 106 564 873 693 806 504 521 141 657 886 
256 53 548 141 501 673 709 646 310 322 159 0 730 493 159 326 139 129 428 558 651 871 459 603 637 722 600 826 458 802 
844 506 865 758 278 277 704 20 740 822 319 730 0 424 850 348 388 78 867 142 146 829 66 37 339 412 861 657 287 127 
823 495 293 593 285 959 543 841 724 907 649 493 424 0 192 419 648 834 890 844 640 882 238 206 174 897 152 471 922 840 
320 569 365 90 777 629 385 974 467 542 122 159 850 192 0 221 975 397 338 243 220 198 149 495 301 389 48 202 467 1000 
834 689 242 814 553 372 310 295 866 174 935 326 348 419 221 0 757 862 849 189 382 583 586 45 264 274 916 518 222 337 
63 233 19 356 734 507 608 795 373 953 582 139 388 648 975 757 0 581 816 124 605 799 969 765 26 748 749 841 670 174 
628 477 586 164 998 198 11 445 556 56 239 129 78 834 397 862 581 0 90 760 472 608 792 254 615 987 682 754 763 969 
308 603 811 747 518 944 763 519 993 158 928 428 867 890 338 849 816 90 0 381 166 303 641 10 673 454 92 320 363 857 
174 875 204 30 250 336 709 322 455 394 95 558 142 844 243 189 124 760 381 0 600 335 10 218 936 475 703 101 412 655 
380 721 390 486 631 598 676 650 364 591 106 651 146 640 220 382 605 472 166 600 0 133 789 206 380 289 654 480 91 696 
449 838 947 660 429 785 200 555 907 675 564 871 829 882 198 583 799 608 303 335 133 0 711 445 476 126 718 533 915 777 
951 444 269 630 821 821 692 473 76 308 873 459 66 238 149 586 969 792 641 10 789 711 0 376 192 351 77 243 668 929 
796 689 110 867 736 219 686 842 100 838 693 603 37 206 495 45 765 254 10 218 206 445 376 0 220 206 453 367 638 79 
888 570 683 749 252 858 789 619 874 455 806 637 339 174 301 264 26 615 673 936 380 476 192 220 0 1000 568 537 795 47 
876 508 974 959 589 577 533 289 147 798 504 722 412 897 389 274 748 987 454 475 289 126 351 206 1000 0 919 431 664 626 
311 965 863 279 816 175 439 876 45 996 521 600 861 152 48 916 749 682 92 703 654 718 77 453 568 919 0 228 288 394 
316 178 134 256 302 179 81 922 75 391 141 826 657 471 202 518 841 754 320 101 480 533 243 367 537 431 228 0 603 890 
335 534 752 180 608 112 726 836 300 125 657 458 287 922 467 222 670 763 363 412 91 915 668 638 795 664 288 603 0 960 
52 456 96 461 272 15 770 716 990 310 886 802 127 840 1000 337 174 969 857 655 696 777 929 79 47 626 394 890 960 0 
0 28 695 545 311 83 589 572 860 354 642 282 877 709 423 879 130 470 486 200 161 547 869 724 848 708 460 245 214 341 
28 0 67 330 787 843 956 495 777 351 559 191 590 225 443 769 176 429 925 971 625 926 461 773 462 420 936 133 595 652 
695 67 0 348 859 246 221 690 389 327 532 656 754 249 347 497 254 290 877 60 558 978 319 58 482 719 753 243 974 88 
545 330 348 0 79 875 373 662 671 690 219 47 464 637 302 666 440 259 867 171 429 793 841 624 626 888 194 382 107 435 
311 787 859 79 0 976 373 308 494 771 733 542 204 476 652 710 806 981 690 186 568 482 606 392 65 501 635 18 781 355 
83 843 246 875 976 0 891 319 53 419 426 877 92 893 677 416 391 198 855 398 580 823 942 183 816 287 174 26 47 139 
589 956 221 373 373 891 0 383 353 827 599 737 698 478 630 266 522 66 709 756 747 134 937 708 636 398 507 62 846 962 
572 495 690 662 308 319 383 0 685 71 431 827 136 621 764 442 838 364 404 253 825 714 513 714 731 588 910 994 823 551 
860 777 389 671 494 53 353 685 0 66 194 75 638 807 436 874 397 460 769 392 158 991 134 49 941 184 228 110 232 729 
354 351 327 690 771 419 827 71 66 0 191 336 590 768 558 139 913 13 370 184 731 757 240 727 436 828 919 342 103 193 
642 559 532 219 733 426 599 431 194 191 0 131 223 606 10 884 817 436 984 80 26 432 963 936 766 528 538 18 257 848 
282 191 656 47 542 877 737 827 75 336 131 0 906 613 54 283 30 191 376 340 748 894 248 399 820 816 594 1000 499 920 
877 590 754 464 204 92 698 136 638 590 223 906 0 542 857 318 267 59 728 181 217 747 313 109 571 678 650 665 472 343 
709 225 249 637 476 893 478 621 807 768 606 613 542 0 307 418 611 711 873 745 821 933 155 64 328 820 132 358 885 822 
423 443 347 302 652 677 630 764 436 558 10 54 857 307 0 49 596 703 118 376 255 20 311 342 370 413 47 58 637 829 
879 769 497 666 710 416 266 442 874 139 884 283 318 418 49 0 612 810 859 135 435 719 471 286 317 312 938 585 218 167 
130 176 254 440 806 391 522 838 397 913 817 30 267 611 596 612 0 581 892 203 468 948 920 634 183 593 710 977 858 181 
470 429 290 259 981 198 66 364 460 13 436 191 59 711 703 810 581 0 126 696 562 710 892 390 592 971 546 745 601 949 
486 925 877 867 690 855 709 404 769 370 984 376 728 873 118 859 892 126 0 236 34 342 693 43 303 542 27 454 400 717 
200 971 60 171 186 398 756 253 392 184 80 340 181 745 376 135 203 696 236 0 680 82 19 193 812 415 843 225 334 170 
161 625 558 429 568 580 747 825 158 731 26 748 217 821 255 435 468 562 34 680 0 384 685 227 493 502 590 524 55 518 
547 926 978 793 482 823 134 714 991 757 432 894 747 933 20 719 948 710 342 82 384 0 844 457 423 193 642 528 661 617 
869 461 319 841 606 942 937 513 134 240 963 248 313 155 311 471 920 892 693 19 685 844 0 88 295 523 65 232 574 931 
724 773 58 624 392 183 708 714 49 727 936 399 109 64 342 286 634 390 43 193 227 457 88 0 2 463 494 468 720 164 
848 462 482 626 65 816 636 731 941 436 766 820 571 328 370 317 183 592 303 812 493 423 295 2 0 947 455 420 745 41 
708 420 719 888 501 287 398 588 184 828 528 816 678 820 413 312 593 971 542 415 502 193 523 463 947 0 928 781 636 918 
460 936 753 194 635 174 507 910 228 919 538 594 650 132 47 938 710 546 27 843 590 642 65 494 455 928 0 87 224 744 
245 133 243 382 18 26 62 994 110 342 18 1000 665 358 58 585 977 745 454 225 524 528 232 468 420 781 87 0 930 899 
214 595 974 107 781 47 846 823 232 103 257 499 472 885 637 218 858 601 400 334 55 661 574 720 745 636 224 930 0 744 
341 652 88 435 355 139 962 551 729 193 848 920 343 822 829 167 181 949 717 170 518 617 931 164 41 918 744 899 744 0 
0 60 475 543 296 46 667 436 635 539 726 357 815 955 270 732 201 477 197 242 145 513 937 783 745 626 378 367 348 284 
60 0 112 241 653 783 793 564 900 411 419 61 388 426 407 549 159 531 665 876 639 870 575 739 613 424 810 44 502 700 
475 112 0 219 794 385 219 656 646 291 587 540 981 543 319 355 41 512 841 276 307 944 373 44 480 700 813 218 779 129 
543 241 219 0 76 751 353 638 895 673 156 366 707 715 68 818 438 146 711 204 396 993 547 604 514 862 447 315 134 250 
296 653 794 76 0 831 286 128 473 586 784 617 101 415 836 639 634 913 614 169 635 470 748 756 81 717 850 177 672 498 
46 783 385 751 831 0 774 160 208 494 608 823 185 860 645 456 493 85 934 444 640 864 849 295 709 344 228 196 62 109 
667 793 219 353 286 774 0 78 217 945 400 693 682 479 298 259 469 5 440 775 559 297 776 657 817 631 523 100 805 824 
436 564 656 638 128 160 78 0 702 201 517 521 308 759 776 575 789 435 382 80 764 560 572 696 738 470 866 734 949 651 
635 900 646 895 473 208 217 702 0 302 218 160 607 746 442 991 189 585 925 431 100 903 83 47 834 184 86 97 315 890 
539 411 291 673 586 494 945 201 302 0 265 505 831 648 474 158 926 156 432 158 512 582 271 671 737 997 889 274 176 233 
726 419 587 156 784 608 400 517 218 265 0 311 61 723 133 919 616 500 918 18 7 624 732 699 696 595 488 76 590 840 
357 61 540 366 617 823 693 521 160 505 311 0 920 364 10 243 121 168 318 510 677 886 511 486 603 812 749 919 259 914 
815 388 981 707 101 185 682 308 607 831 61 920 0 381 871 284 394 344 952 410 381 746 190 99 234 419 638 523 385 221 
955 426 543 715 415 860 479 759 746 648 723 364 381 0 152 382 849 909 745 758 761 808 267 103 335 839 223 298 940 754 
270 407 319 68 836 645 298 776 442 474 133 10 871 152 0 176 791 274 292 243 141 356 97 168 356 451 142 201 447 986 
732 549 355 818 639 456 259 575 991 158 919 243 284 382 176 0 735 730 940 125 124 722 463 211 338 565 795 610 170 365 
201 159 41 438 634 493 469 789 189 926 616 121 394 849 791 735 0 357 946 183 644 777 945 813 324 668 780 978 928 127 
477 531 512 146 913 85 5 435 585 156 500 168 344 909 274 730 357 0 141 660 351 605 883 464 700 940 671 851 534 968 
197 665 841 711 614 934 440 382 925 432 918 318 952 745 292 940 946 141 0 423 128 403 548 54 338 642 43 305 263 669 
242 876 276 204 169 444 775 80 431 158 18 510 410 758 243 125 183 660 423 0 460 42 103 229 732 657 565 267 344 438 
145 639 307 396 635 640 559 764 100 512 7 677 381 761 141 124 644 351 128 460 0 404 887 349 508 399 581 439 219 715 
513 870 944 993 470 864 297 560 903 582 624 886 746 808 356 722 777 605 403 42 404 0 802 608 495 80 759 437 786 447 
937 575 373 547 748 849 776 572 83 271 732 511 190 267 97 463 945 883 548 103 887 802 0 234 228 598 48 248 653 790 
783 739 44 604 756 295 657 696 47 671 699 486 99 103 168 211 813 464 54 229 349 608 234 0 74 507 299 361 938 16 
745 613 480 514 81 709 817 738 834 737 696 603 234 335 356 338 324 700 338 732 508 495 228 74 0 831 509 451 889 59 
626 424 700 862 717 344 631 470 184 997 595 812 419 839 451 565 668 940 642 657 399 80 598 507 831 0 774 823 492 868 
378 810 813 447 850 228 523 866 86 889 488 749 638 223 142 795 780 671 43 565 581 759 48 299 509 774 0 13 368 504 
367 44 218 315 177 196 100 734 97 274 76 919 523 298 201 610 978 851 305 267 439 437 248 361 451 823 13 0 518 971 
348 502 779 134 672 62 805 949 315 176 590 259 385 940 447 170 928 534 263 344 219 786 653 938 889 492 368 518 0 781 
284 700 129 250 498 109 824 651 890 233 840 914 221 754 986 365 127 968 669 438 715 447 790 16 59 868 504 971 781 0 
