10 4
0 574 433 516 753 90 943 104 862 476 
574 0 73 813 412 449 566 465 464 571 
433 73 0 822 210 981 330 25 206 464 
516 813 822 0 245 943 990 689 483 409 
753 412 210 245 0 370 902 776 346 503 
90 449 981 943 370 0 345 945 607 491 
943 566 330 990 902 345 0 220 317 999 
104 465 25 689 776 945 220 0 508 685 
862 464 206 483 346 607 317 508 0 86 
476 571 464 409 503 491 999 685 86 0 
0 848 71 437 961 340 287 837 674 218 
848 0 169 604 7 354 452 259 695 967 
71 169 0 199 296 900 351 903 571 446 
437 604 199 0 768 957 721 590 287 462 
961 7 296 768 0 136 661 712 603 630 
340 354 900 957 136 0 575 637 340 559 
287 452 351 721 661 575 0 676 971 654 
837 259 903 590 712 637 676 0 703 938 
674 695 571 287 603 340 971 703 0 645 
218 967 446 462 630 559 654 938 645 0 
0 813 602 964 856 731 258 894 212 194 
813 0 152 496 97 528 788 97 156 938 
602 152 0 60 677 410 51 707 271 149 
964 496 60 0 555 707 507 939 295 841 
856 97 677 555 0 405 778 443 476 708 
731 528 410 707 405 0 166 506 545 459 
258 788 51 507 778 166 0 696 363 400 
894 97 707 939 443 506 696 0 479 387 
212 156 271 295 476 545 363 479 0 652 
194 938 149 841 708 459 400 387 652 0 
0 906 322 500 770 328 213 792 414 288 
906 0 395 630 136 760 177 553 314 395 
322 395 0 499 581 591 769 881 243 846 
500 630 499 0 863 998 733 910 4 665 
770 136 581 863 0 75 509 623 299 310 
328 760 591 998 75 0 757 504 280 716 
213 177 769 733 509 757 0 388 854 495 
792 553 881 910 623 504 388 0 954 160 
414 314 243 4 299 280 854 954 0 492 
288 395 846 665 310 716 495 160 492 0 
0 842 926 403 755 239 390 647 865 68 
842 0 265 497 245 284 216 621 630 503 
926 265 0 26 124 558 293 974 229 306 
403 497 26 0 683 580 108 536 429 918 
755 245 124 683 0 8 296 522 251 231 
239 284 558 580 8 0 368 261 768 175 
390 216 293 108 296 368 0 860 1000 244 
647 621 974 536 522 261 860 0 763 222 
865 630 229 429 251 768 1000 763 0 669 
68 503 306 918 231 175 244 222 669 0 
