70 2
0 238 188 213 379 843 385 88 339 674 269 203 753 431 249 515 572 411 585 698 447 253 385 146 279 421 825 749 873 903 545 724 74 221 322 728 371 147 104 208 758 449 151 660 200 389 129 807 332 813 33 506 404 730 651 969 1 957 879 182 952 591 478 802 893 91 406 498 806 194 
238 0 10 553 23 624 5 346 12 753 680 387 261 787 779 724 136 873 147 880 44 950 947 351 723 534 901 628 666 142 176 832 784 660 45 275 796 958 5 897 878 186 387 174 143 539 166 772 561 617 537 134 510 807 184 688 923 485 39 219 490 127 892 515 538 757 451 991 477 812 
188 10 0 554 937 117 626 930 804 678 613 498 40 195 263 100 467 267 244 926 477 432 806 358 471 461 215 784 409 896 312 454 414 495 503 853 36 723 655 712 982 596 577 456 578 101 144 611 129 839 342 42 616 715 166 841 182 104 510 120 920 174 193 38 291 321 160 149 743 359 
213 553 554 0 45 303 93 797 984 956 192 333 668 522 851 855 389 330 58 100 691 44 182 825 878 310 573 969 138 795 376 547 556 377 872 899 722 290 496 846 939 1 369 220 103 563 686 996 781 450 553 531 354 877 802 364 430 572 901 128 906 253 552 123 743 511 480 518 902 881 
379 23 937 45 0 839 930 595 828 571 237 233 11 640 390 487 698 165 285 926 393 343 529 849 784 131 983 51 806 562 996 741 841 825 622 95 974 983 626 500 271 692 624 133 895 44 98 557 851 467 111 523 400 912 999 34 77 404 54 576 768 686 617 216 914 748 501 318 897 212 
843 624 117 303 839 0 30 821 869 777 489 557 497 842 437 572 182 661 896 222 468 267 839 582 588 577 872 273 904 346 424 389 341 332 732 915 430 75 300 756 90 759 511 890 107 950 363 209 895 910 896 484 506 90 867 189 330 259 335 623 61 757 852 656 828 977 764 275 461 115 
385 5 626 93 930 30 0 27 165 915 519 401 164 661 204 435 971 155 515 694 340 565 179 383 432 73 961 925 961 849 574 88 432 439 557 452 117 290 583 610 573 352 646 936 608 612 747 551 526 455 803 931 183 423 659 535 377 376 354 534 169 112 503 562 69 376 182 8 230 891 
88 346 930 797 595 821 27 0 796 804 167 616 134 833 838 626 960 164 279 458 278 585 648 420 768 12 853 700 737 724 579 471 437 820 437 719 996 642 952 856 196 925 383 998 662 125 904 523 128 872 425 385 883 333 630 467 542 571 770 359 777 615 345 315 583 168 445 173 867 785 
339 12 804 984 828 869 165 796 0 701 1000 86 40 909 212 534 316 454 302 19 360 100 557 70 457 994 898 871 726 66 60 365 622 444 161 438 362 82 844 338 427 390 907 71 737 935 974 813 388 46 757 872 591 412 260 17 596 123 875 545 779 896 785 621 641 24 793 89 776 232 
674 753 678 956 571 777 915 804 701 0 492 193 677 31 986 834 477 622 332 412 425 884 232 713 799 358 889 458 807 8 691 556 498 670 274 753 896 553 266 758 460 113 394 343 512 913 982 499 115 930 533 260 293 245 759 81 879 218 155 653 955 330 222 642 127 111 138 667 178 212 
269 680 613 192 237 489 519 167 1000 492 0 412 625 432 53 466 757 20 540 172 675 824 680 655 893 153 106 697 194 234 249 540 893 876 6 203 701 406 67 806 422 122 67 487 296 801 163 545 898 143 372 512 415 334 520 774 934 328 619 125 871 321 616 757 148 149 788 911 484 920 
203 387 498 333 233 557 401 616 86 193 412 0 594 25 333 117 811 210 153 176 510 195 498 891 919 212 567 377 468 851 121 132 190 465 501 980 747 368 682 906 444 266 738 491 454 253 335 774 356 62 790 40 92 979 350 381 332 946 982 499 256 429 99 436 757 250 273 796 903 377 
753 261 40 668 11 497 164 134 40 677 625 594 0 235 297 961 401 7 688 906 105 96 100 464 937 543 77 669 765 440 566 766 758 648 554 574 189 193 986 914 897 474 274 338 23 89 451 365 7 390 175 120 880 752 472 154 634 649 41 21 89 289 874 359 696 778 720 289 800 718 
431 787 195 522 640 842 661 833 909 31 432 25 235 0 250 200 637 602 98 292 197 781 70 340 914 641 122 31 217 396 146 693 758 114 874 161 237 678 162 254 423 989 612 5 760 961 409 898 77 74 685 73 825 642 423 594 433 242 640 12 292 107 505 903 556 618 872 121 427 656 
249 779 263 851 390 437 204 838 212 986 53 333 297 250 0 711 503 924 522 760 751 613 717 969 503 559 122 370 27 755 386 819 647 935 586 727 855 450 878 1000 904 889 630 743 236 953 131 921 522 234 41 965 590 55 725 831 893 267 14 231 886 965 813 726 465 842 249 553 943 338 
515 724 100 855 487 572 435 626 534 834 466 117 961 200 711 0 125 31 80 958 267 71 793 113 737 649 256 248 216 637 162 531 787 328 429 512 413 775 932 52 785 26 937 543 818 323 235 55 181 277 470 774 965 341 704 139 140 899 78 51 38 409 72 143 597 795 621 36 901 547 
572 136 467 389 698 182 971 960 316 477 757 811 401 637 503 125 0 771 642 426 129 393 990 797 763 3 920 770 230 522 778 38 659 857 108 351 614 635 593 66 418 213 573 536 767 310 721 331 495 853 650 638 671 478 354 817 346 233 416 613 344 540 864 58 74 437 653 634 64 621 
411 873 267 330 165 661 155 164 454 622 20 210 7 602 924 31 771 0 598 504 846 408 316 566 416 796 136 540 78 512 227 289 9 582 422 258 610 685 620 896 770 384 386 789 760 293 396 36 681 773 559 47 502 60 143 249 543 82 82 695 502 336 497 918 63 117 847 44 358 227 
585 147 244 58 285 896 515 279 302 332 540 153 688 98 522 80 642 598 0 560 108 76 274 817 219 560 819 630 804 657 8 286 124 661 927 923 108 370 141 569 259 228 293 695 142 108 930 850 790 80 853 640 426 485 47 572 168 653 90 974 574 106 389 565 500 168 497 370 764 82 
698 880 926 100 926 222 694 458 19 412 172 176 906 292 760 958 426 504 560 0 219 488 407 18 400 188 740 21 432 921 352 637 628 674 710 231 786 884 567 705 440 821 975 639 301 185 584 928 214 189 167 256 930 677 270 851 494 297 309 60 866 904 992 91 600 293 431 275 133 649 
447 44 477 691 393 468 340 278 360 425 675 510 105 197 751 267 129 846 108 219 0 986 795 403 294 932 633 96 927 126 92 537 863 462 656 896 430 929 578 127 715 854 253 1000 922 664 929 508 408 381 811 911 467 928 105 194 337 41 322 86 990 660 87 102 80 270 104 702 856 952 
253 950 432 44 343 267 565 585 100 884 824 195 96 781 613 71 393 408 76 488 986 0 911 86 298 265 632 96 333 242 630 470 734 309 5 269 378 74 672 809 308 415 44 453 271 791 911 409 932 951 529 972 202 452 809 216 488 161 210 350 883 967 507 663 345 418 593 950 740 662 
385 947 806 182 529 839 179 648 557 232 680 498 100 70 717 793 990 316 274 407 795 911 0 592 512 385 227 780 416 792 989 223 581 833 470 240 855 409 58 72 349 692 337 672 365 736 624 792 207 385 188 607 479 551 201 920 627 277 694 521 769 1 58 728 685 668 214 49 407 253 
146 351 358 825 849 582 383 420 70 713 655 891 464 340 969 113 797 566 817 18 403 86 592 0 924 158 413 456 865 774 414 924 485 824 67 881 599 898 164 572 937 616 599 880 785 174 115 747 281 57 911 822 436 238 909 582 883 37 749 410 654 531 2 53 917 669 408 415 499 358 
279 723 471 878 784 588 432 768 457 799 893 919 937 914 503 737 763 416 219 400 294 298 512 924 0 275 536 409 524 214 500 946 615 109 756 883 873 404 647 971 434 236 223 349 146 908 582 220 217 45 326 669 433 366 576 807 171 1000 368 670 643 247 517 143 769 545 515 856 877 278 
421 534 461 310 131 577 73 12 994 358 153 212 543 641 559 649 3 796 560 188 932 265 385 158 275 0 502 367 332 793 102 556 139 830 124 117 727 58 663 163 354 726 417 582 463 827 543 529 121 275 564 920 740 621 463 708 386 206 190 35 800 676 493 352 161 84 695 982 216 676 
825 901 215 573 983 872 961 853 898 889 106 567 77 122 122 256 920 136 819 740 633 632 227 413 536 502 0 597 57 181 955 123 808 938 364 480 36 399 582 377 453 642 683 64 87 972 821 486 113 243 781 289 214 817 360 871 826 544 294 518 600 887 611 24 363 861 659 983 859 460 
749 628 784 969 51 273 925 700 871 458 697 377 669 31 370 248 770 540 630 21 96 96 780 456 409 367 597 0 843 388 411 231 595 879 840 702 259 190 601 517 139 726 553 660 521 770 627 270 28 403 271 50 49 596 635 5 54 326 73 984 824 931 447 673 773 335 784 864 304 627 
873 666 409 138 806 904 961 737 726 807 194 468 765 217 27 216 230 78 804 432 927 333 416 865 524 332 57 843 0 40 295 788 168 497 668 916 21 813 988 750 578 205 874 720 709 974 298 872 432 785 615 616 411 566 800 579 785 454 79 19 248 722 483 800 42 486 868 981 24 736 
903 142 896 795 562 346 849 724 66 8 234 851 440 396 755 637 522 512 657 921 126 242 792 774 214 793 181 388 40 0 446 679 634 41 352 147 899 674 353 824 796 431 62 624 855 288 740 910 258 334 333 493 268 226 59 831 924 117 503 719 52 885 701 845 613 202 453 120 344 452 
545 176 312 376 996 424 574 579 60 691 249 121 566 146 386 162 778 227 8 352 92 630 989 414 500 102 955 411 295 446 0 999 376 712 746 576 902 344 490 469 495 863 983 309 490 489 151 535 323 860 196 461 438 527 263 466 197 262 625 637 899 1000 221 226 375 579 943 585 348 328 
724 832 454 547 741 389 88 471 365 556 540 132 766 693 819 531 38 289 286 637 537 470 223 924 946 556 123 231 788 679 999 0 412 364 9 464 839 41 659 367 210 489 227 965 965 382 132 350 5 517 971 298 784 51 289 783 309 562 437 705 339 763 141 118 774 735 437 447 106 366 
74 784 414 556 841 341 432 437 622 498 893 190 758 758 647 787 659 9 124 628 863 734 581 485 615 139 808 595 168 634 376 412 0 710 571 100 651 772 83 975 163 507 434 90 470 820 822 91 142 41 349 712 650 770 494 486 492 446 950 119 205 721 583 514 987 724 478 606 331 532 
221 660 495 377 825 332 439 820 444 670 876 465 648 114 935 328 857 582 661 674 462 309 833 824 109 830 938 879 497 41 712 364 710 0 930 225 91 762 332 685 728 759 908 429 469 336 486 566 376 589 343 321 695 202 952 482 702 520 610 563 65 715 335 611 78 693 460 470 742 299 
322 45 503 872 622 732 557 437 161 274 6 501 554 874 586 429 108 422 927 710 656 5 470 67 756 124 364 840 668 352 746 9 571 930 0 45 974 338 291 746 1 840 557 956 426 438 332 87 7 792 238 234 357 616 862 52 835 325 524 931 616 488 193 667 253 499 945 303 217 487 
728 275 853 899 95 915 452 719 438 753 203 980 574 161 727 512 351 258 923 231 896 269 240 881 883 117 480 702 916 147 576 464 100 225 45 0 881 583 168 391 82 830 83 703 808 631 443 867 990 252 307 641 438 26 831 847 469 529 739 530 724 481 470 334 825 726 449 197 797 404 
371 796 36 722 974 430 117 996 362 896 701 747 189 237 855 413 614 610 108 786 430 378 855 599 873 727 36 259 21 899 902 839 651 91 974 881 0 514 186 799 112 354 279 760 151 266 93 641 628 190 519 825 853 414 912 973 396 444 334 33 12 727 952 490 230 232 669 201 965 858 
147 958 723 290 983 75 290 642 82 553 406 368 193 678 450 775 635 685 370 884 929 74 409 898 404 58 399 190 813 674 344 41 772 762 338 583 514 0 232 270 819 702 78 173 107 346 228 763 800 694 960 149 167 546 269 509 248 148 742 37 589 19 936 689 943 656 543 248 536 744 
104 5 655 496 626 300 583 952 844 266 67 682 986 162 878 932 593 620 141 567 578 672 58 164 647 663 582 601 988 353 490 659 83 332 291 168 186 232 0 913 130 524 301 37 772 811 933 496 731 377 664 30 215 87 114 262 557 117 119 933 320 188 718 457 2 788 482 308 354 58 
208 897 712 846 500 756 610 856 338 758 806 906 914 254 1000 52 66 896 569 705 127 809 72 572 971 163 377 517 750 824 469 367 975 685 746 391 799 270 913 0 43 818 879 527 722 266 659 766 961 921 972 181 46 590 164 596 319 756 39 30 169 112 957 280 194 597 174 567 169 334 
758 878 982 939 271 90 573 196 427 460 422 444 897 423 904 785 418 770 259 440 715 308 349 937 434 354 453 139 578 796 495 210 163 728 1 82 112 819 130 43 0 992 361 520 145 464 893 907 418 586 980 532 11 272 587 610 390 632 658 809 940 153 733 219 182 497 835 549 44 383 
449 186 596 1 692 759 352 925 390 113 122 266 474 989 889 26 213 384 228 821 854 415 692 616 236 726 642 726 205 431 863 489 507 759 840 830 354 702 524 818 992 0 244 962 370 681 390 271 2 32 780 685 63 541 341 434 283 262 267 462 445 723 505 92 41 780 570 831 344 612 
151 387 577 369 624 511 646 383 907 394 67 738 274 612 630 937 573 386 293 975 253 44 337 599 223 417 683 553 874 62 983 227 434 908 557 83 279 78 301 879 361 244 0 385 976 281 843 960 526 781 216 82 558 193 972 605 87 261 963 409 10 879 414 895 426 228 720 64 432 974 
660 174 456 220 133 890 936 998 71 343 487 491 338 5 743 543 536 789 695 639 1000 453 672 880 349 582 64 660 720 624 309 965 90 429 956 703 760 173 37 527 520 962 385 0 651 658 40 209 942 307 996 522 357 653 875 19 98 603 310 461 174 60 683 516 692 404 767 806 425 485 
200 143 578 103 895 107 608 662 737 512 296 454 23 760 236 818 767 760 142 301 922 271 365 785 146 463 87 521 709 855 490 965 470 469 426 808 151 107 772 722 145 370 976 651 0 241 929 194 20 414 779 536 615 546 871 218 787 814 907 630 404 811 368 429 118 294 599 769 978 664 
389 539 101 563 44 950 612 125 935 913 801 253 89 961 953 323 310 293 108 185 664 791 736 174 908 827 972 770 974 288 489 382 820 336 438 631 266 346 811 266 464 681 281 658 241 0 353 637 370 865 666 670 409 459 695 810 132 456 604 350 51 648 689 527 132 136 155 144 697 856 
129 166 144 686 98 363 747 904 974 982 163 335 451 409 131 235 721 396 930 584 929 911 624 115 582 543 821 627 298 740 151 132 822 486 332 443 93 228 933 659 893 390 843 40 929 353 0 342 439 701 364 833 409 978 757 823 392 755 723 558 435 382 795 355 955 323 360 166 784 870 
807 772 611 996 557 209 551 523 813 499 545 774 365 898 921 55 331 36 850 928 508 409 792 747 220 529 486 270 872 910 535 350 91 566 87 867 641 763 496 766 907 271 960 209 194 637 342 0 367 224 143 26 400 388 355 464 889 327 494 676 554 886 130 928 278 389 148 529 83 432 
332 561 129 781 851 895 526 128 388 115 898 356 7 77 522 181 495 681 790 214 408 932 207 281 217 121 113 28 432 258 323 5 142 376 7 990 628 800 731 961 418 2 526 942 20 370 439 367 0 200 567 522 948 509 187 31 541 339 650 421 462 822 760 438 438 362 188 711 871 262 
813 617 839 450 467 910 455 872 46 930 143 62 390 74 234 277 853 773 80 189 381 951 385 57 45 275 243 403 785 334 860 517 41 589 792 252 190 694 377 921 586 32 781 307 414 865 701 224 200 0 787 783 406 534 400 523 791 702 21 179 47 340 271 889 912 281 170 75 303 803 
33 537 342 553 111 896 803 425 757 533 372 790 175 685 41 470 650 559 853 167 811 529 188 911 326 564 781 271 615 333 196 971 349 343 238 307 519 960 664 972 980 780 216 996 779 666 364 143 567 787 0 925 180 211 720 556 788 727 117 943 722 349 421 525 2 404 523 315 772 713 
506 134 42 531 523 484 931 385 872 260 512 40 120 73 965 774 638 47 640 256 911 972 607 822 669 920 289 50 616 493 461 298 712 321 234 641 825 149 30 181 532 685 82 522 536 670 833 26 522 783 925 0 806 731 960 459 321 786 275 732 613 350 148 706 733 52 393 912 485 650 
404 510 616 354 400 506 183 883 591 293 415 92 880 825 590 965 671 502 426 930 467 202 479 436 433 740 214 49 411 268 438 784 650 695 357 438 853 167 215 46 11 63 558 357 615 409 409 400 948 406 180 806 0 873 117 378 175 297 580 838 233 655 528 919 487 409 283 797 279 337 
730 807 715 877 912 90 423 333 412 245 334 979 752 642 55 341 478 60 485 677 928 452 551 238 366 621 817 596 566 226 527 51 770 202 616 26 414 546 87 590 272 541 193 653 546 459 978 388 509 534 211 731 873 0 796 299 506 1 932 829 47 898 512 874 160 939 75 926 55 343 
651 184 166 802 999 867 659 630 260 759 520 350 472 423 725 704 354 143 47 270 105 809 201 909 576 463 360 635 800 59 263 289 494 952 862 831 912 269 114 164 587 341 972 875 871 695 757 355 187 400 720 960 117 796 0 372 390 770 889 124 467 79 749 881 414 423 454 823 83 786 
969 688 841 364 34 189 535 467 17 81 774 381 154 594 831 139 817 249 572 851 194 216 920 582 807 708 871 5 579 831 466 783 486 482 52 847 973 509 262 596 610 434 605 19 218 810 823 464 31 523 556 459 378 299 372 0 301 831 272 704 580 605 940 674 335 806 987 999 940 460 
1 923 182 430 77 330 377 542 596 879 934 332 634 433 893 140 346 543 168 494 337 488 627 883 171 386 826 54 785 924 197 309 492 702 835 469 396 248 557 319 390 283 87 98 787 132 392 889 541 791 788 321 175 506 390 301 0 540 912 94 355 328 170 548 806 435 24 450 27 770 
957 485 104 572 404 259 376 571 123 218 328 946 649 242 267 899 233 82 653 297 41 161 277 37 1000 206 544 326 454 117 262 562 446 520 325 529 444 148 117 756 632 262 261 603 814 456 755 327 339 702 727 786 297 1 770 831 540 0 74 374 927 384 219 516 784 220 285 722 217 218 
879 39 510 901 54 335 354 770 875 155 619 982 41 640 14 78 416 82 90 309 322 210 694 749 368 190 294 73 79 503 625 437 950 610 524 739 334 742 119 39 658 267 963 310 907 604 723 494 650 21 117 275 580 932 889 272 912 74 0 503 826 795 74 310 977 409 1 941 419 201 
182 219 120 128 576 623 534 359 545 653 125 499 21 12 231 51 613 695 974 60 86 350 521 410 670 35 518 984 19 719 637 705 119 563 931 530 33 37 933 30 809 462 409 461 630 350 558 676 421 179 943 732 838 829 124 704 94 374 503 0 717 380 643 394 210 413 85 28 30 251 
952 490 920 906 768 61 169 777 779 955 871 256 89 292 886 38 344 502 574 866 990 883 769 654 643 800 600 824 248 52 899 339 205 65 616 724 12 589 320 169 940 445 10 174 404 51 435 554 462 47 722 613 233 47 467 580 355 927 826 717 0 937 380 183 537 19 916 480 174 576 
591 127 174 253 686 757 112 615 896 330 321 429 289 107 965 409 540 336 106 904 660 967 1 531 247 676 887 931 722 885 1000 763 721 715 488 481 727 19 188 112 153 723 879 60 811 648 382 886 822 340 349 350 655 898 79 605 328 384 795 380 937 0 698 626 951 937 486 49 528 962 
478 892 193 552 617 852 503 345 785 222 616 99 874 505 813 72 864 497 389 992 87 507 58 2 517 493 611 447 483 701 221 141 583 335 193 470 952 936 718 957 733 505 414 683 368 689 795 130 760 271 421 148 528 512 749 940 170 219 74 643 380 698 0 619 466 219 942 267 184 79 
802 515 38 123 216 656 562 315 621 642 757 436 359 903 726 143 58 918 565 91 102 663 728 53 143 352 24 673 800 845 226 118 514 611 667 334 490 689 457 280 219 92 895 516 429 527 355 928 438 889 525 706 919 874 881 674 548 516 310 394 183 626 619 0 966 15 222 58 461 325 
893 538 291 743 914 828 69 583 641 127 148 757 696 556 465 597 74 63 500 600 80 345 685 917 769 161 363 773 42 613 375 774 987 78 253 825 230 943 2 194 182 41 426 692 118 132 955 278 438 912 2 733 487 160 414 335 806 784 977 210 537 951 466 966 0 836 465 127 503 955 
91 757 321 511 748 977 376 168 24 111 149 250 778 618 842 795 437 117 168 293 270 418 668 669 545 84 861 335 486 202 579 735 724 693 499 726 232 656 788 597 497 780 228 404 294 136 323 389 362 281 404 52 409 939 423 806 435 220 409 413 19 937 219 15 836 0 702 556 509 533 
406 451 160 480 501 764 182 445 793 138 788 273 720 872 249 621 653 847 497 431 104 593 214 408 515 695 659 784 868 453 943 437 478 460 945 449 669 543 482 174 835 570 720 767 599 155 360 148 188 170 523 393 283 75 454 987 24 285 1 85 916 486 942 222 465 702 0 139 532 310 
498 991 149 518 318 275 8 173 89 667 911 796 289 121 553 36 634 44 370 275 702 950 49 415 856 982 983 864 981 120 585 447 606 470 303 197 201 248 308 567 549 831 64 806 769 144 166 529 711 75 315 912 797 926 823 999 450 722 941 28 480 49 267 58 127 556 139 0 597 708 
806 477 743 902 897 461 230 867 776 178 484 903 800 427 943 901 64 358 764 133 856 740 407 499 877 216 859 304 24 344 348 106 331 742 217 797 965 536 354 169 44 344 432 425 978 697 784 83 871 303 772 485 279 55 83 940 27 217 419 30 174 528 184 461 503 509 532 597 0 221 
194 812 359 881 212 115 891 785 232 212 920 377 718 656 338 547 621 227 82 649 952 662 253 358 278 676 460 627 736 452 328 366 532 299 487 404 858 744 58 334 383 612 974 485 664 856 870 432 262 803 713 650 337 343 786 460 770 218 201 251 576 962 79 325 955 533 310 708 221 0 
0 955 887 479 768 536 412 695 369 775 372 237 470 655 650 723 632 313 938 523 921 93 278 463 413 772 135 392 904 354 776 278 668 681 491 598 529 606 70 918 786 787 935 624 653 204 703 387 522 743 212 518 321 518 148 726 64 647 296 776 160 175 179 53 762 913 762 301 327 100 
955 0 21 872 717 769 826 207 718 175 618 512 767 174 983 779 717 476 883 291 581 176 746 119 86 668 559 334 772 413 892 334 273 472 383 456 65 256 307 754 988 709 467 544 569 36 717 890 222 643 447 43 711 92 526 164 433 457 675 207 717 902 718 388 666 125 795 43 825 333 
887 21 0 51 946 224 560 26 252 310 802 413 374 239 855 760 72 849 238 541 803 887 361 392 944 28 784 398 328 676 26 287 598 271 828 560 943 65 316 624 430 11 497 161 140 667 85 14 961 701 583 891 680 683 838 615 697 981 537 958 726 380 824 323 596 349 435 116 493 944 
479 872 51 0 522 423 880 492 732 373 430 995 321 714 266 328 819 261 43 27 677 121 609 464 653 550 633 707 624 252 552 230 649 292 512 288 860 420 918 290 301 563 626 436 554 435 599 122 608 705 871 577 711 815 330 640 277 545 200 323 614 810 738 45 769 672 389 339 915 153 
768 717 946 522 0 933 879 143 633 171 886 630 336 647 283 397 522 116 625 841 696 76 485 5 310 166 279 228 623 212 773 419 345 951 472 941 928 726 353 546 205 724 563 134 689 180 228 41 695 682 299 987 23 129 359 438 888 549 388 902 667 185 849 510 124 473 862 953 135 704 
536 769 224 423 933 0 764 652 236 598 919 884 873 421 408 308 25 190 405 532 113 57 386 512 268 132 811 578 99 930 233 66 221 849 689 442 973 15 270 727 681 128 552 720 382 779 685 180 131 943 260 483 322 528 183 755 70 464 141 174 904 594 88 654 170 835 571 903 106 194 
412 826 560 880 879 764 0 230 469 310 583 178 658 149 908 765 572 988 916 359 863 708 539 638 895 889 786 395 574 780 799 519 569 410 226 513 656 163 637 912 503 364 448 944 655 816 984 289 963 447 640 680 84 78 159 397 744 153 41 722 591 349 945 545 72 757 575 895 983 190 
695 207 26 492 143 652 230 0 471 3 13 932 3 332 714 20 135 611 939 826 599 858 265 263 187 7 691 173 458 298 798 326 25 719 436 35 841 646 884 597 626 478 910 730 215 990 600 874 722 851 637 977 536 654 88 16 696 435 799 69 694 284 756 62 405 948 721 288 622 5 
369 718 252 732 633 236 469 471 0 241 35 492 880 972 891 681 845 325 951 316 697 979 114 978 36 464 754 178 922 784 952 976 742 681 341 190 629 112 221 790 213 450 98 174 967 541 980 5 86 539 617 457 515 704 131 360 835 939 898 326 706 248 331 429 5 434 501 376 125 209 
775 175 310 373 171 598 310 3 241 0 807 369 303 472 372 643 150 612 274 901 494 4 708 743 928 383 864 408 961 901 870 385 105 882 922 729 63 354 398 223 755 742 602 852 401 968 616 669 779 581 588 642 871 699 73 65 363 693 615 719 84 73 9 606 145 862 300 314 532 412 
372 618 802 430 886 919 583 13 35 807 0 199 633 124 439 689 720 79 970 966 157 905 980 785 30 450 491 843 816 326 15 260 363 279 886 965 247 386 972 288 221 19 564 68 167 737 92 279 499 865 509 460 216 61 304 146 846 412 658 800 872 644 193 896 873 346 376 391 131 892 
237 512 413 995 630 884 178 932 492 369 199 0 87 624 291 58 701 44 921 412 410 998 835 536 750 828 952 69 762 130 338 463 781 68 3 687 216 567 465 492 158 544 882 155 418 125 143 64 78 529 314 138 183 211 830 990 631 51 277 304 852 988 201 135 533 886 716 344 862 279 
470 767 374 321 336 873 658 3 880 303 633 87 0 753 423 394 358 506 702 614 988 258 769 466 803 166 876 407 427 824 641 802 712 836 132 352 358 986 341 192 159 115 979 204 230 620 223 440 365 376 644 752 999 927 18 583 776 424 770 310 19 39 474 595 24 20 810 718 308 387 
655 174 239 714 647 421 149 332 972 472 124 624 753 0 560 803 578 416 463 684 263 47 624 664 433 285 9 626 395 854 650 956 381 840 394 734 629 948 435 587 219 684 517 79 330 623 151 645 894 146 328 524 519 480 765 557 21 631 434 310 612 220 371 761 732 669 891 802 645 736 
650 983 855 266 283 408 908 714 891 372 439 291 423 560 0 707 344 888 105 759 168 404 233 234 668 730 920 277 307 107 310 163 875 708 356 381 853 156 972 480 178 854 605 246 577 394 237 111 660 271 648 334 642 586 417 571 354 714 658 45 864 927 996 293 132 863 784 256 625 547 
723 779 760 328 397 308 765 20 681 643 689 58 394 803 707 0 591 515 120 928 88 843 274 927 249 10 507 890 817 613 413 400 345 204 570 262 509 366 627 461 933 91 412 403 216 94 494 916 723 478 301 15 36 120 608 490 301 299 782 33 747 526 175 857 311 428 845 771 289 648 
632 717 72 819 522 25 572 135 845 150 720 701 358 578 344 591 0 522 229 724 368 636 409 105 177 580 937 183 443 628 614 79 404 85 356 842 197 18 117 43 76 439 361 371 739 131 96 490 866 542 312 450 666 29 402 753 489 471 650 443 760 335 900 133 111 782 385 28 557 638 
313 476 849 261 116 190 988 611 325 612 79 44 506 416 888 515 522 0 684 385 79 438 384 580 891 803 931 12 757 195 317 91 924 561 715 229 458 34 759 825 316 857 78 405 839 166 844 785 532 68 440 181 722 566 286 969 115 422 449 838 825 497 678 878 133 870 954 1000 100 339 
938 883 238 43 625 405 916 939 951 274 970 921 702 463 105 120 229 684 0 950 161 740 860 552 339 394 708 278 497 507 915 801 117 813 842 655 605 437 71 950 1 797 580 92 827 995 686 733 748 189 242 563 680 343 489 734 161 956 801 923 494 772 472 129 557 962 175 257 5 592 
523 291 541 27 841 532 359 826 316 901 966 412 614 684 759 928 724 385 950 0 690 400 66 506 183 380 203 788 837 295 26 224 218 969 789 979 550 422 780 10 61 903 427 785 15 751 436 837 147 729 325 726 582 504 370 644 275 321 669 367 668 975 925 256 327 431 151 919 645 711 
921 581 803 677 696 113 863 599 697 494 157 410 988 263 168 88 368 79 161 690 0 177 596 41 444 273 285 220 393 331 435 274 543 181 265 618 82 955 446 887 873 227 793 494 920 677 418 768 755 785 430 933 275 372 297 842 433 835 675 116 628 339 735 99 785 131 328 663 487 698 
93 176 887 121 76 57 708 858 979 4 905 998 258 47 404 843 636 438 740 400 177 0 629 554 415 567 82 569 832 40 407 650 787 565 602 467 97 965 25 95 943 974 945 751 579 852 106 933 83 13 454 249 776 408 326 660 3 440 801 10 293 612 129 208 831 797 766 243 861 670 
278 746 361 609 485 386 539 265 114 708 980 835 769 624 233 274 409 384 860 66 596 629 0 976 844 948 184 453 43 402 790 404 617 916 609 300 228 523 585 66 652 758 207 578 981 90 424 554 560 6 764 603 976 435 535 379 582 16 55 62 921 909 216 635 646 746 714 84 737 306 
463 119 392 464 5 512 638 263 978 743 785 536 466 664 234 927 105 580 552 506 41 554 976 0 526 381 402 201 660 561 574 691 767 393 359 182 575 374 570 946 338 799 439 643 736 721 511 878 380 734 222 124 396 969 20 114 327 751 690 865 309 539 15 159 64 594 884 798 587 353 
413 86 944 653 310 268 895 187 36 928 30 750 803 433 668 249 177 891 339 183 444 415 844 526 0 77 594 986 744 985 542 594 753 949 896 994 270 225 791 150 110 336 822 929 686 134 726 805 69 852 568 7 58 111 972 962 801 464 588 278 139 555 882 885 35 566 184 556 905 771 
772 668 28 550 166 132 889 7 464 383 450 828 166 285 730 10 580 803 394 380 273 567 948 381 77 0 806 621 689 206 447 457 216 983 732 208 395 443 662 362 134 208 444 379 305 999 704 773 651 264 224 665 554 809 37 241 772 981 435 522 480 606 840 425 790 874 924 759 676 383 
135 559 784 633 279 811 786 691 754 864 491 952 876 9 920 507 937 931 708 203 285 82 184 402 594 806 0 1 865 887 92 818 26 385 531 604 533 881 406 683 138 826 672 507 74 487 930 251 417 84 106 938 659 712 644 14 726 405 847 167 735 172 247 684 531 683 250 707 942 486 
392 334 398 707 228 578 395 173 178 408 843 69 407 626 277 890 183 12 278 788 220 569 453 201 986 621 1 0 230 669 814 452 651 247 371 323 25 758 309 776 998 304 111 34 970 887 753 551 376 447 789 811 11 974 747 899 473 544 573 423 545 281 863 237 18 122 628 463 297 963 
904 772 328 624 623 99 574 458 922 961 816 762 427 395 307 817 443 757 497 837 393 832 43 660 744 689 865 230 0 419 402 734 543 997 720 130 947 735 999 490 471 721 234 912 577 324 966 230 7 828 988 369 598 481 666 875 824 260 444 211 112 117 423 720 202 715 787 724 328 493 
354 413 676 252 212 930 780 298 784 901 326 130 824 854 107 613 628 195 507 295 331 40 402 561 985 206 887 669 419 0 52 519 163 127 438 777 651 850 30 723 274 974 656 411 36 830 703 948 501 848 211 932 191 171 651 900 768 916 447 984 524 298 399 378 865 948 243 939 468 538 
776 892 26 552 773 233 799 798 952 870 15 338 641 650 310 413 614 317 915 26 435 407 790 574 542 447 92 814 402 52 0 677 450 962 28 676 730 662 52 951 86 279 316 186 543 106 507 733 345 950 365 400 259 144 526 226 587 525 739 725 27 415 691 842 915 576 573 824 836 101 
278 334 287 230 419 66 519 326 976 385 260 463 802 956 163 400 79 91 801 224 274 650 404 691 594 457 818 452 734 519 677 0 750 601 99 302 608 811 235 54 258 587 357 188 669 141 384 949 182 565 109 880 558 413 110 186 656 382 599 686 451 447 811 272 168 635 613 151 364 456 
668 273 598 649 345 221 569 25 742 105 363 781 712 381 875 345 404 924 117 218 543 787 617 767 753 216 26 651 543 163 450 750 0 858 164 58 442 566 846 693 102 281 921 181 337 8 127 610 560 964 950 84 699 707 550 139 406 702 174 407 843 711 568 429 902 739 204 537 261 414 
681 472 271 292 951 849 410 719 681 882 279 68 836 840 708 204 85 561 813 969 181 565 916 393 949 983 385 247 997 127 962 601 858 0 992 18 183 617 113 888 693 739 70 20 749 628 469 840 177 673 710 948 859 351 380 629 15 840 908 411 637 59 700 475 509 676 690 910 410 772 
491 383 828 512 472 689 226 436 341 922 886 3 132 394 356 570 356 715 842 789 265 602 609 359 896 732 531 371 720 438 28 99 164 992 0 716 48 382 535 688 414 730 703 988 299 857 224 890 224 136 976 384 968 327 957 605 601 317 512 628 313 668 316 372 415 679 66 643 783 609 
598 456 560 288 941 442 513 35 190 729 965 687 352 734 381 262 842 229 655 979 618 467 300 182 994 208 604 323 130 777 676 302 58 18 716 0 123 609 939 209 328 198 442 667 232 807 466 94 489 124 939 486 266 23 827 93 750 578 88 299 763 727 545 725 232 339 561 323 679 366 
529 65 943 860 928 973 656 841 629 63 247 216 358 629 853 509 197 458 605 550 82 97 228 575 270 395 533 25 947 651 730 608 442 183 48 123 0 619 405 725 203 826 679 675 757 987 492 982 755 87 943 319 183 56 442 975 248 868 270 130 985 793 66 328 685 819 270 760 144 394 
606 256 65 420 726 15 163 646 112 354 386 567 986 948 156 366 18 34 437 422 955 965 523 374 225 443 881 758 735 850 662 811 566 617 382 609 619 0 787 548 703 784 323 580 571 808 453 221 926 498 158 676 25 77 218 498 908 935 942 248 723 663 387 719 806 1000 958 725 620 801 
70 307 316 918 353 270 637 884 221 398 972 465 341 435 972 627 117 759 71 780 446 25 585 570 791 662 406 309 999 30 52 235 846 113 535 939 405 787 0 546 794 359 774 629 781 202 282 914 419 465 757 216 606 13 663 782 541 853 232 818 711 987 624 383 233 337 996 630 318 202 
918 754 624 290 546 727 912 597 790 223 288 492 192 587 480 461 43 825 950 10 887 95 66 946 150 362 683 776 490 723 951 54 693 888 688 209 725 548 546 0 939 803 793 386 494 411 382 381 4 283 134 634 679 37 947 7 36 801 672 907 549 93 57 412 233 595 811 460 528 246 
786 988 430 301 205 681 503 626 213 755 221 158 159 219 178 933 76 316 1 61 873 943 652 338 110 134 138 998 471 274 86 258 102 693 414 328 203 703 794 939 0 689 68 518 926 881 193 62 908 203 86 615 603 572 55 69 464 489 652 597 445 45 892 143 1000 499 929 861 908 323 
787 709 11 563 724 128 364 478 450 742 19 544 115 684 854 91 439 857 797 903 227 974 758 799 336 208 826 304 721 974 279 587 281 739 730 198 826 784 359 803 689 0 721 892 396 695 888 559 868 755 904 731 810 121 853 195 861 374 103 898 700 143 403 471 189 21 459 248 590 475 
935 467 497 626 563 552 448 910 98 602 564 882 979 517 605 412 361 78 580 427 793 945 207 439 822 444 672 111 234 656 316 357 921 70 703 442 679 323 774 793 68 721 0 476 846 535 426 19 971 588 815 514 490 317 964 660 824 205 829 629 738 628 745 197 13 540 618 617 894 623 
624 544 161 436 134 720 944 730 174 852 68 155 204 79 246 403 371 405 92 785 494 751 578 643 929 379 507 34 912 411 186 188 181 20 988 667 675 580 629 386 518 892 476 0 780 471 260 339 903 856 892 633 616 671 9 999 923 638 581 372 633 624 963 618 766 582 118 622 805 940 
653 569 140 554 689 382 655 215 967 401 167 418 230 330 577 216 739 839 827 15 920 579 981 736 686 305 74 970 577 36 543 669 337 749 299 232 757 571 781 494 926 396 846 780 0 212 357 439 802 800 668 89 916 814 405 518 549 653 532 558 892 422 183 283 713 289 944 855 86 214 
204 36 667 435 180 779 816 990 541 968 737 125 620 623 394 94 131 166 995 751 677 852 90 721 134 999 487 887 324 830 106 141 8 628 857 807 987 808 202 411 881 695 535 471 212 0 884 585 931 350 93 401 826 45 9 923 291 865 223 266 908 615 301 58 357 391 472 135 698 820 
703 717 85 599 228 685 984 600 980 616 92 143 223 151 237 494 96 844 686 436 418 106 424 511 726 704 930 753 966 703 507 384 127 469 224 466 492 453 282 382 193 888 426 260 357 884 0 76 838 572 418 832 60 914 800 292 249 822 592 648 941 725 576 622 157 99 554 255 486 101 
387 890 14 122 41 180 289 874 5 669 279 64 440 645 111 916 490 785 733 837 768 933 554 878 805 773 251 551 230 948 733 949 610 840 890 94 982 221 914 381 62 559 19 339 439 585 76 0 862 294 779 111 162 77 563 305 174 885 530 705 6 941 788 790 834 266 438 277 919 830 
522 222 961 608 695 131 963 722 86 779 499 78 365 894 660 723 866 532 748 147 755 83 560 380 69 651 417 376 7 501 345 182 560 177 224 489 755 926 419 4 908 868 971 903 802 931 838 862 0 433 46 91 25 15 149 251 323 304 614 980 77 409 40 679 737 381 310 952 736 202 
743 643 701 705 682 943 447 851 539 581 865 529 376 146 271 478 542 68 189 729 785 13 6 734 852 264 84 447 828 848 950 565 964 673 136 124 87 498 465 283 203 755 588 856 800 350 572 294 433 0 442 978 38 25 144 305 39 90 639 465 771 238 993 661 184 231 881 722 232 641 
212 447 583 871 299 260 640 637 617 588 509 314 644 328 648 301 312 440 242 325 430 454 764 222 568 224 106 789 988 211 365 109 950 710 976 939 943 158 757 134 86 904 815 892 668 93 418 779 46 442 0 510 309 123 247 295 843 123 64 234 440 930 833 88 728 99 109 769 243 47 
518 43 891 577 987 483 680 977 457 642 460 138 752 524 334 15 450 181 563 726 933 249 603 124 7 665 938 811 369 932 400 880 84 948 384 486 319 676 216 634 615 731 514 633 89 401 832 111 91 978 510 0 416 803 208 251 438 703 932 951 992 345 318 104 539 806 74 856 520 179 
321 711 680 711 23 322 84 536 515 871 216 183 999 519 642 36 666 722 680 582 275 776 976 396 58 554 659 11 598 191 259 558 699 859 968 266 183 25 606 679 603 810 490 616 916 826 60 162 25 38 309 416 0 717 633 637 202 429 915 668 845 94 831 119 700 25 309 647 894 198 
518 92 683 815 129 528 78 654 704 699 61 211 927 480 586 120 29 566 343 504 372 408 435 969 111 809 712 974 481 171 144 413 707 351 327 23 56 77 13 37 572 121 317 671 814 45 914 77 15 25 123 803 717 0 689 6 373 90 926 306 427 859 173 222 306 996 376 370 661 793 
148 526 838 330 359 183 159 88 131 73 304 830 18 765 417 608 402 286 489 370 297 326 535 20 972 37 644 747 666 651 526 110 550 380 957 827 442 218 663 947 55 853 964 9 405 9 800 563 149 144 247 208 633 689 0 994 819 627 973 786 844 546 361 219 988 154 222 729 830 384 
726 164 615 640 438 755 397 16 360 65 146 990 583 557 571 490 753 969 734 644 842 660 379 114 962 241 14 899 875 900 226 186 139 629 605 93 975 498 782 7 69 195 660 999 518 923 292 305 251 305 295 251 637 6 994 0 171 609 619 296 15 799 274 517 541 527 701 202 884 779 
64 433 697 277 888 70 744 696 835 363 846 631 776 21 354 301 489 115 161 275 433 3 582 327 801 772 726 473 824 768 587 656 406 15 601 750 248 908 541 36 464 861 824 923 549 291 249 174 323 39 843 438 202 373 819 171 0 269 456 164 974 232 657 295 824 985 108 934 127 719 
647 457 981 545 549 464 153 435 939 693 412 51 424 631 714 299 471 422 956 321 835 440 16 751 464 981 405 544 260 916 525 382 702 840 317 578 868 935 853 801 489 374 205 638 653 865 822 885 304 90 123 703 429 90 627 609 269 0 470 956 892 412 6 607 664 903 684 392 171 908 
296 675 537 200 388 141 41 799 898 615 658 277 770 434 658 782 650 449 801 669 675 801 55 690 588 435 847 573 444 447 739 599 174 908 512 88 270 942 232 672 652 103 829 581 532 223 592 530 614 639 64 932 915 926 973 619 456 470 0 35 197 185 405 60 236 790 958 228 602 570 
776 207 958 323 902 174 722 69 326 719 800 304 310 310 45 33 443 838 923 367 116 10 62 865 278 522 167 423 211 984 725 686 407 411 628 299 130 248 818 907 597 898 629 372 558 266 648 705 980 465 234 951 668 306 786 296 164 956 35 0 483 404 262 335 24 759 144 428 8 1000 
160 717 726 614 667 904 591 694 706 84 872 852 19 612 864 747 760 825 494 668 628 293 921 309 139 480 735 545 112 524 27 451 843 637 313 763 985 723 711 549 445 700 738 633 892 908 941 6 77 771 440 992 845 427 844 15 974 892 197 483 0 648 616 207 523 642 358 238 811 643 
175 902 380 810 185 594 349 284 248 73 644 988 39 220 927 526 335 497 772 975 339 612 909 539 555 606 172 281 117 298 415 447 711 59 668 727 793 663 987 93 45 143 628 624 422 615 725 941 409 238 930 345 94 859 546 799 232 412 185 404 648 0 807 183 488 181 372 827 662 797 
179 718 824 738 849 88 945 756 331 9 193 201 474 371 996 175 900 678 472 925 735 129 216 15 882 840 247 863 423 399 691 811 568 700 316 545 66 387 624 57 892 403 745 963 183 301 576 788 40 993 833 318 831 173 361 274 657 6 405 262 616 807 0 114 502 992 996 854 851 211 
53 388 323 45 510 654 545 62 429 606 896 135 595 761 293 857 133 878 129 256 99 208 635 159 885 425 684 237 720 378 842 272 429 475 372 725 328 719 383 412 143 471 197 618 283 58 622 790 679 661 88 104 119 222 219 517 295 607 60 335 207 183 114 0 525 634 282 796 68 42 
762 666 596 769 124 170 72 405 5 145 873 533 24 732 132 311 111 133 557 327 785 831 646 64 35 790 531 18 202 865 915 168 902 509 415 232 685 806 233 233 1000 189 13 766 713 357 157 834 737 184 728 539 700 306 988 541 824 664 236 24 523 488 502 525 0 319 768 90 723 465 
913 125 349 672 473 835 757 948 434 862 346 886 20 669 863 428 782 870 962 431 131 797 746 594 566 874 683 122 715 948 576 635 739 676 679 339 819 1000 337 595 499 21 540 582 289 391 99 266 381 231 99 806 25 996 154 527 985 903 790 759 642 181 992 634 319 0 746 11 149 346 
762 795 435 389 862 571 575 721 501 300 376 716 810 891 784 845 385 954 175 151 328 766 714 884 184 924 250 628 787 243 573 613 204 690 66 561 270 958 996 811 929 459 618 118 944 472 554 438 310 881 109 74 309 376 222 701 108 684 958 144 358 372 996 282 768 746 0 13 229 29 
301 43 116 339 953 903 895 288 376 314 391 344 718 802 256 771 28 1000 257 919 663 243 84 798 556 759 707 463 724 939 824 151 537 910 643 323 760 725 630 460 861 248 617 622 855 135 255 277 952 722 769 856 647 370 729 202 934 392 228 428 238 827 854 796 90 11 13 0 362 460 
327 825 493 915 135 106 983 622 125 532 131 862 308 645 625 289 557 100 5 645 487 861 737 587 905 676 942 297 328 468 836 364 261 410 783 679 144 620 318 528 908 590 894 805 86 698 486 919 736 232 243 520 894 661 830 884 127 171 602 8 811 662 851 68 723 149 229 362 0 241 
100 333 944 153 704 194 190 5 209 412 892 279 387 736 547 648 638 339 592 711 698 670 306 353 771 383 486 963 493 538 101 456 414 772 609 366 394 801 202 246 323 475 623 940 214 820 101 830 202 641 47 179 198 793 384 779 719 908 570 1000 643 797 211 42 465 346 29 460 241 0 
0 738 492 337 578 636 191 858 768 585 479 892 489 845 542 900 325 226 639 396 625 157 34 259 573 827 250 176 877 317 885 367 724 551 437 741 618 86 67 873 259 725 842 545 912 329 899 412 764 735 276 623 4 98 141 743 243 161 811 778 132 491 622 397 963 965 843 633 342 353 
738 0 139 852 756 822 835 531 633 198 551 349 682 70 745 750 1 595 347 348 745 58 698 92 507 646 889 368 659 53 835 623 171 118 919 764 107 731 113 226 992 483 512 254 510 105 709 827 535 708 523 30 879 675 167 85 176 492 663 235 611 899 151 418 425 378 274 90 832 318 
492 139 0 284 523 890 830 19 190 209 621 337 835 97 476 910 142 723 186 120 450 816 274 513 438 35 950 413 20 935 580 102 59 523 637 437 611 64 458 385 702 117 510 57 431 440 146 231 906 109 342 729 732 203 554 59 348 805 995 694 142 784 698 296 811 462 333 220 146 948 
337 852 284 0 365 614 928 215 189 89 295 851 26 784 621 384 764 358 333 262 582 16 595 345 381 447 498 578 674 612 373 277 561 247 201 255 587 913 888 160 871 595 743 649 642 270 719 616 222 842 886 566 436 773 229 883 421 578 446 412 507 791 786 128 697 712 427 138 652 655 
578 756 523 365 0 973 702 15 469 354 818 219 485 677 413 658 330 481 387 739 883 809 604 31 328 499 690 647 621 799 991 663 525 995 709 489 731 491 236 940 133 733 591 342 622 918 294 292 290 474 502 819 125 274 490 482 659 783 229 662 508 463 178 100 7 630 680 530 711 552 
636 822 890 614 973 0 795 378 60 918 752 115 988 560 108 872 167 274 825 618 412 330 500 950 429 429 850 385 227 944 194 338 215 675 700 173 912 71 473 570 32 338 97 723 274 511 865 138 397 762 87 475 251 123 495 181 445 416 676 162 516 322 120 444 84 649 339 175 490 518 
191 835 830 928 702 795 0 674 620 647 258 140 395 602 117 592 16 816 682 107 929 967 562 935 402 308 785 287 322 669 234 350 402 590 614 257 748 481 940 641 308 891 60 836 446 782 715 89 828 735 807 578 303 584 575 616 906 537 412 136 41 596 662 280 358 949 901 976 934 817 
