5 4
0 1 862 105 5 
1 0 100 377 177 
862 100 0 804 728 
105 377 804 0 463 
5 177 728 463 0 
0 173 699 576 295 
173 0 492 529 651 
699 492 0 124 600 
576 529 124 0 624 
295 651 600 624 0 
0 101 187 723 103 
101 0 668 524 695 
187 668 0 393 402 
723 524 393 0 622 
103 695 402 622 0 
0 598 514 982 932 
598 0 991 605 852 
514 991 0 718 111 
982 605 718 0 419 
932 852 111 419 0 
0 806 733 256 978 
806 0 822 12 343 
733 822 0 950 778 
256 12 950 0 637 
978 343 778 637 0 
