6 2
0 774 34 397 940 378 
774 0 654 5 8 425 
34 654 0 177 493 205 
397 5 177 0 420 349 
940 8 493 420 0 958 
378 425 205 349 958 0 
0 476 714 60 39 810 
476 0 735 344 221 224 
714 735 0 590 492 765 
60 344 590 0 188 954 
39 221 492 188 0 883 
810 224 765 954 883 0 
0 608 477 634 915 301 
608 0 287 160 733 845 
477 287 0 475 668 772 
634 160 475 0 771 499 
915 733 668 771 0 723 
301 845 772 499 723 0 
