50 3
0 370 414 515 363 386 22 327 909 500 422 102 296 620 494 256 355 909 721 598 169 791 930 4 479 677 161 739 860 296 100 37 660 912 826 954 20 586 429 680 980 749 570 268 336 408 21 616 832 674 
370 0 394 315 397 836 816 921 312 84 358 30 402 430 895 964 899 598 402 128 553 637 814 425 153 855 495 733 417 996 818 331 796 131 422 408 868 789 676 971 400 724 537 647 271 674 792 416 83 375 
414 394 0 810 848 831 61 860 861 152 534 676 677 972 525 886 786 404 91 965 616 824 354 121 517 8 126 876 43 134 149 628 458 27 264 192 767 167 275 922 518 573 805 984 720 837 208 495 577 477 
515 315 810 0 369 69 85 501 22 229 689 392 173 971 943 284 556 146 607 555 538 947 511 429 954 925 476 916 131 952 867 721 73 264 642 997 396 857 289 624 748 715 35 877 942 920 526 811 779 101 
363 397 848 369 0 903 614 886 551 990 197 153 567 647 773 135 8 61 507 864 621 955 838 374 342 964 244 347 214 926 27 437 270 98 635 784 694 344 877 640 381 975 798 719 441 975 55 88 424 985 
386 836 831 69 903 0 706 668 565 403 472 894 581 446 397 900 887 287 407 719 279 113 797 603 652 687 300 282 168 213 625 39 231 803 386 263 19 814 594 874 610 3 248 238 185 958 917 533 742 11 
22 816 61 85 614 706 0 702 156 818 709 814 314 881 324 827 410 723 900 488 903 600 777 419 763 158 938 844 83 638 546 580 677 694 113 276 855 94 700 477 336 960 511 523 849 725 60 348 258 197 
327 921 860 501 886 668 702 0 581 604 73 294 526 803 207 363 518 844 733 622 705 506 486 476 826 841 635 598 404 469 235 774 365 372 766 109 94 954 725 995 173 251 451 783 835 743 994 946 640 344 
909 312 861 22 551 565 156 581 0 977 491 242 904 200 993 594 528 617 223 152 707 410 566 218 162 846 756 881 483 741 72 520 88 804 599 153 319 692 580 679 977 299 314 491 199 702 656 343 961 756 
500 84 152 229 990 403 818 604 977 0 717 833 672 85 186 404 71 258 836 162 626 164 229 114 536 447 933 197 615 391 603 942 32 122 401 809 225 437 423 562 765 263 541 503 661 794 79 511 352 640 
422 358 534 689 197 472 709 73 491 717 0 900 42 897 241 676 127 349 108 499 179 231 674 234 433 684 387 521 211 404 522 390 665 186 895 49 227 454 689 260 274 395 623 829 758 322 117 62 672 389 
102 30 676 392 153 894 814 294 242 833 900 0 833 910 187 410 74 126 30 553 166 941 432 606 706 306 32 29 51 555 476 505 407 6 232 267 743 361 709 878 495 624 377 71 366 434 165 327 199 116 
296 402 677 173 567 581 314 526 904 672 42 833 0 828 261 237 24 213 661 207 633 899 210 965 47 614 174 226 240 971 577 971 246 957 889 4 304 88 280 682 451 799 264 114 699 755 262 593 72 966 
620 430 972 971 647 446 881 803 200 85 897 910 828 0 124 358 857 636 271 321 471 810 575 728 444 462 160 572 130 908 461 196 587 211 388 354 475 296 142 593 128 37 995 171 596 619 924 452 812 476 
494 895 525 943 773 397 324 207 993 186 241 187 261 124 0 519 147 460 778 50 574 504 212 299 670 248 88 652 51 228 31 540 556 647 836 475 642 166 589 785 276 288 436 14 828 281 36 662 235 886 
256 964 886 284 135 900 827 363 594 404 676 410 237 358 519 0 545 760 579 255 881 847 120 686 450 841 474 183 979 980 469 616 165 732 571 31 778 788 525 823 475 161 57 386 238 268 334 185 342 639 
355 899 786 556 8 887 410 518 528 71 127 74 24 857 147 545 0 574 165 431 51 178 906 194 144 236 422 784 634 133 363 439 690 474 637 98 684 293 370 870 335 643 438 330 528 754 169 168 686 808 
909 598 404 146 61 287 723 844 617 258 349 126 213 636 460 760 574 0 509 484 660 261 414 251 419 940 722 714 300 466 141 534 936 126 396 46 61 717 279 302 942 414 338 178 243 571 168 937 500 476 
721 402 91 607 507 407 900 733 223 836 108 30 661 271 778 579 165 509 0 879 239 153 171 586 218 665 312 22 113 266 46 66 966 648 636 332 562 395 682 338 776 266 147 779 177 221 712 771 977 15 
598 128 965 555 864 719 488 622 152 162 499 553 207 321 50 255 431 484 879 0 449 676 334 340 26 496 810 138 62 721 302 439 858 405 90 150 14 658 778 642 99 729 769 310 56 106 540 456 371 845 
169 553 616 538 621 279 903 705 707 626 179 166 633 471 574 881 51 660 239 449 0 466 865 912 878 495 222 348 816 853 567 900 219 456 25 342 860 49 782 15 89 376 322 998 941 339 661 441 39 861 
791 637 824 947 955 113 600 506 410 164 231 941 899 810 504 847 178 261 153 676 466 0 279 545 816 918 13 154 801 1000 216 226 69 198 780 661 252 519 511 452 874 967 267 752 326 592 69 198 378 667 
930 814 354 511 838 797 777 486 566 229 674 432 210 575 212 120 906 414 171 334 865 279 0 656 194 197 645 957 266 242 55 563 400 878 224 400 960 261 102 198 466 712 379 389 82 805 155 837 56 568 
4 425 121 429 374 603 419 476 218 114 234 606 965 728 299 686 194 251 586 340 912 545 656 0 332 630 182 793 567 664 428 870 836 748 444 456 326 553 361 910 390 589 804 627 995 891 770 113 871 412 
479 153 517 954 342 652 763 826 162 536 433 706 47 444 670 450 144 419 218 26 878 816 194 332 0 156 652 737 669 480 740 211 697 463 729 86 650 425 502 232 131 327 148 46 586 550 170 445 56 414 
677 855 8 925 964 687 158 841 846 447 684 306 614 462 248 841 236 940 665 496 495 918 197 630 156 0 272 300 136 610 297 302 798 654 807 460 950 774 731 621 674 987 315 670 462 325 389 974 299 853 
161 495 126 476 244 300 938 635 756 933 387 32 174 160 88 474 422 722 312 810 222 13 645 182 652 272 0 663 127 65 936 182 431 389 346 188 546 94 278 23 236 945 39 767 486 444 908 648 931 378 
739 733 876 916 347 282 844 598 881 197 521 29 226 572 652 183 784 714 22 138 348 154 957 793 737 300 663 0 614 10 857 365 314 232 43 316 46 624 824 253 390 666 93 293 171 416 7 38 185 891 
860 417 43 131 214 168 83 404 483 615 211 51 240 130 51 979 634 300 113 62 816 801 266 567 669 136 127 614 0 116 339 715 948 264 976 535 91 294 98 148 287 273 463 474 247 760 806 801 641 473 
296 996 134 952 926 213 638 469 741 391 404 555 971 908 228 980 133 466 266 721 853 1000 242 664 480 610 65 10 116 0 962 189 901 13 145 353 21 911 10 244 528 213 313 740 410 420 62 374 349 491 
100 818 149 867 27 625 546 235 72 603 522 476 577 461 31 469 363 141 46 302 567 216 55 428 740 297 936 857 339 962 0 102 919 702 729 382 493 480 504 69 757 807 118 463 807 915 26 557 101 798 
37 331 628 721 437 39 580 774 520 942 390 505 971 196 540 616 439 534 66 439 900 226 563 870 211 302 182 365 715 189 102 0 736 916 785 883 953 185 869 381 427 716 991 837 260 512 811 802 112 282 
660 796 458 73 270 231 677 365 88 32 665 407 246 587 556 165 690 936 966 858 219 69 400 836 697 798 431 314 948 901 919 736 0 381 717 195 459 62 496 74 112 820 121 525 880 406 190 934 441 789 
912 131 27 264 98 803 694 372 804 122 186 6 957 211 647 732 474 126 648 405 456 198 878 748 463 654 389 232 264 13 702 916 381 0 625 275 806 793 748 733 998 6 586 907 377 243 369 534 654 263 
826 422 264 642 635 386 113 766 599 401 895 232 889 388 836 571 637 396 636 90 25 780 224 444 729 807 346 43 976 145 729 785 717 625 0 299 10 778 823 615 175 707 381 461 19 844 929 317 734 539 
954 408 192 997 784 263 276 109 153 809 49 267 4 354 475 31 98 46 332 150 342 661 400 456 86 460 188 316 535 353 382 883 195 275 299 0 975 22 603 305 192 897 837 276 15 337 121 777 711 18 
20 868 767 396 694 19 855 94 319 225 227 743 304 475 642 778 684 61 562 14 860 252 960 326 650 950 546 46 91 21 493 953 459 806 10 975 0 999 905 492 182 542 589 815 176 739 195 452 421 556 
586 789 167 857 344 814 94 954 692 437 454 361 88 296 166 788 293 717 395 658 49 519 261 553 425 774 94 624 294 911 480 185 62 793 778 22 999 0 737 121 785 399 914 563 423 663 485 346 160 583 
429 676 275 289 877 594 700 725 580 423 689 709 280 142 589 525 370 279 682 778 782 511 102 361 502 731 278 824 98 10 504 869 496 748 823 603 905 737 0 183 289 205 825 710 412 162 864 138 587 789 
680 971 922 624 640 874 477 995 679 562 260 878 682 593 785 823 870 302 338 642 15 452 198 910 232 621 23 253 148 244 69 381 74 733 615 305 492 121 183 0 161 340 885 219 554 76 638 424 979 966 
980 400 518 748 381 610 336 173 977 765 274 495 451 128 276 475 335 942 776 99 89 874 466 390 131 674 236 390 287 528 757 427 112 998 175 192 182 785 289 161 0 57 523 90 625 669 624 261 749 339 
749 724 573 715 975 3 960 251 299 263 395 624 799 37 288 161 643 414 266 729 376 967 712 589 327 987 945 666 273 213 807 716 820 6 707 897 542 399 205 340 57 0 125 993 249 891 67 245 816 625 
570 537 805 35 798 248 511 451 314 541 623 377 264 995 436 57 438 338 147 769 322 267 379 804 148 315 39 93 463 313 118 991 121 586 381 837 589 914 825 885 523 125 0 811 813 712 666 973 551 157 
268 647 984 877 719 238 523 783 491 503 829 71 114 171 14 386 330 178 779 310 998 752 389 627 46 670 767 293 474 740 463 837 525 907 461 276 815 563 710 219 90 993 811 0 708 394 315 509 983 498 
336 271 720 942 441 185 849 835 199 661 758 366 699 596 828 238 528 243 177 56 941 326 82 995 586 462 486 171 247 410 807 260 880 377 19 15 176 423 412 554 625 249 813 708 0 964 263 311 670 812 
408 674 837 920 975 958 725 743 702 794 322 434 755 619 281 268 754 571 221 106 339 592 805 891 550 325 444 416 760 420 915 512 406 243 844 337 739 663 162 76 669 891 712 394 964 0 50 507 459 760 
21 792 208 526 55 917 60 994 656 79 117 165 262 924 36 334 169 168 712 540 661 69 155 770 170 389 908 7 806 62 26 811 190 369 929 121 195 485 864 638 624 67 666 315 263 50 0 977 500 809 
616 416 495 811 88 533 348 946 343 511 62 327 593 452 662 185 168 937 771 456 441 198 837 113 445 974 648 38 801 374 557 802 934 534 317 777 452 346 138 424 261 245 973 509 311 507 977 0 834 900 
832 83 577 779 424 742 258 640 961 352 672 199 72 812 235 342 686 500 977 371 39 378 56 871 56 299 931 185 641 349 101 112 441 654 734 711 421 160 587 979 749 816 551 983 670 459 500 834 0 767 
674 375 477 101 985 11 197 344 756 640 389 116 966 476 886 639 808 476 15 845 861 667 568 412 414 853 378 891 473 491 798 282 789 263 539 18 556 583 789 966 339 625 157 498 812 760 809 900 767 0 
0 264 211 625 126 667 992 901 727 884 867 853 74 645 839 2 735 477 100 198 870 48 852 176 153 789 400 223 2 846 438 584 473 170 693 174 117 942 823 505 811 258 282 631 124 606 936 893 999 612 
264 0 622 104 542 456 817 891 855 881 340 676 7 880 750 253 296 135 239 701 681 857 765 79 993 782 944 207 515 339 776 878 577 125 987 490 525 203 844 388 710 157 714 936 725 282 336 212 873 804 
211 622 0 42 686 789 340 334 856 294 599 131 119 327 714 340 689 113 411 205 473 110 81 608 466 968 592 429 620 987 578 586 627 16 829 116 842 199 694 467 935 656 950 522 449 15 578 980 812 113 
625 104 42 0 686 352 944 778 32 409 769 902 460 183 750 34 708 599 607 774 299 30 789 528 13 396 998 407 712 654 772 563 825 426 79 436 242 826 864 205 206 873 336 961 741 466 694 944 170 830 
126 542 686 686 0 936 900 175 379 154 700 18 984 35 119 278 609 360 517 692 363 931 944 605 652 948 201 446 319 961 37 978 296 893 964 990 117 737 102 38 206 883 149 509 629 349 685 903 872 705 
667 456 789 352 936 0 684 557 445 513 12 63 886 45 83 621 460 520 942 459 690 157 995 779 352 39 345 744 395 282 573 947 886 369 131 976 199 130 393 863 871 832 895 975 229 527 784 653 148 814 
992 817 340 944 900 684 0 887 875 95 651 923 216 259 799 980 74 255 543 460 976 776 927 865 543 731 402 43 447 530 576 345 786 684 611 804 862 500 967 51 928 562 387 619 329 942 72 380 174 503 
901 891 334 778 175 557 887 0 28 629 525 587 924 512 769 643 966 593 248 374 1000 27 723 657 815 105 740 74 63 608 733 925 390 429 720 448 310 657 214 708 644 839 862 887 606 83 535 332 343 113 
727 855 856 32 379 445 875 28 0 835 784 603 358 813 987 182 222 517 298 847 475 271 225 625 49 675 574 176 736 1 56 92 287 207 945 529 688 764 66 292 61 741 872 827 245 670 595 601 726 363 
884 881 294 409 154 513 95 629 835 0 464 589 292 28 614 753 250 281 707 944 705 953 759 495 656 818 607 606 379 727 568 355 939 697 772 428 410 89 504 516 947 623 357 427 435 261 960 301 231 440 
867 340 599 769 700 12 651 525 784 464 0 65 592 674 324 267 735 63 919 400 844 48 814 198 886 889 45 627 644 923 233 977 758 884 929 804 722 382 689 303 424 90 833 337 168 752 830 159 649 402 
853 676 131 902 18 63 923 587 603 589 65 0 672 208 285 890 670 390 618 758 706 403 327 972 594 392 532 392 872 940 318 381 430 249 228 52 555 638 534 685 971 443 103 621 443 739 241 868 404 261 
74 7 119 460 984 886 216 924 358 292 592 672 0 469 38 447 619 419 961 125 41 456 607 530 284 857 529 911 103 207 211 31 285 312 179 813 143 14 813 629 525 807 32 544 485 254 634 192 454 855 
645 880 327 183 35 45 259 512 813 28 674 208 469 0 528 326 417 54 357 201 875 538 6 103 451 841 152 944 291 447 835 135 551 437 471 686 252 835 917 350 78 181 603 829 413 196 808 914 51 667 
839 750 714 750 119 83 799 769 987 614 324 285 38 528 0 3 542 730 35 347 599 922 998 856 174 489 893 798 466 649 787 620 627 78 661 151 703 229 796 342 982 171 865 578 845 310 816 567 936 431 
2 253 340 34 278 621 980 643 182 753 267 890 447 326 3 0 472 502 600 421 63 227 54 807 193 877 271 389 109 477 255 838 44 563 143 729 485 433 630 9 747 883 253 461 165 603 947 933 943 396 
735 296 689 708 609 460 74 966 222 250 735 670 619 417 542 472 0 214 775 564 806 458 79 2 450 443 105 425 689 739 703 511 844 690 784 965 166 409 455 959 811 633 603 190 627 144 199 493 308 597 
477 135 113 599 360 520 255 593 517 281 63 390 419 54 730 502 214 0 746 748 305 549 898 242 66 768 570 109 703 332 368 396 609 289 400 485 179 797 709 914 695 399 880 391 715 248 519 994 581 295 
100 239 411 607 517 942 543 248 298 707 919 618 961 357 35 600 775 746 0 872 666 226 613 491 199 764 107 170 282 73 891 766 934 13 220 898 832 162 165 973 681 25 485 236 2 715 39 928 883 922 
198 701 205 774 692 459 460 374 847 944 400 758 125 201 347 421 564 748 872 0 314 491 746 985 826 881 378 495 8 735 214 332 543 206 595 202 510 701 344 270 105 359 561 107 190 102 884 437 951 920 
870 681 473 299 363 690 976 1000 475 705 844 706 41 875 599 63 806 305 666 314 0 730 184 629 5 860 576 76 494 903 336 303 224 681 179 727 27 144 921 698 125 286 841 286 124 244 607 62 333 448 
48 857 110 30 931 157 776 27 271 953 48 403 456 538 922 227 458 549 226 491 730 0 383 424 175 996 951 248 662 801 182 685 996 126 874 340 858 322 913 527 163 322 292 372 64 435 201 343 831 553 
852 765 81 789 944 995 927 723 225 759 814 327 607 6 998 54 79 898 613 746 184 383 0 651 529 150 221 462 257 714 703 715 727 569 616 965 687 546 282 631 402 87 726 631 276 139 513 625 944 782 
176 79 608 528 605 779 865 657 625 495 198 972 530 103 856 807 2 242 491 985 629 424 651 0 33 321 183 150 870 51 211 304 356 60 369 189 690 927 856 711 561 769 381 468 539 538 554 345 800 216 
153 993 466 13 652 352 543 815 49 656 886 594 284 451 174 193 450 66 199 826 5 175 529 33 0 312 348 53 890 226 859 454 182 551 673 920 646 346 39 538 604 41 37 503 337 943 629 429 209 973 
789 782 968 396 948 39 731 105 675 818 889 392 857 841 489 877 443 768 764 881 860 996 150 321 312 0 629 24 785 104 88 9 460 608 206 207 717 439 617 361 378 858 695 93 622 461 619 747 187 394 
400 944 592 998 201 345 402 740 574 607 45 532 529 152 893 271 105 570 107 378 576 951 221 183 348 629 0 26 466 883 783 570 898 74 500 222 485 969 138 330 238 483 353 608 11 837 111 696 814 679 
223 207 429 407 446 744 43 74 176 606 627 392 911 944 798 389 425 109 170 495 76 248 462 150 53 24 26 0 222 622 592 945 47 545 98 361 624 889 123 399 883 196 741 532 40 256 809 400 421 509 
2 515 620 712 319 395 447 63 736 379 644 872 103 291 466 109 689 703 282 8 494 662 257 870 890 785 466 222 0 29 248 289 239 145 308 814 72 564 558 126 560 455 620 932 247 54 15 396 180 578 
846 339 987 654 961 282 530 608 1 727 923 940 207 447 649 477 739 332 73 735 903 801 714 51 226 104 883 622 29 0 182 574 197 470 703 127 417 477 935 276 655 996 346 931 873 347 984 228 293 54 
438 776 578 772 37 573 576 733 56 568 233 318 211 835 787 255 703 368 891 214 336 182 703 211 859 88 783 592 248 182 0 880 644 130 945 88 503 399 863 305 417 843 567 199 416 459 69 950 286 555 
584 878 586 563 978 947 345 925 92 355 977 381 31 135 620 838 511 396 766 332 303 685 715 304 454 9 570 945 289 574 880 0 826 528 243 312 111 737 393 215 777 853 389 906 381 10 971 8 736 985 
473 577 627 825 296 886 786 390 287 939 758 430 285 551 627 44 844 609 934 543 224 996 727 356 182 460 898 47 239 197 644 826 0 820 250 130 522 817 69 958 530 635 681 921 548 869 139 805 785 146 
170 125 16 426 893 369 684 429 207 697 884 249 312 437 78 563 690 289 13 206 681 126 569 60 551 608 74 545 145 470 130 528 820 0 425 302 564 470 356 659 175 817 105 849 305 744 698 29 11 988 
693 987 829 79 964 131 611 720 945 772 929 228 179 471 661 143 784 400 220 595 179 874 616 369 673 206 500 98 308 703 945 243 250 425 0 706 180 458 150 493 502 904 674 264 83 723 379 965 102 294 
174 490 116 436 990 976 804 448 529 428 804 52 813 686 151 729 965 485 898 202 727 340 965 189 920 207 222 361 814 127 88 312 130 302 706 0 526 992 432 988 146 730 617 184 739 722 790 69 179 962 
117 525 842 242 117 199 862 310 688 410 722 555 143 252 703 485 166 179 832 510 27 858 687 690 646 717 485 624 72 417 503 111 522 564 180 526 0 765 538 203 242 856 501 324 982 738 491 441 620 445 
942 203 199 826 737 130 500 657 764 89 382 638 14 835 229 433 409 797 162 701 144 322 546 927 346 439 969 889 564 477 399 737 817 470 458 992 765 0 997 509 798 776 545 278 506 30 669 480 713 86 
823 844 694 864 102 393 967 214 66 504 689 534 813 917 796 630 455 709 165 344 921 913 282 856 39 617 138 123 558 935 863 393 69 356 150 432 538 997 0 832 666 216 157 869 172 367 423 931 480 13 
505 388 467 205 38 863 51 708 292 516 303 685 629 350 342 9 959 914 973 270 698 527 631 711 538 361 330 399 126 276 305 215 958 659 493 988 203 509 832 0 814 989 658 745 865 998 16 594 483 191 
811 710 935 206 206 871 928 644 61 947 424 971 525 78 982 747 811 695 681 105 125 163 402 561 604 378 238 883 560 655 417 777 530 175 502 146 242 798 666 814 0 969 967 768 528 221 365 662 708 122 
258 157 656 873 883 832 562 839 741 623 90 443 807 181 171 883 633 399 25 359 286 322 87 769 41 858 483 196 455 996 843 853 635 817 904 730 856 776 216 989 969 0 490 589 181 622 788 562 748 38 
282 714 950 336 149 895 387 862 872 357 833 103 32 603 865 253 603 880 485 561 841 292 726 381 37 695 353 741 620 346 567 389 681 105 674 617 501 545 157 658 967 490 0 938 808 88 856 647 455 258 
631 936 522 961 509 975 619 887 827 427 337 621 544 829 578 461 190 391 236 107 286 372 631 468 503 93 608 532 932 931 199 906 921 849 264 184 324 278 869 745 768 589 938 0 320 897 432 157 584 997 
124 725 449 741 629 229 329 606 245 435 168 443 485 413 845 165 627 715 2 190 124 64 276 539 337 622 11 40 247 873 416 381 548 305 83 739 982 506 172 865 528 181 808 320 0 204 536 686 447 370 
606 282 15 466 349 527 942 83 670 261 752 739 254 196 310 603 144 248 715 102 244 435 139 538 943 461 837 256 54 347 459 10 869 744 723 722 738 30 367 998 221 622 88 897 204 0 230 393 74 544 
936 336 578 694 685 784 72 535 595 960 830 241 634 808 816 947 199 519 39 884 607 201 513 554 629 619 111 809 15 984 69 971 139 698 379 790 491 669 423 16 365 788 856 432 536 230 0 82 487 262 
893 212 980 944 903 653 380 332 601 301 159 868 192 914 567 933 493 994 928 437 62 343 625 345 429 747 696 400 396 228 950 8 805 29 965 69 441 480 931 594 662 562 647 157 686 393 82 0 241 751 
999 873 812 170 872 148 174 343 726 231 649 404 454 51 936 943 308 581 883 951 333 831 944 800 209 187 814 421 180 293 286 736 785 11 102 179 620 713 480 483 708 748 455 584 447 74 487 241 0 653 
612 804 113 830 705 814 503 113 363 440 402 261 855 667 431 396 597 295 922 920 448 553 782 216 973 394 679 509 578 54 555 985 146 988 294 962 445 86 13 191 122 38 258 997 370 544 262 751 653 0 
0 501 544 273 287 583 818 977 516 723 639 728 432 305 783 89 641 470 775 302 425 335 502 497 387 566 659 305 198 666 565 652 516 246 856 768 106 986 260 808 711 206 48 140 151 244 807 981 745 364 
501 0 775 80 478 304 818 405 256 711 707 812 56 996 748 137 56 186 58 884 641 899 29 57 790 373 900 572 253 264 316 592 911 140 327 439 284 37 930 107 463 419 342 728 380 253 443 55 484 536 
544 775 0 403 724 966 36 931 600 141 730 39 148 515 721 230 613 410 386 391 857 428 30 20 708 848 302 17 236 709 486 476 230 291 996 401 870 187 150 371 752 839 820 256 102 16 46 843 963 320 
273 80 403 0 652 591 615 965 214 521 802 814 790 416 916 70 779 448 274 604 725 216 320 647 193 878 950 477 889 62 721 626 645 495 8 553 54 762 644 374 303 899 316 470 662 796 971 794 116 693 
287 478 724 652 0 929 548 564 97 821 806 160 564 858 518 522 537 608 247 440 261 451 717 849 945 809 753 609 212 973 340 684 610 986 956 485 371 705 67 22 386 953 225 464 919 287 141 584 230 908 
583 304 966 591 929 0 674 587 67 540 303 25 388 195 229 859 945 482 754 528 677 222 850 382 319 138 162 268 372 879 242 930 877 116 136 938 21 286 254 779 661 557 878 664 48 307 778 571 349 688 
818 818 36 615 548 674 0 898 598 109 898 604 150 132 879 900 419 430 782 336 981 544 789 908 999 790 104 482 219 600 65 417 568 496 444 896 365 639 602 733 870 91 381 521 476 617 707 540 521 240 
977 405 931 965 564 587 898 0 380 739 803 373 640 245 986 774 936 344 18 278 550 253 605 805 779 77 645 423 140 474 288 993 376 868 926 233 348 47 856 719 903 233 588 490 53 166 426 135 359 547 
516 256 600 214 97 67 598 380 0 666 730 513 716 787 458 429 167 375 44 760 523 914 657 797 290 181 573 167 943 560 51 142 14 355 908 997 240 728 620 219 757 449 494 475 722 369 270 656 128 172 
723 711 141 521 821 540 109 739 666 0 456 563 564 243 437 490 438 519 353 828 600 558 855 602 629 75 206 93 217 595 544 423 23 422 958 333 261 557 710 90 893 837 601 191 194 57 810 395 268 463 
639 707 730 802 806 303 898 803 730 456 0 149 162 672 688 403 509 141 918 199 706 535 136 629 827 556 125 209 928 297 825 630 837 689 127 935 146 265 595 145 520 112 680 640 419 666 725 102 441 490 
728 812 39 814 160 25 604 373 513 563 149 0 14 432 678 352 433 542 817 684 442 339 175 712 650 318 196 731 897 420 638 433 867 61 548 451 359 622 361 104 726 187 95 826 455 691 884 300 604 375 
432 56 148 790 564 388 150 640 716 564 162 14 0 548 488 626 550 392 646 312 64 345 666 660 658 121 769 600 153 750 527 332 623 497 423 606 565 681 932 780 585 775 609 399 333 118 11 816 948 405 
305 996 515 416 858 195 132 245 787 243 672 432 548 0 314 735 724 428 635 35 857 552 146 556 373 886 179 711 230 578 949 111 389 891 680 581 349 440 995 860 433 58 548 595 268 39 502 929 647 343 
783 748 721 916 518 229 879 986 458 437 688 678 488 314 0 354 484 742 129 535 407 539 875 938 185 480 596 895 961 105 676 780 227 374 335 150 80 280 493 500 191 37 875 347 730 123 853 854 628 360 
89 137 230 70 522 859 900 774 429 490 403 352 626 735 354 0 464 570 695 358 230 651 95 224 911 442 212 543 635 738 385 917 92 652 301 469 265 189 289 211 922 553 352 20 684 380 493 332 502 117 
641 56 613 779 537 945 419 936 167 438 509 433 550 724 484 464 0 29 450 538 993 447 261 158 569 136 859 158 449 659 887 903 605 473 366 484 120 636 425 830 102 503 832 234 795 341 12 997 112 726 
470 186 410 448 608 482 430 344 375 519 141 542 392 428 742 570 29 0 30 811 71 86 751 93 234 669 701 254 906 626 268 298 216 358 87 862 385 911 337 1000 320 809 662 569 423 144 261 971 459 104 
775 58 386 274 247 754 782 18 44 353 918 817 646 635 129 695 450 30 0 922 214 68 604 117 499 516 424 500 329 226 371 623 970 46 491 927 522 493 131 744 389 54 836 399 100 400 119 715 943 490 
302 884 391 604 440 528 336 278 760 828 199 684 312 35 535 358 538 811 922 0 784 968 570 823 915 943 525 323 508 562 491 888 636 102 512 243 544 649 371 206 319 457 470 619 446 322 534 282 901 725 
425 641 857 725 261 677 981 550 523 600 706 442 64 857 407 230 993 71 214 784 0 126 605 896 15 280 637 263 727 423 856 29 86 414 828 792 76 314 905 413 156 305 161 482 561 429 872 165 381 811 
335 899 428 216 451 222 544 253 914 558 535 339 345 552 539 651 447 86 68 968 126 0 729 845 672 914 632 276 648 878 198 922 871 421 750 196 900 624 555 883 477 1 462 86 172 401 544 227 778 468 
502 29 30 320 717 850 789 605 657 855 136 175 666 146 875 95 261 751 604 570 605 729 0 402 251 755 895 603 598 582 990 448 331 70 481 723 972 765 615 874 671 296 336 273 89 348 756 579 820 523 
497 57 20 647 849 382 908 805 797 602 629 712 660 556 938 224 158 93 117 823 896 845 402 0 404 329 338 621 631 460 459 849 330 194 498 512 796 588 327 388 843 607 370 13 619 680 228 680 406 54 
387 790 708 193 945 319 999 779 290 629 827 650 658 373 185 911 569 234 499 915 15 672 251 404 0 223 530 326 926 358 751 400 427 122 454 922 633 775 148 479 531 211 287 534 840 841 480 410 12 707 
566 373 848 878 809 138 790 77 181 75 556 318 121 886 480 442 136 669 516 943 280 914 755 329 223 0 471 437 955 251 439 671 519 609 47 396 705 218 545 265 466 805 599 443 263 228 402 505 250 463 
659 900 302 950 753 162 104 645 573 206 125 196 769 179 596 212 859 701 424 525 637 632 895 338 530 471 0 354 221 891 646 563 786 637 781 405 462 428 203 450 147 515 988 279 197 769 208 676 802 117 
305 572 17 477 609 268 482 423 167 93 209 731 600 711 895 543 158 254 500 323 263 276 603 621 326 437 354 0 257 406 475 689 133 556 105 260 403 823 253 195 843 197 800 651 136 291 763 882 784 373 
198 253 236 889 212 372 219 140 943 217 928 897 153 230 961 635 449 906 329 508 727 648 598 631 926 955 221 257 0 360 543 420 340 64 168 758 315 885 360 73 947 924 610 930 885 118 195 457 384 60 
666 264 709 62 973 879 600 474 560 595 297 420 750 578 105 738 659 626 226 562 423 878 582 460 358 251 891 406 360 0 409 657 304 722 614 191 878 841 147 181 922 476 24 680 392 302 684 441 488 238 
565 316 486 721 340 242 65 288 51 544 825 638 527 949 676 385 887 268 371 491 856 198 990 459 751 439 646 475 543 409 0 602 599 226 649 484 275 10 854 30 179 672 752 70 386 61 273 738 645 362 
652 592 476 626 684 930 417 993 142 423 630 433 332 111 780 917 903 298 623 888 29 922 448 849 400 671 563 689 420 657 602 0 607 426 669 377 464 363 279 455 758 595 472 426 496 132 631 370 821 995 
516 911 230 645 610 877 568 376 14 23 837 867 623 389 227 92 605 216 970 636 86 871 331 330 427 519 786 133 340 304 599 607 0 69 310 534 579 176 278 864 404 365 657 846 627 302 401 837 569 877 
246 140 291 495 986 116 496 868 355 422 689 61 497 891 374 652 473 358 46 102 414 421 70 194 122 609 637 556 64 722 226 426 69 0 285 80 104 683 442 655 238 321 343 120 455 68 351 763 280 960 
856 327 996 8 956 136 444 926 908 958 127 548 423 680 335 301 366 87 491 512 828 750 481 498 454 47 781 105 168 614 649 669 310 285 0 552 292 71 1 275 152 629 880 270 27 220 476 832 340 518 
768 439 401 553 485 938 896 233 997 333 935 451 606 581 150 469 484 862 927 243 792 196 723 512 922 396 405 260 758 191 484 377 534 80 552 0 479 998 247 867 69 397 711 329 454 412 798 19 161 509 
106 284 870 54 371 21 365 348 240 261 146 359 565 349 80 265 120 385 522 544 76 900 972 796 633 705 462 403 315 878 275 464 579 104 292 479 0 669 494 135 125 763 606 453 769 732 284 409 566 716 
986 37 187 762 705 286 639 47 728 557 265 622 681 440 280 189 636 911 493 649 314 624 765 588 775 218 428 823 885 841 10 363 176 683 71 998 669 0 522 428 716 917 677 778 18 255 345 720 865 265 
260 930 150 644 67 254 602 856 620 710 595 361 932 995 493 289 425 337 131 371 905 555 615 327 148 545 203 253 360 147 854 279 278 442 1 247 494 522 0 619 890 506 50 662 192 273 972 838 176 164 
808 107 371 374 22 779 733 719 219 90 145 104 780 860 500 211 830 1000 744 206 413 883 874 388 479 265 450 195 73 181 30 455 864 655 275 867 135 428 619 0 967 707 541 279 864 303 294 428 495 285 
711 463 752 303 386 661 870 903 757 893 520 726 585 433 191 922 102 320 389 319 156 477 671 843 531 466 147 843 947 922 179 758 404 238 152 69 125 716 890 967 0 778 782 741 826 577 197 994 597 86 
206 419 839 899 953 557 91 233 449 837 112 187 775 58 37 553 503 809 54 457 305 1 296 607 211 805 515 197 924 476 672 595 365 321 629 397 763 917 506 707 778 0 531 726 785 493 901 834 545 365 
48 342 820 316 225 878 381 588 494 601 680 95 609 548 875 352 832 662 836 470 161 462 336 370 287 599 988 800 610 24 752 472 657 343 880 711 606 677 50 541 782 531 0 512 962 639 629 305 769 788 
140 728 256 470 464 664 521 490 475 191 640 826 399 595 347 20 234 569 399 619 482 86 273 13 534 443 279 651 930 680 70 426 846 120 270 329 453 778 662 279 741 726 512 0 270 791 925 512 59 744 
151 380 102 662 919 48 476 53 722 194 419 455 333 268 730 684 795 423 100 446 561 172 89 619 840 263 197 136 885 392 386 496 627 455 27 454 769 18 192 864 826 785 962 270 0 265 42 956 517 17 
244 253 16 796 287 307 617 166 369 57 666 691 118 39 123 380 341 144 400 322 429 401 348 680 841 228 769 291 118 302 61 132 302 68 220 412 732 255 273 303 577 493 639 791 265 0 189 463 778 702 
807 443 46 971 141 778 707 426 270 810 725 884 11 502 853 493 12 261 119 534 872 544 756 228 480 402 208 763 195 684 273 631 401 351 476 798 284 345 972 294 197 901 629 925 42 189 0 276 189 294 
981 55 843 794 584 571 540 135 656 395 102 300 816 929 854 332 997 971 715 282 165 227 579 680 410 505 676 882 457 441 738 370 837 763 832 19 409 720 838 428 994 834 305 512 956 463 276 0 434 320 
745 484 963 116 230 349 521 359 128 268 441 604 948 647 628 502 112 459 943 901 381 778 820 406 12 250 802 784 384 488 645 821 569 280 340 161 566 865 176 495 597 545 769 59 517 778 189 434 0 339 
364 536 320 693 908 688 240 547 172 463 490 375 405 343 360 117 726 104 490 725 811 468 523 54 707 463 117 373 60 238 362 995 877 960 518 509 716 265 164 285 86 365 788 744 17 702 294 320 339 0 
0 279 554 763 104 938 697 905 493 493 867 681 45 663 955 644 975 784 145 409 671 221 991 191 379 887 902 481 223 631 359 468 932 38 472 536 312 507 250 248 491 365 602 440 294 978 966 911 767 533 
279 0 519 219 566 509 894 731 633 768 678 195 22 83 498 771 572 511 417 289 513 19 989 344 658 554 534 414 239 315 714 667 99 341 781 750 384 206 854 708 173 41 594 323 605 262 470 15 842 548 
554 519 0 74 987 908 632 750 513 21 745 199 119 476 774 750 250 46 144 31 341 281 274 571 869 179 665 702 285 832 342 873 607 2 585 140 546 215 230 848 959 951 931 186 154 88 179 850 874 213 
763 219 74 0 704 379 898 485 327 22 403 468 689 65 757 110 918 624 350 551 556 306 893 123 97 628 837 398 753 431 531 618 609 932 712 692 472 938 714 150 281 972 41 784 682 956 549 942 697 978 
104 566 987 704 0 578 112 23 589 208 471 361 716 512 9 171 504 191 800 748 168 913 523 620 471 838 512 15 214 247 274 733 151 966 387 953 140 309 151 33 521 837 257 115 457 263 407 980 606 339 
938 509 908 379 578 0 335 430 319 119 571 59 921 444 581 833 161 473 770 277 130 290 947 534 313 548 759 649 353 906 557 655 460 43 118 586 63 213 426 765 704 761 285 835 490 411 788 39 333 482 
697 894 632 898 112 335 0 641 682 673 911 906 254 50 238 998 157 885 851 182 548 997 995 935 332 948 332 206 655 407 575 210 655 506 723 943 805 506 432 504 849 964 377 481 830 625 521 434 18 916 
905 731 750 485 23 430 641 0 180 655 336 682 831 375 812 490 910 301 40 603 927 388 530 733 912 222 44 9 289 254 435 321 329 526 776 744 26 400 284 997 715 438 821 632 438 741 942 122 538 42 
493 633 513 327 589 319 682 180 0 692 314 720 191 831 390 797 58 464 182 822 651 568 105 809 193 698 230 541 570 351 138 246 597 418 517 334 801 875 54 169 46 678 403 858 156 759 471 847 884 185 
493 768 21 22 208 119 673 655 692 0 317 209 46 361 489 675 217 395 567 380 738 481 673 31 528 555 56 647 253 561 727 209 783 296 799 480 145 451 435 221 98 813 556 161 670 411 986 370 433 608 
867 678 745 403 471 571 911 336 314 317 0 158 638 614 418 297 562 450 613 680 932 747 489 517 274 870 495 4 999 932 202 876 713 206 737 678 713 926 473 348 507 282 615 372 25 302 38 538 325 112 
681 195 199 468 361 59 906 682 720 209 158 0 627 138 519 736 66 280 554 766 727 188 814 721 180 943 610 527 611 257 635 107 775 388 258 331 784 919 583 479 893 418 437 888 685 440 233 742 524 153 
45 22 119 689 716 921 254 831 191 46 638 627 0 45 140 671 839 947 647 52 866 370 306 342 81 990 514 711 24 207 652 161 502 795 176 939 133 382 612 360 817 730 263 900 463 107 551 249 521 251 
663 83 476 65 512 444 50 375 831 361 614 138 45 0 201 35 567 36 596 629 629 46 54 210 108 659 460 637 266 89 966 338 204 6 224 694 84 398 812 191 594 669 882 746 193 139 808 418 321 931 
955 498 774 757 9 581 238 812 390 489 418 519 140 201 0 266 742 607 374 222 814 392 288 639 14 292 858 388 907 500 607 330 863 128 504 479 525 648 458 452 812 19 417 193 774 222 754 744 861 951 
644 771 750 110 171 833 998 490 797 675 297 736 671 35 266 0 392 703 876 278 526 64 53 669 80 884 234 820 466 692 110 580 269 260 652 156 756 394 651 296 682 688 860 265 302 601 859 773 983 214 
975 572 250 918 504 161 157 910 58 217 562 66 839 567 742 392 0 67 853 792 389 564 561 513 351 893 276 274 744 746 808 589 958 400 852 694 628 622 611 973 755 419 371 271 570 492 46 192 814 217 
784 511 46 624 191 473 885 301 464 395 450 280 947 36 607 703 67 0 878 964 521 618 565 190 49 789 842 122 790 171 346 937 291 574 708 618 765 911 908 689 413 840 918 142 800 434 193 572 360 325 
145 417 144 350 800 770 851 40 182 567 613 554 647 596 374 876 853 878 0 272 500 261 690 637 1 346 389 300 490 586 904 832 869 102 262 840 849 405 80 545 470 143 276 99 164 708 577 516 350 409 
409 289 31 551 748 277 182 603 822 380 680 766 52 629 222 278 792 964 272 0 309 165 482 792 956 192 900 807 443 439 315 208 303 73 281 752 219 692 521 548 57 945 456 498 825 444 187 803 953 393 
671 513 341 556 168 130 548 927 651 738 932 727 866 629 814 526 389 521 500 309 0 419 416 453 103 185 909 415 827 216 5 221 644 979 472 746 359 224 820 618 850 301 475 884 473 380 65 601 464 320 
221 19 281 306 913 290 997 388 568 481 747 188 370 46 392 64 564 618 261 165 419 0 770 393 434 605 898 323 734 752 325 439 452 257 796 171 633 888 888 582 616 486 486 691 633 574 330 286 841 683 
991 989 274 893 523 947 995 530 105 673 489 814 306 54 288 53 561 565 690 482 416 770 0 652 576 486 637 183 26 698 800 212 949 646 909 230 190 430 791 213 924 16 807 800 898 414 434 596 652 337 
191 344 571 123 620 534 935 733 809 31 517 721 342 210 639 669 513 190 637 792 453 393 652 0 298 205 279 93 574 370 191 366 560 178 881 226 601 580 478 375 626 950 923 462 155 497 962 426 597 680 
379 658 869 97 471 313 332 912 193 528 274 180 81 108 14 80 351 49 1 956 103 434 576 298 0 334 900 447 686 236 791 837 792 716 436 936 713 235 463 507 462 167 110 866 597 634 911 583 684 903 
887 554 179 628 838 548 948 222 698 555 870 943 990 659 292 884 893 789 346 192 185 605 486 205 334 0 532 322 810 215 172 88 297 433 514 113 559 427 754 656 77 873 295 42 742 813 503 283 594 23 
902 534 665 837 512 759 332 44 230 56 495 610 514 460 858 234 276 842 389 900 909 898 637 279 900 532 0 180 799 759 441 657 826 251 458 583 692 849 74 272 283 517 390 230 410 661 77 469 889 967 
481 414 702 398 15 649 206 9 541 647 4 527 711 637 388 820 274 122 300 807 415 323 183 93 447 322 180 0 941 350 804 731 697 119 36 281 515 521 53 548 605 915 371 801 515 799 959 357 544 319 
223 239 285 753 214 353 655 289 570 253 999 611 24 266 907 466 744 790 490 443 827 734 26 574 686 810 799 941 0 150 59 245 720 345 398 683 462 642 434 63 523 646 333 366 241 245 49 171 445 689 
631 315 832 431 247 906 407 254 351 561 932 257 207 89 500 692 746 171 586 439 216 752 698 370 236 215 759 350 150 0 478 871 268 639 420 10 259 400 955 330 52 823 448 411 489 8 947 473 402 654 
359 714 342 531 274 557 575 435 138 727 202 635 652 966 607 110 808 346 904 315 5 325 800 191 791 172 441 804 59 478 0 692 743 29 548 272 969 822 711 297 938 211 679 250 857 331 168 392 587 640 
468 667 873 618 733 655 210 321 246 209 876 107 161 338 330 580 589 937 832 208 221 439 212 366 837 88 657 731 245 871 692 0 871 900 530 442 135 658 516 700 288 726 519 1000 334 323 849 168 380 796 
932 99 607 609 151 460 655 329 597 783 713 775 502 204 863 269 958 291 869 303 644 452 949 560 792 297 826 697 720 268 743 871 0 829 102 329 598 918 530 524 576 981 805 972 450 945 266 914 638 582 
38 341 2 932 966 43 506 526 418 296 206 388 795 6 128 260 400 574 102 73 979 257 646 178 716 433 251 119 345 639 29 900 829 0 90 417 779 43 228 736 26 387 668 861 237 889 751 366 403 882 
472 781 585 712 387 118 723 776 517 799 737 258 176 224 504 652 852 708 262 281 472 796 909 881 436 514 458 36 398 420 548 530 102 90 0 631 277 507 706 267 622 968 391 955 196 412 738 913 177 17 
536 750 140 692 953 586 943 744 334 480 678 331 939 694 479 156 694 618 840 752 746 171 230 226 936 113 583 281 683 10 272 442 329 417 631 0 288 20 168 702 352 554 945 624 995 422 564 374 3 733 
312 384 546 472 140 63 805 26 801 145 713 784 133 84 525 756 628 765 849 219 359 633 190 601 713 559 692 515 462 259 969 135 598 779 277 288 0 727 328 70 762 680 792 795 688 756 794 894 661 863 
507 206 215 938 309 213 506 400 875 451 926 919 382 398 648 394 622 911 405 692 224 888 430 580 235 427 849 521 642 400 822 658 918 43 507 20 727 0 785 597 868 463 498 57 384 244 586 23 544 34 
250 854 230 714 151 426 432 284 54 435 473 583 612 812 458 651 611 908 80 521 820 888 791 478 463 754 74 53 434 955 711 516 530 228 706 168 328 785 0 703 224 390 234 933 235 17 334 766 923 276 
248 708 848 150 33 765 504 997 169 221 348 479 360 191 452 296 973 689 545 548 618 582 213 375 507 656 272 548 63 330 297 700 524 736 267 702 70 597 703 0 466 631 491 997 535 654 75 982 110 524 
491 173 959 281 521 704 849 715 46 98 507 893 817 594 812 682 755 413 470 57 850 616 924 626 462 77 283 605 523 52 938 288 576 26 622 352 762 868 224 466 0 438 807 294 872 617 802 436 463 257 
365 41 951 972 837 761 964 438 678 813 282 418 730 669 19 688 419 840 143 945 301 486 16 950 167 873 517 915 646 823 211 726 981 387 968 554 680 463 390 631 438 0 808 144 98 120 895 337 82 322 
602 594 931 41 257 285 377 821 403 556 615 437 263 882 417 860 371 918 276 456 475 486 807 923 110 295 390 371 333 448 679 519 805 668 391 945 792 498 234 491 807 808 0 819 727 245 917 454 411 576 
440 323 186 784 115 835 481 632 858 161 372 888 900 746 193 265 271 142 99 498 884 691 800 462 866 42 230 801 366 411 250 1000 972 861 955 624 795 57 933 997 294 144 819 0 431 289 426 555 484 508 
294 605 154 682 457 490 830 438 156 670 25 685 463 193 774 302 570 800 164 825 473 633 898 155 597 742 410 515 241 489 857 334 450 237 196 995 688 384 235 535 872 98 727 431 0 525 954 162 151 548 
978 262 88 956 263 411 625 741 759 411 302 440 107 139 222 601 492 434 708 444 380 574 414 497 634 813 661 799 245 8 331 323 945 889 412 422 756 244 17 654 617 120 245 289 525 0 765 404 916 16 
966 470 179 549 407 788 521 942 471 986 38 233 551 808 754 859 46 193 577 187 65 330 434 962 911 503 77 959 49 947 168 849 266 751 738 564 794 586 334 75 802 895 917 426 954 765 0 743 607 962 
911 15 850 942 980 39 434 122 847 370 538 742 249 418 744 773 192 572 516 803 601 286 596 426 583 283 469 357 171 473 392 168 914 366 913 374 894 23 766 982 436 337 454 555 162 404 743 0 477 829 
767 842 874 697 606 333 18 538 884 433 325 524 521 321 861 983 814 360 350 953 464 841 652 597 684 594 889 544 445 402 587 380 638 403 177 3 661 544 923 110 463 82 411 484 151 916 607 477 0 349 
533 548 213 978 339 482 916 42 185 608 112 153 251 931 951 214 217 325 409 393 320 683 337 680 903 23 967 319 689 654 640 796 582 882 17 733 863 34 276 524 257 322 576 508 548 16 962 829 349 0 
