70 2
0 164 601 698 602 898 164 8 950 697 778 500 190 632 267 921 307 635 209 699 2 366 59 262 871 21 146 880 233 838 32 987 762 137 244 428 436 871 999 841 574 216 644 66 661 158 935 88 899 358 532 694 175 724 362 492 985 173 516 433 965 345 381 367 697 644 797 799 574 379 
164 0 164 449 239 163 949 852 77 309 519 950 448 409 760 691 966 621 27 138 127 37 946 279 164 946 233 116 230 867 809 146 558 854 874 990 23 958 32 382 812 379 697 30 311 983 555 322 501 191 178 324 976 711 189 378 909 293 741 883 95 187 525 958 998 632 697 911 859 368 
601 164 0 140 515 177 555 160 198 644 637 390 161 838 342 409 934 655 795 576 38 884 833 363 530 655 470 34 381 125 810 325 904 386 651 742 35 819 230 695 481 429 957 621 115 552 156 836 517 106 394 211 277 539 959 992 1 429 453 289 323 13 46 725 18 921 76 36 820 406 
698 449 140 0 763 982 932 863 621 432 618 567 899 132 656 368 316 476 921 303 833 872 81 555 179 902 921 970 896 421 252 793 738 960 389 388 855 265 899 433 958 702 679 307 457 249 488 124 189 802 44 413 755 954 42 824 329 729 774 944 602 246 411 43 172 395 694 184 83 984 
602 239 515 763 0 378 207 345 288 540 964 133 376 306 422 917 699 850 699 727 396 856 211 349 194 87 1 634 476 259 581 425 620 81 665 949 469 935 710 173 769 624 598 531 930 955 523 825 984 675 787 91 717 874 12 676 551 654 44 859 692 738 476 128 278 437 364 885 725 721 
898 163 177 982 378 0 733 461 414 24 957 116 601 149 914 676 432 52 354 621 919 453 883 895 577 32 592 62 272 992 610 386 797 9 636 935 9 17 985 475 563 598 240 182 377 395 909 503 9 246 269 555 43 227 568 960 100 777 923 804 644 210 910 279 293 653 692 15 580 798 
164 949 555 932 207 733 0 258 763 323 820 56 285 516 925 1 849 29 32 151 216 628 829 634 149 943 178 521 586 882 545 984 240 779 960 629 724 388 551 27 220 868 465 736 699 413 577 140 728 834 878 191 708 754 56 126 38 129 984 527 405 173 652 949 124 90 838 650 294 153 
8 852 160 863 345 461 258 0 556 982 500 319 648 541 118 937 795 791 393 206 431 2 482 475 380 437 848 591 193 101 39 902 254 317 314 813 341 488 149 30 831 112 962 934 327 726 537 701 313 577 475 619 324 609 778 475 456 793 616 656 68 439 720 163 860 746 765 743 152 956 
950 77 198 621 288 414 763 556 0 372 903 329 927 242 622 330 891 321 220 817 169 551 572 381 711 25 811 509 957 368 945 481 978 937 727 750 824 547 232 408 100 707 913 583 166 5 973 999 335 495 279 654 380 714 20 421 658 166 765 459 36 193 376 796 491 181 134 154 584 671 
697 309 644 432 540 24 323 982 372 0 943 854 299 176 149 353 704 360 969 836 761 413 116 801 234 677 830 361 728 662 958 344 605 772 154 444 272 614 38 822 184 620 160 963 547 780 220 656 320 945 101 923 520 217 547 457 828 620 720 744 111 511 295 591 570 541 907 939 451 317 
778 519 637 618 964 957 820 500 903 943 0 81 243 118 219 194 544 894 439 659 18 71 639 484 339 946 179 493 431 80 617 924 398 700 610 977 320 100 663 933 809 981 929 786 332 306 818 21 812 459 843 924 807 343 752 901 446 187 815 225 266 287 836 551 538 119 617 892 871 320 
500 950 390 567 133 116 56 319 329 854 81 0 907 881 673 170 377 7 853 428 537 863 537 75 650 648 353 990 420 335 571 891 910 12 367 316 274 77 415 796 993 736 317 647 862 153 237 373 213 825 742 459 645 534 411 271 147 884 695 905 634 323 12 107 299 566 824 377 377 968 
190 448 161 899 376 601 285 648 927 299 243 907 0 633 566 717 368 257 847 298 647 924 315 181 820 713 296 845 580 875 55 888 619 380 893 411 250 827 517 997 902 566 82 929 383 727 986 778 600 641 48 253 969 448 385 92 150 134 354 417 346 562 326 685 767 693 824 451 722 514 
632 409 838 132 306 149 516 541 242 176 118 881 633 0 606 247 708 531 185 303 37 268 849 858 753 348 868 132 747 700 440 604 407 705 453 962 467 586 960 738 927 555 509 753 733 386 717 456 861 65 971 878 258 547 473 889 76 711 471 572 719 967 741 12 289 894 110 127 466 432 
267 760 342 656 422 914 925 118 622 149 219 673 566 606 0 234 397 465 695 962 611 233 616 58 148 253 835 404 189 66 874 442 464 480 913 28 89 489 498 146 33 659 289 843 739 198 168 184 444 636 768 282 327 193 809 688 306 319 140 212 627 530 281 360 93 544 658 541 241 943 
921 691 409 368 917 676 1 937 330 353 194 170 717 247 234 0 859 68 110 403 984 243 539 410 929 671 518 431 877 829 441 937 94 374 171 401 149 330 287 918 852 555 506 307 264 950 15 316 871 907 336 188 671 250 549 733 799 812 553 265 641 377 453 384 883 364 406 69 822 130 
307 966 934 316 699 432 849 795 891 704 544 377 368 708 397 859 0 536 828 280 156 426 553 398 497 18 624 353 862 63 802 234 576 898 635 269 837 976 607 930 594 964 893 361 18 630 74 60 721 28 891 190 906 393 906 18 849 622 219 152 200 452 147 947 19 448 139 473 753 750 
635 621 655 476 850 52 29 791 321 360 894 7 257 531 465 68 536 0 800 397 248 403 73 398 224 212 663 723 224 776 521 899 966 100 852 220 523 239 34 259 325 573 924 23 470 183 219 77 72 588 771 54 443 171 493 447 374 150 981 404 549 863 372 581 814 636 138 659 866 656 
209 27 795 921 699 354 32 393 220 969 439 853 847 185 695 110 828 800 0 36 255 774 992 914 804 227 909 905 17 496 62 638 764 486 147 795 445 786 900 425 221 9 982 772 755 665 26 108 559 871 6 460 633 18 798 394 875 609 776 476 996 152 560 486 898 62 493 225 15 305 
699 138 576 303 727 621 151 206 817 836 659 428 298 303 962 403 280 397 36 0 156 34 858 808 752 666 817 563 154 593 970 839 384 988 523 45 220 936 138 1000 169 531 343 824 804 260 773 241 243 524 715 562 395 378 820 522 514 79 114 420 448 281 427 801 887 393 82 856 254 101 
2 127 38 833 396 919 216 431 169 761 18 537 647 37 611 984 156 248 255 156 0 95 913 855 764 850 741 681 112 114 462 474 567 946 423 662 521 412 886 499 8 201 864 441 480 111 81 83 854 480 127 342 299 950 262 588 305 228 136 150 733 859 920 399 205 678 462 20 355 311 
366 37 884 872 856 453 628 2 551 413 71 863 924 268 233 243 426 403 774 34 95 0 59 714 225 458 381 503 630 802 446 489 163 403 851 422 75 569 458 939 158 207 286 904 968 867 665 996 46 336 318 171 363 360 84 333 18 940 163 777 89 879 173 718 537 971 560 723 32 187 
59 946 833 81 211 883 829 482 572 116 639 537 315 849 616 539 553 73 992 858 913 59 0 329 42 704 475 176 518 986 500 631 197 236 836 382 795 37 789 206 391 466 862 186 437 15 614 947 644 79 848 168 687 53 693 823 768 563 214 731 950 19 468 363 313 859 180 325 881 728 
262 279 363 555 349 895 634 475 381 801 484 75 181 858 58 410 398 398 914 808 855 714 329 0 545 563 729 789 994 841 110 962 134 424 467 590 457 210 211 310 70 298 177 839 777 507 548 711 521 337 455 549 884 909 641 12 658 639 46 906 449 553 782 904 230 537 626 660 986 292 
871 164 530 179 194 577 149 380 711 234 339 650 820 753 148 929 497 224 804 752 764 225 42 545 0 71 68 422 112 651 813 615 749 366 270 515 399 866 625 361 823 145 579 817 828 208 124 107 582 718 754 203 638 693 336 751 636 515 236 600 240 867 294 59 921 684 676 542 774 541 
21 946 655 902 87 32 943 437 25 677 946 648 713 348 253 671 18 212 227 666 850 458 704 563 71 0 28 627 150 226 401 692 850 850 27 639 8 638 309 138 417 358 851 800 710 802 278 639 900 502 760 477 472 892 990 186 65 227 17 669 536 355 257 736 65 794 958 624 854 892 
146 233 470 921 1 592 178 848 811 830 179 353 296 868 835 518 624 663 909 817 741 381 475 729 68 28 0 593 502 605 106 872 890 592 333 279 27 354 102 849 636 634 613 471 103 187 308 802 888 778 862 864 337 416 686 981 973 174 527 225 517 979 457 94 387 317 68 6 832 74 
880 116 34 970 634 62 521 591 509 361 493 990 845 132 404 431 353 723 905 563 681 503 176 789 422 627 593 0 312 400 921 758 274 499 497 37 507 386 468 558 220 851 120 745 92 511 180 858 611 273 108 256 166 419 803 263 292 819 300 542 336 139 647 395 788 126 582 208 365 584 
233 230 381 896 476 272 586 193 957 728 431 420 580 747 189 877 862 224 17 154 112 630 518 994 112 150 502 312 0 311 495 629 421 534 883 226 398 712 301 383 629 343 408 562 615 116 399 585 932 644 42 280 110 622 800 869 435 186 670 125 216 726 843 712 637 815 237 916 356 188 
838 867 125 421 259 992 882 101 368 662 80 335 875 700 66 829 63 776 496 593 114 802 986 841 651 226 605 400 311 0 267 808 972 212 435 103 834 715 132 891 761 233 459 586 850 156 687 44 154 125 340 337 439 601 110 317 159 711 756 780 61 840 34 499 961 340 933 155 520 624 
32 809 810 252 581 610 545 39 945 958 617 571 55 440 874 441 802 521 62 970 462 446 500 110 813 401 106 921 495 267 0 284 582 613 333 812 290 763 213 919 113 172 367 590 622 699 779 286 579 39 109 545 985 453 843 380 509 405 419 963 82 445 572 927 26 667 846 917 482 463 
987 146 325 793 425 386 984 902 481 344 924 891 888 604 442 937 234 899 638 839 474 489 631 962 615 692 872 758 629 808 284 0 478 232 77 236 147 356 523 405 38 994 752 454 512 262 218 648 566 662 582 634 182 81 703 952 768 433 63 681 799 882 383 637 719 731 877 445 253 495 
762 558 904 738 620 797 240 254 978 605 398 910 619 407 464 94 576 966 764 384 567 163 197 134 749 850 890 274 421 972 582 478 0 606 306 87 158 130 515 679 890 250 462 683 997 358 294 430 216 764 699 577 762 617 18 731 929 274 299 773 94 499 792 442 516 899 223 32 464 952 
137 854 386 960 81 9 779 317 937 772 700 12 380 705 480 374 898 100 486 988 946 403 236 424 366 850 592 499 534 212 613 232 606 0 684 342 95 653 650 955 444 239 677 370 30 586 855 144 594 801 1 543 812 675 364 25 311 690 252 563 318 558 126 549 121 853 346 134 157 933 
244 874 651 389 665 636 960 314 727 154 610 367 893 453 913 171 635 852 147 523 423 851 836 467 270 27 333 497 883 435 333 77 306 684 0 809 207 522 573 168 713 893 405 945 81 933 299 68 888 921 799 88 489 838 191 104 516 594 524 381 488 78 470 689 802 412 151 99 280 321 
428 990 742 388 949 935 629 813 750 444 977 316 411 962 28 401 269 220 795 45 662 422 382 590 515 639 279 37 226 103 812 236 87 342 809 0 299 522 449 935 538 723 568 635 135 624 467 254 215 569 99 314 931 829 724 339 479 20 637 601 211 199 415 401 684 917 577 72 105 584 
436 23 35 855 469 9 724 341 824 272 320 274 250 467 89 149 837 523 445 220 521 75 795 457 399 8 27 507 398 834 290 147 158 95 207 299 0 880 402 612 881 73 848 701 132 754 29 159 800 402 111 872 945 879 280 594 967 454 42 868 641 731 758 799 590 751 604 234 455 238 
871 958 819 265 935 17 388 488 547 614 100 77 827 586 489 330 976 239 786 936 412 569 37 210 866 638 354 386 712 715 763 356 130 653 522 522 880 0 972 99 817 135 99 63 555 738 874 438 753 949 146 606 889 609 584 382 1000 250 632 265 345 562 698 720 508 657 235 707 970 91 
999 32 230 899 710 985 551 149 232 38 663 415 517 960 498 287 607 34 900 138 886 458 789 211 625 309 102 468 301 132 213 523 515 650 573 449 402 972 0 142 991 325 310 60 459 794 392 371 773 143 23 646 436 850 811 844 37 408 592 160 415 135 63 764 971 608 986 448 525 333 
841 382 695 433 173 475 27 30 408 822 933 796 997 738 146 918 930 259 425 1000 499 939 206 310 361 138 849 558 383 891 919 405 679 955 168 935 612 99 142 0 12 704 453 143 315 986 811 251 145 143 536 46 275 764 414 693 751 426 658 703 357 473 462 542 733 952 968 227 477 884 
574 812 481 958 769 563 220 831 100 184 809 993 902 927 33 852 594 325 221 169 8 158 391 70 823 417 636 220 629 761 113 38 890 444 713 538 881 817 991 12 0 91 544 279 363 31 443 502 241 17 930 609 247 205 885 182 675 641 282 458 557 927 666 990 519 627 791 79 73 183 
216 379 429 702 624 598 868 112 707 620 981 736 566 555 659 555 964 573 9 531 201 207 466 298 145 358 634 851 343 233 172 994 250 239 893 723 73 135 325 704 91 0 574 943 875 494 429 846 440 260 496 306 887 448 482 479 29 73 56 780 63 421 723 588 706 270 915 972 868 515 
644 697 957 679 598 240 465 962 913 160 929 317 82 509 289 506 893 924 982 343 864 286 862 177 579 851 613 120 408 459 367 752 462 677 405 568 848 99 310 453 544 574 0 23 436 344 387 478 404 861 990 352 594 692 656 558 810 990 969 248 830 4 360 469 103 144 658 179 190 259 
66 30 621 307 531 182 736 934 583 963 786 647 929 753 843 307 361 23 772 824 441 904 186 839 817 800 471 745 562 586 590 454 683 370 945 635 701 63 60 143 279 943 23 0 356 731 182 419 866 325 633 363 4 82 138 751 465 712 20 986 973 908 251 732 311 964 488 595 410 665 
661 311 115 457 930 377 699 327 166 547 332 862 383 733 739 264 18 470 755 804 480 968 437 777 828 710 103 92 615 850 622 512 997 30 81 135 132 555 459 315 363 875 436 356 0 462 910 860 480 436 476 982 355 502 587 767 596 551 479 1 432 9 572 850 474 447 277 343 479 888 
158 983 552 249 955 395 413 726 5 780 306 153 727 386 198 950 630 183 665 260 111 867 15 507 208 802 187 511 116 156 699 262 358 586 933 624 754 738 794 986 31 494 344 731 462 0 485 782 102 953 153 684 711 940 420 682 654 560 364 194 120 393 783 697 278 799 335 196 516 351 
935 555 156 488 523 909 577 537 973 220 818 237 986 717 168 15 74 219 26 773 81 665 614 548 124 278 308 180 399 687 779 218 294 855 299 467 29 874 392 811 443 429 387 182 910 485 0 292 293 886 176 967 640 530 100 712 449 860 986 279 711 233 289 742 296 585 171 121 290 607 
88 322 836 124 825 503 140 701 999 656 21 373 778 456 184 316 60 77 108 241 83 996 947 711 107 639 802 858 585 44 286 648 430 144 68 254 159 438 371 251 502 846 478 419 860 782 292 0 788 527 804 61 405 945 5 967 715 145 981 18 575 476 223 669 706 156 378 691 923 788 
899 501 517 189 984 9 728 313 335 320 812 213 600 861 444 871 721 72 559 243 854 46 644 521 582 900 888 611 932 154 579 566 216 594 888 215 800 753 773 145 241 440 404 866 480 102 293 788 0 336 320 330 115 332 554 261 633 235 638 430 740 337 479 92 760 505 621 196 123 952 
358 191 106 802 675 246 834 577 495 945 459 825 641 65 636 907 28 588 871 524 480 336 79 337 718 502 778 273 644 125 39 662 764 801 921 569 402 949 143 143 17 260 861 325 436 953 886 527 336 0 949 612 803 450 378 348 970 519 951 714 564 218 273 381 527 278 776 332 892 932 
532 178 394 44 787 269 878 475 279 101 843 742 48 971 768 336 891 771 6 715 127 318 848 455 754 760 862 108 42 340 109 582 699 1 799 99 111 146 23 536 930 496 990 633 476 153 176 804 320 949 0 60 639 598 594 770 883 360 508 983 201 402 317 131 625 347 204 528 413 106 
694 324 211 413 91 555 191 619 654 923 924 459 253 878 282 188 190 54 460 562 342 171 168 549 203 477 864 256 280 337 545 634 577 543 88 314 872 606 646 46 609 306 352 363 982 684 967 61 330 612 60 0 672 137 473 651 616 387 728 406 61 135 681 483 189 768 746 147 230 729 
175 976 277 755 717 43 708 324 380 520 807 645 969 258 327 671 906 443 633 395 299 363 687 884 638 472 337 166 110 439 985 182 762 812 489 931 945 889 436 275 247 887 594 4 355 711 640 405 115 803 639 672 0 349 469 857 569 460 121 321 678 254 404 710 595 673 979 554 346 257 
724 711 539 954 874 227 754 609 714 217 343 534 448 547 193 250 393 171 18 378 950 360 53 909 693 892 416 419 622 601 453 81 617 675 838 829 879 609 850 764 205 448 692 82 502 940 530 945 332 450 598 137 349 0 470 55 925 988 997 331 393 493 713 555 105 252 966 338 561 998 
362 189 959 42 12 568 56 778 20 547 752 411 385 473 809 549 906 493 798 820 262 84 693 641 336 990 686 803 800 110 843 703 18 364 191 724 280 584 811 414 885 482 656 138 587 420 100 5 554 378 594 473 469 470 0 730 89 39 587 309 394 704 520 160 470 613 966 663 436 110 
492 378 992 824 676 960 126 475 421 457 901 271 92 889 688 733 18 447 394 522 588 333 823 12 751 186 981 263 869 317 380 952 731 25 104 339 594 382 844 693 182 479 558 751 767 682 712 967 261 348 770 651 857 55 730 0 158 254 367 152 428 318 905 639 964 619 507 130 995 151 
985 909 1 329 551 100 38 456 658 828 446 147 150 76 306 799 849 374 875 514 305 18 768 658 636 65 973 292 435 159 509 768 929 311 516 479 967 1000 37 751 675 29 810 465 596 654 449 715 633 970 883 616 569 925 89 158 0 577 475 240 263 933 576 445 974 879 546 467 661 68 
173 293 429 729 654 777 129 793 166 620 187 884 134 711 319 812 622 150 609 79 228 940 563 639 515 227 174 819 186 711 405 433 274 690 594 20 454 250 408 426 641 73 990 712 551 560 860 145 235 519 360 387 460 988 39 254 577 0 217 713 46 646 926 351 907 512 462 636 640 50 
516 741 453 774 44 923 984 616 765 720 815 695 354 471 140 553 219 981 776 114 136 163 214 46 236 17 527 300 670 756 419 63 299 252 524 637 42 632 592 658 282 56 969 20 479 364 986 981 638 951 508 728 121 997 587 367 475 217 0 151 987 307 585 575 570 275 220 717 910 322 
433 883 289 944 859 804 527 656 459 744 225 905 417 572 212 265 152 404 476 420 150 777 731 906 600 669 225 542 125 780 963 681 773 563 381 601 868 265 160 703 458 780 248 986 1 194 279 18 430 714 983 406 321 331 309 152 240 713 151 0 725 578 895 910 890 989 118 462 214 330 
965 95 323 602 692 644 405 68 36 111 266 634 346 719 627 641 200 549 996 448 733 89 950 449 240 536 517 336 216 61 82 799 94 318 488 211 641 345 415 357 557 63 830 973 432 120 711 575 740 564 201 61 678 393 394 428 263 46 987 725 0 339 239 732 707 434 919 144 182 597 
345 187 13 246 738 210 173 439 193 511 287 323 562 967 530 377 452 863 152 281 859 879 19 553 867 355 979 139 726 840 445 882 499 558 78 199 731 562 135 473 927 421 4 908 9 393 233 476 337 218 402 135 254 493 704 318 933 646 307 578 339 0 951 537 899 980 19 715 986 666 
381 525 46 411 476 910 652 720 376 295 836 12 326 741 281 453 147 372 560 427 920 173 468 782 294 257 457 647 843 34 572 383 792 126 470 415 758 698 63 462 666 723 360 251 572 783 289 223 479 273 317 681 404 713 520 905 576 926 585 895 239 951 0 747 650 970 386 746 232 146 
367 958 725 43 128 279 949 163 796 591 551 107 685 12 360 384 947 581 486 801 399 718 363 904 59 736 94 395 712 499 927 637 442 549 689 401 799 720 764 542 990 588 469 732 850 697 742 669 92 381 131 483 710 555 160 639 445 351 575 910 732 537 747 0 913 296 164 358 355 711 
697 998 18 172 278 293 124 860 491 570 538 299 767 289 93 883 19 814 898 887 205 537 313 230 921 65 387 788 637 961 26 719 516 121 802 684 590 508 971 733 519 706 103 311 474 278 296 706 760 527 625 189 595 105 470 964 974 907 570 890 707 899 650 913 0 79 597 612 845 869 
644 632 921 395 437 653 90 746 181 541 119 566 693 894 544 364 448 636 62 393 678 971 859 537 684 794 317 126 815 340 667 731 899 853 412 917 751 657 608 952 627 270 144 964 447 799 585 156 505 278 347 768 673 252 613 619 879 512 275 989 434 980 970 296 79 0 700 201 253 42 
797 697 76 694 364 692 838 765 134 907 617 824 824 110 658 406 139 138 493 82 462 560 180 626 676 958 68 582 237 933 846 877 223 346 151 577 604 235 986 968 791 915 658 488 277 335 171 378 621 776 204 746 979 966 966 507 546 462 220 118 919 19 386 164 597 700 0 376 303 265 
799 911 36 184 885 15 650 743 154 939 892 377 451 127 541 69 473 659 225 856 20 723 325 660 542 624 6 208 916 155 917 445 32 134 99 72 234 707 448 227 79 972 179 595 343 196 121 691 196 332 528 147 554 338 663 130 467 636 717 462 144 715 746 358 612 201 376 0 540 487 
574 859 820 83 725 580 294 152 584 451 871 377 722 466 241 822 753 866 15 254 355 32 881 986 774 854 832 365 356 520 482 253 464 157 280 105 455 970 525 477 73 868 190 410 479 516 290 923 123 892 413 230 346 561 436 995 661 640 910 214 182 986 232 355 845 253 303 540 0 776 
379 368 406 984 721 798 153 956 671 317 320 968 514 432 943 130 750 656 305 101 311 187 728 292 541 892 74 584 188 624 463 495 952 933 321 584 238 91 333 884 183 515 259 665 888 351 607 788 952 932 106 729 257 998 110 151 68 50 322 330 597 666 146 711 869 42 265 487 776 0 
0 570 983 693 671 216 495 917 642 774 364 99 204 350 543 321 617 729 301 903 493 739 600 192 549 373 867 100 168 362 605 631 301 267 645 462 635 935 444 946 115 585 624 802 415 568 678 547 418 396 796 518 46 518 431 445 338 420 347 632 485 641 2 59 451 250 519 961 44 886 
570 0 601 504 845 746 429 934 321 175 739 826 58 925 552 197 706 736 434 744 498 110 837 5 352 366 489 506 795 769 956 79 163 234 412 455 945 223 29 358 360 898 487 696 233 53 720 236 299 729 174 950 312 199 451 560 989 199 544 133 157 952 170 142 964 829 235 391 400 648 
983 601 0 318 646 584 215 422 927 217 451 268 955 121 844 294 355 660 264 273 388 651 704 296 483 385 816 491 388 675 371 351 472 322 343 843 431 724 191 882 568 215 235 665 184 11 198 870 739 44 607 645 416 762 421 719 638 159 388 389 524 311 55 204 559 852 630 535 218 651 
693 504 318 0 349 896 487 927 605 867 673 871 865 388 514 471 429 567 139 235 637 816 551 79 289 638 20 180 760 658 133 570 276 57 106 450 171 277 342 259 576 702 171 223 213 884 931 531 449 587 65 370 689 351 684 635 935 338 706 993 458 461 627 785 592 927 526 769 609 679 
671 845 646 349 0 802 590 5 530 353 72 955 682 771 330 320 172 17 823 882 857 925 219 642 317 887 855 134 376 372 414 190 821 404 696 327 313 814 942 626 543 709 271 521 855 11 590 129 582 789 876 972 676 633 192 936 236 795 774 820 275 514 735 649 827 38 375 297 936 690 
216 746 584 896 802 0 495 464 185 682 45 967 237 3 739 294 418 787 344 222 786 739 709 494 209 51 284 283 381 898 882 985 910 375 147 378 168 456 498 59 770 768 586 561 456 145 442 50 358 455 41 299 945 650 741 762 644 837 98 762 409 423 646 214 415 689 381 99 450 729 
495 429 215 487 590 495 0 319 386 646 659 20 350 886 441 331 623 750 657 966 866 570 628 414 955 461 205 240 324 258 754 141 783 528 980 7 227 34 199 76 807 501 142 971 973 676 466 546 556 847 250 944 983 686 599 643 551 852 974 579 396 929 241 525 764 602 661 619 500 282 
917 934 422 927 5 464 319 0 567 401 369 977 385 845 742 238 161 339 564 571 484 213 254 601 665 48 686 644 346 612 877 741 402 637 897 829 287 565 571 435 295 892 178 374 833 638 402 524 993 440 65 727 552 763 800 193 138 114 101 757 391 527 477 757 421 439 612 873 97 478 
642 321 927 605 530 185 386 567 0 224 160 102 702 414 56 703 232 928 780 894 446 394 191 460 113 679 6 851 608 749 775 531 215 316 789 770 799 718 710 205 671 647 535 823 325 248 801 532 750 823 203 640 825 147 364 562 615 504 736 951 733 781 936 446 736 894 302 331 710 171 
774 175 217 867 353 682 646 401 224 0 599 133 199 1 239 987 624 781 9 653 64 300 644 599 729 658 853 950 31 69 137 901 269 187 175 72 680 114 295 642 582 81 169 524 382 729 603 197 370 892 541 711 859 856 154 884 158 882 963 37 319 236 1 379 765 942 95 473 429 205 
364 739 451 673 72 45 659 369 160 599 0 800 539 36 877 261 873 520 600 615 398 133 909 518 26 142 664 727 221 537 248 86 907 280 757 257 594 781 657 454 795 405 679 205 393 392 707 252 608 650 117 499 942 659 293 750 112 519 486 993 546 376 207 925 804 992 859 951 24 691 
99 826 268 871 955 967 20 977 102 133 800 0 742 342 602 136 283 444 297 595 166 867 950 510 80 306 217 62 52 443 509 808 793 307 602 809 646 969 334 123 115 729 60 930 250 668 382 773 57 274 737 327 480 88 513 44 654 727 55 656 274 772 716 110 807 410 644 594 380 964 
204 58 955 865 682 237 350 385 702 199 539 742 0 528 753 628 881 506 538 605 859 254 773 497 786 598 657 315 520 12 390 99 552 434 738 556 621 440 155 979 779 731 533 406 227 462 956 928 65 294 317 842 810 236 17 266 532 170 89 975 773 283 713 826 755 899 179 784 779 67 
350 925 121 388 771 3 886 845 414 1 36 342 528 0 312 711 942 315 58 930 918 836 745 141 69 682 859 128 13 725 13 721 211 777 145 110 289 286 529 843 198 555 7 62 872 639 878 733 438 405 777 774 421 680 90 198 849 813 999 568 686 472 941 957 395 24 826 898 616 709 
543 552 844 514 330 739 441 742 56 239 877 602 753 312 0 518 535 976 345 439 529 219 109 384 908 820 960 261 926 972 192 451 343 915 169 277 61 286 780 140 481 161 896 262 161 120 686 42 621 322 460 541 848 428 883 984 937 852 400 505 937 888 257 141 429 263 532 459 666 882 
321 197 294 471 320 294 331 238 703 987 261 136 628 711 518 0 507 797 101 403 353 295 570 254 792 833 660 392 130 999 53 234 910 328 184 399 876 490 50 852 920 697 499 496 837 646 923 840 712 213 387 446 508 372 357 769 627 896 286 160 59 387 309 459 231 519 749 227 734 970 
617 706 355 429 172 418 623 161 232 624 873 283 881 942 535 507 0 851 560 909 350 283 849 387 83 616 308 377 129 240 73 353 975 454 350 435 528 723 255 641 812 775 990 26 172 494 971 386 777 318 828 440 34 649 433 757 614 145 296 419 713 836 739 21 684 146 417 621 459 892 
729 736 660 567 17 787 750 339 928 781 520 444 506 315 976 797 851 0 733 609 470 154 893 886 335 299 950 807 124 454 980 621 35 351 119 438 863 810 820 322 959 651 347 490 479 834 521 346 670 872 56 360 24 87 712 303 611 518 269 385 154 139 477 432 309 54 774 117 823 468 
301 434 264 139 823 344 657 564 780 9 600 297 538 58 345 101 560 733 0 605 531 228 749 904 713 763 937 585 244 704 447 134 222 664 311 171 117 263 259 453 574 525 136 796 354 366 545 562 966 324 996 239 928 263 315 752 524 158 903 141 483 137 872 163 886 901 934 208 855 263 
903 744 273 235 882 222 966 571 894 653 615 595 605 930 439 403 909 609 605 0 711 946 138 284 982 314 606 802 438 355 929 81 623 114 233 741 164 412 973 733 912 635 555 129 967 179 515 554 908 954 639 919 220 466 254 398 851 168 655 984 442 928 770 35 729 937 669 170 772 247 
493 498 388 637 857 786 866 484 446 64 398 166 859 918 529 353 350 470 531 711 0 417 98 700 951 51 829 404 12 559 3 292 121 563 110 553 679 505 411 636 107 409 461 589 680 920 126 559 175 156 823 601 854 327 419 363 569 441 331 531 456 399 766 291 310 690 739 478 585 255 
739 110 651 816 925 739 570 213 394 300 133 867 254 836 219 295 283 154 228 946 417 0 655 211 475 886 229 440 600 470 861 276 865 431 809 52 278 912 166 958 622 414 362 219 143 832 637 127 39 242 975 500 792 37 100 655 777 36 671 753 158 430 62 216 911 799 619 606 790 942 
600 837 704 551 219 709 628 254 191 644 909 950 773 745 109 570 849 893 749 138 98 655 0 330 205 782 431 585 134 572 363 180 955 164 491 100 839 338 435 670 82 999 192 249 65 426 654 243 287 215 826 299 237 445 595 324 580 916 904 941 340 654 757 446 117 2 782 591 13 373 
192 5 296 79 642 494 414 601 460 599 518 510 497 141 384 254 387 886 904 284 700 211 330 0 866 148 54 61 852 156 377 659 507 188 831 592 253 221 996 703 543 587 636 520 389 353 944 479 600 126 388 678 628 716 574 310 974 545 666 415 902 378 370 62 824 728 626 575 84 394 
549 352 483 289 317 209 955 665 113 729 26 80 786 69 908 792 83 335 713 982 951 475 205 866 0 494 997 315 6 504 845 298 462 976 217 427 733 461 232 696 710 774 88 618 157 930 981 744 836 42 996 735 214 802 357 364 89 372 904 303 295 665 606 61 328 381 842 85 719 704 
373 366 385 638 887 51 461 48 679 658 142 306 598 682 820 833 616 299 763 314 51 886 782 148 494 0 237 494 62 960 530 857 446 603 393 237 279 825 631 297 575 674 922 901 927 895 14 753 472 787 837 941 308 534 702 476 332 160 437 753 661 99 201 7 643 266 293 262 56 784 
867 489 816 20 855 284 205 686 6 853 664 217 657 859 960 660 308 950 937 606 829 229 431 54 997 237 0 457 824 824 921 133 582 65 890 862 240 724 249 214 627 142 90 713 931 351 639 116 395 374 915 431 797 623 317 875 969 755 422 853 112 412 360 2 592 684 546 291 724 401 
100 506 491 180 134 283 240 644 851 950 727 62 315 128 261 392 377 807 585 802 404 440 585 61 315 494 457 0 390 970 102 974 813 493 506 688 773 87 98 301 735 16 831 810 956 268 330 664 430 86 168 296 725 945 310 923 395 881 797 874 577 45 87 245 484 444 203 670 555 621 
168 795 388 760 376 381 324 346 608 31 221 52 520 13 926 130 129 124 244 438 12 600 134 852 6 62 824 390 0 567 626 591 29 661 487 907 725 599 775 787 742 288 484 593 16 276 504 261 532 822 784 618 732 650 533 757 523 756 176 471 805 744 130 332 948 675 222 824 815 758 
362 769 675 658 372 898 258 612 749 69 537 443 12 725 972 999 240 454 704 355 559 470 572 156 504 960 824 970 567 0 675 263 305 417 959 925 932 615 896 342 677 547 757 951 592 258 752 423 166 88 81 204 725 765 242 785 788 832 897 587 35 51 840 244 408 933 371 702 505 614 
605 956 371 133 414 882 754 877 775 137 248 509 390 13 192 53 73 980 447 929 3 861 363 377 845 530 921 102 626 675 0 646 435 755 682 234 235 586 799 164 7 702 50 778 91 27 133 491 388 968 52 364 252 119 554 957 630 593 381 70 925 766 162 77 814 535 232 471 499 303 
631 79 351 570 190 985 141 741 531 901 86 808 99 721 451 234 353 621 134 81 292 276 180 659 298 857 133 974 591 263 646 0 681 940 454 951 174 392 514 429 856 196 771 455 361 696 445 901 572 175 647 174 499 229 685 789 298 766 564 591 158 876 497 192 671 149 20 435 215 567 
301 163 472 276 821 910 783 402 215 269 907 793 552 211 343 910 975 35 222 623 121 865 955 507 462 446 582 813 29 305 435 681 0 401 826 921 33 912 362 493 54 328 474 501 729 553 627 190 468 142 228 52 446 253 34 355 789 443 616 141 126 692 80 824 989 354 881 924 212 695 
267 234 322 57 404 375 528 637 316 187 280 307 434 777 915 328 454 351 664 114 563 431 164 188 976 603 65 493 661 417 755 940 401 0 977 858 834 708 349 525 563 520 257 775 9 96 61 492 443 949 898 74 900 40 74 208 919 775 483 101 318 290 753 469 854 689 842 556 855 621 
645 412 343 106 696 147 980 897 789 175 757 602 738 145 169 184 350 119 311 233 110 809 491 831 217 393 890 506 487 959 682 454 826 977 0 599 729 52 881 309 220 790 483 60 9 652 789 25 79 928 646 447 982 143 7 355 209 944 99 458 914 74 731 253 622 325 211 295 902 530 
462 455 843 450 327 378 7 829 770 72 257 809 556 110 277 399 435 438 171 741 553 52 100 592 427 237 862 688 907 925 234 951 921 858 599 0 666 528 518 132 724 679 771 552 884 882 91 251 876 910 673 777 471 360 662 77 16 132 557 343 996 788 405 230 152 712 298 221 878 649 
635 945 431 171 313 168 227 287 799 680 594 646 621 289 61 876 528 863 117 164 679 278 839 253 733 279 240 773 725 932 235 174 33 834 729 666 0 714 755 139 671 402 441 238 565 981 510 381 716 245 298 781 583 875 441 102 6 93 437 996 965 5 15 25 187 731 240 705 73 335 
935 223 724 277 814 456 34 565 718 114 781 969 440 286 286 490 723 810 263 412 505 912 338 221 461 825 724 87 599 615 586 392 912 708 52 528 714 0 96 183 276 911 628 172 611 189 704 697 322 163 477 780 810 144 450 452 919 244 368 362 950 652 852 427 764 863 394 735 998 876 
444 29 191 342 942 498 199 571 710 295 657 334 155 529 780 50 255 820 259 973 411 166 435 996 232 631 249 98 775 896 799 514 362 349 881 518 755 96 0 149 903 829 44 653 165 986 961 335 680 378 61 565 254 944 661 929 632 202 112 278 399 597 844 115 452 25 120 668 138 560 
946 358 882 259 626 59 76 435 205 642 454 123 979 843 140 852 641 322 453 733 636 958 670 703 696 297 214 301 787 342 164 429 493 525 309 132 139 183 149 0 141 804 712 770 51 534 852 894 19 993 601 509 319 889 765 640 736 985 575 65 915 960 138 901 769 835 749 120 809 894 
115 360 568 576 543 770 807 295 671 582 795 115 779 198 481 920 812 959 574 912 107 622 82 543 710 575 627 735 742 677 7 856 54 563 220 724 671 276 903 141 0 94 470 617 335 287 753 851 682 49 670 363 85 297 635 173 983 742 745 565 136 962 248 840 219 355 746 936 776 48 
585 898 215 702 709 768 501 892 647 81 405 729 731 555 161 697 775 651 525 635 409 414 999 587 774 674 142 16 288 547 702 196 328 520 790 679 402 911 829 804 94 0 691 76 840 925 753 716 560 997 172 114 538 892 373 815 884 904 501 854 66 818 713 327 578 570 907 794 860 528 
624 487 235 171 271 586 142 178 535 169 679 60 533 7 896 499 990 347 136 555 461 362 192 636 88 922 90 831 484 757 50 771 474 257 483 771 441 628 44 712 470 691 0 543 728 555 850 369 395 581 592 73 896 227 104 682 813 713 14 68 177 713 482 817 251 604 678 865 482 856 
802 696 665 223 521 561 971 374 823 524 205 930 406 62 262 496 26 490 796 129 589 219 249 520 618 901 713 810 593 951 778 455 501 775 60 552 238 172 653 770 617 76 543 0 377 509 599 133 931 923 148 480 898 438 363 305 122 499 317 51 232 131 851 990 191 602 529 866 958 685 
415 233 184 213 855 456 973 833 325 382 393 250 227 872 161 837 172 479 354 967 680 143 65 389 157 927 931 956 16 592 91 361 729 9 9 884 565 611 165 51 335 840 728 377 0 41 759 520 433 279 666 567 508 553 429 306 521 160 819 445 315 752 432 127 252 970 275 769 690 420 
568 53 11 884 11 145 676 638 248 729 392 668 462 639 120 646 494 834 366 179 920 832 426 353 930 895 351 268 276 258 27 696 553 96 652 882 981 189 986 534 287 925 555 509 41 0 859 238 427 961 355 115 241 495 307 527 57 608 475 761 8 604 189 253 670 302 304 147 544 514 
678 720 198 931 590 442 466 402 801 603 707 382 956 878 686 923 971 521 545 515 126 637 654 944 981 14 639 330 504 752 133 445 627 61 789 91 510 704 961 852 753 753 850 599 759 859 0 352 176 167 714 51 768 393 21 230 968 131 133 15 198 261 993 17 234 897 428 871 828 388 
547 236 870 531 129 50 546 524 532 197 252 773 928 733 42 840 386 346 562 554 559 127 243 479 744 753 116 664 261 423 491 901 190 492 25 251 381 697 335 894 851 716 369 133 520 238 352 0 586 511 541 958 562 579 291 594 493 745 186 610 981 86 789 317 257 298 391 32 813 327 
418 299 739 449 582 358 556 993 750 370 608 57 65 438 621 712 777 670 966 908 175 39 287 600 836 472 395 430 532 166 388 572 468 443 79 876 716 322 680 19 682 560 395 931 433 427 176 586 0 367 507 776 669 368 496 357 697 141 973 805 411 862 489 250 617 446 863 956 398 290 
396 729 44 587 789 455 847 440 823 892 650 274 294 405 322 213 318 872 324 954 156 242 215 126 42 787 374 86 822 88 968 175 142 949 928 910 245 163 378 993 49 997 581 923 279 961 167 511 367 0 510 259 631 633 666 988 522 145 100 20 486 5 596 824 871 790 967 698 565 390 
796 174 607 65 876 41 250 65 203 541 117 737 317 777 460 387 828 56 996 639 823 975 826 388 996 837 915 168 784 81 52 647 228 898 646 673 298 477 61 601 670 172 592 148 666 355 714 541 507 510 0 247 903 211 822 454 664 298 540 315 974 992 303 609 818 345 729 145 494 634 
518 950 645 370 972 299 944 727 640 711 499 327 842 774 541 446 440 360 239 919 601 500 299 678 735 941 431 296 618 204 364 174 52 74 447 777 781 780 565 509 363 114 73 480 567 115 51 958 776 259 247 0 34 710 175 68 869 180 240 475 546 88 113 487 821 732 63 216 70 604 
46 312 416 689 676 945 983 552 825 859 942 480 810 421 848 508 34 24 928 220 854 792 237 628 214 308 797 725 732 725 252 499 446 900 982 471 583 810 254 319 85 538 896 898 508 241 768 562 669 631 903 34 0 739 365 969 387 158 135 115 561 403 723 908 109 412 61 441 414 853 
518 199 762 351 633 650 686 763 147 856 659 88 236 680 428 372 649 87 263 466 327 37 445 716 802 534 623 945 650 765 119 229 253 40 143 360 875 144 944 889 297 892 227 438 553 495 393 579 368 633 211 710 739 0 574 785 800 996 769 337 680 22 790 945 765 815 900 782 940 537 
431 451 421 684 192 741 599 800 364 154 293 513 17 90 883 357 433 712 315 254 419 100 595 574 357 702 317 310 533 242 554 685 34 74 7 662 441 450 661 765 635 373 104 363 429 307 21 291 496 666 822 175 365 574 0 366 61 504 664 821 760 415 946 336 928 36 265 31 37 176 
445 560 719 635 936 762 643 193 562 884 750 44 266 198 984 769 757 303 752 398 363 655 324 310 364 476 875 923 757 785 957 789 355 208 355 77 102 452 929 640 173 815 682 305 306 527 230 594 357 988 454 68 969 785 366 0 363 367 438 740 703 244 868 570 527 695 591 401 456 532 
338 989 638 935 236 644 551 138 615 158 112 654 532 849 937 627 614 611 524 851 569 777 580 974 89 332 969 395 523 788 630 298 789 919 209 16 6 919 632 736 983 884 813 122 521 57 968 493 697 522 664 869 387 800 61 363 0 461 541 219 161 372 170 233 11 356 519 906 972 25 
420 199 159 338 795 837 852 114 504 882 519 727 170 813 852 896 145 518 158 168 441 36 916 545 372 160 755 881 756 832 593 766 443 775 944 132 93 244 202 985 742 904 713 499 160 608 131 745 141 145 298 180 158 996 504 367 461 0 640 874 103 26 713 493 216 815 682 25 354 749 
347 544 388 706 774 98 974 101 736 963 486 55 89 999 400 286 296 269 903 655 331 671 904 666 904 437 422 797 176 897 381 564 616 483 99 557 437 368 112 575 745 501 14 317 819 475 133 186 973 100 540 240 135 769 664 438 541 640 0 558 435 48 701 445 544 404 30 814 806 431 
632 133 389 993 820 762 579 757 951 37 993 656 975 568 505 160 419 385 141 984 531 753 941 415 303 753 853 874 471 587 70 591 141 101 458 343 996 362 278 65 565 854 68 51 445 761 15 610 805 20 315 475 115 337 821 740 219 874 558 0 181 112 472 571 788 37 711 944 845 671 
485 157 524 458 275 409 396 391 733 319 546 274 773 686 937 59 713 154 483 442 456 158 340 902 295 661 112 577 805 35 925 158 126 318 914 996 965 950 399 915 136 66 177 232 315 8 198 981 411 486 974 546 561 680 760 703 161 103 435 181 0 578 676 261 141 230 317 920 25 475 
641 952 311 461 514 423 929 527 781 236 376 772 283 472 888 387 836 139 137 928 399 430 654 378 665 99 412 45 744 51 766 876 692 290 74 788 5 652 597 960 962 818 713 131 752 604 261 86 862 5 992 88 403 22 415 244 372 26 48 112 578 0 700 516 201 646 298 864 876 596 
2 170 55 627 735 646 241 477 936 1 207 716 713 941 257 309 739 477 872 770 766 62 757 370 606 201 360 87 130 840 162 497 80 753 731 405 15 852 844 138 248 713 482 851 432 189 993 789 489 596 303 113 723 790 946 868 170 713 701 472 676 700 0 587 124 411 761 597 428 535 
59 142 204 785 649 214 525 757 446 379 925 110 826 957 141 459 21 432 163 35 291 216 446 62 61 7 2 245 332 244 77 192 824 469 253 230 25 427 115 901 840 327 817 990 127 253 17 317 250 824 609 487 908 945 336 570 233 493 445 571 261 516 587 0 543 382 832 196 277 53 
451 964 559 592 827 415 764 421 736 765 804 807 755 395 429 231 684 309 886 729 310 911 117 824 328 643 592 484 948 408 814 671 989 854 622 152 187 764 452 769 219 578 251 191 252 670 234 257 617 871 818 821 109 765 928 527 11 216 544 788 141 201 124 543 0 250 404 789 110 68 
250 829 852 927 38 689 602 439 894 942 992 410 899 24 263 519 146 54 901 937 690 799 2 728 381 266 684 444 675 933 535 149 354 689 325 712 731 863 25 835 355 570 604 602 970 302 897 298 446 790 345 732 412 815 36 695 356 815 404 37 230 646 411 382 250 0 376 3 87 553 
519 235 630 526 375 381 661 612 302 95 859 644 179 826 532 749 417 774 934 669 739 619 782 626 842 293 546 203 222 371 232 20 881 842 211 298 240 394 120 749 746 907 678 529 275 304 428 391 863 967 729 63 61 900 265 591 519 682 30 711 317 298 761 832 404 376 0 180 161 852 
961 391 535 769 297 99 619 873 331 473 951 594 784 898 459 227 621 117 208 170 478 606 591 575 85 262 291 670 824 702 471 435 924 556 295 221 705 735 668 120 936 794 865 866 769 147 871 32 956 698 145 216 441 782 31 401 906 25 814 944 920 864 597 196 789 3 180 0 308 880 
44 400 218 609 936 450 500 97 710 429 24 380 779 616 666 734 459 823 855 772 585 790 13 84 719 56 724 555 815 505 499 215 212 855 902 878 73 998 138 809 776 860 482 958 690 544 828 813 398 565 494 70 414 940 37 456 972 354 806 845 25 876 428 277 110 87 161 308 0 49 
886 648 651 679 690 729 282 478 171 205 691 964 67 709 882 970 892 468 263 247 255 942 373 394 704 784 401 621 758 614 303 567 695 621 530 649 335 876 560 894 48 528 856 685 420 514 388 327 290 390 634 604 853 537 176 532 25 749 431 671 475 596 535 53 68 553 852 880 49 0 
0 592 981 601 908 134 574 895 748 436 366 76 268 613 435 421 640 760 312 758 697 867 809 228 454 269 786 66 184 364 640 749 321 249 786 445 496 952 152 871 206 419 816 516 314 606 574 550 241 467 628 491 25 649 416 268 119 537 288 841 503 538 65 87 456 320 653 870 45 787 
592 0 675 523 825 887 502 869 133 196 970 845 34 953 556 172 799 678 466 756 485 58 991 220 475 465 453 401 664 715 988 95 284 317 290 457 993 310 122 397 320 931 411 634 109 192 706 455 213 826 296 858 300 272 202 412 972 289 709 80 46 872 315 47 897 634 162 432 540 799 
981 675 0 274 661 448 211 487 994 132 592 265 988 43 675 505 132 813 90 395 538 506 694 222 487 343 750 450 505 777 595 363 499 177 416 836 474 642 131 789 667 333 340 587 137 55 195 937 673 239 509 740 321 661 342 819 532 128 471 423 397 287 75 246 418 913 533 633 233 586 
601 523 274 0 386 746 459 895 733 738 645 870 833 394 334 439 406 496 268 292 873 604 578 40 241 628 50 292 934 601 324 264 518 5 33 652 124 303 241 240 507 785 236 255 320 921 798 674 532 552 133 291 746 496 668 702 781 365 705 936 475 621 666 804 588 834 645 641 760 673 
908 825 661 386 0 694 784 153 520 378 180 989 534 648 521 212 183 3 953 808 754 887 160 600 266 895 803 20 278 447 493 193 754 415 664 318 382 710 955 515 357 726 435 552 904 45 765 118 432 690 901 888 783 672 141 961 322 883 799 908 249 577 736 641 843 8 426 146 970 486 
134 887 448 746 694 0 559 461 269 626 152 935 440 127 716 603 403 678 173 198 781 548 787 585 165 57 54 131 492 929 975 928 846 234 220 479 32 453 720 55 669 753 711 484 466 52 379 147 467 422 63 273 906 645 743 733 572 882 60 607 298 279 693 49 350 735 353 190 317 627 
574 502 211 459 784 559 0 606 411 828 675 105 357 849 436 173 856 681 878 936 732 461 440 250 895 489 324 149 288 232 784 132 792 474 853 145 336 120 194 20 854 305 378 981 906 559 268 485 432 981 99 844 945 732 738 605 648 832 797 516 367 940 342 660 774 621 578 797 291 360 
