50 3
0 804 871 10 989 964 407 983 342 597 424 458 53 774 855 609 77 497 529 285 294 698 64 864 330 295 925 906 191 676 550 947 700 889 893 129 55 740 920 695 27 66 170 839 289 467 890 938 557 331 
804 0 963 700 229 884 328 999 969 400 898 74 678 603 406 299 346 164 368 341 670 736 985 165 165 642 97 292 470 301 299 806 556 955 919 138 646 633 749 428 234 8 445 514 286 320 724 879 437 677 
871 963 0 430 124 536 213 843 282 194 251 996 232 959 438 174 66 134 900 131 752 298 136 827 661 279 368 760 466 47 518 182 792 790 937 191 635 632 628 288 30 234 892 760 637 478 832 497 161 714 
10 700 430 0 835 23 810 624 25 307 879 947 408 100 899 956 653 40 856 85 73 989 811 333 155 594 263 958 457 531 531 529 751 889 914 639 113 227 784 519 41 851 200 590 537 74 537 41 274 447 
989 229 124 835 0 620 30 117 941 375 332 251 774 113 269 871 747 677 811 341 684 504 687 132 164 550 177 426 484 982 187 839 297 841 503 525 159 413 969 325 776 440 501 388 470 784 596 712 6 434 
964 884 536 23 620 0 789 303 188 842 508 3 60 170 680 618 717 625 659 608 391 522 305 579 454 818 199 504 297 749 367 179 485 439 737 161 588 536 51 789 771 396 59 390 223 414 183 364 501 111 
407 328 213 810 30 789 0 839 111 651 258 144 718 557 613 133 760 594 39 327 333 515 675 732 622 247 981 560 434 421 629 648 681 395 763 829 895 502 273 672 51 755 821 722 924 556 182 710 554 322 
983 999 843 624 117 303 839 0 926 633 103 763 472 502 192 562 270 270 478 919 765 724 649 315 20 923 947 297 199 145 814 557 91 534 416 295 27 682 925 304 769 637 659 152 946 841 664 529 874 679 
342 969 282 25 941 188 111 926 0 814 110 97 676 168 237 251 550 469 380 164 312 100 582 497 210 150 343 13 447 684 692 232 726 834 219 446 854 347 700 61 323 522 342 2 556 341 255 454 586 630 
597 400 194 307 375 842 651 633 814 0 475 751 882 842 489 924 598 519 626 230 295 855 857 413 7 138 530 141 44 387 660 680 602 648 400 923 313 958 871 12 899 512 262 607 123 432 808 385 429 179 
424 898 251 879 332 508 258 103 110 475 0 955 730 966 519 242 474 556 589 925 715 487 711 249 602 887 475 871 477 367 723 498 323 222 294 421 734 360 458 124 746 657 780 602 231 437 165 536 108 337 
458 74 996 947 251 3 144 763 97 751 955 0 718 312 167 651 408 862 122 650 2 572 945 216 924 314 189 284 691 575 240 100 172 817 298 534 324 591 697 152 408 921 179 783 788 622 11 370 422 94 
53 678 232 408 774 60 718 472 676 882 730 718 0 785 1000 663 442 360 152 389 656 435 437 780 31 210 415 616 393 760 279 70 835 34 512 461 700 540 377 50 674 126 545 912 679 498 479 42 927 526 
774 603 959 100 113 170 557 502 168 842 966 312 785 0 492 781 634 524 360 986 493 626 443 400 771 162 94 253 468 41 837 717 915 664 924 310 792 700 669 374 791 242 176 526 999 893 465 310 710 300 
855 406 438 899 269 680 613 192 237 489 519 167 1000 492 0 338 235 762 953 226 160 534 132 949 4 29 694 720 340 581 43 793 979 944 497 131 355 136 31 67 432 792 312 132 682 190 923 431 656 728 
609 299 174 956 871 618 133 562 251 924 242 651 663 781 338 0 849 806 431 470 940 834 867 8 517 155 470 332 278 290 612 990 208 751 935 577 979 592 370 909 292 774 376 645 351 758 755 871 5 275 
77 346 66 653 747 717 760 270 550 598 474 408 442 634 235 849 0 790 787 125 874 466 48 544 752 979 261 604 360 122 847 316 51 549 465 73 383 883 248 707 921 214 996 974 860 758 340 634 470 853 
497 164 134 40 677 625 594 270 469 519 556 862 360 524 762 806 790 0 195 42 446 117 543 638 290 585 543 972 425 267 292 274 683 596 719 12 125 59 770 356 29 793 424 409 205 647 896 928 67 899 
529 368 900 856 811 659 39 478 380 626 589 122 152 360 953 431 787 195 0 51 443 961 886 696 980 147 188 272 675 398 371 407 161 369 968 994 812 782 540 45 317 181 574 541 946 787 797 254 756 95 
285 341 131 85 341 608 327 919 164 230 925 650 389 986 226 470 125 42 51 0 315 200 874 380 536 244 795 547 510 789 974 795 146 231 21 358 95 769 630 580 342 388 579 642 212 659 30 661 124 915 
294 670 752 73 684 391 333 765 312 295 715 2 656 493 160 940 874 446 443 315 0 711 254 536 185 58 321 353 105 962 611 911 351 924 360 153 162 507 21 493 499 40 60 940 78 9 940 144 364 452 
698 736 298 989 504 522 515 724 100 855 487 572 435 626 534 834 466 117 961 200 711 0 499 130 829 285 306 472 197 496 635 20 358 176 604 212 639 910 96 873 754 964 691 63 917 124 239 919 840 719 
64 985 136 811 687 305 675 649 582 857 711 945 437 443 132 867 48 543 886 874 254 499 0 410 736 896 165 774 751 941 263 452 825 154 327 543 434 900 96 666 922 127 249 459 906 628 585 104 668 438 
864 165 827 333 132 579 732 315 497 413 249 216 780 400 949 8 544 638 696 380 536 130 410 0 78 515 602 853 267 617 657 947 849 579 730 641 147 610 780 409 428 587 121 79 397 863 221 273 352 753 
330 165 661 155 164 454 622 20 210 7 602 924 31 771 4 517 752 290 980 536 185 829 736 78 0 279 52 585 129 223 749 503 582 854 441 559 615 357 456 138 934 689 566 197 821 734 660 697 746 203 
295 642 279 594 550 818 247 923 150 138 887 314 210 162 29 155 979 585 147 244 58 285 896 515 279 0 70 455 846 321 208 219 383 751 770 649 892 981 409 806 721 558 146 101 343 581 495 847 9 980 
925 97 368 263 177 199 981 947 343 530 475 189 415 94 694 470 261 543 188 795 321 306 165 602 52 70 0 521 108 443 252 158 420 251 80 3 544 398 367 904 228 345 386 919 259 485 377 158 571 574 
906 292 760 958 426 504 560 297 13 141 871 284 616 253 720 332 604 972 272 547 353 472 774 853 585 455 521 0 219 157 824 731 70 401 904 796 510 492 597 961 606 647 162 133 244 615 825 322 930 161 
191 470 466 457 484 297 434 199 447 44 477 691 393 468 340 278 360 425 675 510 105 197 751 267 129 846 108 219 0 253 825 807 713 278 173 560 131 552 323 737 609 90 778 161 917 139 332 504 659 727 
676 301 47 531 982 749 421 145 684 387 367 575 760 41 581 290 122 267 398 789 962 496 941 617 223 321 443 157 253 0 749 79 655 387 410 188 656 432 981 726 115 838 227 552 653 808 439 510 147 512 
550 299 518 531 187 367 629 814 692 660 723 240 279 837 43 612 847 292 371 974 611 635 263 657 749 208 252 824 825 749 0 850 891 194 375 932 825 944 115 807 117 167 8 492 861 595 820 680 437 351 
947 806 182 529 839 179 648 557 232 680 498 100 70 717 793 990 316 274 407 795 911 20 452 947 503 219 158 731 807 79 850 0 464 157 794 265 901 624 266 194 992 975 352 113 99 168 444 39 427 258 
700 556 792 751 297 485 681 91 726 602 323 172 835 915 979 208 51 683 161 146 351 358 825 849 582 383 420 70 713 655 891 464 0 445 316 385 215 890 767 468 464 40 92 724 545 634 670 859 431 923 
889 955 790 889 841 439 395 534 834 648 222 817 34 664 944 751 549 596 369 231 924 176 154 579 854 751 251 401 278 387 194 157 445 0 164 158 573 847 959 765 625 923 630 832 920 376 876 703 814 231 
893 919 937 914 503 737 763 416 219 400 294 298 512 924 497 935 465 719 968 21 360 604 327 730 441 770 80 904 173 410 375 794 316 164 0 275 983 357 445 217 488 798 989 454 440 412 465 74 990 896 
129 138 191 639 525 161 829 295 446 923 421 534 461 310 131 577 73 12 994 358 153 212 543 641 559 649 3 796 560 188 932 265 385 158 275 0 872 811 842 27 586 467 414 547 848 469 648 365 823 269 
55 646 635 113 159 588 895 27 854 313 734 324 700 792 355 979 383 125 812 95 162 639 434 147 615 892 544 510 131 656 825 901 215 573 983 872 0 979 928 216 170 449 500 741 407 808 114 801 964 240 
740 633 632 227 413 536 502 682 347 958 360 591 540 700 136 592 883 59 782 769 507 910 900 610 357 981 398 492 552 432 944 624 890 847 357 811 979 0 853 230 880 385 102 389 640 973 935 92 581 881 
920 749 628 784 969 51 273 925 700 871 458 697 377 669 31 370 248 770 540 630 21 96 96 780 456 409 367 597 323 981 115 266 767 959 445 842 928 853 0 78 947 428 955 88 417 555 328 733 815 883 
695 428 288 519 325 789 672 304 61 12 124 152 50 374 67 909 707 356 45 580 493 873 666 409 138 806 904 961 737 726 807 194 468 765 217 27 216 230 78 0 272 903 411 471 666 864 857 519 272 117 
27 234 30 41 776 771 51 769 323 899 746 408 674 791 432 292 921 29 317 342 499 754 922 428 934 721 228 606 609 115 117 992 464 625 488 586 170 880 947 272 0 185 295 365 815 232 582 301 992 480 
66 8 234 851 440 396 755 637 522 512 657 921 126 242 792 774 214 793 181 388 40 964 127 587 689 558 345 647 90 838 167 975 40 923 798 467 449 385 428 903 185 0 446 556 937 483 661 586 316 702 
170 445 892 200 501 59 821 659 342 262 780 179 545 176 312 376 996 424 574 579 60 691 249 121 566 146 386 162 778 227 8 352 92 630 989 414 500 102 955 411 295 446 0 540 576 516 674 488 651 916 
839 514 760 590 388 390 722 152 2 607 602 783 912 526 132 645 974 409 541 642 940 63 459 79 197 101 919 133 161 552 492 113 724 832 454 547 741 389 88 471 365 556 540 0 587 117 462 322 763 147 
289 286 637 537 470 223 924 946 556 123 231 788 679 999 682 351 860 205 946 212 78 917 906 397 821 343 259 244 917 653 861 99 545 920 440 848 407 640 417 666 815 937 576 587 0 434 309 45 766 576 
467 320 478 74 784 414 556 841 341 432 437 622 498 893 190 758 758 647 787 659 9 124 628 863 734 581 485 615 139 808 595 168 634 376 412 469 808 973 555 864 232 483 516 117 434 0 833 503 563 464 
890 724 832 537 596 183 182 664 255 808 165 11 479 465 923 755 340 896 797 30 940 239 585 221 660 495 377 825 332 439 820 444 670 876 465 648 114 935 328 857 582 661 674 462 309 833 0 872 691 100 
938 879 497 41 712 364 710 529 454 385 536 370 42 310 431 871 634 928 254 661 144 919 104 273 697 847 158 322 504 510 680 39 859 703 74 365 801 92 733 519 301 586 488 322 45 503 872 0 579 225 
557 437 161 274 6 501 554 874 586 429 108 422 927 710 656 5 470 67 756 124 364 840 668 352 746 9 571 930 659 147 437 427 431 814 990 823 964 581 815 272 992 316 651 763 766 563 691 579 0 45 
331 677 714 447 434 111 322 679 630 179 337 94 526 300 728 275 853 899 95 915 452 719 438 753 203 980 574 161 727 512 351 258 923 231 896 269 240 881 883 117 480 702 916 147 576 464 100 225 45 0 
0 244 910 52 785 867 955 853 655 678 986 500 607 48 133 291 18 593 487 531 669 998 593 342 961 738 178 370 576 650 361 547 515 203 850 644 174 726 616 12 918 863 729 332 695 13 749 804 119 602 
244 0 390 810 992 64 683 639 305 614 603 820 951 886 638 343 939 940 655 871 784 42 187 362 217 690 477 893 305 859 185 949 189 860 476 655 226 544 341 98 152 497 670 415 224 506 790 45 374 776 
910 390 0 378 483 304 810 741 513 333 945 368 255 663 992 518 989 326 668 888 724 296 879 299 33 181 69 81 86 865 206 848 290 216 93 792 651 717 921 615 968 370 862 55 523 293 679 415 796 202 
52 810 378 0 470 217 548 686 77 721 865 584 397 13 249 237 67 750 787 148 706 76 138 664 140 409 603 971 458 816 195 891 269 748 44 451 640 854 817 313 290 561 634 355 182 579 87 153 915 217 
785 992 483 470 0 425 312 531 723 881 81 656 191 539 890 755 413 664 91 638 1000 840 737 564 78 246 282 489 354 663 404 568 577 550 619 274 988 569 548 700 952 249 270 133 260 992 864 629 308 836 
867 64 304 217 425 0 178 201 718 549 900 805 214 235 370 385 509 323 29 883 237 172 282 105 23 164 554 305 984 287 653 516 908 873 368 146 798 4 19 230 665 466 296 162 553 115 825 199 126 433 
955 683 810 548 312 178 0 407 291 934 724 695 215 73 970 898 790 871 641 98 403 501 525 619 492 853 12 118 727 552 507 598 170 935 614 444 205 193 885 617 94 200 242 496 876 728 826 872 615 127 
853 639 741 686 531 201 407 0 587 544 757 806 127 913 823 957 974 439 893 405 93 436 217 559 916 335 127 376 426 66 746 986 668 586 905 628 181 770 981 826 344 382 147 780 164 84 790 338 61 57 
655 305 513 77 723 718 291 587 0 886 978 137 289 728 724 596 352 217 374 519 353 407 124 971 761 405 220 690 84 490 135 367 205 71 77 529 616 757 700 855 286 339 64 495 644 356 831 248 616 926 
678 614 333 721 881 549 934 544 886 0 921 80 775 595 18 408 17 942 960 601 152 430 77 640 61 966 322 257 478 260 42 770 536 450 493 773 67 799 436 702 284 426 536 781 663 319 785 147 50 750 
986 603 945 865 81 900 724 757 978 921 0 399 175 522 8 234 77 782 543 674 260 577 34 447 280 196 117 623 903 393 266 818 449 986 638 182 788 612 920 720 527 859 344 107 301 383 473 429 146 827 
500 820 368 584 656 805 695 806 137 80 399 0 560 577 409 336 174 98 266 921 99 449 904 478 603 950 446 350 57 777 735 670 874 348 309 102 357 826 848 554 781 242 64 764 597 41 684 184 180 541 
607 951 255 397 191 214 215 127 289 775 175 560 0 835 276 566 833 799 281 738 606 128 604 578 358 597 872 573 937 421 219 157 741 606 632 980 178 787 700 331 999 914 156 967 325 931 351 909 11 371 
48 886 663 13 539 235 73 913 728 595 522 577 835 0 207 520 532 933 57 38 568 946 455 257 715 785 77 603 728 91 26 510 229 651 748 2 175 974 380 655 330 442 506 682 40 254 141 540 584 347 
133 638 992 249 890 370 970 823 724 18 8 409 276 207 0 285 136 940 313 345 241 518 114 815 530 807 533 623 198 230 46 306 255 750 93 912 194 901 797 17 141 673 778 405 568 913 562 720 734 181 
291 343 518 237 755 385 898 957 596 408 234 336 566 520 285 0 384 236 643 906 495 633 884 717 427 274 75 340 584 662 289 810 654 442 985 727 741 143 962 975 66 181 140 762 986 91 190 893 280 475 
18 939 989 67 413 509 790 974 352 17 77 174 833 532 136 384 0 548 358 961 523 422 624 362 209 498 238 918 580 244 469 55 125 719 675 251 227 192 990 332 202 412 222 912 65 496 539 367 750 943 
593 940 326 750 664 323 871 439 217 942 782 98 799 933 940 236 548 0 747 828 825 713 1 125 204 499 825 306 102 674 340 791 799 541 805 790 241 780 553 699 241 216 994 581 689 727 569 218 500 249 
487 655 668 787 91 29 641 893 374 960 543 266 281 57 313 643 358 747 0 435 840 956 860 482 524 315 852 299 799 387 946 824 704 346 921 496 288 78 949 196 836 805 522 661 118 361 856 504 763 752 
531 871 888 148 638 883 98 405 519 601 674 921 738 38 345 906 961 828 435 0 631 176 244 669 880 203 471 269 555 479 73 73 611 254 270 42 687 708 531 739 997 20 802 478 625 50 725 359 453 657 
669 784 724 706 1000 237 403 93 353 152 260 99 606 568 241 495 523 825 840 631 0 184 534 808 415 388 36 988 329 4 562 306 173 225 801 545 200 701 462 227 121 371 437 791 91 148 809 532 856 667 
998 42 296 76 840 172 501 436 407 430 577 449 128 946 518 633 422 713 956 176 184 0 880 489 51 184 824 888 441 861 530 771 715 915 972 92 768 957 990 982 17 833 836 729 186 336 133 110 209 819 
593 187 879 138 737 282 525 217 124 77 34 904 604 455 114 884 624 1 860 244 534 880 0 298 948 28 571 381 137 283 668 883 842 102 52 610 120 870 42 999 957 324 897 112 757 981 518 707 186 366 
342 362 299 664 564 105 619 559 971 640 447 478 578 257 815 717 362 125 482 669 808 489 298 0 994 806 228 434 694 81 753 266 438 76 496 950 502 789 832 736 418 760 555 777 517 641 196 452 435 526 
961 217 33 140 78 23 492 916 761 61 280 603 358 715 530 427 209 204 524 880 415 51 948 994 0 968 179 493 614 269 217 198 618 149 307 366 865 978 161 740 351 727 151 723 119 892 138 638 271 735 
738 690 181 409 246 164 853 335 405 966 196 950 597 785 807 274 498 499 315 203 388 184 28 806 968 0 806 86 826 120 411 491 207 379 789 95 447 61 269 970 132 890 807 734 69 681 893 742 468 874 
178 477 69 603 282 554 12 127 220 322 117 446 872 77 533 75 238 825 852 471 36 824 571 228 179 806 0 39 761 383 132 522 994 387 637 490 414 137 446 397 354 292 991 301 418 519 123 585 782 702 
370 893 81 971 489 305 118 376 690 257 623 350 573 603 623 340 918 306 299 269 988 888 381 434 493 86 39 0 975 7 490 472 369 477 772 362 119 162 68 165 98 41 434 502 619 921 784 297 310 113 
576 305 86 458 354 984 727 426 84 478 903 57 937 728 198 584 580 102 799 555 329 441 137 694 614 826 761 975 0 768 24 425 130 662 972 218 21 686 572 911 46 290 240 244 609 38 266 93 578 588 
650 859 865 816 663 287 552 66 490 260 393 777 421 91 230 662 244 674 387 479 4 861 283 81 269 120 383 7 768 0 284 341 15 506 731 962 313 593 906 71 561 976 563 644 179 23 893 972 232 719 
361 185 206 195 404 653 507 746 135 42 266 735 219 26 46 289 469 340 946 73 562 530 668 753 217 411 132 490 24 284 0 266 716 97 870 533 221 495 161 638 909 721 866 823 607 906 586 226 19 170 
547 949 848 891 568 516 598 986 367 770 818 670 157 510 306 810 55 791 824 73 306 771 883 266 198 491 522 472 425 341 266 0 289 898 668 54 65 211 772 583 176 64 772 673 951 896 514 747 588 457 
515 189 290 269 577 908 170 668 205 536 449 874 741 229 255 654 125 799 704 611 173 715 842 438 618 207 994 369 130 15 716 289 0 211 230 385 57 143 785 111 217 674 105 968 245 722 869 236 579 421 
203 860 216 748 550 873 935 586 71 450 986 348 606 651 750 442 719 541 346 254 225 915 102 76 149 379 387 477 662 506 97 898 211 0 373 209 361 534 362 396 939 646 677 498 654 45 83 90 6 805 
850 476 93 44 619 368 614 905 77 493 638 309 632 748 93 985 675 805 921 270 801 972 52 496 307 789 637 772 972 731 870 668 230 373 0 378 915 476 542 494 717 33 651 554 532 76 809 464 6 662 
644 655 792 451 274 146 444 628 529 773 182 102 980 2 912 727 251 790 496 42 545 92 610 950 366 95 490 362 218 962 533 54 385 209 378 0 838 510 15 777 83 431 667 755 686 722 367 827 305 464 
174 226 651 640 988 798 205 181 616 67 788 357 178 175 194 741 227 241 288 687 200 768 120 502 865 447 414 119 21 313 221 65 57 361 915 838 0 661 507 61 967 143 430 110 722 782 747 526 985 605 
726 544 717 854 569 4 193 770 757 799 612 826 787 974 901 143 192 780 78 708 701 957 870 789 978 61 137 162 686 593 495 211 143 534 476 510 661 0 801 192 115 442 965 350 355 938 616 516 514 939 
616 341 921 817 548 19 885 981 700 436 920 848 700 380 797 962 990 553 949 531 462 990 42 832 161 269 446 68 572 906 161 772 785 362 542 15 507 801 0 782 97 644 182 592 30 861 755 583 625 130 
12 98 615 313 700 230 617 826 855 702 720 554 331 655 17 975 332 699 196 739 227 982 999 736 740 970 397 165 911 71 638 583 111 396 494 777 61 192 782 0 257 516 41 127 41 607 719 194 584 631 
918 152 968 290 952 665 94 344 286 284 527 781 999 330 141 66 202 241 836 997 121 17 957 418 351 132 354 98 46 561 909 176 217 939 717 83 967 115 97 257 0 353 489 841 475 762 171 680 319 170 
863 497 370 561 249 466 200 382 339 426 859 242 914 442 673 181 412 216 805 20 371 833 324 760 727 890 292 41 290 976 721 64 674 646 33 431 143 442 644 516 353 0 373 272 54 586 221 759 662 422 
729 670 862 634 270 296 242 147 64 536 344 64 156 506 778 140 222 994 522 802 437 836 897 555 151 807 991 434 240 563 866 772 105 677 651 667 430 965 182 41 489 373 0 922 642 130 996 840 453 596 
332 415 55 355 133 162 496 780 495 781 107 764 967 682 405 762 912 581 661 478 791 729 112 777 723 734 301 502 244 644 823 673 968 498 554 755 110 350 592 127 841 272 922 0 386 634 436 149 432 640 
695 224 523 182 260 553 876 164 644 663 301 597 325 40 568 986 65 689 118 625 91 186 757 517 119 69 418 619 609 179 607 951 245 654 532 686 722 355 30 41 475 54 642 386 0 935 77 303 433 681 
13 506 293 579 992 115 728 84 356 319 383 41 931 254 913 91 496 727 361 50 148 336 981 641 892 681 519 921 38 23 906 896 722 45 76 722 782 938 861 607 762 586 130 634 935 0 364 633 542 188 
749 790 679 87 864 825 826 790 831 785 473 684 351 141 562 190 539 569 856 725 809 133 518 196 138 893 123 784 266 893 586 514 869 83 809 367 747 616 755 719 171 221 996 436 77 364 0 770 888 430 
804 45 415 153 629 199 872 338 248 147 429 184 909 540 720 893 367 218 504 359 532 110 707 452 638 742 585 297 93 972 226 747 236 90 464 827 526 516 583 194 680 759 840 149 303 633 770 0 213 544 
119 374 796 915 308 126 615 61 616 50 146 180 11 584 734 280 750 500 763 453 856 209 186 435 271 468 782 310 578 232 19 588 579 6 6 305 985 514 625 584 319 662 453 432 433 542 888 213 0 143 
602 776 202 217 836 433 127 57 926 750 827 541 371 347 181 475 943 249 752 657 667 819 366 526 735 874 702 113 588 719 170 457 421 805 662 464 605 939 130 631 170 422 596 640 681 188 430 544 143 0 
0 222 872 262 616 903 738 903 679 366 646 783 881 92 83 790 377 23 45 71 614 939 688 79 268 326 245 967 693 837 363 73 887 755 858 562 117 901 656 223 779 733 497 466 874 246 841 919 103 948 
222 0 234 464 507 764 788 649 613 393 869 740 596 818 6 10 860 957 639 843 678 643 308 743 418 555 240 706 221 508 280 697 444 587 205 365 40 404 102 36 279 377 987 246 296 124 726 307 410 702 
872 234 0 372 221 344 580 877 560 808 912 667 777 70 32 705 650 416 693 485 747 560 660 223 714 27 512 456 231 194 381 435 214 188 174 736 456 269 363 320 781 214 559 393 583 581 484 30 542 470 
262 464 372 0 505 354 912 845 780 957 970 554 207 372 70 318 76 11 656 213 745 86 66 403 12 51 911 999 108 607 412 962 264 841 371 125 477 519 957 584 595 127 904 349 131 938 485 25 639 489 
616 507 221 505 0 303 875 518 947 704 504 482 497 663 404 779 408 382 16 241 640 975 902 533 288 85 165 91 78 778 100 250 926 199 626 80 992 531 442 685 945 648 439 579 87 838 490 900 243 302 
903 764 344 354 303 0 136 482 919 392 743 200 659 950 731 641 850 586 130 347 402 165 700 329 95 531 771 145 258 102 504 358 817 667 311 610 522 34 541 522 437 420 62 442 587 600 749 906 231 456 
738 788 580 912 875 136 0 217 626 582 512 342 295 78 986 858 791 742 537 234 333 207 898 833 825 327 581 543 785 103 383 531 165 581 784 468 133 264 522 374 513 382 438 650 588 784 836 761 59 610 
903 649 877 845 518 482 217 0 675 469 806 486 407 425 363 623 900 787 817 825 897 438 747 554 784 720 388 201 18 338 374 955 578 550 848 348 34 349 209 777 450 143 410 465 70 249 707 283 262 39 
679 613 560 780 947 919 626 675 0 911 527 512 196 221 108 753 909 144 531 794 278 699 399 721 281 810 573 672 378 187 19 335 504 534 469 875 736 867 669 504 751 455 257 444 588 137 875 15 28 844 
366 393 808 957 704 392 582 469 911 0 530 64 935 640 356 157 162 702 728 498 65 465 194 161 190 740 110 817 908 64 202 962 840 228 104 203 297 639 534 296 399 520 845 966 734 524 373 748 394 605 
646 869 912 970 504 743 512 806 527 530 0 989 198 703 55 81 17 369 735 280 237 574 50 331 180 42 621 793 812 716 216 753 511 854 703 578 696 611 467 655 556 467 717 122 197 427 29 604 430 890 
783 740 667 554 482 200 342 486 512 64 989 0 351 293 625 788 232 519 370 935 389 783 591 633 332 633 24 184 324 163 493 855 676 25 238 405 833 969 666 642 802 178 815 916 534 262 408 149 277 944 
881 596 777 207 497 659 295 407 196 935 198 351 0 74 372 964 435 684 567 942 232 263 386 685 470 497 897 300 396 330 375 452 456 826 941 585 447 1 531 486 733 893 435 284 733 940 12 777 753 401 
92 818 70 372 663 950 78 425 221 640 703 293 74 0 756 940 294 943 14 120 171 337 35 902 652 691 204 862 91 935 188 531 558 667 531 385 155 458 394 446 89 606 46 474 145 633 181 358 106 237 
83 6 32 70 404 731 986 363 108 356 55 625 372 756 0 67 490 690 226 164 527 376 572 634 538 925 687 547 885 791 462 301 489 489 117 951 316 879 476 627 179 977 810 607 553 951 892 939 934 773 
790 10 705 318 779 641 858 623 753 157 81 788 964 940 67 0 833 278 609 769 355 714 804 387 364 642 297 560 484 650 731 997 503 946 920 570 362 223 671 996 63 61 593 447 437 272 180 755 282 220 
377 860 650 76 408 850 791 900 909 162 17 232 435 294 490 833 0 827 116 837 271 321 801 900 793 417 629 790 552 161 910 19 257 426 521 474 662 364 805 250 299 487 143 411 535 38 296 882 379 412 
23 957 416 11 382 586 742 787 144 702 369 519 684 943 690 278 827 0 757 747 445 805 201 152 460 937 970 173 95 818 302 294 714 542 791 996 531 803 176 330 337 109 687 911 660 442 583 167 75 130 
45 639 693 656 16 130 537 817 531 728 735 370 567 14 226 609 116 757 0 313 933 537 204 340 418 187 755 292 234 487 385 59 345 77 978 407 338 296 974 614 695 904 764 128 109 270 822 59 962 787 
71 843 485 213 241 347 234 825 794 498 280 935 942 120 164 769 837 747 313 0 705 58 383 395 998 326 70 730 232 489 334 297 599 430 725 73 528 654 243 529 146 3 488 367 956 149 459 490 894 149 
614 678 747 745 640 402 333 897 278 65 237 389 232 171 527 355 271 445 933 705 0 989 292 566 148 312 3 573 35 374 567 645 352 275 597 264 134 420 700 58 480 646 906 591 458 219 328 774 845 243 
939 643 560 86 975 165 207 438 699 465 574 783 263 337 376 714 321 805 537 58 989 0 803 992 800 517 628 562 968 633 92 956 648 366 977 461 599 724 534 920 69 961 421 795 301 72 489 131 731 185 
688 308 660 66 902 700 898 747 399 194 50 591 386 35 572 804 801 201 204 383 292 803 0 716 801 561 141 247 16 468 907 219 947 189 254 790 207 966 260 319 886 503 290 385 812 711 98 76 509 10 
79 743 223 403 533 329 833 554 721 161 331 633 685 902 634 387 900 152 340 395 566 992 716 0 73 571 463 807 413 175 451 714 266 70 707 910 896 665 656 816 490 868 586 459 267 770 27 650 876 765 
268 418 714 12 288 95 825 784 281 190 180 332 470 652 538 364 793 460 418 998 148 800 801 73 0 716 197 257 395 369 840 92 454 360 113 595 882 667 57 648 486 303 260 810 47 711 129 424 93 365 
326 555 27 51 85 531 327 720 810 740 42 633 497 691 925 642 417 937 187 326 312 517 561 571 716 0 896 53 677 136 185 437 405 101 459 166 322 259 80 575 529 827 198 748 444 549 794 786 341 481 
245 240 512 911 165 771 581 388 573 110 621 24 897 204 687 297 629 970 755 70 3 628 141 463 197 896 0 201 790 488 272 207 937 517 940 663 645 739 836 818 121 801 499 289 448 822 78 679 940 907 
967 706 456 999 91 145 543 201 672 817 793 184 300 862 547 560 790 173 292 730 573 562 247 807 257 53 201 0 947 324 514 709 562 815 590 360 742 58 249 697 217 292 472 326 23 448 390 397 868 320 
693 221 231 108 78 258 785 18 378 908 812 324 396 91 885 484 552 95 234 232 35 968 16 413 395 677 790 947 0 742 283 436 34 645 862 434 382 679 173 397 243 200 345 413 915 868 699 129 660 853 
837 508 194 607 778 102 103 338 187 64 716 163 330 935 791 650 161 818 487 489 374 633 468 175 369 136 488 324 742 0 562 341 216 412 896 723 173 912 290 299 658 451 511 565 27 125 542 632 38 697 
363 280 381 412 100 504 383 374 19 202 216 493 375 188 462 731 910 302 385 334 567 92 907 451 840 185 272 514 283 562 0 368 616 216 972 395 813 626 403 615 722 221 572 745 249 756 256 365 199 384 
73 697 435 962 250 358 531 955 335 962 753 855 452 531 301 997 19 294 59 297 645 956 219 714 92 437 207 709 436 341 368 0 2 911 992 277 314 215 693 781 521 783 730 692 975 515 476 369 900 492 
887 444 214 264 926 817 165 578 504 840 511 676 456 558 489 503 257 714 345 599 352 648 947 266 454 405 937 562 34 216 616 2 0 973 759 832 433 352 619 113 937 414 83 747 211 772 862 25 295 187 
755 587 188 841 199 667 581 550 534 228 854 25 826 667 489 946 426 542 77 430 275 366 189 70 360 101 517 815 645 412 216 911 973 0 789 916 313 261 797 315 465 916 993 375 857 8 279 550 169 545 
858 205 174 371 626 311 784 848 469 104 703 238 941 531 117 920 521 791 978 725 597 977 254 707 113 459 940 590 862 896 972 992 759 789 0 231 851 182 643 293 709 158 545 646 871 679 394 700 698 847 
562 365 736 125 80 610 468 348 875 203 578 405 585 385 951 570 474 996 407 73 264 461 790 910 595 166 663 360 434 723 395 277 832 916 231 0 843 626 370 927 298 785 505 732 483 569 100 663 401 416 
117 40 456 477 992 522 133 34 736 297 696 833 447 155 316 362 662 531 338 528 134 599 207 896 882 322 645 742 382 173 813 314 433 313 851 843 0 548 541 624 685 114 775 278 283 348 306 651 520 305 
901 404 269 519 531 34 264 349 867 639 611 969 1 458 879 223 364 803 296 654 420 724 966 665 667 259 739 58 679 912 626 215 352 261 182 626 548 0 450 86 168 724 860 465 368 776 754 947 406 500 
656 102 363 957 442 541 522 209 669 534 467 666 531 394 476 671 805 176 974 243 700 534 260 656 57 80 836 249 173 290 403 693 619 797 643 370 541 450 0 936 198 685 156 17 29 630 712 595 746 22 
223 36 320 584 685 522 374 777 504 296 655 642 486 446 627 996 250 330 614 529 58 920 319 816 648 575 818 697 397 299 615 781 113 315 293 927 624 86 936 0 534 878 659 509 7 237 634 853 452 686 
779 279 781 595 945 437 513 450 751 399 556 802 733 89 179 63 299 337 695 146 480 69 886 490 486 529 121 217 243 658 722 521 937 465 709 298 685 168 198 534 0 206 646 852 680 819 350 587 772 382 
733 377 214 127 648 420 382 143 455 520 467 178 893 606 977 61 487 109 904 3 646 961 503 868 303 827 801 292 200 451 221 783 414 916 158 785 114 724 685 878 206 0 487 724 318 976 652 665 620 518 
497 987 559 904 439 62 438 410 257 845 717 815 435 46 810 593 143 687 764 488 906 421 290 586 260 198 499 472 345 511 572 730 83 993 545 505 775 860 156 659 646 487 0 565 716 309 997 872 458 765 
466 246 393 349 579 442 650 465 444 966 122 916 284 474 607 447 411 911 128 367 591 795 385 459 810 748 289 326 413 565 745 692 747 375 646 732 278 465 17 509 852 724 565 0 435 472 238 192 932 440 
874 296 583 131 87 587 588 70 588 734 197 534 733 145 553 437 535 660 109 956 458 301 812 267 47 444 448 23 915 27 249 975 211 857 871 483 283 368 29 7 680 318 716 435 0 927 292 315 176 768 
246 124 581 938 838 600 784 249 137 524 427 262 940 633 951 272 38 442 270 149 219 72 711 770 711 549 822 448 868 125 756 515 772 8 679 569 348 776 630 237 819 976 309 472 927 0 712 459 217 464 
841 726 484 485 490 749 836 707 875 373 29 408 12 181 892 180 296 583 822 459 328 489 98 27 129 794 78 390 699 542 256 476 862 279 394 100 306 754 712 634 350 652 997 238 292 712 0 771 659 871 
919 307 30 25 900 906 761 283 15 748 604 149 777 358 939 755 882 167 59 490 774 131 76 650 424 786 679 397 129 632 365 369 25 550 700 663 651 947 595 853 587 665 872 192 315 459 771 0 329 71 
103 410 542 639 243 231 59 262 28 394 430 277 753 106 934 282 379 75 962 894 845 731 509 876 93 341 940 868 660 38 199 900 295 169 698 401 520 406 746 452 772 620 458 932 176 217 659 329 0 236 
948 702 470 489 302 456 610 39 844 605 890 944 401 237 773 220 412 130 787 149 243 185 10 765 365 481 907 320 853 697 384 492 187 545 847 416 305 500 22 686 382 518 765 440 768 464 871 71 236 0 
0 245 143 19 497 943 657 873 682 243 536 216 267 295 280 115 51 854 810 427 260 978 388 324 634 393 308 378 980 433 494 584 477 611 865 918 247 331 232 925 698 753 395 859 927 12 805 864 202 960 
245 0 773 556 611 216 196 941 302 753 437 839 923 749 466 715 969 926 892 324 689 242 387 715 137 756 792 782 405 855 392 604 252 734 617 936 115 825 342 474 355 454 665 541 447 536 936 876 963 801 
143 773 0 99 335 331 952 994 285 36 252 654 230 258 856 375 927 453 791 379 515 658 513 851 203 503 419 402 456 631 379 997 494 656 307 647 445 941 757 455 407 384 143 286 667 665 560 729 759 301 
19 556 99 0 368 344 658 558 92 293 536 355 745 273 572 517 283 325 720 138 470 77 925 943 957 570 864 831 271 887 446 846 160 623 542 315 259 445 703 405 623 484 339 391 502 392 283 477 775 273 
497 611 335 368 0 279 34 515 740 574 452 352 136 728 652 225 835 658 742 639 751 121 766 904 61 749 805 781 468 623 201 569 396 216 585 627 952 412 594 423 980 243 126 96 285 369 773 803 202 810 
943 216 331 344 279 0 11 82 895 999 992 596 313 257 134 349 714 22 656 628 625 550 858 847 627 93 536 522 135 547 865 962 435 601 468 155 871 370 55 305 540 193 493 490 617 212 979 90 85 896 
657 196 952 658 34 11 0 255 220 914 406 933 358 170 841 976 526 408 212 387 532 517 626 574 503 603 202 83 216 663 558 668 442 605 537 794 138 377 423 475 784 114 573 360 657 884 994 565 665 587 
873 941 994 558 515 82 255 0 511 384 518 967 883 743 685 287 986 883 789 728 65 790 257 315 339 52 425 594 168 592 787 564 666 533 755 676 626 227 644 745 995 289 32 691 409 417 613 985 26 118 
682 302 285 92 740 895 220 511 0 392 588 275 274 417 958 337 770 479 58 939 504 703 296 660 204 489 879 940 7 340 295 141 274 97 280 382 833 563 712 767 234 872 108 74 787 921 226 184 24 791 
243 753 36 293 574 999 914 384 392 0 938 323 585 255 496 114 27 356 952 67 141 839 278 372 539 717 90 354 796 438 76 264 581 191 955 516 221 871 160 827 29 567 363 514 815 178 416 193 211 360 
536 437 252 536 452 992 406 518 588 938 0 269 166 135 462 141 463 714 172 314 500 191 20 416 653 784 101 894 663 416 460 710 323 533 182 91 762 633 314 431 476 804 570 322 891 131 571 212 175 943 
216 839 654 355 352 596 933 967 275 323 269 0 354 450 391 154 436 910 315 849 621 442 485 367 676 710 885 479 481 815 543 519 598 272 656 398 149 338 878 911 159 173 313 719 817 521 619 131 571 335 
267 923 230 745 136 313 358 883 274 585 166 354 0 484 204 449 259 956 324 105 805 176 469 681 235 786 744 686 871 361 128 427 806 762 285 624 692 700 839 274 857 693 217 842 112 514 862 415 619 318 
295 749 258 273 728 257 170 743 417 255 135 450 484 0 19 115 100 237 609 119 420 877 595 214 422 889 274 283 935 20 27 387 288 41 554 249 760 796 254 684 655 722 528 255 551 335 508 500 682 479 
280 466 856 572 652 134 841 685 958 496 462 391 204 19 0 845 236 529 408 521 600 563 57 805 705 491 890 924 485 274 260 343 80 528 426 940 598 739 765 111 202 260 831 424 100 610 145 983 649 429 
115 715 375 517 225 349 976 287 337 114 141 154 449 115 845 0 201 454 261 979 21 798 814 647 229 94 233 409 384 651 590 654 671 766 797 390 873 3 887 326 600 486 375 628 789 302 91 400 660 702 
51 969 927 283 835 714 526 986 770 27 463 436 259 100 236 201 0 702 473 649 385 350 683 233 338 507 111 319 344 457 539 394 388 420 899 281 841 359 987 230 187 701 297 927 781 388 242 526 727 769 
854 926 453 325 658 22 408 883 479 356 714 910 956 237 529 454 702 0 611 787 102 283 54 343 353 267 935 400 194 923 508 554 710 787 636 418 116 907 854 643 261 362 800 495 365 52 669 650 594 397 
810 892 791 720 742 656 212 789 58 952 172 315 324 609 408 261 473 611 0 216 477 157 695 846 494 362 311 97 566 107 625 226 482 270 538 757 142 474 247 152 992 766 638 634 473 406 904 229 630 831 
427 324 379 138 639 628 387 728 939 67 314 849 105 119 521 979 649 787 216 0 285 763 691 658 557 545 961 512 870 509 321 470 687 163 31 189 710 415 247 999 656 42 961 217 710 150 836 653 528 898 
260 689 515 470 751 625 532 65 504 141 500 621 805 420 600 21 385 102 477 285 0 76 975 494 550 186 858 686 33 103 740 976 74 143 793 480 464 914 895 271 272 463 892 299 128 692 866 88 618 543 
978 242 658 77 121 550 517 790 703 839 191 442 176 877 563 798 350 283 157 763 76 0 319 428 222 127 825 693 338 814 403 605 758 998 922 589 668 81 617 714 108 854 695 979 497 316 110 71 77 929 
388 387 513 925 766 858 626 257 296 278 20 485 469 595 57 814 683 54 695 691 975 319 0 453 854 589 411 210 201 241 745 928 401 6 78 842 173 797 9 472 614 407 489 583 958 808 293 304 320 483 
324 715 851 943 904 847 574 315 660 372 416 367 681 214 805 647 233 343 846 658 494 428 453 0 550 309 2 622 609 347 901 634 531 32 67 773 274 14 254 373 546 61 415 479 904 552 815 527 605 921 
634 137 203 957 61 627 503 339 204 539 653 676 235 422 705 229 338 353 494 557 550 222 854 550 0 777 452 413 528 579 34 140 770 512 707 482 861 985 61 694 147 412 141 35 52 439 458 608 631 38 
393 756 503 570 749 93 603 52 489 717 784 710 786 889 491 94 507 267 362 545 186 127 589 309 777 0 592 657 435 177 996 341 93 272 473 22 584 21 944 673 523 959 779 927 173 446 528 638 401 837 
308 792 419 864 805 536 202 425 879 90 101 885 744 274 890 233 111 935 311 961 858 825 411 2 452 592 0 799 712 709 84 201 966 294 504 907 355 758 147 543 455 616 823 673 427 122 275 525 980 914 
378 782 402 831 781 522 83 594 940 354 894 479 686 283 924 409 319 400 97 512 686 693 210 622 413 657 799 0 542 474 870 601 272 657 646 230 703 57 98 548 351 752 365 568 442 910 704 630 195 373 
980 405 456 271 468 135 216 168 7 796 663 481 871 935 485 384 344 194 566 870 33 338 201 609 528 435 712 542 0 618 89 200 217 856 481 490 134 609 953 749 40 874 176 132 885 436 731 54 380 388 
433 855 631 887 623 547 663 592 340 438 416 815 361 20 274 651 457 923 107 509 103 814 241 347 579 177 709 474 618 0 571 153 323 915 435 886 456 352 885 124 161 68 693 909 598 165 852 817 292 309 
494 392 379 446 201 865 558 787 295 76 460 543 128 27 260 590 539 508 625 321 740 403 745 901 34 996 84 870 89 571 0 368 486 606 938 228 518 471 359 571 715 669 799 549 216 536 557 490 45 161 
584 604 997 846 569 962 668 564 141 264 710 519 427 387 343 654 394 554 226 470 976 605 928 634 140 341 201 601 200 153 368 0 710 200 714 128 219 634 278 359 53 194 755 46 727 557 566 72 305 864 
477 252 494 160 396 435 442 666 274 581 323 598 806 288 80 671 388 710 482 687 74 758 401 531 770 93 966 272 217 323 486 710 0 420 254 76 246 268 964 497 81 586 273 427 724 183 401 110 529 183 
611 734 656 623 216 601 605 533 97 191 533 272 762 41 528 766 420 787 270 163 143 998 6 32 512 272 294 657 856 915 606 200 420 0 780 743 453 725 578 561 899 734 226 677 741 630 32 283 368 819 
865 617 307 542 585 468 537 755 280 955 182 656 285 554 426 797 899 636 538 31 793 922 78 67 707 473 504 646 481 435 938 714 254 780 0 23 765 497 551 865 57 104 503 450 659 157 973 967 269 783 
918 936 647 315 627 155 794 676 382 516 91 398 624 249 940 390 281 418 757 189 480 589 842 773 482 22 907 230 490 886 228 128 76 743 23 0 906 410 680 74 228 528 507 502 601 754 174 624 647 103 
247 115 445 259 952 871 138 626 833 221 762 149 692 760 598 873 841 116 142 710 464 668 173 274 861 584 355 703 134 456 518 219 246 453 765 906 0 60 776 11 747 86 248 507 725 955 787 663 826 452 
331 825 941 445 412 370 377 227 563 871 633 338 700 796 739 3 359 907 474 415 914 81 797 14 985 21 758 57 609 352 471 634 268 725 497 410 60 0 621 211 980 562 496 719 633 833 217 391 837 682 
232 342 757 703 594 55 423 644 712 160 314 878 839 254 765 887 987 854 247 247 895 617 9 254 61 944 147 98 953 885 359 278 964 578 551 680 776 621 0 516 384 554 200 433 10 633 344 55 503 652 
925 474 455 405 423 305 475 745 767 827 431 911 274 684 111 326 230 643 152 999 271 714 472 373 694 673 543 548 749 124 571 359 497 561 865 74 11 211 516 0 303 865 365 656 483 639 574 66 294 105 
698 355 407 623 980 540 784 995 234 29 476 159 857 655 202 600 187 261 992 656 272 108 614 546 147 523 455 351 40 161 715 53 81 899 57 228 747 980 384 303 0 824 78 774 596 588 221 405 949 462 
753 454 384 484 243 193 114 289 872 567 804 173 693 722 260 486 701 362 766 42 463 854 407 61 412 959 616 752 874 68 669 194 586 734 104 528 86 562 554 865 824 0 320 232 86 516 351 702 805 185 
395 665 143 339 126 493 573 32 108 363 570 313 217 528 831 375 297 800 638 961 892 695 489 415 141 779 823 365 176 693 799 755 273 226 503 507 248 496 200 365 78 320 0 943 275 191 313 978 102 835 
859 541 286 391 96 490 360 691 74 514 322 719 842 255 424 628 927 495 634 217 299 979 583 479 35 927 673 568 132 909 549 46 427 677 450 502 507 719 433 656 774 232 943 0 96 678 176 302 243 71 
927 447 667 502 285 617 657 409 787 815 891 817 112 551 100 789 781 365 473 710 128 497 958 904 52 173 427 442 885 598 216 727 724 741 659 601 725 633 10 483 596 86 275 96 0 558 480 102 385 751 
12 536 665 392 369 212 884 417 921 178 131 521 514 335 610 302 388 52 406 150 692 316 808 552 439 446 122 910 436 165 536 557 183 630 157 754 955 833 633 639 588 516 191 678 558 0 572 452 421 242 
805 936 560 283 773 979 994 613 226 416 571 619 862 508 145 91 242 669 904 836 866 110 293 815 458 528 275 704 731 852 557 566 401 32 973 174 787 217 344 574 221 351 313 176 480 572 0 915 736 91 
864 876 729 477 803 90 565 985 184 193 212 131 415 500 983 400 526 650 229 653 88 71 304 527 608 638 525 630 54 817 490 72 110 283 967 624 663 391 55 66 405 702 978 302 102 452 915 0 473 452 
202 963 759 775 202 85 665 26 24 211 175 571 619 682 649 660 727 594 630 528 618 77 320 605 631 401 980 195 380 292 45 305 529 368 269 647 826 837 503 294 949 805 102 243 385 421 736 473 0 23 
960 801 301 273 810 896 587 118 791 360 943 335 318 479 429 702 769 397 831 898 543 929 483 921 38 837 914 373 388 309 161 864 183 819 783 103 452 682 652 105 462 185 835 71 751 242 91 452 23 0 
