5 2
0 1 862 105 5 
1 0 100 377 177 
862 100 0 804 728 
105 377 804 0 463 
5 177 728 463 0 
0 320 700 745 295 
320 0 156 590 662 
700 156 0 15 306 
745 590 15 0 51 
295 662 306 51 0 
0 629 286 137 817 
629 0 772 393 350 
286 772 0 879 527 
137 393 879 0 993 
817 350 527 993 0 
