5 3
0 1 862 105 5 
1 0 100 377 177 
862 100 0 804 728 
105 377 804 0 463 
5 177 728 463 0 
0 457 476 341 828 
457 0 350 508 474 
476 350 0 320 590 
341 508 320 0 641 
828 474 590 641 0 
0 316 393 714 60 
316 0 876 827 870 
393 876 0 117 526 
714 827 117 0 327 
60 870 526 327 0 
0 252 186 524 367 
252 0 238 104 303 
186 238 0 58 699 
524 104 58 0 282 
367 303 699 282 0 
