9 2
0 544 248 188 403 797 943 330 465 
544 0 593 832 430 229 370 990 25 
248 593 0 391 147 340 377 902 689 
188 832 391 0 407 549 47 345 776 
403 430 147 407 0 434 137 327 945 
797 229 340 549 434 0 385 778 220 
943 370 377 47 137 385 0 273 211 
330 990 902 345 327 778 273 0 128 
465 25 689 776 945 220 211 128 0 
0 685 668 169 319 758 47 213 813 
685 0 674 578 896 116 660 62 321 
668 674 0 490 95 558 255 984 535 
169 578 490 0 210 724 790 110 143 
319 896 95 210 0 149 698 285 138 
758 116 558 724 149 0 386 405 193 
47 660 255 790 698 386 0 363 842 
213 62 984 110 285 405 363 0 659 
813 321 535 143 138 193 842 659 0 
0 685 668 169 319 758 47 213 813 
685 0 674 578 896 116 660 62 321 
668 674 0 490 95 558 255 984 535 
169 578 490 0 210 724 790 110 143 
319 896 95 210 0 149 698 285 138 
758 116 558 724 149 0 386 405 193 
47 660 255 790 698 386 0 363 842 
213 62 984 110 285 405 363 0 659 
813 321 535 143 138 193 842 659 0 
