15 4
0 691 813 340 330 211 409 414 473 732 95 116 47 212 363 
691 0 822 549 990 128 503 394 510 272 92 615 56 192 397 
813 822 0 434 902 862 491 842 441 990 210 558 660 213 848 
340 549 434 0 345 464 999 723 111 641 24 948 547 251 369 
330 990 902 345 0 206 685 569 754 166 154 724 255 62 813 
211 128 862 464 206 0 86 712 815 268 569 491 905 998 282 
409 503 491 999 685 86 0 668 408 610 468 149 790 984 321 
414 394 842 723 569 712 668 0 325 81 515 473 747 783 323 
473 510 441 111 754 815 408 325 0 746 315 252 698 110 535 
732 272 990 641 166 268 610 81 746 0 810 52 543 126 906 
95 92 210 24 154 569 468 515 315 810 0 486 386 285 143 
116 615 558 948 724 491 149 473 252 52 486 0 254 544 992 
47 56 660 547 255 905 790 747 698 543 386 254 0 405 138 
212 192 213 251 62 998 984 783 110 126 285 544 405 0 911 
363 397 848 369 813 282 321 323 535 906 143 992 138 911 0 
0 147 764 359 437 422 294 768 54 340 580 376 721 622 574 
147 0 169 190 222 197 830 462 77 937 405 462 507 553 239 
764 169 0 994 84 491 507 16 820 239 975 598 223 255 974 
359 190 994 0 403 245 856 683 803 895 907 287 661 983 21 
437 222 84 403 0 101 175 618 184 528 786 258 165 396 184 
422 197 491 245 101 0 755 757 763 168 410 636 296 894 536 
294 830 507 856 175 755 0 449 569 284 127 723 166 410 443 
768 462 16 683 618 757 449 0 494 363 147 452 399 278 280 
54 77 820 803 184 763 569 494 0 410 393 788 368 647 860 
340 937 239 895 528 168 284 363 410 0 192 197 306 97 637 
580 405 975 907 786 410 127 147 393 192 0 351 727 741 113 
376 462 598 287 258 636 723 452 788 197 351 0 635 616 164 
721 507 223 661 165 296 166 399 368 306 727 635 0 903 810 
622 553 255 983 396 894 410 278 647 97 741 616 903 0 261 
574 239 974 21 184 536 443 280 860 637 113 164 810 261 0 
0 147 764 359 437 422 294 768 54 340 580 376 721 622 574 
147 0 169 190 222 197 830 462 77 937 405 462 507 553 239 
764 169 0 994 84 491 507 16 820 239 975 598 223 255 974 
359 190 994 0 403 245 856 683 803 895 907 287 661 983 21 
437 222 84 403 0 101 175 618 184 528 786 258 165 396 184 
422 197 491 245 101 0 755 757 763 168 410 636 296 894 536 
294 830 507 856 175 755 0 449 569 284 127 723 166 410 443 
768 462 16 683 618 757 449 0 494 363 147 452 399 278 280 
54 77 820 803 184 763 569 494 0 410 393 788 368 647 860 
340 937 239 895 528 168 284 363 410 0 192 197 306 97 637 
580 405 975 907 786 410 127 147 393 192 0 351 727 741 113 
376 462 598 287 258 636 723 452 788 197 351 0 635 616 164 
721 507 223 661 165 296 166 399 368 306 727 635 0 903 810 
622 553 255 983 396 894 410 278 647 97 741 616 903 0 261 
574 239 974 21 184 536 443 280 860 637 113 164 810 261 0 
0 147 764 359 437 422 294 768 54 340 580 376 721 622 574 
147 0 169 190 222 197 830 462 77 937 405 462 507 553 239 
764 169 0 994 84 491 507 16 820 239 975 598 223 255 974 
359 190 994 0 403 245 856 683 803 895 907 287 661 983 21 
437 222 84 403 0 101 175 618 184 528 786 258 165 396 184 
422 197 491 245 101 0 755 757 763 168 410 636 296 894 536 
294 830 507 856 175 755 0 449 569 284 127 723 166 410 443 
768 462 16 683 618 757 449 0 494 363 147 452 399 278 280 
54 77 820 803 184 763 569 494 0 410 393 788 368 647 860 
340 937 239 895 528 168 284 363 410 0 192 197 306 97 637 
580 405 975 907 786 410 127 147 393 192 0 351 727 741 113 
376 462 598 287 258 636 723 452 788 197 351 0 635 616 164 
721 507 223 661 165 296 166 399 368 306 727 635 0 903 810 
622 553 255 983 396 894 410 278 647 97 741 616 903 0 261 
574 239 974 21 184 536 443 280 860 637 113 164 810 261 0 
0 147 764 359 437 422 294 768 54 340 580 376 721 622 574 
147 0 169 190 222 197 830 462 77 937 405 462 507 553 239 
764 169 0 994 84 491 507 16 820 239 975 598 223 255 974 
359 190 994 0 403 245 856 683 803 895 907 287 661 983 21 
437 222 84 403 0 101 175 618 184 528 786 258 165 396 184 
422 197 491 245 101 0 755 757 763 168 410 636 296 894 536 
294 830 507 856 175 755 0 449 569 284 127 723 166 410 443 
768 462 16 683 618 757 449 0 494 363 147 452 399 278 280 
54 77 820 803 184 763 569 494 0 410 393 788 368 647 860 
340 937 239 895 528 168 284 363 410 0 192 197 306 97 637 
580 405 975 907 786 410 127 147 393 192 0 351 727 741 113 
376 462 598 287 258 636 723 452 788 197 351 0 635 616 164 
721 507 223 661 165 296 166 399 368 306 727 635 0 903 810 
622 553 255 983 396 894 410 278 647 97 741 616 903 0 261 
574 239 974 21 184 536 443 280 860 637 113 164 810 261 0 
