40 2
0 151 434 114 589 628 937 808 90 430 262 796 384 112 49 354 432 143 234 213 548 763 998 632 143 149 832 430 909 776 562 741 32 686 403 795 842 379 14 81 
151 0 147 99 130 38 143 932 899 833 494 483 426 811 520 473 540 492 210 881 298 47 917 409 954 219 331 186 196 671 95 365 393 909 280 719 853 653 529 211 
434 147 0 151 534 597 80 663 940 89 906 249 231 471 879 477 24 878 853 429 732 741 58 838 869 673 710 816 644 534 38 494 220 747 397 731 941 978 858 883 
114 99 151 0 322 685 761 602 930 826 963 111 886 373 197 882 323 915 467 396 657 969 871 132 90 566 76 88 656 200 635 390 969 684 36 222 677 297 855 829 
589 130 534 322 0 11 583 239 735 472 698 762 692 302 818 72 982 833 767 11 609 427 690 306 27 606 862 562 306 705 621 799 439 910 51 168 333 413 226 482 
628 38 597 685 11 0 674 515 383 857 506 605 90 479 172 168 372 793 933 507 965 976 286 149 359 945 302 514 532 715 655 349 853 390 441 402 260 271 647 572 
937 143 80 761 583 674 0 763 989 674 875 988 482 728 950 61 425 218 462 763 182 570 165 516 819 135 8 714 816 230 476 65 847 795 807 811 570 366 44 116 
808 932 663 602 239 515 763 0 143 399 644 874 996 918 77 482 49 142 202 530 229 72 756 541 967 88 343 595 799 468 850 613 185 693 192 716 368 37 819 639 
90 899 940 930 735 383 989 143 0 758 721 694 512 899 198 550 902 762 431 686 334 937 865 242 146 750 954 386 810 666 52 977 695 959 214 359 555 884 427 537 
430 833 89 826 472 857 674 399 758 0 710 457 308 18 621 893 496 263 976 399 66 190 791 176 933 815 593 763 70 505 29 15 110 693 771 473 415 872 180 315 
262 494 906 963 698 506 875 644 721 710 0 853 661 756 288 637 537 70 121 827 452 448 888 118 289 949 269 105 457 294 791 670 828 110 377 908 180 856 730 849 
796 483 249 111 762 605 988 874 694 457 853 0 375 591 414 949 844 982 485 285 210 161 875 881 767 415 600 669 492 662 321 681 800 523 388 786 320 453 495 616 
384 426 231 886 692 90 482 996 512 308 661 375 0 851 763 553 769 576 857 359 735 899 250 633 108 488 156 308 307 162 360 366 71 752 186 170 392 628 823 539 
112 811 471 373 302 479 728 918 899 18 756 591 851 0 556 927 907 468 593 966 700 376 990 92 461 361 696 819 966 423 894 75 173 173 860 959 215 2 799 553 
49 520 879 197 818 172 950 77 198 621 288 414 763 556 0 86 292 354 668 321 555 601 929 910 686 178 577 213 934 365 7 220 144 902 310 140 999 551 221 73 
354 473 477 882 72 168 61 482 550 893 637 949 553 927 86 0 811 510 687 500 507 285 770 26 639 299 418 3 316 362 257 612 521 124 869 2 505 413 656 992 
432 540 24 323 982 372 425 49 902 496 537 844 769 907 292 811 0 414 93 948 671 648 182 159 90 166 293 809 699 622 531 362 750 765 962 127 759 71 260 858 
143 492 878 915 833 793 218 142 762 263 70 982 576 468 354 510 414 0 717 651 463 927 116 423 649 694 121 41 432 344 465 620 964 115 798 38 498 863 763 913 
234 210 853 467 767 933 462 202 431 976 121 485 857 593 668 687 93 717 0 500 663 299 758 572 77 160 897 265 849 17 68 765 45 762 978 833 103 924 560 59 
213 881 429 396 11 507 763 530 686 399 827 285 359 966 321 500 948 651 500 0 817 243 557 902 170 634 607 907 795 564 536 217 969 94 159 396 379 268 981 350 
548 298 732 657 609 965 182 229 334 66 452 210 735 700 555 507 671 463 663 817 0 907 706 728 371 404 530 476 891 545 806 691 989 493 928 919 857 233 400 894 
763 47 741 969 427 976 570 72 937 190 448 161 899 376 601 285 648 927 299 243 907 0 525 465 457 56 921 380 704 432 833 24 868 627 971 216 464 243 476 189 
998 917 58 871 690 286 165 756 865 791 888 875 250 990 929 770 182 116 758 557 706 525 0 430 737 516 691 774 544 85 671 637 839 972 199 431 426 426 950 601 
632 409 838 132 306 149 516 541 242 176 118 881 633 92 910 26 159 423 572 902 728 465 430 0 495 780 409 205 377 880 436 591 891 343 481 169 954 403 349 366 
143 954 869 90 27 359 819 967 146 933 289 767 108 461 686 639 90 649 77 170 371 457 737 495 0 72 368 904 368 311 827 526 873 699 510 761 824 774 268 398 
149 219 673 566 606 945 135 88 750 815 949 415 488 361 178 299 166 694 160 634 404 56 516 780 72 0 917 863 708 50 416 484 41 138 663 18 591 34 662 498 
832 331 710 76 862 302 8 343 954 593 269 600 156 696 577 418 293 121 897 607 530 921 691 409 368 917 0 136 397 936 376 243 939 576 186 537 517 95 839 809 
430 186 816 88 562 514 714 595 386 763 105 669 308 819 213 3 809 41 265 907 476 380 774 205 904 863 136 0 859 927 885 55 960 303 174 647 922 706 608 818 
909 196 644 656 306 532 816 799 810 70 457 492 307 966 934 316 699 432 849 795 891 704 544 377 368 708 397 859 0 683 690 184 910 727 731 37 427 49 814 475 
776 671 534 200 705 715 230 468 666 505 294 662 162 423 365 362 622 344 17 564 545 432 85 880 311 50 936 927 683 0 18 175 574 621 394 611 108 784 403 835 
562 95 38 635 621 655 476 850 52 29 791 321 360 894 7 257 531 465 68 536 806 833 671 436 827 416 376 885 690 18 0 822 898 151 318 984 99 692 431 24 
741 365 494 390 799 349 65 613 977 15 670 681 366 75 220 612 362 620 765 217 691 24 637 591 526 484 243 55 184 175 822 0 790 206 818 156 699 764 813 88 
32 393 220 969 439 853 847 185 695 110 828 800 71 173 144 521 750 964 45 969 989 868 839 891 873 41 939 960 910 574 898 790 0 817 703 248 629 659 707 477 
686 909 747 684 910 390 795 693 959 693 110 523 752 173 902 124 765 115 762 94 493 627 972 343 699 138 576 303 727 621 151 206 817 0 548 255 918 223 81 69 
403 280 397 36 51 441 807 192 214 771 377 388 186 860 310 869 962 798 978 159 928 971 199 481 510 663 186 174 731 394 318 818 703 548 0 156 97 288 783 663 
795 719 731 222 168 402 811 716 359 473 908 786 170 959 140 2 127 38 833 396 919 216 431 169 761 18 537 647 37 611 984 156 248 255 156 0 382 166 281 817 
842 853 941 677 333 260 570 368 555 415 180 320 392 215 999 505 759 498 103 379 857 464 426 954 824 591 517 922 427 108 99 699 629 918 97 382 0 568 59 408 
379 653 978 297 413 271 366 37 884 872 856 453 628 2 551 413 71 863 924 268 233 243 426 403 774 34 95 706 49 784 692 764 659 223 288 166 568 0 946 646 
14 529 858 855 226 647 44 819 427 180 730 495 823 799 221 656 260 763 560 981 400 476 950 349 268 662 839 608 814 403 431 813 707 81 783 281 59 946 0 552 
81 211 883 829 482 572 116 639 537 315 849 616 539 553 73 992 858 913 59 350 894 189 601 366 398 498 809 818 475 835 24 88 477 69 663 817 408 646 552 0 
0 563 586 839 727 26 544 462 586 888 324 959 884 925 239 619 464 308 982 267 693 962 291 680 173 457 123 131 145 744 122 173 139 245 641 857 381 721 79 108 
563 0 580 962 893 488 989 848 738 579 555 385 812 166 793 989 455 92 345 659 494 180 68 49 211 658 495 656 514 846 527 129 277 933 508 143 487 246 67 223 
586 580 0 808 635 77 82 595 494 888 923 693 639 323 633 296 73 911 761 34 416 836 787 163 317 316 838 495 855 816 482 494 384 400 363 831 951 842 644 967 
839 962 808 0 270 936 649 430 412 773 878 800 819 36 279 347 479 563 668 52 575 833 140 960 967 318 796 486 649 859 497 869 490 442 501 819 384 503 270 826 
727 893 635 270 0 210 481 532 181 293 171 18 433 346 591 364 346 88 812 228 666 764 510 811 674 349 209 638 763 218 943 558 197 120 647 300 966 25 769 554 
26 488 77 936 210 0 220 986 493 444 477 280 20 200 801 658 910 610 818 442 521 796 470 110 379 309 137 458 698 955 697 950 846 736 779 826 695 719 461 396 
544 989 82 649 481 220 0 811 476 124 337 587 426 950 904 493 303 669 481 718 992 629 816 774 787 282 362 693 230 583 392 785 36 660 643 822 302 348 130 896 
462 848 595 430 532 986 811 0 235 253 543 554 560 216 395 180 368 415 55 432 400 296 789 543 235 95 564 504 826 376 605 671 17 386 887 15 676 81 332 362 
586 738 494 412 181 493 476 235 0 46 46 469 519 94 637 237 956 624 406 602 103 956 985 983 658 911 663 974 232 633 828 845 214 159 211 147 507 252 38 211 
888 579 888 773 293 444 124 253 46 0 363 770 988 641 401 151 432 280 456 990 988 368 631 601 227 550 505 523 69 844 835 646 26 61 171 711 11 490 221 782 
324 555 923 878 171 477 337 543 46 363 0 303 529 557 732 986 101 46 512 410 61 706 36 690 848 590 543 972 750 784 390 966 550 56 310 819 548 439 526 338 
959 385 693 800 18 280 587 554 469 770 303 0 500 711 669 277 292 481 638 411 74 491 692 300 892 130 138 625 646 635 523 349 974 69 535 166 198 220 280 198 
884 812 639 819 433 20 426 560 519 988 529 500 0 201 483 621 584 878 97 954 236 742 829 567 515 857 872 841 739 973 809 386 252 609 286 42 324 633 629 726 
925 166 323 36 346 200 950 216 94 641 557 711 201 0 639 546 495 629 134 734 767 349 695 596 82 256 41 160 94 265 714 685 986 778 150 587 440 927 958 969 
239 793 633 279 591 801 904 395 637 401 732 669 483 639 0 919 584 927 104 61 520 252 519 789 285 735 658 828 680 641 629 505 108 480 339 411 688 177 408 123 
619 989 296 347 364 658 493 180 237 151 986 277 621 546 919 0 884 131 717 257 173 505 944 225 560 772 747 38 94 194 347 125 438 828 104 845 197 301 327 838 
464 455 73 479 346 910 303 368 956 432 101 292 584 495 584 884 0 255 116 585 560 139 357 278 118 133 574 85 510 933 265 198 715 488 743 400 387 868 757 946 
308 92 911 563 88 610 669 415 624 280 46 481 878 629 927 131 255 0 598 203 160 672 603 372 713 174 470 78 490 827 215 171 914 411 797 299 261 988 156 683 
982 345 761 668 812 818 481 55 406 456 512 638 97 134 104 717 116 598 0 641 760 862 284 380 592 36 780 142 742 366 50 775 973 747 897 756 481 302 32 910 
267 659 34 52 228 442 718 432 602 990 410 411 954 734 61 257 585 203 641 0 169 213 915 365 545 63 561 523 870 713 956 871 15 545 861 590 625 292 835 63 
693 494 416 575 666 521 992 400 103 988 61 74 236 767 520 173 560 160 760 169 0 839 384 381 60 508 427 867 906 272 573 144 490 256 331 96 89 172 266 895 
962 180 836 833 764 796 629 296 956 368 706 491 742 349 252 505 139 672 862 213 839 0 923 546 234 540 773 249 662 208 858 511 213 676 555 291 890 277 73 806 
291 68 787 140 510 470 816 789 985 631 36 692 829 695 519 944 357 603 284 915 384 923 0 219 546 288 742 869 538 219 397 921 955 909 584 973 828 358 496 910 
680 49 163 960 811 110 774 543 983 601 690 300 567 596 789 225 278 372 380 365 381 546 219 0 483 82 377 740 644 561 748 156 400 395 896 274 55 472 642 141 
173 211 317 967 674 379 787 235 658 227 848 892 515 82 285 560 118 713 592 545 60 234 546 483 0 712 962 309 918 88 674 264 308 284 802 701 380 737 53 652 
457 658 316 318 349 309 282 95 911 550 590 130 857 256 735 772 133 174 36 63 508 540 288 82 712 0 85 458 6 843 853 931 464 141 120 13 796 34 429 1 
123 495 838 796 209 137 362 564 663 505 543 138 872 41 658 747 574 470 780 561 427 773 742 377 962 85 0 913 188 494 283 208 556 804 489 221 575 111 572 728 
131 656 495 486 638 458 693 504 974 523 972 625 841 160 828 38 85 78 142 523 867 249 869 740 309 458 913 0 976 157 384 49 306 652 43 851 850 779 215 784 
145 514 855 649 763 698 230 826 232 69 750 646 739 94 680 94 510 490 742 870 906 662 538 644 918 6 188 976 0 566 239 340 547 137 599 713 267 745 860 396 
744 846 816 859 218 955 583 376 633 844 784 635 973 265 641 194 933 827 366 713 272 208 219 561 88 843 494 157 566 0 642 87 2 546 340 813 152 406 34 740 
122 527 482 497 943 697 392 605 828 835 390 523 809 714 629 347 265 215 50 956 573 858 397 748 674 853 283 384 239 642 0 709 709 475 632 545 396 804 590 942 
173 129 494 869 558 950 785 671 845 646 966 349 386 685 505 125 198 171 775 871 144 511 921 156 264 931 208 49 340 87 709 0 166 630 577 411 805 1000 495 201 
139 277 384 490 197 846 36 17 214 26 550 974 252 986 108 438 715 914 973 15 490 213 955 400 308 464 556 306 547 2 709 166 0 64 380 992 390 750 354 683 
245 933 400 442 120 736 660 386 159 61 56 69 609 778 480 828 488 411 747 545 256 676 909 395 284 141 804 652 137 546 475 630 64 0 796 100 47 719 536 608 
641 508 363 501 647 779 643 887 211 171 310 535 286 150 339 104 743 797 897 861 331 555 584 896 802 120 489 43 599 340 632 577 380 796 0 121 560 917 131 113 
857 143 831 819 300 826 822 15 147 711 819 166 42 587 411 845 400 299 756 590 96 291 973 274 701 13 221 851 713 813 545 411 992 100 121 0 305 297 302 625 
381 487 951 384 966 695 302 676 507 11 548 198 324 440 688 197 387 261 481 625 89 890 828 55 380 796 575 850 267 152 396 805 390 47 560 305 0 940 427 880 
721 246 842 503 25 719 348 81 252 490 439 220 633 927 177 301 868 988 302 292 172 277 358 472 737 34 111 779 745 406 804 1000 750 719 917 297 940 0 568 535 
79 67 644 270 769 461 130 332 38 221 526 280 629 958 408 327 757 156 32 835 266 73 496 642 53 429 572 215 860 34 590 495 354 536 131 302 427 568 0 436 
108 223 967 826 554 396 896 362 211 782 338 198 726 969 123 838 946 683 910 63 895 806 910 141 652 1 728 784 396 740 942 201 683 608 113 625 880 535 436 0 
0 158 431 489 610 17 535 405 624 932 413 752 711 416 405 512 280 813 946 732 573 856 272 936 48 99 42 178 126 875 381 753 561 575 934 627 220 763 121 261 
158 0 862 758 913 614 755 544 986 216 619 262 940 965 589 980 525 7 461 831 208 104 284 415 391 317 824 608 668 731 170 646 88 426 656 307 537 487 345 8 
431 862 0 642 836 239 38 276 731 800 459 686 227 405 43 21 190 207 686 225 480 190 852 257 83 363 741 626 984 954 142 522 197 559 641 765 503 459 415 236 
489 758 642 0 333 569 574 170 732 480 562 843 711 266 163 76 413 594 379 199 844 785 300 690 328 738 842 690 594 956 173 900 850 861 343 539 547 310 761 266 
610 913 836 333 0 638 769 912 70 654 549 191 690 627 581 824 661 84 587 561 853 991 851 845 164 41 51 228 811 532 883 244 528 528 813 815 599 86 1 229 
17 614 239 569 638 0 100 543 596 496 256 656 250 733 718 139 845 778 898 2 292 357 471 112 162 695 330 387 392 775 526 921 787 528 445 704 578 904 121 117 
535 755 38 574 769 100 0 934 696 83 634 100 712 517 736 462 309 983 61 421 664 91 390 939 926 506 35 601 64 620 13 862 53 88 321 891 417 245 683 415 
405 544 276 170 912 543 934 0 156 8 606 594 145 82 499 68 798 477 281 824 958 622 286 647 237 519 239 842 754 701 551 908 58 497 382 18 567 125 830 517 
624 986 731 732 70 596 696 156 0 297 306 783 387 488 549 223 968 625 706 487 216 882 606 981 264 949 457 640 481 888 681 825 118 80 36 392 355 622 998 245 
932 216 800 480 654 496 83 8 297 0 61 636 627 415 588 604 656 228 675 399 374 416 672 675 840 120 346 318 311 222 432 819 86 67 384 639 64 861 287 677 
413 619 459 562 549 256 634 606 306 61 0 193 244 432 697 658 187 623 178 838 368 344 730 165 167 323 715 960 250 738 386 661 274 943 766 998 269 331 710 97 
752 262 686 843 191 656 100 594 783 636 193 0 280 740 381 171 892 941 530 505 658 674 860 536 602 825 807 274 766 482 256 194 634 57 157 333 38 765 606 155 
711 940 227 711 690 250 712 145 387 627 244 280 0 678 555 966 624 865 668 985 699 519 579 293 906 891 154 241 514 529 465 895 188 771 282 462 149 319 686 380 
416 965 405 266 627 733 517 82 488 415 432 740 678 0 351 220 933 857 187 233 611 367 390 89 265 559 564 233 71 509 199 65 720 783 387 769 359 815 653 382 
405 589 43 163 581 718 736 499 549 588 697 381 555 351 0 386 91 892 562 213 956 168 214 767 34 520 649 792 150 648 944 473 284 509 385 196 182 91 369 87 
512 980 21 76 824 139 462 68 223 604 658 171 966 220 386 0 515 512 684 565 137 948 621 354 894 952 260 259 30 573 139 96 712 764 450 914 426 665 100 552 
280 525 190 413 661 845 309 798 968 656 187 892 624 933 91 515 0 846 490 835 290 107 9 656 320 276 640 337 895 426 144 479 979 138 885 544 418 996 512 992 
813 7 207 594 84 778 983 477 625 228 623 941 865 857 892 512 846 0 503 297 689 484 820 34 739 64 812 310 494 839 543 394 931 541 871 95 101 614 58 200 
946 461 686 379 587 898 61 281 706 675 178 530 668 187 562 684 490 503 0 312 962 554 690 134 642 794 653 641 848 207 180 892 408 736 765 782 430 950 160 587 
732 831 225 199 561 2 421 824 487 399 838 505 985 233 213 565 835 297 312 0 141 283 721 244 218 591 277 41 734 90 962 473 760 704 746 988 727 399 812 26 
573 208 480 844 853 292 664 958 216 374 368 658 699 611 956 137 290 689 962 141 0 493 67 662 62 721 832 452 448 752 500 670 28 604 20 320 520 499 897 923 
856 104 190 785 991 357 91 622 882 416 344 674 519 367 168 948 107 484 554 283 493 0 311 159 453 240 754 834 132 870 381 992 372 350 887 384 833 548 398 898 
272 284 852 300 851 471 390 286 606 672 730 860 579 390 214 621 9 820 690 721 67 311 0 18 693 615 498 887 165 629 256 535 252 798 448 1000 579 281 607 976 
936 415 257 690 845 112 939 647 981 675 165 536 293 89 767 354 656 34 134 244 662 159 18 0 576 589 425 465 980 24 872 403 473 455 746 859 206 741 914 156 
48 391 83 328 164 162 926 237 264 840 167 602 906 265 34 894 320 739 642 218 62 453 693 576 0 718 905 48 827 112 871 471 480 249 504 942 452 511 574 212 
99 317 363 738 41 695 506 519 949 120 323 825 891 559 520 952 276 64 794 591 721 240 615 589 718 0 60 95 389 615 786 960 335 786 619 44 317 131 349 568 
42 824 741 842 51 330 35 239 457 346 715 807 154 564 649 260 640 812 653 277 832 754 498 425 905 60 0 325 394 300 409 171 947 877 694 673 371 742 502 521 
178 608 626 690 228 387 601 842 640 318 960 274 241 233 792 259 337 310 641 41 452 834 887 465 48 95 325 0 830 397 548 506 376 647 566 691 657 885 669 543 
126 668 984 594 811 392 64 754 481 311 250 766 514 71 150 30 895 494 848 734 448 132 165 980 827 389 394 830 0 415 588 479 512 234 458 271 29 492 799 846 
875 731 954 956 532 775 620 701 888 222 738 482 529 509 648 573 426 839 207 90 752 870 629 24 112 615 300 397 415 0 685 778 46 330 703 176 224 373 459 461 
381 170 142 173 883 526 13 551 681 432 386 256 465 199 944 139 144 543 180 962 500 381 256 872 871 786 409 548 588 685 0 675 855 16 505 586 239 581 784 805 
753 646 522 900 244 921 862 908 825 819 661 194 895 65 473 96 479 394 892 473 670 992 535 403 471 960 171 506 479 778 675 0 705 667 745 818 925 952 559 437 
561 88 197 850 528 787 53 58 118 86 274 634 188 720 284 712 979 931 408 760 28 372 252 473 480 335 947 376 512 46 855 705 0 75 241 782 416 408 423 714 
575 426 559 861 528 528 88 497 80 67 943 57 771 783 509 764 138 541 736 704 604 350 798 455 249 786 877 647 234 330 16 667 75 0 816 391 177 98 700 612 
934 656 641 343 813 445 321 382 36 384 766 157 282 387 385 450 885 871 765 746 20 887 448 746 504 619 694 566 458 703 505 745 241 816 0 494 372 500 710 383 
627 307 765 539 815 704 891 18 392 639 998 333 462 769 196 914 544 95 782 988 320 384 1000 859 942 44 673 691 271 176 586 818 782 391 494 0 719 254 955 340 
220 537 503 547 599 578 417 567 355 64 269 38 149 359 182 426 418 101 430 727 520 833 579 206 452 317 371 657 29 224 239 925 416 177 372 719 0 787 177 636 
763 487 459 310 86 904 245 125 622 861 331 765 319 815 91 665 996 614 950 399 499 548 281 741 511 131 742 885 492 373 581 952 408 98 500 254 787 0 286 372 
121 345 415 761 1 121 683 830 998 287 710 606 686 653 369 100 512 58 160 812 897 398 607 914 574 349 502 669 799 459 784 559 423 700 710 955 177 286 0 158 
261 8 236 266 229 117 415 517 245 677 97 155 380 382 87 552 992 200 587 26 923 898 976 156 212 568 521 543 846 461 805 437 714 612 383 340 636 372 158 0 
