10 4
0 100 728 205 590 165 543 876 900 706 
100 0 463 349 566 341 575 186 118 714 
728 463 0 958 694 207 58 350 600 287 
205 349 958 0 517 217 517 317 403 524 
590 566 694 517 0 804 805 876 533 508 
165 341 207 217 804 0 75 766 903 735 
543 575 58 517 805 75 0 238 195 827 
876 186 350 317 876 766 238 0 917 714 
900 118 600 403 533 903 195 917 0 104 
706 714 287 524 508 735 827 714 104 0 
0 79 303 444 288 681 519 485 906 980 
79 0 816 251 69 562 293 263 675 674 
303 816 0 106 170 560 837 297 644 731 
444 251 106 0 166 333 900 312 757 594 
288 69 170 166 0 930 152 281 165 162 
681 562 560 333 930 0 97 895 400 515 
519 293 837 900 152 97 0 305 294 911 
485 263 297 312 281 895 305 0 608 218 
906 675 644 757 165 400 294 608 0 981 
980 674 731 594 162 515 911 218 981 0 
0 278 521 909 232 752 862 131 933 736 
278 0 601 332 229 924 11 390 582 778 
521 601 0 498 502 245 198 294 572 903 
909 332 498 0 734 557 811 715 503 818 
232 229 502 734 0 711 787 168 333 155 
752 924 245 557 711 0 408 930 8 302 
862 11 198 811 787 408 0 640 310 786 
131 390 294 715 168 930 640 0 90 101 
933 582 572 503 333 8 310 90 0 475 
736 778 903 818 155 302 786 101 475 0 
0 270 622 595 816 609 790 484 985 664 
270 0 660 103 585 663 417 838 945 773 
622 660 0 478 509 71 893 73 389 668 
595 103 478 0 702 86 478 493 869 150 
816 585 509 702 0 807 909 834 497 147 
609 663 71 86 807 0 64 752 696 98 
790 417 893 478 909 64 0 756 253 432 
484 838 73 493 834 752 756 0 426 97 
985 945 389 869 497 696 253 426 0 470 
664 773 668 150 147 98 432 97 470 0 
0 387 537 424 132 618 992 249 687 586 
387 0 658 465 100 404 275 53 254 447 
537 658 0 821 321 387 529 333 316 642 
424 465 821 0 515 577 589 443 723 314 
132 100 321 515 0 747 25 409 216 285 
618 404 387 577 747 0 64 582 130 642 
992 275 529 589 25 64 0 736 8 919 
249 53 333 443 409 582 736 0 196 177 
687 254 316 723 216 130 8 196 0 523 
586 447 642 314 285 642 919 177 523 0 
