20 3
0 397 703 619 592 354 74 607 826 837 190 140 121 383 385 71 553 998 341 186 
397 0 151 896 852 960 799 527 559 186 299 474 946 392 750 31 575 483 254 542 
703 151 0 14 434 472 966 472 557 984 264 223 45 3 711 517 111 944 279 494 
619 896 14 0 147 602 114 833 6 881 579 639 801 650 501 430 527 78 898 54 
592 852 434 147 0 547 99 403 589 654 834 692 280 966 489 269 846 402 163 330 
354 960 472 602 547 0 151 601 130 779 628 850 316 533 665 147 341 136 177 16 
74 799 966 114 99 151 0 164 534 112 38 99 937 296 833 712 420 875 982 181 
607 527 472 833 403 601 164 0 322 312 597 853 143 154 808 376 298 915 378 634 
826 559 557 6 589 130 534 322 0 212 685 193 80 731 932 480 90 589 4 816 
837 186 984 881 654 779 112 312 212 0 11 970 761 369 663 174 899 329 430 669 
190 299 264 579 834 628 38 597 685 11 0 567 583 719 602 226 940 817 833 308 
140 474 223 639 692 850 99 853 193 970 567 0 674 144 239 993 930 74 89 841 
121 946 45 801 280 316 937 143 80 761 583 674 0 54 515 175 735 247 826 255 
383 392 3 650 966 533 296 154 731 369 719 144 54 0 763 334 383 357 472 900 
385 750 711 501 489 665 833 808 932 663 602 239 515 763 0 994 989 602 857 540 
71 31 517 430 269 147 712 376 480 174 226 993 175 334 994 0 143 118 674 969 
553 575 111 527 846 341 420 298 90 899 940 930 735 383 989 143 0 958 399 233 
998 483 944 78 402 136 875 915 589 329 817 74 247 357 602 118 958 0 758 326 
341 254 279 898 163 177 982 378 4 430 833 89 826 472 857 674 399 758 0 736 
186 542 494 54 330 16 181 634 816 669 308 841 255 900 540 969 233 326 736 0 
0 996 691 878 950 356 686 194 505 243 51 464 833 885 679 353 752 278 462 990 
996 0 589 142 56 58 170 706 365 513 771 517 482 512 613 624 523 58 401 152 
691 589 0 576 521 756 1000 816 564 921 310 699 315 75 141 381 57 259 440 409 
878 142 576 0 726 250 570 595 311 220 159 624 73 451 21 473 486 662 720 662 
950 56 521 726 0 116 422 308 832 185 510 978 350 68 32 567 335 66 233 598 
356 58 756 250 116 0 149 41 827 71 394 37 398 557 946 287 609 593 863 904 
686 170 1000 570 422 149 0 774 562 964 428 628 835 482 671 263 42 651 551 254 
194 706 816 595 308 41 774 0 655 839 795 863 663 954 850 712 896 853 759 619 
505 365 564 311 832 827 562 655 0 960 402 426 665 735 158 813 957 760 532 966 
243 513 921 220 185 71 964 839 960 0 908 706 154 194 547 515 747 387 840 197 
51 771 310 159 510 394 428 795 402 908 0 659 817 234 879 833 17 39 146 274 
464 517 699 624 978 37 628 863 426 706 659 0 716 148 49 219 994 301 984 952 
833 482 315 73 350 398 835 663 665 154 817 716 0 752 118 34 676 103 891 909 
885 512 75 451 68 557 482 954 735 194 234 148 752 0 927 591 534 467 234 627 
679 613 141 21 32 946 671 850 158 547 879 49 118 927 0 845 144 15 489 112 
353 624 381 473 567 287 263 712 813 515 833 219 34 591 845 0 937 32 872 554 
752 523 57 486 335 609 42 896 957 747 17 994 676 534 144 937 0 610 642 82 
278 58 259 662 66 593 651 853 760 387 39 301 103 467 15 32 610 0 974 584 
462 401 440 720 233 863 551 759 532 840 146 984 891 234 489 872 642 974 0 668 
990 152 409 662 598 904 254 619 966 197 274 952 909 627 112 554 82 584 668 0 
0 308 995 833 567 149 90 717 662 184 807 954 211 221 70 868 19 511 500 170 
308 0 392 263 329 690 457 157 622 209 388 427 116 470 840 909 932 867 921 23 
995 392 0 354 445 791 818 562 432 354 962 918 616 815 336 729 233 882 735 913 
833 263 354 0 948 929 760 763 936 439 971 134 858 344 655 60 453 335 165 850 
567 329 445 948 0 557 925 213 723 110 186 413 189 970 437 987 101 63 967 286 
149 690 791 929 557 0 673 907 77 144 818 872 809 697 713 994 982 802 746 620 
90 457 818 760 925 673 0 904 38 969 545 551 88 592 212 615 233 605 909 605 
717 157 562 763 213 907 904 0 850 873 731 268 408 690 704 312 272 142 142 464 
662 622 432 936 723 77 38 850 0 574 716 774 986 164 560 516 431 364 72 384 
184 209 354 439 110 144 969 873 574 0 170 784 294 149 319 741 877 14 677 749 
807 388 962 971 186 818 545 731 716 170 0 288 427 650 892 337 112 265 793 972 
954 427 918 134 413 872 551 268 774 784 288 0 409 497 126 96 150 348 481 164 
211 116 616 858 189 809 88 408 986 294 427 409 0 225 12 634 58 198 604 457 
221 470 815 344 970 697 592 690 164 149 650 497 225 0 372 361 947 69 638 432 
70 840 336 655 437 713 212 704 560 319 892 126 12 372 0 404 919 53 962 556 
868 909 729 60 987 994 615 312 516 741 337 96 634 361 404 0 864 810 629 970 
19 932 233 453 101 982 233 272 431 877 112 150 58 947 919 864 0 39 69 68 
511 867 882 335 63 802 605 142 364 14 265 348 198 69 53 810 39 0 724 929 
500 921 735 165 967 746 909 142 72 677 793 481 604 638 962 629 69 724 0 137 
170 23 913 850 286 620 605 464 384 749 972 164 457 432 556 970 68 929 137 0 
0 375 533 218 116 917 77 234 423 822 214 591 829 971 471 518 255 237 813 134 
375 0 977 982 81 165 495 186 17 795 860 99 537 741 113 741 475 421 267 676 
533 977 0 414 109 875 969 714 880 393 978 382 553 332 925 28 498 368 837 103 
218 982 414 0 428 182 656 669 683 847 481 653 59 253 87 632 790 700 163 574 
116 81 109 428 0 525 622 809 447 800 731 366 366 251 677 487 740 496 307 558 
917 165 875 182 525 0 606 380 259 750 548 453 475 237 253 492 632 841 890 240 
77 495 969 656 622 606 0 136 621 868 265 71 69 335 666 126 381 311 580 910 
234 186 714 669 809 380 136 0 29 939 168 243 552 603 71 633 193 13 442 576 
423 17 880 683 447 259 621 29 0 790 473 95 711 179 795 34 580 821 556 163 
822 795 393 847 800 750 868 939 790 0 140 764 367 711 422 697 224 959 987 890 
214 860 978 481 731 548 265 168 473 140 0 568 163 753 722 72 518 150 386 478 
591 99 382 653 366 453 71 243 95 764 568 0 575 804 765 116 312 256 924 286 
829 537 553 59 366 475 69 552 711 367 163 575 0 545 966 521 635 610 937 239 
971 741 332 253 251 237 335 603 179 711 753 804 545 0 501 990 31 438 474 906 
471 113 925 87 677 253 666 71 795 422 722 765 966 501 0 353 453 490 692 539 
518 741 28 632 487 492 126 633 34 697 72 116 521 990 353 0 31 581 284 721 
255 475 498 790 740 632 381 193 580 224 518 312 635 31 453 31 0 958 905 559 
237 421 368 700 496 841 311 13 821 959 150 256 610 438 490 581 958 0 53 611 
813 267 837 163 307 890 580 442 556 987 386 924 937 474 692 284 905 53 0 386 
134 676 103 574 558 240 910 576 163 890 478 286 239 906 539 721 559 611 386 0 
