7 3
0 813 105 728 495 748 590 
813 0 377 463 378 892 566 
105 377 0 940 425 230 694 
728 463 940 0 205 867 517 
495 378 425 205 0 399 457 
748 892 230 867 399 0 171 
590 566 694 517 457 171 0 
0 524 912 364 910 213 235 
524 0 24 90 536 846 201 
912 24 0 15 474 269 880 
364 90 15 0 20 314 723 
910 536 474 20 0 174 941 
213 846 269 314 174 0 689 
235 201 880 723 941 689 0 
0 735 188 477 824 30 527 
735 0 10 229 620 458 137 
188 10 0 567 51 474 658 
477 229 567 0 613 473 187 
824 620 51 613 0 722 804 
30 458 474 473 722 0 314 
527 137 658 187 804 314 0 
0 104 500 396 964 173 281 
104 0 224 608 306 644 282 
500 224 0 213 576 253 258 
396 608 213 0 379 654 282 
964 306 576 379 0 212 835 
173 644 253 654 212 0 899 
281 282 258 282 835 899 0 
