5 3
0 468 183 274 334 
468 0 166 343 169 
183 166 0 751 345 
274 343 751 0 397 
334 169 345 397 0 
0 183 715 413 589 
183 0 547 405 309 
715 547 0 601 312 
413 405 601 0 7 
589 309 312 7 0 
0 105 235 853 467 
105 0 97 394 512 
235 97 0 362 605 
853 394 362 0 566 
467 512 605 566 0 
0 972 529 825 485 
972 0 459 168 222 
529 459 0 125 589 
825 168 125 0 737 
485 222 589 737 0 
