9 4
0 183 334 649 968 210 944 572 200 
183 0 169 851 820 189 368 619 856 
334 169 0 333 663 594 220 896 51 
649 851 333 0 355 115 772 14 785 
968 820 663 355 0 601 59 571 818 
210 189 594 115 601 0 265 29 164 
944 368 220 772 59 265 0 877 672 
572 619 896 14 571 29 877 0 1000 
200 856 51 785 818 164 672 1000 0 
0 40 373 302 993 833 620 406 380 
40 0 299 383 335 758 949 886 973 
373 299 0 154 420 16 147 661 312 
302 383 154 0 383 255 796 160 891 
993 335 420 383 0 864 874 580 879 
833 758 16 255 864 0 657 823 621 
620 949 147 796 874 657 0 175 195 
406 886 661 160 580 823 175 0 968 
380 973 312 891 879 621 195 968 0 
0 381 685 195 334 826 889 230 604 
381 0 579 3 575 186 932 90 175 
685 579 0 369 90 634 725 321 496 
195 3 369 0 143 540 249 345 882 
334 575 90 143 0 817 457 575 818 
826 186 634 540 817 0 252 958 414 
889 932 725 249 457 252 0 811 545 
230 90 321 345 575 958 811 0 806 
604 175 496 882 818 414 545 806 0 
0 342 227 167 555 857 536 384 438 
342 0 628 966 527 494 733 996 877 
227 628 0 144 940 669 650 879 138 
167 966 144 0 696 233 762 258 817 
555 527 940 696 0 481 60 28 950 
857 494 669 233 481 0 463 123 556 
536 733 650 762 60 463 0 373 644 
384 996 879 258 28 123 373 0 427 
438 877 138 817 950 556 644 427 0 
0 527 190 885 322 399 164 231 73 
527 0 597 296 341 330 40 308 926 
190 597 0 949 735 841 895 852 556 
885 296 949 0 998 736 988 149 520 
322 341 735 998 0 731 721 548 198 
399 330 841 736 731 0 200 315 584 
164 40 895 988 721 200 0 479 222 
231 308 852 149 548 315 479 0 589 
73 926 556 520 198 584 222 589 0 
