8 3
0 569 691 94 813 407 340 370 
569 0 1 298 822 753 549 377 
691 1 0 664 905 412 434 47 
94 298 664 0 51 210 90 137 
813 822 905 51 0 245 449 385 
407 753 412 210 245 0 981 943 
340 549 434 90 449 981 0 566 
370 377 47 137 385 943 566 0 
0 300 501 970 840 626 778 623 
300 0 743 101 901 907 569 696 
501 743 0 237 324 336 727 707 
970 101 237 0 488 134 947 262 
840 901 324 488 0 213 707 432 
626 907 336 134 213 0 660 864 
778 569 727 947 707 660 0 656 
623 696 707 262 432 864 656 0 
0 675 554 250 198 311 193 401 
675 0 417 892 38 170 422 212 
554 417 0 869 760 628 205 276 
250 892 869 0 428 855 209 647 
198 38 760 428 0 824 368 426 
311 170 628 855 824 0 552 40 
193 422 205 209 368 552 0 228 
401 212 276 647 426 40 228 0 
0 736 602 45 173 531 445 325 
736 0 321 954 228 160 444 518 
602 321 0 914 588 625 407 256 
45 954 914 0 647 652 98 772 
173 228 588 647 0 785 120 845 
531 160 625 652 785 0 411 89 
445 444 407 98 120 411 0 298 
325 518 256 772 845 89 298 0 
