60 3
0 75 814 247 295 328 813 605 698 49 232 785 193 86 169 856 986 135 588 869 164 29 52 548 80 367 990 383 247 833 895 883 367 216 346 659 409 244 973 109 586 95 657 541 77 332 572 423 1 202 245 385 470 736 451 611 548 631 32 971 
75 0 282 96 207 213 622 385 266 872 408 895 234 193 612 811 226 707 607 389 454 155 70 77 136 629 316 420 896 354 27 59 597 230 849 342 541 917 555 830 429 915 482 696 908 291 971 904 692 870 915 977 469 174 409 996 415 640 781 349 
814 282 0 668 898 810 527 5 81 866 774 509 482 412 753 659 470 834 325 257 622 979 31 914 165 814 274 70 85 372 854 782 323 78 724 262 642 653 864 938 108 452 452 157 111 168 163 785 759 546 974 299 426 908 131 557 119 139 307 343 
247 96 668 0 189 30 18 626 428 277 60 60 498 577 261 39 125 221 813 251 20 585 40 804 509 692 407 713 126 190 313 769 981 804 66 780 940 861 232 879 422 719 268 201 514 186 377 418 352 975 952 857 808 827 235 209 359 993 414 238 
295 207 898 189 0 789 941 93 594 364 718 408 442 82 40 478 42 648 345 869 210 147 523 676 935 660 795 655 279 129 734 507 115 432 8 179 63 99 483 497 927 438 696 181 570 232 517 770 925 102 920 976 151 972 721 551 12 828 865 307 
328 213 810 30 789 0 281 930 995 566 472 321 520 930 668 380 51 409 332 723 7 244 152 128 676 723 911 891 723 138 324 910 266 927 234 545 459 545 516 41 710 753 380 420 815 629 750 259 390 842 583 129 107 770 396 523 169 497 701 519 
813 622 527 18 941 281 0 30 36 907 676 35 102 756 11 626 55 889 906 864 602 58 962 577 301 240 20 464 471 191 700 900 767 333 851 176 79 920 117 712 656 203 371 958 89 934 824 440 113 351 821 503 772 974 930 813 467 313 224 960 
605 385 5 626 93 930 30 0 211 664 882 166 701 223 497 589 102 895 478 165 924 285 818 376 47 279 452 340 878 639 792 610 959 416 440 312 197 440 434 364 5 980 796 641 226 288 469 715 122 151 109 352 722 288 584 499 556 389 200 664 
698 266 81 428 594 995 36 211 0 458 730 429 51 701 164 122 718 641 318 827 31 896 551 120 531 837 947 969 784 525 355 357 445 865 396 376 101 848 60 710 470 574 36 92 817 628 367 308 266 387 561 204 145 489 929 545 332 630 239 972 
49 872 866 277 364 566 907 664 458 0 718 734 239 214 134 152 594 930 652 333 771 515 258 404 982 43 503 113 588 161 979 981 842 524 755 996 919 407 436 529 67 161 722 133 852 981 975 349 474 577 859 335 370 382 911 774 561 807 28 980 
232 408 774 60 718 472 676 882 730 718 0 166 690 440 40 360 483 174 299 132 4 279 919 295 749 612 219 797 432 829 383 398 928 332 637 424 133 640 755 454 756 727 974 661 600 426 685 937 989 369 440 237 976 820 624 365 129 983 729 780 
785 895 509 60 408 321 35 166 429 734 166 0 328 135 677 953 221 500 307 579 517 302 934 93 421 847 158 566 768 295 125 492 853 57 522 574 161 417 615 385 124 512 430 739 954 149 746 434 889 624 188 487 651 336 115 898 781 196 274 216 
193 234 482 498 442 520 102 701 51 239 690 328 0 232 625 431 815 446 623 732 752 332 343 700 145 292 731 817 457 446 812 552 455 843 512 579 552 666 890 536 364 351 117 248 188 186 391 354 26 511 239 468 824 438 582 921 851 853 35 996 
86 193 412 577 82 930 756 223 701 214 440 135 232 0 594 787 53 710 897 315 290 540 698 377 684 371 807 18 799 923 95 432 156 27 657 60 492 815 724 370 840 258 996 638 988 503 799 453 213 646 414 441 203 631 543 55 895 560 595 779 
169 612 753 261 40 668 11 497 164 134 40 677 625 594 0 195 485 752 933 497 980 153 880 871 387 974 79 403 893 421 162 944 710 234 921 691 113 937 832 42 668 923 362 35 891 118 270 139 384 383 71 42 972 266 821 331 526 444 251 666 
856 811 659 39 478 380 626 589 122 152 360 953 431 787 195 0 360 491 553 413 536 688 926 191 367 611 850 86 919 534 639 624 269 30 126 249 724 576 537 310 352 231 896 536 432 92 913 578 228 907 213 869 984 346 627 36 128 723 543 364 
986 226 470 125 42 51 55 102 718 594 483 221 815 53 485 360 0 756 64 249 185 98 100 470 575 635 134 592 937 461 434 890 135 41 242 121 832 587 596 431 746 896 701 147 393 744 983 796 821 394 463 17 747 811 298 850 388 591 68 143 
135 707 834 221 648 409 889 895 641 930 174 500 446 710 752 491 756 0 985 216 829 522 926 466 760 263 770 556 914 310 147 847 726 776 792 566 454 596 183 871 9 269 747 958 339 649 616 495 854 67 660 133 898 266 740 928 115 263 730 567 
588 607 325 813 345 332 906 478 318 652 299 307 623 897 933 553 64 985 0 780 736 80 222 457 41 657 79 947 503 131 615 357 354 771 774 146 547 955 182 634 571 240 189 723 456 226 628 210 415 738 174 83 470 464 151 508 898 813 828 787 
869 389 257 251 869 723 864 165 827 333 132 579 732 315 497 413 249 216 780 0 78 642 694 484 581 749 243 506 737 577 892 811 665 51 214 386 741 437 664 928 930 881 237 290 488 119 139 163 692 274 456 848 891 681 132 409 356 617 896 356 
164 454 622 20 210 7 602 924 31 771 4 517 752 290 980 536 185 829 736 78 0 598 458 297 290 208 497 29 763 73 544 979 730 769 793 162 389 733 255 254 659 883 855 983 199 449 593 728 616 612 220 905 148 281 822 792 7 839 168 4 
29 155 979 585 147 244 58 285 896 515 279 302 332 540 153 688 98 522 80 642 598 0 19 434 122 252 305 737 416 12 510 945 434 323 181 778 88 920 808 661 147 117 413 75 129 97 415 1 236 630 133 166 838 658 486 747 77 450 309 722 
52 70 31 40 523 152 962 818 551 258 919 934 343 698 880 926 100 926 222 694 458 19 0 199 267 824 280 338 219 994 131 477 773 899 388 227 471 467 165 144 437 480 614 290 95 217 176 82 726 937 890 325 510 241 332 220 522 467 428 808 
548 77 914 804 676 128 577 376 120 404 295 93 700 377 871 191 470 466 457 484 297 434 199 0 398 825 511 17 400 358 656 539 695 746 40 8 365 320 11 919 427 702 610 642 415 815 158 112 642 573 936 876 676 844 443 529 181 910 677 795 
80 136 165 509 935 676 301 47 531 982 749 421 145 684 387 367 575 760 41 581 290 122 267 398 0 749 828 889 294 153 825 217 428 408 964 352 556 478 479 104 431 916 108 82 680 215 169 819 726 386 998 812 522 966 93 486 495 455 410 738 
367 629 814 692 660 723 240 279 837 43 612 847 292 371 974 611 635 263 657 749 208 252 824 825 749 0 415 955 298 212 901 944 288 674 127 92 540 74 465 273 814 147 786 553 220 825 245 130 205 293 71 271 858 58 228 270 681 872 996 839 
990 316 274 407 795 911 20 452 947 503 219 158 731 807 79 850 134 770 79 243 497 305 280 511 828 415 0 790 512 543 215 661 519 791 587 630 132 784 923 697 990 576 430 406 104 354 681 43 431 975 343 991 67 997 933 872 790 46 38 542 
383 420 70 713 655 891 464 340 969 113 797 566 817 18 403 86 592 556 947 506 29 737 338 17 889 955 790 0 924 641 573 348 325 432 689 989 766 414 755 847 823 464 378 368 5 969 129 123 863 253 487 200 230 553 659 910 214 930 958 361 
247 896 85 126 279 723 471 878 784 588 432 768 457 799 893 919 937 914 503 737 763 416 219 400 294 298 512 924 0 559 983 566 789 292 558 414 693 556 340 158 964 100 855 193 655 856 446 134 489 44 491 143 982 621 893 535 408 143 33 283 
833 354 372 190 129 138 191 639 525 161 829 295 446 923 421 534 461 310 131 577 73 12 994 358 153 212 543 641 559 0 872 856 672 921 345 500 819 841 896 322 581 225 599 678 496 583 392 411 507 337 338 578 719 770 390 350 932 62 537 978 
895 27 854 313 734 324 700 792 355 979 383 125 812 95 162 639 434 147 615 892 544 510 131 656 825 901 215 573 983 872 0 934 304 29 647 102 531 341 797 504 815 45 873 450 626 52 898 497 759 599 5 103 969 833 843 91 207 390 342 872 
883 59 782 769 507 910 900 610 357 981 398 492 552 432 944 624 890 847 357 811 979 945 477 539 217 944 661 348 566 856 934 0 61 317 90 955 38 432 30 510 272 528 727 775 300 11 269 805 840 223 743 895 774 611 40 566 281 74 553 250 
367 597 323 981 115 266 767 959 445 842 928 853 455 156 710 269 135 726 354 665 730 434 773 695 428 288 519 325 789 672 304 61 0 342 838 411 289 437 940 680 992 682 36 635 583 886 636 187 830 417 543 107 537 962 929 87 217 234 111 377 
216 230 78 804 432 927 333 416 865 524 332 57 843 27 234 30 41 776 771 51 769 323 899 746 408 674 791 432 292 921 29 317 342 0 167 295 286 622 239 39 316 998 259 685 952 592 381 953 354 683 536 608 948 472 353 867 121 277 896 18 
346 849 724 66 8 234 851 440 396 755 637 522 512 657 921 126 242 792 774 214 793 181 388 40 964 127 587 689 558 345 647 90 838 167 0 446 637 498 585 859 651 120 21 370 844 719 940 814 702 553 789 662 871 416 756 641 113 853 803 384 
659 342 262 780 179 545 176 312 376 996 424 574 579 60 691 249 121 566 146 386 162 778 227 8 352 92 630 989 414 500 102 955 411 295 446 0 537 893 221 703 763 947 899 884 266 952 70 514 524 874 695 737 833 761 402 763 28 773 425 860 
409 541 642 940 63 459 79 197 101 919 133 161 552 492 113 724 832 454 547 741 389 88 471 365 556 540 132 766 693 819 531 38 289 286 637 537 0 190 660 74 766 56 902 929 67 208 890 301 818 62 639 512 915 509 480 496 432 80 757 900 
244 917 653 861 99 545 920 440 848 407 640 417 666 815 937 576 587 596 955 437 733 920 467 320 478 74 784 414 556 841 341 432 437 622 498 893 190 0 495 365 563 273 839 74 682 897 544 191 992 983 1000 296 389 844 360 766 258 189 533 654 
973 555 864 232 483 516 117 434 60 436 755 615 890 724 832 537 596 183 182 664 255 808 165 11 479 465 923 755 340 896 797 30 940 239 585 221 660 495 0 801 691 18 651 409 986 712 428 805 928 227 453 454 539 608 661 907 323 381 372 506 
109 830 938 879 497 41 712 364 710 529 454 385 536 370 42 310 431 871 634 928 254 661 144 919 104 273 697 847 158 322 504 510 680 39 859 703 74 365 801 0 579 855 91 898 162 846 577 519 561 434 672 23 101 346 862 271 5 951 790 134 
586 429 108 422 927 710 656 5 470 67 756 124 364 840 668 352 746 9 571 930 659 147 437 427 431 814 990 823 964 581 815 272 992 316 651 763 766 563 691 579 0 27 974 404 878 500 946 855 335 908 880 760 563 703 325 960 142 385 175 42 
95 915 452 719 438 753 203 980 574 161 727 512 351 258 923 231 896 269 240 881 883 117 480 702 916 147 576 464 100 225 45 528 682 998 120 947 56 273 18 855 27 0 881 58 932 756 523 698 497 557 349 236 44 406 518 209 376 57 685 531 
657 482 452 268 696 380 371 796 36 722 974 430 117 996 362 896 701 747 189 237 855 413 614 610 108 786 430 378 855 599 873 727 36 259 21 899 902 839 651 91 974 881 0 399 593 610 171 986 1000 83 582 818 950 800 152 194 7 45 41 523 
541 696 157 201 181 420 958 641 92 133 661 739 248 638 35 536 147 958 723 290 983 75 290 642 82 553 406 368 193 678 450 775 635 685 370 884 929 74 409 898 404 58 399 0 620 856 803 198 617 279 64 767 612 770 787 637 990 275 470 484 
77 908 111 514 570 815 89 226 817 852 600 954 188 988 891 432 393 339 456 488 199 129 95 415 680 220 104 5 655 496 626 300 583 952 844 266 67 682 986 162 878 932 593 620 0 338 698 920 39 78 660 760 125 652 23 342 628 243 650 931 
332 291 168 186 232 629 934 288 628 981 426 149 186 503 118 92 744 649 226 119 449 97 217 815 215 825 354 969 856 583 52 11 886 592 719 952 208 897 712 846 500 756 610 856 338 0 874 867 186 301 720 142 935 496 654 422 800 403 559 385 
572 971 163 377 517 750 824 469 367 975 685 746 391 799 270 913 983 616 628 139 593 415 176 158 169 245 681 129 446 392 898 269 636 381 940 70 890 544 428 577 946 523 171 803 698 874 0 881 647 879 624 301 913 334 644 171 731 785 853 872 
423 904 785 418 770 259 440 715 308 349 937 434 354 453 139 578 796 495 210 163 728 1 82 112 819 130 43 123 134 411 497 805 187 953 814 514 301 191 805 519 855 698 986 198 920 867 881 0 830 361 309 922 801 129 462 637 961 334 167 260 
1 692 759 352 925 390 113 122 266 474 989 889 26 213 384 228 821 854 415 692 616 236 726 642 726 205 431 863 489 507 759 840 830 354 702 524 818 992 928 561 335 497 1000 617 39 186 647 830 0 244 965 271 253 166 207 143 418 860 811 512 
202 870 546 975 102 842 351 151 387 577 369 624 511 646 383 907 394 67 738 274 612 630 937 573 386 293 975 253 44 337 599 223 417 683 553 874 62 983 227 434 908 557 83 279 78 301 879 361 244 0 90 365 89 144 691 411 2 517 529 40 
245 915 974 952 920 583 821 109 561 859 440 188 239 414 71 213 463 660 174 456 220 133 890 936 998 71 343 487 491 338 5 743 543 536 789 695 639 1000 453 672 880 349 582 64 660 720 624 309 965 90 0 785 961 686 292 739 526 41 188 120 
385 977 299 857 976 129 503 352 204 335 237 487 468 441 42 869 17 133 83 848 905 166 325 876 812 271 991 200 143 578 103 895 107 608 662 737 512 296 454 23 760 236 818 767 760 142 301 922 271 365 785 0 953 98 604 431 942 589 911 73 
470 469 426 808 151 107 772 722 145 370 976 651 824 203 972 984 747 898 470 891 148 838 510 676 522 858 67 230 982 719 969 774 537 948 871 833 915 389 539 101 563 44 950 612 125 935 913 801 253 89 961 953 0 363 11 583 20 792 326 965 
736 174 908 827 972 770 974 288 489 382 820 336 438 631 266 346 811 266 464 681 281 658 241 844 966 58 997 553 621 770 833 611 962 472 416 761 509 844 608 346 703 406 800 770 652 496 334 129 166 144 686 98 363 0 761 742 370 252 564 774 
451 409 131 235 721 396 930 584 929 911 624 115 582 543 821 627 298 740 151 132 822 486 332 443 93 228 933 659 893 390 843 40 929 353 756 402 480 360 661 862 325 518 152 787 23 654 644 462 207 691 292 604 11 761 0 380 439 190 781 638 
611 996 557 209 551 523 813 499 545 774 365 898 921 55 331 36 850 928 508 409 792 747 220 529 486 270 872 910 535 350 91 566 87 867 641 763 496 766 907 271 960 209 194 637 342 422 171 637 143 411 739 431 583 742 380 0 367 694 271 47 
548 415 119 359 12 169 467 556 332 561 129 781 851 895 526 128 388 115 898 356 7 77 522 181 495 681 790 214 408 932 207 281 217 121 113 28 432 258 323 5 142 376 7 990 628 800 731 961 418 2 526 942 20 370 439 367 0 377 615 640 
631 640 139 993 828 497 313 389 630 807 983 196 853 560 444 723 591 263 813 617 839 450 467 910 455 872 46 930 143 62 390 74 234 277 853 773 80 189 381 951 385 57 45 275 243 403 785 334 860 517 41 589 792 252 190 694 377 0 333 256 
32 781 307 414 865 701 224 200 239 28 729 274 35 595 251 543 68 730 828 896 168 309 428 677 410 996 38 958 33 537 342 553 111 896 803 425 757 533 372 790 175 685 41 470 650 559 853 167 811 529 188 911 326 564 781 271 615 333 0 911 
971 349 343 238 307 519 960 664 972 980 780 216 996 779 666 364 143 567 787 356 4 722 808 795 738 839 542 361 283 978 872 250 377 18 384 860 900 654 506 134 42 531 523 484 931 385 872 260 512 40 120 73 965 774 638 47 640 256 911 0 
0 534 482 986 6 730 725 276 459 728 199 277 714 808 601 631 494 464 961 196 36 401 210 185 670 715 898 858 651 787 42 111 899 634 682 517 45 436 308 181 469 609 612 31 252 23 647 350 787 112 381 405 438 221 801 429 145 646 875 424 
534 0 155 31 910 84 489 652 308 595 890 390 982 487 674 88 790 416 217 950 824 462 886 206 157 842 211 405 640 974 832 396 377 270 405 119 76 77 126 475 133 682 385 67 787 98 444 711 97 906 357 208 808 779 391 725 433 57 151 767 
482 155 0 262 73 595 323 710 607 522 622 251 328 655 921 917 698 655 33 597 571 507 326 195 510 438 913 688 988 901 161 494 974 296 762 69 722 364 615 943 89 988 606 184 865 748 202 835 326 886 644 735 569 779 783 593 13 226 560 496 
986 31 262 0 59 522 264 929 951 577 332 990 644 668 738 742 764 351 140 785 228 614 641 404 306 618 241 954 798 143 269 777 402 242 912 418 782 55 61 249 458 72 122 412 604 222 705 983 774 482 223 286 776 87 566 671 439 735 873 796 
6 910 73 59 0 153 826 187 255 835 849 217 20 787 38 723 574 375 78 807 179 159 852 653 810 207 964 890 205 192 446 61 106 147 581 619 938 444 616 752 650 256 984 887 193 612 765 577 106 317 232 232 71 222 118 825 233 232 239 24 
730 84 595 522 153 0 138 84 397 337 687 550 24 91 345 693 85 175 23 274 806 507 968 507 55 994 770 268 181 780 68 192 73 64 661 609 861 671 50 657 977 327 471 807 480 77 286 108 386 184 97 630 712 426 819 334 775 657 850 840 
725 489 323 264 826 138 0 899 191 859 839 979 58 29 906 659 387 232 492 498 455 704 230 746 791 369 354 959 616 78 572 782 726 536 478 179 607 804 146 667 599 583 827 15 233 348 827 561 909 631 400 572 704 498 33 624 228 122 884 428 
276 652 710 929 187 84 899 0 214 853 351 201 648 641 961 306 231 119 916 499 511 773 808 135 824 130 356 402 67 708 906 26 863 344 791 607 762 45 180 819 189 952 451 463 841 175 758 414 456 492 361 876 912 713 289 793 535 925 856 635 
459 308 607 951 255 397 191 214 0 582 160 73 707 893 828 196 760 544 761 315 727 7 690 42 73 15 56 644 788 701 161 118 497 64 729 951 586 415 11 366 690 470 663 582 13 221 90 814 944 771 523 218 86 629 386 164 604 190 681 29 
728 595 522 577 835 337 859 853 582 0 840 141 850 374 435 872 842 31 61 203 18 302 650 266 306 716 412 655 357 957 772 34 370 156 112 245 130 153 584 526 874 649 789 388 350 90 482 893 573 389 315 968 962 449 834 545 718 304 773 17 
199 890 622 332 849 687 839 351 160 840 0 220 517 960 779 210 878 342 280 388 149 885 859 735 771 289 366 792 178 870 785 889 561 506 777 654 634 629 734 735 294 230 738 964 84 273 779 548 531 192 712 136 139 3 974 507 715 217 664 955 
277 390 251 990 217 550 979 201 73 141 220 0 593 543 730 149 655 362 603 184 255 669 865 219 883 340 64 451 175 789 362 67 249 778 723 532 935 199 280 874 252 39 951 944 954 350 791 263 291 70 483 187 183 109 191 462 367 630 492 526 
714 982 328 644 20 24 58 648 707 850 517 593 0 266 759 15 714 299 358 28 426 27 816 26 266 184 437 274 194 978 542 854 466 140 734 686 561 872 750 702 447 861 5 472 503 884 832 495 899 86 579 863 543 610 117 872 631 882 882 850 
808 487 655 668 787 91 29 641 893 374 960 543 266 0 831 883 123 664 715 806 615 589 663 46 198 478 691 146 741 61 15 117 200 222 301 722 973 338 500 113 290 726 823 687 517 243 923 940 449 695 975 710 401 933 136 284 326 982 914 615 
601 674 921 738 38 345 906 961 828 435 779 730 759 831 0 287 244 564 530 968 620 766 287 289 491 572 523 444 227 137 507 492 382 994 502 355 266 248 763 588 583 728 665 181 306 311 106 780 426 24 970 196 866 549 85 250 313 353 971 925 
631 88 917 742 723 693 659 306 196 872 210 149 15 883 287 0 532 105 427 351 496 55 552 469 522 839 780 628 241 162 801 36 339 522 244 30 503 147 453 719 733 355 136 803 924 745 994 101 205 489 392 811 190 606 705 196 290 468 347 441 
494 790 698 764 574 85 387 231 760 842 878 655 714 123 244 532 0 619 209 394 107 784 66 340 472 625 443 529 288 686 188 371 426 802 644 41 749 429 856 170 41 33 610 120 444 670 131 103 867 444 46 972 535 47 670 503 474 177 169 740 
464 416 655 351 375 175 232 119 544 31 342 362 299 664 564 105 619 0 204 234 434 470 490 946 425 473 857 773 687 593 271 918 859 437 823 475 790 184 209 457 661 848 885 365 90 9 585 448 429 178 150 622 793 245 10 62 159 822 285 73 
961 217 33 140 78 23 492 916 761 61 280 603 358 715 530 427 209 204 0 360 458 989 260 73 341 678 850 182 200 495 667 152 242 836 673 54 679 909 186 421 759 179 190 888 325 68 561 706 457 319 851 765 237 237 208 50 54 246 275 957 
196 950 597 785 807 274 498 499 315 203 388 184 28 806 968 351 394 234 360 0 350 576 393 562 266 389 476 102 768 211 842 968 914 897 968 642 87 540 435 805 59 864 205 171 918 901 204 793 413 144 388 168 465 500 237 82 517 617 462 516 
36 824 571 228 179 806 455 511 727 18 149 255 426 615 620 496 107 434 458 350 0 305 777 530 132 66 93 980 120 143 629 290 442 555 498 386 864 720 271 662 581 528 25 240 696 394 202 465 141 922 42 379 30 77 934 456 11 14 906 399 
401 462 507 614 159 507 704 773 7 302 885 669 27 589 766 55 784 470 989 576 305 0 421 668 19 272 44 2 502 534 195 952 673 151 554 752 825 893 468 464 815 825 752 293 424 267 547 475 234 357 590 667 625 175 402 332 149 651 830 9 
210 886 326 641 852 968 230 808 690 650 859 865 816 663 287 552 66 490 260 393 777 421 0 753 715 904 619 912 865 476 944 665 181 807 755 342 826 367 782 605 675 528 232 123 378 647 712 708 335 32 829 460 550 456 926 906 452 359 67 1000 
185 206 195 404 653 507 746 135 42 266 735 219 26 46 289 469 340 946 73 562 530 668 753 0 36 605 368 727 447 510 183 94 412 991 110 450 790 218 310 939 731 106 78 33 10 225 720 643 353 230 368 630 857 115 415 194 238 998 598 563 
670 157 510 306 810 55 791 824 73 306 771 883 266 198 491 522 472 425 341 266 132 19 715 36 0 124 614 251 414 661 19 344 216 434 350 779 831 504 578 130 367 52 404 976 649 502 587 279 88 675 254 224 491 602 494 555 688 11 173 984 
715 842 438 618 207 994 369 130 15 716 289 340 184 478 572 839 625 473 678 389 66 272 904 605 124 0 905 790 119 910 222 286 805 240 592 726 785 359 232 631 668 139 314 725 230 376 688 42 986 513 321 307 406 601 329 269 364 267 222 762 
898 211 913 241 964 770 354 356 56 412 366 64 437 691 523 780 443 857 850 476 93 44 619 368 614 905 0 496 21 325 220 284 20 563 127 13 473 532 19 170 35 563 503 123 290 411 676 759 301 663 645 107 664 724 938 138 265 383 864 766 
858 405 688 954 890 268 959 402 644 655 792 451 274 146 444 628 529 773 182 102 980 2 912 727 251 790 496 0 313 882 12 527 371 866 841 506 684 110 588 422 953 705 871 383 716 108 46 70 939 977 967 234 195 193 412 115 316 322 606 874 
651 640 988 798 205 181 616 67 788 357 178 175 194 741 227 241 288 687 200 768 120 502 865 447 414 119 21 313 0 623 98 781 833 772 272 293 351 707 579 596 13 806 406 141 669 565 468 516 836 922 504 724 642 689 485 531 131 926 566 949 
787 974 901 143 192 780 78 708 701 957 870 789 978 61 137 162 686 593 495 211 143 534 476 510 661 910 325 882 623 0 615 999 324 105 922 579 141 452 6 640 10 27 478 471 180 741 604 548 160 33 141 489 368 398 59 905 132 429 21 431 
42 832 161 269 446 68 572 906 161 772 785 362 542 15 507 801 188 271 667 842 629 195 944 183 19 222 220 12 98 615 0 330 760 677 186 992 562 638 6 681 4 6 179 577 435 501 261 716 401 407 446 896 852 353 682 918 133 708 285 944 
111 396 494 777 61 192 782 26 118 34 889 67 854 117 492 36 371 918 152 968 290 952 665 94 344 286 284 527 781 999 330 0 727 651 940 115 190 742 305 188 551 543 850 58 262 67 399 39 53 661 135 778 683 824 865 176 176 513 23 894 
899 377 974 402 106 73 726 863 497 370 561 249 466 200 382 339 426 859 242 914 442 673 181 412 216 805 20 371 833 324 760 727 0 667 226 728 539 585 985 430 300 580 786 808 797 133 866 394 840 476 314 303 69 92 600 982 637 290 782 632 
634 270 296 242 147 64 536 344 64 156 506 778 140 222 994 522 802 437 836 897 555 151 807 991 434 240 563 866 772 105 677 651 667 0 773 84 569 297 514 544 235 549 364 321 78 625 29 184 892 891 642 256 346 571 448 386 769 472 948 586 
682 405 762 912 581 661 478 791 729 112 777 723 734 301 502 244 644 823 673 968 498 554 755 110 350 592 127 841 272 922 186 940 226 773 0 356 856 93 625 143 958 611 120 136 7 550 805 575 375 198 239 802 975 255 964 937 401 152 43 935 
517 119 69 418 619 609 179 607 951 245 654 532 686 722 355 30 41 475 54 642 386 752 342 450 779 726 13 506 293 579 992 115 728 84 356 0 725 972 584 631 792 408 634 395 852 138 380 159 330 600 212 276 571 561 911 337 398 570 803 387 
45 76 722 782 938 861 607 762 586 130 634 935 561 973 266 503 749 790 679 87 864 825 826 790 831 785 473 684 351 141 562 190 539 569 856 725 0 226 319 953 162 424 340 780 975 124 493 234 778 900 501 477 611 357 301 683 163 915 623 160 
436 77 364 55 444 671 804 45 415 153 629 199 872 338 248 147 429 184 909 540 720 893 367 218 504 359 532 110 707 452 638 742 585 297 93 972 226 0 662 627 536 941 609 245 661 194 799 788 818 868 50 519 250 141 90 347 279 74 760 984 
308 126 615 61 616 50 146 180 11 584 734 280 750 500 763 453 856 209 186 435 271 468 782 310 578 232 19 588 579 6 6 305 985 514 625 584 319 662 0 553 48 18 996 179 339 342 267 108 51 711 158 716 109 28 96 381 941 909 814 960 
181 475 943 249 752 657 667 819 366 526 735 874 702 113 588 719 170 457 421 805 662 464 605 939 130 631 170 422 596 640 681 188 430 544 143 631 953 627 553 0 526 12 773 114 780 344 294 585 999 247 899 43 668 153 922 926 464 967 790 10 
469 133 89 458 650 977 599 189 690 874 294 252 447 290 583 733 41 661 759 59 581 815 675 731 367 668 35 953 13 10 4 551 300 235 958 792 162 536 48 526 0 864 678 363 583 586 884 190 720 265 922 416 642 429 97 187 590 669 13 582 
609 682 988 72 256 327 583 952 470 649 230 39 861 726 728 355 33 848 179 864 528 825 528 106 52 139 563 705 806 27 6 543 580 549 611 408 424 941 18 12 864 0 145 628 142 256 251 538 396 818 45 92 872 288 64 726 355 561 910 322 
612 385 606 122 984 471 827 451 663 789 738 951 5 823 665 136 610 885 190 205 25 752 232 78 404 314 503 871 406 478 179 850 786 364 120 634 340 609 996 773 678 145 0 319 540 926 811 92 154 709 13 316 507 865 634 394 206 407 963 607 
31 67 184 412 887 807 15 463 582 388 964 944 472 687 181 803 120 365 888 171 240 293 123 33 976 725 123 383 141 471 577 58 808 321 136 395 780 245 179 114 363 628 319 0 474 1000 281 527 917 934 459 473 7 576 647 61 480 443 668 431 
252 787 865 604 193 480 233 841 13 350 84 954 503 517 306 924 444 90 325 918 696 424 378 10 649 230 290 716 669 180 435 262 797 78 7 852 975 661 339 780 583 142 540 474 0 958 773 99 784 745 895 981 608 319 674 869 259 438 520 612 
23 98 748 222 612 77 348 175 221 90 273 350 884 243 311 745 670 9 68 901 394 267 647 225 502 376 411 108 565 741 501 67 133 625 550 138 124 194 342 344 586 256 926 1000 958 0 897 782 119 712 537 750 836 982 848 472 784 419 67 451 
647 444 202 705 765 286 827 758 90 482 779 791 832 923 106 994 131 585 561 204 202 547 712 720 587 688 676 46 468 604 261 399 866 29 805 380 493 799 267 294 884 251 811 281 773 897 0 98 627 161 271 238 489 897 426 605 740 265 488 590 
350 711 835 983 577 108 561 414 814 893 548 263 495 940 780 101 103 448 706 793 465 475 708 643 279 42 759 70 516 548 716 39 394 184 575 159 234 788 108 585 190 538 92 527 99 782 98 0 495 115 380 191 405 996 158 644 894 792 424 204 
787 97 326 774 106 386 909 456 944 573 531 291 899 449 426 205 867 429 457 413 141 234 335 353 88 986 301 939 836 160 401 53 840 892 375 330 778 818 51 999 720 396 154 917 784 119 627 495 0 50 185 993 286 341 594 977 5 79 728 751 
112 906 886 482 317 184 631 492 771 389 192 70 86 695 24 489 444 178 319 144 922 357 32 230 675 513 663 977 922 33 407 661 476 891 198 600 900 868 711 247 265 818 709 934 745 712 161 115 50 0 595 950 383 845 954 171 596 533 475 473 
381 357 644 223 232 97 400 361 523 315 712 483 579 975 970 392 46 150 851 388 42 590 829 368 254 321 645 967 504 141 446 135 314 642 239 212 501 50 158 899 922 45 13 459 895 537 271 380 185 595 0 562 143 359 821 394 594 504 871 613 
405 208 735 286 232 630 572 876 218 968 136 187 863 710 196 811 972 622 765 168 379 667 460 630 224 307 107 234 724 489 896 778 303 256 802 276 477 519 716 43 416 92 316 473 981 750 238 191 993 950 562 0 576 369 166 107 919 279 20 872 
438 808 569 776 71 712 704 912 86 962 139 183 543 401 866 190 535 793 237 465 30 625 550 857 491 406 664 195 642 368 852 683 69 346 975 571 611 250 109 668 642 872 507 7 608 836 489 405 286 383 143 576 0 745 921 51 961 894 255 459 
221 779 779 87 222 426 498 713 629 449 3 109 610 933 549 606 47 245 237 500 77 175 456 115 602 601 724 193 689 398 353 824 92 571 255 561 357 141 28 153 429 288 865 576 319 982 897 996 341 845 359 369 745 0 154 641 831 778 25 424 
801 391 783 566 118 819 33 289 386 834 974 191 117 136 85 705 670 10 208 237 934 402 926 415 494 329 938 412 485 59 682 865 600 448 964 911 301 90 96 922 97 64 634 647 674 848 426 158 594 954 821 166 921 154 0 915 464 748 427 896 
429 725 593 671 825 334 624 793 164 545 507 462 872 284 250 196 503 62 50 82 456 332 906 194 555 269 138 115 531 905 918 176 982 386 937 337 683 347 381 926 187 726 394 61 869 472 605 644 977 171 394 107 51 641 915 0 688 465 532 227 
145 433 13 439 233 775 228 535 604 718 715 367 631 326 313 290 474 159 54 517 11 149 452 238 688 364 265 316 131 132 133 176 637 769 401 398 163 279 941 464 590 355 206 480 259 784 740 894 5 596 594 919 961 831 464 688 0 906 903 529 
646 57 226 735 232 657 122 925 190 304 217 630 882 982 353 468 177 822 246 617 14 651 359 998 11 267 383 322 926 429 708 513 290 472 152 570 915 74 909 967 669 561 407 443 438 419 265 792 79 533 504 279 894 778 748 465 906 0 138 776 
875 151 560 873 239 850 884 856 681 773 664 492 882 914 971 347 169 285 275 462 906 830 67 598 173 222 864 606 566 21 285 23 782 948 43 803 623 760 814 790 13 910 963 668 520 67 488 424 728 475 871 20 255 25 427 532 903 138 0 306 
424 767 496 796 24 840 428 635 29 17 955 526 850 615 925 441 740 73 957 516 399 9 1000 563 984 762 766 874 949 431 944 894 632 586 935 387 160 984 960 10 582 322 607 431 612 451 590 204 751 473 613 872 459 424 896 227 529 776 306 0 
0 545 835 661 262 707 694 662 282 221 84 72 670 925 498 705 740 127 268 42 3 701 199 280 855 648 911 863 456 1 260 113 485 904 474 267 8 238 243 773 277 536 664 202 18 165 901 685 972 83 885 746 536 11 216 376 908 830 840 33 
545 0 148 199 716 578 560 378 803 640 517 746 952 45 280 75 303 12 418 633 628 824 725 381 452 947 973 310 477 458 656 315 225 439 607 47 679 292 231 220 195 631 1 274 909 339 853 466 504 861 303 563 452 950 616 721 602 454 193 818 
835 148 0 398 295 493 238 767 881 703 945 417 384 639 935 997 614 915 714 497 141 252 299 412 531 266 726 545 992 879 57 293 844 62 447 444 569 712 59 412 669 822 832 765 159 738 508 835 247 980 409 319 444 618 655 952 168 117 797 827 
661 199 398 0 293 365 358 943 596 293 367 836 250 693 942 763 573 815 12 691 463 379 645 100 301 454 948 847 522 223 80 927 240 438 411 448 348 772 262 130 70 35 255 405 951 376 905 383 516 139 400 349 925 201 601 901 271 437 822 65 
262 716 295 293 0 65 627 437 777 74 302 127 324 656 120 185 737 408 288 925 197 95 278 504 997 405 718 613 133 364 836 624 172 410 911 23 776 395 28 787 612 943 520 731 232 698 228 733 638 321 56 129 674 322 567 908 180 852 787 576 
707 578 493 365 65 0 446 340 207 211 486 671 238 16 164 574 102 560 95 642 896 657 970 383 19 937 523 502 34 803 249 86 301 257 128 915 630 937 394 149 948 373 332 794 200 9 343 10 83 365 286 332 642 30 735 975 791 914 542 133 
694 560 238 358 627 446 0 971 497 493 804 184 21 130 769 502 226 440 825 417 467 845 443 374 294 562 290 843 736 296 173 936 641 845 367 27 237 919 430 243 669 651 668 563 270 7 134 771 521 137 467 94 694 492 428 544 466 285 941 172 
662 378 767 943 437 340 971 0 659 828 276 827 337 537 837 611 435 92 784 937 927 942 599 19 59 34 403 111 297 654 290 185 733 717 591 249 819 307 277 185 875 579 625 884 231 245 1000 728 798 820 539 764 546 905 338 440 768 604 413 668 
282 803 881 596 777 207 497 659 0 152 117 228 970 817 747 58 459 374 281 187 878 389 213 202 297 216 292 562 696 420 403 76 377 815 795 975 976 30 753 10 255 328 539 777 285 16 205 952 901 378 798 817 95 401 279 263 354 278 942 117 
221 640 703 293 74 211 493 828 152 0 652 462 864 531 313 471 462 512 190 326 546 569 837 216 645 616 598 365 833 724 693 102 214 435 385 211 309 25 106 765 460 849 377 418 221 225 708 705 755 689 652 593 732 448 521 924 695 725 155 120 
84 517 945 367 302 486 804 276 117 652 0 294 543 728 945 74 216 79 180 312 84 745 508 493 956 2 573 736 447 966 619 807 127 46 459 857 472 900 934 365 403 370 598 825 452 437 769 39 831 417 633 511 783 341 864 590 786 289 604 756 
72 746 417 836 127 671 184 827 228 462 294 0 23 735 316 182 827 743 332 517 845 550 194 375 219 704 184 125 155 665 797 368 648 810 810 871 927 906 282 481 340 189 811 429 964 628 709 323 491 817 287 131 290 522 573 386 132 621 429 619 
670 952 384 250 324 238 21 337 970 864 543 23 0 370 365 236 843 223 470 561 271 179 607 188 714 337 738 80 316 667 643 536 420 593 748 483 641 761 379 907 23 747 508 330 385 658 493 531 807 110 235 769 260 93 767 936 192 267 819 941 
925 45 639 693 656 16 130 537 817 531 728 735 370 0 625 412 58 403 652 571 889 898 778 462 92 483 762 610 362 259 370 442 382 143 289 283 305 283 75 320 17 142 641 595 495 340 486 890 703 433 939 829 288 989 603 364 691 216 694 385 
498 280 935 942 120 164 769 837 747 313 945 316 365 625 0 478 765 533 538 716 886 909 102 731 437 22 175 468 662 739 541 297 143 687 326 368 475 15 962 853 908 914 725 542 534 34 490 958 228 337 818 491 652 601 490 582 423 399 788 456 
705 75 997 763 185 574 502 611 58 471 74 182 236 412 478 0 989 329 364 836 613 121 103 910 207 336 450 348 531 58 450 105 455 764 413 29 302 748 894 697 740 30 359 878 769 690 718 168 340 569 588 850 63 323 838 844 285 384 775 140 
740 303 614 573 737 102 226 435 459 462 216 827 843 58 765 989 0 833 793 81 20 648 338 302 709 915 142 875 338 679 538 772 520 488 565 7 841 604 845 384 257 170 409 381 469 510 344 453 758 869 328 583 580 413 288 126 659 368 187 872 
127 12 915 815 408 560 440 92 374 512 79 743 223 403 533 329 833 0 460 39 187 364 187 385 436 466 732 203 528 912 162 779 467 906 745 680 726 149 731 492 820 872 879 99 315 334 452 280 512 150 119 494 588 254 418 35 289 545 896 374 
268 418 714 12 288 95 825 784 281 190 180 332 470 652 538 364 793 460 0 703 236 674 64 334 341 746 858 578 134 626 353 279 178 421 692 318 484 777 509 187 652 523 276 461 502 191 625 89 170 597 532 368 100 869 450 274 152 255 796 937 
42 633 497 691 925 642 417 937 187 326 312 517 561 571 716 836 81 39 703 0 40 693 716 567 368 547 205 405 599 215 916 781 893 290 747 716 485 358 876 545 180 360 220 159 562 618 629 707 461 434 723 316 452 333 387 90 410 693 736 758 
3 628 141 463 197 896 467 927 878 546 84 845 271 889 886 613 20 187 236 40 0 221 163 92 350 396 174 585 207 352 422 595 606 586 375 435 490 939 93 847 975 9 931 467 742 885 100 157 142 921 145 18 627 618 618 684 306 17 889 406 
701 824 252 379 95 657 845 942 389 569 745 550 179 898 909 121 648 364 674 693 221 0 330 907 187 383 371 385 896 261 37 945 977 260 646 563 749 755 341 416 700 706 47 237 538 554 376 227 226 408 985 603 284 668 472 68 242 628 791 633 
199 725 299 645 278 970 443 599 213 837 508 194 607 778 102 103 338 187 64 716 163 330 0 451 796 758 626 951 882 182 880 437 61 198 732 13 836 882 940 305 530 583 481 397 349 340 487 736 539 621 541 65 630 800 351 345 700 259 20 905 
280 381 412 100 504 383 374 19 202 216 493 375 188 462 731 910 302 385 334 567 92 907 451 0 500 532 311 570 322 626 961 513 487 499 278 470 707 167 868 500 310 479 394 272 218 109 550 478 290 171 184 176 534 509 266 89 39 809 62 355 
855 452 531 301 997 19 294 59 297 645 956 219 714 92 437 207 709 436 341 368 350 187 796 500 0 548 784 474 645 548 625 450 109 472 465 743 875 59 660 22 496 299 708 736 757 576 424 440 691 609 276 408 330 619 325 734 164 219 271 264 
648 947 266 454 405 937 562 34 216 616 2 704 337 483 22 336 915 466 746 547 396 383 758 532 548 0 848 996 742 680 148 751 904 345 17 836 373 490 38 686 504 166 847 95 89 361 980 21 867 161 236 376 513 828 660 787 591 262 693 430 
911 973 726 948 718 523 290 403 292 598 573 184 738 762 175 450 142 732 858 205 174 371 626 311 784 848 0 407 382 273 531 399 3 511 509 246 29 774 199 382 426 850 274 707 346 408 282 367 666 649 311 547 531 491 928 843 566 286 749 954 
863 310 545 847 613 502 843 111 562 365 736 125 80 610 468 348 875 203 578 405 585 385 951 570 474 996 407 0 173 926 223 556 646 572 852 124 408 131 900 518 738 545 861 767 214 219 157 241 575 943 652 252 623 196 322 234 124 348 803 740 
456 477 992 522 133 34 736 297 696 833 447 155 316 362 662 531 338 528 134 599 207 896 882 322 645 742 382 173 0 795 36 802 961 730 724 581 12 76 295 765 243 624 210 179 523 554 616 463 783 611 91 937 506 527 486 213 160 973 432 831 
1 458 879 223 364 803 296 654 420 724 966 665 667 259 739 58 679 912 626 215 352 261 182 626 548 680 273 926 795 0 320 733 503 83 565 938 181 650 169 440 2 88 392 591 512 452 840 8 663 570 552 78 876 70 397 684 540 286 247 886 
260 656 57 80 836 249 173 290 403 693 619 797 643 370 541 450 538 162 353 916 422 37 880 961 625 148 531 223 36 320 0 89 868 993 363 838 892 424 698 768 361 338 622 384 249 762 273 561 379 638 476 929 523 43 627 802 338 264 935 860 
113 315 293 927 624 86 936 185 76 102 807 368 536 442 297 105 772 779 279 781 595 945 437 513 450 751 399 556 802 733 89 0 303 545 513 600 180 786 401 464 860 763 602 155 635 264 702 722 411 544 342 630 714 575 908 772 271 782 695 835 
485 225 844 240 172 301 641 733 377 214 127 648 420 382 143 455 520 467 178 893 606 977 61 487 109 904 3 646 961 503 868 303 0 505 649 784 296 679 520 871 254 605 849 578 735 420 848 842 853 371 177 159 288 9 861 661 893 490 375 644 
904 439 62 438 410 257 845 717 815 435 46 810 593 143 687 764 488 906 421 290 586 260 198 499 472 345 511 572 730 83 993 545 505 0 690 249 583 397 406 71 232 797 230 641 170 633 57 317 736 541 111 349 855 235 29 334 777 645 924 417 
474 607 447 411 911 128 367 591 795 385 459 810 748 289 326 413 565 745 692 747 375 646 732 278 465 17 509 852 724 565 363 513 649 690 0 137 822 129 746 236 694 597 662 536 276 596 548 445 926 396 125 926 978 326 844 943 367 13 441 845 
267 47 444 448 23 915 27 249 975 211 857 871 483 283 368 29 7 680 318 716 435 563 13 470 743 836 246 124 581 938 838 600 784 249 137 0 459 632 452 382 821 26 503 219 850 530 218 308 255 736 483 375 152 393 339 656 357 807 676 70 
8 679 569 348 776 630 237 819 976 309 472 927 641 305 475 302 841 726 484 485 490 749 836 707 875 373 29 408 12 181 892 180 296 583 822 459 0 365 772 877 136 688 201 719 635 876 919 566 770 888 980 513 616 203 415 625 241 737 725 26 
238 292 712 772 395 937 919 307 30 25 900 906 761 283 15 748 604 149 777 358 939 755 882 167 59 490 774 131 76 650 424 786 679 397 129 632 365 0 620 707 536 381 187 335 72 32 580 655 880 636 131 770 729 241 18 60 112 127 880 442 
243 231 59 262 28 394 430 277 753 106 934 282 379 75 962 894 845 731 509 876 93 341 940 868 660 38 199 900 295 169 698 401 520 406 746 452 772 620 0 920 542 242 976 465 54 225 894 405 46 683 513 799 419 539 112 489 819 700 794 488 
773 220 412 130 787 149 243 185 10 765 365 481 907 320 853 697 384 492 187 545 847 416 305 500 22 686 382 518 765 440 768 464 871 71 236 382 877 707 920 0 66 339 332 414 497 206 24 569 705 243 904 231 990 672 873 247 601 952 848 391 
277 195 669 70 612 948 669 875 255 460 403 340 23 17 908 740 257 820 652 180 975 700 530 310 496 504 426 738 243 2 361 860 254 232 694 821 136 536 542 66 0 81 796 183 337 702 619 573 825 534 757 647 988 557 364 12 936 281 470 387 
536 631 822 35 943 373 651 579 328 849 370 189 747 142 914 30 170 872 523 360 9 706 583 479 299 166 850 545 624 88 338 763 605 797 597 26 688 381 242 339 81 0 81 43 74 529 461 373 96 614 61 753 472 393 249 768 174 233 825 185 
664 1 832 255 520 332 668 625 539 377 598 811 508 641 725 359 409 879 276 220 931 47 481 394 708 847 274 861 210 392 622 602 849 230 662 503 201 187 976 332 796 81 0 449 817 338 945 369 481 684 71 295 347 343 908 414 333 159 857 770 
202 274 765 405 731 794 563 884 777 418 825 429 330 595 542 878 381 99 461 159 467 237 397 272 736 95 707 767 179 591 384 155 578 641 536 219 719 335 465 414 183 43 449 0 126 533 44 250 925 986 168 470 326 550 576 333 820 738 906 353 
18 909 159 951 232 200 270 231 285 221 452 964 385 495 534 769 469 315 502 562 742 538 349 218 757 89 346 214 523 512 249 635 735 170 276 850 635 72 54 497 337 74 817 126 0 953 723 212 67 445 755 684 586 952 971 844 555 600 797 796 
165 339 738 376 698 9 7 245 16 225 437 628 658 340 34 690 510 334 191 618 885 554 340 109 576 361 408 219 554 452 762 264 420 633 596 530 876 32 225 206 702 529 338 533 953 0 951 504 436 614 720 586 942 782 717 519 700 523 298 612 
901 853 508 905 228 343 134 1000 205 708 769 709 493 486 490 718 344 452 625 629 100 376 487 550 424 980 282 157 616 840 273 702 848 57 548 218 919 580 894 24 619 461 945 44 723 951 0 306 426 875 505 973 610 918 473 287 83 593 116 321 
685 466 835 383 733 10 771 728 952 705 39 323 531 890 958 168 453 280 89 707 157 227 736 478 440 21 367 241 463 8 561 722 842 317 445 308 566 655 405 569 573 373 369 250 212 504 306 0 548 193 842 40 301 476 588 769 684 675 337 30 
972 504 247 516 638 83 521 798 901 755 831 491 807 703 228 340 758 512 170 461 142 226 539 290 691 867 666 575 783 663 379 411 853 736 926 255 770 880 46 705 825 96 481 925 67 436 426 548 0 298 66 731 385 880 136 354 389 15 583 463 
83 861 980 139 321 365 137 820 378 689 417 817 110 433 337 569 869 150 597 434 921 408 621 171 609 161 649 943 611 570 638 544 371 541 396 736 888 636 683 243 534 614 684 986 445 614 875 193 298 0 489 241 558 646 209 76 643 688 94 474 
885 303 409 400 56 286 467 539 798 652 633 287 235 939 818 588 328 119 532 723 145 985 541 184 276 236 311 652 91 552 476 342 177 111 125 483 980 131 513 904 757 61 71 168 755 720 505 842 66 489 0 730 299 627 892 560 770 393 304 693 
