80 2
0 917 156 207 878 25 81 12 333 498 760 838 42 756 467 7 566 353 301 315 835 878 641 413 445 292 999 919 841 935 756 45 93 954 11 90 26 417 703 203 472 761 526 853 781 825 409 507 20 542 82 73 37 554 384 576 641 168 868 308 871 201 659 652 714 661 11 657 291 615 879 955 862 970 157 805 684 355 591 265 
917 0 125 898 545 941 428 804 899 442 270 84 51 321 389 602 432 472 47 709 915 784 559 536 842 921 923 133 341 328 124 528 209 188 886 573 213 683 760 972 416 848 128 773 271 149 400 265 280 596 653 79 933 462 795 131 127 293 453 567 303 251 223 260 930 43 791 730 594 205 291 244 407 304 21 626 879 766 967 715 
156 125 0 189 474 188 594 984 524 520 550 188 55 698 698 924 238 774 531 831 979 588 649 502 928 29 36 161 432 857 364 682 881 988 592 196 384 553 173 984 761 724 388 80 615 30 948 254 957 879 297 503 30 47 380 802 148 270 943 549 772 576 854 445 189 237 195 845 709 395 533 292 461 647 585 804 445 946 477 707 
207 898 189 0 3 111 995 828 811 102 598 59 102 736 182 31 371 853 982 113 208 432 3 682 853 317 531 552 437 582 840 998 281 891 719 427 228 874 37 747 509 916 115 189 333 181 406 733 969 934 41 625 809 722 937 515 757 418 437 831 485 962 646 860 797 643 6 588 355 962 660 824 217 834 107 322 979 794 284 260 
878 545 474 3 0 926 36 869 619 701 474 967 718 298 971 771 919 585 749 671 51 768 796 347 455 342 170 492 622 661 668 120 181 432 952 460 821 62 527 898 844 807 898 381 196 532 180 147 688 332 161 437 462 613 383 38 696 668 478 64 279 79 973 556 660 122 724 940 656 1000 97 96 669 375 5 133 627 602 599 35 
25 941 188 111 926 0 211 165 774 51 408 521 594 989 960 4 335 455 421 648 683 457 560 958 156 499 445 113 498 674 352 947 203 393 208 422 854 983 520 470 608 772 356 951 971 685 806 705 841 634 277 950 409 233 22 123 556 669 460 806 55 325 637 635 277 31 722 781 172 966 595 904 319 748 594 652 429 5 645 204 
81 428 594 995 36 211 0 796 603 239 442 691 483 504 316 517 218 521 145 303 161 799 188 360 710 754 892 724 893 462 746 56 616 339 897 444 415 227 962 891 346 611 7 385 349 82 701 287 364 433 37 610 461 47 299 216 465 545 945 769 83 955 402 539 398 849 765 709 20 401 467 191 255 292 553 125 504 690 402 905 
12 804 984 828 869 165 796 0 959 690 634 198 221 522 477 752 408 130 684 441 146 893 932 591 269 922 200 832 190 309 9 273 514 456 712 897 692 434 385 148 703 996 77 57 343 522 727 33 34 893 1000 524 630 467 300 656 597 84 449 144 940 533 813 661 350 199 601 441 906 926 39 240 122 800 509 97 12 603 192 71 
333 899 524 811 619 774 603 959 0 328 235 142 815 515 757 290 101 7 387 646 351 919 265 540 135 428 501 454 758 833 571 18 825 488 846 423 616 908 977 838 406 557 522 45 238 536 552 299 189 140 206 739 350 580 80 562 74 861 669 166 27 310 683 130 428 57 979 290 551 745 819 987 6 203 658 641 381 784 689 878 
498 442 520 102 701 51 239 690 328 0 849 139 53 724 811 980 940 211 367 149 358 937 385 700 726 934 59 547 758 824 930 855 541 199 500 904 236 557 299 510 800 209 181 275 307 670 943 983 535 346 544 334 558 355 786 315 63 335 543 529 217 708 546 808 239 697 340 56 295 268 142 729 622 243 170 301 930 655 623 760 
760 270 550 598 474 408 442 634 235 849 0 893 485 100 401 536 925 345 575 481 825 914 158 136 354 721 821 741 647 109 659 27 696 129 756 785 726 83 857 676 770 551 495 243 519 833 125 202 467 543 326 742 676 927 378 621 500 486 482 711 419 221 68 506 180 922 297 851 976 79 466 380 601 871 903 131 349 250 667 296 
838 84 188 59 967 521 691 198 142 139 893 0 360 855 637 185 97 342 760 975 849 503 275 592 665 228 659 389 787 830 147 486 157 95 610 418 642 279 976 522 652 523 681 403 960 26 570 1000 17 168 454 119 421 826 327 642 600 202 174 75 30 389 880 425 554 281 604 161 711 336 921 701 428 69 412 756 312 679 453 84 
42 51 55 102 718 594 483 221 815 53 485 360 0 487 503 829 368 818 41 304 582 737 359 883 730 606 342 88 659 938 437 916 201 415 856 770 726 78 129 858 496 813 790 785 664 522 457 300 81 494 117 39 179 717 478 757 80 579 835 315 174 478 352 625 495 771 771 764 161 715 976 477 262 542 712 993 556 532 924 199 
756 321 698 736 298 989 504 522 515 724 100 855 487 0 125 736 263 887 581 995 383 763 284 59 434 609 262 471 9 879 427 420 181 680 338 259 205 301 503 67 334 499 214 334 972 783 503 651 774 337 262 658 943 86 892 436 345 735 570 912 528 145 26 136 812 926 740 698 178 196 406 217 227 521 283 163 648 833 338 514 
467 389 698 182 971 960 316 477 757 811 401 637 503 125 0 78 177 548 290 334 420 416 841 782 773 115 780 365 124 497 431 137 420 220 758 440 431 879 352 230 129 545 408 860 980 925 419 184 381 488 562 267 732 248 193 359 685 724 720 797 184 453 329 501 571 866 394 747 289 266 443 697 331 982 114 121 561 682 325 579 
7 602 924 31 771 4 517 752 290 980 536 185 829 736 78 0 199 77 122 223 70 219 667 769 695 117 179 556 628 41 814 221 958 104 806 715 863 361 204 982 166 774 932 517 780 873 714 166 154 627 446 963 838 611 552 903 917 693 767 926 461 412 582 557 83 734 867 422 789 636 679 517 882 234 992 171 689 734 493 768 
566 432 238 371 919 335 218 408 101 940 925 97 368 263 177 199 0 914 267 940 713 400 588 507 428 992 545 540 863 712 990 158 641 5 906 308 489 244 335 719 144 365 207 41 216 966 94 802 594 883 520 310 829 98 617 726 769 499 599 823 503 889 96 981 630 74 136 884 116 118 135 633 886 530 790 40 501 305 966 715 
353 472 774 853 585 455 521 130 7 211 345 342 818 887 548 77 914 0 398 385 655 294 419 910 288 464 176 132 734 364 823 665 92 655 914 349 507 131 237 969 686 898 281 589 996 50 442 999 831 171 325 907 124 738 852 143 161 726 155 999 509 39 171 254 289 586 187 923 371 772 43 429 425 117 62 719 379 656 847 578 
301 47 531 982 749 421 145 684 387 367 575 760 41 581 290 122 267 398 0 947 891 298 596 900 519 625 312 766 581 710 964 189 133 496 254 937 759 983 487 774 98 921 217 792 779 427 83 867 139 386 529 604 704 995 503 58 363 232 360 450 532 436 780 867 872 262 802 633 802 426 330 805 279 767 366 714 666 613 503 159 
315 709 831 113 671 648 303 441 646 149 481 975 304 995 334 223 940 385 947 0 464 512 410 610 325 488 376 693 485 529 581 657 661 626 1000 434 840 580 468 537 363 55 121 252 666 334 883 659 817 826 444 723 94 275 345 918 773 656 148 722 597 865 604 424 803 442 602 663 320 613 425 89 910 654 9 417 719 10 875 717 
835 915 979 208 51 683 161 146 351 358 825 849 582 383 420 70 713 655 891 464 0 924 565 357 789 586 996 819 615 454 815 164 739 300 52 354 830 909 441 948 747 331 113 190 364 958 87 630 249 54 148 494 374 426 785 565 42 788 188 941 949 891 169 853 92 398 957 80 538 209 2 973 197 794 718 700 193 578 188 541 
878 784 588 432 768 457 799 893 919 937 914 503 737 763 416 219 400 294 298 512 924 0 669 981 672 170 424 531 139 385 272 505 248 583 66 453 354 368 42 871 904 36 28 694 143 796 55 260 572 785 117 650 503 389 222 91 613 597 170 28 194 630 847 960 994 617 883 490 135 668 500 504 179 753 548 526 843 302 63 71 
641 559 649 3 796 560 188 932 265 385 158 275 359 284 841 667 588 419 596 410 565 669 0 398 304 880 574 38 808 536 992 493 638 952 896 139 702 958 869 833 974 850 432 377 567 541 437 759 851 924 756 21 900 591 616 102 375 497 523 480 812 375 676 142 453 798 529 873 661 886 434 979 402 35 402 13 219 350 650 595 
413 536 502 682 347 958 360 591 540 700 136 592 883 59 782 769 507 910 900 610 357 981 398 0 61 947 579 289 595 370 316 256 35 844 569 578 524 200 17 915 982 928 258 921 787 118 730 520 194 197 632 117 30 127 99 663 774 780 393 49 359 86 513 682 266 206 629 595 715 186 85 799 716 57 950 965 279 513 701 488 
445 842 928 853 455 156 710 269 135 726 354 665 730 434 773 695 428 288 519 325 789 672 304 61 0 272 60 286 168 42 651 962 536 266 705 796 818 222 133 389 163 508 323 586 356 933 807 350 216 309 262 275 730 174 874 728 987 228 283 267 881 601 455 592 509 378 970 800 221 434 450 390 841 133 414 876 44 207 432 905 
292 921 29 317 342 499 754 922 428 934 721 228 606 609 115 117 992 464 625 488 586 170 880 947 272 0 691 637 634 310 763 687 147 67 127 495 992 834 83 539 335 409 5 32 4 531 715 472 920 492 261 580 382 253 505 53 78 404 75 58 212 157 791 566 69 955 609 147 88 263 277 85 840 327 940 488 446 560 279 756 
999 923 36 531 170 445 892 200 501 59 821 659 342 262 780 179 545 176 312 376 996 424 574 579 60 691 0 537 376 431 766 673 958 682 809 210 928 618 848 101 451 792 142 781 722 640 877 423 582 702 603 932 376 686 813 143 253 294 454 127 115 306 181 71 381 791 117 19 955 451 756 853 506 369 479 911 815 706 687 493 
919 133 161 552 492 113 724 832 454 547 741 389 88 471 365 556 540 132 766 693 819 531 38 289 286 637 537 0 412 871 563 617 723 986 72 163 561 245 905 563 409 747 376 307 808 122 912 725 807 835 814 889 554 757 72 352 825 136 987 556 891 53 257 77 261 227 256 767 414 511 846 935 173 416 46 186 224 276 452 946 
841 341 432 437 622 498 893 190 758 758 647 787 659 9 124 628 863 734 581 485 615 139 808 595 168 634 376 412 0 634 691 44 290 162 572 728 335 915 166 44 131 220 7 414 795 556 90 704 708 469 456 272 12 112 864 24 230 323 24 139 785 585 338 779 871 610 442 514 44 274 224 903 73 967 24 143 154 285 476 156 
935 328 857 582 661 674 462 309 833 824 109 830 938 879 497 41 712 364 710 529 454 385 536 370 42 310 431 871 634 0 579 657 983 878 971 1 497 974 325 950 235 529 990 865 738 605 423 354 871 396 755 912 647 615 497 673 943 389 285 449 232 790 396 927 395 133 168 120 139 969 24 615 371 470 687 586 748 610 315 523 
756 124 364 840 668 352 746 9 571 930 659 147 437 427 431 814 990 823 964 581 815 272 992 316 651 763 766 563 691 579 0 482 75 932 163 82 1000 952 876 612 721 486 628 701 839 66 333 143 5 248 327 74 662 896 389 800 2 362 1 495 212 413 994 656 622 672 84 297 80 766 347 182 780 241 337 853 803 77 642 96 
45 528 682 998 120 947 56 273 18 855 27 486 916 420 137 221 158 665 189 657 164 505 493 256 962 687 673 617 44 657 482 0 290 593 377 112 617 920 812 125 396 270 800 224 542 299 412 47 579 557 339 892 477 330 992 845 194 281 85 806 920 360 294 545 571 738 770 147 476 686 240 873 451 844 509 373 690 41 80 522 
93 209 881 281 181 203 616 514 825 541 696 157 201 181 420 958 641 92 133 661 739 248 638 35 536 147 958 723 290 983 75 290 0 620 517 819 39 583 271 935 930 872 731 200 361 167 245 270 831 319 702 765 952 321 87 226 182 404 916 477 377 289 153 330 658 62 1 303 579 278 142 853 295 805 872 895 953 780 853 63 
954 188 988 891 432 393 339 456 488 199 129 95 415 680 220 104 5 655 496 626 300 583 952 844 266 67 682 986 162 878 932 593 620 0 750 130 186 821 991 913 584 910 961 239 283 404 334 105 466 390 727 970 490 429 507 118 41 52 486 743 718 630 606 689 488 903 650 833 483 556 79 639 272 299 215 752 831 32 305 365 
11 886 592 719 952 208 897 712 846 500 756 610 856 338 758 806 906 914 254 1000 52 66 896 569 705 127 809 72 572 971 163 377 517 750 0 43 647 109 200 801 929 535 418 28 978 510 979 809 783 283 786 400 920 289 58 514 426 409 942 902 656 729 460 290 763 657 149 440 395 595 951 217 543 766 37 147 571 807 834 847 
90 573 196 427 460 422 444 897 423 904 785 418 770 259 440 715 308 349 937 434 354 453 139 578 796 495 210 163 728 1 82 112 819 130 43 0 830 561 143 253 911 350 2 729 872 616 752 201 486 87 297 101 906 107 2 611 692 939 222 897 338 507 628 686 900 681 982 984 35 115 940 12 954 490 267 989 131 92 796 141 
26 213 384 228 821 854 415 692 616 236 726 642 726 205 431 863 489 507 759 840 830 354 702 524 818 992 928 561 335 497 1000 617 39 186 647 830 0 859 578 89 624 91 526 274 250 354 642 909 482 98 1 271 768 965 517 667 118 423 465 461 547 288 224 822 436 683 425 797 16 637 788 329 321 578 852 827 916 939 909 916 
417 683 553 874 62 983 227 434 908 557 83 279 78 301 879 361 244 131 983 580 909 368 958 200 222 834 618 245 915 974 952 920 583 821 109 561 859 0 103 961 115 566 942 35 377 400 55 576 52 787 770 387 61 409 493 334 132 806 702 230 621 478 68 565 323 60 776 572 898 718 322 649 785 315 374 291 50 723 112 927 
703 760 173 37 527 520 962 385 977 299 857 976 129 503 352 204 335 237 487 468 441 42 869 17 133 83 848 905 166 325 876 812 271 991 200 143 578 103 0 953 582 87 20 595 18 506 341 463 847 132 831 173 169 540 611 490 955 435 465 867 227 316 674 4 428 788 788 673 842 895 655 479 826 141 51 137 447 862 169 232 
203 972 984 747 898 470 891 148 838 510 676 522 858 67 230 982 719 969 774 537 948 871 833 915 389 539 101 563 44 950 612 125 935 913 801 253 89 961 953 0 543 867 370 251 384 183 478 360 973 392 540 889 777 336 447 689 278 220 879 776 82 645 77 979 354 491 813 226 670 496 568 444 475 758 8 159 918 305 925 758 
472 416 761 509 844 608 346 703 406 800 770 652 496 334 129 166 144 686 98 363 747 904 974 982 163 335 451 409 131 235 721 396 930 584 929 911 624 115 582 543 0 641 439 543 860 883 60 635 509 889 127 125 779 106 483 457 438 409 590 178 649 891 769 144 481 891 34 763 111 58 560 941 681 35 284 163 153 609 424 732 
761 848 724 916 807 772 611 996 557 209 551 523 813 499 545 774 365 898 921 55 331 36 850 928 508 409 792 747 220 529 486 270 872 910 535 350 91 566 87 867 641 0 367 68 900 591 485 800 262 541 379 627 955 904 701 280 912 413 498 484 952 633 778 611 492 937 277 667 309 492 420 138 300 809 227 771 966 947 946 842 
526 128 388 115 898 356 7 77 522 181 495 681 790 214 408 932 207 281 217 121 113 28 432 258 323 5 142 376 7 990 628 800 731 961 418 2 526 942 20 370 439 367 0 730 654 293 677 59 596 791 10 182 871 660 221 219 2 19 991 903 662 452 757 205 244 947 782 602 276 895 74 741 886 353 740 508 721 233 705 153 
853 773 80 189 381 951 385 57 45 275 243 403 785 334 860 517 41 589 792 252 190 694 377 921 586 32 781 307 414 865 701 224 200 239 28 729 274 35 595 251 543 68 730 0 506 415 928 263 610 788 611 219 256 967 141 92 733 937 149 800 253 514 327 847 380 196 984 117 771 879 892 183 16 347 308 855 598 858 666 666 
781 271 615 333 196 971 349 343 238 307 519 960 664 972 980 780 216 996 779 666 364 143 567 787 356 4 722 808 795 738 839 542 361 283 978 872 250 377 18 384 860 900 654 506 0 92 452 289 434 321 761 120 89 1 583 895 487 219 518 427 358 777 654 328 417 74 67 428 72 164 886 877 967 816 485 195 153 740 742 65 
825 149 30 181 532 685 82 522 536 670 833 26 522 783 925 873 966 50 427 334 958 796 541 118 933 531 640 122 556 605 66 299 167 404 510 616 354 400 506 183 883 591 293 415 92 0 551 494 605 175 451 128 292 531 335 516 160 15 318 943 278 954 763 573 172 810 767 988 539 89 834 354 59 409 667 767 61 751 525 384 
409 400 948 406 180 806 701 727 552 943 125 570 457 503 419 714 94 442 83 883 87 55 437 730 807 715 877 912 90 423 333 412 245 334 979 752 642 55 341 478 60 485 677 928 452 551 0 952 19 506 3 576 886 247 193 429 414 836 275 901 676 661 582 176 313 329 62 932 218 647 31 661 440 458 97 300 484 718 240 874 
507 265 254 733 147 705 287 33 299 983 202 1000 300 651 184 166 802 999 867 659 630 260 759 520 350 472 423 725 704 354 143 47 270 105 809 201 909 576 463 360 635 800 59 263 289 494 952 0 218 390 738 623 38 676 470 527 335 733 8 64 460 367 623 208 735 141 561 573 818 748 519 210 646 535 395 362 65 774 657 409 
20 280 957 969 688 841 364 34 189 535 467 17 81 774 381 154 594 831 139 817 249 572 851 194 216 920 582 807 708 871 5 579 831 466 783 486 482 52 847 973 509 262 596 610 434 605 19 218 0 301 269 534 344 887 952 355 806 726 173 358 627 794 641 375 541 886 319 852 786 448 823 859 333 14 491 325 906 919 202 857 
542 596 879 934 332 634 433 893 140 346 543 168 494 337 488 627 883 171 386 826 54 785 924 197 309 492 702 835 469 396 248 557 319 390 283 87 98 787 132 392 889 541 791 788 321 175 506 390 301 0 432 359 502 931 936 928 784 26 89 764 736 631 99 587 46 74 553 737 544 584 981 994 927 787 644 346 473 266 995 382 
82 653 297 41 161 277 37 1000 206 544 326 454 117 262 562 446 520 325 529 444 148 117 756 632 262 261 603 814 456 755 327 339 702 727 786 297 1 770 831 540 127 379 10 611 761 451 3 738 269 432 0 545 574 722 718 438 977 816 667 133 452 57 991 996 695 715 341 569 180 263 321 340 293 565 310 636 797 459 81 327 
73 79 503 625 437 950 610 524 739 334 742 119 39 658 267 963 310 907 604 723 494 650 21 117 275 580 932 889 272 912 74 892 765 970 400 101 271 387 173 889 125 627 182 219 120 128 576 623 534 359 545 0 866 885 957 889 210 406 911 856 328 355 124 10 306 580 426 396 522 937 683 686 293 577 596 617 672 895 199 519 
37 933 30 809 462 409 461 630 350 558 676 421 179 943 732 838 829 124 704 94 374 503 900 30 730 382 376 554 12 647 662 477 952 490 920 906 768 61 169 777 779 955 871 256 89 292 886 38 344 502 574 866 0 1000 733 525 537 451 796 740 366 559 530 287 550 548 934 884 664 979 521 781 554 461 746 606 629 330 161 443 
554 462 47 722 613 233 47 467 580 355 927 826 717 86 248 611 98 738 995 275 426 389 591 127 174 253 686 757 112 615 896 330 321 429 289 107 965 409 540 336 106 904 660 967 1 531 247 676 887 931 722 885 1000 0 505 706 951 160 289 407 532 569 698 761 878 804 818 315 603 648 337 990 169 882 395 896 380 291 400 520 
384 795 380 937 383 22 299 300 80 786 378 327 478 892 193 552 617 852 503 345 785 222 616 99 874 505 813 72 864 497 389 992 87 507 58 2 517 493 611 447 483 701 221 141 583 335 193 470 952 936 718 957 733 505 0 919 466 480 121 499 299 529 745 285 72 492 54 266 921 941 214 993 802 297 928 393 40 275 806 409 
576 131 802 515 38 123 216 656 562 315 621 642 757 436 359 903 726 143 58 918 565 91 102 663 728 53 143 352 24 673 800 845 226 118 514 611 667 334 490 689 457 280 219 92 895 516 429 527 355 928 438 889 525 706 919 0 966 501 553 877 487 934 48 326 159 765 151 297 503 836 753 845 456 231 475 851 900 57 846 4 
641 127 148 757 696 556 465 597 74 63 500 600 80 345 685 917 769 161 363 773 42 613 375 774 987 78 253 825 230 943 2 194 182 41 426 692 118 132 955 278 438 912 2 733 487 160 414 335 806 784 977 210 537 951 466 966 0 764 36 216 404 307 639 973 5 952 929 324 353 907 907 465 729 153 128 714 882 873 772 380 
168 293 270 418 668 669 545 84 861 335 486 202 579 735 724 693 499 726 232 656 788 597 497 780 228 404 294 136 323 389 362 281 404 52 409 939 423 806 435 220 409 413 19 937 219 15 836 733 726 26 816 406 451 160 480 501 764 0 634 859 858 429 503 589 848 20 237 933 668 553 178 65 69 687 170 571 446 399 175 380 
868 453 943 437 478 460 945 449 669 543 482 174 835 570 720 767 599 155 360 148 188 170 523 393 283 75 454 987 24 285 1 85 916 486 942 222 465 702 465 879 590 498 991 149 518 318 275 8 173 89 667 911 796 289 121 553 36 634 0 304 744 995 884 109 81 548 352 279 182 246 140 558 450 613 890 412 521 962 988 806 
308 567 549 831 64 806 769 144 166 529 711 75 315 912 797 926 823 999 450 722 941 28 480 49 267 58 127 556 139 449 495 806 477 743 902 897 461 230 867 776 178 484 903 800 427 943 901 64 358 764 133 856 740 407 499 877 216 859 304 0 58 479 87 293 678 733 457 510 275 915 600 233 729 868 246 545 843 626 258 537 
871 303 772 485 279 55 83 940 27 217 419 30 174 528 184 461 503 509 532 597 949 194 812 359 881 212 115 891 785 232 212 920 377 718 656 338 547 621 227 82 649 952 662 253 358 278 676 460 627 736 452 328 366 532 299 487 404 858 744 58 0 255 766 582 280 912 615 698 621 32 568 531 6 826 986 265 793 260 3 316 
201 251 576 962 79 325 955 533 310 708 221 389 478 145 453 412 889 39 436 865 891 630 375 86 601 157 306 53 585 790 413 360 289 630 729 507 288 478 316 645 891 633 452 514 777 954 661 367 794 631 57 355 559 569 529 934 307 429 995 479 255 0 462 735 917 490 920 32 177 264 711 445 588 131 545 564 753 536 850 959 
659 223 854 646 973 637 402 813 683 546 68 880 352 26 329 582 96 171 780 604 169 847 676 513 455 791 181 257 338 396 994 294 153 606 460 628 224 68 674 77 769 778 757 327 654 763 582 623 641 99 991 124 530 698 745 48 639 503 884 87 766 462 0 780 148 366 322 312 878 193 988 287 727 714 128 636 583 220 506 503 
652 260 445 860 556 635 539 661 130 808 506 425 625 136 501 557 981 254 867 424 853 960 142 682 592 566 71 77 779 927 656 545 330 689 290 686 822 565 4 979 144 611 205 847 328 573 176 208 375 587 996 10 287 761 285 326 973 589 109 293 582 735 780 0 142 658 683 91 849 683 491 900 896 206 518 589 766 976 970 311 
714 930 189 797 660 277 398 350 428 239 180 554 495 812 571 83 630 289 872 803 92 994 453 266 509 69 381 261 871 395 622 571 658 488 763 900 436 323 428 354 481 492 244 380 417 172 313 735 541 46 695 306 550 878 72 159 5 848 81 678 280 917 148 142 0 245 354 853 640 452 197 518 370 872 95 204 55 587 180 572 
661 43 237 643 122 31 849 199 57 697 922 281 771 926 866 734 74 586 262 442 398 617 798 206 378 955 791 227 610 133 672 738 62 903 657 681 683 60 788 491 891 937 947 196 74 810 329 141 886 74 715 580 548 804 492 765 952 20 548 733 912 490 366 658 245 0 695 955 406 613 725 382 914 148 291 810 383 493 561 451 
11 791 195 6 724 722 765 601 979 340 297 604 771 740 394 867 136 187 802 602 957 883 529 629 970 609 117 256 442 168 84 770 1 650 149 982 425 776 788 813 34 277 782 984 67 767 62 561 319 553 341 426 934 818 54 151 929 237 352 457 615 920 322 683 354 695 0 174 190 125 26 611 379 909 917 364 761 675 973 860 
657 730 845 588 940 781 709 441 290 56 851 161 764 698 747 422 884 923 633 663 80 490 873 595 800 147 19 767 514 120 297 147 303 833 440 984 797 572 673 226 763 667 602 117 428 988 932 573 852 737 569 396 884 315 266 297 324 933 279 510 698 32 312 91 853 955 174 0 653 629 11 515 158 629 286 944 983 709 442 166 
291 594 709 355 656 172 20 906 551 295 976 711 161 178 289 789 116 371 802 320 538 135 661 715 221 88 955 414 44 139 80 476 579 483 395 35 16 898 842 670 111 309 276 771 72 539 218 818 786 544 180 522 664 603 921 503 353 668 182 275 621 177 878 849 640 406 190 653 0 962 356 468 984 764 333 788 571 955 817 714 
615 205 395 962 1000 966 401 926 745 268 79 336 715 196 266 636 118 772 426 613 209 668 886 186 434 263 451 511 274 969 766 686 278 556 595 115 637 718 895 496 58 492 895 879 164 89 647 748 448 584 263 937 979 648 941 836 907 553 246 915 32 264 193 683 452 613 125 629 962 0 648 201 582 392 406 371 849 511 674 542 
879 291 533 660 97 595 467 39 819 142 466 921 976 406 443 679 135 43 330 425 2 500 434 85 450 277 756 846 224 24 347 240 142 79 951 940 788 322 655 568 560 420 74 892 886 834 31 519 823 981 321 683 521 337 214 753 907 178 140 600 568 711 988 491 197 725 26 11 356 648 0 102 221 529 460 374 397 106 524 970 
955 244 292 824 96 904 191 240 987 729 380 701 477 217 697 517 633 429 805 89 973 504 979 799 390 85 853 935 903 615 182 873 853 639 217 12 329 649 479 444 941 138 741 183 877 354 661 210 859 994 340 686 781 990 993 845 465 65 558 233 531 445 287 900 518 382 611 515 468 201 102 0 587 598 230 121 837 325 278 392 
862 407 461 217 669 319 255 122 6 622 601 428 262 227 331 882 886 425 279 910 197 179 402 716 841 840 506 173 73 371 780 451 295 272 543 954 321 785 826 475 681 300 886 16 967 59 440 646 333 927 293 293 554 169 802 456 729 69 450 729 6 588 727 896 370 914 379 158 984 582 221 587 0 155 342 319 464 846 294 425 
970 304 647 834 375 748 292 800 203 243 871 69 542 521 982 234 530 117 767 654 794 753 35 57 133 327 369 416 967 470 241 844 805 299 766 490 578 315 141 758 35 809 353 347 816 409 458 535 14 787 565 577 461 882 297 231 153 687 613 868 826 131 714 206 872 148 909 629 764 392 529 598 155 0 450 372 757 552 65 794 
157 21 585 107 5 594 553 509 658 170 903 412 712 283 114 992 790 62 366 9 718 548 402 950 414 940 479 46 24 687 337 509 872 215 37 267 852 374 51 8 284 227 740 308 485 667 97 395 491 644 310 596 746 395 928 475 128 170 890 246 986 545 128 518 95 291 917 286 333 406 460 230 342 450 0 591 688 868 258 133 
805 626 804 322 133 652 125 97 641 301 131 756 993 163 121 171 40 719 714 417 700 526 13 965 876 488 911 186 143 586 853 373 895 752 147 989 827 291 137 159 163 771 508 855 195 767 300 362 325 346 636 617 606 896 393 851 714 571 412 545 265 564 636 589 204 810 364 944 788 371 374 121 319 372 591 0 18 198 836 738 
684 879 445 979 627 429 504 12 381 930 349 312 556 648 561 689 501 379 666 719 193 843 219 279 44 446 815 224 154 748 803 690 953 831 571 131 916 50 447 918 153 966 721 598 153 61 484 65 906 473 797 672 629 380 40 900 882 446 521 843 793 753 583 766 55 383 761 983 571 849 397 837 464 757 688 18 0 458 82 575 
355 766 946 794 602 5 690 603 784 655 250 679 532 833 682 734 305 656 613 10 578 302 350 513 207 560 706 276 285 610 77 41 780 32 807 92 939 723 862 305 609 947 233 858 740 751 718 774 919 266 459 895 330 291 275 57 873 399 962 626 260 536 220 976 587 493 675 709 955 511 106 325 846 552 868 198 458 0 730 945 
591 967 477 284 599 645 402 192 689 623 667 453 924 338 325 493 966 847 503 875 188 63 650 701 432 279 687 452 476 315 642 80 853 305 834 796 909 112 169 925 424 946 705 666 742 525 240 657 202 995 81 199 161 400 806 846 772 175 988 258 3 850 506 970 180 561 973 442 817 674 524 278 294 65 258 836 82 730 0 853 
265 715 707 260 35 204 905 71 878 760 296 84 199 514 579 768 715 578 159 717 541 71 595 488 905 756 493 946 156 523 96 522 63 365 847 141 916 927 232 758 732 842 153 666 65 384 874 409 857 382 327 519 443 520 409 4 380 380 806 537 316 959 503 311 572 451 860 166 714 542 970 392 425 794 133 738 575 945 853 0 
0 830 933 779 92 706 198 572 758 646 232 373 819 372 211 671 714 425 395 859 230 190 615 620 489 272 152 335 360 355 148 732 958 529 333 659 910 517 760 678 265 958 513 213 741 549 213 567 46 285 1 282 82 458 848 676 855 65 809 239 611 765 392 611 912 189 714 99 164 618 187 86 791 386 718 918 575 754 693 174 
830 0 3 981 933 253 994 390 758 791 714 89 677 65 961 97 265 794 3 560 932 377 377 701 567 854 283 578 802 325 467 347 268 351 383 742 974 436 258 146 595 584 464 387 663 339 593 601 555 643 508 890 48 236 83 935 112 812 542 938 865 49 712 321 247 190 460 178 490 454 557 667 849 964 376 888 405 183 660 117 
933 3 0 194 939 960 166 98 753 779 870 171 213 499 787 209 226 626 894 338 85 782 461 100 560 940 435 664 892 409 211 238 376 923 668 123 240 438 626 112 114 621 345 904 430 906 727 948 693 82 982 165 733 922 376 252 566 436 889 230 53 958 457 562 951 357 220 164 923 467 791 853 597 727 10 353 310 226 888 335 
779 981 194 0 479 672 111 121 99 708 575 818 112 162 762 991 665 751 77 593 812 45 551 136 197 957 921 344 668 612 200 186 225 17 898 763 368 385 992 837 572 843 5 641 944 110 353 516 108 919 534 628 825 971 201 612 12 930 794 842 274 873 392 567 470 42 718 273 778 332 97 904 755 567 56 236 787 624 466 73 
92 933 939 479 0 19 132 429 171 981 193 354 373 936 716 221 904 119 880 389 655 557 616 490 49 637 322 242 799 888 557 43 759 586 272 647 379 61 97 468 708 825 31 293 493 137 524 381 998 186 452 485 571 961 23 212 214 686 447 559 662 490 206 307 995 668 562 992 9 300 584 509 6 579 755 270 903 2 122 906 
706 253 960 672 19 0 128 994 313 109 678 598 414 226 846 361 147 29 934 622 845 550 256 488 542 264 9 591 693 79 419 333 365 815 530 826 79 195 802 86 793 389 512 919 83 33 418 281 668 184 868 173 40 968 807 818 727 554 860 443 650 819 381 522 849 986 140 184 666 246 389 559 76 986 77 473 142 385 688 959 
198 994 166 111 132 128 0 191 544 367 850 918 691 524 192 138 635 19 303 5 174 671 426 214 392 870 173 169 238 651 115 625 274 352 75 215 1000 581 358 936 980 77 950 833 625 714 410 77 503 517 623 612 141 816 334 799 55 406 92 768 157 933 87 833 1 955 491 757 205 182 131 197 70 555 469 637 102 290 76 237 
572 390 98 121 429 994 191 0 692 658 936 310 725 521 436 344 928 758 478 796 70 405 314 84 392 758 675 506 103 877 340 387 885 926 65 195 408 634 47 749 605 549 638 274 4 87 265 154 409 402 566 664 108 520 843 930 617 638 880 333 404 511 875 421 675 37 437 613 504 985 547 217 140 56 549 940 381 37 209 115 
758 758 753 99 171 313 544 692 0 633 463 647 170 677 752 320 1 681 633 700 239 49 621 105 497 453 780 416 782 208 389 405 601 485 353 179 161 803 654 744 278 337 935 741 432 60 599 612 51 317 701 183 813 762 940 188 341 421 811 807 347 906 572 342 410 404 383 422 953 870 658 458 761 572 617 884 954 444 765 651 
646 791 779 708 981 109 367 658 633 0 259 3 245 372 853 535 527 226 807 412 97 219 452 201 736 750 206 188 873 44 921 825 12 447 890 330 290 339 404 668 835 99 263 807 413 831 867 128 19 594 267 536 908 603 257 48 121 204 608 18 691 977 640 403 590 267 919 961 326 565 9 531 894 292 860 405 847 160 803 456 
232 714 870 575 193 678 850 936 463 259 0 965 948 604 72 403 237 197 87 680 714 844 524 96 531 653 999 784 720 1000 479 916 112 557 278 693 690 703 75 336 691 554 117 233 992 53 593 978 596 112 26 12 510 427 817 100 555 343 552 303 772 188 345 668 719 527 828 463 971 819 928 605 913 948 280 141 921 546 580 720 
373 89 171 818 354 598 918 310 647 3 965 0 680 479 316 289 436 387 417 709 113 94 457 771 912 15 715 889 91 541 123 131 515 823 806 574 330 430 843 921 769 618 978 125 573 293 28 185 369 589 201 563 308 62 236 752 778 702 433 690 594 606 719 907 779 412 217 752 188 93 562 586 984 107 170 426 240 940 916 783 
819 677 213 112 373 414 691 725 170 245 948 680 0 618 828 412 136 290 613 140 784 841 969 188 497 11 289 262 16 461 1 558 211 984 382 520 794 465 741 516 318 127 584 152 86 170 557 421 450 806 481 581 731 395 565 944 722 481 814 213 833 661 446 361 681 141 637 189 581 994 541 550 149 417 951 221 561 727 725 499 
372 65 499 162 936 226 524 521 677 372 604 479 618 0 252 480 627 980 56 322 647 201 989 758 152 672 583 746 714 582 319 682 311 788 435 910 269 997 636 463 814 667 324 378 986 629 415 465 749 571 807 278 2 528 821 780 143 937 246 556 457 454 404 899 65 770 512 283 449 937 724 675 709 979 955 426 675 570 30 806 
211 961 787 762 716 846 192 436 752 853 72 316 828 252 0 804 807 400 266 194 677 827 650 756 221 382 228 831 783 528 1000 939 277 340 139 11 701 533 184 265 624 608 362 579 697 929 925 796 164 166 212 164 179 307 718 69 20 396 931 456 674 644 100 70 812 962 201 851 511 208 534 82 853 156 638 398 77 912 848 786 
671 97 209 991 221 361 138 344 320 535 403 289 412 480 804 0 352 22 488 602 421 288 542 282 431 236 615 599 137 988 681 601 813 195 141 579 230 819 723 42 801 923 743 42 507 957 823 388 531 162 885 788 197 952 58 669 580 274 402 969 818 294 924 639 882 225 472 882 236 608 272 954 969 280 703 646 761 253 548 259 
714 265 226 665 904 147 635 928 1 527 237 436 136 627 807 352 0 446 811 497 560 187 983 758 524 510 977 938 183 719 224 951 469 568 260 16 509 482 438 80 233 697 699 571 944 78 148 77 794 763 101 299 561 880 894 298 824 144 361 761 965 390 453 345 828 667 709 342 736 604 383 171 237 366 302 972 268 641 903 988 
425 794 626 751 119 29 19 758 681 226 197 387 290 980 400 22 446 0 303 830 149 635 745 911 908 658 383 558 426 258 40 498 77 972 237 84 604 191 494 60 945 469 785 846 449 643 611 974 393 927 991 425 721 817 350 623 470 552 52 688 452 65 809 873 279 380 689 600 952 590 990 97 71 968 438 341 502 597 546 992 
395 3 894 77 880 934 303 478 633 807 87 417 613 56 266 488 811 303 0 135 602 688 855 458 600 323 858 845 266 506 532 348 636 182 674 784 501 449 740 593 585 891 909 669 351 441 503 925 622 517 375 220 677 917 184 784 205 161 121 422 979 395 117 901 33 894 700 401 207 323 444 450 193 573 833 349 106 281 23 430 
859 560 338 593 389 622 5 796 700 412 680 709 140 322 194 602 497 830 135 0 332 811 214 603 119 574 213 92 706 474 677 274 309 960 640 306 700 783 829 688 274 690 536 395 438 288 384 939 893 749 678 573 491 443 220 697 364 393 702 73 315 552 865 217 68 682 226 201 618 925 627 228 512 18 638 862 781 790 770 61 
230 932 85 812 655 845 174 70 239 97 714 113 784 647 677 421 560 149 602 332 0 485 476 644 316 586 434 623 656 416 326 871 147 523 566 580 29 272 400 689 627 808 422 813 653 888 945 23 281 535 919 569 836 497 688 901 760 935 467 433 734 684 507 840 363 153 614 271 937 95 470 478 379 184 656 465 572 996 21 702 
190 377 782 45 557 550 671 405 49 219 844 94 841 201 827 288 187 635 688 811 485 0 266 613 749 708 683 938 641 184 798 308 942 396 923 611 438 123 547 154 184 666 466 396 381 421 32 969 603 40 749 726 23 757 286 672 975 198 24 859 107 318 383 463 836 347 436 725 627 272 741 575 101 34 632 239 327 223 615 301 
615 377 461 551 616 256 426 314 621 452 524 457 969 989 650 542 983 745 855 214 476 266 0 116 116 353 696 655 764 888 402 970 346 291 522 175 42 344 177 286 409 567 851 438 310 33 521 579 335 777 795 453 592 417 859 326 990 776 815 211 479 465 62 947 369 710 908 536 777 130 654 591 758 763 941 341 705 503 967 871 
620 701 100 136 490 488 214 84 105 201 96 771 188 758 756 282 758 911 458 603 644 613 116 0 828 740 159 228 537 423 447 314 120 348 689 346 132 38 301 935 378 723 664 611 328 584 222 396 982 351 90 72 455 497 381 263 857 885 746 508 489 325 218 253 956 670 200 761 327 952 628 270 1000 530 872 125 732 288 202 205 
489 567 560 197 49 542 392 392 497 736 531 912 497 152 221 431 524 908 600 119 316 749 116 828 0 376 433 794 190 861 893 921 827 541 511 157 924 176 572 387 384 520 222 428 268 242 948 283 720 836 990 201 467 528 686 130 456 892 843 594 519 969 616 486 840 855 341 663 747 34 605 799 479 437 31 435 530 961 370 133 
272 854 940 957 637 264 870 758 453 750 653 15 11 672 382 236 510 658 323 574 586 708 353 740 376 0 356 754 679 515 939 315 884 120 524 141 311 946 698 879 54 864 403 331 429 627 89 757 589 324 703 602 178 837 603 462 91 89 284 419 201 413 543 885 176 408 597 93 350 777 532 36 948 738 549 870 402 42 235 681 
152 283 435 921 322 9 173 675 780 206 999 715 289 583 228 615 977 383 858 213 434 683 696 159 433 356 0 879 25 285 855 270 671 27 621 47 454 337 427 191 860 614 234 494 895 492 801 550 893 570 880 986 92 597 862 824 332 835 485 289 677 903 232 586 671 77 341 156 598 477 843 89 740 422 81 972 964 757 512 32 
335 578 664 344 242 591 169 506 416 188 784 889 262 746 831 599 938 558 845 92 623 938 655 228 794 754 879 0 259 522 571 61 285 860 606 872 285 201 614 660 204 651 334 489 402 440 703 134 802 205 195 90 915 393 576 121 95 26 707 68 326 775 787 747 708 609 922 1 741 601 586 395 90 964 375 794 111 42 465 503 
360 802 892 668 799 693 238 103 782 873 720 91 16 714 783 137 183 426 266 706 656 641 764 537 190 679 25 259 0 562 721 935 557 605 232 361 924 405 710 21 66 763 927 992 187 825 407 332 895 986 588 117 74 642 306 417 938 384 410 631 990 722 135 788 128 172 754 582 456 676 350 186 294 303 345 86 446 492 872 308 
355 325 409 612 888 79 651 877 208 44 1000 541 461 582 528 988 719 258 506 474 416 184 888 423 861 515 285 522 562 0 186 702 313 262 85 292 703 761 558 941 231 337 58 148 521 941 334 742 582 625 198 904 184 832 243 854 576 580 511 816 557 572 19 256 823 427 886 641 66 518 904 533 477 955 554 905 689 73 135 626 
148 467 211 200 557 419 115 340 389 921 479 123 1 319 1000 681 224 40 532 677 326 798 402 447 893 939 855 571 721 186 0 476 49 841 869 471 274 668 676 360 596 80 904 603 36 976 548 37 190 121 765 621 727 415 803 910 4 552 266 637 609 449 121 996 204 510 683 950 764 302 140 348 96 891 93 627 217 206 459 616 
732 347 238 186 43 333 625 387 405 825 916 131 558 682 939 601 951 498 348 274 871 308 970 314 921 315 270 61 935 702 476 0 137 739 809 824 759 50 838 428 123 766 105 211 341 197 889 280 492 359 532 456 878 279 924 107 693 373 470 607 103 516 498 132 159 531 3 302 560 298 490 25 815 965 117 606 113 762 988 213 
958 268 376 225 759 365 274 885 601 12 112 515 211 311 277 813 469 77 636 309 147 942 346 120 827 884 671 285 557 313 49 137 0 532 362 723 963 240 513 727 629 409 322 170 928 382 772 298 445 234 407 1 333 43 340 770 84 773 410 757 861 386 617 644 85 766 368 554 746 58 161 792 621 679 598 117 277 192 66 736 
529 351 923 17 586 815 352 926 485 447 557 823 984 788 340 195 568 972 182 960 523 396 291 348 541 120 27 860 605 262 841 739 532 0 842 557 716 563 574 467 691 420 510 798 7 914 827 402 489 39 383 46 177 561 560 614 883 991 527 488 333 271 297 667 137 438 132 688 978 286 306 149 601 523 509 714 918 178 388 495 
333 383 668 898 272 530 75 65 353 890 278 806 382 435 139 141 260 237 674 640 566 923 522 689 511 524 621 606 232 85 869 809 362 842 0 324 647 633 737 665 534 217 329 433 900 339 668 40 966 106 431 81 157 800 135 379 528 233 668 278 633 482 767 434 561 698 952 498 437 18 802 947 576 175 559 230 655 587 204 335 
659 742 123 763 647 826 215 195 179 330 693 574 520 910 11 579 16 84 784 306 580 611 175 346 157 141 47 872 361 292 471 824 723 557 324 0 423 189 503 826 292 565 580 453 30 761 646 31 740 42 872 885 119 660 998 613 238 194 905 367 306 199 951 871 923 788 350 154 288 746 823 143 960 374 549 759 365 450 65 755 
910 974 240 368 379 79 1000 408 161 290 690 330 794 269 701 230 509 604 501 700 29 438 42 132 924 311 454 285 924 703 274 759 963 716 647 423 0 714 207 925 145 709 453 411 22 281 28 861 135 443 580 872 440 976 248 470 962 799 221 334 457 946 753 272 813 995 394 544 255 736 746 762 856 460 68 620 209 480 983 541 
517 436 438 385 61 195 581 634 803 339 703 430 465 997 533 819 482 191 449 783 272 123 344 38 176 946 337 201 405 761 668 50 240 563 633 189 714 0 860 737 409 1000 552 557 750 791 35 311 732 592 382 304 836 744 70 628 166 289 664 623 881 416 76 450 144 343 508 658 941 323 966 651 506 225 797 71 122 92 868 221 
760 258 626 992 97 802 358 47 654 404 75 843 741 636 184 723 438 494 740 829 400 547 177 301 572 698 427 614 710 558 676 838 513 574 737 503 207 860 0 902 882 897 690 620 64 81 550 59 250 782 428 178 477 698 149 481 405 234 91 287 362 752 266 869 925 810 356 987 489 716 241 667 891 372 675 454 891 817 9 788 
678 146 112 837 468 86 936 749 744 668 336 921 516 463 265 42 80 60 593 688 689 154 286 935 387 879 191 660 21 941 360 428 727 467 665 826 925 737 902 0 684 575 506 873 337 435 447 25 559 374 97 566 149 689 322 195 86 798 196 102 971 872 216 888 969 997 923 413 442 616 759 730 343 505 521 141 587 461 259 124 
265 595 114 572 708 793 980 605 278 835 691 769 318 814 624 801 233 945 585 274 627 184 409 378 384 54 860 204 66 231 596 123 629 691 534 292 145 409 882 684 0 365 11 664 803 777 166 364 889 525 576 331 623 238 319 414 231 248 961 230 603 266 489 81 429 628 570 696 11 341 281 150 153 443 80 780 647 636 602 158 
958 584 621 843 825 389 77 549 337 99 554 618 127 667 608 923 697 469 891 690 808 666 567 723 520 864 614 651 763 337 80 766 409 420 217 565 709 1000 897 575 365 0 457 593 256 967 499 744 784 146 9 897 84 777 306 507 113 156 358 694 606 180 26 870 104 557 913 964 173 723 575 472 412 142 331 936 451 43 425 83 
513 464 345 5 31 512 950 638 935 263 117 978 584 324 362 743 699 785 909 536 422 466 851 664 222 403 234 334 927 58 904 105 322 510 329 580 453 552 690 506 11 457 0 129 912 539 132 300 950 349 147 690 157 865 173 657 518 952 233 277 241 489 70 24 901 621 740 27 513 800 115 608 728 881 352 446 125 292 651 159 
213 387 904 641 293 919 833 274 741 807 233 125 152 378 579 42 571 846 669 395 813 396 438 611 428 331 494 489 992 148 603 211 170 798 433 453 411 557 620 873 664 593 129 0 433 280 868 929 633 916 392 596 471 821 334 295 149 128 180 419 81 348 651 283 181 787 356 30 671 574 601 528 804 374 751 260 543 825 158 696 
741 663 430 944 493 83 625 4 432 413 992 573 86 986 697 507 944 449 351 438 653 381 310 328 268 429 895 402 187 521 36 341 928 7 900 30 22 750 64 337 803 256 912 433 0 767 429 54 498 558 136 704 839 230 280 441 571 870 412 27 175 516 500 27 199 148 7 258 125 710 260 442 500 758 483 25 720 842 63 952 
549 339 906 110 137 33 714 87 60 831 53 293 170 629 929 957 78 643 441 288 888 421 33 584 242 627 492 440 825 941 976 197 382 914 339 761 281 791 81 435 777 967 539 280 767 0 889 327 279 434 176 387 29 960 170 331 562 329 250 663 105 775 543 562 565 554 715 133 257 340 491 946 497 722 347 39 697 950 94 625 
213 593 727 353 524 418 410 265 599 867 593 28 557 415 925 823 148 611 503 384 945 32 521 222 948 89 801 703 407 334 548 889 772 827 668 646 28 35 550 447 166 499 132 868 429 889 0 380 690 124 334 976 175 429 851 347 271 35 508 66 721 105 219 694 375 685 212 897 35 704 321 183 664 735 636 585 505 449 179 771 
567 601 948 516 381 281 77 154 612 128 978 185 421 465 796 388 77 974 925 939 23 969 579 396 283 757 550 134 332 742 37 280 298 402 40 31 861 311 59 25 364 744 300 929 54 327 380 0 811 624 368 437 546 32 551 40 354 527 969 674 495 814 375 75 916 394 796 515 308 117 529 343 983 184 921 661 831 83 93 700 
