70 4
0 238 188 213 379 843 385 88 339 674 269 203 753 431 249 515 572 411 585 698 447 253 385 146 279 421 825 749 873 903 545 724 74 221 322 728 371 147 104 208 758 449 151 660 200 389 129 807 332 813 33 506 404 730 651 969 1 957 879 182 952 591 478 802 893 91 406 498 806 194 
238 0 10 553 23 624 5 346 12 753 680 387 261 787 779 724 136 873 147 880 44 950 947 351 723 534 901 628 666 142 176 832 784 660 45 275 796 958 5 897 878 186 387 174 143 539 166 772 561 617 537 134 510 807 184 688 923 485 39 219 490 127 892 515 538 757 451 991 477 812 
188 10 0 554 937 117 626 930 804 678 613 498 40 195 263 100 467 267 244 926 477 432 806 358 471 461 215 784 409 896 312 454 414 495 503 853 36 723 655 712 982 596 577 456 578 101 144 611 129 839 342 42 616 715 166 841 182 104 510 120 920 174 193 38 291 321 160 149 743 359 
213 553 554 0 45 303 93 797 984 956 192 333 668 522 851 855 389 330 58 100 691 44 182 825 878 310 573 969 138 795 376 547 556 377 872 899 722 290 496 846 939 1 369 220 103 563 686 996 781 450 553 531 354 877 802 364 430 572 901 128 906 253 552 123 743 511 480 518 902 881 
379 23 937 45 0 839 930 595 828 571 237 233 11 640 390 487 698 165 285 926 393 343 529 849 784 131 983 51 806 562 996 741 841 825 622 95 974 983 626 500 271 692 624 133 895 44 98 557 851 467 111 523 400 912 999 34 77 404 54 576 768 686 617 216 914 748 501 318 897 212 
843 624 117 303 839 0 30 821 869 777 489 557 497 842 437 572 182 661 896 222 468 267 839 582 588 577 872 273 904 346 424 389 341 332 732 915 430 75 300 756 90 759 511 890 107 950 363 209 895 910 896 484 506 90 867 189 330 259 335 623 61 757 852 656 828 977 764 275 461 115 
385 5 626 93 930 30 0 27 165 915 519 401 164 661 204 435 971 155 515 694 340 565 179 383 432 73 961 925 961 849 574 88 432 439 557 452 117 290 583 610 573 352 646 936 608 612 747 551 526 455 803 931 183 423 659 535 377 376 354 534 169 112 503 562 69 376 182 8 230 891 
88 346 930 797 595 821 27 0 796 804 167 616 134 833 838 626 960 164 279 458 278 585 648 420 768 12 853 700 737 724 579 471 437 820 437 719 996 642 952 856 196 925 383 998 662 125 904 523 128 872 425 385 883 333 630 467 542 571 770 359 777 615 345 315 583 168 445 173 867 785 
339 12 804 984 828 869 165 796 0 701 1000 86 40 909 212 534 316 454 302 19 360 100 557 70 457 994 898 871 726 66 60 365 622 444 161 438 362 82 844 338 427 390 907 71 737 935 974 813 388 46 757 872 591 412 260 17 596 123 875 545 779 896 785 621 641 24 793 89 776 232 
674 753 678 956 571 777 915 804 701 0 492 193 677 31 986 834 477 622 332 412 425 884 232 713 799 358 889 458 807 8 691 556 498 670 274 753 896 553 266 758 460 113 394 343 512 913 982 499 115 930 533 260 293 245 759 81 879 218 155 653 955 330 222 642 127 111 138 667 178 212 
269 680 613 192 237 489 519 167 1000 492 0 412 625 432 53 466 757 20 540 172 675 824 680 655 893 153 106 697 194 234 249 540 893 876 6 203 701 406 67 806 422 122 67 487 296 801 163 545 898 143 372 512 415 334 520 774 934 328 619 125 871 321 616 757 148 149 788 911 484 920 
203 387 498 333 233 557 401 616 86 193 412 0 594 25 333 117 811 210 153 176 510 195 498 891 919 212 567 377 468 851 121 132 190 465 501 980 747 368 682 906 444 266 738 491 454 253 335 774 356 62 790 40 92 979 350 381 332 946 982 499 256 429 99 436 757 250 273 796 903 377 
753 261 40 668 11 497 164 134 40 677 625 594 0 235 297 961 401 7 688 906 105 96 100 464 937 543 77 669 765 440 566 766 758 648 554 574 189 193 986 914 897 474 274 338 23 89 451 365 7 390 175 120 880 752 472 154 634 649 41 21 89 289 874 359 696 778 720 289 800 718 
431 787 195 522 640 842 661 833 909 31 432 25 235 0 250 200 637 602 98 292 197 781 70 340 914 641 122 31 217 396 146 693 758 114 874 161 237 678 162 254 423 989 612 5 760 961 409 898 77 74 685 73 825 642 423 594 433 242 640 12 292 107 505 903 556 618 872 121 427 656 
249 779 263 851 390 437 204 838 212 986 53 333 297 250 0 711 503 924 522 760 751 613 717 969 503 559 122 370 27 755 386 819 647 935 586 727 855 450 878 1000 904 889 630 743 236 953 131 921 522 234 41 965 590 55 725 831 893 267 14 231 886 965 813 726 465 842 249 553 943 338 
515 724 100 855 487 572 435 626 534 834 466 117 961 200 711 0 125 31 80 958 267 71 793 113 737 649 256 248 216 637 162 531 787 328 429 512 413 775 932 52 785 26 937 543 818 323 235 55 181 277 470 774 965 341 704 139 140 899 78 51 38 409 72 143 597 795 621 36 901 547 
572 136 467 389 698 182 971 960 316 477 757 811 401 637 503 125 0 771 642 426 129 393 990 797 763 3 920 770 230 522 778 38 659 857 108 351 614 635 593 66 418 213 573 536 767 310 721 331 495 853 650 638 671 478 354 817 346 233 416 613 344 540 864 58 74 437 653 634 64 621 
411 873 267 330 165 661 155 164 454 622 20 210 7 602 924 31 771 0 598 504 846 408 316 566 416 796 136 540 78 512 227 289 9 582 422 258 610 685 620 896 770 384 386 789 760 293 396 36 681 773 559 47 502 60 143 249 543 82 82 695 502 336 497 918 63 117 847 44 358 227 
585 147 244 58 285 896 515 279 302 332 540 153 688 98 522 80 642 598 0 560 108 76 274 817 219 560 819 630 804 657 8 286 124 661 927 923 108 370 141 569 259 228 293 695 142 108 930 850 790 80 853 640 426 485 47 572 168 653 90 974 574 106 389 565 500 168 497 370 764 82 
698 880 926 100 926 222 694 458 19 412 172 176 906 292 760 958 426 504 560 0 219 488 407 18 400 188 740 21 432 921 352 637 628 674 710 231 786 884 567 705 440 821 975 639 301 185 584 928 214 189 167 256 930 677 270 851 494 297 309 60 866 904 992 91 600 293 431 275 133 649 
447 44 477 691 393 468 340 278 360 425 675 510 105 197 751 267 129 846 108 219 0 986 795 403 294 932 633 96 927 126 92 537 863 462 656 896 430 929 578 127 715 854 253 1000 922 664 929 508 408 381 811 911 467 928 105 194 337 41 322 86 990 660 87 102 80 270 104 702 856 952 
253 950 432 44 343 267 565 585 100 884 824 195 96 781 613 71 393 408 76 488 986 0 911 86 298 265 632 96 333 242 630 470 734 309 5 269 378 74 672 809 308 415 44 453 271 791 911 409 932 951 529 972 202 452 809 216 488 161 210 350 883 967 507 663 345 418 593 950 740 662 
385 947 806 182 529 839 179 648 557 232 680 498 100 70 717 793 990 316 274 407 795 911 0 592 512 385 227 780 416 792 989 223 581 833 470 240 855 409 58 72 349 692 337 672 365 736 624 792 207 385 188 607 479 551 201 920 627 277 694 521 769 1 58 728 685 668 214 49 407 253 
146 351 358 825 849 582 383 420 70 713 655 891 464 340 969 113 797 566 817 18 403 86 592 0 924 158 413 456 865 774 414 924 485 824 67 881 599 898 164 572 937 616 599 880 785 174 115 747 281 57 911 822 436 238 909 582 883 37 749 410 654 531 2 53 917 669 408 415 499 358 
279 723 471 878 784 588 432 768 457 799 893 919 937 914 503 737 763 416 219 400 294 298 512 924 0 275 536 409 524 214 500 946 615 109 756 883 873 404 647 971 434 236 223 349 146 908 582 220 217 45 326 669 433 366 576 807 171 1000 368 670 643 247 517 143 769 545 515 856 877 278 
421 534 461 310 131 577 73 12 994 358 153 212 543 641 559 649 3 796 560 188 932 265 385 158 275 0 502 367 332 793 102 556 139 830 124 117 727 58 663 163 354 726 417 582 463 827 543 529 121 275 564 920 740 621 463 708 386 206 190 35 800 676 493 352 161 84 695 982 216 676 
825 901 215 573 983 872 961 853 898 889 106 567 77 122 122 256 920 136 819 740 633 632 227 413 536 502 0 597 57 181 955 123 808 938 364 480 36 399 582 377 453 642 683 64 87 972 821 486 113 243 781 289 214 817 360 871 826 544 294 518 600 887 611 24 363 861 659 983 859 460 
749 628 784 969 51 273 925 700 871 458 697 377 669 31 370 248 770 540 630 21 96 96 780 456 409 367 597 0 843 388 411 231 595 879 840 702 259 190 601 517 139 726 553 660 521 770 627 270 28 403 271 50 49 596 635 5 54 326 73 984 824 931 447 673 773 335 784 864 304 627 
873 666 409 138 806 904 961 737 726 807 194 468 765 217 27 216 230 78 804 432 927 333 416 865 524 332 57 843 0 40 295 788 168 497 668 916 21 813 988 750 578 205 874 720 709 974 298 872 432 785 615 616 411 566 800 579 785 454 79 19 248 722 483 800 42 486 868 981 24 736 
903 142 896 795 562 346 849 724 66 8 234 851 440 396 755 637 522 512 657 921 126 242 792 774 214 793 181 388 40 0 446 679 634 41 352 147 899 674 353 824 796 431 62 624 855 288 740 910 258 334 333 493 268 226 59 831 924 117 503 719 52 885 701 845 613 202 453 120 344 452 
545 176 312 376 996 424 574 579 60 691 249 121 566 146 386 162 778 227 8 352 92 630 989 414 500 102 955 411 295 446 0 999 376 712 746 576 902 344 490 469 495 863 983 309 490 489 151 535 323 860 196 461 438 527 263 466 197 262 625 637 899 1000 221 226 375 579 943 585 348 328 
724 832 454 547 741 389 88 471 365 556 540 132 766 693 819 531 38 289 286 637 537 470 223 924 946 556 123 231 788 679 999 0 412 364 9 464 839 41 659 367 210 489 227 965 965 382 132 350 5 517 971 298 784 51 289 783 309 562 437 705 339 763 141 118 774 735 437 447 106 366 
74 784 414 556 841 341 432 437 622 498 893 190 758 758 647 787 659 9 124 628 863 734 581 485 615 139 808 595 168 634 376 412 0 710 571 100 651 772 83 975 163 507 434 90 470 820 822 91 142 41 349 712 650 770 494 486 492 446 950 119 205 721 583 514 987 724 478 606 331 532 
221 660 495 377 825 332 439 820 444 670 876 465 648 114 935 328 857 582 661 674 462 309 833 824 109 830 938 879 497 41 712 364 710 0 930 225 91 762 332 685 728 759 908 429 469 336 486 566 376 589 343 321 695 202 952 482 702 520 610 563 65 715 335 611 78 693 460 470 742 299 
322 45 503 872 622 732 557 437 161 274 6 501 554 874 586 429 108 422 927 710 656 5 470 67 756 124 364 840 668 352 746 9 571 930 0 45 974 338 291 746 1 840 557 956 426 438 332 87 7 792 238 234 357 616 862 52 835 325 524 931 616 488 193 667 253 499 945 303 217 487 
728 275 853 899 95 915 452 719 438 753 203 980 574 161 727 512 351 258 923 231 896 269 240 881 883 117 480 702 916 147 576 464 100 225 45 0 881 583 168 391 82 830 83 703 808 631 443 867 990 252 307 641 438 26 831 847 469 529 739 530 724 481 470 334 825 726 449 197 797 404 
371 796 36 722 974 430 117 996 362 896 701 747 189 237 855 413 614 610 108 786 430 378 855 599 873 727 36 259 21 899 902 839 651 91 974 881 0 514 186 799 112 354 279 760 151 266 93 641 628 190 519 825 853 414 912 973 396 444 334 33 12 727 952 490 230 232 669 201 965 858 
147 958 723 290 983 75 290 642 82 553 406 368 193 678 450 775 635 685 370 884 929 74 409 898 404 58 399 190 813 674 344 41 772 762 338 583 514 0 232 270 819 702 78 173 107 346 228 763 800 694 960 149 167 546 269 509 248 148 742 37 589 19 936 689 943 656 543 248 536 744 
104 5 655 496 626 300 583 952 844 266 67 682 986 162 878 932 593 620 141 567 578 672 58 164 647 663 582 601 988 353 490 659 83 332 291 168 186 232 0 913 130 524 301 37 772 811 933 496 731 377 664 30 215 87 114 262 557 117 119 933 320 188 718 457 2 788 482 308 354 58 
208 897 712 846 500 756 610 856 338 758 806 906 914 254 1000 52 66 896 569 705 127 809 72 572 971 163 377 517 750 824 469 367 975 685 746 391 799 270 913 0 43 818 879 527 722 266 659 766 961 921 972 181 46 590 164 596 319 756 39 30 169 112 957 280 194 597 174 567 169 334 
758 878 982 939 271 90 573 196 427 460 422 444 897 423 904 785 418 770 259 440 715 308 349 937 434 354 453 139 578 796 495 210 163 728 1 82 112 819 130 43 0 992 361 520 145 464 893 907 418 586 980 532 11 272 587 610 390 632 658 809 940 153 733 219 182 497 835 549 44 383 
449 186 596 1 692 759 352 925 390 113 122 266 474 989 889 26 213 384 228 821 854 415 692 616 236 726 642 726 205 431 863 489 507 759 840 830 354 702 524 818 992 0 244 962 370 681 390 271 2 32 780 685 63 541 341 434 283 262 267 462 445 723 505 92 41 780 570 831 344 612 
151 387 577 369 624 511 646 383 907 394 67 738 274 612 630 937 573 386 293 975 253 44 337 599 223 417 683 553 874 62 983 227 434 908 557 83 279 78 301 879 361 244 0 385 976 281 843 960 526 781 216 82 558 193 972 605 87 261 963 409 10 879 414 895 426 228 720 64 432 974 
660 174 456 220 133 890 936 998 71 343 487 491 338 5 743 543 536 789 695 639 1000 453 672 880 349 582 64 660 720 624 309 965 90 429 956 703 760 173 37 527 520 962 385 0 651 658 40 209 942 307 996 522 357 653 875 19 98 603 310 461 174 60 683 516 692 404 767 806 425 485 
200 143 578 103 895 107 608 662 737 512 296 454 23 760 236 818 767 760 142 301 922 271 365 785 146 463 87 521 709 855 490 965 470 469 426 808 151 107 772 722 145 370 976 651 0 241 929 194 20 414 779 536 615 546 871 218 787 814 907 630 404 811 368 429 118 294 599 769 978 664 
389 539 101 563 44 950 612 125 935 913 801 253 89 961 953 323 310 293 108 185 664 791 736 174 908 827 972 770 974 288 489 382 820 336 438 631 266 346 811 266 464 681 281 658 241 0 353 637 370 865 666 670 409 459 695 810 132 456 604 350 51 648 689 527 132 136 155 144 697 856 
129 166 144 686 98 363 747 904 974 982 163 335 451 409 131 235 721 396 930 584 929 911 624 115 582 543 821 627 298 740 151 132 822 486 332 443 93 228 933 659 893 390 843 40 929 353 0 342 439 701 364 833 409 978 757 823 392 755 723 558 435 382 795 355 955 323 360 166 784 870 
807 772 611 996 557 209 551 523 813 499 545 774 365 898 921 55 331 36 850 928 508 409 792 747 220 529 486 270 872 910 535 350 91 566 87 867 641 763 496 766 907 271 960 209 194 637 342 0 367 224 143 26 400 388 355 464 889 327 494 676 554 886 130 928 278 389 148 529 83 432 
332 561 129 781 851 895 526 128 388 115 898 356 7 77 522 181 495 681 790 214 408 932 207 281 217 121 113 28 432 258 323 5 142 376 7 990 628 800 731 961 418 2 526 942 20 370 439 367 0 200 567 522 948 509 187 31 541 339 650 421 462 822 760 438 438 362 188 711 871 262 
813 617 839 450 467 910 455 872 46 930 143 62 390 74 234 277 853 773 80 189 381 951 385 57 45 275 243 403 785 334 860 517 41 589 792 252 190 694 377 921 586 32 781 307 414 865 701 224 200 0 787 783 406 534 400 523 791 702 21 179 47 340 271 889 912 281 170 75 303 803 
33 537 342 553 111 896 803 425 757 533 372 790 175 685 41 470 650 559 853 167 811 529 188 911 326 564 781 271 615 333 196 971 349 343 238 307 519 960 664 972 980 780 216 996 779 666 364 143 567 787 0 925 180 211 720 556 788 727 117 943 722 349 421 525 2 404 523 315 772 713 
506 134 42 531 523 484 931 385 872 260 512 40 120 73 965 774 638 47 640 256 911 972 607 822 669 920 289 50 616 493 461 298 712 321 234 641 825 149 30 181 532 685 82 522 536 670 833 26 522 783 925 0 806 731 960 459 321 786 275 732 613 350 148 706 733 52 393 912 485 650 
404 510 616 354 400 506 183 883 591 293 415 92 880 825 590 965 671 502 426 930 467 202 479 436 433 740 214 49 411 268 438 784 650 695 357 438 853 167 215 46 11 63 558 357 615 409 409 400 948 406 180 806 0 873 117 378 175 297 580 838 233 655 528 919 487 409 283 797 279 337 
730 807 715 877 912 90 423 333 412 245 334 979 752 642 55 341 478 60 485 677 928 452 551 238 366 621 817 596 566 226 527 51 770 202 616 26 414 546 87 590 272 541 193 653 546 459 978 388 509 534 211 731 873 0 796 299 506 1 932 829 47 898 512 874 160 939 75 926 55 343 
651 184 166 802 999 867 659 630 260 759 520 350 472 423 725 704 354 143 47 270 105 809 201 909 576 463 360 635 800 59 263 289 494 952 862 831 912 269 114 164 587 341 972 875 871 695 757 355 187 400 720 960 117 796 0 372 390 770 889 124 467 79 749 881 414 423 454 823 83 786 
969 688 841 364 34 189 535 467 17 81 774 381 154 594 831 139 817 249 572 851 194 216 920 582 807 708 871 5 579 831 466 783 486 482 52 847 973 509 262 596 610 434 605 19 218 810 823 464 31 523 556 459 378 299 372 0 301 831 272 704 580 605 940 674 335 806 987 999 940 460 
1 923 182 430 77 330 377 542 596 879 934 332 634 433 893 140 346 543 168 494 337 488 627 883 171 386 826 54 785 924 197 309 492 702 835 469 396 248 557 319 390 283 87 98 787 132 392 889 541 791 788 321 175 506 390 301 0 540 912 94 355 328 170 548 806 435 24 450 27 770 
957 485 104 572 404 259 376 571 123 218 328 946 649 242 267 899 233 82 653 297 41 161 277 37 1000 206 544 326 454 117 262 562 446 520 325 529 444 148 117 756 632 262 261 603 814 456 755 327 339 702 727 786 297 1 770 831 540 0 74 374 927 384 219 516 784 220 285 722 217 218 
879 39 510 901 54 335 354 770 875 155 619 982 41 640 14 78 416 82 90 309 322 210 694 749 368 190 294 73 79 503 625 437 950 610 524 739 334 742 119 39 658 267 963 310 907 604 723 494 650 21 117 275 580 932 889 272 912 74 0 503 826 795 74 310 977 409 1 941 419 201 
182 219 120 128 576 623 534 359 545 653 125 499 21 12 231 51 613 695 974 60 86 350 521 410 670 35 518 984 19 719 637 705 119 563 931 530 33 37 933 30 809 462 409 461 630 350 558 676 421 179 943 732 838 829 124 704 94 374 503 0 717 380 643 394 210 413 85 28 30 251 
952 490 920 906 768 61 169 777 779 955 871 256 89 292 886 38 344 502 574 866 990 883 769 654 643 800 600 824 248 52 899 339 205 65 616 724 12 589 320 169 940 445 10 174 404 51 435 554 462 47 722 613 233 47 467 580 355 927 826 717 0 937 380 183 537 19 916 480 174 576 
591 127 174 253 686 757 112 615 896 330 321 429 289 107 965 409 540 336 106 904 660 967 1 531 247 676 887 931 722 885 1000 763 721 715 488 481 727 19 188 112 153 723 879 60 811 648 382 886 822 340 349 350 655 898 79 605 328 384 795 380 937 0 698 626 951 937 486 49 528 962 
478 892 193 552 617 852 503 345 785 222 616 99 874 505 813 72 864 497 389 992 87 507 58 2 517 493 611 447 483 701 221 141 583 335 193 470 952 936 718 957 733 505 414 683 368 689 795 130 760 271 421 148 528 512 749 940 170 219 74 643 380 698 0 619 466 219 942 267 184 79 
802 515 38 123 216 656 562 315 621 642 757 436 359 903 726 143 58 918 565 91 102 663 728 53 143 352 24 673 800 845 226 118 514 611 667 334 490 689 457 280 219 92 895 516 429 527 355 928 438 889 525 706 919 874 881 674 548 516 310 394 183 626 619 0 966 15 222 58 461 325 
893 538 291 743 914 828 69 583 641 127 148 757 696 556 465 597 74 63 500 600 80 345 685 917 769 161 363 773 42 613 375 774 987 78 253 825 230 943 2 194 182 41 426 692 118 132 955 278 438 912 2 733 487 160 414 335 806 784 977 210 537 951 466 966 0 836 465 127 503 955 
91 757 321 511 748 977 376 168 24 111 149 250 778 618 842 795 437 117 168 293 270 418 668 669 545 84 861 335 486 202 579 735 724 693 499 726 232 656 788 597 497 780 228 404 294 136 323 389 362 281 404 52 409 939 423 806 435 220 409 413 19 937 219 15 836 0 702 556 509 533 
406 451 160 480 501 764 182 445 793 138 788 273 720 872 249 621 653 847 497 431 104 593 214 408 515 695 659 784 868 453 943 437 478 460 945 449 669 543 482 174 835 570 720 767 599 155 360 148 188 170 523 393 283 75 454 987 24 285 1 85 916 486 942 222 465 702 0 139 532 310 
498 991 149 518 318 275 8 173 89 667 911 796 289 121 553 36 634 44 370 275 702 950 49 415 856 982 983 864 981 120 585 447 606 470 303 197 201 248 308 567 549 831 64 806 769 144 166 529 711 75 315 912 797 926 823 999 450 722 941 28 480 49 267 58 127 556 139 0 597 708 
806 477 743 902 897 461 230 867 776 178 484 903 800 427 943 901 64 358 764 133 856 740 407 499 877 216 859 304 24 344 348 106 331 742 217 797 965 536 354 169 44 344 432 425 978 697 784 83 871 303 772 485 279 55 83 940 27 217 419 30 174 528 184 461 503 509 532 597 0 221 
194 812 359 881 212 115 891 785 232 212 920 377 718 656 338 547 621 227 82 649 952 662 253 358 278 676 460 627 736 452 328 366 532 299 487 404 858 744 58 334 383 612 974 485 664 856 870 432 262 803 713 650 337 343 786 460 770 218 201 251 576 962 79 325 955 533 310 708 221 0 
0 373 405 998 227 976 236 897 344 274 82 58 333 700 984 546 882 488 251 111 83 243 304 112 971 220 703 73 66 401 254 266 779 946 705 639 841 755 773 316 298 588 24 582 294 606 71 386 306 692 982 428 146 719 974 143 619 624 198 360 164 715 290 974 333 863 480 926 776 6 
373 0 970 356 211 61 626 828 405 579 317 434 362 200 894 967 517 151 868 874 475 164 123 372 56 527 942 818 405 533 724 48 892 565 641 254 372 658 424 682 507 138 729 505 929 923 287 44 896 42 876 409 278 799 497 597 496 143 489 117 675 225 89 356 196 718 156 226 267 176 
405 970 0 695 752 133 152 216 633 813 927 317 175 3 853 66 412 388 591 871 749 438 647 615 296 719 836 311 374 339 656 196 483 929 65 20 564 539 714 56 994 556 233 735 473 535 838 541 684 170 288 209 199 979 896 732 196 440 158 138 94 21 948 573 914 426 391 157 161 237 
998 356 695 0 789 788 9 958 851 489 351 612 49 508 379 9 246 25 949 640 936 26 186 985 545 759 273 443 227 15 243 81 63 815 381 471 219 742 846 729 504 203 686 432 715 31 421 359 924 379 395 655 486 978 809 246 760 686 837 53 372 446 512 201 902 144 798 47 844 841 
227 211 752 789 0 449 583 601 805 453 121 69 922 356 90 63 793 36 86 876 603 65 254 445 429 181 679 892 315 231 115 560 761 413 939 727 229 582 139 216 573 646 206 890 452 602 966 614 550 180 23 671 669 189 273 704 470 455 501 302 754 604 997 569 986 356 222 384 748 982 
976 61 133 788 449 0 213 469 176 129 443 263 427 842 412 112 207 180 886 314 864 490 3 717 687 639 848 223 825 645 286 82 185 468 276 742 383 847 847 32 717 399 887 184 513 538 740 380 145 566 492 831 199 241 472 922 850 245 285 826 792 765 201 747 262 126 437 280 155 976 
236 626 152 9 583 213 0 346 76 648 146 417 35 468 983 451 822 816 62 376 916 969 905 908 78 111 959 242 561 128 163 664 443 873 43 759 49 201 376 185 159 339 392 127 454 994 770 655 220 547 935 347 622 860 876 272 454 946 126 796 47 825 496 110 79 115 528 74 578 365 
897 828 216 958 601 469 346 0 979 49 62 614 819 23 942 768 672 968 665 855 60 644 746 487 315 692 548 319 151 67 520 504 603 470 565 76 546 713 717 634 241 423 63 524 589 978 848 367 115 212 575 282 429 510 381 729 890 639 819 239 24 558 999 783 700 323 891 84 858 268 
344 405 633 851 805 176 76 979 0 974 49 481 661 94 726 708 656 785 242 53 38 750 897 440 99 795 493 141 232 303 230 780 889 857 871 981 126 980 623 904 462 609 917 329 846 985 852 775 736 696 973 431 523 577 835 558 225 596 499 179 703 811 407 957 199 685 612 631 410 740 
274 579 813 489 453 129 648 49 974 0 366 295 552 465 964 776 70 394 432 454 473 444 995 339 171 862 232 25 245 638 817 269 840 990 331 880 698 845 19 135 914 202 217 662 579 586 920 575 564 829 256 255 89 844 384 545 624 508 176 683 94 774 953 906 237 696 661 810 423 711 
82 317 927 351 121 443 146 62 49 366 0 773 903 178 640 486 679 166 257 568 287 79 41 15 684 339 267 689 467 430 756 703 888 945 417 758 808 423 769 489 839 40 754 824 525 587 317 200 203 525 476 672 323 258 436 841 449 220 472 185 442 880 137 130 544 90 458 399 557 705 
58 434 317 612 69 263 417 614 481 295 773 0 271 422 964 73 793 677 344 161 208 203 308 892 720 135 24 590 884 176 321 928 679 116 93 328 378 823 333 219 732 716 902 54 643 235 117 918 815 130 817 520 280 553 699 685 865 237 692 438 362 846 529 62 590 72 228 636 763 98 
333 362 175 49 922 427 35 819 661 552 903 271 0 851 948 720 316 90 576 251 881 77 770 254 33 285 417 546 787 709 908 905 309 355 436 263 116 539 723 693 787 702 164 197 881 231 930 492 60 259 193 267 732 58 982 782 186 552 549 821 186 574 44 50 121 24 144 753 957 969 
700 200 3 508 356 842 468 23 94 465 178 422 851 0 573 988 511 999 156 118 495 548 658 433 206 891 891 74 51 213 712 710 565 850 850 535 432 867 881 515 58 92 234 693 636 175 548 979 857 260 8 578 131 623 891 339 458 64 296 231 307 38 943 129 830 713 812 821 651 465 
984 894 853 379 90 412 983 942 726 964 640 964 948 573 0 301 920 830 448 950 856 93 650 69 274 845 68 529 269 359 464 578 32 295 566 321 111 717 719 439 995 58 342 228 390 591 214 964 195 960 365 904 727 786 617 398 551 758 483 29 37 433 89 990 276 149 242 691 914 273 
546 967 66 9 63 112 451 768 708 776 486 73 720 988 301 0 864 958 516 458 836 782 599 399 143 175 43 379 970 784 614 386 105 30 299 600 200 661 841 477 22 117 543 204 917 738 335 231 307 734 694 461 545 716 608 392 354 452 217 286 907 990 750 5 951 845 174 397 539 805 
882 517 412 246 793 207 822 672 656 70 679 793 316 511 920 864 0 385 61 824 572 578 722 175 519 942 910 464 822 17 17 251 777 598 407 60 58 934 442 481 147 200 4 208 86 185 45 695 603 611 394 331 587 454 980 349 206 438 159 749 257 69 474 305 711 3 231 684 321 141 
488 151 388 25 36 180 816 968 785 394 166 677 90 999 830 958 385 0 837 175 518 518 29 784 704 623 62 141 497 850 51 489 468 352 73 984 552 805 717 870 267 432 628 959 951 95 538 506 213 337 13 349 98 638 144 814 253 918 141 40 775 651 88 328 436 314 192 347 522 299 
251 868 591 949 86 886 62 665 242 432 257 344 576 156 448 516 61 837 0 627 203 305 444 910 104 787 356 217 917 998 476 60 960 594 295 669 977 949 947 468 537 896 201 452 100 800 750 61 985 994 628 849 244 115 560 262 208 770 896 490 221 104 315 735 581 997 533 499 84 554 
111 874 871 640 876 314 376 855 53 454 568 161 251 118 950 458 824 175 627 0 604 305 599 835 395 457 190 778 83 134 845 860 242 653 191 581 88 349 868 345 353 354 498 584 757 951 225 20 447 94 367 372 610 777 637 658 132 985 400 300 107 586 621 262 715 320 918 249 397 189 
83 475 749 936 603 864 916 60 38 473 287 208 881 495 856 836 572 518 203 604 0 40 640 988 607 126 574 783 145 96 986 588 350 813 229 431 481 610 426 217 1 258 445 622 516 934 61 882 619 634 261 800 227 957 314 206 870 765 424 61 412 921 558 339 435 714 277 920 802 151 
243 164 438 26 65 490 969 644 750 444 79 203 77 548 93 782 578 518 305 305 40 0 41 526 589 561 892 632 82 820 111 768 693 818 401 169 38 382 598 487 156 299 490 614 207 307 562 965 94 726 251 111 674 771 988 662 52 41 287 885 156 803 173 458 379 127 289 696 248 59 
304 123 647 186 254 3 905 746 897 995 41 308 770 658 650 599 722 29 444 599 640 41 0 718 536 388 736 720 127 905 421 182 487 911 655 650 679 296 559 863 520 901 854 47 323 302 168 289 92 739 609 816 100 195 230 97 873 80 613 833 984 224 100 582 978 556 723 977 16 108 
112 372 615 985 445 717 908 487 440 339 15 892 254 433 69 399 175 784 910 835 988 526 718 0 628 506 140 698 486 163 782 372 59 788 756 173 108 115 335 938 167 455 739 348 799 228 29 657 951 400 994 462 624 107 117 446 984 329 760 421 86 166 862 65 509 892 870 445 782 197 
971 56 296 545 429 687 78 315 99 171 684 720 33 206 274 143 519 704 104 395 607 589 536 628 0 657 9 648 697 230 994 641 321 64 468 101 579 525 186 613 787 330 263 508 35 333 536 909 525 696 814 192 197 415 665 876 618 368 696 327 136 986 239 248 648 800 903 73 35 334 
220 527 719 759 181 639 111 692 795 862 339 135 285 891 845 175 942 623 787 457 126 561 388 506 657 0 306 363 336 482 783 261 622 318 663 313 375 188 223 232 484 965 985 627 285 687 137 910 94 704 560 274 811 999 746 340 814 932 837 476 326 754 246 790 794 331 704 87 983 689 
703 942 836 273 679 848 959 548 493 232 267 24 417 891 68 43 910 62 356 190 574 892 736 140 9 306 0 848 71 248 983 171 290 635 884 958 285 936 613 129 219 497 795 408 515 275 357 344 85 354 884 798 702 172 734 814 455 341 930 214 738 858 945 130 574 284 393 55 569 869 
73 818 311 443 892 223 242 319 141 25 689 590 546 74 529 379 464 141 217 778 783 632 720 698 648 363 848 0 910 260 423 679 146 280 454 836 744 369 910 620 263 183 353 294 640 363 62 821 982 95 784 762 68 821 663 220 372 879 777 859 15 154 937 877 238 429 33 89 785 417 
66 405 374 227 315 825 561 151 232 245 467 884 787 51 269 970 822 497 917 83 145 82 127 486 697 336 71 910 0 652 977 160 435 17 812 617 634 141 337 472 600 679 758 211 153 606 347 139 698 797 116 395 711 460 700 791 827 859 699 99 10 764 464 285 187 744 603 455 776 698 
401 533 339 15 231 645 128 67 303 638 430 176 709 213 359 784 17 850 998 134 96 820 905 163 230 482 248 260 652 0 780 641 321 366 701 209 682 869 622 705 684 139 248 81 815 411 870 288 976 354 764 444 756 914 987 685 84 524 171 981 143 110 696 268 879 530 332 430 780 395 
254 724 656 243 115 286 163 520 230 817 756 321 908 712 464 614 17 51 476 845 986 111 421 782 994 783 983 423 977 780 0 835 955 17 428 955 713 242 522 84 733 119 263 292 694 217 366 95 242 417 409 913 280 285 528 33 582 317 262 49 258 772 709 101 609 504 779 452 266 228 
266 48 196 81 560 82 664 504 780 269 703 928 905 710 578 386 251 489 60 860 588 768 182 372 641 261 171 679 160 641 835 0 842 763 63 169 473 200 492 989 190 99 318 781 356 640 491 388 59 596 278 832 509 344 711 671 718 195 940 617 152 701 232 976 580 255 676 761 903 555 
779 892 483 63 761 185 443 603 889 840 888 679 309 565 32 105 777 468 960 242 350 693 487 59 321 622 290 146 435 321 955 842 0 219 407 937 384 30 555 940 460 176 50 541 79 495 662 959 979 775 553 310 963 893 745 16 417 756 642 722 181 424 265 729 649 285 354 719 788 633 
946 565 929 815 413 468 873 470 857 990 945 116 355 850 295 30 598 352 594 653 813 818 911 788 64 318 635 280 17 366 17 763 219 0 36 475 699 218 911 33 246 532 122 596 579 163 205 935 993 991 380 775 481 412 782 682 549 822 337 327 560 290 57 35 547 543 740 142 732 195 
705 641 65 381 939 276 43 565 871 331 417 93 436 850 566 299 407 73 295 191 229 401 655 756 468 663 884 454 812 701 428 63 407 36 0 924 239 923 177 359 51 736 164 43 333 139 350 462 777 569 857 557 208 426 373 840 754 527 18 425 533 154 441 649 210 609 15 200 108 466 
639 254 20 471 727 742 759 76 981 880 758 328 263 535 321 600 60 984 669 581 431 169 650 173 101 313 958 836 617 209 955 169 937 475 924 0 975 644 655 685 382 727 495 860 504 193 537 534 633 391 404 519 312 519 737 437 999 964 30 78 445 969 188 599 943 85 475 468 909 847 
841 372 564 219 229 383 49 546 126 698 808 378 116 432 111 200 58 552 977 88 481 38 679 108 579 375 285 744 634 682 713 473 384 699 239 975 0 592 655 89 425 30 178 659 990 720 307 284 658 759 305 499 180 70 835 302 227 545 866 461 319 474 982 880 985 292 129 602 891 570 
755 658 539 742 582 847 201 713 980 845 423 823 539 867 717 661 934 805 949 349 610 382 296 115 525 188 936 369 141 869 242 200 30 218 923 644 592 0 527 920 744 139 112 219 174 399 850 727 52 939 654 588 239 586 178 257 697 478 547 157 286 170 173 862 586 93 388 460 368 782 
773 424 714 846 139 847 376 717 623 19 769 333 723 881 719 841 442 717 947 868 426 598 559 335 186 223 613 910 337 622 522 492 555 911 177 655 655 527 0 965 459 565 924 89 656 251 461 646 20 208 963 793 815 194 601 557 838 883 411 990 955 846 542 582 423 482 215 572 252 723 
316 682 56 729 216 32 185 634 904 135 489 219 693 515 439 477 481 870 468 345 217 487 863 938 613 232 129 620 472 705 84 989 940 33 359 685 89 920 965 0 426 969 614 526 338 323 917 485 776 298 631 445 918 2 445 541 171 878 915 670 14 221 373 312 91 570 859 445 431 927 
298 507 994 504 573 717 159 241 462 914 839 732 787 58 995 22 147 267 537 353 1 156 520 167 787 484 219 263 600 684 733 190 460 246 51 382 425 744 459 426 0 105 693 373 283 987 765 175 969 816 753 812 19 491 518 79 865 244 386 803 947 704 743 698 249 115 817 89 663 519 
588 138 556 203 646 399 339 423 609 202 40 716 702 92 58 117 200 432 896 354 258 299 901 455 330 965 497 183 679 139 119 99 176 532 736 727 30 139 565 969 105 0 225 163 903 137 538 561 888 184 338 125 332 328 391 302 374 352 398 766 857 659 179 522 611 769 477 142 622 313 
24 729 233 686 206 887 392 63 917 217 754 902 164 234 342 543 4 628 201 498 445 490 854 739 263 985 795 353 758 248 263 318 50 122 164 495 178 112 924 614 693 225 0 669 375 826 32 926 516 153 434 924 746 994 697 424 489 791 722 477 27 792 499 880 562 570 992 528 795 111 
582 505 735 432 890 184 127 524 329 662 824 54 197 693 228 204 208 959 452 584 622 614 47 348 508 627 408 294 211 81 292 781 541 596 43 860 659 219 89 526 373 163 669 0 291 388 466 580 225 201 627 505 212 745 770 800 143 704 777 129 726 552 885 685 655 934 437 240 176 363 
294 929 473 715 452 513 454 589 846 579 525 643 881 636 390 917 86 951 100 757 516 207 323 799 35 285 515 640 153 815 694 356 79 579 333 504 990 174 656 338 283 903 375 291 0 619 606 758 21 254 212 919 393 179 9 805 80 765 147 193 382 52 901 832 713 158 392 787 669 606 
606 923 535 31 602 538 994 978 985 586 587 235 231 175 591 738 185 95 800 951 934 307 302 228 333 687 275 363 606 411 217 640 495 163 139 193 720 399 251 323 987 137 826 388 619 0 548 657 949 863 460 981 540 210 707 825 192 209 934 28 549 538 936 420 330 925 510 686 507 931 
71 287 838 421 966 740 770 848 852 920 317 117 930 548 214 335 45 538 750 225 61 562 168 29 536 137 357 62 347 870 366 491 662 205 350 537 307 850 461 917 765 538 32 466 606 548 0 586 695 816 790 931 553 12 521 500 744 711 867 622 870 42 304 334 63 22 457 223 836 571 
386 44 541 359 614 380 655 367 775 575 200 918 492 979 964 231 695 506 61 20 882 965 289 657 909 910 344 821 139 288 95 388 959 935 462 534 284 727 646 485 175 561 926 580 758 657 586 0 153 822 716 947 762 383 895 811 988 494 990 413 73 990 44 332 104 386 262 157 280 813 
306 896 684 924 550 145 220 115 736 564 203 815 60 857 195 307 603 213 985 447 619 94 92 951 525 94 85 982 698 976 242 59 979 993 777 633 658 52 20 776 969 888 516 225 21 949 695 153 0 349 764 989 607 751 298 421 392 966 945 392 346 636 458 892 95 80 744 910 407 343 
692 42 170 379 180 566 547 212 696 829 525 130 259 260 960 734 611 337 994 94 634 726 739 400 696 704 354 95 797 354 417 596 775 991 569 391 759 939 208 298 816 184 153 201 254 863 816 822 349 0 756 369 451 956 704 784 819 280 775 832 228 976 587 680 259 325 433 510 361 896 
982 876 288 395 23 492 935 575 973 256 476 817 193 8 365 694 394 13 628 367 261 251 609 994 814 560 884 784 116 764 409 278 553 380 857 404 305 654 963 631 753 338 434 627 212 460 790 716 764 756 0 182 866 405 404 766 501 662 636 228 862 348 153 552 325 863 75 417 709 864 
428 409 209 655 671 831 347 282 431 255 672 520 267 578 904 461 331 349 849 372 800 111 816 462 192 274 798 762 395 444 913 832 310 775 557 519 499 588 793 445 812 125 924 505 919 981 931 947 989 369 182 0 614 808 981 40 16 781 202 431 334 683 40 35 561 274 599 829 842 801 
146 278 199 486 669 199 622 429 523 89 323 280 732 131 727 545 587 98 244 610 227 674 100 624 197 811 702 68 711 756 280 509 963 481 208 312 180 239 815 918 19 332 746 212 393 540 553 762 607 451 866 614 0 946 61 229 6 763 31 708 273 317 325 582 677 128 609 282 346 258 
719 799 979 978 189 241 860 510 577 844 258 553 58 623 786 716 454 638 115 777 957 771 195 107 415 999 172 821 460 914 285 344 893 412 426 519 70 586 194 2 491 328 994 745 179 210 12 383 751 956 405 808 946 0 576 581 498 3 480 319 474 353 596 531 541 75 595 466 165 629 
974 497 896 809 273 472 876 381 835 384 436 699 982 891 617 608 980 144 560 637 314 988 230 117 665 746 734 663 700 987 528 711 745 782 373 737 835 178 601 445 518 391 697 770 9 707 521 895 298 704 404 981 61 576 0 729 814 650 346 605 602 53 812 62 667 433 184 859 666 370 
143 597 732 246 704 922 272 729 558 545 841 685 782 339 398 392 349 814 262 658 206 662 97 446 876 340 814 220 791 685 33 671 16 682 840 437 302 257 557 541 79 302 424 800 805 825 500 811 421 784 766 40 229 581 729 0 199 151 933 847 937 463 964 891 765 639 687 877 481 491 
619 496 196 760 470 850 454 890 225 624 449 865 186 458 551 354 206 253 208 132 870 52 873 984 618 814 455 372 827 84 582 718 417 549 754 999 227 697 838 171 865 374 489 143 80 192 744 988 392 819 501 16 6 498 814 199 0 350 117 684 103 61 187 139 556 687 112 106 488 44 
624 143 440 686 455 245 946 639 596 508 220 237 552 64 758 452 438 918 770 985 765 41 80 329 368 932 341 879 859 524 317 195 756 822 527 964 545 478 883 878 244 352 791 704 765 209 711 494 966 280 662 781 763 3 650 151 350 0 215 533 383 646 813 811 557 563 979 484 145 514 
198 489 158 837 501 285 126 819 499 176 472 692 549 296 483 217 159 141 896 400 424 287 613 760 696 837 930 777 699 171 262 940 642 337 18 30 866 547 411 915 386 398 722 777 147 934 867 990 945 775 636 202 31 480 346 933 117 215 0 951 798 199 718 878 135 536 896 877 578 811 
360 117 138 53 302 826 796 239 179 683 185 438 821 231 29 286 749 40 490 300 61 885 833 421 327 476 214 859 99 981 49 617 722 327 425 78 461 157 990 670 803 766 477 129 193 28 622 413 392 832 228 431 708 319 605 847 684 533 951 0 623 519 376 4 236 802 919 240 247 247 
164 675 94 372 754 792 47 24 703 94 442 362 186 307 37 907 257 775 221 107 412 156 984 86 136 326 738 15 10 143 258 152 181 560 533 445 319 286 955 14 947 857 27 726 382 549 870 73 346 228 862 334 273 474 602 937 103 383 798 623 0 98 872 822 192 263 875 937 58 296 
715 225 21 446 604 765 825 558 811 774 880 846 574 38 433 990 69 651 104 586 921 803 224 166 986 754 858 154 764 110 772 701 424 290 154 969 474 170 846 221 704 659 792 552 52 538 42 990 636 976 348 683 317 353 53 463 61 646 199 519 98 0 265 469 546 189 243 538 592 996 
290 89 948 512 997 201 496 999 407 953 137 529 44 943 89 750 474 88 315 621 558 173 100 862 239 246 945 937 464 696 709 232 265 57 441 188 982 173 542 373 743 179 499 885 901 936 304 44 458 587 153 40 325 596 812 964 187 813 718 376 872 265 0 715 443 854 472 457 799 106 
974 356 573 201 569 747 110 783 957 906 130 62 50 129 990 5 305 328 735 262 339 458 582 65 248 790 130 877 285 268 101 976 729 35 649 599 880 862 582 312 698 522 880 685 832 420 334 332 892 680 552 35 582 531 62 891 139 811 878 4 822 469 715 0 344 125 122 861 989 417 
333 196 914 902 986 262 79 700 199 237 544 590 121 830 276 951 711 436 581 715 435 379 978 509 648 794 574 238 187 879 609 580 649 547 210 943 985 586 423 91 249 611 562 655 713 330 63 104 95 259 325 561 677 541 667 765 556 557 135 236 192 546 443 344 0 134 166 39 670 767 
863 718 426 144 356 126 115 323 685 696 90 72 24 713 149 845 3 314 997 320 714 127 556 892 800 331 284 429 744 530 504 255 285 543 609 85 292 93 482 570 115 769 570 934 158 925 22 386 80 325 863 274 128 75 433 639 687 563 536 802 263 189 854 125 134 0 569 703 504 449 
480 156 391 798 222 437 528 891 612 661 458 228 144 812 242 174 231 192 533 918 277 289 723 870 903 704 393 33 603 332 779 676 354 740 15 475 129 388 215 859 817 477 992 437 392 510 457 262 744 433 75 599 609 595 184 687 112 979 896 919 875 243 472 122 166 569 0 255 180 34 
926 226 157 47 384 280 74 84 631 810 399 636 753 821 691 397 684 347 499 249 920 696 977 445 73 87 55 89 455 430 452 761 719 142 200 468 602 460 572 445 89 142 528 240 787 686 223 157 910 510 417 829 282 466 859 877 106 484 877 240 937 538 457 861 39 703 255 0 19 26 
776 267 161 844 748 155 578 858 410 423 557 763 957 651 914 539 321 522 84 397 802 248 16 782 35 983 569 785 776 780 266 903 788 732 108 909 891 368 252 431 663 622 795 176 669 507 836 280 407 361 709 842 346 165 666 481 488 145 578 247 58 592 799 989 670 504 180 19 0 646 
6 176 237 841 982 976 365 268 740 711 705 98 969 465 273 805 141 299 554 189 151 59 108 197 334 689 869 417 698 395 228 555 633 195 466 847 570 782 723 927 519 313 111 363 606 931 571 813 343 896 864 801 258 629 370 491 44 514 811 247 296 996 106 417 767 449 34 26 646 0 
0 697 901 269 740 44 723 656 825 768 815 746 368 775 210 978 75 200 665 979 867 101 484 730 117 847 119 896 982 659 26 992 452 1 454 559 403 942 489 495 759 476 744 296 733 287 684 473 521 302 89 648 913 127 468 791 393 49 834 284 785 74 242 645 480 317 429 58 202 242 
697 0 156 875 214 503 217 254 240 959 407 194 398 660 88 536 472 645 88 554 818 916 624 550 948 421 232 47 656 271 555 382 588 518 934 641 876 655 392 605 583 731 698 892 159 526 534 956 508 485 83 203 975 556 577 396 672 505 433 795 346 523 696 341 811 227 742 764 746 834 
901 156 0 339 148 534 718 949 287 563 252 588 896 633 32 613 912 783 147 115 160 519 157 688 873 98 74 829 604 605 264 157 314 560 984 641 376 988 310 559 696 972 548 901 390 148 676 838 716 798 21 746 858 43 113 292 352 792 591 269 433 984 303 737 182 306 630 884 486 447 
269 875 339 0 330 182 828 776 174 9 165 183 881 645 900 742 421 359 342 194 322 985 124 229 721 770 591 913 979 860 821 892 570 81 715 860 179 40 438 452 972 801 187 1 286 520 652 993 939 353 976 133 504 128 834 675 75 355 233 927 752 353 538 266 694 784 185 902 340 616 
740 214 148 330 0 481 386 486 853 590 767 703 292 994 707 907 448 896 907 413 92 790 649 118 258 202 135 117 443 460 492 874 219 432 269 61 596 607 634 477 552 18 808 632 320 669 96 368 226 493 999 218 995 546 266 505 513 157 344 671 431 294 198 488 170 901 959 265 586 69 
44 503 534 182 481 0 567 924 943 971 409 871 476 45 273 580 492 83 272 592 511 227 968 368 406 367 316 134 620 248 531 911 944 695 581 377 340 247 152 706 32 748 505 223 919 819 186 798 923 89 272 656 563 145 423 422 579 611 701 4 492 189 867 743 930 735 454 966 797 3 
723 217 718 828 386 567 0 881 192 292 567 147 731 399 233 434 192 219 139 353 22 319 607 408 868 713 151 414 357 531 625 669 509 192 958 809 998 466 789 622 734 684 814 792 985 226 322 168 472 503 447 908 677 697 36 21 409 128 969 14 952 360 79 762 556 855 636 904 118 817 
