60 2
0 75 814 247 295 328 813 605 698 49 232 785 193 86 169 856 986 135 588 869 164 29 52 548 80 367 990 383 247 833 895 883 367 216 346 659 409 244 973 109 586 95 657 541 77 332 572 423 1 202 245 385 470 736 451 611 548 631 32 971 
75 0 282 96 207 213 622 385 266 872 408 895 234 193 612 811 226 707 607 389 454 155 70 77 136 629 316 420 896 354 27 59 597 230 849 342 541 917 555 830 429 915 482 696 908 291 971 904 692 870 915 977 469 174 409 996 415 640 781 349 
814 282 0 668 898 810 527 5 81 866 774 509 482 412 753 659 470 834 325 257 622 979 31 914 165 814 274 70 85 372 854 782 323 78 724 262 642 653 864 938 108 452 452 157 111 168 163 785 759 546 974 299 426 908 131 557 119 139 307 343 
247 96 668 0 189 30 18 626 428 277 60 60 498 577 261 39 125 221 813 251 20 585 40 804 509 692 407 713 126 190 313 769 981 804 66 780 940 861 232 879 422 719 268 201 514 186 377 418 352 975 952 857 808 827 235 209 359 993 414 238 
295 207 898 189 0 789 941 93 594 364 718 408 442 82 40 478 42 648 345 869 210 147 523 676 935 660 795 655 279 129 734 507 115 432 8 179 63 99 483 497 927 438 696 181 570 232 517 770 925 102 920 976 151 972 721 551 12 828 865 307 
328 213 810 30 789 0 281 930 995 566 472 321 520 930 668 380 51 409 332 723 7 244 152 128 676 723 911 891 723 138 324 910 266 927 234 545 459 545 516 41 710 753 380 420 815 629 750 259 390 842 583 129 107 770 396 523 169 497 701 519 
813 622 527 18 941 281 0 30 36 907 676 35 102 756 11 626 55 889 906 864 602 58 962 577 301 240 20 464 471 191 700 900 767 333 851 176 79 920 117 712 656 203 371 958 89 934 824 440 113 351 821 503 772 974 930 813 467 313 224 960 
605 385 5 626 93 930 30 0 211 664 882 166 701 223 497 589 102 895 478 165 924 285 818 376 47 279 452 340 878 639 792 610 959 416 440 312 197 440 434 364 5 980 796 641 226 288 469 715 122 151 109 352 722 288 584 499 556 389 200 664 
698 266 81 428 594 995 36 211 0 458 730 429 51 701 164 122 718 641 318 827 31 896 551 120 531 837 947 969 784 525 355 357 445 865 396 376 101 848 60 710 470 574 36 92 817 628 367 308 266 387 561 204 145 489 929 545 332 630 239 972 
49 872 866 277 364 566 907 664 458 0 718 734 239 214 134 152 594 930 652 333 771 515 258 404 982 43 503 113 588 161 979 981 842 524 755 996 919 407 436 529 67 161 722 133 852 981 975 349 474 577 859 335 370 382 911 774 561 807 28 980 
232 408 774 60 718 472 676 882 730 718 0 166 690 440 40 360 483 174 299 132 4 279 919 295 749 612 219 797 432 829 383 398 928 332 637 424 133 640 755 454 756 727 974 661 600 426 685 937 989 369 440 237 976 820 624 365 129 983 729 780 
785 895 509 60 408 321 35 166 429 734 166 0 328 135 677 953 221 500 307 579 517 302 934 93 421 847 158 566 768 295 125 492 853 57 522 574 161 417 615 385 124 512 430 739 954 149 746 434 889 624 188 487 651 336 115 898 781 196 274 216 
193 234 482 498 442 520 102 701 51 239 690 328 0 232 625 431 815 446 623 732 752 332 343 700 145 292 731 817 457 446 812 552 455 843 512 579 552 666 890 536 364 351 117 248 188 186 391 354 26 511 239 468 824 438 582 921 851 853 35 996 
86 193 412 577 82 930 756 223 701 214 440 135 232 0 594 787 53 710 897 315 290 540 698 377 684 371 807 18 799 923 95 432 156 27 657 60 492 815 724 370 840 258 996 638 988 503 799 453 213 646 414 441 203 631 543 55 895 560 595 779 
169 612 753 261 40 668 11 497 164 134 40 677 625 594 0 195 485 752 933 497 980 153 880 871 387 974 79 403 893 421 162 944 710 234 921 691 113 937 832 42 668 923 362 35 891 118 270 139 384 383 71 42 972 266 821 331 526 444 251 666 
856 811 659 39 478 380 626 589 122 152 360 953 431 787 195 0 360 491 553 413 536 688 926 191 367 611 850 86 919 534 639 624 269 30 126 249 724 576 537 310 352 231 896 536 432 92 913 578 228 907 213 869 984 346 627 36 128 723 543 364 
986 226 470 125 42 51 55 102 718 594 483 221 815 53 485 360 0 756 64 249 185 98 100 470 575 635 134 592 937 461 434 890 135 41 242 121 832 587 596 431 746 896 701 147 393 744 983 796 821 394 463 17 747 811 298 850 388 591 68 143 
135 707 834 221 648 409 889 895 641 930 174 500 446 710 752 491 756 0 985 216 829 522 926 466 760 263 770 556 914 310 147 847 726 776 792 566 454 596 183 871 9 269 747 958 339 649 616 495 854 67 660 133 898 266 740 928 115 263 730 567 
588 607 325 813 345 332 906 478 318 652 299 307 623 897 933 553 64 985 0 780 736 80 222 457 41 657 79 947 503 131 615 357 354 771 774 146 547 955 182 634 571 240 189 723 456 226 628 210 415 738 174 83 470 464 151 508 898 813 828 787 
869 389 257 251 869 723 864 165 827 333 132 579 732 315 497 413 249 216 780 0 78 642 694 484 581 749 243 506 737 577 892 811 665 51 214 386 741 437 664 928 930 881 237 290 488 119 139 163 692 274 456 848 891 681 132 409 356 617 896 356 
164 454 622 20 210 7 602 924 31 771 4 517 752 290 980 536 185 829 736 78 0 598 458 297 290 208 497 29 763 73 544 979 730 769 793 162 389 733 255 254 659 883 855 983 199 449 593 728 616 612 220 905 148 281 822 792 7 839 168 4 
29 155 979 585 147 244 58 285 896 515 279 302 332 540 153 688 98 522 80 642 598 0 19 434 122 252 305 737 416 12 510 945 434 323 181 778 88 920 808 661 147 117 413 75 129 97 415 1 236 630 133 166 838 658 486 747 77 450 309 722 
52 70 31 40 523 152 962 818 551 258 919 934 343 698 880 926 100 926 222 694 458 19 0 199 267 824 280 338 219 994 131 477 773 899 388 227 471 467 165 144 437 480 614 290 95 217 176 82 726 937 890 325 510 241 332 220 522 467 428 808 
548 77 914 804 676 128 577 376 120 404 295 93 700 377 871 191 470 466 457 484 297 434 199 0 398 825 511 17 400 358 656 539 695 746 40 8 365 320 11 919 427 702 610 642 415 815 158 112 642 573 936 876 676 844 443 529 181 910 677 795 
80 136 165 509 935 676 301 47 531 982 749 421 145 684 387 367 575 760 41 581 290 122 267 398 0 749 828 889 294 153 825 217 428 408 964 352 556 478 479 104 431 916 108 82 680 215 169 819 726 386 998 812 522 966 93 486 495 455 410 738 
367 629 814 692 660 723 240 279 837 43 612 847 292 371 974 611 635 263 657 749 208 252 824 825 749 0 415 955 298 212 901 944 288 674 127 92 540 74 465 273 814 147 786 553 220 825 245 130 205 293 71 271 858 58 228 270 681 872 996 839 
990 316 274 407 795 911 20 452 947 503 219 158 731 807 79 850 134 770 79 243 497 305 280 511 828 415 0 790 512 543 215 661 519 791 587 630 132 784 923 697 990 576 430 406 104 354 681 43 431 975 343 991 67 997 933 872 790 46 38 542 
383 420 70 713 655 891 464 340 969 113 797 566 817 18 403 86 592 556 947 506 29 737 338 17 889 955 790 0 924 641 573 348 325 432 689 989 766 414 755 847 823 464 378 368 5 969 129 123 863 253 487 200 230 553 659 910 214 930 958 361 
247 896 85 126 279 723 471 878 784 588 432 768 457 799 893 919 937 914 503 737 763 416 219 400 294 298 512 924 0 559 983 566 789 292 558 414 693 556 340 158 964 100 855 193 655 856 446 134 489 44 491 143 982 621 893 535 408 143 33 283 
833 354 372 190 129 138 191 639 525 161 829 295 446 923 421 534 461 310 131 577 73 12 994 358 153 212 543 641 559 0 872 856 672 921 345 500 819 841 896 322 581 225 599 678 496 583 392 411 507 337 338 578 719 770 390 350 932 62 537 978 
895 27 854 313 734 324 700 792 355 979 383 125 812 95 162 639 434 147 615 892 544 510 131 656 825 901 215 573 983 872 0 934 304 29 647 102 531 341 797 504 815 45 873 450 626 52 898 497 759 599 5 103 969 833 843 91 207 390 342 872 
883 59 782 769 507 910 900 610 357 981 398 492 552 432 944 624 890 847 357 811 979 945 477 539 217 944 661 348 566 856 934 0 61 317 90 955 38 432 30 510 272 528 727 775 300 11 269 805 840 223 743 895 774 611 40 566 281 74 553 250 
367 597 323 981 115 266 767 959 445 842 928 853 455 156 710 269 135 726 354 665 730 434 773 695 428 288 519 325 789 672 304 61 0 342 838 411 289 437 940 680 992 682 36 635 583 886 636 187 830 417 543 107 537 962 929 87 217 234 111 377 
216 230 78 804 432 927 333 416 865 524 332 57 843 27 234 30 41 776 771 51 769 323 899 746 408 674 791 432 292 921 29 317 342 0 167 295 286 622 239 39 316 998 259 685 952 592 381 953 354 683 536 608 948 472 353 867 121 277 896 18 
346 849 724 66 8 234 851 440 396 755 637 522 512 657 921 126 242 792 774 214 793 181 388 40 964 127 587 689 558 345 647 90 838 167 0 446 637 498 585 859 651 120 21 370 844 719 940 814 702 553 789 662 871 416 756 641 113 853 803 384 
659 342 262 780 179 545 176 312 376 996 424 574 579 60 691 249 121 566 146 386 162 778 227 8 352 92 630 989 414 500 102 955 411 295 446 0 537 893 221 703 763 947 899 884 266 952 70 514 524 874 695 737 833 761 402 763 28 773 425 860 
409 541 642 940 63 459 79 197 101 919 133 161 552 492 113 724 832 454 547 741 389 88 471 365 556 540 132 766 693 819 531 38 289 286 637 537 0 190 660 74 766 56 902 929 67 208 890 301 818 62 639 512 915 509 480 496 432 80 757 900 
244 917 653 861 99 545 920 440 848 407 640 417 666 815 937 576 587 596 955 437 733 920 467 320 478 74 784 414 556 841 341 432 437 622 498 893 190 0 495 365 563 273 839 74 682 897 544 191 992 983 1000 296 389 844 360 766 258 189 533 654 
973 555 864 232 483 516 117 434 60 436 755 615 890 724 832 537 596 183 182 664 255 808 165 11 479 465 923 755 340 896 797 30 940 239 585 221 660 495 0 801 691 18 651 409 986 712 428 805 928 227 453 454 539 608 661 907 323 381 372 506 
109 830 938 879 497 41 712 364 710 529 454 385 536 370 42 310 431 871 634 928 254 661 144 919 104 273 697 847 158 322 504 510 680 39 859 703 74 365 801 0 579 855 91 898 162 846 577 519 561 434 672 23 101 346 862 271 5 951 790 134 
586 429 108 422 927 710 656 5 470 67 756 124 364 840 668 352 746 9 571 930 659 147 437 427 431 814 990 823 964 581 815 272 992 316 651 763 766 563 691 579 0 27 974 404 878 500 946 855 335 908 880 760 563 703 325 960 142 385 175 42 
95 915 452 719 438 753 203 980 574 161 727 512 351 258 923 231 896 269 240 881 883 117 480 702 916 147 576 464 100 225 45 528 682 998 120 947 56 273 18 855 27 0 881 58 932 756 523 698 497 557 349 236 44 406 518 209 376 57 685 531 
657 482 452 268 696 380 371 796 36 722 974 430 117 996 362 896 701 747 189 237 855 413 614 610 108 786 430 378 855 599 873 727 36 259 21 899 902 839 651 91 974 881 0 399 593 610 171 986 1000 83 582 818 950 800 152 194 7 45 41 523 
541 696 157 201 181 420 958 641 92 133 661 739 248 638 35 536 147 958 723 290 983 75 290 642 82 553 406 368 193 678 450 775 635 685 370 884 929 74 409 898 404 58 399 0 620 856 803 198 617 279 64 767 612 770 787 637 990 275 470 484 
77 908 111 514 570 815 89 226 817 852 600 954 188 988 891 432 393 339 456 488 199 129 95 415 680 220 104 5 655 496 626 300 583 952 844 266 67 682 986 162 878 932 593 620 0 338 698 920 39 78 660 760 125 652 23 342 628 243 650 931 
332 291 168 186 232 629 934 288 628 981 426 149 186 503 118 92 744 649 226 119 449 97 217 815 215 825 354 969 856 583 52 11 886 592 719 952 208 897 712 846 500 756 610 856 338 0 874 867 186 301 720 142 935 496 654 422 800 403 559 385 
572 971 163 377 517 750 824 469 367 975 685 746 391 799 270 913 983 616 628 139 593 415 176 158 169 245 681 129 446 392 898 269 636 381 940 70 890 544 428 577 946 523 171 803 698 874 0 881 647 879 624 301 913 334 644 171 731 785 853 872 
423 904 785 418 770 259 440 715 308 349 937 434 354 453 139 578 796 495 210 163 728 1 82 112 819 130 43 123 134 411 497 805 187 953 814 514 301 191 805 519 855 698 986 198 920 867 881 0 830 361 309 922 801 129 462 637 961 334 167 260 
1 692 759 352 925 390 113 122 266 474 989 889 26 213 384 228 821 854 415 692 616 236 726 642 726 205 431 863 489 507 759 840 830 354 702 524 818 992 928 561 335 497 1000 617 39 186 647 830 0 244 965 271 253 166 207 143 418 860 811 512 
202 870 546 975 102 842 351 151 387 577 369 624 511 646 383 907 394 67 738 274 612 630 937 573 386 293 975 253 44 337 599 223 417 683 553 874 62 983 227 434 908 557 83 279 78 301 879 361 244 0 90 365 89 144 691 411 2 517 529 40 
245 915 974 952 920 583 821 109 561 859 440 188 239 414 71 213 463 660 174 456 220 133 890 936 998 71 343 487 491 338 5 743 543 536 789 695 639 1000 453 672 880 349 582 64 660 720 624 309 965 90 0 785 961 686 292 739 526 41 188 120 
385 977 299 857 976 129 503 352 204 335 237 487 468 441 42 869 17 133 83 848 905 166 325 876 812 271 991 200 143 578 103 895 107 608 662 737 512 296 454 23 760 236 818 767 760 142 301 922 271 365 785 0 953 98 604 431 942 589 911 73 
470 469 426 808 151 107 772 722 145 370 976 651 824 203 972 984 747 898 470 891 148 838 510 676 522 858 67 230 982 719 969 774 537 948 871 833 915 389 539 101 563 44 950 612 125 935 913 801 253 89 961 953 0 363 11 583 20 792 326 965 
736 174 908 827 972 770 974 288 489 382 820 336 438 631 266 346 811 266 464 681 281 658 241 844 966 58 997 553 621 770 833 611 962 472 416 761 509 844 608 346 703 406 800 770 652 496 334 129 166 144 686 98 363 0 761 742 370 252 564 774 
451 409 131 235 721 396 930 584 929 911 624 115 582 543 821 627 298 740 151 132 822 486 332 443 93 228 933 659 893 390 843 40 929 353 756 402 480 360 661 862 325 518 152 787 23 654 644 462 207 691 292 604 11 761 0 380 439 190 781 638 
611 996 557 209 551 523 813 499 545 774 365 898 921 55 331 36 850 928 508 409 792 747 220 529 486 270 872 910 535 350 91 566 87 867 641 763 496 766 907 271 960 209 194 637 342 422 171 637 143 411 739 431 583 742 380 0 367 694 271 47 
548 415 119 359 12 169 467 556 332 561 129 781 851 895 526 128 388 115 898 356 7 77 522 181 495 681 790 214 408 932 207 281 217 121 113 28 432 258 323 5 142 376 7 990 628 800 731 961 418 2 526 942 20 370 439 367 0 377 615 640 
631 640 139 993 828 497 313 389 630 807 983 196 853 560 444 723 591 263 813 617 839 450 467 910 455 872 46 930 143 62 390 74 234 277 853 773 80 189 381 951 385 57 45 275 243 403 785 334 860 517 41 589 792 252 190 694 377 0 333 256 
32 781 307 414 865 701 224 200 239 28 729 274 35 595 251 543 68 730 828 896 168 309 428 677 410 996 38 958 33 537 342 553 111 896 803 425 757 533 372 790 175 685 41 470 650 559 853 167 811 529 188 911 326 564 781 271 615 333 0 911 
971 349 343 238 307 519 960 664 972 980 780 216 996 779 666 364 143 567 787 356 4 722 808 795 738 839 542 361 283 978 872 250 377 18 384 860 900 654 506 134 42 531 523 484 931 385 872 260 512 40 120 73 965 774 638 47 640 256 911 0 
0 807 720 197 619 900 112 91 363 188 24 865 884 872 20 923 353 135 845 234 928 561 291 514 952 464 21 593 479 78 978 748 43 429 275 496 125 575 808 319 934 499 595 439 891 265 294 872 279 859 498 942 811 920 650 588 600 335 272 535 
807 0 117 492 41 730 723 663 757 523 348 630 766 92 733 663 182 330 65 117 128 501 57 768 442 949 865 537 82 271 527 307 495 994 80 59 309 193 399 202 160 162 303 952 803 226 558 556 66 560 337 472 485 615 17 755 119 176 60 972 
720 117 0 835 14 376 60 53 511 283 331 86 232 453 490 490 621 2 233 654 890 666 399 578 364 300 422 122 578 409 148 671 276 191 982 165 829 678 536 699 215 936 640 309 444 665 419 840 589 338 408 218 141 377 941 891 316 272 943 488 
197 492 835 0 416 12 648 352 977 454 217 157 733 509 658 595 878 434 445 753 986 193 626 717 761 174 392 957 529 399 484 182 611 827 64 769 253 850 883 974 979 226 193 132 370 904 531 938 220 593 157 213 462 461 602 78 749 854 494 539 
619 41 14 416 0 662 886 673 168 24 965 53 631 381 312 147 640 450 900 57 128 219 536 71 889 532 472 522 249 579 998 354 149 468 213 560 410 936 289 835 132 524 157 676 503 147 608 143 242 389 295 383 547 551 754 831 116 940 88 374 
900 730 376 12 662 0 340 845 111 1 354 790 682 871 818 767 190 756 382 327 95 44 976 488 423 993 413 92 920 448 190 935 851 864 725 195 99 463 196 771 762 521 330 710 806 635 617 849 598 622 133 168 165 616 198 332 828 957 54 753 
112 723 60 648 886 340 0 118 250 916 44 360 378 622 875 120 715 224 515 416 917 815 493 756 493 625 536 677 332 864 173 186 925 741 7 480 92 259 679 861 419 677 728 609 849 928 914 200 984 5 467 675 22 256 326 361 281 637 726 90 
91 663 53 352 673 845 118 0 618 942 432 630 124 658 238 147 627 347 201 470 333 154 709 946 914 540 636 560 56 172 607 985 142 182 943 414 479 284 775 884 802 372 135 1 633 1 496 302 414 796 569 913 274 426 207 778 714 264 529 103 
363 757 511 977 168 111 250 618 0 465 978 507 249 763 587 833 791 142 618 844 460 803 511 523 770 295 769 213 797 280 120 345 52 740 139 435 369 413 917 484 607 604 577 255 510 527 8 31 312 700 141 89 88 314 874 885 496 870 236 632 
188 523 283 454 24 1 916 942 465 0 784 478 940 436 666 984 799 951 482 299 342 953 325 522 208 618 822 475 111 412 938 530 693 420 595 306 735 459 601 230 667 479 117 843 776 237 472 28 133 412 336 662 547 621 5 50 670 758 278 325 
24 348 331 217 965 354 44 432 978 784 0 645 286 428 278 572 48 788 311 490 615 571 552 365 5 680 224 520 224 769 11 896 227 863 269 596 867 282 84 975 5 618 820 104 179 436 55 374 379 680 788 746 18 452 640 561 723 453 194 717 
865 630 86 157 53 790 360 630 507 478 645 0 260 481 11 226 675 655 254 315 44 916 198 141 750 224 890 990 977 924 669 953 692 595 985 403 548 452 585 72 754 551 293 870 333 136 480 57 398 709 227 244 449 524 599 935 900 750 810 140 
884 766 232 733 631 682 378 124 249 940 286 260 0 244 195 667 205 560 862 758 173 447 182 927 257 699 423 289 944 191 268 258 369 945 45 579 511 892 175 742 690 802 469 893 964 627 115 65 812 140 819 922 395 457 436 243 779 653 836 508 
872 92 453 509 381 871 622 658 763 436 428 481 244 0 724 117 962 74 461 809 626 153 591 758 848 691 614 377 286 826 842 883 124 708 860 708 437 297 198 436 150 252 227 378 237 807 414 323 987 322 581 253 193 969 833 998 313 15 105 1 
20 733 490 658 312 818 875 238 587 666 278 11 195 724 0 988 966 886 669 347 322 721 477 842 448 69 933 693 213 277 125 947 293 249 935 749 550 151 310 164 714 621 261 910 892 352 742 839 920 194 948 997 144 989 435 968 750 11 702 72 
923 663 490 595 147 767 120 147 833 984 572 226 667 117 988 0 926 31 255 409 652 153 599 666 641 456 3 351 870 64 706 398 29 768 975 318 588 390 998 17 44 430 43 291 512 133 759 103 627 602 15 401 526 650 969 363 760 672 613 643 
353 182 621 878 640 190 715 627 791 799 48 675 205 962 966 926 0 823 6 535 97 484 402 384 645 311 587 642 35 670 253 901 695 873 758 546 435 626 209 981 52 859 484 281 310 83 391 804 961 497 729 949 336 542 414 227 910 382 378 142 
135 330 2 434 450 756 224 347 142 951 788 655 560 74 886 31 823 0 601 787 301 906 689 409 34 646 973 61 664 835 960 669 858 418 758 369 473 942 373 896 170 295 337 893 349 207 276 381 778 830 449 606 976 983 245 385 328 236 626 819 
845 65 233 445 900 382 515 201 618 482 311 254 862 461 669 255 6 601 0 577 756 797 667 382 948 280 507 689 215 560 672 875 207 938 753 768 890 382 89 333 658 886 211 812 413 998 372 983 365 135 520 186 439 745 921 998 995 510 784 490 
234 117 654 753 57 327 416 470 844 299 490 315 758 809 347 409 535 787 577 0 163 629 924 519 984 374 208 283 362 830 19 710 531 174 99 718 856 684 171 147 123 290 961 445 867 855 425 724 785 746 940 459 931 855 625 786 384 658 124 764 
928 128 890 986 128 95 917 333 460 342 615 44 173 626 322 652 97 301 756 163 0 40 325 520 114 289 369 28 597 880 98 768 26 931 171 633 702 363 818 800 562 275 787 990 337 559 794 809 358 756 230 37 736 214 20 803 397 323 519 522 
561 501 666 193 219 44 815 154 803 953 571 916 447 153 721 153 484 906 797 629 40 0 966 4 827 381 913 579 353 60 414 591 725 95 313 252 842 607 354 736 715 818 762 894 995 911 626 194 966 804 932 720 417 476 620 138 658 574 247 330 
291 57 399 626 536 976 493 709 511 325 552 198 182 591 477 599 402 689 667 924 325 966 0 380 723 651 223 656 824 928 949 533 19 216 544 190 631 864 598 36 230 919 716 373 851 75 751 196 343 673 85 837 275 266 701 750 308 586 152 25 
514 768 578 717 71 488 756 946 523 522 365 141 927 758 842 666 384 409 382 519 520 4 380 0 618 51 43 853 297 879 463 727 492 820 692 732 819 881 918 46 410 752 846 435 630 466 119 160 901 83 812 712 851 508 100 39 872 708 283 167 
952 442 364 761 889 423 493 914 770 208 5 750 257 848 448 641 645 34 948 984 114 827 723 618 0 221 561 156 791 464 477 818 215 740 659 189 938 754 310 666 502 583 192 557 219 992 29 470 933 751 655 585 500 786 136 275 765 353 435 572 
464 949 300 174 532 993 625 540 295 618 680 224 699 691 69 456 311 646 280 374 289 381 651 51 221 0 237 241 948 702 588 835 143 560 181 633 430 609 647 754 688 105 436 180 884 223 19 117 668 115 845 652 271 621 490 474 528 740 921 16 
21 865 422 392 472 413 536 636 769 822 224 890 423 614 933 3 587 973 507 208 369 913 223 43 561 237 0 378 658 764 558 64 15 851 626 469 305 955 3 73 359 94 752 158 115 261 758 903 216 343 174 819 988 283 488 565 592 376 322 135 
593 537 122 957 522 92 677 560 213 475 520 990 289 377 693 351 642 61 689 283 28 579 656 853 156 241 378 0 391 795 272 461 652 846 571 236 635 620 965 75 613 258 853 573 178 75 681 489 69 10 70 401 405 413 214 2 20 337 9 418 
479 82 578 529 249 920 332 56 797 111 224 977 944 286 213 870 35 664 215 362 597 353 824 297 791 948 658 391 0 462 960 258 378 804 998 60 651 233 16 728 148 13 72 38 140 774 226 767 975 941 239 390 417 408 84 81 324 73 173 845 
78 271 409 399 579 448 864 172 280 412 769 924 191 826 277 64 670 835 560 830 880 60 928 879 464 702 764 795 462 0 215 907 230 535 511 469 362 319 241 141 554 372 316 878 932 87 197 682 675 227 97 746 211 703 105 686 681 408 675 137 
978 527 148 484 998 190 173 607 120 938 11 669 268 842 125 706 253 960 672 19 98 414 949 463 477 588 558 272 960 215 0 496 674 735 407 620 400 822 857 478 387 35 828 195 456 137 387 374 607 605 714 756 206 914 201 230 66 439 780 36 
748 307 671 182 354 935 186 985 345 530 896 953 258 883 947 398 901 669 875 710 768 591 533 727 818 835 64 461 258 907 496 0 228 755 767 471 585 480 644 279 297 169 252 216 492 32 290 835 55 741 113 246 904 108 96 926 643 740 206 595 
43 495 276 611 149 851 925 142 52 693 227 692 369 124 293 29 695 858 207 531 26 725 19 492 215 143 15 652 378 230 674 228 0 654 732 321 963 148 105 828 742 807 789 645 678 944 980 321 743 880 784 527 742 908 771 606 350 787 999 150 
429 994 191 827 468 864 741 182 740 420 863 595 945 708 249 768 873 418 938 174 931 95 216 820 740 560 851 846 804 535 735 755 654 0 288 182 421 923 367 168 554 324 406 733 369 331 400 26 161 663 647 466 642 117 188 707 672 247 715 417 
275 80 982 64 213 725 7 943 139 595 269 985 45 860 935 975 758 758 753 99 171 313 544 692 659 181 626 571 998 511 407 767 732 288 0 443 50 255 934 934 628 426 43 720 123 541 22 336 786 375 677 568 207 714 758 645 689 578 289 720 
496 59 165 769 560 195 480 414 435 306 596 403 579 708 749 318 546 369 768 718 633 252 190 732 189 633 469 236 60 469 620 471 321 182 443 0 5 777 649 665 986 880 490 485 730 591 446 485 528 237 421 941 848 790 756 957 871 202 583 933 
125 309 829 253 410 99 92 479 369 735 867 548 511 437 550 588 435 473 890 856 702 842 631 819 938 430 305 635 651 362 400 585 963 421 50 5 0 820 674 865 146 728 671 48 199 629 201 873 523 773 560 12 395 891 282 58 58 657 228 701 
575 193 678 850 936 463 259 284 413 459 282 452 892 297 151 390 626 942 382 684 363 607 864 881 754 609 955 620 233 319 822 480 148 923 255 777 820 0 87 819 213 235 327 674 917 567 480 988 870 887 149 990 616 791 758 454 21 44 615 250 
808 399 536 883 289 196 679 775 917 601 84 585 175 198 310 998 209 373 89 171 818 354 598 918 310 647 3 965 16 241 857 644 105 367 934 649 674 87 0 677 601 857 601 671 912 485 718 658 898 318 602 836 287 372 911 296 394 479 977 89 
319 202 699 974 835 771 861 884 484 230 975 72 742 436 164 17 981 896 333 147 800 736 36 46 666 754 73 75 728 141 478 279 828 168 934 665 865 819 677 0 856 950 846 97 706 572 260 395 645 308 332 920 374 35 458 137 91 942 383 916 
934 160 215 979 132 762 419 802 607 667 5 754 690 150 714 44 52 170 658 123 562 715 230 410 502 688 359 613 148 554 387 297 742 554 628 986 146 213 601 856 0 695 174 209 797 890 167 3 420 669 878 190 549 514 603 961 803 702 858 358 
499 162 936 226 524 521 677 372 604 479 618 551 802 252 621 430 859 295 886 290 275 818 919 752 583 105 94 258 13 372 35 169 807 324 426 880 728 235 857 950 695 0 986 991 139 404 525 894 844 565 777 377 107 439 644 489 174 208 213 616 
595 303 640 193 157 330 728 135 577 117 820 293 469 227 261 43 484 337 211 961 787 762 716 846 192 436 752 853 72 316 828 252 789 406 43 490 671 327 601 846 174 986 0 221 707 10 199 77 992 459 201 782 332 702 613 567 951 203 434 335 
439 952 309 132 676 710 609 1 255 843 104 870 893 378 910 291 281 893 812 445 990 894 373 435 557 180 158 573 38 878 195 216 645 733 720 485 48 674 671 97 209 991 221 0 902 355 84 880 352 614 972 45 175 291 116 560 707 151 683 578 
891 803 444 370 503 806 849 633 510 776 179 333 964 237 892 512 310 349 413 867 337 995 851 630 219 884 115 178 140 932 456 492 678 369 123 730 199 917 912 706 797 139 707 902 0 732 396 934 991 225 973 557 995 700 135 197 970 141 696 664 
265 226 665 904 147 635 928 1 527 237 436 136 627 807 352 133 83 207 998 855 559 911 75 466 992 223 261 75 774 87 137 32 944 331 541 591 629 567 485 572 890 404 10 355 732 0 131 303 85 385 472 550 639 423 73 49 215 714 159 344 
294 558 419 531 608 617 914 496 8 472 55 480 115 414 742 759 391 276 372 425 794 626 751 119 29 19 758 681 226 197 387 290 980 400 22 446 201 480 718 260 167 525 199 84 396 131 0 478 336 641 489 671 480 591 479 542 51 98 433 242 
872 556 840 938 143 849 200 302 31 28 374 57 65 323 839 103 804 381 983 724 809 194 196 160 470 117 903 489 767 682 374 835 321 26 336 485 873 988 658 395 3 894 77 880 934 303 478 0 377 941 124 405 363 456 520 392 203 926 356 591 
279 66 589 220 242 598 984 414 312 133 379 398 812 987 920 627 961 778 365 785 358 966 343 901 933 668 216 69 975 675 607 55 743 161 786 528 523 870 898 645 420 844 992 352 991 85 336 377 0 580 938 49 492 560 292 392 493 232 261 169 
859 560 338 593 389 622 5 796 700 412 680 709 140 322 194 602 497 830 135 746 756 804 673 83 751 115 343 10 941 227 605 741 880 663 375 237 773 887 318 308 669 565 459 614 225 385 641 941 580 0 624 219 205 986 351 497 450 813 558 506 
498 337 408 157 295 133 467 569 141 336 788 227 819 581 948 15 729 449 520 940 230 932 85 812 655 845 174 70 239 97 714 113 784 647 677 421 560 149 602 332 878 777 201 972 973 472 489 124 938 624 0 844 547 352 389 736 169 519 54 416 
942 472 218 213 383 168 675 913 89 662 746 244 922 253 997 401 949 606 186 459 37 720 837 712 585 652 819 401 390 746 756 246 527 466 568 941 12 990 836 920 190 377 782 45 557 550 671 405 49 219 844 0 326 464 811 531 264 568 738 188 
811 485 141 462 547 165 22 274 88 547 18 449 395 193 144 526 336 976 439 931 736 417 275 851 500 271 988 405 417 211 206 904 742 642 207 848 395 616 287 374 549 107 332 175 995 639 480 363 492 205 547 326 0 909 576 912 5 787 222 784 
920 615 377 461 551 616 256 426 314 621 452 524 457 969 989 650 542 983 745 855 214 476 266 508 786 621 283 413 408 703 914 108 908 117 714 790 891 791 372 35 514 439 702 291 700 423 591 456 560 986 352 464 909 0 368 497 455 67 3 889 
650 17 941 602 754 198 326 207 874 5 640 599 436 833 435 969 414 245 921 625 20 620 701 100 136 490 488 214 84 105 201 96 771 188 758 756 282 758 911 458 603 644 613 116 135 73 479 520 292 351 389 811 576 368 0 152 325 238 388 262 
588 755 891 78 831 332 361 778 885 50 561 935 243 998 968 363 227 385 998 786 803 138 750 39 275 474 565 2 81 686 230 926 606 707 645 957 58 454 296 137 961 489 567 560 197 49 542 392 392 497 736 531 912 497 152 0 569 138 39 746 
600 119 316 749 116 828 281 714 496 670 723 900 779 313 750 760 910 328 995 384 397 658 308 872 765 528 592 20 324 681 66 643 350 672 689 871 58 21 394 91 803 174 951 707 970 215 51 203 493 450 169 264 5 455 325 569 0 43 324 831 
335 176 272 854 940 957 637 264 870 758 453 750 653 15 11 672 382 236 510 658 323 574 586 708 353 740 376 337 73 408 439 740 787 247 578 202 657 44 479 942 702 208 203 151 141 714 98 926 232 813 519 568 787 67 238 138 43 0 277 599 
272 60 943 494 88 54 726 529 236 278 194 810 836 105 702 613 378 626 784 124 519 247 152 283 435 921 322 9 173 675 780 206 999 715 289 583 228 615 977 383 858 213 434 683 696 159 433 356 261 558 54 738 222 3 388 39 324 277 0 938 
535 972 488 539 374 753 90 103 632 325 717 140 508 1 72 643 142 819 490 764 522 330 25 167 572 16 135 418 845 137 36 595 150 417 720 933 701 250 89 916 358 616 335 578 664 344 242 591 169 506 416 188 784 889 262 746 831 599 938 0 
0 194 281 804 382 101 889 910 638 813 977 136 117 129 981 78 648 866 156 767 73 440 710 487 49 537 980 408 522 923 23 253 958 572 726 505 876 426 193 682 67 502 406 562 110 736 707 129 722 142 503 59 190 81 351 413 401 666 729 466 
194 0 884 509 960 271 278 338 244 478 653 371 235 909 268 338 819 671 936 884 873 500 944 233 559 52 136 464 919 730 474 694 506 7 921 942 692 808 602 799 841 839 698 49 198 775 443 445 935 441 664 529 516 386 984 246 882 825 941 29 
281 884 0 166 987 625 941 948 490 718 670 915 769 548 511 511 380 999 768 347 111 335 602 423 637 701 579 879 423 592 853 330 725 810 19 836 172 323 465 302 786 65 361 692 557 336 582 161 412 663 593 783 860 624 60 110 685 729 58 513 
804 509 166 0 585 989 353 649 24 547 784 844 268 492 343 406 123 567 556 248 15 808 375 284 240 827 609 44 472 602 517 819 390 174 937 232 748 151 118 27 22 775 808 869 631 97 470 63 781 408 844 788 539 540 399 923 252 147 507 462 
382 960 987 585 0 339 115 328 833 977 36 948 370 620 689 854 361 551 101 944 873 782 465 930 112 469 529 479 752 422 3 647 852 533 788 441 591 65 712 166 869 477 844 325 498 854 393 858 759 612 706 618 454 450 247 170 885 61 913 627 
101 271 625 989 339 0 661 156 890 1000 647 211 319 130 183 234 811 245 619 674 906 957 25 513 578 8 588 909 81 553 811 66 150 137 276 806 902 538 805 230 239 480 671 291 195 366 384 152 403 379 868 833 836 385 803 669 173 44 947 248 
889 278 941 353 115 661 0 883 751 85 957 641 623 379 126 881 286 777 486 585 84 186 508 245 508 376 465 324 669 137 828 815 76 260 994 521 909 742 322 140 582 324 273 392 152 73 87 801 17 996 534 326 979 745 675 640 720 364 275 911 
910 338 948 649 328 156 883 0 383 59 569 371 877 343 763 854 374 654 800 531 668 847 292 55 87 461 365 441 945 829 394 16 859 819 58 587 522 717 226 117 199 629 866 1000 368 1000 505 699 587 205 432 88 727 575 794 223 287 737 472 898 
638 244 490 24 833 890 751 383 0 536 23 494 752 238 414 168 210 859 383 157 541 198 490 478 231 706 232 788 204 721 881 656 949 261 862 566 632 588 84 517 394 397 424 746 491 474 993 970 689 301 860 912 913 687 127 116 505 131 765 369 
813 478 718 547 977 1000 85 59 536 0 217 523 61 565 335 17 202 50 519 702 659 48 676 479 793 383 179 526 890 589 63 471 308 581 406 695 266 542 400 771 334 522 884 158 225 764 529 973 868 589 665 339 454 380 996 951 331 243 723 676 
977 653 670 784 36 647 957 569 23 217 0 356 715 573 723 429 953 213 690 511 386 430 449 636 996 321 777 481 777 232 990 105 774 138 732 405 134 719 917 26 996 383 181 897 822 565 946 627 622 321 213 255 983 549 361 440 278 548 807 284 
136 371 915 844 948 211 641 371 494 523 356 0 741 520 990 775 326 346 747 686 957 85 803 860 251 777 111 11 24 77 332 48 309 406 16 598 453 549 416 929 247 450 708 131 668 865 521 944 603 292 774 757 552 477 402 66 101 251 191 861 
117 235 769 268 370 319 623 877 752 61 715 741 0 757 806 334 796 441 139 243 828 554 819 74 744 302 578 712 57 810 733 743 632 56 956 422 490 109 826 259 311 199 532 108 37 374 886 936 189 861 182 79 606 544 565 758 222 348 165 493 
129 909 548 492 620 130 379 343 238 565 573 520 757 0 277 884 39 927 540 192 375 848 410 243 153 310 387 624 715 175 159 118 877 293 141 293 564 704 803 565 851 749 774 623 764 194 587 678 14 679 420 748 808 32 168 3 688 986 896 1000 
981 268 511 343 689 183 126 763 414 335 723 990 806 277 0 13 35 115 332 654 679 280 524 159 553 932 68 308 788 724 876 54 708 752 66 252 451 850 691 837 287 380 740 91 109 649 259 162 81 807 53 4 857 12 566 33 251 990 299 929 
78 338 511 406 854 234 881 854 168 17 429 775 334 884 13 0 75 970 746 592 349 848 402 335 360 545 998 650 131 937 295 603 972 233 26 683 413 611 3 984 957 571 958 710 489 868 242 898 374 399 986 600 475 351 32 638 241 329 388 358 
648 819 380 123 361 811 286 374 210 202 953 326 796 39 35 75 0 178 995 466 904 517 599 617 356 690 414 359 966 331 748 100 306 128 243 455 566 375 792 20 949 142 517 720 691 918 610 197 40 504 272 52 665 459 587 774 91 619 623 859 
866 671 999 567 551 245 777 654 859 50 213 346 441 927 115 970 178 0 400 214 700 95 312 592 967 355 28 940 337 166 41 332 143 583 243 632 528 59 628 105 831 706 664 108 652 794 725 620 223 171 552 395 25 18 756 616 673 765 375 182 
156 936 768 556 101 619 486 800 383 519 690 747 139 540 332 746 995 400 0 424 245 204 334 619 53 721 494 312 786 441 329 126 794 63 248 233 111 619 912 668 343 115 790 189 588 3 629 18 636 866 481 815 562 256 80 3 6 491 217 511 
767 884 347 248 944 674 585 531 157 702 511 686 243 192 654 592 466 214 424 0 838 372 77 482 17 627 793 718 639 171 982 291 470 827 902 283 145 317 830 854 878 711 40 556 134 146 576 277 216 255 61 542 70 146 376 215 617 343 877 237 
73 873 111 15 873 906 84 668 541 659 386 957 828 375 679 349 904 700 245 838 0 961 676 481 887 712 632 973 404 121 903 233 975 70 830 368 299 638 183 201 439 726 214 11 664 442 207 192 643 245 771 964 265 787 981 198 604 678 482 479 
440 500 335 808 782 957 186 847 198 48 430 85 554 848 280 848 517 95 204 372 961 0 35 997 174 620 88 422 648 941 587 410 276 906 688 749 159 394 647 265 286 183 239 107 6 90 375 807 35 197 69 281 584 525 381 863 343 427 754 671 
710 944 602 375 465 25 508 292 490 676 449 803 819 410 524 402 599 312 334 77 676 35 0 621 278 350 778 345 177 73 52 468 982 785 457 811 370 137 403 965 771 82 285 628 150 926 250 805 658 328 916 164 726 735 300 251 693 415 849 976 
487 233 423 284 930 513 245 55 478 479 636 860 74 243 159 335 617 592 619 482 481 997 621 0 383 950 958 148 704 122 538 274 509 181 309 269 182 120 83 955 591 249 155 566 371 535 882 841 100 918 189 289 150 493 901 962 129 293 718 834 
49 559 637 240 112 578 508 87 231 793 996 251 744 153 553 360 356 967 53 17 887 174 278 383 0 780 440 845 210 537 524 183 786 261 342 812 63 247 691 335 499 418 809 444 782 9 972 531 68 250 346 416 501 215 865 726 236 648 566 429 
537 52 701 827 469 8 376 461 706 383 321 777 302 310 932 545 690 355 721 627 712 620 350 950 780 0 764 760 53 299 413 166 858 441 820 368 571 392 354 247 313 896 565 821 117 778 982 884 333 886 156 349 730 380 511 527 473 261 80 985 
980 136 579 609 529 588 465 365 232 179 777 111 578 387 68 998 414 28 494 793 632 88 778 958 440 764 0 623 343 237 443 937 986 150 375 532 696 46 998 928 642 907 249 843 886 740 243 98 785 658 827 182 13 718 513 436 409 625 679 866 
408 464 879 44 479 909 324 441 788 526 481 11 712 624 308 650 359 940 312 718 973 422 345 148 845 760 623 0 610 206 729 540 349 155 430 765 366 381 36 926 388 743 148 428 823 926 320 512 932 991 931 600 596 588 787 999 981 664 992 583 
522 919 423 472 752 81 669 945 204 890 777 24 57 715 788 131 966 337 786 639 404 648 177 704 210 53 343 610 0 539 41 743 623 197 3 941 350 768 985 273 853 988 929 963 861 227 775 234 26 60 762 611 584 593 917 920 677 928 828 156 
923 730 592 602 422 553 137 829 721 589 232 77 810 175 724 937 331 166 441 171 121 941 73 122 537 299 237 206 539 0 786 94 771 466 490 532 639 682 760 860 447 629 685 123 69 914 804 319 326 774 904 255 790 298 896 315 320 593 326 864 
23 474 853 517 3 811 828 394 881 63 990 332 733 159 876 295 748 41 329 982 903 587 52 538 524 413 443 729 41 786 0 505 327 266 594 381 601 179 144 523 614 966 173 806 545 864 614 627 394 396 287 245 795 87 800 771 935 562 221 965 
253 694 330 819 647 66 815 16 656 471 105 48 743 118 54 603 100 332 126 291 233 410 468 274 183 166 937 540 743 94 505 0 773 246 234 530 416 521 357 722 704 832 749 785 509 969 711 166 946 260 888 755 97 893 905 75 358 261 795 406 
958 506 725 390 852 150 76 859 949 308 774 309 632 877 708 972 306 143 794 470 975 276 982 509 786 858 986 349 623 771 327 773 0 347 269 680 38 853 896 173 259 194 212 356 323 57 21 680 258 121 217 474 259 93 230 395 651 214 2 851 
572 7 810 174 533 137 260 819 261 581 138 406 56 293 752 233 128 583 63 827 70 906 785 181 261 441 150 155 197 466 266 246 347 0 713 819 580 78 634 833 447 677 595 268 632 670 601 975 840 338 354 535 359 884 813 294 329 754 286 584 
726 921 19 937 788 276 994 58 862 406 732 16 956 141 66 26 243 243 248 902 830 688 457 309 342 820 375 430 3 490 594 234 269 713 0 558 951 746 67 67 373 575 958 281 878 460 979 665 215 626 324 433 794 287 243 356 312 423 712 281 
505 942 836 232 441 806 521 587 566 695 405 598 422 293 252 683 455 632 233 283 368 749 811 269 812 368 532 765 941 532 381 530 680 819 558 0 996 224 352 336 15 121 511 516 271 410 555 516 473 764 580 60 153 211 245 44 130 799 418 68 
876 692 172 748 591 902 909 522 632 266 134 453 490 564 451 413 566 528 111 145 299 159 370 182 63 571 696 366 350 639 601 416 38 580 951 996 0 181 327 136 855 273 330 953 802 372 800 128 478 228 441 989 606 110 719 943 943 344 773 300 
426 808 323 151 65 538 742 717 588 542 719 549 109 704 850 611 375 59 619 317 638 394 137 120 247 392 46 381 768 682 179 521 853 78 746 224 181 0 914 182 788 766 674 327 84 434 521 13 131 114 852 11 385 210 243 547 980 957 386 751 
193 602 465 118 712 805 322 226 84 400 917 416 826 803 691 3 792 628 912 830 183 647 403 83 691 354 998 36 985 760 144 357 896 634 67 352 327 914 0 324 400 144 400 330 89 516 283 343 103 683 399 165 714 629 90 705 607 522 24 912 
682 799 302 27 166 230 140 117 517 771 26 929 259 565 837 984 20 105 668 854 201 265 965 955 335 247 928 926 273 860 523 722 173 833 67 336 136 182 324 0 145 51 155 904 295 429 741 606 356 693 669 81 627 966 543 864 910 59 618 85 
67 841 786 22 869 239 582 199 394 334 996 247 311 851 287 957 949 831 343 878 439 286 771 591 499 313 642 388 853 447 614 704 259 447 373 15 855 788 400 145 0 306 827 792 204 111 834 998 581 332 123 811 452 487 398 40 198 299 143 643 
502 839 65 775 477 480 324 629 397 522 383 450 199 749 380 571 142 706 115 711 726 183 82 249 418 896 907 743 988 629 966 832 194 677 575 121 273 766 144 51 306 0 15 10 862 597 476 107 157 436 224 624 894 562 357 512 827 793 788 385 
406 698 361 808 844 671 273 866 424 884 181 708 532 774 740 958 517 664 790 40 214 239 285 155 809 565 249 148 929 685 173 749 212 595 958 511 330 674 400 155 827 15 0 780 294 991 802 924 9 542 800 219 669 299 388 434 50 798 567 666 
562 49 692 869 325 291 392 1000 746 158 897 131 108 623 91 710 720 108 189 556 11 107 628 566 444 821 843 428 963 123 806 785 356 268 281 516 953 327 330 904 792 10 780 0 99 646 917 121 649 387 29 956 826 710 885 441 294 850 318 423 
110 198 557 631 498 195 152 368 491 225 822 668 37 764 109 489 691 652 588 134 664 6 150 371 782 117 886 823 861 69 545 509 323 632 878 271 802 84 89 295 204 862 294 99 0 269 605 67 10 776 28 444 6 301 866 804 31 860 305 337 
736 775 336 97 854 366 73 1000 474 764 565 865 374 194 649 868 918 794 3 146 442 90 926 535 9 778 740 926 227 914 864 969 57 670 460 410 372 434 516 429 111 597 991 646 269 0 870 698 916 616 529 451 362 578 928 952 786 287 842 657 
707 443 582 470 393 384 87 505 993 529 946 521 886 587 259 242 610 725 629 576 207 375 250 882 972 982 243 320 775 804 614 711 21 601 979 555 800 521 283 741 834 476 802 917 605 870 0 523 665 360 512 330 521 410 522 459 950 903 568 759 
129 445 161 63 858 152 801 699 970 973 627 944 936 678 162 898 197 620 18 277 192 807 805 841 531 884 98 512 234 319 627 166 680 975 665 516 128 13 343 606 998 107 924 121 67 698 523 0 624 60 877 596 638 545 481 609 798 75 645 410 
722 935 412 781 759 403 17 587 689 868 622 603 189 14 81 374 40 223 636 216 643 35 658 100 68 333 785 932 26 326 394 946 258 840 215 473 478 131 103 356 581 157 9 649 10 916 665 624 0 421 63 952 509 441 709 609 508 769 740 832 
142 441 663 408 612 379 996 205 301 589 321 292 861 679 807 399 504 171 866 255 245 197 328 918 250 886 658 991 60 774 396 260 121 338 626 764 228 114 683 693 332 436 542 387 776 616 360 60 421 0 377 782 796 15 650 504 551 188 443 495 
503 664 593 844 706 868 534 432 860 665 213 774 182 420 53 986 272 552 481 61 771 69 916 189 346 156 827 931 762 904 287 888 217 354 324 580 441 852 399 669 123 224 800 29 28 529 512 877 63 377 0 157 454 649 612 265 832 482 947 585 
