20 3
0 397 703 619 592 354 74 607 826 837 190 140 121 383 385 71 553 998 341 186 
397 0 151 896 852 960 799 527 559 186 299 474 946 392 750 31 575 483 254 542 
703 151 0 14 434 472 966 472 557 984 264 223 45 3 711 517 111 944 279 494 
619 896 14 0 147 602 114 833 6 881 579 639 801 650 501 430 527 78 898 54 
592 852 434 147 0 547 99 403 589 654 834 692 280 966 489 269 846 402 163 330 
354 960 472 602 547 0 151 601 130 779 628 850 316 533 665 147 341 136 177 16 
74 799 966 114 99 151 0 164 534 112 38 99 937 296 833 712 420 875 982 181 
607 527 472 833 403 601 164 0 322 312 597 853 143 154 808 376 298 915 378 634 
826 559 557 6 589 130 534 322 0 212 685 193 80 731 932 480 90 589 4 816 
837 186 984 881 654 779 112 312 212 0 11 970 761 369 663 174 899 329 430 669 
190 299 264 579 834 628 38 597 685 11 0 567 583 719 602 226 940 817 833 308 
140 474 223 639 692 850 99 853 193 970 567 0 674 144 239 993 930 74 89 841 
121 946 45 801 280 316 937 143 80 761 583 674 0 54 515 175 735 247 826 255 
383 392 3 650 966 533 296 154 731 369 719 144 54 0 763 334 383 357 472 900 
385 750 711 501 489 665 833 808 932 663 602 239 515 763 0 994 989 602 857 540 
71 31 517 430 269 147 712 376 480 174 226 993 175 334 994 0 143 118 674 969 
553 575 111 527 846 341 420 298 90 899 940 930 735 383 989 143 0 958 399 233 
998 483 944 78 402 136 875 915 589 329 817 74 247 357 602 118 958 0 758 326 
341 254 279 898 163 177 982 378 4 430 833 89 826 472 857 674 399 758 0 736 
186 542 494 54 330 16 181 634 816 669 308 841 255 900 540 969 233 326 736 0 
0 686 564 398 919 937 918 727 843 329 678 799 70 286 207 176 546 780 644 777 
686 0 936 934 904 499 383 507 715 150 173 939 964 257 890 923 361 85 975 966 
564 936 0 251 829 541 8 472 799 768 840 917 174 616 436 998 448 685 582 182 
398 934 251 0 605 983 520 596 211 810 135 722 705 742 1000 529 506 731 951 548 
919 904 829 605 0 523 213 15 54 158 135 410 393 933 856 582 223 399 859 103 
937 499 541 983 523 0 216 614 872 729 934 346 670 217 293 647 930 690 456 552 
918 383 8 520 213 216 0 874 708 609 326 540 686 411 622 272 506 550 208 632 
727 507 472 596 15 614 874 0 443 433 427 101 894 407 768 596 224 5 731 340 
843 715 799 211 54 872 708 443 0 460 758 259 481 978 484 92 559 304 112 744 
329 150 768 810 158 729 609 433 460 0 128 50 732 73 512 380 889 85 888 72 
678 173 840 135 135 934 326 427 758 128 0 681 134 99 108 746 540 771 889 98 
799 939 917 722 410 346 540 101 259 50 681 0 792 476 77 907 181 762 27 810 
70 964 174 705 393 670 686 894 481 732 134 792 0 698 343 161 639 651 24 960 
286 257 616 742 933 217 411 407 978 73 99 476 698 0 310 724 145 164 912 662 
207 890 436 1000 856 293 622 768 484 512 108 77 343 310 0 87 470 626 962 766 
176 923 998 529 582 647 272 596 92 380 746 907 161 724 87 0 388 166 669 490 
546 361 448 506 223 930 506 224 559 889 540 181 639 145 470 388 0 953 871 401 
780 85 685 731 399 690 550 5 304 85 771 762 651 164 626 166 953 0 487 427 
644 975 582 951 859 456 208 731 112 888 889 27 24 912 962 669 871 487 0 884 
777 966 182 548 103 552 632 340 744 72 98 810 960 662 766 490 401 427 884 0 
0 174 569 672 180 301 1 371 233 901 459 116 914 789 852 844 518 174 352 279 
174 0 97 260 119 396 540 490 241 696 808 145 32 798 80 50 574 941 22 106 
569 97 0 679 225 484 888 548 191 1 119 142 749 239 519 45 421 312 492 965 
672 260 679 0 385 41 425 424 810 118 992 248 387 284 93 495 616 555 156 522 
180 119 225 385 0 534 735 782 830 980 890 485 814 261 165 230 903 650 46 799 
301 396 484 41 534 0 800 222 355 224 91 769 416 560 694 400 9 363 523 331 
1 540 888 425 735 800 0 190 194 438 720 330 333 462 327 757 482 410 807 202 
371 490 548 424 782 222 190 0 606 575 618 910 72 584 214 266 990 841 290 590 
233 241 191 810 830 355 194 606 0 424 412 744 595 128 447 901 481 791 884 384 
901 696 1 118 980 224 438 575 424 0 942 959 80 977 551 636 166 923 173 862 
459 808 119 992 890 91 720 618 412 942 0 243 897 986 722 246 386 227 89 904 
116 145 142 248 485 769 330 910 744 959 243 0 287 480 705 94 835 184 924 157 
914 32 749 387 814 416 333 72 595 80 897 287 0 264 563 881 516 279 802 39 
789 798 239 284 261 560 462 584 128 977 986 480 264 0 406 192 763 937 9 281 
852 80 519 93 165 694 327 214 447 551 722 705 563 406 0 972 770 422 143 186 
844 50 45 495 230 400 757 266 901 636 246 94 881 192 972 0 643 907 288 528 
518 574 421 616 903 9 482 990 481 166 386 835 516 763 770 643 0 49 148 564 
174 941 312 555 650 363 410 841 791 923 227 184 279 937 422 907 49 0 438 587 
352 22 492 156 46 523 807 290 884 173 89 924 802 9 143 288 148 438 0 7 
279 106 965 522 799 331 202 590 384 862 904 157 39 281 186 528 564 587 7 0 
0 350 690 591 224 151 152 134 230 555 263 258 794 788 787 934 484 96 335 182 
350 0 103 31 301 488 780 539 302 842 862 85 9 853 182 94 653 992 18 130 
690 103 0 807 350 488 989 508 307 326 270 130 727 311 813 12 454 437 267 803 
591 31 807 0 502 149 500 284 813 76 783 133 323 343 39 509 542 311 47 415 
224 301 350 502 0 668 804 920 913 708 988 588 588 62 305 458 841 515 139 857 
151 488 488 149 668 0 703 534 284 379 165 748 240 789 705 596 10 381 366 565 
152 780 989 500 804 703 0 91 330 290 629 345 333 519 414 708 683 376 728 495 
134 539 508 284 920 534 91 0 664 641 531 818 103 644 329 548 745 817 273 503 
230 302 307 813 913 284 330 664 0 374 276 850 482 32 488 967 411 742 917 299 
555 842 326 76 708 379 290 641 374 0 983 831 333 877 432 588 280 857 123 880 
263 862 270 783 988 165 629 531 276 983 0 356 941 903 832 274 518 293 48 965 
258 85 130 133 588 748 345 818 850 831 356 0 164 690 870 114 753 59 985 48 
794 9 727 323 588 240 333 103 482 333 941 164 0 343 713 858 473 352 996 15 
788 853 311 343 62 789 519 644 32 877 903 690 343 0 689 302 940 782 45 445 
787 182 813 39 305 705 414 329 488 432 832 870 713 689 0 918 548 262 8 241 
934 94 12 509 458 596 708 548 967 588 274 114 858 302 918 0 671 793 327 643 
484 653 454 542 841 10 683 745 411 280 518 753 473 940 548 671 0 106 141 578 
96 992 437 311 515 381 376 817 742 857 293 59 352 782 262 793 106 0 571 681 
335 18 267 47 139 366 728 273 917 123 48 985 996 45 8 327 141 571 0 183 
182 130 803 415 857 565 495 503 299 880 965 48 15 445 241 643 578 681 183 0 
