9 4
0 183 334 649 968 210 944 572 200 
183 0 169 851 820 189 368 619 856 
334 169 0 333 663 594 220 896 51 
649 851 333 0 355 115 772 14 785 
968 820 663 355 0 601 59 571 818 
210 189 594 115 601 0 265 29 164 
944 368 220 772 59 265 0 877 672 
572 619 896 14 571 29 877 0 1000 
200 856 51 785 818 164 672 1000 0 
0 650 848 319 1 376 719 764 101 
650 0 818 334 780 613 611 141 112 
848 818 0 787 710 484 99 118 822 
319 334 787 0 293 847 413 146 335 
1 780 710 293 0 873 14 632 387 
376 613 484 847 873 0 69 312 748 
719 611 99 413 14 69 0 96 581 
764 141 118 146 632 312 96 0 500 
101 112 822 335 387 748 581 500 0 
0 468 120 652 974 456 285 222 959 
468 0 51 549 181 320 431 789 889 
120 51 0 318 139 488 904 887 264 
652 549 318 0 325 306 733 823 601 
974 181 139 325 0 91 957 509 792 
456 320 488 306 91 0 779 579 178 
285 431 904 733 957 779 0 885 456 
222 789 887 823 509 579 885 0 506 
959 889 264 601 792 178 456 506 0 
0 270 102 573 852 507 168 419 771 
270 0 412 630 189 236 503 930 970 
102 412 0 168 408 647 635 837 163 
573 630 168 0 671 201 575 973 787 
852 189 408 671 0 211 920 386 746 
507 236 647 201 211 0 943 664 511 
168 503 635 575 920 943 0 839 430 
419 930 837 973 386 664 839 0 559 
771 970 163 787 746 511 430 559 0 
0 290 122 819 945 652 354 220 984 
290 0 153 741 169 410 574 797 915 
122 153 0 74 424 562 999 962 339 
819 741 74 0 754 162 682 941 688 
945 169 424 754 0 92 913 289 745 
652 410 562 162 92 0 748 782 191 
354 574 999 682 913 748 0 982 539 
220 797 962 941 289 782 982 0 445 
984 915 339 688 745 191 539 445 0 
