50 3
0 368 602 445 38 752 174 254 906 858 924 298 882 907 936 79 609 601 100 965 945 418 863 935 476 362 939 298 716 498 706 946 645 221 339 613 722 817 96 954 676 368 515 165 899 598 906 592 960 213 
368 0 547 448 597 885 226 279 963 721 149 556 72 292 804 360 965 285 219 826 135 293 136 401 850 620 960 303 359 103 49 833 367 934 650 651 49 741 880 233 509 662 610 327 638 314 112 499 314 294 
602 547 0 941 685 383 993 898 698 657 580 891 168 811 714 938 182 648 230 412 88 121 114 211 52 765 910 962 473 379 784 81 817 971 820 840 855 381 116 72 58 80 467 163 839 286 825 534 727 663 
445 448 941 0 11 392 175 163 506 272 197 105 61 103 379 542 229 927 860 243 750 897 705 757 29 217 574 403 908 857 692 211 986 512 753 781 126 475 34 498 805 335 759 233 474 762 556 212 154 323 
38 597 685 11 0 3 334 177 875 252 575 882 482 474 778 274 334 299 113 109 815 607 499 776 791 691 898 280 786 464 764 883 427 299 148 113 204 729 970 486 635 875 69 567 489 558 69 613 610 387 
752 885 383 392 3 0 994 982 644 868 472 580 550 702 519 835 66 243 257 143 949 530 944 671 321 24 790 397 170 426 659 829 452 470 929 141 765 68 634 28 534 700 1000 967 631 904 539 232 367 947 
174 226 993 175 334 994 0 378 721 463 28 817 893 625 637 213 452 907 189 954 415 921 895 534 360 637 241 36 959 954 223 482 163 648 497 913 118 28 62 453 250 66 438 670 962 738 554 606 893 528 
254 279 898 163 177 982 378 0 710 281 881 49 637 811 618 881 210 148 659 869 488 691 930 200 894 591 916 51 140 824 288 572 716 741 224 336 340 473 521 884 947 829 15 307 615 620 473 744 453 333 
906 963 698 506 875 644 721 710 0 200 548 520 949 353 964 429 735 392 587 90 361 409 915 705 7 526 39 441 2 591 166 116 756 75 804 878 12 841 591 790 922 63 823 863 692 797 970 660 913 349 
858 721 657 272 252 868 463 281 200 0 823 879 553 301 957 396 700 376 252 27 178 368 276 715 257 484 337 807 127 517 568 639 409 195 752 925 685 60 509 335 31 776 53 683 872 240 636 605 171 337 
924 149 580 197 575 472 28 881 548 823 0 197 927 393 820 11 555 79 579 359 299 917 360 230 531 243 662 192 38 922 319 537 94 815 764 21 966 525 361 288 144 496 42 746 758 254 721 156 635 114 
298 556 891 105 882 580 817 49 520 879 197 0 86 153 500 507 507 154 642 819 166 676 788 468 465 55 915 214 833 427 458 315 575 573 225 946 927 632 493 101 369 593 490 963 629 978 82 19 852 964 
882 72 168 61 482 550 893 637 949 553 927 86 0 840 903 763 671 122 513 967 694 1 145 666 68 184 697 771 396 108 14 849 938 332 42 655 114 567 990 428 919 114 32 890 808 605 334 902 147 18 
907 292 811 103 474 702 625 811 353 301 393 153 840 0 943 530 463 133 713 146 160 937 274 505 536 175 686 377 919 99 529 616 366 451 545 902 372 782 845 740 304 802 809 551 284 398 68 67 523 37 
936 804 714 379 778 519 637 618 964 957 820 500 903 943 0 686 663 786 308 933 634 330 909 294 806 822 909 388 216 699 858 539 894 283 399 87 554 987 132 609 453 986 810 857 642 910 51 335 423 428 
79 360 938 542 274 835 213 881 429 396 11 507 763 530 686 0 817 177 632 289 404 353 196 662 833 513 747 186 431 629 855 553 431 344 442 32 501 329 404 800 937 841 252 909 279 619 559 846 851 990 
609 965 182 229 334 66 452 210 735 700 555 507 671 463 663 817 0 108 409 767 56 194 644 162 671 418 684 860 169 918 226 73 280 273 333 943 692 487 431 982 191 651 581 875 69 407 584 513 836 742 
601 285 648 927 299 243 907 148 392 376 79 154 122 133 786 177 108 0 838 108 516 170 656 423 436 209 910 310 761 97 647 992 975 253 503 437 312 287 353 338 864 226 610 580 19 464 95 225 467 388 
100 219 230 860 113 257 189 659 587 252 579 642 513 713 308 632 409 838 0 461 780 717 306 365 827 27 390 869 18 382 44 858 109 68 530 25 261 11 723 632 438 605 545 759 905 94 929 541 270 949 
965 826 412 243 109 143 954 869 90 27 359 819 967 146 933 289 767 108 461 0 72 247 532 362 416 795 795 962 537 624 819 913 262 543 668 677 800 994 905 42 31 400 39 630 974 576 206 572 27 935 
945 135 88 750 815 949 415 488 361 178 299 166 694 160 634 404 56 516 780 72 0 234 816 622 376 921 693 798 647 853 427 59 279 970 366 946 575 52 563 390 821 311 945 142 396 966 611 564 333 629 
418 293 121 897 607 530 921 691 409 368 917 676 1 937 330 353 194 170 717 247 234 0 799 344 885 699 959 978 37 134 180 350 363 398 712 648 164 492 681 233 603 853 958 458 724 764 668 988 497 813 
863 136 114 705 499 944 895 930 915 276 360 788 145 274 909 196 644 656 306 532 816 799 0 17 690 354 693 159 611 379 730 894 555 251 977 713 535 263 503 230 634 616 617 442 255 384 982 517 883 750 
935 401 211 757 776 671 534 200 705 715 230 468 666 505 294 662 162 423 365 362 622 344 17 0 18 32 110 928 984 653 495 189 349 557 290 348 718 963 176 381 521 142 571 532 53 567 137 683 435 444 
476 850 52 29 791 321 360 894 7 257 531 465 68 536 806 833 671 436 827 416 376 885 690 18 0 393 523 971 156 978 823 601 895 880 639 253 355 615 789 896 912 214 55 571 548 163 854 702 333 977 
362 620 765 217 691 24 637 591 526 484 243 55 184 175 822 513 418 209 27 795 921 699 354 32 393 0 752 199 248 297 799 366 634 697 788 671 428 152 422 476 129 13 440 72 26 197 386 271 77 316 
939 960 910 574 898 790 241 916 39 337 662 915 697 686 909 747 684 910 390 795 693 959 693 110 523 752 0 481 255 413 221 398 475 841 779 18 544 126 627 272 284 760 874 607 236 134 960 94 306 411 
298 303 962 403 280 397 36 51 441 807 192 214 771 377 388 186 860 310 869 962 798 978 159 928 971 199 481 0 156 271 656 498 381 237 328 212 852 712 593 586 777 499 441 556 264 749 81 49 684 962 
716 359 473 908 786 170 959 140 2 127 38 833 396 919 216 431 169 761 18 537 647 37 611 984 156 248 255 156 0 366 260 809 801 482 621 227 39 371 697 193 41 364 802 840 689 850 9 128 252 28 
498 103 379 857 464 426 954 824 591 517 922 427 108 99 699 629 918 97 382 624 853 134 379 653 978 297 413 271 366 0 763 818 484 376 267 666 94 312 851 957 904 313 521 901 990 890 779 253 347 401 
706 49 784 692 764 659 223 288 166 568 319 458 14 529 858 855 226 647 44 819 427 180 730 495 823 799 221 656 260 763 0 475 75 592 869 850 146 156 219 728 86 821 62 677 640 274 317 442 295 269 
946 833 81 211 883 829 482 572 116 639 537 315 849 616 539 553 73 992 858 913 59 350 894 189 601 366 398 498 809 818 475 0 181 235 294 458 233 633 589 431 410 387 970 377 170 421 937 228 840 220 
645 367 817 986 427 452 163 716 756 409 94 575 938 366 894 431 280 975 109 262 279 363 555 349 895 634 475 381 801 484 75 181 0 335 587 704 470 813 438 420 822 7 462 987 484 972 772 876 838 795 
221 934 971 512 299 470 648 741 75 195 815 573 332 451 283 344 273 253 68 543 970 398 251 557 880 697 841 237 482 376 592 235 335 0 82 563 921 422 722 580 470 14 446 146 134 582 700 428 3 45 
339 650 820 753 148 929 497 224 804 752 764 225 42 545 399 442 333 503 530 668 366 712 977 290 639 788 779 328 621 267 869 294 587 82 0 71 1 516 993 747 420 40 500 325 152 478 12 940 309 662 
613 651 840 781 113 141 913 336 878 925 21 946 655 902 87 32 943 437 25 677 946 648 713 348 253 671 18 212 227 666 850 458 704 563 71 0 592 178 162 189 278 959 110 793 196 952 380 320 307 422 
722 49 855 126 204 765 118 340 12 685 966 927 114 372 554 501 692 312 261 800 575 164 535 718 355 428 544 852 39 94 146 233 470 921 1 592 0 34 669 877 596 39 813 425 23 13 705 160 141 382 
817 741 381 475 729 68 28 473 841 60 525 632 567 782 987 329 487 287 11 994 52 492 263 963 615 152 126 712 371 312 156 633 813 422 516 178 34 0 707 862 511 922 401 386 459 164 480 513 922 590 
96 880 116 34 970 634 62 521 591 509 361 493 990 845 132 404 431 353 723 905 563 681 503 176 789 422 627 593 697 851 219 589 438 722 993 162 669 707 0 224 737 265 106 984 676 248 374 77 263 515 
954 233 72 498 486 28 453 884 790 335 288 101 428 740 609 800 982 338 632 42 390 233 230 381 896 476 272 586 193 957 728 431 420 580 747 189 877 862 224 0 237 209 921 902 409 286 898 983 889 639 
676 509 58 805 635 534 250 947 922 31 144 369 919 304 453 937 191 864 438 31 821 603 634 521 912 129 284 777 41 904 86 410 822 470 420 278 596 511 737 237 0 150 495 481 281 909 100 950 237 279 
368 662 80 335 875 700 66 829 63 776 496 593 114 802 986 841 651 226 605 400 311 853 616 142 214 13 760 499 364 313 821 387 7 14 40 959 39 922 265 209 150 0 267 344 913 383 486 667 122 37 
515 610 467 759 69 1000 438 15 823 53 42 490 32 809 810 252 581 610 545 39 945 958 617 571 55 440 874 441 802 521 62 970 462 446 500 110 813 401 106 921 495 267 0 924 293 457 988 609 524 226 
165 327 163 233 567 967 670 307 863 683 746 963 890 551 857 909 875 580 759 630 142 458 442 532 571 72 607 556 840 901 677 377 987 146 325 793 425 386 984 902 481 344 924 0 103 426 946 244 204 103 
899 638 839 474 489 631 962 615 692 872 758 629 808 284 642 279 69 19 905 974 396 724 255 53 548 26 236 264 689 990 640 170 484 134 152 196 23 459 676 409 281 913 293 103 0 239 403 874 194 812 
598 314 286 762 558 904 738 620 797 240 254 978 605 398 910 619 407 464 94 576 966 764 384 567 163 197 134 749 850 890 274 421 972 582 478 952 13 164 248 286 909 383 457 426 239 0 236 651 861 236 
906 112 825 556 69 539 554 473 970 636 721 82 334 68 51 559 584 95 929 206 611 668 982 137 854 386 960 81 9 779 317 937 772 700 12 380 705 480 374 898 100 486 988 946 403 236 0 389 84 87 
592 499 534 212 613 232 606 744 660 605 156 19 902 67 335 846 513 225 541 572 564 988 517 683 702 271 94 49 128 253 442 228 876 428 940 320 160 513 77 983 950 667 609 244 874 651 389 0 315 342 
960 314 727 154 610 367 893 453 913 171 635 852 147 523 423 851 836 467 270 27 333 497 883 435 333 77 306 684 252 347 295 840 838 3 309 307 141 922 263 889 237 122 524 204 194 861 84 315 0 809 
213 294 663 323 387 947 528 333 349 337 114 964 18 37 428 990 742 388 949 935 629 813 750 444 977 316 411 962 28 401 269 220 795 45 662 422 382 590 515 639 279 37 226 103 812 236 87 342 809 0 
0 153 721 527 473 144 345 113 631 997 570 951 871 461 24 229 13 632 335 668 196 586 578 600 870 711 809 807 319 219 719 544 440 387 570 57 161 173 57 126 946 277 737 471 848 737 789 573 489 618 
153 0 900 512 233 574 522 416 793 693 1000 816 759 804 430 769 598 359 829 925 748 734 926 484 505 534 912 675 942 8 639 827 263 339 816 437 786 443 407 587 347 901 749 92 191 866 294 718 213 361 
721 900 0 421 493 152 587 91 695 517 73 762 921 379 411 561 866 153 540 577 132 397 730 895 892 704 649 991 905 718 766 60 46 938 443 981 208 32 76 138 394 478 424 690 265 230 574 593 855 941 
527 512 421 0 843 753 688 521 430 564 775 955 331 137 74 890 818 964 727 442 804 987 762 365 658 968 283 606 66 15 49 123 497 251 636 198 170 747 907 510 847 364 57 506 372 926 326 63 130 607 
473 233 493 843 0 854 481 698 9 959 255 456 351 774 121 917 172 947 143 85 353 23 800 642 674 729 410 331 747 979 628 267 677 609 102 726 850 898 498 579 321 26 136 511 389 476 996 401 95 828 
144 574 152 753 854 0 547 216 866 910 920 633 804 667 730 280 4 675 783 963 64 860 321 542 597 812 327 186 300 214 567 19 186 444 980 743 228 722 991 854 646 290 820 497 220 41 919 915 510 20 
345 522 587 688 481 547 0 243 399 640 656 321 479 123 743 432 662 22 176 877 646 14 381 976 877 591 995 786 165 443 711 318 352 560 650 910 870 878 538 98 988 545 603 350 852 571 738 582 954 33 
113 416 91 521 698 216 243 0 752 41 157 90 673 722 631 770 729 168 868 267 614 377 941 102 161 63 160 601 777 324 158 87 279 308 302 17 744 457 7 735 893 439 571 863 688 290 364 7 426 283 
631 793 695 430 9 866 399 752 0 860 458 962 875 975 537 367 803 704 708 670 664 674 266 293 274 630 119 350 874 719 85 522 542 683 685 738 200 688 626 368 409 552 636 805 613 91 413 233 886 757 
997 693 517 564 959 910 640 41 860 0 308 933 744 508 654 562 45 800 546 981 102 841 82 10 656 144 56 642 396 554 367 55 583 315 158 359 795 402 724 775 408 983 461 785 875 237 978 146 777 757 
570 1000 73 775 255 920 656 157 458 308 0 893 616 245 384 756 27 997 520 521 109 642 884 563 515 386 20 266 314 640 452 281 444 544 637 937 642 734 732 844 940 829 773 520 782 557 716 920 664 1 
951 816 762 955 456 633 321 90 962 933 893 0 190 813 959 128 31 54 44 422 533 321 866 955 640 396 131 320 62 96 826 194 203 796 546 276 778 298 570 587 380 709 20 486 791 333 986 119 932 342 
871 759 921 331 351 804 479 673 875 744 616 190 0 163 676 281 401 430 797 333 304 346 698 377 678 872 311 740 931 504 934 103 845 708 832 264 555 196 446 508 890 492 217 245 993 167 749 27 537 691 
461 804 379 137 774 667 123 722 975 508 245 813 163 0 757 642 601 336 550 405 761 503 334 363 432 854 308 252 361 393 524 372 419 358 747 766 647 4 248 979 252 669 856 886 925 306 897 212 665 661 
24 430 411 74 121 730 743 631 537 654 384 959 676 757 0 532 317 363 943 464 209 314 857 994 567 90 608 154 739 854 473 264 475 830 494 674 864 173 398 297 965 321 899 799 987 286 228 823 950 586 
229 769 561 890 917 280 432 770 367 562 756 128 281 642 532 0 686 86 420 278 32 513 39 20 879 87 150 756 759 96 121 601 995 751 299 513 999 373 418 953 840 628 61 700 391 170 804 274 759 661 
13 598 866 818 172 4 662 729 803 45 27 31 401 601 317 686 0 243 861 433 817 890 385 566 746 138 99 921 742 179 831 521 841 754 208 830 853 822 193 273 486 147 225 675 183 708 570 224 403 142 
632 359 153 964 947 675 22 168 704 800 997 54 430 336 363 86 243 0 954 627 703 990 423 508 769 755 826 673 86 674 418 132 564 295 365 789 883 807 660 280 935 191 391 511 145 264 190 151 85 546 
335 829 540 727 143 783 176 868 708 546 520 44 797 550 943 420 861 954 0 135 294 663 849 905 353 255 621 482 830 71 509 703 431 631 905 815 744 878 465 915 413 54 155 115 152 540 461 133 746 534 
668 925 577 442 85 963 877 267 670 981 521 422 333 405 464 278 433 627 135 0 336 469 679 575 200 192 195 963 695 66 679 399 151 814 923 412 959 120 329 399 438 396 539 611 642 302 232 873 380 711 
196 748 132 804 353 64 646 614 664 102 109 533 304 761 209 32 817 703 294 336 0 444 12 156 703 855 469 368 142 880 912 838 494 698 583 845 886 992 353 602 4 379 947 540 342 780 968 884 880 225 
586 734 397 987 23 860 14 377 674 841 642 321 346 503 314 513 890 990 663 469 444 0 133 839 284 971 27 186 96 200 346 403 67 151 792 732 38 398 290 510 834 888 112 257 452 336 614 962 590 697 
578 926 730 762 800 321 381 941 266 82 884 866 698 334 857 39 385 423 849 679 12 133 0 888 621 108 789 79 500 34 163 567 376 94 823 283 327 245 531 210 908 629 710 501 657 200 97 85 237 424 
600 484 895 365 642 542 976 102 293 10 563 955 377 363 994 20 566 508 905 575 156 839 888 0 910 1 790 273 839 521 200 580 575 966 420 641 369 619 530 964 923 337 596 75 173 378 735 474 457 506 
870 505 892 658 674 597 877 161 274 656 515 640 678 432 567 879 746 769 353 200 703 284 621 910 0 910 695 837 792 806 959 277 590 748 452 229 979 207 735 724 659 33 569 607 940 101 195 892 145 64 
711 534 704 968 729 812 591 63 630 144 386 396 872 854 90 87 138 755 255 192 855 971 108 1 910 0 861 790 9 695 258 797 809 721 632 513 833 406 306 142 163 593 342 3 801 109 736 570 600 961 
809 912 649 283 410 327 995 160 119 56 20 131 311 308 608 150 99 826 621 195 469 27 789 790 695 861 0 552 181 556 457 800 558 55 593 320 196 163 542 992 103 879 700 857 509 142 890 624 119 631 
807 675 991 606 331 186 786 601 350 642 266 320 740 252 154 756 921 673 482 963 368 186 79 273 837 790 552 0 961 454 335 219 798 503 246 713 686 798 750 655 547 17 928 490 180 316 570 180 186 584 
319 942 905 66 747 300 165 777 874 396 314 62 931 361 739 759 742 86 830 695 142 96 500 839 792 9 181 961 0 62 500 936 300 284 600 298 808 786 547 632 289 283 936 37 487 145 254 844 876 189 
219 8 718 15 979 214 443 324 719 554 640 96 504 393 854 96 179 674 71 66 880 200 34 521 806 695 556 454 62 0 660 535 381 688 40 789 418 976 256 532 133 86 812 470 795 813 704 466 593 816 
719 639 766 49 628 567 711 158 85 367 452 826 934 524 473 121 831 418 509 679 912 346 163 200 959 258 457 335 500 660 0 970 85 164 253 4 85 617 275 58 519 791 967 693 399 194 616 373 680 863 
544 827 60 123 267 19 318 87 522 55 281 194 103 372 264 601 521 132 703 399 838 403 567 580 277 797 800 219 936 535 970 0 342 892 235 231 719 31 795 570 283 664 669 908 140 799 57 418 340 672 
440 263 46 497 677 186 352 279 542 583 444 203 845 419 475 995 841 564 431 151 494 67 376 575 590 809 558 798 300 381 85 342 0 668 16 547 772 429 526 315 27 484 482 851 113 603 337 634 978 607 
387 339 938 251 609 444 560 308 683 315 544 796 708 358 830 751 754 295 631 814 698 151 94 966 748 721 55 503 284 688 164 892 668 0 295 543 761 77 353 96 679 376 433 1 432 21 519 224 342 644 
570 816 443 636 102 980 650 302 685 158 637 546 832 747 494 299 208 365 905 923 583 792 823 420 452 632 593 246 600 40 253 235 16 295 0 905 819 379 275 863 343 34 224 178 460 21 946 784 11 646 
57 437 981 198 726 743 910 17 738 359 937 276 264 766 674 513 830 789 815 412 845 732 283 641 229 513 320 713 298 789 4 231 547 543 905 0 607 110 187 287 869 655 164 776 686 385 715 307 589 859 
161 786 208 170 850 228 870 744 200 795 642 778 555 647 864 999 853 883 744 959 886 38 327 369 979 833 196 686 808 418 85 719 772 761 819 607 0 661 255 947 932 889 228 381 798 314 549 298 851 128 
173 443 32 747 898 722 878 457 688 402 734 298 196 4 173 373 822 807 878 120 992 398 245 619 207 406 163 798 786 976 617 31 429 77 379 110 661 0 794 254 89 789 875 751 779 806 455 211 425 478 
57 407 76 907 498 991 538 7 626 724 732 570 446 248 398 418 193 660 465 329 353 290 531 530 735 306 542 750 547 256 275 795 526 353 275 187 255 794 0 622 62 249 242 741 598 174 190 467 911 658 
126 587 138 510 579 854 98 735 368 775 844 587 508 979 297 953 273 280 915 399 602 510 210 964 724 142 992 655 632 532 58 570 315 96 863 287 947 254 622 0 430 962 71 380 904 500 24 156 581 373 
946 347 394 847 321 646 988 893 409 408 940 380 890 252 965 840 486 935 413 438 4 834 908 923 659 163 103 547 289 133 519 283 27 679 343 869 932 89 62 430 0 794 990 165 658 434 26 880 305 846 
277 901 478 364 26 290 545 439 552 983 829 709 492 669 321 628 147 191 54 396 379 888 629 337 33 593 879 17 283 86 791 664 484 376 34 655 889 789 249 962 794 0 372 446 640 868 177 478 649 805 
737 749 424 57 136 820 603 571 636 461 773 20 217 856 899 61 225 391 155 539 947 112 710 596 569 342 700 928 936 812 967 669 482 433 224 164 228 875 242 71 990 372 0 241 792 378 705 697 129 858 
471 92 690 506 511 497 350 863 805 785 520 486 245 886 799 700 675 511 115 611 540 257 501 75 607 3 857 490 37 470 693 908 851 1 178 776 381 751 741 380 165 446 241 0 1 332 664 383 770 34 
848 191 265 372 389 220 852 688 613 875 782 791 993 925 987 391 183 145 152 642 342 452 657 173 940 801 509 180 487 795 399 140 113 432 460 686 798 779 598 904 658 640 792 1 0 446 989 331 241 265 
737 866 230 926 476 41 571 290 91 237 557 333 167 306 286 170 708 264 540 302 780 336 200 378 101 109 142 316 145 813 194 799 603 21 21 385 314 806 174 500 434 868 378 332 446 0 275 404 840 434 
789 294 574 326 996 919 738 364 413 978 716 986 749 897 228 804 570 190 461 232 968 614 97 735 195 736 890 570 254 704 616 57 337 519 946 715 549 455 190 24 26 177 705 664 989 275 0 741 902 959 
573 718 593 63 401 915 582 7 233 146 920 119 27 212 823 274 224 151 133 873 884 962 85 474 892 570 624 180 844 466 373 418 634 224 784 307 298 211 467 156 880 478 697 383 331 404 741 0 123 411 
489 213 855 130 95 510 954 426 886 777 664 932 537 665 950 759 403 85 746 380 880 590 237 457 145 600 119 186 876 593 680 340 978 342 11 589 851 425 911 581 305 649 129 770 241 840 902 123 0 184 
618 361 941 607 828 20 33 283 757 757 1 342 691 661 586 661 142 546 534 711 225 697 424 506 64 961 631 584 189 816 863 672 607 644 646 859 128 478 658 373 846 805 858 34 265 434 959 411 184 0 
0 337 559 115 421 612 461 54 672 574 778 518 473 635 54 54 165 852 505 766 217 905 49 31 436 407 606 331 282 577 703 31 776 383 598 53 660 880 572 106 842 213 883 503 897 372 847 178 161 468 
337 0 566 97 337 820 729 480 623 483 468 954 378 877 771 1 465 167 583 842 408 760 358 217 272 237 984 606 839 17 564 814 646 201 415 819 793 389 335 711 503 646 896 200 560 247 887 299 102 605 
559 566 0 901 646 377 341 256 390 361 213 822 535 628 818 810 999 371 412 750 447 700 274 720 689 563 957 512 441 512 368 520 483 811 115 835 517 627 403 109 555 141 948 554 442 264 437 742 581 420 
115 97 901 0 496 355 823 292 742 206 953 775 53 234 566 830 630 432 50 188 593 959 430 180 758 692 303 488 327 30 61 18 632 792 712 925 482 431 620 888 757 339 117 510 674 564 331 161 395 730 
421 337 646 496 0 365 61 135 690 639 213 746 208 445 494 963 235 197 684 228 933 504 565 252 881 496 573 173 795 58 917 731 250 571 286 449 785 939 342 730 158 145 124 982 423 740 842 635 284 803 
612 820 377 355 365 0 536 253 246 448 399 888 964 464 308 606 146 420 733 844 831 495 831 388 464 594 407 391 441 511 201 52 312 590 637 815 519 743 676 277 864 196 801 583 662 293 900 283 722 273 
461 729 341 823 61 536 0 228 311 547 608 690 778 552 576 480 471 631 348 361 828 79 334 851 433 194 997 482 414 570 576 256 556 335 769 846 614 75 637 760 968 784 394 315 840 287 837 554 993 101 
54 480 256 292 135 253 228 0 907 187 192 635 706 747 864 327 632 234 613 506 769 479 936 133 327 110 4 925 224 368 31 855 398 291 58 255 773 278 75 726 908 809 901 384 693 586 421 53 108 752 
672 623 390 742 690 246 311 907 0 889 387 353 812 995 951 569 760 503 254 384 943 468 438 286 314 338 47 198 857 484 195 302 617 317 130 173 563 717 963 725 748 969 635 617 220 287 521 363 853 409 
574 483 361 206 639 448 547 187 889 0 500 426 493 656 533 814 252 453 220 233 136 223 195 570 529 11 806 776 594 261 650 354 214 353 373 942 860 245 580 397 212 81 906 876 499 304 538 273 471 724 
778 468 213 953 213 399 608 192 387 500 0 282 147 440 547 882 172 600 164 296 914 667 570 375 143 383 202 378 748 505 978 171 709 601 100 726 882 52 484 152 296 788 750 756 771 14 471 458 253 9 
518 954 822 775 746 888 690 635 353 426 282 0 639 779 819 266 347 243 509 73 846 189 771 772 962 371 154 625 815 144 855 113 756 797 302 458 775 708 127 580 727 740 184 200 593 242 513 402 627 273 
473 378 535 53 208 964 778 706 812 493 147 639 0 204 567 603 621 656 871 255 659 807 164 416 465 280 493 754 950 595 840 359 943 737 512 376 636 707 233 153 693 670 29 524 402 338 692 394 859 292 
635 877 628 234 445 464 552 747 995 656 440 779 204 0 616 914 905 708 675 817 858 746 299 76 192 835 77 703 74 200 386 329 692 365 970 631 387 716 431 840 164 160 534 974 888 297 70 268 840 729 
54 771 818 566 494 308 576 864 951 533 547 819 567 616 0 348 248 990 652 235 640 381 816 550 890 77 775 245 939 706 626 130 549 900 636 976 653 39 511 840 640 692 911 719 549 159 152 623 749 895 
54 1 810 830 963 606 480 327 569 814 882 266 603 914 348 0 626 230 95 169 178 762 504 105 921 774 897 741 861 653 649 766 1000 991 333 409 795 299 869 493 399 711 370 939 100 66 809 481 304 832 
165 465 999 630 235 146 471 632 760 252 172 347 621 905 248 626 0 202 844 565 995 674 668 777 364 179 889 528 197 117 814 507 770 195 421 821 828 700 190 179 48 144 264 303 386 837 675 380 572 701 
852 167 371 432 197 420 631 234 503 453 600 243 656 708 990 230 202 0 925 416 540 984 809 346 601 839 630 165 639 763 384 429 392 183 227 380 743 172 367 203 780 441 229 959 627 233 33 178 76 867 
505 583 412 50 684 733 348 613 254 220 164 509 871 675 652 95 844 925 0 498 197 912 364 360 242 332 862 42 645 44 212 352 235 745 660 809 582 940 379 441 518 829 255 255 809 738 489 971 979 635 
766 842 750 188 228 844 361 506 384 233 296 73 255 817 235 169 565 416 498 0 359 780 176 776 322 687 532 828 615 10 829 485 153 851 941 839 432 736 599 576 729 247 183 466 766 298 47 886 590 764 
217 408 447 593 933 831 828 769 943 136 914 846 659 858 640 178 995 540 197 359 0 87 233 137 814 926 267 390 239 709 660 284 843 806 553 707 567 581 917 217 852 554 658 832 448 982 972 529 994 448 
905 760 700 959 504 495 79 479 468 223 667 189 807 746 381 762 674 984 912 780 87 0 81 599 666 645 211 192 436 318 269 623 160 224 582 441 300 343 369 906 811 773 561 862 882 540 731 806 938 615 
49 358 274 430 565 831 334 936 438 195 570 771 164 299 816 504 668 809 364 176 233 81 0 230 382 567 356 66 601 27 55 48 527 125 953 473 444 321 557 618 206 956 214 698 348 460 795 243 464 857 
31 217 720 180 252 388 851 133 286 570 375 772 416 76 550 105 777 346 360 776 137 599 230 0 710 164 875 394 540 781 394 605 478 800 78 405 364 577 429 463 822 389 441 113 488 523 180 218 585 178 
436 272 689 758 881 464 433 327 314 529 143 962 465 192 890 921 364 601 242 322 814 666 382 710 0 735 506 842 368 796 993 252 894 342 378 385 919 751 788 785 550 165 939 732 454 216 164 751 610 111 
407 237 563 692 496 594 194 110 338 11 383 371 280 835 77 774 179 839 332 687 926 645 567 164 735 0 668 866 166 225 694 873 496 179 614 467 910 626 638 469 360 849 502 147 416 92 526 313 600 779 
606 984 957 303 573 407 997 4 47 806 202 154 493 77 775 897 889 630 862 532 267 211 356 875 506 668 0 619 34 471 129 595 628 380 252 583 604 260 788 491 318 691 673 766 475 502 518 699 151 750 
331 606 512 488 173 391 482 925 198 776 378 625 754 703 245 741 528 165 42 828 390 192 66 394 842 866 619 0 742 992 408 179 802 481 454 976 563 804 519 530 430 151 303 253 415 810 667 507 604 453 
282 839 441 327 795 441 414 224 857 594 748 815 950 74 939 861 197 639 645 615 239 436 601 540 368 166 34 742 0 110 816 951 622 472 761 48 966 342 458 223 552 167 903 682 289 753 391 674 295 320 
577 17 512 30 58 511 570 368 484 261 505 144 595 200 706 653 117 763 44 10 709 318 27 781 796 225 471 992 110 0 818 36 797 840 788 626 192 812 226 258 108 514 904 158 674 908 782 177 787 770 
703 564 368 61 917 201 576 31 195 650 978 855 840 386 626 649 814 384 212 829 660 269 55 394 993 694 129 408 816 818 0 984 287 65 924 908 571 976 511 249 62 519 661 302 63 70 449 829 822 781 
31 814 520 18 731 52 256 855 302 354 171 113 359 329 130 766 507 429 352 485 284 623 48 605 252 873 595 179 951 36 984 0 827 557 2 408 29 573 702 461 863 999 493 687 593 816 54 577 638 131 
776 646 483 632 250 312 556 398 617 214 709 756 943 692 549 1000 770 392 235 153 843 160 527 478 894 496 628 802 622 797 287 827 0 907 692 254 722 655 581 693 329 65 565 622 316 656 43 554 826 790 
383 201 811 792 571 590 335 291 317 353 601 797 737 365 900 991 195 183 745 851 806 224 125 800 342 179 380 481 472 840 65 557 907 0 173 675 392 405 428 394 634 299 594 261 439 149 876 977 237 791 
598 415 115 712 286 637 769 58 130 373 100 302 512 970 636 333 421 227 660 941 553 582 953 78 378 614 252 454 761 788 924 2 692 173 0 29 777 815 386 381 599 176 495 396 352 603 364 723 215 473 
53 819 835 925 449 815 846 255 173 942 726 458 376 631 976 409 821 380 809 839 707 441 473 405 385 467 583 976 48 626 908 408 254 675 29 0 984 571 384 78 440 941 125 686 193 85 590 81 501 950 
660 793 517 482 785 519 614 773 563 860 882 775 636 387 653 795 828 743 582 432 567 300 444 364 919 910 604 563 966 192 571 29 722 392 777 984 0 466 419 847 761 853 5 110 786 438 40 166 482 508 
880 389 627 431 939 743 75 278 717 245 52 708 707 716 39 299 700 172 940 736 581 343 321 577 751 626 260 804 342 812 976 573 655 405 815 571 466 0 524 756 390 839 979 549 875 503 62 572 552 815 
572 335 403 620 342 676 637 75 963 580 484 127 233 431 511 869 190 367 379 599 917 369 557 429 788 638 788 519 458 226 511 702 581 428 386 384 419 524 0 656 10 77 669 847 358 568 238 411 132 374 
106 711 109 888 730 277 760 726 725 397 152 580 153 840 840 493 179 203 441 576 217 906 618 463 785 469 491 530 223 258 249 461 693 394 381 78 847 756 656 0 578 828 2 423 104 228 131 374 847 758 
842 503 555 757 158 864 968 908 748 212 296 727 693 164 640 399 48 780 518 729 852 811 206 822 550 360 318 430 552 108 62 863 329 634 599 440 761 390 10 578 0 534 697 114 203 502 401 582 767 433 
213 646 141 339 145 196 784 809 969 81 788 740 670 160 692 711 144 441 829 247 554 773 956 389 165 849 691 151 167 514 519 999 65 299 176 941 853 839 77 828 534 0 924 352 575 791 726 636 499 920 
883 896 948 117 124 801 394 901 635 906 750 184 29 534 911 370 264 229 255 183 658 561 214 441 939 502 673 303 903 904 661 493 565 594 495 125 5 979 669 2 697 924 0 263 1000 858 367 582 72 903 
503 200 554 510 982 583 315 384 617 876 756 200 524 974 719 939 303 959 255 466 832 862 698 113 732 147 766 253 682 158 302 687 622 261 396 686 110 549 847 423 114 352 263 0 885 674 399 135 878 261 
897 560 442 674 423 662 840 693 220 499 771 593 402 888 549 100 386 627 809 766 448 882 348 488 454 416 475 415 289 674 63 593 316 439 352 193 786 875 358 104 203 575 1000 885 0 565 991 325 533 648 
372 247 264 564 740 293 287 586 287 304 14 242 338 297 159 66 837 233 738 298 982 540 460 523 216 92 502 810 753 908 70 816 656 149 603 85 438 503 568 228 502 791 858 674 565 0 274 274 781 409 
847 887 437 331 842 900 837 421 521 538 471 513 692 70 152 809 675 33 489 47 972 731 795 180 164 526 518 667 391 782 449 54 43 876 364 590 40 62 238 131 401 726 367 399 991 274 0 483 634 193 
178 299 742 161 635 283 554 53 363 273 458 402 394 268 623 481 380 178 971 886 529 806 243 218 751 313 699 507 674 177 829 577 554 977 723 81 166 572 411 374 582 636 582 135 325 274 483 0 362 836 
161 102 581 395 284 722 993 108 853 471 253 627 859 840 749 304 572 76 979 590 994 938 464 585 610 600 151 604 295 787 822 638 826 237 215 501 482 552 132 847 767 499 72 878 533 781 634 362 0 257 
468 605 420 730 803 273 101 752 409 724 9 273 292 729 895 832 701 867 635 764 448 615 857 178 111 779 750 453 320 770 781 131 790 791 473 950 508 815 374 758 433 920 903 261 648 409 193 836 257 0 
0 391 521 656 9 225 654 208 503 546 689 731 631 786 98 761 440 593 950 468 691 400 992 776 718 550 399 409 621 404 925 699 614 681 793 586 111 113 24 270 552 387 560 830 820 368 741 223 280 515 
391 0 888 126 135 580 812 434 579 211 446 542 992 700 586 128 433 433 598 779 466 476 436 789 657 644 922 727 616 12 665 19 123 884 925 402 457 211 191 616 579 457 974 347 337 619 88 980 50 301 
521 888 0 733 339 241 929 853 492 283 169 532 426 647 324 332 757 52 407 564 282 415 907 678 548 843 254 953 476 778 466 252 18 723 125 796 359 201 729 484 43 376 766 518 62 63 47 599 601 451 
656 126 733 0 652 986 898 311 357 668 178 862 931 64 391 773 633 532 573 428 738 893 911 243 778 677 916 977 410 149 127 68 455 8 847 144 470 435 697 635 933 51 300 677 481 707 493 511 141 781 
9 135 339 652 0 482 662 506 61 927 90 701 500 630 156 710 194 658 279 273 804 519 846 609 991 848 167 633 595 29 867 405 673 483 747 760 523 982 632 415 340 314 9 542 413 31 276 509 18 823 
225 580 241 986 482 0 456 514 923 923 178 536 340 554 688 279 94 221 637 325 626 730 344 80 522 415 700 131 125 23 581 288 169 260 231 819 663 502 983 479 939 592 942 635 396 87 572 902 572 27 
654 812 929 898 662 456 0 74 322 580 775 784 353 886 800 408 921 636 227 961 887 188 436 450 837 350 861 380 42 525 442 661 69 674 790 867 303 547 256 366 617 442 688 475 956 404 192 544 799 175 
208 434 853 311 506 514 74 0 74 385 228 398 411 595 487 611 265 416 975 590 798 400 522 525 216 48 136 143 695 288 173 189 457 541 66 40 548 957 140 268 476 428 138 169 274 1000 373 384 536 200 
503 579 492 357 61 923 322 74 0 631 569 573 498 934 348 156 15 401 330 865 379 471 357 669 225 702 679 343 685 720 109 377 395 531 251 961 134 996 209 474 593 503 300 561 617 250 971 404 287 963 
546 211 283 668 927 923 580 385 631 0 128 731 946 390 503 753 405 1000 954 952 425 621 563 273 811 893 78 28 463 627 769 9 650 173 217 522 297 578 289 913 838 924 145 708 789 922 488 334 826 424 
689 446 169 178 90 178 775 228 569 128 0 752 818 647 66 408 248 599 906 468 40 724 597 870 643 199 82 528 981 306 473 341 216 769 520 805 575 425 384 848 643 632 942 626 826 499 955 530 893 211 
731 542 532 862 701 536 784 398 573 731 752 0 288 684 417 48 145 66 91 275 231 553 750 629 685 782 107 275 104 585 508 294 264 845 140 127 932 240 459 777 671 654 96 941 668 577 855 265 657 305 
631 992 426 931 500 340 353 411 498 946 818 288 0 152 759 607 786 184 987 444 171 585 313 174 567 269 541 919 889 320 621 842 983 831 793 289 749 149 781 228 936 455 186 424 795 285 330 75 274 697 
786 700 647 64 630 554 886 595 934 390 647 684 152 0 548 611 69 198 6 261 214 492 842 528 136 808 154 153 521 95 223 302 311 205 950 726 750 298 43 654 603 54 896 603 423 391 638 292 471 848 
98 586 324 391 156 688 800 487 348 503 66 417 759 548 0 574 357 398 516 217 23 638 653 935 714 467 621 100 975 793 279 543 118 745 325 550 692 649 707 136 917 787 692 310 482 171 668 733 851 964 
761 128 332 773 710 279 408 611 156 753 408 48 607 611 574 0 583 370 364 751 99 356 122 671 732 350 338 737 436 462 10 345 512 867 728 216 907 491 859 779 378 443 356 484 63 358 573 245 817 738 
440 433 757 633 194 94 921 265 15 405 248 145 786 69 357 583 0 155 252 140 987 530 574 483 551 299 31 852 799 164 709 355 394 537 26 710 564 901 106 861 959 338 317 330 408 245 719 367 413 348 
593 433 52 532 658 221 636 416 401 1000 599 66 184 198 398 370 155 0 189 317 957 826 307 651 549 534 896 137 370 789 347 161 807 605 680 736 758 578 595 312 954 65 945 211 338 440 57 445 437 573 
950 598 407 573 279 637 227 975 330 954 906 91 987 6 516 364 252 189 0 747 632 723 605 487 497 304 678 677 199 194 285 880 295 615 880 112 446 691 680 784 5 366 851 520 353 333 600 187 58 534 
468 779 564 428 273 325 961 590 865 952 468 275 444 261 217 751 140 317 747 0 338 433 394 588 355 477 150 604 694 607 934 387 394 546 971 273 624 418 437 213 99 299 351 888 133 734 318 769 677 878 
691 466 282 738 804 626 887 798 379 425 40 231 171 214 23 99 987 957 632 338 0 328 159 815 796 695 479 222 148 999 611 803 454 333 619 553 869 906 232 508 515 60 753 806 215 927 366 102 744 490 
400 476 415 893 519 730 188 400 471 621 724 553 585 492 638 356 530 826 723 433 328 0 175 363 818 919 537 96 104 70 959 811 162 151 268 312 235 418 523 455 833 732 324 101 522 665 596 780 947 88 
992 436 907 911 846 344 436 522 357 563 597 750 313 842 653 122 574 307 605 394 159 175 0 566 339 799 845 296 728 267 324 232 64 510 758 284 136 330 488 522 875 229 351 872 924 837 37 296 346 66 
776 789 678 243 609 80 450 525 669 273 870 629 174 528 935 671 483 651 487 588 815 363 566 0 639 475 681 182 945 911 382 622 353 740 657 616 717 761 617 963 224 219 368 83 562 81 598 229 61 705 
718 657 548 778 991 522 837 216 225 811 643 685 567 136 714 732 551 549 497 355 796 818 339 639 0 967 977 952 626 804 765 180 658 758 100 196 870 373 264 762 903 368 304 682 542 311 201 692 176 250 
550 644 843 677 848 415 350 48 702 893 199 782 269 808 467 350 299 534 304 477 695 919 799 475 967 0 953 149 168 867 514 268 522 676 780 454 770 393 571 342 375 961 279 300 642 423 820 375 392 714 
399 922 254 916 167 700 861 136 679 78 82 107 541 154 621 338 31 896 678 150 479 537 845 681 977 953 0 178 800 502 638 329 958 882 409 429 789 467 293 727 151 683 225 631 105 402 763 315 388 567 
409 727 953 977 633 131 380 143 343 28 528 275 919 153 100 737 852 137 677 604 222 96 296 182 952 149 178 0 590 285 158 352 310 321 33 302 412 174 701 75 969 199 846 877 657 235 695 269 668 486 
621 616 476 410 595 125 42 695 685 463 981 104 889 521 975 436 799 370 199 694 148 104 728 945 626 168 800 590 0 95 372 888 788 131 417 522 970 835 645 651 655 419 433 321 716 221 207 644 977 608 
404 12 778 149 29 23 525 288 720 627 306 585 320 95 793 462 164 789 194 607 999 70 267 911 804 867 502 285 95 0 619 687 630 531 240 813 583 917 681 528 45 60 757 445 720 707 897 885 440 249 
925 665 466 127 867 581 442 173 109 769 473 508 621 223 279 10 709 347 285 934 611 959 324 382 765 514 638 158 372 619 0 737 128 304 859 84 270 712 56 548 42 429 726 374 250 447 350 639 120 970 
699 19 252 68 405 288 661 189 377 9 341 294 842 302 543 345 355 161 880 387 803 811 232 622 180 268 329 352 888 687 737 0 293 508 706 551 127 302 502 882 158 756 508 906 812 954 299 69 523 756 
614 123 18 455 673 169 69 457 395 650 216 264 983 311 118 512 394 807 295 394 454 162 64 353 658 522 958 310 788 630 128 293 0 667 178 149 707 357 733 283 125 564 733 985 85 694 119 70 583 149 
681 884 723 8 483 260 674 541 531 173 769 845 831 205 745 867 537 605 615 546 333 151 510 740 758 676 882 321 131 531 304 508 667 0 368 625 517 795 714 243 813 733 326 145 172 293 703 159 742 535 
793 925 125 847 747 231 790 66 251 217 520 140 793 950 325 728 26 680 880 971 619 268 758 657 100 780 409 33 417 240 859 706 178 368 0 427 554 526 511 867 364 81 773 152 688 91 843 466 805 461 
586 402 796 144 760 819 867 40 961 522 805 127 289 726 550 216 710 736 112 273 553 312 284 616 196 454 429 302 522 813 84 551 149 625 427 0 873 199 178 148 934 816 409 828 438 386 565 62 426 953 
111 457 359 470 523 663 303 548 134 297 575 932 749 750 692 907 564 758 446 624 869 235 136 717 870 770 789 412 970 583 270 127 707 517 554 873 0 857 667 736 741 751 738 312 954 432 578 372 733 480 
113 211 201 435 982 502 547 957 996 578 425 240 149 298 649 491 901 578 691 418 906 418 330 761 373 393 467 174 835 917 712 302 357 795 526 199 857 0 965 161 464 953 693 696 560 771 494 180 443 866 
24 191 729 697 632 983 256 140 209 289 384 459 781 43 707 859 106 595 680 437 232 523 488 617 264 571 293 701 645 681 56 502 733 714 511 178 667 965 0 960 43 540 361 263 560 12 922 524 468 755 
270 616 484 635 415 479 366 268 474 913 848 777 228 654 136 779 861 312 784 213 508 455 522 963 762 342 727 75 651 528 548 882 283 243 867 148 736 161 960 0 365 636 812 785 908 507 759 304 888 482 
552 579 43 933 340 939 617 476 593 838 643 671 936 603 917 378 959 954 5 99 515 833 875 224 903 375 151 969 655 45 42 158 125 813 364 934 741 464 43 365 0 817 919 33 983 201 294 455 605 530 
387 457 376 51 314 592 442 428 503 924 632 654 455 54 787 443 338 65 366 299 60 732 229 219 368 961 683 199 419 60 429 756 564 733 81 816 751 953 540 636 817 0 76 44 935 565 393 91 480 378 
560 974 766 300 9 942 688 138 300 145 942 96 186 896 692 356 317 945 851 351 753 324 351 368 304 279 225 846 433 757 726 508 733 326 773 409 738 693 361 812 919 76 0 859 947 340 62 179 352 408 
830 347 518 677 542 635 475 169 561 708 626 941 424 603 310 484 330 211 520 888 806 101 872 83 682 300 631 877 321 445 374 906 985 145 152 828 312 696 263 785 33 44 859 0 62 329 314 344 561 73 
820 337 62 481 413 396 956 274 617 789 826 668 795 423 482 63 408 338 353 133 215 522 924 562 542 642 105 657 716 720 250 812 85 172 688 438 954 560 560 908 983 935 947 62 0 818 934 146 129 377 
368 619 63 707 31 87 404 1000 250 922 499 577 285 391 171 358 245 440 333 734 927 665 837 81 311 423 402 235 221 707 447 954 694 293 91 386 432 771 12 507 201 565 340 329 818 0 57 378 650 714 
741 88 47 493 276 572 192 373 971 488 955 855 330 638 668 573 719 57 600 318 366 596 37 598 201 820 763 695 207 897 350 299 119 703 843 565 578 494 922 759 294 393 62 314 934 57 0 797 985 509 
223 980 599 511 509 902 544 384 404 334 530 265 75 292 733 245 367 445 187 769 102 780 296 229 692 375 315 269 644 885 639 69 70 159 466 62 372 180 524 304 455 91 179 344 146 378 797 0 95 823 
280 50 601 141 18 572 799 536 287 826 893 657 274 471 851 817 413 437 58 677 744 947 346 61 176 392 388 668 977 440 120 523 583 742 805 426 733 443 468 888 605 480 352 561 129 650 985 95 0 172 
515 301 451 781 823 27 175 200 963 424 211 305 697 848 964 738 348 573 534 878 490 88 66 705 250 714 567 486 608 249 970 756 149 535 461 953 480 866 755 482 530 378 408 73 377 714 509 823 172 0 
