40 4
0 245 317 815 558 51 706 615 555 805 327 574 796 899 294 726 240 558 466 827 470 771 788 579 719 189 536 388 212 374 1000 418 630 160 916 685 156 242 577 628 
245 0 508 408 948 363 558 1 239 934 562 947 952 431 242 245 280 746 647 363 75 104 399 165 488 127 689 571 120 603 47 111 156 88 347 403 548 664 461 721 
317 508 0 325 724 397 934 285 71 399 909 463 483 880 833 510 449 437 242 594 907 90 800 509 622 967 712 852 906 419 703 245 708 474 282 750 579 480 31 437 
815 408 325 0 491 848 292 329 594 84 312 272 970 245 900 296 860 820 740 404 866 735 177 555 152 741 259 860 414 476 338 333 912 422 844 175 601 610 469 39 
558 948 724 491 0 369 948 352 602 743 861 41 26 505 830 402 241 856 84 676 355 369 197 692 162 973 443 365 171 218 479 395 984 722 598 421 496 65 363 580 
51 363 397 848 369 0 981 750 276 712 22 437 769 109 661 677 498 439 559 410 899 833 327 296 499 169 302 789 334 114 319 41 310 312 881 2 16 10 141 774 
706 558 934 292 948 981 0 282 682 584 551 79 447 885 348 173 190 957 687 237 786 494 216 485 553 553 597 251 865 234 479 974 139 810 197 124 353 116 46 520 
615 1 285 329 352 750 282 0 456 193 565 964 751 189 515 567 558 803 943 358 556 376 173 575 207 616 118 135 279 606 153 503 400 222 521 860 368 264 302 942 
555 239 71 594 602 276 682 456 0 512 156 308 49 886 507 581 586 953 269 519 8 45 351 919 321 538 280 483 695 965 517 79 231 13 29 417 242 991 567 390 
805 934 399 84 743 712 584 193 512 0 581 222 116 663 536 314 692 170 690 664 887 134 241 166 50 621 623 118 629 728 954 446 476 645 226 43 1000 363 216 505 
327 562 909 312 861 22 551 565 156 581 0 783 303 459 961 526 840 301 757 304 410 165 1 426 255 279 665 707 156 299 342 104 559 182 572 131 449 644 55 971 
574 947 463 272 41 437 79 964 308 222 783 0 366 903 443 904 24 184 413 429 518 462 849 808 431 903 979 743 14 686 652 920 683 652 652 214 587 246 428 196 
796 952 483 970 26 769 447 751 49 116 303 366 0 805 856 672 548 24 340 591 528 214 91 757 484 705 860 86 864 194 763 893 260 272 183 168 234 141 740 540 
899 431 880 245 505 109 885 189 886 663 459 903 805 0 780 42 620 480 488 307 71 312 884 399 879 707 994 774 314 251 826 161 853 359 784 83 867 70 297 616 
294 242 833 900 830 661 348 515 507 536 961 443 856 780 0 833 430 283 731 705 127 909 51 556 983 626 522 725 278 586 162 850 459 492 714 404 116 741 936 439 
726 245 510 296 402 677 173 567 581 314 526 904 672 42 833 0 972 763 37 375 74 598 567 33 107 179 791 671 341 340 536 149 687 77 22 483 715 359 857 534 
240 280 449 860 241 498 190 558 586 692 840 24 548 620 430 972 0 666 937 711 24 404 833 569 621 166 637 598 630 912 433 677 617 45 138 615 455 505 339 66 
558 746 437 820 856 439 957 803 953 170 301 184 24 480 283 763 666 0 328 558 857 146 778 368 594 633 824 308 691 545 706 855 716 669 348 211 296 140 962 439 
466 647 242 740 84 559 687 943 269 690 757 413 340 488 731 37 937 328 0 136 147 61 972 99 396 471 947 534 571 656 47 8 695 849 154 51 996 409 274 900 
827 363 594 404 676 410 237 358 519 664 304 429 591 307 705 375 711 558 136 0 545 287 769 907 947 574 955 439 848 713 444 925 55 223 957 240 134 481 328 226 
470 75 907 866 355 899 786 556 8 887 410 518 528 71 127 74 24 857 147 545 0 723 514 579 837 881 113 186 271 280 670 964 175 597 793 130 952 156 401 563 
771 104 90 735 369 833 494 376 45 134 165 462 214 312 909 598 404 146 61 287 723 0 776 306 233 51 600 745 230 711 450 687 564 714 737 51 926 792 964 870 
788 399 800 177 197 327 216 173 351 241 1 849 91 884 51 567 833 778 972 769 514 776 0 334 894 660 506 563 290 213 144 158 654 878 300 979 213 613 908 211 
579 165 509 555 692 296 485 575 919 166 426 808 757 399 556 33 569 368 99 907 579 306 334 0 25 239 410 262 243 768 419 841 359 343 663 634 638 666 67 302 
719 488 622 152 162 499 553 207 321 50 255 431 484 879 983 107 621 594 396 947 837 233 894 25 0 449 164 549 187 125 218 846 400 649 649 300 469 351 145 182 
189 127 967 741 973 169 553 616 538 621 279 903 705 707 626 179 166 633 471 574 881 51 660 239 449 0 231 930 820 971 26 447 500 927 555 113 741 35 938 365 
536 689 712 259 443 302 597 118 280 623 665 979 860 994 522 791 637 824 947 955 113 600 506 410 164 231 0 814 229 299 878 684 161 814 516 62 391 70 966 715 
388 571 852 860 365 789 251 135 483 118 707 743 86 774 725 671 598 308 534 439 186 745 563 262 549 930 814 0 505 363 816 306 495 115 601 816 404 100 681 189 
212 120 906 414 171 334 865 279 695 629 156 14 864 314 278 341 630 691 571 848 271 230 290 243 187 820 229 505 0 137 194 614 126 672 321 801 555 818 245 102 
374 603 419 476 218 114 234 606 965 728 299 686 194 251 586 340 912 545 656 713 280 711 213 768 125 971 299 363 137 0 332 462 476 662 706 266 971 149 705 307 
1000 47 703 338 479 319 479 153 517 954 342 652 763 826 162 536 433 706 47 444 670 450 144 419 218 26 878 816 194 332 0 248 244 6 582 567 908 867 352 28 
418 111 245 333 395 41 974 503 79 446 104 920 893 161 850 149 677 855 8 925 964 687 158 841 846 447 684 306 614 462 248 0 300 49 988 669 228 27 825 639 
630 156 708 912 984 310 139 400 231 476 559 683 260 853 459 687 617 716 695 55 175 564 654 359 400 500 161 495 126 476 244 300 0 906 272 136 980 625 540 624 
160 88 474 422 722 312 810 222 13 645 182 652 272 359 492 77 45 669 849 223 597 714 878 343 649 927 814 115 672 662 6 49 906 0 658 127 133 546 981 642 
916 347 282 844 598 881 197 521 29 226 572 652 183 784 714 22 138 348 154 957 793 737 300 663 649 555 516 601 321 706 582 988 272 658 0 614 466 235 946 955 
685 403 750 175 421 2 124 860 417 43 131 214 168 83 404 483 615 211 51 240 130 51 979 634 300 113 62 816 801 266 567 669 136 127 614 0 266 72 505 326 
156 548 579 601 496 16 353 368 242 1000 449 587 234 867 116 715 455 296 996 134 952 926 213 638 469 741 391 404 555 971 908 228 980 133 466 266 0 603 966 44 
242 664 480 610 65 10 116 264 991 363 644 246 141 70 741 359 505 140 409 481 156 792 613 666 351 35 70 100 818 149 867 27 625 546 235 72 603 0 37 650 
577 461 31 469 363 141 46 302 567 216 55 428 740 297 936 857 339 962 274 328 401 964 908 67 145 938 966 681 245 705 352 825 540 981 946 505 966 37 0 36 
628 721 437 39 580 774 520 942 390 505 971 196 540 616 439 534 66 439 900 226 563 870 211 302 182 365 715 189 102 307 28 639 624 642 955 326 44 650 36 0 
0 264 594 840 803 37 579 877 930 72 215 42 968 798 469 893 124 243 629 641 309 498 300 512 627 731 558 622 814 506 338 749 553 248 11 56 61 601 749 825 
264 0 271 667 749 714 456 674 347 476 255 200 463 769 341 457 497 537 570 626 978 244 47 705 584 187 773 227 185 874 387 548 18 72 895 68 276 399 836 108 
594 271 0 129 427 216 862 141 692 81 545 679 479 833 995 741 489 314 908 993 60 473 448 752 530 422 734 520 202 325 140 815 958 894 942 204 247 505 161 931 
840 667 129 0 624 225 929 173 91 631 327 461 863 387 938 343 584 42 692 699 436 761 956 238 402 389 639 662 88 627 426 444 541 353 138 8 132 988 839 247 
803 749 427 624 0 124 755 962 690 116 722 812 220 664 239 21 227 952 653 529 814 741 917 237 897 866 926 56 900 536 206 921 229 579 18 863 982 180 490 530 
37 714 216 225 124 0 315 450 807 945 666 323 438 833 356 748 943 327 9 923 121 727 111 471 274 254 856 533 131 610 756 517 196 180 461 708 682 133 286 972 
579 456 862 929 755 315 0 751 261 405 445 495 635 752 435 331 356 100 822 500 306 326 717 718 171 301 221 698 666 809 868 258 512 92 432 71 71 769 295 158 
877 674 141 173 962 450 751 0 844 293 836 944 771 398 440 948 98 588 141 184 36 340 877 396 529 470 661 383 127 786 697 99 693 941 823 271 389 470 371 29 
930 347 692 91 690 807 261 844 0 333 992 587 372 909 366 559 209 691 705 856 109 708 929 537 714 248 457 221 267 560 51 784 740 826 938 217 774 474 321 996 
72 476 81 631 116 945 405 293 333 0 818 856 406 435 764 90 135 247 35 166 334 577 428 783 137 676 367 528 550 287 707 493 361 845 76 531 558 197 745 196 
215 255 545 327 722 666 445 836 992 818 0 414 457 50 957 730 485 332 222 742 375 590 44 210 105 994 687 846 129 70 241 988 683 418 579 9 570 684 657 460 
42 200 679 461 812 323 495 944 587 856 414 0 732 824 677 175 584 723 792 368 904 764 750 583 107 64 442 549 963 424 431 616 97 731 602 242 448 990 138 968 
968 463 479 863 220 438 635 771 372 406 457 732 0 70 2 520 191 243 174 123 79 335 279 818 478 683 984 9 224 775 783 806 377 832 284 280 980 818 121 243 
798 769 833 387 664 833 752 398 909 435 50 824 70 0 219 876 672 918 6 559 21 612 912 699 943 608 775 618 287 627 265 787 770 699 698 349 283 905 498 458 
469 341 995 938 239 356 435 440 366 764 957 677 2 219 0 722 885 961 812 150 459 454 766 298 491 337 328 92 519 105 206 500 302 203 112 618 947 820 491 774 
893 457 741 343 21 748 331 948 559 90 730 175 520 876 722 0 281 35 827 961 46 180 4 886 530 714 97 928 5 781 850 759 231 826 756 90 179 172 637 583 
124 497 489 584 227 943 356 98 209 135 485 584 191 672 885 281 0 876 223 674 585 662 658 202 973 190 612 578 183 970 126 285 870 103 932 522 288 181 979 102 
243 537 314 42 952 327 100 588 691 247 332 723 243 918 961 35 876 0 64 280 858 57 108 913 744 68 541 531 598 729 159 98 430 673 812 265 738 989 322 919 
629 570 908 692 653 9 822 141 705 35 222 792 174 6 812 827 223 64 0 389 424 44 374 768 415 200 547 289 246 677 120 853 45 670 595 399 582 328 147 70 
641 626 993 699 529 923 500 184 856 166 742 368 123 559 150 961 674 280 389 0 60 620 569 806 627 562 34 640 59 353 838 251 832 893 904 291 405 986 791 883 
309 978 60 436 814 121 306 36 109 334 375 904 79 21 459 46 585 858 424 60 0 236 499 881 642 243 498 835 929 773 565 142 645 191 155 790 890 424 24 750 
498 244 473 761 741 727 326 340 708 577 590 764 335 612 454 180 662 57 44 620 236 0 189 109 259 664 520 639 852 740 556 716 136 660 905 650 94 599 285 812 
300 47 448 956 917 111 717 877 929 428 44 750 279 912 766 4 658 108 374 569 499 189 0 825 567 684 339 999 96 487 780 375 263 648 584 659 948 381 273 193 
512 705 752 238 237 471 718 396 537 783 210 583 818 699 298 886 202 913 768 806 881 109 825 0 951 953 639 211 298 132 885 4 937 879 504 722 316 821 70 627 
627 584 530 402 897 274 171 529 714 137 105 107 478 943 491 530 973 744 415 627 642 259 567 951 0 967 59 342 888 387 459 672 117 178 376 366 916 937 392 674 
731 187 422 389 866 254 301 470 248 676 994 64 683 608 337 714 190 68 200 562 243 664 684 953 967 0 282 676 922 644 945 972 384 701 754 420 52 282 1 836 
558 773 734 639 926 856 221 661 457 367 687 442 984 775 328 97 612 541 547 34 498 520 339 639 59 282 0 110 746 872 716 195 767 96 382 509 627 224 28 825 
622 227 520 662 56 533 698 383 221 528 846 549 9 618 92 928 578 531 289 640 835 639 999 211 342 676 110 0 726 590 465 934 279 230 360 4 401 395 81 927 
814 185 202 88 900 131 666 127 267 550 129 963 224 287 519 5 183 598 246 59 929 852 96 298 888 922 746 726 0 1000 508 727 862 593 95 282 157 149 936 864 
506 874 325 627 536 610 809 786 560 287 70 424 775 627 105 781 970 729 677 353 773 740 487 132 387 644 872 590 1000 0 324 397 358 107 516 55 787 387 621 840 
338 387 140 426 206 756 868 697 51 707 241 431 783 265 206 850 126 159 120 838 565 556 780 885 459 945 716 465 508 324 0 117 996 223 948 334 737 801 169 11 
749 548 815 444 921 517 258 99 784 493 988 616 806 787 500 759 285 98 853 251 142 716 375 4 672 972 195 934 727 397 117 0 409 924 917 703 832 101 718 247 
553 18 958 541 229 196 512 693 740 361 683 97 377 770 302 231 870 430 45 832 645 136 263 937 117 384 767 279 862 358 996 409 0 457 168 272 329 661 461 424 
248 72 894 353 579 180 92 941 826 845 418 731 832 699 203 826 103 673 670 893 191 660 648 879 178 701 96 230 593 107 223 924 457 0 226 218 61 680 548 51 
11 895 942 138 18 461 432 823 938 76 579 602 284 698 112 756 932 812 595 904 155 905 584 504 376 754 382 360 95 516 948 917 168 226 0 158 623 580 382 552 
56 68 204 8 863 708 71 271 217 531 9 242 280 349 618 90 522 265 399 291 790 650 659 722 366 420 509 4 282 55 334 703 272 218 158 0 596 341 528 27 
61 276 247 132 982 682 71 389 774 558 570 448 980 283 947 179 288 738 582 405 890 94 948 316 916 52 627 401 157 787 737 832 329 61 623 596 0 882 372 995 
601 399 505 988 180 133 769 470 474 197 684 990 818 905 820 172 181 989 328 986 424 599 381 821 937 282 224 395 149 387 801 101 661 680 580 341 882 0 695 342 
749 836 161 839 490 286 295 371 321 745 657 138 121 498 491 637 979 322 147 791 24 285 273 70 392 1 28 81 936 621 169 718 461 548 382 528 372 695 0 286 
825 108 931 247 530 972 158 29 996 196 460 968 243 458 774 583 102 919 70 883 750 812 193 627 674 836 825 927 864 840 11 247 424 51 552 27 995 342 286 0 
0 436 455 836 248 212 989 895 459 182 609 497 592 385 500 765 72 545 901 143 182 915 429 578 952 625 443 406 338 705 58 490 462 474 451 400 757 541 834 443 
436 0 414 626 36 920 282 499 152 772 349 725 257 997 126 123 328 162 707 260 877 74 189 837 837 320 561 248 284 511 38 984 479 315 346 44 453 809 900 141 
455 414 0 164 187 387 524 545 48 135 36 433 151 583 569 572 755 978 927 883 122 667 965 935 662 279 257 675 267 384 607 227 694 259 610 182 456 797 874 680 
836 626 164 0 555 712 673 215 918 757 711 821 886 204 834 538 640 634 748 746 787 647 830 496 104 543 640 314 261 230 495 163 446 84 349 553 146 773 726 250 
248 36 187 555 0 579 578 794 827 68 562 816 77 414 75 288 257 787 120 660 541 396 875 513 573 892 923 345 623 262 79 799 573 213 482 779 191 492 350 709 
212 920 387 712 579 0 220 991 867 535 699 814 832 317 122 861 985 346 278 507 65 708 172 887 56 590 810 205 10 460 420 365 554 292 539 719 811 277 498 849 
989 282 524 673 578 220 0 941 198 620 529 361 503 999 117 29 600 775 944 33 244 211 912 958 385 300 775 833 902 937 828 179 497 288 327 169 324 607 353 184 
895 499 545 215 794 991 941 0 113 213 344 950 939 71 316 985 734 687 389 118 24 8 888 878 769 431 575 365 361 568 422 69 77 626 260 348 90 858 620 171 
459 152 48 918 827 867 198 113 0 223 844 373 230 535 372 646 395 359 72 772 48 933 658 838 757 276 237 245 308 672 206 366 248 360 846 873 879 821 459 842 
182 772 135 757 68 535 620 213 223 0 656 720 642 86 878 142 186 4 323 189 197 177 514 954 87 528 71 877 176 14 816 708 260 165 563 377 616 120 740 726 
609 349 36 711 562 699 529 344 844 656 0 267 418 127 779 316 321 678 421 320 714 193 304 105 859 878 443 794 241 273 510 828 127 361 830 211 677 646 785 415 
497 725 433 821 816 814 361 950 373 720 267 0 819 885 453 18 696 489 748 590 784 837 881 340 424 267 696 248 654 302 352 481 348 802 400 1000 192 457 668 472 
592 257 151 886 77 832 503 939 230 642 418 819 0 242 112 961 520 407 277 257 348 82 410 75 900 936 955 213 132 791 400 881 847 774 66 545 670 211 854 120 
385 997 583 204 414 317 999 71 535 86 127 885 242 0 868 486 921 730 132 790 87 537 634 777 898 413 866 783 183 227 477 779 488 495 793 293 619 905 657 792 
500 126 569 834 75 122 117 316 372 878 779 453 112 868 0 572 593 646 584 314 377 84 51 48 552 431 543 295 73 186 102 781 80 37 312 527 930 349 215 609 
765 123 572 538 288 861 29 985 646 142 316 18 961 486 572 0 519 129 649 589 179 212 116 855 176 787 221 344 403 840 420 840 694 762 620 109 172 227 753 886 
72 328 755 640 257 985 600 734 395 186 321 696 520 921 593 519 0 775 79 454 261 675 478 261 808 468 582 486 503 836 421 420 791 309 954 605 530 223 795 283 
545 162 978 634 787 346 775 687 359 4 678 489 407 730 646 129 775 0 434 591 550 198 174 945 857 706 742 340 215 813 646 649 166 914 796 177 26 707 254 463 
901 707 927 748 120 278 944 389 72 323 421 748 277 132 584 649 79 434 0 457 745 418 491 669 434 255 40 557 355 34 236 530 73 725 525 195 221 2 431 438 
143 260 883 746 660 507 33 118 772 189 320 590 257 790 314 589 454 591 457 0 81 382 777 424 153 408 65 331 381 331 980 633 989 345 937 63 455 531 993 680 
182 877 122 787 541 65 244 24 48 197 714 784 348 87 377 179 261 550 745 81 0 112 674 943 328 237 221 526 621 560 506 633 310 18 373 639 518 434 221 685 
915 74 667 647 396 708 211 8 933 177 193 837 82 537 84 212 675 198 418 382 112 0 956 181 477 733 526 954 387 361 144 804 320 440 946 458 59 404 11 411 
429 189 965 830 875 172 912 888 658 514 304 881 410 634 51 116 478 174 491 777 674 956 0 486 377 211 264 808 235 389 345 607 455 189 152 655 599 346 440 782 
578 837 935 496 513 887 958 878 838 954 105 340 75 777 48 855 261 945 669 424 943 181 486 0 836 748 832 527 104 697 279 181 738 273 136 623 116 554 67 795 
952 837 662 104 573 56 385 769 757 87 859 424 900 898 552 176 808 857 434 153 328 477 377 836 0 561 120 636 98 759 518 327 106 658 148 641 968 623 828 800 
625 320 279 543 892 590 300 431 276 528 878 267 936 413 431 787 468 706 255 408 237 733 211 748 561 0 879 807 212 599 497 833 842 649 138 946 334 48 664 590 
443 561 257 640 923 810 775 575 237 71 443 696 955 866 543 221 582 742 40 65 221 526 264 832 120 879 0 8 680 776 833 756 199 224 975 428 367 126 687 561 
406 248 675 314 345 205 833 365 245 877 794 248 213 783 295 344 486 340 557 331 526 954 808 527 636 807 8 0 707 422 726 768 250 213 346 110 189 275 490 829 
338 284 267 261 623 10 902 361 308 176 241 654 132 183 73 403 503 215 355 381 621 387 235 104 98 212 680 707 0 713 678 869 365 272 396 638 419 225 858 149 
705 511 384 230 262 460 937 568 672 14 273 302 791 227 186 840 836 813 34 331 560 361 389 697 759 599 776 422 713 0 142 281 26 343 69 778 951 381 826 675 
58 38 607 495 79 420 828 422 206 816 510 352 400 477 102 420 421 646 236 980 506 144 345 279 518 497 833 726 678 142 0 751 954 823 789 392 740 821 595 197 
490 984 227 163 799 365 179 69 366 708 828 481 881 779 781 840 420 649 530 633 633 804 607 181 327 833 756 768 869 281 751 0 545 678 721 540 557 188 955 885 
462 479 694 446 573 554 497 77 248 260 127 348 847 488 80 694 791 166 73 989 310 320 455 738 106 842 199 250 365 26 954 545 0 781 494 65 964 458 20 489 
474 315 259 84 213 292 288 626 360 165 361 802 774 495 37 762 309 914 725 345 18 440 189 273 658 649 224 213 272 343 823 678 781 0 785 449 272 497 391 649 
451 346 610 349 482 539 327 260 846 563 830 400 66 793 312 620 954 796 525 937 373 946 152 136 148 138 975 346 396 69 789 721 494 785 0 173 837 693 99 888 
400 44 182 553 779 719 169 348 873 377 211 1000 545 293 527 109 605 177 195 63 639 458 655 623 641 946 428 110 638 778 392 540 65 449 173 0 735 755 451 88 
757 453 456 146 191 811 324 90 879 616 677 192 670 619 930 172 530 26 221 455 518 59 599 116 968 334 367 189 419 951 740 557 964 272 837 735 0 865 86 982 
541 809 797 773 492 277 607 858 821 120 646 457 211 905 349 227 223 707 2 531 434 404 346 554 623 48 126 275 225 381 821 188 458 497 693 755 865 0 560 384 
834 900 874 726 350 498 353 620 459 740 785 668 854 657 215 753 795 254 431 993 221 11 440 67 828 664 687 490 858 826 595 955 20 391 99 451 86 560 0 270 
443 141 680 250 709 849 184 171 842 726 415 472 120 792 609 886 283 463 438 680 685 411 782 795 800 590 561 829 149 675 197 885 489 649 888 88 982 384 270 0 
0 338 424 544 949 401 941 940 833 731 41 490 571 543 590 959 453 288 794 576 414 313 451 689 127 745 601 350 732 68 564 612 641 201 295 409 46 503 662 608 
338 0 138 746 602 442 836 485 674 608 187 290 508 951 340 24 546 40 289 477 624 1 357 949 590 131 662 140 600 676 586 656 388 462 695 705 26 840 827 355 
424 138 0 345 511 462 526 305 304 496 976 409 885 833 937 288 776 833 551 701 76 840 869 409 655 1000 471 720 492 911 291 747 898 800 996 298 184 577 475 411 
544 746 345 0 948 706 943 888 179 584 156 727 495 134 605 583 411 179 801 403 475 220 645 26 332 820 525 155 77 607 932 825 432 464 416 22 433 967 467 631 
949 602 511 948 0 478 681 391 597 263 682 131 335 512 109 162 209 411 696 424 887 820 497 478 230 574 686 179 725 371 281 589 200 564 80 765 812 321 210 760 
401 442 462 706 478 0 530 697 173 593 167 468 51 645 701 491 758 193 847 301 650 375 334 492 133 170 885 476 260 886 833 548 427 277 475 997 110 296 695 861 
941 836 526 943 681 530 0 354 171 739 594 668 597 329 701 710 276 145 939 267 191 316 138 848 196 734 477 818 505 653 355 69 903 221 267 539 126 950 390 541 
940 485 305 888 391 697 354 0 859 230 448 416 734 221 251 913 428 804 272 159 134 835 440 628 514 263 408 622 151 655 296 143 76 378 250 838 105 133 309 662 
833 674 304 179 597 173 171 859 0 382 727 682 487 690 341 507 39 463 973 832 454 276 910 558 499 323 434 146 163 376 207 852 405 61 359 528 446 657 501 807 
731 608 496 584 263 593 739 230 382 0 987 974 753 561 442 269 511 611 629 90 727 738 938 702 701 509 728 932 314 597 157 661 281 623 440 500 624 455 840 34 
41 187 976 156 682 167 594 448 727 987 0 967 951 333 988 536 768 18 278 385 232 550 127 756 276 573 538 479 526 686 435 472 889 54 457 296 691 602 805 604 
490 290 409 727 131 468 668 416 682 974 967 0 434 632 703 801 360 182 642 481 480 613 826 812 389 354 363 55 834 430 266 909 387 939 856 689 636 823 483 754 
571 508 885 495 335 51 597 734 487 753 951 434 0 677 522 795 473 225 621 789 3 731 464 555 579 502 988 400 106 502 858 415 442 102 629 269 878 217 501 642 
543 951 833 134 512 645 329 221 690 561 333 632 677 0 324 975 777 618 133 669 48 863 656 392 842 935 679 224 606 863 46 47 985 942 454 262 601 856 658 472 
590 340 937 605 109 701 701 251 341 442 988 703 522 324 0 621 375 647 555 21 82 254 530 121 571 238 897 32 313 92 73 458 417 206 71 404 922 870 512 964 
959 24 288 583 162 491 710 913 507 269 536 801 795 975 621 0 395 374 680 695 103 548 41 940 471 574 297 316 698 464 962 703 8 938 464 210 273 763 311 313 
453 546 776 411 209 758 276 428 39 511 768 360 473 777 375 395 0 853 137 83 721 948 451 416 964 229 893 342 390 869 257 313 622 11 917 612 184 506 544 355 
288 40 833 179 411 193 145 804 463 611 18 182 225 618 647 374 853 0 688 552 298 344 147 739 458 120 469 274 644 638 552 233 267 541 458 450 398 631 168 872 
794 289 551 801 696 847 939 272 973 629 278 642 621 133 555 680 137 688 0 211 166 605 498 789 687 309 930 810 209 803 125 434 323 638 236 548 428 60 76 272 
576 477 701 403 424 301 267 159 832 90 385 481 789 669 21 695 83 552 211 0 309 534 234 589 895 665 333 784 107 356 754 785 686 732 939 806 586 854 688 887 
414 624 76 475 887 650 191 134 454 727 232 480 3 48 82 103 721 298 166 309 0 249 826 192 8 543 704 588 162 731 604 404 699 298 447 596 967 264 151 381 
313 1 840 220 820 375 316 835 276 738 550 613 731 863 254 548 948 344 605 534 249 0 453 165 590 424 666 318 761 613 145 821 629 398 913 864 376 528 173 947 
451 357 869 645 497 334 138 440 910 938 127 826 464 656 530 41 451 147 498 234 826 453 0 909 377 880 315 638 294 826 450 186 656 394 552 736 998 39 12 165 
689 949 409 26 478 492 848 628 558 702 756 812 555 392 121 940 416 739 789 589 192 165 909 0 464 923 578 652 623 498 942 58 853 560 756 395 56 698 264 570 
127 590 655 332 230 133 196 514 499 701 276 389 579 842 571 471 964 458 687 895 8 590 377 464 0 158 625 577 800 530 305 828 312 493 463 471 949 645 333 768 
745 131 1000 820 574 170 734 263 323 509 573 354 502 935 238 574 229 120 309 665 543 424 880 923 158 0 906 255 894 743 720 751 321 692 509 665 490 602 20 446 
601 662 471 525 686 885 477 408 434 728 538 363 988 679 897 297 893 469 930 333 704 666 315 578 625 906 0 167 384 896 845 402 759 414 613 597 640 282 60 473 
350 140 720 155 179 476 818 622 146 932 479 55 400 224 32 316 342 274 810 784 588 318 638 652 577 255 167 0 88 461 369 893 21 262 308 39 206 316 632 722 
732 600 492 77 725 260 505 151 163 314 526 834 106 606 313 698 390 644 209 107 162 761 294 623 800 894 384 88 0 758 413 996 805 612 393 444 41 257 640 844 
68 676 911 607 371 886 653 655 376 597 686 430 502 863 92 464 869 638 803 356 731 613 826 498 530 743 896 461 758 0 924 729 841 427 821 228 644 377 888 263 
564 586 291 932 281 833 355 296 207 157 435 266 858 46 73 962 257 552 125 754 604 145 450 942 305 720 845 369 413 924 0 174 518 521 442 555 953 181 746 410 
612 656 747 825 589 548 69 143 852 661 472 909 415 47 458 703 313 233 434 785 404 821 186 58 828 751 402 893 996 729 174 0 482 584 917 281 761 375 379 241 
641 388 898 432 200 427 903 76 405 281 889 387 442 985 417 8 622 267 323 686 699 629 656 853 312 321 759 21 805 841 518 482 0 10 328 520 582 389 265 311 
201 462 800 464 564 277 221 378 61 623 54 939 102 942 206 938 11 541 638 732 298 398 394 560 493 692 414 262 612 427 521 584 10 0 732 491 449 615 142 196 
295 695 996 416 80 475 267 250 359 440 457 856 629 454 71 464 917 458 236 939 447 913 552 756 463 509 613 308 393 821 442 917 328 732 0 387 813 502 674 842 
409 705 298 22 765 997 539 838 528 500 296 689 269 262 404 210 612 450 548 806 596 864 736 395 471 665 597 39 444 228 555 281 520 491 387 0 780 603 482 78 
46 26 184 433 812 110 126 105 446 624 691 636 878 601 922 273 184 398 428 586 967 376 998 56 949 490 640 206 41 644 953 761 582 449 813 780 0 784 691 688 
503 840 577 967 321 296 950 133 657 455 602 823 217 856 870 763 506 631 60 854 264 528 39 698 645 602 282 316 257 377 181 375 389 615 502 603 784 0 776 187 
662 827 475 467 210 695 390 309 501 840 805 483 501 658 512 311 544 168 76 688 151 173 12 264 333 20 60 632 640 888 746 379 265 142 674 482 691 776 0 225 
608 355 411 631 760 861 541 662 807 34 604 754 642 472 964 313 355 872 272 887 381 947 165 570 768 446 473 722 844 263 410 241 311 196 842 78 688 187 225 0 
0 322 846 960 424 581 824 669 270 606 212 34 961 125 522 915 445 303 884 771 281 407 235 685 751 835 727 298 973 786 954 829 581 515 152 139 172 419 485 651 
322 0 475 229 816 895 110 589 593 499 228 642 5 637 333 686 808 513 526 806 545 456 44 708 883 711 369 175 178 760 480 392 215 34 253 165 520 357 841 366 
846 475 0 433 655 440 486 304 752 120 377 319 545 859 687 800 227 512 990 950 224 680 304 490 759 388 636 117 417 99 2 611 876 275 477 374 585 359 506 503 
960 229 433 0 351 287 925 189 23 410 818 676 849 664 776 353 467 210 271 934 387 545 793 475 688 405 890 260 916 947 452 797 613 522 528 33 594 945 609 103 
424 816 655 351 0 686 793 748 824 73 558 902 269 454 807 521 387 628 374 281 763 525 618 7 793 878 819 572 968 940 116 127 340 779 299 504 388 1 287 225 
581 895 440 287 686 0 441 569 794 895 348 282 106 601 884 798 692 475 859 768 299 422 414 393 125 480 891 302 92 947 429 684 189 49 582 544 980 16 274 429 
824 110 486 925 793 441 0 811 972 253 249 846 548 734 724 872 321 501 802 967 739 172 391 179 610 76 712 708 762 460 418 104 866 183 525 72 60 688 537 497 
669 589 304 189 748 569 811 0 516 237 873 906 925 152 666 327 36 386 684 90 623 871 596 231 747 415 799 585 333 942 133 652 396 962 712 541 752 708 389 279 
270 593 752 23 824 794 972 516 0 715 890 342 1000 842 211 567 784 517 201 334 466 558 165 622 518 447 244 306 498 329 13 422 583 356 771 860 947 745 236 589 
606 499 120 410 73 895 253 237 715 0 867 331 87 381 677 204 38 782 376 236 492 527 652 771 234 621 460 325 104 884 99 302 499 891 67 452 290 423 681 364 
212 228 377 818 558 348 249 873 890 867 0 338 227 87 789 400 448 804 460 733 505 645 314 289 842 770 573 872 322 529 652 796 798 607 65 329 263 476 970 528 
34 642 319 676 902 282 846 906 342 331 338 0 776 870 726 489 621 641 835 6 472 530 999 698 155 180 523 779 878 90 856 809 312 810 803 238 847 106 238 617 
961 5 545 849 269 106 548 925 1000 87 227 776 0 611 51 817 346 174 116 342 557 912 137 970 113 540 939 688 466 204 358 779 161 914 224 169 722 595 21 722 
125 637 859 664 454 601 734 152 842 381 87 870 611 0 508 34 979 554 129 294 519 813 664 599 920 581 879 924 626 459 102 514 329 507 689 14 146 793 330 276 
522 333 687 776 807 884 724 666 211 677 789 726 51 508 0 613 464 596 700 166 657 602 827 334 348 701 260 82 206 605 83 101 609 215 323 963 867 397 932 340 
915 686 800 353 521 798 872 327 567 204 400 489 817 34 613 0 505 128 949 844 355 451 284 877 532 389 152 714 167 934 979 851 138 950 813 388 723 917 573 449 
445 808 227 467 387 692 321 36 784 38 448 621 346 979 464 505 0 542 383 323 983 79 891 562 780 541 357 808 463 517 268 7 553 96 853 361 106 390 955 629 
303 513 512 210 628 475 501 386 517 782 804 641 174 554 596 128 542 0 207 366 483 794 930 893 424 55 588 927 874 582 452 184 744 47 631 272 660 438 241 492 
884 526 990 271 374 859 802 684 201 376 460 835 116 129 700 949 383 207 0 563 744 187 450 851 216 401 341 667 164 727 609 505 393 557 425 869 125 895 246 75 
771 806 950 934 281 768 967 90 334 236 733 6 342 294 166 844 323 366 563 0 130 463 199 346 3 865 688 205 329 39 867 448 923 501 101 111 255 454 502 846 
281 545 224 387 763 299 739 623 466 492 505 472 557 519 657 355 983 483 744 130 0 113 192 690 947 36 444 825 623 526 545 117 105 10 155 455 466 695 42 936 
407 456 680 545 525 422 172 871 558 527 645 530 912 813 602 451 79 794 187 463 113 0 311 402 184 960 631 640 356 181 881 526 284 664 725 524 245 321 859 769 
235 44 304 793 618 414 391 596 165 652 314 999 137 664 827 284 891 930 450 199 192 311 0 787 249 670 459 635 396 335 687 538 895 612 615 924 831 703 471 302 
685 708 490 475 7 393 179 231 622 771 289 698 970 599 334 877 562 893 851 346 690 402 787 0 307 978 226 353 332 320 829 2 511 911 39 867 248 684 6 728 
751 883 759 688 793 125 610 747 518 234 842 155 113 920 348 532 780 424 216 3 947 184 249 307 0 180 247 242 685 268 395 393 469 405 353 683 892 952 337 885 
835 711 388 405 878 480 76 415 447 621 770 180 540 581 701 389 541 55 401 865 36 960 670 978 180 0 407 868 849 292 852 332 870 897 865 70 168 821 264 837 
727 369 636 890 819 891 712 799 244 460 573 523 939 879 260 152 357 588 341 688 444 631 459 226 247 407 0 346 671 871 436 301 371 111 558 391 864 100 66 258 
298 175 117 260 572 302 708 585 306 325 872 779 688 924 82 714 808 927 667 205 825 640 635 353 242 868 346 0 730 809 802 543 63 124 679 325 365 41 22 264 
973 178 417 916 968 92 762 333 498 104 322 878 466 626 206 167 463 874 164 329 623 356 396 332 685 849 671 730 0 235 254 577 875 237 129 846 207 285 372 337 
786 760 99 947 940 947 460 942 329 884 529 90 204 459 605 934 517 582 727 39 526 181 335 320 268 292 871 809 235 0 469 802 144 205 829 198 292 146 804 742 
954 480 2 452 116 429 418 133 13 99 652 856 358 102 83 979 268 452 609 867 545 881 687 829 395 852 436 802 254 469 0 233 950 736 150 176 837 494 324 515 
829 392 611 797 127 684 104 652 422 302 796 809 779 514 101 851 7 184 505 448 117 526 538 2 393 332 301 543 577 802 233 0 143 841 987 794 695 390 193 535 
581 215 876 613 340 189 866 396 583 499 798 312 161 329 609 138 553 744 393 923 105 284 895 511 469 870 371 63 875 144 950 143 0 822 252 36 233 833 607 279 
515 34 275 522 779 49 183 962 356 891 607 810 914 507 215 950 96 47 557 501 10 664 612 911 405 897 111 124 237 205 736 841 822 0 214 246 678 712 67 40 
152 253 477 528 299 582 525 712 771 67 65 803 224 689 323 813 853 631 425 101 155 725 615 39 353 865 558 679 129 829 150 987 252 214 0 22 571 609 253 83 
139 165 374 33 504 544 72 541 860 452 329 238 169 14 963 388 361 272 869 111 455 524 924 867 683 70 391 325 846 198 176 794 36 246 22 0 187 799 884 108 
172 520 585 594 388 980 60 752 947 290 263 847 722 146 867 723 106 660 125 255 466 245 831 248 892 168 864 365 207 292 837 695 233 678 571 187 0 875 267 407 
419 357 359 945 1 16 688 708 745 423 476 106 595 793 397 917 390 438 895 454 695 321 703 684 952 821 100 41 285 146 494 390 833 712 609 799 875 0 468 760 
485 841 506 609 287 274 537 389 236 681 970 238 21 330 932 573 955 241 246 502 42 859 471 6 337 264 66 22 372 804 324 193 607 67 253 884 267 468 0 303 
651 366 503 103 225 429 497 279 589 364 528 617 722 276 340 449 629 492 75 846 936 769 302 728 885 837 258 264 337 742 515 535 279 40 83 108 407 760 303 0 
