5 4
0 771 544 977 248 
771 0 574 244 593 
544 574 0 691 433 
977 244 691 0 73 
248 593 433 73 0 
0 689 441 533 659 
689 0 732 698 267 
441 732 0 62 836 
533 698 62 0 940 
659 267 836 940 0 
0 56 593 954 108 
56 0 11 615 905 
593 11 0 891 318 
954 615 891 0 296 
108 905 318 296 0 
0 537 686 454 384 
537 0 204 242 249 
686 204 0 457 295 
454 242 457 0 294 
384 249 295 294 0 
0 655 511 211 453 
655 0 105 788 750 
511 105 0 638 568 
211 788 638 0 143 
453 750 568 143 0 
