30 3
0 256 896 102 966 87 881 831 280 747 147 143 982 233 338 988 406 197 604 172 278 687 292 833 820 100 966 657 295 392 
256 0 14 715 114 668 654 715 316 505 712 877 378 326 942 874 327 575 643 950 145 533 811 793 500 480 321 609 349 376 
896 14 0 215 99 445 779 994 937 939 376 696 4 736 620 694 230 472 438 77 478 336 103 218 903 15 500 965 425 79 
102 715 215 0 151 448 112 584 143 244 480 119 430 864 672 457 108 28 182 198 514 40 474 142 943 502 948 182 461 154 
966 114 99 151 0 941 312 698 80 80 174 998 833 563 889 853 384 881 73 621 848 554 702 762 896 445 651 229 741 122 
87 668 445 448 941 0 212 449 761 385 226 483 89 817 67 60 426 548 973 288 354 547 625 263 868 147 500 334 833 133 
881 654 779 112 312 212 0 140 583 750 993 944 826 969 536 858 231 823 430 414 473 632 811 70 234 147 950 66 867 786 
831 715 994 584 698 449 140 0 674 711 175 78 472 481 829 721 886 848 175 763 477 932 353 982 210 147 390 452 763 177 
280 316 937 143 80 761 583 674 0 501 334 402 857 183 164 657 692 958 566 556 882 567 301 576 853 354 567 210 47 108 
747 505 939 244 80 385 750 711 501 0 994 136 674 731 949 272 90 881 877 203 72 633 393 468 467 483 133 735 741 745 
147 712 376 480 174 226 993 175 334 994 0 875 399 935 555 252 482 123 499 584 168 198 153 354 767 79 116 700 969 880 
143 877 696 119 998 483 944 78 402 136 875 0 758 879 932 868 996 40 926 195 61 368 840 510 933 360 56 555 427 133 
982 378 4 430 833 89 826 472 857 674 399 758 0 776 207 463 512 315 312 1 482 697 74 414 462 938 319 507 976 219 
233 326 736 864 563 817 969 481 183 731 935 879 776 0 733 281 308 175 109 545 550 309 353 204 202 542 329 671 570 864 
338 942 620 672 889 67 536 829 164 949 555 932 207 733 0 200 661 112 496 405 893 644 19 959 431 274 854 463 72 356 
988 874 694 457 853 60 858 721 657 272 252 868 463 281 200 0 375 811 783 644 637 432 64 436 976 835 81 663 937 512 
406 327 230 108 384 426 231 886 692 90 482 996 512 308 661 375 0 471 138 100 949 540 211 256 121 213 521 817 190 149 
197 575 472 28 881 548 823 848 958 881 123 40 315 175 112 811 471 0 298 222 553 24 938 852 485 881 509 651 448 998 
604 643 438 182 73 973 430 175 566 877 499 926 312 109 496 783 138 298 0 968 927 323 648 676 857 429 445 371 161 917 
172 950 77 198 621 288 414 763 556 203 584 195 1 545 405 644 100 222 968 0 86 982 406 936 593 396 553 3 899 58 
278 145 478 514 848 354 473 477 882 72 168 61 482 550 893 637 949 553 927 86 0 372 173 804 668 11 109 869 376 871 
687 533 336 40 554 547 632 932 567 633 198 368 697 309 644 432 540 24 323 982 372 0 310 714 687 507 726 260 601 690 
292 811 103 474 702 625 811 353 301 393 153 840 74 353 19 64 211 938 648 406 173 310 0 379 93 763 349 564 285 286 
833 793 218 142 762 263 70 982 576 468 354 510 414 204 959 436 256 852 676 936 804 714 379 0 717 530 948 787 648 165 
820 500 903 943 896 868 234 210 853 467 767 933 462 202 431 976 121 485 857 593 668 687 93 717 0 686 768 682 927 756 
100 480 15 502 445 147 147 147 354 483 79 360 938 542 274 835 213 881 429 396 11 507 763 530 686 0 428 562 299 865 
966 321 500 948 651 500 950 390 567 133 116 56 319 329 854 81 521 509 445 553 109 726 349 948 768 428 0 729 243 791 
657 609 965 182 229 334 66 452 210 735 700 555 507 671 463 663 817 651 371 3 869 260 564 787 682 562 729 0 907 888 
295 349 425 461 741 833 867 763 47 741 969 427 976 570 72 937 190 448 161 899 376 601 285 648 927 299 243 907 0 875 
392 376 79 154 122 133 786 177 108 745 880 133 219 864 356 512 149 998 917 58 871 690 286 165 756 865 791 888 875 0 
0 457 353 776 15 762 647 568 222 513 671 987 498 838 62 974 970 389 422 788 842 27 823 950 394 547 511 485 792 641 
457 0 717 200 366 627 984 14 367 871 227 287 453 421 446 255 82 960 515 556 639 822 220 775 409 383 699 375 533 907 
353 717 0 230 612 699 255 855 427 179 458 52 335 882 813 26 51 154 37 374 711 997 113 296 543 264 586 235 899 871 
776 200 230 0 765 303 44 44 716 149 71 963 428 662 921 689 95 893 812 602 345 918 444 534 66 755 754 512 189 336 
15 366 612 765 0 151 842 180 94 234 560 126 800 875 440 170 611 171 342 47 999 425 881 566 307 968 986 169 728 718 
762 627 699 303 151 0 677 823 366 820 547 312 632 829 778 152 137 147 498 261 899 939 12 1000 736 828 344 454 320 273 
647 984 255 44 842 677 0 656 280 929 405 813 233 496 282 459 960 851 307 270 551 361 214 161 963 92 412 308 600 39 
568 14 855 44 180 823 656 0 262 804 86 178 896 802 163 281 779 270 81 26 38 558 576 610 929 622 916 737 871 801 
222 367 427 716 94 366 280 262 0 225 722 531 586 651 967 103 772 497 126 719 517 919 919 548 307 30 732 88 559 402 
513 871 179 149 234 820 929 804 225 0 126 697 728 400 863 850 380 333 961 737 287 955 75 644 772 132 453 124 46 143 
671 227 458 71 560 547 405 86 722 126 0 337 580 616 963 598 374 684 945 871 900 612 800 679 904 315 493 140 582 861 
987 287 52 963 126 312 813 178 531 697 337 0 877 13 857 762 486 295 520 265 458 426 951 465 817 436 236 656 611 953 
498 453 335 428 800 632 233 896 586 728 580 877 0 364 580 738 403 3 183 388 625 113 527 160 745 339 924 778 579 336 
838 421 882 662 875 829 496 802 651 400 616 13 364 0 142 240 366 141 231 614 468 204 87 82 590 595 697 316 594 697 
62 446 813 921 440 778 282 163 967 863 963 857 580 142 0 605 499 889 160 827 213 461 629 506 370 781 935 108 800 764 
974 255 26 689 170 152 459 281 103 850 598 762 738 240 605 0 613 524 901 330 650 80 216 982 701 930 488 996 145 564 
970 82 51 95 611 137 960 779 772 380 374 486 403 366 499 613 0 861 436 786 402 539 702 286 143 765 577 107 404 370 
389 960 154 893 171 147 851 270 497 333 684 295 3 141 889 524 861 0 855 569 936 593 868 579 23 3 220 858 102 618 
422 515 37 812 342 498 307 81 126 961 945 520 183 231 160 901 436 855 0 866 863 732 620 120 916 924 986 286 654 584 
788 556 374 602 47 261 270 26 719 737 871 265 388 614 827 330 786 569 866 0 125 38 566 367 169 207 15 144 715 532 
842 639 711 345 999 899 551 38 517 287 900 458 625 468 213 650 402 936 863 125 0 571 555 677 805 158 26 159 124 44 
27 822 997 918 425 939 361 558 919 955 612 426 113 204 461 80 539 593 732 38 571 0 9 848 315 249 665 251 357 878 
823 220 113 444 881 12 214 576 919 75 800 951 527 87 629 216 702 868 620 566 555 9 0 453 648 413 124 478 8 101 
950 775 296 534 566 1000 161 610 548 644 679 465 160 82 506 982 286 579 120 367 677 848 453 0 516 780 180 782 299 48 
394 409 543 66 307 736 963 929 307 772 904 817 745 590 370 701 143 23 916 169 805 315 648 516 0 727 779 771 954 336 
547 383 264 755 968 828 92 622 30 132 315 436 339 595 781 930 765 3 924 207 158 249 413 780 727 0 855 589 358 6 
511 699 586 754 986 344 412 916 732 453 493 236 924 697 935 488 577 220 986 15 26 665 124 180 779 855 0 156 802 318 
485 375 235 512 169 454 308 737 88 124 140 656 778 316 108 996 107 858 286 144 159 251 478 782 771 589 156 0 834 754 
792 533 899 189 728 320 600 871 559 46 582 611 579 594 800 145 404 102 654 715 124 357 8 299 954 358 802 834 0 108 
641 907 871 336 718 273 39 801 402 143 861 953 336 697 764 564 370 618 584 532 44 878 101 48 336 6 318 754 108 0 
0 457 353 776 15 762 647 568 222 513 671 987 498 838 62 974 970 389 422 788 842 27 823 950 394 547 511 485 792 641 
457 0 717 200 366 627 984 14 367 871 227 287 453 421 446 255 82 960 515 556 639 822 220 775 409 383 699 375 533 907 
353 717 0 230 612 699 255 855 427 179 458 52 335 882 813 26 51 154 37 374 711 997 113 296 543 264 586 235 899 871 
776 200 230 0 765 303 44 44 716 149 71 963 428 662 921 689 95 893 812 602 345 918 444 534 66 755 754 512 189 336 
15 366 612 765 0 151 842 180 94 234 560 126 800 875 440 170 611 171 342 47 999 425 881 566 307 968 986 169 728 718 
762 627 699 303 151 0 677 823 366 820 547 312 632 829 778 152 137 147 498 261 899 939 12 1000 736 828 344 454 320 273 
647 984 255 44 842 677 0 656 280 929 405 813 233 496 282 459 960 851 307 270 551 361 214 161 963 92 412 308 600 39 
568 14 855 44 180 823 656 0 262 804 86 178 896 802 163 281 779 270 81 26 38 558 576 610 929 622 916 737 871 801 
222 367 427 716 94 366 280 262 0 225 722 531 586 651 967 103 772 497 126 719 517 919 919 548 307 30 732 88 559 402 
513 871 179 149 234 820 929 804 225 0 126 697 728 400 863 850 380 333 961 737 287 955 75 644 772 132 453 124 46 143 
671 227 458 71 560 547 405 86 722 126 0 337 580 616 963 598 374 684 945 871 900 612 800 679 904 315 493 140 582 861 
987 287 52 963 126 312 813 178 531 697 337 0 877 13 857 762 486 295 520 265 458 426 951 465 817 436 236 656 611 953 
498 453 335 428 800 632 233 896 586 728 580 877 0 364 580 738 403 3 183 388 625 113 527 160 745 339 924 778 579 336 
838 421 882 662 875 829 496 802 651 400 616 13 364 0 142 240 366 141 231 614 468 204 87 82 590 595 697 316 594 697 
62 446 813 921 440 778 282 163 967 863 963 857 580 142 0 605 499 889 160 827 213 461 629 506 370 781 935 108 800 764 
974 255 26 689 170 152 459 281 103 850 598 762 738 240 605 0 613 524 901 330 650 80 216 982 701 930 488 996 145 564 
970 82 51 95 611 137 960 779 772 380 374 486 403 366 499 613 0 861 436 786 402 539 702 286 143 765 577 107 404 370 
389 960 154 893 171 147 851 270 497 333 684 295 3 141 889 524 861 0 855 569 936 593 868 579 23 3 220 858 102 618 
422 515 37 812 342 498 307 81 126 961 945 520 183 231 160 901 436 855 0 866 863 732 620 120 916 924 986 286 654 584 
788 556 374 602 47 261 270 26 719 737 871 265 388 614 827 330 786 569 866 0 125 38 566 367 169 207 15 144 715 532 
842 639 711 345 999 899 551 38 517 287 900 458 625 468 213 650 402 936 863 125 0 571 555 677 805 158 26 159 124 44 
27 822 997 918 425 939 361 558 919 955 612 426 113 204 461 80 539 593 732 38 571 0 9 848 315 249 665 251 357 878 
823 220 113 444 881 12 214 576 919 75 800 951 527 87 629 216 702 868 620 566 555 9 0 453 648 413 124 478 8 101 
950 775 296 534 566 1000 161 610 548 644 679 465 160 82 506 982 286 579 120 367 677 848 453 0 516 780 180 782 299 48 
394 409 543 66 307 736 963 929 307 772 904 817 745 590 370 701 143 23 916 169 805 315 648 516 0 727 779 771 954 336 
547 383 264 755 968 828 92 622 30 132 315 436 339 595 781 930 765 3 924 207 158 249 413 780 727 0 855 589 358 6 
511 699 586 754 986 344 412 916 732 453 493 236 924 697 935 488 577 220 986 15 26 665 124 180 779 855 0 156 802 318 
485 375 235 512 169 454 308 737 88 124 140 656 778 316 108 996 107 858 286 144 159 251 478 782 771 589 156 0 834 754 
792 533 899 189 728 320 600 871 559 46 582 611 579 594 800 145 404 102 654 715 124 357 8 299 954 358 802 834 0 108 
641 907 871 336 718 273 39 801 402 143 861 953 336 697 764 564 370 618 584 532 44 878 101 48 336 6 318 754 108 0 
0 457 353 776 15 762 647 568 222 513 671 987 498 838 62 974 970 389 422 788 842 27 823 950 394 547 511 485 792 641 
457 0 717 200 366 627 984 14 367 871 227 287 453 421 446 255 82 960 515 556 639 822 220 775 409 383 699 375 533 907 
353 717 0 230 612 699 255 855 427 179 458 52 335 882 813 26 51 154 37 374 711 997 113 296 543 264 586 235 899 871 
776 200 230 0 765 303 44 44 716 149 71 963 428 662 921 689 95 893 812 602 345 918 444 534 66 755 754 512 189 336 
15 366 612 765 0 151 842 180 94 234 560 126 800 875 440 170 611 171 342 47 999 425 881 566 307 968 986 169 728 718 
762 627 699 303 151 0 677 823 366 820 547 312 632 829 778 152 137 147 498 261 899 939 12 1000 736 828 344 454 320 273 
647 984 255 44 842 677 0 656 280 929 405 813 233 496 282 459 960 851 307 270 551 361 214 161 963 92 412 308 600 39 
568 14 855 44 180 823 656 0 262 804 86 178 896 802 163 281 779 270 81 26 38 558 576 610 929 622 916 737 871 801 
222 367 427 716 94 366 280 262 0 225 722 531 586 651 967 103 772 497 126 719 517 919 919 548 307 30 732 88 559 402 
513 871 179 149 234 820 929 804 225 0 126 697 728 400 863 850 380 333 961 737 287 955 75 644 772 132 453 124 46 143 
671 227 458 71 560 547 405 86 722 126 0 337 580 616 963 598 374 684 945 871 900 612 800 679 904 315 493 140 582 861 
987 287 52 963 126 312 813 178 531 697 337 0 877 13 857 762 486 295 520 265 458 426 951 465 817 436 236 656 611 953 
498 453 335 428 800 632 233 896 586 728 580 877 0 364 580 738 403 3 183 388 625 113 527 160 745 339 924 778 579 336 
838 421 882 662 875 829 496 802 651 400 616 13 364 0 142 240 366 141 231 614 468 204 87 82 590 595 697 316 594 697 
62 446 813 921 440 778 282 163 967 863 963 857 580 142 0 605 499 889 160 827 213 461 629 506 370 781 935 108 800 764 
974 255 26 689 170 152 459 281 103 850 598 762 738 240 605 0 613 524 901 330 650 80 216 982 701 930 488 996 145 564 
970 82 51 95 611 137 960 779 772 380 374 486 403 366 499 613 0 861 436 786 402 539 702 286 143 765 577 107 404 370 
389 960 154 893 171 147 851 270 497 333 684 295 3 141 889 524 861 0 855 569 936 593 868 579 23 3 220 858 102 618 
422 515 37 812 342 498 307 81 126 961 945 520 183 231 160 901 436 855 0 866 863 732 620 120 916 924 986 286 654 584 
788 556 374 602 47 261 270 26 719 737 871 265 388 614 827 330 786 569 866 0 125 38 566 367 169 207 15 144 715 532 
842 639 711 345 999 899 551 38 517 287 900 458 625 468 213 650 402 936 863 125 0 571 555 677 805 158 26 159 124 44 
27 822 997 918 425 939 361 558 919 955 612 426 113 204 461 80 539 593 732 38 571 0 9 848 315 249 665 251 357 878 
823 220 113 444 881 12 214 576 919 75 800 951 527 87 629 216 702 868 620 566 555 9 0 453 648 413 124 478 8 101 
950 775 296 534 566 1000 161 610 548 644 679 465 160 82 506 982 286 579 120 367 677 848 453 0 516 780 180 782 299 48 
394 409 543 66 307 736 963 929 307 772 904 817 745 590 370 701 143 23 916 169 805 315 648 516 0 727 779 771 954 336 
547 383 264 755 968 828 92 622 30 132 315 436 339 595 781 930 765 3 924 207 158 249 413 780 727 0 855 589 358 6 
511 699 586 754 986 344 412 916 732 453 493 236 924 697 935 488 577 220 986 15 26 665 124 180 779 855 0 156 802 318 
485 375 235 512 169 454 308 737 88 124 140 656 778 316 108 996 107 858 286 144 159 251 478 782 771 589 156 0 834 754 
792 533 899 189 728 320 600 871 559 46 582 611 579 594 800 145 404 102 654 715 124 357 8 299 954 358 802 834 0 108 
641 907 871 336 718 273 39 801 402 143 861 953 336 697 764 564 370 618 584 532 44 878 101 48 336 6 318 754 108 0 
