15 4
0 804 349 316 58 173 524 871 526 86 230 876 883 529 989 
804 0 958 868 517 384 508 963 410 317 500 635 899 882 229 
349 958 0 252 805 900 735 828 699 221 179 715 576 25 124 
316 868 252 0 75 118 827 455 641 494 24 781 722 628 835 
58 517 805 75 0 600 714 60 126 268 56 156 278 364 608 
173 384 900 118 600 0 104 82 327 57 495 125 147 916 363 
524 508 735 827 714 104 0 367 814 492 810 765 952 477 15 
871 963 828 455 60 82 367 0 282 288 10 746 19 296 785 
526 410 699 641 126 327 814 282 0 912 700 229 32 662 567 
86 317 221 494 268 57 492 288 912 0 430 76 247 805 283 
230 500 179 24 56 495 810 10 700 430 0 954 96 864 122 
876 635 715 781 156 125 765 746 229 76 954 0 668 396 213 
883 899 576 722 278 147 952 19 32 247 96 668 0 590 553 
529 882 25 628 364 916 477 296 662 805 864 396 590 0 554 
989 229 124 835 608 363 15 785 567 283 122 213 553 554 0 
0 930 69 130 297 608 253 709 512 262 793 576 431 642 897 
930 0 170 763 312 873 853 995 441 248 838 841 691 884 349 
69 170 0 40 281 980 77 680 87 367 903 124 179 41 163 
130 763 40 0 895 674 377 20 190 928 501 469 915 456 411 
297 312 281 895 0 731 447 79 923 773 312 755 258 655 519 
608 873 980 674 731 0 675 766 212 374 386 479 702 878 1 
253 853 77 377 447 675 0 726 158 806 955 377 273 582 821 
709 995 680 20 79 766 726 0 55 27 390 114 657 186 759 
512 441 87 190 923 212 158 55 0 57 645 364 657 92 39 
262 248 367 928 773 374 806 27 57 0 101 871 117 11 145 
793 838 903 501 312 386 955 390 645 101 0 365 430 517 907 
576 841 124 469 755 479 377 114 364 871 365 0 711 593 874 
431 691 179 915 258 702 273 657 657 117 430 711 0 636 301 
642 884 41 456 655 878 582 186 92 11 517 593 636 0 974 
897 349 163 411 519 1 821 759 39 145 907 874 301 974 0 
0 1000 229 176 294 90 332 648 497 969 388 596 815 553 904 
1000 0 502 484 715 330 455 806 173 540 975 432 396 898 434 
229 502 0 11 168 736 128 100 608 323 994 615 94 196 1 
176 484 11 0 930 778 191 219 138 455 821 864 719 199 805 
294 715 168 930 0 903 477 497 534 428 574 890 231 626 780 
90 330 736 778 903 0 105 700 649 356 778 340 464 593 113 
332 455 128 191 477 105 0 323 359 961 890 332 855 988 616 
648 806 100 219 497 700 323 0 635 230 152 309 505 288 830 
497 173 608 138 534 649 359 635 0 27 409 529 452 649 538 
969 540 323 455 428 356 961 230 27 0 133 928 189 52 151 
388 975 994 821 574 778 890 152 409 133 0 92 36 824 573 
596 432 615 864 890 340 332 309 529 928 92 0 93 176 983 
815 396 94 719 231 464 855 505 452 189 36 93 0 940 361 
553 898 196 199 626 593 988 288 649 52 824 176 940 0 920 
904 434 1 805 780 113 616 830 538 151 573 983 361 920 0 
0 374 585 668 73 426 272 646 21 697 689 467 316 450 770 
374 0 509 836 493 924 345 839 794 96 798 758 714 399 139 
585 509 0 134 834 664 120 316 212 266 923 595 728 815 819 
668 836 134 0 752 773 457 807 525 269 262 516 574 415 814 
73 493 834 752 0 668 468 415 73 672 691 537 240 266 236 
426 924 664 773 668 0 267 751 560 493 352 239 682 567 889 
272 345 120 457 468 267 0 208 419 807 839 444 137 659 642 
646 839 316 807 415 751 208 0 27 333 602 109 962 426 561 
21 794 212 525 73 560 419 27 0 41 940 536 380 449 15 
697 96 266 269 672 493 807 333 41 0 492 697 413 127 369 
689 798 923 262 691 352 839 602 940 492 0 301 789 746 975 
467 758 595 516 537 239 444 109 536 697 301 0 281 129 908 
316 714 728 574 240 682 137 962 380 413 789 281 0 544 958 
450 399 815 415 266 567 659 426 449 127 746 129 544 0 859 
770 139 819 814 236 889 642 561 15 369 975 908 958 859 0 
0 730 100 44 333 196 472 975 327 31 647 414 766 685 715 
730 0 321 753 443 752 887 557 222 456 385 659 679 674 495 
100 321 0 270 409 586 93 795 354 445 892 376 899 393 123 
44 753 270 0 582 447 434 134 295 730 545 60 512 104 191 
333 443 409 582 0 642 360 340 358 152 566 165 117 986 186 
196 752 586 447 642 0 108 681 265 409 500 660 947 647 384 
472 887 93 434 360 108 0 161 284 765 590 465 665 291 489 
975 557 795 134 340 681 161 0 383 524 526 41 617 503 1000 
327 222 354 295 358 265 284 383 0 51 79 310 974 583 193 
31 456 445 730 152 409 765 524 51 0 389 703 108 163 646 
647 385 892 545 566 500 590 526 79 389 0 322 357 628 683 
414 659 376 60 165 660 465 41 310 703 322 0 616 898 279 
766 679 899 512 117 947 665 617 974 108 357 616 0 946 245 
685 674 393 104 986 647 291 503 583 163 628 898 946 0 890 
715 495 123 191 186 384 489 1000 193 646 683 279 245 890 0 
