20 4
0 73 210 990 346 883 441 81 758 547 110 911 96 831 147 156 657 379 607 8 
73 0 245 902 607 625 111 746 545 255 126 193 361 69 495 536 476 926 327 623 
210 245 0 345 317 755 754 797 116 905 285 434 668 903 169 415 596 14 921 857 
990 902 345 0 508 414 815 319 615 790 544 842 752 683 886 486 60 169 860 92 
346 607 317 508 0 394 408 518 558 747 405 828 197 14 858 997 336 749 501 812 
883 625 755 414 394 0 325 896 948 698 51 659 972 67 780 706 800 631 886 680 
441 111 754 815 408 325 0 671 724 543 363 459 706 300 275 388 362 572 668 536 
81 746 797 319 518 896 671 0 491 386 397 893 558 709 615 713 235 152 702 204 
758 545 116 615 558 948 724 491 0 254 848 53 934 706 1 624 555 952 447 235 
547 255 905 790 747 698 543 386 254 0 369 764 292 906 285 22 239 945 805 840 
110 126 285 544 405 51 363 397 848 369 0 617 948 150 329 816 71 395 934 374 
911 193 434 842 828 659 459 893 53 764 617 0 981 433 352 61 594 248 399 782 
96 361 668 752 197 972 706 558 934 292 948 981 0 57 750 85 602 578 84 469 
831 69 903 683 14 67 300 709 706 906 150 433 57 0 282 614 276 719 743 741 
147 495 169 886 858 780 275 615 1 285 329 352 750 282 0 706 682 906 712 423 
156 536 415 486 997 706 388 713 624 22 816 61 85 614 706 0 456 454 584 899 
657 476 596 60 336 800 362 235 555 239 71 594 602 276 682 456 0 924 193 249 
379 926 14 169 749 631 572 152 952 945 395 248 578 719 906 454 924 0 512 359 
607 327 921 860 501 886 668 702 447 805 934 399 84 743 712 584 193 512 0 80 
8 623 857 92 812 680 536 204 235 840 374 782 469 741 423 899 249 359 80 0 
0 497 988 624 680 957 146 33 707 743 728 503 312 175 664 331 948 113 275 361 
497 0 364 245 525 386 844 907 633 671 251 920 645 860 10 39 361 895 3 788 
988 364 0 967 324 472 126 557 51 439 545 149 359 214 363 942 662 836 212 658 
624 245 967 0 241 136 760 881 118 262 711 925 669 483 70 196 216 636 758 553 
680 525 324 241 0 903 390 355 590 354 971 841 714 240 140 534 87 224 20 624 
957 386 472 136 903 0 937 128 939 777 534 306 927 634 792 226 788 346 694 185 
146 844 126 760 390 937 0 719 74 674 797 841 662 816 35 302 264 729 319 22 
33 907 557 881 355 128 719 0 712 212 433 496 496 669 149 189 372 943 304 661 
707 633 51 118 590 939 74 712 0 171 703 630 733 35 546 639 6 884 684 594 
743 671 439 262 354 777 674 212 171 0 479 984 282 156 522 326 732 507 860 611 
728 251 545 711 971 534 797 433 703 479 0 231 197 496 31 349 405 694 650 275 
503 920 149 925 841 306 841 496 630 984 231 0 572 242 46 314 748 408 91 700 
312 645 359 669 714 927 662 496 733 282 197 572 0 234 55 660 232 263 459 689 
175 860 214 483 240 634 816 669 35 156 496 242 234 0 936 270 916 809 230 589 
664 10 363 70 140 792 35 149 546 522 31 46 55 936 0 88 299 354 151 682 
331 39 942 196 534 226 302 189 639 326 349 314 660 270 88 0 348 46 598 102 
948 361 662 216 87 788 264 372 6 732 405 748 232 916 299 348 0 661 957 278 
113 895 836 636 224 346 729 943 884 507 694 408 263 809 354 46 661 0 857 504 
275 3 212 758 20 694 319 304 684 860 650 91 459 230 151 598 957 857 0 823 
361 788 658 553 624 185 22 661 594 611 275 700 689 589 682 102 278 504 823 0 
0 497 988 624 680 957 146 33 707 743 728 503 312 175 664 331 948 113 275 361 
497 0 364 245 525 386 844 907 633 671 251 920 645 860 10 39 361 895 3 788 
988 364 0 967 324 472 126 557 51 439 545 149 359 214 363 942 662 836 212 658 
624 245 967 0 241 136 760 881 118 262 711 925 669 483 70 196 216 636 758 553 
680 525 324 241 0 903 390 355 590 354 971 841 714 240 140 534 87 224 20 624 
957 386 472 136 903 0 937 128 939 777 534 306 927 634 792 226 788 346 694 185 
146 844 126 760 390 937 0 719 74 674 797 841 662 816 35 302 264 729 319 22 
33 907 557 881 355 128 719 0 712 212 433 496 496 669 149 189 372 943 304 661 
707 633 51 118 590 939 74 712 0 171 703 630 733 35 546 639 6 884 684 594 
743 671 439 262 354 777 674 212 171 0 479 984 282 156 522 326 732 507 860 611 
728 251 545 711 971 534 797 433 703 479 0 231 197 496 31 349 405 694 650 275 
503 920 149 925 841 306 841 496 630 984 231 0 572 242 46 314 748 408 91 700 
312 645 359 669 714 927 662 496 733 282 197 572 0 234 55 660 232 263 459 689 
175 860 214 483 240 634 816 669 35 156 496 242 234 0 936 270 916 809 230 589 
664 10 363 70 140 792 35 149 546 522 31 46 55 936 0 88 299 354 151 682 
331 39 942 196 534 226 302 189 639 326 349 314 660 270 88 0 348 46 598 102 
948 361 662 216 87 788 264 372 6 732 405 748 232 916 299 348 0 661 957 278 
113 895 836 636 224 346 729 943 884 507 694 408 263 809 354 46 661 0 857 504 
275 3 212 758 20 694 319 304 684 860 650 91 459 230 151 598 957 857 0 823 
361 788 658 553 624 185 22 661 594 611 275 700 689 589 682 102 278 504 823 0 
0 497 988 624 680 957 146 33 707 743 728 503 312 175 664 331 948 113 275 361 
497 0 364 245 525 386 844 907 633 671 251 920 645 860 10 39 361 895 3 788 
988 364 0 967 324 472 126 557 51 439 545 149 359 214 363 942 662 836 212 658 
624 245 967 0 241 136 760 881 118 262 711 925 669 483 70 196 216 636 758 553 
680 525 324 241 0 903 390 355 590 354 971 841 714 240 140 534 87 224 20 624 
957 386 472 136 903 0 937 128 939 777 534 306 927 634 792 226 788 346 694 185 
146 844 126 760 390 937 0 719 74 674 797 841 662 816 35 302 264 729 319 22 
33 907 557 881 355 128 719 0 712 212 433 496 496 669 149 189 372 943 304 661 
707 633 51 118 590 939 74 712 0 171 703 630 733 35 546 639 6 884 684 594 
743 671 439 262 354 777 674 212 171 0 479 984 282 156 522 326 732 507 860 611 
728 251 545 711 971 534 797 433 703 479 0 231 197 496 31 349 405 694 650 275 
503 920 149 925 841 306 841 496 630 984 231 0 572 242 46 314 748 408 91 700 
312 645 359 669 714 927 662 496 733 282 197 572 0 234 55 660 232 263 459 689 
175 860 214 483 240 634 816 669 35 156 496 242 234 0 936 270 916 809 230 589 
664 10 363 70 140 792 35 149 546 522 31 46 55 936 0 88 299 354 151 682 
331 39 942 196 534 226 302 189 639 326 349 314 660 270 88 0 348 46 598 102 
948 361 662 216 87 788 264 372 6 732 405 748 232 916 299 348 0 661 957 278 
113 895 836 636 224 346 729 943 884 507 694 408 263 809 354 46 661 0 857 504 
275 3 212 758 20 694 319 304 684 860 650 91 459 230 151 598 957 857 0 823 
361 788 658 553 624 185 22 661 594 611 275 700 689 589 682 102 278 504 823 0 
0 497 988 624 680 957 146 33 707 743 728 503 312 175 664 331 948 113 275 361 
497 0 364 245 525 386 844 907 633 671 251 920 645 860 10 39 361 895 3 788 
988 364 0 967 324 472 126 557 51 439 545 149 359 214 363 942 662 836 212 658 
624 245 967 0 241 136 760 881 118 262 711 925 669 483 70 196 216 636 758 553 
680 525 324 241 0 903 390 355 590 354 971 841 714 240 140 534 87 224 20 624 
957 386 472 136 903 0 937 128 939 777 534 306 927 634 792 226 788 346 694 185 
146 844 126 760 390 937 0 719 74 674 797 841 662 816 35 302 264 729 319 22 
33 907 557 881 355 128 719 0 712 212 433 496 496 669 149 189 372 943 304 661 
707 633 51 118 590 939 74 712 0 171 703 630 733 35 546 639 6 884 684 594 
743 671 439 262 354 777 674 212 171 0 479 984 282 156 522 326 732 507 860 611 
728 251 545 711 971 534 797 433 703 479 0 231 197 496 31 349 405 694 650 275 
503 920 149 925 841 306 841 496 630 984 231 0 572 242 46 314 748 408 91 700 
312 645 359 669 714 927 662 496 733 282 197 572 0 234 55 660 232 263 459 689 
175 860 214 483 240 634 816 669 35 156 496 242 234 0 936 270 916 809 230 589 
664 10 363 70 140 792 35 149 546 522 31 46 55 936 0 88 299 354 151 682 
331 39 942 196 534 226 302 189 639 326 349 314 660 270 88 0 348 46 598 102 
948 361 662 216 87 788 264 372 6 732 405 748 232 916 299 348 0 661 957 278 
113 895 836 636 224 346 729 943 884 507 694 408 263 809 354 46 661 0 857 504 
275 3 212 758 20 694 319 304 684 860 650 91 459 230 151 598 957 857 0 823 
361 788 658 553 624 185 22 661 594 611 275 700 689 589 682 102 278 504 823 0 
