20 2
0 463 694 517 533 200 699 288 952 722 662 554 320 536 599 891 610 314 855 201 
463 0 517 805 903 372 641 912 759 278 805 51 862 23 963 167 173 618 983 816 
694 517 0 75 195 313 126 860 876 147 864 99 910 620 792 915 338 473 999 137 
517 805 75 0 917 871 327 333 635 952 396 79 691 651 890 31 846 389 843 601 
533 903 195 917 0 963 814 551 715 19 590 421 824 967 441 446 545 990 624 248 
200 372 313 871 963 0 282 188 781 32 90 719 456 306 613 975 458 654 117 282 
699 641 126 327 814 282 0 10 156 247 989 815 387 23 223 870 183 306 303 151 
288 912 860 333 551 188 10 0 125 96 229 654 132 474 78 364 824 174 839 880 
952 759 876 635 715 781 156 125 0 668 124 900 295 149 624 737 644 960 521 660 
722 278 147 952 19 32 247 96 668 0 835 712 207 51 947 407 487 722 92 363 
662 805 864 396 590 90 989 229 124 835 0 586 898 400 379 328 269 264 235 764 
554 51 99 79 421 719 815 654 900 712 586 0 189 349 23 213 633 550 695 658 
320 862 910 691 824 456 387 132 295 207 898 189 0 890 937 810 878 635 813 277 
536 23 620 651 967 306 23 474 149 51 400 349 890 0 45 30 545 637 622 61 
599 963 792 890 441 613 223 78 624 947 379 23 937 45 0 789 474 680 527 247 
891 167 915 31 446 975 870 364 737 407 328 213 810 30 789 0 3 488 18 676 
610 173 338 846 545 458 183 824 644 487 269 633 878 545 474 3 0 212 941 670 
314 618 473 389 990 654 306 174 960 722 264 550 635 637 680 488 212 0 281 908 
855 983 999 843 624 117 303 839 521 92 235 695 813 622 527 18 941 281 0 488 
201 816 137 601 248 282 151 880 660 363 764 658 277 61 247 676 670 908 488 0 
0 723 332 872 578 70 529 232 40 122 55 648 325 869 661 887 188 521 808 613 
723 0 103 804 42 860 797 790 594 953 594 895 332 251 454 162 306 211 19 408 
332 103 0 869 259 984 982 346 519 195 815 174 318 864 210 979 52 818 277 986 
872 804 869 0 799 149 424 747 360 842 360 710 307 333 924 244 40 77 489 518 
578 42 259 799 0 116 186 270 806 909 483 756 933 732 4 896 962 676 165 367 
70 860 984 149 116 0 174 474 243 25 228 305 985 413 290 302 258 376 676 692 
529 797 982 424 186 174 0 634 293 831 263 262 687 780 185 153 343 295 531 240 
232 790 346 747 270 474 634 0 633 768 437 321 649 8 78 522 926 377 421 43 
40 594 519 360 806 243 293 633 0 562 212 298 711 696 346 598 222 470 387 292 
122 953 195 842 909 25 831 768 562 0 333 522 443 130 848 786 19 484 760 611 
55 594 815 360 483 228 263 437 212 333 0 100 48 376 674 432 176 199 290 657 
648 895 174 710 756 305 262 321 298 522 100 0 874 223 526 919 760 477 398 252 
325 332 318 307 933 985 687 649 711 443 48 874 0 288 216 408 504 468 496 749 
869 251 864 333 732 413 780 8 696 130 376 223 288 0 215 925 13 360 223 709 
661 454 210 924 4 290 185 78 346 848 674 526 216 215 0 263 284 510 157 671 
887 162 979 244 896 302 153 522 598 786 432 919 408 925 263 0 720 751 432 441 
188 306 52 40 962 258 343 926 222 19 176 760 504 13 284 720 0 846 267 481 
521 211 818 77 676 376 295 377 470 484 199 477 468 360 510 751 846 0 100 995 
808 19 277 489 165 676 531 421 387 760 290 398 496 223 157 432 267 100 0 940 
613 408 986 518 367 692 240 43 292 611 657 252 749 709 671 441 481 995 940 0 
0 342 258 12 232 179 248 457 625 360 718 889 345 257 164 210 321 7 718 393 
342 0 475 828 816 63 502 77 469 787 221 930 478 723 20 155 602 342 40 488 
258 475 0 796 132 656 681 653 862 640 485 446 299 827 602 147 31 548 494 299 
12 828 796 0 668 159 634 760 762 833 459 491 897 579 771 285 152 804 136 187 
232 816 132 668 0 491 299 598 654 432 550 375 64 497 752 279 551 577 935 814 
179 63 656 159 491 0 871 442 13 97 779 640 811 216 536 540 934 404 47 723 
248 502 681 634 299 871 0 849 11 676 390 756 675 949 736 98 880 700 749 837 
457 77 653 760 598 442 849 0 417 193 838 736 857 638 664 642 926 191 684 847 
625 469 862 762 654 13 11 417 0 64 53 504 437 536 511 622 458 457 575 974 
360 787 640 833 432 97 676 193 64 0 250 724 867 294 242 566 172 434 581 263 
718 221 485 459 550 779 390 838 53 250 0 487 886 214 778 371 292 44 267 208 
889 930 446 491 375 640 756 736 504 724 487 0 499 413 773 218 426 393 962 825 
345 478 299 897 64 811 675 857 437 867 886 499 0 255 447 940 297 278 617 315 
257 723 827 579 497 216 949 638 536 294 214 413 255 0 260 368 871 675 443 113 
164 20 602 771 752 536 736 664 511 242 778 773 447 260 0 199 253 197 950 303 
210 155 147 285 279 540 98 642 622 566 371 218 940 368 199 0 604 129 343 149 
321 602 31 152 551 934 880 926 458 172 292 426 297 871 253 604 0 219 585 304 
7 342 548 804 577 404 700 191 457 434 44 393 278 675 197 129 219 0 824 223 
718 40 494 136 935 47 749 684 575 581 267 962 617 443 950 343 585 824 0 947 
393 488 299 187 814 723 837 847 974 263 208 825 315 113 303 149 304 223 947 0 
