6 4
0 598 743 1 484 832 
598 0 703 248 94 391 
743 703 0 593 298 516 
1 248 593 0 664 813 
484 94 298 664 0 822 
832 391 516 813 822 0 
0 660 555 303 37 937 
660 0 152 709 245 284 
555 152 0 903 279 375 
303 709 903 0 184 658 
37 245 279 184 0 907 
937 284 375 658 907 0 
0 303 399 766 959 106 
303 0 753 239 761 638 
399 753 0 331 739 443 
766 239 331 0 677 421 
959 761 739 677 0 170 
106 638 443 421 170 0 
0 242 545 643 930 241 
242 0 752 121 801 764 
545 752 0 74 875 685 
643 121 74 0 815 311 
930 801 875 815 0 160 
241 764 685 311 160 0 
0 596 370 804 985 37 
596 0 811 338 754 694 
370 811 0 44 831 615 
804 338 44 0 740 531 
985 754 831 740 0 168 
37 694 615 531 168 0 
