30 2
0 958 805 827 126 495 952 785 824 576 975 3 303 670 154 990 101 879 375 872 544 776 603 179 519 797 245 807 44 469 
958 0 75 714 327 810 19 567 456 600 870 691 839 908 314 730 779 332 708 339 810 232 959 860 167 888 273 77 230 519 
805 75 0 104 814 10 32 283 387 20 364 253 521 488 306 723 494 508 881 12 903 42 100 358 1000 502 7 346 763 556 
827 714 104 0 282 700 247 122 132 8 737 858 92 856 982 834 773 258 159 804 701 535 113 63 492 982 71 66 650 862 
126 327 814 282 0 430 96 213 295 710 407 314 235 258 899 342 501 103 541 984 811 816 170 984 507 156 68 653 484 360 
495 810 10 700 430 0 668 553 207 599 328 618 695 96 170 636 635 110 302 828 488 259 557 643 536 681 203 747 552 524 
952 19 32 247 96 668 0 554 898 963 213 473 813 723 57 597 344 475 876 869 269 10 502 656 729 424 387 717 747 762 
785 567 283 122 213 553 554 0 189 792 810 389 622 652 605 400 433 465 919 165 424 132 168 149 782 752 498 760 836 806 
824 456 387 132 295 207 898 189 0 890 30 990 527 187 385 194 698 330 772 796 53 799 842 602 442 634 333 270 757 790 
576 600 20 8 710 599 963 792 890 0 789 654 18 226 5 307 266 106 49 286 678 69 966 159 909 186 233 550 620 654 
975 870 364 737 407 328 213 810 30 789 0 306 941 15 626 375 81 357 872 5 232 668 312 116 918 609 557 598 329 243 
3 691 253 858 314 618 473 389 990 654 306 0 281 42 93 842 428 693 866 667 408 229 785 224 436 299 401 474 517 992 
303 839 521 92 235 695 813 622 527 18 941 281 0 680 930 651 594 481 277 290 774 674 895 491 193 174 616 408 137 13 
670 908 488 856 258 96 723 652 187 226 15 42 680 0 30 633 995 919 364 650 60 753 509 794 234 956 86 442 987 293 
154 314 306 982 899 170 57 605 385 5 626 93 930 30 0 814 36 272 566 621 718 678 60 884 482 871 193 634 169 430 
990 730 723 834 342 636 597 400 194 307 375 842 651 633 814 0 211 858 907 446 472 956 408 366 498 618 412 235 612 11 
101 779 494 773 501 635 344 433 698 266 81 428 594 995 36 211 0 133 664 628 676 571 321 686 442 133 577 849 753 633 
879 332 508 258 103 110 475 465 330 106 357 693 481 919 272 858 133 0 458 890 882 777 35 358 520 562 82 454 261 449 
375 708 881 159 541 302 876 919 772 49 872 866 277 364 566 907 664 458 0 832 730 915 166 508 102 251 930 894 40 417 
872 339 12 804 984 828 869 165 796 286 5 667 290 650 621 446 628 890 832 0 718 804 429 855 701 924 756 865 668 799 
544 810 903 701 811 488 269 424 53 678 232 408 774 60 718 472 676 882 730 718 0 701 734 406 51 242 223 146 11 803 
776 232 42 535 816 259 10 132 799 69 668 229 674 753 678 956 571 777 915 804 701 0 166 438 239 651 701 130 497 990 
603 959 100 113 170 557 502 168 842 966 312 785 895 509 60 408 321 35 166 429 734 166 0 899 690 663 214 150 164 432 
179 860 358 63 984 643 656 149 602 159 116 224 491 794 884 366 686 358 508 855 406 438 899 0 328 781 440 176 134 275 
519 167 1000 492 507 536 729 782 442 909 918 436 193 234 482 498 442 520 102 701 51 239 690 328 0 338 135 494 40 836 
797 888 502 982 156 681 424 752 634 186 609 299 174 956 871 618 133 562 251 924 242 651 663 781 338 0 232 87 677 837 
245 273 7 71 68 203 387 498 333 233 557 401 616 86 193 412 577 82 930 756 223 701 214 440 135 232 0 668 625 200 
807 77 346 66 653 747 717 760 270 550 598 474 408 442 634 235 849 454 894 865 146 130 150 176 494 87 668 0 594 126 
44 230 763 650 484 552 747 836 757 620 329 517 137 987 169 612 753 261 40 668 11 497 164 134 40 677 625 594 0 838 
469 519 556 862 360 524 762 806 790 654 243 992 13 293 430 11 633 449 417 799 803 990 432 275 836 837 200 126 838 0 
0 251 340 893 30 289 447 896 491 526 51 218 864 275 846 979 887 231 476 574 644 352 352 702 141 853 413 374 784 621 
251 0 675 503 323 924 258 809 789 632 546 899 760 248 973 529 533 148 853 24 227 115 823 631 828 252 995 26 677 703 
340 675 0 497 921 946 269 367 582 993 541 1 170 529 153 84 819 157 909 914 315 111 806 938 665 601 912 894 332 790 
893 503 497 0 934 821 225 270 624 872 459 10 380 449 674 149 655 718 988 10 864 128 833 421 213 744 934 934 489 372 
30 323 921 934 0 861 855 169 962 62 534 269 822 800 654 782 74 24 817 865 924 328 7 726 414 15 393 303 753 439 
289 924 946 821 861 0 657 698 857 277 705 90 143 856 641 352 823 852 715 822 560 788 595 366 948 617 451 279 80 700 
447 258 269 225 855 657 0 427 133 951 166 79 663 859 639 354 140 485 84 423 271 672 692 678 160 479 479 242 213 516 
896 809 367 270 169 698 427 0 876 32 47 658 845 354 232 694 26 310 488 933 437 100 181 232 979 439 265 133 675 754 
491 789 582 624 962 857 133 876 0 729 201 650 889 978 249 690 244 890 522 507 81 561 559 678 146 132 665 975 746 5 
526 632 993 872 62 277 951 32 729 0 494 219 674 871 260 752 729 128 384 913 508 276 356 892 601 843 928 528 837 620 
51 546 541 459 534 705 166 47 201 494 0 623 394 279 424 588 217 917 382 111 920 692 890 942 163 893 559 870 585 100 
218 899 1 10 269 90 79 658 650 219 623 0 485 174 77 56 183 488 4 371 527 858 749 754 697 291 992 645 390 490 
864 760 170 380 822 143 663 845 889 674 394 485 0 503 587 767 994 159 43 501 998 19 718 233 654 893 331 29 527 214 
275 248 529 449 800 856 859 354 978 871 279 174 503 0 293 984 845 372 607 100 11 15 252 822 65 445 485 796 568 96 
846 973 153 674 654 641 639 232 249 260 424 77 587 293 0 573 382 381 257 593 706 674 732 255 936 435 890 709 920 758 
979 529 84 149 782 352 354 694 690 752 588 56 767 984 573 0 618 556 586 122 19 19 471 62 919 180 986 497 45 282 
887 533 819 655 74 823 140 26 244 729 217 183 994 845 382 618 0 501 455 677 928 105 449 585 324 573 496 10 219 73 
231 148 157 718 24 852 485 310 890 128 917 488 159 372 381 556 501 0 403 351 327 340 658 918 857 733 55 385 841 73 
476 853 909 988 817 715 84 488 522 384 382 4 43 607 257 586 455 403 0 28 310 978 532 16 695 485 414 117 288 831 
574 24 914 10 865 822 423 933 507 913 111 371 501 100 593 122 677 351 28 0 816 191 515 857 170 97 276 702 635 50 
644 227 315 864 924 560 271 437 81 508 920 527 998 11 706 19 928 327 310 816 0 740 839 105 497 361 29 337 811 275 
352 115 111 128 328 788 672 100 561 276 692 858 19 15 674 19 105 340 978 191 740 0 253 931 595 320 758 157 439 926 
352 823 806 833 7 595 692 181 559 356 890 749 718 252 732 471 449 658 532 515 839 253 0 344 193 403 260 133 275 489 
702 631 938 421 726 366 678 232 678 892 942 754 233 822 255 62 585 918 16 857 105 931 344 0 330 480 525 336 988 197 
141 828 665 213 414 948 160 979 146 601 163 697 654 65 936 919 324 857 695 170 497 595 193 330 0 503 830 819 639 542 
853 252 601 744 15 617 479 439 132 843 893 291 893 445 435 180 573 733 485 97 361 320 403 480 503 0 622 230 326 497 
413 995 912 934 393 451 479 265 665 928 559 992 331 485 890 986 496 55 414 276 29 758 260 525 830 622 0 812 920 912 
374 26 894 934 303 279 242 133 975 528 870 645 29 796 709 497 10 385 117 702 337 157 133 336 819 230 812 0 989 600 
784 677 332 489 753 80 213 675 746 837 585 390 527 568 920 45 219 841 288 635 811 439 275 988 639 326 920 989 0 116 
621 703 790 372 439 700 516 754 5 620 100 490 214 96 758 282 73 73 831 50 275 926 489 197 542 497 912 600 116 0 
0 668 641 64 950 531 489 296 458 562 975 759 206 804 147 44 122 795 359 452 377 583 801 159 722 173 664 680 354 593 
668 0 250 489 569 141 770 177 121 361 411 215 252 857 7 559 534 924 167 876 835 835 68 182 67 674 84 998 399 287 
641 250 0 536 79 95 537 610 341 91 348 874 927 445 777 1000 213 635 229 126 553 869 170 38 324 473 99 121 529 210 
64 489 536 0 54 84 728 825 474 71 613 998 663 517 244 967 441 522 28 980 232 782 276 518 628 224 106 190 597 487 
950 569 79 54 0 81 336 830 24 927 268 585 98 237 419 72 970 964 28 232 166 710 862 160 756 971 608 587 173 710 
531 141 95 84 81 0 314 428 132 812 350 707 910 124 256 679 94 261 241 111 539 150 457 643 67 540 639 781 783 525 
489 770 537 728 336 314 0 579 835 80 647 882 328 36 235 520 804 510 930 387 518 283 342 306 786 487 287 689 833 399 
296 177 610 825 830 428 579 0 106 762 896 278 73 569 877 263 966 873 478 28 465 939 710 808 15 692 775 932 339 127 
458 121 341 474 24 132 835 106 0 198 738 374 127 217 715 484 761 15 335 632 927 506 383 549 788 746 366 215 281 981 
562 361 91 71 927 812 80 762 198 0 414 873 485 229 747 271 300 906 592 139 489 774 724 375 442 131 146 478 289 300 
975 411 348 613 268 350 647 896 738 414 0 348 940 582 435 560 863 36 481 970 23 306 293 120 906 91 535 103 600 865 
759 215 874 998 585 707 882 278 374 873 348 0 360 817 793 854 791 710 914 612 517 276 233 381 366 720 57 473 755 513 
206 252 927 663 98 910 328 73 127 485 940 360 0 469 412 168 11 880 871 596 63 858 368 682 629 189 434 996 535 800 
804 857 445 517 237 124 36 569 217 229 582 817 469 0 552 13 101 497 251 782 876 771 811 78 839 628 429 321 165 813 
147 7 777 244 419 256 235 877 715 747 435 793 412 552 0 491 800 652 797 464 329 399 381 710 183 444 31 399 219 245 
44 559 1000 967 72 679 520 263 484 271 560 854 168 13 491 0 519 440 332 909 804 977 558 917 194 843 87 658 952 866 
122 534 213 441 970 94 804 966 761 300 863 791 11 101 800 519 0 430 564 308 132 917 634 403 766 356 529 776 907 882 
795 924 635 522 964 261 510 873 15 906 36 710 880 497 652 440 430 0 506 718 698 817 418 36 51 281 886 569 174 923 
359 167 229 28 28 241 930 478 335 592 481 914 871 251 797 332 564 506 0 845 563 7 506 760 247 330 610 989 814 116 
452 876 126 980 232 111 387 28 632 139 970 612 596 782 464 909 308 718 845 0 246 819 556 357 593 780 882 503 313 962 
377 835 553 232 166 539 518 465 927 489 23 517 63 876 329 804 132 698 563 246 0 293 172 914 584 657 982 593 25 771 
583 835 869 782 710 150 283 939 506 774 306 276 858 771 399 977 917 817 7 819 293 0 591 188 361 466 283 706 584 40 
801 68 170 276 862 457 342 710 383 724 293 233 368 811 381 558 634 418 506 556 172 591 0 464 844 589 834 860 730 441 
159 182 38 518 160 643 306 808 549 375 120 381 682 78 710 917 403 36 760 357 914 188 464 0 708 725 629 774 6 952 
722 67 324 628 756 67 786 15 788 442 906 366 629 839 183 194 766 51 247 593 584 361 844 708 0 581 91 61 454 609 
173 674 473 224 971 540 487 692 746 131 91 720 189 628 444 843 356 281 330 780 657 466 589 725 581 0 388 916 592 470 
664 84 99 106 608 639 287 775 366 146 535 57 434 429 31 87 529 886 610 882 982 283 834 629 91 388 0 156 32 93 
680 998 121 190 587 781 689 932 215 478 103 473 996 321 399 658 776 569 989 503 593 706 860 774 61 916 156 0 18 252 
354 399 529 597 173 783 833 339 281 289 600 755 535 165 219 952 907 174 814 313 25 584 730 6 454 592 32 18 0 720 
593 287 210 487 710 525 399 127 981 300 865 513 800 813 245 866 882 923 116 962 771 40 441 952 609 470 93 252 720 0 
