10 3
0 574 433 516 753 90 943 104 862 476 
574 0 73 813 412 449 566 465 464 571 
433 73 0 822 210 981 330 25 206 464 
516 813 822 0 245 943 990 689 483 409 
753 412 210 245 0 370 902 776 346 503 
90 449 981 943 370 0 345 945 607 491 
943 566 330 990 902 345 0 220 317 999 
104 465 25 689 776 945 220 0 508 685 
862 464 206 483 346 607 317 508 0 86 
476 571 464 409 503 491 999 685 86 0 
0 797 619 332 858 594 316 825 496 472 
797 0 251 668 285 607 812 403 571 762 
619 251 0 558 355 14 840 990 60 441 
332 668 558 0 156 152 423 732 179 245 
858 285 355 156 0 578 399 762 483 886 
594 607 14 152 578 0 417 947 751 670 
316 812 840 423 399 417 0 79 121 927 
825 403 990 732 762 947 79 0 479 860 
496 571 60 179 483 751 121 479 0 132 
472 762 441 245 886 670 927 860 132 0 
0 518 212 100 275 276 623 397 459 73 
518 0 998 197 352 764 536 189 176 245 
212 998 0 292 442 749 782 747 843 899 
100 197 292 0 415 945 249 291 710 109 
275 352 442 415 0 906 190 143 26 459 
276 764 749 945 906 0 331 272 116 60 
623 536 782 249 190 331 0 308 509 71 
397 189 747 291 143 272 308 0 104 988 
459 176 843 710 26 116 509 104 0 595 
73 245 899 109 459 60 71 988 595 0 
0 671 213 361 1 456 92 731 976 717 
671 0 783 706 282 926 235 302 691 956 
213 783 0 981 179 572 741 69 623 880 
361 706 981 0 997 248 80 282 952 189 
1 282 179 997 0 924 896 574 447 805 
456 926 572 248 924 0 458 437 366 791 
92 235 741 80 896 458 0 783 35 55 
731 302 69 282 574 437 783 0 559 379 
976 691 623 952 447 366 35 559 0 102 
717 956 880 189 805 791 55 379 102 0 
