5 3
0 468 183 274 334 
468 0 166 343 169 
183 166 0 751 345 
274 343 751 0 397 
334 169 345 397 0 
0 74 685 489 74 
74 0 693 71 430 
685 693 0 993 708 
489 71 993 0 563 
74 430 708 563 0 
0 902 362 399 838 
902 0 414 732 529 
362 414 0 155 332 
399 732 155 0 357 
838 529 332 357 0 
0 789 434 505 623 
789 0 609 827 602 
434 609 0 71 265 
505 827 71 0 583 
623 602 265 583 0 
