6 4
0 598 743 1 484 832 
598 0 703 248 94 391 
743 703 0 593 298 516 
1 248 593 0 664 813 
484 94 298 664 0 822 
832 391 516 813 822 0 
0 25 842 797 660 906 
25 0 655 210 543 842 
842 655 0 810 213 617 
797 210 810 0 126 267 
660 543 213 126 0 972 
906 842 617 267 972 0 
0 776 569 518 255 992 
776 0 221 154 254 659 
569 221 0 117 62 568 
518 154 117 0 544 96 
255 254 62 544 0 558 
992 659 568 96 558 0 
0 220 668 671 790 911 
220 0 785 468 759 893 
668 785 0 545 984 943 
671 468 545 0 51 668 
790 759 984 51 0 292 
911 893 943 668 292 0 
0 128 674 92 698 434 
128 0 510 315 192 764 
674 510 0 615 110 332 
92 315 615 0 397 197 
698 192 110 397 0 981 
434 764 332 197 981 0 
