80 3
0 147 534 761 735 506 482 77 902 976 452 875 108 696 934 257 750 798 103 981 938 179 348 729 993 937 256 607 620 480 270 809 727 689 755 563 555 851 635 339 70 793 728 28 862 872 640 970 512 456 150 300 265 575 646 64 491 62 237 448 123 322 719 882 994 301 922 834 34 148 710 303 472 908 771 477 470 752 506 902 
147 0 322 583 383 875 996 198 496 121 210 250 461 577 316 531 964 978 379 400 366 194 253 68 162 191 103 556 797 374 27 813 374 284 936 220 964 613 701 598 337 737 313 588 108 606 405 201 211 658 609 670 160 740 307 633 570 393 933 227 892 330 702 228 618 932 733 324 272 79 554 947 120 212 975 824 933 469 783 767 
534 322 0 674 989 644 512 621 537 485 735 990 686 418 699 465 45 159 857 476 894 577 671 28 669 864 748 840 240 898 333 498 287 424 351 831 573 120 63 650 493 153 335 871 42 646 115 548 97 828 79 756 703 564 578 367 538 678 846 79 413 597 787 122 292 655 668 121 225 616 854 801 785 162 952 296 471 907 466 832 
761 583 674 0 143 721 308 288 844 857 700 929 639 293 432 68 969 928 464 950 431 149 18 473 707 438 198 901 254 100 497 935 96 842 817 100 9 408 60 595 142 778 320 524 340 46 803 215 492 446 228 419 458 201 339 958 299 971 877 972 230 666 977 46 644 314 145 746 171 197 924 370 374 962 857 16 14 653 492 225 
735 383 989 143 0 710 661 414 769 593 555 770 90 121 849 536 989 971 426 349 280 380 212 841 752 31 515 677 978 486 883 244 602 951 836 184 531 459 143 32 596 88 812 480 109 609 639 264 378 147 940 63 780 61 111 725 767 859 223 179 346 146 438 633 741 149 134 401 52 762 606 931 143 129 948 784 816 998 645 238 
506 875 644 721 710 0 375 763 907 668 507 182 649 897 795 806 868 199 954 268 975 711 227 60 557 821 610 377 605 988 435 307 385 402 841 809 201 367 279 482 236 322 213 336 582 306 672 806 992 150 563 299 248 678 843 43 289 537 346 595 561 711 839 623 60 982 950 561 929 312 371 292 504 856 242 833 932 74 582 735 
482 996 512 308 661 375 0 556 292 687 671 116 77 607 891 833 839 481 824 662 109 234 666 525 19 603 467 987 398 946 333 1 563 639 382 993 207 752 943 781 476 836 600 79 699 352 199 382 824 76 639 252 986 393 573 128 93 684 151 343 436 869 109 79 259 780 187 629 199 109 623 86 407 693 139 755 390 16 680 392 
77 198 621 288 414 763 556 0 811 93 463 758 170 530 704 671 891 510 591 839 262 339 850 632 195 634 759 146 910 403 77 703 47 338 695 902 466 462 23 874 529 124 861 337 1 363 340 526 676 306 515 524 1 394 496 279 883 794 577 196 995 42 949 481 527 145 942 140 280 125 991 992 531 180 629 131 304 635 779 354 
902 496 537 844 769 907 292 811 0 717 663 557 371 921 544 436 873 663 517 608 279 650 458 567 255 521 69 325 619 236 306 81 53 675 433 927 298 677 559 823 924 825 444 718 799 982 153 956 960 799 227 637 194 428 586 949 19 317 604 121 661 265 438 178 958 754 104 871 228 845 482 311 425 867 107 479 789 334 936 453 
976 121 485 857 593 668 687 93 717 0 817 706 457 691 377 827 41 186 922 814 363 820 704 782 523 912 1000 793 407 424 684 922 147 711 173 33 145 405 478 930 704 503 871 502 99 684 727 873 126 849 174 42 279 263 13 163 814 126 235 691 640 487 956 941 231 134 641 529 26 230 452 166 159 977 281 343 23 971 771 278 
452 210 735 700 555 507 671 463 663 817 0 525 737 409 368 416 939 174 427 403 555 753 563 987 137 129 438 425 464 366 252 142 261 127 475 852 358 568 916 805 696 140 721 778 111 967 787 286 475 374 819 632 18 46 259 796 898 815 986 196 910 776 783 174 316 703 583 324 818 186 407 698 266 612 672 422 286 379 49 92 
875 250 990 929 770 182 116 758 557 706 525 0 495 368 708 376 960 731 108 431 349 148 71 329 932 284 15 386 94 850 347 126 831 897 27 594 634 848 662 902 697 701 72 273 146 61 581 943 421 875 186 592 430 987 934 591 887 340 968 332 214 564 489 878 230 946 655 548 623 507 60 664 841 104 375 927 312 575 232 780 
108 461 686 639 90 649 77 170 371 457 737 495 0 917 397 885 910 394 99 813 895 929 158 487 945 777 823 984 576 592 295 594 904 345 30 325 851 99 585 765 235 999 559 644 23 330 471 753 457 514 711 658 714 725 381 551 205 667 791 528 182 522 226 313 517 540 562 639 561 930 905 198 615 36 484 743 985 129 913 723 
696 577 418 293 121 897 607 530 921 691 409 368 917 0 859 690 574 318 699 707 634 497 120 287 475 41 53 902 966 499 840 880 270 263 408 221 343 310 169 263 945 656 243 125 536 612 363 362 901 305 405 282 983 432 525 107 537 731 915 147 986 586 712 865 969 345 60 636 572 690 897 400 115 836 711 438 139 249 358 656 
934 316 699 432 849 795 891 704 544 377 368 708 397 859 0 18 898 818 629 81 475 224 560 11 57 904 42 481 764 534 838 961 119 220 822 169 233 453 455 320 935 21 854 39 930 60 976 189 271 18 433 56 406 723 46 685 313 899 658 554 232 170 113 666 801 956 717 706 442 292 500 528 464 566 862 271 653 589 361 100 
257 531 465 68 536 806 833 671 436 827 416 376 885 690 18 0 790 703 918 783 381 804 469 994 954 86 490 344 384 212 3 256 447 999 933 8 172 544 558 3 555 373 46 662 496 486 895 959 92 768 274 969 321 248 411 12 230 853 488 338 355 485 91 629 861 51 792 197 821 742 934 958 202 190 636 613 762 445 949 372 
750 964 45 969 989 868 839 891 873 41 939 960 910 574 898 790 0 548 97 281 801 752 795 52 233 410 32 924 567 613 309 995 26 32 796 158 994 574 805 961 156 778 644 764 990 741 528 42 889 658 690 20 331 316 476 360 921 412 277 663 845 681 203 545 51 914 684 9 949 882 464 135 929 93 179 919 606 347 415 898 
798 978 159 928 971 199 481 510 663 186 174 731 394 318 818 703 548 0 382 59 484 764 547 492 72 822 809 891 163 232 307 945 942 230 997 391 250 595 868 761 488 456 521 801 633 241 582 12 688 636 594 479 309 35 910 384 65 917 335 130 253 896 13 857 523 461 482 900 918 365 969 103 430 833 805 139 273 304 549 34 
103 379 857 464 426 954 824 591 517 922 427 108 99 699 629 918 97 382 0 946 75 225 806 263 498 470 810 888 197 606 141 203 882 899 738 70 239 786 262 924 523 184 582 921 476 509 139 568 733 65 20 364 152 898 652 947 387 751 171 467 303 216 625 469 315 871 116 561 782 515 806 737 403 950 554 172 631 617 163 62 
981 400 476 950 349 268 662 839 608 814 403 431 813 707 81 783 281 59 946 0 181 42 319 963 486 420 252 604 134 744 922 496 719 710 146 823 893 276 315 365 909 316 900 569 153 249 975 56 18 973 454 986 240 489 720 581 788 657 378 636 540 246 645 927 973 761 609 165 753 79 660 506 910 785 573 608 858 390 373 380 
938 366 894 431 280 975 109 262 279 363 555 349 895 634 475 381 801 484 75 181 0 545 405 615 28 278 581 442 749 660 263 520 755 985 918 417 723 126 527 953 577 60 888 402 176 411 814 778 447 292 250 981 713 217 376 486 637 608 621 717 309 1 232 385 992 654 683 246 2 51 417 853 834 27 213 288 357 612 257 345 
179 194 577 149 380 711 234 339 650 820 753 148 929 497 224 804 752 764 225 42 545 0 422 152 453 596 610 937 850 605 889 844 745 551 930 636 73 430 996 207 537 77 611 949 804 536 730 20 394 435 408 638 151 542 295 801 961 952 776 462 379 859 357 518 373 686 714 124 41 717 780 216 14 764 189 725 887 667 144 134 
348 253 671 18 212 227 666 850 458 704 563 71 158 120 560 469 795 547 806 319 405 422 0 126 884 511 545 234 890 156 237 554 737 149 259 220 135 764 648 486 973 108 932 143 320 260 441 547 522 159 426 951 206 345 836 399 26 627 204 144 368 758 970 644 174 522 451 568 718 885 138 284 740 639 543 310 672 846 960 254 
729 68 28 473 841 60 525 632 567 782 987 329 487 287 11 994 52 492 263 963 615 152 126 0 790 737 39 899 274 19 122 183 545 232 425 629 325 170 409 143 220 241 154 143 949 215 724 752 588 509 641 508 970 187 12 718 719 270 746 715 406 758 388 520 975 668 780 241 658 14 357 988 701 164 777 310 263 788 556 365 
993 162 669 707 752 557 19 195 255 523 137 932 945 475 57 954 233 72 498 486 28 453 884 790 0 237 945 638 421 902 524 185 534 38 1000 761 704 76 907 158 818 83 579 17 560 137 711 411 333 768 73 728 582 13 326 363 516 144 979 746 984 196 496 714 95 729 490 970 421 189 61 702 513 675 740 26 36 312 286 781 
937 191 864 438 31 821 603 634 521 912 129 284 777 41 904 86 410 822 470 420 278 596 511 737 237 0 958 839 972 67 204 496 871 663 499 113 91 532 516 983 237 996 566 260 468 257 539 385 823 929 990 121 933 246 741 904 121 964 966 358 721 291 78 892 973 379 229 959 327 825 978 253 892 991 810 147 503 461 898 244 
256 103 748 198 515 610 467 759 69 1000 438 15 823 53 42 490 32 809 810 252 581 610 545 39 945 958 0 474 582 335 194 231 958 415 939 38 78 887 665 552 986 947 216 861 266 348 954 473 12 311 712 997 925 738 281 59 802 447 966 612 798 231 308 837 383 365 598 894 432 69 290 546 386 428 283 595 752 535 690 413 
607 556 840 901 677 377 987 146 325 793 425 386 984 902 481 344 924 891 888 604 442 937 234 899 638 839 474 0 478 846 861 120 819 517 206 890 950 912 488 249 717 711 594 325 423 75 874 809 751 516 551 587 16 210 453 736 684 799 507 201 153 962 955 131 481 812 388 630 147 121 873 212 358 796 513 2 793 468 713 381 
620 797 240 254 978 605 398 910 619 407 464 94 576 966 764 384 567 163 197 134 749 850 890 274 421 972 582 478 0 513 84 913 265 960 310 444 328 427 983 955 168 107 888 436 810 337 227 549 186 479 560 367 416 173 147 94 590 585 546 376 956 848 813 402 514 496 503 292 824 953 378 514 384 565 839 806 730 513 811 746 
480 374 898 100 486 988 946 403 236 424 366 850 592 499 534 212 613 232 606 744 660 605 156 19 902 67 335 846 513 0 315 160 935 498 361 713 669 986 692 395 15 639 215 953 654 219 754 906 981 967 860 475 67 439 372 395 508 156 462 225 671 645 319 512 797 587 83 489 362 953 145 374 528 359 512 711 135 863 404 662 
270 27 333 497 883 435 333 77 306 684 252 347 295 840 838 3 309 307 141 922 263 889 237 122 524 204 194 861 84 315 0 141 17 287 138 538 775 187 96 413 74 802 800 886 672 134 609 493 263 1000 145 217 166 193 560 712 971 505 220 321 317 837 92 469 252 668 11 536 602 581 515 243 193 696 493 189 692 346 845 523 
809 813 498 935 244 307 1 703 81 922 142 126 594 880 961 256 995 945 203 496 520 844 554 183 185 496 231 120 913 160 141 0 388 607 849 881 598 475 116 726 219 858 753 527 431 527 714 798 869 37 235 707 167 511 427 499 733 278 118 574 320 417 752 255 103 818 116 474 947 328 246 61 802 212 450 312 179 993 891 546 
727 374 287 96 602 385 563 47 53 147 261 831 904 270 119 447 26 942 882 719 755 745 737 545 534 871 958 819 265 935 17 388 0 34 558 817 185 555 233 5 26 585 773 336 179 132 217 820 317 751 519 466 965 287 920 927 519 347 919 859 968 246 889 100 182 894 302 959 315 183 615 228 452 293 290 476 860 956 110 755 
689 284 424 842 951 402 639 338 675 711 127 897 345 263 220 999 32 230 899 710 985 551 149 232 38 663 415 517 960 498 287 607 34 0 383 991 296 162 745 780 773 44 145 820 15 175 343 262 380 675 360 162 95 323 173 637 706 768 19 820 514 554 692 800 707 341 517 385 984 196 788 368 301 357 766 168 623 63 689 216 
755 936 351 817 836 841 382 695 433 173 475 27 30 408 822 933 796 997 738 146 918 930 259 425 1000 499 939 206 310 361 138 849 558 383 0 12 4 452 661 306 81 286 241 118 90 976 534 84 952 29 387 576 323 562 468 442 103 673 386 83 432 384 855 597 574 672 171 846 487 459 969 692 556 307 929 669 829 324 112 984 
563 220 831 100 184 809 993 902 927 33 852 594 325 221 169 8 158 391 70 823 417 636 220 629 761 113 38 890 444 713 538 881 817 991 12 0 188 394 311 153 665 648 440 697 314 277 448 693 731 810 460 896 602 967 782 549 311 252 164 725 943 462 343 846 274 446 882 887 442 570 453 74 69 629 877 323 332 672 300 46 
555 964 573 9 531 201 207 466 298 145 358 634 851 343 233 172 994 250 239 893 723 73 135 325 704 91 78 950 328 669 775 598 185 296 4 188 0 750 115 727 614 430 404 644 499 755 547 641 25 465 988 664 692 530 294 689 474 613 597 580 130 745 7 30 215 929 46 671 990 658 73 267 733 560 81 893 579 613 774 936 
851 613 120 408 459 367 752 462 677 405 568 848 99 310 453 544 574 595 786 276 126 430 764 170 76 532 887 912 427 986 187 475 555 162 452 394 750 0 457 386 548 144 866 539 477 717 193 336 104 596 39 967 644 377 257 401 278 619 700 294 750 866 434 560 705 97 128 231 186 63 873 658 164 91 914 814 192 681 468 159 
635 701 63 60 143 279 943 23 559 478 916 662 585 169 455 558 805 868 262 315 527 996 648 409 907 516 665 488 983 692 96 116 233 745 661 311 115 457 0 198 124 68 480 764 734 43 250 990 339 654 254 801 405 452 457 799 296 879 253 152 656 383 911 479 51 688 837 13 543 933 24 176 207 337 569 63 695 916 939 97 
339 598 650 595 32 482 781 874 823 930 805 902 765 263 320 3 961 761 924 365 953 207 486 143 158 983 552 249 955 395 413 726 5 780 306 153 727 386 198 0 278 254 102 983 483 708 393 686 594 449 577 817 68 863 647 720 706 512 310 584 305 546 428 602 312 46 123 789 600 592 813 236 228 296 452 667 581 793 25 219 
70 337 493 142 596 236 476 529 924 704 696 697 235 945 935 555 156 488 523 909 577 537 973 220 818 237 986 717 168 15 74 219 26 773 81 665 614 548 124 278 0 159 293 978 696 324 171 803 382 715 234 904 36 152 843 764 760 275 65 451 101 967 160 866 937 823 419 339 399 398 433 290 263 449 108 450 390 478 543 769 
793 737 153 778 88 322 836 124 825 503 140 701 999 656 21 373 778 456 184 316 60 77 108 241 83 996 947 711 107 639 802 858 585 44 286 648 430 144 68 254 159 0 788 564 660 380 18 800 844 633 668 302 111 281 34 542 527 989 799 871 311 830 352 698 890 616 527 122 100 762 352 699 936 622 215 314 8 295 70 18 
728 313 335 320 812 213 600 861 444 871 721 72 559 243 854 46 644 521 582 900 888 611 932 154 579 566 216 594 888 215 800 753 773 145 241 440 404 866 480 102 293 788 0 950 908 520 378 110 693 970 627 433 266 859 572 990 625 434 911 377 187 526 207 220 775 929 535 181 410 740 623 60 149 386 471 484 519 241 647 670 
28 588 871 524 480 336 79 337 718 502 778 273 644 125 39 662 764 801 921 569 402 949 143 143 17 260 861 325 436 953 886 527 336 820 118 697 644 539 764 983 978 564 950 0 694 807 950 843 182 883 4 883 634 879 383 588 189 980 36 722 728 111 106 517 614 898 576 712 782 145 827 767 843 956 616 598 492 341 71 354 
862 108 42 340 109 582 699 1 799 99 111 146 23 536 930 496 990 633 476 153 176 804 320 949 560 468 266 423 810 654 672 431 179 15 90 314 499 477 734 483 696 660 908 694 0 645 360 703 479 616 529 289 346 19 792 469 595 970 184 466 292 62 563 167 167 137 1 655 838 975 397 68 29 806 880 675 214 538 983 521 
872 606 646 46 609 306 352 363 982 684 967 61 330 612 60 486 741 241 509 249 411 536 260 215 137 257 348 75 337 219 134 527 132 175 976 277 755 717 43 708 324 380 520 807 645 0 53 18 558 569 512 944 719 553 126 732 105 296 885 241 541 894 874 70 921 481 861 113 299 137 124 283 673 142 218 920 430 132 412 497 
640 405 115 803 639 672 199 340 153 727 787 581 471 363 976 895 528 582 139 975 814 730 441 724 711 539 954 874 227 754 609 714 217 343 534 448 547 193 250 393 171 18 378 950 360 53 0 364 751 925 244 859 627 867 470 850 470 79 15 822 892 601 594 448 844 622 937 875 411 560 781 789 348 295 581 44 944 221 981 590 
970 201 548 215 264 806 382 526 956 873 286 943 753 362 189 959 42 12 568 56 778 20 547 752 411 385 473 809 549 906 493 798 820 262 84 693 641 336 990 686 803 800 110 843 703 18 364 0 767 89 464 804 641 355 415 697 964 21 650 753 74 897 851 581 622 107 666 307 286 358 99 611 70 882 511 145 742 666 711 727 
512 211 97 492 378 992 824 676 960 126 475 421 457 901 271 92 889 688 733 18 447 394 522 588 333 823 12 751 186 981 263 869 317 380 952 731 25 104 339 594 382 844 693 182 479 558 751 767 0 158 500 527 200 979 758 742 974 602 743 866 584 756 88 744 622 770 470 287 505 275 438 672 953 499 884 697 621 822 601 593 
456 658 828 446 147 150 76 306 799 849 374 875 514 305 18 768 658 636 65 973 292 435 159 509 768 929 311 516 479 967 1000 37 751 675 29 810 465 596 654 449 715 633 970 883 616 569 925 89 158 0 329 656 549 139 698 669 907 347 154 15 188 142 716 467 754 61 937 392 527 590 15 520 702 368 891 856 176 784 772 907 
150 609 79 228 940 563 639 515 227 174 819 186 711 405 433 274 690 594 20 454 250 408 426 641 73 990 712 551 560 860 145 235 519 360 387 460 988 39 254 577 234 668 627 4 529 512 244 464 500 329 0 459 996 726 63 92 570 841 939 254 624 689 862 173 947 297 580 480 954 782 693 923 368 397 279 298 357 857 675 695 
300 670 756 419 63 299 252 524 637 42 632 592 658 282 56 969 20 479 364 986 981 638 951 508 728 121 997 587 367 475 217 707 466 162 576 896 664 967 801 817 904 302 433 883 289 944 859 804 527 656 459 0 448 840 462 381 890 797 892 355 463 420 911 461 263 55 988 751 570 4 143 956 61 416 178 291 924 169 224 636 
265 160 703 458 780 248 986 1 194 279 18 430 714 983 406 321 331 309 152 240 713 151 206 970 582 933 925 16 416 67 166 167 965 95 323 602 692 644 405 68 36 111 266 634 346 719 627 641 200 549 996 448 0 445 666 131 707 697 377 32 495 584 84 553 44 662 766 420 296 385 314 92 567 789 948 986 9 545 690 806 
575 740 564 201 61 678 393 394 428 263 46 987 725 432 723 248 316 35 898 489 217 542 345 187 13 246 738 210 173 439 193 511 287 323 562 967 530 377 452 863 152 281 859 879 19 553 867 355 979 139 726 840 445 0 723 483 899 76 451 881 952 249 8 742 467 281 884 864 705 521 622 173 214 706 507 272 527 219 405 907 
646 307 578 339 111 843 573 496 586 13 259 934 381 525 46 411 476 910 652 720 376 295 836 12 326 741 281 453 147 372 560 427 920 173 468 782 294 257 457 647 843 34 572 383 792 126 470 415 758 698 63 462 666 723 0 710 650 694 127 986 933 906 610 99 678 547 346 294 985 362 573 679 576 934 165 292 603 174 16 218 
64 633 367 958 725 43 128 279 949 163 796 591 551 107 685 12 360 384 947 581 486 801 399 718 363 904 59 736 94 395 712 499 927 637 442 549 689 401 799 720 764 542 990 588 469 732 850 697 742 669 92 381 131 483 710 0 913 364 541 774 321 142 334 192 672 406 689 205 512 360 113 928 890 344 1000 68 413 367 272 392 
491 570 538 299 767 289 93 883 19 814 898 887 205 537 313 230 921 65 387 788 637 961 26 719 516 121 802 684 590 508 971 733 519 706 103 311 474 278 296 706 760 527 625 189 595 105 470 964 974 907 570 890 707 899 650 913 0 692 69 854 584 670 778 748 393 536 834 241 734 590 494 125 632 390 849 910 820 586 165 887 
62 393 678 971 859 537 684 794 317 126 815 340 667 731 899 853 412 917 751 657 608 952 627 270 144 964 447 799 585 156 505 278 347 768 673 252 613 619 879 512 275 989 434 980 970 296 79 21 602 347 841 797 697 76 694 364 692 0 473 832 238 907 774 830 3 706 98 733 17 665 54 760 921 491 657 284 531 989 244 889 
237 933 846 877 223 346 151 577 604 235 986 968 791 915 658 488 277 335 171 378 621 776 204 746 979 966 966 507 546 462 220 118 919 19 386 164 597 700 253 310 65 799 911 36 184 885 15 650 743 154 939 892 377 451 127 541 69 473 0 365 91 20 669 614 187 519 427 412 233 576 687 551 189 565 805 491 284 671 300 161 
448 227 79 972 179 595 343 196 121 691 196 332 528 147 554 338 663 130 467 636 717 462 144 715 746 358 612 201 376 225 321 574 859 820 83 725 580 294 152 584 451 871 377 722 466 241 822 753 866 15 254 355 32 881 986 774 854 832 365 0 333 822 445 724 84 456 541 677 212 939 908 137 241 674 296 787 943 529 879 780 
123 892 413 230 346 561 436 995 661 640 910 214 182 986 232 355 845 253 303 540 309 379 368 406 984 721 798 153 956 671 317 320 968 514 432 943 130 750 656 305 101 311 187 728 292 541 892 74 584 188 624 463 495 952 933 321 584 238 91 333 0 28 3 43 545 732 23 327 61 978 208 662 819 301 976 25 690 119 474 677 
322 330 597 666 146 711 869 42 265 487 776 564 522 586 170 485 681 896 216 246 1 859 758 758 196 291 231 962 848 645 837 417 246 554 384 462 745 866 383 546 967 830 526 111 62 894 601 897 756 142 689 420 584 249 906 142 670 907 20 822 28 0 831 87 645 945 843 534 941 217 697 560 757 742 697 852 157 361 942 799 
719 702 787 977 438 839 109 949 438 956 783 489 226 712 113 91 203 13 625 645 232 357 970 388 496 78 308 955 813 319 92 752 889 692 855 343 7 434 911 428 160 352 207 106 563 874 594 851 88 716 862 911 84 8 610 334 778 774 669 445 3 831 0 825 365 948 275 658 783 328 416 611 436 128 438 814 915 787 536 120 
882 228 122 46 633 623 79 481 178 941 174 878 313 865 666 629 545 857 469 927 385 518 644 520 714 892 837 131 402 512 469 255 100 800 597 846 30 560 479 602 866 698 220 517 167 70 448 581 744 467 173 461 553 742 99 192 748 830 614 724 43 87 825 0 923 675 10 685 651 441 862 290 200 275 967 140 61 120 499 808 
994 618 292 644 741 60 259 527 958 231 316 230 517 969 801 861 51 523 315 973 992 373 174 975 95 973 383 481 514 797 252 103 182 707 574 274 215 705 51 312 937 890 775 614 167 921 844 622 622 754 947 263 44 467 678 672 393 3 187 84 545 645 365 923 0 309 113 534 213 26 480 560 482 672 162 972 721 77 567 652 
301 932 655 314 149 982 780 145 754 134 703 946 540 345 956 51 914 461 871 761 654 686 522 668 729 379 365 812 496 587 668 818 894 341 672 446 929 97 688 46 823 616 929 898 137 481 622 107 770 61 297 55 662 281 547 406 536 706 519 456 732 945 948 675 309 0 782 858 385 924 399 160 147 991 169 941 866 959 512 649 
922 733 668 145 134 950 187 942 104 641 583 655 562 60 717 792 684 482 116 609 683 714 451 780 490 229 598 388 503 83 11 116 302 517 171 882 46 128 837 123 419 527 535 576 1 861 937 666 470 937 580 988 766 884 346 689 834 98 427 541 23 843 275 10 113 782 0 664 257 307 575 683 601 799 176 311 384 530 293 542 
834 324 121 746 401 561 629 140 871 529 324 548 639 636 706 197 9 900 561 165 246 124 568 241 970 959 894 630 292 489 536 474 959 385 846 887 671 231 13 789 339 122 181 712 655 113 875 307 287 392 480 751 420 864 294 205 241 733 412 677 327 534 658 685 534 858 664 0 301 860 434 689 123 519 77 906 246 932 143 404 
34 272 225 171 52 929 199 280 228 26 818 623 561 572 442 821 949 918 782 753 2 41 718 658 421 327 432 147 824 362 602 947 315 984 487 442 990 186 543 600 399 100 410 782 838 299 411 286 505 527 954 570 296 705 985 512 734 17 233 212 61 941 783 651 213 385 257 301 0 212 844 140 576 587 54 441 67 373 596 970 
148 79 616 197 762 312 109 125 845 230 186 507 930 690 292 742 882 365 515 79 51 717 885 14 189 825 69 121 953 953 581 328 183 196 459 570 658 63 933 592 398 762 740 145 975 137 560 358 275 590 782 4 385 521 362 360 590 665 576 939 978 217 328 441 26 924 307 860 212 0 91 760 69 349 412 300 365 176 518 332 
710 554 854 924 606 371 623 991 482 452 407 60 905 897 500 934 464 969 806 660 417 780 138 357 61 978 290 873 378 145 515 246 615 788 969 453 73 873 24 813 433 352 623 827 397 124 781 99 438 15 693 143 314 622 573 113 494 54 687 908 208 697 416 862 480 399 575 434 844 91 0 816 601 768 568 131 923 124 45 749 
303 947 801 370 931 292 86 992 311 166 698 664 198 400 528 958 135 103 737 506 853 216 284 988 702 253 546 212 514 374 243 61 228 368 692 74 267 658 176 236 290 699 60 767 68 283 789 611 672 520 923 956 92 173 679 928 125 760 551 137 662 560 611 290 560 160 683 689 140 760 816 0 188 367 485 510 880 353 500 289 
472 120 785 374 143 504 407 531 425 159 266 841 615 115 464 202 929 430 403 910 834 14 740 701 513 892 386 358 384 528 193 802 452 301 556 69 733 164 207 228 263 936 149 843 29 673 348 70 953 702 368 61 567 214 576 890 632 921 189 241 819 757 436 200 482 147 601 123 576 69 601 188 0 214 45 544 399 283 5 570 
908 212 162 962 129 856 693 180 867 977 612 104 36 836 566 190 93 833 950 785 27 764 639 164 675 991 428 796 565 359 696 212 293 357 307 629 560 91 337 296 449 622 386 956 806 142 295 882 499 368 397 416 789 706 934 344 390 491 565 674 301 742 128 275 672 991 799 519 587 349 768 367 214 0 972 110 500 304 373 925 
771 975 952 857 948 242 139 629 107 281 672 375 484 711 862 636 179 805 554 573 213 189 543 777 740 810 283 513 839 512 493 450 290 766 929 877 81 914 569 452 108 215 471 616 880 218 581 511 884 891 279 178 948 507 165 1000 849 657 805 296 976 697 438 967 162 169 176 77 54 412 568 485 45 972 0 704 311 419 233 820 
477 824 296 16 784 833 755 131 479 343 422 927 743 438 271 613 919 139 172 608 288 725 310 310 26 147 595 2 806 711 189 312 476 168 669 323 893 814 63 667 450 314 484 598 675 920 44 145 697 856 298 291 986 272 292 68 910 284 491 787 25 852 814 140 972 941 311 906 441 300 131 510 544 110 704 0 158 720 808 409 
470 933 471 14 816 932 390 304 789 23 286 312 985 139 653 762 606 273 631 858 357 887 672 263 36 503 752 793 730 135 692 179 860 623 829 332 579 192 695 581 390 8 519 492 214 430 944 742 621 176 357 924 9 527 603 413 820 531 284 943 690 157 915 61 721 866 384 246 67 365 923 880 399 500 311 158 0 233 89 641 
752 469 907 653 998 74 16 635 334 971 379 575 129 249 589 445 347 304 617 390 612 667 846 788 312 461 535 468 513 863 346 993 956 63 324 672 613 681 916 793 478 295 241 341 538 132 221 666 822 784 857 169 545 219 174 367 586 989 671 529 119 361 787 120 77 959 530 932 373 176 124 353 283 304 419 720 233 0 353 702 
506 783 466 492 645 582 680 779 936 771 49 232 913 358 361 949 415 549 163 373 257 144 960 556 286 898 690 713 811 404 845 891 110 689 112 300 774 468 939 25 543 70 647 71 983 412 981 711 601 772 675 224 690 405 16 272 165 244 300 879 474 942 536 499 567 512 293 143 596 518 45 500 5 373 233 808 89 353 0 487 
902 767 832 225 238 735 392 354 453 278 92 780 723 656 100 372 898 34 62 380 345 134 254 365 781 244 413 381 746 662 523 546 755 216 984 46 936 159 97 219 769 18 670 354 521 497 590 727 593 907 695 636 806 907 218 392 887 889 161 780 677 799 120 808 652 649 542 404 970 332 749 289 570 925 820 409 641 702 487 0 
0 39 824 620 895 282 548 639 706 574 782 90 121 948 172 157 901 688 478 190 604 196 408 1000 216 116 894 934 385 898 746 568 304 884 909 34 828 486 585 810 664 34 912 163 777 575 435 643 480 158 560 127 933 795 592 950 23 302 774 351 759 875 735 176 514 225 599 682 994 738 445 618 868 922 268 738 851 395 935 576 
39 0 904 24 628 272 45 585 981 859 8 371 518 211 307 659 885 48 885 108 753 224 178 641 55 72 115 876 189 785 71 761 100 68 532 936 33 55 407 470 894 294 237 274 567 357 781 251 507 528 153 339 716 469 888 172 615 620 285 539 857 50 478 849 749 547 690 825 875 352 167 317 106 899 292 455 304 596 534 434 
824 904 0 49 742 178 642 708 528 881 96 16 345 206 855 60 662 23 213 666 646 801 99 699 569 973 63 779 76 430 647 615 702 131 150 187 340 259 370 419 93 943 176 566 161 360 972 979 892 609 124 173 385 618 448 578 515 599 44 455 312 848 146 111 806 101 272 729 833 688 278 410 887 451 657 996 817 840 712 780 
620 24 49 0 638 962 927 239 405 104 248 267 575 677 4 159 762 901 573 474 96 543 251 823 911 882 380 775 528 484 769 58 855 207 326 489 647 518 9 157 117 471 269 399 908 776 798 781 397 637 786 766 639 430 802 316 4 437 1000 515 464 705 29 39 320 338 554 158 499 555 767 228 738 718 490 707 402 649 745 662 
895 628 742 638 0 48 336 151 528 310 320 223 415 914 253 606 785 450 91 155 980 857 300 820 990 885 182 47 693 614 69 318 597 993 267 680 289 391 645 748 730 483 610 321 232 164 826 609 557 44 255 645 707 727 335 584 258 857 596 618 178 341 951 65 948 299 518 445 789 50 306 993 51 379 274 697 202 889 975 959 
282 272 178 962 48 0 466 561 104 994 586 29 478 198 146 126 204 380 39 821 835 138 987 352 664 832 653 73 844 889 24 943 926 3 746 155 113 865 199 50 796 16 45 5 350 403 135 520 508 591 664 67 282 907 82 120 609 485 56 522 266 659 88 747 766 903 841 779 828 438 147 771 809 403 898 991 413 101 784 27 
548 45 642 927 336 466 0 213 386 461 384 516 761 784 94 317 234 330 871 879 514 274 337 135 117 548 44 255 935 673 897 634 695 661 699 910 348 678 412 252 871 89 798 988 605 614 622 939 807 302 27 726 841 991 832 171 928 290 789 313 268 887 626 479 696 579 413 673 904 490 666 434 573 54 316 202 530 742 711 547 
639 585 708 239 151 561 213 0 885 743 264 396 379 155 821 863 416 590 254 753 464 47 86 764 764 640 549 320 114 715 521 395 398 697 211 489 390 998 615 579 989 763 205 273 622 213 976 444 872 140 427 707 9 903 417 364 495 470 7 178 700 513 26 151 58 248 511 908 44 786 159 688 115 401 245 179 22 902 950 306 
706 981 528 405 528 104 386 885 0 858 1000 66 461 381 471 527 172 350 656 107 707 179 294 709 157 228 432 154 977 199 978 318 227 804 721 695 771 814 694 7 339 479 991 924 207 686 45 907 732 729 811 934 989 883 695 581 915 269 122 963 333 360 978 459 783 52 35 694 344 387 171 511 454 592 508 460 746 508 502 355 
574 859 881 104 310 994 461 743 858 0 938 925 561 969 921 540 664 685 459 831 724 480 180 955 579 594 925 267 671 587 872 505 513 817 838 54 729 430 283 242 827 294 200 946 252 30 797 590 391 512 38 513 816 675 804 51 790 523 494 579 503 375 204 893 605 900 817 225 243 486 820 791 719 365 872 719 451 437 878 836 
782 8 96 248 320 586 384 264 1000 938 0 228 811 197 822 775 401 818 951 752 169 530 924 353 483 646 122 55 62 829 123 928 213 472 537 149 493 76 181 155 532 923 671 483 180 792 630 260 302 793 909 685 389 392 318 637 259 835 56 913 579 519 314 283 124 493 497 622 220 962 66 565 759 898 710 281 937 354 740 823 
90 371 16 267 223 29 516 396 66 925 228 0 32 87 315 917 607 673 550 295 751 615 336 857 649 745 87 78 435 335 322 955 108 929 593 108 882 791 96 129 865 603 818 241 99 483 820 712 361 477 327 633 972 744 128 343 2 711 946 142 982 495 145 749 766 967 486 184 1 61 825 956 742 548 394 922 380 634 893 85 
121 518 345 575 415 478 761 379 461 561 811 32 0 587 803 698 82 140 462 323 453 470 225 737 169 394 928 418 508 740 355 325 260 452 373 876 714 164 937 260 454 583 209 659 578 607 510 852 277 725 13 821 889 578 346 418 473 530 385 442 555 547 326 626 637 645 771 859 380 889 656 810 461 934 151 325 829 497 490 868 
948 211 206 677 914 198 784 155 381 969 197 87 587 0 689 869 997 277 118 579 622 191 129 493 663 845 423 590 332 491 671 58 908 875 790 966 973 755 436 495 769 881 833 173 268 652 853 308 303 950 14 710 344 556 145 401 164 965 764 936 43 949 545 514 820 538 689 261 35 598 837 332 175 77 338 146 968 269 954 802 
172 307 855 4 253 146 94 821 471 921 822 315 803 689 0 906 827 542 165 265 627 839 711 136 663 209 542 485 118 154 294 548 1 376 222 3 543 977 753 657 10 658 784 126 393 632 710 929 28 533 308 765 698 959 545 952 872 429 839 593 335 342 747 60 875 393 392 479 632 51 245 161 44 263 846 994 880 123 615 512 
157 659 60 159 606 126 317 863 527 540 775 917 698 869 906 0 257 455 356 478 204 640 703 881 944 45 166 286 360 473 284 221 766 312 737 178 79 913 670 60 919 238 671 141 595 455 128 279 305 794 491 380 926 273 891 355 68 617 106 742 414 52 458 575 482 380 943 6 925 576 100 456 47 367 133 276 733 828 88 589 
901 885 662 762 785 204 234 416 172 664 401 607 82 997 827 257 0 269 831 972 101 101 853 397 469 679 364 70 377 241 258 384 164 890 695 331 762 638 108 502 1000 595 399 31 329 442 530 683 969 325 562 736 870 64 206 321 156 293 270 367 933 106 442 519 942 635 863 396 779 104 464 565 658 62 990 741 994 362 361 804 
688 48 23 901 450 380 330 590 350 685 818 673 140 277 542 455 269 0 420 697 498 863 907 328 226 801 605 645 309 667 122 354 648 882 658 409 511 306 415 895 607 3 277 952 347 152 620 21 700 371 581 369 166 79 713 330 65 788 996 211 573 168 646 429 474 686 631 882 82 206 540 818 501 457 971 622 744 95 126 578 
478 885 213 573 91 39 871 254 656 459 951 550 462 118 165 356 831 420 0 629 747 830 996 410 864 232 855 869 776 376 382 575 985 591 506 377 471 278 312 244 163 822 129 275 557 323 537 585 30 333 931 241 622 991 77 5 971 264 711 357 58 108 70 248 339 669 95 843 549 650 585 299 687 662 187 585 997 116 506 214 
190 108 666 474 155 821 879 753 107 831 752 295 323 579 265 478 972 697 629 0 68 216 545 591 743 404 609 876 45 710 339 833 475 159 265 971 111 198 540 744 342 489 669 318 936 623 979 315 473 728 278 474 378 157 353 396 936 545 982 727 646 969 59 727 571 633 805 686 482 222 692 280 584 989 674 734 244 817 19 404 
604 753 646 96 980 835 514 464 707 724 169 751 453 622 627 204 101 498 747 68 0 272 20 126 734 11 12 146 708 621 971 407 706 855 409 795 273 198 292 998 999 80 325 277 942 6 496 595 565 960 161 14 220 307 500 207 462 638 725 298 240 418 367 484 73 829 710 828 368 463 302 910 916 971 886 282 237 578 401 382 
196 224 801 543 857 138 274 47 179 480 530 615 470 191 839 640 101 863 830 216 272 0 944 838 542 919 724 847 137 849 89 550 995 809 668 969 326 282 942 703 347 260 408 656 951 870 185 976 140 918 840 905 555 871 930 933 553 571 844 812 660 519 142 384 371 866 377 439 100 633 290 40 614 991 769 254 173 367 351 585 
408 178 99 251 300 987 337 86 294 180 924 336 225 129 711 703 853 907 996 545 20 944 0 34 360 329 633 511 815 8 460 328 138 204 953 727 441 621 32 672 557 564 896 60 352 545 493 544 430 472 410 116 947 38 801 751 649 673 193 75 988 286 418 860 635 857 876 318 63 575 630 880 851 934 821 444 906 468 928 233 
1000 641 699 823 820 352 135 764 709 955 353 857 737 493 136 881 397 328 410 591 126 838 34 0 725 978 133 913 860 360 591 517 561 295 913 939 842 631 719 130 34 987 869 340 708 556 1000 233 323 908 303 257 504 395 720 672 839 222 904 867 738 211 773 979 300 476 708 751 78 935 780 866 79 642 574 75 585 515 380 572 
216 55 569 911 990 664 117 764 157 579 483 649 169 663 663 944 469 226 864 743 734 542 360 725 0 131 499 728 456 531 471 704 724 984 926 441 952 839 118 402 936 950 500 869 535 69 53 183 259 922 849 330 279 497 523 685 20 25 827 136 520 863 298 738 151 594 522 329 251 709 666 577 596 274 962 688 61 972 356 219 
116 72 973 882 885 832 548 640 228 594 646 745 394 845 209 45 679 801 232 404 11 919 329 978 131 0 591 197 888 648 403 409 349 104 292 98 440 79 985 685 973 766 370 123 436 336 40 797 708 186 862 658 913 444 291 626 407 97 69 651 900 158 868 427 906 326 756 613 145 847 917 386 779 57 106 867 604 537 110 949 
894 115 63 380 182 653 44 549 432 925 122 87 928 423 542 166 364 605 855 609 12 724 633 133 499 591 0 146 26 421 348 255 77 249 978 498 488 730 949 219 961 399 423 760 24 398 335 120 762 227 236 255 409 136 834 393 859 519 888 958 696 373 63 915 145 168 626 741 829 1 336 811 804 30 823 567 945 941 250 167 
934 876 779 775 47 73 255 320 154 267 55 78 418 590 485 286 70 645 869 876 146 847 511 913 728 197 146 0 432 3 98 8 559 957 553 606 552 905 626 525 922 261 195 800 970 855 896 851 159 7 46 443 418 829 173 535 542 97 783 506 640 23 469 671 395 254 426 348 427 2 440 644 840 664 243 489 600 49 750 300 
385 189 76 528 693 844 935 114 977 671 62 435 508 332 118 360 377 309 776 45 708 137 815 860 456 888 26 432 0 45 617 170 20 914 19 327 497 4 990 620 521 49 687 68 996 885 56 737 770 139 432 709 164 364 90 869 403 859 796 528 100 679 343 462 343 773 387 177 338 513 191 990 819 224 990 467 889 956 180 917 
898 785 430 484 614 889 673 715 199 587 829 335 740 491 154 473 241 667 376 710 621 849 8 360 531 648 421 3 45 0 643 446 100 88 118 302 143 285 419 629 598 136 901 502 845 542 254 831 587 179 51 749 6 717 831 173 368 458 730 925 748 759 22 81 20 612 245 423 618 783 460 849 659 416 774 682 743 607 320 334 
746 71 647 769 69 24 897 521 978 872 123 322 355 671 294 284 258 122 382 339 971 89 460 591 471 403 348 98 617 643 0 729 977 303 647 173 432 476 483 723 25 89 432 650 637 362 884 865 232 333 430 283 554 369 443 157 374 645 415 846 17 196 694 206 174 381 198 785 809 316 959 400 749 880 62 213 119 981 924 232 
568 761 615 58 318 943 634 395 318 505 928 955 325 58 548 221 384 354 575 833 407 550 328 517 704 409 255 8 170 446 729 0 982 916 559 633 729 25 566 754 796 747 822 19 704 167 335 193 883 191 895 384 596 919 44 798 729 871 307 739 60 209 829 858 610 354 815 493 59 523 963 847 735 898 269 816 341 431 107 315 
304 100 702 855 597 926 695 398 227 513 213 108 260 908 1 766 164 648 985 475 706 995 138 561 724 349 77 559 20 100 977 982 0 149 105 390 233 433 829 970 185 937 240 783 94 214 209 205 314 300 226 998 881 211 606 697 518 226 609 886 488 294 990 234 217 125 886 692 668 103 378 332 130 825 112 102 453 781 134 546 
884 68 131 207 993 3 661 697 804 817 472 929 452 875 376 312 890 882 591 159 855 809 204 295 984 104 249 957 914 88 303 916 149 0 652 455 626 747 732 726 998 76 200 52 357 650 58 596 442 434 252 405 916 852 627 787 368 981 664 570 369 343 926 273 328 873 399 997 766 335 770 955 945 506 751 914 388 175 939 494 
909 532 150 326 267 746 699 211 721 838 537 593 373 790 222 737 695 658 506 265 409 668 953 913 926 292 978 553 19 118 647 559 105 652 0 786 193 133 877 718 695 447 772 948 734 481 197 93 276 941 932 855 662 870 201 174 697 465 277 188 613 567 632 853 871 732 904 629 133 366 567 887 195 789 692 652 278 346 884 409 
34 936 187 489 680 155 910 489 695 54 149 108 876 966 3 178 331 409 377 971 795 969 727 939 441 98 498 606 327 302 173 633 390 455 786 0 159 169 166 198 164 174 984 33 156 972 406 641 225 971 433 902 762 882 680 135 351 511 479 44 784 467 662 751 203 5 799 446 475 4 101 88 513 955 894 555 481 986 438 265 
828 33 340 647 289 113 348 390 771 729 493 882 714 973 543 79 762 511 471 111 273 326 441 842 952 440 488 552 497 143 432 729 233 626 193 159 0 441 683 463 57 201 269 256 773 428 274 51 721 748 920 229 161 255 326 723 795 683 957 693 409 440 957 548 548 738 284 395 808 472 769 590 676 573 823 815 876 13 816 198 
486 55 259 518 391 865 678 998 814 430 76 791 164 755 977 913 638 306 278 198 198 282 621 631 839 79 730 905 4 285 476 25 433 747 133 169 441 0 433 30 471 581 91 94 754 34 363 597 625 53 509 67 37 196 692 976 632 809 781 283 961 934 492 839 186 521 191 475 59 486 450 437 898 573 624 103 195 712 333 457 
585 407 370 9 645 199 412 615 694 283 181 96 937 436 753 670 108 415 312 540 292 942 32 719 118 985 949 626 990 419 483 566 829 732 877 166 683 433 0 859 502 162 815 341 973 756 434 471 639 792 556 616 533 289 303 1000 83 795 735 254 848 795 734 247 335 127 939 751 653 419 369 47 651 997 941 747 308 328 283 650 
810 470 419 157 748 50 252 579 7 242 155 129 260 495 657 60 502 895 244 744 998 703 672 130 402 685 219 525 620 629 723 754 970 726 718 198 463 30 859 0 242 518 984 607 965 775 566 288 66 90 31 513 793 488 412 804 51 34 666 525 593 761 605 641 679 281 484 350 452 682 718 959 736 718 432 385 787 677 162 457 
664 894 93 117 730 796 871 989 339 827 532 865 454 769 10 919 1000 607 163 342 999 347 557 34 936 973 961 922 521 598 25 796 185 998 695 164 57 471 502 242 0 158 592 29 882 244 711 195 390 920 121 962 457 686 988 374 371 759 334 894 47 741 669 953 899 645 675 115 626 279 109 331 348 271 180 130 440 296 210 386 
34 294 943 471 483 16 89 763 479 294 923 603 583 881 658 238 595 3 822 489 80 260 564 987 950 766 399 261 49 136 89 747 937 76 447 174 201 581 162 518 158 0 961 86 33 943 193 537 15 823 817 36 590 314 870 575 837 526 725 300 212 307 149 293 860 242 181 161 145 951 16 493 371 268 661 107 110 859 506 125 
912 237 176 269 610 45 798 205 991 200 671 818 209 833 784 671 399 277 129 669 325 408 896 869 500 370 423 195 687 901 432 822 240 200 772 984 269 91 815 984 592 961 0 185 55 983 162 260 189 974 357 583 517 427 722 72 310 779 796 381 838 390 54 229 387 985 511 807 657 406 6 586 890 742 507 488 368 345 131 929 
163 274 566 399 321 5 988 273 924 946 483 241 659 173 126 141 31 952 275 318 277 656 60 340 869 123 760 800 68 502 650 19 783 52 948 33 256 94 341 607 29 86 185 0 509 322 942 595 321 344 622 429 942 222 809 269 685 988 650 99 143 710 157 962 538 669 246 595 575 128 556 985 331 599 269 709 340 752 756 160 
777 567 161 908 232 350 605 622 207 252 180 99 578 268 393 595 329 347 557 936 942 951 352 708 535 436 24 970 996 845 637 704 94 357 734 156 773 754 973 965 882 33 55 509 0 253 630 631 445 420 255 307 535 637 434 617 983 353 397 59 22 338 612 985 301 831 715 169 179 533 380 458 518 455 302 774 505 200 783 820 
575 357 360 776 164 403 614 213 686 30 792 483 607 652 632 455 442 152 323 623 6 870 545 556 69 336 398 855 885 542 362 167 214 650 481 972 428 34 756 775 244 943 983 322 253 0 432 838 762 677 53 446 482 35 170 842 208 945 149 78 380 538 420 6 370 220 255 651 488 962 796 781 763 161 674 54 658 459 790 207 
435 781 972 798 826 135 622 976 45 797 630 820 510 853 710 128 530 620 537 979 496 185 493 1000 53 40 335 896 56 254 884 335 209 58 197 406 274 363 434 566 711 193 162 942 630 432 0 340 778 155 994 298 470 418 910 463 283 96 728 148 364 188 628 927 356 425 520 747 562 37 402 919 433 511 306 510 826 142 149 317 
643 251 979 781 609 520 939 444 907 590 260 712 852 308 929 279 683 21 585 315 595 976 544 233 183 797 120 851 737 831 865 193 205 596 93 641 51 597 471 288 195 537 260 595 631 838 340 0 429 452 317 442 785 113 496 31 256 386 844 513 82 452 852 518 483 168 580 812 356 205 260 446 667 11 213 991 583 228 264 868 
