50 3
0 370 414 515 363 386 22 327 909 500 422 102 296 620 494 256 355 909 721 598 169 791 930 4 479 677 161 739 860 296 100 37 660 912 826 954 20 586 429 680 980 749 570 268 336 408 21 616 832 674 
370 0 394 315 397 836 816 921 312 84 358 30 402 430 895 964 899 598 402 128 553 637 814 425 153 855 495 733 417 996 818 331 796 131 422 408 868 789 676 971 400 724 537 647 271 674 792 416 83 375 
414 394 0 810 848 831 61 860 861 152 534 676 677 972 525 886 786 404 91 965 616 824 354 121 517 8 126 876 43 134 149 628 458 27 264 192 767 167 275 922 518 573 805 984 720 837 208 495 577 477 
515 315 810 0 369 69 85 501 22 229 689 392 173 971 943 284 556 146 607 555 538 947 511 429 954 925 476 916 131 952 867 721 73 264 642 997 396 857 289 624 748 715 35 877 942 920 526 811 779 101 
363 397 848 369 0 903 614 886 551 990 197 153 567 647 773 135 8 61 507 864 621 955 838 374 342 964 244 347 214 926 27 437 270 98 635 784 694 344 877 640 381 975 798 719 441 975 55 88 424 985 
386 836 831 69 903 0 706 668 565 403 472 894 581 446 397 900 887 287 407 719 279 113 797 603 652 687 300 282 168 213 625 39 231 803 386 263 19 814 594 874 610 3 248 238 185 958 917 533 742 11 
22 816 61 85 614 706 0 702 156 818 709 814 314 881 324 827 410 723 900 488 903 600 777 419 763 158 938 844 83 638 546 580 677 694 113 276 855 94 700 477 336 960 511 523 849 725 60 348 258 197 
327 921 860 501 886 668 702 0 581 604 73 294 526 803 207 363 518 844 733 622 705 506 486 476 826 841 635 598 404 469 235 774 365 372 766 109 94 954 725 995 173 251 451 783 835 743 994 946 640 344 
909 312 861 22 551 565 156 581 0 977 491 242 904 200 993 594 528 617 223 152 707 410 566 218 162 846 756 881 483 741 72 520 88 804 599 153 319 692 580 679 977 299 314 491 199 702 656 343 961 756 
500 84 152 229 990 403 818 604 977 0 717 833 672 85 186 404 71 258 836 162 626 164 229 114 536 447 933 197 615 391 603 942 32 122 401 809 225 437 423 562 765 263 541 503 661 794 79 511 352 640 
422 358 534 689 197 472 709 73 491 717 0 900 42 897 241 676 127 349 108 499 179 231 674 234 433 684 387 521 211 404 522 390 665 186 895 49 227 454 689 260 274 395 623 829 758 322 117 62 672 389 
102 30 676 392 153 894 814 294 242 833 900 0 833 910 187 410 74 126 30 553 166 941 432 606 706 306 32 29 51 555 476 505 407 6 232 267 743 361 709 878 495 624 377 71 366 434 165 327 199 116 
296 402 677 173 567 581 314 526 904 672 42 833 0 828 261 237 24 213 661 207 633 899 210 965 47 614 174 226 240 971 577 971 246 957 889 4 304 88 280 682 451 799 264 114 699 755 262 593 72 966 
620 430 972 971 647 446 881 803 200 85 897 910 828 0 124 358 857 636 271 321 471 810 575 728 444 462 160 572 130 908 461 196 587 211 388 354 475 296 142 593 128 37 995 171 596 619 924 452 812 476 
494 895 525 943 773 397 324 207 993 186 241 187 261 124 0 519 147 460 778 50 574 504 212 299 670 248 88 652 51 228 31 540 556 647 836 475 642 166 589 785 276 288 436 14 828 281 36 662 235 886 
256 964 886 284 135 900 827 363 594 404 676 410 237 358 519 0 545 760 579 255 881 847 120 686 450 841 474 183 979 980 469 616 165 732 571 31 778 788 525 823 475 161 57 386 238 268 334 185 342 639 
355 899 786 556 8 887 410 518 528 71 127 74 24 857 147 545 0 574 165 431 51 178 906 194 144 236 422 784 634 133 363 439 690 474 637 98 684 293 370 870 335 643 438 330 528 754 169 168 686 808 
909 598 404 146 61 287 723 844 617 258 349 126 213 636 460 760 574 0 509 484 660 261 414 251 419 940 722 714 300 466 141 534 936 126 396 46 61 717 279 302 942 414 338 178 243 571 168 937 500 476 
721 402 91 607 507 407 900 733 223 836 108 30 661 271 778 579 165 509 0 879 239 153 171 586 218 665 312 22 113 266 46 66 966 648 636 332 562 395 682 338 776 266 147 779 177 221 712 771 977 15 
598 128 965 555 864 719 488 622 152 162 499 553 207 321 50 255 431 484 879 0 449 676 334 340 26 496 810 138 62 721 302 439 858 405 90 150 14 658 778 642 99 729 769 310 56 106 540 456 371 845 
169 553 616 538 621 279 903 705 707 626 179 166 633 471 574 881 51 660 239 449 0 466 865 912 878 495 222 348 816 853 567 900 219 456 25 342 860 49 782 15 89 376 322 998 941 339 661 441 39 861 
791 637 824 947 955 113 600 506 410 164 231 941 899 810 504 847 178 261 153 676 466 0 279 545 816 918 13 154 801 1000 216 226 69 198 780 661 252 519 511 452 874 967 267 752 326 592 69 198 378 667 
930 814 354 511 838 797 777 486 566 229 674 432 210 575 212 120 906 414 171 334 865 279 0 656 194 197 645 957 266 242 55 563 400 878 224 400 960 261 102 198 466 712 379 389 82 805 155 837 56 568 
4 425 121 429 374 603 419 476 218 114 234 606 965 728 299 686 194 251 586 340 912 545 656 0 332 630 182 793 567 664 428 870 836 748 444 456 326 553 361 910 390 589 804 627 995 891 770 113 871 412 
479 153 517 954 342 652 763 826 162 536 433 706 47 444 670 450 144 419 218 26 878 816 194 332 0 156 652 737 669 480 740 211 697 463 729 86 650 425 502 232 131 327 148 46 586 550 170 445 56 414 
677 855 8 925 964 687 158 841 846 447 684 306 614 462 248 841 236 940 665 496 495 918 197 630 156 0 272 300 136 610 297 302 798 654 807 460 950 774 731 621 674 987 315 670 462 325 389 974 299 853 
161 495 126 476 244 300 938 635 756 933 387 32 174 160 88 474 422 722 312 810 222 13 645 182 652 272 0 663 127 65 936 182 431 389 346 188 546 94 278 23 236 945 39 767 486 444 908 648 931 378 
739 733 876 916 347 282 844 598 881 197 521 29 226 572 652 183 784 714 22 138 348 154 957 793 737 300 663 0 614 10 857 365 314 232 43 316 46 624 824 253 390 666 93 293 171 416 7 38 185 891 
860 417 43 131 214 168 83 404 483 615 211 51 240 130 51 979 634 300 113 62 816 801 266 567 669 136 127 614 0 116 339 715 948 264 976 535 91 294 98 148 287 273 463 474 247 760 806 801 641 473 
296 996 134 952 926 213 638 469 741 391 404 555 971 908 228 980 133 466 266 721 853 1000 242 664 480 610 65 10 116 0 962 189 901 13 145 353 21 911 10 244 528 213 313 740 410 420 62 374 349 491 
100 818 149 867 27 625 546 235 72 603 522 476 577 461 31 469 363 141 46 302 567 216 55 428 740 297 936 857 339 962 0 102 919 702 729 382 493 480 504 69 757 807 118 463 807 915 26 557 101 798 
37 331 628 721 437 39 580 774 520 942 390 505 971 196 540 616 439 534 66 439 900 226 563 870 211 302 182 365 715 189 102 0 736 916 785 883 953 185 869 381 427 716 991 837 260 512 811 802 112 282 
660 796 458 73 270 231 677 365 88 32 665 407 246 587 556 165 690 936 966 858 219 69 400 836 697 798 431 314 948 901 919 736 0 381 717 195 459 62 496 74 112 820 121 525 880 406 190 934 441 789 
912 131 27 264 98 803 694 372 804 122 186 6 957 211 647 732 474 126 648 405 456 198 878 748 463 654 389 232 264 13 702 916 381 0 625 275 806 793 748 733 998 6 586 907 377 243 369 534 654 263 
826 422 264 642 635 386 113 766 599 401 895 232 889 388 836 571 637 396 636 90 25 780 224 444 729 807 346 43 976 145 729 785 717 625 0 299 10 778 823 615 175 707 381 461 19 844 929 317 734 539 
954 408 192 997 784 263 276 109 153 809 49 267 4 354 475 31 98 46 332 150 342 661 400 456 86 460 188 316 535 353 382 883 195 275 299 0 975 22 603 305 192 897 837 276 15 337 121 777 711 18 
20 868 767 396 694 19 855 94 319 225 227 743 304 475 642 778 684 61 562 14 860 252 960 326 650 950 546 46 91 21 493 953 459 806 10 975 0 999 905 492 182 542 589 815 176 739 195 452 421 556 
586 789 167 857 344 814 94 954 692 437 454 361 88 296 166 788 293 717 395 658 49 519 261 553 425 774 94 624 294 911 480 185 62 793 778 22 999 0 737 121 785 399 914 563 423 663 485 346 160 583 
429 676 275 289 877 594 700 725 580 423 689 709 280 142 589 525 370 279 682 778 782 511 102 361 502 731 278 824 98 10 504 869 496 748 823 603 905 737 0 183 289 205 825 710 412 162 864 138 587 789 
680 971 922 624 640 874 477 995 679 562 260 878 682 593 785 823 870 302 338 642 15 452 198 910 232 621 23 253 148 244 69 381 74 733 615 305 492 121 183 0 161 340 885 219 554 76 638 424 979 966 
980 400 518 748 381 610 336 173 977 765 274 495 451 128 276 475 335 942 776 99 89 874 466 390 131 674 236 390 287 528 757 427 112 998 175 192 182 785 289 161 0 57 523 90 625 669 624 261 749 339 
749 724 573 715 975 3 960 251 299 263 395 624 799 37 288 161 643 414 266 729 376 967 712 589 327 987 945 666 273 213 807 716 820 6 707 897 542 399 205 340 57 0 125 993 249 891 67 245 816 625 
570 537 805 35 798 248 511 451 314 541 623 377 264 995 436 57 438 338 147 769 322 267 379 804 148 315 39 93 463 313 118 991 121 586 381 837 589 914 825 885 523 125 0 811 813 712 666 973 551 157 
268 647 984 877 719 238 523 783 491 503 829 71 114 171 14 386 330 178 779 310 998 752 389 627 46 670 767 293 474 740 463 837 525 907 461 276 815 563 710 219 90 993 811 0 708 394 315 509 983 498 
336 271 720 942 441 185 849 835 199 661 758 366 699 596 828 238 528 243 177 56 941 326 82 995 586 462 486 171 247 410 807 260 880 377 19 15 176 423 412 554 625 249 813 708 0 964 263 311 670 812 
408 674 837 920 975 958 725 743 702 794 322 434 755 619 281 268 754 571 221 106 339 592 805 891 550 325 444 416 760 420 915 512 406 243 844 337 739 663 162 76 669 891 712 394 964 0 50 507 459 760 
21 792 208 526 55 917 60 994 656 79 117 165 262 924 36 334 169 168 712 540 661 69 155 770 170 389 908 7 806 62 26 811 190 369 929 121 195 485 864 638 624 67 666 315 263 50 0 977 500 809 
616 416 495 811 88 533 348 946 343 511 62 327 593 452 662 185 168 937 771 456 441 198 837 113 445 974 648 38 801 374 557 802 934 534 317 777 452 346 138 424 261 245 973 509 311 507 977 0 834 900 
832 83 577 779 424 742 258 640 961 352 672 199 72 812 235 342 686 500 977 371 39 378 56 871 56 299 931 185 641 349 101 112 441 654 734 711 421 160 587 979 749 816 551 983 670 459 500 834 0 767 
674 375 477 101 985 11 197 344 756 640 389 116 966 476 886 639 808 476 15 845 861 667 568 412 414 853 378 891 473 491 798 282 789 263 539 18 556 583 789 966 339 625 157 498 812 760 809 900 767 0 
0 728 920 437 862 794 67 626 488 320 472 680 574 949 468 920 2 326 360 309 187 908 958 829 598 776 926 287 936 123 669 13 799 879 585 855 81 346 919 906 831 159 492 808 576 928 53 709 475 970 
728 0 896 674 393 932 375 564 229 817 971 94 971 775 667 423 402 506 500 799 250 662 499 847 67 730 620 375 40 414 888 327 465 327 332 443 299 936 857 689 329 728 508 876 771 167 555 716 482 804 
920 896 0 737 402 787 206 306 422 540 360 558 917 935 626 175 768 382 545 25 884 975 106 699 98 119 970 544 838 808 778 380 483 463 889 991 285 82 141 191 501 936 866 876 283 166 181 274 515 45 
437 674 737 0 739 94 469 432 302 385 756 881 271 260 350 497 117 448 454 359 462 134 54 264 761 813 716 518 259 708 32 836 486 404 957 320 634 652 937 764 742 585 222 904 378 99 595 257 281 134 
862 393 402 739 0 104 742 333 733 48 195 779 105 561 210 822 312 92 522 318 113 422 949 285 788 349 992 185 650 365 444 26 561 819 282 602 547 824 985 957 359 406 957 472 264 463 242 371 445 759 
794 932 787 94 104 0 747 167 640 985 628 49 856 742 977 387 174 757 418 167 290 757 256 144 569 125 236 319 555 675 104 698 791 746 548 752 601 354 635 52 252 221 9 580 627 515 39 133 542 831 
67 375 206 469 742 747 0 331 768 693 262 56 161 704 728 774 797 127 399 347 503 578 841 411 846 286 649 564 17 665 554 529 576 603 424 894 836 340 751 662 816 918 598 196 772 583 840 188 642 190 
626 564 306 432 333 167 331 0 300 120 546 284 338 414 338 324 692 911 234 666 566 510 694 707 799 827 256 94 246 869 558 413 22 649 793 620 425 4 423 594 284 620 671 102 556 543 593 767 78 728 
488 229 422 302 733 640 768 300 0 658 42 295 258 987 96 276 987 493 215 365 497 616 793 587 718 899 359 173 971 121 706 724 860 933 568 4 700 669 150 880 126 864 909 750 531 303 242 160 202 36 
320 817 540 385 48 985 693 120 658 0 80 833 458 786 15 418 217 111 114 793 245 685 546 142 650 431 356 811 360 277 311 869 728 310 285 139 153 646 823 710 714 28 859 706 137 887 382 932 89 398 
472 971 360 756 195 628 262 546 42 80 0 467 415 385 685 884 248 580 988 129 460 162 992 907 57 629 108 637 807 133 181 652 427 316 522 365 55 849 992 482 739 421 312 909 156 666 968 497 863 126 
680 94 558 881 779 49 56 284 295 833 467 0 746 727 448 13 215 640 597 64 861 411 406 612 908 344 321 537 446 413 844 782 886 787 688 774 629 281 432 238 247 791 968 802 819 398 544 285 972 923 
574 971 917 271 105 856 161 338 258 458 415 746 0 909 726 374 554 571 930 631 1 607 534 397 252 217 241 680 487 642 881 228 859 98 139 260 630 553 115 714 152 427 531 515 501 460 947 513 573 769 
949 775 935 260 561 742 704 414 987 786 385 727 909 0 563 352 630 677 98 328 119 915 784 212 543 563 340 918 124 973 847 987 275 905 825 390 611 354 446 277 115 866 207 850 67 747 172 945 334 318 
468 667 626 350 210 977 728 338 96 15 685 448 726 563 0 858 248 624 589 743 492 717 765 456 857 600 903 416 507 825 416 482 375 474 79 657 850 701 885 771 77 512 87 689 283 5 371 937 613 536 
920 423 175 497 822 387 774 324 276 418 884 13 374 352 858 0 114 470 710 981 156 872 736 42 923 987 193 644 931 585 599 308 472 731 287 467 61 427 41 756 493 913 606 978 315 674 38 710 316 738 
2 402 768 117 312 174 797 692 987 217 248 215 554 630 248 114 0 608 22 930 419 434 929 47 786 576 726 467 902 276 134 750 731 832 71 778 841 547 953 669 817 360 493 659 863 453 115 436 245 604 
326 506 382 448 92 757 127 911 493 111 580 640 571 677 624 470 608 0 521 224 413 699 434 122 418 195 33 915 714 690 643 293 98 853 719 214 991 926 732 252 257 841 772 942 908 315 246 726 70 41 
360 500 545 454 522 418 399 234 215 114 988 597 930 98 589 710 22 521 0 403 977 213 581 968 344 437 427 901 866 133 34 662 960 173 759 872 273 982 995 600 151 269 780 138 832 394 548 411 357 73 
309 799 25 359 318 167 347 666 365 793 129 64 631 328 743 981 930 224 403 0 113 112 636 923 907 795 531 404 631 538 20 389 892 845 501 935 638 281 562 948 710 334 756 611 299 668 801 877 843 512 
187 250 884 462 113 290 503 566 497 245 460 861 1 119 492 156 419 413 977 113 0 551 480 259 565 597 340 947 795 359 517 399 623 177 911 224 619 348 71 625 895 454 204 467 832 366 554 273 165 53 
908 662 975 134 422 757 578 510 616 685 162 411 607 915 717 872 434 699 213 112 551 0 495 168 803 765 466 331 695 224 654 803 655 912 182 591 929 164 654 390 575 101 233 316 118 588 188 855 395 219 
958 499 106 54 949 256 841 694 793 546 992 406 534 784 765 736 929 434 581 636 480 495 0 645 315 703 535 146 572 364 272 465 474 326 22 140 216 205 910 641 731 477 962 703 318 572 944 711 360 922 
829 847 699 264 285 144 411 707 587 142 907 612 397 212 456 42 47 122 968 923 259 168 645 0 75 742 218 74 419 367 464 261 683 944 881 494 564 300 675 688 668 889 635 284 314 589 475 807 134 185 
598 67 98 761 788 569 846 799 718 650 57 908 252 543 857 923 786 418 344 907 565 803 315 75 0 829 208 47 881 497 123 665 990 80 748 50 246 959 191 674 60 37 891 280 94 375 501 739 481 9 
776 730 119 813 349 125 286 827 899 431 629 344 217 563 600 987 576 195 437 795 597 765 703 742 829 0 681 670 28 545 497 959 703 558 480 535 648 592 577 661 800 14 489 853 86 245 778 157 422 256 
926 620 970 716 992 236 649 256 359 356 108 321 241 340 903 193 726 33 427 531 340 466 535 218 208 681 0 705 194 699 18 344 808 277 10 449 288 699 584 296 680 88 357 862 844 484 83 507 286 441 
287 375 544 518 185 319 564 94 173 811 637 537 680 918 416 644 467 915 901 404 947 331 146 74 47 670 705 0 466 251 249 988 26 815 707 763 410 351 345 45 321 852 354 696 856 361 173 936 630 997 
936 40 838 259 650 555 17 246 971 360 807 446 487 124 507 931 902 714 866 631 795 695 572 419 881 28 194 466 0 160 385 934 622 574 425 836 181 818 389 725 784 930 798 107 75 410 374 947 994 850 
123 414 808 708 365 675 665 869 121 277 133 413 642 973 825 585 276 690 133 538 359 224 364 367 497 545 699 251 160 0 185 802 939 868 806 226 219 846 415 450 859 254 534 361 621 129 854 937 810 394 
669 888 778 32 444 104 554 558 706 311 181 844 881 847 416 599 134 643 34 20 517 654 272 464 123 497 18 249 385 185 0 107 816 686 398 336 586 598 944 193 532 107 704 255 282 963 871 589 976 936 
13 327 380 836 26 698 529 413 724 869 652 782 228 987 482 308 750 293 662 389 399 803 465 261 665 959 344 988 934 802 107 0 822 689 148 463 928 115 193 206 329 333 867 870 347 344 727 790 435 269 
799 465 483 486 561 791 576 22 860 728 427 886 859 275 375 472 731 98 960 892 623 655 474 683 990 703 808 26 622 939 816 822 0 877 720 356 966 647 92 175 431 401 475 590 697 715 938 535 343 825 
879 327 463 404 819 746 603 649 933 310 316 787 98 905 474 731 832 853 173 845 177 912 326 944 80 558 277 815 574 868 686 689 877 0 683 583 450 74 985 450 244 850 771 787 560 366 286 429 28 137 
585 332 889 957 282 548 424 793 568 285 522 688 139 825 79 287 71 719 759 501 911 182 22 881 748 480 10 707 425 806 398 148 720 683 0 839 237 406 335 200 627 240 353 882 828 102 487 603 911 656 
855 443 991 320 602 752 894 620 4 139 365 774 260 390 657 467 778 214 872 935 224 591 140 494 50 535 449 763 836 226 336 463 356 583 839 0 996 842 878 545 804 378 967 479 6 920 806 893 398 942 
81 299 285 634 547 601 836 425 700 153 55 629 630 611 850 61 841 991 273 638 619 929 216 564 246 648 288 410 181 219 586 928 966 450 237 996 0 913 340 759 674 416 513 647 351 210 596 686 177 305 
346 936 82 652 824 354 340 4 669 646 849 281 553 354 701 427 547 926 982 281 348 164 205 300 959 592 699 351 818 846 598 115 647 74 406 842 913 0 335 780 847 500 512 213 871 461 798 162 937 657 
919 857 141 937 985 635 751 423 150 823 992 432 115 446 885 41 953 732 995 562 71 654 910 675 191 577 584 345 389 415 944 193 92 985 335 878 340 335 0 467 78 40 742 17 510 916 300 664 816 983 
906 689 191 764 957 52 662 594 880 710 482 238 714 277 771 756 669 252 600 948 625 390 641 688 674 661 296 45 725 450 193 206 175 450 200 545 759 780 467 0 712 916 984 556 139 288 884 782 406 663 
831 329 501 742 359 252 816 284 126 714 739 247 152 115 77 493 817 257 151 710 895 575 731 668 60 800 680 321 784 859 532 329 431 244 627 804 674 847 78 712 0 471 565 20 405 632 3 249 624 540 
159 728 936 585 406 221 918 620 864 28 421 791 427 866 512 913 360 841 269 334 454 101 477 889 37 14 88 852 930 254 107 333 401 850 240 378 416 500 40 916 471 0 624 357 761 947 989 80 772 256 
492 508 866 222 957 9 598 671 909 859 312 968 531 207 87 606 493 772 780 756 204 233 962 635 891 489 357 354 798 534 704 867 475 771 353 967 513 512 742 984 565 624 0 415 965 264 226 10 98 142 
808 876 876 904 472 580 196 102 750 706 909 802 515 850 689 978 659 942 138 611 467 316 703 284 280 853 862 696 107 361 255 870 590 787 882 479 647 213 17 556 20 357 415 0 164 926 582 15 13 213 
576 771 283 378 264 627 772 556 531 137 156 819 501 67 283 315 863 908 832 299 832 118 318 314 94 86 844 856 75 621 282 347 697 560 828 6 351 871 510 139 405 761 965 164 0 413 523 109 342 271 
928 167 166 99 463 515 583 543 303 887 666 398 460 747 5 674 453 315 394 668 366 588 572 589 375 245 484 361 410 129 963 344 715 366 102 920 210 461 916 288 632 947 264 926 413 0 266 947 109 447 
53 555 181 595 242 39 840 593 242 382 968 544 947 172 371 38 115 246 548 801 554 188 944 475 501 778 83 173 374 854 871 727 938 286 487 806 596 798 300 884 3 989 226 582 523 266 0 676 235 96 
709 716 274 257 371 133 188 767 160 932 497 285 513 945 937 710 436 726 411 877 273 855 711 807 739 157 507 936 947 937 589 790 535 429 603 893 686 162 664 782 249 80 10 15 109 947 676 0 869 683 
475 482 515 281 445 542 642 78 202 89 863 972 573 334 613 316 245 70 357 843 165 395 360 134 481 422 286 630 994 810 976 435 343 28 911 398 177 937 816 406 624 772 98 13 342 109 235 869 0 33 
970 804 45 134 759 831 190 728 36 398 126 923 769 318 536 738 604 41 73 512 53 219 922 185 9 256 441 997 850 394 936 269 825 137 656 942 305 657 983 663 540 256 142 213 271 447 96 683 33 0 
0 786 895 449 869 866 50 725 531 152 348 582 573 988 592 797 195 213 350 385 303 992 937 774 636 835 884 259 962 76 488 11 659 863 536 981 191 336 971 967 763 286 360 788 526 864 194 864 565 962 
786 0 836 589 263 689 292 362 93 979 806 77 981 866 586 513 395 557 731 809 286 673 571 708 45 454 715 316 12 242 780 404 391 273 457 465 321 932 833 674 470 861 676 815 601 84 781 634 325 746 
895 836 0 888 405 666 243 354 586 391 519 385 769 843 772 125 727 286 525 54 695 738 204 699 37 204 933 450 844 739 813 286 421 354 857 968 204 242 91 114 679 906 821 954 251 112 177 263 545 106 
449 589 888 0 638 319 548 452 354 395 613 999 212 97 316 397 52 501 404 492 503 412 170 329 704 913 787 334 169 560 13 947 462 393 803 271 790 616 899 873 725 335 138 708 336 81 596 342 156 145 
869 263 405 638 0 195 859 485 703 38 261 784 107 562 215 798 343 24 605 486 44 644 922 191 822 271 869 104 675 465 316 117 560 771 297 640 443 660 1000 962 287 369 900 484 210 638 316 315 494 748 
866 689 666 319 195 0 678 123 585 971 522 227 909 718 970 607 184 664 256 196 411 536 119 181 781 274 322 345 563 865 32 573 910 604 357 610 793 406 588 131 169 214 46 651 484 632 122 40 442 845 
50 292 243 548 859 678 0 267 516 661 268 274 221 805 621 717 928 75 350 465 426 668 732 591 977 435 826 494 239 899 693 494 574 626 413 828 880 262 825 528 877 957 453 355 810 539 848 312 594 299 
725 362 354 452 485 123 267 0 409 96 492 478 436 339 314 420 485 969 330 595 541 602 675 699 696 863 136 322 333 873 540 413 47 717 726 697 423 55 614 581 202 707 746 79 532 428 409 776 155 678 
531 93 586 354 703 585 516 409 0 671 114 193 269 961 97 207 922 397 265 337 472 556 948 667 741 949 331 28 920 87 567 795 915 841 666 143 692 540 123 667 141 935 986 801 430 270 245 175 258 40 
152 979 391 395 38 971 661 96 671 0 179 805 417 703 29 422 114 213 275 820 148 673 502 128 814 465 341 852 540 270 357 857 923 395 111 139 140 776 884 904 751 50 915 556 277 856 446 747 158 344 
348 806 519 613 261 522 268 492 114 179 0 642 434 254 922 689 215 428 996 62 415 131 944 921 81 575 67 861 784 150 382 816 287 453 406 434 75 903 955 390 729 504 419 922 303 633 753 509 766 229 
582 77 385 999 784 227 274 478 193 805 642 0 863 595 366 127 211 736 619 181 754 429 418 523 789 333 441 616 570 303 832 840 861 648 720 682 684 373 566 126 305 906 877 840 889 381 425 238 946 902 
573 981 769 212 107 909 221 436 269 417 434 863 0 883 707 550 623 399 933 778 102 860 594 441 237 159 328 719 460 661 823 207 847 200 363 262 642 566 119 715 304 254 405 301 344 673 896 704 576 832 
988 866 843 97 562 718 805 339 961 703 254 595 883 0 501 203 640 751 139 240 229 832 820 135 545 526 252 795 93 989 854 963 202 688 873 517 722 424 361 357 214 939 348 751 146 590 306 823 266 84 
592 586 772 316 215 970 621 314 97 29 922 366 707 501 0 681 170 669 449 756 438 577 755 403 907 386 909 453 425 961 284 474 461 553 353 578 935 836 867 711 73 612 174 745 278 33 341 891 611 437 
797 513 125 397 798 607 717 420 207 422 689 127 550 203 681 0 187 559 775 976 194 852 821 149 717 791 321 678 954 571 460 441 391 869 206 396 133 314 68 705 425 824 550 927 118 849 170 899 372 716 
195 395 727 52 343 184 928 485 922 114 215 211 623 640 170 187 0 542 206 738 485 554 995 58 880 562 721 358 886 277 154 758 844 703 267 660 918 568 914 764 844 321 625 742 593 336 229 339 442 744 
213 557 286 501 24 664 75 969 397 213 428 736 399 751 669 559 542 0 661 126 268 566 345 220 637 148 81 906 925 836 665 253 34 953 643 165 891 825 794 239 165 827 647 673 898 137 273 660 221 198 
350 731 525 404 605 256 350 330 265 275 996 619 933 139 449 775 206 661 0 336 883 353 732 757 243 470 375 996 700 165 153 540 982 143 554 977 237 935 937 556 186 233 745 74 949 286 588 363 335 104 
385 809 54 492 486 196 465 595 337 820 62 181 778 240 756 976 738 126 336 0 95 72 535 971 973 959 567 331 546 700 26 217 852 913 529 863 618 183 600 848 779 326 781 657 363 676 760 939 806 489 
303 286 695 503 44 411 426 541 472 148 415 754 102 229 438 194 485 268 883 95 0 631 552 236 475 716 488 999 818 393 440 489 682 143 988 403 537 236 271 760 869 451 259 503 961 334 745 245 129 143 
992 673 738 412 644 536 668 602 556 673 131 429 860 832 577 852 554 566 353 72 631 0 513 256 838 774 304 457 715 365 719 711 712 582 64 599 868 217 630 476 545 71 218 366 262 591 125 848 545 289 
937 571 204 170 922 119 732 675 948 502 944 418 594 820 755 821 995 345 732 535 552 513 0 331 348 685 402 350 601 119 242 333 485 423 62 222 208 140 844 636 753 644 963 916 360 588 895 621 432 842 
774 708 699 329 191 181 591 699 667 128 921 523 441 135 403 149 58 220 757 971 236 256 331 0 153 767 277 189 342 388 467 256 688 710 782 508 779 289 757 743 806 803 614 173 392 472 602 833 88 22 
636 45 37 704 822 781 977 696 741 814 81 789 237 545 907 717 880 637 243 973 475 838 348 153 0 904 121 3 911 473 208 648 867 203 684 191 452 789 286 738 158 25 888 419 52 283 434 860 410 79 
835 454 204 913 271 274 435 863 949 465 575 333 159 526 386 791 562 148 470 959 716 774 685 767 904 0 617 623 142 535 519 939 699 655 564 617 578 623 606 629 668 89 424 900 136 245 676 342 587 287 
884 715 933 787 869 322 826 136 331 341 67 441 328 252 909 321 721 81 375 567 488 304 402 277 121 617 0 623 175 585 4 538 809 395 95 497 345 583 672 408 678 71 203 912 847 454 46 676 507 424 
259 316 450 334 104 345 494 322 28 852 861 616 719 795 453 678 358 906 996 331 999 457 350 189 3 623 623 0 397 372 308 928 99 893 586 696 578 281 390 59 368 733 344 598 906 339 243 923 633 970 
962 12 844 169 675 563 239 333 920 540 784 570 460 93 425 954 886 925 700 546 818 715 601 342 911 142 175 397 0 55 269 867 645 632 405 719 239 725 460 593 778 879 861 179 89 541 387 896 824 848 
76 242 739 560 465 865 899 873 87 270 150 303 661 989 961 571 277 836 165 700 393 365 119 388 473 535 585 372 55 0 177 896 907 861 713 202 320 624 444 476 867 351 542 129 606 19 802 774 833 322 
488 780 813 13 316 32 693 540 567 357 382 832 823 854 284 460 154 665 153 26 440 719 242 467 208 519 4 308 269 177 0 109 848 658 318 521 692 535 988 119 567 237 808 462 219 941 880 540 938 965 
11 404 286 947 117 573 494 413 795 857 816 840 207 963 474 441 758 253 540 217 489 711 333 256 648 939 538 928 867 896 109 0 762 651 245 317 975 58 176 173 485 440 900 951 238 310 793 848 581 260 
659 391 421 462 560 910 574 47 915 923 287 861 847 202 461 391 844 34 982 852 682 712 485 688 867 699 809 99 645 907 848 762 0 839 665 541 948 704 4 268 389 249 547 592 653 837 796 547 446 792 
863 273 354 393 771 604 626 717 841 395 453 648 200 688 553 869 703 953 143 913 143 582 423 710 203 655 395 893 632 861 658 651 839 0 857 608 557 144 896 638 348 851 701 632 555 276 372 327 66 246 
536 457 857 803 297 357 413 726 666 111 406 720 363 873 353 206 267 643 554 529 988 64 62 782 684 564 95 586 405 713 318 245 665 857 0 882 263 537 489 296 531 234 355 822 690 266 590 933 908 588 
981 465 968 271 640 610 828 697 143 139 434 682 262 517 578 396 660 165 977 863 403 599 222 508 191 617 497 696 719 202 521 317 541 608 882 0 976 957 788 599 656 367 855 491 64 782 891 950 296 795 
191 321 204 790 443 793 880 423 692 140 75 684 642 722 935 133 918 891 237 618 537 868 208 779 452 578 345 578 239 320 692 975 948 557 263 976 0 928 391 794 657 222 480 585 413 229 503 578 269 470 
336 932 242 616 660 406 262 55 540 776 903 373 566 424 836 314 568 825 935 183 236 217 140 289 789 623 583 281 725 624 535 58 704 144 537 957 928 0 388 742 809 360 752 176 809 429 781 139 970 812 
971 833 91 899 1000 588 825 614 123 884 955 566 119 361 867 68 914 794 937 600 271 630 844 757 286 606 672 390 460 444 988 176 4 896 489 788 391 388 0 635 113 34 641 57 624 1000 265 715 720 975 
967 674 114 873 962 131 528 581 667 904 390 126 715 357 711 705 764 239 556 848 760 476 636 743 738 629 408 59 593 476 119 173 268 638 296 599 794 742 635 0 458 960 875 688 95 59 763 669 385 656 
763 470 679 725 287 169 877 202 141 751 729 305 304 214 73 425 844 165 186 779 869 545 753 806 158 668 678 368 778 867 567 485 389 348 531 656 657 809 113 458 0 384 749 65 356 604 50 234 708 509 
286 861 906 335 369 214 957 707 935 50 504 906 254 939 612 824 321 827 233 326 451 71 644 803 25 89 71 733 879 351 237 440 249 851 234 367 222 360 34 960 384 0 595 443 817 758 935 304 677 311 
360 676 821 138 900 46 453 746 986 915 419 877 405 348 174 550 625 647 745 781 259 218 963 614 888 424 203 344 861 542 808 900 547 701 355 855 480 752 641 875 749 595 0 579 941 351 221 172 118 280 
788 815 954 708 484 651 355 79 801 556 922 840 301 751 745 927 742 673 74 657 503 366 916 173 419 900 912 598 179 129 462 951 592 632 822 491 585 176 57 688 65 443 579 0 141 861 520 86 97 344 
526 601 251 336 210 484 810 532 430 277 303 889 344 146 278 118 593 898 949 363 961 262 360 392 52 136 847 906 89 606 219 238 653 555 690 64 413 809 624 95 356 817 941 141 0 323 384 80 475 132 
864 84 112 81 638 632 539 428 270 856 633 381 673 590 33 849 336 137 286 676 334 591 588 472 283 245 454 339 541 19 941 310 837 276 266 782 229 429 1000 59 604 758 351 861 323 0 234 965 35 454 
194 781 177 596 316 122 848 409 245 446 753 425 896 306 341 170 229 273 588 760 745 125 895 602 434 676 46 243 387 802 880 793 796 372 590 891 503 781 265 763 50 935 221 520 384 234 0 770 170 176 
864 634 263 342 315 40 312 776 175 747 509 238 704 823 891 899 339 660 363 939 245 848 621 833 860 342 676 923 896 774 540 848 547 327 933 950 578 139 715 669 234 304 172 86 80 965 770 0 975 468 
565 325 545 156 494 442 594 155 258 158 766 946 576 266 611 372 442 221 335 806 129 545 432 88 410 587 507 633 824 833 938 581 446 66 908 296 269 970 720 385 708 677 118 97 475 35 170 975 0 58 
962 746 106 145 748 845 299 678 40 344 229 902 832 84 437 716 744 198 104 489 143 289 842 22 79 287 424 970 848 322 965 260 792 246 588 795 470 812 975 656 509 311 280 344 132 454 176 468 58 0 
0 605 706 669 930 860 152 735 622 415 251 575 607 939 490 803 210 238 342 294 154 931 875 935 395 701 807 151 979 9 671 192 741 885 386 983 188 305 856 989 969 297 515 675 549 828 119 564 154 911 
605 0 918 660 535 857 346 552 466 755 994 13 861 919 563 381 361 451 280 840 295 611 438 906 107 705 695 476 58 251 999 297 541 383 208 473 320 822 738 570 293 830 473 986 744 147 594 730 508 888 
706 918 0 794 351 725 138 266 413 416 338 750 858 898 684 52 752 567 572 143 877 937 154 843 55 108 882 331 833 674 671 294 613 454 644 968 304 154 45 320 419 779 937 823 339 50 174 233 502 29 
669 660 794 0 794 111 347 589 415 590 587 815 234 297 503 448 117 681 388 321 443 255 230 216 734 837 806 485 357 607 35 964 622 330 994 484 504 804 900 690 686 767 214 962 352 152 613 224 370 137 
930 535 351 794 0 117 685 421 537 26 155 912 209 541 209 954 211 132 612 470 172 255 952 432 759 273 915 305 704 341 454 80 564 807 268 716 647 945 843 969 343 435 947 374 121 375 232 368 314 759 
860 857 725 111 117 0 637 277 839 901 745 146 943 751 897 291 286 636 272 251 382 639 240 305 454 265 345 249 448 513 154 885 944 689 543 766 663 221 694 75 226 271 3 571 670 484 103 317 589 803 
152 346 138 347 685 637 0 270 726 679 29 180 183 672 684 756 763 170 269 318 559 613 848 561 797 378 641 580 105 570 535 739 714 556 590 797 792 292 719 537 899 815 436 78 823 522 789 344 671 129 
735 552 266 589 421 277 270 0 410 27 717 477 461 315 356 369 772 957 297 635 490 443 571 698 744 610 466 76 192 900 441 294 27 733 785 648 449 95 328 446 285 485 642 44 451 304 439 744 8 637 
622 466 413 415 537 839 726 410 0 754 9 317 262 879 5 328 813 624 169 406 583 549 647 581 939 907 331 157 992 107 828 631 893 866 548 15 780 714 5 940 175 666 771 900 485 250 168 222 241 141 
415 755 416 590 26 901 679 27 754 0 98 859 424 759 221 296 322 227 267 870 364 672 381 98 586 378 303 808 426 378 234 668 597 223 313 368 295 615 741 754 758 72 831 545 112 888 241 978 132 487 
251 994 338 587 155 745 29 717 9 98 0 605 498 351 715 920 275 823 969 227 434 270 800 781 37 751 42 614 894 141 360 543 415 346 529 350 112 772 966 507 789 351 272 876 269 742 911 521 946 225 
575 13 750 815 912 146 180 477 317 859 605 0 811 734 671 78 196 584 767 185 908 475 430 628 865 328 337 602 417 257 780 631 900 728 666 745 445 189 506 429 258 946 913 641 719 405 683 367 928 937 
607 861 858 234 209 943 183 461 262 424 498 811 0 786 570 431 620 875 973 438 69 721 421 385 155 276 374 673 469 680 984 137 706 27 188 67 473 300 88 668 293 366 390 642 548 495 985 671 401 825 
939 919 898 297 541 751 672 315 879 759 351 734 786 0 574 497 740 585 65 185 214 819 738 241 642 549 242 944 64 833 825 954 316 972 841 358 690 300 431 249 113 966 235 743 36 390 210 911 369 98 
490 563 684 503 209 897 684 356 5 221 715 671 570 574 0 850 374 727 491 749 403 607 587 499 976 552 978 434 587 949 200 391 457 479 140 591 894 591 898 765 152 330 61 774 164 132 521 817 612 604 
803 381 52 448 954 291 756 369 328 296 920 78 431 497 850 0 127 621 752 949 168 730 853 119 993 964 347 721 893 461 610 182 291 772 149 534 85 350 90 815 481 996 743 905 247 677 282 749 282 822 
210 361 752 117 211 286 763 772 813 322 275 196 620 740 374 127 0 553 4 821 463 480 792 127 858 493 802 691 727 230 238 672 867 892 268 827 927 308 795 736 618 286 487 807 994 478 79 567 44 713 
238 451 567 681 132 636 170 957 624 227 823 584 875 585 727 621 553 0 704 282 491 809 543 239 517 86 151 731 680 670 655 224 109 806 767 234 928 906 818 151 290 887 612 927 791 321 358 719 75 69 
342 280 572 388 612 272 269 297 169 267 969 767 973 65 491 752 4 704 0 391 934 433 481 974 485 319 534 891 840 165 41 739 802 11 731 928 297 886 955 617 411 510 1000 266 730 426 696 385 360 65 
294 840 143 321 470 251 318 635 406 870 227 185 438 185 749 949 821 282 391 0 255 116 544 890 982 717 519 243 850 668 22 220 778 636 456 920 788 414 375 984 895 181 662 573 206 917 653 919 820 599 
154 295 877 443 172 382 559 490 583 364 434 908 69 214 403 168 463 491 934 255 0 401 483 132 644 661 537 919 890 403 526 442 804 136 994 230 518 246 62 641 914 509 176 502 889 432 602 275 201 16 
931 611 937 255 255 639 613 443 549 672 270 475 721 819 607 730 480 809 433 116 401 0 577 25 651 672 512 281 813 261 608 855 523 807 403 509 692 301 694 260 511 170 208 297 10 577 34 863 334 203 
875 438 154 230 952 240 848 571 647 381 800 430 421 738 587 853 792 543 481 544 483 577 0 761 357 771 697 185 384 390 371 306 589 340 29 42 417 176 888 441 722 489 941 766 291 636 881 645 687 911 
935 906 843 216 432 305 561 698 581 98 781 628 385 241 499 119 127 239 974 890 132 25 761 0 112 632 102 140 422 428 459 427 529 915 792 466 674 421 663 851 645 881 626 268 418 471 750 847 225 185 
395 107 55 734 759 454 797 744 939 586 37 865 155 642 976 993 858 517 485 982 644 651 357 112 0 860 55 181 840 486 155 805 941 50 864 222 226 944 335 643 177 19 889 444 237 466 517 822 224 43 
701 705 108 837 273 265 378 610 907 378 751 328 276 549 552 964 493 86 319 717 661 672 771 632 860 0 858 620 38 718 647 764 592 396 588 510 630 504 607 960 926 3 562 857 314 304 764 28 362 226 
807 695 882 806 915 345 641 466 331 303 42 337 374 242 978 347 802 151 534 519 537 512 697 102 55 858 0 718 123 644 63 292 706 238 77 321 101 635 615 323 650 75 588 849 873 693 110 457 371 309 
151 476 331 485 305 249 580 76 157 808 614 602 673 944 434 721 691 731 891 243 919 281 185 140 181 620 718 0 425 42 340 998 113 734 768 695 568 466 289 144 175 882 433 655 875 573 41 913 425 937 
979 58 833 357 704 448 105 192 992 426 894 417 469 64 587 893 727 680 840 850 890 813 384 422 840 38 123 425 0 254 283 784 628 526 515 788 289 733 461 753 735 910 769 104 111 294 411 943 954 826 
9 251 674 607 341 513 570 900 107 378 141 257 680 833 949 461 230 670 165 668 403 261 390 428 486 718 644 42 254 0 244 767 878 753 968 284 245 967 568 420 864 323 422 294 705 145 924 813 804 305 
671 999 671 35 454 154 535 441 828 234 360 780 984 825 200 610 238 655 41 22 526 608 371 459 155 647 63 340 283 244 0 49 903 570 440 359 572 482 978 287 416 82 743 264 226 909 869 529 751 922 
192 297 294 964 80 885 739 294 631 668 543 631 137 954 391 182 672 224 739 220 442 855 306 427 805 764 292 998 784 767 49 0 700 561 224 457 844 65 274 353 386 311 816 873 446 359 697 861 335 191 
741 541 613 622 564 944 714 27 893 597 415 900 706 316 457 291 867 109 802 778 804 523 589 529 941 592 706 113 628 878 903 700 0 675 822 217 922 652 85 203 425 323 387 440 528 613 903 354 389 827 
885 383 454 330 807 689 556 733 866 223 346 728 27 972 479 772 892 806 11 636 136 807 340 915 50 396 238 734 526 753 570 561 675 0 747 580 597 37 897 591 244 795 723 735 549 517 253 550 8 148 
386 208 644 994 268 543 590 785 548 313 529 666 188 841 140 149 268 767 731 456 994 403 29 792 864 588 77 768 515 968 440 224 822 747 0 935 284 374 346 89 523 145 327 848 958 114 703 499 860 582 
983 473 968 484 716 766 797 648 15 368 350 745 67 358 591 534 827 234 928 920 230 509 42 466 222 510 321 695 788 284 359 457 217 580 935 0 962 914 846 591 831 153 847 536 85 984 896 741 546 983 
188 320 304 504 647 663 792 449 780 295 112 445 473 690 894 85 927 928 297 788 518 692 417 674 226 630 101 568 289 245 572 844 922 597 284 962 0 910 375 722 838 561 544 584 514 186 692 695 267 210 
305 822 154 804 945 221 292 95 714 615 772 189 300 300 591 350 308 906 886 414 246 301 176 421 944 504 635 466 733 967 482 65 652 37 374 914 910 0 414 831 654 695 605 137 957 374 837 155 993 625 
856 738 45 900 843 694 719 328 5 741 966 506 88 431 898 90 795 818 955 375 62 694 888 663 335 607 615 289 461 568 978 274 85 897 346 846 375 414 0 404 133 114 578 152 672 942 439 651 921 946 
989 570 320 690 969 75 537 446 940 754 507 429 668 249 765 815 736 151 617 984 641 260 441 851 643 960 323 144 753 420 287 353 203 591 89 591 722 831 404 0 594 889 955 694 125 385 910 763 408 710 
969 293 419 686 343 226 899 285 175 758 789 258 293 113 152 481 618 290 411 895 914 511 722 645 177 926 650 175 735 864 416 386 425 244 523 831 838 654 133 594 0 458 623 72 468 546 74 161 732 531 
297 830 779 767 435 271 815 485 666 72 351 946 366 966 330 996 286 887 510 181 509 170 489 881 19 3 75 882 910 323 82 311 323 795 145 153 561 695 114 889 458 0 778 346 839 999 632 43 810 264 
515 473 937 214 947 3 436 642 771 831 272 913 390 235 61 743 487 612 1000 662 176 208 941 626 889 562 588 433 769 422 743 816 387 723 327 847 544 605 578 955 623 778 0 587 808 324 205 29 57 137 
675 986 823 962 374 571 78 44 900 545 876 641 642 743 774 905 807 927 266 573 502 297 766 268 444 857 849 655 104 294 264 873 440 735 848 536 584 137 152 694 72 346 587 0 91 880 576 41 217 422 
549 744 339 352 121 670 823 451 485 112 269 719 548 36 164 247 994 791 730 206 889 10 291 418 237 314 873 875 111 705 226 446 528 549 958 85 514 957 672 125 468 839 808 91 0 495 578 183 221 222 
828 147 50 152 375 484 522 304 250 888 742 405 495 390 132 677 478 321 426 917 432 577 636 471 466 304 693 573 294 145 909 359 613 517 114 984 186 374 942 385 546 999 324 880 495 0 151 975 124 454 
119 594 174 613 232 103 789 439 168 241 911 683 985 210 521 282 79 358 696 653 602 34 881 750 517 764 110 41 411 924 869 697 903 253 703 896 692 837 439 910 74 632 205 576 578 151 0 847 339 177 
564 730 233 224 368 317 344 744 222 978 521 367 671 911 817 749 567 719 385 919 275 863 645 847 822 28 457 913 943 813 529 861 354 550 499 741 695 155 651 763 161 43 29 41 183 975 847 0 923 580 
154 508 502 370 314 589 671 8 241 132 946 928 401 369 612 282 44 75 360 820 201 334 687 225 224 362 371 425 954 804 751 335 389 8 860 546 267 993 921 408 732 810 57 217 221 124 339 923 0 67 
911 888 29 137 759 803 129 637 141 487 225 937 825 98 604 822 713 69 65 599 16 203 911 185 43 226 309 937 826 305 922 191 827 148 582 983 210 625 946 710 531 264 137 422 222 454 177 580 67 0 
