9 4
0 862 5 495 230 457 217 58 186 
862 0 177 378 867 171 804 517 350 
5 177 0 425 399 316 986 805 317 
495 378 425 0 683 868 249 75 876 
230 867 399 683 0 252 297 476 766 
457 171 316 868 252 0 540 533 238 
217 804 986 249 297 540 0 393 173 
58 517 805 75 476 533 393 0 384 
186 350 317 876 766 238 173 384 0 
0 229 624 45 106 69 681 40 608 
229 0 407 306 375 170 562 519 470 
624 407 0 930 872 166 560 293 485 
45 306 930 0 751 586 333 837 263 
106 375 872 751 0 224 930 900 297 
69 170 166 586 224 0 760 152 312 
681 562 560 333 930 760 0 97 281 
40 519 293 837 900 152 97 0 895 
608 470 485 263 297 312 281 895 0 
0 502 379 282 498 229 752 11 919 
502 0 213 899 881 502 924 862 42 
379 213 0 1000 664 734 245 11 131 
282 899 1000 0 654 860 557 198 390 
498 881 664 654 0 366 711 811 294 
229 502 734 860 366 0 550 787 715 
752 924 245 557 711 550 0 408 168 
11 862 11 198 811 787 408 0 930 
919 42 131 390 294 715 168 930 0 
0 722 582 188 478 585 609 134 925 
722 0 789 605 302 509 663 790 594 
582 789 0 374 251 702 71 417 484 
188 605 374 0 869 656 86 893 838 
478 302 251 869 0 406 807 478 73 
585 509 702 656 406 0 408 909 493 
609 663 71 86 807 408 0 64 834 
134 790 417 893 478 909 64 0 752 
925 594 484 838 73 493 834 752 0 
0 952 364 154 821 100 618 270 986 
952 0 610 626 772 321 404 992 815 
364 610 0 730 763 515 387 275 249 
154 626 730 0 286 159 577 529 53 
821 772 763 286 0 269 747 589 333 
100 321 515 159 269 0 865 25 443 
618 404 387 577 747 865 0 64 409 
270 992 275 529 589 25 64 0 582 
986 815 249 53 333 443 409 582 0 
