15 3
0 691 813 340 330 211 409 414 473 732 95 116 47 212 363 
691 0 822 549 990 128 503 394 510 272 92 615 56 192 397 
813 822 0 434 902 862 491 842 441 990 210 558 660 213 848 
340 549 434 0 345 464 999 723 111 641 24 948 547 251 369 
330 990 902 345 0 206 685 569 754 166 154 724 255 62 813 
211 128 862 464 206 0 86 712 815 268 569 491 905 998 282 
409 503 491 999 685 86 0 668 408 610 468 149 790 984 321 
414 394 842 723 569 712 668 0 325 81 515 473 747 783 323 
473 510 441 111 754 815 408 325 0 746 315 252 698 110 535 
732 272 990 641 166 268 610 81 746 0 810 52 543 126 906 
95 92 210 24 154 569 468 515 315 810 0 486 386 285 143 
116 615 558 948 724 491 149 473 252 52 486 0 254 544 992 
47 56 660 547 255 905 790 747 698 543 386 254 0 405 138 
212 192 213 251 62 998 984 783 110 126 285 544 405 0 911 
363 397 848 369 813 282 321 323 535 906 143 992 138 911 0 
0 964 375 21 645 145 493 570 666 361 573 630 975 946 666 
964 0 626 623 45 900 88 541 662 239 334 746 728 927 329 
375 626 0 696 572 349 793 438 777 331 289 433 448 690 862 
21 623 696 0 555 32 423 93 742 741 333 660 398 132 257 
645 45 572 555 0 662 278 786 977 54 444 560 588 991 436 
145 900 349 32 662 0 249 114 816 816 987 148 218 158 915 
493 88 793 423 278 249 0 310 667 849 937 319 549 6 598 
570 541 438 93 786 114 310 0 630 405 607 445 97 571 920 
666 662 777 742 977 816 667 630 0 217 51 94 822 470 843 
361 239 331 741 54 816 849 405 217 0 87 680 900 446 378 
573 334 289 333 444 987 937 607 51 87 0 710 908 373 566 
630 746 433 660 560 148 319 445 94 680 710 0 119 595 952 
975 728 448 398 588 218 549 97 822 900 908 119 0 627 339 
946 927 690 132 991 158 6 571 470 446 373 595 627 0 939 
666 329 862 257 436 915 598 920 843 378 566 952 339 939 0 
0 25 443 927 349 962 542 196 190 503 397 334 188 76 332 
25 0 311 401 995 286 952 624 230 774 779 335 215 75 567 
443 311 0 212 287 623 124 679 169 651 721 588 190 302 348 
927 401 212 0 400 932 476 876 189 242 620 348 632 952 689 
349 995 287 400 0 640 903 218 70 850 547 373 294 142 614 
962 286 623 932 640 0 776 987 167 153 63 863 881 958 183 
542 952 124 476 903 776 0 708 376 75 54 792 426 819 595 
196 624 679 876 218 987 708 0 389 579 374 556 999 286 219 
190 230 169 189 70 167 376 389 0 937 961 888 54 516 320 
503 774 651 242 850 153 75 579 937 0 899 119 16 689 399 
397 779 721 620 547 63 54 374 961 899 0 401 94 575 545 
334 335 588 348 373 863 792 556 888 119 401 0 875 487 52 
188 215 190 632 294 881 426 999 54 16 94 875 0 407 777 
76 75 302 952 142 958 819 286 516 689 575 487 407 0 137 
332 567 348 689 614 183 595 219 320 399 545 52 777 137 0 
0 49 685 883 509 935 547 550 408 590 248 327 55 53 335 
49 0 531 325 972 351 816 565 467 914 752 259 396 11 648 
685 531 0 518 338 636 276 686 222 694 614 698 508 147 69 
883 325 518 0 385 916 499 975 315 274 537 224 587 814 768 
509 972 338 385 0 198 511 172 22 656 580 276 608 161 447 
935 351 636 916 198 0 699 823 156 286 135 822 589 799 87 
547 816 276 499 511 699 0 540 234 87 345 687 497 1000 483 
550 565 686 975 172 823 540 0 417 706 521 626 986 514 306 
408 467 222 315 22 156 234 417 0 652 923 932 168 604 229 
590 914 694 274 656 286 87 706 652 0 912 262 127 568 636 
248 752 614 537 580 135 345 521 923 912 0 184 29 598 382 
327 259 698 224 276 822 687 626 932 262 184 0 716 480 17 
55 396 508 587 608 589 497 986 168 127 29 716 0 428 650 
53 11 147 814 161 799 1000 514 604 568 598 480 428 0 214 
335 648 69 768 447 87 483 306 229 636 382 17 650 214 0 
