7 3
0 354 977 433 188 905 753 
354 0 244 73 832 51 412 
977 244 0 484 391 403 210 
433 73 484 0 516 430 245 
188 832 391 516 0 147 797 
905 51 403 430 147 0 229 
753 412 210 245 797 229 0 
0 414 315 363 275 682 782 
414 0 615 323 282 749 432 
315 615 0 842 536 248 327 
363 323 842 0 816 860 581 
275 282 536 816 0 84 214 
682 749 248 860 84 0 502 
782 432 327 581 214 502 0 
0 432 720 153 1000 394 260 
432 0 510 95 808 429 584 
720 510 0 342 295 736 140 
153 95 342 0 295 115 291 
1000 808 295 295 0 808 645 
394 429 736 115 808 0 254 
260 584 140 291 645 254 0 
0 658 456 719 649 987 176 
658 0 749 808 822 56 152 
456 749 0 384 377 674 436 
719 808 384 0 855 67 241 
649 822 377 855 0 993 226 
987 56 674 67 993 0 269 
176 152 436 241 226 269 0 
