50 3
0 804 871 10 989 964 407 983 342 597 424 458 53 774 855 609 77 497 529 285 294 698 64 864 330 295 925 906 191 676 550 947 700 889 893 129 55 740 920 695 27 66 170 839 289 467 890 938 557 331 
804 0 963 700 229 884 328 999 969 400 898 74 678 603 406 299 346 164 368 341 670 736 985 165 165 642 97 292 470 301 299 806 556 955 919 138 646 633 749 428 234 8 445 514 286 320 724 879 437 677 
871 963 0 430 124 536 213 843 282 194 251 996 232 959 438 174 66 134 900 131 752 298 136 827 661 279 368 760 466 47 518 182 792 790 937 191 635 632 628 288 30 234 892 760 637 478 832 497 161 714 
10 700 430 0 835 23 810 624 25 307 879 947 408 100 899 956 653 40 856 85 73 989 811 333 155 594 263 958 457 531 531 529 751 889 914 639 113 227 784 519 41 851 200 590 537 74 537 41 274 447 
989 229 124 835 0 620 30 117 941 375 332 251 774 113 269 871 747 677 811 341 684 504 687 132 164 550 177 426 484 982 187 839 297 841 503 525 159 413 969 325 776 440 501 388 470 784 596 712 6 434 
964 884 536 23 620 0 789 303 188 842 508 3 60 170 680 618 717 625 659 608 391 522 305 579 454 818 199 504 297 749 367 179 485 439 737 161 588 536 51 789 771 396 59 390 223 414 183 364 501 111 
407 328 213 810 30 789 0 839 111 651 258 144 718 557 613 133 760 594 39 327 333 515 675 732 622 247 981 560 434 421 629 648 681 395 763 829 895 502 273 672 51 755 821 722 924 556 182 710 554 322 
983 999 843 624 117 303 839 0 926 633 103 763 472 502 192 562 270 270 478 919 765 724 649 315 20 923 947 297 199 145 814 557 91 534 416 295 27 682 925 304 769 637 659 152 946 841 664 529 874 679 
342 969 282 25 941 188 111 926 0 814 110 97 676 168 237 251 550 469 380 164 312 100 582 497 210 150 343 13 447 684 692 232 726 834 219 446 854 347 700 61 323 522 342 2 556 341 255 454 586 630 
597 400 194 307 375 842 651 633 814 0 475 751 882 842 489 924 598 519 626 230 295 855 857 413 7 138 530 141 44 387 660 680 602 648 400 923 313 958 871 12 899 512 262 607 123 432 808 385 429 179 
424 898 251 879 332 508 258 103 110 475 0 955 730 966 519 242 474 556 589 925 715 487 711 249 602 887 475 871 477 367 723 498 323 222 294 421 734 360 458 124 746 657 780 602 231 437 165 536 108 337 
458 74 996 947 251 3 144 763 97 751 955 0 718 312 167 651 408 862 122 650 2 572 945 216 924 314 189 284 691 575 240 100 172 817 298 534 324 591 697 152 408 921 179 783 788 622 11 370 422 94 
53 678 232 408 774 60 718 472 676 882 730 718 0 785 1000 663 442 360 152 389 656 435 437 780 31 210 415 616 393 760 279 70 835 34 512 461 700 540 377 50 674 126 545 912 679 498 479 42 927 526 
774 603 959 100 113 170 557 502 168 842 966 312 785 0 492 781 634 524 360 986 493 626 443 400 771 162 94 253 468 41 837 717 915 664 924 310 792 700 669 374 791 242 176 526 999 893 465 310 710 300 
855 406 438 899 269 680 613 192 237 489 519 167 1000 492 0 338 235 762 953 226 160 534 132 949 4 29 694 720 340 581 43 793 979 944 497 131 355 136 31 67 432 792 312 132 682 190 923 431 656 728 
609 299 174 956 871 618 133 562 251 924 242 651 663 781 338 0 849 806 431 470 940 834 867 8 517 155 470 332 278 290 612 990 208 751 935 577 979 592 370 909 292 774 376 645 351 758 755 871 5 275 
77 346 66 653 747 717 760 270 550 598 474 408 442 634 235 849 0 790 787 125 874 466 48 544 752 979 261 604 360 122 847 316 51 549 465 73 383 883 248 707 921 214 996 974 860 758 340 634 470 853 
497 164 134 40 677 625 594 270 469 519 556 862 360 524 762 806 790 0 195 42 446 117 543 638 290 585 543 972 425 267 292 274 683 596 719 12 125 59 770 356 29 793 424 409 205 647 896 928 67 899 
529 368 900 856 811 659 39 478 380 626 589 122 152 360 953 431 787 195 0 51 443 961 886 696 980 147 188 272 675 398 371 407 161 369 968 994 812 782 540 45 317 181 574 541 946 787 797 254 756 95 
285 341 131 85 341 608 327 919 164 230 925 650 389 986 226 470 125 42 51 0 315 200 874 380 536 244 795 547 510 789 974 795 146 231 21 358 95 769 630 580 342 388 579 642 212 659 30 661 124 915 
294 670 752 73 684 391 333 765 312 295 715 2 656 493 160 940 874 446 443 315 0 711 254 536 185 58 321 353 105 962 611 911 351 924 360 153 162 507 21 493 499 40 60 940 78 9 940 144 364 452 
698 736 298 989 504 522 515 724 100 855 487 572 435 626 534 834 466 117 961 200 711 0 499 130 829 285 306 472 197 496 635 20 358 176 604 212 639 910 96 873 754 964 691 63 917 124 239 919 840 719 
64 985 136 811 687 305 675 649 582 857 711 945 437 443 132 867 48 543 886 874 254 499 0 410 736 896 165 774 751 941 263 452 825 154 327 543 434 900 96 666 922 127 249 459 906 628 585 104 668 438 
864 165 827 333 132 579 732 315 497 413 249 216 780 400 949 8 544 638 696 380 536 130 410 0 78 515 602 853 267 617 657 947 849 579 730 641 147 610 780 409 428 587 121 79 397 863 221 273 352 753 
330 165 661 155 164 454 622 20 210 7 602 924 31 771 4 517 752 290 980 536 185 829 736 78 0 279 52 585 129 223 749 503 582 854 441 559 615 357 456 138 934 689 566 197 821 734 660 697 746 203 
295 642 279 594 550 818 247 923 150 138 887 314 210 162 29 155 979 585 147 244 58 285 896 515 279 0 70 455 846 321 208 219 383 751 770 649 892 981 409 806 721 558 146 101 343 581 495 847 9 980 
925 97 368 263 177 199 981 947 343 530 475 189 415 94 694 470 261 543 188 795 321 306 165 602 52 70 0 521 108 443 252 158 420 251 80 3 544 398 367 904 228 345 386 919 259 485 377 158 571 574 
906 292 760 958 426 504 560 297 13 141 871 284 616 253 720 332 604 972 272 547 353 472 774 853 585 455 521 0 219 157 824 731 70 401 904 796 510 492 597 961 606 647 162 133 244 615 825 322 930 161 
191 470 466 457 484 297 434 199 447 44 477 691 393 468 340 278 360 425 675 510 105 197 751 267 129 846 108 219 0 253 825 807 713 278 173 560 131 552 323 737 609 90 778 161 917 139 332 504 659 727 
676 301 47 531 982 749 421 145 684 387 367 575 760 41 581 290 122 267 398 789 962 496 941 617 223 321 443 157 253 0 749 79 655 387 410 188 656 432 981 726 115 838 227 552 653 808 439 510 147 512 
550 299 518 531 187 367 629 814 692 660 723 240 279 837 43 612 847 292 371 974 611 635 263 657 749 208 252 824 825 749 0 850 891 194 375 932 825 944 115 807 117 167 8 492 861 595 820 680 437 351 
947 806 182 529 839 179 648 557 232 680 498 100 70 717 793 990 316 274 407 795 911 20 452 947 503 219 158 731 807 79 850 0 464 157 794 265 901 624 266 194 992 975 352 113 99 168 444 39 427 258 
700 556 792 751 297 485 681 91 726 602 323 172 835 915 979 208 51 683 161 146 351 358 825 849 582 383 420 70 713 655 891 464 0 445 316 385 215 890 767 468 464 40 92 724 545 634 670 859 431 923 
889 955 790 889 841 439 395 534 834 648 222 817 34 664 944 751 549 596 369 231 924 176 154 579 854 751 251 401 278 387 194 157 445 0 164 158 573 847 959 765 625 923 630 832 920 376 876 703 814 231 
893 919 937 914 503 737 763 416 219 400 294 298 512 924 497 935 465 719 968 21 360 604 327 730 441 770 80 904 173 410 375 794 316 164 0 275 983 357 445 217 488 798 989 454 440 412 465 74 990 896 
129 138 191 639 525 161 829 295 446 923 421 534 461 310 131 577 73 12 994 358 153 212 543 641 559 649 3 796 560 188 932 265 385 158 275 0 872 811 842 27 586 467 414 547 848 469 648 365 823 269 
55 646 635 113 159 588 895 27 854 313 734 324 700 792 355 979 383 125 812 95 162 639 434 147 615 892 544 510 131 656 825 901 215 573 983 872 0 979 928 216 170 449 500 741 407 808 114 801 964 240 
740 633 632 227 413 536 502 682 347 958 360 591 540 700 136 592 883 59 782 769 507 910 900 610 357 981 398 492 552 432 944 624 890 847 357 811 979 0 853 230 880 385 102 389 640 973 935 92 581 881 
920 749 628 784 969 51 273 925 700 871 458 697 377 669 31 370 248 770 540 630 21 96 96 780 456 409 367 597 323 981 115 266 767 959 445 842 928 853 0 78 947 428 955 88 417 555 328 733 815 883 
695 428 288 519 325 789 672 304 61 12 124 152 50 374 67 909 707 356 45 580 493 873 666 409 138 806 904 961 737 726 807 194 468 765 217 27 216 230 78 0 272 903 411 471 666 864 857 519 272 117 
27 234 30 41 776 771 51 769 323 899 746 408 674 791 432 292 921 29 317 342 499 754 922 428 934 721 228 606 609 115 117 992 464 625 488 586 170 880 947 272 0 185 295 365 815 232 582 301 992 480 
66 8 234 851 440 396 755 637 522 512 657 921 126 242 792 774 214 793 181 388 40 964 127 587 689 558 345 647 90 838 167 975 40 923 798 467 449 385 428 903 185 0 446 556 937 483 661 586 316 702 
170 445 892 200 501 59 821 659 342 262 780 179 545 176 312 376 996 424 574 579 60 691 249 121 566 146 386 162 778 227 8 352 92 630 989 414 500 102 955 411 295 446 0 540 576 516 674 488 651 916 
839 514 760 590 388 390 722 152 2 607 602 783 912 526 132 645 974 409 541 642 940 63 459 79 197 101 919 133 161 552 492 113 724 832 454 547 741 389 88 471 365 556 540 0 587 117 462 322 763 147 
289 286 637 537 470 223 924 946 556 123 231 788 679 999 682 351 860 205 946 212 78 917 906 397 821 343 259 244 917 653 861 99 545 920 440 848 407 640 417 666 815 937 576 587 0 434 309 45 766 576 
467 320 478 74 784 414 556 841 341 432 437 622 498 893 190 758 758 647 787 659 9 124 628 863 734 581 485 615 139 808 595 168 634 376 412 469 808 973 555 864 232 483 516 117 434 0 833 503 563 464 
890 724 832 537 596 183 182 664 255 808 165 11 479 465 923 755 340 896 797 30 940 239 585 221 660 495 377 825 332 439 820 444 670 876 465 648 114 935 328 857 582 661 674 462 309 833 0 872 691 100 
938 879 497 41 712 364 710 529 454 385 536 370 42 310 431 871 634 928 254 661 144 919 104 273 697 847 158 322 504 510 680 39 859 703 74 365 801 92 733 519 301 586 488 322 45 503 872 0 579 225 
557 437 161 274 6 501 554 874 586 429 108 422 927 710 656 5 470 67 756 124 364 840 668 352 746 9 571 930 659 147 437 427 431 814 990 823 964 581 815 272 992 316 651 763 766 563 691 579 0 45 
331 677 714 447 434 111 322 679 630 179 337 94 526 300 728 275 853 899 95 915 452 719 438 753 203 980 574 161 727 512 351 258 923 231 896 269 240 881 883 117 480 702 916 147 576 464 100 225 45 0 
0 908 898 202 578 335 408 333 215 355 395 173 757 726 669 606 612 124 481 168 802 39 311 872 896 233 522 228 957 769 797 375 327 56 182 796 646 745 679 405 986 888 710 987 541 517 242 747 647 817 
908 0 381 975 107 131 281 349 63 720 432 627 896 918 861 197 664 745 380 1 135 466 82 629 714 751 847 586 293 996 664 464 841 672 806 692 376 444 775 36 716 425 97 995 811 910 186 756 574 219 
898 381 0 351 737 396 113 307 615 796 452 120 429 102 202 308 432 503 313 982 221 406 461 529 545 919 927 637 969 165 977 675 701 15 863 716 708 241 601 72 601 743 255 839 567 837 414 291 560 184 
202 975 351 0 454 929 258 664 400 920 17 623 965 53 724 831 713 766 46 788 414 135 319 939 636 895 732 676 546 381 42 795 899 486 868 626 588 695 554 754 676 408 230 219 102 945 443 83 637 841 
578 107 737 454 0 115 142 780 180 341 525 545 336 24 726 769 343 203 550 277 80 425 6 963 810 275 666 952 175 81 213 216 303 193 708 591 367 636 175 779 278 221 870 857 890 475 379 740 332 735 
335 131 396 929 115 0 990 779 727 937 104 499 660 845 788 529 770 631 159 67 483 434 428 157 788 399 874 437 316 537 750 986 480 43 768 511 501 870 89 728 369 848 780 178 195 59 401 343 660 288 
408 281 113 258 142 990 0 143 125 593 259 231 531 514 780 315 251 329 81 561 16 277 331 107 121 260 382 184 24 926 664 306 3 369 873 849 183 531 998 651 163 490 910 27 355 879 987 29 201 73 
333 349 307 664 780 779 143 0 503 957 123 695 887 334 294 926 79 124 917 341 670 224 425 553 591 976 443 495 650 522 106 38 609 611 111 732 984 678 741 279 28 303 624 456 731 872 205 227 27 688 
215 63 615 400 180 727 125 503 0 841 946 86 885 457 389 450 533 659 622 818 276 240 197 170 585 675 4 661 452 232 597 869 438 622 174 829 583 635 89 756 701 64 893 41 134 386 961 54 472 354 
355 720 796 920 341 937 593 957 841 0 267 410 721 92 404 28 221 286 229 929 539 951 716 712 879 511 806 410 217 560 511 437 88 925 783 559 957 463 351 934 576 157 281 369 610 938 677 880 110 141 
395 432 452 17 525 104 259 123 946 267 0 518 481 429 939 267 145 445 568 457 786 322 506 992 627 846 959 439 125 992 297 275 755 932 216 997 88 595 354 775 681 703 990 807 684 373 785 108 938 16 
173 627 120 623 545 499 231 695 86 410 518 0 188 928 435 556 889 635 522 322 522 560 371 366 12 198 572 578 21 520 662 216 15 693 169 356 476 413 636 819 589 135 733 199 823 200 574 237 884 165 
757 896 429 965 336 660 531 887 885 721 481 188 0 525 413 495 865 130 978 695 921 892 295 548 349 249 166 194 469 69 658 865 78 682 560 379 445 570 310 798 635 210 435 430 197 253 343 682 753 220 
726 918 102 53 24 845 514 334 457 92 429 928 525 0 219 743 375 425 661 481 668 31 954 414 648 477 970 587 384 377 777 168 197 369 368 590 691 452 269 112 180 820 77 706 215 28 759 318 633 88 
669 861 202 724 726 788 780 294 389 404 939 435 413 219 0 461 157 501 643 706 621 981 826 46 501 645 794 914 21 265 640 20 150 251 804 615 644 925 965 53 871 589 158 782 108 486 668 517 198 899 
606 197 308 831 769 529 315 926 450 28 267 556 495 743 461 0 585 254 849 690 849 521 300 337 719 689 575 643 911 642 261 504 249 29 266 114 378 151 955 691 8 227 934 707 958 65 962 565 224 449 
612 664 432 713 343 770 251 79 533 221 145 889 865 375 157 585 0 853 697 100 190 753 967 215 219 453 773 540 392 722 735 452 671 859 755 68 309 748 857 520 499 74 878 805 79 462 975 899 767 501 
124 745 503 766 203 631 329 124 659 286 445 635 130 425 501 254 853 0 771 730 678 140 646 852 446 325 444 201 91 283 724 508 62 207 322 662 750 942 67 245 336 484 149 90 938 103 831 225 992 144 
481 380 313 46 550 159 81 917 622 229 568 522 978 661 643 849 697 771 0 940 791 711 293 8 154 847 642 728 536 966 707 743 935 318 554 560 410 38 367 973 226 459 645 194 419 438 55 834 472 455 
168 1 982 788 277 67 561 341 818 929 457 322 695 481 706 690 100 730 940 0 616 197 169 740 690 188 172 66 189 656 279 992 404 725 150 535 198 363 504 283 962 961 461 731 522 983 320 941 349 976 
802 135 221 414 80 483 16 670 276 539 786 522 921 668 621 849 190 678 791 616 0 11 729 667 571 701 974 343 822 131 306 867 345 950 675 586 479 759 674 330 677 187 485 592 617 351 786 349 383 53 
39 466 406 135 425 434 277 224 240 951 322 560 892 31 981 521 753 140 711 197 11 0 729 491 50 687 883 787 967 241 429 920 695 215 482 311 267 881 499 682 896 716 896 393 569 194 75 117 658 736 
311 82 461 319 6 428 331 425 197 716 506 371 295 954 826 300 967 646 293 169 729 729 0 596 153 315 539 144 423 480 906 757 953 38 352 523 867 267 485 643 479 493 671 202 8 546 870 258 913 153 
872 629 529 939 963 157 107 553 170 712 992 366 548 414 46 337 215 852 8 740 667 491 596 0 598 853 806 232 40 798 464 570 682 652 986 289 923 955 734 222 311 436 876 362 816 470 894 957 120 851 
896 714 545 636 810 788 121 591 585 879 627 12 349 648 501 719 219 446 154 690 571 50 153 598 0 796 185 126 3 512 722 762 947 651 823 676 437 149 299 523 802 17 991 485 480 794 420 463 746 308 
233 751 919 895 275 399 260 976 675 511 846 198 249 477 645 689 453 325 847 188 701 687 315 853 796 0 32 300 717 694 46 527 339 674 695 496 870 319 698 245 598 72 213 36 409 489 896 702 645 988 
522 847 927 732 666 874 382 443 4 806 959 572 166 970 794 575 773 444 642 172 974 883 539 806 185 32 0 752 507 660 624 238 669 710 628 750 435 36 24 191 430 700 138 7 742 840 352 596 253 215 
228 586 637 676 952 437 184 495 661 410 439 578 194 587 914 643 540 201 728 66 343 787 144 232 126 300 752 0 484 779 576 998 14 19 523 769 83 148 372 215 804 252 99 226 513 374 283 498 694 211 
957 293 969 546 175 316 24 650 452 217 125 21 469 384 21 911 392 91 536 189 822 967 423 40 3 717 507 484 0 731 772 588 768 35 74 22 856 307 729 132 886 586 535 926 276 164 336 779 949 444 
769 996 165 381 81 537 926 522 232 560 992 520 69 377 265 642 722 283 966 656 131 241 480 798 512 694 660 779 731 0 559 607 465 300 328 480 22 777 675 762 432 43 252 147 873 26 636 157 601 742 
797 664 977 42 213 750 664 106 597 511 297 662 658 777 640 261 735 724 707 279 306 429 906 464 722 46 624 576 772 559 0 212 727 982 992 779 631 230 90 50 818 891 412 166 794 593 914 114 459 157 
375 464 675 795 216 986 306 38 869 437 275 216 865 168 20 504 452 508 743 992 867 920 757 570 762 527 238 998 588 607 212 0 360 888 343 306 144 291 272 607 749 327 595 1 207 873 375 467 277 848 
327 841 701 899 303 480 3 609 438 88 755 15 78 197 150 249 671 62 935 404 345 695 953 682 947 339 669 14 768 465 727 360 0 953 760 895 430 429 537 725 583 221 276 123 119 193 282 672 837 999 
56 672 15 486 193 43 369 611 622 925 932 693 682 369 251 29 859 207 318 725 950 215 38 652 651 674 710 19 35 300 982 888 953 0 137 579 518 745 353 754 804 174 777 436 986 395 459 336 338 287 
182 806 863 868 708 768 873 111 174 783 216 169 560 368 804 266 755 322 554 150 675 482 352 986 823 695 628 523 74 328 992 343 760 137 0 20 651 700 68 798 258 108 420 940 758 273 468 175 652 430 
796 692 716 626 591 511 849 732 829 559 997 356 379 590 615 114 68 662 560 535 586 311 523 289 676 496 750 769 22 480 779 306 895 579 20 0 88 894 772 714 985 744 592 807 849 77 79 819 819 107 
646 376 708 588 367 501 183 984 583 957 88 476 445 691 644 378 309 750 410 198 479 267 867 923 437 870 435 83 856 22 631 144 430 518 651 88 0 214 202 278 35 152 891 891 197 181 118 566 390 637 
745 444 241 695 636 870 531 678 635 463 595 413 570 452 925 151 748 942 38 363 759 881 267 955 149 319 36 148 307 777 230 291 429 745 700 894 214 0 187 170 895 15 27 83 190 303 183 15 452 995 
679 775 601 554 175 89 998 741 89 351 354 636 310 269 965 955 857 67 367 504 674 499 485 734 299 698 24 372 729 675 90 272 537 353 68 772 202 187 0 960 324 40 370 778 980 845 338 960 246 846 
405 36 72 754 779 728 651 279 756 934 775 819 798 112 53 691 520 245 973 283 330 682 643 222 523 245 191 215 132 762 50 607 725 754 798 714 278 170 960 0 663 422 742 855 710 807 650 520 417 363 
986 716 601 676 278 369 163 28 701 576 681 589 635 180 871 8 499 336 226 962 677 896 479 311 802 598 430 804 886 432 818 749 583 804 258 985 35 895 324 663 0 302 849 638 446 515 622 461 568 983 
888 425 743 408 221 848 490 303 64 157 703 135 210 820 589 227 74 484 459 961 187 716 493 436 17 72 700 252 586 43 891 327 221 174 108 744 152 15 40 422 302 0 708 75 129 613 277 932 798 547 
710 97 255 230 870 780 910 624 893 281 990 733 435 77 158 934 878 149 645 461 485 896 671 876 991 213 138 99 535 252 412 595 276 777 420 592 891 27 370 742 849 708 0 121 718 944 700 285 990 477 
987 995 839 219 857 178 27 456 41 369 807 199 430 706 782 707 805 90 194 731 592 393 202 362 485 36 7 226 926 147 166 1 123 436 940 807 891 83 778 855 638 75 121 0 982 488 590 655 27 38 
541 811 567 102 890 195 355 731 134 610 684 823 197 215 108 958 79 938 419 522 617 569 8 816 480 409 742 513 276 873 794 207 119 986 758 849 197 190 980 710 446 129 718 982 0 427 709 64 190 556 
517 910 837 945 475 59 879 872 386 938 373 200 253 28 486 65 462 103 438 983 351 194 546 470 794 489 840 374 164 26 593 873 193 395 273 77 181 303 845 807 515 613 944 488 427 0 310 70 660 18 
242 186 414 443 379 401 987 205 961 677 785 574 343 759 668 962 975 831 55 320 786 75 870 894 420 896 352 283 336 636 914 375 282 459 468 79 118 183 338 650 622 277 700 590 709 310 0 825 45 761 
747 756 291 83 740 343 29 227 54 880 108 237 682 318 517 565 899 225 834 941 349 117 258 957 463 702 596 498 779 157 114 467 672 336 175 819 566 15 960 520 461 932 285 655 64 70 825 0 384 920 
647 574 560 637 332 660 201 27 472 110 938 884 753 633 198 224 767 992 472 349 383 658 913 120 746 645 253 694 949 601 459 277 837 338 652 819 390 452 246 417 568 798 990 27 190 660 45 384 0 708 
817 219 184 841 735 288 73 688 354 141 16 165 220 88 899 449 501 144 455 976 53 736 153 851 308 988 215 211 444 742 157 848 999 287 430 107 637 995 846 363 983 547 477 38 556 18 761 920 708 0 
0 93 103 799 423 666 593 668 786 646 606 828 244 275 332 395 389 877 520 833 199 962 690 129 105 768 479 773 44 232 204 626 674 945 819 205 355 256 322 596 15 113 291 14 460 484 759 254 354 184 
93 0 620 26 894 870 720 652 938 281 569 374 105 83 140 804 337 256 621 1000 866 535 919 372 287 250 154 415 708 5 337 537 160 329 195 309 625 557 226 965 285 576 904 6 190 91 815 245 427 782 
103 620 0 650 264 605 888 694 386 205 549 881 572 899 799 693 569 498 688 19 780 595 540 472 456 82 74 364 32 836 24 326 300 986 138 285 293 760 400 929 400 258 746 162 434 164 587 710 441 817 
799 26 650 0 547 72 743 337 601 81 984 378 36 948 277 170 288 235 955 213 587 866 682 62 365 106 269 325 455 620 959 206 102 515 133 375 413 306 447 247 325 593 771 782 899 56 558 918 364 160 
423 894 264 547 0 886 859 221 821 660 476 456 665 977 275 232 658 798 451 724 921 576 995 38 191 726 335 49 826 920 788 785 698 808 293 410 634 365 826 222 723 780 131 144 111 526 622 261 669 266 
666 870 605 72 886 0 11 222 274 64 897 502 341 156 213 472 231 370 842 934 518 567 573 844 213 602 127 564 685 464 251 15 521 958 233 490 500 131 912 273 632 153 221 823 806 942 600 658 341 713 
593 720 888 743 859 11 0 858 876 408 742 770 470 487 221 686 750 672 920 440 985 724 670 894 880 741 619 817 977 75 337 695 998 632 128 152 818 470 3 350 838 511 91 974 646 122 14 972 800 928 
668 652 694 337 221 222 858 0 498 44 878 306 114 667 707 75 922 877 84 660 331 777 576 448 410 25 558 506 351 479 895 963 392 390 890 269 17 323 260 722 973 698 377 545 270 129 796 774 974 313 
786 938 386 601 821 274 876 498 0 160 55 915 116 544 612 551 468 342 379 183 725 761 804 831 416 326 997 340 549 769 404 132 563 379 827 172 418 366 912 245 300 937 108 960 867 615 40 947 529 647 
646 281 205 81 660 64 408 44 160 0 734 591 280 909 597 973 780 715 772 72 462 50 285 289 122 490 195 591 784 441 490 564 913 76 218 442 44 538 650 67 425 844 720 632 391 63 324 121 891 860 
606 569 549 984 476 897 742 878 55 734 0 483 520 572 62 734 856 556 433 544 215 679 495 9 374 155 42 562 876 9 704 726 246 69 785 4 913 406 647 226 320 298 11 194 317 628 216 893 63 985 
828 374 881 378 456 502 770 306 915 591 483 0 813 73 566 445 112 366 479 679 479 441 630 635 989 803 429 423 980 481 339 785 986 308 832 645 525 588 365 182 412 866 268 802 178 801 427 764 117 836 
244 105 572 36 665 341 470 114 116 280 520 813 0 476 588 506 136 871 23 306 80 109 706 453 652 752 835 807 532 932 343 136 923 319 441 622 556 431 691 203 366 791 566 571 804 748 658 319 248 781 
275 83 899 948 977 156 487 667 544 909 572 73 476 0 782 258 626 576 340 520 333 970 47 587 353 524 31 414 617 624 224 833 804 632 633 411 310 549 732 889 821 181 924 295 786 973 242 683 368 913 
332 140 799 277 275 213 221 707 612 597 62 566 588 782 0 540 844 500 358 295 380 20 175 955 500 356 207 87 980 736 361 981 851 750 197 386 357 76 36 948 130 412 843 219 893 515 333 484 803 102 
395 804 693 170 232 472 686 75 551 973 734 445 506 258 540 0 416 747 152 311 152 480 701 664 282 312 426 358 90 359 740 497 752 972 735 887 623 850 46 310 993 774 67 294 43 936 39 436 777 552 
389 337 569 288 658 231 750 922 468 780 856 112 136 626 844 416 0 148 304 901 811 248 34 786 782 548 228 461 609 279 266 549 330 142 246 933 692 253 144 481 502 927 123 196 922 539 26 102 234 500 
877 256 498 235 798 370 672 877 342 715 556 366 871 576 500 747 148 0 230 271 323 861 355 149 555 676 557 800 910 718 277 493 939 794 679 339 251 59 934 756 665 517 852 911 63 898 170 776 9 857 
520 621 688 955 451 842 920 84 379 772 433 479 23 340 358 152 304 230 0 61 210 290 708 993 847 154 359 273 465 35 294 258 66 683 447 441 591 963 634 28 775 542 356 807 582 563 946 167 529 546 
833 1000 19 213 724 934 440 660 183 72 544 679 306 520 295 311 901 271 61 0 385 804 832 261 311 813 829 935 812 345 722 9 597 276 851 466 803 638 497 718 39 40 540 270 479 18 681 60 652 25 
199 866 780 587 921 518 985 331 725 462 215 479 80 333 380 152 811 323 210 385 0 990 272 334 430 300 27 658 179 870 695 134 656 51 326 415 522 242 327 671 324 814 516 409 384 650 215 652 618 948 
962 535 595 866 576 567 724 777 761 50 679 441 109 970 20 480 248 861 290 804 990 0 272 510 951 314 118 214 34 760 572 81 306 786 519 690 734 120 502 319 105 285 105 608 432 807 926 884 343 265 
690 919 540 682 995 573 670 576 804 285 495 630 706 47 175 701 34 355 708 832 272 272 0 405 848 686 462 857 578 521 95 244 48 963 649 478 134 734 516 358 522 508 330 799 993 455 131 743 88 848 
129 372 472 62 38 844 894 448 831 289 9 635 453 587 955 664 786 149 993 261 334 510 405 0 403 148 195 769 961 203 537 431 319 349 15 712 78 46 267 779 690 565 125 639 185 531 107 44 881 150 
105 287 456 365 191 213 880 410 416 122 374 989 652 353 500 282 782 555 847 311 430 951 848 403 0 205 816 875 998 489 279 239 54 350 178 325 564 852 702 478 199 984 10 516 521 207 581 538 255 693 
768 250 82 106 726 602 741 25 326 490 155 803 752 524 356 312 548 676 154 813 300 314 686 148 205 0 969 701 284 307 955 474 662 327 306 505 131 682 303 756 403 929 788 965 592 512 105 299 356 13 
479 154 74 269 335 127 619 558 997 195 42 429 835 31 207 426 228 557 359 829 27 118 462 195 816 969 0 249 494 341 377 763 332 291 373 251 566 965 977 810 571 301 863 994 259 161 649 405 748 786 
773 415 364 325 49 564 817 506 340 591 562 423 807 414 87 358 461 800 273 935 658 214 857 769 875 701 249 0 517 222 425 3 987 982 478 232 918 853 629 786 197 749 902 775 488 627 718 503 307 790 
44 708 32 455 826 685 977 351 549 784 876 980 532 617 980 90 609 910 465 812 179 34 578 961 998 284 494 517 0 270 229 413 233 966 927 979 145 694 272 869 115 415 466 75 725 837 665 222 52 557 
232 5 836 620 920 464 75 479 769 441 9 481 932 624 736 359 279 718 35 345 870 760 521 203 489 307 341 222 270 0 442 394 536 701 673 521 979 224 326 239 569 958 749 854 128 975 365 844 400 259 
204 337 24 959 788 251 337 895 404 490 704 339 343 224 361 740 266 277 294 722 695 572 95 537 279 955 377 425 229 442 0 789 274 19 9 222 370 771 911 951 183 110 589 835 207 408 87 887 542 844 
626 537 326 206 785 15 695 963 132 564 726 785 136 833 981 497 549 493 258 9 134 81 244 431 239 474 763 3 413 394 789 0 641 113 658 695 857 710 729 394 252 674 406 1000 794 128 626 534 724 153 
674 160 300 102 698 521 998 392 563 913 246 986 923 804 851 752 330 939 66 597 656 306 48 319 54 662 332 987 233 536 274 641 0 48 241 106 571 572 464 276 418 780 725 878 882 808 719 329 164 2 
945 329 986 515 808 958 632 390 379 76 69 308 319 632 750 972 142 794 683 276 51 786 963 349 350 327 291 982 966 701 19 113 48 0 864 422 483 256 648 247 197 827 224 565 15 606 542 665 663 714 
819 195 138 133 293 233 128 890 827 218 785 832 441 633 197 735 246 679 447 851 326 519 649 15 178 306 373 478 927 673 9 658 241 864 0 981 350 301 933 203 743 893 581 61 243 728 533 826 349 571 
205 309 285 375 410 490 152 269 172 442 4 645 622 411 386 887 933 339 441 466 415 690 478 712 325 505 251 232 979 521 222 695 106 422 981 0 913 107 229 287 16 257 409 194 152 924 922 182 182 894 
355 625 293 413 634 500 818 17 418 44 913 525 556 310 357 623 692 251 591 803 522 734 134 78 564 131 566 918 145 979 370 857 571 483 350 913 0 787 799 723 966 849 110 110 804 820 883 435 611 364 
256 557 760 306 365 131 470 323 366 538 406 588 431 549 76 850 253 59 963 638 242 120 734 46 852 682 965 853 694 224 771 710 572 256 301 107 787 0 814 831 106 986 974 918 811 698 818 986 549 6 
322 226 400 447 826 912 3 260 912 650 647 365 691 732 36 46 144 934 634 497 327 502 516 267 702 303 977 629 272 326 911 729 464 648 933 229 799 814 0 41 677 961 631 223 21 156 663 41 755 155 
596 965 929 247 222 273 350 722 245 67 226 182 203 889 948 310 481 756 28 718 671 319 358 779 478 756 810 786 869 239 951 394 276 247 203 287 723 831 41 0 338 579 259 146 291 194 351 481 584 638 
15 285 400 325 723 632 838 973 300 425 320 412 366 821 130 993 502 665 775 39 324 105 522 690 199 403 571 197 115 569 183 252 418 197 743 16 966 106 677 338 0 699 152 363 555 486 379 540 433 18 
113 576 258 593 780 153 511 698 937 844 298 866 791 181 412 774 927 517 542 40 814 285 508 565 984 929 301 749 415 958 110 674 780 827 893 257 849 986 961 579 699 0 293 926 872 388 724 69 203 454 
291 904 746 771 131 221 91 377 108 720 11 268 566 924 843 67 123 852 356 540 516 105 330 125 10 788 863 902 466 749 589 406 725 224 581 409 110 974 631 259 152 293 0 880 283 57 301 716 11 524 
14 6 162 782 144 823 974 545 960 632 194 802 571 295 219 294 196 911 807 270 409 608 799 639 516 965 994 775 75 854 835 1000 878 565 61 194 110 918 223 146 363 926 880 0 19 513 411 346 974 963 
460 190 434 899 111 806 646 270 867 391 317 178 804 786 893 43 922 63 582 479 384 432 993 185 521 592 259 488 725 128 207 794 882 15 243 152 804 811 21 291 555 872 283 19 0 574 292 937 811 445 
484 91 164 56 526 942 122 129 615 63 628 801 748 973 515 936 539 898 563 18 650 807 455 531 207 512 161 627 837 975 408 128 808 606 728 924 820 698 156 194 486 388 57 513 574 0 691 931 341 983 
759 815 587 558 622 600 14 796 40 324 216 427 658 242 333 39 26 170 946 681 215 926 131 107 581 105 649 718 665 365 87 626 719 542 533 922 883 818 663 351 379 724 301 411 292 691 0 176 956 240 
254 245 710 918 261 658 972 774 947 121 893 764 319 683 484 436 102 776 167 60 652 884 743 44 538 299 405 503 222 844 887 534 329 665 826 182 435 986 41 481 540 69 716 346 937 931 176 0 617 81 
354 427 441 364 669 341 800 974 529 891 63 117 248 368 803 777 234 9 529 652 618 343 88 881 255 356 748 307 52 400 542 724 164 663 349 182 611 549 755 584 433 203 11 974 811 341 956 617 0 293 
184 782 817 160 266 713 928 313 647 860 985 836 781 913 102 552 500 857 546 25 948 265 848 150 693 13 786 790 557 259 844 153 2 714 571 894 364 6 155 638 18 454 524 963 445 983 240 81 293 0 
0 93 103 799 423 666 593 668 786 646 606 828 244 275 332 395 389 877 520 833 199 962 690 129 105 768 479 773 44 232 204 626 674 945 819 205 355 256 322 596 15 113 291 14 460 484 759 254 354 184 
93 0 620 26 894 870 720 652 938 281 569 374 105 83 140 804 337 256 621 1000 866 535 919 372 287 250 154 415 708 5 337 537 160 329 195 309 625 557 226 965 285 576 904 6 190 91 815 245 427 782 
103 620 0 650 264 605 888 694 386 205 549 881 572 899 799 693 569 498 688 19 780 595 540 472 456 82 74 364 32 836 24 326 300 986 138 285 293 760 400 929 400 258 746 162 434 164 587 710 441 817 
799 26 650 0 547 72 743 337 601 81 984 378 36 948 277 170 288 235 955 213 587 866 682 62 365 106 269 325 455 620 959 206 102 515 133 375 413 306 447 247 325 593 771 782 899 56 558 918 364 160 
423 894 264 547 0 886 859 221 821 660 476 456 665 977 275 232 658 798 451 724 921 576 995 38 191 726 335 49 826 920 788 785 698 808 293 410 634 365 826 222 723 780 131 144 111 526 622 261 669 266 
666 870 605 72 886 0 11 222 274 64 897 502 341 156 213 472 231 370 842 934 518 567 573 844 213 602 127 564 685 464 251 15 521 958 233 490 500 131 912 273 632 153 221 823 806 942 600 658 341 713 
593 720 888 743 859 11 0 858 876 408 742 770 470 487 221 686 750 672 920 440 985 724 670 894 880 741 619 817 977 75 337 695 998 632 128 152 818 470 3 350 838 511 91 974 646 122 14 972 800 928 
668 652 694 337 221 222 858 0 498 44 878 306 114 667 707 75 922 877 84 660 331 777 576 448 410 25 558 506 351 479 895 963 392 390 890 269 17 323 260 722 973 698 377 545 270 129 796 774 974 313 
786 938 386 601 821 274 876 498 0 160 55 915 116 544 612 551 468 342 379 183 725 761 804 831 416 326 997 340 549 769 404 132 563 379 827 172 418 366 912 245 300 937 108 960 867 615 40 947 529 647 
646 281 205 81 660 64 408 44 160 0 734 591 280 909 597 973 780 715 772 72 462 50 285 289 122 490 195 591 784 441 490 564 913 76 218 442 44 538 650 67 425 844 720 632 391 63 324 121 891 860 
606 569 549 984 476 897 742 878 55 734 0 483 520 572 62 734 856 556 433 544 215 679 495 9 374 155 42 562 876 9 704 726 246 69 785 4 913 406 647 226 320 298 11 194 317 628 216 893 63 985 
828 374 881 378 456 502 770 306 915 591 483 0 813 73 566 445 112 366 479 679 479 441 630 635 989 803 429 423 980 481 339 785 986 308 832 645 525 588 365 182 412 866 268 802 178 801 427 764 117 836 
244 105 572 36 665 341 470 114 116 280 520 813 0 476 588 506 136 871 23 306 80 109 706 453 652 752 835 807 532 932 343 136 923 319 441 622 556 431 691 203 366 791 566 571 804 748 658 319 248 781 
275 83 899 948 977 156 487 667 544 909 572 73 476 0 782 258 626 576 340 520 333 970 47 587 353 524 31 414 617 624 224 833 804 632 633 411 310 549 732 889 821 181 924 295 786 973 242 683 368 913 
332 140 799 277 275 213 221 707 612 597 62 566 588 782 0 540 844 500 358 295 380 20 175 955 500 356 207 87 980 736 361 981 851 750 197 386 357 76 36 948 130 412 843 219 893 515 333 484 803 102 
395 804 693 170 232 472 686 75 551 973 734 445 506 258 540 0 416 747 152 311 152 480 701 664 282 312 426 358 90 359 740 497 752 972 735 887 623 850 46 310 993 774 67 294 43 936 39 436 777 552 
389 337 569 288 658 231 750 922 468 780 856 112 136 626 844 416 0 148 304 901 811 248 34 786 782 548 228 461 609 279 266 549 330 142 246 933 692 253 144 481 502 927 123 196 922 539 26 102 234 500 
877 256 498 235 798 370 672 877 342 715 556 366 871 576 500 747 148 0 230 271 323 861 355 149 555 676 557 800 910 718 277 493 939 794 679 339 251 59 934 756 665 517 852 911 63 898 170 776 9 857 
520 621 688 955 451 842 920 84 379 772 433 479 23 340 358 152 304 230 0 61 210 290 708 993 847 154 359 273 465 35 294 258 66 683 447 441 591 963 634 28 775 542 356 807 582 563 946 167 529 546 
833 1000 19 213 724 934 440 660 183 72 544 679 306 520 295 311 901 271 61 0 385 804 832 261 311 813 829 935 812 345 722 9 597 276 851 466 803 638 497 718 39 40 540 270 479 18 681 60 652 25 
199 866 780 587 921 518 985 331 725 462 215 479 80 333 380 152 811 323 210 385 0 990 272 334 430 300 27 658 179 870 695 134 656 51 326 415 522 242 327 671 324 814 516 409 384 650 215 652 618 948 
962 535 595 866 576 567 724 777 761 50 679 441 109 970 20 480 248 861 290 804 990 0 272 510 951 314 118 214 34 760 572 81 306 786 519 690 734 120 502 319 105 285 105 608 432 807 926 884 343 265 
690 919 540 682 995 573 670 576 804 285 495 630 706 47 175 701 34 355 708 832 272 272 0 405 848 686 462 857 578 521 95 244 48 963 649 478 134 734 516 358 522 508 330 799 993 455 131 743 88 848 
129 372 472 62 38 844 894 448 831 289 9 635 453 587 955 664 786 149 993 261 334 510 405 0 403 148 195 769 961 203 537 431 319 349 15 712 78 46 267 779 690 565 125 639 185 531 107 44 881 150 
105 287 456 365 191 213 880 410 416 122 374 989 652 353 500 282 782 555 847 311 430 951 848 403 0 205 816 875 998 489 279 239 54 350 178 325 564 852 702 478 199 984 10 516 521 207 581 538 255 693 
768 250 82 106 726 602 741 25 326 490 155 803 752 524 356 312 548 676 154 813 300 314 686 148 205 0 969 701 284 307 955 474 662 327 306 505 131 682 303 756 403 929 788 965 592 512 105 299 356 13 
479 154 74 269 335 127 619 558 997 195 42 429 835 31 207 426 228 557 359 829 27 118 462 195 816 969 0 249 494 341 377 763 332 291 373 251 566 965 977 810 571 301 863 994 259 161 649 405 748 786 
773 415 364 325 49 564 817 506 340 591 562 423 807 414 87 358 461 800 273 935 658 214 857 769 875 701 249 0 517 222 425 3 987 982 478 232 918 853 629 786 197 749 902 775 488 627 718 503 307 790 
44 708 32 455 826 685 977 351 549 784 876 980 532 617 980 90 609 910 465 812 179 34 578 961 998 284 494 517 0 270 229 413 233 966 927 979 145 694 272 869 115 415 466 75 725 837 665 222 52 557 
232 5 836 620 920 464 75 479 769 441 9 481 932 624 736 359 279 718 35 345 870 760 521 203 489 307 341 222 270 0 442 394 536 701 673 521 979 224 326 239 569 958 749 854 128 975 365 844 400 259 
204 337 24 959 788 251 337 895 404 490 704 339 343 224 361 740 266 277 294 722 695 572 95 537 279 955 377 425 229 442 0 789 274 19 9 222 370 771 911 951 183 110 589 835 207 408 87 887 542 844 
626 537 326 206 785 15 695 963 132 564 726 785 136 833 981 497 549 493 258 9 134 81 244 431 239 474 763 3 413 394 789 0 641 113 658 695 857 710 729 394 252 674 406 1000 794 128 626 534 724 153 
674 160 300 102 698 521 998 392 563 913 246 986 923 804 851 752 330 939 66 597 656 306 48 319 54 662 332 987 233 536 274 641 0 48 241 106 571 572 464 276 418 780 725 878 882 808 719 329 164 2 
945 329 986 515 808 958 632 390 379 76 69 308 319 632 750 972 142 794 683 276 51 786 963 349 350 327 291 982 966 701 19 113 48 0 864 422 483 256 648 247 197 827 224 565 15 606 542 665 663 714 
819 195 138 133 293 233 128 890 827 218 785 832 441 633 197 735 246 679 447 851 326 519 649 15 178 306 373 478 927 673 9 658 241 864 0 981 350 301 933 203 743 893 581 61 243 728 533 826 349 571 
205 309 285 375 410 490 152 269 172 442 4 645 622 411 386 887 933 339 441 466 415 690 478 712 325 505 251 232 979 521 222 695 106 422 981 0 913 107 229 287 16 257 409 194 152 924 922 182 182 894 
355 625 293 413 634 500 818 17 418 44 913 525 556 310 357 623 692 251 591 803 522 734 134 78 564 131 566 918 145 979 370 857 571 483 350 913 0 787 799 723 966 849 110 110 804 820 883 435 611 364 
256 557 760 306 365 131 470 323 366 538 406 588 431 549 76 850 253 59 963 638 242 120 734 46 852 682 965 853 694 224 771 710 572 256 301 107 787 0 814 831 106 986 974 918 811 698 818 986 549 6 
322 226 400 447 826 912 3 260 912 650 647 365 691 732 36 46 144 934 634 497 327 502 516 267 702 303 977 629 272 326 911 729 464 648 933 229 799 814 0 41 677 961 631 223 21 156 663 41 755 155 
596 965 929 247 222 273 350 722 245 67 226 182 203 889 948 310 481 756 28 718 671 319 358 779 478 756 810 786 869 239 951 394 276 247 203 287 723 831 41 0 338 579 259 146 291 194 351 481 584 638 
15 285 400 325 723 632 838 973 300 425 320 412 366 821 130 993 502 665 775 39 324 105 522 690 199 403 571 197 115 569 183 252 418 197 743 16 966 106 677 338 0 699 152 363 555 486 379 540 433 18 
113 576 258 593 780 153 511 698 937 844 298 866 791 181 412 774 927 517 542 40 814 285 508 565 984 929 301 749 415 958 110 674 780 827 893 257 849 986 961 579 699 0 293 926 872 388 724 69 203 454 
291 904 746 771 131 221 91 377 108 720 11 268 566 924 843 67 123 852 356 540 516 105 330 125 10 788 863 902 466 749 589 406 725 224 581 409 110 974 631 259 152 293 0 880 283 57 301 716 11 524 
14 6 162 782 144 823 974 545 960 632 194 802 571 295 219 294 196 911 807 270 409 608 799 639 516 965 994 775 75 854 835 1000 878 565 61 194 110 918 223 146 363 926 880 0 19 513 411 346 974 963 
460 190 434 899 111 806 646 270 867 391 317 178 804 786 893 43 922 63 582 479 384 432 993 185 521 592 259 488 725 128 207 794 882 15 243 152 804 811 21 291 555 872 283 19 0 574 292 937 811 445 
484 91 164 56 526 942 122 129 615 63 628 801 748 973 515 936 539 898 563 18 650 807 455 531 207 512 161 627 837 975 408 128 808 606 728 924 820 698 156 194 486 388 57 513 574 0 691 931 341 983 
759 815 587 558 622 600 14 796 40 324 216 427 658 242 333 39 26 170 946 681 215 926 131 107 581 105 649 718 665 365 87 626 719 542 533 922 883 818 663 351 379 724 301 411 292 691 0 176 956 240 
254 245 710 918 261 658 972 774 947 121 893 764 319 683 484 436 102 776 167 60 652 884 743 44 538 299 405 503 222 844 887 534 329 665 826 182 435 986 41 481 540 69 716 346 937 931 176 0 617 81 
354 427 441 364 669 341 800 974 529 891 63 117 248 368 803 777 234 9 529 652 618 343 88 881 255 356 748 307 52 400 542 724 164 663 349 182 611 549 755 584 433 203 11 974 811 341 956 617 0 293 
184 782 817 160 266 713 928 313 647 860 985 836 781 913 102 552 500 857 546 25 948 265 848 150 693 13 786 790 557 259 844 153 2 714 571 894 364 6 155 638 18 454 524 963 445 983 240 81 293 0 
