30 4
0 256 896 102 966 87 881 831 280 747 147 143 982 233 338 988 406 197 604 172 278 687 292 833 820 100 966 657 295 392 
256 0 14 715 114 668 654 715 316 505 712 877 378 326 942 874 327 575 643 950 145 533 811 793 500 480 321 609 349 376 
896 14 0 215 99 445 779 994 937 939 376 696 4 736 620 694 230 472 438 77 478 336 103 218 903 15 500 965 425 79 
102 715 215 0 151 448 112 584 143 244 480 119 430 864 672 457 108 28 182 198 514 40 474 142 943 502 948 182 461 154 
966 114 99 151 0 941 312 698 80 80 174 998 833 563 889 853 384 881 73 621 848 554 702 762 896 445 651 229 741 122 
87 668 445 448 941 0 212 449 761 385 226 483 89 817 67 60 426 548 973 288 354 547 625 263 868 147 500 334 833 133 
881 654 779 112 312 212 0 140 583 750 993 944 826 969 536 858 231 823 430 414 473 632 811 70 234 147 950 66 867 786 
831 715 994 584 698 449 140 0 674 711 175 78 472 481 829 721 886 848 175 763 477 932 353 982 210 147 390 452 763 177 
280 316 937 143 80 761 583 674 0 501 334 402 857 183 164 657 692 958 566 556 882 567 301 576 853 354 567 210 47 108 
747 505 939 244 80 385 750 711 501 0 994 136 674 731 949 272 90 881 877 203 72 633 393 468 467 483 133 735 741 745 
147 712 376 480 174 226 993 175 334 994 0 875 399 935 555 252 482 123 499 584 168 198 153 354 767 79 116 700 969 880 
143 877 696 119 998 483 944 78 402 136 875 0 758 879 932 868 996 40 926 195 61 368 840 510 933 360 56 555 427 133 
982 378 4 430 833 89 826 472 857 674 399 758 0 776 207 463 512 315 312 1 482 697 74 414 462 938 319 507 976 219 
233 326 736 864 563 817 969 481 183 731 935 879 776 0 733 281 308 175 109 545 550 309 353 204 202 542 329 671 570 864 
338 942 620 672 889 67 536 829 164 949 555 932 207 733 0 200 661 112 496 405 893 644 19 959 431 274 854 463 72 356 
988 874 694 457 853 60 858 721 657 272 252 868 463 281 200 0 375 811 783 644 637 432 64 436 976 835 81 663 937 512 
406 327 230 108 384 426 231 886 692 90 482 996 512 308 661 375 0 471 138 100 949 540 211 256 121 213 521 817 190 149 
197 575 472 28 881 548 823 848 958 881 123 40 315 175 112 811 471 0 298 222 553 24 938 852 485 881 509 651 448 998 
604 643 438 182 73 973 430 175 566 877 499 926 312 109 496 783 138 298 0 968 927 323 648 676 857 429 445 371 161 917 
172 950 77 198 621 288 414 763 556 203 584 195 1 545 405 644 100 222 968 0 86 982 406 936 593 396 553 3 899 58 
278 145 478 514 848 354 473 477 882 72 168 61 482 550 893 637 949 553 927 86 0 372 173 804 668 11 109 869 376 871 
687 533 336 40 554 547 632 932 567 633 198 368 697 309 644 432 540 24 323 982 372 0 310 714 687 507 726 260 601 690 
292 811 103 474 702 625 811 353 301 393 153 840 74 353 19 64 211 938 648 406 173 310 0 379 93 763 349 564 285 286 
833 793 218 142 762 263 70 982 576 468 354 510 414 204 959 436 256 852 676 936 804 714 379 0 717 530 948 787 648 165 
820 500 903 943 896 868 234 210 853 467 767 933 462 202 431 976 121 485 857 593 668 687 93 717 0 686 768 682 927 756 
100 480 15 502 445 147 147 147 354 483 79 360 938 542 274 835 213 881 429 396 11 507 763 530 686 0 428 562 299 865 
966 321 500 948 651 500 950 390 567 133 116 56 319 329 854 81 521 509 445 553 109 726 349 948 768 428 0 729 243 791 
657 609 965 182 229 334 66 452 210 735 700 555 507 671 463 663 817 651 371 3 869 260 564 787 682 562 729 0 907 888 
295 349 425 461 741 833 867 763 47 741 969 427 976 570 72 937 190 448 161 899 376 601 285 648 927 299 243 907 0 875 
392 376 79 154 122 133 786 177 108 745 880 133 219 864 356 512 149 998 917 58 871 690 286 165 756 865 791 888 875 0 
0 513 339 959 922 702 653 969 354 381 91 898 806 725 780 540 128 620 646 61 819 246 223 770 168 438 462 447 427 745 
513 0 333 515 183 555 454 110 236 910 50 178 623 312 409 776 972 79 694 831 392 25 826 583 683 96 225 831 770 451 
339 333 0 581 436 358 701 639 42 767 487 922 494 598 484 72 241 553 125 778 846 81 117 766 381 299 662 785 994 366 
959 515 581 0 250 135 77 976 707 387 246 562 844 68 307 352 38 973 775 764 769 331 211 488 607 916 999 61 196 444 
922 183 436 250 0 534 648 227 883 103 554 451 521 941 639 639 752 641 144 704 411 927 198 248 987 654 424 224 17 973 
702 555 358 135 534 0 419 171 906 247 111 302 400 470 391 135 41 312 921 57 544 868 123 405 887 637 626 138 910 79 
653 454 701 77 648 419 0 81 601 541 907 535 988 286 674 256 869 90 471 141 590 302 946 658 398 15 600 480 379 113 
969 110 639 976 227 171 81 0 194 393 360 427 236 672 926 168 95 219 49 294 796 499 910 485 232 785 398 191 875 714 
354 236 42 707 883 906 601 194 0 731 488 722 173 695 602 431 983 513 778 546 701 472 546 841 949 248 534 589 922 343 
381 910 767 387 103 247 541 393 731 0 783 561 689 621 265 838 180 494 411 667 851 131 898 928 386 536 468 568 954 111 
91 50 487 246 554 111 907 360 488 783 0 900 471 915 894 51 294 415 946 121 24 745 652 407 177 382 474 844 104 645 
898 178 922 562 451 302 535 427 722 561 900 0 425 399 592 564 668 878 561 641 586 581 568 994 374 906 302 984 832 832 
806 623 494 844 521 400 988 236 173 689 471 425 0 653 60 505 649 336 197 641 391 500 543 201 361 831 963 436 755 765 
725 312 598 68 941 470 286 672 695 621 915 399 653 0 576 138 392 265 846 779 743 277 60 927 357 844 485 589 593 731 
780 409 484 307 639 391 674 926 602 265 894 592 60 576 0 605 481 527 118 232 381 121 683 553 604 38 298 132 316 45 
540 776 72 352 639 135 256 168 431 838 51 564 505 138 605 0 172 173 274 171 295 270 625 418 548 321 981 353 550 659 
128 972 241 38 752 41 869 95 983 180 294 668 649 392 481 172 0 681 108 286 503 121 998 257 22 32 73 495 417 411 
620 79 553 973 641 312 90 219 513 494 415 878 336 265 527 173 681 0 408 387 695 38 519 199 5 535 405 828 860 402 
646 694 125 775 144 921 471 49 778 411 946 561 197 846 118 274 108 408 0 747 567 408 13 639 141 133 707 224 801 180 
61 831 778 764 704 57 141 294 546 667 121 641 641 779 232 171 286 387 747 0 548 214 866 76 48 21 817 214 737 218 
819 392 846 769 411 544 590 796 701 851 24 586 391 743 381 295 503 695 567 548 0 32 172 837 755 192 277 659 223 578 
246 25 81 331 927 868 302 499 472 131 745 581 500 277 121 270 121 38 408 214 32 0 253 353 979 402 678 214 759 477 
223 826 117 211 198 123 946 910 546 898 652 568 543 60 683 625 998 519 13 866 172 253 0 593 436 530 185 835 661 251 
770 583 766 488 248 405 658 485 841 928 407 994 201 927 553 418 257 199 639 76 837 353 593 0 777 269 20 995 907 971 
168 683 381 607 987 887 398 232 949 386 177 374 361 357 604 548 22 5 141 48 755 979 436 777 0 862 221 957 679 120 
438 96 299 916 654 637 15 785 248 536 382 906 831 844 38 321 32 535 133 21 192 402 530 269 862 0 646 72 117 115 
462 225 662 999 424 626 600 398 534 468 474 302 963 485 298 981 73 405 707 817 277 678 185 20 221 646 0 59 230 884 
447 831 785 61 224 138 480 191 589 568 844 984 436 589 132 353 495 828 224 214 659 214 835 995 957 72 59 0 469 876 
427 770 994 196 17 910 379 875 922 954 104 832 755 593 316 550 417 860 801 737 223 759 661 907 679 117 230 469 0 301 
745 451 366 444 973 79 113 714 343 111 645 832 765 731 45 659 411 402 180 218 578 477 251 971 120 115 884 876 301 0 
0 209 497 922 880 598 667 906 140 483 515 706 378 310 799 240 24 701 819 67 539 487 8 903 234 322 579 629 729 828 
209 0 530 467 496 555 389 436 527 825 330 638 397 168 702 589 960 275 386 609 711 86 266 485 401 98 233 319 422 424 
497 530 0 545 469 851 656 199 282 898 564 668 208 920 553 81 160 738 96 783 894 125 115 644 88 540 435 968 738 381 
922 467 545 0 89 704 241 814 896 516 758 717 666 284 809 343 259 529 892 488 690 220 245 608 741 311 770 169 355 482 
880 496 469 89 0 661 144 217 944 474 462 490 292 906 546 122 310 648 670 604 196 815 155 591 657 422 92 225 32 992 
598 555 851 704 661 0 782 360 669 496 142 171 958 471 317 509 867 839 535 395 299 996 87 124 744 176 105 334 983 766 
667 389 656 241 144 782 0 82 265 566 822 470 374 985 164 634 887 272 931 786 988 950 992 790 86 90 313 87 519 319 
906 436 199 814 217 360 82 0 18 537 928 275 699 752 264 231 32 629 506 12 384 277 587 497 425 954 224 640 945 842 
140 527 282 896 944 669 265 18 0 853 719 168 137 390 515 123 525 728 709 330 942 741 923 564 957 478 550 406 823 364 
483 825 898 516 474 496 566 537 853 0 113 529 760 603 285 741 703 300 324 464 691 111 910 983 620 552 925 657 955 592 
515 330 564 758 462 142 822 928 719 113 0 959 472 721 713 137 644 544 616 886 54 492 212 159 215 656 733 916 426 594 
706 638 668 717 490 171 470 275 168 529 959 0 266 311 642 239 855 889 277 934 411 1000 728 250 538 943 865 937 979 488 
378 397 208 666 292 958 374 699 137 760 472 266 0 74 62 346 594 447 490 501 121 297 396 140 199 802 844 175 278 594 
310 168 920 284 906 471 985 752 390 603 721 311 74 0 339 807 230 382 787 445 576 133 107 895 161 378 262 606 741 775 
799 702 553 809 546 317 164 264 515 285 713 642 62 339 0 154 311 170 26 152 220 67 714 626 188 46 530 447 423 248 
240 589 81 343 122 509 634 231 123 741 137 239 346 807 154 0 739 392 634 384 292 761 340 48 108 872 233 933 12 919 
24 960 160 259 310 867 887 32 525 703 644 855 594 230 311 739 0 835 284 282 384 130 436 312 112 77 604 626 71 984 
701 275 738 529 648 839 272 629 728 300 544 889 447 382 170 392 835 0 15 339 578 998 93 239 128 684 817 798 495 315 
819 386 96 892 670 535 931 506 709 324 616 277 490 787 26 634 284 15 0 878 507 369 165 563 190 303 278 467 635 369 
67 609 783 488 604 395 786 12 330 464 886 934 501 445 152 384 282 339 878 0 269 45 999 178 366 91 627 394 411 669 
539 711 894 690 196 299 988 384 942 691 54 411 121 576 220 292 384 578 507 269 0 160 235 798 590 107 251 104 780 49 
487 86 125 220 815 996 950 277 741 111 492 1000 297 133 67 761 130 998 369 45 160 0 218 14 329 178 704 209 752 458 
8 266 115 245 155 87 992 587 923 910 212 728 396 107 714 340 436 93 165 999 235 218 0 229 974 520 118 690 585 436 
903 485 644 608 591 124 790 497 564 983 159 250 140 895 626 48 312 239 563 178 798 14 229 0 592 386 1 968 754 457 
234 401 88 741 657 744 86 425 957 620 215 538 199 161 188 108 112 128 190 366 590 329 974 592 0 748 198 924 569 158 
322 98 540 311 422 176 90 954 478 552 656 943 802 378 46 872 77 684 303 91 107 178 520 386 748 0 740 149 157 102 
579 233 435 770 92 105 313 224 550 925 733 865 844 262 530 233 604 817 278 627 251 704 118 1 198 740 0 386 169 570 
629 319 968 169 225 334 87 640 406 657 916 937 175 606 447 933 626 798 467 394 104 209 690 968 924 149 386 0 780 659 
729 422 738 355 32 983 519 945 823 955 426 979 278 741 423 12 71 495 635 411 780 752 585 754 569 157 169 780 0 371 
828 424 381 482 992 766 319 842 364 592 594 488 594 775 248 919 984 315 369 669 49 458 436 457 158 102 570 659 371 0 
0 354 225 919 995 707 530 884 114 160 106 948 788 595 652 635 49 478 352 60 797 342 217 686 416 739 265 590 315 284 
354 0 290 53 141 201 88 4 63 998 146 274 143 63 256 855 319 149 871 573 405 178 568 358 607 565 629 580 613 249 
225 290 0 571 341 250 778 727 20 537 170 950 862 697 943 166 184 63 201 367 340 22 348 265 267 685 449 915 634 753 
919 53 571 0 523 598 107 724 801 684 231 482 407 25 41 421 383 962 494 705 496 59 404 642 837 660 816 352 322 912 
995 141 341 523 0 337 371 448 476 189 383 388 311 544 359 202 719 966 378 656 415 552 381 468 772 783 818 226 401 719 
707 201 250 598 337 0 771 416 963 437 584 128 737 932 982 238 4 1 426 1 755 636 587 245 990 204 781 216 639 54 
530 88 778 107 371 771 0 332 458 544 648 884 692 273 517 535 774 178 799 137 787 158 990 85 825 342 56 466 126 203 
884 4 727 724 448 416 332 0 321 317 272 782 68 623 648 702 144 711 100 102 994 343 714 260 766 862 764 101 809 118 
114 63 20 801 476 963 458 321 0 751 839 834 611 492 390 59 917 901 673 445 421 123 241 999 868 885 668 698 820 91 
160 998 537 684 189 437 544 317 751 0 645 639 140 531 737 713 651 530 744 554 297 40 938 684 234 39 433 454 353 585 
106 146 170 231 383 584 648 272 839 645 0 536 374 246 491 570 267 546 685 1 98 616 615 606 110 314 368 940 686 252 
948 274 950 482 388 128 884 782 834 639 536 0 115 322 271 910 332 566 616 617 74 712 733 527 78 496 228 653 978 919 
788 143 862 407 311 737 692 68 611 140 374 115 0 379 74 443 635 27 97 629 308 960 346 326 631 807 325 288 377 646 
595 63 697 25 544 932 273 623 492 531 246 322 379 0 361 806 832 601 747 684 800 582 317 335 805 954 41 408 720 859 
652 256 943 41 359 982 517 648 390 737 491 271 74 361 0 290 810 815 198 92 690 508 568 290 566 61 384 282 582 12 
635 855 166 421 202 238 535 702 59 713 570 910 443 806 290 0 479 154 410 274 533 379 460 340 861 591 952 804 536 329 
49 319 184 383 719 4 774 144 917 651 267 332 635 832 810 479 0 759 93 614 66 32 992 226 106 296 255 474 504 346 
478 149 63 962 966 1 178 711 901 530 546 566 27 601 815 154 759 0 815 881 575 179 309 357 203 136 261 473 730 583 
352 871 201 494 378 426 799 100 673 744 685 616 97 747 198 410 93 815 0 461 757 189 440 360 345 359 583 216 935 34 
60 573 367 705 656 1 137 102 445 554 1 617 629 684 92 274 614 881 461 0 893 526 757 38 450 352 317 134 468 940 
797 405 340 496 415 755 787 994 421 297 98 74 308 800 690 533 66 575 757 893 0 342 194 245 780 779 643 761 242 992 
342 178 22 59 552 636 158 343 123 40 616 712 960 582 508 379 32 179 189 526 342 0 936 432 877 407 698 410 519 66 
217 568 348 404 381 587 990 714 241 938 615 733 346 317 568 460 992 309 440 757 194 936 0 574 561 553 194 990 403 409 
686 358 265 642 468 245 85 260 999 684 606 527 326 335 290 340 226 357 360 38 245 432 574 0 241 515 456 703 948 846 
416 607 267 837 772 990 825 766 868 234 110 78 631 805 566 861 106 203 345 450 780 877 561 241 0 609 431 336 911 278 
739 565 685 660 783 204 342 862 885 39 314 496 807 954 61 591 296 136 359 352 779 407 553 515 609 0 870 550 579 195 
265 629 449 816 818 781 56 764 668 433 368 228 325 41 384 952 255 261 583 317 643 698 194 456 431 870 0 574 606 597 
590 580 915 352 226 216 466 101 698 454 940 653 288 408 282 804 474 473 216 134 761 410 990 703 336 550 574 0 433 738 
315 613 634 322 401 639 126 809 820 353 686 978 377 720 582 536 504 730 935 468 242 519 403 948 911 579 606 433 0 299 
284 249 753 912 719 54 203 118 91 585 252 919 646 859 12 329 346 583 34 940 992 66 409 846 278 195 597 738 299 0 
0 439 399 748 844 736 602 337 214 351 151 512 433 711 925 698 318 844 349 69 147 310 236 197 172 335 478 567 644 364 
439 0 779 810 68 298 503 115 524 538 42 97 573 314 594 718 841 90 473 771 166 245 396 884 700 47 679 578 918 539 
399 779 0 874 320 723 316 471 475 921 896 583 575 272 625 492 792 482 394 828 886 439 517 563 243 732 481 818 820 371 
748 810 874 0 521 4 44 954 302 519 417 683 853 140 597 248 78 509 473 545 769 319 97 723 448 684 690 119 707 64 
844 68 320 521 0 391 846 250 777 374 830 11 664 851 749 371 523 827 992 484 400 665 382 121 708 814 717 262 100 993 
736 298 723 4 391 0 589 601 563 746 142 419 216 789 328 379 834 713 264 249 782 614 552 593 789 457 931 317 689 317 
602 503 316 44 846 589 0 137 986 636 995 834 658 357 787 470 458 870 171 42 291 172 200 760 660 380 964 952 444 47 
337 115 471 954 250 601 137 0 152 340 17 733 956 579 892 88 222 88 87 234 859 281 895 140 445 884 536 216 641 948 
214 524 475 302 777 563 986 152 0 952 438 746 160 944 668 824 915 615 760 630 673 358 404 976 586 213 159 773 764 402 
351 538 921 519 374 746 636 340 952 0 970 197 141 690 560 981 538 566 655 949 813 885 156 215 244 160 171 585 493 394 
151 42 896 417 830 142 995 17 438 970 0 887 407 923 739 35 514 458 871 987 32 804 831 126 180 241 188 774 591 418 
512 97 583 683 11 419 834 733 746 197 887 0 403 469 218 457 984 488 384 363 390 917 784 540 296 652 273 429 747 521 
433 573 575 853 664 216 658 956 160 141 407 403 0 445 483 715 698 612 528 813 688 787 297 487 113 861 815 217 998 745 
711 314 272 140 851 789 357 579 944 690 923 469 445 0 564 88 940 381 844 887 193 79 437 319 91 779 506 466 715 180 
925 594 625 597 749 328 787 892 668 560 739 218 483 564 0 483 646 497 94 36 951 415 383 575 640 748 865 738 760 152 
698 718 492 248 371 379 470 88 824 981 35 457 715 88 483 0 514 305 720 157 376 461 535 424 819 815 422 14 974 978 
318 841 792 78 523 834 458 222 915 538 514 984 698 940 646 514 0 390 210 610 599 830 827 491 99 114 444 398 519 348 
844 90 482 509 827 713 870 88 615 566 458 488 612 381 497 305 390 0 760 104 676 653 249 929 592 719 385 371 720 242 
349 473 394 473 992 264 171 87 760 655 871 384 528 844 94 720 210 760 0 743 64 757 433 820 365 141 453 914 479 871 
69 771 828 545 484 249 42 234 630 949 987 363 813 887 36 157 610 104 743 0 149 58 633 39 315 576 747 304 841 537 
147 166 886 769 400 782 291 859 673 813 32 390 688 193 951 376 599 676 64 149 0 128 234 943 673 16 185 702 531 693 
310 245 439 319 665 614 172 281 358 885 804 917 787 79 415 461 830 653 757 58 128 0 328 482 942 733 69 744 854 152 
236 396 517 97 382 552 200 895 404 156 831 784 297 437 383 535 827 249 433 633 234 328 0 717 823 558 186 817 783 754 
197 884 563 723 121 593 760 140 976 215 126 540 487 319 575 424 491 929 820 39 943 482 717 0 679 250 248 849 648 334 
172 700 243 448 708 789 660 445 586 244 180 296 113 91 640 819 99 592 365 315 673 942 823 679 0 470 308 338 308 438 
335 47 732 684 814 457 380 884 213 160 241 652 861 779 748 815 114 719 141 576 16 733 558 250 470 0 475 441 483 563 
478 679 481 690 717 931 964 536 159 171 188 273 815 506 865 422 444 385 453 747 185 69 186 248 308 475 0 238 723 684 
567 578 818 119 262 317 952 216 773 585 774 429 217 466 738 14 398 371 914 304 702 744 817 849 338 441 238 0 694 164 
644 918 820 707 100 689 444 641 764 493 591 747 998 715 760 974 519 720 479 841 531 854 783 648 308 483 723 694 0 842 
364 539 371 64 993 317 47 948 402 394 418 521 745 180 152 978 348 242 871 537 693 152 754 334 438 563 684 164 842 0 
