8 3
0 569 691 94 813 407 340 370 
569 0 1 298 822 753 549 377 
691 1 0 664 905 412 434 47 
94 298 664 0 51 210 90 137 
813 822 905 51 0 245 449 385 
407 753 412 210 245 0 981 943 
340 549 434 90 449 981 0 566 
370 377 47 137 385 943 566 0 
0 607 414 325 95 473 212 323 
607 0 723 578 24 486 251 143 
414 723 0 630 468 121 984 911 
325 578 630 0 810 660 126 842 
95 24 468 810 0 905 405 459 
473 486 121 660 905 0 397 764 
212 251 984 126 405 397 0 568 
323 143 911 842 459 764 568 0 
0 607 414 325 95 473 212 323 
607 0 723 578 24 486 251 143 
414 723 0 630 468 121 984 911 
325 578 630 0 810 660 126 842 
95 24 468 810 0 905 405 459 
473 486 121 660 905 0 397 764 
212 251 984 126 405 397 0 568 
323 143 911 842 459 764 568 0 
0 607 414 325 95 473 212 323 
607 0 723 578 24 486 251 143 
414 723 0 630 468 121 984 911 
325 578 630 0 810 660 126 842 
95 24 468 810 0 905 405 459 
473 486 121 660 905 0 397 764 
212 251 984 126 405 397 0 568 
323 143 911 842 459 764 568 0 
