9 4
0 862 5 495 230 457 217 58 186 
862 0 177 378 867 171 804 517 350 
5 177 0 425 399 316 986 805 317 
495 378 425 0 683 868 249 75 876 
230 867 399 683 0 252 297 476 766 
457 171 316 868 252 0 540 533 238 
217 804 986 249 297 540 0 393 173 
58 517 805 75 476 533 393 0 384 
186 350 317 876 766 238 173 384 0 
0 320 306 63 380 675 377 351 841 
320 0 307 482 768 971 477 737 162 
306 307 0 248 230 185 384 401 536 
63 482 248 0 483 447 531 457 981 
380 768 230 483 0 642 617 512 348 
675 971 185 447 642 0 488 80 367 
377 477 384 531 617 488 0 608 730 
351 737 401 457 512 80 608 0 194 
841 162 536 981 348 367 730 194 0 
0 614 616 852 412 357 535 581 366 
614 0 846 559 412 128 608 353 870 
616 846 0 815 959 655 724 614 319 
852 559 815 0 451 687 614 498 154 
412 412 959 451 0 215 416 504 739 
357 128 655 687 215 0 451 828 546 
535 608 724 614 416 451 0 358 228 
581 353 614 498 504 828 358 0 974 
366 870 319 154 739 546 228 974 0 
0 812 627 885 641 227 704 537 209 
812 0 576 300 273 77 576 77 879 
627 576 0 750 780 759 512 556 461 
885 300 750 0 564 669 241 585 22 
641 273 780 564 0 471 388 397 631 
227 77 759 669 471 0 470 837 732 
704 576 512 241 388 470 0 476 329 
537 77 556 585 397 837 476 0 668 
209 879 461 22 631 732 329 668 0 
0 695 601 808 593 303 554 495 189 
695 0 657 472 82 21 283 250 774 
601 657 0 756 870 785 700 569 391 
808 472 756 0 286 479 505 707 57 
593 82 870 286 0 586 593 560 545 
303 21 785 479 586 0 353 914 647 
554 283 700 505 593 353 0 467 275 
495 250 569 707 560 914 467 0 974 
189 774 391 57 545 647 275 974 0 
