10 2
0 100 728 205 590 165 543 876 900 706 
100 0 463 349 566 341 575 186 118 714 
728 463 0 958 694 207 58 350 600 287 
205 349 958 0 517 217 517 317 403 524 
590 566 694 517 0 804 805 876 533 508 
165 341 207 217 804 0 75 766 903 735 
543 575 58 517 805 75 0 238 195 827 
876 186 350 317 876 766 238 0 917 714 
900 118 600 403 533 903 195 917 0 104 
706 714 287 524 508 735 827 714 104 0 
0 590 407 652 566 132 102 711 953 312 
590 0 691 672 74 229 690 760 522 281 
407 691 0 626 763 170 248 130 927 707 
652 672 626 0 654 321 299 87 230 491 
566 74 763 654 0 515 7 44 55 305 
132 229 170 321 515 0 387 11 483 736 
102 690 248 299 7 387 0 40 249 855 
711 760 130 87 44 11 40 0 390 117 
953 522 927 230 55 483 249 390 0 833 
312 281 707 491 305 736 855 117 833 0 
0 608 474 635 664 69 51 747 787 443 
608 0 618 385 3 100 529 865 589 168 
474 618 0 604 751 60 186 176 919 710 
635 385 604 0 667 270 245 103 42 582 
664 3 751 667 0 586 68 40 131 321 
69 100 60 270 586 0 333 164 550 724 
51 529 186 245 68 333 0 11 263 834 
747 865 176 103 40 164 11 0 297 200 
787 589 919 42 131 550 263 297 0 732 
443 168 710 582 321 724 834 200 732 0 
