30 4
0 822 902 999 754 569 790 323 197 326 706 456 668 249 214 79 623 689 60 661 914 582 430 856 241 434 307 866 498 617 
822 0 345 685 815 468 747 535 972 705 388 607 702 359 397 964 179 197 237 348 703 16 972 439 187 895 705 355 792 258 
902 345 0 86 408 515 698 906 706 434 713 322 447 80 356 308 729 472 791 515 864 191 971 957 261 792 375 899 20 349 
999 685 86 0 325 315 543 143 558 265 624 764 805 399 731 222 710 709 927 507 789 245 647 803 124 890 711 786 886 126 
754 815 408 325 0 810 386 992 934 707 22 379 934 825 403 783 796 73 799 536 839 952 446 953 487 520 558 556 613 213 
569 468 515 315 810 0 254 138 292 147 816 926 399 190 775 749 952 491 71 961 726 683 881 170 606 528 136 8 373 636 
790 747 698 543 386 254 0 911 948 495 61 14 84 432 189 500 483 717 957 443 245 442 803 301 466 363 957 887 221 460 
323 535 906 143 992 138 911 0 981 169 85 169 743 896 502 84 970 762 55 856 510 967 200 184 647 451 316 410 771 760 
197 972 706 558 934 292 948 981 0 886 614 749 712 417 302 152 26 389 860 780 296 360 85 24 242 760 707 518 104 574 
326 705 434 265 707 147 495 169 886 0 706 631 584 994 990 229 769 245 303 773 402 618 897 480 740 168 626 528 90 723 
706 388 713 624 22 816 61 85 614 706 0 572 193 331 440 990 447 976 988 770 677 21 910 283 84 256 386 71 735 812 
456 607 322 764 379 926 14 169 749 631 572 0 512 849 747 403 751 956 611 175 173 733 828 763 559 964 8 127 369 390 
668 702 447 805 934 399 84 743 712 584 193 512 0 458 14 818 49 441 379 938 567 445 247 666 687 886 658 74 833 904 
249 359 80 399 825 190 432 896 417 994 331 849 458 0 69 604 116 101 132 318 581 757 901 643 943 284 998 24 494 452 
214 397 356 731 403 775 189 502 302 990 440 747 14 69 0 977 303 899 364 306 314 527 279 862 269 135 472 857 376 399 
79 964 308 222 783 749 500 84 152 229 990 403 818 604 977 0 366 431 595 755 526 240 963 569 690 900 273 147 45 937 
623 179 729 710 796 952 483 970 26 769 447 751 49 116 303 366 0 880 87 109 904 280 262 930 757 827 580 545 134 762 
689 197 472 709 73 491 717 762 389 245 976 956 441 101 899 431 880 0 102 7 672 449 248 680 413 363 34 831 165 788 
60 237 791 927 799 71 957 55 860 303 988 611 379 132 364 595 87 102 0 469 42 860 180 395 340 594 136 93 462 399 
661 348 515 507 536 961 443 856 780 773 770 175 938 318 306 755 109 7 469 0 833 241 639 494 488 404 690 393 214 800 
914 703 864 789 839 726 245 510 296 402 677 173 567 581 314 526 904 672 42 833 0 498 54 895 731 676 405 114 312 177 
582 16 191 245 952 683 442 967 360 618 21 733 445 757 527 240 280 449 860 241 498 0 438 525 37 410 315 82 909 197 
430 972 971 647 446 881 803 200 85 897 910 828 247 901 279 963 262 248 180 639 54 438 0 943 937 237 903 841 598 327 
856 439 957 803 953 170 301 184 24 480 283 763 666 643 862 569 930 680 395 494 895 525 943 0 328 358 999 192 404 216 
241 187 261 124 487 606 466 647 242 740 84 559 687 943 269 690 757 413 340 488 731 37 937 328 0 519 975 336 146 173 
434 895 792 890 520 528 363 451 760 168 256 964 886 284 135 900 827 363 594 404 676 410 237 358 519 0 698 474 61 351 
307 705 375 711 558 136 957 316 707 626 386 8 658 998 472 273 580 34 136 690 405 315 903 999 975 698 0 421 287 241 
866 355 899 786 556 8 887 410 518 528 71 127 74 24 857 147 545 831 93 393 114 82 841 192 336 474 421 0 723 1 
498 792 20 886 613 373 221 771 104 90 735 369 833 494 376 45 134 165 462 214 312 909 598 404 146 61 287 723 0 849 
617 258 349 126 213 636 460 760 574 723 812 390 904 452 399 937 762 788 399 800 177 197 327 216 173 351 241 1 849 0 
0 186 126 603 637 361 118 485 243 93 19 544 782 750 841 397 217 47 429 159 415 277 987 419 968 939 365 246 474 437 
186 0 933 363 444 504 914 263 358 106 47 960 782 683 158 524 150 36 164 486 123 702 391 410 455 128 261 314 176 330 
126 933 0 428 729 737 26 495 450 23 309 674 211 833 227 775 703 51 64 515 893 262 748 390 24 981 199 263 657 7 
603 363 428 0 600 58 984 511 159 295 420 129 955 408 633 131 220 754 566 818 969 243 55 322 101 427 453 893 117 327 
637 444 729 600 0 922 503 168 631 936 242 345 594 349 182 956 465 922 682 201 7 801 751 598 911 259 367 457 691 685 
361 504 737 58 922 0 330 113 305 684 934 856 861 874 961 406 246 432 640 793 904 243 152 266 857 149 676 549 352 981 
118 914 26 984 503 330 0 557 479 602 965 897 333 972 797 205 882 6 106 530 7 529 371 841 458 28 396 351 69 327 
485 263 495 511 168 113 557 0 540 594 87 982 34 458 613 508 176 92 293 76 914 982 908 645 838 208 609 293 615 239 
243 358 450 159 631 305 479 540 0 68 439 454 813 607 61 407 535 337 570 601 596 524 474 347 990 688 807 927 451 917 
93 106 23 295 936 684 602 594 68 0 390 339 946 707 625 843 53 17 605 144 488 926 835 886 546 427 84 333 858 808 
19 47 309 420 242 934 965 87 439 390 0 344 751 933 12 526 485 680 185 329 424 214 453 147 807 324 563 608 608 282 
544 960 674 129 345 856 897 982 454 339 344 0 444 1000 657 713 737 733 699 791 784 2 608 634 742 554 383 782 940 212 
782 782 211 955 594 861 333 34 813 946 751 444 0 507 426 8 225 24 766 527 837 470 912 840 347 361 374 663 29 187 
750 683 833 408 349 874 972 458 607 707 933 1000 507 0 187 598 896 512 716 298 50 810 20 63 805 963 114 263 849 36 
841 158 227 633 182 961 797 613 61 625 12 657 426 187 0 496 124 589 911 577 662 279 13 887 48 129 527 35 544 472 
397 524 775 131 956 406 205 508 407 843 526 713 8 598 496 0 478 95 300 338 820 926 343 641 468 600 870 60 832 663 
217 150 703 220 465 246 882 176 535 53 485 737 225 896 124 478 0 518 793 943 71 83 629 515 393 423 887 915 208 640 
47 36 51 754 922 432 6 92 337 17 680 733 24 512 589 95 518 0 536 965 440 165 886 609 214 379 800 574 54 558 
429 164 64 566 682 640 106 293 570 605 185 699 766 716 911 300 793 536 0 345 556 649 88 786 824 780 387 399 49 167 
159 486 515 818 201 793 530 76 601 144 329 791 527 298 577 338 943 965 345 0 819 991 608 855 119 12 720 825 688 348 
415 123 893 969 7 904 7 914 596 488 424 784 837 50 662 820 71 440 556 819 0 938 908 497 481 67 263 684 250 763 
277 702 262 243 801 243 529 982 524 926 214 2 470 810 279 926 83 165 649 991 938 0 420 527 683 598 731 652 568 249 
987 391 748 55 751 152 371 908 474 835 453 608 912 20 13 343 629 886 88 608 908 420 0 333 972 28 606 401 260 659 
419 410 390 322 598 266 841 645 347 886 147 634 840 63 887 641 515 609 786 855 497 527 333 0 859 624 844 521 63 873 
968 455 24 101 911 857 458 838 990 546 807 742 347 805 48 468 393 214 824 119 481 683 972 859 0 561 499 649 309 67 
939 128 981 427 259 149 28 208 688 427 324 554 361 963 129 600 423 379 780 12 67 598 28 624 561 0 244 208 6 582 
365 261 199 453 367 676 396 609 807 84 563 383 374 114 527 870 887 800 387 720 263 731 606 844 499 244 0 119 672 444 
246 314 263 893 457 549 351 293 927 333 608 782 663 263 35 60 915 574 399 825 684 652 401 521 649 208 119 0 779 127 
474 176 657 117 691 352 69 615 451 858 608 940 29 849 544 832 208 54 49 688 250 568 260 63 309 6 672 779 0 714 
437 330 7 327 685 981 327 239 917 808 282 212 187 36 472 663 640 558 167 348 763 249 659 873 67 582 444 127 714 0 
0 563 244 476 636 731 121 638 901 562 45 867 45 992 695 846 288 647 357 103 104 112 277 428 2 25 666 809 471 45 
563 0 32 46 807 496 885 447 357 255 499 667 746 947 858 233 211 220 648 929 830 160 901 638 468 848 104 991 889 250 
244 32 0 297 717 490 786 88 553 866 73 746 544 900 359 801 719 46 883 246 519 49 450 417 669 255 25 580 799 847 
476 46 297 0 192 154 719 327 878 217 992 690 554 591 216 282 845 451 612 925 629 887 697 623 491 714 667 73 83 516 
636 807 717 192 0 640 71 771 296 905 934 338 519 662 520 465 860 956 254 319 35 765 941 331 876 864 764 82 195 739 
731 496 490 154 640 0 779 974 291 527 857 31 745 908 377 114 501 186 129 315 316 414 977 488 857 50 547 895 82 322 
121 885 786 719 71 779 0 934 138 708 40 872 468 119 923 518 992 836 160 347 910 896 978 975 581 763 706 739 23 168 
638 447 88 327 771 974 934 0 232 627 261 356 825 180 251 363 580 580 373 103 421 760 55 961 168 92 877 990 33 923 
901 357 553 878 296 291 138 232 0 34 593 684 440 923 188 180 39 389 904 41 917 437 573 204 184 398 736 230 14 919 
562 255 866 217 905 527 708 627 34 0 536 450 728 924 273 146 5 98 577 399 373 745 128 186 696 656 802 223 712 271 
45 499 73 992 934 857 40 261 593 536 0 160 265 419 763 236 895 427 49 251 944 76 413 771 809 128 154 842 692 41 
867 667 746 690 338 31 872 356 684 450 160 0 214 730 219 272 462 91 454 96 728 54 194 145 919 354 178 564 75 255 
45 746 544 554 519 745 468 825 440 728 265 214 0 27 500 582 712 583 804 689 314 444 376 536 152 493 882 912 469 975 
992 947 900 591 662 908 119 180 923 924 419 730 27 0 915 313 836 954 338 16 508 28 843 587 352 603 874 883 587 421 
695 858 359 216 520 377 923 251 188 273 763 219 500 915 0 742 579 719 316 782 777 236 673 898 993 672 785 672 750 536 
846 233 801 282 465 114 518 363 180 146 236 272 582 313 742 0 267 864 560 487 726 140 533 165 608 284 422 679 347 818 
288 211 719 845 860 501 992 580 39 5 895 462 712 836 579 267 0 116 244 736 591 831 531 609 359 214 679 906 629 682 
647 220 46 451 956 186 836 580 389 98 427 91 583 954 719 864 116 0 124 599 908 216 172 108 915 693 293 193 990 666 
357 648 883 612 254 129 160 373 904 577 49 454 804 338 316 560 244 124 0 637 628 915 490 976 807 20 243 925 413 155 
103 929 246 925 319 315 347 103 41 399 251 96 689 16 782 487 736 599 637 0 630 306 723 386 708 556 221 730 66 445 
104 830 519 629 35 316 910 421 917 373 944 728 314 508 777 726 591 908 628 630 0 74 599 339 52 265 72 112 733 295 
112 160 49 887 765 414 896 760 437 745 76 54 444 28 236 140 831 216 915 306 74 0 977 956 917 306 972 235 108 836 
277 901 450 697 941 977 978 55 573 128 413 194 376 843 673 533 531 172 490 723 599 977 0 41 844 380 476 690 237 287 
428 638 417 623 331 488 975 961 204 186 771 145 536 587 898 165 609 108 976 386 339 956 41 0 557 881 893 260 553 992 
2 468 669 491 876 857 581 168 184 696 809 919 152 352 993 608 359 915 807 708 52 917 844 557 0 305 81 830 477 554 
25 848 255 714 864 50 763 92 398 656 128 354 493 603 672 284 214 693 20 556 265 306 380 881 305 0 978 513 240 631 
666 104 25 667 764 547 706 877 736 802 154 178 882 874 785 422 679 293 243 221 72 972 476 893 81 978 0 95 725 695 
809 991 580 73 82 895 739 990 230 223 842 564 912 883 672 679 906 193 925 730 112 235 690 260 830 513 95 0 520 110 
471 889 799 83 195 82 23 33 14 712 692 75 469 587 750 347 629 990 413 66 733 108 237 553 477 240 725 520 0 649 
45 250 847 516 739 322 168 923 919 271 41 255 975 421 536 818 682 666 155 445 295 836 287 992 554 631 695 110 649 0 
0 549 938 461 25 824 381 67 220 914 450 768 409 971 747 4 311 138 173 526 957 684 924 928 546 783 626 543 692 499 
549 0 160 567 43 823 125 774 726 298 133 102 722 913 659 436 519 74 483 491 289 112 737 620 374 664 578 751 990 60 
938 160 0 857 943 249 511 348 674 962 294 60 961 687 297 285 198 993 448 767 928 724 943 358 453 155 112 261 862 247 
461 567 857 0 113 408 523 452 300 331 925 164 622 394 73 632 308 44 684 755 833 247 729 953 338 533 385 945 573 156 
25 43 943 113 0 477 171 441 68 564 745 154 227 313 514 443 506 653 647 681 503 910 439 71 274 64 857 177 470 598 
824 823 249 408 477 0 998 38 346 668 414 195 581 907 1 60 985 2 621 220 235 88 308 624 456 514 849 405 96 682 
381 125 511 523 171 998 0 317 227 730 836 303 975 279 170 920 409 69 403 752 619 695 516 313 199 217 949 281 231 917 
67 774 348 452 441 38 317 0 534 199 250 845 632 76 617 35 500 694 645 233 392 924 867 905 671 505 549 213 209 733 
220 726 674 300 68 346 227 534 0 339 857 337 936 665 239 899 218 491 179 273 735 116 408 731 991 968 242 736 516 727 
914 298 962 331 564 668 730 199 339 0 735 777 500 867 397 560 349 284 171 82 101 504 62 750 597 382 149 183 743 215 
450 133 294 925 745 414 836 250 857 735 0 339 303 430 104 538 216 116 32 208 138 111 20 985 455 766 566 570 491 454 
768 102 60 164 154 195 303 845 337 777 339 0 3 925 42 949 263 561 357 194 727 814 483 694 347 727 578 105 654 349 
409 722 961 622 227 581 975 632 936 500 303 3 0 57 531 162 722 709 210 322 933 193 565 528 505 855 582 613 311 296 
971 913 687 394 313 907 279 76 665 867 430 925 57 0 514 824 851 485 786 975 439 948 624 38 598 94 950 32 962 364 
747 659 297 73 514 1 170 617 239 397 104 42 531 514 0 430 138 643 557 237 559 11 554 590 933 307 792 549 536 21 
4 436 285 632 443 60 920 35 899 560 538 949 162 824 430 0 621 503 931 715 376 146 622 665 594 539 817 364 810 722 
311 519 198 308 506 985 409 500 218 349 216 263 722 851 138 621 0 17 845 494 16 377 7 752 23 813 136 144 169 843 
138 74 993 44 653 2 69 694 491 284 116 561 709 485 643 503 17 0 809 305 717 104 347 115 597 97 988 335 888 699 
173 483 448 684 647 621 403 645 179 171 32 357 210 786 557 931 845 809 0 721 294 825 934 475 97 547 400 85 700 480 
526 491 767 755 681 220 752 233 273 82 208 194 322 975 237 715 494 305 721 0 42 25 941 86 461 835 444 174 562 969 
957 289 928 833 503 235 619 392 735 101 138 727 933 439 559 376 16 717 294 42 0 983 824 823 794 109 182 945 698 594 
684 112 724 247 910 88 695 924 116 504 111 814 193 948 11 146 377 104 825 25 983 0 495 959 171 356 660 341 564 355 
924 737 943 729 439 308 516 867 408 62 20 483 565 624 554 622 7 347 934 941 824 495 0 643 113 752 772 583 238 448 
928 620 358 953 71 624 313 905 731 750 985 694 528 38 590 665 752 115 475 86 823 959 643 0 322 891 608 290 147 598 
546 374 453 338 274 456 199 671 991 597 455 347 505 598 933 594 23 597 97 461 794 171 113 322 0 943 558 821 592 214 
783 664 155 533 64 514 217 505 968 382 766 727 855 94 307 539 813 97 547 835 109 356 752 891 943 0 585 540 423 890 
626 578 112 385 857 849 949 549 242 149 566 578 582 950 792 817 136 988 400 444 182 660 772 608 558 585 0 850 239 958 
543 751 261 945 177 405 281 213 736 183 570 105 613 32 549 364 144 335 85 174 945 341 583 290 821 540 850 0 944 867 
692 990 862 573 470 96 231 209 516 743 491 654 311 962 536 810 169 888 700 562 698 564 238 147 592 423 239 944 0 897 
499 60 247 156 598 682 917 733 727 215 454 349 296 364 21 722 843 699 480 969 594 355 448 598 214 890 958 867 897 0 
0 814 756 469 224 10 589 315 604 405 580 869 749 35 243 312 737 159 337 58 866 674 389 868 104 985 784 245 285 300 
814 0 474 55 145 905 512 416 247 787 197 626 152 917 828 387 269 262 149 220 778 335 826 434 52 243 673 840 964 781 
756 474 0 962 889 686 647 343 914 882 948 35 706 274 208 554 436 762 275 943 646 406 991 495 440 669 418 926 310 725 
469 55 962 0 934 971 491 185 127 87 627 179 775 704 711 482 567 579 424 578 738 35 920 390 871 85 278 153 159 913 
224 145 889 934 0 679 386 837 901 234 556 738 402 786 580 226 224 168 868 184 609 144 329 380 622 845 467 593 992 452 
10 905 686 971 679 0 389 374 741 85 619 413 829 178 571 481 428 127 553 540 980 514 267 193 104 13 385 620 818 632 
589 512 647 491 386 389 0 452 712 697 151 660 97 750 69 539 77 440 749 687 1000 505 566 901 266 523 795 143 268 780 
315 416 343 185 837 374 452 0 419 131 102 862 318 908 763 646 397 487 447 326 517 20 964 891 654 616 247 177 437 56 
604 247 914 127 901 741 712 419 0 895 727 705 849 126 357 2 581 802 249 365 654 633 152 334 408 70 663 823 757 306 
405 787 882 87 234 85 697 131 895 0 543 560 786 890 446 329 442 826 307 677 45 358 436 778 340 735 840 315 854 609 
580 197 948 627 556 619 151 102 727 543 0 885 605 403 80 772 387 769 544 590 302 772 545 850 274 108 911 952 519 792 
869 626 35 179 738 413 660 862 705 560 885 0 749 270 689 758 623 447 989 846 576 655 569 374 177 516 129 765 285 301 
749 152 706 775 402 829 97 318 849 786 605 749 0 241 74 718 126 114 763 654 657 94 441 428 617 305 743 548 194 709 
35 917 274 704 786 178 750 908 126 890 403 270 241 0 569 23 842 18 619 477 452 560 933 9 964 53 64 771 922 377 
243 828 208 711 580 571 69 763 357 446 80 689 74 569 0 509 678 209 311 105 569 521 806 519 3 104 481 116 608 156 
312 387 554 482 226 481 539 646 2 329 772 758 718 23 509 0 926 69 537 315 629 38 45 838 53 118 417 120 726 562 
737 269 436 567 224 428 77 397 581 442 387 623 126 842 678 926 0 22 929 380 572 752 291 946 690 465 433 444 455 479 
159 262 762 579 168 127 440 487 802 826 769 447 114 18 209 69 22 0 742 734 412 639 315 331 964 101 703 516 173 805 
337 149 275 424 868 553 749 447 249 307 544 989 763 619 311 537 929 742 0 816 912 45 755 804 14 589 841 860 378 709 
58 220 943 578 184 540 687 326 365 677 590 846 654 477 105 315 380 734 816 0 332 297 653 3 350 825 199 424 185 723 
866 778 646 738 609 980 1000 517 654 45 302 576 657 452 569 629 572 412 912 332 0 998 2 562 261 79 604 819 482 61 
674 335 406 35 144 514 505 20 633 358 772 655 94 560 521 38 752 639 45 297 998 0 816 103 304 356 820 558 673 304 
389 826 991 920 329 267 566 964 152 436 545 569 441 933 806 45 291 315 755 653 2 816 0 93 211 562 310 597 824 48 
868 434 495 390 380 193 901 891 334 778 850 374 428 9 519 838 946 331 804 3 562 103 93 0 305 942 15 231 789 844 
104 52 440 871 622 104 266 654 408 340 274 177 617 964 3 53 690 964 14 350 261 304 211 305 0 562 762 618 993 548 
985 243 669 85 845 13 523 616 70 735 108 516 305 53 104 118 465 101 589 825 79 356 562 942 562 0 832 637 535 818 
784 673 418 278 467 385 795 247 663 840 911 129 743 64 481 417 433 703 841 199 604 820 310 15 762 832 0 109 649 615 
245 840 926 153 593 620 143 177 823 315 952 765 548 771 116 120 444 516 860 424 819 558 597 231 618 637 109 0 836 621 
285 964 310 159 992 818 268 437 757 854 519 285 194 922 608 726 455 173 378 185 482 673 824 789 993 535 649 836 0 871 
300 781 725 913 452 632 780 56 306 609 792 301 709 377 156 562 479 805 709 723 61 304 48 844 548 818 615 621 871 0 
