8 3
0 569 691 94 813 407 340 370 
569 0 1 298 822 753 549 377 
691 1 0 664 905 412 434 47 
94 298 664 0 51 210 90 137 
813 822 905 51 0 245 449 385 
407 753 412 210 245 0 981 943 
340 549 434 90 449 981 0 566 
370 377 47 137 385 943 566 0 
0 405 732 473 363 752 147 181 
405 0 268 533 282 934 780 596 
732 268 0 547 143 814 329 235 
473 533 547 0 434 836 193 602 
363 282 143 434 0 14 536 322 
752 934 814 836 14 0 388 169 
147 780 329 193 536 388 0 952 
181 596 235 602 322 169 952 0 
0 422 990 52 848 972 169 174 
422 0 81 47 323 948 615 336 
990 81 0 905 138 745 750 239 
52 47 905 0 828 69 574 682 
848 323 138 828 0 300 486 379 
972 948 745 69 300 0 624 631 
169 615 750 574 486 624 0 395 
174 336 239 682 379 631 395 0 
0 883 166 108 813 558 858 476 
883 0 797 660 906 785 285 362 
166 797 0 747 193 386 355 594 
108 660 747 0 459 683 156 607 
813 906 193 459 0 706 706 14 
558 785 386 683 706 0 816 152 
858 285 355 156 706 816 0 578 
476 362 594 607 14 152 578 0 
