10 2
0 166 345 551 958 93 183 557 623 581 
166 0 397 933 809 709 408 200 204 698 
345 397 0 256 703 322 572 856 70 599 
551 933 256 0 151 944 619 51 938 656 
958 809 703 151 0 368 896 785 592 878 
93 709 322 944 368 0 14 818 852 998 
183 408 572 619 896 14 0 164 434 102 
557 200 856 51 785 818 164 0 147 715 
623 204 70 938 592 852 434 147 0 215 
581 698 599 656 878 998 102 715 215 0 
0 306 148 73 839 396 685 853 937 533 
306 0 40 668 926 720 919 970 80 154 
148 40 0 448 76 373 28 97 583 369 
73 668 448 0 935 685 715 815 302 144 
839 926 76 935 0 227 584 310 195 949 
396 720 373 685 227 0 449 545 167 505 
685 919 28 715 584 449 0 121 885 244 
853 970 97 815 310 545 121 0 392 385 
937 80 583 302 195 167 885 392 0 711 
533 154 369 144 949 505 244 385 711 0 
0 695 853 928 162 605 316 148 64 468 
695 0 961 333 75 281 82 31 921 847 
853 961 0 553 925 628 973 904 418 632 
928 333 553 0 66 316 286 186 699 857 
162 75 925 66 0 774 417 691 806 52 
605 281 628 316 774 0 552 456 834 496 
316 82 973 286 417 552 0 880 116 757 
148 31 904 186 691 456 880 0 609 616 
64 921 418 699 806 834 116 609 0 290 
468 847 632 857 52 496 757 616 290 0 
