9 2
0 862 5 495 230 457 217 58 186 
862 0 177 378 867 171 804 517 350 
5 177 0 425 399 316 986 805 317 
495 378 425 0 683 868 249 75 876 
230 867 399 683 0 252 297 476 766 
457 171 316 868 252 0 540 533 238 
217 804 986 249 297 540 0 393 173 
58 517 805 75 476 533 393 0 384 
186 350 317 876 766 238 173 384 0 
0 32 51 235 168 654 170 690 711 
32 0 599 941 842 650 321 248 760 
51 599 0 601 887 273 515 299 130 
235 941 601 0 346 53 860 7 87 
168 842 887 346 0 288 438 387 44 
654 650 273 53 288 0 237 557 11 
170 321 515 860 438 237 0 193 40 
690 248 299 7 387 557 193 0 449 
711 760 130 87 44 11 40 449 0 
0 96 8 527 307 667 60 529 747 
96 0 624 816 702 614 270 186 865 
8 624 0 658 909 269 586 245 176 
527 816 658 0 332 222 855 68 103 
307 702 909 332 0 232 613 333 40 
667 614 269 222 232 0 193 616 164 
60 270 586 855 613 193 0 223 11 
529 186 245 68 333 616 223 0 521 
747 865 176 103 40 164 11 521 0 
