10 2
0 574 433 516 753 90 943 104 862 476 
574 0 73 813 412 449 566 465 464 571 
433 73 0 822 210 981 330 25 206 464 
516 813 822 0 245 943 990 689 483 409 
753 412 210 245 0 370 902 776 346 503 
90 449 981 943 370 0 345 945 607 491 
943 566 330 990 902 345 0 220 317 999 
104 465 25 689 776 945 220 0 508 685 
862 464 206 483 346 607 317 508 0 86 
476 571 464 409 503 491 999 685 86 0 
0 660 683 204 843 733 466 462 128 774 
660 0 906 399 491 240 731 146 553 308 
683 906 0 909 60 190 429 126 255 745 
204 399 909 0 30 180 558 216 410 566 
843 491 60 30 0 626 658 1 597 210 
733 240 190 180 626 0 136 833 947 906 
466 731 429 558 658 136 0 91 810 695 
462 146 126 216 1 833 91 0 261 571 
128 553 255 410 597 947 810 261 0 961 
774 308 745 566 210 906 695 571 961 0 
0 303 292 642 292 244 661 403 839 330 
303 0 61 674 331 760 337 743 680 562 
292 61 0 140 914 739 626 804 795 224 
642 674 140 0 994 947 615 650 558 327 
292 331 914 994 0 255 421 950 364 789 
244 760 739 947 255 0 874 280 60 136 
661 337 626 615 421 874 0 893 154 371 
403 743 804 650 950 280 893 0 700 497 
839 680 795 558 364 60 154 700 0 233 
330 562 224 327 789 136 371 497 233 0 
