7 4
0 354 977 433 188 905 753 
354 0 244 73 832 51 412 
977 244 0 484 391 403 210 
433 73 484 0 516 430 245 
188 832 391 516 0 147 797 
905 51 403 430 147 0 229 
753 412 210 245 797 229 0 
0 441 62 275 607 14 709 
441 0 848 442 84 437 101 
62 848 0 713 680 604 957 
275 442 713 0 359 199 894 
607 84 680 359 0 447 961 
14 437 604 199 447 0 7 
709 101 957 894 961 7 0 
0 593 891 1000 500 710 510 
593 0 188 822 808 37 756 
891 188 0 940 797 505 141 
1000 822 940 0 602 941 707 
500 808 797 602 0 952 145 
710 37 505 941 952 0 904 
510 756 141 707 145 904 0 
0 686 457 649 299 858 612 
686 0 95 586 993 501 954 
457 95 0 295 532 371 390 
649 586 295 0 569 502 101 
299 993 532 569 0 635 231 
858 501 371 502 635 0 865 
612 954 390 101 231 865 0 
0 511 638 646 67 729 45 
511 0 159 295 909 598 202 
638 159 0 855 102 504 609 
646 295 855 0 674 975 494 
67 909 102 674 0 492 246 
729 598 504 975 492 0 756 
45 202 609 494 246 756 0 
