20 4
0 397 703 619 592 354 74 607 826 837 190 140 121 383 385 71 553 998 341 186 
397 0 151 896 852 960 799 527 559 186 299 474 946 392 750 31 575 483 254 542 
703 151 0 14 434 472 966 472 557 984 264 223 45 3 711 517 111 944 279 494 
619 896 14 0 147 602 114 833 6 881 579 639 801 650 501 430 527 78 898 54 
592 852 434 147 0 547 99 403 589 654 834 692 280 966 489 269 846 402 163 330 
354 960 472 602 547 0 151 601 130 779 628 850 316 533 665 147 341 136 177 16 
74 799 966 114 99 151 0 164 534 112 38 99 937 296 833 712 420 875 982 181 
607 527 472 833 403 601 164 0 322 312 597 853 143 154 808 376 298 915 378 634 
826 559 557 6 589 130 534 322 0 212 685 193 80 731 932 480 90 589 4 816 
837 186 984 881 654 779 112 312 212 0 11 970 761 369 663 174 899 329 430 669 
190 299 264 579 834 628 38 597 685 11 0 567 583 719 602 226 940 817 833 308 
140 474 223 639 692 850 99 853 193 970 567 0 674 144 239 993 930 74 89 841 
121 946 45 801 280 316 937 143 80 761 583 674 0 54 515 175 735 247 826 255 
383 392 3 650 966 533 296 154 731 369 719 144 54 0 763 334 383 357 472 900 
385 750 711 501 489 665 833 808 932 663 602 239 515 763 0 994 989 602 857 540 
71 31 517 430 269 147 712 376 480 174 226 993 175 334 994 0 143 118 674 969 
553 575 111 527 846 341 420 298 90 899 940 930 735 383 989 143 0 958 399 233 
998 483 944 78 402 136 875 915 589 329 817 74 247 357 602 118 958 0 758 326 
341 254 279 898 163 177 982 378 4 430 833 89 826 472 857 674 399 758 0 736 
186 542 494 54 330 16 181 634 816 669 308 841 255 900 540 969 233 326 736 0 
0 165 719 335 26 454 940 572 741 718 291 553 24 849 867 851 562 485 102 677 
165 0 611 387 663 438 526 585 226 411 510 41 233 697 426 411 429 608 603 474 
719 611 0 748 626 482 587 107 207 61 860 794 752 755 736 871 590 248 685 579 
335 387 748 0 30 984 770 278 589 507 284 349 452 199 69 193 286 975 777 662 
26 663 626 30 0 644 447 760 481 762 635 95 95 608 798 220 223 928 628 237 
454 438 482 984 644 0 751 746 800 417 788 130 194 871 288 417 826 250 222 389 
940 526 587 770 447 751 0 126 192 623 295 689 676 829 546 269 677 917 438 224 
572 585 107 278 760 746 126 0 958 687 367 508 164 558 101 688 380 895 188 963 
741 226 207 589 481 800 192 958 0 400 304 712 750 819 445 727 562 424 121 485 
718 411 61 507 762 417 623 687 400 0 690 532 676 685 211 317 63 109 814 826 
291 510 860 284 635 788 295 367 304 690 0 371 848 144 286 239 652 837 380 604 
553 41 794 349 95 130 689 508 712 532 371 0 918 171 765 719 543 14 656 217 
24 233 752 452 95 194 676 164 750 676 848 918 0 655 584 904 612 82 165 110 
849 697 755 199 608 871 829 558 819 685 144 171 655 0 746 633 442 708 764 678 
867 426 736 69 798 288 546 101 445 211 286 765 584 746 0 302 11 232 747 118 
851 411 871 193 220 417 269 688 727 317 239 719 904 633 302 0 170 177 133 646 
562 429 590 286 223 826 677 380 562 63 652 543 612 442 11 170 0 374 576 728 
485 608 248 975 928 250 917 895 424 109 837 14 82 708 232 177 374 0 797 177 
102 603 685 777 628 222 438 188 121 814 380 656 165 764 747 133 576 797 0 871 
677 474 579 662 237 389 224 963 485 826 604 217 110 678 118 646 728 177 871 0 
0 182 716 400 17 389 945 479 719 824 272 448 60 744 742 713 607 611 141 740 
182 0 570 209 498 419 362 405 113 505 471 69 259 681 559 390 502 573 501 340 
716 570 0 823 521 535 554 12 84 79 829 841 641 809 660 867 784 213 673 478 
400 209 823 0 99 812 824 205 477 328 384 309 391 139 57 220 197 841 709 620 
17 498 521 99 0 579 522 625 518 665 575 108 222 573 455 384 8 983 646 165 
389 419 535 812 579 0 682 541 846 378 863 256 133 853 294 355 896 190 310 424 
945 362 554 824 522 682 0 270 190 781 341 794 644 753 475 324 635 895 322 427 
479 405 12 205 625 541 270 0 992 575 529 540 64 862 121 757 382 606 159 844 
719 113 84 477 518 846 190 992 0 374 415 718 646 966 321 520 509 312 143 506 
824 505 79 328 665 378 781 575 374 0 811 475 680 394 171 371 26 76 637 865 
272 471 829 384 575 863 341 529 415 811 0 509 870 156 282 390 568 798 402 758 
448 69 841 309 108 256 794 540 718 475 509 0 852 340 861 712 461 52 652 278 
60 259 641 391 222 133 644 64 646 680 870 852 0 616 448 622 625 172 189 277 
744 681 809 139 573 853 753 862 966 394 156 340 616 0 802 665 519 887 854 704 
742 559 660 57 455 294 475 121 321 171 282 861 448 802 0 292 18 234 684 20 
713 390 867 220 384 355 324 757 520 371 390 712 622 665 292 0 94 215 149 740 
607 502 784 197 8 896 635 382 509 26 568 461 625 519 18 94 0 256 402 822 
611 573 213 841 983 190 895 606 312 76 798 52 172 887 234 215 256 0 862 319 
141 501 673 709 646 310 322 159 143 637 402 652 189 854 684 149 402 862 0 730 
740 340 478 620 165 424 427 844 506 865 758 278 277 704 20 740 822 319 730 0 
0 130 833 214 100 585 970 681 839 600 311 640 319 906 891 771 608 433 47 631 
130 0 498 255 650 533 568 725 78 570 263 39 383 759 401 419 413 642 542 659 
833 498 0 490 695 533 473 59 445 109 924 721 771 908 885 827 521 344 877 519 
214 255 490 0 67 861 901 311 444 459 158 256 398 5 203 71 281 806 737 687 
100 650 695 67 0 594 731 787 402 801 589 83 145 669 654 66 217 996 827 88 
585 533 533 861 594 0 770 859 866 453 956 249 96 860 102 616 912 414 75 312 
970 568 473 901 731 770 0 79 207 622 221 659 722 777 683 153 642 906 336 228 
681 725 59 311 787 859 79 0 975 801 373 635 219 389 63 618 559 947 131 877 
839 78 445 444 402 866 207 975 0 551 373 483 868 671 530 737 532 507 149 590 
600 570 109 459 801 453 622 801 551 0 891 483 584 494 293 223 219 38 868 754 
311 263 924 158 589 956 221 373 373 891 0 238 798 53 227 308 733 762 509 464 
640 39 721 256 83 249 659 635 483 483 238 0 897 353 907 780 426 197 516 204 
319 383 771 398 145 96 722 219 868 584 798 897 0 685 606 870 599 267 232 92 
906 759 908 5 669 860 777 389 671 494 53 353 685 0 810 636 431 592 737 698 
891 401 885 203 654 102 683 63 530 293 227 907 606 810 0 344 194 321 772 136 
771 419 827 71 66 616 153 618 737 223 308 780 870 636 344 0 191 110 57 638 
608 413 521 281 217 912 642 559 532 219 733 426 599 431 194 191 0 282 541 590 
433 642 344 806 996 414 906 947 507 38 762 197 267 592 321 110 282 0 609 223 
47 542 877 737 827 75 336 131 149 868 509 516 232 737 772 57 541 609 0 906 
631 659 519 687 88 312 228 877 590 754 464 204 92 698 136 638 590 223 906 0 
0 113 647 313 232 254 806 576 783 838 300 580 160 883 933 586 574 488 366 753 
113 0 427 256 696 229 656 591 160 233 692 169 78 523 528 494 459 723 617 462 
647 427 0 810 475 517 783 18 255 230 820 738 867 714 943 945 568 295 823 679 
313 256 810 0 112 854 733 296 623 592 74 506 458 50 57 201 261 976 693 770 
232 696 475 112 0 773 479 653 255 806 667 323 113 674 838 302 236 994 521 131 
254 229 517 854 773 0 609 794 742 433 793 174 294 635 234 548 782 140 160 398 
806 656 783 733 479 609 0 76 259 494 219 591 649 900 464 359 726 927 505 273 
576 591 18 296 653 794 76 0 937 664 353 589 311 646 49 625 419 842 311 815 
783 160 255 623 255 742 259 937 0 290 286 733 814 895 382 796 587 338 154 388 
838 233 230 592 806 433 494 664 290 0 774 485 742 473 157 396 156 39 657 981 
300 692 820 74 667 793 219 353 286 774 0 379 980 208 216 305 784 819 382 707 
580 169 738 506 323 174 591 589 733 485 379 0 956 217 887 719 608 135 802 101 
160 78 867 458 113 294 649 311 814 742 980 956 0 702 515 765 400 336 32 185 
883 523 714 50 674 635 900 646 895 473 208 217 702 0 703 614 517 660 735 682 
933 528 943 57 838 234 464 49 382 157 216 887 515 703 0 358 218 244 719 308 
586 494 945 201 302 548 359 625 796 396 305 719 765 614 358 0 265 180 90 607 
574 459 568 261 236 782 726 419 587 156 784 608 400 517 218 265 0 357 615 831 
488 723 295 976 994 140 927 842 338 39 819 135 336 660 244 180 357 0 711 61 
366 617 823 693 521 160 505 311 154 657 382 802 32 735 719 90 615 711 0 920 
753 462 679 770 131 398 273 815 388 981 707 101 185 682 308 607 831 61 920 0 
