30 3
0 958 805 827 126 495 952 785 824 576 975 3 303 670 154 990 101 879 375 872 544 776 603 179 519 797 245 807 44 469 
958 0 75 714 327 810 19 567 456 600 870 691 839 908 314 730 779 332 708 339 810 232 959 860 167 888 273 77 230 519 
805 75 0 104 814 10 32 283 387 20 364 253 521 488 306 723 494 508 881 12 903 42 100 358 1000 502 7 346 763 556 
827 714 104 0 282 700 247 122 132 8 737 858 92 856 982 834 773 258 159 804 701 535 113 63 492 982 71 66 650 862 
126 327 814 282 0 430 96 213 295 710 407 314 235 258 899 342 501 103 541 984 811 816 170 984 507 156 68 653 484 360 
495 810 10 700 430 0 668 553 207 599 328 618 695 96 170 636 635 110 302 828 488 259 557 643 536 681 203 747 552 524 
952 19 32 247 96 668 0 554 898 963 213 473 813 723 57 597 344 475 876 869 269 10 502 656 729 424 387 717 747 762 
785 567 283 122 213 553 554 0 189 792 810 389 622 652 605 400 433 465 919 165 424 132 168 149 782 752 498 760 836 806 
824 456 387 132 295 207 898 189 0 890 30 990 527 187 385 194 698 330 772 796 53 799 842 602 442 634 333 270 757 790 
576 600 20 8 710 599 963 792 890 0 789 654 18 226 5 307 266 106 49 286 678 69 966 159 909 186 233 550 620 654 
975 870 364 737 407 328 213 810 30 789 0 306 941 15 626 375 81 357 872 5 232 668 312 116 918 609 557 598 329 243 
3 691 253 858 314 618 473 389 990 654 306 0 281 42 93 842 428 693 866 667 408 229 785 224 436 299 401 474 517 992 
303 839 521 92 235 695 813 622 527 18 941 281 0 680 930 651 594 481 277 290 774 674 895 491 193 174 616 408 137 13 
670 908 488 856 258 96 723 652 187 226 15 42 680 0 30 633 995 919 364 650 60 753 509 794 234 956 86 442 987 293 
154 314 306 982 899 170 57 605 385 5 626 93 930 30 0 814 36 272 566 621 718 678 60 884 482 871 193 634 169 430 
990 730 723 834 342 636 597 400 194 307 375 842 651 633 814 0 211 858 907 446 472 956 408 366 498 618 412 235 612 11 
101 779 494 773 501 635 344 433 698 266 81 428 594 995 36 211 0 133 664 628 676 571 321 686 442 133 577 849 753 633 
879 332 508 258 103 110 475 465 330 106 357 693 481 919 272 858 133 0 458 890 882 777 35 358 520 562 82 454 261 449 
375 708 881 159 541 302 876 919 772 49 872 866 277 364 566 907 664 458 0 832 730 915 166 508 102 251 930 894 40 417 
872 339 12 804 984 828 869 165 796 286 5 667 290 650 621 446 628 890 832 0 718 804 429 855 701 924 756 865 668 799 
544 810 903 701 811 488 269 424 53 678 232 408 774 60 718 472 676 882 730 718 0 701 734 406 51 242 223 146 11 803 
776 232 42 535 816 259 10 132 799 69 668 229 674 753 678 956 571 777 915 804 701 0 166 438 239 651 701 130 497 990 
603 959 100 113 170 557 502 168 842 966 312 785 895 509 60 408 321 35 166 429 734 166 0 899 690 663 214 150 164 432 
179 860 358 63 984 643 656 149 602 159 116 224 491 794 884 366 686 358 508 855 406 438 899 0 328 781 440 176 134 275 
519 167 1000 492 507 536 729 782 442 909 918 436 193 234 482 498 442 520 102 701 51 239 690 328 0 338 135 494 40 836 
797 888 502 982 156 681 424 752 634 186 609 299 174 956 871 618 133 562 251 924 242 651 663 781 338 0 232 87 677 837 
245 273 7 71 68 203 387 498 333 233 557 401 616 86 193 412 577 82 930 756 223 701 214 440 135 232 0 668 625 200 
807 77 346 66 653 747 717 760 270 550 598 474 408 442 634 235 849 454 894 865 146 130 150 176 494 87 668 0 594 126 
44 230 763 650 484 552 747 836 757 620 329 517 137 987 169 612 753 261 40 668 11 497 164 134 40 677 625 594 0 838 
469 519 556 862 360 524 762 806 790 654 243 992 13 293 430 11 633 449 417 799 803 990 432 275 836 837 200 126 838 0 
0 827 466 395 710 397 899 874 441 583 522 817 12 216 482 889 743 309 201 40 742 327 289 865 672 733 483 878 886 876 
827 0 44 596 288 545 727 573 325 548 925 708 521 903 155 360 986 786 407 586 175 532 366 81 995 692 896 72 663 320 
466 44 0 251 12 666 881 423 578 556 118 52 719 102 283 316 31 668 6 137 973 4 283 900 276 730 104 138 13 874 
395 596 251 0 707 437 137 715 512 388 167 810 33 673 702 631 262 627 910 346 730 699 340 724 932 288 745 147 539 892 
710 288 12 707 0 556 505 210 142 181 183 378 461 667 518 307 955 276 73 714 84 788 725 757 207 455 322 72 235 866 
397 545 666 437 556 0 268 130 521 217 825 917 943 92 553 498 683 336 59 589 595 289 489 978 276 890 84 75 73 633 
899 727 881 137 505 268 0 814 426 5 479 923 374 183 950 951 810 426 450 374 522 678 323 921 652 560 459 73 913 764 
874 573 423 715 210 130 814 0 370 526 268 634 554 485 585 854 548 263 587 684 153 614 264 11 710 11 308 112 728 310 
441 325 578 512 142 521 426 370 0 750 215 494 920 583 248 546 312 595 534 312 519 333 826 140 929 564 607 980 595 987 
583 548 556 388 181 217 5 526 750 0 409 826 955 465 769 96 178 492 292 666 806 721 138 19 187 59 951 948 522 219 
522 925 118 167 183 825 479 268 215 409 0 469 344 345 926 791 195 448 521 224 794 881 559 726 84 612 255 330 577 27 
817 708 52 810 378 917 923 634 494 826 469 0 65 375 480 153 187 613 794 721 123 549 760 215 899 306 397 222 835 730 
12 521 719 33 461 943 374 554 920 955 344 65 0 943 449 77 84 228 416 380 974 934 249 589 978 968 191 477 337 506 
216 903 102 673 667 92 183 485 583 465 345 375 943 0 867 991 277 97 766 55 806 544 664 327 157 189 214 132 859 458 
482 155 283 702 518 553 950 585 248 769 926 480 449 867 0 203 319 921 809 355 509 886 35 899 827 413 215 883 853 202 
889 360 316 631 307 498 951 854 546 96 791 153 77 991 203 0 151 450 461 655 150 472 526 974 389 182 127 44 582 36 
743 986 31 262 955 683 810 548 312 178 195 187 84 277 319 151 0 79 868 305 97 967 297 775 768 336 289 945 327 427 
309 786 668 627 276 336 426 263 595 492 448 613 228 97 921 450 79 0 155 513 171 507 433 307 500 658 775 502 764 928 
201 407 6 910 73 59 450 587 534 292 521 794 416 766 809 461 868 155 0 77 750 619 981 404 820 984 175 467 777 334 
40 586 137 346 714 589 374 684 312 666 224 721 380 55 355 655 305 513 77 0 456 237 728 896 368 445 560 742 54 133 
742 175 973 730 84 595 522 153 519 806 794 123 974 806 509 150 97 171 750 456 0 347 624 339 584 378 598 716 617 638 
327 532 4 699 788 289 678 614 333 721 881 549 934 544 886 472 967 507 619 237 347 0 559 533 656 410 771 208 80 992 
289 366 283 340 725 489 323 264 826 138 559 760 249 664 35 526 297 433 981 728 624 559 0 123 805 924 857 28 952 249 
865 81 900 724 757 978 921 11 140 19 726 215 589 327 899 974 775 307 404 896 339 533 123 0 695 437 918 697 61 890 
672 995 276 932 207 276 652 710 929 187 84 899 978 157 827 389 768 500 820 368 584 656 805 695 0 189 2 91 910 370 
733 692 730 288 455 890 560 11 564 59 612 306 968 189 413 182 336 658 984 445 378 410 924 437 189 0 926 499 491 970 
483 896 104 745 322 84 459 308 607 951 255 397 191 214 215 127 289 775 175 560 598 771 857 918 2 926 0 837 158 823 
878 72 138 147 72 75 73 112 980 948 330 222 477 132 883 44 945 502 467 742 716 208 28 697 91 499 837 0 484 724 
886 663 13 539 235 73 913 728 595 522 577 835 337 859 853 582 327 764 777 54 617 80 952 61 910 491 158 484 0 18 
876 320 874 892 866 633 764 310 987 219 27 730 506 458 202 36 427 928 334 133 638 992 249 890 370 970 823 724 18 0 
0 732 484 222 730 343 915 878 869 380 670 194 51 562 835 891 568 771 482 13 81 713 377 970 718 516 726 553 818 274 
732 0 468 176 325 440 351 427 812 119 966 831 670 143 148 630 661 664 217 752 258 993 449 504 754 659 480 436 70 535 
484 468 0 278 152 937 464 785 895 561 122 262 705 728 24 452 199 849 262 163 817 168 579 743 149 995 358 37 372 777 
222 176 278 0 666 320 158 434 454 898 510 464 933 845 879 355 398 791 716 617 707 691 267 512 860 291 506 736 663 891 
730 325 152 666 0 341 687 728 365 214 591 372 350 490 275 255 738 615 295 412 578 821 694 806 531 379 695 146 950 742 
343 440 937 320 341 0 380 123 855 113 965 426 838 516 634 344 788 196 293 810 493 381 560 527 662 265 595 141 78 510 
915 351 464 158 687 380 0 301 151 376 433 430 900 619 982 856 580 209 370 319 365 366 238 530 378 389 282 756 425 899 
878 427 785 434 728 123 301 0 891 20 695 893 647 893 606 973 912 511 655 627 65 393 358 669 767 311 803 373 221 349 
869 812 895 454 365 855 151 891 0 631 11 488 768 127 567 880 875 637 304 648 520 808 627 355 943 676 881 520 640 957 
380 119 561 898 214 113 376 20 631 0 400 785 256 74 711 169 136 879 203 219 503 957 446 98 437 165 596 680 703 115 
670 966 122 510 591 965 433 695 11 400 0 248 248 161 999 257 297 32 234 131 738 704 286 213 340 592 777 320 293 212 
194 831 262 464 372 426 430 893 488 785 248 0 724 987 267 460 609 629 35 153 519 392 876 197 971 403 207 215 74 917 
51 670 705 933 350 838 900 647 768 256 248 724 0 692 806 327 1 705 470 446 549 582 332 691 572 658 497 191 211 694 
562 143 728 845 490 516 619 893 127 74 161 987 692 0 903 745 984 467 578 688 296 469 761 664 176 236 659 419 493 895 
835 148 24 879 275 634 982 606 567 711 999 267 806 903 0 428 341 679 409 602 565 911 664 775 468 384 295 798 828 601 
891 630 452 355 255 344 856 973 880 169 257 460 327 745 428 0 237 224 297 679 908 413 302 816 806 443 407 52 152 714 
568 661 199 398 738 788 580 912 875 136 297 609 1 984 341 237 0 322 629 613 186 461 948 161 873 588 196 635 601 80 
771 664 849 791 615 196 209 511 637 879 32 629 705 467 679 224 322 0 269 560 436 208 724 182 783 633 935 688 716 527 
482 217 262 716 295 293 370 655 304 203 234 35 470 578 409 297 629 269 0 780 848 524 965 222 740 741 198 147 640 273 
13 752 163 617 412 810 319 627 648 219 131 153 446 688 602 679 613 560 780 0 374 462 831 953 667 157 351 554 302 83 
81 258 817 707 578 493 365 65 520 503 738 519 549 296 565 908 186 436 848 374 0 545 452 408 554 765 918 651 461 6 
713 993 168 691 821 381 366 393 808 957 704 392 582 469 911 413 461 208 524 462 545 0 758 727 482 99 902 559 369 32 
377 449 579 267 694 560 238 358 627 446 286 876 332 761 664 302 948 724 965 831 452 758 0 213 200 890 644 364 609 70 
970 504 743 512 806 527 530 669 355 98 213 197 691 664 775 816 161 182 222 953 408 727 213 0 342 550 825 635 230 404 
718 754 149 860 531 662 378 767 943 437 340 971 572 176 468 806 873 783 740 667 554 482 200 342 0 83 24 410 893 731 
516 659 995 291 379 265 389 311 676 165 592 403 658 236 384 443 588 633 741 157 765 99 890 550 83 0 526 162 490 986 
726 480 358 506 695 595 282 803 881 596 777 207 497 659 295 407 196 935 198 351 918 902 644 825 24 526 0 962 38 363 
553 436 37 736 146 141 756 373 520 680 320 215 191 419 798 52 635 688 147 554 651 559 364 635 410 162 962 0 376 108 
818 70 372 663 950 78 425 221 640 703 293 74 211 493 828 152 601 716 640 302 461 369 609 230 893 490 38 376 0 356 
274 535 777 891 742 510 899 349 957 115 212 917 694 895 601 714 80 527 273 83 6 32 70 404 731 986 363 108 356 0 
0 413 199 751 695 861 574 271 905 957 522 582 86 436 767 790 522 218 82 186 846 174 265 536 956 544 744 975 749 344 
413 0 360 854 304 640 269 444 200 169 796 486 984 565 523 288 643 503 255 827 180 781 689 452 495 889 916 613 258 252 
199 360 0 157 67 596 916 259 662 526 66 19 931 352 222 367 74 715 425 362 836 224 131 992 14 732 369 333 273 420 
751 854 157 0 806 784 657 796 767 77 400 556 462 514 991 529 206 616 506 393 760 967 313 406 858 434 223 1000 728 733 
695 304 67 806 0 622 482 112 463 207 92 99 421 280 289 17 657 268 16 564 541 374 660 518 401 277 531 73 257 849 
861 640 596 784 622 0 36 187 470 258 467 841 704 310 275 514 196 118 729 788 523 653 262 588 15 365 413 318 170 76 
574 269 916 657 482 36 0 867 722 418 49 934 382 61 981 659 952 186 582 585 732 243 330 938 391 759 925 213 743 512 
271 444 259 796 112 187 867 0 510 367 853 543 952 828 197 813 658 278 640 930 382 753 910 550 529 211 363 228 417 496 
905 200 662 767 463 470 722 510 0 497 357 171 777 696 64 329 34 496 375 501 380 36 965 672 868 496 267 245 255 630 
957 169 526 77 207 258 418 367 497 0 180 702 886 600 912 513 11 647 69 446 392 293 173 77 105 22 923 905 135 29 
522 796 66 400 92 467 49 853 357 180 0 390 339 42 941 994 867 683 767 153 853 574 286 960 13 435 230 299 450 123 
582 486 19 556 99 841 934 543 171 702 390 0 320 825 556 68 442 732 327 672 300 999 529 70 184 693 745 809 484 782 
86 984 931 462 421 704 382 952 777 886 339 320 0 955 461 641 813 533 805 583 887 914 811 869 393 732 136 979 187 166 
436 565 352 514 280 310 61 828 696 600 42 825 955 0 943 462 62 142 758 437 430 384 870 437 191 229 313 725 752 389 
767 523 222 991 289 275 981 197 64 912 941 556 461 943 0 682 818 434 565 603 739 392 106 917 352 321 358 714 586 104 
790 288 367 529 17 514 659 813 329 513 994 68 641 462 682 0 322 240 687 682 43 4 824 866 249 376 883 218 671 641 
522 643 74 206 657 196 952 658 34 11 867 442 813 62 818 322 0 560 529 302 289 973 228 748 976 367 274 410 556 635 
218 503 715 616 268 118 186 278 496 647 683 732 533 142 434 240 560 0 77 285 5 409 707 531 216 294 585 116 332 665 
82 255 425 506 16 729 582 640 375 69 767 327 805 758 565 687 529 77 0 92 533 561 464 530 839 515 166 297 608 352 
186 827 362 393 564 788 585 930 501 446 153 672 583 437 603 682 302 285 92 0 827 929 644 709 654 648 354 580 30 280 
846 180 836 760 541 523 732 382 380 392 853 300 887 430 739 43 289 5 533 827 0 369 201 591 355 253 269 278 202 466 
174 781 224 967 374 653 243 753 36 293 574 999 914 384 392 4 973 409 561 929 369 0 479 360 352 213 241 284 439 856 
265 689 131 313 660 262 330 910 965 173 286 529 811 870 106 824 228 707 464 644 201 479 0 258 596 511 755 95 678 572 
536 452 992 406 518 588 938 550 672 77 960 70 869 437 917 866 748 531 530 709 591 360 258 0 933 326 777 180 378 652 
956 495 14 858 401 15 391 529 868 105 13 184 393 191 352 249 976 216 839 654 355 352 596 933 0 702 372 65 733 134 
544 889 732 434 277 365 759 211 496 22 435 693 732 229 321 376 367 294 515 648 253 213 511 326 702 0 813 504 180 841 
744 916 369 223 531 413 925 363 267 923 230 745 136 313 358 883 274 585 166 354 269 241 755 777 372 813 0 677 149 685 
975 613 333 1000 73 318 213 228 245 905 299 809 979 725 714 218 410 116 297 580 278 284 95 180 65 504 677 0 720 958 
749 258 273 728 257 170 743 417 255 135 450 484 187 752 586 671 556 332 608 30 202 439 678 378 733 180 149 720 0 496 
344 252 420 733 849 76 512 496 630 29 123 782 166 389 104 641 635 665 352 280 466 856 572 652 134 841 685 958 496 0 
