50 4
0 804 871 10 989 964 407 983 342 597 424 458 53 774 855 609 77 497 529 285 294 698 64 864 330 295 925 906 191 676 550 947 700 889 893 129 55 740 920 695 27 66 170 839 289 467 890 938 557 331 
804 0 963 700 229 884 328 999 969 400 898 74 678 603 406 299 346 164 368 341 670 736 985 165 165 642 97 292 470 301 299 806 556 955 919 138 646 633 749 428 234 8 445 514 286 320 724 879 437 677 
871 963 0 430 124 536 213 843 282 194 251 996 232 959 438 174 66 134 900 131 752 298 136 827 661 279 368 760 466 47 518 182 792 790 937 191 635 632 628 288 30 234 892 760 637 478 832 497 161 714 
10 700 430 0 835 23 810 624 25 307 879 947 408 100 899 956 653 40 856 85 73 989 811 333 155 594 263 958 457 531 531 529 751 889 914 639 113 227 784 519 41 851 200 590 537 74 537 41 274 447 
989 229 124 835 0 620 30 117 941 375 332 251 774 113 269 871 747 677 811 341 684 504 687 132 164 550 177 426 484 982 187 839 297 841 503 525 159 413 969 325 776 440 501 388 470 784 596 712 6 434 
964 884 536 23 620 0 789 303 188 842 508 3 60 170 680 618 717 625 659 608 391 522 305 579 454 818 199 504 297 749 367 179 485 439 737 161 588 536 51 789 771 396 59 390 223 414 183 364 501 111 
407 328 213 810 30 789 0 839 111 651 258 144 718 557 613 133 760 594 39 327 333 515 675 732 622 247 981 560 434 421 629 648 681 395 763 829 895 502 273 672 51 755 821 722 924 556 182 710 554 322 
983 999 843 624 117 303 839 0 926 633 103 763 472 502 192 562 270 270 478 919 765 724 649 315 20 923 947 297 199 145 814 557 91 534 416 295 27 682 925 304 769 637 659 152 946 841 664 529 874 679 
342 969 282 25 941 188 111 926 0 814 110 97 676 168 237 251 550 469 380 164 312 100 582 497 210 150 343 13 447 684 692 232 726 834 219 446 854 347 700 61 323 522 342 2 556 341 255 454 586 630 
597 400 194 307 375 842 651 633 814 0 475 751 882 842 489 924 598 519 626 230 295 855 857 413 7 138 530 141 44 387 660 680 602 648 400 923 313 958 871 12 899 512 262 607 123 432 808 385 429 179 
424 898 251 879 332 508 258 103 110 475 0 955 730 966 519 242 474 556 589 925 715 487 711 249 602 887 475 871 477 367 723 498 323 222 294 421 734 360 458 124 746 657 780 602 231 437 165 536 108 337 
458 74 996 947 251 3 144 763 97 751 955 0 718 312 167 651 408 862 122 650 2 572 945 216 924 314 189 284 691 575 240 100 172 817 298 534 324 591 697 152 408 921 179 783 788 622 11 370 422 94 
53 678 232 408 774 60 718 472 676 882 730 718 0 785 1000 663 442 360 152 389 656 435 437 780 31 210 415 616 393 760 279 70 835 34 512 461 700 540 377 50 674 126 545 912 679 498 479 42 927 526 
774 603 959 100 113 170 557 502 168 842 966 312 785 0 492 781 634 524 360 986 493 626 443 400 771 162 94 253 468 41 837 717 915 664 924 310 792 700 669 374 791 242 176 526 999 893 465 310 710 300 
855 406 438 899 269 680 613 192 237 489 519 167 1000 492 0 338 235 762 953 226 160 534 132 949 4 29 694 720 340 581 43 793 979 944 497 131 355 136 31 67 432 792 312 132 682 190 923 431 656 728 
609 299 174 956 871 618 133 562 251 924 242 651 663 781 338 0 849 806 431 470 940 834 867 8 517 155 470 332 278 290 612 990 208 751 935 577 979 592 370 909 292 774 376 645 351 758 755 871 5 275 
77 346 66 653 747 717 760 270 550 598 474 408 442 634 235 849 0 790 787 125 874 466 48 544 752 979 261 604 360 122 847 316 51 549 465 73 383 883 248 707 921 214 996 974 860 758 340 634 470 853 
497 164 134 40 677 625 594 270 469 519 556 862 360 524 762 806 790 0 195 42 446 117 543 638 290 585 543 972 425 267 292 274 683 596 719 12 125 59 770 356 29 793 424 409 205 647 896 928 67 899 
529 368 900 856 811 659 39 478 380 626 589 122 152 360 953 431 787 195 0 51 443 961 886 696 980 147 188 272 675 398 371 407 161 369 968 994 812 782 540 45 317 181 574 541 946 787 797 254 756 95 
285 341 131 85 341 608 327 919 164 230 925 650 389 986 226 470 125 42 51 0 315 200 874 380 536 244 795 547 510 789 974 795 146 231 21 358 95 769 630 580 342 388 579 642 212 659 30 661 124 915 
294 670 752 73 684 391 333 765 312 295 715 2 656 493 160 940 874 446 443 315 0 711 254 536 185 58 321 353 105 962 611 911 351 924 360 153 162 507 21 493 499 40 60 940 78 9 940 144 364 452 
698 736 298 989 504 522 515 724 100 855 487 572 435 626 534 834 466 117 961 200 711 0 499 130 829 285 306 472 197 496 635 20 358 176 604 212 639 910 96 873 754 964 691 63 917 124 239 919 840 719 
64 985 136 811 687 305 675 649 582 857 711 945 437 443 132 867 48 543 886 874 254 499 0 410 736 896 165 774 751 941 263 452 825 154 327 543 434 900 96 666 922 127 249 459 906 628 585 104 668 438 
864 165 827 333 132 579 732 315 497 413 249 216 780 400 949 8 544 638 696 380 536 130 410 0 78 515 602 853 267 617 657 947 849 579 730 641 147 610 780 409 428 587 121 79 397 863 221 273 352 753 
330 165 661 155 164 454 622 20 210 7 602 924 31 771 4 517 752 290 980 536 185 829 736 78 0 279 52 585 129 223 749 503 582 854 441 559 615 357 456 138 934 689 566 197 821 734 660 697 746 203 
295 642 279 594 550 818 247 923 150 138 887 314 210 162 29 155 979 585 147 244 58 285 896 515 279 0 70 455 846 321 208 219 383 751 770 649 892 981 409 806 721 558 146 101 343 581 495 847 9 980 
925 97 368 263 177 199 981 947 343 530 475 189 415 94 694 470 261 543 188 795 321 306 165 602 52 70 0 521 108 443 252 158 420 251 80 3 544 398 367 904 228 345 386 919 259 485 377 158 571 574 
906 292 760 958 426 504 560 297 13 141 871 284 616 253 720 332 604 972 272 547 353 472 774 853 585 455 521 0 219 157 824 731 70 401 904 796 510 492 597 961 606 647 162 133 244 615 825 322 930 161 
191 470 466 457 484 297 434 199 447 44 477 691 393 468 340 278 360 425 675 510 105 197 751 267 129 846 108 219 0 253 825 807 713 278 173 560 131 552 323 737 609 90 778 161 917 139 332 504 659 727 
676 301 47 531 982 749 421 145 684 387 367 575 760 41 581 290 122 267 398 789 962 496 941 617 223 321 443 157 253 0 749 79 655 387 410 188 656 432 981 726 115 838 227 552 653 808 439 510 147 512 
550 299 518 531 187 367 629 814 692 660 723 240 279 837 43 612 847 292 371 974 611 635 263 657 749 208 252 824 825 749 0 850 891 194 375 932 825 944 115 807 117 167 8 492 861 595 820 680 437 351 
947 806 182 529 839 179 648 557 232 680 498 100 70 717 793 990 316 274 407 795 911 20 452 947 503 219 158 731 807 79 850 0 464 157 794 265 901 624 266 194 992 975 352 113 99 168 444 39 427 258 
700 556 792 751 297 485 681 91 726 602 323 172 835 915 979 208 51 683 161 146 351 358 825 849 582 383 420 70 713 655 891 464 0 445 316 385 215 890 767 468 464 40 92 724 545 634 670 859 431 923 
889 955 790 889 841 439 395 534 834 648 222 817 34 664 944 751 549 596 369 231 924 176 154 579 854 751 251 401 278 387 194 157 445 0 164 158 573 847 959 765 625 923 630 832 920 376 876 703 814 231 
893 919 937 914 503 737 763 416 219 400 294 298 512 924 497 935 465 719 968 21 360 604 327 730 441 770 80 904 173 410 375 794 316 164 0 275 983 357 445 217 488 798 989 454 440 412 465 74 990 896 
129 138 191 639 525 161 829 295 446 923 421 534 461 310 131 577 73 12 994 358 153 212 543 641 559 649 3 796 560 188 932 265 385 158 275 0 872 811 842 27 586 467 414 547 848 469 648 365 823 269 
55 646 635 113 159 588 895 27 854 313 734 324 700 792 355 979 383 125 812 95 162 639 434 147 615 892 544 510 131 656 825 901 215 573 983 872 0 979 928 216 170 449 500 741 407 808 114 801 964 240 
740 633 632 227 413 536 502 682 347 958 360 591 540 700 136 592 883 59 782 769 507 910 900 610 357 981 398 492 552 432 944 624 890 847 357 811 979 0 853 230 880 385 102 389 640 973 935 92 581 881 
920 749 628 784 969 51 273 925 700 871 458 697 377 669 31 370 248 770 540 630 21 96 96 780 456 409 367 597 323 981 115 266 767 959 445 842 928 853 0 78 947 428 955 88 417 555 328 733 815 883 
695 428 288 519 325 789 672 304 61 12 124 152 50 374 67 909 707 356 45 580 493 873 666 409 138 806 904 961 737 726 807 194 468 765 217 27 216 230 78 0 272 903 411 471 666 864 857 519 272 117 
27 234 30 41 776 771 51 769 323 899 746 408 674 791 432 292 921 29 317 342 499 754 922 428 934 721 228 606 609 115 117 992 464 625 488 586 170 880 947 272 0 185 295 365 815 232 582 301 992 480 
66 8 234 851 440 396 755 637 522 512 657 921 126 242 792 774 214 793 181 388 40 964 127 587 689 558 345 647 90 838 167 975 40 923 798 467 449 385 428 903 185 0 446 556 937 483 661 586 316 702 
170 445 892 200 501 59 821 659 342 262 780 179 545 176 312 376 996 424 574 579 60 691 249 121 566 146 386 162 778 227 8 352 92 630 989 414 500 102 955 411 295 446 0 540 576 516 674 488 651 916 
839 514 760 590 388 390 722 152 2 607 602 783 912 526 132 645 974 409 541 642 940 63 459 79 197 101 919 133 161 552 492 113 724 832 454 547 741 389 88 471 365 556 540 0 587 117 462 322 763 147 
289 286 637 537 470 223 924 946 556 123 231 788 679 999 682 351 860 205 946 212 78 917 906 397 821 343 259 244 917 653 861 99 545 920 440 848 407 640 417 666 815 937 576 587 0 434 309 45 766 576 
467 320 478 74 784 414 556 841 341 432 437 622 498 893 190 758 758 647 787 659 9 124 628 863 734 581 485 615 139 808 595 168 634 376 412 469 808 973 555 864 232 483 516 117 434 0 833 503 563 464 
890 724 832 537 596 183 182 664 255 808 165 11 479 465 923 755 340 896 797 30 940 239 585 221 660 495 377 825 332 439 820 444 670 876 465 648 114 935 328 857 582 661 674 462 309 833 0 872 691 100 
938 879 497 41 712 364 710 529 454 385 536 370 42 310 431 871 634 928 254 661 144 919 104 273 697 847 158 322 504 510 680 39 859 703 74 365 801 92 733 519 301 586 488 322 45 503 872 0 579 225 
557 437 161 274 6 501 554 874 586 429 108 422 927 710 656 5 470 67 756 124 364 840 668 352 746 9 571 930 659 147 437 427 431 814 990 823 964 581 815 272 992 316 651 763 766 563 691 579 0 45 
331 677 714 447 434 111 322 679 630 179 337 94 526 300 728 275 853 899 95 915 452 719 438 753 203 980 574 161 727 512 351 258 923 231 896 269 240 881 883 117 480 702 916 147 576 464 100 225 45 0 
0 728 382 333 5 800 669 289 733 39 37 850 957 792 461 796 626 883 710 805 795 817 613 144 168 118 945 686 132 85 416 542 99 521 324 201 378 227 809 225 787 595 468 727 853 473 905 790 485 842 
728 0 811 519 52 205 579 645 292 443 227 817 23 981 170 181 800 714 61 531 79 94 786 702 911 569 411 435 628 387 344 570 217 388 973 690 782 419 148 452 295 199 584 947 935 18 591 449 692 519 
382 811 0 996 434 169 656 661 587 500 491 836 574 429 115 995 881 892 893 569 560 21 351 369 340 504 225 940 274 231 609 994 33 762 234 284 176 179 880 913 767 141 896 890 531 563 620 773 306 25 
333 519 996 0 31 435 294 569 791 224 475 260 650 10 291 732 240 715 624 55 588 688 976 926 523 947 133 566 487 760 904 407 690 579 360 533 553 589 587 519 715 393 523 531 841 422 357 482 784 995 
5 52 434 31 0 47 52 255 979 940 128 296 166 308 405 604 822 136 445 41 700 750 706 133 879 549 112 389 925 842 199 126 170 106 374 890 666 864 931 770 26 696 94 770 171 221 260 849 164 821 
800 205 169 435 47 0 409 916 867 74 406 578 105 772 507 126 307 148 491 276 330 22 86 238 788 148 652 606 637 152 985 904 3 742 999 668 560 214 44 103 874 696 70 182 201 523 799 150 745 136 
669 579 656 294 52 409 0 951 529 981 44 905 21 758 222 615 68 623 158 204 602 899 831 911 363 340 77 805 449 415 742 88 288 520 124 340 712 663 24 308 163 134 465 732 270 780 927 456 110 514 
289 645 661 569 255 916 951 0 168 907 133 522 360 479 56 695 971 986 998 29 747 193 908 943 969 340 764 471 66 571 830 807 23 861 842 822 118 778 131 362 596 268 293 937 318 443 906 651 607 349 
733 292 587 791 979 867 529 168 0 491 756 232 636 978 100 389 894 651 733 849 673 377 935 690 45 925 827 617 510 603 838 864 492 779 460 970 83 648 410 573 27 846 273 555 348 313 406 537 138 867 
39 443 500 224 940 74 981 907 491 0 714 384 967 448 754 311 659 208 896 290 210 736 956 278 639 1000 360 187 542 509 125 571 665 929 298 755 594 205 719 105 260 601 736 95 606 184 699 766 509 27 
37 227 491 475 128 406 44 133 756 714 0 443 933 17 611 564 437 28 209 42 227 792 998 827 799 904 137 874 643 586 77 142 914 577 147 70 940 478 905 369 927 602 463 310 651 405 425 80 945 871 
850 817 836 260 296 578 905 522 232 384 443 0 865 191 14 59 127 799 661 718 705 405 718 378 787 798 217 241 296 458 681 611 361 411 752 3 354 91 376 120 30 189 612 601 750 904 105 888 654 575 
957 23 574 650 166 105 21 360 636 967 933 865 0 162 227 22 962 916 535 16 773 444 474 596 91 281 276 825 76 532 667 538 777 285 172 628 58 530 233 383 806 665 600 767 442 106 455 824 86 323 
792 981 429 10 308 772 758 479 978 448 17 191 162 0 251 435 575 871 336 131 517 207 367 283 742 721 459 102 840 837 961 603 518 701 152 40 52 84 787 7 853 37 52 18 719 382 858 803 952 96 
461 170 115 291 405 507 222 56 100 754 611 14 227 251 0 963 679 627 503 517 614 462 606 188 266 16 986 900 172 535 808 716 312 520 508 174 859 869 768 742 525 335 663 372 420 465 939 743 624 34 
796 181 995 732 604 126 615 695 389 311 564 59 22 435 963 0 996 524 592 980 302 107 986 780 692 246 241 932 501 336 702 557 761 339 62 731 729 86 108 886 683 962 158 723 787 626 780 903 924 279 
626 800 881 240 822 307 68 971 894 659 437 127 962 575 679 996 0 896 444 332 117 618 137 299 679 221 928 705 517 360 651 305 470 158 982 130 243 456 800 792 307 818 302 203 807 311 102 624 560 879 
883 714 892 715 136 148 623 986 651 208 28 799 916 871 627 524 896 0 998 872 610 492 950 615 48 419 44 75 790 60 689 30 652 940 798 491 448 271 725 35 164 347 33 191 209 784 108 202 765 739 
710 61 893 624 445 491 158 998 733 896 209 661 535 336 503 592 444 998 0 826 61 477 542 97 374 128 161 114 634 388 217 903 538 558 267 3 248 468 326 826 907 820 987 344 571 395 675 850 794 265 
805 531 569 55 41 276 204 29 849 290 42 718 16 131 517 980 332 872 826 0 779 744 424 696 58 333 772 547 575 387 580 230 76 690 705 92 845 135 641 49 753 172 121 753 824 56 626 459 134 826 
795 79 560 588 700 330 602 747 673 210 227 705 773 517 614 302 117 610 61 779 0 678 497 352 978 71 30 480 533 115 82 459 564 756 101 586 334 344 441 245 901 177 133 22 257 390 572 435 456 565 
817 94 21 688 750 22 899 193 377 736 792 405 444 207 462 107 618 492 477 744 678 0 271 738 595 871 521 647 27 428 122 673 631 503 240 177 292 618 66 906 70 788 433 25 156 280 50 868 671 803 
613 786 351 976 706 86 831 908 935 956 998 718 474 367 606 986 137 950 542 424 497 271 0 476 794 324 404 412 123 813 813 663 443 570 90 656 269 945 430 554 885 225 836 297 791 374 111 189 772 78 
144 702 369 926 133 238 911 943 690 278 827 378 596 283 188 780 299 615 97 696 352 738 476 0 370 168 12 574 396 902 840 368 204 749 474 623 512 378 26 294 185 621 271 411 378 438 644 63 262 905 
168 911 340 523 879 788 363 969 45 639 799 787 91 742 266 692 679 48 374 58 978 595 794 370 0 880 351 659 405 700 351 914 353 93 765 255 595 7 443 37 644 19 513 608 140 436 655 874 683 391 
118 569 504 947 549 148 340 340 925 1000 904 798 281 721 16 246 221 419 128 333 71 871 324 168 880 0 735 784 944 898 599 324 494 281 501 546 979 765 599 465 607 294 264 473 973 31 792 642 313 10 
945 411 225 133 112 652 77 764 827 360 137 217 276 459 986 241 928 44 161 772 30 521 404 12 351 735 0 479 189 556 959 252 593 308 382 385 562 675 213 78 888 824 31 678 853 844 451 276 851 131 
686 435 940 566 389 606 805 471 617 187 874 241 825 102 900 932 705 75 114 547 480 647 412 574 659 784 479 0 422 257 871 741 534 802 50 323 247 436 799 572 186 226 396 584 360 117 274 906 17 44 
132 628 274 487 925 637 449 66 510 542 643 296 76 840 172 501 517 790 634 575 533 27 123 396 405 944 189 422 0 535 560 760 611 934 136 708 807 57 73 106 694 399 24 164 101 920 627 153 555 130 
85 387 231 760 842 152 415 571 603 509 586 458 532 837 535 336 360 60 388 387 115 428 813 902 700 898 556 257 535 0 440 4 800 966 321 792 257 204 803 946 532 403 851 562 387 675 155 734 251 47 
416 344 609 904 199 985 742 830 838 125 77 681 667 961 808 702 651 689 217 580 82 122 813 840 351 599 959 871 560 440 0 516 948 717 578 337 53 225 289 935 61 189 490 35 294 899 794 109 2 325 
542 570 994 407 126 904 88 807 864 571 142 611 538 603 716 557 305 30 903 230 459 673 663 368 914 324 252 741 760 4 516 0 854 784 907 659 39 144 71 348 838 573 290 444 446 347 676 776 237 985 
99 217 33 690 170 3 288 23 492 665 914 361 777 518 312 761 470 652 538 76 564 631 443 204 353 494 593 534 611 800 948 854 0 710 785 911 799 925 488 450 644 605 953 758 960 795 382 634 866 597 
521 388 762 579 106 742 520 861 779 929 577 411 285 701 520 339 158 940 558 690 756 503 570 749 93 281 308 802 934 966 717 784 710 0 37 99 478 885 788 375 80 928 894 532 738 219 516 174 278 432 
324 973 234 360 374 999 124 842 460 298 147 752 172 152 508 62 982 798 267 705 101 240 90 474 765 501 382 50 136 321 578 907 785 37 0 196 780 484 230 867 285 634 236 874 728 357 91 226 627 19 
201 690 284 533 890 668 340 822 970 755 70 3 628 40 174 731 130 491 3 92 586 177 656 623 255 546 385 323 708 792 337 659 911 99 196 0 672 552 103 59 458 140 491 161 216 132 776 115 156 501 
378 782 176 553 666 560 712 118 83 594 940 354 58 52 859 729 243 448 248 845 334 292 269 512 595 979 562 247 807 257 53 39 799 478 780 672 0 95 674 704 16 185 777 284 606 972 969 445 866 917 
227 419 179 589 864 214 663 778 648 205 478 91 530 84 869 86 456 271 468 135 344 618 945 378 7 765 675 436 57 204 225 144 925 885 484 552 95 0 592 221 72 637 948 759 605 52 69 786 947 729 
809 148 880 587 931 44 24 131 410 719 905 376 233 787 768 108 800 725 326 641 441 66 430 26 443 599 213 799 73 803 289 71 488 788 230 103 674 592 0 358 951 599 66 753 65 496 2 826 340 353 
225 452 913 519 770 103 308 362 573 105 369 120 383 7 742 886 792 35 826 49 245 906 554 294 37 465 78 572 106 946 935 348 450 375 867 59 704 221 358 0 65 226 926 321 766 307 912 301 678 44 
787 295 767 715 26 874 163 596 27 260 927 30 806 853 525 683 307 164 907 753 901 70 885 185 644 607 888 186 694 532 61 838 644 80 285 458 16 72 951 65 0 667 255 203 491 707 940 717 709 112 
595 199 141 393 696 696 134 268 846 601 602 189 665 37 335 962 818 347 820 172 177 788 225 621 19 294 824 226 399 403 189 573 605 928 634 140 185 637 599 226 667 0 80 611 13 888 390 308 628 842 
468 584 896 523 94 70 465 293 273 736 463 612 600 52 663 158 302 33 987 121 133 433 836 271 513 264 31 396 24 851 490 290 953 894 236 491 777 948 66 926 255 80 0 551 646 371 281 920 724 49 
727 947 890 531 770 182 732 937 555 95 310 601 767 18 372 723 203 191 344 753 22 25 297 411 608 473 678 584 164 562 35 444 758 532 874 161 284 759 753 321 203 611 551 0 342 884 418 755 496 563 
853 935 531 841 171 201 270 318 348 606 651 750 442 719 420 787 807 209 571 824 257 156 791 378 140 973 853 360 101 387 294 446 960 738 728 216 606 605 65 766 491 13 646 342 0 48 42 380 891 314 
473 18 563 422 221 523 780 443 313 184 405 904 106 382 465 626 311 784 395 56 390 280 374 438 436 31 844 117 920 675 899 347 795 219 357 132 972 52 496 307 707 888 371 884 48 0 527 159 270 38 
905 591 620 357 260 799 927 906 406 699 425 105 455 858 939 780 102 108 675 626 572 50 111 644 655 792 451 274 627 155 794 676 382 516 91 776 969 69 2 912 940 390 281 418 42 527 0 485 19 816 
790 449 773 482 849 150 456 651 537 766 80 888 824 803 743 903 624 202 850 459 435 868 189 63 874 642 276 906 153 734 109 776 634 174 226 115 445 786 826 301 717 308 920 755 380 159 485 0 489 602 
485 692 306 784 164 745 110 607 138 509 945 654 86 952 624 924 560 765 794 134 456 671 772 262 683 313 851 17 555 251 2 237 866 278 627 156 866 947 340 678 709 628 724 496 891 270 19 489 0 500 
842 519 25 995 821 136 514 349 867 27 871 575 323 96 34 279 879 739 265 826 565 803 78 905 391 10 131 44 130 47 325 985 597 432 19 501 917 729 353 44 112 842 49 563 314 38 816 602 500 0 
0 82 336 971 831 824 84 729 490 142 852 970 926 724 258 526 942 111 609 938 561 979 116 446 655 707 209 808 924 102 275 367 232 40 570 777 893 261 542 488 135 224 602 823 904 393 627 55 760 757 
82 0 464 664 973 616 724 633 986 135 308 524 546 233 426 626 810 44 230 608 383 841 770 208 749 216 316 139 322 226 213 681 418 77 81 596 81 84 63 979 42 565 111 229 581 184 350 83 598 91 
336 464 0 666 19 445 597 794 666 85 310 730 549 208 198 805 754 960 378 190 338 330 389 820 243 25 759 238 759 435 912 153 714 946 39 204 239 354 811 722 951 491 434 130 605 163 71 366 61 192 
971 664 666 0 556 462 323 934 6 347 170 204 999 722 640 288 149 230 741 480 442 811 49 232 402 513 51 923 498 459 31 357 203 396 703 687 884 50 118 201 343 584 60 618 533 964 470 95 786 797 
831 973 19 556 0 580 939 840 297 322 95 199 125 731 219 997 480 798 990 625 412 16 119 852 60 82 515 252 9 471 789 267 629 949 525 75 976 766 402 456 70 325 720 207 97 762 25 22 694 732 
824 616 445 462 580 0 19 344 187 886 230 717 880 166 104 793 683 554 490 372 310 274 702 138 808 467 803 232 230 218 694 641 145 37 372 968 837 727 80 861 453 247 946 985 191 175 112 907 296 86 
84 724 597 323 939 19 0 856 970 683 173 493 865 921 318 585 291 475 573 207 497 237 332 411 36 598 636 568 768 470 86 900 888 95 624 400 728 741 815 312 536 69 583 297 799 450 769 230 781 415 
729 633 794 934 840 344 856 0 770 140 125 365 91 908 600 662 148 146 149 19 65 144 535 494 453 389 138 420 262 371 375 233 95 311 576 645 543 722 147 971 885 145 221 208 464 142 46 490 479 974 
490 986 666 6 297 187 970 770 0 725 163 732 769 693 486 222 651 676 720 50 83 192 243 954 348 936 884 724 433 492 958 343 440 43 113 562 376 61 511 58 46 568 992 966 25 857 190 886 828 166 
142 135 85 347 322 886 683 140 725 0 700 409 101 864 492 659 841 559 603 980 129 417 13 194 929 681 148 763 651 224 430 846 503 54 846 269 690 364 74 721 289 816 211 272 826 966 584 132 844 222 
852 308 310 170 95 230 173 125 163 700 0 409 3 448 149 676 295 938 991 645 605 308 786 999 693 725 819 326 386 432 549 658 339 174 756 420 257 989 221 368 40 354 752 415 667 132 52 655 471 612 
970 524 730 204 199 717 493 365 732 409 409 0 737 826 932 165 409 681 778 260 108 417 84 626 656 402 384 271 560 765 620 428 204 763 538 803 623 332 382 136 340 190 876 676 489 566 591 466 281 817 
926 546 549 999 125 880 865 91 769 101 3 737 0 980 692 612 808 470 403 166 887 930 565 703 16 562 669 445 86 989 608 13 967 424 857 3 894 734 180 488 198 317 401 999 946 604 846 102 9 604 
724 233 208 722 731 166 921 908 693 864 448 826 980 0 958 306 12 372 595 372 755 848 947 435 29 186 307 840 975 468 154 211 844 777 713 141 693 883 651 984 807 404 224 746 426 946 67 580 300 721 
258 426 198 640 219 104 318 600 486 492 149 932 692 958 0 902 775 336 761 690 225 395 707 508 706 575 397 826 165 515 666 447 172 379 607 411 381 221 19 821 613 213 93 997 541 45 575 378 180 290 
526 626 805 288 997 793 585 662 222 659 676 165 612 306 902 0 554 521 756 945 808 332 144 206 982 707 571 969 307 921 290 620 55 867 373 2 91 231 325 427 95 225 675 800 346 905 553 546 818 454 
942 810 754 149 480 683 291 148 651 841 295 409 808 12 775 554 0 875 370 905 375 846 961 119 25 8 530 594 436 267 763 165 542 861 534 452 803 458 925 745 522 277 554 147 675 938 381 213 203 496 
111 44 960 230 798 554 475 146 676 559 938 681 470 372 336 521 875 0 285 556 463 205 736 977 817 168 866 798 407 593 791 467 111 600 843 836 307 354 766 454 907 710 360 953 993 477 471 370 53 143 
609 230 378 741 990 490 573 149 720 603 991 778 403 595 761 756 370 285 0 373 948 662 392 764 531 940 731 917 803 187 565 733 55 270 26 143 70 984 299 534 361 519 413 671 458 848 77 260 319 503 
938 608 190 480 625 372 207 19 50 980 645 260 166 372 690 945 905 556 373 0 335 18 678 159 960 805 308 692 20 879 464 635 830 46 47 915 176 727 292 958 451 427 570 762 500 755 312 988 313 376 
561 383 338 442 412 310 497 65 83 129 605 108 887 755 225 808 375 463 948 335 0 583 152 113 816 587 708 455 819 390 226 189 338 181 991 597 280 32 852 229 217 387 897 344 366 280 327 837 221 793 
979 841 330 811 16 274 237 144 192 417 308 417 930 848 395 332 846 205 662 18 583 0 445 222 248 287 36 826 237 727 301 352 394 409 273 157 39 879 7 977 870 995 477 653 998 170 254 9 991 752 
116 770 389 49 119 702 332 535 243 13 786 84 565 947 707 144 961 736 392 678 152 445 0 989 964 888 330 542 344 283 935 629 772 246 990 195 956 171 799 606 586 334 776 691 849 646 446 539 294 757 
446 208 820 232 852 138 411 494 954 194 999 626 703 435 508 206 119 977 764 159 113 222 989 0 687 2 332 520 600 386 679 792 460 164 507 84 988 680 973 390 418 787 394 837 348 833 562 94 673 798 
655 749 243 402 60 808 36 453 348 929 693 656 16 29 706 982 25 817 531 960 816 248 964 687 0 970 923 502 761 261 953 818 524 853 532 845 130 478 768 547 667 383 650 578 761 461 365 387 491 669 
707 216 25 513 82 467 598 389 936 681 725 402 562 186 575 707 8 168 940 805 587 287 888 2 970 0 67 306 948 627 298 744 880 603 609 172 261 440 693 325 587 895 354 466 941 549 736 661 590 679 
209 316 759 51 515 803 636 138 884 148 819 384 669 307 397 571 530 866 731 308 708 36 330 332 923 67 0 547 714 747 91 914 28 8 428 322 58 840 556 460 81 59 88 248 969 822 125 367 963 717 
808 139 238 923 252 232 568 420 724 763 326 271 445 840 826 969 594 798 917 692 455 826 542 520 502 306 547 0 702 124 499 663 439 895 590 944 889 930 650 449 591 73 908 389 223 598 978 129 765 345 
924 322 759 498 9 230 768 262 433 651 386 560 86 975 165 307 436 407 803 20 819 237 344 600 761 948 714 702 0 142 685 327 503 810 176 605 736 496 433 553 75 534 435 422 758 183 146 46 892 25 
102 226 435 459 471 218 470 371 492 224 432 765 989 468 515 921 267 593 187 879 390 727 283 386 261 627 747 124 142 0 885 432 301 740 257 837 295 343 367 416 984 660 805 541 726 521 444 708 462 580 
275 213 912 31 789 694 86 375 958 430 549 620 608 154 666 290 763 791 565 464 226 301 935 679 953 298 91 499 685 885 0 439 89 196 228 223 676 230 68 252 819 113 923 317 477 805 628 773 188 493 
367 681 153 357 267 641 900 233 343 846 658 428 13 211 447 620 165 467 733 635 189 352 629 792 818 744 914 663 327 432 439 0 994 950 697 328 201 552 998 516 142 177 995 627 657 636 529 551 100 61 
232 418 714 203 629 145 888 95 440 503 339 204 967 844 172 55 542 111 55 830 338 394 772 460 524 880 28 439 503 301 89 994 0 597 287 922 930 111 278 858 783 883 326 421 856 488 773 221 565 21 
40 77 946 396 949 37 95 311 43 54 174 763 424 777 379 867 861 600 270 46 181 409 246 164 853 603 8 895 810 740 196 950 597 0 377 227 954 892 88 315 295 266 102 843 973 335 182 117 89 74 
570 81 39 703 525 372 624 576 113 846 756 538 857 713 607 373 534 843 26 47 991 273 990 507 532 609 428 590 176 257 228 697 287 377 0 949 69 434 694 665 349 198 736 983 804 754 102 922 407 514 
777 596 204 687 75 968 400 645 562 269 420 803 3 141 411 2 452 836 143 915 597 157 195 84 845 172 322 944 605 837 223 328 922 227 949 0 398 373 855 649 628 491 565 306 192 597 742 651 974 436 
893 81 239 884 976 837 728 543 376 690 257 623 894 693 381 91 803 307 70 176 280 39 956 988 130 261 58 889 736 295 676 201 930 954 69 398 0 734 338 137 118 341 327 140 898 977 918 640 676 65 
261 84 354 50 766 727 741 722 61 364 989 332 734 883 221 231 458 354 984 727 32 879 171 680 478 440 840 930 496 343 230 552 111 892 434 373 734 0 490 215 9 512 297 281 358 254 585 259 675 680 
542 63 811 118 402 80 815 147 511 74 221 382 180 651 19 325 925 766 299 292 852 7 799 973 768 693 556 650 433 367 68 998 278 88 694 855 338 490 0 658 470 758 764 206 963 707 385 952 837 529 
488 979 722 201 456 861 312 971 58 721 368 136 488 984 821 427 745 454 534 958 229 977 606 390 547 325 460 449 553 416 252 516 858 315 665 649 137 215 658 0 112 614 558 529 362 840 951 871 737 679 
135 42 951 343 70 453 536 885 46 289 40 340 198 807 613 95 522 907 361 451 217 870 586 418 667 587 81 591 75 984 819 142 783 295 349 628 118 9 470 112 0 243 941 755 15 789 727 138 245 84 
224 565 491 584 325 247 69 145 568 816 354 190 317 404 213 225 277 710 519 427 387 995 334 787 383 895 59 73 534 660 113 177 883 266 198 491 341 512 758 614 243 0 654 860 969 353 251 626 913 467 
602 111 434 60 720 946 583 221 992 211 752 876 401 224 93 675 554 360 413 570 897 477 776 394 650 354 88 908 435 805 923 995 326 102 736 565 327 297 764 558 941 654 0 58 670 123 790 507 733 143 
823 229 130 618 207 985 297 208 966 272 415 676 999 746 997 800 147 953 671 762 344 653 691 837 578 466 248 389 422 541 317 627 421 843 983 306 140 281 206 529 755 860 58 0 523 405 496 541 155 591 
904 581 605 533 97 191 799 464 25 826 667 489 946 426 541 346 675 993 458 500 366 998 849 348 761 941 969 223 758 726 477 657 856 973 804 192 898 358 963 362 15 969 670 523 0 185 757 212 478 946 
393 184 163 964 762 175 450 142 857 966 132 566 604 946 45 905 938 477 848 755 280 170 646 833 461 549 822 598 183 521 805 636 488 335 754 597 977 254 707 840 789 353 123 405 185 0 913 696 430 393 
627 350 71 470 25 112 769 46 190 584 52 591 846 67 575 553 381 471 77 312 327 254 446 562 365 736 125 978 146 444 628 529 773 182 102 742 918 585 385 951 727 251 790 496 757 913 0 762 564 484 
55 83 366 95 22 907 230 490 886 132 655 466 102 580 378 546 213 370 260 988 837 9 539 94 387 661 367 129 46 708 773 551 221 117 922 651 640 259 952 871 138 626 507 541 212 696 762 0 644 990 
760 598 61 786 694 296 781 479 828 844 471 281 9 300 180 818 203 53 319 313 221 991 294 673 491 590 963 765 892 462 188 100 565 89 407 974 676 675 837 737 245 913 733 155 478 430 564 644 0 976 
757 91 192 797 732 86 415 974 166 222 612 817 604 721 290 454 496 143 503 376 793 752 757 798 669 679 717 345 25 580 493 61 21 74 514 436 65 680 529 679 84 467 143 591 946 393 484 990 976 0 
0 819 631 343 783 52 335 288 658 921 51 561 131 101 907 586 382 798 1 579 468 182 135 322 79 693 529 504 311 7 882 578 549 21 205 900 706 753 889 850 19 870 487 389 509 457 606 562 194 47 
819 0 281 980 262 12 499 514 201 330 667 294 704 306 459 571 759 52 748 617 783 201 103 203 884 378 836 141 623 972 998 257 299 974 337 704 721 822 346 315 202 375 377 362 438 34 867 910 741 793 
631 281 0 143 810 174 780 57 278 277 746 265 24 227 994 849 609 218 910 934 593 73 811 943 554 649 365 500 963 383 518 661 87 316 106 376 402 603 608 888 753 547 732 266 586 55 454 595 325 445 
343 980 143 0 378 722 362 429 722 142 246 71 934 176 673 291 246 410 732 115 277 485 356 813 146 126 530 522 219 917 428 399 140 283 488 503 831 898 592 677 337 949 230 454 71 303 577 166 280 35 
783 262 810 378 0 927 806 303 771 568 917 579 914 576 328 434 148 988 894 513 680 864 73 910 508 732 211 589 638 462 493 576 929 783 146 628 172 909 361 730 651 604 535 884 450 160 39 490 652 334 
52 12 174 722 927 0 219 803 602 31 450 71 384 315 340 590 113 387 77 425 112 88 769 43 925 211 38 85 154 354 34 293 925 280 795 233 66 55 696 333 888 421 885 870 986 374 245 362 329 854 
335 499 780 362 806 219 0 352 117 337 626 156 422 708 284 202 62 835 38 756 830 672 361 478 379 539 309 151 143 101 858 635 421 172 410 111 710 517 746 814 450 280 391 522 36 972 791 218 907 136 
288 514 57 429 303 803 352 0 650 568 641 141 88 78 27 291 700 213 484 758 136 526 113 88 572 921 626 241 206 73 569 125 475 59 494 950 206 143 80 603 940 962 752 608 523 881 840 962 723 196 
658 201 278 722 771 602 117 650 0 11 171 153 822 750 62 586 358 316 485 107 751 53 998 527 400 292 671 762 232 525 584 482 825 320 320 919 201 411 266 126 462 972 184 369 792 732 309 533 846 761 
921 330 277 142 568 31 337 568 11 0 13 382 98 172 369 480 720 163 190 400 29 275 317 810 117 224 635 460 454 23 208 669 916 327 502 62 672 760 12 495 892 858 318 130 187 850 110 228 958 639 
51 667 746 246 917 450 626 641 171 13 0 380 587 654 851 924 395 364 221 129 741 413 803 516 238 963 467 667 659 717 337 808 761 84 272 356 817 674 664 891 590 701 189 940 730 514 942 715 67 451 
561 294 265 71 579 71 156 141 153 382 380 0 484 277 860 769 876 95 99 167 186 211 541 784 882 447 413 973 440 920 914 331 61 849 823 82 793 95 116 824 539 357 249 518 924 177 954 122 656 633 
131 704 24 934 914 384 422 88 822 98 587 484 0 591 369 592 399 180 289 341 318 152 2 158 714 132 396 321 250 709 923 280 539 726 106 170 350 641 412 824 591 53 201 784 183 681 761 327 258 338 
101 306 227 176 576 315 708 78 750 172 654 277 591 0 489 596 848 65 271 830 779 395 696 921 703 135 431 310 251 86 825 170 175 238 586 108 479 528 221 428 205 267 340 736 86 277 47 916 522 89 
907 459 994 673 328 340 284 27 62 369 851 860 369 489 0 20 917 504 420 682 385 430 645 338 656 286 422 27 330 782 567 705 503 340 242 228 686 87 192 280 414 203 156 808 542 760 405 928 693 441 
586 571 849 291 434 590 202 291 586 480 924 769 592 596 20 0 405 677 649 89 349 175 956 999 400 168 346 433 207 516 973 873 736 785 485 179 283 113 342 28 974 667 922 574 641 605 688 23 805 587 
382 759 609 246 148 113 62 700 358 720 395 876 399 848 917 405 0 903 503 879 976 479 489 953 259 695 347 154 438 724 337 547 139 285 452 806 924 108 430 73 833 58 688 399 910 251 954 32 846 361 
798 52 218 410 988 387 835 213 316 163 364 95 180 65 504 677 903 0 708 840 15 547 214 383 996 275 461 911 699 688 198 653 250 409 479 23 812 78 425 677 370 670 591 747 684 257 890 235 700 730 
1 748 910 732 894 77 38 484 485 190 221 99 289 271 420 649 503 708 0 511 498 242 392 828 440 17 484 678 339 308 709 574 635 639 201 119 149 258 623 561 899 157 696 983 485 567 761 966 239 654 
579 617 934 115 513 425 756 758 107 400 129 167 341 830 682 89 879 840 511 0 301 807 618 433 508 88 922 654 179 191 127 766 705 555 620 74 686 132 645 873 654 510 871 948 318 77 608 66 173 784 
468 783 593 277 680 112 830 136 751 29 741 186 318 779 385 349 976 15 498 301 0 708 221 17 160 713 119 824 482 513 416 440 784 27 375 2 170 216 278 981 840 306 515 857 964 493 705 337 813 596 
182 201 73 485 864 88 672 526 53 275 413 211 152 395 430 175 479 547 242 807 708 0 454 3 911 843 443 215 403 467 655 406 818 51 386 119 720 296 584 188 679 343 189 839 102 951 3 259 676 689 
135 103 811 356 73 769 361 113 998 317 803 541 2 696 645 956 489 214 392 618 221 454 0 676 276 18 947 54 38 4 666 192 892 85 703 290 730 824 239 41 747 12 252 201 597 555 689 380 862 296 
322 203 943 813 910 43 478 88 527 810 516 784 158 921 338 999 953 383 828 433 17 3 676 0 275 379 589 910 16 877 524 557 995 531 692 157 495 811 716 65 191 148 791 486 177 638 250 179 796 474 
79 884 554 146 508 925 379 572 400 117 238 882 714 703 656 400 259 996 440 508 160 911 276 275 0 514 17 822 668 72 979 499 418 5 407 56 608 928 333 675 434 572 798 520 894 199 209 280 174 171 
693 378 649 126 732 211 539 921 292 224 963 447 132 135 286 168 695 275 17 88 713 843 18 379 514 0 508 580 38 674 881 198 998 335 260 426 152 796 324 969 84 704 597 974 585 81 694 1 791 624 
529 836 365 530 211 38 309 626 671 635 467 413 396 431 422 346 347 461 484 922 119 443 947 589 17 508 0 196 690 1000 98 263 557 845 97 615 255 640 456 632 870 765 926 746 237 50 543 552 797 801 
504 141 500 522 589 85 151 241 762 460 667 973 321 310 27 433 154 911 678 654 824 215 54 910 822 580 196 0 121 935 169 430 713 582 930 620 345 686 837 516 89 927 817 131 401 509 80 768 838 738 
311 623 963 219 638 154 143 206 232 454 659 440 250 251 330 207 438 699 339 179 482 403 38 16 668 38 690 121 0 296 905 827 384 209 334 496 354 591 859 849 571 936 170 66 1000 657 610 436 514 638 
7 972 383 917 462 354 101 73 525 23 717 920 709 86 782 516 724 688 308 191 513 467 4 877 72 674 1000 935 296 0 434 413 493 135 883 904 686 702 855 752 656 948 442 724 517 80 468 160 335 68 
882 998 518 428 493 34 858 569 584 208 337 914 923 825 567 973 337 198 709 127 416 655 666 524 979 881 98 169 905 434 0 402 801 42 647 875 935 330 631 673 145 854 778 909 96 791 348 645 39 667 
578 257 661 399 576 293 635 125 482 669 808 331 280 170 705 873 547 653 574 766 440 406 192 557 499 198 263 430 827 413 402 0 576 633 949 20 770 161 791 775 951 956 542 470 662 921 875 518 268 492 
549 299 87 140 929 925 421 475 825 916 761 61 539 175 503 736 139 250 635 705 784 818 892 995 418 998 557 713 384 493 801 576 0 236 173 557 188 461 367 981 991 219 971 612 506 89 203 260 626 137 
21 974 316 283 783 280 172 59 320 327 84 849 726 238 340 785 285 409 639 555 27 51 85 531 5 335 845 582 209 135 42 633 236 0 761 574 993 89 651 668 872 714 534 586 730 626 578 335 321 758 
205 337 106 488 146 795 410 494 320 502 272 823 106 586 242 485 452 479 201 620 375 386 703 692 407 260 97 930 334 883 647 949 173 761 0 178 669 748 277 33 984 92 952 548 500 648 405 40 445 57 
900 704 376 503 628 233 111 950 919 62 356 82 170 108 228 179 806 23 119 74 2 119 290 157 56 426 615 620 496 904 875 20 557 574 178 0 526 773 478 133 336 437 158 802 669 810 398 456 423 609 
706 721 402 831 172 66 710 206 201 672 817 793 350 479 686 283 924 812 149 686 170 720 730 495 608 152 255 345 354 686 935 770 188 993 669 526 0 550 519 91 271 522 747 463 86 153 873 123 779 352 
753 822 603 898 909 55 517 143 411 760 674 95 641 528 87 113 108 78 258 132 216 296 824 811 928 796 640 686 591 702 330 161 461 89 748 773 550 0 171 569 721 201 230 575 562 850 39 988 698 471 
889 346 608 592 361 696 746 80 266 12 664 116 412 221 192 342 430 425 623 645 278 584 239 716 333 324 456 837 859 855 631 791 367 651 277 478 519 171 0 298 995 799 560 657 64 386 290 798 545 517 
850 315 888 677 730 333 814 603 126 495 891 824 824 428 280 28 73 677 561 873 981 188 41 65 675 969 632 516 849 752 673 775 981 668 33 133 91 569 298 0 192 436 127 618 795 113 152 205 502 446 
19 202 753 337 651 888 450 940 462 892 590 539 591 205 414 974 833 370 899 654 840 679 747 191 434 84 870 89 571 656 145 951 991 872 984 336 271 721 995 192 0 207 489 420 71 205 570 181 483 344 
870 375 547 949 604 421 280 962 972 858 701 357 53 267 203 667 58 670 157 510 306 343 12 148 572 704 765 927 936 948 854 956 219 714 92 437 522 201 799 436 207 0 503 144 562 236 474 616 715 512 
487 377 732 230 535 885 391 752 184 318 189 249 201 340 156 922 688 591 696 871 515 189 252 791 798 597 926 817 170 442 778 542 971 534 952 158 747 230 560 127 489 503 0 733 112 663 996 833 128 840 
389 362 266 454 884 870 522 608 369 130 940 518 784 736 808 574 399 747 983 948 857 839 201 486 520 974 746 131 66 724 909 470 612 586 548 802 463 575 657 618 420 144 733 0 367 141 362 221 242 552 
509 438 586 71 450 986 36 523 792 187 730 924 183 86 542 641 910 684 485 318 964 102 597 177 894 585 237 401 1000 517 96 662 506 730 500 669 86 562 64 795 71 562 112 367 0 590 42 824 691 115 
457 34 55 303 160 374 972 881 732 850 514 177 681 277 760 605 251 257 567 77 493 951 555 638 199 81 50 509 657 80 791 921 89 626 648 810 153 850 386 113 205 236 663 141 590 0 843 952 810 97 
606 867 454 577 39 245 791 840 309 110 942 954 761 47 405 688 954 890 761 608 705 3 689 250 209 694 543 80 610 468 348 875 203 578 405 398 873 39 290 152 570 474 996 362 42 843 0 357 840 900 
562 910 595 166 490 362 218 962 533 228 715 122 327 916 928 23 32 235 966 66 337 259 380 179 280 1 552 768 436 160 645 518 260 335 40 456 123 988 798 205 181 616 833 221 824 952 357 0 620 737 
194 741 325 280 652 329 907 723 846 958 67 656 258 522 693 805 846 700 239 173 813 676 862 796 174 791 797 838 514 335 39 268 626 321 445 423 779 698 545 502 483 715 128 242 691 810 840 620 0 65 
47 793 445 35 334 854 136 196 761 639 451 633 338 89 441 587 361 730 654 784 596 689 296 474 171 624 801 738 638 68 667 492 137 758 57 609 352 471 517 446 344 512 840 552 115 97 900 737 65 0 
0 43 346 307 482 339 202 316 312 406 284 442 969 238 496 716 684 78 255 356 528 184 73 649 723 152 266 152 454 114 378 685 339 384 986 499 847 172 794 923 121 854 609 653 559 543 117 963 316 454 
43 0 241 216 610 320 232 954 34 2 395 258 760 203 59 998 943 170 286 914 183 827 469 151 155 157 855 260 401 305 866 663 616 925 928 387 773 309 477 734 286 916 48 655 675 763 117 10 362 439 
346 241 0 787 464 51 404 559 11 846 928 707 392 464 166 996 955 945 291 816 389 995 576 719 527 583 274 99 716 149 141 214 60 351 42 621 971 601 552 532 76 73 595 505 550 592 141 921 873 569 
307 216 787 0 372 233 404 479 601 951 545 760 217 644 909 559 30 502 281 414 823 141 562 519 173 369 831 689 283 723 153 805 12 757 952 561 489 855 806 326 460 697 231 467 534 955 764 66 841 74 
482 610 464 372 0 717 220 330 394 420 333 715 544 395 291 455 923 116 373 934 709 491 588 799 748 248 311 186 486 412 78 142 957 83 349 297 781 477 52 486 500 848 438 405 228 36 585 663 116 974 
339 320 51 233 717 0 836 846 883 823 314 488 886 895 850 277 230 297 468 794 684 547 291 956 360 200 213 869 942 878 146 919 795 298 250 238 700 617 1000 633 455 997 743 565 2 460 991 360 142 903 
