40 2
0 151 434 114 589 628 937 808 90 430 262 796 384 112 49 354 432 143 234 213 548 763 998 632 143 149 832 430 909 776 562 741 32 686 403 795 842 379 14 81 
151 0 147 99 130 38 143 932 899 833 494 483 426 811 520 473 540 492 210 881 298 47 917 409 954 219 331 186 196 671 95 365 393 909 280 719 853 653 529 211 
434 147 0 151 534 597 80 663 940 89 906 249 231 471 879 477 24 878 853 429 732 741 58 838 869 673 710 816 644 534 38 494 220 747 397 731 941 978 858 883 
114 99 151 0 322 685 761 602 930 826 963 111 886 373 197 882 323 915 467 396 657 969 871 132 90 566 76 88 656 200 635 390 969 684 36 222 677 297 855 829 
589 130 534 322 0 11 583 239 735 472 698 762 692 302 818 72 982 833 767 11 609 427 690 306 27 606 862 562 306 705 621 799 439 910 51 168 333 413 226 482 
628 38 597 685 11 0 674 515 383 857 506 605 90 479 172 168 372 793 933 507 965 976 286 149 359 945 302 514 532 715 655 349 853 390 441 402 260 271 647 572 
937 143 80 761 583 674 0 763 989 674 875 988 482 728 950 61 425 218 462 763 182 570 165 516 819 135 8 714 816 230 476 65 847 795 807 811 570 366 44 116 
808 932 663 602 239 515 763 0 143 399 644 874 996 918 77 482 49 142 202 530 229 72 756 541 967 88 343 595 799 468 850 613 185 693 192 716 368 37 819 639 
90 899 940 930 735 383 989 143 0 758 721 694 512 899 198 550 902 762 431 686 334 937 865 242 146 750 954 386 810 666 52 977 695 959 214 359 555 884 427 537 
430 833 89 826 472 857 674 399 758 0 710 457 308 18 621 893 496 263 976 399 66 190 791 176 933 815 593 763 70 505 29 15 110 693 771 473 415 872 180 315 
262 494 906 963 698 506 875 644 721 710 0 853 661 756 288 637 537 70 121 827 452 448 888 118 289 949 269 105 457 294 791 670 828 110 377 908 180 856 730 849 
796 483 249 111 762 605 988 874 694 457 853 0 375 591 414 949 844 982 485 285 210 161 875 881 767 415 600 669 492 662 321 681 800 523 388 786 320 453 495 616 
384 426 231 886 692 90 482 996 512 308 661 375 0 851 763 553 769 576 857 359 735 899 250 633 108 488 156 308 307 162 360 366 71 752 186 170 392 628 823 539 
112 811 471 373 302 479 728 918 899 18 756 591 851 0 556 927 907 468 593 966 700 376 990 92 461 361 696 819 966 423 894 75 173 173 860 959 215 2 799 553 
49 520 879 197 818 172 950 77 198 621 288 414 763 556 0 86 292 354 668 321 555 601 929 910 686 178 577 213 934 365 7 220 144 902 310 140 999 551 221 73 
354 473 477 882 72 168 61 482 550 893 637 949 553 927 86 0 811 510 687 500 507 285 770 26 639 299 418 3 316 362 257 612 521 124 869 2 505 413 656 992 
432 540 24 323 982 372 425 49 902 496 537 844 769 907 292 811 0 414 93 948 671 648 182 159 90 166 293 809 699 622 531 362 750 765 962 127 759 71 260 858 
143 492 878 915 833 793 218 142 762 263 70 982 576 468 354 510 414 0 717 651 463 927 116 423 649 694 121 41 432 344 465 620 964 115 798 38 498 863 763 913 
234 210 853 467 767 933 462 202 431 976 121 485 857 593 668 687 93 717 0 500 663 299 758 572 77 160 897 265 849 17 68 765 45 762 978 833 103 924 560 59 
213 881 429 396 11 507 763 530 686 399 827 285 359 966 321 500 948 651 500 0 817 243 557 902 170 634 607 907 795 564 536 217 969 94 159 396 379 268 981 350 
548 298 732 657 609 965 182 229 334 66 452 210 735 700 555 507 671 463 663 817 0 907 706 728 371 404 530 476 891 545 806 691 989 493 928 919 857 233 400 894 
763 47 741 969 427 976 570 72 937 190 448 161 899 376 601 285 648 927 299 243 907 0 525 465 457 56 921 380 704 432 833 24 868 627 971 216 464 243 476 189 
998 917 58 871 690 286 165 756 865 791 888 875 250 990 929 770 182 116 758 557 706 525 0 430 737 516 691 774 544 85 671 637 839 972 199 431 426 426 950 601 
632 409 838 132 306 149 516 541 242 176 118 881 633 92 910 26 159 423 572 902 728 465 430 0 495 780 409 205 377 880 436 591 891 343 481 169 954 403 349 366 
143 954 869 90 27 359 819 967 146 933 289 767 108 461 686 639 90 649 77 170 371 457 737 495 0 72 368 904 368 311 827 526 873 699 510 761 824 774 268 398 
149 219 673 566 606 945 135 88 750 815 949 415 488 361 178 299 166 694 160 634 404 56 516 780 72 0 917 863 708 50 416 484 41 138 663 18 591 34 662 498 
832 331 710 76 862 302 8 343 954 593 269 600 156 696 577 418 293 121 897 607 530 921 691 409 368 917 0 136 397 936 376 243 939 576 186 537 517 95 839 809 
430 186 816 88 562 514 714 595 386 763 105 669 308 819 213 3 809 41 265 907 476 380 774 205 904 863 136 0 859 927 885 55 960 303 174 647 922 706 608 818 
909 196 644 656 306 532 816 799 810 70 457 492 307 966 934 316 699 432 849 795 891 704 544 377 368 708 397 859 0 683 690 184 910 727 731 37 427 49 814 475 
776 671 534 200 705 715 230 468 666 505 294 662 162 423 365 362 622 344 17 564 545 432 85 880 311 50 936 927 683 0 18 175 574 621 394 611 108 784 403 835 
562 95 38 635 621 655 476 850 52 29 791 321 360 894 7 257 531 465 68 536 806 833 671 436 827 416 376 885 690 18 0 822 898 151 318 984 99 692 431 24 
741 365 494 390 799 349 65 613 977 15 670 681 366 75 220 612 362 620 765 217 691 24 637 591 526 484 243 55 184 175 822 0 790 206 818 156 699 764 813 88 
32 393 220 969 439 853 847 185 695 110 828 800 71 173 144 521 750 964 45 969 989 868 839 891 873 41 939 960 910 574 898 790 0 817 703 248 629 659 707 477 
686 909 747 684 910 390 795 693 959 693 110 523 752 173 902 124 765 115 762 94 493 627 972 343 699 138 576 303 727 621 151 206 817 0 548 255 918 223 81 69 
403 280 397 36 51 441 807 192 214 771 377 388 186 860 310 869 962 798 978 159 928 971 199 481 510 663 186 174 731 394 318 818 703 548 0 156 97 288 783 663 
795 719 731 222 168 402 811 716 359 473 908 786 170 959 140 2 127 38 833 396 919 216 431 169 761 18 537 647 37 611 984 156 248 255 156 0 382 166 281 817 
842 853 941 677 333 260 570 368 555 415 180 320 392 215 999 505 759 498 103 379 857 464 426 954 824 591 517 922 427 108 99 699 629 918 97 382 0 568 59 408 
379 653 978 297 413 271 366 37 884 872 856 453 628 2 551 413 71 863 924 268 233 243 426 403 774 34 95 706 49 784 692 764 659 223 288 166 568 0 946 646 
14 529 858 855 226 647 44 819 427 180 730 495 823 799 221 656 260 763 560 981 400 476 950 349 268 662 839 608 814 403 431 813 707 81 783 281 59 946 0 552 
81 211 883 829 482 572 116 639 537 315 849 616 539 553 73 992 858 913 59 350 894 189 601 366 398 498 809 818 475 835 24 88 477 69 663 817 408 646 552 0 
0 14 37 289 404 419 542 743 187 565 622 45 952 180 912 662 766 440 495 866 199 521 100 785 994 895 158 20 34 88 912 159 85 357 471 947 881 310 212 650 
14 0 422 367 293 82 601 856 913 835 742 233 63 433 849 108 157 688 429 18 338 775 131 772 196 457 349 977 143 242 889 756 887 602 320 927 942 622 151 320 
37 422 0 848 8 568 780 660 630 79 484 789 288 294 122 408 642 101 215 234 395 952 838 818 961 460 671 102 685 839 675 129 992 129 294 273 535 975 90 476 
289 367 848 0 297 587 194 208 668 230 213 225 718 940 482 955 387 520 487 218 797 321 626 247 707 364 209 133 3 154 110 756 810 850 331 946 507 175 515 100 
404 293 8 297 0 594 152 134 818 717 839 278 532 160 173 306 859 55 590 822 39 391 313 224 32 739 122 800 549 89 469 522 677 463 238 173 363 530 966 140 
419 82 568 587 594 0 965 707 481 121 581 380 492 594 13 547 878 152 495 760 197 594 221 94 143 451 169 411 978 687 942 648 874 744 703 143 691 335 869 302 
542 601 780 194 152 965 0 196 706 570 45 244 371 230 24 2 583 805 354 74 641 13 140 138 100 673 751 998 63 666 537 258 543 309 987 952 659 754 721 801 
743 856 660 208 134 707 196 0 512 762 833 219 998 940 629 709 743 390 536 749 150 160 210 657 689 72 484 839 151 920 373 165 552 130 261 520 428 541 440 208 
187 913 630 668 818 481 706 512 0 939 310 925 51 676 50 857 871 47 131 629 643 130 468 326 208 45 994 690 370 971 222 677 844 685 136 73 13 288 481 186 
565 835 79 230 717 121 570 762 939 0 168 113 330 150 588 365 216 962 955 444 359 98 907 589 444 659 415 269 181 213 132 420 514 525 628 18 843 758 571 301 
622 742 484 213 839 581 45 833 310 168 0 48 35 30 685 529 746 763 490 685 875 299 862 657 641 369 371 595 351 171 903 340 330 17 711 502 327 243 840 434 
45 233 789 225 278 380 244 219 925 113 48 0 663 538 749 100 584 904 554 784 417 732 672 206 425 160 725 115 575 958 249 784 739 30 518 19 295 243 912 264 
952 63 288 718 532 492 371 998 51 330 35 663 0 144 351 613 896 490 117 89 988 654 485 774 352 599 286 623 56 881 926 348 441 911 811 42 102 837 425 139 
180 433 294 940 160 594 230 940 676 150 30 538 144 0 430 245 802 331 415 317 219 637 298 175 764 732 114 626 200 49 263 493 742 538 614 94 876 189 671 823 
912 849 122 482 173 13 24 629 50 588 685 749 351 430 0 807 43 927 211 222 234 254 826 217 591 578 635 298 665 77 616 374 56 807 934 607 799 162 302 344 
662 108 408 955 306 547 2 709 857 365 529 100 613 245 807 0 48 177 782 583 683 884 981 867 250 477 567 889 871 638 350 273 239 784 961 335 802 45 965 657 
766 157 642 387 859 878 583 743 871 216 746 584 896 802 43 48 0 301 338 826 54 284 604 353 747 920 301 648 449 347 925 412 877 554 391 970 735 713 210 564 
440 688 101 520 55 152 805 390 47 962 763 904 490 331 927 177 301 0 635 766 708 382 646 682 278 971 775 988 964 822 121 757 602 160 189 218 357 73 30 780 
495 429 215 487 590 495 354 536 131 955 490 554 117 415 211 782 338 635 0 63 744 861 405 646 998 800 590 896 174 72 388 866 753 96 509 569 776 729 329 9 
866 18 234 218 822 760 74 749 629 444 685 784 89 317 222 583 826 766 63 0 398 378 790 401 423 86 371 372 747 268 771 233 312 790 427 251 276 736 762 600 
199 338 395 797 39 197 641 150 643 359 875 417 988 219 234 683 54 708 744 398 0 779 217 224 734 443 201 242 897 828 3 955 292 768 451 194 932 660 296 297 
521 775 952 321 391 594 13 160 130 98 299 732 654 637 254 884 284 382 861 378 779 0 169 394 550 266 835 118 685 754 886 119 118 96 784 912 443 567 240 538 
100 131 838 626 313 221 140 210 468 907 862 672 485 298 826 981 604 646 405 790 217 169 0 281 71 102 385 896 167 969 845 217 181 651 914 334 677 17 380 58 
785 772 818 247 224 94 138 657 326 589 657 206 774 175 217 867 353 682 646 401 224 394 281 0 377 917 913 812 322 78 414 236 590 730 925 329 622 787 276 345 
994 196 961 707 32 143 100 689 208 444 641 425 352 764 591 250 747 278 998 423 734 550 71 377 0 272 974 126 204 960 1 25 364 339 875 876 968 750 452 101 
895 457 460 364 739 451 673 72 45 659 369 160 599 732 578 477 920 971 800 86 443 266 102 917 272 0 518 125 58 643 36 468 973 240 929 467 711 339 798 560 
158 349 671 209 122 169 751 484 994 415 371 725 286 114 635 567 301 775 590 371 201 835 385 913 974 518 0 437 955 987 342 277 597 454 156 601 984 928 367 733 
20 977 102 133 800 411 998 839 690 269 595 115 623 626 298 889 648 988 896 372 242 118 896 812 126 125 437 0 865 216 528 898 314 1000 772 617 709 781 827 860 
34 143 685 3 549 978 63 151 370 181 351 575 56 200 665 871 449 964 174 747 897 685 167 322 204 58 955 865 0 33 936 55 679 474 355 706 943 520 307 605 
88 242 839 154 89 687 666 920 971 213 171 958 881 49 77 638 347 822 72 268 828 754 969 78 960 643 987 216 33 0 108 980 497 557 532 355 770 444 778 562 
912 889 675 110 469 942 537 373 222 132 903 249 926 263 616 350 925 121 388 771 3 886 845 414 1 36 342 528 936 108 0 410 471 267 274 429 373 506 383 161 
159 756 129 756 522 648 258 165 677 420 340 784 348 493 374 273 412 757 866 233 955 119 217 236 25 468 277 898 55 980 410 0 368 325 605 172 235 315 648 47 
85 887 992 810 677 874 543 552 844 514 330 739 441 742 56 239 877 602 753 312 292 118 181 590 364 973 597 314 679 497 471 368 0 992 77 418 494 976 827 236 
357 602 129 850 463 744 309 130 685 525 17 30 911 538 807 784 554 160 96 790 768 96 651 730 339 240 454 1000 474 557 267 325 992 0 890 623 994 797 570 28 
471 320 294 331 238 703 987 261 136 628 711 518 811 614 934 961 391 189 509 427 451 784 914 925 875 929 156 772 355 532 274 605 77 890 0 161 162 851 461 226 
947 927 273 946 173 143 952 520 73 18 502 19 42 94 607 335 970 218 569 251 194 912 334 329 876 467 601 617 706 355 429 172 418 623 161 0 250 358 925 556 
881 942 535 507 363 691 659 428 13 843 327 295 102 876 799 802 735 357 776 276 932 443 677 622 968 711 984 709 943 770 373 235 494 994 162 250 0 193 384 31 
310 622 975 175 530 335 754 541 288 758 243 243 837 189 162 45 713 73 729 736 660 567 17 787 750 339 928 781 520 444 506 315 976 797 851 358 193 0 141 233 
212 151 90 515 966 869 721 440 481 571 840 912 425 671 302 965 210 30 329 762 296 240 380 276 452 798 367 827 307 778 383 648 827 570 461 925 384 141 0 796 
650 320 476 100 140 302 801 208 186 301 434 264 139 823 344 657 564 780 9 600 297 538 58 345 101 560 733 860 605 562 161 47 236 28 226 556 31 233 796 0 
0 792 956 593 521 553 438 342 757 416 327 996 207 858 169 281 466 642 427 2 762 691 818 33 181 169 918 896 984 933 69 749 955 759 562 61 50 701 668 237 
792 0 765 596 748 864 298 278 124 360 329 912 761 463 257 791 851 244 499 912 577 180 909 67 837 682 710 75 883 845 125 298 141 397 789 185 113 367 647 637 
956 765 0 89 955 345 15 377 315 876 447 234 657 856 831 629 391 912 790 748 683 85 284 271 97 658 427 939 323 159 232 901 155 706 398 831 416 20 805 364 
593 596 89 0 831 447 670 556 414 922 718 647 268 146 504 54 662 422 542 712 307 654 401 882 201 635 646 883 932 767 851 260 157 106 828 172 498 859 491 946 
521 748 955 831 0 532 835 929 103 176 121 967 526 837 609 625 254 972 217 198 987 543 776 776 896 31 992 225 289 809 302 458 306 783 760 860 686 464 201 814 
553 864 345 447 532 0 5 406 595 805 433 636 516 609 985 489 7 762 442 156 772 260 777 739 944 409 682 791 50 299 98 406 144 298 549 989 43 591 243 630 
438 298 15 670 835 5 0 854 326 409 985 842 492 769 802 955 551 76 578 967 284 984 931 954 855 356 329 186 842 404 645 841 566 678 190 187 483 157 388 273 
342 278 377 556 929 406 854 0 363 336 276 712 20 187 458 296 204 585 301 338 753 679 842 386 482 821 497 171 742 306 616 864 445 905 736 345 429 628 498 541 
757 124 315 414 103 595 326 363 0 77 689 192 864 321 762 134 104 913 699 249 408 905 511 785 773 849 220 232 706 256 746 416 326 221 874 878 838 785 648 822 
416 360 876 922 176 805 409 336 77 0 856 828 639 907 359 524 867 45 34 634 595 954 136 433 556 326 731 802 907 741 812 506 667 372 420 842 70 273 313 689 
327 329 447 718 121 433 985 276 689 856 0 918 762 869 299 610 114 282 735 392 135 589 157 296 178 500 432 385 566 837 48 712 480 986 425 596 649 727 93 535 
996 912 234 647 967 636 842 712 192 828 918 0 496 487 331 884 553 379 605 337 569 317 186 744 364 783 420 890 346 16 763 133 285 891 527 968 677 868 138 911 
207 761 657 268 526 516 492 20 864 639 762 496 0 890 674 494 255 562 886 932 100 187 495 565 759 332 682 318 823 34 23 815 565 65 207 985 849 290 444 733 
858 463 856 146 837 609 769 187 321 907 869 487 890 0 366 881 307 682 484 753 833 293 613 805 182 464 911 463 832 975 719 458 171 380 493 914 125 879 334 48 
169 257 831 504 609 985 802 458 762 359 299 331 674 366 0 295 909 186 756 804 829 837 136 869 247 308 224 692 409 981 310 705 859 144 238 146 291 876 724 828 
281 791 629 54 625 489 955 296 134 524 610 884 494 881 295 0 858 910 324 390 402 204 20 263 708 543 243 32 160 396 388 607 820 281 67 652 351 877 32 123 
466 851 391 662 254 7 551 204 104 867 114 553 255 307 909 858 0 699 803 117 665 841 243 623 246 247 734 408 650 639 48 560 64 392 749 158 209 112 755 620 
642 244 912 422 972 762 76 585 913 45 282 379 562 682 186 910 699 0 275 357 114 637 557 375 727 90 165 189 51 304 958 211 492 695 654 647 561 818 742 361 
427 499 790 542 217 442 578 301 699 34 735 605 886 484 756 324 803 275 0 880 212 157 487 173 56 334 372 194 739 789 607 156 304 857 561 507 185 241 648 968 
2 912 748 712 198 156 967 338 249 634 392 337 932 753 804 390 117 357 880 0 771 540 294 630 601 881 715 524 178 549 353 742 607 123 482 660 788 323 429 240 
762 577 683 307 987 772 284 753 408 595 135 569 100 833 829 402 665 114 212 771 0 306 723 787 241 479 889 760 122 51 874 158 662 208 588 888 36 188 769 781 
691 180 85 654 543 260 984 679 905 954 589 317 187 293 837 204 841 637 157 540 306 0 770 622 584 886 154 960 197 90 152 974 833 908 286 90 546 505 687 450 
818 909 284 401 776 777 931 842 511 136 157 186 495 613 136 20 243 557 487 294 723 770 0 770 813 932 601 90 758 123 26 567 923 350 145 629 378 998 667 860 
33 67 271 882 776 739 954 386 785 433 296 744 565 805 869 263 623 375 173 630 787 622 770 0 522 117 98 112 653 868 514 980 632 327 158 556 445 323 856 619 
181 837 97 201 896 944 855 482 773 556 178 364 759 182 247 708 246 727 56 601 241 584 813 522 0 681 127 890 733 104 985 953 657 469 105 283 146 320 280 976 
169 682 658 635 31 409 356 821 849 326 500 783 332 464 308 543 247 90 334 881 479 886 932 117 681 0 649 873 967 126 884 489 167 814 185 458 384 750 362 422 
918 710 427 646 992 682 329 497 220 731 432 420 682 911 224 243 734 165 372 715 889 154 601 98 127 649 0 528 13 119 561 837 372 427 727 235 29 209 611 190 
896 75 939 883 225 791 186 171 232 802 385 890 318 463 692 32 408 189 194 524 760 960 90 112 890 873 528 0 168 842 519 171 728 155 83 361 156 37 95 92 
984 883 323 932 289 50 842 742 706 907 566 346 823 832 409 160 650 51 739 178 122 197 758 653 733 967 13 168 0 982 23 849 397 683 573 202 160 518 657 357 
933 845 159 767 809 299 404 306 256 741 837 16 34 975 981 396 639 304 789 549 51 90 123 868 104 126 119 842 982 0 857 60 534 486 354 869 97 562 330 529 
69 125 232 851 302 98 645 616 746 812 48 763 23 719 310 388 48 958 607 353 874 152 26 514 985 884 561 519 23 857 0 558 472 776 736 595 570 470 605 813 
749 298 901 260 458 406 841 864 416 506 712 133 815 458 705 607 560 211 156 742 158 974 567 980 953 489 837 171 849 60 558 0 734 547 375 818 607 648 370 956 
955 141 155 157 306 144 566 445 326 667 480 285 565 171 859 820 64 492 304 607 662 833 923 632 657 167 372 728 397 534 472 734 0 97 903 598 423 205 366 650 
759 397 706 106 783 298 678 905 221 372 986 891 65 380 144 281 392 695 857 123 208 908 350 327 469 814 427 155 683 486 776 547 97 0 2 145 38 171 403 835 
562 789 398 828 760 549 190 736 874 420 425 527 207 493 238 67 749 654 561 482 588 286 145 158 105 185 727 83 573 354 736 375 903 2 0 829 906 170 569 873 
61 185 831 172 860 989 187 345 878 842 596 968 985 914 146 652 158 647 507 660 888 90 629 556 283 458 235 361 202 869 595 818 598 145 829 0 648 636 63 401 
50 113 416 498 686 43 483 429 838 70 649 677 849 125 291 351 209 561 185 788 36 546 378 445 146 384 29 156 160 97 570 607 423 38 906 648 0 844 684 746 
701 367 20 859 464 591 157 628 785 273 727 868 290 879 876 877 112 818 241 323 188 505 998 323 320 750 209 37 518 562 470 648 205 171 170 636 844 0 808 872 
668 647 805 491 201 243 388 498 648 313 93 138 444 334 724 32 755 742 648 429 769 687 667 856 280 362 611 95 657 330 605 370 366 403 569 63 684 808 0 76 
237 637 364 946 814 630 273 541 822 689 535 911 733 48 828 123 620 361 968 240 781 450 860 619 976 422 190 92 357 529 813 956 650 835 873 401 746 872 76 0 
