80 4
0 147 534 761 735 506 482 77 902 976 452 875 108 696 934 257 750 798 103 981 938 179 348 729 993 937 256 607 620 480 270 809 727 689 755 563 555 851 635 339 70 793 728 28 862 872 640 970 512 456 150 300 265 575 646 64 491 62 237 448 123 322 719 882 994 301 922 834 34 148 710 303 472 908 771 477 470 752 506 902 
147 0 322 583 383 875 996 198 496 121 210 250 461 577 316 531 964 978 379 400 366 194 253 68 162 191 103 556 797 374 27 813 374 284 936 220 964 613 701 598 337 737 313 588 108 606 405 201 211 658 609 670 160 740 307 633 570 393 933 227 892 330 702 228 618 932 733 324 272 79 554 947 120 212 975 824 933 469 783 767 
534 322 0 674 989 644 512 621 537 485 735 990 686 418 699 465 45 159 857 476 894 577 671 28 669 864 748 840 240 898 333 498 287 424 351 831 573 120 63 650 493 153 335 871 42 646 115 548 97 828 79 756 703 564 578 367 538 678 846 79 413 597 787 122 292 655 668 121 225 616 854 801 785 162 952 296 471 907 466 832 
761 583 674 0 143 721 308 288 844 857 700 929 639 293 432 68 969 928 464 950 431 149 18 473 707 438 198 901 254 100 497 935 96 842 817 100 9 408 60 595 142 778 320 524 340 46 803 215 492 446 228 419 458 201 339 958 299 971 877 972 230 666 977 46 644 314 145 746 171 197 924 370 374 962 857 16 14 653 492 225 
735 383 989 143 0 710 661 414 769 593 555 770 90 121 849 536 989 971 426 349 280 380 212 841 752 31 515 677 978 486 883 244 602 951 836 184 531 459 143 32 596 88 812 480 109 609 639 264 378 147 940 63 780 61 111 725 767 859 223 179 346 146 438 633 741 149 134 401 52 762 606 931 143 129 948 784 816 998 645 238 
506 875 644 721 710 0 375 763 907 668 507 182 649 897 795 806 868 199 954 268 975 711 227 60 557 821 610 377 605 988 435 307 385 402 841 809 201 367 279 482 236 322 213 336 582 306 672 806 992 150 563 299 248 678 843 43 289 537 346 595 561 711 839 623 60 982 950 561 929 312 371 292 504 856 242 833 932 74 582 735 
482 996 512 308 661 375 0 556 292 687 671 116 77 607 891 833 839 481 824 662 109 234 666 525 19 603 467 987 398 946 333 1 563 639 382 993 207 752 943 781 476 836 600 79 699 352 199 382 824 76 639 252 986 393 573 128 93 684 151 343 436 869 109 79 259 780 187 629 199 109 623 86 407 693 139 755 390 16 680 392 
77 198 621 288 414 763 556 0 811 93 463 758 170 530 704 671 891 510 591 839 262 339 850 632 195 634 759 146 910 403 77 703 47 338 695 902 466 462 23 874 529 124 861 337 1 363 340 526 676 306 515 524 1 394 496 279 883 794 577 196 995 42 949 481 527 145 942 140 280 125 991 992 531 180 629 131 304 635 779 354 
902 496 537 844 769 907 292 811 0 717 663 557 371 921 544 436 873 663 517 608 279 650 458 567 255 521 69 325 619 236 306 81 53 675 433 927 298 677 559 823 924 825 444 718 799 982 153 956 960 799 227 637 194 428 586 949 19 317 604 121 661 265 438 178 958 754 104 871 228 845 482 311 425 867 107 479 789 334 936 453 
976 121 485 857 593 668 687 93 717 0 817 706 457 691 377 827 41 186 922 814 363 820 704 782 523 912 1000 793 407 424 684 922 147 711 173 33 145 405 478 930 704 503 871 502 99 684 727 873 126 849 174 42 279 263 13 163 814 126 235 691 640 487 956 941 231 134 641 529 26 230 452 166 159 977 281 343 23 971 771 278 
452 210 735 700 555 507 671 463 663 817 0 525 737 409 368 416 939 174 427 403 555 753 563 987 137 129 438 425 464 366 252 142 261 127 475 852 358 568 916 805 696 140 721 778 111 967 787 286 475 374 819 632 18 46 259 796 898 815 986 196 910 776 783 174 316 703 583 324 818 186 407 698 266 612 672 422 286 379 49 92 
875 250 990 929 770 182 116 758 557 706 525 0 495 368 708 376 960 731 108 431 349 148 71 329 932 284 15 386 94 850 347 126 831 897 27 594 634 848 662 902 697 701 72 273 146 61 581 943 421 875 186 592 430 987 934 591 887 340 968 332 214 564 489 878 230 946 655 548 623 507 60 664 841 104 375 927 312 575 232 780 
108 461 686 639 90 649 77 170 371 457 737 495 0 917 397 885 910 394 99 813 895 929 158 487 945 777 823 984 576 592 295 594 904 345 30 325 851 99 585 765 235 999 559 644 23 330 471 753 457 514 711 658 714 725 381 551 205 667 791 528 182 522 226 313 517 540 562 639 561 930 905 198 615 36 484 743 985 129 913 723 
696 577 418 293 121 897 607 530 921 691 409 368 917 0 859 690 574 318 699 707 634 497 120 287 475 41 53 902 966 499 840 880 270 263 408 221 343 310 169 263 945 656 243 125 536 612 363 362 901 305 405 282 983 432 525 107 537 731 915 147 986 586 712 865 969 345 60 636 572 690 897 400 115 836 711 438 139 249 358 656 
934 316 699 432 849 795 891 704 544 377 368 708 397 859 0 18 898 818 629 81 475 224 560 11 57 904 42 481 764 534 838 961 119 220 822 169 233 453 455 320 935 21 854 39 930 60 976 189 271 18 433 56 406 723 46 685 313 899 658 554 232 170 113 666 801 956 717 706 442 292 500 528 464 566 862 271 653 589 361 100 
257 531 465 68 536 806 833 671 436 827 416 376 885 690 18 0 790 703 918 783 381 804 469 994 954 86 490 344 384 212 3 256 447 999 933 8 172 544 558 3 555 373 46 662 496 486 895 959 92 768 274 969 321 248 411 12 230 853 488 338 355 485 91 629 861 51 792 197 821 742 934 958 202 190 636 613 762 445 949 372 
750 964 45 969 989 868 839 891 873 41 939 960 910 574 898 790 0 548 97 281 801 752 795 52 233 410 32 924 567 613 309 995 26 32 796 158 994 574 805 961 156 778 644 764 990 741 528 42 889 658 690 20 331 316 476 360 921 412 277 663 845 681 203 545 51 914 684 9 949 882 464 135 929 93 179 919 606 347 415 898 
798 978 159 928 971 199 481 510 663 186 174 731 394 318 818 703 548 0 382 59 484 764 547 492 72 822 809 891 163 232 307 945 942 230 997 391 250 595 868 761 488 456 521 801 633 241 582 12 688 636 594 479 309 35 910 384 65 917 335 130 253 896 13 857 523 461 482 900 918 365 969 103 430 833 805 139 273 304 549 34 
103 379 857 464 426 954 824 591 517 922 427 108 99 699 629 918 97 382 0 946 75 225 806 263 498 470 810 888 197 606 141 203 882 899 738 70 239 786 262 924 523 184 582 921 476 509 139 568 733 65 20 364 152 898 652 947 387 751 171 467 303 216 625 469 315 871 116 561 782 515 806 737 403 950 554 172 631 617 163 62 
981 400 476 950 349 268 662 839 608 814 403 431 813 707 81 783 281 59 946 0 181 42 319 963 486 420 252 604 134 744 922 496 719 710 146 823 893 276 315 365 909 316 900 569 153 249 975 56 18 973 454 986 240 489 720 581 788 657 378 636 540 246 645 927 973 761 609 165 753 79 660 506 910 785 573 608 858 390 373 380 
938 366 894 431 280 975 109 262 279 363 555 349 895 634 475 381 801 484 75 181 0 545 405 615 28 278 581 442 749 660 263 520 755 985 918 417 723 126 527 953 577 60 888 402 176 411 814 778 447 292 250 981 713 217 376 486 637 608 621 717 309 1 232 385 992 654 683 246 2 51 417 853 834 27 213 288 357 612 257 345 
179 194 577 149 380 711 234 339 650 820 753 148 929 497 224 804 752 764 225 42 545 0 422 152 453 596 610 937 850 605 889 844 745 551 930 636 73 430 996 207 537 77 611 949 804 536 730 20 394 435 408 638 151 542 295 801 961 952 776 462 379 859 357 518 373 686 714 124 41 717 780 216 14 764 189 725 887 667 144 134 
348 253 671 18 212 227 666 850 458 704 563 71 158 120 560 469 795 547 806 319 405 422 0 126 884 511 545 234 890 156 237 554 737 149 259 220 135 764 648 486 973 108 932 143 320 260 441 547 522 159 426 951 206 345 836 399 26 627 204 144 368 758 970 644 174 522 451 568 718 885 138 284 740 639 543 310 672 846 960 254 
729 68 28 473 841 60 525 632 567 782 987 329 487 287 11 994 52 492 263 963 615 152 126 0 790 737 39 899 274 19 122 183 545 232 425 629 325 170 409 143 220 241 154 143 949 215 724 752 588 509 641 508 970 187 12 718 719 270 746 715 406 758 388 520 975 668 780 241 658 14 357 988 701 164 777 310 263 788 556 365 
993 162 669 707 752 557 19 195 255 523 137 932 945 475 57 954 233 72 498 486 28 453 884 790 0 237 945 638 421 902 524 185 534 38 1000 761 704 76 907 158 818 83 579 17 560 137 711 411 333 768 73 728 582 13 326 363 516 144 979 746 984 196 496 714 95 729 490 970 421 189 61 702 513 675 740 26 36 312 286 781 
937 191 864 438 31 821 603 634 521 912 129 284 777 41 904 86 410 822 470 420 278 596 511 737 237 0 958 839 972 67 204 496 871 663 499 113 91 532 516 983 237 996 566 260 468 257 539 385 823 929 990 121 933 246 741 904 121 964 966 358 721 291 78 892 973 379 229 959 327 825 978 253 892 991 810 147 503 461 898 244 
256 103 748 198 515 610 467 759 69 1000 438 15 823 53 42 490 32 809 810 252 581 610 545 39 945 958 0 474 582 335 194 231 958 415 939 38 78 887 665 552 986 947 216 861 266 348 954 473 12 311 712 997 925 738 281 59 802 447 966 612 798 231 308 837 383 365 598 894 432 69 290 546 386 428 283 595 752 535 690 413 
607 556 840 901 677 377 987 146 325 793 425 386 984 902 481 344 924 891 888 604 442 937 234 899 638 839 474 0 478 846 861 120 819 517 206 890 950 912 488 249 717 711 594 325 423 75 874 809 751 516 551 587 16 210 453 736 684 799 507 201 153 962 955 131 481 812 388 630 147 121 873 212 358 796 513 2 793 468 713 381 
620 797 240 254 978 605 398 910 619 407 464 94 576 966 764 384 567 163 197 134 749 850 890 274 421 972 582 478 0 513 84 913 265 960 310 444 328 427 983 955 168 107 888 436 810 337 227 549 186 479 560 367 416 173 147 94 590 585 546 376 956 848 813 402 514 496 503 292 824 953 378 514 384 565 839 806 730 513 811 746 
480 374 898 100 486 988 946 403 236 424 366 850 592 499 534 212 613 232 606 744 660 605 156 19 902 67 335 846 513 0 315 160 935 498 361 713 669 986 692 395 15 639 215 953 654 219 754 906 981 967 860 475 67 439 372 395 508 156 462 225 671 645 319 512 797 587 83 489 362 953 145 374 528 359 512 711 135 863 404 662 
270 27 333 497 883 435 333 77 306 684 252 347 295 840 838 3 309 307 141 922 263 889 237 122 524 204 194 861 84 315 0 141 17 287 138 538 775 187 96 413 74 802 800 886 672 134 609 493 263 1000 145 217 166 193 560 712 971 505 220 321 317 837 92 469 252 668 11 536 602 581 515 243 193 696 493 189 692 346 845 523 
809 813 498 935 244 307 1 703 81 922 142 126 594 880 961 256 995 945 203 496 520 844 554 183 185 496 231 120 913 160 141 0 388 607 849 881 598 475 116 726 219 858 753 527 431 527 714 798 869 37 235 707 167 511 427 499 733 278 118 574 320 417 752 255 103 818 116 474 947 328 246 61 802 212 450 312 179 993 891 546 
727 374 287 96 602 385 563 47 53 147 261 831 904 270 119 447 26 942 882 719 755 745 737 545 534 871 958 819 265 935 17 388 0 34 558 817 185 555 233 5 26 585 773 336 179 132 217 820 317 751 519 466 965 287 920 927 519 347 919 859 968 246 889 100 182 894 302 959 315 183 615 228 452 293 290 476 860 956 110 755 
689 284 424 842 951 402 639 338 675 711 127 897 345 263 220 999 32 230 899 710 985 551 149 232 38 663 415 517 960 498 287 607 34 0 383 991 296 162 745 780 773 44 145 820 15 175 343 262 380 675 360 162 95 323 173 637 706 768 19 820 514 554 692 800 707 341 517 385 984 196 788 368 301 357 766 168 623 63 689 216 
755 936 351 817 836 841 382 695 433 173 475 27 30 408 822 933 796 997 738 146 918 930 259 425 1000 499 939 206 310 361 138 849 558 383 0 12 4 452 661 306 81 286 241 118 90 976 534 84 952 29 387 576 323 562 468 442 103 673 386 83 432 384 855 597 574 672 171 846 487 459 969 692 556 307 929 669 829 324 112 984 
563 220 831 100 184 809 993 902 927 33 852 594 325 221 169 8 158 391 70 823 417 636 220 629 761 113 38 890 444 713 538 881 817 991 12 0 188 394 311 153 665 648 440 697 314 277 448 693 731 810 460 896 602 967 782 549 311 252 164 725 943 462 343 846 274 446 882 887 442 570 453 74 69 629 877 323 332 672 300 46 
555 964 573 9 531 201 207 466 298 145 358 634 851 343 233 172 994 250 239 893 723 73 135 325 704 91 78 950 328 669 775 598 185 296 4 188 0 750 115 727 614 430 404 644 499 755 547 641 25 465 988 664 692 530 294 689 474 613 597 580 130 745 7 30 215 929 46 671 990 658 73 267 733 560 81 893 579 613 774 936 
851 613 120 408 459 367 752 462 677 405 568 848 99 310 453 544 574 595 786 276 126 430 764 170 76 532 887 912 427 986 187 475 555 162 452 394 750 0 457 386 548 144 866 539 477 717 193 336 104 596 39 967 644 377 257 401 278 619 700 294 750 866 434 560 705 97 128 231 186 63 873 658 164 91 914 814 192 681 468 159 
635 701 63 60 143 279 943 23 559 478 916 662 585 169 455 558 805 868 262 315 527 996 648 409 907 516 665 488 983 692 96 116 233 745 661 311 115 457 0 198 124 68 480 764 734 43 250 990 339 654 254 801 405 452 457 799 296 879 253 152 656 383 911 479 51 688 837 13 543 933 24 176 207 337 569 63 695 916 939 97 
339 598 650 595 32 482 781 874 823 930 805 902 765 263 320 3 961 761 924 365 953 207 486 143 158 983 552 249 955 395 413 726 5 780 306 153 727 386 198 0 278 254 102 983 483 708 393 686 594 449 577 817 68 863 647 720 706 512 310 584 305 546 428 602 312 46 123 789 600 592 813 236 228 296 452 667 581 793 25 219 
70 337 493 142 596 236 476 529 924 704 696 697 235 945 935 555 156 488 523 909 577 537 973 220 818 237 986 717 168 15 74 219 26 773 81 665 614 548 124 278 0 159 293 978 696 324 171 803 382 715 234 904 36 152 843 764 760 275 65 451 101 967 160 866 937 823 419 339 399 398 433 290 263 449 108 450 390 478 543 769 
793 737 153 778 88 322 836 124 825 503 140 701 999 656 21 373 778 456 184 316 60 77 108 241 83 996 947 711 107 639 802 858 585 44 286 648 430 144 68 254 159 0 788 564 660 380 18 800 844 633 668 302 111 281 34 542 527 989 799 871 311 830 352 698 890 616 527 122 100 762 352 699 936 622 215 314 8 295 70 18 
728 313 335 320 812 213 600 861 444 871 721 72 559 243 854 46 644 521 582 900 888 611 932 154 579 566 216 594 888 215 800 753 773 145 241 440 404 866 480 102 293 788 0 950 908 520 378 110 693 970 627 433 266 859 572 990 625 434 911 377 187 526 207 220 775 929 535 181 410 740 623 60 149 386 471 484 519 241 647 670 
28 588 871 524 480 336 79 337 718 502 778 273 644 125 39 662 764 801 921 569 402 949 143 143 17 260 861 325 436 953 886 527 336 820 118 697 644 539 764 983 978 564 950 0 694 807 950 843 182 883 4 883 634 879 383 588 189 980 36 722 728 111 106 517 614 898 576 712 782 145 827 767 843 956 616 598 492 341 71 354 
862 108 42 340 109 582 699 1 799 99 111 146 23 536 930 496 990 633 476 153 176 804 320 949 560 468 266 423 810 654 672 431 179 15 90 314 499 477 734 483 696 660 908 694 0 645 360 703 479 616 529 289 346 19 792 469 595 970 184 466 292 62 563 167 167 137 1 655 838 975 397 68 29 806 880 675 214 538 983 521 
872 606 646 46 609 306 352 363 982 684 967 61 330 612 60 486 741 241 509 249 411 536 260 215 137 257 348 75 337 219 134 527 132 175 976 277 755 717 43 708 324 380 520 807 645 0 53 18 558 569 512 944 719 553 126 732 105 296 885 241 541 894 874 70 921 481 861 113 299 137 124 283 673 142 218 920 430 132 412 497 
640 405 115 803 639 672 199 340 153 727 787 581 471 363 976 895 528 582 139 975 814 730 441 724 711 539 954 874 227 754 609 714 217 343 534 448 547 193 250 393 171 18 378 950 360 53 0 364 751 925 244 859 627 867 470 850 470 79 15 822 892 601 594 448 844 622 937 875 411 560 781 789 348 295 581 44 944 221 981 590 
970 201 548 215 264 806 382 526 956 873 286 943 753 362 189 959 42 12 568 56 778 20 547 752 411 385 473 809 549 906 493 798 820 262 84 693 641 336 990 686 803 800 110 843 703 18 364 0 767 89 464 804 641 355 415 697 964 21 650 753 74 897 851 581 622 107 666 307 286 358 99 611 70 882 511 145 742 666 711 727 
512 211 97 492 378 992 824 676 960 126 475 421 457 901 271 92 889 688 733 18 447 394 522 588 333 823 12 751 186 981 263 869 317 380 952 731 25 104 339 594 382 844 693 182 479 558 751 767 0 158 500 527 200 979 758 742 974 602 743 866 584 756 88 744 622 770 470 287 505 275 438 672 953 499 884 697 621 822 601 593 
456 658 828 446 147 150 76 306 799 849 374 875 514 305 18 768 658 636 65 973 292 435 159 509 768 929 311 516 479 967 1000 37 751 675 29 810 465 596 654 449 715 633 970 883 616 569 925 89 158 0 329 656 549 139 698 669 907 347 154 15 188 142 716 467 754 61 937 392 527 590 15 520 702 368 891 856 176 784 772 907 
150 609 79 228 940 563 639 515 227 174 819 186 711 405 433 274 690 594 20 454 250 408 426 641 73 990 712 551 560 860 145 235 519 360 387 460 988 39 254 577 234 668 627 4 529 512 244 464 500 329 0 459 996 726 63 92 570 841 939 254 624 689 862 173 947 297 580 480 954 782 693 923 368 397 279 298 357 857 675 695 
300 670 756 419 63 299 252 524 637 42 632 592 658 282 56 969 20 479 364 986 981 638 951 508 728 121 997 587 367 475 217 707 466 162 576 896 664 967 801 817 904 302 433 883 289 944 859 804 527 656 459 0 448 840 462 381 890 797 892 355 463 420 911 461 263 55 988 751 570 4 143 956 61 416 178 291 924 169 224 636 
265 160 703 458 780 248 986 1 194 279 18 430 714 983 406 321 331 309 152 240 713 151 206 970 582 933 925 16 416 67 166 167 965 95 323 602 692 644 405 68 36 111 266 634 346 719 627 641 200 549 996 448 0 445 666 131 707 697 377 32 495 584 84 553 44 662 766 420 296 385 314 92 567 789 948 986 9 545 690 806 
575 740 564 201 61 678 393 394 428 263 46 987 725 432 723 248 316 35 898 489 217 542 345 187 13 246 738 210 173 439 193 511 287 323 562 967 530 377 452 863 152 281 859 879 19 553 867 355 979 139 726 840 445 0 723 483 899 76 451 881 952 249 8 742 467 281 884 864 705 521 622 173 214 706 507 272 527 219 405 907 
646 307 578 339 111 843 573 496 586 13 259 934 381 525 46 411 476 910 652 720 376 295 836 12 326 741 281 453 147 372 560 427 920 173 468 782 294 257 457 647 843 34 572 383 792 126 470 415 758 698 63 462 666 723 0 710 650 694 127 986 933 906 610 99 678 547 346 294 985 362 573 679 576 934 165 292 603 174 16 218 
64 633 367 958 725 43 128 279 949 163 796 591 551 107 685 12 360 384 947 581 486 801 399 718 363 904 59 736 94 395 712 499 927 637 442 549 689 401 799 720 764 542 990 588 469 732 850 697 742 669 92 381 131 483 710 0 913 364 541 774 321 142 334 192 672 406 689 205 512 360 113 928 890 344 1000 68 413 367 272 392 
491 570 538 299 767 289 93 883 19 814 898 887 205 537 313 230 921 65 387 788 637 961 26 719 516 121 802 684 590 508 971 733 519 706 103 311 474 278 296 706 760 527 625 189 595 105 470 964 974 907 570 890 707 899 650 913 0 692 69 854 584 670 778 748 393 536 834 241 734 590 494 125 632 390 849 910 820 586 165 887 
62 393 678 971 859 537 684 794 317 126 815 340 667 731 899 853 412 917 751 657 608 952 627 270 144 964 447 799 585 156 505 278 347 768 673 252 613 619 879 512 275 989 434 980 970 296 79 21 602 347 841 797 697 76 694 364 692 0 473 832 238 907 774 830 3 706 98 733 17 665 54 760 921 491 657 284 531 989 244 889 
237 933 846 877 223 346 151 577 604 235 986 968 791 915 658 488 277 335 171 378 621 776 204 746 979 966 966 507 546 462 220 118 919 19 386 164 597 700 253 310 65 799 911 36 184 885 15 650 743 154 939 892 377 451 127 541 69 473 0 365 91 20 669 614 187 519 427 412 233 576 687 551 189 565 805 491 284 671 300 161 
448 227 79 972 179 595 343 196 121 691 196 332 528 147 554 338 663 130 467 636 717 462 144 715 746 358 612 201 376 225 321 574 859 820 83 725 580 294 152 584 451 871 377 722 466 241 822 753 866 15 254 355 32 881 986 774 854 832 365 0 333 822 445 724 84 456 541 677 212 939 908 137 241 674 296 787 943 529 879 780 
123 892 413 230 346 561 436 995 661 640 910 214 182 986 232 355 845 253 303 540 309 379 368 406 984 721 798 153 956 671 317 320 968 514 432 943 130 750 656 305 101 311 187 728 292 541 892 74 584 188 624 463 495 952 933 321 584 238 91 333 0 28 3 43 545 732 23 327 61 978 208 662 819 301 976 25 690 119 474 677 
322 330 597 666 146 711 869 42 265 487 776 564 522 586 170 485 681 896 216 246 1 859 758 758 196 291 231 962 848 645 837 417 246 554 384 462 745 866 383 546 967 830 526 111 62 894 601 897 756 142 689 420 584 249 906 142 670 907 20 822 28 0 831 87 645 945 843 534 941 217 697 560 757 742 697 852 157 361 942 799 
719 702 787 977 438 839 109 949 438 956 783 489 226 712 113 91 203 13 625 645 232 357 970 388 496 78 308 955 813 319 92 752 889 692 855 343 7 434 911 428 160 352 207 106 563 874 594 851 88 716 862 911 84 8 610 334 778 774 669 445 3 831 0 825 365 948 275 658 783 328 416 611 436 128 438 814 915 787 536 120 
882 228 122 46 633 623 79 481 178 941 174 878 313 865 666 629 545 857 469 927 385 518 644 520 714 892 837 131 402 512 469 255 100 800 597 846 30 560 479 602 866 698 220 517 167 70 448 581 744 467 173 461 553 742 99 192 748 830 614 724 43 87 825 0 923 675 10 685 651 441 862 290 200 275 967 140 61 120 499 808 
994 618 292 644 741 60 259 527 958 231 316 230 517 969 801 861 51 523 315 973 992 373 174 975 95 973 383 481 514 797 252 103 182 707 574 274 215 705 51 312 937 890 775 614 167 921 844 622 622 754 947 263 44 467 678 672 393 3 187 84 545 645 365 923 0 309 113 534 213 26 480 560 482 672 162 972 721 77 567 652 
301 932 655 314 149 982 780 145 754 134 703 946 540 345 956 51 914 461 871 761 654 686 522 668 729 379 365 812 496 587 668 818 894 341 672 446 929 97 688 46 823 616 929 898 137 481 622 107 770 61 297 55 662 281 547 406 536 706 519 456 732 945 948 675 309 0 782 858 385 924 399 160 147 991 169 941 866 959 512 649 
922 733 668 145 134 950 187 942 104 641 583 655 562 60 717 792 684 482 116 609 683 714 451 780 490 229 598 388 503 83 11 116 302 517 171 882 46 128 837 123 419 527 535 576 1 861 937 666 470 937 580 988 766 884 346 689 834 98 427 541 23 843 275 10 113 782 0 664 257 307 575 683 601 799 176 311 384 530 293 542 
834 324 121 746 401 561 629 140 871 529 324 548 639 636 706 197 9 900 561 165 246 124 568 241 970 959 894 630 292 489 536 474 959 385 846 887 671 231 13 789 339 122 181 712 655 113 875 307 287 392 480 751 420 864 294 205 241 733 412 677 327 534 658 685 534 858 664 0 301 860 434 689 123 519 77 906 246 932 143 404 
34 272 225 171 52 929 199 280 228 26 818 623 561 572 442 821 949 918 782 753 2 41 718 658 421 327 432 147 824 362 602 947 315 984 487 442 990 186 543 600 399 100 410 782 838 299 411 286 505 527 954 570 296 705 985 512 734 17 233 212 61 941 783 651 213 385 257 301 0 212 844 140 576 587 54 441 67 373 596 970 
148 79 616 197 762 312 109 125 845 230 186 507 930 690 292 742 882 365 515 79 51 717 885 14 189 825 69 121 953 953 581 328 183 196 459 570 658 63 933 592 398 762 740 145 975 137 560 358 275 590 782 4 385 521 362 360 590 665 576 939 978 217 328 441 26 924 307 860 212 0 91 760 69 349 412 300 365 176 518 332 
710 554 854 924 606 371 623 991 482 452 407 60 905 897 500 934 464 969 806 660 417 780 138 357 61 978 290 873 378 145 515 246 615 788 969 453 73 873 24 813 433 352 623 827 397 124 781 99 438 15 693 143 314 622 573 113 494 54 687 908 208 697 416 862 480 399 575 434 844 91 0 816 601 768 568 131 923 124 45 749 
303 947 801 370 931 292 86 992 311 166 698 664 198 400 528 958 135 103 737 506 853 216 284 988 702 253 546 212 514 374 243 61 228 368 692 74 267 658 176 236 290 699 60 767 68 283 789 611 672 520 923 956 92 173 679 928 125 760 551 137 662 560 611 290 560 160 683 689 140 760 816 0 188 367 485 510 880 353 500 289 
472 120 785 374 143 504 407 531 425 159 266 841 615 115 464 202 929 430 403 910 834 14 740 701 513 892 386 358 384 528 193 802 452 301 556 69 733 164 207 228 263 936 149 843 29 673 348 70 953 702 368 61 567 214 576 890 632 921 189 241 819 757 436 200 482 147 601 123 576 69 601 188 0 214 45 544 399 283 5 570 
908 212 162 962 129 856 693 180 867 977 612 104 36 836 566 190 93 833 950 785 27 764 639 164 675 991 428 796 565 359 696 212 293 357 307 629 560 91 337 296 449 622 386 956 806 142 295 882 499 368 397 416 789 706 934 344 390 491 565 674 301 742 128 275 672 991 799 519 587 349 768 367 214 0 972 110 500 304 373 925 
771 975 952 857 948 242 139 629 107 281 672 375 484 711 862 636 179 805 554 573 213 189 543 777 740 810 283 513 839 512 493 450 290 766 929 877 81 914 569 452 108 215 471 616 880 218 581 511 884 891 279 178 948 507 165 1000 849 657 805 296 976 697 438 967 162 169 176 77 54 412 568 485 45 972 0 704 311 419 233 820 
477 824 296 16 784 833 755 131 479 343 422 927 743 438 271 613 919 139 172 608 288 725 310 310 26 147 595 2 806 711 189 312 476 168 669 323 893 814 63 667 450 314 484 598 675 920 44 145 697 856 298 291 986 272 292 68 910 284 491 787 25 852 814 140 972 941 311 906 441 300 131 510 544 110 704 0 158 720 808 409 
470 933 471 14 816 932 390 304 789 23 286 312 985 139 653 762 606 273 631 858 357 887 672 263 36 503 752 793 730 135 692 179 860 623 829 332 579 192 695 581 390 8 519 492 214 430 944 742 621 176 357 924 9 527 603 413 820 531 284 943 690 157 915 61 721 866 384 246 67 365 923 880 399 500 311 158 0 233 89 641 
752 469 907 653 998 74 16 635 334 971 379 575 129 249 589 445 347 304 617 390 612 667 846 788 312 461 535 468 513 863 346 993 956 63 324 672 613 681 916 793 478 295 241 341 538 132 221 666 822 784 857 169 545 219 174 367 586 989 671 529 119 361 787 120 77 959 530 932 373 176 124 353 283 304 419 720 233 0 353 702 
506 783 466 492 645 582 680 779 936 771 49 232 913 358 361 949 415 549 163 373 257 144 960 556 286 898 690 713 811 404 845 891 110 689 112 300 774 468 939 25 543 70 647 71 983 412 981 711 601 772 675 224 690 405 16 272 165 244 300 879 474 942 536 499 567 512 293 143 596 518 45 500 5 373 233 808 89 353 0 487 
902 767 832 225 238 735 392 354 453 278 92 780 723 656 100 372 898 34 62 380 345 134 254 365 781 244 413 381 746 662 523 546 755 216 984 46 936 159 97 219 769 18 670 354 521 497 590 727 593 907 695 636 806 907 218 392 887 889 161 780 677 799 120 808 652 649 542 404 970 332 749 289 570 925 820 409 641 702 487 0 
0 857 564 895 504 992 706 619 507 121 923 248 901 183 164 604 844 358 216 348 874 385 31 592 304 649 394 828 616 34 664 811 605 777 499 838 480 379 925 933 751 358 23 586 616 759 329 441 514 495 637 994 47 266 868 894 577 851 708 950 647 489 538 391 78 715 232 705 30 465 598 19 520 187 852 925 411 766 256 52 
857 0 124 494 447 535 847 83 11 946 289 591 825 124 16 758 945 869 679 315 504 363 641 367 687 632 263 495 441 679 788 579 20 856 711 439 304 680 612 546 951 996 102 701 979 910 765 560 767 869 608 819 62 279 628 848 986 13 99 704 779 850 407 986 781 401 988 496 847 598 617 910 570 385 138 389 506 519 110 707 
564 124 0 848 849 861 736 43 548 644 898 714 976 521 178 444 257 355 268 955 88 225 389 449 666 88 3 806 285 497 651 136 318 907 542 124 216 179 440 954 717 851 201 458 288 946 759 644 974 612 717 607 783 294 735 416 12 403 607 727 168 306 852 405 207 191 595 108 721 648 881 280 127 756 779 149 737 732 277 884 
895 494 848 0 654 918 528 906 198 415 196 405 785 310 605 980 984 961 990 242 415 693 612 928 597 257 208 289 347 471 730 808 867 232 984 223 557 651 743 707 711 838 258 463 1 178 102 756 948 903 872 789 678 884 51 613 70 202 730 480 385 184 6 337 843 302 324 506 931 974 650 975 10 557 894 763 280 551 606 676 
504 447 849 654 0 264 88 599 38 989 141 124 168 120 530 817 937 904 308 675 371 226 627 351 826 410 127 868 5 872 8 127 77 2 577 73 42 660 815 449 502 357 621 969 609 251 83 103 399 885 745 771 831 447 560 88 977 606 994 815 246 965 62 912 12 517 306 172 21 105 432 944 159 432 515 537 143 774 92 899 
992 535 861 918 264 0 497 458 149 769 652 637 559 491 185 790 354 17 506 501 611 20 870 950 971 573 77 140 747 909 164 76 261 524 650 183 979 434 785 309 852 162 692 981 47 842 343 366 650 873 649 565 335 816 570 506 874 829 175 788 130 342 824 603 332 648 882 870 519 873 381 816 919 523 624 661 589 806 704 295 
706 847 736 528 88 497 0 703 359 461 1 658 172 952 797 707 436 800 157 735 569 977 8 679 227 41 849 771 611 368 339 186 952 207 819 224 732 264 998 989 292 298 915 275 953 333 51 590 783 228 579 344 2 869 454 336 893 746 897 539 922 889 274 365 725 307 754 549 983 1000 708 222 571 61 935 361 569 484 399 19 
619 83 43 906 599 458 703 0 497 130 922 840 479 321 269 278 391 605 230 871 497 102 276 747 745 965 975 186 85 911 707 217 98 176 709 760 667 583 325 226 597 708 90 511 493 417 871 94 136 278 563 743 123 875 574 986 307 979 823 471 470 664 34 395 277 29 290 387 531 134 639 461 911 759 909 589 723 5 633 458 
507 11 548 198 38 149 359 497 0 683 568 213 800 397 411 231 217 105 230 599 121 133 26 922 987 700 24 706 887 745 240 581 239 797 34 880 147 53 72 635 196 865 776 809 228 394 934 693 455 521 3 668 486 542 223 573 829 112 712 373 485 945 390 331 868 400 530 538 387 313 381 277 724 463 560 517 959 118 848 298 
121 946 644 415 989 769 461 130 683 0 346 485 82 347 926 453 66 941 169 732 471 508 892 823 260 154 791 714 992 742 454 576 836 578 32 660 277 888 17 889 172 616 473 642 233 555 83 950 637 529 147 380 713 21 461 223 482 829 918 165 382 505 987 999 394 846 784 326 64 568 976 100 821 46 42 486 30 505 972 220 
923 289 898 196 141 652 1 922 568 346 0 336 381 458 862 140 975 57 604 537 482 241 183 879 799 271 487 339 165 898 66 474 745 283 264 863 512 139 66 838 76 149 180 225 457 572 372 150 76 905 978 570 982 149 48 299 792 677 623 332 889 152 254 196 840 545 455 751 79 739 48 121 303 113 514 762 682 827 435 695 
248 591 714 405 124 637 658 840 213 485 336 0 88 174 950 416 466 910 321 49 82 800 977 919 328 356 313 374 515 529 17 935 858 881 943 567 405 823 339 780 314 751 304 526 861 86 307 60 158 242 216 587 951 23 679 268 211 447 859 300 352 376 192 426 650 583 661 872 95 646 458 735 615 701 519 533 696 456 949 786 
901 825 976 785 168 559 172 479 800 82 381 88 0 13 832 101 867 385 469 418 196 377 778 178 164 136 996 762 416 29 1000 340 60 329 552 496 969 953 277 870 808 83 156 581 203 933 15 773 942 427 344 779 90 279 658 529 425 994 283 805 44 190 383 31 972 722 767 603 848 297 301 332 321 814 403 909 932 102 412 142 
183 124 521 310 120 491 952 321 397 347 458 174 13 0 17 197 249 146 734 477 966 575 881 133 662 47 819 791 68 58 258 85 635 179 469 381 246 540 359 420 198 885 811 26 860 158 464 416 394 496 242 987 73 385 968 63 572 23 473 111 53 691 112 543 449 656 887 333 570 255 472 452 841 886 156 11 349 572 236 724 
164 16 178 605 530 185 797 269 411 926 862 950 832 17 0 277 706 379 694 920 118 411 357 422 881 785 456 893 846 274 846 53 924 561 475 3 455 677 629 404 35 649 539 945 874 560 538 379 628 220 533 835 962 90 142 161 600 518 459 624 756 381 890 89 179 892 928 573 190 69 476 865 266 520 530 537 535 627 684 291 
604 758 444 980 817 790 707 278 231 453 140 416 101 197 277 0 738 208 734 152 581 708 742 804 706 203 36 273 844 190 999 614 388 942 199 678 565 657 281 220 692 299 462 275 784 240 10 337 73 837 366 368 373 198 916 214 395 237 763 128 109 109 651 266 723 34 493 97 496 717 553 955 505 997 20 617 391 158 782 797 
844 945 257 984 937 354 436 391 217 66 975 466 867 249 706 738 0 444 328 436 345 998 522 243 275 48 117 412 145 761 318 944 849 884 593 423 629 378 202 184 583 303 750 792 576 939 701 836 636 566 10 159 446 585 615 783 156 330 963 408 696 162 467 226 999 862 339 700 600 259 878 384 722 3 536 188 875 416 789 222 
358 869 355 961 904 17 800 605 105 941 57 910 385 146 379 208 444 0 857 274 114 839 433 100 967 886 50 757 874 533 26 769 491 514 321 339 573 945 805 955 936 18 57 961 694 393 691 525 628 812 490 183 368 806 692 915 513 745 724 261 153 492 990 624 265 656 137 532 668 254 170 485 670 585 333 895 440 822 169 246 
216 679 268 990 308 506 157 230 230 169 604 321 469 734 694 734 328 857 0 971 730 456 152 348 724 20 515 952 857 168 936 978 70 535 596 446 259 564 458 279 847 807 20 595 389 520 365 139 151 750 861 251 247 503 596 297 297 61 900 327 555 508 908 700 91 257 248 313 985 32 405 108 906 434 550 786 457 9 523 622 
348 315 955 242 675 501 735 871 599 732 537 49 418 477 920 152 436 274 971 0 635 613 986 639 26 349 440 866 866 862 958 483 940 36 512 745 353 381 459 639 32 344 946 580 510 300 542 818 250 877 49 408 932 456 306 270 329 610 13 604 940 288 537 430 866 159 396 900 94 254 228 200 462 405 448 574 653 787 64 60 
874 504 88 415 371 611 569 497 121 471 482 82 196 966 118 581 345 114 730 635 0 566 791 924 611 634 482 187 552 552 515 710 495 61 770 723 572 593 464 340 127 206 191 255 382 177 790 593 773 168 114 170 184 629 866 890 437 758 989 377 854 929 495 810 402 171 945 880 141 374 429 962 766 158 277 683 589 507 553 755 
385 363 225 693 226 20 977 102 133 508 241 800 377 575 411 708 998 839 456 613 566 0 274 978 20 648 374 497 314 730 521 279 650 996 455 928 770 640 926 164 722 568 403 438 796 100 283 613 343 893 321 338 63 12 819 544 478 889 678 807 258 608 890 421 760 62 309 748 392 295 238 426 438 915 252 290 23 915 52 205 
31 641 389 612 627 870 8 276 26 892 183 977 778 881 357 742 522 433 152 986 791 274 0 58 890 500 489 510 717 157 806 508 399 737 373 781 606 278 766 739 631 316 756 883 515 396 155 39 306 771 158 737 564 228 662 320 707 392 436 662 542 314 720 976 374 897 390 93 741 284 62 37 487 186 994 416 391 687 427 743 
592 367 449 928 351 950 679 747 922 823 879 919 178 133 422 804 243 100 348 639 924 978 58 0 871 311 162 16 239 581 52 840 84 585 431 964 240 33 631 742 653 691 459 686 496 743 218 757 320 79 568 466 127 439 175 764 100 664 660 309 115 31 216 128 454 226 13 442 140 814 848 668 288 498 886 880 464 856 100 664 
304 687 666 597 826 971 227 745 987 260 799 328 164 662 881 706 275 967 724 26 611 20 890 871 0 525 381 233 104 155 185 421 668 94 789 830 314 950 492 881 517 736 518 300 964 488 120 683 217 891 147 668 607 385 130 200 107 453 998 455 607 368 460 276 468 379 29 844 531 122 928 609 443 136 116 376 698 952 708 863 
649 632 88 257 410 573 41 965 700 154 271 356 136 47 785 203 48 886 20 349 634 648 500 311 525 0 489 955 220 579 804 961 273 363 24 444 334 297 707 656 64 364 162 64 178 516 440 151 923 40 908 113 41 688 598 774 179 722 518 306 247 603 862 261 154 447 56 391 353 354 654 425 336 882 596 947 556 79 517 940 
394 263 3 208 127 77 849 975 24 791 487 313 996 819 456 36 117 50 515 440 482 374 489 162 381 489 0 286 950 933 225 223 170 315 394 918 145 538 550 213 180 68 498 167 532 196 480 961 877 168 425 342 865 868 164 197 577 236 342 411 908 807 835 347 355 205 534 67 990 839 715 291 161 862 781 696 107 565 94 877 
828 495 806 289 868 140 771 186 706 714 339 374 762 791 893 273 412 757 952 866 187 497 510 16 233 955 286 0 844 602 57 626 99 773 896 439 721 58 409 161 93 906 795 604 783 409 796 480 548 600 308 808 937 882 676 708 135 876 568 585 35 778 604 134 709 408 53 259 787 576 693 509 927 39 323 844 120 565 128 112 
616 441 285 347 5 747 611 85 887 992 165 515 416 68 846 844 145 874 857 866 552 314 717 239 104 220 950 844 0 129 863 898 241 41 578 712 111 240 633 313 615 343 298 393 142 748 571 749 194 153 184 407 342 956 780 146 922 378 200 85 589 929 463 784 816 970 549 899 901 92 140 489 357 454 408 341 439 154 191 700 
34 679 497 471 872 909 368 911 745 742 898 529 29 58 274 190 761 533 168 862 552 730 157 581 155 579 933 602 129 0 454 391 829 945 158 674 367 924 895 884 608 865 198 548 441 991 749 86 256 414 1 252 290 340 682 984 234 429 867 606 797 221 128 881 559 993 964 561 301 997 66 973 834 852 127 504 957 44 427 790 
664 788 651 730 8 164 339 707 240 454 66 17 1000 258 846 999 318 26 936 958 515 521 806 52 185 804 225 57 863 454 0 218 916 882 963 291 390 603 789 457 201 689 371 623 689 47 306 138 899 250 96 626 964 674 348 732 404 440 661 172 553 877 960 326 624 133 492 495 565 806 134 863 782 604 756 233 548 953 237 86 
811 579 136 808 127 76 186 217 581 576 474 935 340 85 53 614 944 769 978 483 710 279 508 840 421 961 223 626 898 391 218 0 141 659 376 279 248 141 380 993 326 355 308 583 742 155 206 575 465 270 6 522 175 456 820 522 276 822 135 589 670 831 916 885 491 188 516 743 458 575 758 848 587 311 590 664 174 499 773 705 
605 20 318 867 77 261 952 98 239 836 745 858 60 635 924 388 849 491 70 940 495 650 399 84 668 273 170 99 241 829 916 141 0 790 95 936 906 520 371 914 605 799 485 576 597 940 193 719 911 817 543 348 250 840 324 530 414 175 637 404 784 417 947 968 714 993 894 104 13 939 510 51 583 972 675 470 353 991 862 562 
777 856 907 232 2 524 207 176 797 578 283 881 329 179 561 942 884 514 535 36 61 996 737 585 94 363 315 773 41 945 882 659 790 0 866 167 445 706 627 535 575 619 983 10 270 22 870 664 301 50 152 179 777 270 518 983 268 505 964 607 555 758 821 583 572 658 458 861 992 82 778 681 773 460 128 548 334 712 622 56 
499 711 542 984 577 650 819 709 34 32 264 943 552 469 475 199 593 321 596 512 770 455 373 431 789 24 394 896 578 158 963 376 95 866 0 315 344 692 474 92 303 396 637 643 727 6 649 727 408 455 686 113 896 280 338 711 734 978 832 404 514 306 33 209 552 857 835 239 466 824 170 435 640 254 126 302 195 244 822 985 
838 439 124 223 73 183 224 760 880 660 863 567 496 381 3 678 423 339 446 745 723 928 781 964 830 444 918 439 712 674 291 279 936 167 315 0 671 382 412 850 598 10 841 927 530 671 445 98 225 133 134 940 304 16 671 257 853 667 811 484 352 500 840 693 230 298 687 396 624 332 584 407 247 903 676 535 832 705 120 765 
480 304 216 557 42 979 732 667 147 277 512 405 969 246 455 565 629 573 259 353 572 770 606 240 314 334 145 721 111 367 390 248 906 445 344 671 0 350 839 148 321 951 896 85 739 177 93 564 700 628 117 454 89 190 993 611 249 754 735 263 589 496 506 637 33 486 178 115 61 732 321 911 483 940 886 468 390 154 601 282 
379 680 179 651 660 434 264 583 53 888 139 823 953 540 677 657 378 945 564 381 593 640 278 33 950 297 538 58 240 924 603 141 520 706 692 382 350 0 257 451 439 672 857 963 867 32 136 979 856 756 751 175 730 866 254 478 75 312 75 572 18 520 30 660 960 116 331 761 86 914 284 716 14 422 660 953 749 427 568 49 
925 612 440 743 815 785 998 325 72 17 66 339 277 359 629 281 202 805 458 459 464 926 766 631 492 707 550 409 633 895 789 380 371 627 474 412 839 257 0 679 984 406 786 691 58 713 387 624 35 92 635 898 499 970 987 14 975 11 546 116 965 284 18 38 546 426 45 361 925 507 160 661 429 511 199 980 824 403 282 703 
933 546 954 707 449 309 989 226 635 889 838 780 870 420 404 220 184 955 279 639 340 164 739 742 881 656 213 161 313 884 457 993 914 535 92 850 148 451 679 0 726 537 626 103 532 113 646 701 155 382 275 232 242 410 931 212 724 526 770 327 516 13 733 614 824 756 67 422 492 354 746 614 272 114 237 897 842 449 925 386 
751 951 717 711 502 852 292 597 196 172 76 314 808 198 35 692 583 936 847 32 127 722 631 653 517 64 180 93 615 608 201 326 605 575 303 598 321 439 984 726 0 535 781 228 506 699 56 671 514 442 348 509 770 644 536 913 489 537 958 300 647 738 235 277 862 185 240 811 424 788 499 376 496 563 399 789 401 298 279 143 
358 996 851 838 357 162 298 708 865 616 149 751 83 885 649 299 303 18 807 344 206 568 316 691 736 364 68 906 343 865 689 355 799 619 396 10 951 672 406 537 535 0 236 44 604 603 146 944 26 272 380 483 278 512 897 657 975 270 712 293 826 715 802 289 75 27 447 626 490 749 518 547 893 532 36 175 799 980 998 337 
23 102 201 258 621 692 915 90 776 473 180 304 156 811 539 462 750 57 20 946 191 403 756 459 518 162 498 795 298 198 371 308 485 983 637 841 896 857 786 626 781 236 0 234 587 640 364 655 253 688 392 90 285 789 449 733 97 426 31 979 737 926 22 669 907 383 574 808 385 880 79 770 454 123 563 997 325 314 461 872 
586 701 458 463 969 981 275 511 809 642 225 526 581 26 945 275 792 961 595 580 255 438 883 686 300 64 167 604 393 548 623 583 576 10 643 927 85 963 691 103 228 44 234 0 739 216 339 858 947 506 493 200 297 847 362 759 816 265 273 315 247 240 743 95 535 562 741 70 424 270 615 211 523 467 980 466 140 595 613 959 
616 979 288 1 609 47 953 493 228 233 457 861 203 860 874 784 576 694 389 510 382 796 515 496 964 178 532 783 142 441 689 742 597 270 727 530 739 867 58 532 506 604 587 739 0 53 626 991 148 413 677 657 666 529 327 316 20 746 711 282 15 667 261 655 635 619 627 281 808 319 754 439 956 471 943 846 615 266 637 509 
759 910 946 178 251 842 333 417 394 555 572 86 933 158 560 240 939 393 520 300 177 100 396 743 488 516 196 409 748 991 47 155 940 22 6 671 177 32 713 113 699 603 640 216 53 0 332 428 658 480 578 289 11 860 299 9 50 320 764 668 212 450 980 222 478 396 676 585 61 980 589 194 383 188 165 382 440 306 951 120 
329 765 759 102 83 343 51 871 934 83 372 307 15 464 538 10 701 691 365 542 790 283 155 218 120 440 480 796 571 749 306 206 193 870 649 445 93 136 387 646 56 146 364 339 626 332 0 751 733 781 446 317 170 88 763 682 555 726 967 265 534 6 17 13 42 329 227 14 49 5 392 635 576 37 165 256 134 966 921 609 
441 560 644 756 103 366 590 94 693 950 150 60 773 416 379 337 836 525 139 818 593 613 39 757 683 151 961 480 749 86 138 575 719 664 727 98 564 979 624 701 671 944 655 858 991 428 751 0 374 497 504 502 66 23 805 710 391 911 740 595 98 423 594 106 968 705 618 21 894 610 104 525 344 976 612 85 220 938 790 306 
