20 4
0 397 703 619 592 354 74 607 826 837 190 140 121 383 385 71 553 998 341 186 
397 0 151 896 852 960 799 527 559 186 299 474 946 392 750 31 575 483 254 542 
703 151 0 14 434 472 966 472 557 984 264 223 45 3 711 517 111 944 279 494 
619 896 14 0 147 602 114 833 6 881 579 639 801 650 501 430 527 78 898 54 
592 852 434 147 0 547 99 403 589 654 834 692 280 966 489 269 846 402 163 330 
354 960 472 602 547 0 151 601 130 779 628 850 316 533 665 147 341 136 177 16 
74 799 966 114 99 151 0 164 534 112 38 99 937 296 833 712 420 875 982 181 
607 527 472 833 403 601 164 0 322 312 597 853 143 154 808 376 298 915 378 634 
826 559 557 6 589 130 534 322 0 212 685 193 80 731 932 480 90 589 4 816 
837 186 984 881 654 779 112 312 212 0 11 970 761 369 663 174 899 329 430 669 
190 299 264 579 834 628 38 597 685 11 0 567 583 719 602 226 940 817 833 308 
140 474 223 639 692 850 99 853 193 970 567 0 674 144 239 993 930 74 89 841 
121 946 45 801 280 316 937 143 80 761 583 674 0 54 515 175 735 247 826 255 
383 392 3 650 966 533 296 154 731 369 719 144 54 0 763 334 383 357 472 900 
385 750 711 501 489 665 833 808 932 663 602 239 515 763 0 994 989 602 857 540 
71 31 517 430 269 147 712 376 480 174 226 993 175 334 994 0 143 118 674 969 
553 575 111 527 846 341 420 298 90 899 940 930 735 383 989 143 0 958 399 233 
998 483 944 78 402 136 875 915 589 329 817 74 247 357 602 118 958 0 758 326 
341 254 279 898 163 177 982 378 4 430 833 89 826 472 857 674 399 758 0 736 
186 542 494 54 330 16 181 634 816 669 308 841 255 900 540 969 233 326 736 0 
0 728 301 428 26 194 52 699 653 409 679 156 191 163 164 435 399 138 33 160 
728 0 64 182 430 157 257 206 884 280 840 515 521 683 239 295 147 102 158 893 
301 64 0 700 1 714 671 962 413 349 925 337 86 875 825 922 760 650 629 177 
428 182 700 0 412 819 18 807 426 75 943 116 511 532 636 194 374 133 538 367 
26 430 1 412 0 476 931 860 784 914 348 509 421 677 584 663 53 499 214 99 
194 157 714 819 476 0 799 928 568 847 850 431 80 386 137 337 447 828 848 276 
52 257 671 18 931 799 0 174 226 971 560 176 776 888 317 742 737 996 567 887 
699 206 962 807 860 928 174 0 495 195 422 219 651 839 480 444 935 836 87 162 
653 884 413 426 784 568 226 495 0 273 855 707 142 872 403 269 77 27 379 970 
409 280 349 75 914 847 971 195 273 0 685 137 821 69 534 590 786 738 707 307 
679 840 925 943 348 850 560 422 855 685 0 72 922 53 605 812 638 499 555 786 
156 515 337 116 509 431 176 219 707 137 72 0 919 640 513 935 130 558 466 23 
191 521 86 511 421 80 776 651 142 821 922 919 0 459 683 142 822 168 233 817 
163 683 875 532 677 386 888 839 872 69 53 640 459 0 442 945 583 293 73 454 
164 239 825 636 584 137 317 480 403 534 605 513 683 442 0 185 786 461 328 60 
435 295 922 194 663 337 742 444 269 590 812 935 142 945 185 0 639 989 188 916 
399 147 760 374 53 447 737 935 77 786 638 130 822 583 786 639 0 476 1000 868 
138 102 650 133 499 828 996 836 27 738 499 558 168 293 461 989 476 0 380 907 
33 158 629 538 214 848 567 87 379 707 555 466 233 73 328 188 1000 380 0 116 
160 893 177 367 99 276 887 162 970 307 786 23 817 454 60 916 868 907 116 0 
0 899 153 298 423 717 791 576 297 575 70 813 438 567 286 77 27 458 594 317 
899 0 938 334 270 186 465 836 856 109 113 741 129 963 920 838 95 301 70 982 
153 938 0 507 505 386 827 280 863 634 946 72 822 759 69 889 395 449 113 851 
298 334 507 0 109 3 523 214 774 858 25 970 237 72 82 84 96 863 817 462 
423 270 505 109 0 774 688 869 764 855 671 493 992 987 929 387 261 393 647 453 
717 186 386 3 774 0 65 199 458 215 704 723 875 902 386 964 942 237 75 430 
791 465 827 523 688 65 0 394 44 299 795 422 593 442 772 949 534 145 266 427 
576 836 280 214 869 199 394 0 799 573 86 438 605 489 898 316 388 382 6 394 
297 856 863 774 764 458 44 799 0 68 204 557 13 629 424 795 586 408 702 59 
575 109 634 858 855 215 299 573 68 0 927 945 7 905 613 639 412 918 981 182 
70 113 946 25 671 704 795 86 204 927 0 486 209 26 19 87 386 206 573 929 
813 741 72 970 493 723 422 438 557 945 486 0 103 484 541 307 522 891 145 824 
438 129 822 237 992 875 593 605 13 7 209 103 0 409 271 594 966 612 994 471 
567 963 759 72 987 902 442 489 629 905 26 484 409 0 876 496 754 112 325 370 
286 920 69 82 929 386 772 898 424 613 19 541 271 876 0 231 284 100 775 279 
77 838 889 84 387 964 949 316 795 639 87 307 594 496 231 0 675 593 314 585 
27 95 395 96 261 942 534 388 586 412 386 522 966 754 284 675 0 328 598 315 
458 301 449 863 393 237 145 382 408 918 206 891 612 112 100 593 328 0 548 665 
594 70 113 817 647 75 266 6 702 981 573 145 994 325 775 314 598 548 0 745 
317 982 851 462 453 430 427 394 59 182 929 824 471 370 279 585 315 665 745 0 
0 756 74 657 902 234 360 727 271 366 471 516 821 670 383 684 398 211 221 509 
756 0 406 452 829 88 536 428 628 279 913 697 777 551 72 309 299 213 417 864 
74 406 0 463 940 105 376 36 268 381 902 223 420 142 554 122 556 972 890 120 
657 452 463 0 954 41 67 377 95 410 946 62 838 556 68 625 385 315 12 405 
902 829 940 954 0 904 365 798 223 329 212 845 101 325 611 528 904 868 403 574 
234 88 105 41 904 0 977 510 529 410 71 563 66 344 81 37 719 521 713 170 
360 536 376 67 365 977 0 818 427 648 806 593 802 234 12 629 958 936 527 187 
727 428 36 377 798 510 818 0 656 451 57 993 311 962 486 962 547 433 197 192 
271 628 268 95 223 529 427 656 0 970 118 195 499 284 850 662 330 933 598 66 
366 279 381 410 329 410 648 451 970 0 372 57 40 396 606 37 37 259 566 934 
471 913 902 946 212 71 806 57 118 372 0 453 301 264 67 809 715 361 531 843 
516 697 223 62 845 563 593 993 195 57 453 0 198 152 564 703 880 405 634 904 
821 777 420 838 101 66 802 311 499 40 301 198 0 913 49 961 962 142 239 562 
670 551 142 556 325 344 234 962 284 396 264 152 913 0 940 844 864 204 91 635 
383 72 554 68 611 81 12 486 850 606 67 564 49 940 0 913 842 534 185 23 
684 309 122 625 528 37 629 962 662 37 809 703 961 844 913 0 127 755 566 455 
398 299 556 385 904 719 958 547 330 37 715 880 962 864 842 127 0 571 391 996 
211 213 972 315 868 521 936 433 933 259 361 405 142 204 534 755 571 0 375 983 
221 417 890 12 403 713 527 197 598 566 531 634 239 91 185 566 391 375 0 311 
509 864 120 405 574 170 187 192 66 934 843 904 562 635 23 455 996 983 311 0 
0 851 19 965 465 142 7 151 37 431 651 34 634 863 426 347 290 309 8 506 
851 0 310 735 316 514 833 303 551 555 878 306 904 909 112 141 764 515 220 862 
19 310 0 817 826 308 690 441 243 484 32 880 596 442 970 204 727 936 713 459 
965 735 817 0 90 907 249 186 49 398 713 591 125 901 559 294 47 226 520 848 
465 316 826 90 0 136 390 159 166 711 666 404 662 425 982 349 119 302 919 786 
142 514 308 907 136 0 670 186 855 934 120 503 63 891 779 990 745 957 879 532 
7 833 690 249 390 670 0 548 730 75 405 851 841 638 705 750 265 817 286 555 
151 303 441 186 159 186 548 0 763 344 49 669 616 692 946 401 100 475 216 712 
37 551 243 49 166 855 730 763 0 251 12 523 313 279 499 382 239 997 112 621 
431 555 484 398 711 934 75 344 251 0 501 233 39 255 660 103 866 1000 659 963 
651 878 32 713 666 120 405 49 12 501 0 790 348 990 846 498 356 849 207 361 
34 306 880 591 404 503 851 669 523 233 790 0 610 23 517 922 69 955 343 839 
634 904 596 125 662 63 841 616 313 39 348 610 0 103 253 995 512 67 723 590 
863 909 442 901 425 891 638 692 279 255 990 23 103 0 160 183 677 337 950 63 
426 112 970 559 982 779 705 946 499 660 846 517 253 160 0 141 402 539 4 478 
347 141 204 294 349 990 750 401 382 103 498 922 995 183 141 0 345 82 153 805 
290 764 727 47 119 745 265 100 239 866 356 69 512 677 402 345 0 670 610 409 
309 515 936 226 302 957 817 475 997 1000 849 955 67 337 539 82 670 0 697 96 
8 220 713 520 919 879 286 216 112 659 207 343 723 950 4 153 610 697 0 457 
506 862 459 848 786 532 555 712 621 963 361 839 590 63 478 805 409 96 457 0 
