10 4
0 574 433 516 753 90 943 104 862 476 
574 0 73 813 412 449 566 465 464 571 
433 73 0 822 210 981 330 25 206 464 
516 813 822 0 245 943 990 689 483 409 
753 412 210 245 0 370 902 776 346 503 
90 449 981 943 370 0 345 945 607 491 
943 566 330 990 902 345 0 220 317 999 
104 465 25 689 776 945 220 0 508 685 
862 464 206 483 346 607 317 508 0 86 
476 571 464 409 503 491 999 685 86 0 
0 732 252 848 706 858 596 607 359 302 
732 0 533 321 948 1 362 501 190 14 
252 533 0 143 909 750 71 447 994 291 
848 321 143 0 836 442 682 84 327 376 
706 948 909 836 0 536 764 193 861 947 
858 1 750 442 536 0 169 623 156 437 
596 362 71 682 764 169 0 680 224 222 
607 501 447 84 193 623 680 0 214 84 
359 190 994 327 861 156 224 214 0 403 
302 14 291 376 947 437 222 84 403 0 
0 269 749 153 295 143 405 394 642 699 
269 0 468 680 53 1000 639 500 811 987 
749 468 0 858 92 251 930 554 7 710 
153 680 858 0 165 559 319 917 674 625 
295 53 92 165 0 465 237 808 140 54 
143 1000 251 559 465 0 832 378 845 564 
405 639 930 319 237 832 0 321 777 779 
394 500 554 917 808 378 321 0 787 917 
642 811 7 674 140 845 777 787 0 598 
699 987 710 625 54 564 779 917 598 0 
0 269 749 153 295 143 405 394 642 699 
269 0 468 680 53 1000 639 500 811 987 
749 468 0 858 92 251 930 554 7 710 
153 680 858 0 165 559 319 917 674 625 
295 53 92 165 0 465 237 808 140 54 
143 1000 251 559 465 0 832 378 845 564 
405 639 930 319 237 832 0 321 777 779 
394 500 554 917 808 378 321 0 787 917 
642 811 7 674 140 845 777 787 0 598 
699 987 710 625 54 564 779 917 598 0 
0 269 749 153 295 143 405 394 642 699 
269 0 468 680 53 1000 639 500 811 987 
749 468 0 858 92 251 930 554 7 710 
153 680 858 0 165 559 319 917 674 625 
295 53 92 165 0 465 237 808 140 54 
143 1000 251 559 465 0 832 378 845 564 
405 639 930 319 237 832 0 321 777 779 
394 500 554 917 808 378 321 0 787 917 
642 811 7 674 140 845 777 787 0 598 
699 987 710 625 54 564 779 917 598 0 
