7 2
0 813 105 728 495 748 590 
813 0 377 463 378 892 566 
105 377 0 940 425 230 694 
728 463 940 0 205 867 517 
495 378 425 205 0 399 457 
748 892 230 867 399 0 171 
590 566 694 517 457 171 0 
0 60 745 306 389 61 842 
60 0 590 51 988 652 887 
745 590 0 599 624 672 346 
306 51 599 0 235 626 258 
389 988 624 235 0 172 566 
61 652 672 626 172 0 74 
842 887 346 258 566 74 0 
0 875 137 527 513 905 299 
875 0 393 993 2 366 92 
137 393 0 377 480 616 669 
527 993 377 0 474 397 724 
513 2 480 474 0 837 337 
905 366 616 397 837 0 998 
299 92 669 724 337 998 0 
