7 3
0 766 274 345 649 838 958 
766 0 343 397 851 130 809 
274 343 0 523 333 968 703 
345 397 523 0 551 820 151 
649 851 333 551 0 663 210 
838 130 968 820 663 0 189 
958 809 703 151 210 189 0 
0 623 773 342 839 264 815 
623 0 837 403 309 597 587 
773 837 0 622 186 28 280 
342 403 622 0 112 698 761 
839 309 186 112 0 639 195 
264 597 28 698 639 0 383 
815 587 280 761 195 383 0 
0 70 213 527 926 834 310 
70 0 804 164 489 11 946 
213 804 0 73 881 715 937 
527 164 73 0 212 140 674 
926 489 881 212 0 850 167 
834 11 715 140 850 0 3 
310 946 937 674 167 3 0 
0 592 542 833 76 38 545 
592 0 629 545 837 661 801 
542 629 0 668 779 584 80 
833 545 668 0 882 223 629 
76 837 779 882 0 853 885 
38 661 584 223 853 0 966 
545 801 80 629 885 966 0 
