7 4
0 813 105 728 495 748 590 
813 0 377 463 378 892 566 
105 377 0 940 425 230 694 
728 463 940 0 205 867 517 
495 378 425 205 0 399 457 
748 892 230 867 399 0 171 
590 566 694 517 457 171 0 
0 814 124 407 61 101 751 
814 0 79 338 45 444 667 
124 79 0 691 306 251 258 
407 338 691 0 930 106 53 
61 45 306 930 0 375 288 
101 444 251 106 375 0 69 
751 667 258 53 288 69 0 
0 585 393 788 905 657 347 
585 0 723 456 719 92 351 
393 723 0 143 102 669 387 
788 456 143 0 1 503 769 
905 719 102 1 0 120 769 
657 92 669 503 120 0 772 
347 351 387 769 769 772 0 
0 701 718 212 814 735 132 
701 0 731 514 813 406 373 
718 731 0 528 396 898 814 
212 514 528 0 627 523 941 
814 813 396 627 0 699 185 
735 406 898 523 699 0 416 
132 373 814 941 185 416 0 
0 733 950 391 959 965 715 
733 0 614 527 847 577 66 
950 614 0 347 375 536 732 
391 527 347 0 271 180 779 
959 847 375 271 0 229 869 
965 577 536 180 229 0 901 
715 66 732 779 869 901 0 
