9 2
0 183 334 649 968 210 944 572 200 
183 0 169 851 820 189 368 619 856 
334 169 0 333 663 594 220 896 51 
649 851 333 0 355 115 772 14 785 
968 820 663 355 0 601 59 571 818 
210 189 594 115 601 0 265 29 164 
944 368 220 772 59 265 0 877 672 
572 619 896 14 571 29 877 0 1000 
200 856 51 785 818 164 672 1000 0 
0 715 213 165 833 826 935 373 919 
715 0 542 413 601 557 445 685 28 
213 542 0 12 639 589 186 227 715 
165 413 12 0 622 534 881 190 584 
833 601 639 622 0 517 779 264 449 
826 557 589 534 517 0 312 834 474 
935 445 186 881 779 312 0 38 639 
373 685 227 190 264 834 38 0 850 
919 28 715 584 449 474 639 850 0 
0 286 788 836 168 175 66 628 82 
286 0 459 588 400 444 556 316 973 
788 459 0 989 362 412 815 774 286 
836 588 989 0 379 467 120 811 417 
168 400 362 379 0 484 222 737 552 
175 444 412 467 484 0 689 167 527 
66 556 815 120 222 689 0 963 362 
628 316 774 811 737 167 963 0 151 
82 973 286 417 552 527 362 151 0 
