7 4
0 354 977 433 188 905 753 
354 0 244 73 832 51 412 
977 244 0 484 391 403 210 
433 73 484 0 516 430 245 
188 832 391 516 0 147 797 
905 51 403 430 147 0 229 
753 412 210 245 797 229 0 
0 689 912 441 896 252 62 
689 0 979 408 210 533 110 
912 979 0 578 468 660 405 
441 408 578 0 281 790 848 
896 210 468 281 0 386 321 
252 533 660 790 386 0 143 
62 110 405 848 321 143 0 
0 312 89 560 105 749 939 
312 0 22 593 791 468 891 
89 22 0 423 533 341 596 
560 593 423 0 720 211 153 
105 791 533 720 0 615 680 
749 468 341 211 615 0 858 
939 891 596 153 680 858 0 
0 312 89 560 105 749 939 
312 0 22 593 791 468 891 
89 22 0 423 533 341 596 
560 593 423 0 720 211 153 
105 791 533 720 0 615 680 
749 468 341 211 615 0 858 
939 891 596 153 680 858 0 
0 312 89 560 105 749 939 
312 0 22 593 791 468 891 
89 22 0 423 533 341 596 
560 593 423 0 720 211 153 
105 791 533 720 0 615 680 
749 468 341 211 615 0 858 
939 891 596 153 680 858 0 
