5 4
0 1 862 105 5 
1 0 100 377 177 
862 100 0 804 728 
105 377 804 0 463 
5 177 728 463 0 
0 173 699 576 295 
173 0 492 529 651 
699 492 0 124 600 
576 529 124 0 624 
295 651 600 624 0 
0 900 814 278 898 
900 0 333 477 306 
814 333 0 608 599 
278 477 608 0 379 
898 306 599 379 0 
0 403 487 19 69 
403 0 10 396 149 
487 10 0 283 890 
19 396 283 0 582 
69 149 890 582 0 
0 195 268 745 23 
195 0 179 989 658 
268 179 0 51 223 
745 989 51 0 364 
23 658 223 364 0 
