20 2
0 73 210 990 346 883 441 81 758 547 110 911 96 831 147 156 657 379 607 8 
73 0 245 902 607 625 111 746 545 255 126 193 361 69 495 536 476 926 327 623 
210 245 0 345 317 755 754 797 116 905 285 434 668 903 169 415 596 14 921 857 
990 902 345 0 508 414 815 319 615 790 544 842 752 683 886 486 60 169 860 92 
346 607 317 508 0 394 408 518 558 747 405 828 197 14 858 997 336 749 501 812 
883 625 755 414 394 0 325 896 948 698 51 659 972 67 780 706 800 631 886 680 
441 111 754 815 408 325 0 671 724 543 363 459 706 300 275 388 362 572 668 536 
81 746 797 319 518 896 671 0 491 386 397 893 558 709 615 713 235 152 702 204 
758 545 116 615 558 948 724 491 0 254 848 53 934 706 1 624 555 952 447 235 
547 255 905 790 747 698 543 386 254 0 369 764 292 906 285 22 239 945 805 840 
110 126 285 544 405 51 363 397 848 369 0 617 948 150 329 816 71 395 934 374 
911 193 434 842 828 659 459 893 53 764 617 0 981 433 352 61 594 248 399 782 
96 361 668 752 197 972 706 558 934 292 948 981 0 57 750 85 602 578 84 469 
831 69 903 683 14 67 300 709 706 906 150 433 57 0 282 614 276 719 743 741 
147 495 169 886 858 780 275 615 1 285 329 352 750 282 0 706 682 906 712 423 
156 536 415 486 997 706 388 713 624 22 816 61 85 614 706 0 456 454 584 899 
657 476 596 60 336 800 362 235 555 239 71 594 602 276 682 456 0 924 193 249 
379 926 14 169 749 631 572 152 952 945 395 248 578 719 906 454 924 0 512 359 
607 327 921 860 501 886 668 702 447 805 934 399 84 743 712 584 193 512 0 80 
8 623 857 92 812 680 536 204 235 840 374 782 469 741 423 899 249 359 80 0 
0 190 216 210 359 149 717 911 729 674 845 616 464 543 845 151 273 520 89 506 
190 0 1 906 927 522 457 611 987 794 891 818 164 402 179 149 395 580 48 77 
216 1 0 695 49 31 10 689 399 325 625 54 238 766 195 852 858 509 481 212 
210 906 695 0 572 567 809 370 403 663 349 729 958 836 450 90 275 470 363 581 
359 927 49 572 0 534 275 504 144 117 178 22 937 80 628 921 593 133 843 920 
149 522 31 567 534 0 3 823 322 169 15 689 434 361 142 961 946 12 983 216 
717 457 10 809 275 3 0 463 148 170 647 106 19 570 770 473 409 80 758 135 
911 611 689 370 504 823 463 0 463 929 870 331 450 338 740 572 692 433 23 712 
729 987 399 403 144 322 148 463 0 624 300 199 500 54 177 954 82 426 6 126 
674 794 325 663 117 169 170 929 624 0 583 9 48 57 477 575 990 531 520 579 
845 891 625 349 178 15 647 870 300 583 0 520 294 814 133 452 187 627 853 167 
616 818 54 729 22 689 106 331 199 9 520 0 934 947 827 923 655 667 192 704 
464 164 238 958 937 434 19 450 500 48 294 934 0 483 901 193 112 281 862 617 
543 402 766 836 80 361 570 338 54 57 814 947 483 0 375 683 859 787 525 103 
845 179 195 450 628 142 770 740 177 477 133 827 901 375 0 714 695 415 293 689 
151 149 852 90 921 961 473 572 954 575 452 923 193 683 714 0 243 930 4 838 
273 395 858 275 593 946 409 692 82 990 187 655 112 859 695 243 0 950 385 718 
520 580 509 470 133 12 80 433 426 531 627 667 281 787 415 930 950 0 269 144 
89 48 481 363 843 983 758 23 6 520 853 192 862 525 293 4 385 269 0 951 
506 77 212 581 920 216 135 712 126 579 167 704 617 103 689 838 718 144 951 0 
0 262 351 212 343 72 884 932 589 743 853 623 444 590 862 97 248 514 1 409 
262 0 51 865 662 577 694 580 897 891 966 727 142 499 249 126 668 595 60 37 
351 51 0 630 29 46 109 589 340 337 584 151 313 769 339 785 903 487 508 218 
212 865 630 0 714 616 883 98 138 656 351 654 866 742 560 139 243 485 695 714 
343 662 29 714 0 307 180 496 147 36 178 202 947 10 493 931 632 81 681 895 
72 577 46 616 307 0 206 905 379 155 93 824 501 325 48 858 925 104 949 328 
884 694 109 883 180 206 0 408 39 190 604 217 45 542 760 571 407 141 824 225 
932 580 589 98 496 905 408 0 523 864 914 627 580 216 593 565 661 373 64 722 
589 897 340 138 147 379 39 523 0 666 430 131 642 40 160 902 248 500 35 124 
743 891 337 656 36 155 190 864 666 0 631 76 73 105 499 680 988 521 497 678 
853 966 584 351 178 93 604 914 430 631 0 616 242 821 100 482 423 594 787 221 
623 727 151 654 202 824 217 627 131 76 616 0 965 991 909 822 624 718 88 704 
444 142 313 866 947 501 45 580 642 73 242 965 0 546 842 340 60 497 726 747 
590 499 769 742 10 325 542 216 40 105 821 991 546 0 348 663 841 666 611 223 
862 249 339 560 493 48 760 593 160 499 100 909 842 348 0 704 747 402 428 782 
97 126 785 139 931 858 571 565 902 680 482 822 340 663 704 0 227 901 55 861 
248 668 903 243 632 925 407 661 248 988 423 624 60 841 747 227 0 982 436 581 
514 595 487 485 81 104 141 373 500 521 594 718 497 666 402 901 982 0 143 94 
1 60 508 695 681 949 824 64 35 497 787 88 726 611 428 55 436 143 0 941 
409 37 218 714 895 328 225 722 124 678 221 704 747 223 782 861 581 94 941 0 
