40 4
0 151 434 114 589 628 937 808 90 430 262 796 384 112 49 354 432 143 234 213 548 763 998 632 143 149 832 430 909 776 562 741 32 686 403 795 842 379 14 81 
151 0 147 99 130 38 143 932 899 833 494 483 426 811 520 473 540 492 210 881 298 47 917 409 954 219 331 186 196 671 95 365 393 909 280 719 853 653 529 211 
434 147 0 151 534 597 80 663 940 89 906 249 231 471 879 477 24 878 853 429 732 741 58 838 869 673 710 816 644 534 38 494 220 747 397 731 941 978 858 883 
114 99 151 0 322 685 761 602 930 826 963 111 886 373 197 882 323 915 467 396 657 969 871 132 90 566 76 88 656 200 635 390 969 684 36 222 677 297 855 829 
589 130 534 322 0 11 583 239 735 472 698 762 692 302 818 72 982 833 767 11 609 427 690 306 27 606 862 562 306 705 621 799 439 910 51 168 333 413 226 482 
628 38 597 685 11 0 674 515 383 857 506 605 90 479 172 168 372 793 933 507 965 976 286 149 359 945 302 514 532 715 655 349 853 390 441 402 260 271 647 572 
937 143 80 761 583 674 0 763 989 674 875 988 482 728 950 61 425 218 462 763 182 570 165 516 819 135 8 714 816 230 476 65 847 795 807 811 570 366 44 116 
808 932 663 602 239 515 763 0 143 399 644 874 996 918 77 482 49 142 202 530 229 72 756 541 967 88 343 595 799 468 850 613 185 693 192 716 368 37 819 639 
90 899 940 930 735 383 989 143 0 758 721 694 512 899 198 550 902 762 431 686 334 937 865 242 146 750 954 386 810 666 52 977 695 959 214 359 555 884 427 537 
430 833 89 826 472 857 674 399 758 0 710 457 308 18 621 893 496 263 976 399 66 190 791 176 933 815 593 763 70 505 29 15 110 693 771 473 415 872 180 315 
262 494 906 963 698 506 875 644 721 710 0 853 661 756 288 637 537 70 121 827 452 448 888 118 289 949 269 105 457 294 791 670 828 110 377 908 180 856 730 849 
796 483 249 111 762 605 988 874 694 457 853 0 375 591 414 949 844 982 485 285 210 161 875 881 767 415 600 669 492 662 321 681 800 523 388 786 320 453 495 616 
384 426 231 886 692 90 482 996 512 308 661 375 0 851 763 553 769 576 857 359 735 899 250 633 108 488 156 308 307 162 360 366 71 752 186 170 392 628 823 539 
112 811 471 373 302 479 728 918 899 18 756 591 851 0 556 927 907 468 593 966 700 376 990 92 461 361 696 819 966 423 894 75 173 173 860 959 215 2 799 553 
49 520 879 197 818 172 950 77 198 621 288 414 763 556 0 86 292 354 668 321 555 601 929 910 686 178 577 213 934 365 7 220 144 902 310 140 999 551 221 73 
354 473 477 882 72 168 61 482 550 893 637 949 553 927 86 0 811 510 687 500 507 285 770 26 639 299 418 3 316 362 257 612 521 124 869 2 505 413 656 992 
432 540 24 323 982 372 425 49 902 496 537 844 769 907 292 811 0 414 93 948 671 648 182 159 90 166 293 809 699 622 531 362 750 765 962 127 759 71 260 858 
143 492 878 915 833 793 218 142 762 263 70 982 576 468 354 510 414 0 717 651 463 927 116 423 649 694 121 41 432 344 465 620 964 115 798 38 498 863 763 913 
234 210 853 467 767 933 462 202 431 976 121 485 857 593 668 687 93 717 0 500 663 299 758 572 77 160 897 265 849 17 68 765 45 762 978 833 103 924 560 59 
213 881 429 396 11 507 763 530 686 399 827 285 359 966 321 500 948 651 500 0 817 243 557 902 170 634 607 907 795 564 536 217 969 94 159 396 379 268 981 350 
548 298 732 657 609 965 182 229 334 66 452 210 735 700 555 507 671 463 663 817 0 907 706 728 371 404 530 476 891 545 806 691 989 493 928 919 857 233 400 894 
763 47 741 969 427 976 570 72 937 190 448 161 899 376 601 285 648 927 299 243 907 0 525 465 457 56 921 380 704 432 833 24 868 627 971 216 464 243 476 189 
998 917 58 871 690 286 165 756 865 791 888 875 250 990 929 770 182 116 758 557 706 525 0 430 737 516 691 774 544 85 671 637 839 972 199 431 426 426 950 601 
632 409 838 132 306 149 516 541 242 176 118 881 633 92 910 26 159 423 572 902 728 465 430 0 495 780 409 205 377 880 436 591 891 343 481 169 954 403 349 366 
143 954 869 90 27 359 819 967 146 933 289 767 108 461 686 639 90 649 77 170 371 457 737 495 0 72 368 904 368 311 827 526 873 699 510 761 824 774 268 398 
149 219 673 566 606 945 135 88 750 815 949 415 488 361 178 299 166 694 160 634 404 56 516 780 72 0 917 863 708 50 416 484 41 138 663 18 591 34 662 498 
832 331 710 76 862 302 8 343 954 593 269 600 156 696 577 418 293 121 897 607 530 921 691 409 368 917 0 136 397 936 376 243 939 576 186 537 517 95 839 809 
430 186 816 88 562 514 714 595 386 763 105 669 308 819 213 3 809 41 265 907 476 380 774 205 904 863 136 0 859 927 885 55 960 303 174 647 922 706 608 818 
909 196 644 656 306 532 816 799 810 70 457 492 307 966 934 316 699 432 849 795 891 704 544 377 368 708 397 859 0 683 690 184 910 727 731 37 427 49 814 475 
776 671 534 200 705 715 230 468 666 505 294 662 162 423 365 362 622 344 17 564 545 432 85 880 311 50 936 927 683 0 18 175 574 621 394 611 108 784 403 835 
562 95 38 635 621 655 476 850 52 29 791 321 360 894 7 257 531 465 68 536 806 833 671 436 827 416 376 885 690 18 0 822 898 151 318 984 99 692 431 24 
741 365 494 390 799 349 65 613 977 15 670 681 366 75 220 612 362 620 765 217 691 24 637 591 526 484 243 55 184 175 822 0 790 206 818 156 699 764 813 88 
32 393 220 969 439 853 847 185 695 110 828 800 71 173 144 521 750 964 45 969 989 868 839 891 873 41 939 960 910 574 898 790 0 817 703 248 629 659 707 477 
686 909 747 684 910 390 795 693 959 693 110 523 752 173 902 124 765 115 762 94 493 627 972 343 699 138 576 303 727 621 151 206 817 0 548 255 918 223 81 69 
403 280 397 36 51 441 807 192 214 771 377 388 186 860 310 869 962 798 978 159 928 971 199 481 510 663 186 174 731 394 318 818 703 548 0 156 97 288 783 663 
795 719 731 222 168 402 811 716 359 473 908 786 170 959 140 2 127 38 833 396 919 216 431 169 761 18 537 647 37 611 984 156 248 255 156 0 382 166 281 817 
842 853 941 677 333 260 570 368 555 415 180 320 392 215 999 505 759 498 103 379 857 464 426 954 824 591 517 922 427 108 99 699 629 918 97 382 0 568 59 408 
379 653 978 297 413 271 366 37 884 872 856 453 628 2 551 413 71 863 924 268 233 243 426 403 774 34 95 706 49 784 692 764 659 223 288 166 568 0 946 646 
14 529 858 855 226 647 44 819 427 180 730 495 823 799 221 656 260 763 560 981 400 476 950 349 268 662 839 608 814 403 431 813 707 81 783 281 59 946 0 552 
81 211 883 829 482 572 116 639 537 315 849 616 539 553 73 992 858 913 59 350 894 189 601 366 398 498 809 818 475 835 24 88 477 69 663 817 408 646 552 0 
0 581 897 511 976 201 15 451 953 789 135 172 58 141 503 354 485 5 753 589 801 301 926 200 327 675 874 788 209 363 124 559 513 951 976 300 11 951 198 700 
581 0 232 494 227 248 464 302 436 780 256 94 173 294 695 302 841 141 175 568 737 857 88 665 468 810 463 164 514 41 729 650 710 746 712 604 301 332 193 391 
897 232 0 181 171 210 479 535 32 134 168 510 869 546 567 286 928 48 462 844 223 432 397 871 582 833 239 66 843 428 678 320 627 597 696 11 759 290 343 661 
511 494 181 0 81 863 910 427 977 159 431 848 921 667 548 223 407 755 225 984 759 668 769 298 533 799 950 846 156 722 286 476 905 76 77 10 112 12 96 194 
976 227 171 81 0 882 798 722 764 727 838 662 646 121 440 826 994 979 662 436 661 307 546 262 365 601 939 26 432 152 423 100 553 966 679 103 333 837 335 637 
201 248 210 863 882 0 101 561 357 780 51 644 694 641 197 117 201 436 999 589 907 855 989 919 987 841 239 521 413 843 259 44 749 571 775 226 235 298 911 375 
15 464 479 910 798 101 0 900 956 409 564 188 125 641 481 211 927 777 424 132 679 683 562 348 216 320 585 695 595 707 781 371 405 127 68 893 158 445 700 577 
451 302 535 427 722 561 900 0 742 484 505 144 775 779 890 198 553 693 626 353 117 158 141 58 606 919 56 863 197 69 444 908 67 517 195 839 8 439 155 3 
953 436 32 977 764 357 956 742 0 307 138 989 144 232 452 123 418 222 600 495 230 671 988 652 649 875 239 568 605 876 761 905 249 93 839 963 743 709 253 533 
789 780 134 159 727 780 409 484 307 0 605 677 921 171 850 946 257 491 398 828 469 991 372 718 257 100 509 339 867 802 936 971 61 873 201 651 196 734 227 490 
135 256 168 431 838 51 564 505 138 605 0 9 471 286 239 910 199 727 534 224 898 596 477 988 41 471 697 442 828 357 217 990 611 930 90 796 848 937 730 114 
172 94 510 848 662 644 188 144 989 677 9 0 49 387 560 546 639 594 468 214 745 672 691 237 356 963 32 767 836 816 797 677 236 835 233 103 155 254 26 374 
58 173 869 921 646 694 125 775 144 921 471 49 0 747 88 898 76 438 474 659 451 994 484 968 48 222 838 714 292 965 4 945 149 592 314 957 182 441 615 33 
141 294 546 667 121 641 641 779 232 171 286 387 747 0 246 652 837 96 302 214 366 822 427 561 558 543 874 288 646 622 563 593 400 335 462 334 547 909 498 96 
503 695 567 548 440 197 481 890 452 850 239 560 88 246 0 568 353 299 963 835 444 497 335 435 311 791 648 852 274 968 951 761 617 605 20 397 699 693 169 882 
354 302 286 223 826 117 211 198 123 946 910 546 898 652 568 0 593 916 485 995 973 365 473 974 219 412 597 699 5 711 207 220 780 455 316 55 53 773 689 117 
485 841 928 407 994 201 927 553 418 257 199 639 76 837 353 593 0 654 298 957 79 966 161 277 912 866 604 743 90 11 595 924 385 77 493 539 561 745 967 2 
5 141 48 755 979 436 777 693 222 491 727 594 438 96 299 916 654 0 981 72 113 730 35 55 876 178 872 197 143 32 333 567 841 863 766 840 730 818 633 493 
753 175 462 225 662 999 424 626 600 398 534 468 474 302 963 485 298 981 0 59 714 68 641 539 621 259 911 505 814 552 196 920 538 113 310 228 788 620 371 352 
589 568 844 984 436 589 132 353 495 828 224 214 659 214 835 995 957 72 59 0 343 758 898 926 110 76 280 320 340 549 10 122 870 261 841 820 164 17 224 350 
801 737 223 759 661 907 679 117 230 469 898 745 451 366 444 973 79 113 714 343 0 836 26 854 721 879 365 603 800 596 613 27 184 431 963 860 206 514 903 595 
301 857 432 668 307 855 683 158 671 991 596 672 994 822 497 365 966 730 68 758 836 0 2 285 81 119 190 238 19 959 353 114 340 743 238 597 705 429 529 415 
926 88 397 769 546 989 562 141 988 372 477 691 484 427 335 473 161 35 641 898 26 2 0 132 903 217 862 703 16 789 840 931 742 910 106 510 513 98 496 555 
200 665 871 298 262 919 348 58 652 718 988 237 968 561 435 974 277 55 539 926 854 285 132 0 749 917 579 987 335 896 892 801 213 457 233 796 318 701 168 736 
327 468 582 533 365 987 216 606 649 257 41 356 48 558 311 219 912 876 621 110 721 81 903 749 0 554 604 261 377 162 216 28 533 540 398 783 52 941 195 318 
675 810 833 799 601 841 320 919 875 100 471 963 222 543 791 412 866 178 259 76 879 119 217 917 554 0 326 808 494 866 667 226 914 357 859 689 957 751 290 265 
874 463 239 950 939 239 585 56 239 509 697 32 838 874 648 597 604 872 911 280 365 190 862 579 604 326 0 186 194 558 965 556 850 780 918 270 211 875 600 999 
788 164 66 846 26 521 695 863 568 339 442 767 714 288 852 699 743 197 505 320 603 238 703 987 261 808 186 0 650 310 565 117 679 361 932 739 23 487 179 423 
209 514 843 156 432 413 595 197 605 867 828 836 292 646 274 5 90 143 814 340 800 19 16 335 377 494 194 650 0 981 719 708 376 83 531 532 813 6 50 396 
363 41 428 722 152 843 707 69 876 802 357 816 965 622 968 711 11 32 552 549 596 959 789 896 162 866 558 310 981 0 572 507 548 373 965 887 254 443 295 832 
124 729 678 286 423 259 781 444 761 936 217 797 4 563 951 207 595 333 196 10 613 353 840 892 216 667 965 565 719 572 0 925 389 901 327 461 307 809 382 833 
559 650 320 476 100 44 371 908 905 971 990 677 945 593 761 220 924 567 920 122 27 114 931 801 28 226 556 117 708 507 925 0 387 568 149 96 62 545 764 904 
513 710 627 905 553 749 405 67 249 61 611 236 149 400 617 780 385 841 538 870 184 340 742 213 533 914 850 679 376 548 389 387 0 120 97 133 453 928 480 743 
951 746 597 76 966 571 127 517 93 873 930 835 592 335 605 455 77 863 113 261 431 743 910 457 540 357 780 361 83 373 901 568 120 0 511 604 155 358 583 570 
976 712 696 77 679 775 68 195 839 201 90 233 314 462 20 316 493 766 310 841 963 238 106 233 398 859 918 932 531 965 327 149 97 511 0 736 796 737 922 423 
300 604 11 10 103 226 893 839 963 651 796 103 957 334 397 55 539 840 228 820 860 597 510 796 783 689 270 739 532 887 461 96 133 604 736 0 229 806 95 368 
11 301 759 112 333 235 158 8 743 196 848 155 182 547 699 53 561 730 788 164 206 705 513 318 52 957 211 23 813 254 307 62 453 155 796 229 0 399 522 386 
951 332 290 12 837 298 445 439 709 734 937 254 441 909 693 773 745 818 620 17 514 429 98 701 941 751 875 487 6 443 809 545 928 358 737 806 399 0 508 638 
198 193 343 96 335 911 700 155 253 227 730 26 615 498 169 689 967 633 371 224 903 529 496 168 195 290 600 179 50 295 382 764 480 583 922 95 522 508 0 342 
700 391 661 194 637 375 577 3 533 490 114 374 33 96 882 117 2 493 352 350 595 415 555 736 318 265 999 423 396 832 833 904 743 570 423 368 386 638 342 0 
0 545 263 262 814 678 355 490 368 767 509 739 327 786 384 423 497 128 474 406 635 371 708 442 523 606 857 651 413 734 223 604 409 717 812 769 286 339 73 939 
545 0 663 731 217 489 280 171 482 656 634 71 753 12 578 955 564 190 345 657 411 816 613 253 475 835 314 532 457 958 224 769 789 852 654 674 208 978 151 330 
263 663 0 70 360 439 413 470 100 365 231 895 900 330 507 197 983 366 579 916 780 396 830 367 561 302 52 10 875 306 660 66 590 770 630 94 587 196 234 897 
262 731 70 0 82 879 845 275 104 219 123 870 785 464 269 8 159 590 233 937 752 928 269 351 697 928 556 999 423 799 3 284 839 314 405 312 178 442 217 335 
814 217 360 82 0 558 956 168 991 907 741 132 819 886 359 266 250 329 435 175 585 849 551 158 929 925 716 936 637 65 681 534 732 692 526 228 417 991 256 589 
678 489 439 879 558 0 187 529 629 799 137 980 386 934 426 115 140 974 770 606 754 514 841 804 540 642 197 781 269 931 548 187 489 847 566 434 335 168 301 872 
355 280 413 845 956 187 0 959 882 702 239 394 96 501 430 245 895 592 92 447 569 550 623 639 711 625 136 225 783 352 668 801 594 722 241 56 58 343 368 579 
490 171 470 275 168 529 959 0 519 553 346 111 892 445 833 155 626 628 105 933 157 83 298 284 817 703 645 502 428 324 590 965 196 819 65 570 395 990 255 147 
368 482 100 104 991 629 882 519 0 809 807 992 670 152 796 87 48 310 313 626 169 310 65 955 957 854 181 111 20 799 674 660 429 777 108 876 968 740 351 341 
767 656 365 219 907 799 702 553 809 0 154 983 535 384 657 992 312 821 224 798 780 9 788 221 916 258 753 540 626 650 531 888 376 661 66 827 476 669 658 253 
509 634 231 123 741 137 239 346 807 154 0 16 931 282 925 587 239 639 550 467 734 319 242 865 455 295 394 424 98 809 412 953 929 303 259 942 991 787 324 321 
739 71 895 870 132 980 394 111 992 983 16 0 506 339 372 923 563 741 925 394 828 623 332 517 47 828 118 834 745 276 554 173 332 439 180 64 838 619 313 687 
327 753 900 785 819 386 96 892 670 535 931 506 0 878 134 910 178 322 733 104 424 781 889 692 78 186 682 641 924 443 193 878 543 192 811 366 6 472 255 184 
786 12 330 464 886 934 501 445 152 384 282 339 878 0 487 212 798 98 865 209 381 611 386 442 648 374 369 435 270 933 641 252 438 363 750 127 693 771 673 798 
384 578 507 269 359 426 430 833 796 657 925 372 134 487 0 728 14 540 844 690 482 582 400 639 493 893 344 616 650 571 901 600 227 42 468 322 599 962 338 776 
423 955 197 8 266 115 245 155 87 992 587 923 910 212 728 0 229 311 262 968 992 82 944 804 154 441 629 954 5 457 838 58 413 545 374 71 378 229 296 312 
497 564 983 159 250 140 895 626 48 312 239 563 178 798 14 229 0 422 530 924 766 581 645 144 338 488 497 832 241 444 246 345 774 23 697 616 413 525 661 263 
128 190 366 590 329 974 592 628 310 821 639 741 322 98 540 311 422 0 233 149 319 635 603 362 675 510 909 927 12 264 151 382 309 523 198 540 442 368 508 677 
474 345 579 233 435 770 92 105 313 224 550 925 733 865 844 262 530 233 0 386 842 73 667 371 862 193 267 471 520 322 510 776 838 389 485 493 873 330 476 504 
406 657 916 937 175 606 447 933 626 798 467 394 104 209 690 968 924 149 386 0 364 301 627 835 150 56 220 150 252 667 234 124 907 201 271 457 341 151 495 859 
635 411 780 752 585 754 569 157 169 780 734 828 424 381 482 992 766 319 842 364 0 629 689 835 537 763 58 331 900 80 440 394 26 303 781 874 387 138 885 690 
371 816 396 928 849 514 550 83 310 9 319 623 781 611 582 82 581 635 73 301 629 0 8 679 255 282 268 542 52 904 571 206 116 639 289 694 212 664 693 812 
708 613 830 269 551 841 623 298 65 788 242 332 889 386 400 944 645 603 667 627 689 8 0 594 953 520 552 489 94 620 908 875 944 777 187 906 847 384 503 412 
442 253 367 351 158 804 639 284 955 221 865 517 692 442 639 804 144 362 371 835 835 679 594 0 409 477 357 665 86 843 790 911 44 278 367 496 495 701 640 848 
523 475 561 697 929 540 711 817 957 916 455 47 78 648 493 154 338 675 862 150 537 255 953 409 0 713 295 579 55 376 557 516 426 996 511 762 552 858 76 752 
606 835 302 928 925 642 625 703 854 258 295 828 186 374 893 441 488 510 193 56 763 282 520 477 713 0 534 747 251 735 302 804 429 357 167 660 969 789 40 442 
857 314 52 556 716 197 136 645 181 753 394 118 682 369 344 629 497 909 267 220 58 268 552 357 295 534 0 174 113 628 405 600 785 708 595 727 114 641 494 352 
651 532 10 999 936 781 225 502 111 540 424 834 641 435 616 954 832 927 471 150 331 542 489 665 579 747 174 0 856 300 406 357 663 149 917 867 105 540 250 700 
413 457 875 423 637 269 783 428 20 626 98 745 924 270 650 5 241 12 520 252 900 52 94 86 55 251 113 856 0 630 259 994 337 471 557 258 343 53 338 852 
734 958 306 799 65 931 352 324 799 650 809 276 443 933 571 457 444 264 322 667 80 904 620 843 376 735 628 300 630 0 296 499 200 299 836 739 83 392 628 978 
223 224 660 3 681 548 668 590 674 531 412 554 193 641 901 838 246 151 510 234 440 571 908 790 557 302 405 406 259 296 0 328 942 807 267 44 477 762 599 607 
604 769 66 284 534 187 801 965 660 888 953 173 878 252 600 58 345 382 776 124 394 206 875 911 516 804 600 357 994 499 328 0 136 383 222 394 10 73 688 565 
409 789 590 839 732 489 594 196 429 376 929 332 543 438 227 413 774 309 838 907 26 116 944 44 426 429 785 663 337 200 942 136 0 736 458 99 542 368 35 668 
717 852 770 314 692 847 722 819 777 661 303 439 192 363 42 545 23 523 389 201 303 639 777 278 996 357 708 149 471 299 807 383 736 0 511 622 218 74 771 632 
812 654 630 405 526 566 241 65 108 66 259 180 811 750 468 374 697 198 485 271 781 289 187 367 511 167 595 917 557 836 267 222 458 511 0 254 960 883 475 987 
769 674 94 312 228 434 56 570 876 827 942 64 366 127 322 71 616 540 493 457 874 694 906 496 762 660 727 867 258 739 44 394 99 622 254 0 306 974 127 870 
286 208 587 178 417 335 58 395 968 476 991 838 6 693 599 378 413 442 873 341 387 212 847 495 552 969 114 105 343 83 477 10 542 218 960 306 0 696 626 251 
339 978 196 442 991 168 343 990 740 669 787 619 472 771 962 229 525 368 330 151 138 664 384 701 858 789 641 540 53 392 762 73 368 74 883 974 696 0 198 737 
73 151 234 217 256 301 368 255 351 658 324 313 255 673 338 296 661 508 476 495 885 693 503 640 76 40 494 250 338 628 599 688 35 771 475 127 626 198 0 448 
939 330 897 335 589 872 579 147 341 253 321 687 184 798 776 312 263 677 504 859 690 812 412 848 752 442 352 700 852 978 607 565 668 632 987 870 251 737 448 0 
0 571 899 754 724 428 365 388 890 392 238 479 26 137 66 95 260 203 889 698 935 299 860 477 623 727 685 979 258 156 203 619 216 804 917 196 377 808 371 484 
571 0 287 472 448 345 477 128 123 898 535 76 201 102 575 521 999 345 657 454 468 653 432 290 52 818 424 44 329 85 745 790 628 870 313 262 581 204 577 246 
899 287 0 142 416 287 561 884 129 413 702 628 407 445 757 281 684 450 265 940 242 895 400 829 176 616 281 607 869 545 975 285 473 695 841 571 832 592 846 580 
754 472 142 0 332 867 540 782 566 670 59 231 389 554 893 217 606 780 629 653 519 423 905 322 804 482 750 347 195 637 388 609 845 78 795 188 266 733 203 578 
724 448 416 332 0 731 514 834 565 806 713 103 352 1 442 568 527 877 449 288 403 124 146 335 452 143 861 49 200 116 743 731 739 491 555 481 302 969 136 501 
428 345 287 867 731 0 74 639 337 652 570 841 871 617 327 348 326 561 816 408 948 626 895 750 890 378 799 911 91 95 639 476 473 719 422 48 414 311 697 366 
365 477 561 540 514 74 0 536 789 256 910 578 201 629 260 404 335 241 818 282 911 662 351 450 605 275 619 867 810 259 571 442 616 38 647 946 646 22 229 732 
388 128 884 782 834 639 536 0 768 943 443 250 494 684 737 381 290 816 781 804 579 760 35 318 912 778 199 327 130 603 260 543 454 562 112 786 603 926 851 300 
890 123 129 566 565 337 789 768 0 41 806 975 378 92 90 587 340 680 56 474 606 675 349 325 254 907 96 443 492 639 635 880 307 177 615 844 369 654 257 831 
392 898 413 670 806 652 256 943 41 0 290 461 426 274 223 990 226 622 764 473 433 986 326 384 149 530 670 283 728 790 595 920 254 711 495 367 49 54 112 877 
238 535 702 59 713 570 910 443 806 290 0 231 799 614 228 714 357 924 668 216 542 567 443 407 57 42 694 386 339 313 478 758 908 824 2 609 408 744 473 334 
479 76 628 231 103 841 578 250 975 461 231 0 100 881 478 241 360 301 433 134 284 715 139 563 679 604 9 427 895 686 845 794 254 635 779 257 143 392 166 906 
26 201 407 389 352 871 201 494 378 426 799 100 0 461 163 938 38 739 368 761 249 805 673 677 699 498 800 786 106 442 205 614 29 739 71 856 82 54 592 859 
137 102 445 554 1 617 629 684 92 274 614 881 461 0 342 615 245 565 228 410 753 491 633 468 154 370 978 6 705 267 409 409 44 403 6 669 135 583 225 178 
66 575 757 893 442 327 260 737 90 223 228 478 163 342 0 733 432 685 325 990 912 138 578 21 541 402 168 956 437 851 814 647 769 597 542 291 917 299 299 537 
95 521 281 217 568 348 404 381 587 990 714 241 938 615 733 0 574 660 41 703 719 198 381 630 782 842 711 602 109 395 340 570 880 384 729 323 171 968 904 329 
260 999 684 606 527 326 335 290 340 226 357 360 38 245 432 574 0 783 384 336 54 999 8 366 811 552 363 829 540 216 151 260 938 148 351 566 845 165 726 444 
203 345 450 780 877 561 241 816 680 622 924 301 739 565 685 660 783 0 952 550 203 750 421 11 956 446 536 334 275 66 151 173 547 852 937 297 45 903 754 154 
889 657 265 629 449 816 818 781 56 764 668 433 368 228 325 41 384 952 0 574 118 255 66 782 678 159 759 483 19 253 72 714 340 211 489 68 515 691 594 241 
698 454 940 653 288 408 282 804 474 473 216 134 761 410 990 703 336 550 574 0 91 55 569 280 27 431 82 296 206 995 131 658 648 680 589 265 42 199 773 528 
935 468 242 519 403 948 911 579 606 433 542 284 249 753 912 719 54 203 118 91 0 677 548 808 593 916 873 77 731 394 220 38 978 412 724 621 923 791 816 436 
299 653 895 423 124 626 662 760 675 986 567 715 805 491 138 198 999 750 255 55 677 0 378 362 478 122 298 139 288 893 924 468 966 878 38 217 384 645 985 427 
860 432 400 905 146 895 351 35 349 326 443 139 673 633 578 381 8 421 66 569 548 378 0 138 913 460 584 925 341 915 531 840 916 75 94 455 683 262 71 678 
477 290 829 322 335 750 450 318 325 384 407 563 677 468 21 630 366 11 782 280 808 362 138 0 498 881 889 496 289 160 925 862 34 957 431 963 547 176 919 432 
623 52 176 804 452 890 605 912 254 149 57 679 699 154 541 782 811 956 678 27 593 478 913 498 0 732 657 877 246 369 508 464 67 746 707 442 655 816 248 560 
727 818 616 482 143 378 275 778 907 530 42 604 498 370 402 842 552 446 159 431 916 122 460 881 732 0 244 937 662 994 361 431 170 126 660 367 418 580 146 62 
685 424 281 750 861 799 619 199 96 670 694 9 800 978 168 711 363 536 759 82 873 298 584 889 657 244 0 201 294 958 918 680 523 240 451 298 137 953 469 538 
979 44 607 347 49 911 867 327 443 283 386 427 786 6 956 602 829 334 483 296 77 139 925 496 877 937 201 0 501 56 650 270 365 526 269 136 196 474 205 220 
258 329 869 195 200 91 810 130 492 728 339 895 106 705 437 109 540 275 19 206 731 288 341 289 246 662 294 501 0 820 708 317 744 39 488 528 567 409 69 87 
156 85 545 637 116 95 259 603 639 790 313 686 442 267 851 395 216 66 253 995 394 893 915 160 369 994 958 56 820 0 461 527 485 491 606 886 505 297 224 617 
203 745 975 388 743 639 571 260 635 595 478 845 205 409 814 340 151 151 72 131 220 924 531 925 508 361 918 650 708 461 0 726 80 467 306 693 163 941 690 792 
619 790 285 609 731 476 442 543 880 920 758 794 614 409 647 570 260 173 714 658 38 468 840 862 464 431 680 270 317 527 726 0 375 940 293 243 43 493 841 826 
216 628 473 845 739 473 616 454 307 254 908 254 29 44 769 880 938 547 340 648 978 966 916 34 67 170 523 365 744 485 80 375 0 418 256 59 349 880 817 608 
804 870 695 78 491 719 38 562 177 711 824 635 739 403 597 384 148 852 211 680 412 878 75 957 746 126 240 526 39 491 467 940 418 0 56 847 539 926 689 925 
917 313 841 795 555 422 647 112 615 495 2 779 71 6 542 729 351 937 489 589 724 38 94 431 707 660 451 269 488 606 306 293 256 56 0 865 791 560 999 336 
196 262 571 188 481 48 946 786 844 367 609 257 856 669 291 323 566 297 68 265 621 217 455 963 442 367 298 136 528 886 693 243 59 847 865 0 293 712 179 603 
377 581 832 266 302 414 646 603 369 49 408 143 82 135 917 171 845 45 515 42 923 384 683 547 655 418 137 196 567 505 163 43 349 539 791 293 0 766 426 145 
808 204 592 733 969 311 22 926 654 54 744 392 54 583 299 968 165 903 691 199 791 645 262 176 816 580 953 474 409 297 941 493 880 926 560 712 766 0 815 353 
371 577 846 203 136 697 229 851 257 112 473 166 592 225 299 904 726 754 594 773 816 985 71 919 248 146 469 205 69 224 690 841 817 689 999 179 426 815 0 215 
484 246 580 578 501 366 732 300 831 877 334 906 859 178 537 329 444 154 241 528 436 427 678 432 560 62 538 220 87 617 792 826 608 925 336 603 145 353 215 0 
0 874 551 986 954 432 482 11 819 278 379 514 77 42 599 710 140 592 753 773 479 842 456 169 63 939 552 871 399 374 183 231 895 502 581 641 382 565 628 675 
874 0 900 732 250 246 190 419 601 380 470 30 522 234 676 568 976 365 670 585 841 577 537 592 233 488 166 194 325 518 880 764 369 882 373 548 657 314 750 715 
551 900 0 476 601 377 661 834 180 46 88 742 950 630 64 261 215 315 478 774 531 385 949 928 315 455 96 163 816 174 381 364 412 488 357 287 946 600 320 275 
986 732 476 0 137 840 984 733 785 497 824 448 825 949 149 236 126 673 679 429 854 542 401 679 453 380 739 557 634 974 750 637 658 198 177 352 164 809 194 862 
954 250 601 137 0 421 656 746 212 889 981 165 349 987 182 396 540 942 481 217 783 172 595 685 875 247 742 267 772 163 446 512 441 936 571 211 555 983 387 717 
432 246 377 840 421 0 584 197 622 925 35 389 473 363 101 517 487 823 690 466 648 916 881 959 882 528 444 804 592 791 792 106 641 164 159 228 321 11 264 649 
482 190 661 984 656 584 0 887 674 594 457 514 394 813 520 97 319 679 717 738 308 364 626 268 809 473 830 928 687 87 483 421 712 106 372 887 240 551 945 682 
11 419 834 733 746 197 887 0 252 625 715 100 473 887 972 382 575 521 931 14 483 291 593 505 922 400 142 675 265 110 712 680 24 367 419 711 17 632 218 237 
819 601 180 785 212 622 674 252 0 597 88 427 992 36 371 552 424 502 964 398 723 209 807 829 604 492 602 415 738 710 640 264 446 201 515 802 613 538 148 631 
278 380 46 497 889 925 594 625 597 0 483 748 264 157 396 200 491 321 536 371 694 561 575 354 598 165 601 377 952 792 976 823 323 575 7 957 748 121 374 551 
379 470 88 824 981 35 457 715 88 483 0 345 171 610 177 895 929 458 159 914 857 320 511 534 141 677 792 287 999 403 796 880 408 321 473 854 853 440 229 147 
514 30 742 448 165 389 514 100 427 748 345 0 87 104 400 404 820 160 171 304 364 504 896 843 137 771 505 452 635 483 738 146 15 726 156 123 22 191 152 308 
77 522 950 825 349 473 394 473 992 264 171 87 0 743 763 156 39 335 188 702 539 371 715 757 634 339 590 822 491 623 596 780 427 401 249 516 177 756 700 261 
42 234 630 949 987 363 813 887 36 157 610 104 743 0 310 831 943 47 273 744 371 725 125 835 107 117 674 962 495 556 991 278 263 695 572 775 16 682 547 543 
599 676 64 149 182 101 520 972 371 396 177 400 763 310 0 784 482 732 815 817 64 482 437 63 181 394 834 704 84 855 595 297 770 584 403 467 773 888 248 439 
710 568 261 236 396 517 97 382 552 200 895 404 156 831 784 0 717 684 506 849 993 79 147 936 804 790 679 825 99 577 851 253 546 52 518 114 37 836 757 275 
140 976 215 126 540 487 319 575 424 491 929 820 39 943 482 717 0 814 865 338 317 599 360 167 588 497 832 421 141 162 820 692 449 86 795 288 358 570 794 104 
592 365 315 673 942 823 679 521 502 321 458 160 335 47 732 684 814 0 422 441 47 775 3 396 896 233 884 227 318 25 90 882 889 764 308 953 852 613 565 446 
753 670 478 679 481 690 717 931 964 536 159 171 188 273 815 506 865 422 0 238 948 320 612 413 769 444 742 439 443 475 410 868 578 211 283 233 249 683 326 933 
773 585 774 429 217 466 738 14 398 371 914 304 702 744 817 849 338 441 238 0 402 545 765 269 268 129 29 663 181 370 204 23 506 326 626 909 429 86 359 90 
479 841 531 854 783 648 308 483 723 694 857 364 539 371 64 993 317 47 948 402 0 201 357 918 222 843 861 173 405 770 129 13 409 722 267 576 379 719 892 492 
842 577 385 542 172 916 364 291 209 561 320 504 371 725 482 79 599 775 320 545 201 0 152 774 189 27 409 241 42 235 688 62 554 635 182 508 648 252 669 10 
456 537 949 401 595 881 626 593 807 575 511 896 715 125 437 147 360 3 612 765 357 152 0 299 926 236 887 452 855 494 891 410 662 547 446 515 103 427 837 207 
169 592 928 679 685 959 268 505 829 354 534 843 757 835 63 936 167 396 413 269 918 774 299 0 582 531 602 811 218 963 892 351 313 358 43 579 289 655 168 897 
63 233 315 453 875 882 809 922 604 598 141 137 634 107 181 804 588 896 769 268 222 189 926 582 0 825 60 841 933 250 498 166 517 918 66 936 193 709 79 337 
939 488 455 380 247 528 473 400 492 165 677 771 339 117 394 790 497 233 444 129 843 27 236 531 825 0 360 917 341 522 277 128 470 298 779 211 343 268 873 628 
552 166 96 739 742 444 830 142 602 601 792 505 590 674 834 679 832 884 742 29 861 409 887 602 60 360 0 581 334 826 777 458 830 616 620 812 329 293 414 938 
871 194 163 557 267 804 928 675 415 377 287 452 822 962 704 825 421 227 439 663 173 241 452 811 841 917 581 0 876 45 573 233 614 716 523 651 83 306 167 451 
399 325 816 634 772 592 687 265 738 952 999 635 491 495 84 99 141 318 443 181 405 42 855 218 933 341 334 876 0 745 762 819 275 649 966 587 871 67 133 682 
374 518 174 974 163 791 87 110 710 792 403 483 623 556 855 577 162 25 475 370 770 235 494 963 250 522 826 45 745 0 606 198 1000 18 735 570 584 530 200 819 
183 880 381 750 446 792 483 712 640 976 796 738 596 991 595 851 820 90 410 204 129 688 891 892 498 277 777 573 762 606 0 440 12 172 650 283 464 834 272 771 
231 764 364 637 512 106 421 680 264 823 880 146 780 278 297 253 692 882 868 23 13 62 410 351 166 128 458 233 819 198 440 0 555 691 586 194 365 345 369 748 
895 369 412 658 441 641 712 24 446 323 408 15 427 263 770 546 449 889 578 506 409 554 662 313 517 470 830 614 275 1000 12 555 0 68 275 78 54 427 497 402 
502 882 488 198 936 164 106 367 201 575 321 726 401 695 584 52 86 764 211 326 722 635 547 358 918 298 616 716 649 18 172 691 68 0 642 305 559 446 392 779 
581 373 357 177 571 159 372 419 515 7 473 156 249 572 403 518 795 308 283 626 267 182 446 43 66 779 620 523 966 735 650 586 275 642 0 112 749 767 384 270 
641 548 287 352 211 228 887 711 802 957 854 123 516 775 467 114 288 953 233 909 576 508 515 579 936 211 812 651 587 570 283 194 78 305 112 0 193 801 254 183 
382 657 946 164 555 321 240 17 613 748 853 22 177 16 773 37 358 852 249 429 379 648 103 289 193 343 329 83 871 584 464 365 54 559 749 193 0 124 17 170 
565 314 600 809 983 11 551 632 538 121 440 191 756 682 888 836 570 613 683 86 719 252 427 655 709 268 293 306 67 530 834 345 427 446 767 801 124 0 92 133 
628 750 320 194 387 264 945 218 148 374 229 152 700 547 248 757 794 565 326 359 892 669 837 168 79 873 414 167 133 200 272 369 497 392 384 254 17 92 0 258 
675 715 275 862 717 649 682 237 631 551 147 308 261 543 439 275 104 446 933 90 492 10 207 897 337 628 938 451 682 819 771 748 402 779 270 183 170 133 258 0 
