20 2
0 463 694 517 533 200 699 288 952 722 662 554 320 536 599 891 610 314 855 201 
463 0 517 805 903 372 641 912 759 278 805 51 862 23 963 167 173 618 983 816 
694 517 0 75 195 313 126 860 876 147 864 99 910 620 792 915 338 473 999 137 
517 805 75 0 917 871 327 333 635 952 396 79 691 651 890 31 846 389 843 601 
533 903 195 917 0 963 814 551 715 19 590 421 824 967 441 446 545 990 624 248 
200 372 313 871 963 0 282 188 781 32 90 719 456 306 613 975 458 654 117 282 
699 641 126 327 814 282 0 10 156 247 989 815 387 23 223 870 183 306 303 151 
288 912 860 333 551 188 10 0 125 96 229 654 132 474 78 364 824 174 839 880 
952 759 876 635 715 781 156 125 0 668 124 900 295 149 624 737 644 960 521 660 
722 278 147 952 19 32 247 96 668 0 835 712 207 51 947 407 487 722 92 363 
662 805 864 396 590 90 989 229 124 835 0 586 898 400 379 328 269 264 235 764 
554 51 99 79 421 719 815 654 900 712 586 0 189 349 23 213 633 550 695 658 
320 862 910 691 824 456 387 132 295 207 898 189 0 890 937 810 878 635 813 277 
536 23 620 651 967 306 23 474 149 51 400 349 890 0 45 30 545 637 622 61 
599 963 792 890 441 613 223 78 624 947 379 23 937 45 0 789 474 680 527 247 
891 167 915 31 446 975 870 364 737 407 328 213 810 30 789 0 3 488 18 676 
610 173 338 846 545 458 183 824 644 487 269 633 878 545 474 3 0 212 941 670 
314 618 473 389 990 654 306 174 960 722 264 550 635 637 680 488 212 0 281 908 
855 983 999 843 624 117 303 839 521 92 235 695 813 622 527 18 941 281 0 488 
201 816 137 601 248 282 151 880 660 363 764 658 277 61 247 676 670 908 488 0 
0 132 760 707 90 376 709 534 580 599 821 927 881 367 67 681 632 26 972 218 
132 0 130 491 188 93 441 12 806 821 861 470 696 270 337 844 993 334 420 899 
760 130 0 305 873 466 680 359 27 545 320 571 133 169 683 844 872 404 189 1 
707 491 305 0 210 434 990 383 804 60 841 437 642 698 983 496 62 183 81 10 
90 188 873 210 0 477 219 615 416 566 758 990 368 427 920 131 277 411 249 269 
376 93 466 434 477 0 497 131 57 778 124 815 619 897 561 822 951 650 582 90 
709 441 680 990 219 497 0 983 30 709 376 691 89 418 239 843 32 615 847 79 
534 12 359 383 615 131 983 0 323 514 117 447 95 453 463 756 729 341 464 658 
580 806 27 804 416 57 30 323 0 390 755 258 655 163 491 207 757 238 459 650 
599 821 545 60 566 778 709 514 390 0 596 269 583 112 789 11 853 51 305 219 
821 861 320 841 758 124 376 117 755 596 0 225 141 123 582 36 188 546 77 623 
927 470 571 437 990 815 691 447 258 269 225 0 647 519 624 637 349 541 337 499 
881 696 133 642 368 619 89 95 655 583 141 647 0 821 962 411 519 459 492 35 
367 270 169 698 427 897 418 453 163 112 123 519 821 0 857 742 567 534 557 30 
67 337 683 983 920 561 239 463 491 789 582 624 962 857 0 957 722 705 87 662 
681 844 844 496 131 822 843 756 207 11 36 637 411 742 957 0 839 166 390 169 
632 993 872 62 277 951 32 729 757 853 188 349 519 567 722 839 0 47 952 886 
26 334 404 183 411 650 615 341 238 51 546 541 459 534 705 166 47 0 452 205 
972 420 189 81 249 582 847 464 459 305 77 337 492 557 87 390 952 452 0 940 
218 899 1 10 269 90 79 658 650 219 623 499 35 30 662 169 886 205 940 0 
0 932 136 291 772 597 353 424 592 500 84 345 176 610 748 343 361 951 81 759 
932 0 825 419 805 810 444 843 236 221 81 255 360 825 778 240 91 702 637 215 
136 825 0 680 379 517 284 646 771 427 587 342 926 830 127 231 71 601 534 874 
291 419 680 0 816 554 54 567 74 752 108 570 448 428 27 550 927 787 862 998 
772 805 379 816 0 608 922 457 477 615 342 37 805 579 180 850 812 563 785 585 
597 810 517 554 608 0 661 786 974 242 833 235 431 97 561 108 80 443 519 707 
353 444 284 54 922 661 0 40 950 261 518 324 802 567 930 72 762 359 191 882 
424 843 646 567 457 786 40 0 569 411 941 489 897 506 658 357 198 549 478 278 
592 236 771 74 477 974 950 569 0 849 169 770 375 1000 458 709 351 775 575 374 
500 221 427 752 615 242 261 411 849 0 522 537 408 871 121 946 190 975 819 873 
84 81 587 108 342 833 518 941 169 522 0 728 943 810 341 792 805 411 833 348 
345 255 342 570 37 235 324 489 770 537 728 0 419 617 474 364 763 348 804 591 
176 360 926 448 805 431 802 897 375 408 943 419 0 275 24 570 637 613 605 964 
610 825 830 428 579 97 567 506 1000 871 810 617 275 0 132 287 645 268 611 989 
748 778 127 27 180 561 930 658 458 121 341 474 24 132 0 103 206 350 826 233 
343 240 231 550 850 108 72 357 709 946 792 364 570 287 103 0 141 647 606 912 
361 91 71 927 812 80 762 198 351 190 805 763 637 645 206 141 0 896 241 102 
951 702 601 787 563 443 359 549 775 975 411 348 613 268 350 647 896 0 516 681 
81 637 534 862 785 519 191 478 575 819 833 804 605 611 826 606 241 516 0 244 
759 215 874 998 585 707 882 278 374 873 348 591 964 989 233 912 102 681 244 0 
