40 2
0 245 317 815 558 51 706 615 555 805 327 574 796 899 294 726 240 558 466 827 470 771 788 579 719 189 536 388 212 374 1000 418 630 160 916 685 156 242 577 628 
245 0 508 408 948 363 558 1 239 934 562 947 952 431 242 245 280 746 647 363 75 104 399 165 488 127 689 571 120 603 47 111 156 88 347 403 548 664 461 721 
317 508 0 325 724 397 934 285 71 399 909 463 483 880 833 510 449 437 242 594 907 90 800 509 622 967 712 852 906 419 703 245 708 474 282 750 579 480 31 437 
815 408 325 0 491 848 292 329 594 84 312 272 970 245 900 296 860 820 740 404 866 735 177 555 152 741 259 860 414 476 338 333 912 422 844 175 601 610 469 39 
558 948 724 491 0 369 948 352 602 743 861 41 26 505 830 402 241 856 84 676 355 369 197 692 162 973 443 365 171 218 479 395 984 722 598 421 496 65 363 580 
51 363 397 848 369 0 981 750 276 712 22 437 769 109 661 677 498 439 559 410 899 833 327 296 499 169 302 789 334 114 319 41 310 312 881 2 16 10 141 774 
706 558 934 292 948 981 0 282 682 584 551 79 447 885 348 173 190 957 687 237 786 494 216 485 553 553 597 251 865 234 479 974 139 810 197 124 353 116 46 520 
615 1 285 329 352 750 282 0 456 193 565 964 751 189 515 567 558 803 943 358 556 376 173 575 207 616 118 135 279 606 153 503 400 222 521 860 368 264 302 942 
555 239 71 594 602 276 682 456 0 512 156 308 49 886 507 581 586 953 269 519 8 45 351 919 321 538 280 483 695 965 517 79 231 13 29 417 242 991 567 390 
805 934 399 84 743 712 584 193 512 0 581 222 116 663 536 314 692 170 690 664 887 134 241 166 50 621 623 118 629 728 954 446 476 645 226 43 1000 363 216 505 
327 562 909 312 861 22 551 565 156 581 0 783 303 459 961 526 840 301 757 304 410 165 1 426 255 279 665 707 156 299 342 104 559 182 572 131 449 644 55 971 
574 947 463 272 41 437 79 964 308 222 783 0 366 903 443 904 24 184 413 429 518 462 849 808 431 903 979 743 14 686 652 920 683 652 652 214 587 246 428 196 
796 952 483 970 26 769 447 751 49 116 303 366 0 805 856 672 548 24 340 591 528 214 91 757 484 705 860 86 864 194 763 893 260 272 183 168 234 141 740 540 
899 431 880 245 505 109 885 189 886 663 459 903 805 0 780 42 620 480 488 307 71 312 884 399 879 707 994 774 314 251 826 161 853 359 784 83 867 70 297 616 
294 242 833 900 830 661 348 515 507 536 961 443 856 780 0 833 430 283 731 705 127 909 51 556 983 626 522 725 278 586 162 850 459 492 714 404 116 741 936 439 
726 245 510 296 402 677 173 567 581 314 526 904 672 42 833 0 972 763 37 375 74 598 567 33 107 179 791 671 341 340 536 149 687 77 22 483 715 359 857 534 
240 280 449 860 241 498 190 558 586 692 840 24 548 620 430 972 0 666 937 711 24 404 833 569 621 166 637 598 630 912 433 677 617 45 138 615 455 505 339 66 
558 746 437 820 856 439 957 803 953 170 301 184 24 480 283 763 666 0 328 558 857 146 778 368 594 633 824 308 691 545 706 855 716 669 348 211 296 140 962 439 
466 647 242 740 84 559 687 943 269 690 757 413 340 488 731 37 937 328 0 136 147 61 972 99 396 471 947 534 571 656 47 8 695 849 154 51 996 409 274 900 
827 363 594 404 676 410 237 358 519 664 304 429 591 307 705 375 711 558 136 0 545 287 769 907 947 574 955 439 848 713 444 925 55 223 957 240 134 481 328 226 
470 75 907 866 355 899 786 556 8 887 410 518 528 71 127 74 24 857 147 545 0 723 514 579 837 881 113 186 271 280 670 964 175 597 793 130 952 156 401 563 
771 104 90 735 369 833 494 376 45 134 165 462 214 312 909 598 404 146 61 287 723 0 776 306 233 51 600 745 230 711 450 687 564 714 737 51 926 792 964 870 
788 399 800 177 197 327 216 173 351 241 1 849 91 884 51 567 833 778 972 769 514 776 0 334 894 660 506 563 290 213 144 158 654 878 300 979 213 613 908 211 
579 165 509 555 692 296 485 575 919 166 426 808 757 399 556 33 569 368 99 907 579 306 334 0 25 239 410 262 243 768 419 841 359 343 663 634 638 666 67 302 
719 488 622 152 162 499 553 207 321 50 255 431 484 879 983 107 621 594 396 947 837 233 894 25 0 449 164 549 187 125 218 846 400 649 649 300 469 351 145 182 
189 127 967 741 973 169 553 616 538 621 279 903 705 707 626 179 166 633 471 574 881 51 660 239 449 0 231 930 820 971 26 447 500 927 555 113 741 35 938 365 
536 689 712 259 443 302 597 118 280 623 665 979 860 994 522 791 637 824 947 955 113 600 506 410 164 231 0 814 229 299 878 684 161 814 516 62 391 70 966 715 
388 571 852 860 365 789 251 135 483 118 707 743 86 774 725 671 598 308 534 439 186 745 563 262 549 930 814 0 505 363 816 306 495 115 601 816 404 100 681 189 
212 120 906 414 171 334 865 279 695 629 156 14 864 314 278 341 630 691 571 848 271 230 290 243 187 820 229 505 0 137 194 614 126 672 321 801 555 818 245 102 
374 603 419 476 218 114 234 606 965 728 299 686 194 251 586 340 912 545 656 713 280 711 213 768 125 971 299 363 137 0 332 462 476 662 706 266 971 149 705 307 
1000 47 703 338 479 319 479 153 517 954 342 652 763 826 162 536 433 706 47 444 670 450 144 419 218 26 878 816 194 332 0 248 244 6 582 567 908 867 352 28 
418 111 245 333 395 41 974 503 79 446 104 920 893 161 850 149 677 855 8 925 964 687 158 841 846 447 684 306 614 462 248 0 300 49 988 669 228 27 825 639 
630 156 708 912 984 310 139 400 231 476 559 683 260 853 459 687 617 716 695 55 175 564 654 359 400 500 161 495 126 476 244 300 0 906 272 136 980 625 540 624 
160 88 474 422 722 312 810 222 13 645 182 652 272 359 492 77 45 669 849 223 597 714 878 343 649 927 814 115 672 662 6 49 906 0 658 127 133 546 981 642 
916 347 282 844 598 881 197 521 29 226 572 652 183 784 714 22 138 348 154 957 793 737 300 663 649 555 516 601 321 706 582 988 272 658 0 614 466 235 946 955 
685 403 750 175 421 2 124 860 417 43 131 214 168 83 404 483 615 211 51 240 130 51 979 634 300 113 62 816 801 266 567 669 136 127 614 0 266 72 505 326 
156 548 579 601 496 16 353 368 242 1000 449 587 234 867 116 715 455 296 996 134 952 926 213 638 469 741 391 404 555 971 908 228 980 133 466 266 0 603 966 44 
242 664 480 610 65 10 116 264 991 363 644 246 141 70 741 359 505 140 409 481 156 792 613 666 351 35 70 100 818 149 867 27 625 546 235 72 603 0 37 650 
577 461 31 469 363 141 46 302 567 216 55 428 740 297 936 857 339 962 274 328 401 964 908 67 145 938 966 681 245 705 352 825 540 981 946 505 966 37 0 36 
628 721 437 39 580 774 520 942 390 505 971 196 540 616 439 534 66 439 900 226 563 870 211 302 182 365 715 189 102 307 28 639 624 642 955 326 44 650 36 0 
0 275 305 907 198 712 64 51 873 97 704 6 914 846 694 759 578 123 965 810 23 593 28 688 564 608 609 634 904 10 364 891 227 294 583 474 165 432 223 292 
275 0 286 993 974 675 97 836 31 332 246 182 406 860 53 570 520 7 926 413 587 61 94 374 765 491 821 621 706 902 356 331 819 737 653 305 794 211 998 804 
305 286 0 589 777 297 480 213 413 813 350 514 60 148 98 179 220 1000 504 545 745 993 330 743 349 246 259 726 544 431 571 689 210 532 387 231 38 878 774 57 
907 993 589 0 424 951 627 943 188 936 459 595 508 77 826 825 572 269 673 706 165 3 856 926 883 59 545 651 903 282 41 771 982 522 704 600 802 534 892 354 
198 974 777 424 0 227 131 727 845 733 180 752 35 212 896 243 741 596 90 912 838 918 284 527 922 469 421 309 65 361 167 460 379 220 664 637 464 957 908 541 
712 675 297 951 227 0 395 660 179 333 908 923 438 39 91 49 995 735 54 441 222 359 118 481 486 750 377 751 189 25 824 630 592 244 95 838 66 552 753 101 
64 97 480 627 131 395 0 499 195 303 732 133 843 714 447 544 144 705 810 856 331 690 229 146 679 608 711 531 746 29 636 36 725 503 454 693 998 712 87 478 
51 836 213 943 727 660 499 0 450 448 924 12 329 498 445 750 677 821 886 554 246 202 379 136 544 477 663 784 876 373 424 190 757 484 430 235 337 677 454 115 
873 31 413 188 845 179 195 450 0 833 890 80 983 895 512 766 858 944 789 889 86 14 101 10 193 208 722 51 51 692 11 509 141 337 317 885 125 515 775 933 
97 332 813 936 733 333 303 448 833 0 444 433 272 722 485 210 96 85 140 629 36 883 988 387 516 455 678 597 675 856 360 216 341 880 398 465 306 285 297 741 
704 246 350 459 180 908 732 924 890 444 0 426 582 629 96 931 846 933 38 7 80 52 12 400 296 49 246 132 41 589 398 946 679 788 661 912 119 2 352 258 
6 182 514 595 752 923 133 12 80 433 426 0 627 138 864 316 124 738 216 143 666 198 407 533 424 700 805 346 464 617 289 184 609 51 601 360 263 134 586 800 
914 406 60 508 35 438 843 329 983 272 582 627 0 918 69 311 16 777 639 88 123 972 875 263 881 645 969 383 573 310 482 716 307 416 999 728 483 834 326 334 
846 860 148 77 212 39 714 498 895 722 629 138 918 0 336 984 678 569 991 469 574 113 306 182 652 250 529 596 499 158 4 301 308 791 942 472 615 906 564 353 
694 53 98 826 896 91 447 445 512 485 96 864 69 336 0 244 338 757 25 599 136 461 356 606 341 482 196 678 848 352 717 440 142 45 190 293 944 508 362 288 
759 570 179 825 243 49 544 750 766 210 931 316 311 984 244 0 715 16 905 2 25 390 482 772 668 693 836 840 289 414 499 145 291 863 909 419 279 29 670 628 
578 520 220 572 741 995 144 677 858 96 846 124 16 678 338 715 0 294 870 309 800 925 624 943 521 260 95 199 720 188 882 961 375 640 777 162 449 532 171 748 
123 7 1000 269 596 735 705 821 944 85 933 738 777 569 757 16 294 0 877 545 76 605 604 499 290 238 873 237 446 338 234 198 743 512 435 839 500 602 432 312 
965 926 504 673 90 54 810 886 789 140 38 216 639 991 25 905 870 877 0 312 292 833 995 762 469 434 598 712 240 777 128 479 936 675 594 109 522 419 315 704 
810 413 545 706 912 441 856 554 889 629 7 143 88 469 599 2 309 545 312 0 653 964 180 274 189 765 486 346 511 983 980 133 403 856 381 109 837 251 351 798 
23 587 745 165 838 222 331 246 86 36 80 666 123 574 136 25 800 76 292 653 0 882 606 631 513 592 815 875 551 578 89 545 879 28 644 178 333 812 88 29 
593 61 993 3 918 359 690 202 14 883 52 198 972 113 461 390 925 605 833 964 882 0 518 598 637 81 631 161 860 859 679 886 920 596 684 714 426 601 726 494 
28 94 330 856 284 118 229 379 101 988 12 407 875 306 356 482 624 604 995 180 606 518 0 862 106 649 818 788 622 754 399 437 183 228 824 393 28 750 609 948 
688 374 743 926 527 481 146 136 10 387 400 533 263 182 606 772 943 499 762 274 631 598 862 0 733 382 127 364 329 231 450 849 478 614 42 880 569 259 382 420 
564 765 349 883 922 486 679 544 193 516 296 424 881 652 341 668 521 290 469 189 513 637 106 733 0 583 867 247 145 885 798 77 682 336 71 517 726 199 672 276 
608 491 246 59 469 750 608 477 208 455 49 700 645 250 482 693 260 238 434 765 592 81 649 382 583 0 825 245 457 480 564 335 433 673 669 518 687 390 844 327 
609 821 259 545 421 377 711 663 722 678 246 805 969 529 196 836 95 873 598 486 815 631 818 127 867 825 0 182 497 322 160 269 162 992 891 974 834 65 10 874 
634 621 726 651 309 751 531 784 51 597 132 346 383 596 678 840 199 237 712 346 875 161 788 364 247 245 182 0 404 547 483 832 515 957 208 721 363 878 604 248 
904 706 544 903 65 189 746 876 51 675 41 464 573 499 848 289 720 446 240 511 551 860 622 329 145 457 497 404 0 600 20 406 139 347 620 296 75 906 60 567 
10 902 431 282 361 25 29 373 692 856 589 617 310 158 352 414 188 338 777 983 578 859 754 231 885 480 322 547 600 0 785 635 753 69 263 581 885 573 167 415 
364 356 571 41 167 824 636 424 11 360 398 289 482 4 717 499 882 234 128 980 89 679 399 450 798 564 160 483 20 785 0 593 650 799 654 194 356 954 652 106 
891 331 689 771 460 630 36 190 509 216 946 184 716 301 440 145 961 198 479 133 545 886 437 849 77 335 269 832 406 635 593 0 245 39 174 879 284 644 123 730 
227 819 210 982 379 592 725 757 141 341 679 609 307 308 142 291 375 743 936 403 879 920 183 478 682 433 162 515 139 753 650 245 0 504 245 863 952 137 586 34 
294 737 532 522 220 244 503 484 337 880 788 51 416 791 45 863 640 512 675 856 28 596 228 614 336 673 992 957 347 69 799 39 504 0 654 212 674 149 777 400 
583 653 387 704 664 95 454 430 317 398 661 601 999 942 190 909 777 435 594 381 644 684 824 42 71 669 891 208 620 263 654 174 245 654 0 971 435 34 759 18 
474 305 231 600 637 838 693 235 885 465 912 360 728 472 293 419 162 839 109 109 178 714 393 880 517 518 974 721 296 581 194 879 863 212 971 0 52 377 560 489 
165 794 38 802 464 66 998 337 125 306 119 263 483 615 944 279 449 500 522 837 333 426 28 569 726 687 834 363 75 885 356 284 952 674 435 52 0 25 326 961 
432 211 878 534 957 552 712 677 515 285 2 134 834 906 508 29 532 602 419 251 812 601 750 259 199 390 65 878 906 573 954 644 137 149 34 377 25 0 803 817 
223 998 774 892 908 753 87 454 775 297 352 586 326 564 362 670 171 432 315 351 88 726 609 382 672 844 10 604 60 167 652 123 586 777 759 560 326 803 0 486 
292 804 57 354 541 101 478 115 933 741 258 800 334 353 288 628 748 312 704 798 29 494 948 420 276 327 874 248 567 415 106 730 34 400 18 489 961 817 486 0 
0 821 880 782 888 128 916 961 145 852 306 806 403 536 514 187 141 946 288 548 938 309 398 293 896 309 730 611 170 802 634 146 269 706 887 851 605 247 971 779 
821 0 185 520 467 128 792 850 806 539 823 481 520 137 984 97 686 382 256 981 380 953 948 419 144 482 700 251 712 187 715 885 646 131 142 682 482 720 358 262 
880 185 0 665 655 338 407 667 244 561 698 421 965 592 717 752 461 211 643 987 360 68 368 86 738 767 773 430 752 563 762 437 621 203 797 357 513 322 504 487 
782 520 665 0 492 362 802 144 645 152 543 492 638 964 635 829 560 653 950 182 336 910 401 846 230 972 965 103 39 506 506 844 468 424 337 838 191 324 750 889 
888 467 655 492 0 730 992 427 139 57 925 204 413 466 268 816 106 84 999 436 357 608 462 209 150 457 637 611 862 938 453 518 342 977 587 395 38 222 204 236 
128 128 338 362 730 0 475 84 752 736 14 516 306 420 440 969 27 347 786 559 886 978 367 138 941 465 674 73 815 994 247 357 687 489 815 559 800 386 511 932 
916 792 407 802 992 475 0 570 662 396 294 920 441 81 465 186 919 725 441 328 557 174 674 322 343 769 268 665 520 414 261 912 427 486 168 362 108 212 139 697 
961 850 667 144 427 84 570 0 224 190 134 897 320 516 84 306 354 577 248 195 615 904 904 556 427 400 183 271 569 540 446 799 172 844 984 878 909 548 543 878 
145 806 244 645 139 752 662 224 0 875 379 860 288 289 47 197 210 302 75 22 998 660 257 789 666 832 439 900 931 659 726 80 389 338 392 15 808 702 386 315 
852 539 561 152 57 736 396 190 875 0 1 628 243 73 719 682 807 687 855 470 898 520 73 758 673 559 324 684 853 281 235 851 454 5 974 605 240 275 988 429 
306 823 698 543 925 14 294 134 379 1 0 501 493 422 906 90 33 344 836 723 619 740 176 668 827 588 302 968 974 438 677 282 279 645 963 439 890 889 481 916 
806 481 421 492 204 516 920 897 860 628 501 0 403 834 498 444 703 339 897 716 850 687 682 708 508 910 556 446 859 603 538 643 560 818 249 153 795 862 330 463 
403 520 965 638 413 306 441 320 288 243 493 403 0 315 984 609 981 442 614 990 431 157 403 929 290 926 278 362 133 673 724 573 704 122 603 45 162 133 266 483 
536 137 592 964 466 420 81 516 289 73 422 834 315 0 220 208 58 310 695 93 192 790 645 623 766 303 295 419 580 573 691 415 659 489 400 7 583 487 118 980 
514 984 717 635 268 440 465 84 47 719 906 498 984 220 0 156 514 410 459 177 438 485 338 525 443 773 752 299 325 670 244 409 610 806 849 392 124 621 433 496 
187 97 752 829 816 969 186 306 197 682 90 444 609 208 156 0 217 373 458 934 552 572 405 152 592 247 657 380 134 734 653 839 907 242 466 809 547 803 279 480 
141 686 461 560 106 27 919 354 210 807 33 703 981 58 514 217 0 181 251 490 152 564 59 278 741 764 972 825 51 716 339 744 986 951 159 993 532 374 735 140 
946 382 211 653 84 347 725 577 302 687 344 339 442 310 410 373 181 0 106 714 763 612 218 443 770 177 9 855 480 28 412 996 244 756 915 218 754 299 659 82 
288 256 643 950 999 786 441 248 75 855 836 897 614 695 459 458 251 106 0 491 290 214 71 176 330 269 157 330 751 376 712 850 111 865 807 805 660 706 308 292 
548 981 987 182 436 559 328 195 22 470 723 716 990 93 177 934 490 714 491 0 553 150 840 881 793 524 148 437 297 171 425 863 693 170 951 878 551 130 549 670 
938 380 360 336 357 886 557 615 998 898 619 850 431 192 438 552 152 763 290 553 0 485 634 244 461 8 419 547 862 306 718 905 401 758 251 503 649 465 764 703 
309 953 68 910 608 978 174 904 660 520 740 687 157 790 485 572 564 612 214 150 485 0 789 54 863 762 111 491 69 668 479 454 380 425 914 280 882 287 869 129 
398 948 368 401 462 367 674 904 257 73 176 682 403 645 338 405 59 218 71 840 634 789 0 591 660 188 345 279 312 846 896 600 691 986 116 492 984 28 928 16 
293 419 86 846 209 138 322 556 789 758 668 708 929 623 525 152 278 443 176 881 244 54 591 0 328 568 891 297 653 272 280 781 583 569 650 194 518 618 121 833 
896 144 738 230 150 941 343 427 666 673 827 508 290 766 443 592 741 770 330 793 461 863 660 328 0 42 380 268 941 546 711 961 919 243 931 246 656 631 441 576 
309 482 767 972 457 465 769 400 832 559 588 910 926 303 773 247 764 177 269 524 8 762 188 568 42 0 41 414 959 555 536 121 522 556 759 367 63 609 55 442 
730 700 773 965 637 674 268 183 439 324 302 556 278 295 752 657 972 9 157 148 419 111 345 891 380 41 0 695 478 491 892 563 360 165 103 557 202 424 938 355 
611 251 430 103 611 73 665 271 900 684 968 446 362 419 299 380 825 855 330 437 547 491 279 297 268 414 695 0 967 534 913 453 121 383 390 240 762 176 376 451 
170 712 752 39 862 815 520 569 931 853 974 859 133 580 325 134 51 480 751 297 862 69 312 653 941 959 478 967 0 495 621 895 372 259 492 389 879 15 580 911 
802 187 563 506 938 994 414 540 659 281 438 603 673 573 670 734 716 28 376 171 306 668 846 272 546 555 491 534 495 0 108 498 426 535 743 202 194 104 663 719 
634 715 762 506 453 247 261 446 726 235 677 538 724 691 244 653 339 412 712 425 718 479 896 280 711 536 892 913 621 108 0 755 228 99 207 625 879 851 93 797 
146 885 437 844 518 357 912 799 80 851 282 643 573 415 409 839 744 996 850 863 905 454 600 781 961 121 563 453 895 498 755 0 536 203 846 588 393 748 664 685 
269 646 621 468 342 687 427 172 389 454 279 560 704 659 610 907 986 244 111 693 401 380 691 583 919 522 360 121 372 426 228 536 0 386 886 468 303 809 538 995 
706 131 203 424 977 489 486 844 338 5 645 818 122 489 806 242 951 756 865 170 758 425 986 569 243 556 165 383 259 535 99 203 386 0 237 543 117 251 664 826 
887 142 797 337 587 815 168 984 392 974 963 249 603 400 849 466 159 915 807 951 251 914 116 650 931 759 103 390 492 743 207 846 886 237 0 707 884 931 509 803 
851 682 357 838 395 559 362 878 15 605 439 153 45 7 392 809 993 218 805 878 503 280 492 194 246 367 557 240 389 202 625 588 468 543 707 0 453 906 431 481 
605 482 513 191 38 800 108 909 808 240 890 795 162 583 124 547 532 754 660 551 649 882 984 518 656 63 202 762 879 194 879 393 303 117 884 453 0 830 731 195 
247 720 322 324 222 386 212 548 702 275 889 862 133 487 621 803 374 299 706 130 465 287 28 618 631 609 424 176 15 104 851 748 809 251 931 906 830 0 572 125 
971 358 504 750 204 511 139 543 386 988 481 330 266 118 433 279 735 659 308 549 764 869 928 121 441 55 938 376 580 663 93 664 538 664 509 431 731 572 0 266 
779 262 487 889 236 932 697 878 315 429 916 463 483 980 496 480 140 82 292 670 703 129 16 833 576 442 355 451 911 719 797 685 995 826 803 481 195 125 266 0 
