30 3
0 822 902 999 754 569 790 323 197 326 706 456 668 249 214 79 623 689 60 661 914 582 430 856 241 434 307 866 498 617 
822 0 345 685 815 468 747 535 972 705 388 607 702 359 397 964 179 197 237 348 703 16 972 439 187 895 705 355 792 258 
902 345 0 86 408 515 698 906 706 434 713 322 447 80 356 308 729 472 791 515 864 191 971 957 261 792 375 899 20 349 
999 685 86 0 325 315 543 143 558 265 624 764 805 399 731 222 710 709 927 507 789 245 647 803 124 890 711 786 886 126 
754 815 408 325 0 810 386 992 934 707 22 379 934 825 403 783 796 73 799 536 839 952 446 953 487 520 558 556 613 213 
569 468 515 315 810 0 254 138 292 147 816 926 399 190 775 749 952 491 71 961 726 683 881 170 606 528 136 8 373 636 
790 747 698 543 386 254 0 911 948 495 61 14 84 432 189 500 483 717 957 443 245 442 803 301 466 363 957 887 221 460 
323 535 906 143 992 138 911 0 981 169 85 169 743 896 502 84 970 762 55 856 510 967 200 184 647 451 316 410 771 760 
197 972 706 558 934 292 948 981 0 886 614 749 712 417 302 152 26 389 860 780 296 360 85 24 242 760 707 518 104 574 
326 705 434 265 707 147 495 169 886 0 706 631 584 994 990 229 769 245 303 773 402 618 897 480 740 168 626 528 90 723 
706 388 713 624 22 816 61 85 614 706 0 572 193 331 440 990 447 976 988 770 677 21 910 283 84 256 386 71 735 812 
456 607 322 764 379 926 14 169 749 631 572 0 512 849 747 403 751 956 611 175 173 733 828 763 559 964 8 127 369 390 
668 702 447 805 934 399 84 743 712 584 193 512 0 458 14 818 49 441 379 938 567 445 247 666 687 886 658 74 833 904 
249 359 80 399 825 190 432 896 417 994 331 849 458 0 69 604 116 101 132 318 581 757 901 643 943 284 998 24 494 452 
214 397 356 731 403 775 189 502 302 990 440 747 14 69 0 977 303 899 364 306 314 527 279 862 269 135 472 857 376 399 
79 964 308 222 783 749 500 84 152 229 990 403 818 604 977 0 366 431 595 755 526 240 963 569 690 900 273 147 45 937 
623 179 729 710 796 952 483 970 26 769 447 751 49 116 303 366 0 880 87 109 904 280 262 930 757 827 580 545 134 762 
689 197 472 709 73 491 717 762 389 245 976 956 441 101 899 431 880 0 102 7 672 449 248 680 413 363 34 831 165 788 
60 237 791 927 799 71 957 55 860 303 988 611 379 132 364 595 87 102 0 469 42 860 180 395 340 594 136 93 462 399 
661 348 515 507 536 961 443 856 780 773 770 175 938 318 306 755 109 7 469 0 833 241 639 494 488 404 690 393 214 800 
914 703 864 789 839 726 245 510 296 402 677 173 567 581 314 526 904 672 42 833 0 498 54 895 731 676 405 114 312 177 
582 16 191 245 952 683 442 967 360 618 21 733 445 757 527 240 280 449 860 241 498 0 438 525 37 410 315 82 909 197 
430 972 971 647 446 881 803 200 85 897 910 828 247 901 279 963 262 248 180 639 54 438 0 943 937 237 903 841 598 327 
856 439 957 803 953 170 301 184 24 480 283 763 666 643 862 569 930 680 395 494 895 525 943 0 328 358 999 192 404 216 
241 187 261 124 487 606 466 647 242 740 84 559 687 943 269 690 757 413 340 488 731 37 937 328 0 519 975 336 146 173 
434 895 792 890 520 528 363 451 760 168 256 964 886 284 135 900 827 363 594 404 676 410 237 358 519 0 698 474 61 351 
307 705 375 711 558 136 957 316 707 626 386 8 658 998 472 273 580 34 136 690 405 315 903 999 975 698 0 421 287 241 
866 355 899 786 556 8 887 410 518 528 71 127 74 24 857 147 545 831 93 393 114 82 841 192 336 474 421 0 723 1 
498 792 20 886 613 373 221 771 104 90 735 369 833 494 376 45 134 165 462 214 312 909 598 404 146 61 287 723 0 849 
617 258 349 126 213 636 460 760 574 723 812 390 904 452 399 937 762 788 399 800 177 197 327 216 173 351 241 1 849 0 
0 689 534 849 264 314 460 361 967 56 937 945 498 34 19 626 640 361 914 174 188 397 853 261 458 796 845 41 415 608 
689 0 773 343 141 361 382 98 945 586 837 178 411 650 112 66 203 402 564 593 625 791 41 928 168 67 124 144 298 900 
534 773 0 672 140 552 180 748 716 410 38 586 209 571 642 166 498 581 680 143 81 399 192 842 2 195 274 461 455 702 
849 343 672 0 613 118 497 463 542 19 934 93 689 520 303 331 475 468 362 846 312 724 285 138 836 743 583 647 335 992 
264 141 140 613 0 793 758 686 403 554 346 549 916 160 948 160 593 34 367 5 141 554 734 267 92 834 456 575 646 585 
314 361 552 118 793 0 868 408 208 78 973 340 87 918 925 57 291 462 249 661 689 632 256 686 556 391 861 846 833 899 
460 382 180 497 758 868 0 640 805 408 277 300 155 925 934 724 499 297 937 620 531 465 611 919 942 495 775 322 35 818 
361 98 748 463 686 408 640 0 451 958 779 604 652 129 934 814 713 733 35 690 915 406 436 377 894 337 966 16 904 340 
967 945 716 542 403 208 805 451 0 322 961 726 105 443 51 678 350 786 913 116 34 837 428 510 826 483 352 577 55 710 
56 586 410 19 554 78 408 958 322 0 812 553 187 11 474 830 245 303 900 799 924 727 615 18 116 883 379 943 920 4 
937 837 38 934 346 973 277 779 961 812 0 159 178 167 213 349 842 214 408 685 875 734 712 428 91 566 572 128 790 303 
945 178 586 93 549 340 300 604 726 553 159 0 857 450 102 836 469 126 803 4 69 646 643 957 24 206 138 256 517 548 
498 411 209 689 916 87 155 652 105 187 178 857 0 781 857 867 896 493 246 541 280 899 288 626 917 182 153 380 735 112 
34 650 571 520 160 918 925 129 443 11 167 450 781 0 536 960 69 90 281 655 730 146 150 28 7 742 299 305 373 702 
19 112 642 303 948 925 934 934 51 474 213 102 857 536 0 517 844 686 178 929 718 526 385 490 282 553 215 637 424 776 
626 66 166 331 160 57 724 814 678 830 349 836 867 960 517 0 396 588 279 520 950 346 604 100 209 403 175 995 108 606 
640 203 498 475 593 291 499 713 350 245 842 469 896 69 844 396 0 838 180 110 787 164 269 118 503 373 134 937 699 598 
361 402 581 468 34 462 297 733 786 303 214 126 493 90 686 588 838 0 607 354 755 582 567 455 116 570 354 862 327 35 
914 564 680 362 367 249 937 35 913 900 408 803 246 281 178 279 180 607 0 371 402 718 506 244 531 682 109 687 657 910 
174 593 143 846 5 661 620 690 116 799 685 4 541 655 929 520 110 354 371 0 705 824 501 951 802 172 262 901 439 414 
188 625 81 312 141 689 531 915 34 924 875 69 280 730 718 950 787 755 402 705 0 742 882 624 621 944 220 907 777 529 
397 791 399 724 554 632 465 406 837 727 734 646 899 146 526 346 164 582 718 824 742 0 27 280 116 544 767 832 820 564 
853 41 192 285 734 256 611 436 428 615 712 643 288 150 385 604 269 567 506 501 882 27 0 819 917 357 925 537 757 236 
261 928 842 138 267 686 919 377 510 18 428 957 626 28 490 100 118 455 244 951 624 280 819 0 737 804 201 474 629 153 
458 168 2 836 92 556 942 894 826 116 91 24 917 7 282 209 503 116 531 802 621 116 917 737 0 716 520 462 639 633 
796 67 195 743 834 391 495 337 483 883 566 206 182 742 553 403 373 570 682 172 944 544 357 804 716 0 717 158 412 504 
845 124 274 583 456 861 775 966 352 379 572 138 153 299 215 175 134 354 109 262 220 767 925 201 520 717 0 731 294 76 
41 144 461 647 575 846 322 16 577 943 128 256 380 305 637 995 937 862 687 901 907 832 537 474 462 158 731 0 630 2 
415 298 455 335 646 833 35 904 55 920 790 517 735 373 424 108 699 327 657 439 777 820 757 629 639 412 294 630 0 938 
608 900 702 992 585 899 818 340 710 4 303 548 112 702 776 606 598 35 910 414 529 564 236 153 633 504 76 2 938 0 
0 259 854 597 363 901 316 731 589 326 456 422 949 339 45 421 760 58 458 659 239 846 578 706 992 346 929 273 104 519 
259 0 280 927 741 85 195 504 273 486 445 178 239 61 47 216 778 512 879 632 273 524 273 629 885 110 809 399 123 291 
854 280 0 6 481 15 3 603 6 260 374 146 791 886 48 589 865 829 452 932 12 803 333 824 127 352 223 329 553 852 
597 927 6 0 351 87 311 23 205 176 317 647 300 616 134 188 543 975 464 99 651 486 922 678 69 618 356 858 794 374 
363 741 481 351 0 912 441 225 138 249 424 488 880 842 960 414 177 825 357 61 433 915 576 621 580 232 895 106 35 28 
901 85 15 87 912 0 396 971 493 139 311 413 806 119 627 226 387 813 515 82 691 482 508 363 337 606 754 400 738 605 
316 195 3 311 441 396 0 477 798 837 832 805 906 743 745 136 133 355 781 36 74 443 293 478 696 776 146 654 503 585 
731 504 603 23 225 971 477 0 541 743 742 870 759 899 857 169 698 944 831 699 514 114 333 221 633 980 459 975 316 36 
589 273 6 205 138 493 798 541 0 755 672 247 453 926 965 839 909 624 917 854 521 205 4 53 366 149 591 782 7 632 
326 486 260 176 249 139 837 743 755 0 342 674 35 43 78 991 562 605 687 247 165 36 968 304 769 448 936 338 231 568 
456 445 374 317 424 311 832 742 672 342 0 878 671 456 334 643 375 3 591 743 76 782 260 63 561 612 342 290 269 196 
422 178 146 647 488 413 805 870 247 674 878 0 493 37 581 754 62 852 349 988 299 588 632 747 583 682 31 784 433 845 
949 239 791 300 880 806 906 759 453 35 671 493 0 216 727 768 12 398 558 511 350 2 311 150 512 907 579 397 654 684 
339 61 886 616 842 119 743 899 926 43 456 37 216 0 735 667 680 139 724 624 128 560 211 535 670 390 133 734 101 160 
45 47 48 134 960 627 745 857 965 78 334 581 727 735 0 674 7 369 350 861 281 236 703 529 96 32 921 721 944 262 
421 216 589 188 414 226 136 169 839 991 643 754 768 667 674 0 347 672 750 487 524 713 952 238 464 749 763 290 784 312 
760 778 865 543 177 387 133 698 909 562 375 62 12 680 7 347 0 780 76 303 666 530 143 259 69 645 79 865 85 685 
58 512 829 975 825 813 355 944 624 605 3 852 398 139 369 672 780 0 923 841 757 508 42 510 17 904 159 831 152 644 
458 879 452 464 357 515 781 831 917 687 591 349 558 724 350 750 76 923 0 840 930 593 224 477 75 605 491 599 738 144 
659 632 932 99 61 82 36 699 854 247 743 988 511 624 861 487 303 841 840 0 877 23 985 544 745 243 502 412 452 88 
239 273 12 651 433 691 74 514 521 165 76 299 350 128 281 524 666 757 930 877 0 430 992 749 767 807 186 525 559 896 
846 524 803 486 915 482 443 114 205 36 782 588 2 560 236 713 530 508 593 23 430 0 176 217 153 815 943 490 726 982 
578 273 333 922 576 508 293 333 4 968 260 632 311 211 703 952 143 42 224 985 992 176 0 685 521 989 755 42 71 348 
706 629 824 678 621 363 478 221 53 304 63 747 150 535 529 238 259 510 477 544 749 217 685 0 76 210 319 847 386 965 
992 885 127 69 580 337 696 633 366 769 561 583 512 670 96 464 69 17 75 745 767 153 521 76 0 338 793 384 342 940 
346 110 352 618 232 606 776 980 149 448 612 682 907 390 32 749 645 904 605 243 807 815 989 210 338 0 750 10 811 358 
929 809 223 356 895 754 146 459 591 936 342 31 579 133 921 763 79 159 491 502 186 943 755 319 793 750 0 426 912 111 
273 399 329 858 106 400 654 975 782 338 290 784 397 734 721 290 865 831 599 412 525 490 42 847 384 10 426 0 42 54 
104 123 553 794 35 738 503 316 7 231 269 433 654 101 944 784 85 152 738 452 559 726 71 386 342 811 912 42 0 470 
519 291 852 374 28 605 585 36 632 568 196 845 684 160 262 312 685 644 144 88 896 982 348 965 940 358 111 54 470 0 
0 302 797 878 246 736 353 824 987 995 198 939 833 895 450 207 740 533 902 583 357 4 188 896 537 953 210 365 957 963 
302 0 810 115 505 662 299 496 807 247 648 15 227 403 499 54 839 151 504 946 397 233 78 287 723 933 742 82 830 167 
797 810 0 906 792 803 413 737 897 377 802 887 616 399 309 181 209 341 177 47 763 775 88 104 106 14 581 251 893 662 
878 115 906 0 70 932 9 636 57 412 452 891 349 912 969 789 135 97 2 407 657 888 191 167 440 732 410 791 605 818 
246 505 792 70 0 27 20 177 144 708 245 134 350 38 449 182 160 632 15 948 373 700 726 926 694 186 226 1 133 747 
736 662 803 932 27 0 19 624 537 586 977 243 307 454 885 674 213 440 750 803 403 322 872 19 389 429 594 968 509 160 
353 299 413 9 20 19 0 679 511 975 577 655 623 686 556 580 100 946 340 190 787 226 643 987 17 60 231 633 609 84 
824 496 737 636 177 624 679 0 377 794 640 493 813 573 414 965 665 333 346 424 569 60 293 704 870 429 580 477 235 358 
987 807 897 57 144 537 511 377 0 281 72 588 727 753 40 620 901 832 663 132 627 518 568 334 896 155 91 237 910 944 
995 247 377 412 708 586 975 794 281 0 500 914 245 357 87 483 33 448 274 31 832 508 700 387 249 275 323 487 914 124 
198 648 802 452 245 977 577 640 72 500 0 300 372 757 943 639 94 749 394 425 594 901 112 497 447 684 578 943 348 527 
939 15 887 891 134 243 655 493 588 914 300 0 551 197 785 630 735 558 662 187 236 438 979 103 709 254 452 912 497 511 
833 227 616 349 350 307 623 813 727 245 372 551 0 6 574 869 444 369 874 74 373 88 737 232 954 640 989 479 705 674 
895 403 399 912 38 454 686 573 753 357 757 197 6 0 543 102 988 921 897 112 573 329 519 782 589 17 941 931 45 112 
450 499 309 969 449 885 556 414 40 87 943 785 574 543 0 746 739 387 303 244 952 538 719 742 753 208 824 816 138 49 
207 54 181 789 182 674 580 965 620 483 639 630 869 102 746 0 452 144 372 351 17 272 220 437 993 759 16 222 728 243 
740 839 209 135 160 213 100 665 901 33 94 735 444 988 739 452 0 25 908 116 415 8 846 798 17 447 110 916 837 452 
533 151 341 97 632 440 946 333 832 448 749 558 369 921 387 144 25 0 665 695 747 627 558 581 22 179 103 694 364 628 
902 504 177 2 15 750 340 346 663 274 394 662 874 897 303 372 908 665 0 158 901 85 864 524 905 577 486 514 78 851 
583 946 47 407 948 803 190 424 132 31 425 187 74 112 244 351 116 695 158 0 746 122 428 941 747 185 676 677 916 514 
357 397 763 657 373 403 787 569 627 832 594 236 373 573 952 17 415 747 901 746 0 509 409 89 677 411 673 832 569 695 
4 233 775 888 700 322 226 60 518 508 901 438 88 329 538 272 8 627 85 122 509 0 580 427 234 750 378 235 376 760 
188 78 88 191 726 872 643 293 568 700 112 979 737 519 719 220 846 558 864 428 409 580 0 733 58 881 578 340 591 524 
896 287 104 167 926 19 987 704 334 387 497 103 232 782 742 437 798 581 524 941 89 427 733 0 99 763 681 232 440 713 
537 723 106 440 694 389 17 870 896 249 447 709 954 589 753 993 17 22 905 747 677 234 58 99 0 786 315 973 964 790 
953 933 14 732 186 429 60 429 155 275 684 254 640 17 208 759 447 179 577 185 411 750 881 763 786 0 530 290 41 673 
210 742 581 410 226 594 231 580 91 323 578 452 989 941 824 16 110 103 486 676 673 378 578 681 315 530 0 279 820 772 
365 82 251 791 1 968 633 477 237 487 943 912 479 931 816 222 916 694 514 677 832 235 340 232 973 290 279 0 332 814 
957 830 893 605 133 509 609 235 910 914 348 497 705 45 138 728 837 364 78 916 569 376 591 440 964 41 820 332 0 444 
963 167 662 818 747 160 84 358 944 124 527 511 674 112 49 243 452 628 851 514 695 760 524 713 790 673 772 814 444 0 
