15 3
0 751 933 594 572 672 656 602 971 148 639 557 935 720 38 
751 0 256 115 619 1000 878 547 519 77 545 6 489 950 597 
933 256 0 601 896 623 998 290 74 40 622 589 445 373 685 
594 115 601 0 14 204 102 987 799 176 876 130 837 412 11 
572 619 896 14 0 70 715 773 966 381 73 534 186 685 919 
672 1000 623 204 70 0 215 904 114 405 87 322 984 7 661 
656 878 998 102 715 215 0 213 99 342 668 517 881 227 28 
602 547 290 987 773 904 213 0 151 607 445 270 654 435 831 
971 519 74 799 966 114 99 151 0 527 448 839 779 190 715 
148 77 40 176 381 405 342 607 527 0 941 873 112 299 994 
639 545 622 876 73 87 668 445 448 941 0 926 312 264 584 
557 6 589 130 534 322 517 270 839 873 926 0 212 579 698 
935 489 445 837 186 984 881 654 779 112 312 212 0 834 449 
720 950 373 412 685 7 227 435 190 299 264 579 834 0 140 
38 597 685 11 919 661 28 831 715 994 584 698 449 140 0 
0 341 321 160 480 133 422 644 32 842 913 820 470 740 301 
341 0 345 554 354 871 673 70 173 320 663 225 663 390 198 
321 345 0 368 835 888 361 368 939 857 986 530 68 586 823 
160 554 368 0 686 130 404 43 916 108 452 788 11 877 39 
480 354 835 686 0 189 42 715 684 653 938 349 712 676 462 
133 871 888 130 189 0 970 622 902 884 262 823 516 369 921 
422 673 361 404 42 970 0 50 206 863 801 141 306 438 282 
644 70 368 43 715 622 50 0 36 774 914 943 880 777 863 
32 173 939 916 684 902 206 36 0 166 847 671 361 420 580 
842 320 857 108 653 884 863 774 166 0 299 704 905 838 571 
913 663 986 452 938 262 801 914 847 299 0 795 627 335 793 
820 225 530 788 349 823 141 943 671 704 795 0 722 114 888 
470 663 68 11 712 516 306 880 361 905 627 722 0 853 692 
740 390 586 877 676 369 438 777 420 838 335 114 853 0 19 
301 198 823 39 462 921 282 863 580 571 793 888 692 19 0 
0 279 879 359 502 512 925 306 695 941 818 497 179 800 348 
279 0 258 632 79 286 606 492 964 505 408 545 817 230 610 
879 258 0 309 881 929 299 397 910 824 711 366 60 431 810 
359 632 309 0 827 219 516 211 915 382 716 82 52 224 571 
502 79 881 827 0 587 58 468 693 297 894 372 312 635 500 
512 286 929 219 587 0 302 545 765 856 363 613 531 304 641 
925 606 299 516 58 302 0 562 428 268 858 925 762 634 327 
306 492 397 211 468 545 562 0 192 692 855 946 634 904 890 
695 964 910 915 693 765 428 192 0 319 410 212 132 596 630 
941 505 824 382 297 856 268 692 319 0 75 71 681 882 607 
818 408 711 716 894 363 858 855 410 75 0 806 697 700 902 
497 545 366 82 372 613 925 946 212 71 806 0 707 651 474 
179 817 60 52 312 531 762 634 132 681 697 707 0 499 758 
800 230 431 224 635 304 634 904 596 882 700 651 499 0 53 
348 610 810 571 500 641 327 890 630 607 902 474 758 53 0 
0 378 160 336 147 917 149 799 800 415 477 752 518 632 103 
378 0 580 633 542 865 415 544 873 103 665 333 475 476 438 
160 580 0 540 763 525 160 76 790 922 986 290 487 747 610 
336 633 540 0 966 113 340 200 909 134 94 344 152 502 62 
147 542 763 966 0 713 266 365 752 366 975 582 813 31 401 
917 865 525 113 713 0 954 880 621 413 475 781 697 191 837 
149 415 160 340 266 954 0 850 280 426 398 87 223 129 670 
799 544 76 200 365 880 850 0 377 223 749 348 591 822 909 
800 873 790 909 752 621 280 377 0 647 971 850 353 237 442 
415 103 922 134 366 413 426 223 647 0 573 560 789 662 146 
477 665 986 94 975 475 398 749 971 573 0 765 589 496 924 
752 333 290 344 582 781 87 348 850 560 765 0 945 400 962 
518 475 487 152 813 697 223 591 353 789 589 945 0 821 279 
632 476 747 502 31 191 129 822 237 662 496 400 821 0 236 
103 438 610 62 401 837 670 909 442 146 924 962 279 236 0 
