6 4
0 774 34 397 940 378 
774 0 654 5 8 425 
34 654 0 177 493 205 
397 5 177 0 420 349 
940 8 493 420 0 958 
378 425 205 349 958 0 
0 350 828 860 576 283 
350 0 870 179 247 79 
828 870 0 430 25 586 
860 179 430 0 805 213 
576 247 25 805 0 456 
283 79 586 213 456 0 
0 876 60 551 278 213 
876 0 303 56 668 719 
60 303 0 218 364 218 
551 56 218 0 396 320 
278 668 364 396 0 132 
213 719 218 320 132 0 
0 238 367 10 952 554 
238 0 377 810 334 654 
367 377 0 759 477 423 
10 810 759 0 90 910 
952 334 477 90 0 207 
554 654 423 910 207 0 
0 384 344 500 32 99 
384 0 410 700 882 712 
344 410 0 635 662 929 
500 700 635 0 229 824 
32 882 662 229 0 189 
99 712 929 824 189 0 
