8 4
0 569 691 94 813 407 340 370 
569 0 1 298 822 753 549 377 
691 1 0 664 905 412 434 47 
94 298 664 0 51 210 90 137 
813 822 905 51 0 245 449 385 
407 753 412 210 245 0 981 943 
340 549 434 90 449 981 0 566 
370 377 47 137 385 943 566 0 
0 343 116 323 67 181 447 581 
343 0 473 193 57 336 584 214 
116 473 0 53 147 594 92 502 
323 193 53 0 615 764 374 732 
67 57 147 615 0 572 359 143 
181 336 594 764 572 0 417 437 
447 584 92 374 359 417 0 500 
581 214 502 732 143 437 500 0 
0 655 558 906 709 174 934 710 
655 0 52 842 326 362 512 356 
558 52 0 617 169 276 680 990 
906 842 617 0 285 926 469 291 
709 326 169 285 0 952 399 574 
174 362 276 926 952 0 331 964 
934 512 680 469 399 331 0 152 
710 356 990 291 574 964 152 0 
0 221 724 992 906 476 84 138 
221 0 108 659 434 555 8 403 
724 108 0 568 858 456 204 747 
992 659 568 0 352 169 423 282 
906 434 858 352 0 395 190 463 
476 555 456 169 395 0 458 222 
84 8 204 423 190 458 0 990 
138 403 747 282 463 222 990 0 
0 785 149 911 433 60 712 825 
785 0 121 893 707 71 857 189 
149 121 0 943 275 322 840 69 
911 893 943 0 282 631 249 376 
433 707 275 282 0 578 896 41 
60 71 322 631 578 0 562 749 
712 857 840 249 896 562 0 818 
825 189 69 376 41 749 818 0 
