40 3
0 517 195 327 715 90 387 78 644 92 45 374 501 272 763 488 956 842 729 133 711 836 449 431 608 986 500 648 132 132 188 553 515 94 958 120 302 941 279 182 
517 0 917 814 781 989 132 624 487 235 241 164 635 858 97 269 571 515 782 562 457 757 417 787 327 53 446 193 867 579 839 778 279 694 426 404 284 617 837 529 
195 917 0 282 156 229 295 947 269 695 342 580 344 133 751 424 777 70 442 251 790 620 799 195 919 333 710 598 48 732 196 526 302 470 504 295 808 223 43 839 
327 814 282 0 125 124 207 379 633 813 969 168 433 498 955 53 915 586 909 924 807 329 803 522 164 297 752 138 543 315 411 498 332 261 560 93 875 321 612 179 
715 781 156 125 0 835 898 23 878 622 282 749 698 251 654 678 804 179 918 242 77 517 990 640 230 250 491 522 886 497 873 773 540 543 297 700 718 443 847 648 
90 989 229 124 835 0 189 937 545 527 25 148 266 963 872 232 701 860 436 651 346 137 432 842 925 294 756 155 874 413 267 216 153 188 13 377 19 157 292 557 
387 132 295 207 898 189 0 45 474 18 941 990 81 349 339 408 657 358 193 663 66 987 275 661 650 670 582 287 254 249 330 736 688 795 141 871 384 253 371 232 
78 624 947 379 23 937 45 0 3 941 188 730 428 832 12 774 585 63 234 781 653 169 836 833 389 752 375 732 499 216 165 447 98 321 871 191 40 950 974 680 
644 487 269 633 878 545 474 3 0 281 111 723 594 917 804 60 333 984 482 338 747 612 837 909 986 73 305 515 644 780 661 215 522 306 284 470 277 432 611 498 
92 235 695 813 622 527 18 941 281 0 926 834 995 611 984 718 899 643 498 404 717 753 200 31 226 684 448 588 862 400 155 731 80 165 616 466 98 44 635 100 
45 241 342 969 282 25 941 188 111 926 0 342 36 478 828 472 524 656 442 763 760 261 126 432 470 391 640 607 306 949 164 260 642 602 253 457 494 343 263 70 
374 164 580 168 749 148 990 730 723 834 342 0 211 88 869 676 811 149 520 560 270 40 838 25 125 333 262 325 774 8 454 903 598 52 720 484 489 267 657 717 
501 635 344 433 698 266 81 428 594 995 36 211 0 905 165 882 619 602 102 218 550 668 84 235 42 765 733 813 572 544 622 594 911 70 332 297 80 565 749 793 
272 858 133 498 251 963 349 832 917 611 478 88 905 0 796 730 774 159 701 245 598 11 188 97 51 312 756 345 136 638 20 76 622 31 604 434 136 585 208 990 
763 97 751 955 654 872 339 12 804 984 828 869 165 796 0 718 603 116 51 273 474 497 59 831 55 295 321 332 467 696 210 668 786 40 972 199 165 100 252 316 
488 269 424 53 678 232 408 774 60 718 472 676 882 730 718 0 959 224 239 7 408 164 967 408 102 715 698 906 389 380 7 22 215 523 272 447 509 884 824 274 
956 571 777 915 804 701 657 585 333 899 524 811 619 774 603 959 0 491 690 71 442 134 521 676 718 2 736 478 698 536 602 295 566 152 547 44 935 824 825 407 
842 515 70 586 179 860 358 63 984 643 656 149 602 159 116 224 491 0 328 68 634 40 691 768 594 656 298 318 182 130 924 642 432 962 353 477 676 195 749 795 
729 782 442 909 918 436 193 234 482 498 442 520 102 701 51 239 690 328 0 203 235 677 198 836 483 493 989 652 971 410 31 279 238 818 472 691 301 96 700 911 
133 562 251 924 242 651 663 781 338 404 763 560 218 245 273 7 71 68 203 0 849 625 142 193 221 160 504 299 960 294 771 594 371 551 774 393 47 781 315 20 
711 457 790 807 77 346 66 653 747 717 760 270 550 598 474 408 442 634 235 849 0 594 139 562 815 940 522 307 316 376 4 550 919 258 853 468 531 613 709 452 
836 757 620 329 517 137 987 169 612 753 261 40 668 11 497 164 134 40 677 625 594 0 893 589 53 874 515 623 477 310 517 818 335 919 585 340 982 71 831 947 
449 417 799 803 990 432 275 836 837 200 126 838 84 188 59 967 521 691 198 142 139 893 0 64 485 446 724 897 757 214 752 247 218 934 455 278 749 393 113 503 
431 787 195 522 640 842 661 833 909 31 432 25 235 97 831 408 676 768 836 193 562 589 64 0 360 443 100 933 811 223 290 923 408 343 521 360 421 408 671 219 
608 327 919 164 230 925 650 389 986 226 470 125 42 51 55 102 718 594 483 221 815 53 485 360 0 315 855 553 401 253 980 150 101 698 130 425 145 76 648 158 
986 53 333 297 250 294 670 752 73 684 391 333 765 312 295 715 2 656 493 160 940 874 446 443 315 0 487 64 637 413 536 138 940 880 7 675 684 488 303 731 
500 446 710 752 491 756 582 375 305 448 640 262 733 756 321 698 736 298 989 504 522 515 724 100 855 487 0 985 503 288 185 887 925 926 211 510 387 986 441 807 
648 193 598 138 522 155 287 732 515 588 607 325 813 345 332 906 478 318 652 299 307 623 897 933 553 64 985 0 125 8 829 314 97 100 345 105 367 550 646 79 
132 867 48 543 886 874 254 499 644 862 306 774 572 136 467 389 698 182 971 960 316 477 757 811 401 637 503 125 0 255 736 210 368 926 342 197 575 299 149 850 
132 579 732 315 497 413 249 216 780 400 949 8 544 638 696 380 536 130 410 294 376 310 214 223 253 413 288 8 255 0 78 162 263 222 818 751 760 518 481 134 
188 839 196 411 873 267 330 165 661 155 164 454 622 20 210 7 602 924 31 771 4 517 752 290 980 536 185 829 736 78 0 29 177 694 887 267 41 531 975 770 
553 778 526 498 773 216 736 447 215 731 260 903 594 76 668 22 295 642 279 594 550 818 247 923 150 138 887 314 210 162 29 0 199 458 548 129 581 187 304 79 
515 279 302 332 540 153 688 98 522 80 642 598 911 622 786 215 566 432 238 371 919 335 218 408 101 940 925 97 368 263 177 199 0 19 77 846 290 367 995 243 
94 694 470 261 543 188 795 321 306 165 602 52 70 31 40 523 152 962 818 551 258 919 934 343 698 880 926 100 926 222 694 458 19 0 914 108 122 629 334 497 
958 426 504 560 297 13 141 871 284 616 253 720 332 604 972 272 547 353 472 774 853 585 455 521 130 7 211 345 342 818 887 548 77 914 0 219 267 814 223 305 
120 404 295 93 700 377 871 191 470 466 457 484 297 434 199 447 44 477 691 393 468 340 278 360 425 675 510 105 197 751 267 129 846 108 219 0 398 692 940 280 
302 284 808 875 718 19 384 40 277 98 494 489 80 136 165 509 935 676 301 47 531 982 749 421 145 684 387 367 575 760 41 581 290 122 267 398 0 660 385 511 
941 617 223 321 443 157 253 950 432 44 343 267 565 585 100 884 824 195 96 781 613 71 393 408 76 488 986 550 299 518 531 187 367 629 814 692 660 0 947 828 
279 837 43 612 847 292 371 974 611 635 263 657 749 208 252 824 825 749 700 315 709 831 113 671 648 303 441 646 149 481 975 304 995 334 223 940 385 947 0 415 
182 529 839 179 648 557 232 680 498 100 70 717 793 990 316 274 407 795 911 20 452 947 503 219 158 731 807 79 850 134 770 79 243 497 305 280 511 828 415 0 
0 352 323 791 83 637 180 106 749 471 337 564 419 659 123 984 782 640 27 280 618 905 456 623 232 324 581 705 343 468 865 164 941 808 9 104 439 693 905 844 
352 0 811 525 528 937 707 901 81 370 114 568 925 306 300 110 250 228 815 357 207 280 729 944 543 550 760 853 83 69 425 164 879 104 879 273 650 357 494 161 
323 811 0 376 949 284 84 715 60 931 336 576 681 74 362 964 370 851 53 335 608 238 301 408 914 914 478 61 747 340 90 256 190 193 766 517 506 32 103 474 
791 525 376 0 232 819 96 176 207 115 960 378 369 412 213 421 752 736 374 667 898 331 181 518 451 976 873 610 754 518 457 219 220 245 624 850 294 207 735 852 
83 528 949 232 0 519 380 559 735 41 85 508 203 587 199 241 106 550 633 356 518 777 736 594 662 893 315 813 712 902 700 654 875 510 855 398 787 178 866 786 
637 937 284 819 519 0 572 908 518 707 553 977 697 161 106 791 373 298 58 510 654 299 489 774 453 733 289 406 678 994 824 72 336 596 733 529 97 177 218 382 
180 707 84 96 380 572 0 344 585 601 124 274 314 769 549 175 868 366 721 306 753 754 933 532 67 981 447 938 327 883 609 861 578 534 66 42 561 994 505 460 
106 901 715 176 559 908 344 0 99 265 226 54 128 311 914 676 912 854 742 810 853 810 362 9 492 334 875 544 364 183 650 366 354 358 450 891 812 767 865 640 
749 81 60 207 735 518 585 99 0 760 213 919 805 165 690 427 245 110 691 55 6 219 338 314 435 984 732 216 317 432 355 716 179 472 506 673 105 683 622 737 
471 370 931 115 41 707 601 265 760 0 505 137 713 857 290 772 823 760 245 79 371 307 977 98 924 653 56 455 229 277 19 433 364 533 27 100 38 151 765 507 
337 114 336 960 85 553 124 226 213 505 0 983 213 66 420 879 282 745 606 975 131 371 857 669 945 987 529 446 906 459 412 528 585 708 310 842 783 938 482 7 
564 568 576 378 508 977 274 54 919 137 983 0 194 643 949 823 860 309 642 131 976 221 818 863 357 559 819 480 761 972 133 825 270 368 66 953 426 605 290 252 
419 925 681 369 203 697 314 128 805 713 213 194 0 440 351 994 299 971 552 736 746 992 191 460 751 573 226 493 841 81 669 299 752 787 108 392 457 161 767 383 
659 306 74 412 587 161 769 311 165 857 66 643 440 0 440 166 110 990 78 562 206 446 173 706 802 540 371 567 973 52 206 480 805 159 593 547 933 193 983 819 
123 300 362 213 199 106 549 914 690 290 420 949 351 440 0 819 46 641 946 910 943 906 862 354 830 64 310 722 893 151 801 850 402 983 107 350 883 713 489 595 
984 110 964 421 241 791 175 676 427 772 879 823 994 166 819 0 890 149 255 754 305 717 67 649 951 748 468 783 969 582 460 614 145 115 124 670 173 613 303 517 
782 250 370 752 106 373 868 912 245 823 282 860 299 110 46 890 0 573 781 71 873 858 137 249 459 673 260 754 119 938 573 580 15 702 116 57 315 398 963 656 
640 228 851 736 550 298 366 854 110 760 745 309 971 990 641 149 573 0 377 715 581 903 974 125 459 522 553 612 272 15 71 797 734 737 876 10 920 397 641 122 
27 815 53 374 633 58 721 742 691 245 606 642 552 78 946 255 781 377 0 36 586 613 545 812 480 812 876 79 608 335 97 45 947 15 344 179 375 809 334 485 
280 357 335 667 356 510 306 810 55 79 975 131 736 562 910 754 71 715 36 0 71 106 913 420 418 897 673 588 93 347 883 561 235 378 507 475 842 381 647 469 
618 207 608 898 518 654 753 853 6 371 131 976 746 206 943 305 873 581 586 71 0 789 742 551 486 434 164 130 972 976 761 630 337 717 257 269 490 688 510 513 
905 280 238 331 777 299 754 810 219 307 371 221 992 446 906 717 858 903 613 106 789 0 757 643 658 240 40 134 700 831 700 955 556 97 62 830 420 369 71 893 
456 729 301 181 736 489 933 362 338 977 857 818 191 173 862 67 137 974 545 913 742 757 0 409 353 937 789 249 516 667 743 950 788 794 556 349 698 361 831 640 
623 944 408 518 594 774 532 9 314 98 669 863 460 706 354 649 249 125 812 420 551 643 409 0 715 572 868 606 587 185 178 191 281 936 787 779 484 269 346 982 
232 543 914 451 662 453 67 492 435 924 945 357 751 802 830 951 459 459 480 418 486 658 353 715 0 828 812 699 318 929 470 736 499 516 939 648 848 392 576 227 
324 550 914 976 893 733 981 334 984 653 987 559 573 540 64 748 673 522 812 897 434 240 937 572 828 0 619 916 303 481 216 69 879 797 342 478 976 929 515 671 
581 760 478 873 315 289 447 875 732 56 529 819 226 371 310 468 260 553 876 673 164 40 789 868 812 619 0 57 689 853 231 865 712 78 861 947 432 393 432 563 
705 853 61 610 813 406 938 544 216 455 446 480 493 567 722 783 754 612 79 588 130 134 249 606 699 916 57 0 404 545 549 88 582 7 775 452 463 82 229 816 
343 83 747 754 712 678 327 364 317 229 906 761 841 973 893 969 119 272 608 93 972 700 516 587 318 303 689 404 0 454 662 672 100 71 901 117 255 947 825 336 
468 69 340 518 902 994 883 183 432 277 459 972 81 52 151 582 938 15 335 347 976 831 667 185 929 481 853 545 454 0 536 811 900 873 704 866 429 916 506 750 
865 425 90 457 700 824 609 650 355 19 412 133 669 206 801 460 573 71 97 883 761 700 743 178 470 216 231 549 662 536 0 465 293 474 201 408 941 93 704 491 
164 164 256 219 654 72 861 366 716 433 528 825 299 480 850 614 580 797 45 561 630 955 950 191 736 69 865 88 672 811 465 0 381 266 265 88 980 542 463 89 
941 879 190 220 875 336 578 354 179 364 585 270 752 805 402 145 15 734 947 235 337 556 788 281 499 879 712 582 100 900 293 381 0 997 19 619 389 541 878 555 
808 104 193 245 510 596 534 358 472 533 708 368 787 159 983 115 702 737 15 378 717 97 794 936 516 797 78 7 71 873 474 266 997 0 305 442 192 476 681 298 
9 879 766 624 855 733 66 450 506 27 310 66 108 593 107 124 116 876 344 507 257 62 556 787 939 342 861 775 901 704 201 265 19 305 0 190 634 442 571 856 
104 273 517 850 398 529 42 891 673 100 842 953 392 547 350 670 57 10 179 475 269 830 349 779 648 478 947 452 117 866 408 88 619 442 190 0 724 927 952 903 
439 650 506 294 787 97 561 812 105 38 783 426 457 933 883 173 315 920 375 842 490 420 698 484 848 976 432 463 255 429 941 980 389 192 634 724 0 131 885 343 
693 357 32 207 178 177 994 767 683 151 938 605 161 193 713 613 398 397 809 381 688 369 361 269 392 929 393 82 947 916 93 542 541 476 442 927 131 0 425 838 
905 494 103 735 866 218 505 865 622 765 482 290 767 983 489 303 963 641 334 647 510 71 831 346 576 515 432 229 825 506 704 463 878 681 571 952 885 425 0 897 
844 161 474 852 786 382 460 640 737 507 7 252 383 819 595 517 656 122 485 469 513 893 640 982 227 671 563 816 336 750 491 89 555 298 856 903 343 838 897 0 
0 574 708 61 974 354 707 818 233 559 593 632 661 499 856 125 85 281 935 698 547 153 502 177 765 656 625 311 497 475 179 945 92 257 859 955 608 237 261 332 
574 0 35 516 540 86 96 125 943 668 767 507 65 655 741 864 826 840 256 597 704 699 175 208 477 295 358 270 901 806 450 929 143 882 53 638 430 593 554 868 
708 35 0 768 189 773 930 537 819 14 774 453 324 986 546 76 854 159 844 788 397 802 796 704 75 249 634 956 192 621 867 854 725 810 117 530 370 923 737 633 
61 516 768 0 663 213 938 774 803 823 50 754 638 507 700 417 178 389 545 319 61 649 967 638 377 139 22 433 126 490 535 690 954 794 541 107 853 789 239 218 
974 540 189 663 0 664 464 243 134 954 827 464 753 417 745 832 959 644 398 482 201 206 246 460 485 169 749 132 364 101 354 291 81 552 218 674 225 726 90 367 
354 86 773 213 664 0 426 137 436 270 494 143 324 711 814 224 516 675 875 470 330 782 621 295 400 164 863 704 349 16 216 962 582 304 213 481 944 792 737 671 
707 96 930 938 464 426 0 593 272 516 597 649 582 163 664 946 194 743 177 700 239 353 241 578 783 44 436 273 709 124 338 254 498 254 844 870 432 12 384 658 
818 125 537 774 243 137 593 0 760 775 777 998 984 716 40 471 110 91 180 373 71 79 701 841 396 822 63 333 663 543 148 493 609 596 605 281 277 290 237 359 
233 943 819 803 134 436 272 760 0 248 833 262 215 807 335 637 874 935 236 982 932 923 727 743 490 212 479 841 702 573 607 303 850 578 577 213 935 245 507 129 
559 668 14 823 954 270 516 775 248 0 500 851 266 233 746 109 155 222 772 892 795 685 157 780 406 272 984 615 611 931 892 641 771 315 870 939 990 854 250 654 
593 767 774 50 827 494 597 777 833 500 0 71 739 983 426 95 836 248 340 65 992 497 308 374 78 127 277 482 251 523 638 351 270 257 729 110 134 7 586 950 
632 507 453 754 464 143 649 998 262 851 71 0 808 342 86 53 55 661 116 824 159 762 196 192 587 562 157 535 129 155 806 326 744 749 901 184 572 387 541 715 
661 65 324 638 753 324 582 984 215 266 739 808 0 499 523 130 576 137 536 367 242 212 762 667 324 194 911 711 448 945 343 849 153 92 857 581 585 944 302 527 
499 655 986 507 417 711 163 716 807 233 983 342 499 0 567 798 874 63 895 510 886 340 788 301 144 441 854 465 92 700 954 513 367 833 500 612 96 796 45 74 
856 741 546 700 745 814 664 40 335 746 426 86 523 567 0 326 920 560 305 9 141 161 72 753 153 819 789 229 163 699 311 353 529 89 987 921 83 419 734 433 
125 864 76 417 832 224 946 471 637 109 95 53 130 798 326 0 224 730 627 115 802 155 885 281 30 202 334 298 132 423 557 364 920 812 960 430 748 442 842 541 
85 826 854 178 959 516 194 110 874 155 836 55 576 874 920 224 0 383 289 982 148 138 763 730 521 314 914 219 928 255 390 396 605 437 781 999 517 741 24 187 
281 840 159 389 644 675 743 91 935 222 248 661 137 63 560 730 383 0 620 205 326 47 54 922 512 466 414 605 650 975 985 118 279 337 288 900 109 600 467 777 
935 256 844 545 398 875 177 180 236 772 340 116 536 895 305 627 289 620 0 890 451 266 518 37 594 109 244 875 476 630 960 910 109 860 505 738 725 182 770 499 
698 597 788 319 482 470 700 373 982 892 65 824 367 510 9 115 982 205 890 0 838 599 122 459 511 240 519 415 872 764 181 408 769 652 663 607 167 592 483 345 
547 704 397 61 201 330 239 71 932 795 992 159 242 886 141 802 148 326 451 838 0 357 271 455 356 529 700 778 254 58 420 537 700 318 767 518 464 262 583 532 
153 699 802 649 206 782 353 79 923 685 497 762 212 340 161 155 138 47 266 599 357 0 83 380 188 656 981 963 377 344 261 156 572 711 881 360 403 601 799 92 
502 175 796 967 246 621 241 701 727 157 308 196 762 788 72 885 763 54 518 122 271 83 0 312 650 251 258 498 451 162 362 137 168 215 514 611 353 603 205 372 
177 208 704 638 460 295 578 841 743 780 374 192 667 301 753 281 730 922 37 459 455 380 312 0 335 469 221 322 360 830 825 660 856 131 235 327 463 955 598 134 
765 477 75 377 485 400 783 396 490 406 78 587 324 144 153 30 521 512 594 511 356 188 650 335 0 214 208 308 809 80 369 225 385 366 13 424 7 598 287 778 
656 295 249 139 169 164 44 822 212 272 127 562 194 441 819 202 314 466 109 240 529 656 251 469 214 0 314 165 686 548 952 1000 113 266 605 671 94 84 344 450 
625 358 634 22 749 863 436 63 479 984 277 157 911 854 789 334 914 414 244 519 700 981 258 221 208 314 0 775 199 96 688 157 117 831 146 198 342 699 309 399 
311 270 956 433 132 704 273 333 841 615 482 535 711 465 229 298 219 605 875 415 778 963 498 322 308 165 775 0 627 423 423 693 224 904 193 534 666 874 566 345 
497 901 192 126 364 349 709 663 702 611 251 129 448 92 163 132 928 650 476 872 254 377 451 360 809 686 199 627 0 599 279 50 939 924 67 879 680 150 6 840 
475 806 621 490 101 16 124 543 573 931 523 155 945 700 699 423 255 975 630 764 58 344 162 830 80 548 96 423 599 0 465 382 311 184 177 279 509 193 359 173 
179 450 867 535 354 216 338 148 607 892 638 806 343 954 311 557 390 985 960 181 420 261 362 825 369 952 688 423 279 465 0 686 603 414 867 673 95 844 307 402 
945 929 854 690 291 962 254 493 303 641 351 326 849 513 353 364 396 118 910 408 537 156 137 660 225 1000 157 693 50 382 686 0 613 620 519 842 39 475 368 903 
92 143 725 954 81 582 498 609 850 771 270 744 153 367 529 920 605 279 109 769 700 572 168 856 385 113 117 224 939 311 603 613 0 193 954 435 312 392 396 431 
257 882 810 794 552 304 254 596 578 315 257 749 92 833 89 812 437 337 860 652 318 711 215 131 366 266 831 904 924 184 414 620 193 0 515 648 584 377 278 710 
859 53 117 541 218 213 844 605 577 870 729 901 857 500 987 960 781 288 505 663 767 881 514 235 13 605 146 193 67 177 867 519 954 515 0 617 184 555 649 142 
955 638 530 107 674 481 870 281 213 939 110 184 581 612 921 430 999 900 738 607 518 360 611 327 424 671 198 534 879 279 673 842 435 648 617 0 294 21 99 239 
608 430 370 853 225 944 432 277 935 990 134 572 585 96 83 748 517 109 725 167 464 403 353 463 7 94 342 666 680 509 95 39 312 584 184 294 0 999 112 523 
237 593 923 789 726 792 12 290 245 854 7 387 944 796 419 442 741 600 182 592 262 601 603 955 598 84 699 874 150 193 844 475 392 377 555 21 999 0 646 19 
261 554 737 239 90 737 384 237 507 250 586 541 302 45 734 842 24 467 770 483 583 799 205 598 287 344 309 566 6 359 307 368 396 278 649 99 112 646 0 83 
332 868 633 218 367 671 658 359 129 654 950 715 527 74 433 541 187 777 499 345 532 92 372 134 778 450 399 345 840 173 402 903 431 710 142 239 523 19 83 0 
0 605 735 98 971 417 736 908 343 557 700 482 661 217 863 95 206 271 858 811 231 141 524 421 708 635 554 325 600 607 137 737 116 360 994 740 463 677 105 174 
605 0 231 597 469 39 241 24 765 697 860 474 1 791 588 866 756 824 136 634 793 692 299 127 507 656 367 88 827 946 484 645 71 858 59 598 343 633 280 872 
735 231 0 704 110 534 845 279 814 117 619 388 400 888 657 113 680 194 997 776 439 921 863 685 139 127 410 890 385 785 948 656 796 941 119 411 436 830 812 585 
98 597 704 0 774 167 997 800 632 789 69 813 703 522 803 526 144 231 668 248 325 539 788 303 570 219 267 628 246 189 572 673 769 647 373 227 842 849 352 146 
971 469 110 774 0 433 498 522 365 862 976 386 907 593 855 720 939 332 428 574 602 27 230 436 192 148 700 283 225 303 321 251 303 576 315 769 204 848 115 277 
417 39 534 167 433 0 228 273 601 191 512 221 525 943 924 157 549 768 896 614 518 644 554 48 810 296 675 853 173 171 124 745 582 228 182 472 803 891 693 767 
736 241 845 997 498 228 0 441 521 287 920 443 789 77 381 862 309 584 218 658 144 404 260 304 989 123 447 10 521 154 414 334 302 389 628 993 369 18 510 542 
908 24 279 800 522 273 441 0 808 921 783 1000 668 600 110 296 145 213 324 347 162 197 713 903 561 621 246 501 671 899 387 529 436 600 490 248 57 290 52 374 
343 765 814 632 365 601 521 808 0 374 881 156 414 979 299 558 761 599 195 755 885 934 718 640 500 111 194 792 971 653 519 389 864 515 542 317 916 375 464 133 
557 697 117 789 862 191 287 921 374 0 395 893 361 224 592 212 137 116 813 883 612 608 119 858 49 331 941 551 802 788 960 680 670 243 861 826 944 638 1 355 
700 860 619 69 976 512 920 783 881 395 0 217 760 959 722 76 444 179 231 53 862 575 77 196 59 139 436 553 129 638 612 404 498 216 574 117 157 167 427 933 
482 474 388 813 386 221 443 1000 156 893 217 0 950 441 182 147 213 784 606 782 178 804 155 194 715 261 218 596 246 53 912 178 800 624 974 7 673 338 825 717 
661 1 400 703 907 525 789 668 414 361 760 950 0 751 769 166 679 26 312 283 248 65 688 484 220 284 627 679 280 980 342 835 275 136 815 489 530 886 310 702 
217 791 888 522 593 943 77 600 979 224 959 441 751 0 609 838 1000 267 802 479 894 333 707 345 153 431 642 444 18 919 810 438 101 767 447 607 123 926 60 7 
863 588 657 803 855 924 381 110 299 592 722 182 769 609 0 198 823 483 104 79 36 2 163 565 441 843 605 359 146 693 127 158 581 1 953 631 72 281 424 203 
95 866 113 526 720 157 862 296 558 212 76 147 166 838 198 0 104 743 852 432 785 337 935 302 120 101 499 182 16 456 598 419 836 788 911 121 927 258 745 445 
206 756 680 144 939 549 309 145 761 137 444 213 679 1000 823 104 0 331 316 994 66 214 845 797 526 201 716 225 815 281 537 452 840 244 877 893 641 627 125 422 
271 824 194 231 332 768 584 213 599 116 179 784 26 267 483 743 331 0 656 245 396 111 164 906 527 456 384 371 691 830 913 234 377 272 252 962 59 636 482 657 
858 136 997 668 428 896 218 324 195 813 231 606 312 802 104 852 316 656 0 978 468 499 373 250 387 306 114 990 371 683 862 975 2 876 799 976 756 176 585 624 
811 634 776 248 574 614 658 347 755 883 53 782 283 479 79 432 994 245 978 0 773 934 131 569 650 178 353 485 947 553 172 405 818 541 468 400 218 778 415 416 
231 793 439 325 602 518 144 162 885 612 862 178 248 894 36 785 66 396 468 773 0 83 159 590 472 636 889 918 55 25 186 392 769 139 947 833 566 117 534 380 
141 692 921 539 27 644 404 197 934 608 575 804 65 333 2 337 214 111 499 934 83 0 147 433 361 479 840 777 338 103 387 26 483 787 920 298 390 678 760 143 
524 299 863 788 230 554 260 713 718 119 77 155 688 707 163 935 845 164 373 131 159 147 0 488 707 135 143 799 321 182 256 27 236 219 432 675 359 766 178 413 
421 127 685 303 436 48 304 903 640 858 196 194 484 345 565 302 797 906 250 569 590 433 488 0 316 271 244 215 438 840 691 756 596 52 182 31 564 583 745 29 
708 507 139 570 192 810 989 561 500 49 59 715 220 153 441 120 526 527 387 650 472 361 707 316 0 350 45 311 699 127 342 341 382 625 86 358 308 673 203 678 
635 656 127 219 148 296 123 621 111 331 139 261 284 431 843 101 201 456 306 178 636 479 135 271 350 0 336 211 542 413 640 988 80 232 724 561 9 68 396 468 
554 367 410 267 700 675 447 246 194 941 436 218 627 642 605 499 716 384 114 353 889 840 143 244 45 336 0 801 377 196 690 99 317 933 256 110 608 460 621 501 
325 88 890 628 283 853 10 501 792 551 553 596 679 444 359 182 225 371 990 485 918 777 799 215 311 211 801 0 459 495 468 772 491 978 354 501 715 932 691 130 
600 827 385 246 225 173 521 671 971 802 129 246 280 18 146 16 815 691 371 947 55 338 321 438 699 542 377 459 0 556 321 357 915 980 96 962 636 185 153 492 
607 946 785 189 303 171 154 899 653 788 638 53 980 919 693 456 281 830 683 553 25 103 182 840 127 413 196 495 556 0 457 328 129 153 174 159 387 207 415 277 
137 484 948 572 321 124 414 387 519 960 612 912 342 810 127 598 537 913 862 172 186 387 256 691 342 640 690 468 321 457 0 398 881 552 819 688 115 859 455 481 
737 645 656 673 251 745 334 529 389 680 404 178 835 438 158 419 452 234 975 405 392 26 27 756 341 988 99 772 357 328 398 0 636 643 778 866 12 685 578 971 
116 71 796 769 303 582 302 436 864 670 498 800 275 101 581 836 840 377 2 818 769 483 236 596 382 80 317 491 915 129 881 636 0 195 1000 340 595 555 271 426 
360 858 941 647 576 228 389 600 515 243 216 624 136 767 1 788 244 272 876 541 139 787 219 52 625 232 933 978 980 153 552 643 195 0 511 645 931 659 296 752 
994 59 119 373 315 182 628 490 542 861 574 974 815 447 953 911 877 252 799 468 947 920 432 182 86 724 256 354 96 174 819 778 1000 511 0 628 195 762 455 92 
740 598 411 227 769 472 993 248 317 826 117 7 489 607 631 121 893 962 976 400 833 298 675 31 358 561 110 501 962 159 688 866 340 645 628 0 169 32 144 136 
463 343 436 842 204 803 369 57 916 944 157 673 530 123 72 927 641 59 756 218 566 390 359 564 308 9 608 715 636 387 115 12 595 931 195 169 0 891 112 601 
677 633 830 849 848 891 18 290 375 638 167 338 886 926 281 258 627 636 176 778 117 678 766 583 673 68 460 932 185 207 859 685 555 659 762 32 891 0 510 315 
105 280 812 352 115 693 510 52 464 1 427 825 310 60 424 745 125 482 585 415 534 760 178 745 203 396 621 691 153 415 455 578 271 296 455 144 112 510 0 5 
174 872 585 146 277 767 542 374 133 355 933 717 702 7 203 445 422 657 624 416 380 143 413 29 678 468 501 130 492 277 481 971 426 752 92 136 601 315 5 0 
