15 2
0 691 813 340 330 211 409 414 473 732 95 116 47 212 363 
691 0 822 549 990 128 503 394 510 272 92 615 56 192 397 
813 822 0 434 902 862 491 842 441 990 210 558 660 213 848 
340 549 434 0 345 464 999 723 111 641 24 948 547 251 369 
330 990 902 345 0 206 685 569 754 166 154 724 255 62 813 
211 128 862 464 206 0 86 712 815 268 569 491 905 998 282 
409 503 491 999 685 86 0 668 408 610 468 149 790 984 321 
414 394 842 723 569 712 668 0 325 81 515 473 747 783 323 
473 510 441 111 754 815 408 325 0 746 315 252 698 110 535 
732 272 990 641 166 268 610 81 746 0 810 52 543 126 906 
95 92 210 24 154 569 468 515 315 810 0 486 386 285 143 
116 615 558 948 724 491 149 473 252 52 486 0 254 544 992 
47 56 660 547 255 905 790 747 698 543 386 254 0 405 138 
212 192 213 251 62 998 984 783 110 126 285 544 405 0 911 
363 397 848 369 813 282 321 323 535 906 143 992 138 911 0 
0 67 22 719 359 732 843 956 294 296 190 170 340 375 147 
67 0 85 924 825 154 179 899 900 173 692 24 37 136 93 
22 85 0 607 896 376 796 245 348 314 548 763 563 707 82 
719 924 607 0 331 574 970 885 536 672 972 862 587 8 336 
359 825 896 331 0 272 447 663 856 124 446 680 895 472 785 
732 154 376 574 272 0 116 805 770 392 200 895 520 34 792 
843 179 796 970 447 116 0 60 318 462 910 773 451 405 613 
956 899 245 885 663 805 60 0 109 582 901 207 256 999 771 
294 900 348 536 856 770 318 109 0 245 262 241 284 470 735 
296 173 314 672 124 392 462 582 245 0 639 124 827 866 494 
190 692 548 972 446 200 910 901 262 639 0 466 404 786 134 
170 24 763 862 680 895 773 207 241 124 466 0 237 887 214 
340 37 563 587 895 520 451 256 284 827 404 237 0 528 598 
375 136 707 8 472 34 405 999 470 866 786 887 528 0 61 
147 93 82 336 785 792 613 771 735 494 134 214 598 61 0 
0 709 61 454 399 291 623 101 833 677 586 184 731 558 831 
709 0 706 472 432 762 710 880 661 581 24 283 328 316 114 
61 706 0 921 994 155 483 109 507 904 430 643 239 386 192 
454 472 921 0 458 463 769 886 443 833 647 930 434 998 421 
399 432 994 458 0 437 49 903 773 768 803 494 890 580 498 
291 762 155 463 437 0 366 47 938 71 897 943 363 690 886 
623 710 483 769 49 366 0 791 755 624 247 324 168 903 221 
101 880 109 886 903 47 791 0 469 191 963 186 886 698 90 
833 661 507 443 773 938 755 469 0 683 180 261 900 907 833 
677 581 904 833 768 71 624 191 683 0 438 606 594 899 45 
586 24 430 647 803 897 247 963 180 438 0 242 410 8 462 
184 283 643 930 494 943 324 186 261 606 242 0 519 518 909 
731 328 239 434 890 363 168 886 900 594 410 519 0 127 146 
558 316 386 998 580 690 903 698 907 899 8 518 127 0 723 
831 114 192 421 498 886 221 90 833 45 462 909 146 723 0 
