40 3
0 517 195 327 715 90 387 78 644 92 45 374 501 272 763 488 956 842 729 133 711 836 449 431 608 986 500 648 132 132 188 553 515 94 958 120 302 941 279 182 
517 0 917 814 781 989 132 624 487 235 241 164 635 858 97 269 571 515 782 562 457 757 417 787 327 53 446 193 867 579 839 778 279 694 426 404 284 617 837 529 
195 917 0 282 156 229 295 947 269 695 342 580 344 133 751 424 777 70 442 251 790 620 799 195 919 333 710 598 48 732 196 526 302 470 504 295 808 223 43 839 
327 814 282 0 125 124 207 379 633 813 969 168 433 498 955 53 915 586 909 924 807 329 803 522 164 297 752 138 543 315 411 498 332 261 560 93 875 321 612 179 
715 781 156 125 0 835 898 23 878 622 282 749 698 251 654 678 804 179 918 242 77 517 990 640 230 250 491 522 886 497 873 773 540 543 297 700 718 443 847 648 
90 989 229 124 835 0 189 937 545 527 25 148 266 963 872 232 701 860 436 651 346 137 432 842 925 294 756 155 874 413 267 216 153 188 13 377 19 157 292 557 
387 132 295 207 898 189 0 45 474 18 941 990 81 349 339 408 657 358 193 663 66 987 275 661 650 670 582 287 254 249 330 736 688 795 141 871 384 253 371 232 
78 624 947 379 23 937 45 0 3 941 188 730 428 832 12 774 585 63 234 781 653 169 836 833 389 752 375 732 499 216 165 447 98 321 871 191 40 950 974 680 
644 487 269 633 878 545 474 3 0 281 111 723 594 917 804 60 333 984 482 338 747 612 837 909 986 73 305 515 644 780 661 215 522 306 284 470 277 432 611 498 
92 235 695 813 622 527 18 941 281 0 926 834 995 611 984 718 899 643 498 404 717 753 200 31 226 684 448 588 862 400 155 731 80 165 616 466 98 44 635 100 
45 241 342 969 282 25 941 188 111 926 0 342 36 478 828 472 524 656 442 763 760 261 126 432 470 391 640 607 306 949 164 260 642 602 253 457 494 343 263 70 
374 164 580 168 749 148 990 730 723 834 342 0 211 88 869 676 811 149 520 560 270 40 838 25 125 333 262 325 774 8 454 903 598 52 720 484 489 267 657 717 
501 635 344 433 698 266 81 428 594 995 36 211 0 905 165 882 619 602 102 218 550 668 84 235 42 765 733 813 572 544 622 594 911 70 332 297 80 565 749 793 
272 858 133 498 251 963 349 832 917 611 478 88 905 0 796 730 774 159 701 245 598 11 188 97 51 312 756 345 136 638 20 76 622 31 604 434 136 585 208 990 
763 97 751 955 654 872 339 12 804 984 828 869 165 796 0 718 603 116 51 273 474 497 59 831 55 295 321 332 467 696 210 668 786 40 972 199 165 100 252 316 
488 269 424 53 678 232 408 774 60 718 472 676 882 730 718 0 959 224 239 7 408 164 967 408 102 715 698 906 389 380 7 22 215 523 272 447 509 884 824 274 
956 571 777 915 804 701 657 585 333 899 524 811 619 774 603 959 0 491 690 71 442 134 521 676 718 2 736 478 698 536 602 295 566 152 547 44 935 824 825 407 
842 515 70 586 179 860 358 63 984 643 656 149 602 159 116 224 491 0 328 68 634 40 691 768 594 656 298 318 182 130 924 642 432 962 353 477 676 195 749 795 
729 782 442 909 918 436 193 234 482 498 442 520 102 701 51 239 690 328 0 203 235 677 198 836 483 493 989 652 971 410 31 279 238 818 472 691 301 96 700 911 
133 562 251 924 242 651 663 781 338 404 763 560 218 245 273 7 71 68 203 0 849 625 142 193 221 160 504 299 960 294 771 594 371 551 774 393 47 781 315 20 
711 457 790 807 77 346 66 653 747 717 760 270 550 598 474 408 442 634 235 849 0 594 139 562 815 940 522 307 316 376 4 550 919 258 853 468 531 613 709 452 
836 757 620 329 517 137 987 169 612 753 261 40 668 11 497 164 134 40 677 625 594 0 893 589 53 874 515 623 477 310 517 818 335 919 585 340 982 71 831 947 
449 417 799 803 990 432 275 836 837 200 126 838 84 188 59 967 521 691 198 142 139 893 0 64 485 446 724 897 757 214 752 247 218 934 455 278 749 393 113 503 
431 787 195 522 640 842 661 833 909 31 432 25 235 97 831 408 676 768 836 193 562 589 64 0 360 443 100 933 811 223 290 923 408 343 521 360 421 408 671 219 
608 327 919 164 230 925 650 389 986 226 470 125 42 51 55 102 718 594 483 221 815 53 485 360 0 315 855 553 401 253 980 150 101 698 130 425 145 76 648 158 
986 53 333 297 250 294 670 752 73 684 391 333 765 312 295 715 2 656 493 160 940 874 446 443 315 0 487 64 637 413 536 138 940 880 7 675 684 488 303 731 
500 446 710 752 491 756 582 375 305 448 640 262 733 756 321 698 736 298 989 504 522 515 724 100 855 487 0 985 503 288 185 887 925 926 211 510 387 986 441 807 
648 193 598 138 522 155 287 732 515 588 607 325 813 345 332 906 478 318 652 299 307 623 897 933 553 64 985 0 125 8 829 314 97 100 345 105 367 550 646 79 
132 867 48 543 886 874 254 499 644 862 306 774 572 136 467 389 698 182 971 960 316 477 757 811 401 637 503 125 0 255 736 210 368 926 342 197 575 299 149 850 
132 579 732 315 497 413 249 216 780 400 949 8 544 638 696 380 536 130 410 294 376 310 214 223 253 413 288 8 255 0 78 162 263 222 818 751 760 518 481 134 
188 839 196 411 873 267 330 165 661 155 164 454 622 20 210 7 602 924 31 771 4 517 752 290 980 536 185 829 736 78 0 29 177 694 887 267 41 531 975 770 
553 778 526 498 773 216 736 447 215 731 260 903 594 76 668 22 295 642 279 594 550 818 247 923 150 138 887 314 210 162 29 0 199 458 548 129 581 187 304 79 
515 279 302 332 540 153 688 98 522 80 642 598 911 622 786 215 566 432 238 371 919 335 218 408 101 940 925 97 368 263 177 199 0 19 77 846 290 367 995 243 
94 694 470 261 543 188 795 321 306 165 602 52 70 31 40 523 152 962 818 551 258 919 934 343 698 880 926 100 926 222 694 458 19 0 914 108 122 629 334 497 
958 426 504 560 297 13 141 871 284 616 253 720 332 604 972 272 547 353 472 774 853 585 455 521 130 7 211 345 342 818 887 548 77 914 0 219 267 814 223 305 
120 404 295 93 700 377 871 191 470 466 457 484 297 434 199 447 44 477 691 393 468 340 278 360 425 675 510 105 197 751 267 129 846 108 219 0 398 692 940 280 
302 284 808 875 718 19 384 40 277 98 494 489 80 136 165 509 935 676 301 47 531 982 749 421 145 684 387 367 575 760 41 581 290 122 267 398 0 660 385 511 
941 617 223 321 443 157 253 950 432 44 343 267 565 585 100 884 824 195 96 781 613 71 393 408 76 488 986 550 299 518 531 187 367 629 814 692 660 0 947 828 
279 837 43 612 847 292 371 974 611 635 263 657 749 208 252 824 825 749 700 315 709 831 113 671 648 303 441 646 149 481 975 304 995 334 223 940 385 947 0 415 
182 529 839 179 648 557 232 680 498 100 70 717 793 990 316 274 407 795 911 20 452 947 503 219 158 731 807 79 850 134 770 79 243 497 305 280 511 828 415 0 
0 352 323 791 83 637 180 106 749 471 337 564 419 659 123 984 782 640 27 280 618 905 456 623 232 324 581 705 343 468 865 164 941 808 9 104 439 693 905 844 
352 0 811 525 528 937 707 901 81 370 114 568 925 306 300 110 250 228 815 357 207 280 729 944 543 550 760 853 83 69 425 164 879 104 879 273 650 357 494 161 
323 811 0 376 949 284 84 715 60 931 336 576 681 74 362 964 370 851 53 335 608 238 301 408 914 914 478 61 747 340 90 256 190 193 766 517 506 32 103 474 
791 525 376 0 232 819 96 176 207 115 960 378 369 412 213 421 752 736 374 667 898 331 181 518 451 976 873 610 754 518 457 219 220 245 624 850 294 207 735 852 
83 528 949 232 0 519 380 559 735 41 85 508 203 587 199 241 106 550 633 356 518 777 736 594 662 893 315 813 712 902 700 654 875 510 855 398 787 178 866 786 
637 937 284 819 519 0 572 908 518 707 553 977 697 161 106 791 373 298 58 510 654 299 489 774 453 733 289 406 678 994 824 72 336 596 733 529 97 177 218 382 
180 707 84 96 380 572 0 344 585 601 124 274 314 769 549 175 868 366 721 306 753 754 933 532 67 981 447 938 327 883 609 861 578 534 66 42 561 994 505 460 
106 901 715 176 559 908 344 0 99 265 226 54 128 311 914 676 912 854 742 810 853 810 362 9 492 334 875 544 364 183 650 366 354 358 450 891 812 767 865 640 
749 81 60 207 735 518 585 99 0 760 213 919 805 165 690 427 245 110 691 55 6 219 338 314 435 984 732 216 317 432 355 716 179 472 506 673 105 683 622 737 
471 370 931 115 41 707 601 265 760 0 505 137 713 857 290 772 823 760 245 79 371 307 977 98 924 653 56 455 229 277 19 433 364 533 27 100 38 151 765 507 
337 114 336 960 85 553 124 226 213 505 0 983 213 66 420 879 282 745 606 975 131 371 857 669 945 987 529 446 906 459 412 528 585 708 310 842 783 938 482 7 
564 568 576 378 508 977 274 54 919 137 983 0 194 643 949 823 860 309 642 131 976 221 818 863 357 559 819 480 761 972 133 825 270 368 66 953 426 605 290 252 
419 925 681 369 203 697 314 128 805 713 213 194 0 440 351 994 299 971 552 736 746 992 191 460 751 573 226 493 841 81 669 299 752 787 108 392 457 161 767 383 
659 306 74 412 587 161 769 311 165 857 66 643 440 0 440 166 110 990 78 562 206 446 173 706 802 540 371 567 973 52 206 480 805 159 593 547 933 193 983 819 
123 300 362 213 199 106 549 914 690 290 420 949 351 440 0 819 46 641 946 910 943 906 862 354 830 64 310 722 893 151 801 850 402 983 107 350 883 713 489 595 
984 110 964 421 241 791 175 676 427 772 879 823 994 166 819 0 890 149 255 754 305 717 67 649 951 748 468 783 969 582 460 614 145 115 124 670 173 613 303 517 
782 250 370 752 106 373 868 912 245 823 282 860 299 110 46 890 0 573 781 71 873 858 137 249 459 673 260 754 119 938 573 580 15 702 116 57 315 398 963 656 
640 228 851 736 550 298 366 854 110 760 745 309 971 990 641 149 573 0 377 715 581 903 974 125 459 522 553 612 272 15 71 797 734 737 876 10 920 397 641 122 
27 815 53 374 633 58 721 742 691 245 606 642 552 78 946 255 781 377 0 36 586 613 545 812 480 812 876 79 608 335 97 45 947 15 344 179 375 809 334 485 
280 357 335 667 356 510 306 810 55 79 975 131 736 562 910 754 71 715 36 0 71 106 913 420 418 897 673 588 93 347 883 561 235 378 507 475 842 381 647 469 
618 207 608 898 518 654 753 853 6 371 131 976 746 206 943 305 873 581 586 71 0 789 742 551 486 434 164 130 972 976 761 630 337 717 257 269 490 688 510 513 
905 280 238 331 777 299 754 810 219 307 371 221 992 446 906 717 858 903 613 106 789 0 757 643 658 240 40 134 700 831 700 955 556 97 62 830 420 369 71 893 
456 729 301 181 736 489 933 362 338 977 857 818 191 173 862 67 137 974 545 913 742 757 0 409 353 937 789 249 516 667 743 950 788 794 556 349 698 361 831 640 
623 944 408 518 594 774 532 9 314 98 669 863 460 706 354 649 249 125 812 420 551 643 409 0 715 572 868 606 587 185 178 191 281 936 787 779 484 269 346 982 
232 543 914 451 662 453 67 492 435 924 945 357 751 802 830 951 459 459 480 418 486 658 353 715 0 828 812 699 318 929 470 736 499 516 939 648 848 392 576 227 
324 550 914 976 893 733 981 334 984 653 987 559 573 540 64 748 673 522 812 897 434 240 937 572 828 0 619 916 303 481 216 69 879 797 342 478 976 929 515 671 
581 760 478 873 315 289 447 875 732 56 529 819 226 371 310 468 260 553 876 673 164 40 789 868 812 619 0 57 689 853 231 865 712 78 861 947 432 393 432 563 
705 853 61 610 813 406 938 544 216 455 446 480 493 567 722 783 754 612 79 588 130 134 249 606 699 916 57 0 404 545 549 88 582 7 775 452 463 82 229 816 
343 83 747 754 712 678 327 364 317 229 906 761 841 973 893 969 119 272 608 93 972 700 516 587 318 303 689 404 0 454 662 672 100 71 901 117 255 947 825 336 
468 69 340 518 902 994 883 183 432 277 459 972 81 52 151 582 938 15 335 347 976 831 667 185 929 481 853 545 454 0 536 811 900 873 704 866 429 916 506 750 
865 425 90 457 700 824 609 650 355 19 412 133 669 206 801 460 573 71 97 883 761 700 743 178 470 216 231 549 662 536 0 465 293 474 201 408 941 93 704 491 
164 164 256 219 654 72 861 366 716 433 528 825 299 480 850 614 580 797 45 561 630 955 950 191 736 69 865 88 672 811 465 0 381 266 265 88 980 542 463 89 
941 879 190 220 875 336 578 354 179 364 585 270 752 805 402 145 15 734 947 235 337 556 788 281 499 879 712 582 100 900 293 381 0 997 19 619 389 541 878 555 
808 104 193 245 510 596 534 358 472 533 708 368 787 159 983 115 702 737 15 378 717 97 794 936 516 797 78 7 71 873 474 266 997 0 305 442 192 476 681 298 
9 879 766 624 855 733 66 450 506 27 310 66 108 593 107 124 116 876 344 507 257 62 556 787 939 342 861 775 901 704 201 265 19 305 0 190 634 442 571 856 
104 273 517 850 398 529 42 891 673 100 842 953 392 547 350 670 57 10 179 475 269 830 349 779 648 478 947 452 117 866 408 88 619 442 190 0 724 927 952 903 
439 650 506 294 787 97 561 812 105 38 783 426 457 933 883 173 315 920 375 842 490 420 698 484 848 976 432 463 255 429 941 980 389 192 634 724 0 131 885 343 
693 357 32 207 178 177 994 767 683 151 938 605 161 193 713 613 398 397 809 381 688 369 361 269 392 929 393 82 947 916 93 542 541 476 442 927 131 0 425 838 
905 494 103 735 866 218 505 865 622 765 482 290 767 983 489 303 963 641 334 647 510 71 831 346 576 515 432 229 825 506 704 463 878 681 571 952 885 425 0 897 
844 161 474 852 786 382 460 640 737 507 7 252 383 819 595 517 656 122 485 469 513 893 640 982 227 671 563 816 336 750 491 89 555 298 856 903 343 838 897 0 
0 427 293 940 27 647 294 183 768 442 408 369 340 502 145 876 916 720 66 303 454 848 499 824 236 345 376 690 504 526 822 56 909 744 142 46 393 764 740 669 
427 0 966 485 461 915 905 876 58 333 234 494 936 346 260 137 175 161 745 404 297 302 826 793 524 706 643 731 100 195 551 72 858 119 948 363 571 408 447 133 
293 966 0 233 812 228 71 464 182 987 227 548 677 15 455 925 147 842 157 213 604 199 205 297 926 752 367 45 809 380 134 147 276 191 884 471 631 78 264 368 
940 485 233 0 338 788 63 227 198 178 951 247 363 494 301 584 823 612 456 682 940 352 34 363 624 862 979 568 875 511 466 311 47 207 460 894 148 212 762 783 
27 461 812 338 0 337 537 758 867 47 174 537 248 584 256 169 42 357 603 519 800 795 755 541 516 832 252 869 637 900 647 710 920 449 783 327 776 275 911 634 
647 915 228 788 337 0 575 864 565 731 507 858 677 290 187 777 485 326 126 531 671 219 380 706 601 837 138 297 652 985 785 39 419 697 788 520 57 209 264 330 
294 905 71 63 537 575 0 408 729 485 404 352 419 838 337 55 807 258 824 301 762 648 760 423 218 957 565 728 292 877 663 747 503 747 157 131 569 989 617 343 
183 876 464 227 758 864 408 0 241 226 224 3 17 285 961 530 891 910 821 628 930 922 300 160 605 179 938 668 338 458 853 508 392 405 396 720 724 711 764 642 
768 58 182 198 867 565 729 241 0 753 168 739 786 194 666 364 127 66 765 19 69 78 274 258 511 789 522 160 299 428 394 698 151 423 424 788 66 756 494 872 
442 333 987 178 47 731 485 226 753 0 501 150 735 768 255 892 846 779 229 109 206 316 844 221 595 729 17 386 390 70 109 360 230 686 131 62 11 147 751 347 
408 234 227 951 174 507 404 224 168 501 0 930 262 18 575 906 165 753 661 936 9 504 693 627 923 874 724 519 750 478 363 650 731 744 272 891 867 994 415 51 
369 494 548 247 537 858 352 3 739 150 930 0 193 659 915 948 946 340 885 177 842 239 805 809 414 439 844 466 872 846 195 675 257 252 100 817 429 614 460 286 
340 936 677 363 248 677 419 17 786 735 262 193 0 502 478 871 425 864 465 634 759 789 239 334 677 807 90 290 553 56 658 152 848 909 144 420 416 57 699 474 
502 346 15 494 584 290 838 285 194 768 18 659 502 0 434 203 127 938 106 491 115 661 213 700 857 560 147 536 909 301 47 488 634 168 501 389 905 205 956 927 
145 260 455 301 256 187 337 961 666 255 575 915 478 434 0 675 81 441 696 992 860 840 929 248 848 182 212 772 838 302 690 648 472 912 14 80 918 582 267 568 
876 137 925 584 169 777 55 530 364 892 906 948 871 203 675 0 777 271 374 886 199 846 116 720 971 799 667 703 869 578 444 637 81 189 41 571 253 559 159 460 
916 175 147 823 42 485 807 891 127 846 165 946 425 127 81 777 0 618 712 19 853 863 238 271 480 687 87 782 73 746 611 605 396 564 220 2 484 260 977 814 
720 161 842 612 357 326 258 910 66 779 753 340 864 938 441 271 618 0 381 796 675 954 947 79 489 535 587 396 351 26 16 883 722 664 713 101 892 401 534 224 
66 745 157 456 603 126 824 821 765 229 661 885 465 106 696 374 712 381 0 111 550 735 483 964 407 892 757 126 525 371 41 91 892 141 496 263 276 819 231 502 
303 404 213 682 519 531 301 628 19 109 936 177 634 491 992 886 19 796 111 0 163 402 879 542 490 761 482 586 129 237 820 593 232 349 338 394 834 409 518 656 
454 297 604 940 800 671 762 930 69 206 9 842 759 115 860 199 853 675 550 163 0 644 730 546 645 472 301 223 747 943 581 464 301 683 234 483 537 739 418 469 
848 302 199 352 795 219 648 922 78 316 504 239 789 661 840 846 863 954 735 402 644 0 918 621 813 345 20 38 624 657 740 845 429 290 120 641 598 400 202 909 
499 826 205 34 755 380 760 300 274 844 693 805 239 213 929 116 238 947 483 879 730 918 0 689 351 750 743 503 550 839 639 864 833 786 487 390 648 398 796 629 
824 793 297 363 541 706 423 160 258 221 627 809 334 700 248 720 271 79 964 542 546 621 689 0 666 532 780 679 641 171 176 341 145 870 766 674 538 46 403 867 
236 524 926 624 516 601 218 605 511 595 923 414 677 857 848 971 480 489 407 490 645 813 351 666 0 787 793 693 192 921 632 776 616 635 988 577 994 403 714 223 
345 706 752 862 832 837 957 179 789 729 874 439 807 560 182 799 687 535 892 761 472 345 750 532 787 0 687 836 315 453 49 1 888 735 396 330 907 917 657 551 
376 643 367 979 252 138 565 938 522 17 724 844 90 147 212 667 87 587 757 482 301 20 743 780 793 687 0 226 802 905 313 844 884 170 855 803 659 302 692 602 
690 731 45 568 869 297 728 668 160 386 519 466 290 536 772 703 782 396 126 586 223 38 503 679 693 836 226 0 374 578 578 308 777 97 808 467 335 127 435 656 
504 100 809 875 637 652 292 338 299 390 750 872 553 909 838 869 73 351 525 129 747 624 550 641 192 315 802 374 0 402 722 951 62 77 934 122 321 851 995 161 
526 195 380 511 900 985 877 458 428 70 478 846 56 301 302 578 746 26 371 237 943 657 839 171 921 453 905 578 402 0 536 619 690 817 824 722 492 808 642 828 
822 551 134 466 647 785 663 853 394 109 363 195 658 47 690 444 611 16 41 820 581 740 639 176 632 49 313 578 722 536 0 315 398 587 134 328 906 157 694 599 
56 72 147 311 710 39 747 508 698 360 650 675 152 488 648 637 605 883 91 593 464 845 864 341 776 1 844 308 951 619 315 0 388 381 482 159 962 526 633 98 
909 858 276 47 920 419 503 392 151 230 731 257 848 634 472 81 396 722 892 232 301 429 833 145 616 888 884 777 62 690 398 388 0 808 47 566 689 609 605 570 
744 119 191 207 449 697 747 405 423 686 744 252 909 168 912 189 564 664 141 349 683 290 786 870 635 735 170 97 77 817 587 381 808 0 486 353 417 624 723 291 
142 948 884 460 783 788 157 396 424 131 272 100 144 501 14 41 220 713 496 338 234 120 487 766 988 396 855 808 934 824 134 482 47 486 0 384 817 446 352 859 
46 363 471 894 327 520 131 720 788 62 891 817 420 389 80 571 2 101 263 394 483 641 390 674 577 330 803 467 122 722 328 159 566 353 384 0 707 980 902 762 
393 571 631 148 776 57 569 724 66 11 867 429 416 905 918 253 484 892 276 834 537 598 648 538 994 907 659 335 321 492 906 962 689 417 817 707 0 2 889 478 
764 408 78 212 275 209 989 711 756 147 994 614 57 205 582 559 260 401 819 409 739 400 398 46 403 917 302 127 851 808 157 526 609 624 446 980 2 0 355 982 
740 447 264 762 911 264 617 764 494 751 415 460 699 956 267 159 977 534 231 518 418 202 796 403 714 657 692 435 995 642 694 633 605 723 352 902 889 355 0 918 
669 133 368 783 634 330 343 642 872 347 51 286 474 927 568 460 814 224 502 656 469 909 629 867 223 551 602 656 161 828 599 98 570 291 859 762 478 982 918 0 
0 396 266 903 30 584 265 93 658 444 301 519 340 784 138 906 795 730 143 190 770 860 477 580 293 366 447 676 401 394 864 264 885 641 7 261 538 324 896 827 
396 0 770 404 532 962 760 977 236 304 141 527 1000 210 413 135 245 177 865 367 208 309 702 874 494 345 634 913 174 55 517 356 930 143 942 403 658 368 721 129 
266 770 0 297 891 467 156 722 187 884 382 613 601 113 344 888 321 807 4 225 562 80 138 316 862 874 591 111 616 216 53 345 205 60 882 590 565 171 189 416 
903 404 297 0 227 834 4 201 369 212 932 188 298 479 198 475 857 770 333 753 676 462 213 698 431 782 734 373 755 812 429 328 232 354 628 774 159 152 649 855 
30 532 891 227 0 568 503 479 636 139 25 615 94 408 146 281 62 669 573 427 399 974 771 565 809 853 301 718 776 698 680 750 698 425 686 232 797 153 886 724 
584 962 467 834 568 0 773 728 400 810 489 780 476 58 77 844 452 233 105 387 483 357 447 953 191 705 326 148 828 830 877 256 419 773 819 529 198 110 308 234 
265 760 156 4 503 773 0 560 480 714 81 558 212 924 620 139 692 417 783 343 857 597 741 697 12 878 554 991 480 847 587 667 699 612 373 8 632 983 491 459 
93 977 722 201 479 728 560 0 193 80 218 1 333 401 891 705 856 788 677 654 839 804 288 98 440 380 755 500 330 102 614 472 565 401 511 753 944 711 949 627 
658 236 187 369 636 400 480 193 0 627 120 845 587 22 702 443 240 402 806 246 116 67 283 361 501 890 807 209 30 348 482 612 137 486 459 684 85 626 537 868 
444 304 884 212 139 810 714 80 627 0 606 108 640 777 409 789 864 885 188 118 389 393 882 143 952 670 60 450 199 213 41 321 331 758 140 175 57 363 1000 646 
301 141 382 932 25 489 81 218 120 606 0 784 241 42 279 925 557 822 770 948 139 426 924 805 942 862 565 448 872 363 389 597 503 785 427 884 844 834 574 68 
519 527 613 188 615 780 558 1 845 108 784 0 51 560 819 854 788 217 395 219 823 197 846 807 286 740 783 405 755 948 89 823 201 377 27 994 328 663 176 284 
340 1000 601 298 94 476 212 333 587 640 241 51 0 250 232 835 322 975 689 718 753 936 313 517 781 717 374 322 721 21 659 166 726 865 186 512 471 115 691 299 
784 210 113 479 408 58 924 401 22 777 42 560 250 0 392 163 1 734 199 522 107 668 294 656 848 570 359 557 983 82 191 563 900 234 554 394 878 75 941 994 
138 413 344 198 146 77 620 891 702 409 279 819 232 392 0 803 178 518 897 922 965 999 838 436 560 158 396 642 855 308 874 843 420 1000 48 370 929 720 577 798 
906 135 888 475 281 844 139 705 443 789 925 854 835 163 803 0 897 258 149 569 216 664 66 699 881 900 502 819 985 545 403 582 165 213 90 880 74 743 256 556 
795 245 321 857 62 452 692 856 240 864 557 788 322 1 178 897 0 670 685 7 935 787 156 204 475 800 285 776 186 720 464 549 161 757 124 108 360 374 876 579 
730 177 807 770 669 233 417 788 402 885 822 217 975 734 518 258 670 0 345 756 605 890 837 95 474 545 617 630 310 171 88 767 624 729 749 39 942 365 519 344 
143 865 4 333 573 105 783 677 806 188 770 395 689 199 897 149 685 345 0 23 533 502 628 751 614 695 887 11 630 318 139 26 999 125 202 25 245 825 416 377 
190 367 225 753 427 387 343 654 246 118 948 219 718 522 922 569 7 756 23 0 228 67 870 432 351 823 648 516 54 448 829 596 183 460 533 601 783 223 586 585 
770 208 562 676 399 483 857 839 116 389 139 823 753 107 965 216 935 605 533 228 0 918 842 411 529 365 112 83 946 976 815 609 232 862 54 168 435 884 467 621 
860 309 80 462 974 357 597 804 67 393 426 197 936 668 999 664 787 890 502 67 918 0 854 568 640 522 161 224 663 898 614 975 518 214 81 703 611 323 241 858 
477 702 138 213 771 447 741 288 283 882 924 846 313 294 838 66 156 837 628 870 842 854 0 513 294 866 858 202 680 819 745 974 765 782 569 326 642 235 823 588 
580 874 316 698 565 953 697 98 361 143 805 807 517 656 436 699 204 95 751 432 411 568 513 0 685 730 757 786 563 161 310 245 405 949 819 970 437 418 256 972 
293 494 862 431 809 191 12 440 501 952 942 286 781 848 560 881 475 474 614 351 529 640 294 685 0 651 956 690 302 874 659 660 619 376 915 643 693 328 798 323 
366 345 874 782 853 705 878 380 890 670 862 740 717 570 158 900 800 545 695 823 365 522 866 730 651 0 665 790 459 588 361 13 921 769 277 440 992 933 605 533 
447 634 591 734 301 326 554 755 807 60 565 783 374 359 396 502 285 617 887 648 112 161 858 757 956 665 0 200 624 805 311 902 684 68 745 891 393 541 380 500 
676 913 111 373 718 148 991 500 209 450 448 405 322 557 642 819 776 630 11 516 83 224 202 786 690 790 200 0 542 506 533 229 510 23 647 500 286 69 310 871 
401 174 616 755 776 828 480 330 30 199 872 755 721 983 855 985 186 310 630 54 946 663 680 563 302 459 624 542 0 445 680 644 86 21 905 39 365 816 848 509 
394 55 216 812 698 830 847 102 348 213 363 948 21 82 308 545 720 171 318 448 976 898 819 161 874 588 805 506 445 0 544 673 872 848 827 842 614 794 586 724 
864 517 53 429 680 877 587 614 482 41 389 89 659 191 874 403 464 88 139 829 815 614 745 310 659 361 311 533 680 544 0 603 120 449 182 313 886 142 546 520 
264 356 345 328 750 256 667 472 612 321 597 823 166 563 843 582 549 767 26 596 609 975 974 245 660 13 902 229 644 673 603 0 365 358 223 135 989 316 423 30 
885 930 205 232 698 419 699 565 137 331 503 201 726 900 420 165 161 624 999 183 232 518 765 405 619 921 684 510 86 872 120 365 0 806 1 661 406 446 730 575 
641 143 60 354 425 773 612 401 486 758 785 377 865 234 1000 213 757 729 125 460 862 214 782 949 376 769 68 23 21 848 449 358 806 0 490 356 70 342 705 249 
7 942 882 628 686 819 373 511 459 140 427 27 186 554 48 90 124 749 202 533 54 81 569 819 915 277 745 647 905 827 182 223 1 490 0 373 806 239 546 909 
261 403 590 774 232 529 8 753 684 175 884 994 512 394 370 880 108 39 25 601 168 703 326 970 643 440 891 500 39 842 313 135 661 356 373 0 832 969 857 865 
538 658 565 159 797 198 632 944 85 57 844 328 471 878 929 74 360 942 245 783 435 611 642 437 693 992 393 286 365 614 886 989 406 70 806 832 0 110 889 400 
324 368 171 152 153 110 983 711 626 363 834 663 115 75 720 743 374 365 825 223 884 323 235 418 328 933 541 69 816 794 142 316 446 342 239 969 110 0 491 686 
896 721 189 649 886 308 491 949 537 1000 574 176 691 941 577 256 876 519 416 586 467 241 823 256 798 605 380 310 848 586 546 423 730 705 546 857 889 491 0 996 
827 129 416 855 724 234 459 627 868 646 68 284 299 994 798 556 579 344 377 585 621 858 588 972 323 533 500 871 509 724 520 30 575 249 909 865 400 686 996 0 
