10 4
0 100 728 205 590 165 543 876 900 706 
100 0 463 349 566 341 575 186 118 714 
728 463 0 958 694 207 58 350 600 287 
205 349 958 0 517 217 517 317 403 524 
590 566 694 517 0 804 805 876 533 508 
165 341 207 217 804 0 75 766 903 735 
543 575 58 517 805 75 0 238 195 827 
876 186 350 317 876 766 238 0 917 714 
900 118 600 403 533 903 195 917 0 104 
706 714 287 524 508 735 827 714 104 0 
0 79 303 444 288 681 519 485 906 980 
79 0 816 251 69 562 293 263 675 674 
303 816 0 106 170 560 837 297 644 731 
444 251 106 0 166 333 900 312 757 594 
288 69 170 166 0 930 152 281 165 162 
681 562 560 333 930 0 97 895 400 515 
519 293 837 900 152 97 0 305 294 911 
485 263 297 312 281 895 305 0 608 218 
906 675 644 757 165 400 294 608 0 981 
980 674 731 594 162 515 911 218 981 0 
0 723 480 92 769 249 139 870 68 265 
723 0 400 669 772 77 990 611 419 223 
480 400 0 503 499 756 803 707 429 98 
92 669 503 0 267 444 190 286 498 183 
769 772 499 267 0 290 214 833 668 846 
249 77 756 444 290 0 593 71 993 699 
139 990 803 190 214 593 0 361 691 215 
870 611 707 286 833 71 361 0 911 900 
68 419 429 498 668 993 691 911 0 526 
265 223 98 183 846 699 215 900 526 0 
0 731 379 406 185 392 211 517 16 337 
731 0 341 898 416 338 584 163 56 228 
379 341 0 523 492 930 108 928 612 333 
406 898 523 0 299 915 523 508 132 851 
185 416 492 299 0 194 92 167 504 854 
392 338 930 915 194 0 937 249 305 903 
211 584 108 523 92 937 0 245 748 569 
517 163 928 508 167 249 245 0 575 904 
16 56 612 132 504 305 748 575 0 531 
337 228 333 851 854 903 569 904 531 0 
0 614 464 577 869 383 9 752 314 415 
614 0 343 536 901 597 726 948 747 554 
464 343 0 180 680 614 472 668 685 359 
577 536 180 0 486 424 412 558 278 687 
869 901 680 486 0 254 976 592 785 716 
383 597 614 424 254 0 937 419 871 359 
9 726 472 412 976 937 0 265 993 82 
752 948 668 558 592 419 265 0 805 824 
314 747 685 278 785 871 993 805 0 478 
415 554 359 687 716 359 82 824 478 0 
