10 2
0 100 728 205 590 165 543 876 900 706 
100 0 463 349 566 341 575 186 118 714 
728 463 0 958 694 207 58 350 600 287 
205 349 958 0 517 217 517 317 403 524 
590 566 694 517 0 804 805 876 533 508 
165 341 207 217 804 0 75 766 903 735 
543 575 58 517 805 75 0 238 195 827 
876 186 350 317 876 766 238 0 917 714 
900 118 600 403 533 903 195 917 0 104 
706 714 287 524 508 735 827 714 104 0 
0 221 952 320 223 691 282 385 616 611 
221 0 529 295 937 618 658 930 636 375 
952 529 0 184 83 174 676 604 501 541 
320 295 184 0 31 550 856 591 698 872 
223 937 83 31 0 488 226 834 909 74 
691 618 174 550 488 0 45 400 821 763 
282 658 676 856 226 45 0 842 110 654 
385 930 604 591 834 400 842 0 106 804 
616 636 501 698 909 821 110 106 0 165 
611 375 541 872 74 763 654 804 165 0 
0 733 256 614 622 143 638 375 846 180 
733 0 524 103 120 347 940 1 507 120 
256 524 0 339 834 279 93 66 657 229 
614 103 339 0 594 364 349 271 557 337 
622 120 834 594 0 377 959 365 204 998 
143 347 279 364 377 0 719 694 743 250 
638 940 93 349 959 719 0 368 536 662 
375 1 66 271 365 694 368 0 503 173 
846 507 657 557 204 743 536 503 0 715 
180 120 229 337 998 250 662 173 715 0 
