10 3
0 166 345 551 958 93 183 557 623 581 
166 0 397 933 809 709 408 200 204 698 
345 397 0 256 703 322 572 856 70 599 
551 933 256 0 151 944 619 51 938 656 
958 809 703 151 0 368 896 785 592 878 
93 709 322 944 368 0 14 818 852 998 
183 408 572 619 896 14 0 164 434 102 
557 200 856 51 785 818 164 0 147 715 
623 204 70 938 592 852 434 147 0 215 
581 698 599 656 878 998 102 715 215 0 
0 114 73 837 685 440 533 763 111 817 
114 0 445 881 661 121 731 892 341 357 
73 445 0 112 715 801 144 71 90 958 
837 881 112 0 698 937 747 430 930 341 
685 661 715 698 0 761 244 712 989 898 
440 121 801 937 761 0 750 174 696 982 
533 731 144 747 244 750 0 175 483 430 
763 892 71 430 712 174 175 0 402 826 
111 341 90 930 989 696 483 402 0 674 
817 357 958 341 898 982 430 826 674 0 
0 114 73 837 685 440 533 763 111 817 
114 0 445 881 661 121 731 892 341 357 
73 445 0 112 715 801 144 71 90 958 
837 881 112 0 698 937 747 430 930 341 
685 661 715 698 0 761 244 712 989 898 
440 121 801 937 761 0 750 174 696 982 
533 731 144 747 244 750 0 175 483 430 
763 892 71 430 712 174 175 0 402 826 
111 341 90 930 989 696 483 402 0 674 
817 357 958 341 898 982 430 826 674 0 
0 114 73 837 685 440 533 763 111 817 
114 0 445 881 661 121 731 892 341 357 
73 445 0 112 715 801 144 71 90 958 
837 881 112 0 698 937 747 430 930 341 
685 661 715 698 0 761 244 712 989 898 
440 121 801 937 761 0 750 174 696 982 
533 731 144 747 244 750 0 175 483 430 
763 892 71 430 712 174 175 0 402 826 
111 341 90 930 989 696 483 402 0 674 
817 357 958 341 898 982 430 826 674 0 
