5 3
0 771 544 977 248 
771 0 574 244 593 
544 574 0 691 433 
977 244 691 0 73 
248 593 433 73 0 
0 377 571 408 116 
377 0 422 630 108 
571 422 0 746 790 
408 630 746 0 192 
116 108 790 192 0 
0 864 592 832 852 
864 0 246 360 880 
592 246 0 105 303 
832 360 105 0 750 
852 880 303 750 0 
0 435 596 163 949 
435 0 432 391 746 
596 432 0 432 242 
163 391 432 0 891 
949 746 242 891 0 
