8 3
0 569 691 94 813 407 340 370 
569 0 1 298 822 753 549 377 
691 1 0 664 905 412 434 47 
94 298 664 0 51 210 90 137 
813 822 905 51 0 245 449 385 
407 753 412 210 245 0 981 943 
340 549 434 90 449 981 0 566 
370 377 47 137 385 943 566 0 
0 510 790 903 682 432 964 472 
510 0 192 275 749 327 818 245 
790 192 0 282 248 581 497 885 
903 275 282 0 860 214 499 670 
682 749 248 860 0 502 26 132 
432 327 581 214 502 0 879 392 
964 818 497 499 26 879 0 515 
472 245 885 670 132 392 515 0 
0 186 303 567 394 584 252 928 
186 0 750 1000 429 140 24 900 
303 750 0 808 736 291 802 115 
567 1000 808 0 115 645 291 941 
394 429 736 115 0 254 952 406 
584 140 291 645 254 0 574 707 
252 24 802 291 952 574 0 465 
928 900 115 941 406 707 465 0 
0 832 242 143 987 152 11 239 
832 0 891 649 56 436 25 496 
242 891 0 822 674 241 314 98 
143 649 822 0 67 226 518 390 
987 56 674 67 0 269 635 971 
152 436 241 226 269 0 766 340 
11 25 314 518 635 766 0 228 
239 496 98 390 971 340 228 0 
