20 4
0 463 694 517 533 200 699 288 952 722 662 554 320 536 599 891 610 314 855 201 
463 0 517 805 903 372 641 912 759 278 805 51 862 23 963 167 173 618 983 816 
694 517 0 75 195 313 126 860 876 147 864 99 910 620 792 915 338 473 999 137 
517 805 75 0 917 871 327 333 635 952 396 79 691 651 890 31 846 389 843 601 
533 903 195 917 0 963 814 551 715 19 590 421 824 967 441 446 545 990 624 248 
200 372 313 871 963 0 282 188 781 32 90 719 456 306 613 975 458 654 117 282 
699 641 126 327 814 282 0 10 156 247 989 815 387 23 223 870 183 306 303 151 
288 912 860 333 551 188 10 0 125 96 229 654 132 474 78 364 824 174 839 880 
952 759 876 635 715 781 156 125 0 668 124 900 295 149 624 737 644 960 521 660 
722 278 147 952 19 32 247 96 668 0 835 712 207 51 947 407 487 722 92 363 
662 805 864 396 590 90 989 229 124 835 0 586 898 400 379 328 269 264 235 764 
554 51 99 79 421 719 815 654 900 712 586 0 189 349 23 213 633 550 695 658 
320 862 910 691 824 456 387 132 295 207 898 189 0 890 937 810 878 635 813 277 
536 23 620 651 967 306 23 474 149 51 400 349 890 0 45 30 545 637 622 61 
599 963 792 890 441 613 223 78 624 947 379 23 937 45 0 789 474 680 527 247 
891 167 915 31 446 975 870 364 737 407 328 213 810 30 789 0 3 488 18 676 
610 173 338 846 545 458 183 824 644 487 269 633 878 545 474 3 0 212 941 670 
314 618 473 389 990 654 306 174 960 722 264 550 635 637 680 488 212 0 281 908 
855 983 999 843 624 117 303 839 521 92 235 695 813 622 527 18 941 281 0 488 
201 816 137 601 248 282 151 880 660 363 764 658 277 61 247 676 670 908 488 0 
0 349 842 232 408 466 661 698 617 602 643 944 921 760 973 352 873 567 904 394 
349 0 408 66 64 14 7 458 432 51 191 945 428 607 434 437 839 582 308 573 
842 408 0 598 12 287 752 760 884 849 923 566 117 974 832 581 67 332 578 599 
232 66 598 0 131 345 78 141 393 891 73 628 880 79 808 766 209 288 82 983 
408 64 12 131 0 307 586 604 518 817 641 871 795 492 340 714 825 118 411 78 
466 14 287 345 307 0 773 853 660 506 932 248 234 389 221 179 958 97 301 580 
661 7 752 78 586 773 0 345 847 790 841 780 512 766 820 853 638 856 198 618 
698 458 760 141 604 853 345 0 657 648 669 115 214 637 935 753 983 952 980 821 
617 432 884 393 518 660 847 657 0 549 635 853 587 123 309 351 368 610 186 414 
602 51 849 891 817 506 790 648 549 0 313 354 167 860 497 881 370 254 390 220 
643 191 923 73 641 932 841 669 635 313 0 288 385 397 385 576 58 127 26 487 
944 945 566 628 871 248 780 115 853 354 288 0 866 861 634 998 772 517 692 789 
921 428 117 880 795 234 512 214 587 167 385 866 0 640 273 27 196 746 431 349 
760 607 974 79 492 389 766 637 123 860 397 861 640 0 680 665 514 628 354 965 
973 434 832 808 340 221 820 935 309 497 385 634 273 680 0 962 600 245 335 37 
352 437 581 766 714 179 853 753 351 881 576 998 27 665 962 0 339 636 830 857 
873 839 67 209 825 958 638 983 368 370 58 772 196 514 600 339 0 577 449 237 
567 582 332 288 118 97 856 952 610 254 127 517 746 628 245 636 577 0 546 133 
904 308 578 82 411 301 198 980 186 390 26 692 431 354 335 830 449 546 0 812 
394 573 599 983 78 580 618 821 414 220 487 789 349 965 37 857 237 133 812 0 
0 917 312 457 768 961 164 926 321 172 354 890 317 388 864 9 36 672 418 738 
917 0 35 747 728 193 924 412 343 161 525 539 721 783 436 431 91 988 937 293 
312 35 0 408 66 515 980 426 195 383 534 934 464 541 596 272 357 168 495 417 
457 747 408 0 341 906 664 284 76 340 994 969 272 101 11 691 281 981 819 434 
768 728 66 341 0 897 674 272 187 403 649 697 346 724 797 434 696 744 805 879 
961 193 515 906 897 0 736 455 240 737 385 540 440 471 495 94 92 815 805 368 
164 924 980 664 674 736 0 818 371 841 588 409 921 819 670 95 536 52 867 915 
926 412 426 284 272 455 818 0 208 817 603 767 181 470 857 980 290 897 612 561 
321 343 195 76 187 240 371 208 0 369 159 156 558 788 824 923 678 338 1 213 
172 161 383 340 403 737 841 817 369 0 324 730 40 946 712 117 929 52 122 890 
354 525 534 994 649 385 588 603 159 324 0 325 903 343 370 100 190 72 384 338 
890 539 934 969 697 540 409 767 156 730 325 0 923 545 254 947 338 824 236 639 
317 721 464 272 346 440 921 181 558 40 903 923 0 666 847 916 619 799 489 64 
388 783 541 101 724 471 819 470 788 946 343 545 666 0 859 657 815 593 524 429 
864 436 596 11 797 495 670 857 824 712 370 254 847 859 0 673 188 129 1000 520 
9 431 272 691 434 94 95 980 923 117 100 947 916 657 673 0 488 940 180 129 
36 91 357 281 696 92 536 290 678 929 190 338 619 815 188 488 0 523 193 468 
672 988 168 981 744 815 52 897 338 52 72 824 799 593 129 940 523 0 102 848 
418 937 495 819 805 805 867 612 1 122 384 236 489 524 1000 180 193 102 0 991 
738 293 417 434 879 368 915 561 213 890 338 639 64 429 520 129 468 848 991 0 
0 478 895 807 193 711 622 926 157 915 190 357 499 722 483 930 21 164 259 612 
478 0 429 760 985 138 771 176 565 351 829 944 606 526 615 990 881 490 354 253 
895 429 0 634 356 607 185 560 781 70 310 177 488 940 182 316 711 232 163 553 
807 760 634 0 327 318 294 253 986 113 153 273 903 133 465 396 203 149 43 557 
193 985 356 327 0 553 778 353 629 592 796 669 724 454 940 322 201 226 953 244 
711 138 607 318 553 0 215 130 837 17 275 21 755 556 825 300 661 825 855 200 
622 771 185 294 778 215 0 548 611 395 596 597 242 38 465 452 958 886 155 952 
926 176 560 253 353 130 548 0 824 664 925 445 40 924 661 161 82 846 236 440 
157 565 781 986 629 837 611 824 0 924 895 269 647 999 830 896 775 806 759 660 
915 351 70 113 592 17 395 664 924 0 792 773 798 78 710 702 409 896 474 998 
190 829 310 153 796 275 596 925 895 792 0 672 994 244 310 45 674 971 821 743 
357 944 177 273 669 21 597 445 269 773 672 0 531 440 144 273 514 367 642 453 
499 606 488 903 724 755 242 40 647 798 994 531 0 937 322 137 77 913 759 720 
722 526 940 133 454 556 38 924 999 78 244 440 937 0 74 505 226 176 992 703 
483 615 182 465 940 825 465 661 830 710 310 144 322 74 0 44 891 392 39 385 
930 990 316 396 322 300 452 161 896 702 45 273 137 505 44 0 129 890 660 352 
21 881 711 203 201 661 958 82 775 409 674 514 77 226 891 129 0 803 145 42 
164 490 232 149 226 825 886 846 806 896 971 367 913 176 392 890 803 0 351 166 
259 354 163 43 953 855 155 236 759 474 821 642 759 992 39 660 145 351 0 143 
612 253 553 557 244 200 952 440 660 998 743 453 720 703 385 352 42 166 143 0 
0 905 60 346 589 103 210 694 950 208 138 979 922 2 117 147 902 663 715 937 
905 0 166 550 982 155 517 292 100 825 446 348 115 645 724 964 789 83 139 337 
60 166 0 849 341 813 736 13 71 655 577 749 170 459 255 763 93 934 1 62 
346 550 849 0 164 299 848 332 299 566 543 700 896 552 755 677 514 503 134 279 
589 982 341 164 0 985 498 774 692 947 188 370 8 741 585 630 420 449 514 983 
103 155 813 299 985 0 260 211 612 955 284 96 522 132 439 275 248 969 986 834 
210 517 736 848 498 260 0 914 263 834 565 981 774 286 114 438 290 719 213 583 
694 292 13 332 774 211 914 0 749 751 646 928 127 556 462 512 406 756 449 239 
950 100 71 299 692 612 263 749 0 154 854 726 838 351 879 240 685 914 925 456 
208 825 655 566 947 955 834 751 154 0 979 428 449 906 454 147 404 705 889 343 
138 446 577 543 188 284 565 646 854 979 0 61 599 653 871 682 41 377 415 536 
979 348 749 700 370 96 981 928 726 428 61 0 445 407 104 855 237 685 205 880 
922 115 170 896 8 522 774 127 838 449 599 445 0 587 510 158 111 616 830 309 
2 645 459 552 741 132 286 556 351 906 653 407 587 0 801 256 852 169 561 173 
117 724 255 755 585 439 114 462 879 454 871 104 510 801 0 482 393 269 647 299 
147 964 763 677 630 275 438 512 240 147 682 855 158 256 482 0 415 428 15 335 
902 789 93 514 420 248 290 406 685 404 41 237 111 852 393 415 0 874 870 17 
663 83 934 503 449 969 719 756 914 705 377 685 616 169 269 428 874 0 387 876 
715 139 1 134 514 986 213 449 925 889 415 205 830 561 647 15 870 387 0 103 
937 337 62 279 983 834 583 239 456 343 536 880 309 173 299 335 17 876 103 0 
