50 3
0 370 414 515 363 386 22 327 909 500 422 102 296 620 494 256 355 909 721 598 169 791 930 4 479 677 161 739 860 296 100 37 660 912 826 954 20 586 429 680 980 749 570 268 336 408 21 616 832 674 
370 0 394 315 397 836 816 921 312 84 358 30 402 430 895 964 899 598 402 128 553 637 814 425 153 855 495 733 417 996 818 331 796 131 422 408 868 789 676 971 400 724 537 647 271 674 792 416 83 375 
414 394 0 810 848 831 61 860 861 152 534 676 677 972 525 886 786 404 91 965 616 824 354 121 517 8 126 876 43 134 149 628 458 27 264 192 767 167 275 922 518 573 805 984 720 837 208 495 577 477 
515 315 810 0 369 69 85 501 22 229 689 392 173 971 943 284 556 146 607 555 538 947 511 429 954 925 476 916 131 952 867 721 73 264 642 997 396 857 289 624 748 715 35 877 942 920 526 811 779 101 
363 397 848 369 0 903 614 886 551 990 197 153 567 647 773 135 8 61 507 864 621 955 838 374 342 964 244 347 214 926 27 437 270 98 635 784 694 344 877 640 381 975 798 719 441 975 55 88 424 985 
386 836 831 69 903 0 706 668 565 403 472 894 581 446 397 900 887 287 407 719 279 113 797 603 652 687 300 282 168 213 625 39 231 803 386 263 19 814 594 874 610 3 248 238 185 958 917 533 742 11 
22 816 61 85 614 706 0 702 156 818 709 814 314 881 324 827 410 723 900 488 903 600 777 419 763 158 938 844 83 638 546 580 677 694 113 276 855 94 700 477 336 960 511 523 849 725 60 348 258 197 
327 921 860 501 886 668 702 0 581 604 73 294 526 803 207 363 518 844 733 622 705 506 486 476 826 841 635 598 404 469 235 774 365 372 766 109 94 954 725 995 173 251 451 783 835 743 994 946 640 344 
909 312 861 22 551 565 156 581 0 977 491 242 904 200 993 594 528 617 223 152 707 410 566 218 162 846 756 881 483 741 72 520 88 804 599 153 319 692 580 679 977 299 314 491 199 702 656 343 961 756 
500 84 152 229 990 403 818 604 977 0 717 833 672 85 186 404 71 258 836 162 626 164 229 114 536 447 933 197 615 391 603 942 32 122 401 809 225 437 423 562 765 263 541 503 661 794 79 511 352 640 
422 358 534 689 197 472 709 73 491 717 0 900 42 897 241 676 127 349 108 499 179 231 674 234 433 684 387 521 211 404 522 390 665 186 895 49 227 454 689 260 274 395 623 829 758 322 117 62 672 389 
102 30 676 392 153 894 814 294 242 833 900 0 833 910 187 410 74 126 30 553 166 941 432 606 706 306 32 29 51 555 476 505 407 6 232 267 743 361 709 878 495 624 377 71 366 434 165 327 199 116 
296 402 677 173 567 581 314 526 904 672 42 833 0 828 261 237 24 213 661 207 633 899 210 965 47 614 174 226 240 971 577 971 246 957 889 4 304 88 280 682 451 799 264 114 699 755 262 593 72 966 
620 430 972 971 647 446 881 803 200 85 897 910 828 0 124 358 857 636 271 321 471 810 575 728 444 462 160 572 130 908 461 196 587 211 388 354 475 296 142 593 128 37 995 171 596 619 924 452 812 476 
494 895 525 943 773 397 324 207 993 186 241 187 261 124 0 519 147 460 778 50 574 504 212 299 670 248 88 652 51 228 31 540 556 647 836 475 642 166 589 785 276 288 436 14 828 281 36 662 235 886 
256 964 886 284 135 900 827 363 594 404 676 410 237 358 519 0 545 760 579 255 881 847 120 686 450 841 474 183 979 980 469 616 165 732 571 31 778 788 525 823 475 161 57 386 238 268 334 185 342 639 
355 899 786 556 8 887 410 518 528 71 127 74 24 857 147 545 0 574 165 431 51 178 906 194 144 236 422 784 634 133 363 439 690 474 637 98 684 293 370 870 335 643 438 330 528 754 169 168 686 808 
909 598 404 146 61 287 723 844 617 258 349 126 213 636 460 760 574 0 509 484 660 261 414 251 419 940 722 714 300 466 141 534 936 126 396 46 61 717 279 302 942 414 338 178 243 571 168 937 500 476 
721 402 91 607 507 407 900 733 223 836 108 30 661 271 778 579 165 509 0 879 239 153 171 586 218 665 312 22 113 266 46 66 966 648 636 332 562 395 682 338 776 266 147 779 177 221 712 771 977 15 
598 128 965 555 864 719 488 622 152 162 499 553 207 321 50 255 431 484 879 0 449 676 334 340 26 496 810 138 62 721 302 439 858 405 90 150 14 658 778 642 99 729 769 310 56 106 540 456 371 845 
169 553 616 538 621 279 903 705 707 626 179 166 633 471 574 881 51 660 239 449 0 466 865 912 878 495 222 348 816 853 567 900 219 456 25 342 860 49 782 15 89 376 322 998 941 339 661 441 39 861 
791 637 824 947 955 113 600 506 410 164 231 941 899 810 504 847 178 261 153 676 466 0 279 545 816 918 13 154 801 1000 216 226 69 198 780 661 252 519 511 452 874 967 267 752 326 592 69 198 378 667 
930 814 354 511 838 797 777 486 566 229 674 432 210 575 212 120 906 414 171 334 865 279 0 656 194 197 645 957 266 242 55 563 400 878 224 400 960 261 102 198 466 712 379 389 82 805 155 837 56 568 
4 425 121 429 374 603 419 476 218 114 234 606 965 728 299 686 194 251 586 340 912 545 656 0 332 630 182 793 567 664 428 870 836 748 444 456 326 553 361 910 390 589 804 627 995 891 770 113 871 412 
479 153 517 954 342 652 763 826 162 536 433 706 47 444 670 450 144 419 218 26 878 816 194 332 0 156 652 737 669 480 740 211 697 463 729 86 650 425 502 232 131 327 148 46 586 550 170 445 56 414 
677 855 8 925 964 687 158 841 846 447 684 306 614 462 248 841 236 940 665 496 495 918 197 630 156 0 272 300 136 610 297 302 798 654 807 460 950 774 731 621 674 987 315 670 462 325 389 974 299 853 
161 495 126 476 244 300 938 635 756 933 387 32 174 160 88 474 422 722 312 810 222 13 645 182 652 272 0 663 127 65 936 182 431 389 346 188 546 94 278 23 236 945 39 767 486 444 908 648 931 378 
739 733 876 916 347 282 844 598 881 197 521 29 226 572 652 183 784 714 22 138 348 154 957 793 737 300 663 0 614 10 857 365 314 232 43 316 46 624 824 253 390 666 93 293 171 416 7 38 185 891 
860 417 43 131 214 168 83 404 483 615 211 51 240 130 51 979 634 300 113 62 816 801 266 567 669 136 127 614 0 116 339 715 948 264 976 535 91 294 98 148 287 273 463 474 247 760 806 801 641 473 
296 996 134 952 926 213 638 469 741 391 404 555 971 908 228 980 133 466 266 721 853 1000 242 664 480 610 65 10 116 0 962 189 901 13 145 353 21 911 10 244 528 213 313 740 410 420 62 374 349 491 
100 818 149 867 27 625 546 235 72 603 522 476 577 461 31 469 363 141 46 302 567 216 55 428 740 297 936 857 339 962 0 102 919 702 729 382 493 480 504 69 757 807 118 463 807 915 26 557 101 798 
37 331 628 721 437 39 580 774 520 942 390 505 971 196 540 616 439 534 66 439 900 226 563 870 211 302 182 365 715 189 102 0 736 916 785 883 953 185 869 381 427 716 991 837 260 512 811 802 112 282 
660 796 458 73 270 231 677 365 88 32 665 407 246 587 556 165 690 936 966 858 219 69 400 836 697 798 431 314 948 901 919 736 0 381 717 195 459 62 496 74 112 820 121 525 880 406 190 934 441 789 
912 131 27 264 98 803 694 372 804 122 186 6 957 211 647 732 474 126 648 405 456 198 878 748 463 654 389 232 264 13 702 916 381 0 625 275 806 793 748 733 998 6 586 907 377 243 369 534 654 263 
826 422 264 642 635 386 113 766 599 401 895 232 889 388 836 571 637 396 636 90 25 780 224 444 729 807 346 43 976 145 729 785 717 625 0 299 10 778 823 615 175 707 381 461 19 844 929 317 734 539 
954 408 192 997 784 263 276 109 153 809 49 267 4 354 475 31 98 46 332 150 342 661 400 456 86 460 188 316 535 353 382 883 195 275 299 0 975 22 603 305 192 897 837 276 15 337 121 777 711 18 
20 868 767 396 694 19 855 94 319 225 227 743 304 475 642 778 684 61 562 14 860 252 960 326 650 950 546 46 91 21 493 953 459 806 10 975 0 999 905 492 182 542 589 815 176 739 195 452 421 556 
586 789 167 857 344 814 94 954 692 437 454 361 88 296 166 788 293 717 395 658 49 519 261 553 425 774 94 624 294 911 480 185 62 793 778 22 999 0 737 121 785 399 914 563 423 663 485 346 160 583 
429 676 275 289 877 594 700 725 580 423 689 709 280 142 589 525 370 279 682 778 782 511 102 361 502 731 278 824 98 10 504 869 496 748 823 603 905 737 0 183 289 205 825 710 412 162 864 138 587 789 
680 971 922 624 640 874 477 995 679 562 260 878 682 593 785 823 870 302 338 642 15 452 198 910 232 621 23 253 148 244 69 381 74 733 615 305 492 121 183 0 161 340 885 219 554 76 638 424 979 966 
980 400 518 748 381 610 336 173 977 765 274 495 451 128 276 475 335 942 776 99 89 874 466 390 131 674 236 390 287 528 757 427 112 998 175 192 182 785 289 161 0 57 523 90 625 669 624 261 749 339 
749 724 573 715 975 3 960 251 299 263 395 624 799 37 288 161 643 414 266 729 376 967 712 589 327 987 945 666 273 213 807 716 820 6 707 897 542 399 205 340 57 0 125 993 249 891 67 245 816 625 
570 537 805 35 798 248 511 451 314 541 623 377 264 995 436 57 438 338 147 769 322 267 379 804 148 315 39 93 463 313 118 991 121 586 381 837 589 914 825 885 523 125 0 811 813 712 666 973 551 157 
268 647 984 877 719 238 523 783 491 503 829 71 114 171 14 386 330 178 779 310 998 752 389 627 46 670 767 293 474 740 463 837 525 907 461 276 815 563 710 219 90 993 811 0 708 394 315 509 983 498 
336 271 720 942 441 185 849 835 199 661 758 366 699 596 828 238 528 243 177 56 941 326 82 995 586 462 486 171 247 410 807 260 880 377 19 15 176 423 412 554 625 249 813 708 0 964 263 311 670 812 
408 674 837 920 975 958 725 743 702 794 322 434 755 619 281 268 754 571 221 106 339 592 805 891 550 325 444 416 760 420 915 512 406 243 844 337 739 663 162 76 669 891 712 394 964 0 50 507 459 760 
21 792 208 526 55 917 60 994 656 79 117 165 262 924 36 334 169 168 712 540 661 69 155 770 170 389 908 7 806 62 26 811 190 369 929 121 195 485 864 638 624 67 666 315 263 50 0 977 500 809 
616 416 495 811 88 533 348 946 343 511 62 327 593 452 662 185 168 937 771 456 441 198 837 113 445 974 648 38 801 374 557 802 934 534 317 777 452 346 138 424 261 245 973 509 311 507 977 0 834 900 
832 83 577 779 424 742 258 640 961 352 672 199 72 812 235 342 686 500 977 371 39 378 56 871 56 299 931 185 641 349 101 112 441 654 734 711 421 160 587 979 749 816 551 983 670 459 500 834 0 767 
674 375 477 101 985 11 197 344 756 640 389 116 966 476 886 639 808 476 15 845 861 667 568 412 414 853 378 891 473 491 798 282 789 263 539 18 556 583 789 966 339 625 157 498 812 760 809 900 767 0 
0 185 51 602 858 685 791 27 917 583 474 776 909 430 883 801 284 739 733 530 329 281 949 642 874 221 518 375 797 858 449 755 254 179 607 202 633 417 89 946 557 95 577 659 391 918 179 695 17 139 
185 0 474 640 448 4 399 37 7 456 462 606 796 745 33 606 971 83 137 237 787 922 22 533 881 909 9 440 524 861 219 227 477 210 733 480 931 399 57 538 679 414 738 93 817 285 297 428 703 946 
51 474 0 203 913 541 724 401 282 861 158 598 918 673 198 761 535 983 678 753 42 948 406 155 617 182 933 892 87 82 9 111 714 34 17 391 275 932 411 46 194 780 590 491 387 833 231 780 45 548 
602 640 203 0 95 655 554 581 209 775 731 35 436 838 304 518 593 519 479 820 490 532 56 725 35 842 229 666 675 798 742 253 883 945 395 31 140 709 176 509 950 261 550 637 993 235 214 368 133 307 
858 448 913 95 0 929 632 349 503 966 775 910 20 752 113 584 405 654 699 267 200 832 119 750 28 325 581 716 615 286 728 870 210 128 105 641 385 656 879 424 360 561 764 418 446 802 837 885 171 857 
685 4 541 655 929 0 465 895 116 352 539 414 194 108 557 666 739 469 155 973 56 167 119 141 234 381 435 211 479 872 377 257 229 638 38 71 622 641 344 530 83 718 60 480 910 347 956 390 196 433 
791 399 724 554 632 465 0 737 531 379 415 529 912 786 429 261 293 849 348 713 683 198 116 715 380 613 413 845 520 692 929 257 113 193 994 631 292 857 804 447 172 536 530 726 165 430 783 503 529 224 
27 37 401 581 349 895 737 0 802 572 298 564 90 246 110 549 192 138 728 364 481 482 890 20 444 684 769 534 626 168 5 985 850 100 330 528 958 599 73 549 82 613 982 845 193 172 702 487 163 226 
917 7 282 209 503 116 531 802 0 138 455 236 442 716 833 64 355 327 706 269 433 258 564 370 640 198 212 400 326 555 704 758 7 304 298 460 757 814 457 618 657 818 422 651 652 563 148 876 747 664 
583 456 861 775 966 352 379 572 138 0 335 153 540 36 520 348 532 232 691 245 409 589 89 609 388 42 399 779 201 874 356 356 421 502 958 182 48 729 211 326 685 471 138 652 764 930 362 722 179 322 
474 462 158 731 775 539 415 298 455 335 0 633 806 562 882 278 315 726 304 873 461 737 630 75 279 529 235 461 362 507 18 276 415 58 693 651 795 155 868 516 195 570 537 29 74 264 77 940 893 64 
776 606 598 35 910 414 529 564 236 153 633 0 622 959 432 857 570 169 448 587 564 807 388 308 292 669 130 789 552 90 438 98 894 417 481 693 677 883 312 367 453 184 863 643 319 434 675 500 858 592 
909 796 918 436 20 194 912 90 442 540 806 622 0 41 309 547 564 990 992 461 821 636 202 413 831 399 686 306 171 634 892 738 486 710 22 61 99 71 814 126 688 416 454 337 313 876 175 833 215 320 
430 745 673 838 752 108 786 246 716 36 562 959 41 0 939 396 663 49 67 210 936 286 503 94 694 611 134 285 845 106 623 36 867 798 214 344 408 521 549 127 555 295 919 272 133 996 886 667 912 596 
883 33 198 304 113 557 429 110 833 520 882 432 309 939 0 568 963 933 815 675 856 229 946 606 206 423 854 438 756 976 641 470 110 320 297 309 291 968 204 89 93 252 602 925 410 70 75 545 105 101 
801 606 761 518 584 666 261 549 64 348 278 857 547 396 568 0 775 645 209 139 965 495 640 936 443 654 418 921 782 692 439 980 907 4 130 389 386 226 973 139 64 694 347 757 464 675 429 357 276 721 
284 971 535 593 405 739 293 192 355 532 315 570 564 663 963 775 0 419 362 467 812 627 358 343 576 906 3 887 237 782 365 209 439 754 950 272 985 110 617 491 931 450 258 860 912 104 970 506 770 260 
739 83 983 519 654 469 849 138 327 232 726 169 990 49 933 645 419 0 615 629 131 754 191 600 52 75 915 868 23 18 393 831 542 770 263 705 521 224 255 823 934 312 497 109 726 364 556 646 146 152 
733 137 678 479 699 155 348 728 706 691 304 448 992 67 815 209 362 615 0 51 199 567 440 209 432 196 810 538 382 890 996 113 516 331 268 125 499 570 952 263 502 3 191 265 734 229 392 36 424 528 
530 237 753 820 267 973 713 364 269 245 873 587 461 210 675 139 467 629 51 0 394 11 581 842 469 576 314 29 589 198 55 321 726 755 400 400 804 635 737 615 765 722 168 494 203 527 982 86 378 48 
329 787 42 490 200 56 683 481 433 409 461 564 821 936 856 965 812 131 199 394 0 905 145 479 944 364 998 775 844 316 926 717 981 438 102 80 424 694 372 96 989 887 784 822 528 219 48 281 900 223 
281 922 948 532 832 167 198 482 258 589 737 807 636 286 229 495 627 754 567 11 905 0 934 298 548 765 375 627 259 475 87 696 928 298 672 755 562 713 192 21 997 284 344 94 750 470 528 944 579 361 
949 22 406 56 119 119 116 890 564 89 630 388 202 503 946 640 358 191 440 581 145 934 0 155 836 137 893 754 625 677 895 608 381 842 836 535 618 530 65 475 130 532 44 542 116 905 334 435 113 8 
642 533 155 725 750 141 715 20 370 609 75 308 413 94 606 936 343 600 209 842 479 298 155 0 622 649 93 419 586 735 408 520 494 123 921 421 136 226 335 815 789 291 623 242 41 624 659 525 402 259 
874 881 617 35 28 234 380 444 640 388 279 292 831 694 206 443 576 52 432 469 944 548 836 622 0 397 306 858 652 975 421 508 840 353 193 278 240 115 221 612 187 182 284 602 658 352 547 6 895 429 
221 909 182 842 325 381 613 684 198 42 529 669 399 611 423 654 906 75 196 576 364 765 137 649 397 0 698 536 316 722 525 346 15 919 793 460 433 191 844 815 297 562 650 426 451 411 72 886 183 702 
518 9 933 229 581 435 413 769 212 399 235 130 686 134 854 418 3 915 810 314 998 375 893 93 306 698 0 800 586 621 143 544 770 754 809 13 19 359 276 887 337 454 382 944 108 256 442 297 279 823 
375 440 892 666 716 211 845 534 400 779 461 789 306 285 438 921 887 868 538 29 775 627 754 419 858 536 800 0 885 613 846 949 728 9 244 835 620 203 983 763 44 986 534 152 808 128 443 35 797 313 
797 524 87 675 615 479 520 626 326 201 362 552 171 845 756 782 237 23 382 589 844 259 625 586 652 316 586 885 0 708 884 911 659 132 623 922 431 159 216 626 114 982 236 570 695 248 460 940 461 605 
858 861 82 798 286 872 692 168 555 874 507 90 634 106 976 692 782 18 890 198 316 475 677 735 975 722 621 613 708 0 725 593 516 961 238 116 874 856 306 299 364 407 819 436 193 393 350 306 529 12 
449 219 9 742 728 377 929 5 704 356 18 438 892 623 641 439 365 393 996 55 926 87 895 408 421 525 143 846 884 725 0 301 768 977 817 726 909 713 616 707 582 377 112 285 80 12 450 469 489 220 
755 227 111 253 870 257 257 985 758 356 276 98 738 36 470 980 209 831 113 321 717 696 608 520 508 346 544 949 911 593 301 0 880 515 432 593 189 772 484 265 80 456 973 429 636 799 513 739 405 589 
254 477 714 883 210 229 113 850 7 421 415 894 486 867 110 907 439 542 516 726 981 928 381 494 840 15 770 728 659 516 768 880 0 357 912 411 931 832 222 568 672 643 113 136 833 641 113 235 857 220 
179 210 34 945 128 638 193 100 304 502 58 417 710 798 320 4 754 770 331 755 438 298 842 123 353 919 754 9 132 961 977 515 357 0 319 207 428 166 829 538 179 31 31 189 360 881 453 439 417 423 
607 733 17 395 105 38 994 330 298 958 693 481 22 214 297 130 950 263 268 400 102 672 836 921 193 793 809 244 623 238 817 432 912 319 0 155 417 921 254 781 657 127 440 357 499 633 943 303 415 566 
202 480 391 31 641 71 631 528 460 182 651 693 61 344 309 389 272 705 125 400 80 755 535 421 278 460 13 835 922 116 726 593 411 207 155 0 527 600 314 664 759 730 10 448 826 837 860 114 805 626 
633 931 275 140 385 622 292 958 757 48 795 677 99 408 291 386 985 521 499 804 424 562 618 136 240 433 19 620 431 874 909 189 931 428 417 527 0 967 277 609 603 687 298 951 900 420 969 401 216 9 
417 399 932 709 656 641 857 599 814 729 155 883 71 521 968 226 110 224 570 635 694 713 530 226 115 191 359 203 159 856 713 772 832 166 921 600 967 0 788 48 768 453 721 304 906 752 848 534 337 149 
89 57 411 176 879 344 804 73 457 211 868 312 814 549 204 973 617 255 952 737 372 192 65 335 221 844 276 983 216 306 616 484 222 829 254 314 277 788 0 454 320 820 847 879 573 409 68 466 504 454 
946 538 46 509 424 530 447 549 618 326 516 367 126 127 89 139 491 823 263 615 96 21 475 815 612 815 887 763 626 299 707 265 568 538 781 664 609 48 454 0 387 727 45 885 429 359 605 750 863 313 
557 679 194 950 360 83 172 82 657 685 195 453 688 555 93 64 931 934 502 765 989 997 130 789 187 297 337 44 114 364 582 80 672 179 657 759 603 768 320 387 0 849 89 645 934 323 206 756 811 209 
95 414 780 261 561 718 536 613 818 471 570 184 416 295 252 694 450 312 3 722 887 284 532 291 182 562 454 986 982 407 377 456 643 31 127 730 687 453 820 727 849 0 938 793 175 611 28 753 149 392 
577 738 590 550 764 60 530 982 422 138 537 863 454 919 602 347 258 497 191 168 784 344 44 623 284 650 382 534 236 819 112 973 113 31 440 10 298 721 847 45 89 938 0 825 434 597 329 345 928 733 
659 93 491 637 418 480 726 845 651 652 29 643 337 272 925 757 860 109 265 494 822 94 542 242 602 426 944 152 570 436 285 429 136 189 357 448 951 304 879 885 645 793 825 0 724 413 205 78 273 729 
391 817 387 993 446 910 165 193 652 764 74 319 313 133 410 464 912 726 734 203 528 750 116 41 658 451 108 808 695 193 80 636 833 360 499 826 900 906 573 429 934 175 434 724 0 105 171 262 115 600 
918 285 833 235 802 347 430 172 563 930 264 434 876 996 70 675 104 364 229 527 219 470 905 624 352 411 256 128 248 393 12 799 641 881 633 837 420 752 409 359 323 611 597 413 105 0 538 745 386 711 
179 297 231 214 837 956 783 702 148 362 77 675 175 886 75 429 970 556 392 982 48 528 334 659 547 72 442 443 460 350 450 513 113 453 943 860 969 848 68 605 206 28 329 205 171 538 0 860 357 635 
695 428 780 368 885 390 503 487 876 722 940 500 833 667 545 357 506 646 36 86 281 944 435 525 6 886 297 35 940 306 469 739 235 439 303 114 401 534 466 750 756 753 345 78 262 745 860 0 201 279 
17 703 45 133 171 196 529 163 747 179 893 858 215 912 105 276 770 146 424 378 900 579 113 402 895 183 279 797 461 529 489 405 857 417 415 805 216 337 504 863 811 149 928 273 115 386 357 201 0 1000 
139 946 548 307 857 433 224 226 664 322 64 592 320 596 101 721 260 152 528 48 223 361 8 259 429 702 823 313 605 12 220 589 220 423 566 626 9 149 454 313 209 392 733 729 600 711 635 279 1000 0 
0 93 965 779 473 743 524 176 512 356 847 262 474 887 481 647 893 858 663 749 348 63 455 733 820 474 634 877 753 277 796 776 615 397 337 200 938 864 589 888 21 105 177 266 877 276 396 821 793 836 
93 0 78 760 97 988 803 212 670 895 384 312 171 305 886 329 961 717 260 146 666 349 730 379 900 595 83 316 943 312 426 584 553 952 206 526 744 706 258 552 46 995 112 575 729 515 628 899 981 918 
965 78 0 778 744 511 486 784 96 754 10 685 875 827 930 704 402 745 677 252 497 50 645 116 879 690 761 251 862 491 484 246 488 418 497 422 722 706 844 922 949 601 193 117 88 552 537 973 244 464 
779 760 778 0 234 624 915 714 464 146 426 644 46 644 153 844 385 246 865 564 422 902 345 574 891 435 909 366 267 331 472 101 427 110 316 774 43 727 802 392 918 680 403 985 305 332 34 551 316 630 
473 97 744 234 0 861 482 442 69 459 231 144 545 946 211 121 620 285 805 259 725 497 148 978 511 561 799 341 297 710 739 343 693 870 669 216 710 114 226 147 606 898 837 792 658 751 938 109 385 312 
743 988 511 624 861 0 443 216 17 591 589 88 483 115 322 626 281 311 480 510 705 424 460 556 772 50 576 764 596 948 412 360 831 346 355 990 965 66 283 185 46 906 613 814 728 32 651 341 342 578 
524 803 486 915 482 443 0 462 75 936 104 896 376 976 925 104 990 587 445 830 546 163 689 360 195 580 863 862 586 733 838 717 466 35 684 948 395 143 273 334 377 968 335 662 428 305 954 945 769 776 
176 212 784 714 442 216 462 0 745 342 123 982 20 855 428 199 927 544 763 846 424 448 856 547 259 87 986 677 935 276 538 305 69 945 73 271 631 407 43 86 338 399 613 29 938 51 661 619 514 913 
512 670 96 464 69 17 75 745 0 31 553 348 856 166 386 40 237 723 196 824 424 447 771 963 50 639 812 617 831 107 698 241 667 983 344 336 218 63 609 226 46 817 91 402 44 765 771 822 714 214 
356 895 754 146 459 591 936 342 31 0 794 965 514 352 257 21 305 477 108 827 797 65 451 978 152 351 286 552 902 646 464 600 948 988 17 374 767 526 813 11 981 165 730 862 597 108 644 729 196 876 
847 384 10 426 231 589 104 123 553 794 0 940 889 555 263 861 794 91 344 735 851 187 644 365 136 483 96 988 131 111 795 405 733 388 244 236 230 747 666 384 355 354 541 715 728 559 66 161 596 613 
262 312 685 644 144 88 896 982 348 965 940 0 45 103 484 467 952 455 48 182 812 364 489 342 787 242 96 677 306 415 929 734 362 411 120 27 808 506 882 26 106 605 287 592 20 158 181 964 271 325 
474 171 875 46 545 483 376 20 856 514 889 45 0 643 47 849 105 888 598 359 936 167 509 470 28 677 542 703 266 765 626 428 703 144 636 287 535 786 296 664 129 383 84 269 543 106 254 117 866 441 
887 305 827 644 946 115 976 855 166 352 555 103 643 0 25 706 912 413 554 272 727 571 83 375 608 620 977 726 848 204 303 209 94 533 311 828 378 666 360 281 522 770 254 458 402 757 782 615 906 224 
481 886 930 153 211 322 925 428 386 257 263 484 47 25 0 609 263 688 582 406 893 151 172 850 565 339 688 661 693 173 851 39 722 387 462 380 721 134 5 239 935 540 180 649 557 313 274 224 859 312 
647 329 704 844 121 626 104 199 40 21 861 467 849 706 609 0 249 75 367 617 855 167 217 890 579 794 285 139 93 758 873 784 472 278 602 56 358 678 405 128 489 522 896 574 784 520 555 144 570 367 
893 961 402 385 620 281 990 927 237 305 794 952 105 912 263 249 0 844 265 435 816 528 716 154 228 942 519 185 726 180 529 247 839 693 192 981 727 308 150 85 745 259 451 549 49 321 699 366 842 961 
858 717 745 246 285 311 587 544 723 477 91 455 888 413 688 75 844 0 987 483 39 636 292 920 936 115 443 906 989 342 994 986 715 543 648 388 221 950 362 225 81 611 202 192 390 902 971 579 511 371 
663 260 677 865 805 480 445 763 196 108 344 48 598 554 582 367 265 987 0 930 902 406 860 272 336 94 464 465 880 861 580 567 934 851 595 312 524 219 446 363 268 663 79 420 227 999 318 947 384 95 
749 146 252 564 259 510 830 846 824 827 735 182 359 272 406 617 435 483 930 0 209 549 740 900 221 57 49 875 333 489 933 46 300 313 396 52 845 934 100 279 29 673 915 592 629 69 943 268 525 861 
348 666 497 422 725 705 546 424 424 797 851 812 936 727 893 855 816 39 902 209 0 328 984 303 445 217 187 81 946 308 995 9 569 889 558 586 971 692 342 457 81 587 155 683 886 806 957 213 576 980 
63 349 50 902 497 424 163 448 447 65 187 364 167 571 151 167 528 636 406 549 328 0 242 418 420 230 777 602 142 806 137 813 987 44 445 250 901 281 110 787 309 981 608 481 576 836 917 362 909 481 
455 730 645 345 148 460 689 856 771 451 644 489 509 83 172 217 716 292 860 740 984 242 0 100 957 488 337 893 60 805 312 480 49 526 110 305 605 350 728 447 745 252 571 636 663 869 886 203 943 987 
733 379 116 574 978 556 360 547 963 978 365 342 470 375 850 890 154 920 272 900 303 418 100 0 318 474 950 295 95 641 282 148 171 641 838 358 223 230 672 801 320 524 421 25 319 177 489 795 521 514 
820 900 879 891 511 772 195 259 50 152 136 787 28 608 565 579 228 936 336 221 445 420 957 318 0 623 761 139 18 296 593 473 78 392 622 564 421 85 857 24 893 332 229 910 478 340 292 513 920 17 
474 595 690 435 561 50 580 87 639 351 483 242 677 620 339 794 942 115 94 57 217 230 488 474 623 0 78 601 119 572 550 672 171 174 88 792 947 38 19 638 125 236 482 841 373 463 445 272 338 407 
634 83 761 909 799 576 863 986 812 286 96 96 542 977 688 285 519 443 464 49 187 777 337 950 761 78 0 729 463 695 714 923 163 613 120 642 679 973 194 809 626 398 775 670 174 440 20 30 348 948 
877 316 251 366 341 764 862 677 617 552 988 677 703 726 661 139 185 906 465 875 81 602 893 295 139 601 729 0 405 768 92 813 468 668 213 174 592 816 883 121 850 915 865 677 147 962 45 50 900 429 
753 943 862 267 297 596 586 935 831 902 131 306 266 848 693 93 726 989 880 333 946 142 60 95 18 119 463 405 0 779 445 679 217 394 117 621 398 80 781 650 786 313 935 336 930 790 804 756 258 85 
277 312 491 331 710 948 733 276 107 646 111 415 765 204 173 758 180 342 861 489 308 806 805 641 296 572 695 768 779 0 874 344 308 210 638 6 27 360 931 306 704 244 384 408 911 96 945 219 657 268 
796 426 484 472 739 412 838 538 698 464 795 929 626 303 851 873 529 994 580 933 995 137 312 282 593 550 714 92 445 874 0 517 238 412 744 133 471 982 290 502 742 1 795 269 450 555 925 611 622 649 
776 584 246 101 343 360 717 305 241 600 405 734 428 209 39 784 247 986 567 46 9 813 480 148 473 672 923 813 679 344 517 0 103 608 357 991 56 814 138 739 995 473 249 77 351 17 516 852 533 468 
615 553 488 427 693 831 466 69 667 948 733 362 703 94 722 472 839 715 934 300 569 987 49 171 78 171 163 468 217 308 238 103 0 635 940 168 517 817 306 687 996 840 602 803 805 16 49 424 898 362 
397 952 418 110 870 346 35 945 983 988 388 411 144 533 387 278 693 543 851 313 889 44 526 641 392 174 613 668 394 210 412 608 635 0 701 584 479 680 637 922 167 680 198 850 859 518 669 57 959 109 
337 206 497 316 669 355 684 73 344 17 244 120 636 311 462 602 192 648 595 396 558 445 110 838 622 88 120 213 117 638 744 357 940 701 0 448 337 645 239 134 390 558 950 84 674 863 40 808 149 372 
200 526 422 774 216 990 948 271 336 374 236 27 287 828 380 56 981 388 312 52 586 250 305 358 564 792 642 174 621 6 133 991 168 584 448 0 641 964 544 953 124 278 560 965 103 348 27 15 687 906 
938 744 722 43 710 965 395 631 218 767 230 808 535 378 721 358 727 221 524 845 971 901 605 223 421 947 679 592 398 27 471 56 517 479 337 641 0 631 997 16 168 585 401 869 192 810 181 900 627 176 
864 706 706 727 114 66 143 407 63 526 747 506 786 666 134 678 308 950 219 934 692 281 350 230 85 38 973 816 80 360 982 814 817 680 645 964 631 0 185 644 55 396 530 956 39 935 176 592 162 541 
589 258 844 802 226 283 273 43 609 813 666 882 296 360 5 405 150 362 446 100 342 110 728 672 857 19 194 883 781 931 290 138 306 637 239 544 997 185 0 206 136 617 342 786 311 137 914 665 3 129 
888 552 922 392 147 185 334 86 226 11 384 26 664 281 239 128 85 225 363 279 457 787 447 801 24 638 809 121 650 306 502 739 687 922 134 953 16 644 206 0 489 160 298 453 384 490 150 751 997 157 
21 46 949 918 606 46 377 338 46 981 355 106 129 522 935 489 745 81 268 29 81 309 745 320 893 125 626 850 786 704 742 995 996 167 390 124 168 55 136 489 0 375 444 205 971 756 486 22 198 134 
105 995 601 680 898 906 968 399 817 165 354 605 383 770 540 522 259 611 663 673 587 981 252 524 332 236 398 915 313 244 1 473 840 680 558 278 585 396 617 160 375 0 100 917 672 475 269 883 861 731 
177 112 193 403 837 613 335 613 91 730 541 287 84 254 180 896 451 202 79 915 155 608 571 421 229 482 775 865 935 384 795 249 602 198 950 560 401 530 342 298 444 100 0 563 529 873 787 162 583 976 
266 575 117 985 792 814 662 29 402 862 715 592 269 458 649 574 549 192 420 592 683 481 636 25 910 841 670 677 336 408 269 77 803 850 84 965 869 956 786 453 205 917 563 0 951 590 312 759 60 835 
877 729 88 305 658 728 428 938 44 597 728 20 543 402 557 784 49 390 227 629 886 576 663 319 478 373 174 147 930 911 450 351 805 859 674 103 192 39 311 384 971 672 529 951 0 789 890 5 621 555 
276 515 552 332 751 32 305 51 765 108 559 158 106 757 313 520 321 902 999 69 806 836 869 177 340 463 440 962 790 96 555 17 16 518 863 348 810 935 137 490 756 475 873 590 789 0 217 688 429 944 
396 628 537 34 938 651 954 661 771 644 66 181 254 782 274 555 699 971 318 943 957 917 886 489 292 445 20 45 804 945 925 516 49 669 40 27 181 176 914 150 486 269 787 312 890 217 0 622 83 47 
821 899 973 551 109 341 945 619 822 729 161 964 117 615 224 144 366 579 947 268 213 362 203 795 513 272 30 50 756 219 611 852 424 57 808 15 900 592 665 751 22 883 162 759 5 688 622 0 860 302 
793 981 244 316 385 342 769 514 714 196 596 271 866 906 859 570 842 511 384 525 576 909 943 521 920 338 348 900 258 657 622 533 898 959 149 687 627 162 3 997 198 861 583 60 621 429 83 860 0 963 
836 918 464 630 312 578 776 913 214 876 613 325 441 224 312 367 961 371 95 861 980 481 987 514 17 407 948 429 85 268 649 468 362 109 372 906 176 541 129 157 134 731 976 835 555 944 47 302 963 0 
0 562 40 138 804 425 233 580 954 410 232 49 573 898 52 507 73 712 818 247 145 597 306 161 476 61 974 600 118 869 293 427 461 915 559 289 130 999 205 236 628 911 242 273 436 191 878 341 274 629 
562 0 87 740 855 187 775 535 589 226 973 243 835 641 683 92 457 608 640 712 806 506 500 659 516 535 274 684 735 919 463 640 943 787 297 908 391 835 695 507 806 527 776 756 440 547 948 49 86 938 
40 87 0 839 137 74 888 972 753 594 290 452 810 105 314 393 631 810 246 182 523 828 201 71 791 924 296 708 454 344 60 411 581 704 293 897 950 442 674 539 111 836 58 536 214 444 838 567 861 951 
138 740 839 0 970 112 700 920 993 231 279 628 390 222 364 994 580 234 627 875 459 989 159 757 858 86 581 372 403 29 63 134 658 628 380 604 429 41 732 227 48 617 880 823 790 49 789 893 425 362 
804 855 137 970 0 244 322 119 17 580 342 851 14 853 461 518 496 117 34 295 94 105 891 797 512 148 194 127 890 2 392 711 229 767 557 551 953 466 323 905 519 153 686 629 466 386 633 184 659 904 
425 187 74 112 244 0 226 387 22 91 536 514 569 331 305 784 143 194 709 788 797 569 790 720 934 644 401 281 129 294 773 853 93 480 528 692 972 73 93 819 961 228 953 161 869 153 747 575 26 202 
233 775 888 700 322 226 0 263 905 323 957 695 565 475 437 578 213 962 969 440 695 713 984 38 863 333 125 442 92 913 136 24 422 76 81 801 516 24 366 159 230 168 940 501 514 18 877 162 226 12 
580 535 972 920 119 387 263 0 747 578 830 760 843 386 215 25 230 750 295 704 631 736 832 679 132 824 127 957 725 425 57 574 413 881 580 653 677 771 445 471 756 215 941 835 46 367 548 902 152 929 
954 589 753 993 17 22 905 747 0 452 893 524 13 497 787 453 333 832 249 2 580 119 157 883 512 180 987 132 735 373 216 156 282 119 967 696 91 230 923 853 179 574 912 619 304 763 210 253 757 383 
410 226 594 231 580 91 323 578 452 0 605 713 668 486 22 535 382 601 466 903 47 472 179 441 375 71 329 615 35 248 148 73 16 501 753 9 406 806 85 261 103 945 647 425 127 273 605 117 311 304 
232 973 290 279 342 536 957 830 893 605 0 790 451 931 6 964 715 583 95 798 63 824 36 638 856 864 294 831 568 512 837 350 551 714 64 603 845 619 702 305 585 91 303 195 314 388 289 544 518 599 
49 243 452 628 851 514 695 760 524 713 790 0 436 80 26 930 274 299 826 938 817 911 930 142 517 891 263 453 354 843 870 277 424 386 748 859 764 864 773 309 721 911 481 306 923 712 87 389 212 360 
573 835 810 390 14 569 565 843 13 668 451 436 0 93 114 385 765 173 844 446 860 97 921 593 822 201 489 192 432 269 710 251 986 607 874 720 928 336 636 414 983 729 626 453 999 771 698 630 69 403 
898 641 105 222 853 331 475 386 497 486 931 80 93 0 783 949 613 700 214 896 853 239 362 15 887 509 473 2 591 730 806 395 537 350 645 319 979 466 592 978 476 798 563 497 332 368 273 243 496 639 
52 683 314 364 461 305 437 215 787 22 6 26 114 783 0 877 883 66 631 525 987 664 719 919 919 198 165 380 351 10 928 932 192 533 349 400 883 500 879 933 4 543 740 622 516 908 604 53 784 166 
507 92 393 994 518 784 578 25 453 535 964 930 385 949 877 0 35 250 444 750 251 525 216 403 361 174 678 834 30 6 895 135 585 778 703 680 199 190 620 877 648 462 548 523 600 676 889 717 701 559 
73 457 631 580 496 143 213 230 333 382 715 274 765 613 883 35 0 38 656 456 105 930 428 606 15 159 38 929 132 226 706 523 768 955 278 159 241 307 696 376 262 923 662 212 634 670 777 367 107 154 
712 608 810 234 117 194 962 750 832 601 583 299 173 700 66 250 38 0 77 19 438 740 564 621 590 654 470 514 194 333 400 48 125 782 348 72 744 699 316 545 166 717 948 925 193 433 392 480 963 267 
818 640 246 627 34 709 969 295 249 466 95 826 844 214 631 444 656 77 0 752 323 308 968 842 758 71 963 910 672 801 847 410 87 248 107 176 133 403 958 769 31 371 57 102 664 436 849 913 68 315 
247 712 182 875 295 788 440 704 2 903 798 938 446 896 525 750 456 19 752 0 468 532 103 310 975 160 199 198 634 520 771 599 37 804 776 201 695 529 438 967 546 321 453 265 146 172 857 640 579 89 
145 806 523 459 94 797 695 631 580 47 63 817 860 853 987 251 105 438 323 468 0 220 323 819 992 98 235 563 10 795 491 80 396 190 195 532 45 424 260 685 988 767 548 375 350 787 32 288 637 305 
597 506 828 989 105 569 713 736 119 472 824 911 97 239 664 525 930 740 308 532 220 0 638 682 329 570 814 999 845 817 527 558 649 12 756 876 693 923 364 31 144 452 20 571 274 549 860 907 951 207 
306 500 201 159 891 790 984 832 157 179 36 930 921 362 719 216 428 564 968 103 323 638 0 248 618 844 92 703 421 4 982 50 250 182 443 808 838 301 245 605 32 835 528 554 981 323 455 606 161 497 
161 659 71 757 797 720 38 679 883 441 638 142 593 15 919 403 606 621 842 310 819 682 248 0 340 150 157 251 515 490 34 482 337 243 350 743 661 768 985 387 788 604 123 758 583 1 480 272 842 354 
476 516 791 858 512 934 863 132 512 375 856 517 822 887 919 361 15 590 758 975 992 329 618 340 0 335 119 541 908 56 676 255 410 225 436 538 927 438 899 566 944 834 187 10 417 411 877 667 491 833 
61 535 924 86 148 644 333 824 180 71 864 891 201 509 198 174 159 654 71 160 98 570 844 150 335 0 445 48 337 689 444 921 660 918 238 748 744 967 110 555 523 602 948 817 477 6 984 157 571 918 
974 274 296 581 194 401 125 127 987 329 294 263 489 473 165 678 38 470 963 199 235 814 92 157 119 445 0 25 777 737 27 422 123 618 923 399 120 738 348 407 982 792 731 784 944 961 562 131 530 398 
600 684 708 372 127 281 442 957 132 615 831 453 192 2 380 834 929 514 910 198 563 999 703 251 541 48 25 0 549 202 919 833 963 56 305 277 880 562 362 65 240 237 908 885 719 679 136 18 629 250 
118 735 454 403 890 129 92 725 735 35 568 354 432 591 351 30 132 194 672 634 10 845 421 515 908 337 777 549 0 975 962 10 154 313 62 59 257 220 867 535 947 419 657 842 374 894 893 759 532 895 
869 919 344 29 2 294 913 425 373 248 512 843 269 730 10 6 226 333 801 520 795 817 4 490 56 689 737 202 975 0 925 440 331 292 291 132 658 417 419 980 497 74 733 206 498 248 705 287 681 947 
293 463 60 63 392 773 136 57 216 148 837 870 710 806 928 895 706 400 847 771 491 527 982 34 676 444 27 919 962 925 0 375 447 492 273 366 679 773 350 191 93 461 642 233 569 251 851 555 269 43 
427 640 411 134 711 853 24 574 156 73 350 277 251 395 932 135 523 48 410 599 80 558 50 482 255 921 422 833 10 440 375 0 551 501 108 534 496 443 402 36 723 667 578 680 66 512 407 480 97 713 
461 943 581 658 229 93 422 413 282 16 551 424 986 537 192 585 768 125 87 37 396 649 250 337 410 660 123 963 154 331 447 551 0 806 98 445 279 189 752 791 912 997 81 208 450 903 346 684 702 122 
915 787 704 628 767 480 76 881 119 501 714 386 607 350 533 778 955 782 248 804 190 12 182 243 225 918 618 56 313 292 492 501 806 0 783 373 90 695 290 580 766 761 629 332 467 588 669 684 473 748 
559 297 293 380 557 528 81 580 967 753 64 748 874 645 349 703 278 348 107 776 195 756 443 350 436 238 923 305 62 291 273 108 98 783 0 41 754 90 828 878 249 153 517 627 746 261 133 570 434 731 
289 908 897 604 551 692 801 653 696 9 603 859 720 319 400 680 159 72 176 201 532 876 808 743 538 748 399 277 59 132 366 534 445 373 41 0 830 730 393 787 855 545 154 148 915 139 340 381 498 890 
130 391 950 429 953 972 516 677 91 406 845 764 928 979 883 199 241 744 133 695 45 693 838 661 927 744 120 880 257 658 679 496 279 90 754 830 0 824 27 670 673 626 999 152 189 129 157 118 153 167 
999 835 442 41 466 73 24 771 230 806 619 864 336 466 500 190 307 699 403 529 424 923 301 768 438 967 738 562 220 417 773 443 189 695 90 730 824 0 396 867 554 100 660 137 453 767 978 302 895 606 
205 695 674 732 323 93 366 445 923 85 702 773 636 592 879 620 696 316 958 438 260 364 245 985 899 110 348 362 867 419 350 402 752 290 828 393 27 396 0 370 839 746 103 576 828 618 924 998 642 647 
236 507 539 227 905 819 159 471 853 261 305 309 414 978 933 877 376 545 769 967 685 31 605 387 566 555 407 65 535 980 191 36 791 580 878 787 670 867 370 0 327 708 210 934 769 238 755 584 412 680 
628 806 111 48 519 961 230 756 179 103 585 721 983 476 4 648 262 166 31 546 988 144 32 788 944 523 982 240 947 497 93 723 912 766 249 855 673 554 839 327 0 3 861 739 605 26 321 590 947 123 
911 527 836 617 153 228 168 215 574 945 91 911 729 798 543 462 923 717 371 321 767 452 835 604 834 602 792 237 419 74 461 667 997 761 153 545 626 100 746 708 3 0 174 612 341 237 909 530 591 625 
242 776 58 880 686 953 940 941 912 647 303 481 626 563 740 548 662 948 57 453 548 20 528 123 187 948 731 908 657 733 642 578 81 629 517 154 999 660 103 210 861 174 0 840 171 221 734 655 184 745 
273 756 536 823 629 161 501 835 619 425 195 306 453 497 622 523 212 925 102 265 375 571 554 758 10 817 784 885 842 206 233 680 208 332 627 148 152 137 576 934 739 612 840 0 385 752 223 402 305 187 
436 440 214 790 466 869 514 46 304 127 314 923 999 332 516 600 634 193 664 146 350 274 981 583 417 477 944 719 374 498 569 66 450 467 746 915 189 453 828 769 605 341 171 385 0 566 334 332 249 966 
191 547 444 49 386 153 18 367 763 273 388 712 771 368 908 676 670 433 436 172 787 549 323 1 411 6 961 679 894 248 251 512 903 588 261 139 129 767 618 238 26 237 221 752 566 0 69 897 483 452 
878 948 838 789 633 747 877 548 210 605 289 87 698 273 604 889 777 392 849 857 32 860 455 480 877 984 562 136 893 705 851 407 346 669 133 340 157 978 924 755 321 909 734 223 334 69 0 933 61 637 
341 49 567 893 184 575 162 902 253 117 544 389 630 243 53 717 367 480 913 640 288 907 606 272 667 157 131 18 759 287 555 480 684 684 570 381 118 302 998 584 590 530 655 402 332 897 933 0 255 736 
274 86 861 425 659 26 226 152 757 311 518 212 69 496 784 701 107 963 68 579 637 951 161 842 491 571 530 629 532 681 269 97 702 473 434 498 153 895 642 412 947 591 184 305 249 483 61 255 0 317 
629 938 951 362 904 202 12 929 383 304 599 360 403 639 166 559 154 267 315 89 305 207 497 354 833 918 398 250 895 947 43 713 122 748 731 890 167 606 647 680 123 625 745 187 966 452 637 736 317 0 
