6 2
0 598 743 1 484 832 
598 0 703 248 94 391 
743 703 0 593 298 516 
1 248 593 0 664 813 
484 94 298 664 0 822 
832 391 516 813 822 0 
0 409 746 213 298 355 
409 0 116 285 96 179 
746 116 0 363 683 614 
213 285 363 0 906 596 
298 96 683 906 0 71 
355 179 614 596 71 0 
0 587 243 891 734 559 
587 0 852 596 932 940 
243 852 0 680 292 344 
891 596 680 0 61 446 
734 932 292 61 0 917 
559 940 344 446 917 0 
