6 4
0 598 743 1 484 832 
598 0 703 248 94 391 
743 703 0 593 298 516 
1 248 593 0 664 813 
484 94 298 664 0 822 
832 391 516 813 822 0 
0 414 533 267 713 84 
414 0 698 836 657 680 
533 698 0 940 71 359 
267 836 940 0 169 909 
713 657 71 169 0 224 
84 680 359 909 224 0 
0 569 47 96 61 193 
569 0 386 683 596 204 
47 386 0 705 602 399 
96 683 705 0 152 861 
61 596 602 152 0 214 
193 204 399 861 214 0 
0 343 547 752 706 8 
343 0 759 706 800 469 
547 759 0 707 322 432 
752 706 707 0 395 565 
706 800 322 395 0 775 
8 469 432 565 775 0 
0 701 790 251 146 92 
701 0 213 433 555 899 
790 213 0 858 926 327 
251 433 858 0 265 635 
146 555 926 265 0 440 
92 899 327 635 440 0 
