7 4
0 766 274 345 649 838 958 
766 0 343 397 851 130 809 
274 343 0 523 333 968 703 
345 397 523 0 551 820 151 
649 851 333 551 0 663 210 
838 130 968 820 663 0 189 
958 809 703 151 210 189 0 
0 40 474 993 731 661 288 
40 0 310 735 721 580 222 
474 310 0 329 889 40 478 
993 735 329 0 457 591 482 
731 721 889 457 0 566 359 
661 580 40 591 566 0 932 
288 222 478 482 359 932 0 
0 381 639 846 879 321 203 
381 0 545 989 418 575 533 
639 545 0 74 949 175 848 
846 989 74 0 721 380 927 
879 418 949 721 0 499 373 
321 575 175 380 499 0 633 
203 533 848 927 373 633 0 
0 403 567 298 963 345 1 
403 0 946 696 126 881 392 
567 946 0 602 796 471 477 
298 696 602 0 463 643 533 
963 126 796 463 0 783 336 
345 881 471 643 783 0 697 
1 392 477 533 336 697 0 
0 73 815 940 875 924 644 
73 0 280 915 620 881 278 
815 280 0 317 874 18 168 
940 915 317 0 52 430 160 
875 620 874 52 0 556 547 
924 881 18 430 556 0 982 
644 278 168 160 547 982 0 
