30 2
0 822 902 999 754 569 790 323 197 326 706 456 668 249 214 79 623 689 60 661 914 582 430 856 241 434 307 866 498 617 
822 0 345 685 815 468 747 535 972 705 388 607 702 359 397 964 179 197 237 348 703 16 972 439 187 895 705 355 792 258 
902 345 0 86 408 515 698 906 706 434 713 322 447 80 356 308 729 472 791 515 864 191 971 957 261 792 375 899 20 349 
999 685 86 0 325 315 543 143 558 265 624 764 805 399 731 222 710 709 927 507 789 245 647 803 124 890 711 786 886 126 
754 815 408 325 0 810 386 992 934 707 22 379 934 825 403 783 796 73 799 536 839 952 446 953 487 520 558 556 613 213 
569 468 515 315 810 0 254 138 292 147 816 926 399 190 775 749 952 491 71 961 726 683 881 170 606 528 136 8 373 636 
790 747 698 543 386 254 0 911 948 495 61 14 84 432 189 500 483 717 957 443 245 442 803 301 466 363 957 887 221 460 
323 535 906 143 992 138 911 0 981 169 85 169 743 896 502 84 970 762 55 856 510 967 200 184 647 451 316 410 771 760 
197 972 706 558 934 292 948 981 0 886 614 749 712 417 302 152 26 389 860 780 296 360 85 24 242 760 707 518 104 574 
326 705 434 265 707 147 495 169 886 0 706 631 584 994 990 229 769 245 303 773 402 618 897 480 740 168 626 528 90 723 
706 388 713 624 22 816 61 85 614 706 0 572 193 331 440 990 447 976 988 770 677 21 910 283 84 256 386 71 735 812 
456 607 322 764 379 926 14 169 749 631 572 0 512 849 747 403 751 956 611 175 173 733 828 763 559 964 8 127 369 390 
668 702 447 805 934 399 84 743 712 584 193 512 0 458 14 818 49 441 379 938 567 445 247 666 687 886 658 74 833 904 
249 359 80 399 825 190 432 896 417 994 331 849 458 0 69 604 116 101 132 318 581 757 901 643 943 284 998 24 494 452 
214 397 356 731 403 775 189 502 302 990 440 747 14 69 0 977 303 899 364 306 314 527 279 862 269 135 472 857 376 399 
79 964 308 222 783 749 500 84 152 229 990 403 818 604 977 0 366 431 595 755 526 240 963 569 690 900 273 147 45 937 
623 179 729 710 796 952 483 970 26 769 447 751 49 116 303 366 0 880 87 109 904 280 262 930 757 827 580 545 134 762 
689 197 472 709 73 491 717 762 389 245 976 956 441 101 899 431 880 0 102 7 672 449 248 680 413 363 34 831 165 788 
60 237 791 927 799 71 957 55 860 303 988 611 379 132 364 595 87 102 0 469 42 860 180 395 340 594 136 93 462 399 
661 348 515 507 536 961 443 856 780 773 770 175 938 318 306 755 109 7 469 0 833 241 639 494 488 404 690 393 214 800 
914 703 864 789 839 726 245 510 296 402 677 173 567 581 314 526 904 672 42 833 0 498 54 895 731 676 405 114 312 177 
582 16 191 245 952 683 442 967 360 618 21 733 445 757 527 240 280 449 860 241 498 0 438 525 37 410 315 82 909 197 
430 972 971 647 446 881 803 200 85 897 910 828 247 901 279 963 262 248 180 639 54 438 0 943 937 237 903 841 598 327 
856 439 957 803 953 170 301 184 24 480 283 763 666 643 862 569 930 680 395 494 895 525 943 0 328 358 999 192 404 216 
241 187 261 124 487 606 466 647 242 740 84 559 687 943 269 690 757 413 340 488 731 37 937 328 0 519 975 336 146 173 
434 895 792 890 520 528 363 451 760 168 256 964 886 284 135 900 827 363 594 404 676 410 237 358 519 0 698 474 61 351 
307 705 375 711 558 136 957 316 707 626 386 8 658 998 472 273 580 34 136 690 405 315 903 999 975 698 0 421 287 241 
866 355 899 786 556 8 887 410 518 528 71 127 74 24 857 147 545 831 93 393 114 82 841 192 336 474 421 0 723 1 
498 792 20 886 613 373 221 771 104 90 735 369 833 494 376 45 134 165 462 214 312 909 598 404 146 61 287 723 0 849 
617 258 349 126 213 636 460 760 574 723 812 390 904 452 399 937 762 788 399 800 177 197 327 216 173 351 241 1 849 0 
0 355 903 847 156 534 446 126 29 816 264 966 145 372 637 460 10 594 624 451 967 118 219 586 656 937 931 18 243 663 
355 0 707 261 864 854 920 244 572 266 363 245 660 122 636 316 230 932 874 276 589 121 993 674 117 456 641 583 901 951 
903 707 0 676 278 797 161 938 183 669 246 352 458 6 25 353 585 611 995 335 987 381 144 920 262 198 101 966 220 639 
847 261 676 0 630 275 149 756 714 127 70 540 270 211 224 883 151 429 562 776 666 589 481 958 36 113 441 625 604 227 
156 864 278 630 0 433 855 387 138 35 359 946 677 732 729 275 271 275 878 89 213 825 589 743 169 974 734 498 870 982 
534 854 797 275 433 0 925 174 154 53 140 966 88 126 346 180 598 877 593 466 716 523 336 794 712 38 421 760 493 271 
446 920 161 149 855 925 0 88 793 156 481 331 665 405 976 3 897 700 823 131 6 180 720 434 661 374 587 900 68 110 
126 244 938 756 387 174 88 0 300 579 792 721 246 198 729 413 957 580 302 236 897 26 441 619 155 802 749 116 450 632 
29 572 183 714 138 154 793 300 0 496 666 39 556 748 717 212 789 689 642 287 399 786 849 268 170 534 551 404 553 823 
816 266 669 127 35 53 156 579 496 0 35 774 690 654 943 206 857 280 452 757 340 511 199 571 908 777 670 512 674 813 
264 363 246 70 359 140 481 792 666 35 0 942 966 232 889 758 814 589 910 112 403 647 758 106 806 346 500 63 914 100 
966 245 352 540 946 966 331 721 39 774 942 0 219 13 884 441 954 370 621 175 138 877 699 592 26 424 981 253 300 321 
145 660 458 270 677 88 665 246 556 690 966 219 0 916 457 20 437 682 253 182 144 238 828 891 190 245 375 909 430 35 
372 122 6 211 732 126 405 198 748 654 232 13 916 0 507 767 361 782 244 289 627 783 528 325 929 509 101 584 583 719 
637 636 25 224 729 346 976 729 717 943 889 884 457 507 0 694 296 102 381 690 570 503 177 416 195 507 11 349 631 594 
460 316 353 883 275 180 3 413 212 206 758 441 20 767 694 0 788 502 733 11 805 71 941 420 864 277 344 541 296 455 
10 230 585 151 271 598 897 957 789 857 814 954 437 361 296 788 0 278 305 3 798 171 82 512 624 832 640 351 68 30 
594 932 611 429 275 877 700 580 689 280 589 370 682 782 102 502 278 0 121 486 511 386 586 243 666 577 116 178 901 631 
624 874 995 562 878 593 823 302 642 452 910 621 253 244 381 733 305 121 0 327 314 178 486 337 263 424 476 178 950 846 
451 276 335 776 89 466 131 236 287 757 112 175 182 289 690 11 3 486 327 0 623 310 247 663 447 258 639 15 478 271 
967 589 987 666 213 716 6 897 399 340 403 138 144 627 570 805 798 511 314 623 0 752 807 76 774 961 476 426 510 414 
118 121 381 589 825 523 180 26 786 511 647 877 238 783 503 71 171 386 178 310 752 0 880 891 416 672 845 538 479 880 
219 993 144 481 589 336 720 441 849 199 758 699 828 528 177 941 82 586 486 247 807 880 0 394 811 72 667 93 138 300 
586 674 920 958 743 794 434 619 268 571 106 592 891 325 416 420 512 243 337 663 76 891 394 0 533 235 412 647 227 475 
656 117 262 36 169 712 661 155 170 908 806 26 190 929 195 864 624 666 263 447 774 416 811 533 0 686 853 891 712 128 
937 456 198 113 974 38 374 802 534 777 346 424 245 509 507 277 832 577 424 258 961 672 72 235 686 0 891 107 873 361 
931 641 101 441 734 421 587 749 551 670 500 981 375 101 11 344 640 116 476 639 476 845 667 412 853 891 0 273 675 92 
18 583 966 625 498 760 900 116 404 512 63 253 909 584 349 541 351 178 178 15 426 538 93 647 891 107 273 0 873 554 
243 901 220 604 870 493 68 450 553 674 914 300 430 583 631 296 68 901 950 478 510 479 138 227 712 873 675 873 0 1000 
663 951 639 227 982 271 110 632 823 813 100 321 35 719 594 455 30 631 846 271 414 880 300 475 128 361 92 554 1000 0 
0 646 98 154 845 467 555 875 972 185 737 35 856 629 364 541 991 407 377 550 34 883 782 415 345 64 70 983 758 338 
646 0 294 740 137 147 81 757 429 735 638 756 341 879 365 685 771 69 127 725 412 880 8 327 884 545 360 418 100 50 
98 294 0 325 723 204 840 63 818 332 755 649 543 995 976 648 416 390 6 666 14 620 857 81 739 803 900 35 781 362 
154 740 325 0 371 726 852 245 287 874 931 461 731 790 777 118 850 572 439 225 335 412 520 43 965 888 560 376 397 774 
845 137 723 371 0 568 146 614 863 966 642 55 324 269 272 726 730 726 123 912 788 176 412 258 832 27 267 503 131 19 
467 147 204 726 568 0 76 827 847 948 861 35 913 875 655 821 403 124 408 535 285 478 665 207 289 963 580 241 508 730 
555 81 840 852 146 76 0 913 208 845 520 670 336 596 25 998 104 301 178 870 995 821 281 567 340 627 414 101 933 891 
875 757 63 245 614 827 913 0 701 422 209 280 755 803 272 588 44 421 699 765 104 975 560 382 846 199 252 885 551 369 
972 429 818 287 863 847 208 701 0 505 335 962 445 253 284 789 212 312 359 714 602 215 152 733 831 467 450 597 448 178 
185 735 332 874 966 948 845 422 505 0 966 227 311 347 58 795 144 721 549 244 661 490 802 430 93 224 331 489 327 188 
737 638 755 931 642 861 520 209 335 966 0 59 35 769 112 243 187 412 91 889 598 354 243 895 195 655 501 938 87 901 
35 756 649 461 55 35 670 280 962 227 59 0 782 988 117 560 47 631 380 826 863 124 302 409 975 577 20 748 701 680 
856 341 543 731 324 913 336 755 445 311 35 782 0 85 544 981 564 319 748 819 857 763 173 110 811 756 626 92 571 966 
629 879 995 790 269 875 596 803 253 347 769 988 85 0 494 234 640 219 757 712 374 218 473 676 72 492 900 417 418 282 
364 365 976 777 272 655 25 272 284 58 112 117 544 494 0 307 705 899 620 311 431 498 824 585 806 494 990 652 370 407 
541 685 648 118 726 821 998 588 789 795 243 560 981 234 307 0 213 499 268 990 196 930 60 581 137 724 657 460 705 546 
991 771 416 850 730 403 104 44 212 144 187 47 564 640 705 213 0 723 696 998 203 830 919 489 377 169 361 650 933 971 
407 69 390 572 726 124 301 421 312 721 412 631 319 219 899 499 723 0 880 515 490 615 415 758 335 424 885 823 100 370 
377 127 6 439 123 408 178 699 359 549 91 380 748 757 620 268 696 880 0 674 687 823 515 664 738 577 525 823 51 155 
550 725 666 225 912 535 870 765 714 244 889 826 819 712 311 990 998 515 674 0 378 691 754 338 554 743 362 986 523 730 
34 412 14 335 788 285 995 104 602 661 598 863 857 374 431 196 203 490 687 378 0 249 194 925 227 40 525 575 491 587 
883 880 620 412 176 478 821 975 215 490 354 124 763 218 498 930 830 615 823 691 249 0 121 110 585 329 156 463 522 121 
782 8 857 520 412 665 281 560 152 802 243 302 173 473 824 60 919 415 515 754 194 121 0 607 190 929 334 908 863 701 
415 327 81 43 258 207 567 382 733 430 895 409 110 676 585 581 489 758 664 338 925 110 607 0 468 766 589 354 774 526 
345 884 739 965 832 289 340 846 831 93 195 975 811 72 806 137 377 335 738 554 227 585 190 468 0 315 148 110 289 873 
64 545 803 888 27 963 627 199 467 224 655 577 756 492 494 724 169 424 577 743 40 329 929 766 315 0 110 894 128 640 
70 360 900 560 267 580 414 252 450 331 501 20 626 900 990 657 361 885 525 362 525 156 334 589 148 110 0 728 326 909 
983 418 35 376 503 241 101 885 597 489 938 748 92 417 652 460 650 823 823 986 575 463 908 354 110 894 728 0 128 447 
758 100 781 397 131 508 933 551 448 327 87 701 571 418 370 705 933 100 51 523 491 522 863 774 289 128 326 128 0 1 
338 50 362 774 19 730 891 369 178 188 901 680 966 282 407 546 971 370 155 730 587 121 701 526 873 640 909 447 1 0 
