15 2
0 804 349 316 58 173 524 871 526 86 230 876 883 529 989 
804 0 958 868 517 384 508 963 410 317 500 635 899 882 229 
349 958 0 252 805 900 735 828 699 221 179 715 576 25 124 
316 868 252 0 75 118 827 455 641 494 24 781 722 628 835 
58 517 805 75 0 600 714 60 126 268 56 156 278 364 608 
173 384 900 118 600 0 104 82 327 57 495 125 147 916 363 
524 508 735 827 714 104 0 367 814 492 810 765 952 477 15 
871 963 828 455 60 82 367 0 282 288 10 746 19 296 785 
526 410 699 641 126 327 814 282 0 912 700 229 32 662 567 
86 317 221 494 268 57 492 288 912 0 430 76 247 805 283 
230 500 179 24 56 495 810 10 700 430 0 954 96 864 122 
876 635 715 781 156 125 765 746 229 76 954 0 668 396 213 
883 899 576 722 278 147 952 19 32 247 96 668 0 590 553 
529 882 25 628 364 916 477 296 662 805 864 396 590 0 554 
989 229 124 835 608 363 15 785 567 283 122 213 553 554 0 
0 898 599 407 858 521 908 154 148 636 424 88 763 614 489 
898 0 792 213 618 235 856 306 730 101 251 821 751 273 222 
599 792 0 30 389 813 96 899 834 494 332 375 654 504 288 
407 213 30 0 654 527 652 57 636 501 258 881 339 544 578 
858 618 389 654 0 941 226 385 400 344 110 541 804 903 232 
521 235 813 527 941 0 42 626 307 698 465 876 828 811 535 
908 856 96 652 226 42 0 930 842 81 106 772 165 269 259 
154 306 899 57 385 626 930 0 633 594 693 872 286 53 132 
148 730 834 636 400 307 842 633 0 36 919 277 667 232 69 
636 101 494 501 344 698 81 594 36 0 858 566 650 774 229 
424 251 332 258 110 465 106 693 919 858 0 664 446 718 753 
88 821 375 881 541 876 772 872 277 566 664 0 890 676 956 
763 751 654 339 804 828 165 286 667 650 446 890 0 730 777 
614 273 504 544 903 811 269 53 232 774 718 676 730 0 804 
489 222 288 578 232 535 259 132 69 229 753 956 777 804 0 
0 103 402 594 143 480 93 847 853 365 577 913 238 387 512 
103 0 209 788 383 766 145 695 271 900 750 180 250 728 779 
402 209 0 971 612 188 905 102 167 507 669 626 347 497 713 
594 788 971 0 347 474 349 944 365 500 743 120 662 457 423 
143 383 612 347 0 60 775 616 601 657 891 460 197 98 769 
480 766 188 474 60 0 959 375 694 303 536 125 173 190 466 
93 145 905 349 775 959 0 71 159 920 895 229 836 732 742 
847 695 102 944 616 375 71 0 368 407 308 129 715 948 869 
853 271 167 365 601 694 159 368 0 965 82 724 334 769 932 
365 900 507 500 657 303 920 407 965 0 143 435 351 227 772 
577 750 669 743 891 536 895 308 82 143 0 337 555 283 248 
913 180 626 120 460 125 229 129 724 435 337 0 111 325 45 
238 250 347 662 197 173 836 715 334 351 555 111 0 271 224 
387 728 497 457 98 190 732 948 769 227 283 325 271 0 197 
512 779 713 423 769 466 742 869 932 772 248 45 224 197 0 
