15 4
0 804 349 316 58 173 524 871 526 86 230 876 883 529 989 
804 0 958 868 517 384 508 963 410 317 500 635 899 882 229 
349 958 0 252 805 900 735 828 699 221 179 715 576 25 124 
316 868 252 0 75 118 827 455 641 494 24 781 722 628 835 
58 517 805 75 0 600 714 60 126 268 56 156 278 364 608 
173 384 900 118 600 0 104 82 327 57 495 125 147 916 363 
524 508 735 827 714 104 0 367 814 492 810 765 952 477 15 
871 963 828 455 60 82 367 0 282 288 10 746 19 296 785 
526 410 699 641 126 327 814 282 0 912 700 229 32 662 567 
86 317 221 494 268 57 492 288 912 0 430 76 247 805 283 
230 500 179 24 56 495 810 10 700 430 0 954 96 864 122 
876 635 715 781 156 125 765 746 229 76 954 0 668 396 213 
883 899 576 722 278 147 952 19 32 247 96 668 0 590 553 
529 882 25 628 364 916 477 296 662 805 864 396 590 0 554 
989 229 124 835 608 363 15 785 567 283 122 213 553 554 0 
0 650 483 477 310 607 881 343 694 785 760 358 491 450 989 
650 0 656 384 841 113 638 527 757 175 131 612 658 214 154 
483 656 0 531 162 906 553 895 615 571 352 708 765 517 761 
477 384 531 0 536 320 41 824 134 456 626 360 957 873 679 
310 841 162 536 0 469 655 174 181 90 363 631 54 461 560 
607 113 906 320 469 0 58 681 591 580 118 916 767 841 536 
881 638 553 41 655 58 0 844 479 499 293 973 117 681 599 
343 527 895 824 174 681 844 0 615 563 136 286 945 802 476 
694 757 615 134 181 591 479 615 0 179 501 979 538 748 294 
785 175 571 456 90 580 499 563 179 0 659 449 878 57 204 
760 131 352 626 363 118 293 136 501 659 0 571 613 553 451 
358 612 708 360 631 916 973 286 979 449 571 0 492 24 300 
491 658 765 957 54 767 117 945 538 878 613 492 0 491 509 
450 214 517 873 461 841 681 802 748 57 553 24 491 0 130 
989 154 761 679 560 536 599 476 294 204 451 300 509 130 0 
0 614 550 393 358 526 825 491 729 835 749 452 580 224 855 
614 0 707 277 635 132 536 352 650 133 123 650 587 140 153 
550 707 0 387 131 821 368 922 567 562 334 630 771 504 688 
393 277 387 0 682 414 196 871 40 327 641 507 970 994 734 
358 635 131 682 0 483 626 288 50 294 375 569 56 255 610 
526 132 821 414 483 0 83 658 415 387 168 803 833 780 493 
825 536 368 196 626 83 0 770 433 410 335 994 32 886 689 
491 352 922 871 288 658 770 0 642 530 52 260 976 729 642 
729 650 567 40 50 415 433 642 0 169 497 847 579 800 258 
835 133 562 327 294 387 410 530 169 0 669 397 791 231 84 
749 123 334 641 375 168 335 52 497 669 0 630 511 658 392 
452 650 630 507 569 803 994 260 847 397 630 0 584 37 549 
580 587 771 970 56 833 32 976 579 791 511 584 0 460 547 
224 140 504 994 255 780 886 729 800 231 658 37 460 0 34 
855 153 688 734 610 493 689 642 258 84 392 549 547 34 0 
0 701 437 425 385 541 958 349 595 889 643 487 492 420 957 
701 0 648 489 792 38 723 468 911 186 102 770 417 191 61 
437 648 0 760 122 920 635 785 542 444 457 601 867 390 602 
425 489 760 0 540 341 129 612 289 297 556 316 770 871 613 
385 792 122 540 0 434 620 266 66 39 194 840 80 428 780 
541 38 920 341 434 0 168 621 502 576 149 951 797 954 458 
958 723 635 129 620 168 0 686 438 518 232 999 174 646 701 
349 468 785 612 266 621 686 0 478 630 219 71 789 729 525 
595 911 542 289 66 502 438 478 0 256 593 996 670 871 265 
889 186 444 297 39 576 518 630 256 0 285 350 745 21 159 
643 102 457 556 194 149 232 219 593 285 0 571 595 548 444 
487 770 601 316 840 951 999 71 996 350 571 0 452 8 296 
492 417 867 770 80 797 174 789 670 745 595 452 0 450 569 
420 191 390 871 428 954 646 729 871 21 548 8 450 0 228 
957 61 602 613 780 458 701 525 265 159 444 296 569 228 0 
0 774 715 718 359 552 739 173 803 788 822 334 490 521 815 
774 0 710 301 812 78 642 578 781 259 53 533 724 217 55 
715 710 0 496 227 920 674 976 654 603 394 790 802 615 655 
718 301 496 0 610 376 104 791 149 416 769 367 934 862 513 
359 812 227 610 0 596 578 266 183 117 426 498 147 402 626 
552 78 920 376 596 0 149 761 467 653 117 854 667 826 477 
739 642 674 104 578 149 0 721 558 705 404 940 151 554 687 
173 578 976 791 266 761 721 0 621 676 160 565 802 834 524 
803 781 654 149 183 467 558 621 0 248 515 984 621 753 260 
788 259 603 416 117 653 705 676 248 0 590 495 772 5 311 
822 53 394 769 426 117 404 160 515 590 0 436 496 479 314 
334 533 790 367 498 854 940 565 984 495 436 0 471 97 430 
490 724 802 934 147 667 151 802 621 772 496 471 0 322 503 
521 217 615 862 402 826 554 834 753 5 479 97 322 0 90 
815 55 655 513 626 477 687 524 260 311 314 430 503 90 0 
