10 2
0 166 345 551 958 93 183 557 623 581 
166 0 397 933 809 709 408 200 204 698 
345 397 0 256 703 322 572 856 70 599 
551 933 256 0 151 944 619 51 938 656 
958 809 703 151 0 368 896 785 592 878 
93 709 322 944 368 0 14 818 852 998 
183 408 572 619 896 14 0 164 434 102 
557 200 856 51 785 818 164 0 147 715 
623 204 70 938 592 852 434 147 0 215 
581 698 599 656 878 998 102 715 215 0 
0 342 685 280 515 136 731 868 863 566 
342 0 190 80 892 74 262 77 924 312 
685 190 0 195 31 118 976 345 575 138 
280 80 195 0 147 341 536 342 848 580 
515 892 31 147 0 163 207 406 40 818 
136 74 118 341 163 0 147 384 811 198 
731 262 976 536 207 147 0 692 479 763 
868 77 345 342 406 384 692 0 380 545 
863 924 575 848 40 811 479 380 0 222 
566 312 138 580 818 198 763 545 222 0 
0 527 227 937 687 329 879 281 461 499 
527 0 264 302 756 357 418 52 580 496 
227 264 0 167 430 317 889 365 548 105 
937 302 167 0 376 279 555 391 881 879 
687 756 430 376 0 4 949 230 175 950 
329 357 317 279 4 0 650 231 373 288 
879 418 889 555 949 650 0 512 591 195 
281 52 365 391 230 231 512 0 604 644 
461 580 548 881 175 373 591 604 0 533 
499 496 105 879 950 288 195 644 533 0 
