30 3
0 822 902 999 754 569 790 323 197 326 706 456 668 249 214 79 623 689 60 661 914 582 430 856 241 434 307 866 498 617 
822 0 345 685 815 468 747 535 972 705 388 607 702 359 397 964 179 197 237 348 703 16 972 439 187 895 705 355 792 258 
902 345 0 86 408 515 698 906 706 434 713 322 447 80 356 308 729 472 791 515 864 191 971 957 261 792 375 899 20 349 
999 685 86 0 325 315 543 143 558 265 624 764 805 399 731 222 710 709 927 507 789 245 647 803 124 890 711 786 886 126 
754 815 408 325 0 810 386 992 934 707 22 379 934 825 403 783 796 73 799 536 839 952 446 953 487 520 558 556 613 213 
569 468 515 315 810 0 254 138 292 147 816 926 399 190 775 749 952 491 71 961 726 683 881 170 606 528 136 8 373 636 
790 747 698 543 386 254 0 911 948 495 61 14 84 432 189 500 483 717 957 443 245 442 803 301 466 363 957 887 221 460 
323 535 906 143 992 138 911 0 981 169 85 169 743 896 502 84 970 762 55 856 510 967 200 184 647 451 316 410 771 760 
197 972 706 558 934 292 948 981 0 886 614 749 712 417 302 152 26 389 860 780 296 360 85 24 242 760 707 518 104 574 
326 705 434 265 707 147 495 169 886 0 706 631 584 994 990 229 769 245 303 773 402 618 897 480 740 168 626 528 90 723 
706 388 713 624 22 816 61 85 614 706 0 572 193 331 440 990 447 976 988 770 677 21 910 283 84 256 386 71 735 812 
456 607 322 764 379 926 14 169 749 631 572 0 512 849 747 403 751 956 611 175 173 733 828 763 559 964 8 127 369 390 
668 702 447 805 934 399 84 743 712 584 193 512 0 458 14 818 49 441 379 938 567 445 247 666 687 886 658 74 833 904 
249 359 80 399 825 190 432 896 417 994 331 849 458 0 69 604 116 101 132 318 581 757 901 643 943 284 998 24 494 452 
214 397 356 731 403 775 189 502 302 990 440 747 14 69 0 977 303 899 364 306 314 527 279 862 269 135 472 857 376 399 
79 964 308 222 783 749 500 84 152 229 990 403 818 604 977 0 366 431 595 755 526 240 963 569 690 900 273 147 45 937 
623 179 729 710 796 952 483 970 26 769 447 751 49 116 303 366 0 880 87 109 904 280 262 930 757 827 580 545 134 762 
689 197 472 709 73 491 717 762 389 245 976 956 441 101 899 431 880 0 102 7 672 449 248 680 413 363 34 831 165 788 
60 237 791 927 799 71 957 55 860 303 988 611 379 132 364 595 87 102 0 469 42 860 180 395 340 594 136 93 462 399 
661 348 515 507 536 961 443 856 780 773 770 175 938 318 306 755 109 7 469 0 833 241 639 494 488 404 690 393 214 800 
914 703 864 789 839 726 245 510 296 402 677 173 567 581 314 526 904 672 42 833 0 498 54 895 731 676 405 114 312 177 
582 16 191 245 952 683 442 967 360 618 21 733 445 757 527 240 280 449 860 241 498 0 438 525 37 410 315 82 909 197 
430 972 971 647 446 881 803 200 85 897 910 828 247 901 279 963 262 248 180 639 54 438 0 943 937 237 903 841 598 327 
856 439 957 803 953 170 301 184 24 480 283 763 666 643 862 569 930 680 395 494 895 525 943 0 328 358 999 192 404 216 
241 187 261 124 487 606 466 647 242 740 84 559 687 943 269 690 757 413 340 488 731 37 937 328 0 519 975 336 146 173 
434 895 792 890 520 528 363 451 760 168 256 964 886 284 135 900 827 363 594 404 676 410 237 358 519 0 698 474 61 351 
307 705 375 711 558 136 957 316 707 626 386 8 658 998 472 273 580 34 136 690 405 315 903 999 975 698 0 421 287 241 
866 355 899 786 556 8 887 410 518 528 71 127 74 24 857 147 545 831 93 393 114 82 841 192 336 474 421 0 723 1 
498 792 20 886 613 373 221 771 104 90 735 369 833 494 376 45 134 165 462 214 312 909 598 404 146 61 287 723 0 849 
617 258 349 126 213 636 460 760 574 723 812 390 904 452 399 937 762 788 399 800 177 197 327 216 173 351 241 1 849 0 
0 137 496 625 452 995 966 185 593 759 367 715 122 702 883 461 964 391 557 364 367 912 482 769 51 419 960 487 880 325 
137 0 867 507 148 813 809 824 536 689 515 470 813 742 424 858 819 450 887 516 849 32 673 700 198 338 528 765 327 50 
496 867 0 954 121 975 512 337 860 562 947 625 699 118 390 689 164 729 165 110 949 189 434 12 464 754 721 678 183 159 
625 507 954 0 748 434 945 331 585 348 900 104 283 581 208 477 384 439 752 787 549 11 851 651 495 359 358 227 35 885 
452 148 121 748 0 221 538 538 835 485 695 42 270 894 814 733 992 267 246 432 967 344 239 525 848 573 88 434 45 333 
995 813 975 434 221 0 549 594 928 520 281 787 351 280 682 912 817 129 497 47 414 328 952 784 16 498 515 533 259 611 
966 809 512 945 538 549 0 68 586 248 303 189 787 685 243 576 340 835 527 783 244 884 544 464 240 996 893 71 512 339 
185 824 337 331 538 594 68 0 69 807 502 594 633 941 411 290 944 20 643 664 435 881 487 132 468 258 562 556 813 174 
593 536 860 585 835 928 586 69 0 632 707 430 293 762 763 916 900 908 574 784 527 294 940 304 329 170 74 38 28 936 
759 689 562 348 485 520 248 807 632 0 933 491 293 537 619 901 684 13 26 226 817 409 780 988 666 600 7 307 674 820 
367 515 947 900 695 281 303 502 707 933 0 524 695 459 311 525 255 347 800 228 10 154 56 530 523 154 119 413 208 364 
715 470 625 104 42 787 189 594 430 491 524 0 82 738 179 323 452 934 849 1 843 513 454 146 464 424 460 375 469 570 
122 813 699 283 270 351 787 633 293 293 695 82 0 337 185 462 243 941 243 495 293 95 821 764 683 330 984 886 836 848 
702 742 118 581 894 280 685 941 762 537 459 738 337 0 667 10 529 523 101 427 850 629 296 510 424 589 886 600 318 879 
883 424 390 208 814 682 243 411 763 619 311 179 185 667 0 295 982 378 385 128 378 835 377 440 580 187 216 272 799 298 
461 858 689 477 733 912 576 290 916 901 525 323 462 10 295 0 524 312 32 727 16 285 711 733 745 356 924 478 904 442 
964 819 164 384 992 817 340 944 900 684 255 452 243 529 982 524 0 407 622 855 558 117 246 735 936 229 358 100 769 512 
391 450 729 439 267 129 835 20 908 13 347 934 941 523 378 312 407 0 193 856 585 691 155 306 853 167 292 162 463 912 
557 887 165 752 246 497 527 643 574 26 800 849 243 101 385 32 622 193 0 32 844 82 445 155 676 471 592 279 653 110 
364 516 110 787 432 47 783 664 784 226 228 1 495 427 128 727 855 856 32 0 246 23 61 617 131 11 672 753 822 839 
367 849 949 549 967 414 244 435 527 817 10 843 293 850 378 16 558 585 844 246 0 209 344 685 902 126 5 739 664 750 
912 32 189 11 344 328 884 881 294 409 154 513 95 629 835 285 117 691 82 23 209 0 926 698 18 463 885 752 25 714 
482 673 434 851 239 952 544 487 940 780 56 454 821 296 377 711 246 155 445 61 344 926 0 569 63 359 547 532 317 750 
769 700 12 651 525 784 464 132 304 988 530 146 764 510 440 733 735 306 155 617 685 698 569 0 923 705 200 975 545 119 
51 198 464 495 848 16 240 468 329 666 523 464 683 424 580 745 936 853 676 131 902 18 63 923 0 541 863 454 601 83 
419 338 754 359 573 498 996 258 170 600 154 424 330 589 187 356 229 167 471 11 126 463 359 705 541 0 235 532 329 799 
960 528 721 358 88 515 893 562 74 7 119 460 984 886 216 924 358 292 592 672 5 885 547 200 863 235 0 513 942 769 
487 765 678 227 434 533 71 556 38 307 413 375 886 600 272 478 100 162 279 753 739 752 532 975 454 532 513 0 61 987 
880 327 183 35 45 259 512 813 28 674 208 469 836 318 799 904 769 463 653 822 664 25 317 545 601 329 942 61 0 614 
325 50 159 885 333 611 339 174 936 820 364 570 848 879 298 442 512 912 110 839 750 714 750 119 83 799 769 987 614 0 
0 666 648 401 91 624 376 908 144 556 644 388 781 241 409 672 373 264 414 886 144 453 773 199 931 360 3 986 5 440 
666 0 286 291 932 415 234 895 458 92 30 813 251 901 494 210 371 10 103 611 616 230 606 195 609 28 365 391 486 874 
648 286 0 217 715 276 92 119 387 403 88 728 245 742 984 679 487 81 336 573 206 486 269 698 859 757 203 98 585 748 
401 291 217 0 391 382 579 472 820 557 314 921 52 857 875 323 299 672 55 37 184 343 466 103 493 925 665 269 143 131 
91 932 715 391 0 662 908 354 360 605 755 598 662 377 431 711 183 520 615 517 390 746 568 198 325 380 981 359 806 716 
624 415 276 382 662 0 513 374 199 678 104 336 137 784 396 36 183 527 662 887 242 705 502 271 241 668 434 342 869 381 
376 234 92 579 908 513 0 967 360 235 542 836 139 268 816 364 965 565 898 16 293 278 480 545 751 6 549 819 756 803 
908 895 119 472 354 374 967 0 804 289 575 334 745 739 547 779 386 987 908 21 642 290 849 968 459 772 595 281 214 846 
144 458 387 820 360 199 360 804 0 257 77 191 358 46 37 314 453 158 192 881 209 860 20 882 653 522 569 631 758 307 
556 92 403 557 605 678 235 289 257 0 310 283 919 569 776 589 327 994 841 852 363 480 176 299 195 495 945 704 329 425 
644 30 88 314 755 104 542 575 77 310 0 230 316 995 609 397 689 686 152 973 789 180 793 252 597 504 853 531 569 784 
388 813 728 921 598 336 836 334 191 283 230 0 369 421 681 576 236 246 6 793 281 461 624 330 902 432 211 986 453 481 
781 251 245 52 662 137 139 745 358 919 316 369 0 612 690 617 587 242 33 313 738 892 700 742 455 743 437 658 44 296 
241 901 742 857 377 784 268 739 46 569 995 421 612 0 418 711 105 692 546 345 270 262 292 213 370 936 613 81 661 377 
409 494 984 875 431 396 816 547 37 776 609 681 690 418 0 462 241 655 977 893 395 335 674 551 682 862 851 604 99 185 
672 210 679 323 711 36 364 779 314 589 397 576 617 711 462 0 564 491 900 485 986 689 361 174 189 715 361 583 458 308 
373 371 487 299 183 183 965 386 453 327 689 236 587 105 241 564 0 549 481 745 239 918 302 203 141 850 285 753 4 161 
264 10 81 672 520 527 565 987 158 994 686 246 242 692 655 491 549 0 610 401 122 806 521 360 273 453 437 360 471 439 
414 103 336 55 615 662 898 908 192 841 152 6 33 546 977 900 481 610 0 787 244 905 472 595 189 434 839 876 142 403 
886 611 573 37 517 887 16 21 881 852 973 793 313 345 893 485 745 401 787 0 458 770 893 251 962 726 987 426 867 218 
144 616 206 184 390 242 293 642 209 363 789 281 738 270 395 986 239 122 244 458 0 564 906 700 187 886 522 851 587 253 
453 230 486 343 746 705 278 290 860 480 180 461 892 262 335 689 918 806 905 770 564 0 453 200 841 519 228 149 976 280 
773 606 269 466 568 502 480 849 20 176 793 624 700 292 674 361 302 521 472 893 906 453 0 466 976 464 564 27 392 85 
199 195 698 103 198 271 545 968 882 299 252 330 742 213 551 174 203 360 595 251 700 200 466 0 397 456 234 2 75 483 
931 609 859 493 325 241 751 459 653 195 597 902 455 370 682 189 141 273 189 962 187 841 976 397 0 2 121 253 249 772 
360 28 757 925 380 668 6 772 522 495 504 432 743 936 862 715 850 453 434 726 886 519 464 456 2 0 588 203 791 122 
3 365 203 665 981 434 549 595 569 945 853 211 437 613 851 361 285 437 839 987 522 228 564 234 121 588 0 79 400 15 
986 391 98 269 359 342 819 281 631 704 531 986 658 81 604 583 753 360 876 426 851 149 27 2 253 203 79 0 816 543 
5 486 585 143 806 869 756 214 758 329 569 453 44 661 99 458 4 471 142 867 587 976 392 75 249 791 400 816 0 564 
440 874 748 131 716 381 803 846 307 425 784 481 296 377 185 308 161 439 403 218 253 280 85 483 772 122 15 543 564 0 
0 726 414 544 978 376 189 704 611 174 752 514 492 163 317 354 25 253 571 540 454 118 437 598 780 716 80 359 918 620 
726 0 5 939 696 164 597 579 570 756 318 726 545 275 259 474 660 304 360 456 295 885 177 530 974 868 551 615 525 668 
414 5 0 192 601 207 383 784 23 888 168 238 49 491 969 26 704 60 392 615 124 881 212 430 429 402 233 804 936 876 
544 939 192 0 24 247 575 767 896 119 297 782 481 477 931 896 640 693 557 615 338 995 276 90 580 269 518 899 489 137 
978 696 601 24 0 676 452 521 451 401 215 927 849 718 434 217 304 956 835 692 161 636 496 665 489 417 626 19 557 793 
376 164 207 247 676 0 661 609 7 321 651 57 917 182 829 522 107 830 515 976 90 574 220 687 480 753 216 885 951 578 
189 597 383 575 452 661 0 940 474 94 629 925 246 884 194 6 369 588 960 153 706 508 276 684 842 116 123 860 626 207 
704 579 784 767 521 609 940 0 921 127 269 765 390 8 791 136 103 566 431 332 846 233 734 594 312 562 695 641 170 842 
611 570 23 896 451 7 474 921 0 426 292 3 668 9 215 21 889 145 490 202 579 980 84 894 214 534 956 560 640 237 
174 756 888 119 401 321 94 127 426 0 151 51 433 278 444 94 666 829 552 847 556 979 268 208 504 173 979 410 387 549 
752 318 168 297 215 651 629 269 292 151 0 586 211 235 464 766 316 511 645 220 530 793 923 764 542 834 882 907 863 771 
514 726 238 782 927 57 925 765 3 51 586 0 713 445 791 290 538 278 130 830 468 882 730 819 551 288 312 741 956 157 
492 545 49 481 849 917 246 390 668 433 211 713 0 903 518 843 775 19 941 980 598 328 26 28 520 815 285 122 379 84 
163 275 491 477 718 182 884 8 9 278 235 445 903 0 63 728 437 740 672 677 128 346 637 561 577 264 80 792 535 376 
317 259 969 931 434 829 194 791 215 444 464 791 518 63 0 303 653 714 842 647 735 309 845 754 493 634 747 691 15 988 
354 474 26 896 217 522 6 136 21 94 766 290 843 728 303 0 288 992 727 508 920 390 324 128 180 410 170 846 876 507 
25 660 704 640 304 107 369 103 889 666 316 538 775 437 653 288 0 872 143 368 23 765 834 63 274 506 810 522 50 605 
253 304 60 693 956 830 588 566 145 829 511 278 19 740 714 992 872 0 550 488 370 649 653 926 320 943 955 875 887 259 
571 360 392 557 835 515 960 431 490 552 645 130 941 672 842 727 143 550 0 674 141 932 407 862 806 446 363 372 926 993 
540 456 615 615 692 976 153 332 202 847 220 830 980 677 647 508 368 488 674 0 687 968 697 545 802 781 374 794 337 46 
454 295 124 338 161 90 706 846 579 556 530 468 598 128 735 920 23 370 141 687 0 987 997 187 533 712 973 536 489 503 
118 885 881 995 636 574 508 233 980 979 793 882 328 346 309 390 765 649 932 968 987 0 370 67 640 749 115 680 984 227 
437 177 212 276 496 220 276 734 84 268 923 730 26 637 845 324 834 653 407 697 997 370 0 246 942 575 634 196 824 244 
598 530 430 90 665 687 684 594 894 208 764 819 28 561 754 128 63 926 862 545 187 67 246 0 95 206 666 293 963 992 
780 974 429 580 489 480 842 312 214 504 542 551 520 577 493 180 274 320 806 802 533 640 942 95 0 339 533 131 491 420 
716 868 402 269 417 753 116 562 534 173 834 288 815 264 634 410 506 943 446 781 712 749 575 206 339 0 595 255 603 763 
80 551 233 518 626 216 123 695 956 979 882 312 285 80 747 170 810 955 363 374 973 115 634 666 533 595 0 757 527 189 
359 615 804 899 19 885 860 641 560 410 907 741 122 792 691 846 522 875 372 794 536 680 196 293 131 255 757 0 466 611 
918 525 936 489 557 951 626 170 640 387 863 956 379 535 15 876 50 887 926 337 489 984 824 963 491 603 527 466 0 512 
620 668 876 137 793 578 207 842 237 549 771 157 84 376 988 507 605 259 993 46 503 227 244 992 420 763 189 611 512 0 
