60 4
0 75 814 247 295 328 813 605 698 49 232 785 193 86 169 856 986 135 588 869 164 29 52 548 80 367 990 383 247 833 895 883 367 216 346 659 409 244 973 109 586 95 657 541 77 332 572 423 1 202 245 385 470 736 451 611 548 631 32 971 
75 0 282 96 207 213 622 385 266 872 408 895 234 193 612 811 226 707 607 389 454 155 70 77 136 629 316 420 896 354 27 59 597 230 849 342 541 917 555 830 429 915 482 696 908 291 971 904 692 870 915 977 469 174 409 996 415 640 781 349 
814 282 0 668 898 810 527 5 81 866 774 509 482 412 753 659 470 834 325 257 622 979 31 914 165 814 274 70 85 372 854 782 323 78 724 262 642 653 864 938 108 452 452 157 111 168 163 785 759 546 974 299 426 908 131 557 119 139 307 343 
247 96 668 0 189 30 18 626 428 277 60 60 498 577 261 39 125 221 813 251 20 585 40 804 509 692 407 713 126 190 313 769 981 804 66 780 940 861 232 879 422 719 268 201 514 186 377 418 352 975 952 857 808 827 235 209 359 993 414 238 
295 207 898 189 0 789 941 93 594 364 718 408 442 82 40 478 42 648 345 869 210 147 523 676 935 660 795 655 279 129 734 507 115 432 8 179 63 99 483 497 927 438 696 181 570 232 517 770 925 102 920 976 151 972 721 551 12 828 865 307 
328 213 810 30 789 0 281 930 995 566 472 321 520 930 668 380 51 409 332 723 7 244 152 128 676 723 911 891 723 138 324 910 266 927 234 545 459 545 516 41 710 753 380 420 815 629 750 259 390 842 583 129 107 770 396 523 169 497 701 519 
813 622 527 18 941 281 0 30 36 907 676 35 102 756 11 626 55 889 906 864 602 58 962 577 301 240 20 464 471 191 700 900 767 333 851 176 79 920 117 712 656 203 371 958 89 934 824 440 113 351 821 503 772 974 930 813 467 313 224 960 
605 385 5 626 93 930 30 0 211 664 882 166 701 223 497 589 102 895 478 165 924 285 818 376 47 279 452 340 878 639 792 610 959 416 440 312 197 440 434 364 5 980 796 641 226 288 469 715 122 151 109 352 722 288 584 499 556 389 200 664 
698 266 81 428 594 995 36 211 0 458 730 429 51 701 164 122 718 641 318 827 31 896 551 120 531 837 947 969 784 525 355 357 445 865 396 376 101 848 60 710 470 574 36 92 817 628 367 308 266 387 561 204 145 489 929 545 332 630 239 972 
49 872 866 277 364 566 907 664 458 0 718 734 239 214 134 152 594 930 652 333 771 515 258 404 982 43 503 113 588 161 979 981 842 524 755 996 919 407 436 529 67 161 722 133 852 981 975 349 474 577 859 335 370 382 911 774 561 807 28 980 
232 408 774 60 718 472 676 882 730 718 0 166 690 440 40 360 483 174 299 132 4 279 919 295 749 612 219 797 432 829 383 398 928 332 637 424 133 640 755 454 756 727 974 661 600 426 685 937 989 369 440 237 976 820 624 365 129 983 729 780 
785 895 509 60 408 321 35 166 429 734 166 0 328 135 677 953 221 500 307 579 517 302 934 93 421 847 158 566 768 295 125 492 853 57 522 574 161 417 615 385 124 512 430 739 954 149 746 434 889 624 188 487 651 336 115 898 781 196 274 216 
193 234 482 498 442 520 102 701 51 239 690 328 0 232 625 431 815 446 623 732 752 332 343 700 145 292 731 817 457 446 812 552 455 843 512 579 552 666 890 536 364 351 117 248 188 186 391 354 26 511 239 468 824 438 582 921 851 853 35 996 
86 193 412 577 82 930 756 223 701 214 440 135 232 0 594 787 53 710 897 315 290 540 698 377 684 371 807 18 799 923 95 432 156 27 657 60 492 815 724 370 840 258 996 638 988 503 799 453 213 646 414 441 203 631 543 55 895 560 595 779 
169 612 753 261 40 668 11 497 164 134 40 677 625 594 0 195 485 752 933 497 980 153 880 871 387 974 79 403 893 421 162 944 710 234 921 691 113 937 832 42 668 923 362 35 891 118 270 139 384 383 71 42 972 266 821 331 526 444 251 666 
856 811 659 39 478 380 626 589 122 152 360 953 431 787 195 0 360 491 553 413 536 688 926 191 367 611 850 86 919 534 639 624 269 30 126 249 724 576 537 310 352 231 896 536 432 92 913 578 228 907 213 869 984 346 627 36 128 723 543 364 
986 226 470 125 42 51 55 102 718 594 483 221 815 53 485 360 0 756 64 249 185 98 100 470 575 635 134 592 937 461 434 890 135 41 242 121 832 587 596 431 746 896 701 147 393 744 983 796 821 394 463 17 747 811 298 850 388 591 68 143 
135 707 834 221 648 409 889 895 641 930 174 500 446 710 752 491 756 0 985 216 829 522 926 466 760 263 770 556 914 310 147 847 726 776 792 566 454 596 183 871 9 269 747 958 339 649 616 495 854 67 660 133 898 266 740 928 115 263 730 567 
588 607 325 813 345 332 906 478 318 652 299 307 623 897 933 553 64 985 0 780 736 80 222 457 41 657 79 947 503 131 615 357 354 771 774 146 547 955 182 634 571 240 189 723 456 226 628 210 415 738 174 83 470 464 151 508 898 813 828 787 
869 389 257 251 869 723 864 165 827 333 132 579 732 315 497 413 249 216 780 0 78 642 694 484 581 749 243 506 737 577 892 811 665 51 214 386 741 437 664 928 930 881 237 290 488 119 139 163 692 274 456 848 891 681 132 409 356 617 896 356 
164 454 622 20 210 7 602 924 31 771 4 517 752 290 980 536 185 829 736 78 0 598 458 297 290 208 497 29 763 73 544 979 730 769 793 162 389 733 255 254 659 883 855 983 199 449 593 728 616 612 220 905 148 281 822 792 7 839 168 4 
29 155 979 585 147 244 58 285 896 515 279 302 332 540 153 688 98 522 80 642 598 0 19 434 122 252 305 737 416 12 510 945 434 323 181 778 88 920 808 661 147 117 413 75 129 97 415 1 236 630 133 166 838 658 486 747 77 450 309 722 
52 70 31 40 523 152 962 818 551 258 919 934 343 698 880 926 100 926 222 694 458 19 0 199 267 824 280 338 219 994 131 477 773 899 388 227 471 467 165 144 437 480 614 290 95 217 176 82 726 937 890 325 510 241 332 220 522 467 428 808 
548 77 914 804 676 128 577 376 120 404 295 93 700 377 871 191 470 466 457 484 297 434 199 0 398 825 511 17 400 358 656 539 695 746 40 8 365 320 11 919 427 702 610 642 415 815 158 112 642 573 936 876 676 844 443 529 181 910 677 795 
80 136 165 509 935 676 301 47 531 982 749 421 145 684 387 367 575 760 41 581 290 122 267 398 0 749 828 889 294 153 825 217 428 408 964 352 556 478 479 104 431 916 108 82 680 215 169 819 726 386 998 812 522 966 93 486 495 455 410 738 
367 629 814 692 660 723 240 279 837 43 612 847 292 371 974 611 635 263 657 749 208 252 824 825 749 0 415 955 298 212 901 944 288 674 127 92 540 74 465 273 814 147 786 553 220 825 245 130 205 293 71 271 858 58 228 270 681 872 996 839 
990 316 274 407 795 911 20 452 947 503 219 158 731 807 79 850 134 770 79 243 497 305 280 511 828 415 0 790 512 543 215 661 519 791 587 630 132 784 923 697 990 576 430 406 104 354 681 43 431 975 343 991 67 997 933 872 790 46 38 542 
383 420 70 713 655 891 464 340 969 113 797 566 817 18 403 86 592 556 947 506 29 737 338 17 889 955 790 0 924 641 573 348 325 432 689 989 766 414 755 847 823 464 378 368 5 969 129 123 863 253 487 200 230 553 659 910 214 930 958 361 
247 896 85 126 279 723 471 878 784 588 432 768 457 799 893 919 937 914 503 737 763 416 219 400 294 298 512 924 0 559 983 566 789 292 558 414 693 556 340 158 964 100 855 193 655 856 446 134 489 44 491 143 982 621 893 535 408 143 33 283 
833 354 372 190 129 138 191 639 525 161 829 295 446 923 421 534 461 310 131 577 73 12 994 358 153 212 543 641 559 0 872 856 672 921 345 500 819 841 896 322 581 225 599 678 496 583 392 411 507 337 338 578 719 770 390 350 932 62 537 978 
895 27 854 313 734 324 700 792 355 979 383 125 812 95 162 639 434 147 615 892 544 510 131 656 825 901 215 573 983 872 0 934 304 29 647 102 531 341 797 504 815 45 873 450 626 52 898 497 759 599 5 103 969 833 843 91 207 390 342 872 
883 59 782 769 507 910 900 610 357 981 398 492 552 432 944 624 890 847 357 811 979 945 477 539 217 944 661 348 566 856 934 0 61 317 90 955 38 432 30 510 272 528 727 775 300 11 269 805 840 223 743 895 774 611 40 566 281 74 553 250 
367 597 323 981 115 266 767 959 445 842 928 853 455 156 710 269 135 726 354 665 730 434 773 695 428 288 519 325 789 672 304 61 0 342 838 411 289 437 940 680 992 682 36 635 583 886 636 187 830 417 543 107 537 962 929 87 217 234 111 377 
216 230 78 804 432 927 333 416 865 524 332 57 843 27 234 30 41 776 771 51 769 323 899 746 408 674 791 432 292 921 29 317 342 0 167 295 286 622 239 39 316 998 259 685 952 592 381 953 354 683 536 608 948 472 353 867 121 277 896 18 
346 849 724 66 8 234 851 440 396 755 637 522 512 657 921 126 242 792 774 214 793 181 388 40 964 127 587 689 558 345 647 90 838 167 0 446 637 498 585 859 651 120 21 370 844 719 940 814 702 553 789 662 871 416 756 641 113 853 803 384 
659 342 262 780 179 545 176 312 376 996 424 574 579 60 691 249 121 566 146 386 162 778 227 8 352 92 630 989 414 500 102 955 411 295 446 0 537 893 221 703 763 947 899 884 266 952 70 514 524 874 695 737 833 761 402 763 28 773 425 860 
409 541 642 940 63 459 79 197 101 919 133 161 552 492 113 724 832 454 547 741 389 88 471 365 556 540 132 766 693 819 531 38 289 286 637 537 0 190 660 74 766 56 902 929 67 208 890 301 818 62 639 512 915 509 480 496 432 80 757 900 
244 917 653 861 99 545 920 440 848 407 640 417 666 815 937 576 587 596 955 437 733 920 467 320 478 74 784 414 556 841 341 432 437 622 498 893 190 0 495 365 563 273 839 74 682 897 544 191 992 983 1000 296 389 844 360 766 258 189 533 654 
973 555 864 232 483 516 117 434 60 436 755 615 890 724 832 537 596 183 182 664 255 808 165 11 479 465 923 755 340 896 797 30 940 239 585 221 660 495 0 801 691 18 651 409 986 712 428 805 928 227 453 454 539 608 661 907 323 381 372 506 
109 830 938 879 497 41 712 364 710 529 454 385 536 370 42 310 431 871 634 928 254 661 144 919 104 273 697 847 158 322 504 510 680 39 859 703 74 365 801 0 579 855 91 898 162 846 577 519 561 434 672 23 101 346 862 271 5 951 790 134 
586 429 108 422 927 710 656 5 470 67 756 124 364 840 668 352 746 9 571 930 659 147 437 427 431 814 990 823 964 581 815 272 992 316 651 763 766 563 691 579 0 27 974 404 878 500 946 855 335 908 880 760 563 703 325 960 142 385 175 42 
95 915 452 719 438 753 203 980 574 161 727 512 351 258 923 231 896 269 240 881 883 117 480 702 916 147 576 464 100 225 45 528 682 998 120 947 56 273 18 855 27 0 881 58 932 756 523 698 497 557 349 236 44 406 518 209 376 57 685 531 
657 482 452 268 696 380 371 796 36 722 974 430 117 996 362 896 701 747 189 237 855 413 614 610 108 786 430 378 855 599 873 727 36 259 21 899 902 839 651 91 974 881 0 399 593 610 171 986 1000 83 582 818 950 800 152 194 7 45 41 523 
541 696 157 201 181 420 958 641 92 133 661 739 248 638 35 536 147 958 723 290 983 75 290 642 82 553 406 368 193 678 450 775 635 685 370 884 929 74 409 898 404 58 399 0 620 856 803 198 617 279 64 767 612 770 787 637 990 275 470 484 
77 908 111 514 570 815 89 226 817 852 600 954 188 988 891 432 393 339 456 488 199 129 95 415 680 220 104 5 655 496 626 300 583 952 844 266 67 682 986 162 878 932 593 620 0 338 698 920 39 78 660 760 125 652 23 342 628 243 650 931 
332 291 168 186 232 629 934 288 628 981 426 149 186 503 118 92 744 649 226 119 449 97 217 815 215 825 354 969 856 583 52 11 886 592 719 952 208 897 712 846 500 756 610 856 338 0 874 867 186 301 720 142 935 496 654 422 800 403 559 385 
572 971 163 377 517 750 824 469 367 975 685 746 391 799 270 913 983 616 628 139 593 415 176 158 169 245 681 129 446 392 898 269 636 381 940 70 890 544 428 577 946 523 171 803 698 874 0 881 647 879 624 301 913 334 644 171 731 785 853 872 
423 904 785 418 770 259 440 715 308 349 937 434 354 453 139 578 796 495 210 163 728 1 82 112 819 130 43 123 134 411 497 805 187 953 814 514 301 191 805 519 855 698 986 198 920 867 881 0 830 361 309 922 801 129 462 637 961 334 167 260 
1 692 759 352 925 390 113 122 266 474 989 889 26 213 384 228 821 854 415 692 616 236 726 642 726 205 431 863 489 507 759 840 830 354 702 524 818 992 928 561 335 497 1000 617 39 186 647 830 0 244 965 271 253 166 207 143 418 860 811 512 
202 870 546 975 102 842 351 151 387 577 369 624 511 646 383 907 394 67 738 274 612 630 937 573 386 293 975 253 44 337 599 223 417 683 553 874 62 983 227 434 908 557 83 279 78 301 879 361 244 0 90 365 89 144 691 411 2 517 529 40 
245 915 974 952 920 583 821 109 561 859 440 188 239 414 71 213 463 660 174 456 220 133 890 936 998 71 343 487 491 338 5 743 543 536 789 695 639 1000 453 672 880 349 582 64 660 720 624 309 965 90 0 785 961 686 292 739 526 41 188 120 
385 977 299 857 976 129 503 352 204 335 237 487 468 441 42 869 17 133 83 848 905 166 325 876 812 271 991 200 143 578 103 895 107 608 662 737 512 296 454 23 760 236 818 767 760 142 301 922 271 365 785 0 953 98 604 431 942 589 911 73 
470 469 426 808 151 107 772 722 145 370 976 651 824 203 972 984 747 898 470 891 148 838 510 676 522 858 67 230 982 719 969 774 537 948 871 833 915 389 539 101 563 44 950 612 125 935 913 801 253 89 961 953 0 363 11 583 20 792 326 965 
736 174 908 827 972 770 974 288 489 382 820 336 438 631 266 346 811 266 464 681 281 658 241 844 966 58 997 553 621 770 833 611 962 472 416 761 509 844 608 346 703 406 800 770 652 496 334 129 166 144 686 98 363 0 761 742 370 252 564 774 
451 409 131 235 721 396 930 584 929 911 624 115 582 543 821 627 298 740 151 132 822 486 332 443 93 228 933 659 893 390 843 40 929 353 756 402 480 360 661 862 325 518 152 787 23 654 644 462 207 691 292 604 11 761 0 380 439 190 781 638 
611 996 557 209 551 523 813 499 545 774 365 898 921 55 331 36 850 928 508 409 792 747 220 529 486 270 872 910 535 350 91 566 87 867 641 763 496 766 907 271 960 209 194 637 342 422 171 637 143 411 739 431 583 742 380 0 367 694 271 47 
548 415 119 359 12 169 467 556 332 561 129 781 851 895 526 128 388 115 898 356 7 77 522 181 495 681 790 214 408 932 207 281 217 121 113 28 432 258 323 5 142 376 7 990 628 800 731 961 418 2 526 942 20 370 439 367 0 377 615 640 
631 640 139 993 828 497 313 389 630 807 983 196 853 560 444 723 591 263 813 617 839 450 467 910 455 872 46 930 143 62 390 74 234 277 853 773 80 189 381 951 385 57 45 275 243 403 785 334 860 517 41 589 792 252 190 694 377 0 333 256 
32 781 307 414 865 701 224 200 239 28 729 274 35 595 251 543 68 730 828 896 168 309 428 677 410 996 38 958 33 537 342 553 111 896 803 425 757 533 372 790 175 685 41 470 650 559 853 167 811 529 188 911 326 564 781 271 615 333 0 911 
971 349 343 238 307 519 960 664 972 980 780 216 996 779 666 364 143 567 787 356 4 722 808 795 738 839 542 361 283 978 872 250 377 18 384 860 900 654 506 134 42 531 523 484 931 385 872 260 512 40 120 73 965 774 638 47 640 256 911 0 
0 538 91 892 439 638 300 280 995 344 996 147 489 917 596 723 482 657 412 590 65 599 940 552 906 785 199 836 874 393 812 473 641 734 131 716 517 599 934 362 723 531 929 662 340 981 212 230 823 720 215 878 474 787 880 397 769 503 384 802 
538 0 938 633 568 386 605 860 229 776 271 19 592 776 358 100 60 464 779 87 613 764 895 99 814 713 247 733 484 609 474 694 954 189 13 68 231 928 568 638 899 876 117 252 849 295 205 412 853 961 4 453 658 416 96 658 327 595 814 140 
91 938 0 310 378 195 693 746 300 237 736 708 37 533 873 539 857 288 483 776 510 836 285 596 695 160 556 276 32 383 856 995 579 625 664 952 963 873 915 247 667 99 951 845 743 441 942 165 457 237 277 800 307 636 777 162 592 448 494 325 
892 633 310 0 583 123 369 668 608 988 970 852 90 48 368 928 125 400 761 765 360 998 961 221 47 341 522 407 716 916 797 42 750 753 937 509 245 692 828 923 22 795 822 453 306 167 426 197 525 515 17 58 268 299 769 811 643 310 172 53 
439 568 378 583 0 714 794 768 676 205 926 828 194 923 565 245 158 994 185 167 65 957 239 160 298 363 359 749 769 261 795 432 147 688 775 130 517 86 677 603 651 567 796 193 830 295 242 473 626 842 515 909 972 770 885 318 591 986 834 819 
638 386 195 123 714 0 135 430 800 626 996 136 317 961 902 383 615 986 44 476 212 392 908 378 935 857 244 742 362 750 229 189 643 406 57 138 880 635 834 775 123 553 441 434 204 527 69 288 859 340 383 467 609 535 886 835 717 158 920 986 
300 605 693 369 794 135 0 204 747 541 566 166 247 909 690 1000 920 341 715 227 229 541 821 596 190 904 247 238 761 308 671 552 160 1 188 281 259 492 978 263 957 550 528 304 445 122 138 338 76 732 480 188 194 167 656 520 501 610 711 698 
280 860 746 668 768 430 204 0 762 933 642 183 37 266 737 198 289 655 621 265 977 286 74 224 837 145 800 488 599 404 68 256 830 857 347 815 880 972 960 924 797 828 300 940 46 903 799 441 217 749 450 912 599 37 366 645 456 788 118 211 
995 229 300 608 676 800 747 762 0 227 440 616 537 597 824 779 269 118 630 451 749 687 708 214 160 614 756 81 785 391 402 534 90 45 866 696 520 957 884 434 120 551 756 771 662 499 591 886 363 662 215 496 147 144 177 49 489 605 243 893 
344 776 237 988 205 626 541 933 227 0 816 564 670 558 599 1000 745 275 693 305 645 102 12 52 96 319 853 830 888 394 433 396 933 649 861 873 558 610 702 122 824 337 173 208 51 309 971 129 264 721 17 446 148 996 62 80 444 958 564 497 
996 271 736 970 926 996 566 642 440 816 0 523 59 951 742 452 404 439 145 286 172 69 170 384 906 251 70 123 999 749 454 84 313 94 743 174 544 820 465 913 131 315 385 827 990 853 362 312 255 914 496 996 589 241 340 8 671 417 372 43 
147 19 708 852 828 136 166 183 616 564 523 0 360 922 712 902 281 629 932 11 552 367 362 475 595 987 20 566 779 537 255 255 726 489 469 197 129 431 448 321 688 706 525 355 964 573 139 698 112 627 616 524 857 147 927 594 517 222 907 724 
489 592 37 90 194 317 247 37 537 670 59 360 0 53 757 609 922 130 918 43 738 97 5 265 169 9 281 148 66 244 874 352 520 168 23 256 884 663 690 297 736 349 210 673 42 319 693 798 2 663 433 541 711 473 65 547 735 894 161 350 
917 776 533 48 923 961 909 266 597 558 951 922 53 0 97 499 469 278 513 252 88 385 159 20 8 622 924 85 772 460 61 853 306 960 917 183 884 438 769 139 362 165 283 170 56 357 490 409 674 138 423 294 251 847 747 554 565 967 929 365 
596 358 873 368 565 902 690 737 824 599 742 712 757 97 0 609 450 600 14 96 146 769 718 541 1 662 540 942 259 383 510 944 548 393 706 973 749 48 802 556 950 676 558 939 171 708 627 35 680 842 139 942 964 903 952 36 555 966 653 420 
723 100 539 928 245 383 1000 198 779 1000 452 902 609 499 609 0 811 821 447 529 324 146 573 879 193 864 344 570 982 177 496 254 921 73 497 188 928 855 497 959 475 767 128 581 991 112 868 451 703 498 835 141 5 483 317 897 115 926 706 968 
482 60 857 125 158 615 920 289 269 745 404 281 922 469 450 811 0 829 443 73 895 374 570 596 254 749 231 152 347 10 712 337 487 742 999 643 900 698 636 138 254 60 245 232 435 192 727 333 215 80 396 207 851 277 161 857 345 447 943 336 
657 464 288 400 994 986 341 655 118 275 439 629 130 278 600 821 829 0 523 218 377 882 986 865 814 551 469 752 111 596 694 506 199 284 970 135 7 296 624 187 730 842 73 64 290 906 57 826 37 305 942 877 885 420 231 207 366 798 595 211 
412 779 483 761 185 44 715 621 630 693 145 932 918 513 14 447 443 523 0 243 713 937 219 48 915 508 878 163 462 83 846 434 877 133 796 979 624 346 831 165 165 238 716 26 5 432 446 696 52 622 158 127 345 894 279 659 377 757 76 987 
590 87 776 765 167 476 227 265 451 305 286 11 43 252 96 529 73 218 243 0 699 731 739 280 869 437 7 797 222 183 193 743 129 67 935 657 991 165 193 798 64 450 750 898 818 220 306 534 639 449 645 765 257 321 280 713 540 976 537 967 
65 613 510 360 65 212 229 977 749 645 172 552 738 88 146 324 895 377 713 699 0 775 122 641 577 528 864 354 917 807 232 831 293 411 356 981 650 45 208 71 935 190 930 778 198 929 84 507 189 556 205 337 421 597 521 775 481 823 432 537 
599 764 836 998 957 392 541 286 687 102 69 367 97 385 769 146 374 882 937 731 775 0 537 353 702 514 332 263 395 716 212 109 450 870 569 217 301 699 808 753 954 815 307 339 216 405 123 976 668 957 555 107 571 21 539 262 284 507 628 872 
940 895 285 961 239 908 821 74 708 12 170 362 5 159 718 573 570 986 219 739 122 537 0 300 527 353 237 575 310 454 597 758 29 825 110 356 84 247 137 608 275 772 50 537 486 721 683 496 893 58 185 610 287 104 634 682 293 249 605 364 
552 99 596 221 160 378 596 224 214 52 384 475 265 20 541 879 596 865 48 280 641 353 300 0 304 323 758 391 519 294 579 184 759 905 361 938 631 58 307 72 1000 711 794 528 379 959 43 910 482 665 21 388 763 424 668 861 385 70 694 347 
906 814 695 47 298 935 190 837 160 96 906 595 169 8 1 193 254 814 915 869 577 702 527 304 0 414 657 118 458 510 464 164 575 132 130 151 636 242 32 125 662 334 509 691 255 745 638 81 135 503 732 952 70 378 192 284 787 920 522 432 
785 713 160 341 363 857 904 145 614 319 251 987 9 622 662 864 749 551 508 437 528 514 353 323 414 0 391 379 960 42 685 195 803 114 665 741 55 664 412 244 798 758 284 159 634 107 139 53 326 205 894 808 572 476 529 671 529 337 698 857 
199 247 556 522 359 244 247 800 756 853 70 20 281 924 540 344 231 469 878 7 864 332 237 758 657 391 0 622 332 224 479 251 374 627 214 446 731 57 118 465 659 238 849 670 640 169 872 541 744 792 443 978 625 546 259 711 33 133 577 997 
836 733 276 407 749 742 238 488 81 830 123 566 148 85 942 570 152 752 163 797 354 263 575 391 118 379 622 0 48 888 649 153 318 136 872 324 546 759 205 711 604 73 178 261 931 621 110 575 7 806 417 339 619 245 406 466 556 496 977 688 
874 484 32 716 769 362 761 599 785 888 999 779 66 772 259 982 347 111 462 222 917 395 310 519 458 960 332 48 0 460 870 795 99 771 21 130 230 812 845 490 537 943 840 661 981 289 670 734 848 570 642 161 132 119 888 712 380 140 234 451 
393 609 383 916 261 750 308 404 391 394 749 537 244 460 383 177 10 596 83 183 807 716 454 294 510 42 224 888 460 0 220 782 214 310 468 314 460 637 317 568 956 705 122 850 763 77 588 505 722 11 455 583 761 644 489 851 447 354 212 873 
812 474 856 797 795 229 671 68 402 433 454 255 874 61 510 496 712 694 846 193 232 212 597 579 464 685 479 649 870 220 0 540 837 377 440 207 762 982 478 251 451 792 351 909 286 404 638 614 538 205 158 962 830 817 587 166 837 733 760 159 
473 694 995 42 432 189 552 256 534 396 84 255 352 853 944 254 337 506 434 743 831 109 758 184 164 195 251 153 795 782 540 0 219 772 794 46 549 446 254 346 86 410 956 614 527 266 34 494 130 915 881 202 709 998 646 842 544 673 830 807 
641 954 579 750 147 643 160 830 90 933 313 726 520 306 548 921 487 199 877 129 293 450 29 759 575 803 374 318 99 214 837 219 0 213 467 846 452 461 946 802 106 971 762 172 357 12 470 46 359 963 76 814 723 61 24 890 752 762 525 188 
734 189 625 753 688 406 1 857 45 649 94 489 168 960 393 73 742 284 133 67 411 870 825 905 132 114 627 136 771 310 377 772 213 0 759 791 717 721 406 179 793 234 562 1000 781 537 952 659 282 446 192 423 275 97 710 816 817 376 455 994 
131 13 664 937 775 57 188 347 866 861 743 469 23 917 706 497 999 970 796 935 356 569 110 361 130 665 214 872 21 468 440 794 467 759 0 934 221 548 742 760 413 218 115 28 738 953 337 636 173 89 684 113 892 338 262 522 34 555 760 576 
716 68 952 509 130 138 281 815 696 873 174 197 256 183 973 188 643 135 979 657 981 217 356 938 151 741 446 324 130 314 207 46 846 791 934 0 468 645 786 975 51 394 79 349 380 421 171 790 795 965 378 806 232 398 604 76 376 668 523 378 
517 231 963 245 517 880 259 880 520 558 544 129 884 884 749 928 900 7 624 991 650 301 84 631 636 55 731 546 230 460 762 549 452 717 221 468 0 141 905 527 259 94 831 824 982 708 249 20 414 984 745 963 267 531 795 715 170 206 165 319 
599 928 873 692 86 635 492 972 957 610 820 431 663 438 48 855 698 296 346 165 45 699 247 58 242 664 57 759 812 637 982 446 461 721 548 645 141 0 384 504 106 894 963 76 249 906 314 679 324 66 297 8 348 205 204 882 511 192 766 585 
934 568 915 828 677 834 978 960 884 702 465 448 690 769 802 497 636 624 831 193 208 808 137 307 32 412 118 205 845 317 478 254 946 406 742 786 905 384 0 575 976 377 396 636 4 302 789 453 795 493 226 824 997 474 126 984 378 466 707 908 
362 638 247 923 603 775 263 924 434 122 913 321 297 139 556 959 138 187 165 798 71 753 608 72 125 244 465 711 490 568 251 346 802 179 760 975 527 504 575 0 746 283 114 435 494 162 480 627 716 702 277 472 57 805 494 587 115 805 796 425 
723 899 667 22 651 123 957 797 120 824 131 688 736 362 950 475 254 730 165 64 935 954 275 1000 662 798 659 604 537 956 451 86 106 793 413 51 259 106 976 746 0 30 951 734 875 806 790 411 607 230 143 935 872 96 731 384 733 69 55 425 
531 876 99 795 567 553 550 828 551 337 315 706 349 165 676 767 60 842 238 450 190 815 772 711 334 758 238 73 943 705 792 410 971 234 218 394 94 894 377 283 30 0 977 223 371 164 232 970 859 917 347 111 917 839 908 249 89 852 991 994 
929 117 951 822 796 441 528 300 756 173 385 525 210 283 558 128 245 73 716 750 930 307 50 794 509 284 849 178 840 122 351 956 762 562 115 79 831 963 396 114 951 977 0 681 557 175 93 486 494 943 872 995 765 554 83 464 337 607 330 300 
662 252 845 453 193 434 304 940 771 208 827 355 673 170 939 581 232 64 26 898 778 339 537 528 691 159 670 261 661 850 909 614 172 1000 28 349 824 76 636 435 734 223 681 0 652 101 518 429 437 795 354 895 766 418 984 164 118 124 484 293 
340 849 743 306 830 204 445 46 662 51 990 964 42 56 171 991 435 290 5 818 198 216 486 379 255 634 640 931 981 763 286 527 357 781 738 380 982 249 4 494 875 371 557 652 0 800 668 155 407 165 759 59 884 602 941 69 677 88 957 622 
981 295 441 167 295 527 122 903 499 309 853 573 319 357 708 112 192 906 432 220 929 405 721 959 745 107 169 621 289 77 404 266 12 537 953 421 708 906 302 162 806 164 175 101 800 0 319 888 107 207 539 640 269 846 944 9 19 636 563 397 
212 205 942 426 242 69 138 799 591 971 362 139 693 490 627 868 727 57 446 306 84 123 683 43 638 139 872 110 670 588 638 34 470 952 337 171 249 314 789 480 790 232 93 518 668 319 0 154 651 749 494 664 638 586 898 578 97 410 793 467 
230 412 165 197 473 288 338 441 886 129 312 698 798 409 35 451 333 826 696 534 507 976 496 910 81 53 541 575 734 505 614 494 46 659 636 790 20 679 453 627 411 970 486 429 155 888 154 0 218 795 302 450 516 116 346 269 949 823 123 851 
823 853 457 525 626 859 76 217 363 264 255 112 2 674 680 703 215 37 52 639 189 668 893 482 135 326 744 7 848 722 538 130 359 282 173 795 414 324 795 716 607 859 494 437 407 107 651 218 0 487 933 451 183 889 849 584 80 494 954 658 
720 961 237 515 842 340 732 749 662 721 914 627 663 138 842 498 80 305 622 449 556 957 58 665 503 205 792 806 570 11 205 915 963 446 89 965 984 66 493 702 230 917 943 795 165 207 749 795 487 0 725 838 176 969 275 461 58 250 968 759 
215 4 277 17 515 383 480 450 215 17 496 616 433 423 139 835 396 942 158 645 205 555 185 21 732 894 443 417 642 455 158 881 76 192 684 378 745 297 226 277 143 347 872 354 759 539 494 302 933 725 0 151 646 268 854 623 384 285 61 135 
878 453 800 58 909 467 188 912 496 446 996 524 541 294 942 141 207 877 127 765 337 107 610 388 952 808 978 339 161 583 962 202 814 423 113 806 963 8 824 472 935 111 995 895 59 640 664 450 451 838 151 0 764 19 615 439 338 524 886 936 
474 658 307 268 972 609 194 599 147 148 589 857 711 251 964 5 851 885 345 257 421 571 287 763 70 572 625 619 132 761 830 709 723 275 892 232 267 348 997 57 872 917 765 766 884 269 638 516 183 176 646 764 0 276 218 595 798 976 678 901 
787 416 636 299 770 535 167 37 144 996 241 147 473 847 903 483 277 420 894 321 597 21 104 424 378 476 546 245 119 644 817 998 61 97 338 398 531 205 474 805 96 839 554 418 602 846 586 116 889 969 268 19 276 0 631 764 187 797 382 937 
880 96 777 769 885 886 656 366 177 62 340 927 65 747 952 317 161 231 279 280 521 539 634 668 192 529 259 406 888 489 587 646 24 710 262 604 795 204 126 494 731 908 83 984 941 944 898 346 849 275 854 615 218 631 0 42 962 23 509 689 
397 658 162 811 318 835 520 645 49 80 8 594 547 554 36 897 857 207 659 713 775 262 682 861 284 671 711 466 712 851 166 842 890 816 522 76 715 882 984 587 384 249 464 164 69 9 578 269 584 461 623 439 595 764 42 0 50 482 57 401 
769 327 592 643 591 717 501 456 489 444 671 517 735 565 555 115 345 366 377 540 481 284 293 385 787 529 33 556 380 447 837 544 752 817 34 376 170 511 378 115 733 89 337 118 677 19 97 949 80 58 384 338 798 187 962 50 0 598 623 492 
503 595 448 310 986 158 610 788 605 958 417 222 894 967 966 926 447 798 757 976 823 507 249 70 920 337 133 496 140 354 733 673 762 376 555 668 206 192 466 805 69 852 607 124 88 636 410 823 494 250 285 524 976 797 23 482 598 0 193 777 
384 814 494 172 834 920 711 118 243 564 372 907 161 929 653 706 943 595 76 537 432 628 605 694 522 698 577 977 234 212 760 830 525 455 760 523 165 766 707 796 55 991 330 484 957 563 793 123 954 968 61 886 678 382 509 57 623 193 0 452 
802 140 325 53 819 986 698 211 893 497 43 724 350 365 420 968 336 211 987 967 537 872 364 347 432 857 997 688 451 873 159 807 188 994 576 378 319 585 908 425 425 994 300 293 622 397 467 851 658 759 135 936 901 937 689 401 492 777 452 0 
0 579 148 891 247 768 327 271 788 209 879 278 525 671 697 712 542 502 491 630 143 732 981 553 808 694 307 777 855 522 672 444 720 559 159 711 454 689 815 223 775 428 637 733 179 884 260 82 878 826 284 781 294 652 856 532 967 679 340 877 
579 0 842 776 494 250 777 880 362 804 265 299 510 778 405 62 5 517 958 10 635 769 920 65 811 734 178 872 518 545 453 731 927 152 100 78 332 769 638 608 941 860 47 133 891 151 196 516 753 944 8 365 468 538 250 812 428 651 678 104 
148 842 0 349 247 61 668 843 246 115 816 701 164 662 863 518 743 393 566 720 478 917 166 672 666 84 529 286 146 451 838 951 605 649 562 897 906 833 958 353 622 73 919 768 798 333 867 261 427 402 424 695 446 639 831 227 579 354 347 324 
891 776 349 0 615 176 450 664 604 992 882 850 85 45 252 892 173 476 782 681 434 979 976 231 7 275 538 492 710 973 745 44 777 533 829 467 318 785 884 920 21 864 970 459 271 96 548 235 710 776 23 136 463 120 768 934 529 116 107 5 
247 494 247 615 0 690 622 806 746 133 846 697 203 897 492 306 302 912 334 333 133 947 211 158 408 182 360 751 657 353 737 370 346 533 857 134 604 97 636 618 606 557 698 261 826 289 242 333 651 827 359 757 839 782 817 376 608 928 794 859 
768 250 61 176 690 0 250 382 710 616 979 124 318 906 944 550 787 782 86 490 125 389 889 269 943 994 411 771 185 748 437 325 662 387 351 178 867 506 843 688 186 407 551 481 107 467 162 323 895 240 496 447 788 472 925 879 645 354 930 831 
327 777 668 450 622 250 0 278 691 625 618 127 208 999 713 893 998 513 725 205 31 731 828 695 278 625 200 198 759 334 828 526 146 45 165 284 332 591 916 169 648 620 538 267 277 125 322 466 219 679 587 217 488 78 659 526 446 633 580 516 
271 880 843 664 806 382 278 0 948 760 545 186 119 130 664 388 185 655 831 277 800 294 110 207 727 248 610 495 662 505 54 178 788 914 256 943 846 902 848 854 780 817 258 981 44 946 637 344 338 694 656 943 648 27 469 678 464 787 178 229 
788 362 246 604 746 710 691 948 0 164 435 649 440 629 904 674 345 17 749 310 650 711 598 237 71 596 704 24 774 451 278 463 151 160 938 669 415 833 764 446 129 522 758 765 480 550 513 870 307 686 312 397 154 250 128 311 630 438 420 839 
209 804 115 992 133 616 625 760 164 0 782 695 726 569 504 940 728 386 423 445 390 97 174 6 132 370 759 891 882 382 639 486 858 694 849 996 595 628 666 118 852 297 82 216 34 181 801 96 71 613 65 365 220 897 85 66 398 873 582 550 
879 265 816 882 846 979 618 545 435 782 0 583 181 957 785 467 496 404 130 268 200 25 191 335 883 264 61 381 911 800 382 144 203 346 936 221 511 866 449 807 92 366 544 885 864 754 209 328 111 865 689 983 634 291 438 50 934 285 296 29 
278 299 701 850 697 124 127 186 649 695 583 0 230 956 630 866 264 490 998 18 653 375 427 525 747 818 106 547 704 538 298 398 829 315 354 204 97 431 410 490 807 624 626 561 985 731 135 633 71 659 631 386 775 10 866 535 444 179 854 760 
525 510 164 85 203 318 208 119 440 726 181 230 0 72 949 661 866 208 795 147 689 212 184 98 130 35 210 252 107 74 759 219 410 273 111 228 859 775 627 137 775 252 330 838 65 394 755 999 6 829 473 585 565 511 158 546 681 968 211 180 
671 778 662 45 897 906 999 130 629 569 957 956 72 0 290 538 505 178 391 212 172 255 215 74 59 785 800 97 839 426 40 843 147 937 733 202 919 583 866 8 200 146 693 390 27 531 442 348 723 253 553 294 389 855 839 514 710 998 743 421 
697 405 863 252 492 944 713 664 904 504 785 630 949 290 0 875 609 523 37 178 205 529 727 512 60 703 571 985 391 321 604 982 645 306 595 783 628 176 745 498 971 623 616 973 166 630 511 26 675 915 110 820 834 849 987 101 514 980 856 631 
712 62 518 892 306 550 893 388 674 940 467 866 661 538 875 0 850 755 561 407 298 177 449 776 469 831 468 631 903 208 362 335 838 162 552 160 953 757 422 763 432 677 129 652 839 74 884 289 686 503 756 186 8 557 334 931 37 943 616 947 
542 5 743 173 302 787 998 185 345 728 496 264 866 505 609 850 0 898 444 149 940 553 634 611 280 634 291 64 448 58 797 236 330 794 931 692 881 761 697 270 317 122 288 294 424 129 831 49 326 70 499 342 999 329 183 852 331 512 919 348 
502 517 393 476 912 782 513 655 17 386 404 490 208 178 523 755 898 0 675 167 407 697 914 848 608 353 515 704 79 829 521 584 131 317 883 168 28 377 734 269 727 848 241 117 231 941 82 835 16 342 892 913 957 572 139 323 271 929 811 101 
491 958 566 782 334 86 725 831 749 423 130 998 795 391 37 561 444 675 0 233 900 868 453 268 912 339 905 51 623 25 964 496 847 51 947 804 552 249 939 316 182 226 616 164 169 489 771 836 36 604 73 291 290 773 280 761 277 816 227 988 
630 10 720 681 333 490 205 277 310 445 268 18 147 212 178 407 149 167 233 0 676 647 967 454 885 412 101 761 345 208 250 686 98 194 860 530 957 289 402 738 125 531 863 920 843 198 164 497 803 433 437 764 195 157 279 538 285 904 517 944 
143 635 478 434 133 125 31 800 650 390 200 653 689 172 205 298 940 407 900 676 0 719 188 721 477 565 949 394 919 999 328 946 267 417 433 863 689 77 332 212 942 109 883 863 303 875 158 647 302 687 209 513 365 694 304 859 404 868 418 458 
732 769 917 979 947 389 731 294 711 97 25 375 212 255 529 177 553 697 868 647 719 0 544 303 704 439 466 117 378 839 143 220 514 812 513 253 419 578 845 540 953 773 436 283 148 311 135 914 710 920 572 85 455 5 626 202 390 664 657 922 
981 920 166 976 211 889 828 110 598 174 191 427 184 215 727 449 634 914 453 967 188 544 0 219 416 484 247 531 326 452 605 864 67 870 239 366 156 293 54 504 200 751 110 338 738 690 676 515 827 71 57 815 205 209 664 945 259 311 493 246 
553 65 672 231 158 269 695 207 237 6 335 525 98 74 512 776 611 848 268 454 721 303 219 0 440 362 787 241 415 197 560 229 615 851 454 831 685 40 117 71 913 606 896 587 471 915 55 869 544 609 123 325 842 526 678 832 322 93 607 267 
808 811 666 7 408 943 278 727 71 132 883 747 130 59 60 469 280 608 912 885 477 704 416 440 0 391 682 119 641 485 545 194 467 273 168 83 611 129 196 25 446 418 476 540 251 709 542 12 152 554 913 937 82 298 250 400 692 900 379 416 
694 734 84 275 182 994 625 248 596 370 264 818 35 785 703 831 634 353 339 412 565 439 484 362 391 0 409 289 972 33 520 10 788 153 664 764 65 716 449 275 699 790 341 240 562 219 89 143 104 328 868 806 497 691 514 812 363 356 838 908 
307 178 529 538 360 411 200 610 704 759 61 106 210 800 571 468 291 515 905 101 949 466 247 787 682 409 0 763 455 315 547 329 476 518 260 542 670 312 226 472 768 159 952 771 782 101 838 637 933 880 554 998 560 511 33 704 86 96 662 857 
777 872 286 492 751 771 198 495 24 891 381 547 252 97 985 631 64 704 51 761 394 117 531 241 119 289 763 0 36 821 725 109 380 169 898 323 499 718 26 717 595 170 361 304 982 488 41 517 115 857 378 240 515 262 348 377 465 530 948 577 
855 518 146 710 657 185 759 662 774 882 911 704 107 839 391 903 448 79 623 345 919 378 326 415 641 972 455 36 0 393 977 859 197 852 34 140 348 880 689 332 457 866 898 467 905 368 582 697 812 523 620 258 105 162 897 759 451 80 316 342 
522 545 451 973 353 748 334 505 451 382 800 538 74 426 321 208 58 829 25 208 999 839 452 197 485 33 315 821 393 0 12 776 187 355 420 296 397 738 229 668 966 642 206 846 605 17 402 444 588 32 532 705 608 622 513 850 262 345 255 812 
672 453 838 745 737 437 828 54 278 639 382 298 759 40 604 362 797 521 964 250 328 143 605 560 545 520 547 725 977 12 0 664 949 399 458 253 741 932 467 409 426 747 489 969 467 402 632 707 505 91 127 918 644 879 636 74 912 690 807 221 
444 731 951 44 370 325 526 178 463 486 144 398 219 843 982 335 236 584 496 686 946 220 864 229 194 10 329 109 859 776 664 0 196 866 745 144 575 527 389 252 188 362 906 549 576 52 229 683 26 841 963 176 827 905 609 725 437 643 650 816 
720 927 605 777 346 662 146 788 151 858 203 829 410 147 645 838 330 131 847 98 267 514 67 615 467 788 476 380 197 187 949 196 0 273 310 717 446 438 832 655 371 940 831 130 233 43 529 35 125 892 144 740 880 78 41 817 676 774 343 108 
559 152 649 533 533 387 45 914 160 694 346 315 273 937 306 162 794 317 51 194 417 812 870 851 273 153 518 169 852 355 399 866 273 0 627 970 658 638 322 105 920 407 603 785 873 564 962 630 408 407 88 696 320 12 984 733 933 149 676 929 
159 100 562 829 857 351 165 256 938 849 936 354 111 733 595 552 931 883 947 860 433 513 239 454 168 664 260 898 34 420 458 745 310 627 0 728 142 686 754 798 452 419 86 82 830 845 285 640 177 111 627 231 924 281 231 449 64 548 658 575 
711 78 897 467 134 178 284 943 669 996 221 204 228 202 783 160 692 168 804 530 863 253 366 831 83 764 542 323 140 296 253 144 717 970 728 0 460 805 760 847 111 475 106 375 500 533 229 555 719 745 346 634 233 236 576 33 452 847 458 230 
454 332 906 318 604 867 332 846 415 595 511 97 859 919 628 953 881 28 552 957 689 419 156 685 611 65 670 499 348 397 741 575 446 658 142 460 0 194 844 267 228 146 837 799 996 670 114 77 461 960 711 868 517 422 721 696 69 154 244 194 
689 769 833 785 97 506 591 902 833 628 866 431 775 583 176 757 761 377 249 289 77 578 293 40 129 716 312 718 880 738 932 527 438 638 686 805 194 0 457 325 173 956 983 117 151 944 321 542 570 136 300 100 323 373 168 813 614 48 877 428 
815 638 958 884 636 843 916 848 764 666 449 410 627 866 745 422 697 734 939 402 332 845 54 117 196 449 226 26 689 229 467 389 832 322 754 760 844 457 0 691 725 287 302 700 94 221 826 494 856 475 367 709 998 598 54 881 379 483 736 994 
223 608 353 920 618 688 169 854 446 118 807 490 137 8 498 763 270 269 316 738 212 540 504 71 25 275 472 717 332 668 409 252 655 105 798 847 267 325 691 0 768 16 146 475 560 299 255 757 841 694 162 405 53 774 494 663 47 805 722 341 
775 941 622 21 606 186 648 780 129 852 92 807 775 200 971 432 317 727 182 125 942 953 200 913 446 699 768 595 457 966 426 188 371 920 452 111 228 173 725 768 0 41 849 774 768 680 908 550 787 229 106 832 896 5 766 288 680 7 14 416 
428 860 73 864 557 407 620 817 522 297 366 624 252 146 623 677 122 848 226 531 109 773 751 606 418 790 159 170 866 642 747 362 940 407 419 475 146 956 287 16 41 0 957 251 320 224 142 978 833 996 202 259 777 953 823 62 168 903 945 862 
637 47 919 970 698 551 538 258 758 82 544 626 330 693 616 129 288 241 616 863 883 436 110 896 476 341 952 361 898 206 489 906 831 603 86 106 837 983 302 146 849 957 0 680 468 18 332 341 481 930 822 874 661 504 66 463 327 755 336 415 
733 133 768 459 261 481 267 981 765 216 885 561 838 390 973 652 294 117 164 920 863 283 338 587 540 240 771 304 467 846 969 549 130 785 82 375 799 117 700 475 774 251 680 0 759 15 541 343 517 880 460 857 824 511 941 156 189 91 311 396 
179 891 798 271 826 107 277 44 480 34 864 985 65 27 166 839 424 231 169 843 303 148 738 471 251 562 782 982 905 605 467 576 233 873 830 500 996 151 94 560 768 320 468 759 0 748 669 198 468 115 635 164 919 457 650 105 658 84 835 549 
884 151 333 96 289 467 125 946 550 181 754 731 394 531 630 74 129 941 489 198 875 311 690 915 709 219 101 488 368 17 402 52 43 564 845 533 670 944 221 299 680 224 18 15 748 0 430 850 58 51 542 778 290 910 816 14 37 857 634 384 
260 196 867 548 242 162 322 637 513 801 209 135 755 442 511 884 831 82 771 164 158 135 676 55 542 89 838 41 582 402 632 229 529 962 285 229 114 321 826 255 908 142 332 541 669 430 0 311 501 852 326 506 638 498 761 500 180 147 863 336 
82 516 261 235 333 323 466 344 870 96 328 633 999 348 26 289 49 835 836 497 647 914 515 869 12 143 637 517 697 444 707 683 35 630 640 555 77 542 494 757 550 978 341 343 198 850 311 0 170 622 169 510 619 14 367 104 874 972 151 804 
878 753 427 710 651 895 219 338 307 71 111 71 6 723 675 686 326 16 36 803 302 710 827 544 152 104 933 115 812 588 505 26 125 408 177 719 461 570 856 841 787 833 481 517 468 58 501 170 0 321 917 393 283 891 761 677 163 525 981 644 
826 944 402 776 827 240 679 694 686 613 865 659 829 253 915 503 70 342 604 433 687 920 71 609 554 328 880 857 523 32 91 841 892 407 111 745 960 136 475 694 229 996 930 880 115 51 852 622 321 0 543 746 258 900 272 434 70 337 973 880 
284 8 424 23 359 496 587 656 312 65 689 631 473 553 110 756 499 892 73 437 209 572 57 123 913 868 554 378 620 532 127 963 144 88 627 346 711 300 367 162 106 202 822 460 635 542 326 169 917 543 0 122 631 284 987 605 380 224 182 215 
