50 2
0 370 414 515 363 386 22 327 909 500 422 102 296 620 494 256 355 909 721 598 169 791 930 4 479 677 161 739 860 296 100 37 660 912 826 954 20 586 429 680 980 749 570 268 336 408 21 616 832 674 
370 0 394 315 397 836 816 921 312 84 358 30 402 430 895 964 899 598 402 128 553 637 814 425 153 855 495 733 417 996 818 331 796 131 422 408 868 789 676 971 400 724 537 647 271 674 792 416 83 375 
414 394 0 810 848 831 61 860 861 152 534 676 677 972 525 886 786 404 91 965 616 824 354 121 517 8 126 876 43 134 149 628 458 27 264 192 767 167 275 922 518 573 805 984 720 837 208 495 577 477 
515 315 810 0 369 69 85 501 22 229 689 392 173 971 943 284 556 146 607 555 538 947 511 429 954 925 476 916 131 952 867 721 73 264 642 997 396 857 289 624 748 715 35 877 942 920 526 811 779 101 
363 397 848 369 0 903 614 886 551 990 197 153 567 647 773 135 8 61 507 864 621 955 838 374 342 964 244 347 214 926 27 437 270 98 635 784 694 344 877 640 381 975 798 719 441 975 55 88 424 985 
386 836 831 69 903 0 706 668 565 403 472 894 581 446 397 900 887 287 407 719 279 113 797 603 652 687 300 282 168 213 625 39 231 803 386 263 19 814 594 874 610 3 248 238 185 958 917 533 742 11 
22 816 61 85 614 706 0 702 156 818 709 814 314 881 324 827 410 723 900 488 903 600 777 419 763 158 938 844 83 638 546 580 677 694 113 276 855 94 700 477 336 960 511 523 849 725 60 348 258 197 
327 921 860 501 886 668 702 0 581 604 73 294 526 803 207 363 518 844 733 622 705 506 486 476 826 841 635 598 404 469 235 774 365 372 766 109 94 954 725 995 173 251 451 783 835 743 994 946 640 344 
909 312 861 22 551 565 156 581 0 977 491 242 904 200 993 594 528 617 223 152 707 410 566 218 162 846 756 881 483 741 72 520 88 804 599 153 319 692 580 679 977 299 314 491 199 702 656 343 961 756 
500 84 152 229 990 403 818 604 977 0 717 833 672 85 186 404 71 258 836 162 626 164 229 114 536 447 933 197 615 391 603 942 32 122 401 809 225 437 423 562 765 263 541 503 661 794 79 511 352 640 
422 358 534 689 197 472 709 73 491 717 0 900 42 897 241 676 127 349 108 499 179 231 674 234 433 684 387 521 211 404 522 390 665 186 895 49 227 454 689 260 274 395 623 829 758 322 117 62 672 389 
102 30 676 392 153 894 814 294 242 833 900 0 833 910 187 410 74 126 30 553 166 941 432 606 706 306 32 29 51 555 476 505 407 6 232 267 743 361 709 878 495 624 377 71 366 434 165 327 199 116 
296 402 677 173 567 581 314 526 904 672 42 833 0 828 261 237 24 213 661 207 633 899 210 965 47 614 174 226 240 971 577 971 246 957 889 4 304 88 280 682 451 799 264 114 699 755 262 593 72 966 
620 430 972 971 647 446 881 803 200 85 897 910 828 0 124 358 857 636 271 321 471 810 575 728 444 462 160 572 130 908 461 196 587 211 388 354 475 296 142 593 128 37 995 171 596 619 924 452 812 476 
494 895 525 943 773 397 324 207 993 186 241 187 261 124 0 519 147 460 778 50 574 504 212 299 670 248 88 652 51 228 31 540 556 647 836 475 642 166 589 785 276 288 436 14 828 281 36 662 235 886 
256 964 886 284 135 900 827 363 594 404 676 410 237 358 519 0 545 760 579 255 881 847 120 686 450 841 474 183 979 980 469 616 165 732 571 31 778 788 525 823 475 161 57 386 238 268 334 185 342 639 
355 899 786 556 8 887 410 518 528 71 127 74 24 857 147 545 0 574 165 431 51 178 906 194 144 236 422 784 634 133 363 439 690 474 637 98 684 293 370 870 335 643 438 330 528 754 169 168 686 808 
909 598 404 146 61 287 723 844 617 258 349 126 213 636 460 760 574 0 509 484 660 261 414 251 419 940 722 714 300 466 141 534 936 126 396 46 61 717 279 302 942 414 338 178 243 571 168 937 500 476 
721 402 91 607 507 407 900 733 223 836 108 30 661 271 778 579 165 509 0 879 239 153 171 586 218 665 312 22 113 266 46 66 966 648 636 332 562 395 682 338 776 266 147 779 177 221 712 771 977 15 
598 128 965 555 864 719 488 622 152 162 499 553 207 321 50 255 431 484 879 0 449 676 334 340 26 496 810 138 62 721 302 439 858 405 90 150 14 658 778 642 99 729 769 310 56 106 540 456 371 845 
169 553 616 538 621 279 903 705 707 626 179 166 633 471 574 881 51 660 239 449 0 466 865 912 878 495 222 348 816 853 567 900 219 456 25 342 860 49 782 15 89 376 322 998 941 339 661 441 39 861 
791 637 824 947 955 113 600 506 410 164 231 941 899 810 504 847 178 261 153 676 466 0 279 545 816 918 13 154 801 1000 216 226 69 198 780 661 252 519 511 452 874 967 267 752 326 592 69 198 378 667 
930 814 354 511 838 797 777 486 566 229 674 432 210 575 212 120 906 414 171 334 865 279 0 656 194 197 645 957 266 242 55 563 400 878 224 400 960 261 102 198 466 712 379 389 82 805 155 837 56 568 
4 425 121 429 374 603 419 476 218 114 234 606 965 728 299 686 194 251 586 340 912 545 656 0 332 630 182 793 567 664 428 870 836 748 444 456 326 553 361 910 390 589 804 627 995 891 770 113 871 412 
479 153 517 954 342 652 763 826 162 536 433 706 47 444 670 450 144 419 218 26 878 816 194 332 0 156 652 737 669 480 740 211 697 463 729 86 650 425 502 232 131 327 148 46 586 550 170 445 56 414 
677 855 8 925 964 687 158 841 846 447 684 306 614 462 248 841 236 940 665 496 495 918 197 630 156 0 272 300 136 610 297 302 798 654 807 460 950 774 731 621 674 987 315 670 462 325 389 974 299 853 
161 495 126 476 244 300 938 635 756 933 387 32 174 160 88 474 422 722 312 810 222 13 645 182 652 272 0 663 127 65 936 182 431 389 346 188 546 94 278 23 236 945 39 767 486 444 908 648 931 378 
739 733 876 916 347 282 844 598 881 197 521 29 226 572 652 183 784 714 22 138 348 154 957 793 737 300 663 0 614 10 857 365 314 232 43 316 46 624 824 253 390 666 93 293 171 416 7 38 185 891 
860 417 43 131 214 168 83 404 483 615 211 51 240 130 51 979 634 300 113 62 816 801 266 567 669 136 127 614 0 116 339 715 948 264 976 535 91 294 98 148 287 273 463 474 247 760 806 801 641 473 
296 996 134 952 926 213 638 469 741 391 404 555 971 908 228 980 133 466 266 721 853 1000 242 664 480 610 65 10 116 0 962 189 901 13 145 353 21 911 10 244 528 213 313 740 410 420 62 374 349 491 
100 818 149 867 27 625 546 235 72 603 522 476 577 461 31 469 363 141 46 302 567 216 55 428 740 297 936 857 339 962 0 102 919 702 729 382 493 480 504 69 757 807 118 463 807 915 26 557 101 798 
37 331 628 721 437 39 580 774 520 942 390 505 971 196 540 616 439 534 66 439 900 226 563 870 211 302 182 365 715 189 102 0 736 916 785 883 953 185 869 381 427 716 991 837 260 512 811 802 112 282 
660 796 458 73 270 231 677 365 88 32 665 407 246 587 556 165 690 936 966 858 219 69 400 836 697 798 431 314 948 901 919 736 0 381 717 195 459 62 496 74 112 820 121 525 880 406 190 934 441 789 
912 131 27 264 98 803 694 372 804 122 186 6 957 211 647 732 474 126 648 405 456 198 878 748 463 654 389 232 264 13 702 916 381 0 625 275 806 793 748 733 998 6 586 907 377 243 369 534 654 263 
826 422 264 642 635 386 113 766 599 401 895 232 889 388 836 571 637 396 636 90 25 780 224 444 729 807 346 43 976 145 729 785 717 625 0 299 10 778 823 615 175 707 381 461 19 844 929 317 734 539 
954 408 192 997 784 263 276 109 153 809 49 267 4 354 475 31 98 46 332 150 342 661 400 456 86 460 188 316 535 353 382 883 195 275 299 0 975 22 603 305 192 897 837 276 15 337 121 777 711 18 
20 868 767 396 694 19 855 94 319 225 227 743 304 475 642 778 684 61 562 14 860 252 960 326 650 950 546 46 91 21 493 953 459 806 10 975 0 999 905 492 182 542 589 815 176 739 195 452 421 556 
586 789 167 857 344 814 94 954 692 437 454 361 88 296 166 788 293 717 395 658 49 519 261 553 425 774 94 624 294 911 480 185 62 793 778 22 999 0 737 121 785 399 914 563 423 663 485 346 160 583 
429 676 275 289 877 594 700 725 580 423 689 709 280 142 589 525 370 279 682 778 782 511 102 361 502 731 278 824 98 10 504 869 496 748 823 603 905 737 0 183 289 205 825 710 412 162 864 138 587 789 
680 971 922 624 640 874 477 995 679 562 260 878 682 593 785 823 870 302 338 642 15 452 198 910 232 621 23 253 148 244 69 381 74 733 615 305 492 121 183 0 161 340 885 219 554 76 638 424 979 966 
980 400 518 748 381 610 336 173 977 765 274 495 451 128 276 475 335 942 776 99 89 874 466 390 131 674 236 390 287 528 757 427 112 998 175 192 182 785 289 161 0 57 523 90 625 669 624 261 749 339 
749 724 573 715 975 3 960 251 299 263 395 624 799 37 288 161 643 414 266 729 376 967 712 589 327 987 945 666 273 213 807 716 820 6 707 897 542 399 205 340 57 0 125 993 249 891 67 245 816 625 
570 537 805 35 798 248 511 451 314 541 623 377 264 995 436 57 438 338 147 769 322 267 379 804 148 315 39 93 463 313 118 991 121 586 381 837 589 914 825 885 523 125 0 811 813 712 666 973 551 157 
268 647 984 877 719 238 523 783 491 503 829 71 114 171 14 386 330 178 779 310 998 752 389 627 46 670 767 293 474 740 463 837 525 907 461 276 815 563 710 219 90 993 811 0 708 394 315 509 983 498 
336 271 720 942 441 185 849 835 199 661 758 366 699 596 828 238 528 243 177 56 941 326 82 995 586 462 486 171 247 410 807 260 880 377 19 15 176 423 412 554 625 249 813 708 0 964 263 311 670 812 
408 674 837 920 975 958 725 743 702 794 322 434 755 619 281 268 754 571 221 106 339 592 805 891 550 325 444 416 760 420 915 512 406 243 844 337 739 663 162 76 669 891 712 394 964 0 50 507 459 760 
21 792 208 526 55 917 60 994 656 79 117 165 262 924 36 334 169 168 712 540 661 69 155 770 170 389 908 7 806 62 26 811 190 369 929 121 195 485 864 638 624 67 666 315 263 50 0 977 500 809 
616 416 495 811 88 533 348 946 343 511 62 327 593 452 662 185 168 937 771 456 441 198 837 113 445 974 648 38 801 374 557 802 934 534 317 777 452 346 138 424 261 245 973 509 311 507 977 0 834 900 
832 83 577 779 424 742 258 640 961 352 672 199 72 812 235 342 686 500 977 371 39 378 56 871 56 299 931 185 641 349 101 112 441 654 734 711 421 160 587 979 749 816 551 983 670 459 500 834 0 767 
674 375 477 101 985 11 197 344 756 640 389 116 966 476 886 639 808 476 15 845 861 667 568 412 414 853 378 891 473 491 798 282 789 263 539 18 556 583 789 966 339 625 157 498 812 760 809 900 767 0 
0 873 818 480 464 51 570 873 901 349 858 467 275 28 76 791 64 733 287 217 917 804 695 989 858 474 821 820 713 64 909 67 192 486 600 883 607 928 535 212 284 544 312 601 69 733 94 67 903 524 
873 0 479 594 444 965 992 856 56 594 473 408 243 227 594 524 6 217 124 427 512 743 766 879 791 847 424 542 926 638 474 309 645 527 458 481 149 12 367 387 893 574 657 208 330 663 896 301 842 369 
818 479 0 627 164 40 667 31 141 519 804 591 593 359 667 233 365 288 579 65 954 618 804 856 96 232 944 899 745 59 573 915 961 956 581 52 50 556 764 243 73 193 799 629 250 818 350 336 802 139 
480 594 627 0 454 836 542 195 842 227 708 394 632 297 167 436 566 311 138 402 485 732 210 215 194 916 138 605 504 669 408 511 905 959 199 794 514 835 857 400 945 335 862 169 60 722 400 784 587 189 
464 444 164 454 0 151 338 413 375 402 264 704 946 208 280 387 456 737 678 349 18 956 763 921 846 462 302 160 358 674 152 545 891 103 266 261 13 825 467 841 153 516 310 455 781 562 867 730 182 186 
51 965 40 836 151 0 624 766 94 512 913 695 925 202 350 724 699 487 167 341 282 40 964 824 400 158 202 101 673 499 918 806 405 80 451 198 815 407 930 333 535 365 893 299 544 678 312 51 938 746 
570 992 667 542 338 624 0 757 113 151 744 246 409 6 373 486 161 55 918 117 96 391 319 456 968 10 699 894 51 261 875 287 979 382 892 930 781 319 328 533 402 328 964 249 521 677 158 101 306 481 
873 856 31 195 413 766 757 0 348 428 137 558 846 195 998 888 756 385 566 941 753 606 931 282 124 290 85 340 90 62 810 312 478 666 451 314 1 875 568 293 631 296 236 442 779 246 119 597 641 876 
901 56 141 842 375 94 113 348 0 333 49 874 99 182 491 131 113 703 686 36 95 429 911 134 298 137 837 36 2 589 453 510 886 151 990 972 208 598 396 263 549 825 691 49 327 558 639 388 210 569 
349 594 519 227 402 512 151 428 333 0 339 908 407 520 718 282 537 719 363 220 864 357 316 79 16 771 314 358 54 141 413 511 186 123 184 844 92 306 706 72 895 730 195 413 516 666 913 317 272 223 
858 473 804 708 264 913 744 137 49 339 0 907 692 514 281 632 123 198 19 74 503 173 557 110 975 775 933 958 814 545 20 489 750 570 991 113 505 356 949 182 405 174 470 700 156 699 793 132 896 432 
467 408 591 394 704 695 246 558 874 908 907 0 332 580 952 482 577 436 724 262 69 337 311 862 477 231 657 412 655 251 545 595 778 574 408 211 616 356 795 604 620 424 992 378 913 805 908 893 782 51 
275 243 593 632 946 925 409 846 99 407 692 332 0 595 89 322 968 269 322 468 17 980 392 524 20 342 738 4 596 718 14 798 285 809 679 461 246 663 175 60 496 493 280 91 267 34 785 33 253 503 
28 227 359 297 208 202 6 195 182 520 514 580 595 0 497 914 659 143 377 991 336 429 984 109 678 722 78 568 991 304 706 764 372 136 930 516 240 482 596 873 603 881 242 645 940 163 123 346 139 70 
76 594 667 167 280 350 373 998 491 718 281 952 89 497 0 598 35 846 221 591 781 393 415 491 943 698 31 124 215 173 819 834 965 563 459 390 21 596 998 378 253 711 255 75 249 33 970 555 617 675 
791 524 233 436 387 724 486 888 131 282 632 482 322 914 598 0 520 465 704 754 531 64 793 486 338 415 662 898 810 215 912 129 634 25 807 429 427 624 807 606 293 652 69 250 981 348 820 383 750 148 
64 6 365 566 456 699 161 756 113 537 123 577 968 659 35 520 0 860 704 451 75 883 244 929 487 104 777 900 28 486 376 135 145 298 809 925 656 881 736 476 990 235 23 733 322 445 418 639 211 41 
733 217 288 311 737 487 55 385 703 719 198 436 269 143 846 465 860 0 617 44 905 448 845 491 715 957 559 548 948 15 565 80 694 449 455 437 382 891 242 772 213 341 231 698 682 969 678 596 928 832 
287 124 579 138 678 167 918 566 686 363 19 724 322 377 221 704 704 617 0 579 222 275 929 220 315 866 569 845 560 189 441 384 374 800 274 605 735 942 663 310 177 558 268 482 632 723 599 107 629 611 
217 427 65 402 349 341 117 941 36 220 74 262 468 991 591 754 451 44 579 0 404 592 210 186 256 623 56 511 886 962 763 366 714 849 387 389 395 604 967 849 794 668 866 228 436 529 857 988 483 27 
917 512 954 485 18 282 96 753 95 864 503 69 17 336 781 531 75 905 222 404 0 853 185 673 784 455 691 24 753 794 442 461 23 76 168 833 596 321 611 943 355 21 33 693 278 706 730 582 19 464 
804 743 618 732 956 40 391 606 429 357 173 337 980 429 393 64 883 448 275 592 853 0 311 66 912 553 757 414 789 54 856 990 557 238 270 386 859 783 456 723 237 409 869 754 822 196 55 678 185 142 
695 766 804 210 763 964 319 931 911 316 557 311 392 984 415 793 244 845 929 210 185 311 0 818 965 893 71 702 926 987 13 182 63 292 347 787 554 995 563 499 333 521 451 260 239 249 989 702 243 573 
989 879 856 215 921 824 456 282 134 79 110 862 524 109 491 486 929 491 220 186 673 66 818 0 599 519 591 160 140 277 673 653 587 711 152 964 354 930 154 81 223 260 14 237 923 836 474 840 814 868 
858 791 96 194 846 400 968 124 298 16 975 477 20 678 943 338 487 715 315 256 784 912 965 599 0 928 16 112 146 924 554 46 38 653 505 851 727 180 566 558 183 290 516 238 733 355 291 621 698 499 
474 847 232 916 462 158 10 290 137 771 775 231 342 722 698 415 104 957 866 623 455 553 893 519 928 0 572 335 38 389 806 58 9 448 617 882 516 750 911 762 315 231 757 824 56 304 525 199 252 878 
821 424 944 138 302 202 699 85 837 314 933 657 738 78 31 662 777 559 569 56 691 757 71 591 16 572 0 255 757 213 889 630 621 871 593 263 212 161 244 205 794 469 892 434 730 344 246 176 801 421 
820 542 899 605 160 101 894 340 36 358 958 412 4 568 124 898 900 548 845 511 24 414 702 160 112 335 255 0 944 649 451 795 745 243 692 6 28 606 688 135 715 671 83 732 208 95 327 237 271 848 
713 926 745 504 358 673 51 90 2 54 814 655 596 991 215 810 28 948 560 886 753 789 926 140 146 38 757 944 0 278 979 367 305 867 61 516 780 329 708 456 717 189 717 765 976 29 543 146 836 189 
64 638 59 669 674 499 261 62 589 141 545 251 718 304 173 215 486 15 189 962 794 54 987 277 924 389 213 649 278 0 629 410 641 968 48 306 963 92 374 825 782 208 608 309 808 873 403 712 720 676 
909 474 573 408 152 918 875 810 453 413 20 545 14 706 819 912 376 565 441 763 442 856 13 673 554 806 889 451 979 629 0 638 165 2 993 309 603 162 882 274 564 513 692 477 271 992 700 671 369 289 
67 309 915 511 545 806 287 312 510 511 489 595 798 764 834 129 135 80 384 366 461 990 182 653 46 58 630 795 367 410 638 0 665 546 933 47 94 367 582 175 105 540 491 592 215 598 13 346 478 867 
192 645 961 905 891 405 979 478 886 186 750 778 285 372 965 634 145 694 374 714 23 557 63 587 38 9 621 745 305 641 165 665 0 104 3 114 53 518 743 120 765 637 519 993 609 844 806 820 755 720 
486 527 956 959 103 80 382 666 151 123 570 574 809 136 563 25 298 449 800 849 76 238 292 711 653 448 871 243 867 968 2 546 104 0 752 768 330 844 915 631 857 138 246 81 271 486 88 564 660 950 
600 458 581 199 266 451 892 451 990 184 991 408 679 930 459 807 809 455 274 387 168 270 347 152 505 617 593 692 61 48 993 933 3 752 0 300 633 994 926 844 349 106 234 635 821 853 467 875 216 446 
883 481 52 794 261 198 930 314 972 844 113 211 461 516 390 429 925 437 605 389 833 386 787 964 851 882 263 6 516 306 309 47 114 768 300 0 856 212 155 757 963 341 59 764 513 815 634 454 831 765 
607 149 50 514 13 815 781 1 208 92 505 616 246 240 21 427 656 382 735 395 596 859 554 354 727 516 212 28 780 963 603 94 53 330 633 856 0 365 527 598 263 733 29 672 212 582 390 161 276 32 
928 12 556 835 825 407 319 875 598 306 356 356 663 482 596 624 881 891 942 604 321 783 995 930 180 750 161 606 329 92 162 367 518 844 994 212 365 0 785 947 883 673 469 725 255 631 621 973 415 521 
535 367 764 857 467 930 328 568 396 706 949 795 175 596 998 807 736 242 663 967 611 456 563 154 566 911 244 688 708 374 882 582 743 915 926 155 527 785 0 862 32 629 311 239 349 890 750 510 65 240 
212 387 243 400 841 333 533 293 263 72 182 604 60 873 378 606 476 772 310 849 943 723 499 81 558 762 205 135 456 825 274 175 120 631 844 757 598 947 862 0 771 739 194 649 301 818 726 788 904 250 
284 893 73 945 153 535 402 631 549 895 405 620 496 603 253 293 990 213 177 794 355 237 333 223 183 315 794 715 717 782 564 105 765 857 349 963 263 883 32 771 0 568 73 813 259 362 571 472 831 511 
544 574 193 335 516 365 328 296 825 730 174 424 493 881 711 652 235 341 558 668 21 409 521 260 290 231 469 671 189 208 513 540 637 138 106 341 733 673 629 739 568 0 782 382 228 265 651 722 706 368 
312 657 799 862 310 893 964 236 691 195 470 992 280 242 255 69 23 231 268 866 33 869 451 14 516 757 892 83 717 608 692 491 519 246 234 59 29 469 311 194 73 782 0 433 545 656 898 364 289 704 
601 208 629 169 455 299 249 442 49 413 700 378 91 645 75 250 733 698 482 228 693 754 260 237 238 824 434 732 765 309 477 592 993 81 635 764 672 725 239 649 813 382 433 0 36 127 309 846 544 551 
69 330 250 60 781 544 521 779 327 516 156 913 267 940 249 981 322 682 632 436 278 822 239 923 733 56 730 208 976 808 271 215 609 271 821 513 212 255 349 301 259 228 545 36 0 110 390 704 968 139 
733 663 818 722 562 678 677 246 558 666 699 805 34 163 33 348 445 969 723 529 706 196 249 836 355 304 344 95 29 873 992 598 844 486 853 815 582 631 890 818 362 265 656 127 110 0 751 247 249 860 
94 896 350 400 867 312 158 119 639 913 793 908 785 123 970 820 418 678 599 857 730 55 989 474 291 525 246 327 543 403 700 13 806 88 467 634 390 621 750 726 571 651 898 309 390 751 0 733 903 932 
67 301 336 784 730 51 101 597 388 317 132 893 33 346 555 383 639 596 107 988 582 678 702 840 621 199 176 237 146 712 671 346 820 564 875 454 161 973 510 788 472 722 364 846 704 247 733 0 962 622 
903 842 802 587 182 938 306 641 210 272 896 782 253 139 617 750 211 928 629 483 19 185 243 814 698 252 801 271 836 720 369 478 755 660 216 831 276 415 65 904 831 706 289 544 968 249 903 962 0 689 
524 369 139 189 186 746 481 876 569 223 432 51 503 70 675 148 41 832 611 27 464 142 573 868 499 878 421 848 189 676 289 867 720 950 446 765 32 521 240 250 511 368 704 551 139 860 932 622 689 0 
0 873 818 480 464 51 570 873 901 349 858 467 275 28 76 791 64 733 287 217 917 804 695 989 858 474 821 820 713 64 909 67 192 486 600 883 607 928 535 212 284 544 312 601 69 733 94 67 903 524 
873 0 479 594 444 965 992 856 56 594 473 408 243 227 594 524 6 217 124 427 512 743 766 879 791 847 424 542 926 638 474 309 645 527 458 481 149 12 367 387 893 574 657 208 330 663 896 301 842 369 
818 479 0 627 164 40 667 31 141 519 804 591 593 359 667 233 365 288 579 65 954 618 804 856 96 232 944 899 745 59 573 915 961 956 581 52 50 556 764 243 73 193 799 629 250 818 350 336 802 139 
480 594 627 0 454 836 542 195 842 227 708 394 632 297 167 436 566 311 138 402 485 732 210 215 194 916 138 605 504 669 408 511 905 959 199 794 514 835 857 400 945 335 862 169 60 722 400 784 587 189 
464 444 164 454 0 151 338 413 375 402 264 704 946 208 280 387 456 737 678 349 18 956 763 921 846 462 302 160 358 674 152 545 891 103 266 261 13 825 467 841 153 516 310 455 781 562 867 730 182 186 
51 965 40 836 151 0 624 766 94 512 913 695 925 202 350 724 699 487 167 341 282 40 964 824 400 158 202 101 673 499 918 806 405 80 451 198 815 407 930 333 535 365 893 299 544 678 312 51 938 746 
570 992 667 542 338 624 0 757 113 151 744 246 409 6 373 486 161 55 918 117 96 391 319 456 968 10 699 894 51 261 875 287 979 382 892 930 781 319 328 533 402 328 964 249 521 677 158 101 306 481 
873 856 31 195 413 766 757 0 348 428 137 558 846 195 998 888 756 385 566 941 753 606 931 282 124 290 85 340 90 62 810 312 478 666 451 314 1 875 568 293 631 296 236 442 779 246 119 597 641 876 
901 56 141 842 375 94 113 348 0 333 49 874 99 182 491 131 113 703 686 36 95 429 911 134 298 137 837 36 2 589 453 510 886 151 990 972 208 598 396 263 549 825 691 49 327 558 639 388 210 569 
349 594 519 227 402 512 151 428 333 0 339 908 407 520 718 282 537 719 363 220 864 357 316 79 16 771 314 358 54 141 413 511 186 123 184 844 92 306 706 72 895 730 195 413 516 666 913 317 272 223 
858 473 804 708 264 913 744 137 49 339 0 907 692 514 281 632 123 198 19 74 503 173 557 110 975 775 933 958 814 545 20 489 750 570 991 113 505 356 949 182 405 174 470 700 156 699 793 132 896 432 
467 408 591 394 704 695 246 558 874 908 907 0 332 580 952 482 577 436 724 262 69 337 311 862 477 231 657 412 655 251 545 595 778 574 408 211 616 356 795 604 620 424 992 378 913 805 908 893 782 51 
275 243 593 632 946 925 409 846 99 407 692 332 0 595 89 322 968 269 322 468 17 980 392 524 20 342 738 4 596 718 14 798 285 809 679 461 246 663 175 60 496 493 280 91 267 34 785 33 253 503 
28 227 359 297 208 202 6 195 182 520 514 580 595 0 497 914 659 143 377 991 336 429 984 109 678 722 78 568 991 304 706 764 372 136 930 516 240 482 596 873 603 881 242 645 940 163 123 346 139 70 
76 594 667 167 280 350 373 998 491 718 281 952 89 497 0 598 35 846 221 591 781 393 415 491 943 698 31 124 215 173 819 834 965 563 459 390 21 596 998 378 253 711 255 75 249 33 970 555 617 675 
791 524 233 436 387 724 486 888 131 282 632 482 322 914 598 0 520 465 704 754 531 64 793 486 338 415 662 898 810 215 912 129 634 25 807 429 427 624 807 606 293 652 69 250 981 348 820 383 750 148 
64 6 365 566 456 699 161 756 113 537 123 577 968 659 35 520 0 860 704 451 75 883 244 929 487 104 777 900 28 486 376 135 145 298 809 925 656 881 736 476 990 235 23 733 322 445 418 639 211 41 
733 217 288 311 737 487 55 385 703 719 198 436 269 143 846 465 860 0 617 44 905 448 845 491 715 957 559 548 948 15 565 80 694 449 455 437 382 891 242 772 213 341 231 698 682 969 678 596 928 832 
287 124 579 138 678 167 918 566 686 363 19 724 322 377 221 704 704 617 0 579 222 275 929 220 315 866 569 845 560 189 441 384 374 800 274 605 735 942 663 310 177 558 268 482 632 723 599 107 629 611 
217 427 65 402 349 341 117 941 36 220 74 262 468 991 591 754 451 44 579 0 404 592 210 186 256 623 56 511 886 962 763 366 714 849 387 389 395 604 967 849 794 668 866 228 436 529 857 988 483 27 
917 512 954 485 18 282 96 753 95 864 503 69 17 336 781 531 75 905 222 404 0 853 185 673 784 455 691 24 753 794 442 461 23 76 168 833 596 321 611 943 355 21 33 693 278 706 730 582 19 464 
804 743 618 732 956 40 391 606 429 357 173 337 980 429 393 64 883 448 275 592 853 0 311 66 912 553 757 414 789 54 856 990 557 238 270 386 859 783 456 723 237 409 869 754 822 196 55 678 185 142 
695 766 804 210 763 964 319 931 911 316 557 311 392 984 415 793 244 845 929 210 185 311 0 818 965 893 71 702 926 987 13 182 63 292 347 787 554 995 563 499 333 521 451 260 239 249 989 702 243 573 
989 879 856 215 921 824 456 282 134 79 110 862 524 109 491 486 929 491 220 186 673 66 818 0 599 519 591 160 140 277 673 653 587 711 152 964 354 930 154 81 223 260 14 237 923 836 474 840 814 868 
858 791 96 194 846 400 968 124 298 16 975 477 20 678 943 338 487 715 315 256 784 912 965 599 0 928 16 112 146 924 554 46 38 653 505 851 727 180 566 558 183 290 516 238 733 355 291 621 698 499 
474 847 232 916 462 158 10 290 137 771 775 231 342 722 698 415 104 957 866 623 455 553 893 519 928 0 572 335 38 389 806 58 9 448 617 882 516 750 911 762 315 231 757 824 56 304 525 199 252 878 
821 424 944 138 302 202 699 85 837 314 933 657 738 78 31 662 777 559 569 56 691 757 71 591 16 572 0 255 757 213 889 630 621 871 593 263 212 161 244 205 794 469 892 434 730 344 246 176 801 421 
820 542 899 605 160 101 894 340 36 358 958 412 4 568 124 898 900 548 845 511 24 414 702 160 112 335 255 0 944 649 451 795 745 243 692 6 28 606 688 135 715 671 83 732 208 95 327 237 271 848 
713 926 745 504 358 673 51 90 2 54 814 655 596 991 215 810 28 948 560 886 753 789 926 140 146 38 757 944 0 278 979 367 305 867 61 516 780 329 708 456 717 189 717 765 976 29 543 146 836 189 
64 638 59 669 674 499 261 62 589 141 545 251 718 304 173 215 486 15 189 962 794 54 987 277 924 389 213 649 278 0 629 410 641 968 48 306 963 92 374 825 782 208 608 309 808 873 403 712 720 676 
909 474 573 408 152 918 875 810 453 413 20 545 14 706 819 912 376 565 441 763 442 856 13 673 554 806 889 451 979 629 0 638 165 2 993 309 603 162 882 274 564 513 692 477 271 992 700 671 369 289 
67 309 915 511 545 806 287 312 510 511 489 595 798 764 834 129 135 80 384 366 461 990 182 653 46 58 630 795 367 410 638 0 665 546 933 47 94 367 582 175 105 540 491 592 215 598 13 346 478 867 
192 645 961 905 891 405 979 478 886 186 750 778 285 372 965 634 145 694 374 714 23 557 63 587 38 9 621 745 305 641 165 665 0 104 3 114 53 518 743 120 765 637 519 993 609 844 806 820 755 720 
486 527 956 959 103 80 382 666 151 123 570 574 809 136 563 25 298 449 800 849 76 238 292 711 653 448 871 243 867 968 2 546 104 0 752 768 330 844 915 631 857 138 246 81 271 486 88 564 660 950 
600 458 581 199 266 451 892 451 990 184 991 408 679 930 459 807 809 455 274 387 168 270 347 152 505 617 593 692 61 48 993 933 3 752 0 300 633 994 926 844 349 106 234 635 821 853 467 875 216 446 
883 481 52 794 261 198 930 314 972 844 113 211 461 516 390 429 925 437 605 389 833 386 787 964 851 882 263 6 516 306 309 47 114 768 300 0 856 212 155 757 963 341 59 764 513 815 634 454 831 765 
607 149 50 514 13 815 781 1 208 92 505 616 246 240 21 427 656 382 735 395 596 859 554 354 727 516 212 28 780 963 603 94 53 330 633 856 0 365 527 598 263 733 29 672 212 582 390 161 276 32 
928 12 556 835 825 407 319 875 598 306 356 356 663 482 596 624 881 891 942 604 321 783 995 930 180 750 161 606 329 92 162 367 518 844 994 212 365 0 785 947 883 673 469 725 255 631 621 973 415 521 
535 367 764 857 467 930 328 568 396 706 949 795 175 596 998 807 736 242 663 967 611 456 563 154 566 911 244 688 708 374 882 582 743 915 926 155 527 785 0 862 32 629 311 239 349 890 750 510 65 240 
212 387 243 400 841 333 533 293 263 72 182 604 60 873 378 606 476 772 310 849 943 723 499 81 558 762 205 135 456 825 274 175 120 631 844 757 598 947 862 0 771 739 194 649 301 818 726 788 904 250 
284 893 73 945 153 535 402 631 549 895 405 620 496 603 253 293 990 213 177 794 355 237 333 223 183 315 794 715 717 782 564 105 765 857 349 963 263 883 32 771 0 568 73 813 259 362 571 472 831 511 
544 574 193 335 516 365 328 296 825 730 174 424 493 881 711 652 235 341 558 668 21 409 521 260 290 231 469 671 189 208 513 540 637 138 106 341 733 673 629 739 568 0 782 382 228 265 651 722 706 368 
312 657 799 862 310 893 964 236 691 195 470 992 280 242 255 69 23 231 268 866 33 869 451 14 516 757 892 83 717 608 692 491 519 246 234 59 29 469 311 194 73 782 0 433 545 656 898 364 289 704 
601 208 629 169 455 299 249 442 49 413 700 378 91 645 75 250 733 698 482 228 693 754 260 237 238 824 434 732 765 309 477 592 993 81 635 764 672 725 239 649 813 382 433 0 36 127 309 846 544 551 
69 330 250 60 781 544 521 779 327 516 156 913 267 940 249 981 322 682 632 436 278 822 239 923 733 56 730 208 976 808 271 215 609 271 821 513 212 255 349 301 259 228 545 36 0 110 390 704 968 139 
733 663 818 722 562 678 677 246 558 666 699 805 34 163 33 348 445 969 723 529 706 196 249 836 355 304 344 95 29 873 992 598 844 486 853 815 582 631 890 818 362 265 656 127 110 0 751 247 249 860 
94 896 350 400 867 312 158 119 639 913 793 908 785 123 970 820 418 678 599 857 730 55 989 474 291 525 246 327 543 403 700 13 806 88 467 634 390 621 750 726 571 651 898 309 390 751 0 733 903 932 
67 301 336 784 730 51 101 597 388 317 132 893 33 346 555 383 639 596 107 988 582 678 702 840 621 199 176 237 146 712 671 346 820 564 875 454 161 973 510 788 472 722 364 846 704 247 733 0 962 622 
903 842 802 587 182 938 306 641 210 272 896 782 253 139 617 750 211 928 629 483 19 185 243 814 698 252 801 271 836 720 369 478 755 660 216 831 276 415 65 904 831 706 289 544 968 249 903 962 0 689 
524 369 139 189 186 746 481 876 569 223 432 51 503 70 675 148 41 832 611 27 464 142 573 868 499 878 421 848 189 676 289 867 720 950 446 765 32 521 240 250 511 368 704 551 139 860 932 622 689 0 
