7 2
0 354 977 433 188 905 753 
354 0 244 73 832 51 412 
977 244 0 484 391 403 210 
433 73 484 0 516 430 245 
188 832 391 516 0 147 797 
905 51 403 430 147 0 229 
753 412 210 245 797 229 0 
0 945 668 746 486 813 668 
945 0 701 95 47 535 934 
668 701 0 154 619 842 785 
746 95 154 0 213 893 251 
486 47 619 213 0 828 67 
813 535 842 893 828 0 940 
668 934 785 251 67 940 0 
0 790 327 105 468 680 295 
790 0 528 791 615 808 53 
327 528 0 533 789 342 92 
105 791 533 0 891 237 318 
468 615 789 891 0 453 568 
680 808 342 237 453 0 296 
295 53 92 318 568 296 0 
