6 3
0 774 34 397 940 378 
774 0 654 5 8 425 
34 654 0 177 493 205 
397 5 177 0 420 349 
940 8 493 420 0 958 
378 425 205 349 958 0 
0 165 476 403 320 474 
165 0 876 195 705 841 
476 876 0 706 372 377 
403 195 706 0 963 699 
320 705 372 963 0 327 
474 841 377 699 327 0 
0 836 525 598 681 527 
836 0 125 806 296 160 
525 125 0 295 629 624 
598 806 295 0 38 302 
681 296 629 38 0 674 
527 160 624 302 674 0 
0 836 525 598 681 527 
836 0 125 806 296 160 
525 125 0 295 629 624 
598 806 295 0 38 302 
681 296 629 38 0 674 
527 160 624 302 674 0 
