15 3
0 691 813 340 330 211 409 414 473 732 95 116 47 212 363 
691 0 822 549 990 128 503 394 510 272 92 615 56 192 397 
813 822 0 434 902 862 491 842 441 990 210 558 660 213 848 
340 549 434 0 345 464 999 723 111 641 24 948 547 251 369 
330 990 902 345 0 206 685 569 754 166 154 724 255 62 813 
211 128 862 464 206 0 86 712 815 268 569 491 905 998 282 
409 503 491 999 685 86 0 668 408 610 468 149 790 984 321 
414 394 842 723 569 712 668 0 325 81 515 473 747 783 323 
473 510 441 111 754 815 408 325 0 746 315 252 698 110 535 
732 272 990 641 166 268 610 81 746 0 810 52 543 126 906 
95 92 210 24 154 569 468 515 315 810 0 486 386 285 143 
116 615 558 948 724 491 149 473 252 52 486 0 254 544 992 
47 56 660 547 255 905 790 747 698 543 386 254 0 405 138 
212 192 213 251 62 998 984 783 110 126 285 544 405 0 911 
363 397 848 369 813 282 321 323 535 906 143 992 138 911 0 
0 248 497 37 354 452 633 425 260 83 966 299 855 502 327 
248 0 499 581 256 327 449 218 564 979 540 189 475 748 799 
497 499 0 555 404 833 536 686 126 266 226 635 860 23 729 
37 581 555 0 304 137 118 137 160 261 715 396 46 680 273 
354 256 404 304 0 900 676 433 222 496 650 729 230 995 340 
452 327 833 137 900 0 852 319 492 867 980 625 819 785 208 
633 449 536 118 676 852 0 763 927 952 88 507 814 452 798 
425 218 686 137 433 319 763 0 915 116 936 954 88 148 377 
260 564 126 160 222 492 927 915 0 359 431 267 519 121 322 
83 979 266 261 496 867 952 116 359 0 552 332 62 748 93 
966 540 226 715 650 980 88 936 431 552 0 460 661 274 381 
299 189 635 396 729 625 507 954 267 332 460 0 728 942 801 
855 475 860 46 230 819 814 88 519 62 661 728 0 112 503 
502 748 23 680 995 785 452 148 121 748 274 942 112 0 330 
327 799 729 273 340 208 798 377 322 93 381 801 503 330 0 
0 265 199 245 528 788 574 429 459 211 721 82 319 278 251 
265 0 710 526 135 173 472 234 359 300 439 347 778 603 288 
199 710 0 462 410 972 712 545 244 669 870 599 960 58 967 
245 526 462 0 591 402 410 335 474 771 624 90 21 922 820 
528 135 410 591 0 108 696 1000 645 353 378 346 585 562 403 
788 173 972 402 108 0 251 153 849 715 796 600 586 870 493 
574 472 712 410 696 251 0 670 662 908 246 710 954 910 511 
429 234 545 335 1000 153 670 0 739 644 858 784 166 69 57 
459 359 244 474 645 849 662 739 0 140 361 354 553 286 379 
211 300 669 771 353 715 908 644 140 0 15 342 778 610 313 
721 439 870 624 378 796 246 858 361 15 0 316 270 451 523 
82 347 599 90 346 600 710 784 354 342 316 0 676 874 984 
319 778 960 21 585 586 954 166 553 778 270 676 0 175 71 
278 603 58 922 562 870 910 69 286 610 451 874 175 0 779 
251 288 967 820 403 493 511 57 379 313 523 984 71 779 0 
0 327 687 173 760 177 660 419 55 130 971 626 743 869 395 
327 0 483 768 363 51 74 728 161 816 439 264 562 463 414 
687 483 0 582 519 776 302 299 32 614 182 571 950 177 945 
173 768 582 0 375 507 261 275 312 579 326 224 10 874 399 
760 363 519 375 0 579 388 338 272 587 801 785 159 682 5 
177 51 776 507 579 0 743 342 343 996 677 457 857 642 805 
660 74 302 261 388 743 0 419 906 65 165 62 454 23 541 
419 728 299 275 338 342 419 0 916 70 697 809 658 305 147 
55 161 32 312 272 343 906 916 0 156 360 98 480 400 315 
130 816 614 579 587 996 65 70 156 0 87 456 184 977 121 
971 439 182 326 801 677 165 697 360 87 0 382 451 475 512 
626 264 571 224 785 457 62 809 98 456 382 0 877 757 783 
743 562 950 10 159 857 454 658 480 184 451 877 0 161 14 
869 463 177 874 682 642 23 305 400 977 475 757 161 0 752 
395 414 945 399 5 805 541 147 315 121 512 783 14 752 0 
