20 2
0 397 703 619 592 354 74 607 826 837 190 140 121 383 385 71 553 998 341 186 
397 0 151 896 852 960 799 527 559 186 299 474 946 392 750 31 575 483 254 542 
703 151 0 14 434 472 966 472 557 984 264 223 45 3 711 517 111 944 279 494 
619 896 14 0 147 602 114 833 6 881 579 639 801 650 501 430 527 78 898 54 
592 852 434 147 0 547 99 403 589 654 834 692 280 966 489 269 846 402 163 330 
354 960 472 602 547 0 151 601 130 779 628 850 316 533 665 147 341 136 177 16 
74 799 966 114 99 151 0 164 534 112 38 99 937 296 833 712 420 875 982 181 
607 527 472 833 403 601 164 0 322 312 597 853 143 154 808 376 298 915 378 634 
826 559 557 6 589 130 534 322 0 212 685 193 80 731 932 480 90 589 4 816 
837 186 984 881 654 779 112 312 212 0 11 970 761 369 663 174 899 329 430 669 
190 299 264 579 834 628 38 597 685 11 0 567 583 719 602 226 940 817 833 308 
140 474 223 639 692 850 99 853 193 970 567 0 674 144 239 993 930 74 89 841 
121 946 45 801 280 316 937 143 80 761 583 674 0 54 515 175 735 247 826 255 
383 392 3 650 966 533 296 154 731 369 719 144 54 0 763 334 383 357 472 900 
385 750 711 501 489 665 833 808 932 663 602 239 515 763 0 994 989 602 857 540 
71 31 517 430 269 147 712 376 480 174 226 993 175 334 994 0 143 118 674 969 
553 575 111 527 846 341 420 298 90 899 940 930 735 383 989 143 0 958 399 233 
998 483 944 78 402 136 875 915 589 329 817 74 247 357 602 118 958 0 758 326 
341 254 279 898 163 177 982 378 4 430 833 89 826 472 857 674 399 758 0 736 
186 542 494 54 330 16 181 634 816 669 308 841 255 900 540 969 233 326 736 0 
0 694 575 172 373 878 16 428 927 642 686 812 669 76 52 243 390 481 941 233 
694 0 881 198 336 793 100 732 907 308 649 56 213 969 321 175 959 186 260 403 
575 881 0 414 547 762 502 965 376 838 371 302 41 935 7 418 523 394 555 95 
172 198 414 0 567 982 147 334 122 149 495 710 476 757 465 795 902 703 320 784 
373 336 547 567 0 354 483 210 177 242 818 302 205 534 806 354 115 589 999 659 
878 793 762 982 354 0 938 555 880 881 570 954 136 715 436 220 493 265 498 166 
16 100 502 147 483 938 0 463 864 910 342 600 499 666 376 853 343 731 857 458 
428 732 965 334 210 555 463 0 149 423 914 577 930 662 18 695 576 402 954 858 
927 907 376 122 177 880 864 149 0 728 622 121 360 365 545 800 621 359 517 647 
642 308 838 149 242 881 910 423 728 0 673 530 274 344 249 144 817 786 108 427 
686 649 371 495 818 570 342 914 622 673 0 409 644 545 688 964 428 140 629 495 
812 56 302 710 302 954 600 577 121 530 409 0 532 880 494 989 962 38 382 221 
669 213 41 476 205 136 499 930 360 274 644 532 0 936 349 891 397 919 134 763 
76 969 935 757 534 715 666 662 365 344 545 880 936 0 977 939 441 169 978 400 
52 321 7 465 806 436 376 18 545 249 688 494 349 977 0 574 214 537 271 349 
243 175 418 795 354 220 853 695 800 144 964 989 891 939 574 0 388 611 884 839 
390 959 523 902 115 493 343 576 621 817 428 962 397 441 214 388 0 248 453 403 
481 186 394 703 589 265 731 402 359 786 140 38 919 169 537 611 248 0 551 707 
941 260 555 320 999 498 857 954 517 108 629 382 134 978 271 884 453 551 0 281 
233 403 95 784 659 166 458 858 647 427 495 221 763 400 349 839 403 707 281 0 
0 853 28 77 533 833 597 298 243 713 90 266 819 43 791 184 693 663 333 426 
853 0 823 288 554 142 15 609 392 409 170 539 809 514 894 513 110 731 368 34 
28 823 0 556 932 70 147 229 154 306 737 331 907 211 531 27 173 818 180 49 
77 288 556 0 198 468 354 452 786 541 355 862 774 671 536 699 765 428 215 764 
533 554 932 198 0 414 360 700 745 118 969 343 863 705 671 393 94 159 759 288 
833 142 70 468 414 0 274 671 219 92 760 269 705 468 416 439 972 719 379 319 
597 15 147 354 360 274 0 817 512 159 422 696 895 294 690 185 138 168 426 529 
298 609 229 452 700 671 817 0 917 902 118 293 276 423 523 828 727 716 591 226 
243 392 154 786 745 219 512 917 0 430 219 607 145 622 111 173 206 908 427 819 
713 409 306 541 118 92 159 902 430 0 606 691 196 564 188 750 659 959 699 730 
90 170 737 355 969 760 422 118 219 606 0 917 306 85 365 969 303 127 97 799 
266 539 331 862 343 269 696 293 607 691 917 0 799 50 799 839 280 396 853 260 
819 809 907 774 863 705 895 276 145 196 306 799 0 683 613 41 51 431 653 981 
43 514 211 671 705 468 294 423 622 564 85 50 683 0 670 910 192 18 413 950 
791 894 531 536 671 416 690 523 111 188 365 799 613 670 0 790 377 37 37 662 
184 513 27 699 393 439 185 828 173 750 969 839 41 910 790 0 860 156 856 814 
693 110 173 765 94 972 138 727 206 659 303 280 51 192 377 860 0 156 2 813 
663 731 818 428 159 719 168 716 908 959 127 396 431 18 37 156 156 0 71 783 
333 368 180 215 759 379 426 591 427 699 97 853 653 413 37 856 2 71 0 946 
426 34 49 764 288 319 529 226 819 730 799 260 981 950 662 814 813 783 946 0 
