8 4
0 231 751 321 933 355 594 368 
231 0 868 904 256 958 115 220 
751 868 0 490 838 809 601 772 
321 904 490 0 130 703 93 59 
933 256 838 130 0 151 709 265 
355 958 809 703 151 0 322 183 
594 115 601 93 709 322 0 408 
368 220 772 59 265 183 408 0 
0 902 557 831 533 769 4 710 
902 0 270 474 54 846 674 338 
557 270 0 193 385 930 54 829 
831 474 193 0 808 119 308 949 
533 54 385 808 0 875 326 291 
769 846 930 119 875 0 183 605 
4 674 54 308 326 183 0 858 
710 338 829 949 291 605 858 0 
0 837 589 994 154 335 833 233 
837 0 873 639 747 420 758 620 
589 873 0 567 711 383 16 949 
994 639 567 0 663 483 255 147 
154 747 711 663 0 589 864 796 
335 420 383 483 589 0 935 874 
833 758 16 255 864 935 0 657 
233 620 949 147 796 874 657 0 
0 804 534 698 369 575 826 126 
804 0 516 850 939 90 186 889 
534 516 0 693 489 143 634 932 
698 850 693 0 239 78 540 725 
369 939 489 239 0 817 817 249 
575 90 143 78 817 0 776 457 
826 186 634 540 817 776 0 252 
126 889 932 725 249 457 252 0 
0 629 517 140 144 527 857 409 
629 0 309 853 80 940 494 536 
517 309 0 358 833 696 669 733 
140 853 358 0 763 136 233 650 
144 80 833 763 0 247 481 762 
527 940 696 136 247 0 494 60 
857 494 669 233 481 494 0 463 
409 536 733 650 762 60 463 0 
