20 3
0 73 210 990 346 883 441 81 758 547 110 911 96 831 147 156 657 379 607 8 
73 0 245 902 607 625 111 746 545 255 126 193 361 69 495 536 476 926 327 623 
210 245 0 345 317 755 754 797 116 905 285 434 668 903 169 415 596 14 921 857 
990 902 345 0 508 414 815 319 615 790 544 842 752 683 886 486 60 169 860 92 
346 607 317 508 0 394 408 518 558 747 405 828 197 14 858 997 336 749 501 812 
883 625 755 414 394 0 325 896 948 698 51 659 972 67 780 706 800 631 886 680 
441 111 754 815 408 325 0 671 724 543 363 459 706 300 275 388 362 572 668 536 
81 746 797 319 518 896 671 0 491 386 397 893 558 709 615 713 235 152 702 204 
758 545 116 615 558 948 724 491 0 254 848 53 934 706 1 624 555 952 447 235 
547 255 905 790 747 698 543 386 254 0 369 764 292 906 285 22 239 945 805 840 
110 126 285 544 405 51 363 397 848 369 0 617 948 150 329 816 71 395 934 374 
911 193 434 842 828 659 459 893 53 764 617 0 981 433 352 61 594 248 399 782 
96 361 668 752 197 972 706 558 934 292 948 981 0 57 750 85 602 578 84 469 
831 69 903 683 14 67 300 709 706 906 150 433 57 0 282 614 276 719 743 741 
147 495 169 886 858 780 275 615 1 285 329 352 750 282 0 706 682 906 712 423 
156 536 415 486 997 706 388 713 624 22 816 61 85 614 706 0 456 454 584 899 
657 476 596 60 336 800 362 235 555 239 71 594 602 276 682 456 0 924 193 249 
379 926 14 169 749 631 572 152 952 945 395 248 578 719 906 454 924 0 512 359 
607 327 921 860 501 886 668 702 447 805 934 399 84 743 712 584 193 512 0 80 
8 623 857 92 812 680 536 204 235 840 374 782 469 741 423 899 249 359 80 0 
0 626 864 644 793 815 675 333 94 659 436 896 647 973 291 22 378 118 383 923 
626 0 656 792 423 199 12 444 680 946 915 566 553 55 315 516 978 700 259 587 
864 656 0 867 278 995 361 987 710 927 598 919 904 27 915 954 862 108 846 408 
644 792 867 0 249 325 239 937 114 690 920 617 807 837 604 59 393 635 2 338 
793 423 278 249 0 669 331 607 409 132 843 150 964 726 953 845 402 812 185 915 
815 199 995 325 669 0 741 51 622 991 378 238 537 294 977 395 739 510 171 584 
675 12 361 239 331 741 0 87 975 158 566 798 614 384 285 134 355 152 831 917 
333 444 987 937 607 51 87 0 728 6 952 36 26 958 528 53 382 976 216 349 
94 680 710 114 409 622 975 728 0 571 339 46 579 144 38 813 963 471 189 105 
659 946 927 690 132 991 158 6 571 0 939 127 58 965 497 988 906 36 740 589 
436 915 598 920 843 378 566 952 339 939 0 440 103 437 151 67 730 691 148 85 
896 566 919 617 150 238 798 36 46 127 440 0 251 674 908 606 294 598 387 768 
647 553 904 807 964 537 614 26 579 58 103 251 0 737 76 673 513 214 848 541 
973 55 27 837 726 294 384 958 144 965 437 674 737 0 455 367 655 867 794 6 
291 315 915 604 953 977 285 528 38 497 151 908 76 455 0 498 285 871 932 322 
22 516 954 59 845 395 134 53 813 988 67 606 673 367 498 0 120 312 787 564 
378 978 862 393 402 739 355 382 963 906 730 294 513 655 285 120 0 261 94 771 
118 700 108 635 812 510 152 976 471 36 691 598 214 867 871 312 261 0 104 201 
383 259 846 2 185 171 831 216 189 740 148 387 848 794 932 787 94 104 0 745 
923 587 408 338 915 584 917 349 105 589 85 768 541 6 322 564 771 201 745 0 
0 311 40 260 124 291 338 620 888 418 614 165 259 32 723 888 525 947 655 397 
311 0 228 335 476 824 863 547 119 76 183 315 628 725 506 695 122 356 862 309 
40 228 0 144 903 26 503 63 401 75 595 14 176 893 167 62 132 938 297 733 
260 335 144 0 776 664 774 54 953 302 219 254 314 68 506 916 738 329 926 797 
124 476 903 776 0 289 651 374 790 952 320 769 70 372 136 313 596 222 758 123 
291 824 26 664 289 0 242 961 468 142 399 564 465 660 70 447 363 220 716 247 
338 863 503 774 651 242 0 899 188 958 545 224 337 542 856 955 668 847 97 111 
620 547 63 54 374 961 899 0 215 819 52 927 863 103 573 883 727 193 777 777 
888 119 401 953 790 468 188 215 0 286 777 772 719 775 992 177 230 372 815 803 
418 76 75 302 952 142 958 819 286 0 137 895 800 10 439 73 76 967 146 430 
614 183 595 219 320 399 545 52 777 137 0 445 857 552 878 892 290 342 960 943 
165 315 14 254 769 564 224 927 772 895 445 0 793 412 101 335 847 157 506 296 
259 628 176 314 70 465 337 863 719 800 857 793 0 113 999 103 461 792 134 332 
32 725 893 68 372 660 542 103 775 10 552 412 113 0 533 673 335 176 135 962 
723 506 167 506 136 70 856 573 992 439 878 101 999 533 0 433 689 203 312 749 
888 695 62 916 313 447 955 883 177 73 892 335 103 673 433 0 919 710 335 518 
525 122 132 738 596 363 668 727 230 76 290 847 461 335 689 919 0 838 682 271 
947 356 938 329 222 220 847 193 372 967 342 157 792 176 203 710 838 0 806 768 
655 862 297 926 758 716 97 777 815 146 960 506 134 135 312 335 682 806 0 207 
397 309 733 797 123 247 111 777 803 430 943 296 332 962 749 518 271 768 207 0 
0 531 89 520 276 152 470 537 932 369 447 83 380 66 654 995 757 588 734 95 
531 0 298 183 499 675 873 580 262 53 87 245 431 956 692 453 54 433 637 488 
89 298 0 93 511 110 590 135 184 11 483 297 57 916 307 21 71 920 177 716 
520 183 93 0 699 839 914 345 956 147 306 375 238 181 378 937 466 461 982 763 
276 499 511 699 0 345 694 521 447 814 229 901 70 373 100 266 650 181 900 142 
152 675 110 839 345 0 274 923 533 161 636 742 420 704 223 524 207 514 785 525 
470 873 590 914 694 274 0 912 55 799 382 60 421 643 465 907 696 793 254 79 
537 580 135 345 521 923 912 0 396 1000 17 950 848 91 414 787 652 209 862 504 
932 262 184 956 447 533 55 396 0 514 650 999 475 848 835 257 86 456 807 815 
369 53 11 147 814 161 799 1000 514 0 214 932 925 182 335 66 176 940 326 337 
447 87 483 306 229 636 382 17 650 214 0 635 672 332 840 840 233 9 799 997 
83 245 297 375 901 742 60 950 999 932 635 0 905 341 152 423 793 447 580 206 
380 431 57 238 70 420 421 848 475 925 672 905 0 207 900 466 509 891 241 472 
66 956 916 181 373 704 643 91 848 182 332 341 207 0 616 616 309 104 141 869 
654 692 307 378 100 223 465 414 835 335 840 152 900 616 0 405 794 134 144 711 
995 453 21 937 266 524 907 787 257 66 840 423 466 616 405 0 932 818 276 568 
757 54 71 466 650 207 696 652 86 176 233 793 509 309 794 932 0 611 890 356 
588 433 920 461 181 514 793 209 456 940 9 447 891 104 134 818 611 0 884 842 
734 637 177 982 900 785 254 862 807 326 799 580 241 141 144 276 890 884 0 146 
95 488 716 763 142 525 79 504 815 337 997 206 472 869 711 568 356 842 146 0 
