40 4
0 151 434 114 589 628 937 808 90 430 262 796 384 112 49 354 432 143 234 213 548 763 998 632 143 149 832 430 909 776 562 741 32 686 403 795 842 379 14 81 
151 0 147 99 130 38 143 932 899 833 494 483 426 811 520 473 540 492 210 881 298 47 917 409 954 219 331 186 196 671 95 365 393 909 280 719 853 653 529 211 
434 147 0 151 534 597 80 663 940 89 906 249 231 471 879 477 24 878 853 429 732 741 58 838 869 673 710 816 644 534 38 494 220 747 397 731 941 978 858 883 
114 99 151 0 322 685 761 602 930 826 963 111 886 373 197 882 323 915 467 396 657 969 871 132 90 566 76 88 656 200 635 390 969 684 36 222 677 297 855 829 
589 130 534 322 0 11 583 239 735 472 698 762 692 302 818 72 982 833 767 11 609 427 690 306 27 606 862 562 306 705 621 799 439 910 51 168 333 413 226 482 
628 38 597 685 11 0 674 515 383 857 506 605 90 479 172 168 372 793 933 507 965 976 286 149 359 945 302 514 532 715 655 349 853 390 441 402 260 271 647 572 
937 143 80 761 583 674 0 763 989 674 875 988 482 728 950 61 425 218 462 763 182 570 165 516 819 135 8 714 816 230 476 65 847 795 807 811 570 366 44 116 
808 932 663 602 239 515 763 0 143 399 644 874 996 918 77 482 49 142 202 530 229 72 756 541 967 88 343 595 799 468 850 613 185 693 192 716 368 37 819 639 
90 899 940 930 735 383 989 143 0 758 721 694 512 899 198 550 902 762 431 686 334 937 865 242 146 750 954 386 810 666 52 977 695 959 214 359 555 884 427 537 
430 833 89 826 472 857 674 399 758 0 710 457 308 18 621 893 496 263 976 399 66 190 791 176 933 815 593 763 70 505 29 15 110 693 771 473 415 872 180 315 
262 494 906 963 698 506 875 644 721 710 0 853 661 756 288 637 537 70 121 827 452 448 888 118 289 949 269 105 457 294 791 670 828 110 377 908 180 856 730 849 
796 483 249 111 762 605 988 874 694 457 853 0 375 591 414 949 844 982 485 285 210 161 875 881 767 415 600 669 492 662 321 681 800 523 388 786 320 453 495 616 
384 426 231 886 692 90 482 996 512 308 661 375 0 851 763 553 769 576 857 359 735 899 250 633 108 488 156 308 307 162 360 366 71 752 186 170 392 628 823 539 
112 811 471 373 302 479 728 918 899 18 756 591 851 0 556 927 907 468 593 966 700 376 990 92 461 361 696 819 966 423 894 75 173 173 860 959 215 2 799 553 
49 520 879 197 818 172 950 77 198 621 288 414 763 556 0 86 292 354 668 321 555 601 929 910 686 178 577 213 934 365 7 220 144 902 310 140 999 551 221 73 
354 473 477 882 72 168 61 482 550 893 637 949 553 927 86 0 811 510 687 500 507 285 770 26 639 299 418 3 316 362 257 612 521 124 869 2 505 413 656 992 
432 540 24 323 982 372 425 49 902 496 537 844 769 907 292 811 0 414 93 948 671 648 182 159 90 166 293 809 699 622 531 362 750 765 962 127 759 71 260 858 
143 492 878 915 833 793 218 142 762 263 70 982 576 468 354 510 414 0 717 651 463 927 116 423 649 694 121 41 432 344 465 620 964 115 798 38 498 863 763 913 
234 210 853 467 767 933 462 202 431 976 121 485 857 593 668 687 93 717 0 500 663 299 758 572 77 160 897 265 849 17 68 765 45 762 978 833 103 924 560 59 
213 881 429 396 11 507 763 530 686 399 827 285 359 966 321 500 948 651 500 0 817 243 557 902 170 634 607 907 795 564 536 217 969 94 159 396 379 268 981 350 
548 298 732 657 609 965 182 229 334 66 452 210 735 700 555 507 671 463 663 817 0 907 706 728 371 404 530 476 891 545 806 691 989 493 928 919 857 233 400 894 
763 47 741 969 427 976 570 72 937 190 448 161 899 376 601 285 648 927 299 243 907 0 525 465 457 56 921 380 704 432 833 24 868 627 971 216 464 243 476 189 
998 917 58 871 690 286 165 756 865 791 888 875 250 990 929 770 182 116 758 557 706 525 0 430 737 516 691 774 544 85 671 637 839 972 199 431 426 426 950 601 
632 409 838 132 306 149 516 541 242 176 118 881 633 92 910 26 159 423 572 902 728 465 430 0 495 780 409 205 377 880 436 591 891 343 481 169 954 403 349 366 
143 954 869 90 27 359 819 967 146 933 289 767 108 461 686 639 90 649 77 170 371 457 737 495 0 72 368 904 368 311 827 526 873 699 510 761 824 774 268 398 
149 219 673 566 606 945 135 88 750 815 949 415 488 361 178 299 166 694 160 634 404 56 516 780 72 0 917 863 708 50 416 484 41 138 663 18 591 34 662 498 
832 331 710 76 862 302 8 343 954 593 269 600 156 696 577 418 293 121 897 607 530 921 691 409 368 917 0 136 397 936 376 243 939 576 186 537 517 95 839 809 
430 186 816 88 562 514 714 595 386 763 105 669 308 819 213 3 809 41 265 907 476 380 774 205 904 863 136 0 859 927 885 55 960 303 174 647 922 706 608 818 
909 196 644 656 306 532 816 799 810 70 457 492 307 966 934 316 699 432 849 795 891 704 544 377 368 708 397 859 0 683 690 184 910 727 731 37 427 49 814 475 
776 671 534 200 705 715 230 468 666 505 294 662 162 423 365 362 622 344 17 564 545 432 85 880 311 50 936 927 683 0 18 175 574 621 394 611 108 784 403 835 
562 95 38 635 621 655 476 850 52 29 791 321 360 894 7 257 531 465 68 536 806 833 671 436 827 416 376 885 690 18 0 822 898 151 318 984 99 692 431 24 
741 365 494 390 799 349 65 613 977 15 670 681 366 75 220 612 362 620 765 217 691 24 637 591 526 484 243 55 184 175 822 0 790 206 818 156 699 764 813 88 
32 393 220 969 439 853 847 185 695 110 828 800 71 173 144 521 750 964 45 969 989 868 839 891 873 41 939 960 910 574 898 790 0 817 703 248 629 659 707 477 
686 909 747 684 910 390 795 693 959 693 110 523 752 173 902 124 765 115 762 94 493 627 972 343 699 138 576 303 727 621 151 206 817 0 548 255 918 223 81 69 
403 280 397 36 51 441 807 192 214 771 377 388 186 860 310 869 962 798 978 159 928 971 199 481 510 663 186 174 731 394 318 818 703 548 0 156 97 288 783 663 
795 719 731 222 168 402 811 716 359 473 908 786 170 959 140 2 127 38 833 396 919 216 431 169 761 18 537 647 37 611 984 156 248 255 156 0 382 166 281 817 
842 853 941 677 333 260 570 368 555 415 180 320 392 215 999 505 759 498 103 379 857 464 426 954 824 591 517 922 427 108 99 699 629 918 97 382 0 568 59 408 
379 653 978 297 413 271 366 37 884 872 856 453 628 2 551 413 71 863 924 268 233 243 426 403 774 34 95 706 49 784 692 764 659 223 288 166 568 0 946 646 
14 529 858 855 226 647 44 819 427 180 730 495 823 799 221 656 260 763 560 981 400 476 950 349 268 662 839 608 814 403 431 813 707 81 783 281 59 946 0 552 
81 211 883 829 482 572 116 639 537 315 849 616 539 553 73 992 858 913 59 350 894 189 601 366 398 498 809 818 475 835 24 88 477 69 663 817 408 646 552 0 
0 52 282 684 213 120 124 318 798 553 326 907 896 467 818 789 16 25 483 331 387 103 458 415 473 995 42 352 38 906 222 329 467 330 228 195 984 740 188 91 
52 0 670 309 972 405 218 42 990 214 427 139 196 545 918 173 422 981 361 998 500 321 566 386 109 508 751 964 1 289 686 943 273 954 682 7 653 117 581 111 
282 670 0 122 315 574 392 99 18 756 457 626 417 185 421 662 139 405 270 708 24 841 488 301 306 245 411 516 710 669 485 597 353 906 295 215 175 9 302 886 
684 309 122 0 868 170 485 990 414 42 126 846 383 953 947 689 26 474 959 459 802 852 693 473 135 813 159 805 279 156 351 482 741 95 210 69 812 177 185 673 
213 972 315 868 0 187 667 949 100 20 666 235 894 655 543 658 312 143 927 971 625 846 310 645 709 209 95 650 408 884 259 574 389 563 225 782 975 226 395 888 
120 405 574 170 187 0 320 672 470 508 223 277 584 134 299 785 63 233 752 88 779 956 901 394 89 232 8 372 189 568 910 248 565 871 629 186 508 869 687 449 
124 218 392 485 667 320 0 477 303 217 520 746 822 914 296 159 920 832 902 59 828 631 122 103 414 142 759 329 45 778 816 338 102 598 435 917 13 449 189 757 
318 42 99 990 949 672 477 0 211 967 951 220 189 668 212 929 986 278 821 838 290 111 351 473 823 310 950 134 813 846 275 875 534 241 687 610 252 707 807 262 
798 990 18 414 100 470 303 211 0 289 633 700 741 668 257 701 787 898 914 713 78 855 173 239 391 166 1000 933 160 813 121 436 48 118 770 708 816 609 746 548 
553 214 756 42 20 508 217 967 289 0 949 184 702 97 704 193 311 365 860 137 719 100 672 921 756 642 446 487 832 461 732 52 519 652 88 406 523 105 381 765 
326 427 457 126 666 223 520 951 633 949 0 892 438 137 79 164 110 523 459 261 867 999 605 283 742 125 44 381 897 426 658 532 315 95 690 450 82 401 762 806 
907 139 626 846 235 277 746 220 700 184 892 0 91 55 845 29 933 159 689 23 20 179 786 264 891 104 185 86 895 714 85 658 350 844 818 47 122 983 55 845 
896 196 417 383 894 584 822 189 741 702 438 91 0 519 742 61 789 521 98 131 391 960 432 882 426 300 813 427 28 688 956 221 75 22 626 833 294 761 530 7 
467 545 185 953 655 134 914 668 668 97 137 55 519 0 885 189 762 636 442 715 663 748 162 49 537 532 98 252 611 880 190 219 203 508 618 607 473 208 479 248 
818 918 421 947 543 299 296 212 257 704 79 845 742 885 0 147 672 161 841 806 32 231 809 100 861 951 586 366 574 599 140 762 455 510 225 418 930 97 157 11 
789 173 662 689 658 785 159 929 701 193 164 29 61 189 147 0 135 649 930 154 753 345 934 709 606 861 192 765 777 440 953 168 112 872 635 448 907 234 445 174 
16 422 139 26 312 63 920 986 787 311 110 933 789 762 672 135 0 570 316 620 708 403 629 355 736 514 390 920 979 404 104 704 777 752 536 136 214 959 649 98 
25 981 405 474 143 233 832 278 898 365 523 159 521 636 161 649 570 0 979 649 30 460 838 324 104 973 984 91 778 591 774 401 241 854 668 822 134 823 944 402 
483 361 270 959 927 752 902 821 914 860 459 689 98 442 841 930 316 979 0 761 1 542 215 586 159 106 880 891 459 342 786 1000 679 170 925 927 104 597 734 583 
331 998 708 459 971 88 59 838 713 137 261 23 131 715 806 154 620 649 761 0 606 218 813 147 452 39 650 614 290 517 691 88 816 684 779 567 878 954 878 675 
387 500 24 802 625 779 828 290 78 719 867 20 391 663 32 753 708 30 1 606 0 78 573 639 69 273 311 158 536 465 126 830 521 906 564 763 19 353 360 251 
103 321 841 852 846 956 631 111 855 100 999 179 960 748 231 345 403 460 542 218 78 0 418 625 443 619 864 277 180 999 443 540 680 303 28 29 702 495 295 218 
458 566 488 693 310 901 122 351 173 672 605 786 432 162 809 934 629 838 215 813 573 418 0 411 778 79 951 613 177 818 201 434 821 861 500 733 817 950 364 940 
415 386 301 473 645 394 103 473 239 921 283 264 882 49 100 709 355 324 586 147 639 625 411 0 635 566 533 737 675 172 698 887 614 90 483 772 987 328 102 49 
473 109 306 135 709 89 414 823 391 756 742 891 426 537 861 606 736 104 159 452 69 443 778 635 0 552 384 857 223 194 487 238 347 978 506 89 957 225 539 110 
995 508 245 813 209 232 142 310 166 642 125 104 300 532 951 861 514 973 106 39 273 619 79 566 552 0 959 742 439 218 335 506 868 164 75 730 700 754 932 446 
42 751 411 159 95 8 759 950 1000 446 44 185 813 98 586 192 390 984 880 650 311 864 951 533 384 959 0 701 554 821 231 243 17 45 267 196 225 493 921 380 
352 964 516 805 650 372 329 134 933 487 381 86 427 252 366 765 920 91 891 614 158 277 613 737 857 742 701 0 693 289 424 155 43 733 670 94 706 543 977 971 
38 1 710 279 408 189 45 813 160 832 897 895 28 611 574 777 979 778 459 290 536 180 177 675 223 439 554 693 0 247 606 477 335 553 865 280 854 622 64 264 
906 289 669 156 884 568 778 846 813 461 426 714 688 880 599 440 404 591 342 517 465 999 818 172 194 218 821 289 247 0 540 8 565 269 952 47 545 361 570 909 
222 686 485 351 259 910 816 275 121 732 658 85 956 190 140 953 104 774 786 691 126 443 201 698 487 335 231 424 606 540 0 630 47 979 468 522 539 586 993 482 
329 943 597 482 574 248 338 875 436 52 532 658 221 219 762 168 704 401 1000 88 830 540 434 887 238 506 243 155 477 8 630 0 802 748 275 326 263 400 165 120 
467 273 353 741 389 565 102 534 48 519 315 350 75 203 455 112 777 241 679 816 521 680 821 614 347 868 17 43 335 565 47 802 0 609 646 839 623 476 607 945 
330 954 906 95 563 871 598 241 118 652 95 844 22 508 510 872 752 854 170 684 906 303 861 90 978 164 45 733 553 269 979 748 609 0 396 940 76 415 512 115 
228 682 295 210 225 629 435 687 770 88 690 818 626 618 225 635 536 668 925 779 564 28 500 483 506 75 267 670 865 952 468 275 646 396 0 875 511 34 320 13 
195 7 215 69 782 186 917 610 708 406 450 47 833 607 418 448 136 822 927 567 763 29 733 772 89 730 196 94 280 47 522 326 839 940 875 0 279 559 647 570 
984 653 175 812 975 508 13 252 816 523 82 122 294 473 930 907 214 134 104 878 19 702 817 987 957 700 225 706 854 545 539 263 623 76 511 279 0 86 797 321 
740 117 9 177 226 869 449 707 609 105 401 983 761 208 97 234 959 823 597 954 353 495 950 328 225 754 493 543 622 361 586 400 476 415 34 559 86 0 217 750 
188 581 302 185 395 687 189 807 746 381 762 55 530 479 157 445 649 944 734 878 360 295 364 102 539 932 921 977 64 570 993 165 607 512 320 647 797 217 0 60 
91 111 886 673 888 449 757 262 548 765 806 845 7 248 11 174 98 402 583 675 251 218 940 49 110 446 380 971 264 909 482 120 945 115 13 570 321 750 60 0 
0 263 327 347 515 459 308 455 262 981 281 824 246 672 561 672 833 70 576 258 693 806 878 20 308 21 886 16 383 708 770 42 843 546 753 68 490 441 377 765 
263 0 863 141 936 848 855 109 803 236 173 493 231 365 753 928 743 601 822 433 633 980 687 289 129 656 496 81 179 404 626 353 566 520 570 185 8 878 400 833 
327 863 0 204 226 786 443 146 191 63 843 958 554 501 432 611 608 272 206 837 60 317 336 871 815 440 196 851 280 938 611 959 819 44 670 698 391 542 67 75 
347 141 204 0 302 532 396 476 482 592 415 223 967 276 984 760 595 536 639 61 745 789 606 125 358 779 343 925 432 652 994 593 106 213 265 185 691 420 107 194 
515 936 226 302 0 555 512 468 554 364 360 968 897 149 399 243 168 518 910 18 5 578 654 707 855 684 756 965 770 615 245 796 492 808 233 194 470 351 531 420 
459 848 786 532 555 0 199 179 162 121 273 171 906 946 286 143 450 89 650 431 182 714 276 775 62 152 327 305 377 728 312 643 772 160 994 20 692 484 164 394 
308 855 443 396 512 199 0 483 193 466 576 966 144 871 985 841 145 238 307 497 52 69 381 494 590 357 320 267 512 134 723 79 592 459 620 825 706 322 854 973 
455 109 146 476 468 179 483 0 492 817 80 919 916 379 941 403 292 780 147 741 294 411 815 144 138 766 28 686 783 740 240 804 345 906 23 480 560 17 949 418 
262 803 191 482 554 162 193 492 0 859 958 310 17 894 565 892 852 62 840 264 752 899 943 378 100 984 274 78 835 663 405 794 366 449 237 985 378 983 783 919 
981 236 63 592 364 121 466 817 859 0 796 15 977 46 756 452 441 244 889 330 144 989 880 535 794 610 726 842 465 942 245 964 450 831 497 308 533 143 46 594 
281 173 843 415 360 273 576 80 958 796 0 451 783 622 197 228 462 755 223 868 452 666 551 254 818 976 221 147 73 574 790 947 755 807 424 870 51 342 373 777 
824 493 958 223 968 171 966 919 310 15 451 0 13 281 186 348 14 219 672 75 466 427 514 471 594 747 783 719 56 608 572 675 780 378 61 944 887 385 674 743 
246 231 554 967 897 906 144 916 17 977 783 13 0 732 365 214 286 590 783 732 465 468 390 799 400 461 24 586 914 107 336 22 673 925 105 482 798 671 990 679 
672 365 501 276 149 946 871 379 894 46 622 281 732 0 189 819 273 907 955 138 127 9 908 806 118 885 430 622 532 636 260 825 877 189 228 728 379 228 872 796 
561 753 432 984 399 286 985 941 565 756 197 186 365 189 0 123 36 677 395 786 325 696 16 646 120 610 411 335 429 760 841 770 942 503 221 722 657 775 240 16 
672 928 611 760 243 143 841 403 892 452 228 348 214 819 123 0 179 404 263 41 427 257 451 89 981 134 324 633 815 400 390 234 561 778 97 56 216 851 649 978 
833 743 608 595 168 450 145 292 852 441 462 14 286 273 36 179 0 820 847 730 762 140 944 161 123 907 391 219 669 8 976 503 592 191 534 575 394 798 604 346 
70 601 272 536 518 89 238 780 62 244 755 219 590 907 677 404 820 0 318 747 213 107 255 67 226 277 126 301 965 249 495 800 10 77 766 245 329 425 83 315 
576 822 206 639 910 650 307 147 840 889 223 672 783 955 395 263 847 318 0 607 915 762 543 57 80 528 438 582 590 353 659 997 693 740 842 212 893 135 864 55 
258 433 837 61 18 431 497 741 264 330 868 75 732 138 786 41 730 747 607 0 467 532 613 702 478 58 850 302 285 11 484 599 779 615 577 831 65 23 87 369 
693 633 60 745 5 182 52 294 752 144 452 466 465 127 325 427 762 213 915 467 0 862 500 914 831 651 945 613 700 447 994 615 222 93 442 815 744 158 857 756 
806 980 317 789 578 714 69 411 899 989 666 427 468 9 696 257 140 107 762 532 862 0 772 239 573 489 202 548 265 18 527 448 635 149 428 426 178 493 799 599 
878 687 336 606 654 276 381 815 943 880 551 514 390 908 16 451 944 255 543 613 500 772 0 401 783 102 295 997 568 630 140 772 952 817 273 437 995 570 451 740 
20 289 871 125 707 775 494 144 378 535 254 471 799 806 646 89 161 67 57 702 914 239 401 0 324 599 815 511 281 235 326 744 582 576 583 934 703 70 249 192 
308 129 815 358 855 62 590 138 100 794 818 594 400 118 120 981 123 226 80 478 831 573 783 324 0 449 547 82 8 4 927 592 391 684 141 920 294 126 366 178 
21 656 440 779 684 152 357 766 984 610 976 747 461 885 610 134 907 277 528 58 651 489 102 599 449 0 281 779 86 170 57 230 840 459 361 247 632 250 753 152 
886 496 196 343 756 327 320 28 274 726 221 783 24 430 411 324 391 126 438 850 945 202 295 815 547 281 0 504 229 962 461 202 160 339 506 241 338 759 371 409 
16 81 851 925 965 305 267 686 78 842 147 719 586 622 335 633 219 301 582 302 613 548 997 511 82 779 504 0 695 822 749 584 915 530 384 543 703 655 814 65 
383 179 280 432 770 377 512 783 835 465 73 56 914 532 429 815 669 965 590 285 700 265 568 281 8 86 229 695 0 326 575 28 96 20 981 978 468 156 973 578 
708 404 938 652 615 728 134 740 663 942 574 608 107 636 760 400 8 249 353 11 447 18 630 235 4 170 962 822 326 0 947 811 1000 386 521 657 550 715 240 667 
770 626 611 994 245 312 723 240 405 245 790 572 336 260 841 390 976 495 659 484 994 527 140 326 927 57 461 749 575 947 0 748 299 721 422 530 866 942 79 384 
42 353 959 593 796 643 79 804 794 964 947 675 22 825 770 234 503 800 997 599 615 448 772 744 592 230 202 584 28 811 748 0 623 950 333 952 902 734 629 443 
843 566 819 106 492 772 592 345 366 450 755 780 673 877 942 561 592 10 693 779 222 635 952 582 391 840 160 915 96 1000 299 623 0 523 444 635 386 397 927 278 
546 520 44 213 808 160 459 906 449 831 807 378 925 189 503 778 191 77 740 615 93 149 817 576 684 459 339 530 20 386 721 950 523 0 835 863 157 987 852 102 
753 570 670 265 233 994 620 23 237 497 424 61 105 228 221 97 534 766 842 577 442 428 273 583 141 361 506 384 981 521 422 333 444 835 0 106 129 64 718 28 
68 185 698 185 194 20 825 480 985 308 870 944 482 728 722 56 575 245 212 831 815 426 437 934 920 247 241 543 978 657 530 952 635 863 106 0 927 791 987 320 
490 8 391 691 470 692 706 560 378 533 51 887 798 379 657 216 394 329 893 65 744 178 995 703 294 632 338 703 468 550 866 902 386 157 129 927 0 75 47 488 
441 878 542 420 351 484 322 17 983 143 342 385 671 228 775 851 798 425 135 23 158 493 570 70 126 250 759 655 156 715 942 734 397 987 64 791 75 0 635 698 
377 400 67 107 531 164 854 949 783 46 373 674 990 872 240 649 604 83 864 87 857 799 451 249 366 753 371 814 973 240 79 629 927 852 718 987 47 635 0 313 
765 833 75 194 420 394 973 418 919 594 777 743 679 796 16 978 346 315 55 369 756 599 740 192 178 152 409 65 578 667 384 443 278 102 28 320 488 698 313 0 
0 615 233 840 573 752 399 760 693 114 147 110 859 3 442 923 131 71 339 528 601 222 889 671 480 806 769 662 241 433 903 245 61 220 175 92 937 595 994 608 
615 0 746 263 431 310 467 699 110 527 782 462 848 244 41 760 271 675 749 379 620 918 783 885 733 363 283 29 963 898 259 819 422 164 752 678 219 909 674 438 
233 746 0 861 507 126 387 536 280 252 572 582 462 413 824 560 725 244 958 212 640 483 504 182 376 629 845 145 606 219 826 432 22 647 462 389 196 453 471 880 
840 263 861 0 697 912 7 176 138 282 698 151 526 203 442 962 806 567 427 470 728 394 638 96 401 49 547 390 480 212 352 229 597 536 551 682 748 616 262 926 
573 431 507 697 0 452 424 423 594 981 572 915 142 780 410 129 323 500 177 702 274 897 612 201 166 163 782 775 369 606 563 271 99 39 697 81 466 963 759 859 
752 310 126 912 452 0 308 90 776 587 681 621 670 345 527 407 484 789 381 123 25 358 800 224 94 382 64 719 611 346 448 155 855 382 267 865 358 355 107 645 
399 467 387 7 424 308 0 660 656 576 585 507 139 654 734 115 856 392 141 984 792 939 527 202 867 370 291 172 156 187 248 432 141 314 847 456 740 749 661 404 
760 699 536 176 423 90 660 0 992 302 964 386 139 812 651 834 910 656 547 796 383 351 213 552 320 535 264 721 753 217 468 421 688 462 661 851 914 959 789 832 
693 110 280 138 594 776 656 992 0 527 43 799 488 672 585 358 140 345 753 212 310 417 883 794 352 648 859 590 408 736 857 680 603 496 165 812 682 418 907 85 
114 527 252 282 981 587 576 302 527 0 551 743 839 616 791 556 131 381 708 362 771 149 77 156 381 387 690 459 320 805 874 432 122 143 118 646 249 941 154 179 
147 782 572 698 572 681 585 964 43 551 0 541 226 770 312 936 851 984 631 82 249 975 828 426 639 881 673 69 398 771 840 197 590 562 92 638 398 683 216 394 
110 462 582 151 915 621 507 386 799 743 541 0 645 406 930 953 932 18 826 457 988 677 109 931 156 878 297 904 608 612 344 420 2 7 740 959 614 737 724 180 
859 848 462 526 142 670 139 139 488 839 226 645 0 948 79 890 985 593 169 443 309 461 386 351 962 427 54 18 53 623 497 387 979 847 226 764 664 362 315 803 
3 244 413 203 780 345 654 812 672 616 770 406 948 0 69 436 858 392 967 807 507 16 523 506 970 797 771 490 348 535 356 662 542 281 26 980 102 444 764 404 
442 41 824 442 410 527 734 651 585 791 312 930 79 69 0 69 752 120 424 196 541 683 24 599 807 320 876 870 535 270 275 882 436 127 964 821 467 607 230 424 
923 760 560 962 129 407 115 834 358 556 936 953 890 436 69 0 623 332 503 665 758 295 561 675 275 746 74 319 466 442 628 559 787 471 764 262 793 580 197 411 
131 271 725 806 323 484 856 910 140 131 851 932 985 858 752 623 0 641 363 34 469 434 347 818 528 508 121 562 860 431 928 664 510 158 550 526 379 699 663 678 
71 675 244 567 500 789 392 656 345 381 984 18 593 392 120 332 641 0 864 260 127 954 5 217 111 887 156 665 752 13 460 453 737 104 365 447 385 637 871 159 
339 749 958 427 177 381 141 547 753 708 631 826 169 967 424 503 363 864 0 595 180 907 50 617 61 14 769 636 784 985 215 631 628 504 490 590 677 551 694 407 
528 379 212 470 702 123 984 796 212 362 82 457 443 807 196 665 34 260 595 0 621 955 816 72 60 515 534 950 143 345 606 54 827 475 750 177 329 955 542 501 
601 620 640 728 274 25 792 383 310 771 249 988 309 507 541 758 469 127 180 621 0 456 858 984 57 192 193 610 131 183 250 510 310 41 290 349 835 979 745 206 
222 918 483 394 897 358 939 351 417 149 975 677 461 16 683 295 434 954 907 955 456 0 993 139 664 83 690 358 72 162 56 987 674 649 85 164 990 104 284 669 
889 783 504 638 612 800 527 213 883 77 828 109 386 523 24 561 347 5 50 816 858 993 0 213 480 146 292 854 286 902 917 17 916 57 963 846 300 397 424 86 
671 885 182 96 201 224 202 552 794 156 426 931 351 506 599 675 818 217 617 72 984 139 213 0 286 190 885 34 529 198 523 888 988 192 130 818 540 819 855 418 
480 733 376 401 166 94 867 320 352 381 639 156 962 970 807 275 528 111 61 60 57 664 480 286 0 126 966 943 967 672 895 170 458 799 168 173 197 785 381 581 
806 363 629 49 163 382 370 535 648 387 881 878 427 797 320 746 508 887 14 515 192 83 146 190 126 0 819 885 477 94 543 660 75 16 742 678 336 551 508 251 
769 283 845 547 782 64 291 264 859 690 673 297 54 771 876 74 121 156 769 534 193 690 292 885 966 819 0 206 396 191 319 563 438 407 298 966 72 249 444 454 
662 29 145 390 775 719 172 721 590 459 69 904 18 490 870 319 562 665 636 950 610 358 854 34 943 885 206 0 680 547 660 445 739 520 85 785 991 274 912 120 
241 963 606 480 369 611 156 753 408 320 398 608 53 348 535 466 860 752 784 143 131 72 286 529 967 477 396 680 0 689 418 868 98 811 233 274 996 637 992 549 
433 898 219 212 606 346 187 217 736 805 771 612 623 535 270 442 431 13 985 345 183 162 902 198 672 94 191 547 689 0 76 586 961 411 296 317 882 316 719 86 
903 259 826 352 563 448 248 468 857 874 840 344 497 356 275 628 928 460 215 606 250 56 917 523 895 543 319 660 418 76 0 234 767 338 73 984 441 905 936 332 
245 819 432 229 271 155 432 421 680 432 197 420 387 662 882 559 664 453 631 54 510 987 17 888 170 660 563 445 868 586 234 0 685 917 753 191 307 760 687 158 
61 422 22 597 99 855 141 688 603 122 590 2 979 542 436 787 510 737 628 827 310 674 916 988 458 75 438 739 98 961 767 685 0 144 405 67 453 700 968 639 
220 164 647 536 39 382 314 462 496 143 562 7 847 281 127 471 158 104 504 475 41 649 57 192 799 16 407 520 811 411 338 917 144 0 178 780 10 959 373 69 
175 752 462 551 697 267 847 661 165 118 92 740 226 26 964 764 550 365 490 750 290 85 963 130 168 742 298 85 233 296 73 753 405 178 0 272 731 391 317 651 
92 678 389 682 81 865 456 851 812 646 638 959 764 980 821 262 526 447 590 177 349 164 846 818 173 678 966 785 274 317 984 191 67 780 272 0 35 357 58 565 
937 219 196 748 466 358 740 914 682 249 398 614 664 102 467 793 379 385 677 329 835 990 300 540 197 336 72 991 996 882 441 307 453 10 731 35 0 536 714 771 
595 909 453 616 963 355 749 959 418 941 683 737 362 444 607 580 699 637 551 955 979 104 397 819 785 551 249 274 637 316 905 760 700 959 391 357 536 0 118 308 
994 674 471 262 759 107 661 789 907 154 216 724 315 764 230 197 663 871 694 542 745 284 424 855 381 508 444 912 992 719 936 687 968 373 317 58 714 118 0 334 
608 438 880 926 859 645 404 832 85 179 394 180 803 404 424 411 678 159 407 501 206 669 86 418 581 251 454 120 549 86 332 158 639 69 651 565 771 308 334 0 
0 126 967 3 402 677 779 108 336 163 560 406 758 84 949 92 343 412 137 145 504 795 72 723 464 46 690 655 998 241 838 432 640 767 699 643 199 129 479 950 
126 0 890 237 270 544 874 799 703 670 257 180 837 913 658 137 919 690 649 256 550 827 830 895 19 641 825 152 982 910 114 14 861 884 657 704 3 918 468 380 
967 890 0 315 696 764 910 496 811 637 792 933 866 670 602 683 310 879 697 820 523 390 912 894 547 230 914 66 629 884 884 947 112 885 579 642 217 634 841 336 
3 237 315 0 352 986 235 320 420 969 462 604 62 932 186 169 189 293 981 168 552 976 953 198 75 445 553 416 82 1 265 641 139 552 11 118 312 820 242 191 
402 270 696 352 0 750 602 654 469 951 289 488 420 754 838 120 814 373 111 841 841 835 265 399 705 204 590 308 327 425 488 814 5 967 763 372 132 505 752 789 
677 544 764 986 750 0 793 499 527 475 713 204 20 51 570 425 675 767 54 42 519 514 601 892 438 211 248 400 367 521 642 593 203 656 967 714 282 164 519 72 
779 874 910 235 602 793 0 694 512 664 239 462 995 522 233 202 291 453 248 290 38 873 170 886 365 293 796 332 562 461 939 433 190 987 789 136 738 440 366 252 
108 799 496 320 654 499 694 0 676 883 64 597 272 587 385 740 491 372 506 842 458 787 510 670 884 157 847 956 756 200 524 504 47 6 779 248 168 800 403 488 
336 703 811 420 469 527 512 676 0 459 279 36 719 929 835 528 941 254 69 567 142 772 697 7 117 614 701 780 128 778 124 980 901 356 100 431 14 940 754 228 
163 670 637 969 951 475 664 883 459 0 685 939 949 898 148 733 544 662 641 35 39 992 154 861 913 339 421 503 860 201 169 988 897 802 518 740 474 623 948 709 
560 257 792 462 289 713 239 64 279 685 0 473 113 297 125 843 470 936 452 910 834 75 305 331 52 227 851 304 496 990 483 849 257 68 838 77 828 158 648 174 
406 180 933 604 488 204 462 597 36 939 473 0 357 706 292 368 304 354 39 505 116 891 759 351 717 994 315 348 758 113 350 135 818 461 53 777 769 146 911 45 
758 837 866 62 420 20 995 272 719 949 113 357 0 309 717 921 653 695 794 545 48 233 523 500 922 418 176 482 924 397 838 631 329 891 882 46 943 131 308 389 
84 913 670 932 754 51 522 587 929 898 297 706 309 0 953 482 887 889 381 872 681 675 112 340 502 871 644 861 966 998 449 976 484 695 312 571 542 875 739 152 
949 658 602 186 838 570 233 385 835 148 125 292 717 953 0 188 730 652 457 833 858 308 403 28 706 194 818 819 349 376 174 204 974 876 398 678 111 802 483 329 
92 137 683 169 120 425 202 740 528 733 843 368 921 482 188 0 332 289 358 618 145 121 218 760 334 331 566 927 182 827 999 373 130 689 139 344 38 445 826 984 
343 919 310 189 814 675 291 491 941 544 470 304 653 887 730 332 0 487 318 961 113 845 908 847 660 778 697 552 211 309 385 996 709 933 70 266 281 969 321 533 
412 690 879 293 373 767 453 372 254 662 936 354 695 889 652 289 487 0 571 574 881 859 912 655 885 584 730 868 896 748 157 82 397 735 166 68 532 352 226 955 
137 649 697 981 111 54 248 506 69 641 452 39 794 381 457 358 318 571 0 269 573 822 608 685 575 85 688 918 495 602 407 600 183 150 907 53 702 297 898 473 
145 256 820 168 841 42 290 842 567 35 910 505 545 872 833 618 961 574 269 0 599 775 610 547 40 746 603 292 425 905 346 243 667 220 598 492 410 385 686 160 
504 550 523 552 841 519 38 458 142 39 834 116 48 681 858 145 113 881 573 599 0 746 381 708 609 977 381 127 710 242 863 837 775 603 188 580 408 737 7 21 
795 827 390 976 835 514 873 787 772 992 75 891 233 675 308 121 845 859 822 775 746 0 669 871 256 694 657 281 521 629 414 657 663 141 228 198 98 572 339 732 
72 830 912 953 265 601 170 510 697 154 305 759 523 112 403 218 908 912 608 610 381 669 0 616 509 78 201 146 197 800 895 428 321 352 139 223 968 64 819 544 
723 895 894 198 399 892 886 670 7 861 331 351 500 340 28 760 847 655 685 547 708 871 616 0 203 458 439 358 588 855 906 233 754 840 126 61 86 591 698 693 
464 19 547 75 705 438 365 884 117 913 52 717 922 502 706 334 660 885 575 40 609 256 509 203 0 678 64 766 490 956 5 542 594 779 815 625 633 87 325 66 
46 641 230 445 204 211 293 157 614 339 227 994 418 871 194 331 778 584 85 746 977 694 78 458 678 0 555 745 11 662 202 232 301 402 41 920 359 293 929 436 
690 825 914 553 590 248 796 847 701 421 851 315 176 644 818 566 697 730 688 603 381 657 201 439 64 555 0 616 117 921 553 766 322 917 530 801 711 51 750 52 
655 152 66 416 308 400 332 956 780 503 304 348 482 861 819 927 552 868 918 292 127 281 146 358 766 745 616 0 348 265 290 949 336 185 968 262 172 998 532 457 
998 982 629 82 327 367 562 756 128 860 496 758 924 966 349 182 211 896 495 425 710 521 197 588 490 11 117 348 0 15 874 693 505 976 85 468 149 720 895 302 
241 910 884 1 425 521 461 200 778 201 990 113 397 998 376 827 309 748 602 905 242 629 800 855 956 662 921 265 15 0 340 386 950 567 43 480 944 945 27 350 
838 114 884 265 488 642 939 524 124 169 483 350 838 449 174 999 385 157 407 346 863 414 895 906 5 202 553 290 874 340 0 380 598 55 981 466 59 582 766 197 
432 14 947 641 814 593 433 504 980 988 849 135 631 976 204 373 996 82 600 243 837 657 428 233 542 232 766 949 693 386 380 0 131 832 255 598 998 550 736 349 
640 861 112 139 5 203 190 47 901 897 257 818 329 484 974 130 709 397 183 667 775 663 321 754 594 301 322 336 505 950 598 131 0 863 980 101 127 39 877 449 
767 884 885 552 967 656 987 6 356 802 68 461 891 695 876 689 933 735 150 220 603 141 352 840 779 402 917 185 976 567 55 832 863 0 261 919 542 974 512 917 
699 657 579 11 763 967 789 779 100 518 838 53 882 312 398 139 70 166 907 598 188 228 139 126 815 41 530 968 85 43 981 255 980 261 0 508 844 893 113 954 
643 704 642 118 372 714 136 248 431 740 77 777 46 571 678 344 266 68 53 492 580 198 223 61 625 920 801 262 468 480 466 598 101 919 508 0 553 519 203 684 
199 3 217 312 132 282 738 168 14 474 828 769 943 542 111 38 281 532 702 410 408 98 968 86 633 359 711 172 149 944 59 998 127 542 844 553 0 730 41 738 
129 918 634 820 505 164 440 800 940 623 158 146 131 875 802 445 969 352 297 385 737 572 64 591 87 293 51 998 720 945 582 550 39 974 893 519 730 0 853 164 
479 468 841 242 752 519 366 403 754 948 648 911 308 739 483 826 321 226 898 686 7 339 819 698 325 929 750 532 895 27 766 736 877 512 113 203 41 853 0 299 
950 380 336 191 789 72 252 488 228 709 174 45 389 152 329 984 533 955 473 160 21 732 544 693 66 436 52 457 302 350 197 349 449 917 954 684 738 164 299 0 
