40 2
0 517 195 327 715 90 387 78 644 92 45 374 501 272 763 488 956 842 729 133 711 836 449 431 608 986 500 648 132 132 188 553 515 94 958 120 302 941 279 182 
517 0 917 814 781 989 132 624 487 235 241 164 635 858 97 269 571 515 782 562 457 757 417 787 327 53 446 193 867 579 839 778 279 694 426 404 284 617 837 529 
195 917 0 282 156 229 295 947 269 695 342 580 344 133 751 424 777 70 442 251 790 620 799 195 919 333 710 598 48 732 196 526 302 470 504 295 808 223 43 839 
327 814 282 0 125 124 207 379 633 813 969 168 433 498 955 53 915 586 909 924 807 329 803 522 164 297 752 138 543 315 411 498 332 261 560 93 875 321 612 179 
715 781 156 125 0 835 898 23 878 622 282 749 698 251 654 678 804 179 918 242 77 517 990 640 230 250 491 522 886 497 873 773 540 543 297 700 718 443 847 648 
90 989 229 124 835 0 189 937 545 527 25 148 266 963 872 232 701 860 436 651 346 137 432 842 925 294 756 155 874 413 267 216 153 188 13 377 19 157 292 557 
387 132 295 207 898 189 0 45 474 18 941 990 81 349 339 408 657 358 193 663 66 987 275 661 650 670 582 287 254 249 330 736 688 795 141 871 384 253 371 232 
78 624 947 379 23 937 45 0 3 941 188 730 428 832 12 774 585 63 234 781 653 169 836 833 389 752 375 732 499 216 165 447 98 321 871 191 40 950 974 680 
644 487 269 633 878 545 474 3 0 281 111 723 594 917 804 60 333 984 482 338 747 612 837 909 986 73 305 515 644 780 661 215 522 306 284 470 277 432 611 498 
92 235 695 813 622 527 18 941 281 0 926 834 995 611 984 718 899 643 498 404 717 753 200 31 226 684 448 588 862 400 155 731 80 165 616 466 98 44 635 100 
45 241 342 969 282 25 941 188 111 926 0 342 36 478 828 472 524 656 442 763 760 261 126 432 470 391 640 607 306 949 164 260 642 602 253 457 494 343 263 70 
374 164 580 168 749 148 990 730 723 834 342 0 211 88 869 676 811 149 520 560 270 40 838 25 125 333 262 325 774 8 454 903 598 52 720 484 489 267 657 717 
501 635 344 433 698 266 81 428 594 995 36 211 0 905 165 882 619 602 102 218 550 668 84 235 42 765 733 813 572 544 622 594 911 70 332 297 80 565 749 793 
272 858 133 498 251 963 349 832 917 611 478 88 905 0 796 730 774 159 701 245 598 11 188 97 51 312 756 345 136 638 20 76 622 31 604 434 136 585 208 990 
763 97 751 955 654 872 339 12 804 984 828 869 165 796 0 718 603 116 51 273 474 497 59 831 55 295 321 332 467 696 210 668 786 40 972 199 165 100 252 316 
488 269 424 53 678 232 408 774 60 718 472 676 882 730 718 0 959 224 239 7 408 164 967 408 102 715 698 906 389 380 7 22 215 523 272 447 509 884 824 274 
956 571 777 915 804 701 657 585 333 899 524 811 619 774 603 959 0 491 690 71 442 134 521 676 718 2 736 478 698 536 602 295 566 152 547 44 935 824 825 407 
842 515 70 586 179 860 358 63 984 643 656 149 602 159 116 224 491 0 328 68 634 40 691 768 594 656 298 318 182 130 924 642 432 962 353 477 676 195 749 795 
729 782 442 909 918 436 193 234 482 498 442 520 102 701 51 239 690 328 0 203 235 677 198 836 483 493 989 652 971 410 31 279 238 818 472 691 301 96 700 911 
133 562 251 924 242 651 663 781 338 404 763 560 218 245 273 7 71 68 203 0 849 625 142 193 221 160 504 299 960 294 771 594 371 551 774 393 47 781 315 20 
711 457 790 807 77 346 66 653 747 717 760 270 550 598 474 408 442 634 235 849 0 594 139 562 815 940 522 307 316 376 4 550 919 258 853 468 531 613 709 452 
836 757 620 329 517 137 987 169 612 753 261 40 668 11 497 164 134 40 677 625 594 0 893 589 53 874 515 623 477 310 517 818 335 919 585 340 982 71 831 947 
449 417 799 803 990 432 275 836 837 200 126 838 84 188 59 967 521 691 198 142 139 893 0 64 485 446 724 897 757 214 752 247 218 934 455 278 749 393 113 503 
431 787 195 522 640 842 661 833 909 31 432 25 235 97 831 408 676 768 836 193 562 589 64 0 360 443 100 933 811 223 290 923 408 343 521 360 421 408 671 219 
608 327 919 164 230 925 650 389 986 226 470 125 42 51 55 102 718 594 483 221 815 53 485 360 0 315 855 553 401 253 980 150 101 698 130 425 145 76 648 158 
986 53 333 297 250 294 670 752 73 684 391 333 765 312 295 715 2 656 493 160 940 874 446 443 315 0 487 64 637 413 536 138 940 880 7 675 684 488 303 731 
500 446 710 752 491 756 582 375 305 448 640 262 733 756 321 698 736 298 989 504 522 515 724 100 855 487 0 985 503 288 185 887 925 926 211 510 387 986 441 807 
648 193 598 138 522 155 287 732 515 588 607 325 813 345 332 906 478 318 652 299 307 623 897 933 553 64 985 0 125 8 829 314 97 100 345 105 367 550 646 79 
132 867 48 543 886 874 254 499 644 862 306 774 572 136 467 389 698 182 971 960 316 477 757 811 401 637 503 125 0 255 736 210 368 926 342 197 575 299 149 850 
132 579 732 315 497 413 249 216 780 400 949 8 544 638 696 380 536 130 410 294 376 310 214 223 253 413 288 8 255 0 78 162 263 222 818 751 760 518 481 134 
188 839 196 411 873 267 330 165 661 155 164 454 622 20 210 7 602 924 31 771 4 517 752 290 980 536 185 829 736 78 0 29 177 694 887 267 41 531 975 770 
553 778 526 498 773 216 736 447 215 731 260 903 594 76 668 22 295 642 279 594 550 818 247 923 150 138 887 314 210 162 29 0 199 458 548 129 581 187 304 79 
515 279 302 332 540 153 688 98 522 80 642 598 911 622 786 215 566 432 238 371 919 335 218 408 101 940 925 97 368 263 177 199 0 19 77 846 290 367 995 243 
94 694 470 261 543 188 795 321 306 165 602 52 70 31 40 523 152 962 818 551 258 919 934 343 698 880 926 100 926 222 694 458 19 0 914 108 122 629 334 497 
958 426 504 560 297 13 141 871 284 616 253 720 332 604 972 272 547 353 472 774 853 585 455 521 130 7 211 345 342 818 887 548 77 914 0 219 267 814 223 305 
120 404 295 93 700 377 871 191 470 466 457 484 297 434 199 447 44 477 691 393 468 340 278 360 425 675 510 105 197 751 267 129 846 108 219 0 398 692 940 280 
302 284 808 875 718 19 384 40 277 98 494 489 80 136 165 509 935 676 301 47 531 982 749 421 145 684 387 367 575 760 41 581 290 122 267 398 0 660 385 511 
941 617 223 321 443 157 253 950 432 44 343 267 565 585 100 884 824 195 96 781 613 71 393 408 76 488 986 550 299 518 531 187 367 629 814 692 660 0 947 828 
279 837 43 612 847 292 371 974 611 635 263 657 749 208 252 824 825 749 700 315 709 831 113 671 648 303 441 646 149 481 975 304 995 334 223 940 385 947 0 415 
182 529 839 179 648 557 232 680 498 100 70 717 793 990 316 274 407 795 911 20 452 947 503 219 158 731 807 79 850 134 770 79 243 497 305 280 511 828 415 0 
0 159 30 470 161 616 171 821 770 524 641 47 571 350 952 168 743 355 428 67 636 210 712 629 519 174 563 640 706 276 72 732 322 54 123 330 412 591 470 680 
159 0 323 231 554 696 573 239 129 993 181 201 946 179 414 250 230 934 495 319 613 233 366 521 4 295 501 901 960 851 805 633 232 777 410 135 804 567 767 140 
30 323 0 860 108 420 422 463 98 389 522 360 82 704 795 293 484 739 630 934 186 900 402 583 959 699 100 876 19 142 823 236 193 444 688 117 503 572 374 194 
470 231 860 0 470 133 904 220 451 560 26 263 161 900 421 669 943 916 92 352 511 201 479 397 738 69 219 707 414 693 23 469 284 483 148 469 420 404 321 497 
161 554 108 470 0 638 349 343 721 263 334 587 326 376 749 202 856 846 509 354 556 311 872 688 773 374 957 233 477 369 486 471 459 90 387 43 891 732 336 135 
616 696 420 133 638 0 453 5 929 910 122 757 562 952 74 656 859 659 871 694 496 862 51 766 751 381 92 203 558 293 992 182 452 537 742 337 444 134 873 756 
171 573 422 904 349 453 0 660 582 930 299 117 529 768 63 780 331 973 658 690 879 669 740 5 314 51 560 10 960 695 833 449 151 662 628 961 503 581 658 673 
821 239 463 220 343 5 660 0 298 189 616 920 756 871 822 136 965 68 436 752 584 6 97 302 974 487 520 644 653 207 483 791 626 202 146 762 633 685 3 115 
770 129 98 451 721 929 582 298 0 275 183 936 603 344 123 281 44 329 481 588 836 331 746 560 539 614 289 227 694 26 275 708 684 974 601 846 776 108 880 10 
524 993 389 560 263 910 930 189 275 0 415 120 327 899 642 939 978 780 417 441 915 197 128 610 973 340 693 772 869 492 213 109 864 771 65 853 237 79 303 605 
641 181 522 26 334 122 299 616 183 415 0 957 1 616 903 220 871 455 541 422 683 841 95 305 509 725 642 92 640 143 7 658 754 884 208 252 512 531 633 663 
47 201 360 263 587 757 117 920 936 120 957 0 10 940 918 937 279 338 550 490 629 73 460 895 283 192 283 271 701 652 595 183 620 230 163 43 413 617 87 237 
571 946 82 161 326 562 529 756 603 327 1 10 0 435 53 26 419 460 5 147 887 543 615 536 702 721 656 399 310 230 45 315 319 742 825 601 995 496 613 308 
350 179 704 900 376 952 768 871 344 899 616 940 435 0 673 160 184 674 280 147 21 826 322 709 43 926 156 448 3 228 171 532 480 164 492 174 630 55 488 459 
952 414 795 421 749 74 63 822 123 642 903 918 53 673 0 793 532 757 622 667 879 886 97 325 503 921 378 172 816 929 544 88 923 981 95 777 884 115 303 385 
168 250 293 669 202 656 780 136 281 939 220 937 26 160 793 0 812 582 743 737 819 440 756 182 607 175 725 412 406 339 659 515 820 333 330 612 178 742 279 941 
743 230 484 943 856 859 331 965 44 978 871 279 419 184 532 812 0 991 362 297 443 293 171 599 364 549 218 826 712 290 571 839 62 736 65 298 932 391 589 432 
355 934 739 916 846 659 973 68 329 780 455 338 460 674 757 582 991 0 643 32 330 802 526 689 493 868 779 560 748 24 407 513 191 666 936 30 492 372 242 976 
428 495 630 92 509 871 658 436 481 417 541 550 5 280 622 743 362 643 0 955 434 450 186 924 770 166 194 880 182 84 291 829 894 73 372 479 369 794 984 623 
67 319 934 352 354 694 690 752 588 441 422 490 147 147 667 737 297 32 955 0 756 379 989 503 257 914 323 879 935 990 736 410 358 728 618 682 199 751 987 702 
636 613 186 511 556 496 879 584 836 915 683 629 887 21 879 819 443 330 434 756 0 40 159 650 641 469 40 764 345 959 356 92 156 279 802 439 797 681 627 498 
210 233 900 201 311 862 669 6 331 197 841 73 543 826 886 440 293 802 450 379 40 0 346 687 34 10 598 462 896 978 793 735 215 934 430 132 902 197 778 408 
712 366 402 479 872 51 740 97 746 128 95 460 615 322 97 756 171 526 186 989 159 346 0 642 827 865 910 986 258 390 114 548 395 819 886 1 90 290 358 295 
629 521 583 397 688 766 5 302 560 610 305 895 536 709 325 182 599 689 924 503 650 687 642 0 618 472 558 12 901 121 695 437 438 213 919 843 458 22 901 467 
519 4 959 738 773 751 314 974 539 973 509 283 702 43 503 607 364 493 770 257 641 34 827 618 0 536 627 800 710 994 291 588 962 373 583 893 393 480 668 141 
174 295 699 69 374 381 51 487 614 340 725 192 721 926 921 175 549 868 166 914 469 10 865 472 536 0 599 437 591 468 535 473 399 691 13 291 451 525 607 788 
563 501 100 219 957 92 560 520 289 693 642 283 656 156 378 725 218 779 194 323 40 598 910 558 627 599 0 912 727 741 11 842 883 170 35 893 479 84 161 581 
640 901 876 707 233 203 10 644 227 772 92 271 399 448 172 412 826 560 880 879 764 462 986 12 800 437 912 0 835 420 659 819 775 948 807 445 714 131 528 520 
706 960 19 414 477 558 960 653 694 869 640 701 310 3 816 406 712 748 182 935 345 896 258 901 710 591 727 835 0 945 289 430 175 283 728 894 904 830 870 230 
276 851 142 693 369 293 695 207 26 492 143 652 230 228 929 339 290 24 84 990 959 978 390 121 994 468 741 420 945 0 59 635 310 614 857 180 928 373 645 85 
72 805 823 23 486 992 833 483 275 213 7 595 45 171 544 659 571 407 291 736 356 793 114 695 291 535 11 659 289 59 0 362 373 300 695 573 237 232 844 655 
732 633 236 469 471 182 449 791 708 109 658 183 315 532 88 515 839 513 829 410 92 735 548 437 588 473 842 819 430 635 362 0 171 222 25 216 136 840 991 174 
322 232 193 284 459 452 151 626 684 864 754 620 319 480 923 820 62 191 894 358 156 215 395 438 962 399 883 775 175 310 373 171 0 761 564 733 807 143 914 239 
54 777 444 483 90 537 662 202 974 771 884 230 742 164 981 333 736 666 73 728 279 934 819 213 373 691 170 948 283 614 300 222 761 0 170 485 83 302 561 714 
123 410 688 148 387 742 628 146 601 65 208 163 825 492 95 330 65 936 372 618 802 430 886 919 583 13 35 807 728 857 695 25 564 170 0 671 998 374 528 647 
330 135 117 469 43 337 961 762 846 853 252 43 601 174 777 612 298 30 479 682 439 132 1 843 893 291 893 445 894 180 573 216 733 485 671 0 559 65 118 421 
412 804 503 420 891 444 503 633 776 237 512 413 995 630 884 178 932 492 369 199 797 902 90 458 393 451 479 714 904 928 237 136 807 83 998 559 0 839 593 149 
591 567 572 404 732 134 581 685 108 79 531 617 496 55 115 742 391 372 794 751 681 197 290 22 480 525 84 131 830 373 232 840 143 302 374 65 839 0 622 332 
470 767 374 321 336 873 658 3 880 303 633 87 613 488 303 279 589 242 984 987 627 778 358 901 668 607 161 528 870 645 844 991 914 561 528 118 593 622 0 972 
680 140 194 497 135 756 673 115 10 605 663 237 308 459 385 941 432 976 623 702 498 408 295 467 141 788 581 520 230 85 655 174 239 714 647 421 149 332 972 0 
0 106 950 445 995 176 730 561 505 361 852 896 783 325 268 890 104 432 821 939 229 936 211 119 481 461 612 908 748 852 649 812 306 702 771 273 521 372 512 292 
106 0 255 319 415 800 574 930 857 504 316 425 102 172 633 884 225 522 430 660 333 556 283 208 464 777 596 266 329 76 801 532 426 736 499 424 725 516 319 679 
950 255 0 55 345 360 104 827 838 805 331 201 704 627 241 583 201 503 129 72 738 486 587 430 207 310 620 516 903 949 407 941 742 272 388 708 240 111 166 399 
445 319 55 0 245 262 286 3 870 278 951 887 795 271 473 666 237 198 548 679 315 519 664 537 56 721 879 20 538 309 927 381 588 477 447 740 819 646 975 171 
995 415 345 245 0 465 567 510 71 551 470 130 884 339 831 275 124 643 620 520 283 747 149 706 576 712 479 695 413 877 475 680 719 657 704 517 198 697 516 255 
176 800 360 262 465 0 423 419 377 129 396 281 481 81 621 404 653 147 379 263 509 540 717 207 359 350 324 418 729 972 170 558 704 909 447 790 631 799 13 197 
730 574 104 286 567 423 0 377 180 228 597 922 853 222 663 597 784 318 238 484 253 746 516 991 701 780 526 825 73 143 241 355 611 682 15 214 152 804 606 250 
561 930 827 3 510 419 377 0 850 944 601 581 739 115 486 612 647 649 573 271 353 739 691 488 452 758 11 377 596 470 631 222 619 302 788 285 491 277 924 658 
505 857 838 870 71 377 180 850 0 598 410 64 545 753 686 949 569 905 757 220 448 722 73 725 245 608 624 549 966 982 937 20 394 166 145 249 37 653 67 774 
361 504 805 278 551 129 228 944 598 0 330 981 215 796 565 195 217 325 688 303 737 599 873 278 571 382 650 106 674 786 276 634 120 140 723 173 109 582 523 121 
852 316 331 951 470 396 597 601 410 330 0 637 874 681 858 588 229 820 306 338 388 495 668 735 436 329 312 923 337 986 862 368 46 517 442 595 652 393 194 626 
896 425 201 887 130 281 922 581 64 981 637 0 998 597 338 268 974 848 929 406 530 706 659 375 454 965 422 592 698 623 16 800 768 929 280 674 664 87 584 683 
783 102 704 795 884 481 853 739 545 215 874 998 0 539 649 595 827 777 920 881 509 680 375 508 914 44 148 422 778 327 902 418 179 565 300 155 150 529 735 436 
325 172 627 271 339 81 222 115 753 796 681 597 539 0 156 819 498 232 853 775 862 320 349 490 815 32 760 137 563 472 688 888 853 984 320 669 782 521 190 776 
268 633 241 473 831 621 663 486 686 565 858 338 649 156 0 213 52 347 731 428 534 34 700 803 871 314 688 721 246 58 309 506 224 105 347 361 886 587 587 360 
890 884 583 666 275 404 597 612 949 195 588 268 595 819 213 0 120 360 433 686 25 668 838 524 559 427 307 810 934 113 375 556 710 201 629 579 861 242 935 421 
104 225 201 237 124 653 784 647 569 217 229 974 827 498 52 120 0 256 958 491 866 447 584 599 578 609 784 166 851 820 490 357 256 955 839 706 545 725 781 626 
432 522 503 198 643 147 318 649 905 325 820 848 777 232 347 360 256 0 802 910 999 272 513 334 87 575 20 171 330 896 713 692 504 247 324 540 323 576 403 44 
821 430 129 548 620 379 238 573 757 688 306 929 920 853 731 433 958 802 0 256 551 631 249 35 251 876 739 73 647 661 442 748 350 926 522 831 271 375 189 989 
939 660 72 679 520 263 484 271 220 303 338 406 881 775 428 686 491 910 256 0 777 780 710 813 553 457 763 299 16 294 383 902 470 523 450 487 295 243 81 53 
229 333 738 315 283 509 253 353 448 737 388 530 509 862 534 25 866 999 551 777 0 628 639 569 356 126 962 206 471 817 875 632 688 833 380 692 294 775 40 664 
936 556 486 519 747 540 746 739 722 599 495 706 680 320 34 668 447 272 631 780 628 0 384 525 887 980 541 730 48 429 111 134 706 136 706 392 67 614 216 844 
211 283 587 664 149 717 516 691 73 873 668 659 375 349 700 838 584 513 249 710 639 384 0 148 278 609 175 355 603 903 736 490 707 324 183 746 835 601 658 868 
119 208 430 537 706 207 991 488 725 278 735 375 508 490 803 524 599 334 35 813 569 525 148 0 415 588 709 963 126 572 339 451 747 889 249 131 106 800 68 432 
481 464 207 56 576 359 701 452 245 571 436 454 914 815 871 559 578 87 251 553 356 887 278 415 0 365 335 518 233 174 871 566 193 587 743 91 608 834 326 665 
461 777 310 721 712 350 780 758 608 382 329 965 44 32 314 427 609 575 876 457 126 980 609 588 365 0 490 56 468 137 242 299 465 276 629 720 639 802 258 182 
612 596 620 879 479 324 526 11 624 650 312 422 148 760 688 307 784 20 739 763 962 541 175 709 335 490 0 465 183 261 690 370 322 756 832 189 965 605 215 552 
908 266 516 20 695 418 825 377 549 106 923 592 422 137 721 810 166 171 73 299 206 730 355 963 518 56 465 0 94 406 521 63 416 321 121 11 336 629 478 61 
748 329 903 538 413 729 73 596 966 674 337 698 778 563 246 934 851 330 647 16 471 48 603 126 233 468 183 94 0 293 505 696 803 333 766 444 366 515 103 69 
852 76 949 309 877 972 143 470 982 786 986 623 327 472 58 113 820 896 661 294 817 429 903 572 174 137 261 406 293 0 836 350 792 319 51 843 474 912 581 189 
649 801 407 927 475 170 241 631 937 276 862 16 902 688 309 375 490 713 442 383 875 111 736 339 871 242 690 521 505 836 0 601 912 702 828 806 565 445 649 156 
812 532 941 381 680 558 355 222 20 634 368 800 418 888 506 556 357 692 748 902 632 134 490 451 566 299 370 63 696 350 601 0 647 786 556 356 374 63 167 931 
306 426 742 588 719 704 611 619 394 120 46 768 179 853 224 710 256 504 350 470 688 706 707 747 193 465 322 416 803 792 912 647 0 67 247 281 868 801 206 904 
702 736 272 477 657 909 682 302 166 140 517 929 565 984 105 201 955 247 926 523 833 136 324 889 587 276 756 321 333 319 702 786 67 0 88 327 794 973 533 217 
771 499 388 447 704 447 15 788 145 723 442 280 300 320 347 629 839 324 522 450 380 706 183 249 743 629 832 121 766 51 828 556 247 88 0 10 146 944 972 324 
273 424 708 740 517 790 214 285 249 173 595 674 155 669 361 579 706 540 831 487 692 392 746 131 91 720 189 11 444 843 806 356 281 327 10 0 90 678 663 441 
521 725 240 819 198 631 152 491 37 109 652 664 150 782 886 861 545 323 271 295 294 67 835 106 608 639 965 336 366 474 565 374 868 794 146 90 0 197 612 399 
372 516 111 646 697 799 804 277 653 582 393 87 529 521 587 242 725 576 375 243 775 614 601 800 834 802 605 629 515 912 445 63 801 973 944 678 197 0 205 800 
512 319 166 975 516 13 606 924 67 523 194 584 735 190 587 935 781 403 189 81 40 216 658 68 326 258 215 478 103 581 649 167 206 533 972 663 612 205 0 28 
292 679 399 171 255 197 250 658 774 121 626 683 436 776 360 421 626 44 989 53 664 844 868 432 665 182 552 61 69 189 156 931 904 217 324 441 399 800 28 0 
