5 4
0 1 862 105 5 
1 0 100 377 177 
862 100 0 804 728 
105 377 804 0 463 
5 177 728 463 0 
0 217 533 367 492 
217 0 287 377 10 
533 287 0 814 810 
367 377 814 0 759 
492 10 810 759 0 
0 986 195 344 912 
986 0 508 410 500 
195 508 0 256 700 
344 410 256 0 635 
912 500 700 635 0 
0 297 341 841 333 
297 0 827 641 24 
341 827 0 416 224 
841 641 416 0 781 
333 24 224 781 0 
0 543 714 590 188 
543 0 104 327 495 
714 104 0 39 952 
590 327 39 0 125 
188 495 952 125 0 
