100 3
0 394 848 85 551 472 314 207 528 836 179 432 47 160 51 469 690 396 562 778 89 267 82 770 56 586 321 592 616 529 499 182 450 347 936 724 908 587 3 646 727 351 806 63 432 116 254 667 755 576 646 440 255 831 649 622 367 519 968 11 309 256 367 359 120 663 138 75 635 454 815 12 161 867 521 965 973 629 705 615 358 892 341 125 663 52 204 253 163 916 810 318 98 720 426 589 101 536 32 161 
394 0 369 614 565 709 526 993 71 108 166 210 444 88 979 363 936 636 14 782 874 379 995 170 299 426 492 729 218 707 654 57 983 600 355 676 607 424 251 930 920 853 428 972 885 998 182 581 808 734 969 639 49 944 737 979 868 641 5 993 548 94 393 743 450 857 95 234 423 513 548 390 295 415 206 681 172 569 525 785 789 246 38 568 328 614 822 824 298 517 140 569 132 383 996 38 959 248 840 796 
848 369 0 706 156 73 904 186 127 30 633 575 670 474 634 141 966 90 860 511 466 804 586 389 931 146 35 357 912 199 89 150 777 452 849 120 176 116 487 203 36 939 882 497 186 153 647 583 578 345 35 908 606 377 278 45 410 673 2 398 47 429 518 114 631 912 106 654 764 792 582 303 973 888 240 855 777 198 545 613 716 610 20 903 880 936 704 198 637 137 464 152 779 32 673 333 69 507 918 724 
85 614 706 0 581 491 672 241 74 661 471 212 450 422 300 46 858 25 252 102 390 148 462 908 185 538 483 654 160 135 712 226 224 520 946 578 923 749 617 901 539 578 733 957 723 890 907 614 201 931 629 342 724 913 826 629 29 165 60 933 954 53 722 915 321 349 850 59 535 212 727 621 139 65 866 676 133 320 415 893 432 46 992 964 210 208 134 125 798 757 528 483 456 199 821 560 537 550 674 293 
551 565 156 581 0 717 42 187 24 271 574 120 144 722 113 302 219 780 960 361 131 315 486 7 641 887 719 345 893 677 431 914 560 407 733 585 987 854 470 705 508 864 992 324 2 234 868 356 19 637 133 717 312 752 748 436 638 827 546 304 114 129 844 874 844 613 341 285 672 471 631 589 510 403 250 251 625 163 310 956 428 424 547 776 996 590 28 639 606 999 963 937 552 682 797 634 478 111 609 219 
472 709 73 491 717 0 833 261 857 778 881 906 419 312 62 567 69 224 326 502 674 39 171 806 349 93 795 22 842 135 415 674 344 685 728 754 665 36 763 950 734 188 746 747 459 917 640 938 319 500 833 964 406 165 117 531 710 665 101 3 939 330 876 926 963 963 109 29 871 255 209 750 590 904 357 812 754 965 178 452 191 548 596 629 485 432 665 885 49 119 314 726 508 370 194 844 808 567 868 567 
314 526 904 672 42 833 0 124 147 579 51 414 218 810 816 216 400 444 650 731 236 93 247 62 101 48 594 816 355 264 860 724 628 990 944 946 732 132 61 877 363 41 409 334 127 269 742 410 860 721 485 412 243 89 450 853 620 105 104 468 768 672 994 950 757 548 733 117 725 653 890 205 788 306 511 678 983 713 717 422 301 492 679 175 788 609 664 180 838 740 66 444 615 45 753 10 304 512 537 426 
207 993 186 241 187 261 124 0 545 165 660 171 26 222 801 55 836 729 950 278 390 463 410 26 112 647 236 252 38 336 296 400 160 262 500 564 126 799 717 503 782 84 27 103 6 521 129 456 681 40 738 556 598 216 771 7 348 838 455 752 25 633 584 155 260 263 73 469 540 349 367 726 713 831 763 816 244 482 795 213 292 771 370 753 138 336 71 42 971 755 49 345 461 390 502 946 851 90 943 542 
528 71 127 74 24 857 147 545 0 509 239 334 878 13 266 428 697 807 546 824 287 313 807 811 441 549 455 848 918 501 71 136 493 817 333 553 707 602 188 746 35 273 77 626 106 179 390 758 520 816 7 811 887 748 943 455 434 515 450 608 300 307 212 64 598 26 673 498 239 629 818 456 472 747 368 195 39 330 757 217 586 696 448 23 356 138 664 632 315 467 201 567 712 197 118 485 115 284 140 463 
836 108 30 661 271 778 579 165 509 0 449 865 816 645 567 740 798 346 46 98 528 118 260 190 654 891 678 618 420 747 428 105 339 323 786 173 3 247 593 669 901 787 176 223 836 58 621 895 184 995 509 628 685 104 611 291 390 644 468 91 783 856 121 527 75 883 257 311 812 301 444 571 830 706 938 105 447 448 541 746 564 939 963 91 83 758 560 351 816 518 199 687 988 699 524 10 458 415 114 9 
179 166 633 471 574 881 51 660 239 449 0 279 194 182 669 297 431 43 91 10 757 991 880 369 734 549 30 300 119 938 614 580 142 114 751 957 924 49 239 182 646 78 961 150 766 737 17 925 793 440 35 41 247 12 991 886 448 609 329 594 932 104 365 626 947 775 629 938 649 187 362 181 722 216 704 131 204 620 499 629 440 203 722 660 51 469 78 543 198 190 998 319 44 953 131 259 915 707 410 845 
432 210 575 212 120 906 414 171 334 865 279 0 332 652 136 936 314 976 21 504 427 121 377 929 711 107 424 715 719 627 375 814 885 978 624 412 492 31 275 284 407 192 580 689 69 364 553 226 811 290 369 294 452 639 55 278 417 222 374 918 985 600 518 785 584 32 740 194 779 259 695 651 440 289 783 117 385 736 999 811 429 3 883 487 327 673 302 71 537 634 359 938 831 392 943 63 216 843 504 484 
47 444 670 450 144 419 218 26 878 816 194 332 0 272 127 857 948 145 493 869 112 586 19 121 421 488 631 44 454 747 289 834 925 680 265 96 867 685 357 666 588 608 37 232 738 76 106 861 315 410 503 976 35 649 220 172 929 752 385 53 128 522 666 842 862 249 739 849 813 975 265 548 364 365 551 39 599 258 348 183 860 271 609 799 490 221 39 529 13 707 187 115 789 681 490 142 457 634 869 300 
160 88 474 422 722 312 810 222 13 645 182 652 272 0 614 339 901 729 953 496 998 381 15 195 160 273 414 849 925 279 978 169 725 309 832 549 709 816 625 274 180 333 500 28 440 666 32 155 717 222 566 912 801 812 697 143 358 552 52 393 341 284 373 792 860 771 492 73 520 228 958 898 440 544 159 10 708 560 153 795 861 548 307 202 888 817 597 870 289 974 411 834 766 65 735 604 742 142 460 60 
51 979 634 300 113 62 816 801 266 567 669 136 127 614 0 962 919 785 459 748 175 837 176 485 587 134 846 201 541 524 162 19 48 248 303 948 890 743 485 329 438 996 212 702 92 99 160 754 220 937 609 819 644 915 560 347 909 946 24 179 848 513 626 330 410 35 568 587 382 296 656 350 846 714 139 438 359 447 882 172 968 181 978 953 874 975 414 483 442 9 235 877 677 348 87 845 123 765 628 742 
469 363 141 46 302 567 216 55 428 740 297 936 857 339 962 0 736 717 806 823 192 589 423 864 979 340 763 578 743 712 585 965 148 601 377 914 933 427 273 756 899 88 397 535 653 428 208 304 750 717 904 820 765 202 729 285 495 609 293 359 726 539 113 481 246 922 655 782 944 545 615 309 450 968 468 199 238 186 944 413 581 349 614 575 515 944 451 70 543 444 375 799 327 577 377 625 357 282 906 435 
690 936 966 858 219 69 400 836 697 798 431 314 948 901 919 736 0 625 10 603 182 914 412 638 749 379 271 418 834 861 600 678 770 766 605 980 314 425 133 742 695 285 535 760 580 332 403 594 540 865 123 630 628 825 569 315 322 853 669 392 664 32 784 870 116 672 244 962 433 709 127 86 704 561 860 793 40 119 662 878 46 734 441 713 820 970 95 864 693 83 559 605 453 130 862 743 933 269 938 472 
396 636 90 25 780 224 444 729 807 346 43 976 145 729 785 717 625 0 975 905 785 825 554 624 816 413 305 202 686 317 181 821 602 242 444 458 419 4 397 574 2 862 401 782 220 758 126 775 530 27 316 820 910 387 920 88 943 108 159 23 565 118 261 863 809 851 835 138 836 36 987 390 269 249 758 902 915 589 294 984 740 699 75 650 558 445 512 669 475 721 777 363 306 878 80 60 24 106 945 65 
562 14 860 252 960 326 650 950 546 46 91 21 493 953 459 806 10 975 0 737 289 885 625 67 551 589 414 56 129 876 91 839 549 1000 448 793 622 710 81 594 843 922 39 490 694 134 749 509 572 916 935 42 463 45 751 82 623 974 453 154 243 423 932 422 869 549 761 922 583 303 110 39 247 383 932 944 76 307 234 562 592 374 307 207 476 581 186 333 104 274 438 935 515 683 454 566 416 925 240 63 
778 782 511 102 361 502 731 278 824 98 10 504 869 496 748 823 603 905 737 0 161 523 249 666 983 243 388 689 509 866 932 947 779 907 214 902 430 988 446 152 88 321 784 838 556 941 293 146 347 862 235 341 144 991 774 490 800 115 32 690 981 634 104 146 543 486 114 544 505 421 77 751 824 903 542 323 620 65 615 949 103 925 365 315 881 992 25 242 808 933 814 776 703 825 675 421 931 204 220 728 
89 874 466 390 131 674 236 390 287 528 757 427 112 998 175 192 182 785 289 161 0 125 813 315 670 300 880 616 899 499 105 620 130 199 811 564 444 512 12 708 146 191 218 529 487 495 759 789 441 195 55 332 243 225 941 864 953 935 440 214 980 214 995 817 68 116 474 956 219 976 867 911 733 158 622 394 830 304 917 406 145 877 297 739 183 548 454 285 639 974 893 669 299 769 458 586 686 826 883 464 
267 379 804 148 315 39 93 463 313 118 991 121 586 381 837 589 914 825 885 523 125 0 708 263 459 901 138 132 90 937 108 830 138 807 3 575 403 187 364 982 940 734 972 742 337 335 373 231 752 831 980 164 851 306 117 934 211 331 101 827 255 229 578 957 245 60 666 750 952 364 654 176 2 962 369 814 732 472 831 455 803 372 638 773 900 70 614 891 494 761 650 239 192 906 267 167 429 730 562 739 
82 995 586 462 486 171 247 410 807 260 880 377 19 15 176 423 412 554 625 249 813 708 0 50 500 805 300 185 573 529 835 677 640 48 833 879 1000 541 763 434 560 755 581 742 53 749 70 966 741 191 7 66 414 67 439 843 390 786 805 915 59 813 549 417 314 189 471 327 191 868 621 525 245 552 689 209 578 737 589 177 984 640 308 150 416 420 833 399 235 840 337 667 285 662 775 95 741 976 161 200 
770 170 389 908 7 806 62 26 811 190 369 929 121 195 485 864 638 624 67 666 315 263 50 0 834 220 853 926 443 947 113 991 948 529 749 240 57 991 312 116 555 576 53 100 389 506 645 664 687 694 996 904 395 25 354 755 598 534 491 202 155 327 673 887 712 679 265 536 701 377 714 928 493 65 69 431 573 359 286 306 571 230 876 245 516 45 25 898 512 296 841 75 990 986 403 338 46 316 344 392 
56 299 931 185 641 349 101 112 441 654 734 711 421 160 587 979 749 816 551 983 670 459 500 834 0 655 475 93 604 994 99 902 760 787 126 504 730 511 104 837 329 633 714 200 942 809 814 459 76 687 910 667 88 736 329 608 754 976 611 597 716 465 199 157 991 515 692 723 959 472 825 803 827 224 329 468 370 187 128 22 323 417 342 565 617 329 430 677 123 229 92 237 726 501 615 515 572 173 74 377 
586 426 146 538 887 93 48 647 549 891 549 107 488 273 134 340 379 413 589 243 300 901 805 220 655 0 817 474 926 434 267 483 389 712 99 680 341 423 651 984 526 726 5 238 491 45 447 908 670 648 920 961 226 297 152 404 331 444 338 945 669 379 898 679 930 364 534 608 437 327 649 531 888 524 155 438 878 880 669 74 934 33 591 465 867 836 957 208 23 69 93 122 23 573 492 652 199 34 863 722 
321 492 35 483 719 795 594 236 455 678 30 424 631 414 846 763 271 305 414 388 880 138 300 853 475 817 0 562 684 25 641 349 740 46 852 97 925 74 80 994 681 256 920 726 696 971 570 580 103 599 619 608 514 938 181 723 439 475 263 964 427 975 25 41 751 727 285 832 820 536 960 793 903 610 348 18 881 824 289 730 162 487 142 564 879 223 17 201 885 909 125 825 2 2 297 792 258 10 467 412 
592 729 357 654 345 22 816 252 848 618 300 715 44 849 201 578 418 202 56 689 616 132 185 926 93 474 562 0 753 501 110 840 203 799 854 452 691 655 657 63 236 525 349 437 802 128 717 352 993 980 231 514 529 542 977 11 71 246 871 824 784 693 64 136 393 120 176 232 45 711 897 67 873 369 857 282 899 807 551 432 242 941 413 752 65 957 502 611 628 612 950 885 438 897 725 18 288 692 923 554 
616 218 912 160 893 842 355 38 918 420 119 719 454 925 541 743 834 686 129 509 899 90 573 443 604 926 684 753 0 656 543 643 179 874 558 632 270 665 141 703 983 508 498 118 17 114 904 26 233 514 1000 519 303 74 811 941 421 804 911 318 714 824 112 638 840 915 822 347 510 21 94 675 842 805 145 160 695 139 980 500 961 79 391 901 791 882 317 45 986 581 193 109 112 437 890 596 85 536 627 773 
529 707 199 135 677 135 264 336 501 747 938 627 747 279 524 712 861 317 876 866 499 937 529 947 994 434 25 501 656 0 67 201 778 932 493 177 507 624 219 863 538 398 442 861 894 193 567 591 547 901 914 539 896 905 308 469 380 855 696 807 279 97 40 433 263 11 889 477 499 733 871 301 735 139 787 495 621 364 310 406 638 1000 470 852 35 618 235 620 840 581 157 359 661 954 479 908 122 758 951 929 
499 654 89 712 431 415 860 296 71 428 614 375 289 978 162 585 600 181 91 932 105 108 835 113 99 267 641 110 543 67 0 639 319 632 258 362 850 301 433 187 346 872 485 259 98 247 179 602 326 175 790 963 270 983 314 653 266 293 876 961 533 305 418 800 229 906 777 810 69 156 896 995 802 14 60 811 859 234 529 45 463 15 291 787 274 622 609 763 465 28 306 910 134 89 13 316 800 681 419 23 
182 57 150 226 914 674 724 400 136 105 580 814 834 169 19 965 678 821 839 947 620 830 677 991 902 483 349 840 643 201 639 0 839 812 398 482 27 112 42 680 772 611 119 718 633 486 682 91 601 412 421 900 695 385 267 908 146 386 642 97 120 101 453 445 580 658 990 601 300 663 798 336 798 189 666 361 83 911 591 645 672 406 593 459 891 347 645 509 374 799 190 807 380 150 596 123 657 6 38 838 
450 983 777 224 560 344 628 160 493 339 142 885 925 725 48 148 770 602 549 779 130 138 640 948 760 389 740 203 179 778 319 839 0 744 785 464 954 929 373 245 713 605 895 798 284 906 249 379 895 61 269 297 564 998 371 96 488 716 274 796 85 780 348 293 992 144 312 726 330 711 350 854 587 251 457 498 584 636 6 7 257 318 94 131 149 318 398 423 396 539 761 219 921 27 352 119 343 782 4 89 
347 600 452 520 407 685 990 262 817 323 114 978 680 309 248 601 766 242 1000 907 199 807 48 529 787 712 46 799 874 932 632 812 744 0 369 923 57 192 689 353 378 293 437 455 870 790 605 870 41 677 392 291 505 543 736 599 207 86 377 14 259 744 667 10 261 544 964 208 279 818 325 784 512 186 806 63 984 367 688 201 14 889 200 531 858 742 177 263 838 194 122 356 522 644 129 337 477 400 157 136 
936 355 849 946 733 728 944 500 333 786 751 624 265 832 303 377 605 444 448 214 811 3 833 749 126 99 852 854 558 493 258 398 785 369 0 2 285 861 426 526 272 226 216 777 826 533 825 936 995 907 348 384 982 85 978 628 624 166 622 119 799 20 21 988 284 444 657 91 250 137 400 927 182 1000 42 668 498 167 200 56 198 771 375 101 28 340 27 339 912 435 119 156 139 69 520 337 538 180 602 5 
724 676 120 578 585 754 946 564 553 173 957 412 96 549 948 914 980 458 793 902 564 575 879 240 504 680 97 452 632 177 362 482 464 923 2 0 241 555 691 862 164 643 367 510 680 453 577 695 273 944 517 167 122 870 827 824 110 3 857 867 864 988 385 212 926 574 884 629 864 722 293 730 566 746 405 25 973 356 382 233 508 642 998 488 511 69 545 258 528 376 698 122 961 253 736 586 593 175 966 56 
908 607 176 923 987 665 732 126 707 3 924 492 867 709 890 933 314 419 622 430 444 403 1000 57 730 341 925 691 270 507 850 27 954 57 285 241 0 244 500 845 949 436 387 499 366 802 172 323 974 525 596 702 760 843 516 759 193 497 224 708 226 547 535 703 893 6 799 583 60 260 867 352 938 194 497 807 333 97 194 345 627 710 15 294 511 827 661 198 514 576 111 727 834 297 586 420 334 226 375 538 
587 424 116 749 854 36 132 799 602 247 49 31 685 816 743 427 425 4 710 988 512 187 541 991 511 423 74 655 665 624 301 112 929 192 861 555 244 0 403 89 530 776 737 581 427 970 171 572 365 855 433 576 236 174 481 2 841 36 857 341 64 928 278 387 210 193 873 169 523 562 7 51 461 481 103 846 189 286 635 22 569 765 606 931 856 990 926 654 852 879 78 284 887 137 447 463 583 18 293 772 
3 251 487 617 470 763 61 717 188 593 239 275 357 625 485 273 133 397 81 446 12 364 763 312 104 651 80 657 141 219 433 42 373 689 426 691 500 403 0 940 758 333 328 244 896 540 243 929 144 832 917 852 924 259 566 420 672 339 520 461 607 589 367 471 73 344 862 118 781 640 312 314 306 740 523 482 754 514 39 159 5 753 743 20 512 901 261 923 270 401 263 701 51 765 92 626 518 705 934 57 
646 930 203 901 705 950 877 503 746 669 182 284 666 274 329 756 742 574 594 152 708 982 434 116 837 984 994 63 703 863 187 680 245 353 526 862 845 89 940 0 8 859 462 144 116 927 307 342 57 832 497 361 348 750 908 982 975 352 456 883 845 12 861 243 971 335 611 455 7 678 416 101 359 876 490 944 248 571 162 119 324 610 850 738 234 859 779 794 957 413 445 608 185 700 626 777 316 342 544 704 
727 920 36 539 508 734 363 782 35 901 646 407 588 180 438 899 695 2 843 88 146 940 560 555 329 526 681 236 983 538 346 772 713 378 272 164 949 530 758 8 0 293 135 477 355 796 185 895 399 604 735 662 20 449 45 977 865 823 600 350 149 445 764 843 945 255 310 54 544 682 158 464 641 34 404 59 172 591 155 745 479 784 757 279 45 439 38 346 13 370 206 319 219 771 868 885 353 951 531 37 
351 853 939 578 864 188 41 84 273 787 78 192 608 333 996 88 285 862 922 321 191 734 755 576 633 726 256 525 508 398 872 611 605 293 226 643 436 776 333 859 293 0 263 94 769 219 944 578 892 490 581 992 524 877 55 523 313 486 104 481 134 556 964 400 961 516 117 299 847 677 550 597 446 569 422 785 996 239 348 148 16 87 919 601 772 844 217 174 396 863 704 952 929 192 935 337 699 333 391 698 
806 428 882 733 992 746 409 27 77 176 961 580 37 500 212 397 535 401 39 784 218 972 581 53 714 5 920 349 498 442 485 119 895 437 216 367 387 737 328 462 135 263 0 524 733 346 49 138 82 907 654 707 153 283 129 495 192 562 458 173 50 678 857 556 153 399 893 990 521 843 119 456 210 855 34 923 155 229 389 794 93 386 936 321 509 407 601 906 562 238 483 899 868 340 671 405 21 890 659 494 
63 972 497 957 324 747 334 103 626 223 150 689 232 28 702 535 760 782 490 838 529 742 742 100 200 238 726 437 118 861 259 718 798 455 777 510 499 581 244 144 477 94 524 0 249 737 807 224 461 235 488 374 437 895 867 67 901 527 858 52 154 835 12 841 457 365 83 249 247 246 736 388 75 223 459 950 99 41 639 891 918 457 260 167 934 466 305 155 617 125 558 698 30 149 725 759 478 838 11 216 
432 885 186 723 2 459 127 6 106 836 766 69 738 440 92 653 580 220 694 556 487 337 53 389 942 491 696 802 17 894 98 633 284 870 826 680 366 427 896 116 355 769 733 249 0 953 32 31 677 537 705 645 965 84 909 816 645 555 581 33 514 935 467 720 535 925 964 888 779 479 639 967 272 332 200 604 231 151 576 119 151 678 890 532 380 59 752 942 360 769 839 740 906 230 326 549 288 861 510 356 
116 998 153 890 234 917 269 521 179 58 737 364 76 666 99 428 332 758 134 941 495 335 749 506 809 45 971 128 114 193 247 486 906 790 533 453 802 970 540 927 796 219 346 737 953 0 411 739 329 323 373 818 116 64 964 309 977 956 193 794 228 825 676 333 82 328 573 442 725 558 614 317 155 432 464 7 995 666 132 855 28 666 886 214 685 799 469 245 636 117 298 674 324 949 921 45 441 627 936 892 
254 182 647 907 868 640 742 129 390 621 17 553 106 32 160 208 403 126 749 293 759 373 70 645 814 447 570 717 904 567 179 682 249 605 825 577 172 171 243 307 185 944 49 807 32 411 0 452 44 42 276 585 713 71 474 679 961 931 199 886 13 67 930 221 402 85 236 173 327 865 913 642 896 194 725 416 729 664 89 460 133 903 403 974 195 658 999 159 848 986 615 780 514 971 831 277 634 801 321 464 
667 581 583 614 356 938 410 456 758 895 925 226 861 155 754 304 594 775 509 146 789 231 966 664 459 908 580 352 26 591 602 91 379 870 936 695 323 572 929 342 895 578 138 224 31 739 452 0 251 425 101 820 633 638 227 915 438 959 391 261 28 407 547 533 177 296 159 49 487 666 91 132 675 51 99 29 203 495 322 331 885 786 343 179 401 902 510 75 7 533 464 884 538 809 398 492 671 198 815 161 
755 808 578 201 19 319 860 681 520 184 793 811 315 717 220 750 540 530 572 347 441 752 741 687 76 670 103 993 233 547 326 601 895 41 995 273 974 365 144 57 399 892 82 461 677 329 44 251 0 340 821 28 926 940 573 261 905 733 266 683 815 265 328 444 631 860 691 929 516 627 793 199 782 994 94 977 885 85 283 790 138 843 308 308 863 100 46 936 728 127 398 178 508 565 735 331 505 436 910 148 
576 734 345 931 637 500 721 40 816 995 440 290 410 222 937 717 865 27 916 862 195 831 191 694 687 648 599 980 514 901 175 412 61 677 907 944 525 855 832 832 604 490 907 235 537 323 42 425 340 0 45 542 940 59 796 511 464 103 838 198 763 319 849 293 593 825 595 413 152 699 544 893 406 503 56 906 298 167 790 116 478 418 154 805 444 39 329 115 299 212 978 435 465 750 201 560 162 489 41 18 
646 969 35 629 133 833 485 738 7 509 35 369 503 566 609 904 123 316 935 235 55 980 7 996 910 920 619 231 1000 914 790 421 269 392 348 517 596 433 917 497 735 581 654 488 705 373 276 101 821 45 0 747 745 27 408 378 891 333 451 917 781 109 568 199 549 427 195 19 156 126 908 502 253 550 970 129 258 910 679 50 545 968 879 729 67 279 247 694 956 909 418 557 380 246 564 606 628 45 222 85 
440 639 908 342 717 964 412 556 811 628 41 294 976 912 819 820 630 820 42 341 332 164 66 904 667 961 608 514 519 539 963 900 297 291 384 167 702 576 852 361 662 992 707 374 645 818 585 820 28 542 747 0 790 669 171 545 347 80 168 930 217 875 385 263 385 730 207 700 814 805 511 33 525 70 705 587 239 525 170 689 184 890 606 975 259 737 210 654 381 812 410 117 910 34 902 182 858 520 47 795 
255 49 606 724 312 406 243 598 887 685 247 452 35 801 644 765 628 910 463 144 243 851 414 395 88 226 514 529 303 896 270 695 564 505 982 122 760 236 924 348 20 524 153 437 965 116 713 633 926 940 745 790 0 5 152 346 405 41 892 171 1 79 396 105 895 884 470 933 913 167 785 362 139 252 450 25 44 627 960 748 863 951 600 131 759 354 734 196 472 424 944 338 29 586 883 700 521 316 772 308 
831 944 377 913 752 165 89 216 748 104 12 639 649 812 915 202 825 387 45 991 225 306 67 25 736 297 938 542 74 905 983 385 998 543 85 870 843 174 259 750 449 877 283 895 84 64 71 638 940 59 27 669 5 0 835 806 204 382 671 314 523 598 498 72 580 174 120 378 685 34 867 346 446 675 797 373 846 548 807 984 773 197 72 999 132 798 974 764 695 987 815 52 916 995 35 570 277 961 362 837 
649 737 278 826 748 117 450 771 943 611 991 55 220 697 560 729 569 920 751 774 941 117 439 354 329 152 181 977 811 308 314 267 371 736 978 827 516 481 566 908 45 55 129 867 909 964 474 227 573 796 408 171 152 835 0 805 979 643 451 304 208 284 706 403 405 723 992 688 267 155 123 407 617 221 683 525 229 528 998 890 96 75 920 156 640 61 398 94 994 399 877 701 875 389 362 267 748 308 963 438 
622 979 45 629 436 531 853 7 455 291 886 278 172 143 347 285 315 88 82 490 864 934 843 755 608 404 723 11 941 469 653 908 96 599 628 824 759 2 420 982 977 523 495 67 816 309 679 915 261 511 378 545 346 806 805 0 731 666 654 972 459 306 274 182 601 424 352 91 739 163 340 555 848 148 290 461 476 824 727 241 369 227 164 527 82 504 92 820 234 458 377 548 288 70 3 326 869 706 788 237 
367 868 410 29 638 710 620 348 434 390 448 417 929 358 909 495 322 943 623 800 953 211 390 598 754 331 439 71 421 380 266 146 488 207 624 110 193 841 672 975 865 313 192 901 645 977 961 438 905 464 891 347 405 204 979 731 0 93 990 153 92 286 949 850 620 684 280 66 940 480 970 304 750 198 546 682 71 930 370 856 886 755 621 463 50 986 942 71 293 286 279 375 198 226 131 177 861 795 167 929 
519 641 673 165 827 665 105 838 515 644 609 222 752 552 946 609 853 108 974 115 935 331 786 534 976 444 475 246 804 855 293 386 716 86 166 3 497 36 339 352 823 486 562 527 555 956 931 959 733 103 333 80 41 382 643 666 93 0 429 844 171 356 568 604 351 493 82 645 598 33 102 383 467 41 741 692 917 754 921 289 940 732 209 382 124 615 487 576 742 971 532 193 775 377 957 870 504 475 8 509 
968 5 2 60 546 101 104 455 450 468 329 374 385 52 24 293 669 159 453 32 440 101 805 491 611 338 263 871 911 696 876 642 274 377 622 857 224 857 520 456 600 104 458 858 581 193 199 391 266 838 451 168 892 671 451 654 990 429 0 364 505 682 795 731 496 112 242 562 249 709 820 946 211 392 695 603 455 58 522 832 547 34 183 708 512 904 71 153 609 329 714 877 532 110 568 546 312 801 652 870 
11 993 398 933 304 3 468 752 608 91 594 918 53 393 179 359 392 23 154 690 214 827 915 202 597 945 964 824 318 807 961 97 796 14 119 867 708 341 461 883 350 481 173 52 33 794 886 261 683 198 917 930 171 314 304 972 153 844 364 0 495 356 609 60 739 881 96 75 452 348 707 639 435 832 481 342 439 636 528 564 147 819 272 106 388 385 546 57 110 235 754 724 81 95 552 270 431 806 58 892 
309 548 47 954 114 939 768 25 300 783 932 985 128 341 848 726 664 565 243 981 980 255 59 155 716 669 427 784 714 279 533 120 85 259 799 864 226 64 607 845 149 134 50 154 514 228 13 28 815 763 781 217 1 523 208 459 92 171 505 495 0 28 175 972 603 945 255 185 981 626 418 119 928 870 642 33 480 471 399 392 437 102 946 454 245 258 601 452 419 390 845 600 73 278 670 312 919 811 133 431 
256 94 429 53 129 330 672 633 307 856 104 600 522 284 513 539 32 118 423 634 214 229 813 327 465 379 975 693 824 97 305 101 780 744 20 988 547 928 589 12 445 556 678 835 935 825 67 407 265 319 109 875 79 598 284 306 286 356 682 356 28 0 877 873 281 711 818 250 770 445 843 596 456 611 424 856 170 740 636 771 495 355 842 294 152 626 221 160 970 96 868 440 563 25 306 803 82 817 250 626 
367 393 518 722 844 876 994 584 212 121 365 518 666 373 626 113 784 261 932 104 995 578 549 673 199 898 25 64 112 40 418 453 348 667 21 385 535 278 367 861 764 964 857 12 467 676 930 547 328 849 568 385 396 498 706 274 949 568 795 609 175 877 0 660 253 819 69 419 322 120 678 771 629 678 679 513 446 567 105 78 401 434 842 921 675 543 190 364 192 614 454 492 627 522 722 907 704 677 555 792 
359 743 114 915 874 926 950 155 64 527 626 785 842 792 330 481 870 863 422 146 817 957 417 887 157 679 41 136 638 433 800 445 293 10 988 212 703 387 471 243 843 400 556 841 720 333 221 533 444 293 199 263 105 72 403 182 850 604 731 60 972 873 660 0 143 652 103 733 154 969 246 107 685 27 631 146 890 424 252 157 235 210 397 810 375 447 474 230 598 294 842 316 198 499 354 429 491 876 438 710 
120 450 631 321 844 963 757 260 598 75 947 584 862 860 410 246 116 809 869 543 68 245 314 712 991 930 751 393 840 263 229 580 992 261 284 926 893 210 73 971 945 961 153 457 535 82 402 177 631 593 549 385 895 580 405 601 620 351 496 739 603 281 253 143 0 768 23 844 682 728 599 449 483 793 433 408 322 406 450 89 849 939 900 748 279 685 152 217 162 130 449 60 602 509 171 202 709 805 128 623 
663 857 912 349 613 963 548 263 26 883 775 32 249 771 35 922 672 851 549 486 116 60 189 679 515 364 727 120 915 11 906 658 144 544 444 574 6 193 344 335 255 516 399 365 925 328 85 296 860 825 427 730 884 174 723 424 684 493 112 881 945 711 819 652 768 0 285 698 399 723 643 988 301 464 567 205 630 555 227 460 367 776 500 295 813 352 61 156 55 503 302 684 892 171 956 408 344 486 191 887 
138 95 106 850 341 109 733 73 673 257 629 740 739 492 568 655 244 835 761 114 474 666 471 265 692 534 285 176 822 889 777 990 312 964 657 884 799 873 862 611 310 117 893 83 964 573 236 159 691 595 195 207 470 120 992 352 280 82 242 96 255 818 69 103 23 285 0 38 632 763 857 947 19 202 424 606 510 308 721 451 220 642 310 212 136 747 909 98 973 96 469 892 999 220 266 480 798 4 823 303 
75 234 654 59 285 29 117 469 498 311 938 194 849 73 587 782 962 138 922 544 956 750 327 536 723 608 832 232 347 477 810 601 726 208 91 629 583 169 118 455 54 299 990 249 888 442 173 49 929 413 19 700 933 378 688 91 66 645 562 75 185 250 419 733 844 698 38 0 327 529 970 582 51 142 154 720 479 11 686 483 200 380 479 737 76 337 185 765 877 569 299 946 754 621 24 950 685 735 951 713 
635 423 764 535 672 871 725 540 239 812 649 779 813 520 382 944 433 836 583 505 219 952 191 701 959 437 820 45 510 499 69 300 330 279 250 864 60 523 781 7 544 847 521 247 779 725 327 487 516 152 156 814 913 685 267 739 940 598 249 452 981 770 322 154 682 399 632 327 0 295 730 616 185 387 580 885 547 980 798 179 77 733 478 980 856 479 595 807 8 263 500 251 253 539 432 832 331 10 217 806 
454 513 792 212 471 255 653 349 629 301 187 259 975 228 296 545 709 36 303 421 976 364 868 377 472 327 536 711 21 733 156 663 711 818 137 722 260 562 640 678 682 677 843 246 479 558 865 666 627 699 126 805 167 34 155 163 480 33 709 348 626 445 120 969 728 723 763 529 295 0 143 678 930 573 409 589 397 549 977 630 767 982 303 870 292 125 898 230 245 686 791 767 893 859 845 270 292 641 414 641 
815 548 582 727 631 209 890 367 818 444 362 695 265 958 656 615 127 987 110 77 867 654 621 714 825 649 960 897 94 871 896 798 350 325 400 293 867 7 312 416 158 550 119 736 639 614 913 91 793 544 908 511 785 867 123 340 970 102 820 707 418 843 678 246 599 643 857 970 730 143 0 987 243 572 254 134 467 405 212 716 40 161 725 194 563 74 535 914 839 437 27 708 702 624 342 321 29 394 735 190 
12 390 303 621 589 750 205 726 456 571 181 651 548 898 350 309 86 390 39 751 911 176 525 928 803 531 793 67 675 301 995 336 854 784 927 730 352 51 314 101 464 597 456 388 967 317 642 132 199 893 502 33 362 346 407 555 304 383 946 639 119 596 771 107 449 988 947 582 616 678 987 0 752 868 797 563 281 532 768 644 335 533 819 532 787 769 182 570 750 542 590 666 703 348 848 292 286 490 381 851 
161 295 973 139 510 590 788 713 472 830 722 440 364 440 846 450 704 269 247 824 733 2 245 493 827 888 903 873 842 735 802 798 587 512 182 566 938 461 306 359 641 446 210 75 272 155 896 675 782 406 253 525 139 446 617 848 750 467 211 435 928 456 629 685 483 301 19 51 185 930 243 752 0 495 319 62 600 905 290 886 335 243 298 105 18 362 777 137 783 367 247 246 419 6 315 365 298 975 509 746 
867 415 888 65 403 904 306 831 747 706 216 289 365 544 714 968 561 249 383 903 158 962 552 65 224 524 610 369 805 139 14 189 251 186 1000 746 194 481 740 876 34 569 855 223 332 432 194 51 994 503 550 70 252 675 221 148 198 41 392 832 870 611 678 27 793 464 202 142 387 573 572 868 495 0 47 617 63 275 358 36 122 379 985 994 517 997 690 520 953 489 669 366 576 588 591 222 710 553 554 928 
521 206 240 866 250 357 511 763 368 938 704 783 551 159 139 468 860 758 932 542 622 369 689 69 329 155 348 857 145 787 60 666 457 806 42 405 497 103 523 490 404 422 34 459 200 464 725 99 94 56 970 705 450 797 683 290 546 741 695 481 642 424 679 631 433 567 424 154 580 409 254 797 319 47 0 209 22 328 564 388 863 926 418 736 831 678 261 488 109 134 522 256 295 833 756 138 494 296 688 439 
965 681 855 676 251 812 678 816 195 105 131 117 39 10 438 199 793 902 944 323 394 814 209 431 468 438 18 282 160 495 811 361 498 63 668 25 807 846 482 944 59 785 923 950 604 7 416 29 977 906 129 587 25 373 525 461 682 692 603 342 33 856 513 146 408 205 606 720 885 589 134 563 62 617 209 0 597 360 336 89 807 659 672 798 181 215 924 258 955 324 149 372 78 682 866 804 2 34 553 680 
973 172 777 133 625 754 983 244 39 447 204 385 599 708 359 238 40 915 76 620 830 732 578 573 370 878 881 899 695 621 859 83 584 984 498 973 333 189 754 248 172 996 155 99 231 995 729 203 885 298 258 239 44 846 229 476 71 917 455 439 480 170 446 890 322 630 510 479 547 397 467 281 600 63 22 597 0 220 465 489 880 155 682 41 28 951 842 844 196 977 341 716 251 980 693 401 872 56 943 873 
629 569 198 320 163 965 713 482 330 448 620 736 258 560 447 186 119 589 307 65 304 472 737 359 187 880 824 807 139 364 234 911 636 367 167 356 97 286 514 571 591 239 229 41 151 666 664 495 85 167 910 525 627 548 528 824 930 754 58 636 471 740 567 424 406 555 308 11 980 549 405 532 905 275 328 360 220 0 925 190 245 592 155 522 932 356 725 649 750 937 513 432 858 400 238 739 172 722 480 48 
705 525 545 415 310 178 717 795 757 541 499 999 348 153 882 944 662 294 234 615 917 831 589 286 128 669 289 551 980 310 529 591 6 688 200 382 194 635 39 162 155 348 389 639 576 132 89 322 283 790 679 170 960 807 998 727 370 921 522 528 399 636 105 252 450 227 721 686 798 977 212 768 290 358 564 336 465 925 0 930 269 116 82 746 822 463 435 848 109 473 837 341 871 900 351 351 948 812 971 895 
615 785 613 893 956 452 422 213 217 746 629 811 183 795 172 413 878 984 562 949 406 455 177 306 22 74 730 432 500 406 45 645 7 201 56 233 345 22 159 119 745 148 794 891 119 855 460 331 790 116 50 689 748 984 890 241 856 289 832 564 392 771 78 157 89 460 451 483 179 630 716 644 886 36 388 89 489 190 930 0 468 314 100 577 694 637 910 474 589 854 417 754 139 223 782 57 971 572 562 365 
358 789 716 432 428 191 301 292 586 564 440 429 860 861 968 581 46 740 592 103 145 803 984 571 323 934 162 242 961 638 463 672 257 14 198 508 627 569 5 324 479 16 93 918 151 28 133 885 138 478 545 184 863 773 96 369 886 940 547 147 437 495 401 235 849 367 220 200 77 767 40 335 335 122 863 807 880 245 269 468 0 71 433 513 743 82 86 705 948 850 126 127 812 308 452 40 294 299 708 754 
892 246 610 46 424 548 492 771 696 939 203 3 271 548 181 349 734 699 374 925 877 372 640 230 417 33 487 941 79 1000 15 406 318 889 771 642 710 765 753 610 784 87 386 457 678 666 903 786 843 418 968 890 951 197 75 227 755 732 34 819 102 355 434 210 939 776 642 380 733 982 161 533 243 379 926 659 155 592 116 314 71 0 248 220 608 833 325 150 748 688 539 211 541 30 93 808 692 689 670 529 
341 38 20 992 547 596 679 370 448 963 722 883 609 307 978 614 441 75 307 365 297 638 308 876 342 591 142 413 391 470 291 593 94 200 375 998 15 606 743 850 757 919 936 260 890 886 403 343 308 154 879 606 600 72 920 164 621 209 183 272 946 842 842 397 900 500 310 479 478 303 725 819 298 985 418 672 682 155 82 100 433 248 0 922 346 530 594 397 123 239 294 474 536 640 88 796 985 621 144 790 
125 568 903 964 776 629 175 753 23 91 660 487 799 202 953 575 713 650 207 315 739 773 150 245 565 465 564 752 901 852 787 459 131 531 101 488 294 931 20 738 279 601 321 167 532 214 974 179 308 805 729 975 131 999 156 527 463 382 708 106 454 294 921 810 748 295 212 737 980 870 194 532 105 994 736 798 41 522 746 577 513 220 922 0 887 583 561 305 432 165 340 764 623 998 30 514 733 68 433 706 
663 328 880 210 996 485 788 138 356 83 51 327 490 888 874 515 820 558 476 881 183 900 416 516 617 867 879 65 791 35 274 891 149 858 28 511 511 856 512 234 45 772 509 934 380 685 195 401 863 444 67 259 759 132 640 82 50 124 512 388 245 152 675 375 279 813 136 76 856 292 563 787 18 517 831 181 28 932 822 694 743 608 346 887 0 431 194 623 178 418 450 809 601 392 237 344 420 695 118 393 
52 614 936 208 590 432 609 336 138 758 469 673 221 817 975 944 970 445 581 992 548 70 420 45 329 836 223 957 882 618 622 347 318 742 340 69 827 990 901 859 439 844 407 466 59 799 658 902 100 39 279 737 354 798 61 504 986 615 904 385 258 626 543 447 685 352 747 337 479 125 74 769 362 997 678 215 951 356 463 637 82 833 530 583 431 0 148 917 775 396 234 281 565 643 862 354 913 375 430 393 
204 822 704 134 28 665 664 71 664 560 78 302 39 597 414 451 95 512 186 25 454 614 833 25 430 957 17 502 317 235 609 645 398 177 27 545 661 926 261 779 38 217 601 305 752 469 999 510 46 329 247 210 734 974 398 92 942 487 71 546 601 221 190 474 152 61 909 185 595 898 535 182 777 690 261 924 842 725 435 910 86 325 594 561 194 148 0 335 498 285 333 845 48 584 726 391 168 737 66 994 
253 824 198 125 639 885 180 42 632 351 543 71 529 870 483 70 864 669 333 242 285 891 399 898 677 208 201 611 45 620 763 509 423 263 339 258 198 654 923 794 346 174 906 155 942 245 159 75 936 115 694 654 196 764 94 820 71 576 153 57 452 160 364 230 217 156 98 765 807 230 914 570 137 520 488 258 844 649 848 474 705 150 397 305 623 917 335 0 164 794 849 878 800 774 706 993 47 613 239 129 
163 298 637 798 606 49 838 971 315 816 198 537 13 289 442 543 693 475 104 808 639 494 235 512 123 23 885 628 986 840 465 374 396 838 912 528 514 852 270 957 13 396 562 617 360 636 848 7 728 299 956 381 472 695 994 234 293 742 609 110 419 970 192 598 162 55 973 877 8 245 839 750 783 953 109 955 196 750 109 589 948 748 123 432 178 775 498 164 0 678 995 862 714 591 132 634 276 694 619 400 
916 517 137 757 999 119 740 755 467 518 190 634 707 974 9 444 83 721 274 933 974 761 840 296 229 69 909 612 581 581 28 799 539 194 435 376 576 879 401 413 370 863 238 125 769 117 986 533 127 212 909 812 424 987 399 458 286 971 329 235 390 96 614 294 130 503 96 569 263 686 437 542 367 489 134 324 977 937 473 854 850 688 239 165 418 396 285 794 678 0 714 679 729 497 23 112 807 768 198 996 
810 140 464 528 963 314 66 49 201 199 998 359 187 411 235 375 559 777 438 814 893 650 337 841 92 93 125 950 193 157 306 190 761 122 119 698 111 78 263 445 206 704 483 558 839 298 615 464 398 978 418 410 944 815 877 377 279 532 714 754 845 868 454 842 449 302 469 299 500 791 27 590 247 669 522 149 341 513 837 417 126 539 294 340 450 234 333 849 995 714 0 442 750 490 609 156 425 250 435 663 
318 569 152 483 937 726 444 345 567 687 319 938 115 834 877 799 605 363 935 776 669 239 667 75 237 122 825 885 109 359 910 807 219 356 156 122 727 284 701 608 319 952 899 698 740 674 780 884 178 435 557 117 338 52 701 548 375 193 877 724 600 440 492 316 60 684 892 946 251 767 708 666 246 366 256 372 716 432 341 754 127 211 474 764 809 281 845 878 862 679 442 0 25 892 989 541 555 202 995 580 
98 132 779 456 552 508 615 461 712 988 44 831 789 766 677 327 453 306 515 703 299 192 285 990 726 23 2 438 112 661 134 380 921 522 139 961 834 887 51 185 219 929 868 30 906 324 514 538 508 465 380 910 29 916 875 288 198 775 532 81 73 563 627 198 602 892 999 754 253 893 702 703 419 576 295 78 251 858 871 139 812 541 536 623 601 565 48 800 714 729 750 25 0 182 73 625 327 708 550 989 
720 383 32 199 682 370 45 390 197 699 953 392 681 65 348 577 130 878 683 825 769 906 662 986 501 573 2 897 437 954 89 150 27 644 69 253 297 137 765 700 771 192 340 149 230 949 971 809 565 750 246 34 586 995 389 70 226 377 110 95 278 25 522 499 509 171 220 621 539 859 624 348 6 588 833 682 980 400 900 223 308 30 640 998 392 643 584 774 591 497 490 892 182 0 194 893 107 205 520 847 
426 996 673 821 797 194 753 502 118 524 131 943 490 735 87 377 862 80 454 675 458 267 775 403 615 492 297 725 890 479 13 596 352 129 520 736 586 447 92 626 868 935 671 725 326 921 831 398 735 201 564 902 883 35 362 3 131 957 568 552 670 306 722 354 171 956 266 24 432 845 342 848 315 591 756 866 693 238 351 782 452 93 88 30 237 862 726 706 132 23 609 989 73 194 0 923 559 779 458 55 
589 38 333 560 634 844 10 946 485 10 259 63 142 604 845 625 743 60 566 421 586 167 95 338 515 652 792 18 596 908 316 123 119 337 337 586 420 463 626 777 885 337 405 759 549 45 277 492 331 560 606 182 700 570 267 326 177 870 546 270 312 803 907 429 202 408 480 950 832 270 321 292 365 222 138 804 401 739 351 57 40 808 796 514 344 354 391 993 634 112 156 541 625 893 923 0 373 723 839 917 
101 959 69 537 478 808 304 851 115 458 915 216 457 742 123 357 933 24 416 931 686 429 741 46 572 199 258 288 85 122 800 657 343 477 538 593 334 583 518 316 353 699 21 478 288 441 634 671 505 162 628 858 521 277 748 869 861 504 312 431 919 82 704 491 709 344 798 685 331 292 29 286 298 710 494 2 872 172 948 971 294 692 985 733 420 913 168 47 276 807 425 555 327 107 559 373 0 975 51 933 
536 248 507 550 111 567 512 90 284 415 707 843 634 142 765 282 269 106 925 204 826 730 976 316 173 34 10 692 536 758 681 6 782 400 180 175 226 18 705 342 951 333 890 838 861 627 801 198 436 489 45 520 316 961 308 706 795 475 801 806 811 817 677 876 805 486 4 735 10 641 394 490 975 553 296 34 56 722 812 572 299 689 621 68 695 375 737 613 694 768 250 202 708 205 779 723 975 0 417 68 
32 840 918 674 609 868 537 943 140 114 410 504 869 460 628 906 938 945 240 220 883 562 161 344 74 863 467 923 627 951 419 38 4 157 602 966 375 293 934 544 531 391 659 11 510 936 321 815 910 41 222 47 772 362 963 788 167 8 652 58 133 250 555 438 128 191 823 951 217 414 735 381 509 554 688 553 943 480 971 562 708 670 144 433 118 430 66 239 619 198 435 995 550 520 458 839 51 417 0 771 
161 796 724 293 219 567 426 542 463 9 845 484 300 60 742 435 472 65 63 728 464 739 200 392 377 722 412 554 773 929 23 838 89 136 5 56 538 772 57 704 37 698 494 216 356 892 464 161 148 18 85 795 308 837 438 237 929 509 870 892 431 626 792 710 623 887 303 713 806 641 190 851 746 928 439 680 873 48 895 365 754 529 790 706 393 393 994 129 400 996 663 580 989 847 55 917 933 68 771 0 
0 316 325 238 359 473 445 822 590 425 180 432 242 545 172 16 708 830 302 483 159 618 341 893 222 608 896 404 560 109 535 241 926 369 330 172 285 638 580 351 909 302 574 132 778 450 663 173 325 547 324 298 152 916 348 663 439 927 644 942 838 856 546 581 210 717 373 823 206 840 439 984 955 407 666 332 909 485 676 477 24 912 680 650 349 195 692 311 65 482 236 91 150 939 204 262 853 778 233 140 
316 0 553 236 222 374 733 603 663 448 526 538 798 157 865 365 748 572 80 167 186 884 326 299 614 286 217 495 953 465 618 357 566 98 77 713 62 648 379 316 563 956 997 703 544 848 224 565 534 181 57 921 678 507 58 614 798 355 540 150 404 255 818 371 846 313 709 950 75 130 288 303 771 485 102 350 839 699 389 217 154 565 530 525 469 598 707 343 735 492 536 73 448 913 771 856 360 692 76 250 
325 553 0 792 760 337 367 125 827 404 666 997 666 658 528 788 455 898 936 54 835 1 260 25 836 260 380 399 861 907 940 991 424 433 320 395 831 76 332 164 702 283 749 912 294 725 629 540 262 587 769 594 264 542 456 437 859 577 690 125 228 446 117 418 217 786 413 805 11 648 43 485 811 520 75 845 329 360 85 539 741 870 6 151 482 364 745 703 783 513 380 923 769 849 969 58 409 974 538 754 
