50 3
0 370 414 515 363 386 22 327 909 500 422 102 296 620 494 256 355 909 721 598 169 791 930 4 479 677 161 739 860 296 100 37 660 912 826 954 20 586 429 680 980 749 570 268 336 408 21 616 832 674 
370 0 394 315 397 836 816 921 312 84 358 30 402 430 895 964 899 598 402 128 553 637 814 425 153 855 495 733 417 996 818 331 796 131 422 408 868 789 676 971 400 724 537 647 271 674 792 416 83 375 
414 394 0 810 848 831 61 860 861 152 534 676 677 972 525 886 786 404 91 965 616 824 354 121 517 8 126 876 43 134 149 628 458 27 264 192 767 167 275 922 518 573 805 984 720 837 208 495 577 477 
515 315 810 0 369 69 85 501 22 229 689 392 173 971 943 284 556 146 607 555 538 947 511 429 954 925 476 916 131 952 867 721 73 264 642 997 396 857 289 624 748 715 35 877 942 920 526 811 779 101 
363 397 848 369 0 903 614 886 551 990 197 153 567 647 773 135 8 61 507 864 621 955 838 374 342 964 244 347 214 926 27 437 270 98 635 784 694 344 877 640 381 975 798 719 441 975 55 88 424 985 
386 836 831 69 903 0 706 668 565 403 472 894 581 446 397 900 887 287 407 719 279 113 797 603 652 687 300 282 168 213 625 39 231 803 386 263 19 814 594 874 610 3 248 238 185 958 917 533 742 11 
22 816 61 85 614 706 0 702 156 818 709 814 314 881 324 827 410 723 900 488 903 600 777 419 763 158 938 844 83 638 546 580 677 694 113 276 855 94 700 477 336 960 511 523 849 725 60 348 258 197 
327 921 860 501 886 668 702 0 581 604 73 294 526 803 207 363 518 844 733 622 705 506 486 476 826 841 635 598 404 469 235 774 365 372 766 109 94 954 725 995 173 251 451 783 835 743 994 946 640 344 
909 312 861 22 551 565 156 581 0 977 491 242 904 200 993 594 528 617 223 152 707 410 566 218 162 846 756 881 483 741 72 520 88 804 599 153 319 692 580 679 977 299 314 491 199 702 656 343 961 756 
500 84 152 229 990 403 818 604 977 0 717 833 672 85 186 404 71 258 836 162 626 164 229 114 536 447 933 197 615 391 603 942 32 122 401 809 225 437 423 562 765 263 541 503 661 794 79 511 352 640 
422 358 534 689 197 472 709 73 491 717 0 900 42 897 241 676 127 349 108 499 179 231 674 234 433 684 387 521 211 404 522 390 665 186 895 49 227 454 689 260 274 395 623 829 758 322 117 62 672 389 
102 30 676 392 153 894 814 294 242 833 900 0 833 910 187 410 74 126 30 553 166 941 432 606 706 306 32 29 51 555 476 505 407 6 232 267 743 361 709 878 495 624 377 71 366 434 165 327 199 116 
296 402 677 173 567 581 314 526 904 672 42 833 0 828 261 237 24 213 661 207 633 899 210 965 47 614 174 226 240 971 577 971 246 957 889 4 304 88 280 682 451 799 264 114 699 755 262 593 72 966 
620 430 972 971 647 446 881 803 200 85 897 910 828 0 124 358 857 636 271 321 471 810 575 728 444 462 160 572 130 908 461 196 587 211 388 354 475 296 142 593 128 37 995 171 596 619 924 452 812 476 
494 895 525 943 773 397 324 207 993 186 241 187 261 124 0 519 147 460 778 50 574 504 212 299 670 248 88 652 51 228 31 540 556 647 836 475 642 166 589 785 276 288 436 14 828 281 36 662 235 886 
256 964 886 284 135 900 827 363 594 404 676 410 237 358 519 0 545 760 579 255 881 847 120 686 450 841 474 183 979 980 469 616 165 732 571 31 778 788 525 823 475 161 57 386 238 268 334 185 342 639 
355 899 786 556 8 887 410 518 528 71 127 74 24 857 147 545 0 574 165 431 51 178 906 194 144 236 422 784 634 133 363 439 690 474 637 98 684 293 370 870 335 643 438 330 528 754 169 168 686 808 
909 598 404 146 61 287 723 844 617 258 349 126 213 636 460 760 574 0 509 484 660 261 414 251 419 940 722 714 300 466 141 534 936 126 396 46 61 717 279 302 942 414 338 178 243 571 168 937 500 476 
721 402 91 607 507 407 900 733 223 836 108 30 661 271 778 579 165 509 0 879 239 153 171 586 218 665 312 22 113 266 46 66 966 648 636 332 562 395 682 338 776 266 147 779 177 221 712 771 977 15 
598 128 965 555 864 719 488 622 152 162 499 553 207 321 50 255 431 484 879 0 449 676 334 340 26 496 810 138 62 721 302 439 858 405 90 150 14 658 778 642 99 729 769 310 56 106 540 456 371 845 
169 553 616 538 621 279 903 705 707 626 179 166 633 471 574 881 51 660 239 449 0 466 865 912 878 495 222 348 816 853 567 900 219 456 25 342 860 49 782 15 89 376 322 998 941 339 661 441 39 861 
791 637 824 947 955 113 600 506 410 164 231 941 899 810 504 847 178 261 153 676 466 0 279 545 816 918 13 154 801 1000 216 226 69 198 780 661 252 519 511 452 874 967 267 752 326 592 69 198 378 667 
930 814 354 511 838 797 777 486 566 229 674 432 210 575 212 120 906 414 171 334 865 279 0 656 194 197 645 957 266 242 55 563 400 878 224 400 960 261 102 198 466 712 379 389 82 805 155 837 56 568 
4 425 121 429 374 603 419 476 218 114 234 606 965 728 299 686 194 251 586 340 912 545 656 0 332 630 182 793 567 664 428 870 836 748 444 456 326 553 361 910 390 589 804 627 995 891 770 113 871 412 
479 153 517 954 342 652 763 826 162 536 433 706 47 444 670 450 144 419 218 26 878 816 194 332 0 156 652 737 669 480 740 211 697 463 729 86 650 425 502 232 131 327 148 46 586 550 170 445 56 414 
677 855 8 925 964 687 158 841 846 447 684 306 614 462 248 841 236 940 665 496 495 918 197 630 156 0 272 300 136 610 297 302 798 654 807 460 950 774 731 621 674 987 315 670 462 325 389 974 299 853 
161 495 126 476 244 300 938 635 756 933 387 32 174 160 88 474 422 722 312 810 222 13 645 182 652 272 0 663 127 65 936 182 431 389 346 188 546 94 278 23 236 945 39 767 486 444 908 648 931 378 
739 733 876 916 347 282 844 598 881 197 521 29 226 572 652 183 784 714 22 138 348 154 957 793 737 300 663 0 614 10 857 365 314 232 43 316 46 624 824 253 390 666 93 293 171 416 7 38 185 891 
860 417 43 131 214 168 83 404 483 615 211 51 240 130 51 979 634 300 113 62 816 801 266 567 669 136 127 614 0 116 339 715 948 264 976 535 91 294 98 148 287 273 463 474 247 760 806 801 641 473 
296 996 134 952 926 213 638 469 741 391 404 555 971 908 228 980 133 466 266 721 853 1000 242 664 480 610 65 10 116 0 962 189 901 13 145 353 21 911 10 244 528 213 313 740 410 420 62 374 349 491 
100 818 149 867 27 625 546 235 72 603 522 476 577 461 31 469 363 141 46 302 567 216 55 428 740 297 936 857 339 962 0 102 919 702 729 382 493 480 504 69 757 807 118 463 807 915 26 557 101 798 
37 331 628 721 437 39 580 774 520 942 390 505 971 196 540 616 439 534 66 439 900 226 563 870 211 302 182 365 715 189 102 0 736 916 785 883 953 185 869 381 427 716 991 837 260 512 811 802 112 282 
660 796 458 73 270 231 677 365 88 32 665 407 246 587 556 165 690 936 966 858 219 69 400 836 697 798 431 314 948 901 919 736 0 381 717 195 459 62 496 74 112 820 121 525 880 406 190 934 441 789 
912 131 27 264 98 803 694 372 804 122 186 6 957 211 647 732 474 126 648 405 456 198 878 748 463 654 389 232 264 13 702 916 381 0 625 275 806 793 748 733 998 6 586 907 377 243 369 534 654 263 
826 422 264 642 635 386 113 766 599 401 895 232 889 388 836 571 637 396 636 90 25 780 224 444 729 807 346 43 976 145 729 785 717 625 0 299 10 778 823 615 175 707 381 461 19 844 929 317 734 539 
954 408 192 997 784 263 276 109 153 809 49 267 4 354 475 31 98 46 332 150 342 661 400 456 86 460 188 316 535 353 382 883 195 275 299 0 975 22 603 305 192 897 837 276 15 337 121 777 711 18 
20 868 767 396 694 19 855 94 319 225 227 743 304 475 642 778 684 61 562 14 860 252 960 326 650 950 546 46 91 21 493 953 459 806 10 975 0 999 905 492 182 542 589 815 176 739 195 452 421 556 
586 789 167 857 344 814 94 954 692 437 454 361 88 296 166 788 293 717 395 658 49 519 261 553 425 774 94 624 294 911 480 185 62 793 778 22 999 0 737 121 785 399 914 563 423 663 485 346 160 583 
429 676 275 289 877 594 700 725 580 423 689 709 280 142 589 525 370 279 682 778 782 511 102 361 502 731 278 824 98 10 504 869 496 748 823 603 905 737 0 183 289 205 825 710 412 162 864 138 587 789 
680 971 922 624 640 874 477 995 679 562 260 878 682 593 785 823 870 302 338 642 15 452 198 910 232 621 23 253 148 244 69 381 74 733 615 305 492 121 183 0 161 340 885 219 554 76 638 424 979 966 
980 400 518 748 381 610 336 173 977 765 274 495 451 128 276 475 335 942 776 99 89 874 466 390 131 674 236 390 287 528 757 427 112 998 175 192 182 785 289 161 0 57 523 90 625 669 624 261 749 339 
749 724 573 715 975 3 960 251 299 263 395 624 799 37 288 161 643 414 266 729 376 967 712 589 327 987 945 666 273 213 807 716 820 6 707 897 542 399 205 340 57 0 125 993 249 891 67 245 816 625 
570 537 805 35 798 248 511 451 314 541 623 377 264 995 436 57 438 338 147 769 322 267 379 804 148 315 39 93 463 313 118 991 121 586 381 837 589 914 825 885 523 125 0 811 813 712 666 973 551 157 
268 647 984 877 719 238 523 783 491 503 829 71 114 171 14 386 330 178 779 310 998 752 389 627 46 670 767 293 474 740 463 837 525 907 461 276 815 563 710 219 90 993 811 0 708 394 315 509 983 498 
336 271 720 942 441 185 849 835 199 661 758 366 699 596 828 238 528 243 177 56 941 326 82 995 586 462 486 171 247 410 807 260 880 377 19 15 176 423 412 554 625 249 813 708 0 964 263 311 670 812 
408 674 837 920 975 958 725 743 702 794 322 434 755 619 281 268 754 571 221 106 339 592 805 891 550 325 444 416 760 420 915 512 406 243 844 337 739 663 162 76 669 891 712 394 964 0 50 507 459 760 
21 792 208 526 55 917 60 994 656 79 117 165 262 924 36 334 169 168 712 540 661 69 155 770 170 389 908 7 806 62 26 811 190 369 929 121 195 485 864 638 624 67 666 315 263 50 0 977 500 809 
616 416 495 811 88 533 348 946 343 511 62 327 593 452 662 185 168 937 771 456 441 198 837 113 445 974 648 38 801 374 557 802 934 534 317 777 452 346 138 424 261 245 973 509 311 507 977 0 834 900 
832 83 577 779 424 742 258 640 961 352 672 199 72 812 235 342 686 500 977 371 39 378 56 871 56 299 931 185 641 349 101 112 441 654 734 711 421 160 587 979 749 816 551 983 670 459 500 834 0 767 
674 375 477 101 985 11 197 344 756 640 389 116 966 476 886 639 808 476 15 845 861 667 568 412 414 853 378 891 473 491 798 282 789 263 539 18 556 583 789 966 339 625 157 498 812 760 809 900 767 0 
0 728 920 437 862 794 67 626 488 320 472 680 574 949 468 920 2 326 360 309 187 908 958 829 598 776 926 287 936 123 669 13 799 879 585 855 81 346 919 906 831 159 492 808 576 928 53 709 475 970 
728 0 896 674 393 932 375 564 229 817 971 94 971 775 667 423 402 506 500 799 250 662 499 847 67 730 620 375 40 414 888 327 465 327 332 443 299 936 857 689 329 728 508 876 771 167 555 716 482 804 
920 896 0 737 402 787 206 306 422 540 360 558 917 935 626 175 768 382 545 25 884 975 106 699 98 119 970 544 838 808 778 380 483 463 889 991 285 82 141 191 501 936 866 876 283 166 181 274 515 45 
437 674 737 0 739 94 469 432 302 385 756 881 271 260 350 497 117 448 454 359 462 134 54 264 761 813 716 518 259 708 32 836 486 404 957 320 634 652 937 764 742 585 222 904 378 99 595 257 281 134 
862 393 402 739 0 104 742 333 733 48 195 779 105 561 210 822 312 92 522 318 113 422 949 285 788 349 992 185 650 365 444 26 561 819 282 602 547 824 985 957 359 406 957 472 264 463 242 371 445 759 
794 932 787 94 104 0 747 167 640 985 628 49 856 742 977 387 174 757 418 167 290 757 256 144 569 125 236 319 555 675 104 698 791 746 548 752 601 354 635 52 252 221 9 580 627 515 39 133 542 831 
67 375 206 469 742 747 0 331 768 693 262 56 161 704 728 774 797 127 399 347 503 578 841 411 846 286 649 564 17 665 554 529 576 603 424 894 836 340 751 662 816 918 598 196 772 583 840 188 642 190 
626 564 306 432 333 167 331 0 300 120 546 284 338 414 338 324 692 911 234 666 566 510 694 707 799 827 256 94 246 869 558 413 22 649 793 620 425 4 423 594 284 620 671 102 556 543 593 767 78 728 
488 229 422 302 733 640 768 300 0 658 42 295 258 987 96 276 987 493 215 365 497 616 793 587 718 899 359 173 971 121 706 724 860 933 568 4 700 669 150 880 126 864 909 750 531 303 242 160 202 36 
320 817 540 385 48 985 693 120 658 0 80 833 458 786 15 418 217 111 114 793 245 685 546 142 650 431 356 811 360 277 311 869 728 310 285 139 153 646 823 710 714 28 859 706 137 887 382 932 89 398 
472 971 360 756 195 628 262 546 42 80 0 467 415 385 685 884 248 580 988 129 460 162 992 907 57 629 108 637 807 133 181 652 427 316 522 365 55 849 992 482 739 421 312 909 156 666 968 497 863 126 
680 94 558 881 779 49 56 284 295 833 467 0 746 727 448 13 215 640 597 64 861 411 406 612 908 344 321 537 446 413 844 782 886 787 688 774 629 281 432 238 247 791 968 802 819 398 544 285 972 923 
574 971 917 271 105 856 161 338 258 458 415 746 0 909 726 374 554 571 930 631 1 607 534 397 252 217 241 680 487 642 881 228 859 98 139 260 630 553 115 714 152 427 531 515 501 460 947 513 573 769 
949 775 935 260 561 742 704 414 987 786 385 727 909 0 563 352 630 677 98 328 119 915 784 212 543 563 340 918 124 973 847 987 275 905 825 390 611 354 446 277 115 866 207 850 67 747 172 945 334 318 
468 667 626 350 210 977 728 338 96 15 685 448 726 563 0 858 248 624 589 743 492 717 765 456 857 600 903 416 507 825 416 482 375 474 79 657 850 701 885 771 77 512 87 689 283 5 371 937 613 536 
920 423 175 497 822 387 774 324 276 418 884 13 374 352 858 0 114 470 710 981 156 872 736 42 923 987 193 644 931 585 599 308 472 731 287 467 61 427 41 756 493 913 606 978 315 674 38 710 316 738 
2 402 768 117 312 174 797 692 987 217 248 215 554 630 248 114 0 608 22 930 419 434 929 47 786 576 726 467 902 276 134 750 731 832 71 778 841 547 953 669 817 360 493 659 863 453 115 436 245 604 
326 506 382 448 92 757 127 911 493 111 580 640 571 677 624 470 608 0 521 224 413 699 434 122 418 195 33 915 714 690 643 293 98 853 719 214 991 926 732 252 257 841 772 942 908 315 246 726 70 41 
360 500 545 454 522 418 399 234 215 114 988 597 930 98 589 710 22 521 0 403 977 213 581 968 344 437 427 901 866 133 34 662 960 173 759 872 273 982 995 600 151 269 780 138 832 394 548 411 357 73 
309 799 25 359 318 167 347 666 365 793 129 64 631 328 743 981 930 224 403 0 113 112 636 923 907 795 531 404 631 538 20 389 892 845 501 935 638 281 562 948 710 334 756 611 299 668 801 877 843 512 
187 250 884 462 113 290 503 566 497 245 460 861 1 119 492 156 419 413 977 113 0 551 480 259 565 597 340 947 795 359 517 399 623 177 911 224 619 348 71 625 895 454 204 467 832 366 554 273 165 53 
908 662 975 134 422 757 578 510 616 685 162 411 607 915 717 872 434 699 213 112 551 0 495 168 803 765 466 331 695 224 654 803 655 912 182 591 929 164 654 390 575 101 233 316 118 588 188 855 395 219 
958 499 106 54 949 256 841 694 793 546 992 406 534 784 765 736 929 434 581 636 480 495 0 645 315 703 535 146 572 364 272 465 474 326 22 140 216 205 910 641 731 477 962 703 318 572 944 711 360 922 
829 847 699 264 285 144 411 707 587 142 907 612 397 212 456 42 47 122 968 923 259 168 645 0 75 742 218 74 419 367 464 261 683 944 881 494 564 300 675 688 668 889 635 284 314 589 475 807 134 185 
598 67 98 761 788 569 846 799 718 650 57 908 252 543 857 923 786 418 344 907 565 803 315 75 0 829 208 47 881 497 123 665 990 80 748 50 246 959 191 674 60 37 891 280 94 375 501 739 481 9 
776 730 119 813 349 125 286 827 899 431 629 344 217 563 600 987 576 195 437 795 597 765 703 742 829 0 681 670 28 545 497 959 703 558 480 535 648 592 577 661 800 14 489 853 86 245 778 157 422 256 
926 620 970 716 992 236 649 256 359 356 108 321 241 340 903 193 726 33 427 531 340 466 535 218 208 681 0 705 194 699 18 344 808 277 10 449 288 699 584 296 680 88 357 862 844 484 83 507 286 441 
287 375 544 518 185 319 564 94 173 811 637 537 680 918 416 644 467 915 901 404 947 331 146 74 47 670 705 0 466 251 249 988 26 815 707 763 410 351 345 45 321 852 354 696 856 361 173 936 630 997 
936 40 838 259 650 555 17 246 971 360 807 446 487 124 507 931 902 714 866 631 795 695 572 419 881 28 194 466 0 160 385 934 622 574 425 836 181 818 389 725 784 930 798 107 75 410 374 947 994 850 
123 414 808 708 365 675 665 869 121 277 133 413 642 973 825 585 276 690 133 538 359 224 364 367 497 545 699 251 160 0 185 802 939 868 806 226 219 846 415 450 859 254 534 361 621 129 854 937 810 394 
669 888 778 32 444 104 554 558 706 311 181 844 881 847 416 599 134 643 34 20 517 654 272 464 123 497 18 249 385 185 0 107 816 686 398 336 586 598 944 193 532 107 704 255 282 963 871 589 976 936 
13 327 380 836 26 698 529 413 724 869 652 782 228 987 482 308 750 293 662 389 399 803 465 261 665 959 344 988 934 802 107 0 822 689 148 463 928 115 193 206 329 333 867 870 347 344 727 790 435 269 
799 465 483 486 561 791 576 22 860 728 427 886 859 275 375 472 731 98 960 892 623 655 474 683 990 703 808 26 622 939 816 822 0 877 720 356 966 647 92 175 431 401 475 590 697 715 938 535 343 825 
879 327 463 404 819 746 603 649 933 310 316 787 98 905 474 731 832 853 173 845 177 912 326 944 80 558 277 815 574 868 686 689 877 0 683 583 450 74 985 450 244 850 771 787 560 366 286 429 28 137 
585 332 889 957 282 548 424 793 568 285 522 688 139 825 79 287 71 719 759 501 911 182 22 881 748 480 10 707 425 806 398 148 720 683 0 839 237 406 335 200 627 240 353 882 828 102 487 603 911 656 
855 443 991 320 602 752 894 620 4 139 365 774 260 390 657 467 778 214 872 935 224 591 140 494 50 535 449 763 836 226 336 463 356 583 839 0 996 842 878 545 804 378 967 479 6 920 806 893 398 942 
81 299 285 634 547 601 836 425 700 153 55 629 630 611 850 61 841 991 273 638 619 929 216 564 246 648 288 410 181 219 586 928 966 450 237 996 0 913 340 759 674 416 513 647 351 210 596 686 177 305 
346 936 82 652 824 354 340 4 669 646 849 281 553 354 701 427 547 926 982 281 348 164 205 300 959 592 699 351 818 846 598 115 647 74 406 842 913 0 335 780 847 500 512 213 871 461 798 162 937 657 
919 857 141 937 985 635 751 423 150 823 992 432 115 446 885 41 953 732 995 562 71 654 910 675 191 577 584 345 389 415 944 193 92 985 335 878 340 335 0 467 78 40 742 17 510 916 300 664 816 983 
906 689 191 764 957 52 662 594 880 710 482 238 714 277 771 756 669 252 600 948 625 390 641 688 674 661 296 45 725 450 193 206 175 450 200 545 759 780 467 0 712 916 984 556 139 288 884 782 406 663 
831 329 501 742 359 252 816 284 126 714 739 247 152 115 77 493 817 257 151 710 895 575 731 668 60 800 680 321 784 859 532 329 431 244 627 804 674 847 78 712 0 471 565 20 405 632 3 249 624 540 
159 728 936 585 406 221 918 620 864 28 421 791 427 866 512 913 360 841 269 334 454 101 477 889 37 14 88 852 930 254 107 333 401 850 240 378 416 500 40 916 471 0 624 357 761 947 989 80 772 256 
492 508 866 222 957 9 598 671 909 859 312 968 531 207 87 606 493 772 780 756 204 233 962 635 891 489 357 354 798 534 704 867 475 771 353 967 513 512 742 984 565 624 0 415 965 264 226 10 98 142 
808 876 876 904 472 580 196 102 750 706 909 802 515 850 689 978 659 942 138 611 467 316 703 284 280 853 862 696 107 361 255 870 590 787 882 479 647 213 17 556 20 357 415 0 164 926 582 15 13 213 
576 771 283 378 264 627 772 556 531 137 156 819 501 67 283 315 863 908 832 299 832 118 318 314 94 86 844 856 75 621 282 347 697 560 828 6 351 871 510 139 405 761 965 164 0 413 523 109 342 271 
928 167 166 99 463 515 583 543 303 887 666 398 460 747 5 674 453 315 394 668 366 588 572 589 375 245 484 361 410 129 963 344 715 366 102 920 210 461 916 288 632 947 264 926 413 0 266 947 109 447 
53 555 181 595 242 39 840 593 242 382 968 544 947 172 371 38 115 246 548 801 554 188 944 475 501 778 83 173 374 854 871 727 938 286 487 806 596 798 300 884 3 989 226 582 523 266 0 676 235 96 
709 716 274 257 371 133 188 767 160 932 497 285 513 945 937 710 436 726 411 877 273 855 711 807 739 157 507 936 947 937 589 790 535 429 603 893 686 162 664 782 249 80 10 15 109 947 676 0 869 683 
475 482 515 281 445 542 642 78 202 89 863 972 573 334 613 316 245 70 357 843 165 395 360 134 481 422 286 630 994 810 976 435 343 28 911 398 177 937 816 406 624 772 98 13 342 109 235 869 0 33 
970 804 45 134 759 831 190 728 36 398 126 923 769 318 536 738 604 41 73 512 53 219 922 185 9 256 441 997 850 394 936 269 825 137 656 942 305 657 983 663 540 256 142 213 271 447 96 683 33 0 
0 215 106 552 132 135 951 276 470 849 653 419 428 13 409 204 806 788 651 616 698 9 64 227 365 166 117 742 39 925 513 990 342 138 465 20 810 665 30 34 238 715 641 213 475 137 807 137 436 39 
215 0 165 412 738 312 709 639 908 22 195 924 20 135 415 488 606 444 270 192 715 328 430 293 956 547 286 685 989 759 221 597 610 728 544 536 680 69 168 327 531 140 325 186 400 917 220 367 676 255 
106 165 0 113 596 335 758 647 415 610 482 616 232 158 229 876 274 715 476 947 306 263 797 302 964 797 68 551 157 262 188 715 580 647 144 33 797 759 910 887 322 95 180 47 750 889 824 738 456 895 
552 412 113 0 363 682 453 549 647 606 388 2 789 904 685 604 949 500 597 509 498 589 831 672 297 88 214 667 832 441 988 54 539 608 198 730 211 385 102 128 276 666 863 293 665 920 405 659 845 856 
132 738 596 363 0 806 142 516 298 963 740 217 894 439 786 203 658 977 396 515 957 357 79 810 179 730 132 897 326 536 685 884 441 230 704 361 558 341 1 39 714 632 101 517 791 363 685 686 507 253 
135 312 335 682 806 0 323 878 416 30 479 774 92 283 31 394 817 337 745 805 590 465 882 820 220 727 679 656 438 136 969 428 91 397 644 391 208 595 413 870 832 787 955 350 517 369 879 961 559 156 
951 709 758 453 142 323 0 734 485 340 733 727 780 196 380 284 73 926 651 536 575 333 269 410 24 566 175 507 762 102 308 507 427 375 588 173 121 739 176 473 124 44 548 646 191 462 153 689 407 702 
276 639 647 549 516 878 734 0 592 905 509 523 565 662 687 581 516 32 671 406 460 399 326 302 305 138 865 679 668 128 461 588 954 284 275 304 578 946 387 420 799 294 255 922 469 573 592 225 846 323 
470 908 415 647 298 416 485 592 0 330 887 808 732 40 904 794 79 604 736 664 529 445 53 334 260 52 670 973 81 914 434 206 86 160 335 858 309 461 878 334 860 66 15 200 571 731 756 826 743 961 
849 22 610 606 963 30 340 905 330 0 822 196 584 298 972 579 887 788 726 181 853 328 499 873 187 536 660 149 461 731 644 144 78 606 890 862 861 225 117 97 250 951 86 445 724 145 555 254 843 657 
653 195 482 388 740 479 733 509 887 822 0 359 567 747 79 312 786 573 5 939 586 870 57 80 920 426 934 140 217 851 619 185 714 548 595 567 926 98 46 611 272 497 582 79 698 368 248 492 235 772 
419 924 616 2 217 774 727 523 808 196 359 0 138 406 635 874 790 265 382 820 247 572 583 478 212 668 560 385 431 698 169 161 140 353 281 319 317 628 435 875 696 95 124 161 112 620 576 763 55 99 
428 20 232 789 894 92 780 565 732 584 567 138 0 118 294 451 378 602 68 223 899 141 407 560 764 842 673 282 541 340 178 794 154 801 638 739 359 435 882 286 697 747 596 700 657 328 105 297 425 169 
13 135 158 904 439 283 196 662 40 298 747 406 118 0 500 798 361 250 862 761 772 169 181 866 456 475 749 206 908 12 147 38 799 313 128 484 279 577 640 644 787 62 653 250 855 411 695 178 735 917 
409 415 229 685 786 31 380 687 904 972 79 635 294 500 0 320 831 332 552 245 563 424 246 598 94 615 92 548 576 40 717 527 540 448 648 423 66 165 134 290 928 389 827 256 723 968 660 110 390 564 
204 488 876 604 203 394 284 581 794 579 312 874 451 798 320 0 814 442 226 25 807 149 180 852 284 210 680 323 47 430 541 560 610 132 795 605 868 687 933 296 576 177 451 74 883 152 831 102 629 285 
806 606 274 949 658 817 73 516 79 887 786 790 378 361 831 814 0 459 795 263 516 447 6 943 121 439 280 643 115 724 847 243 157 298 734 341 83 433 87 237 157 680 376 259 408 665 772 662 559 257 
788 444 715 500 977 337 926 32 604 788 573 265 602 250 332 442 459 0 340 875 733 435 656 781 364 853 920 95 76 165 336 748 967 48 358 836 110 176 207 762 836 174 354 328 103 864 728 341 780 803 
651 270 476 597 396 745 651 671 736 726 5 382 68 862 552 226 795 340 0 665 118 648 269 244 758 531 626 5 301 836 848 461 19 858 447 24 764 66 64 445 815 768 256 927 52 715 413 638 666 897 
616 192 947 509 515 805 536 406 664 181 939 820 223 761 245 25 263 875 665 0 906 929 466 30 28 42 434 670 455 301 975 784 149 88 472 138 383 818 401 153 222 675 220 344 638 325 241 62 195 512 
698 715 306 498 957 590 575 460 529 853 586 247 899 772 563 807 516 733 118 906 0 370 449 765 526 285 513 2 183 608 561 512 319 858 13 598 464 765 730 241 132 550 742 498 40 667 256 756 872 858 
9 328 263 589 357 465 333 399 445 328 870 572 141 169 424 149 447 435 648 929 370 0 488 745 163 227 697 544 286 636 282 290 289 419 937 402 133 784 371 525 456 930 783 635 739 410 876 153 456 712 
64 430 797 831 79 882 269 326 53 499 57 583 407 181 246 180 6 656 269 466 449 488 0 670 653 316 599 651 400 882 759 668 516 578 939 779 793 861 157 365 248 357 38 85 641 413 106 380 569 159 
227 293 302 672 810 820 410 302 334 873 80 478 560 866 598 852 943 781 244 30 765 745 670 0 848 234 724 812 659 613 534 745 313 291 219 493 222 712 244 258 195 198 387 828 609 529 399 168 913 979 
365 956 964 297 179 220 24 305 260 187 920 212 764 456 94 284 121 364 758 28 526 163 653 848 0 97 880 998 90 528 793 353 134 798 317 810 549 212 715 263 843 976 113 582 949 718 567 141 591 922 
166 547 797 88 730 727 566 138 52 536 426 668 842 475 615 210 439 853 531 42 285 227 316 234 97 0 384 378 859 466 482 62 302 346 437 384 423 378 395 372 333 912 577 101 865 756 325 659 414 714 
117 286 68 214 132 679 175 865 670 660 934 560 673 749 92 680 280 920 626 434 513 697 599 724 880 384 0 378 826 416 997 463 192 606 906 504 656 418 329 593 323 930 798 89 154 547 955 325 494 577 
742 685 551 667 897 656 507 679 973 149 140 385 282 206 548 323 643 95 5 670 2 544 651 812 998 378 378 0 604 629 693 73 902 108 415 305 423 720 611 942 633 268 657 403 95 662 758 78 368 31 
39 989 157 832 326 438 762 668 81 461 217 431 541 908 576 47 115 76 301 455 183 286 400 659 90 859 826 604 0 946 732 134 356 369 596 282 762 276 541 408 223 122 140 822 912 460 614 105 177 153 
925 759 262 441 536 136 102 128 914 731 851 698 340 12 40 430 724 165 836 301 608 636 882 613 528 466 416 629 946 0 824 105 94 140 288 799 681 377 557 525 134 650 459 872 395 982 199 227 168 679 
513 221 188 988 685 969 308 461 434 644 619 169 178 147 717 541 847 336 848 975 561 282 759 534 793 482 997 693 732 824 0 892 153 343 683 480 309 466 13 882 434 764 193 539 782 60 121 461 63 36 
990 597 715 54 884 428 507 588 206 144 185 161 794 38 527 560 243 748 461 784 512 290 668 745 353 62 463 73 134 105 892 0 239 350 756 684 26 943 825 828 516 561 101 50 763 691 208 153 420 741 
342 610 580 539 441 91 427 954 86 78 714 140 154 799 540 610 157 967 19 149 319 289 516 313 134 302 192 902 356 94 153 239 0 162 336 460 53 297 997 733 612 752 454 409 348 164 205 454 555 209 
138 728 647 608 230 397 375 284 160 606 548 353 801 313 448 132 298 48 858 88 858 419 578 291 798 346 606 108 369 140 343 350 162 0 144 393 444 857 105 363 653 150 300 369 446 725 629 674 935 755 
465 544 144 198 704 644 588 275 335 890 595 281 638 128 648 795 734 358 447 472 13 937 939 219 317 437 906 415 596 288 683 756 336 144 0 119 738 464 512 705 470 767 646 179 311 735 411 68 93 413 
20 536 33 730 361 391 173 304 858 862 567 319 739 484 423 605 341 836 24 138 598 402 779 493 810 384 504 305 282 799 480 684 460 393 119 0 25 44 213 402 345 634 146 510 937 219 110 51 705 206 
810 680 797 211 558 208 121 578 309 861 926 317 359 279 66 868 83 110 764 383 464 133 793 222 549 423 656 423 762 681 309 26 53 444 738 25 0 73 610 207 344 779 521 416 588 772 498 423 732 531 
665 69 759 385 341 595 739 946 461 225 98 628 435 577 165 687 433 176 66 818 765 784 861 712 212 378 418 720 276 377 466 943 297 857 464 44 73 0 613 259 192 641 249 825 192 572 220 862 31 189 
30 168 910 102 1 413 176 387 878 117 46 435 882 640 134 933 87 207 64 401 730 371 157 244 715 395 329 611 541 557 13 825 997 105 512 213 610 613 0 366 888 967 360 944 377 1 736 286 281 26 
34 327 887 128 39 870 473 420 334 97 611 875 286 644 290 296 237 762 445 153 241 525 365 258 263 372 593 942 408 525 882 828 733 363 705 402 207 259 366 0 543 41 126 313 906 942 238 332 616 345 
238 531 322 276 714 832 124 799 860 250 272 696 697 787 928 576 157 836 815 222 132 456 248 195 843 333 323 633 223 134 434 516 612 653 470 345 344 192 888 543 0 617 252 936 645 397 951 767 293 492 
715 140 95 666 632 787 44 294 66 951 497 95 747 62 389 177 680 174 768 675 550 930 357 198 976 912 930 268 122 650 764 561 752 150 767 634 779 641 967 41 617 0 406 558 184 243 66 697 324 690 
641 325 180 863 101 955 548 255 15 86 582 124 596 653 827 451 376 354 256 220 742 783 38 387 113 577 798 657 140 459 193 101 454 300 646 146 521 249 360 126 252 406 0 422 60 650 780 829 883 721 
213 186 47 293 517 350 646 922 200 445 79 161 700 250 256 74 259 328 927 344 498 635 85 828 582 101 89 403 822 872 539 50 409 369 179 510 416 825 944 313 936 558 422 0 860 140 481 915 904 657 
475 400 750 665 791 517 191 469 571 724 698 112 657 855 723 883 408 103 52 638 40 739 641 609 949 865 154 95 912 395 782 763 348 446 311 937 588 192 377 906 645 184 60 860 0 678 617 921 526 869 
137 917 889 920 363 369 462 573 731 145 368 620 328 411 968 152 665 864 715 325 667 410 413 529 718 756 547 662 460 982 60 691 164 725 735 219 772 572 1 942 397 243 650 140 678 0 767 36 966 547 
807 220 824 405 685 879 153 592 756 555 248 576 105 695 660 831 772 728 413 241 256 876 106 399 567 325 955 758 614 199 121 208 205 629 411 110 498 220 736 238 951 66 780 481 617 767 0 231 831 825 
137 367 738 659 686 961 689 225 826 254 492 763 297 178 110 102 662 341 638 62 756 153 380 168 141 659 325 78 105 227 461 153 454 674 68 51 423 862 286 332 767 697 829 915 921 36 231 0 26 533 
436 676 456 845 507 559 407 846 743 843 235 55 425 735 390 629 559 780 666 195 872 456 569 913 591 414 494 368 177 168 63 420 555 935 93 705 732 31 281 616 293 324 883 904 526 966 831 26 0 943 
39 255 895 856 253 156 702 323 961 657 772 99 169 917 564 285 257 803 897 512 858 712 159 979 922 714 577 31 153 679 36 741 209 755 413 206 531 189 26 345 492 690 721 657 869 547 825 533 943 0 
0 396 295 332 71 141 849 266 379 586 750 426 394 62 511 198 791 763 659 707 847 70 126 66 606 300 194 850 22 992 330 809 260 116 615 18 813 696 145 12 32 704 486 326 452 173 882 437 847 90 
396 0 83 341 466 144 655 449 535 246 7 988 140 82 438 620 640 550 721 161 706 390 563 95 894 296 306 525 943 750 2 704 460 618 793 528 681 179 263 431 708 171 528 15 257 854 407 271 493 113 
295 83 0 207 650 276 863 735 588 585 663 251 143 103 317 949 249 434 429 858 124 64 847 158 946 893 119 670 168 327 330 707 388 547 357 33 697 847 956 681 582 222 64 178 662 951 827 768 499 972 
332 341 207 0 207 890 654 412 586 411 414 186 767 704 498 553 884 320 613 680 558 746 771 785 267 164 195 516 644 394 966 37 379 671 7 517 497 197 101 311 315 234 787 39 649 849 388 777 631 864 
71 466 650 207 0 884 316 580 464 975 846 89 792 460 792 47 790 869 389 531 829 746 49 569 242 728 86 696 297 660 547 921 437 194 733 285 354 56 158 32 658 566 54 627 880 626 769 633 687 242 
141 144 276 890 884 0 364 724 162 100 256 855 58 250 104 710 715 365 729 750 619 362 761 696 547 736 656 752 553 488 847 116 57 312 458 235 338 780 307 926 775 730 998 430 331 517 898 684 412 198 
849 655 863 654 316 364 0 731 275 322 972 821 818 329 317 245 238 831 732 683 442 388 153 440 204 623 360 421 896 431 466 262 287 445 411 204 209 709 282 464 102 186 565 923 178 479 212 657 330 872 
266 449 735 412 580 724 731 0 591 974 284 524 540 686 645 632 229 44 704 366 511 558 430 303 257 391 535 925 809 101 560 707 974 268 216 353 552 906 673 555 716 516 359 957 550 697 562 257 993 364 
379 535 588 586 464 162 275 591 0 247 992 684 739 122 996 673 188 377 832 595 418 452 354 420 62 94 670 844 9 894 173 370 108 135 453 986 221 287 996 61 826 335 230 101 516 751 833 779 760 860 
586 246 585 411 975 100 322 974 247 0 903 142 577 242 780 705 679 774 734 131 637 329 620 903 415 623 698 193 575 623 767 333 404 778 688 633 706 386 260 247 243 929 170 456 889 113 760 23 869 514 
750 7 663 414 846 256 972 284 992 903 0 396 503 650 286 81 726 178 32 774 567 731 201 220 964 250 959 387 107 860 641 458 586 655 472 651 889 229 35 494 212 650 729 125 732 259 90 480 55 776 
426 988 251 186 89 855 821 524 684 142 396 0 190 267 330 923 805 417 234 816 93 526 571 373 136 673 664 399 584 744 221 370 101 273 335 256 556 812 495 572 743 55 88 360 282 596 318 634 73 64 
394 140 143 767 792 58 818 540 739 577 503 190 0 215 431 570 381 126 28 563 932 280 580 616 846 725 627 328 532 321 17 864 295 974 813 934 528 701 913 333 708 635 611 359 453 506 16 330 600 176 
62 82 103 704 460 250 329 686 122 242 650 267 215 0 427 504 261 416 936 816 787 182 263 760 359 452 759 57 937 168 176 47 685 29 160 643 311 701 570 752 888 35 766 258 965 611 791 90 632 903 
511 438 317 498 792 104 317 645 996 780 286 330 431 427 0 151 627 274 510 252 598 394 414 502 25 449 23 567 414 52 801 610 544 522 861 410 107 410 103 236 849 671 940 227 837 869 480 184 389 397 
198 620 949 553 47 710 245 632 673 705 81 923 570 504 151 0 874 380 249 52 833 271 148 882 8 37 654 280 108 540 391 819 710 229 852 467 916 651 911 186 520 5 258 96 754 324 719 252 719 179 
791 640 249 884 790 715 238 229 188 679 726 805 381 261 627 874 0 448 997 180 538 521 209 874 143 508 199 310 274 771 763 329 134 109 733 174 74 693 206 265 383 715 514 194 7 523 922 434 957 288 
763 550 434 320 869 365 831 44 377 774 178 417 126 416 274 380 448 0 297 719 510 192 458 762 484 915 850 270 321 331 346 777 892 195 234 767 73 95 183 850 711 114 389 74 210 680 643 282 926 932 
659 721 429 613 389 729 732 704 832 734 32 234 28 936 510 249 997 297 0 610 67 568 520 27 516 682 467 110 161 836 960 262 199 990 270 73 704 115 46 384 590 491 1 735 271 575 305 616 641 936 
707 161 858 680 531 750 683 366 595 131 774 816 563 816 252 52 180 719 610 0 746 885 457 111 19 284 482 758 151 333 979 781 223 365 545 81 213 587 626 17 106 820 339 428 795 84 348 82 181 402 
847 706 124 558 829 619 442 511 418 637 567 93 932 787 598 833 538 510 67 746 0 600 518 869 357 340 464 82 111 598 475 559 197 865 7 771 483 755 939 360 87 492 825 499 112 569 399 726 800 985 
70 390 64 746 746 362 388 558 452 329 731 526 280 182 394 271 521 192 568 885 600 0 424 976 350 329 489 720 188 740 393 146 478 194 598 492 309 700 307 741 490 831 793 704 991 424 967 138 667 798 
126 563 847 771 49 761 153 430 354 620 201 571 580 263 414 148 209 458 520 457 518 424 0 240 644 230 304 816 617 611 630 695 412 661 972 959 584 825 113 560 279 512 60 235 710 365 120 356 314 90 
66 95 158 785 569 696 440 303 420 903 220 373 616 760 502 882 874 762 27 111 869 976 240 0 889 369 899 861 579 573 542 574 472 86 209 535 327 580 338 150 356 120 375 733 583 530 251 154 776 816 
606 894 946 267 242 547 204 257 62 415 964 136 846 359 25 8 143 484 516 19 357 350 644 889 0 141 946 820 161 515 846 196 60 951 137 779 775 57 666 358 824 982 112 557 764 535 484 179 777 958 
300 296 893 164 728 736 623 391 94 623 250 673 725 452 449 37 508 915 682 284 340 329 230 369 141 0 143 381 963 283 354 237 409 605 413 491 371 497 394 41 75 998 439 144 687 697 237 973 639 775 
194 306 119 195 86 656 360 535 670 698 959 664 627 759 23 654 199 850 467 482 464 489 304 899 946 143 0 283 878 357 938 709 295 763 924 680 900 366 386 678 351 926 413 152 128 308 891 544 630 692 
850 525 670 516 696 752 421 925 844 193 387 399 328 57 567 280 310 270 110 758 82 720 816 861 820 381 283 0 576 959 661 3 888 267 233 306 433 535 712 857 826 119 568 346 126 428 960 88 576 64 
22 943 168 644 297 553 896 809 9 575 107 584 532 937 414 108 274 321 161 151 111 188 617 579 161 963 878 576 0 747 718 217 373 475 486 213 712 268 540 248 266 91 232 897 890 707 590 58 47 175 
992 750 327 394 660 488 431 101 894 623 860 744 321 168 52 540 771 331 836 333 598 740 611 573 515 283 357 959 747 0 757 234 123 248 33 717 756 34 433 581 137 678 579 707 296 856 77 188 197 696 
330 2 330 966 547 847 466 560 173 767 641 221 17 176 801 391 763 346 960 979 475 393 630 542 846 354 938 661 718 757 0 952 98 431 561 642 429 519 23 714 585 919 258 737 775 92 132 472 250 79 
809 704 707 37 921 116 262 707 370 333 458 370 864 47 610 819 329 777 262 781 559 146 695 574 196 237 709 3 217 234 952 0 301 440 777 544 157 936 727 648 615 690 185 128 555 642 304 140 666 810 
260 460 388 379 437 57 287 974 108 404 586 101 295 685 544 710 134 892 199 223 197 478 412 472 60 409 295 888 373 123 98 301 0 326 179 784 79 349 916 798 576 678 614 561 473 388 98 647 612 174 
116 618 547 671 194 312 445 268 135 778 655 273 974 29 522 229 109 195 990 365 865 194 661 86 951 605 763 267 475 248 431 440 326 0 254 421 404 964 104 410 757 206 278 266 452 484 748 451 993 853 
615 793 357 7 733 458 411 216 453 688 472 335 813 160 861 852 733 234 270 545 7 598 972 209 137 413 924 233 486 33 561 777 179 254 0 66 717 627 655 912 478 856 674 153 43 887 298 502 141 419 
18 528 33 517 285 235 204 353 986 633 651 256 934 643 410 467 174 767 73 81 771 492 959 535 779 491 680 306 213 717 642 544 784 421 66 0 39 87 155 410 170 848 154 465 916 17 105 260 455 18 
813 681 697 497 354 338 209 552 221 706 889 556 528 311 107 916 74 73 704 213 483 309 584 327 775 371 900 433 712 756 429 157 79 404 717 39 0 91 626 279 163 440 457 417 487 815 309 306 734 791 
696 179 847 197 56 780 709 906 287 386 229 812 701 701 410 651 693 95 115 587 755 700 825 580 57 497 366 535 268 34 519 936 349 964 627 87 91 0 587 170 347 306 396 864 44 627 164 846 8 376 
145 263 956 101 158 307 282 673 996 260 35 495 913 570 103 911 206 183 46 626 939 307 113 338 666 394 386 712 540 433 23 727 916 104 655 155 626 587 0 597 868 887 423 849 329 59 562 350 80 55 
12 431 681 311 32 926 464 555 61 247 494 572 333 752 236 186 265 850 384 17 360 741 560 150 358 41 678 857 248 581 714 648 798 410 912 410 279 170 597 0 407 112 46 307 876 616 91 238 593 291 
32 708 582 315 658 775 102 716 826 243 212 743 708 888 849 520 383 711 590 106 87 490 279 356 824 75 351 826 266 137 585 615 576 757 478 170 163 347 868 407 0 543 378 929 533 455 927 840 269 470 
704 171 222 234 566 730 186 516 335 929 650 55 635 35 671 5 715 114 491 820 492 831 512 120 982 998 926 119 91 678 919 690 678 206 856 848 440 306 887 112 543 0 223 655 162 2 369 958 191 737 
486 528 64 787 54 998 565 359 230 170 729 88 611 766 940 258 514 389 1 339 825 793 60 375 112 439 413 568 232 579 258 185 614 278 674 154 457 396 423 46 378 223 0 414 193 677 796 972 944 864 
326 15 178 39 627 430 923 957 101 456 125 360 359 258 227 96 194 74 735 428 499 704 235 733 557 144 152 346 897 707 737 128 561 266 153 465 417 864 849 307 929 655 414 0 910 121 425 960 784 579 
452 257 662 649 880 331 178 550 516 889 732 282 453 965 837 754 7 210 271 795 112 991 710 583 764 687 128 126 890 296 775 555 473 452 43 916 487 44 329 876 533 162 193 910 0 506 423 818 780 779 
173 854 951 849 626 517 479 697 751 113 259 596 506 611 869 324 523 680 575 84 569 424 365 530 535 697 308 428 707 856 92 642 388 484 887 17 815 627 59 616 455 2 677 121 506 0 850 26 877 547 
882 407 827 388 769 898 212 562 833 760 90 318 16 791 480 719 922 643 305 348 399 967 120 251 484 237 891 960 590 77 132 304 98 748 298 105 309 164 562 91 927 369 796 425 423 850 0 154 662 824 
437 271 768 777 633 684 657 257 779 23 480 634 330 90 184 252 434 282 616 82 726 138 356 154 179 973 544 88 58 188 472 140 647 451 502 260 306 846 350 238 840 958 972 960 818 26 154 0 78 421 
847 493 499 631 687 412 330 993 760 869 55 73 600 632 389 719 957 926 641 181 800 667 314 776 777 639 630 576 47 197 250 666 612 993 141 455 734 8 80 593 269 191 944 784 780 877 662 78 0 934 
90 113 972 864 242 198 872 364 860 514 776 64 176 903 397 179 288 932 936 402 985 798 90 816 958 775 692 64 175 696 79 810 174 853 419 18 791 376 55 291 470 737 864 579 779 547 824 421 934 0 
