7 4
0 813 105 728 495 748 590 
813 0 377 463 378 892 566 
105 377 0 940 425 230 694 
728 463 940 0 205 867 517 
495 378 425 205 0 399 457 
748 892 230 867 399 0 171 
590 566 694 517 457 171 0 
0 814 124 407 61 101 751 
814 0 79 338 45 444 667 
124 79 0 691 306 251 258 
407 338 691 0 930 106 53 
61 45 306 930 0 375 288 
101 444 251 106 375 0 69 
751 667 258 53 288 69 0 
0 416 608 213 96 344 654 
416 0 278 545 282 909 650 
608 278 0 858 899 332 614 
213 545 858 0 1000 498 232 
96 282 899 1000 0 881 232 
344 909 332 498 881 0 229 
654 650 614 232 232 229 0 
0 300 283 789 187 266 869 
300 0 270 487 188 595 628 
283 270 0 473 605 103 187 
789 487 473 0 374 478 60 
187 188 605 374 0 302 816 
266 595 103 478 302 0 585 
869 628 187 60 816 585 0 
0 268 51 610 42 36 286 
268 0 387 474 154 424 935 
51 387 0 654 626 465 269 
610 474 654 0 730 821 222 
42 154 626 730 0 772 132 
36 424 465 821 772 0 100 
286 935 269 222 132 100 0 
