5 3
0 771 544 977 248 
771 0 574 244 593 
544 574 0 691 433 
977 244 691 0 73 
248 593 433 73 0 
0 862 732 619 848 
862 0 518 568 572 
732 518 0 67 921 
619 568 67 0 812 
848 572 921 812 0 
0 316 391 596 237 
316 0 330 249 423 
391 330 0 854 67 
596 249 854 0 176 
237 423 67 176 0 
0 118 204 384 252 
118 0 533 318 394 
204 533 0 808 144 
384 318 808 0 105 
252 394 144 105 0 
