30 3
0 822 902 999 754 569 790 323 197 326 706 456 668 249 214 79 623 689 60 661 914 582 430 856 241 434 307 866 498 617 
822 0 345 685 815 468 747 535 972 705 388 607 702 359 397 964 179 197 237 348 703 16 972 439 187 895 705 355 792 258 
902 345 0 86 408 515 698 906 706 434 713 322 447 80 356 308 729 472 791 515 864 191 971 957 261 792 375 899 20 349 
999 685 86 0 325 315 543 143 558 265 624 764 805 399 731 222 710 709 927 507 789 245 647 803 124 890 711 786 886 126 
754 815 408 325 0 810 386 992 934 707 22 379 934 825 403 783 796 73 799 536 839 952 446 953 487 520 558 556 613 213 
569 468 515 315 810 0 254 138 292 147 816 926 399 190 775 749 952 491 71 961 726 683 881 170 606 528 136 8 373 636 
790 747 698 543 386 254 0 911 948 495 61 14 84 432 189 500 483 717 957 443 245 442 803 301 466 363 957 887 221 460 
323 535 906 143 992 138 911 0 981 169 85 169 743 896 502 84 970 762 55 856 510 967 200 184 647 451 316 410 771 760 
197 972 706 558 934 292 948 981 0 886 614 749 712 417 302 152 26 389 860 780 296 360 85 24 242 760 707 518 104 574 
326 705 434 265 707 147 495 169 886 0 706 631 584 994 990 229 769 245 303 773 402 618 897 480 740 168 626 528 90 723 
706 388 713 624 22 816 61 85 614 706 0 572 193 331 440 990 447 976 988 770 677 21 910 283 84 256 386 71 735 812 
456 607 322 764 379 926 14 169 749 631 572 0 512 849 747 403 751 956 611 175 173 733 828 763 559 964 8 127 369 390 
668 702 447 805 934 399 84 743 712 584 193 512 0 458 14 818 49 441 379 938 567 445 247 666 687 886 658 74 833 904 
249 359 80 399 825 190 432 896 417 994 331 849 458 0 69 604 116 101 132 318 581 757 901 643 943 284 998 24 494 452 
214 397 356 731 403 775 189 502 302 990 440 747 14 69 0 977 303 899 364 306 314 527 279 862 269 135 472 857 376 399 
79 964 308 222 783 749 500 84 152 229 990 403 818 604 977 0 366 431 595 755 526 240 963 569 690 900 273 147 45 937 
623 179 729 710 796 952 483 970 26 769 447 751 49 116 303 366 0 880 87 109 904 280 262 930 757 827 580 545 134 762 
689 197 472 709 73 491 717 762 389 245 976 956 441 101 899 431 880 0 102 7 672 449 248 680 413 363 34 831 165 788 
60 237 791 927 799 71 957 55 860 303 988 611 379 132 364 595 87 102 0 469 42 860 180 395 340 594 136 93 462 399 
661 348 515 507 536 961 443 856 780 773 770 175 938 318 306 755 109 7 469 0 833 241 639 494 488 404 690 393 214 800 
914 703 864 789 839 726 245 510 296 402 677 173 567 581 314 526 904 672 42 833 0 498 54 895 731 676 405 114 312 177 
582 16 191 245 952 683 442 967 360 618 21 733 445 757 527 240 280 449 860 241 498 0 438 525 37 410 315 82 909 197 
430 972 971 647 446 881 803 200 85 897 910 828 247 901 279 963 262 248 180 639 54 438 0 943 937 237 903 841 598 327 
856 439 957 803 953 170 301 184 24 480 283 763 666 643 862 569 930 680 395 494 895 525 943 0 328 358 999 192 404 216 
241 187 261 124 487 606 466 647 242 740 84 559 687 943 269 690 757 413 340 488 731 37 937 328 0 519 975 336 146 173 
434 895 792 890 520 528 363 451 760 168 256 964 886 284 135 900 827 363 594 404 676 410 237 358 519 0 698 474 61 351 
307 705 375 711 558 136 957 316 707 626 386 8 658 998 472 273 580 34 136 690 405 315 903 999 975 698 0 421 287 241 
866 355 899 786 556 8 887 410 518 528 71 127 74 24 857 147 545 831 93 393 114 82 841 192 336 474 421 0 723 1 
498 792 20 886 613 373 221 771 104 90 735 369 833 494 376 45 134 165 462 214 312 909 598 404 146 61 287 723 0 849 
617 258 349 126 213 636 460 760 574 723 812 390 904 452 399 937 762 788 399 800 177 197 327 216 173 351 241 1 849 0 
0 136 381 959 431 119 339 60 965 22 730 259 768 41 396 331 227 907 748 921 195 882 129 297 74 935 955 448 487 600 
136 0 128 107 928 78 939 647 437 516 294 846 541 490 49 803 257 782 922 317 628 712 430 219 176 260 368 726 54 885 
381 128 0 878 980 659 192 553 674 954 513 2 6 867 306 344 600 128 893 230 262 668 734 233 280 561 823 563 644 171 
959 107 878 0 724 946 755 904 737 59 655 185 322 67 704 115 251 945 766 589 546 807 106 57 209 742 643 657 826 497 
431 928 980 724 0 927 776 807 54 845 285 171 564 375 341 931 100 119 79 344 42 190 172 590 320 704 555 801 590 657 
119 78 659 946 927 0 615 964 771 395 120 831 771 206 849 312 523 386 320 366 80 453 440 152 409 414 688 433 663 217 
339 939 192 755 776 615 0 537 941 134 23 216 201 469 345 710 321 463 817 45 320 651 96 262 926 987 241 628 442 478 
60 647 553 904 807 964 537 0 481 53 654 189 745 742 825 248 608 782 540 879 175 70 570 574 963 786 592 589 767 367 
965 437 674 737 54 771 941 481 0 813 536 740 331 747 435 925 148 190 385 100 17 860 588 971 957 385 111 916 548 540 
22 516 954 59 845 395 134 53 813 0 118 148 78 833 60 706 942 407 48 65 105 469 983 917 574 727 689 472 920 395 
730 294 513 655 285 120 23 654 536 118 0 387 89 578 779 299 406 634 985 484 604 375 782 271 68 909 450 23 423 435 
259 846 2 185 171 831 216 189 740 148 387 0 924 28 192 410 436 56 693 254 208 426 61 105 223 298 160 139 175 297 
768 541 6 322 564 771 201 745 331 78 89 924 0 614 134 344 949 177 120 544 981 269 722 856 77 73 178 563 497 50 
41 490 867 67 375 206 469 742 747 833 578 28 614 0 929 934 612 962 658 9 238 47 747 161 648 216 410 297 822 956 
396 49 306 704 341 849 345 825 435 60 779 192 134 929 0 815 488 17 928 535 602 875 210 338 720 370 15 262 387 243 
331 803 344 115 931 312 710 248 925 706 299 410 344 934 815 0 229 193 698 761 977 453 675 258 285 759 600 786 774 289 
227 257 600 251 100 523 321 608 148 942 406 436 949 612 488 229 0 213 191 68 525 680 818 458 212 140 689 932 324 589 
907 782 128 945 119 386 463 782 190 407 634 56 177 962 17 193 213 0 417 281 608 94 857 415 863 852 56 536 276 365 
748 922 893 766 79 320 817 540 385 48 985 693 120 658 928 698 191 417 0 376 933 558 455 746 620 232 468 513 418 471 
921 317 230 589 344 366 45 879 100 65 484 254 544 9 535 761 68 281 376 0 685 881 45 198 168 755 667 243 884 414 
195 628 262 546 42 80 320 175 17 105 604 208 981 238 602 977 525 608 933 685 0 779 49 305 466 818 626 597 13 852 
882 712 668 807 190 453 651 70 860 469 375 426 269 47 875 453 680 94 558 881 779 0 860 951 142 563 350 424 374 309 
129 430 734 106 172 440 96 570 588 983 782 61 722 747 210 675 818 857 455 45 49 860 0 38 405 479 210 389 352 918 
297 219 233 57 590 152 262 574 971 917 271 105 856 161 338 258 458 415 746 198 305 951 38 0 601 851 977 871 858 239 
74 176 280 209 320 409 926 963 957 574 68 223 77 648 720 285 212 863 620 168 466 142 405 601 0 32 728 207 420 348 
935 260 561 742 704 414 987 786 385 727 909 298 73 216 370 759 140 852 232 755 818 563 479 851 32 0 338 36 569 945 
955 368 823 643 555 688 241 592 111 689 450 160 178 410 15 600 689 56 468 667 626 350 210 977 728 338 0 803 120 104 
448 726 563 657 801 433 628 589 916 472 23 139 563 297 262 786 932 536 513 243 597 424 389 871 207 36 803 0 449 482 
487 54 644 826 590 663 442 767 548 920 423 175 497 822 387 774 324 276 418 884 13 374 352 858 420 569 120 449 0 482 
600 885 171 497 657 217 478 367 540 395 435 297 50 956 243 289 589 365 471 414 852 309 918 239 348 945 104 482 482 0 
0 261 336 887 600 126 224 149 991 113 711 139 705 118 488 267 257 833 811 967 261 821 235 131 109 843 966 366 389 450 
261 0 99 273 802 29 864 742 449 306 154 704 669 476 93 804 359 787 587 294 522 742 305 287 167 97 344 707 102 829 
336 99 0 841 992 583 88 373 589 939 540 75 39 891 111 552 521 193 991 39 268 715 760 235 313 562 856 501 599 305 
887 273 841 0 834 925 605 825 888 85 666 243 252 50 754 123 203 881 712 674 492 854 70 142 134 718 797 615 896 436 
600 802 992 834 0 926 859 687 277 688 312 285 483 292 294 699 135 239 106 283 114 117 177 512 279 805 553 800 422 611 
126 29 583 925 926 0 700 931 697 554 82 904 730 243 714 331 511 359 152 389 179 424 441 78 425 339 677 502 699 289 
224 864 88 605 859 700 0 536 811 46 33 224 233 548 363 692 448 387 979 211 136 619 248 332 768 961 305 769 235 341 
149 742 373 825 687 931 536 0 436 118 498 186 794 859 727 90 480 678 391 986 94 202 641 573 855 703 542 583 888 411 
991 449 589 888 277 697 811 436 0 824 477 855 116 678 548 976 159 182 395 192 16 715 705 981 911 254 302 861 181 648 
113 306 939 85 688 554 46 118 824 0 54 41 89 653 127 486 911 567 38 11 153 494 873 769 426 595 795 570 797 452 
711 154 540 666 312 82 33 498 477 54 0 495 216 658 789 250 505 613 971 402 482 542 958 212 55 883 562 35 513 327 
139 704 75 243 285 904 224 186 855 41 495 0 934 78 23 240 319 43 661 239 383 436 65 107 201 332 166 138 125 311 
705 669 39 252 483 730 233 794 116 89 216 934 0 502 139 38 852 150 96 393 853 233 837 909 180 76 202 516 397 198 
118 476 891 50 292 243 548 859 678 653 658 78 502 0 910 659 553 799 671 56 222 44 702 221 726 162 410 238 798 934 
488 93 111 754 294 714 363 727 548 127 789 23 139 910 0 788 531 40 983 602 498 879 105 436 564 358 10 325 607 207 
267 804 552 123 699 331 692 90 976 486 250 240 38 659 788 0 93 120 690 507 997 354 812 269 344 718 505 757 717 296 
257 359 521 203 135 511 448 480 159 911 505 319 852 553 531 93 0 305 142 165 188 582 743 417 219 287 894 911 420 518 
833 787 193 881 239 359 387 678 182 567 613 43 150 799 40 120 305 0 442 308 835 77 917 434 861 762 110 609 207 258 
811 587 991 712 106 152 979 391 395 38 971 661 96 671 983 690 142 442 0 263 953 385 442 863 606 179 592 525 422 680 
967 294 39 674 283 389 211 986 192 11 402 239 393 56 602 507 165 308 263 0 738 999 136 184 24 698 586 329 689 366 
261 522 268 492 114 179 136 94 16 153 482 383 853 222 498 997 188 835 953 738 0 784 29 377 323 657 772 686 127 855 
821 742 715 854 117 424 619 202 715 494 542 436 233 44 879 354 582 77 385 999 784 0 848 836 118 528 316 362 550 316 
235 305 760 70 177 441 248 641 705 873 958 65 837 702 105 812 743 917 442 136 29 848 0 153 387 416 215 435 203 926 
131 287 235 142 512 78 332 573 981 769 212 107 909 221 436 269 417 434 863 184 377 836 153 0 662 688 970 926 681 397 
109 167 313 134 279 425 768 855 911 426 55 201 180 726 564 344 219 861 606 24 323 118 387 662 0 17 621 273 421 529 
843 97 562 718 805 339 961 703 254 595 883 332 76 162 358 718 287 762 179 698 657 528 416 688 17 0 314 56 353 792 
966 344 856 797 553 677 305 542 302 795 562 166 202 410 10 505 894 110 592 586 772 316 215 970 621 314 0 707 236 14 
366 707 501 615 800 502 769 583 861 570 35 138 516 238 325 757 911 609 525 329 686 362 435 926 273 56 707 0 433 301 
389 102 599 896 422 699 235 888 181 797 513 125 397 798 607 717 420 207 422 689 127 550 203 681 421 353 236 433 0 521 
450 829 305 436 611 289 341 411 648 452 327 311 198 934 207 296 518 258 680 366 855 316 926 397 529 792 14 301 521 0 
0 156 495 891 550 285 351 254 819 6 768 364 795 51 314 270 209 921 872 790 155 972 319 306 9 898 808 671 485 687 
156 0 131 159 766 174 787 621 669 548 208 824 529 516 193 796 356 748 766 470 745 892 367 239 93 297 371 570 268 747 
495 131 0 873 914 632 191 570 660 980 492 19 132 863 445 304 428 100 797 89 29 639 876 439 206 541 835 574 743 156 
891 159 873 0 754 948 643 944 794 64 692 101 290 152 522 24 224 983 933 616 717 833 69 22 187 751 878 602 871 496 
550 766 914 754 0 990 802 763 117 735 207 216 433 346 234 861 247 411 206 273 9 161 256 662 317 672 385 935 461 606 
285 174 632 948 990 0 737 931 751 477 69 747 645 138 726 286 485 274 415 445 98 393 393 172 590 315 854 709 791 162 
351 787 191 643 802 737 0 581 827 94 75 139 159 347 237 646 360 543 755 5 327 425 250 44 943 879 441 454 314 463 
254 621 570 944 763 931 581 0 413 214 750 194 855 685 884 269 520 889 416 737 181 141 518 607 936 759 543 623 733 430 
819 669 660 794 117 751 827 413 0 744 583 675 392 637 492 961 296 243 590 90 95 925 618 861 677 351 186 896 480 371 
6 548 980 64 735 477 94 214 744 0 413 202 36 833 98 812 886 213 26 191 135 683 887 858 541 734 541 449 803 300 
768 208 492 692 207 69 75 750 583 413 0 421 254 704 703 140 319 668 901 617 528 107 848 234 52 786 229 68 381 416 
364 824 19 101 216 747 139 194 675 202 421 0 961 25 112 562 542 213 679 314 284 285 39 209 354 171 198 132 52 298 
795 529 132 290 433 645 159 855 392 36 254 961 0 609 185 375 937 191 27 432 835 235 651 943 102 26 396 529 448 46 
51 516 863 152 346 138 347 685 637 833 704 25 609 0 875 936 714 958 754 48 236 152 771 183 631 181 430 283 954 747 
314 193 445 522 234 726 237 884 492 98 703 112 185 875 0 652 622 63 893 583 571 885 222 461 514 297 154 236 291 163 
270 796 304 24 861 286 646 269 961 812 140 562 375 936 652 0 466 244 523 853 880 497 698 262 319 948 361 789 756 316 
209 356 428 224 247 485 360 520 296 886 319 542 937 714 622 466 0 62 184 127 508 575 943 424 63 314 809 947 369 517 
921 748 100 983 411 274 543 889 243 213 668 213 191 958 63 244 62 0 518 85 708 13 886 498 928 782 42 530 328 176 
872 766 797 933 206 415 755 416 590 26 901 679 27 754 893 523 184 518 0 615 866 750 443 811 600 205 490 432 296 646 
790 470 89 616 273 445 5 737 90 191 617 314 432 48 583 853 127 85 615 0 645 815 113 60 266 796 563 278 920 389 
155 745 29 717 9 98 327 181 95 135 528 284 835 236 571 880 508 708 866 645 0 912 192 249 635 947 684 529 78 828 
972 892 639 833 161 393 425 141 925 683 107 285 235 152 885 497 575 13 750 815 912 0 914 951 58 425 503 551 431 369 
319 367 876 69 256 393 250 518 618 887 848 39 651 771 222 698 943 886 443 113 192 914 0 202 390 538 209 520 497 806 
306 239 439 22 662 172 44 607 861 858 234 209 943 183 461 262 424 498 811 60 249 951 202 0 598 678 897 696 850 470 
9 93 206 187 317 590 943 936 677 541 52 354 102 631 514 319 63 928 600 266 635 58 390 598 0 13 684 285 257 420 
898 297 541 751 672 315 879 759 351 734 786 171 26 181 297 948 314 782 205 796 947 425 538 678 13 0 356 59 452 785 
808 371 835 878 385 854 441 543 186 541 229 198 396 430 154 361 809 42 490 563 684 503 209 897 684 356 0 766 125 24 
671 570 574 602 935 709 454 623 896 449 68 132 529 283 236 789 947 530 432 278 529 551 520 696 285 59 766 0 506 388 
485 268 743 871 461 791 314 733 480 803 381 52 448 954 291 756 369 328 296 920 78 431 497 850 257 452 125 506 0 542 
687 747 156 496 606 162 463 430 371 300 416 298 46 747 163 316 517 176 646 389 828 369 806 470 420 785 24 388 542 0 
