10 4
0 166 345 551 958 93 183 557 623 581 
166 0 397 933 809 709 408 200 204 698 
345 397 0 256 703 322 572 856 70 599 
551 933 256 0 151 944 619 51 938 656 
958 809 703 151 0 368 896 785 592 878 
93 709 322 944 368 0 14 818 852 998 
183 408 572 619 896 14 0 164 434 102 
557 200 856 51 785 818 164 0 147 715 
623 204 70 938 592 852 434 147 0 215 
581 698 599 656 878 998 102 715 215 0 
0 846 702 165 969 310 764 112 642 120 
846 0 173 189 948 719 141 822 240 89 
702 173 0 423 376 611 118 335 286 90 
165 189 423 0 613 99 146 387 906 26 
969 948 376 613 0 413 632 748 499 663 
310 719 611 99 413 0 312 581 988 626 
764 141 118 146 632 312 0 500 333 30 
112 822 335 387 748 581 500 0 141 204 
642 240 286 906 499 988 333 141 0 8 
120 89 90 26 663 626 30 204 8 0 
0 266 190 819 121 802 222 889 453 841 
266 0 805 869 210 285 789 264 537 602 
190 805 0 536 456 431 887 601 618 714 
819 869 536 0 320 904 823 792 176 984 
121 210 456 320 0 733 509 178 396 503 
802 285 431 904 733 0 579 456 18 480 
222 789 887 823 509 579 0 506 695 902 
889 264 601 792 178 456 506 0 764 919 
453 537 618 176 396 18 695 764 0 888 
841 602 714 984 503 480 902 919 888 0 
0 305 161 871 65 607 419 970 403 978 
305 0 858 759 107 168 930 163 838 854 
161 858 0 731 507 503 837 787 762 954 
871 759 731 0 236 635 973 746 222 901 
65 107 507 236 0 575 386 511 488 351 
607 168 503 635 575 0 664 430 149 306 
419 930 837 973 386 664 0 559 654 934 
970 163 787 746 511 430 559 0 797 817 
403 838 762 222 488 149 654 797 0 989 
978 854 954 901 351 306 934 817 989 0 
0 86 353 888 103 736 220 915 381 751 
86 0 859 975 174 354 797 339 837 794 
353 859 0 693 652 574 962 688 569 882 
888 975 693 0 410 999 941 745 151 769 
103 174 652 410 0 682 289 191 429 305 
736 354 574 999 682 0 782 539 118 526 
220 797 962 941 289 782 0 445 692 889 
915 339 688 745 191 539 445 0 917 780 
381 837 569 151 429 118 692 917 0 866 
751 794 882 769 305 526 889 780 866 0 
