9 3
0 544 248 188 403 797 943 330 465 
544 0 593 832 430 229 370 990 25 
248 593 0 391 147 340 377 902 689 
188 832 391 0 407 549 47 345 776 
403 430 147 407 0 434 137 327 945 
797 229 340 549 434 0 385 778 220 
943 370 377 47 137 385 0 273 211 
330 990 902 345 327 778 273 0 128 
465 25 689 776 945 220 211 128 0 
0 473 758 285 197 275 555 934 909 
473 0 948 397 292 352 276 584 565 
758 948 0 321 909 442 764 623 224 
285 397 321 0 831 415 749 536 397 
197 292 909 831 0 713 945 782 189 
275 352 442 415 713 0 906 249 747 
555 276 764 749 945 906 0 190 291 
934 584 623 536 782 249 190 0 143 
909 565 224 397 189 747 291 143 0 
0 441 116 405 706 1 71 84 861 
441 0 491 369 981 282 456 512 581 
116 491 0 535 251 179 926 92 760 
405 369 535 0 903 997 572 235 731 
706 981 251 903 0 22 248 741 302 
1 282 179 997 22 0 924 80 69 
71 456 926 572 248 924 0 896 282 
84 512 92 235 741 80 896 0 574 
861 581 760 731 302 69 282 574 0 
0 754 558 363 934 329 602 712 551 
754 0 473 282 814 193 322 8 710 
558 473 0 143 836 536 169 680 214 
363 282 143 0 14 388 952 374 775 
934 814 836 14 0 61 719 899 440 
329 193 536 388 61 0 472 825 319 
602 322 169 952 719 472 0 994 376 
712 8 680 374 899 825 994 0 463 
551 710 214 775 440 319 376 463 0 
