7 4
0 354 977 433 188 905 753 
354 0 244 73 832 51 412 
977 244 0 484 391 403 210 
433 73 484 0 516 430 245 
188 832 391 516 0 147 797 
905 51 403 430 147 0 229 
753 412 210 245 797 229 0 
0 934 272 856 937 126 633 
934 0 229 37 284 51 443 
272 229 0 245 375 555 676 
856 37 245 0 658 907 774 
937 284 375 658 0 621 777 
126 51 555 907 621 0 278 
633 443 676 774 777 278 0 
0 948 437 755 895 197 590 
948 0 199 42 363 91 597 
437 199 0 240 558 575 696 
755 42 240 0 580 881 671 
895 363 558 580 0 894 674 
197 91 575 881 894 0 271 
590 597 696 671 674 271 0 
0 831 308 942 760 173 544 
831 0 179 71 237 30 410 
308 179 0 200 316 556 483 
942 71 200 0 690 886 814 
760 237 316 690 0 801 629 
173 30 556 886 801 0 243 
544 410 483 814 629 243 0 
0 683 84 848 964 91 712 
683 0 49 16 307 165 261 
84 49 0 247 386 368 743 
848 16 247 0 470 983 838 
964 307 386 470 0 647 864 
91 165 368 983 647 0 229 
712 261 743 838 864 229 0 
