40 2
0 245 317 815 558 51 706 615 555 805 327 574 796 899 294 726 240 558 466 827 470 771 788 579 719 189 536 388 212 374 1000 418 630 160 916 685 156 242 577 628 
245 0 508 408 948 363 558 1 239 934 562 947 952 431 242 245 280 746 647 363 75 104 399 165 488 127 689 571 120 603 47 111 156 88 347 403 548 664 461 721 
317 508 0 325 724 397 934 285 71 399 909 463 483 880 833 510 449 437 242 594 907 90 800 509 622 967 712 852 906 419 703 245 708 474 282 750 579 480 31 437 
815 408 325 0 491 848 292 329 594 84 312 272 970 245 900 296 860 820 740 404 866 735 177 555 152 741 259 860 414 476 338 333 912 422 844 175 601 610 469 39 
558 948 724 491 0 369 948 352 602 743 861 41 26 505 830 402 241 856 84 676 355 369 197 692 162 973 443 365 171 218 479 395 984 722 598 421 496 65 363 580 
51 363 397 848 369 0 981 750 276 712 22 437 769 109 661 677 498 439 559 410 899 833 327 296 499 169 302 789 334 114 319 41 310 312 881 2 16 10 141 774 
706 558 934 292 948 981 0 282 682 584 551 79 447 885 348 173 190 957 687 237 786 494 216 485 553 553 597 251 865 234 479 974 139 810 197 124 353 116 46 520 
615 1 285 329 352 750 282 0 456 193 565 964 751 189 515 567 558 803 943 358 556 376 173 575 207 616 118 135 279 606 153 503 400 222 521 860 368 264 302 942 
555 239 71 594 602 276 682 456 0 512 156 308 49 886 507 581 586 953 269 519 8 45 351 919 321 538 280 483 695 965 517 79 231 13 29 417 242 991 567 390 
805 934 399 84 743 712 584 193 512 0 581 222 116 663 536 314 692 170 690 664 887 134 241 166 50 621 623 118 629 728 954 446 476 645 226 43 1000 363 216 505 
327 562 909 312 861 22 551 565 156 581 0 783 303 459 961 526 840 301 757 304 410 165 1 426 255 279 665 707 156 299 342 104 559 182 572 131 449 644 55 971 
574 947 463 272 41 437 79 964 308 222 783 0 366 903 443 904 24 184 413 429 518 462 849 808 431 903 979 743 14 686 652 920 683 652 652 214 587 246 428 196 
796 952 483 970 26 769 447 751 49 116 303 366 0 805 856 672 548 24 340 591 528 214 91 757 484 705 860 86 864 194 763 893 260 272 183 168 234 141 740 540 
899 431 880 245 505 109 885 189 886 663 459 903 805 0 780 42 620 480 488 307 71 312 884 399 879 707 994 774 314 251 826 161 853 359 784 83 867 70 297 616 
294 242 833 900 830 661 348 515 507 536 961 443 856 780 0 833 430 283 731 705 127 909 51 556 983 626 522 725 278 586 162 850 459 492 714 404 116 741 936 439 
726 245 510 296 402 677 173 567 581 314 526 904 672 42 833 0 972 763 37 375 74 598 567 33 107 179 791 671 341 340 536 149 687 77 22 483 715 359 857 534 
240 280 449 860 241 498 190 558 586 692 840 24 548 620 430 972 0 666 937 711 24 404 833 569 621 166 637 598 630 912 433 677 617 45 138 615 455 505 339 66 
558 746 437 820 856 439 957 803 953 170 301 184 24 480 283 763 666 0 328 558 857 146 778 368 594 633 824 308 691 545 706 855 716 669 348 211 296 140 962 439 
466 647 242 740 84 559 687 943 269 690 757 413 340 488 731 37 937 328 0 136 147 61 972 99 396 471 947 534 571 656 47 8 695 849 154 51 996 409 274 900 
827 363 594 404 676 410 237 358 519 664 304 429 591 307 705 375 711 558 136 0 545 287 769 907 947 574 955 439 848 713 444 925 55 223 957 240 134 481 328 226 
470 75 907 866 355 899 786 556 8 887 410 518 528 71 127 74 24 857 147 545 0 723 514 579 837 881 113 186 271 280 670 964 175 597 793 130 952 156 401 563 
771 104 90 735 369 833 494 376 45 134 165 462 214 312 909 598 404 146 61 287 723 0 776 306 233 51 600 745 230 711 450 687 564 714 737 51 926 792 964 870 
788 399 800 177 197 327 216 173 351 241 1 849 91 884 51 567 833 778 972 769 514 776 0 334 894 660 506 563 290 213 144 158 654 878 300 979 213 613 908 211 
579 165 509 555 692 296 485 575 919 166 426 808 757 399 556 33 569 368 99 907 579 306 334 0 25 239 410 262 243 768 419 841 359 343 663 634 638 666 67 302 
719 488 622 152 162 499 553 207 321 50 255 431 484 879 983 107 621 594 396 947 837 233 894 25 0 449 164 549 187 125 218 846 400 649 649 300 469 351 145 182 
189 127 967 741 973 169 553 616 538 621 279 903 705 707 626 179 166 633 471 574 881 51 660 239 449 0 231 930 820 971 26 447 500 927 555 113 741 35 938 365 
536 689 712 259 443 302 597 118 280 623 665 979 860 994 522 791 637 824 947 955 113 600 506 410 164 231 0 814 229 299 878 684 161 814 516 62 391 70 966 715 
388 571 852 860 365 789 251 135 483 118 707 743 86 774 725 671 598 308 534 439 186 745 563 262 549 930 814 0 505 363 816 306 495 115 601 816 404 100 681 189 
212 120 906 414 171 334 865 279 695 629 156 14 864 314 278 341 630 691 571 848 271 230 290 243 187 820 229 505 0 137 194 614 126 672 321 801 555 818 245 102 
374 603 419 476 218 114 234 606 965 728 299 686 194 251 586 340 912 545 656 713 280 711 213 768 125 971 299 363 137 0 332 462 476 662 706 266 971 149 705 307 
1000 47 703 338 479 319 479 153 517 954 342 652 763 826 162 536 433 706 47 444 670 450 144 419 218 26 878 816 194 332 0 248 244 6 582 567 908 867 352 28 
418 111 245 333 395 41 974 503 79 446 104 920 893 161 850 149 677 855 8 925 964 687 158 841 846 447 684 306 614 462 248 0 300 49 988 669 228 27 825 639 
630 156 708 912 984 310 139 400 231 476 559 683 260 853 459 687 617 716 695 55 175 564 654 359 400 500 161 495 126 476 244 300 0 906 272 136 980 625 540 624 
160 88 474 422 722 312 810 222 13 645 182 652 272 359 492 77 45 669 849 223 597 714 878 343 649 927 814 115 672 662 6 49 906 0 658 127 133 546 981 642 
916 347 282 844 598 881 197 521 29 226 572 652 183 784 714 22 138 348 154 957 793 737 300 663 649 555 516 601 321 706 582 988 272 658 0 614 466 235 946 955 
685 403 750 175 421 2 124 860 417 43 131 214 168 83 404 483 615 211 51 240 130 51 979 634 300 113 62 816 801 266 567 669 136 127 614 0 266 72 505 326 
156 548 579 601 496 16 353 368 242 1000 449 587 234 867 116 715 455 296 996 134 952 926 213 638 469 741 391 404 555 971 908 228 980 133 466 266 0 603 966 44 
242 664 480 610 65 10 116 264 991 363 644 246 141 70 741 359 505 140 409 481 156 792 613 666 351 35 70 100 818 149 867 27 625 546 235 72 603 0 37 650 
577 461 31 469 363 141 46 302 567 216 55 428 740 297 936 857 339 962 274 328 401 964 908 67 145 938 966 681 245 705 352 825 540 981 946 505 966 37 0 36 
628 721 437 39 580 774 520 942 390 505 971 196 540 616 439 534 66 439 900 226 563 870 211 302 182 365 715 189 102 307 28 639 624 642 955 326 44 650 36 0 
0 995 263 520 947 193 787 689 392 112 645 13 183 513 878 882 315 263 684 759 365 703 374 56 518 975 520 708 77 151 916 258 994 466 589 65 689 977 268 120 
995 0 327 912 483 683 415 838 793 606 778 208 765 36 189 589 465 654 666 270 333 727 83 680 229 995 114 177 189 51 49 780 96 937 369 435 562 830 872 286 
263 327 0 355 521 714 930 718 929 628 374 505 922 163 867 6 531 174 211 408 982 192 530 400 518 325 243 363 514 273 390 857 559 598 973 814 415 880 656 545 
520 912 355 0 102 695 950 144 456 243 641 656 486 249 446 155 931 245 779 292 812 516 337 35 599 762 657 58 965 434 575 702 5 639 62 233 944 874 957 144 
947 483 521 102 0 707 116 951 591 514 838 395 544 304 240 283 999 230 677 804 27 890 293 116 260 403 830 38 137 834 487 153 581 633 975 527 563 757 281 470 
193 683 714 695 707 0 863 83 572 982 386 354 193 95 511 721 532 765 2 57 16 78 719 132 883 583 98 912 58 582 722 642 911 890 248 342 519 325 895 136 
787 415 930 950 116 863 0 280 224 20 486 633 516 873 139 109 522 520 921 541 219 123 557 812 359 994 839 454 618 270 117 198 701 923 936 868 937 983 901 528 
689 838 718 144 951 83 280 0 579 965 956 600 296 598 348 20 220 150 906 304 113 154 994 627 521 367 607 258 94 887 510 567 240 856 809 368 947 536 995 518 
392 793 929 456 591 572 224 579 0 215 103 118 881 486 523 74 512 637 198 85 348 430 728 827 934 182 749 662 391 549 964 249 468 466 586 891 618 296 219 949 
112 606 628 243 514 982 20 965 215 0 382 101 673 890 34 233 515 838 251 288 592 197 23 223 507 281 638 884 888 177 362 83 541 941 777 549 210 47 803 641 
645 778 374 641 838 386 486 956 103 382 0 556 739 362 970 689 157 986 973 919 497 585 288 778 226 43 251 44 446 623 181 49 545 687 878 315 582 432 513 926 
13 208 505 656 395 354 633 600 118 101 556 0 474 400 958 771 663 514 383 948 423 597 462 678 768 128 17 463 708 537 157 630 430 661 469 856 874 786 4 716 
183 765 922 486 544 193 516 296 881 673 739 474 0 158 936 172 356 360 390 420 51 127 917 719 360 823 642 113 44 96 342 209 401 173 895 575 455 22 874 980 
513 36 163 249 304 95 873 598 486 890 362 400 158 0 893 831 617 609 65 276 134 569 192 255 449 279 617 354 945 697 219 54 408 367 53 121 433 942 463 508 
878 189 867 446 240 511 139 348 523 34 970 958 936 893 0 428 274 714 644 559 600 454 534 722 826 436 718 440 881 799 485 223 865 369 251 990 653 664 18 6 
882 589 6 155 283 721 109 20 74 233 689 771 172 831 428 0 863 393 192 248 321 243 107 953 236 814 613 972 279 292 739 876 897 687 759 555 161 665 220 254 
315 465 531 931 999 532 522 220 512 515 157 663 356 617 274 863 0 757 949 415 974 775 102 656 210 638 471 541 137 708 480 592 684 252 7 824 111 70 954 142 
263 654 174 245 230 765 520 150 637 838 986 514 360 609 714 393 757 0 70 106 784 162 904 883 6 36 184 447 634 935 57 224 953 932 166 100 96 36 819 469 
684 666 211 779 677 2 921 906 198 251 973 383 390 65 644 192 949 70 0 692 696 797 436 26 647 197 295 861 766 611 554 721 333 775 520 854 104 783 607 606 
759 270 408 292 804 57 541 304 85 288 919 948 420 276 559 248 415 106 692 0 558 863 601 499 317 48 469 144 886 413 837 219 978 55 117 530 832 837 916 289 
365 333 982 812 27 16 219 113 348 592 497 423 51 134 600 321 974 784 696 558 0 782 117 133 150 466 717 217 4 185 883 371 561 898 852 305 98 573 47 149 
703 727 192 516 890 78 123 154 430 197 585 597 127 569 454 243 775 162 797 863 782 0 557 504 961 197 722 402 174 396 402 280 695 769 345 590 470 362 79 310 
374 83 530 337 293 719 557 994 728 23 288 462 917 192 534 107 102 904 436 601 117 557 0 971 674 822 321 98 484 148 720 481 846 969 979 120 221 627 756 492 
56 680 400 35 116 132 812 627 827 223 778 678 719 255 722 953 656 883 26 499 133 504 971 0 226 56 981 93 491 948 688 507 86 767 563 505 383 871 287 411 
518 229 518 599 260 883 359 521 934 507 226 768 360 449 826 236 210 6 647 317 150 961 674 226 0 700 141 280 569 699 274 259 780 688 957 964 304 269 328 784 
975 995 325 762 403 583 994 367 182 281 43 128 823 279 436 814 638 36 197 48 466 197 822 56 700 0 524 652 49 79 45 676 720 414 284 671 50 544 697 957 
520 114 243 657 830 98 839 607 749 638 251 17 642 617 718 613 471 184 295 469 717 722 321 981 141 524 0 70 573 957 171 407 239 972 770 460 895 285 816 765 
708 177 363 58 38 912 454 258 662 884 44 463 113 354 440 972 541 447 861 144 217 402 98 93 280 652 70 0 106 841 813 429 148 264 794 450 372 729 437 389 
77 189 514 965 137 58 618 94 391 888 446 708 44 945 881 279 137 634 766 886 4 174 484 491 569 49 573 106 0 827 714 947 61 59 549 461 320 394 99 671 
151 51 273 434 834 582 270 887 549 177 623 537 96 697 799 292 708 935 611 413 185 396 148 948 699 79 957 841 827 0 277 869 503 625 139 111 553 727 510 39 
916 49 390 575 487 722 117 510 964 362 181 157 342 219 485 739 480 57 554 837 883 402 720 688 274 45 171 813 714 277 0 890 669 164 216 284 13 423 652 781 
258 780 857 702 153 642 198 567 249 83 49 630 209 54 223 876 592 224 721 219 371 280 481 507 259 676 407 429 947 869 890 0 353 282 688 178 19 182 856 996 
994 96 559 5 581 911 701 240 468 541 545 430 401 408 865 897 684 953 333 978 561 695 846 86 780 720 239 148 61 503 669 353 0 608 783 267 618 526 358 416 
466 937 598 639 633 890 923 856 466 941 687 661 173 367 369 687 252 932 775 55 898 769 969 767 688 414 972 264 59 625 164 282 608 0 208 958 963 297 812 561 
589 369 973 62 975 248 936 809 586 777 878 469 895 53 251 759 7 166 520 117 852 345 979 563 957 284 770 794 549 139 216 688 783 208 0 417 652 181 102 964 
65 435 814 233 527 342 868 368 891 549 315 856 575 121 990 555 824 100 854 530 305 590 120 505 964 671 460 450 461 111 284 178 267 958 417 0 882 786 102 749 
689 562 415 944 563 519 937 947 618 210 582 874 455 433 653 161 111 96 104 832 98 470 221 383 304 50 895 372 320 553 13 19 618 963 652 882 0 239 83 481 
977 830 880 874 757 325 983 536 296 47 432 786 22 942 664 665 70 36 783 837 573 362 627 871 269 544 285 729 394 727 423 182 526 297 181 786 239 0 979 815 
268 872 656 957 281 895 901 995 219 803 513 4 874 463 18 220 954 819 607 916 47 79 756 287 328 697 816 437 99 510 652 856 358 812 102 102 83 979 0 828 
120 286 545 144 470 136 528 518 949 641 926 716 980 508 6 254 142 469 606 289 149 310 492 411 784 957 765 389 671 39 781 996 416 561 964 749 481 815 828 0 
0 910 511 616 991 340 666 782 415 255 750 1 105 545 848 917 245 258 767 870 491 733 443 72 518 963 677 577 47 172 899 269 878 449 470 37 894 877 292 236 
910 0 185 893 546 663 402 861 845 644 694 92 771 34 289 529 459 794 754 429 312 722 99 683 64 953 93 242 332 108 196 744 24 887 298 526 654 911 776 251 
511 185 0 357 667 704 901 581 938 463 305 427 851 196 950 39 488 155 98 270 979 379 607 201 629 407 225 193 448 174 341 898 662 636 738 727 592 786 590 556 
616 893 357 0 26 732 982 94 352 88 665 735 658 355 521 89 975 160 789 222 714 555 497 272 626 747 612 82 956 368 500 627 87 640 132 211 873 959 955 345 
991 546 667 26 0 622 63 941 695 564 855 554 574 344 250 450 870 156 726 739 47 840 419 6 217 339 814 91 145 676 524 3 635 574 924 353 626 760 235 528 
340 663 704 732 622 0 862 283 578 924 352 330 335 29 551 660 798 570 134 112 18 163 669 129 864 549 136 813 48 433 729 811 982 926 178 417 460 384 836 123 
666 402 901 982 63 862 0 217 153 153 527 856 328 992 329 88 577 474 868 478 452 217 607 752 214 968 814 486 575 172 184 184 714 819 819 887 733 947 855 459 
782 861 581 94 941 283 217 0 282 991 959 539 493 844 497 306 244 163 875 258 158 250 811 700 635 309 666 451 77 836 500 621 190 810 890 346 930 609 868 332 
415 845 938 352 695 578 153 282 0 140 80 97 733 631 404 201 503 606 295 21 354 578 985 949 923 127 525 675 436 624 944 357 468 648 562 947 503 460 326 945 
255 644 463 88 564 924 153 991 140 0 570 12 629 818 94 116 484 885 284 312 445 277 64 106 645 308 787 794 929 6 272 61 706 998 801 627 215 47 802 497 
750 694 305 665 855 352 527 959 80 570 0 407 761 350 931 564 337 912 993 872 408 465 297 740 230 139 181 35 466 679 272 307 524 712 803 336 577 460 403 852 
1 92 427 735 554 330 856 539 97 12 407 0 471 312 821 946 788 562 370 985 489 704 349 677 856 74 16 495 652 393 12 746 368 611 460 733 828 568 145 833 
105 771 851 658 574 335 328 493 733 629 761 471 0 119 856 184 416 293 392 168 101 34 950 783 417 615 680 81 1 248 306 202 562 244 860 473 381 10 822 802 
545 34 196 355 344 29 992 844 631 818 350 312 119 0 812 716 791 498 150 327 356 552 278 275 443 224 476 379 750 550 287 211 582 408 104 141 375 915 570 678 
848 289 950 521 250 551 329 497 404 94 931 821 856 812 0 301 195 721 700 646 521 466 595 710 821 387 565 517 999 578 582 322 733 460 297 878 621 672 58 130 
917 529 39 89 450 660 88 306 201 116 564 946 184 716 301 0 759 517 149 90 277 266 90 928 320 815 604 999 213 348 852 792 960 443 718 553 135 884 224 324 
245 459 488 975 870 798 577 244 503 484 337 788 416 791 195 759 0 755 995 282 980 537 195 721 219 739 482 556 49 752 439 596 670 200 150 859 356 273 939 207 
258 794 155 160 156 570 474 163 606 885 912 562 293 498 721 517 755 0 95 34 584 123 622 761 123 24 167 444 664 930 142 308 977 939 175 82 97 70 803 449 
767 754 98 789 726 134 868 875 295 284 993 370 392 150 700 149 995 95 0 758 813 978 645 94 790 109 443 663 528 513 584 559 419 866 448 983 136 758 753 602 
870 429 270 222 739 112 478 258 21 312 872 985 168 327 646 90 282 34 758 0 621 921 623 524 294 127 611 107 827 471 753 152 967 107 314 646 888 942 940 96 
491 312 979 714 47 18 452 158 354 445 408 489 101 356 521 277 980 584 813 621 0 787 62 185 166 334 722 154 108 179 759 267 447 763 762 317 213 623 206 50 
733 722 379 555 840 163 217 250 578 277 465 704 34 552 466 266 537 123 978 921 787 0 510 424 844 209 673 340 185 345 104 361 663 742 353 478 479 204 116 367 
443 99 607 497 419 669 607 811 985 64 297 349 950 278 595 90 195 622 645 623 62 510 0 838 879 714 284 242 374 210 745 207 913 983 947 163 238 520 868 599 
72 683 201 272 6 129 752 700 949 106 740 677 783 275 710 928 721 761 94 524 185 424 838 0 323 408 853 220 450 970 793 572 198 920 528 502 212 926 166 387 
518 64 629 626 217 864 214 635 923 645 230 856 417 443 821 320 219 123 790 294 166 844 879 323 0 963 291 280 450 777 56 354 631 672 877 938 206 273 418 852 
963 953 407 747 339 549 968 309 127 308 139 74 615 224 387 815 739 24 109 127 334 209 714 408 963 0 604 425 5 48 125 702 564 339 118 603 180 541 707 856 
677 93 225 612 814 136 814 666 525 787 181 16 680 476 565 604 482 167 443 611 722 673 284 853 291 604 0 202 605 990 226 313 236 916 846 541 945 517 795 612 
577 242 193 82 91 813 486 451 675 794 35 495 81 379 517 999 556 444 663 107 154 340 242 220 280 425 202 0 171 855 747 268 188 226 872 562 353 677 127 440 
47 332 448 956 145 48 575 77 436 929 466 652 1 750 999 213 49 664 528 827 108 185 374 450 450 5 605 171 0 877 757 892 212 120 330 338 449 452 241 649 
172 108 174 368 676 433 172 836 624 6 679 393 248 550 578 348 752 930 513 471 179 345 210 970 777 48 990 855 877 0 137 906 452 538 213 185 589 766 563 34 
899 196 341 500 524 729 184 500 944 272 272 12 306 287 582 852 439 142 584 753 759 104 745 793 56 125 226 747 757 137 0 809 633 247 432 198 50 560 569 829 
269 744 898 627 3 811 184 621 357 61 307 746 202 211 322 792 596 308 559 152 267 361 207 572 354 702 313 268 892 906 809 0 432 407 618 202 19 96 894 805 
878 24 662 87 635 982 714 190 468 706 524 368 562 582 733 960 670 977 419 967 447 663 913 198 631 564 236 188 212 452 633 432 0 474 919 24 570 361 331 297 
449 887 636 640 574 926 819 810 648 998 712 611 244 408 460 443 200 939 866 107 763 742 983 920 672 339 916 226 120 538 247 407 474 0 293 858 896 225 760 712 
470 298 738 132 924 178 819 890 562 801 803 460 860 104 297 718 150 175 448 314 762 353 947 528 877 118 846 872 330 213 432 618 919 293 0 182 790 66 206 956 
37 526 727 211 353 417 887 346 947 627 336 733 473 141 878 553 859 82 983 646 317 478 163 502 938 603 541 562 338 185 198 202 24 858 182 0 791 697 42 649 
894 654 592 873 626 460 733 930 503 215 577 828 381 375 621 135 356 97 136 888 213 479 238 212 206 180 945 353 449 589 50 19 570 896 790 791 0 340 153 392 
877 911 786 959 760 384 947 609 460 47 460 568 10 915 672 884 273 70 758 942 623 204 520 926 273 541 517 677 452 766 560 96 361 225 66 697 340 0 937 709 
292 776 590 955 235 836 855 868 326 802 403 145 822 570 58 224 939 803 753 940 206 116 868 166 418 707 795 127 241 563 569 894 331 760 206 42 153 937 0 823 
236 251 556 345 528 123 459 332 945 497 852 833 802 678 130 324 207 449 602 96 50 367 599 387 852 856 612 440 649 34 829 805 297 712 956 649 392 709 823 0 
