50 3
0 370 414 515 363 386 22 327 909 500 422 102 296 620 494 256 355 909 721 598 169 791 930 4 479 677 161 739 860 296 100 37 660 912 826 954 20 586 429 680 980 749 570 268 336 408 21 616 832 674 
370 0 394 315 397 836 816 921 312 84 358 30 402 430 895 964 899 598 402 128 553 637 814 425 153 855 495 733 417 996 818 331 796 131 422 408 868 789 676 971 400 724 537 647 271 674 792 416 83 375 
414 394 0 810 848 831 61 860 861 152 534 676 677 972 525 886 786 404 91 965 616 824 354 121 517 8 126 876 43 134 149 628 458 27 264 192 767 167 275 922 518 573 805 984 720 837 208 495 577 477 
515 315 810 0 369 69 85 501 22 229 689 392 173 971 943 284 556 146 607 555 538 947 511 429 954 925 476 916 131 952 867 721 73 264 642 997 396 857 289 624 748 715 35 877 942 920 526 811 779 101 
363 397 848 369 0 903 614 886 551 990 197 153 567 647 773 135 8 61 507 864 621 955 838 374 342 964 244 347 214 926 27 437 270 98 635 784 694 344 877 640 381 975 798 719 441 975 55 88 424 985 
386 836 831 69 903 0 706 668 565 403 472 894 581 446 397 900 887 287 407 719 279 113 797 603 652 687 300 282 168 213 625 39 231 803 386 263 19 814 594 874 610 3 248 238 185 958 917 533 742 11 
22 816 61 85 614 706 0 702 156 818 709 814 314 881 324 827 410 723 900 488 903 600 777 419 763 158 938 844 83 638 546 580 677 694 113 276 855 94 700 477 336 960 511 523 849 725 60 348 258 197 
327 921 860 501 886 668 702 0 581 604 73 294 526 803 207 363 518 844 733 622 705 506 486 476 826 841 635 598 404 469 235 774 365 372 766 109 94 954 725 995 173 251 451 783 835 743 994 946 640 344 
909 312 861 22 551 565 156 581 0 977 491 242 904 200 993 594 528 617 223 152 707 410 566 218 162 846 756 881 483 741 72 520 88 804 599 153 319 692 580 679 977 299 314 491 199 702 656 343 961 756 
500 84 152 229 990 403 818 604 977 0 717 833 672 85 186 404 71 258 836 162 626 164 229 114 536 447 933 197 615 391 603 942 32 122 401 809 225 437 423 562 765 263 541 503 661 794 79 511 352 640 
422 358 534 689 197 472 709 73 491 717 0 900 42 897 241 676 127 349 108 499 179 231 674 234 433 684 387 521 211 404 522 390 665 186 895 49 227 454 689 260 274 395 623 829 758 322 117 62 672 389 
102 30 676 392 153 894 814 294 242 833 900 0 833 910 187 410 74 126 30 553 166 941 432 606 706 306 32 29 51 555 476 505 407 6 232 267 743 361 709 878 495 624 377 71 366 434 165 327 199 116 
296 402 677 173 567 581 314 526 904 672 42 833 0 828 261 237 24 213 661 207 633 899 210 965 47 614 174 226 240 971 577 971 246 957 889 4 304 88 280 682 451 799 264 114 699 755 262 593 72 966 
620 430 972 971 647 446 881 803 200 85 897 910 828 0 124 358 857 636 271 321 471 810 575 728 444 462 160 572 130 908 461 196 587 211 388 354 475 296 142 593 128 37 995 171 596 619 924 452 812 476 
494 895 525 943 773 397 324 207 993 186 241 187 261 124 0 519 147 460 778 50 574 504 212 299 670 248 88 652 51 228 31 540 556 647 836 475 642 166 589 785 276 288 436 14 828 281 36 662 235 886 
256 964 886 284 135 900 827 363 594 404 676 410 237 358 519 0 545 760 579 255 881 847 120 686 450 841 474 183 979 980 469 616 165 732 571 31 778 788 525 823 475 161 57 386 238 268 334 185 342 639 
355 899 786 556 8 887 410 518 528 71 127 74 24 857 147 545 0 574 165 431 51 178 906 194 144 236 422 784 634 133 363 439 690 474 637 98 684 293 370 870 335 643 438 330 528 754 169 168 686 808 
909 598 404 146 61 287 723 844 617 258 349 126 213 636 460 760 574 0 509 484 660 261 414 251 419 940 722 714 300 466 141 534 936 126 396 46 61 717 279 302 942 414 338 178 243 571 168 937 500 476 
721 402 91 607 507 407 900 733 223 836 108 30 661 271 778 579 165 509 0 879 239 153 171 586 218 665 312 22 113 266 46 66 966 648 636 332 562 395 682 338 776 266 147 779 177 221 712 771 977 15 
598 128 965 555 864 719 488 622 152 162 499 553 207 321 50 255 431 484 879 0 449 676 334 340 26 496 810 138 62 721 302 439 858 405 90 150 14 658 778 642 99 729 769 310 56 106 540 456 371 845 
169 553 616 538 621 279 903 705 707 626 179 166 633 471 574 881 51 660 239 449 0 466 865 912 878 495 222 348 816 853 567 900 219 456 25 342 860 49 782 15 89 376 322 998 941 339 661 441 39 861 
791 637 824 947 955 113 600 506 410 164 231 941 899 810 504 847 178 261 153 676 466 0 279 545 816 918 13 154 801 1000 216 226 69 198 780 661 252 519 511 452 874 967 267 752 326 592 69 198 378 667 
930 814 354 511 838 797 777 486 566 229 674 432 210 575 212 120 906 414 171 334 865 279 0 656 194 197 645 957 266 242 55 563 400 878 224 400 960 261 102 198 466 712 379 389 82 805 155 837 56 568 
4 425 121 429 374 603 419 476 218 114 234 606 965 728 299 686 194 251 586 340 912 545 656 0 332 630 182 793 567 664 428 870 836 748 444 456 326 553 361 910 390 589 804 627 995 891 770 113 871 412 
479 153 517 954 342 652 763 826 162 536 433 706 47 444 670 450 144 419 218 26 878 816 194 332 0 156 652 737 669 480 740 211 697 463 729 86 650 425 502 232 131 327 148 46 586 550 170 445 56 414 
677 855 8 925 964 687 158 841 846 447 684 306 614 462 248 841 236 940 665 496 495 918 197 630 156 0 272 300 136 610 297 302 798 654 807 460 950 774 731 621 674 987 315 670 462 325 389 974 299 853 
161 495 126 476 244 300 938 635 756 933 387 32 174 160 88 474 422 722 312 810 222 13 645 182 652 272 0 663 127 65 936 182 431 389 346 188 546 94 278 23 236 945 39 767 486 444 908 648 931 378 
739 733 876 916 347 282 844 598 881 197 521 29 226 572 652 183 784 714 22 138 348 154 957 793 737 300 663 0 614 10 857 365 314 232 43 316 46 624 824 253 390 666 93 293 171 416 7 38 185 891 
860 417 43 131 214 168 83 404 483 615 211 51 240 130 51 979 634 300 113 62 816 801 266 567 669 136 127 614 0 116 339 715 948 264 976 535 91 294 98 148 287 273 463 474 247 760 806 801 641 473 
296 996 134 952 926 213 638 469 741 391 404 555 971 908 228 980 133 466 266 721 853 1000 242 664 480 610 65 10 116 0 962 189 901 13 145 353 21 911 10 244 528 213 313 740 410 420 62 374 349 491 
100 818 149 867 27 625 546 235 72 603 522 476 577 461 31 469 363 141 46 302 567 216 55 428 740 297 936 857 339 962 0 102 919 702 729 382 493 480 504 69 757 807 118 463 807 915 26 557 101 798 
37 331 628 721 437 39 580 774 520 942 390 505 971 196 540 616 439 534 66 439 900 226 563 870 211 302 182 365 715 189 102 0 736 916 785 883 953 185 869 381 427 716 991 837 260 512 811 802 112 282 
660 796 458 73 270 231 677 365 88 32 665 407 246 587 556 165 690 936 966 858 219 69 400 836 697 798 431 314 948 901 919 736 0 381 717 195 459 62 496 74 112 820 121 525 880 406 190 934 441 789 
912 131 27 264 98 803 694 372 804 122 186 6 957 211 647 732 474 126 648 405 456 198 878 748 463 654 389 232 264 13 702 916 381 0 625 275 806 793 748 733 998 6 586 907 377 243 369 534 654 263 
826 422 264 642 635 386 113 766 599 401 895 232 889 388 836 571 637 396 636 90 25 780 224 444 729 807 346 43 976 145 729 785 717 625 0 299 10 778 823 615 175 707 381 461 19 844 929 317 734 539 
954 408 192 997 784 263 276 109 153 809 49 267 4 354 475 31 98 46 332 150 342 661 400 456 86 460 188 316 535 353 382 883 195 275 299 0 975 22 603 305 192 897 837 276 15 337 121 777 711 18 
20 868 767 396 694 19 855 94 319 225 227 743 304 475 642 778 684 61 562 14 860 252 960 326 650 950 546 46 91 21 493 953 459 806 10 975 0 999 905 492 182 542 589 815 176 739 195 452 421 556 
586 789 167 857 344 814 94 954 692 437 454 361 88 296 166 788 293 717 395 658 49 519 261 553 425 774 94 624 294 911 480 185 62 793 778 22 999 0 737 121 785 399 914 563 423 663 485 346 160 583 
429 676 275 289 877 594 700 725 580 423 689 709 280 142 589 525 370 279 682 778 782 511 102 361 502 731 278 824 98 10 504 869 496 748 823 603 905 737 0 183 289 205 825 710 412 162 864 138 587 789 
680 971 922 624 640 874 477 995 679 562 260 878 682 593 785 823 870 302 338 642 15 452 198 910 232 621 23 253 148 244 69 381 74 733 615 305 492 121 183 0 161 340 885 219 554 76 638 424 979 966 
980 400 518 748 381 610 336 173 977 765 274 495 451 128 276 475 335 942 776 99 89 874 466 390 131 674 236 390 287 528 757 427 112 998 175 192 182 785 289 161 0 57 523 90 625 669 624 261 749 339 
749 724 573 715 975 3 960 251 299 263 395 624 799 37 288 161 643 414 266 729 376 967 712 589 327 987 945 666 273 213 807 716 820 6 707 897 542 399 205 340 57 0 125 993 249 891 67 245 816 625 
570 537 805 35 798 248 511 451 314 541 623 377 264 995 436 57 438 338 147 769 322 267 379 804 148 315 39 93 463 313 118 991 121 586 381 837 589 914 825 885 523 125 0 811 813 712 666 973 551 157 
268 647 984 877 719 238 523 783 491 503 829 71 114 171 14 386 330 178 779 310 998 752 389 627 46 670 767 293 474 740 463 837 525 907 461 276 815 563 710 219 90 993 811 0 708 394 315 509 983 498 
336 271 720 942 441 185 849 835 199 661 758 366 699 596 828 238 528 243 177 56 941 326 82 995 586 462 486 171 247 410 807 260 880 377 19 15 176 423 412 554 625 249 813 708 0 964 263 311 670 812 
408 674 837 920 975 958 725 743 702 794 322 434 755 619 281 268 754 571 221 106 339 592 805 891 550 325 444 416 760 420 915 512 406 243 844 337 739 663 162 76 669 891 712 394 964 0 50 507 459 760 
21 792 208 526 55 917 60 994 656 79 117 165 262 924 36 334 169 168 712 540 661 69 155 770 170 389 908 7 806 62 26 811 190 369 929 121 195 485 864 638 624 67 666 315 263 50 0 977 500 809 
616 416 495 811 88 533 348 946 343 511 62 327 593 452 662 185 168 937 771 456 441 198 837 113 445 974 648 38 801 374 557 802 934 534 317 777 452 346 138 424 261 245 973 509 311 507 977 0 834 900 
832 83 577 779 424 742 258 640 961 352 672 199 72 812 235 342 686 500 977 371 39 378 56 871 56 299 931 185 641 349 101 112 441 654 734 711 421 160 587 979 749 816 551 983 670 459 500 834 0 767 
674 375 477 101 985 11 197 344 756 640 389 116 966 476 886 639 808 476 15 845 861 667 568 412 414 853 378 891 473 491 798 282 789 263 539 18 556 583 789 966 339 625 157 498 812 760 809 900 767 0 
0 264 211 625 126 667 992 901 727 884 867 853 74 645 839 2 735 477 100 198 870 48 852 176 153 789 400 223 2 846 438 584 473 170 693 174 117 942 823 505 811 258 282 631 124 606 936 893 999 612 
264 0 622 104 542 456 817 891 855 881 340 676 7 880 750 253 296 135 239 701 681 857 765 79 993 782 944 207 515 339 776 878 577 125 987 490 525 203 844 388 710 157 714 936 725 282 336 212 873 804 
211 622 0 42 686 789 340 334 856 294 599 131 119 327 714 340 689 113 411 205 473 110 81 608 466 968 592 429 620 987 578 586 627 16 829 116 842 199 694 467 935 656 950 522 449 15 578 980 812 113 
625 104 42 0 686 352 944 778 32 409 769 902 460 183 750 34 708 599 607 774 299 30 789 528 13 396 998 407 712 654 772 563 825 426 79 436 242 826 864 205 206 873 336 961 741 466 694 944 170 830 
126 542 686 686 0 936 900 175 379 154 700 18 984 35 119 278 609 360 517 692 363 931 944 605 652 948 201 446 319 961 37 978 296 893 964 990 117 737 102 38 206 883 149 509 629 349 685 903 872 705 
667 456 789 352 936 0 684 557 445 513 12 63 886 45 83 621 460 520 942 459 690 157 995 779 352 39 345 744 395 282 573 947 886 369 131 976 199 130 393 863 871 832 895 975 229 527 784 653 148 814 
992 817 340 944 900 684 0 887 875 95 651 923 216 259 799 980 74 255 543 460 976 776 927 865 543 731 402 43 447 530 576 345 786 684 611 804 862 500 967 51 928 562 387 619 329 942 72 380 174 503 
901 891 334 778 175 557 887 0 28 629 525 587 924 512 769 643 966 593 248 374 1000 27 723 657 815 105 740 74 63 608 733 925 390 429 720 448 310 657 214 708 644 839 862 887 606 83 535 332 343 113 
727 855 856 32 379 445 875 28 0 835 784 603 358 813 987 182 222 517 298 847 475 271 225 625 49 675 574 176 736 1 56 92 287 207 945 529 688 764 66 292 61 741 872 827 245 670 595 601 726 363 
884 881 294 409 154 513 95 629 835 0 464 589 292 28 614 753 250 281 707 944 705 953 759 495 656 818 607 606 379 727 568 355 939 697 772 428 410 89 504 516 947 623 357 427 435 261 960 301 231 440 
867 340 599 769 700 12 651 525 784 464 0 65 592 674 324 267 735 63 919 400 844 48 814 198 886 889 45 627 644 923 233 977 758 884 929 804 722 382 689 303 424 90 833 337 168 752 830 159 649 402 
853 676 131 902 18 63 923 587 603 589 65 0 672 208 285 890 670 390 618 758 706 403 327 972 594 392 532 392 872 940 318 381 430 249 228 52 555 638 534 685 971 443 103 621 443 739 241 868 404 261 
74 7 119 460 984 886 216 924 358 292 592 672 0 469 38 447 619 419 961 125 41 456 607 530 284 857 529 911 103 207 211 31 285 312 179 813 143 14 813 629 525 807 32 544 485 254 634 192 454 855 
645 880 327 183 35 45 259 512 813 28 674 208 469 0 528 326 417 54 357 201 875 538 6 103 451 841 152 944 291 447 835 135 551 437 471 686 252 835 917 350 78 181 603 829 413 196 808 914 51 667 
839 750 714 750 119 83 799 769 987 614 324 285 38 528 0 3 542 730 35 347 599 922 998 856 174 489 893 798 466 649 787 620 627 78 661 151 703 229 796 342 982 171 865 578 845 310 816 567 936 431 
2 253 340 34 278 621 980 643 182 753 267 890 447 326 3 0 472 502 600 421 63 227 54 807 193 877 271 389 109 477 255 838 44 563 143 729 485 433 630 9 747 883 253 461 165 603 947 933 943 396 
735 296 689 708 609 460 74 966 222 250 735 670 619 417 542 472 0 214 775 564 806 458 79 2 450 443 105 425 689 739 703 511 844 690 784 965 166 409 455 959 811 633 603 190 627 144 199 493 308 597 
477 135 113 599 360 520 255 593 517 281 63 390 419 54 730 502 214 0 746 748 305 549 898 242 66 768 570 109 703 332 368 396 609 289 400 485 179 797 709 914 695 399 880 391 715 248 519 994 581 295 
100 239 411 607 517 942 543 248 298 707 919 618 961 357 35 600 775 746 0 872 666 226 613 491 199 764 107 170 282 73 891 766 934 13 220 898 832 162 165 973 681 25 485 236 2 715 39 928 883 922 
198 701 205 774 692 459 460 374 847 944 400 758 125 201 347 421 564 748 872 0 314 491 746 985 826 881 378 495 8 735 214 332 543 206 595 202 510 701 344 270 105 359 561 107 190 102 884 437 951 920 
870 681 473 299 363 690 976 1000 475 705 844 706 41 875 599 63 806 305 666 314 0 730 184 629 5 860 576 76 494 903 336 303 224 681 179 727 27 144 921 698 125 286 841 286 124 244 607 62 333 448 
48 857 110 30 931 157 776 27 271 953 48 403 456 538 922 227 458 549 226 491 730 0 383 424 175 996 951 248 662 801 182 685 996 126 874 340 858 322 913 527 163 322 292 372 64 435 201 343 831 553 
852 765 81 789 944 995 927 723 225 759 814 327 607 6 998 54 79 898 613 746 184 383 0 651 529 150 221 462 257 714 703 715 727 569 616 965 687 546 282 631 402 87 726 631 276 139 513 625 944 782 
176 79 608 528 605 779 865 657 625 495 198 972 530 103 856 807 2 242 491 985 629 424 651 0 33 321 183 150 870 51 211 304 356 60 369 189 690 927 856 711 561 769 381 468 539 538 554 345 800 216 
153 993 466 13 652 352 543 815 49 656 886 594 284 451 174 193 450 66 199 826 5 175 529 33 0 312 348 53 890 226 859 454 182 551 673 920 646 346 39 538 604 41 37 503 337 943 629 429 209 973 
789 782 968 396 948 39 731 105 675 818 889 392 857 841 489 877 443 768 764 881 860 996 150 321 312 0 629 24 785 104 88 9 460 608 206 207 717 439 617 361 378 858 695 93 622 461 619 747 187 394 
400 944 592 998 201 345 402 740 574 607 45 532 529 152 893 271 105 570 107 378 576 951 221 183 348 629 0 26 466 883 783 570 898 74 500 222 485 969 138 330 238 483 353 608 11 837 111 696 814 679 
223 207 429 407 446 744 43 74 176 606 627 392 911 944 798 389 425 109 170 495 76 248 462 150 53 24 26 0 222 622 592 945 47 545 98 361 624 889 123 399 883 196 741 532 40 256 809 400 421 509 
2 515 620 712 319 395 447 63 736 379 644 872 103 291 466 109 689 703 282 8 494 662 257 870 890 785 466 222 0 29 248 289 239 145 308 814 72 564 558 126 560 455 620 932 247 54 15 396 180 578 
846 339 987 654 961 282 530 608 1 727 923 940 207 447 649 477 739 332 73 735 903 801 714 51 226 104 883 622 29 0 182 574 197 470 703 127 417 477 935 276 655 996 346 931 873 347 984 228 293 54 
438 776 578 772 37 573 576 733 56 568 233 318 211 835 787 255 703 368 891 214 336 182 703 211 859 88 783 592 248 182 0 880 644 130 945 88 503 399 863 305 417 843 567 199 416 459 69 950 286 555 
584 878 586 563 978 947 345 925 92 355 977 381 31 135 620 838 511 396 766 332 303 685 715 304 454 9 570 945 289 574 880 0 826 528 243 312 111 737 393 215 777 853 389 906 381 10 971 8 736 985 
473 577 627 825 296 886 786 390 287 939 758 430 285 551 627 44 844 609 934 543 224 996 727 356 182 460 898 47 239 197 644 826 0 820 250 130 522 817 69 958 530 635 681 921 548 869 139 805 785 146 
170 125 16 426 893 369 684 429 207 697 884 249 312 437 78 563 690 289 13 206 681 126 569 60 551 608 74 545 145 470 130 528 820 0 425 302 564 470 356 659 175 817 105 849 305 744 698 29 11 988 
693 987 829 79 964 131 611 720 945 772 929 228 179 471 661 143 784 400 220 595 179 874 616 369 673 206 500 98 308 703 945 243 250 425 0 706 180 458 150 493 502 904 674 264 83 723 379 965 102 294 
174 490 116 436 990 976 804 448 529 428 804 52 813 686 151 729 965 485 898 202 727 340 965 189 920 207 222 361 814 127 88 312 130 302 706 0 526 992 432 988 146 730 617 184 739 722 790 69 179 962 
117 525 842 242 117 199 862 310 688 410 722 555 143 252 703 485 166 179 832 510 27 858 687 690 646 717 485 624 72 417 503 111 522 564 180 526 0 765 538 203 242 856 501 324 982 738 491 441 620 445 
942 203 199 826 737 130 500 657 764 89 382 638 14 835 229 433 409 797 162 701 144 322 546 927 346 439 969 889 564 477 399 737 817 470 458 992 765 0 997 509 798 776 545 278 506 30 669 480 713 86 
823 844 694 864 102 393 967 214 66 504 689 534 813 917 796 630 455 709 165 344 921 913 282 856 39 617 138 123 558 935 863 393 69 356 150 432 538 997 0 832 666 216 157 869 172 367 423 931 480 13 
505 388 467 205 38 863 51 708 292 516 303 685 629 350 342 9 959 914 973 270 698 527 631 711 538 361 330 399 126 276 305 215 958 659 493 988 203 509 832 0 814 989 658 745 865 998 16 594 483 191 
811 710 935 206 206 871 928 644 61 947 424 971 525 78 982 747 811 695 681 105 125 163 402 561 604 378 238 883 560 655 417 777 530 175 502 146 242 798 666 814 0 969 967 768 528 221 365 662 708 122 
258 157 656 873 883 832 562 839 741 623 90 443 807 181 171 883 633 399 25 359 286 322 87 769 41 858 483 196 455 996 843 853 635 817 904 730 856 776 216 989 969 0 490 589 181 622 788 562 748 38 
282 714 950 336 149 895 387 862 872 357 833 103 32 603 865 253 603 880 485 561 841 292 726 381 37 695 353 741 620 346 567 389 681 105 674 617 501 545 157 658 967 490 0 938 808 88 856 647 455 258 
631 936 522 961 509 975 619 887 827 427 337 621 544 829 578 461 190 391 236 107 286 372 631 468 503 93 608 532 932 931 199 906 921 849 264 184 324 278 869 745 768 589 938 0 320 897 432 157 584 997 
124 725 449 741 629 229 329 606 245 435 168 443 485 413 845 165 627 715 2 190 124 64 276 539 337 622 11 40 247 873 416 381 548 305 83 739 982 506 172 865 528 181 808 320 0 204 536 686 447 370 
606 282 15 466 349 527 942 83 670 261 752 739 254 196 310 603 144 248 715 102 244 435 139 538 943 461 837 256 54 347 459 10 869 744 723 722 738 30 367 998 221 622 88 897 204 0 230 393 74 544 
936 336 578 694 685 784 72 535 595 960 830 241 634 808 816 947 199 519 39 884 607 201 513 554 629 619 111 809 15 984 69 971 139 698 379 790 491 669 423 16 365 788 856 432 536 230 0 82 487 262 
893 212 980 944 903 653 380 332 601 301 159 868 192 914 567 933 493 994 928 437 62 343 625 345 429 747 696 400 396 228 950 8 805 29 965 69 441 480 931 594 662 562 647 157 686 393 82 0 241 751 
999 873 812 170 872 148 174 343 726 231 649 404 454 51 936 943 308 581 883 951 333 831 944 800 209 187 814 421 180 293 286 736 785 11 102 179 620 713 480 483 708 748 455 584 447 74 487 241 0 653 
612 804 113 830 705 814 503 113 363 440 402 261 855 667 431 396 597 295 922 920 448 553 782 216 973 394 679 509 578 54 555 985 146 988 294 962 445 86 13 191 122 38 258 997 370 544 262 751 653 0 
0 500 457 728 714 418 183 24 485 278 362 273 569 696 218 912 360 531 226 699 576 666 499 504 614 435 342 696 803 335 436 349 485 755 145 233 895 15 741 193 290 795 953 861 850 757 194 20 256 637 
500 0 226 921 523 697 183 596 745 290 294 189 945 5 253 864 945 815 943 117 360 102 972 944 211 628 101 429 748 737 685 409 90 861 674 562 717 964 71 894 538 582 659 273 621 748 558 946 517 465 
457 226 0 598 277 35 965 70 401 860 271 962 853 486 280 771 388 591 615 610 144 573 971 981 293 153 699 984 765 292 515 525 771 710 5 600 131 814 851 630 249 162 181 745 899 985 955 158 38 681 
728 921 598 0 349 410 386 36 787 480 199 187 211 585 85 931 222 553 727 397 276 785 681 354 808 123 51 524 112 939 280 375 356 506 993 448 947 239 357 627 698 102 685 531 339 205 30 207 885 308 
714 523 277 349 0 72 453 437 904 180 195 841 437 143 483 479 464 393 754 561 740 550 284 152 56 192 248 392 789 28 661 317 391 15 45 516 630 296 934 979 615 48 776 537 82 714 860 417 771 93 
418 697 35 410 72 0 327 414 934 461 698 976 613 806 772 142 56 519 247 473 324 779 151 619 682 863 839 733 629 122 759 71 124 885 865 63 980 715 747 222 340 444 123 337 953 694 223 430 652 313 
183 183 965 386 453 327 0 103 403 892 103 397 851 869 122 101 582 571 219 665 20 457 212 93 2 211 897 519 782 401 936 584 433 505 557 105 636 362 399 268 131 910 620 480 525 384 294 461 480 761 
24 596 70 36 437 414 103 0 621 262 198 628 361 756 15 227 65 657 983 723 451 748 396 196 222 924 356 578 861 527 713 8 625 133 75 768 653 954 145 282 98 768 413 511 948 835 575 866 642 454 
485 745 401 787 904 934 403 621 0 335 271 488 285 214 543 572 834 626 957 241 478 87 344 204 711 820 428 834 58 441 950 859 987 646 93 4 761 273 381 782 244 552 507 526 279 632 731 345 873 829 
278 290 860 480 180 461 892 262 335 0 545 438 437 758 564 511 563 482 648 173 401 443 146 399 372 926 795 908 784 406 457 578 978 579 43 668 740 444 291 911 108 164 400 810 807 944 191 606 733 538 
362 294 271 199 195 698 103 198 271 545 0 852 839 329 313 598 492 860 83 802 295 466 865 372 174 445 876 792 73 704 176 371 164 312 874 66 855 736 406 856 481 889 321 361 582 335 276 899 560 511 
273 189 962 187 841 976 397 628 488 438 852 0 987 569 323 649 568 459 184 317 559 662 826 289 351 683 805 270 104 581 363 568 134 940 453 550 642 379 640 897 275 814 906 175 546 310 117 701 397 626 
569 945 853 211 437 613 851 361 285 437 839 987 0 453 513 375 451 609 355 689 937 656 335 341 343 880 232 401 848 251 474 669 378 504 578 395 436 320 69 221 416 226 392 602 668 883 990 185 53 596 
696 5 486 585 143 806 869 756 214 758 329 569 453 0 687 266 277 573 366 966 144 449 855 445 628 115 822 290 771 423 52 890 612 110 321 420 652 561 6 141 568 943 453 406 733 962 499 72 354 658 
218 253 280 85 483 772 122 15 543 564 313 323 513 687 0 647 517 259 872 466 594 462 126 63 816 521 405 106 40 896 325 221 774 627 666 851 921 721 508 501 810 964 126 654 271 878 148 147 373 641 
912 864 771 931 479 142 101 227 572 511 598 649 375 266 647 0 537 431 306 643 771 350 906 777 90 559 789 458 366 263 616 84 909 349 700 532 736 812 712 790 79 448 649 981 317 621 508 669 499 884 
360 945 388 222 464 56 582 65 834 563 492 568 451 277 517 537 0 972 551 463 8 554 740 843 432 865 142 843 552 342 114 98 396 528 635 517 881 365 576 171 899 498 169 767 206 660 989 4 889 275 
531 815 591 553 393 519 571 657 626 482 860 459 609 573 259 431 972 0 971 190 930 915 250 908 767 332 300 747 95 375 733 703 785 643 914 139 616 90 664 1 681 192 339 432 578 857 740 30 542 897 
226 943 615 727 754 247 219 983 957 648 83 184 355 366 872 306 551 971 0 79 787 933 397 884 502 485 577 501 672 775 630 378 31 955 510 74 479 508 870 257 612 947 165 602 901 601 882 286 58 511 
699 117 610 397 561 473 665 723 241 173 802 317 689 966 466 643 463 190 79 0 217 33 431 178 86 58 476 678 493 439 510 113 365 899 489 758 457 352 630 795 682 544 531 382 555 679 467 719 100 276 
576 360 144 276 740 324 20 451 478 401 295 559 937 144 594 771 8 930 787 217 0 875 396 105 986 721 364 738 274 578 145 972 915 587 173 209 925 687 96 588 845 696 840 519 440 572 129 836 620 190 
666 102 573 785 550 779 457 748 87 443 466 662 656 449 462 350 554 915 933 33 875 0 272 156 329 87 369 725 353 123 803 79 130 580 251 805 101 377 446 118 524 1000 539 915 829 600 457 774 223 533 
499 972 971 681 284 151 212 396 344 146 865 826 335 855 126 906 740 250 397 431 396 272 0 599 750 246 106 398 403 419 11 553 670 931 520 278 29 236 386 127 330 705 665 728 912 653 245 422 181 478 
504 944 981 354 152 619 93 196 204 399 372 289 341 445 63 777 843 908 884 178 105 156 599 0 597 672 663 380 370 541 542 152 671 807 503 489 205 413 674 613 158 394 631 988 382 321 773 321 595 947 
614 211 293 808 56 682 2 222 711 372 174 351 343 628 816 90 432 767 502 86 986 329 750 597 0 778 471 675 75 643 250 601 574 879 547 79 368 226 853 522 470 790 714 467 161 160 521 591 989 294 
435 628 153 123 192 863 211 924 820 926 445 683 880 115 521 559 865 332 485 58 721 87 246 672 778 0 530 564 46 750 562 330 482 392 954 605 296 783 456 736 535 196 402 558 738 773 599 496 751 538 
342 101 699 51 248 839 897 356 428 795 876 805 232 822 405 789 142 300 577 476 364 369 106 663 471 530 0 647 780 110 355 438 215 364 220 596 539 573 798 551 854 486 13 722 804 232 793 325 199 884 
696 429 984 524 392 733 519 578 834 908 792 270 401 290 106 458 843 747 501 678 738 725 398 380 675 564 647 0 744 595 526 312 868 445 896 741 598 178 748 806 158 804 201 350 865 710 238 119 217 628 
803 748 765 112 789 629 782 861 58 784 73 104 848 771 40 366 552 95 672 493 274 353 403 370 75 46 780 744 0 641 458 581 661 937 833 243 686 116 641 928 54 77 391 71 116 883 806 544 617 941 
335 737 292 939 28 122 401 527 441 406 704 581 251 423 896 263 342 375 775 439 578 123 419 541 643 750 110 595 641 0 592 344 697 279 387 810 123 160 854 820 79 525 977 321 609 699 317 560 513 763 
436 685 515 280 661 759 936 713 950 457 176 363 474 52 325 616 114 733 630 510 145 803 11 542 250 562 355 526 458 592 0 399 402 775 352 517 726 991 147 971 822 329 249 931 615 940 728 263 356 639 
349 409 525 375 317 71 584 8 859 578 371 568 669 890 221 84 98 703 378 113 972 79 553 152 601 330 438 312 581 344 399 0 394 575 332 624 537 638 722 546 243 406 529 575 505 869 370 631 180 6 
485 90 771 356 391 124 433 625 987 978 164 134 378 612 774 909 396 785 31 365 915 130 670 671 574 482 215 868 661 697 402 394 0 932 691 467 422 825 723 137 597 636 344 155 374 699 600 164 432 124 
755 861 710 506 15 885 505 133 646 579 312 940 504 110 627 349 528 643 955 899 587 580 931 807 879 392 364 445 937 279 775 575 932 0 716 921 897 318 559 346 763 680 658 881 546 933 650 238 721 41 
145 674 5 993 45 865 557 75 93 43 874 453 578 321 666 700 635 914 510 489 173 251 520 503 547 954 220 896 833 387 352 332 691 716 0 449 709 930 1000 726 849 372 121 731 974 781 525 169 661 483 
233 562 600 448 516 63 105 768 4 668 66 550 395 420 851 532 517 139 74 758 209 805 278 489 79 605 596 741 243 810 517 624 467 921 449 0 522 3 754 134 932 604 290 672 547 589 203 982 840 492 
895 717 131 947 630 980 636 653 761 740 855 642 436 652 921 736 881 616 479 457 925 101 29 205 368 296 539 598 686 123 726 537 422 897 709 522 0 332 507 866 876 238 395 548 232 269 717 592 435 285 
15 964 814 239 296 715 362 954 273 444 736 379 320 561 721 812 365 90 508 352 687 377 236 413 226 783 573 178 116 160 991 638 825 318 930 3 332 0 479 573 285 84 324 223 983 746 656 281 136 736 
741 71 851 357 934 747 399 145 381 291 406 640 69 6 508 712 576 664 870 630 96 446 386 674 853 456 798 748 641 854 147 722 723 559 1000 754 507 479 0 382 111 495 951 339 809 728 29 163 825 837 
193 894 630 627 979 222 268 282 782 911 856 897 221 141 501 790 171 1 257 795 588 118 127 613 522 736 551 806 928 820 971 546 137 346 726 134 866 573 382 0 34 294 460 722 137 698 707 573 506 716 
290 538 249 698 615 340 131 98 244 108 481 275 416 568 810 79 899 681 612 682 845 524 330 158 470 535 854 158 54 79 822 243 597 763 849 932 876 285 111 34 0 223 219 260 175 424 804 7 404 915 
795 582 162 102 48 444 910 768 552 164 889 814 226 943 964 448 498 192 947 544 696 1000 705 394 790 196 486 804 77 525 329 406 636 680 372 604 238 84 495 294 223 0 470 275 216 508 100 167 456 636 
953 659 181 685 776 123 620 413 507 400 321 906 392 453 126 649 169 339 165 531 840 539 665 631 714 402 13 201 391 977 249 529 344 658 121 290 395 324 951 460 219 470 0 489 39 362 372 696 232 213 
861 273 745 531 537 337 480 511 526 810 361 175 602 406 654 981 767 432 602 382 519 915 728 988 467 558 722 350 71 321 931 575 155 881 731 672 548 223 339 722 260 275 489 0 731 210 76 489 942 257 
850 621 899 339 82 953 525 948 279 807 582 546 668 733 271 317 206 578 901 555 440 829 912 382 161 738 804 865 116 609 615 505 374 546 974 547 232 983 809 137 175 216 39 731 0 736 959 45 484 984 
757 748 985 205 714 694 384 835 632 944 335 310 883 962 878 621 660 857 601 679 572 600 653 321 160 773 232 710 883 699 940 869 699 933 781 589 269 746 728 698 424 508 362 210 736 0 812 538 223 299 
194 558 955 30 860 223 294 575 731 191 276 117 990 499 148 508 989 740 882 467 129 457 245 773 521 599 793 238 806 317 728 370 600 650 525 203 717 656 29 707 804 100 372 76 959 812 0 725 812 707 
20 946 158 207 417 430 461 866 345 606 899 701 185 72 147 669 4 30 286 719 836 774 422 321 591 496 325 119 544 560 263 631 164 238 169 982 592 281 163 573 7 167 696 489 45 538 725 0 567 681 
256 517 38 885 771 652 480 642 873 733 560 397 53 354 373 499 889 542 58 100 620 223 181 595 989 751 199 217 617 513 356 180 432 721 661 840 435 136 825 506 404 456 232 942 484 223 812 567 0 662 
637 465 681 308 93 313 761 454 829 538 511 626 596 658 641 884 275 897 511 276 190 533 478 947 294 538 884 628 941 763 639 6 124 41 483 492 285 736 837 716 915 636 213 257 984 299 707 681 662 0 
0 722 447 238 897 63 304 96 508 508 134 320 956 338 46 357 26 217 856 592 330 780 10 810 622 114 99 520 778 370 642 533 69 963 529 465 689 494 751 753 510 636 399 561 707 23 35 90 234 468 
722 0 482 782 435 492 107 270 368 233 323 806 979 918 503 230 429 490 584 712 488 982 12 657 343 447 467 587 762 686 287 334 902 660 220 251 617 795 147 293 828 960 407 678 396 739 531 986 159 453 
447 482 0 927 14 93 369 251 488 980 256 802 882 525 227 251 751 955 857 970 660 720 727 430 132 822 336 299 716 169 659 128 394 999 416 861 455 786 771 153 42 50 70 815 847 913 822 151 127 788 
238 782 927 0 297 622 103 516 674 979 598 533 312 936 244 891 83 377 651 450 445 695 108 878 904 373 164 603 248 570 470 383 392 69 289 309 529 63 287 851 720 29 960 217 319 45 452 59 304 23 
897 435 14 297 0 423 889 978 412 793 530 640 285 489 992 830 497 810 201 253 833 88 478 381 530 163 489 986 787 754 727 268 850 35 614 48 861 692 850 968 480 164 744 886 544 738 594 21 395 662 
63 492 93 622 423 0 666 571 682 882 430 942 80 557 420 168 840 528 231 724 871 711 54 467 688 453 242 352 648 95 444 346 541 958 883 415 938 788 575 236 297 240 716 166 511 590 213 962 668 519 
304 107 369 103 889 666 0 360 319 328 90 95 747 951 763 3 844 116 150 819 453 4 6 66 669 53 669 795 346 594 426 791 346 495 278 58 196 495 569 497 152 37 624 520 171 376 480 567 983 85 
96 270 251 516 978 571 360 0 821 346 665 319 170 626 189 511 91 700 961 398 74 613 471 268 89 779 957 992 712 747 566 680 672 475 225 257 975 601 717 4 286 563 180 369 563 260 59 879 463 959 
508 368 488 674 412 682 319 821 0 309 687 281 810 170 611 204 943 537 819 179 350 433 896 192 808 303 771 460 431 650 863 755 404 583 484 667 200 126 947 832 955 323 598 143 845 242 530 154 117 816 
508 233 980 979 793 882 328 346 309 0 684 792 955 640 512 326 784 606 434 621 263 520 328 970 473 446 945 354 748 440 274 792 218 705 202 521 856 550 566 780 903 188 445 840 331 590 15 631 568 393 
134 323 256 598 530 430 90 665 687 684 0 843 363 387 583 704 439 551 388 321 69 254 512 484 727 131 506 997 2 69 799 125 288 795 264 323 288 75 528 653 494 719 386 629 976 699 963 463 676 889 
320 806 802 533 640 942 95 319 281 792 843 0 374 863 482 265 935 721 447 235 274 813 187 280 821 58 391 474 390 744 366 894 226 613 743 670 217 82 418 522 108 583 564 113 316 561 768 259 477 848 
956 979 882 312 285 80 747 170 810 955 363 374 0 956 861 330 162 54 354 949 135 631 695 659 920 11 487 290 977 794 349 840 499 206 825 62 868 619 389 641 184 271 738 101 538 894 450 752 480 750 
338 918 525 936 489 557 951 626 170 640 387 863 956 0 800 966 434 965 405 372 372 955 947 791 893 342 541 364 735 912 35 663 797 995 777 307 917 603 189 810 407 332 119 255 808 862 193 583 680 70 
46 503 227 244 992 420 763 189 611 512 583 482 861 800 0 735 259 394 627 779 187 609 713 362 987 709 143 613 94 501 394 671 138 873 497 522 476 353 543 549 189 982 584 808 227 779 247 257 140 50 
357 230 251 891 830 168 3 511 204 326 704 265 330 966 735 0 609 298 125 723 475 937 948 332 921 117 767 181 535 309 891 421 732 741 349 845 245 607 350 705 319 313 141 736 699 400 142 228 18 787 
26 429 751 83 497 840 844 91 943 784 439 935 162 434 259 609 0 934 148 209 612 437 440 488 650 108 725 727 257 255 193 412 43 601 149 307 373 379 390 28 246 582 630 730 431 509 955 809 187 784 
217 490 955 377 810 528 116 700 537 606 551 721 54 965 394 298 934 0 123 37 480 383 436 811 952 212 159 879 211 830 655 64 710 427 293 383 236 90 93 312 588 161 83 859 201 567 808 429 641 676 
856 584 857 651 201 231 150 961 819 434 388 447 354 405 627 125 148 123 0 729 501 740 311 364 1000 655 612 701 511 415 97 169 132 899 739 161 152 596 921 456 531 858 725 902 837 293 424 485 651 592 
592 712 970 450 253 724 819 398 179 621 321 235 949 372 779 723 209 37 729 0 692 836 519 209 45 809 101 194 558 562 686 793 698 928 720 249 782 309 480 453 944 56 545 503 176 557 814 198 48 608 
330 488 660 445 833 871 453 74 350 263 69 274 135 372 187 475 612 480 501 692 0 582 585 548 898 816 92 586 174 785 996 780 357 22 529 255 642 777 181 383 151 700 526 117 528 621 936 400 537 681 
780 982 720 695 88 711 4 613 433 520 254 813 631 955 609 937 437 383 740 836 582 0 231 608 567 396 103 678 267 249 676 562 549 744 205 830 368 113 113 419 385 515 515 310 368 427 671 715 160 318 
10 12 727 108 478 54 6 471 896 328 512 187 695 947 713 948 440 436 311 519 585 231 0 349 425 515 364 818 975 303 201 789 52 355 92 771 811 571 210 788 77 985 194 201 103 587 567 405 349 664 
810 657 430 878 381 467 66 268 192 970 484 280 659 791 362 332 488 811 364 209 548 608 349 0 703 796 722 908 427 631 810 635 441 823 120 775 400 421 523 626 375 51 78 539 846 504 39 575 404 321 
622 343 132 904 530 688 669 89 808 473 727 821 920 893 987 921 650 952 1000 45 898 567 425 703 0 667 101 554 315 765 210 164 209 285 565 65 288 766 538 494 539 834 891 135 404 367 90 418 317 98 
114 447 822 373 163 453 53 779 303 446 131 58 11 342 709 117 108 212 655 809 816 396 515 796 667 0 469 679 191 786 829 913 704 568 487 888 442 574 247 345 924 128 706 959 259 188 498 718 407 978 
99 467 336 164 489 242 669 957 771 945 506 391 487 541 143 767 725 159 612 101 92 103 364 722 101 469 0 821 202 242 560 344 175 750 543 418 309 152 927 729 718 484 611 771 591 340 924 532 112 34 
520 587 299 603 986 352 795 992 460 354 997 474 290 364 613 181 727 879 701 194 586 678 818 908 554 679 821 0 60 651 197 270 304 882 965 720 486 480 948 453 396 86 630 200 486 202 42 644 457 682 
778 762 716 248 787 648 346 712 431 748 2 390 977 735 94 535 257 211 511 558 174 267 975 427 315 191 202 60 0 851 942 756 281 656 603 318 539 359 567 938 478 355 668 635 760 756 952 830 556 312 
370 686 169 570 754 95 594 747 650 440 69 744 794 912 501 309 255 830 415 562 785 249 303 631 765 786 242 651 851 0 523 130 733 362 581 991 742 601 46 671 949 178 553 590 512 993 54 528 599 347 
642 287 659 470 727 444 426 566 863 274 799 366 349 35 394 891 193 655 97 686 996 676 201 810 210 829 560 197 942 523 0 309 258 972 453 729 32 179 290 704 63 790 322 751 144 670 833 609 414 361 
533 334 128 383 268 346 791 680 755 792 125 894 840 663 671 421 412 64 169 793 780 562 789 635 164 913 344 270 756 130 309 0 130 101 471 559 866 343 485 301 713 275 482 1 667 678 152 833 621 205 
69 902 394 392 850 541 346 672 404 218 288 226 499 797 138 732 43 710 132 698 357 549 52 441 209 704 175 304 281 733 258 130 0 172 899 672 403 83 471 477 425 20 196 29 551 56 735 87 363 419 
963 660 999 69 35 958 495 475 583 705 795 613 206 995 873 741 601 427 899 928 22 744 355 823 285 568 750 882 656 362 972 101 172 0 911 584 222 958 773 265 975 614 333 140 764 112 250 635 598 119 
529 220 416 289 614 883 278 225 484 202 264 743 825 777 497 349 149 293 739 720 529 205 92 120 565 487 543 965 603 581 453 471 899 911 0 370 724 494 295 734 379 33 610 46 805 589 263 88 824 984 
465 251 861 309 48 415 58 257 667 521 323 670 62 307 522 845 307 383 161 249 255 830 771 775 65 888 418 720 318 991 729 559 672 584 370 0 713 981 833 299 649 447 56 377 6 579 437 627 998 268 
689 617 455 529 861 938 196 975 200 856 288 217 868 917 476 245 373 236 152 782 642 368 811 400 288 442 309 486 539 742 32 866 403 222 724 713 0 274 673 931 239 321 209 206 313 245 207 107 340 138 
494 795 786 63 692 788 495 601 126 550 75 82 619 603 353 607 379 90 596 309 777 113 571 421 766 574 152 480 359 601 179 343 83 958 494 981 274 0 216 404 133 538 503 944 617 757 415 978 457 967 
751 147 771 287 850 575 569 717 947 566 528 418 389 189 543 350 390 93 921 480 181 113 210 523 538 247 927 948 567 46 290 485 471 773 295 833 673 216 0 298 777 611 767 68 766 984 667 235 78 725 
753 293 153 851 968 236 497 4 832 780 653 522 641 810 549 705 28 312 456 453 383 419 788 626 494 345 729 453 938 671 704 301 477 265 734 299 931 404 298 0 535 370 510 4 466 347 926 19 891 477 
510 828 42 720 480 297 152 286 955 903 494 108 184 407 189 319 246 588 531 944 151 385 77 375 539 924 718 396 478 949 63 713 425 975 379 649 239 133 777 535 0 563 194 707 129 384 199 565 538 744 
636 960 50 29 164 240 37 563 323 188 719 583 271 332 982 313 582 161 858 56 700 515 985 51 834 128 484 86 355 178 790 275 20 614 33 447 321 538 611 370 563 0 193 857 903 881 106 664 919 679 
399 407 70 960 744 716 624 180 598 445 386 564 738 119 584 141 630 83 725 545 526 515 194 78 891 706 611 630 668 553 322 482 196 333 610 56 209 503 767 510 194 193 0 182 274 756 84 547 590 425 
561 678 815 217 886 166 520 369 143 840 629 113 101 255 808 736 730 859 902 503 117 310 201 539 135 959 771 200 635 590 751 1 29 140 46 377 206 944 68 4 707 857 182 0 570 712 575 446 517 493 
707 396 847 319 544 511 171 563 845 331 976 316 538 808 227 699 431 201 837 176 528 368 103 846 404 259 591 486 760 512 144 667 551 764 805 6 313 617 766 466 129 903 274 570 0 476 47 839 850 453 
23 739 913 45 738 590 376 260 242 590 699 561 894 862 779 400 509 567 293 557 621 427 587 504 367 188 340 202 756 993 670 678 56 112 589 579 245 757 984 347 384 881 756 712 476 0 236 597 85 985 
35 531 822 452 594 213 480 59 530 15 963 768 450 193 247 142 955 808 424 814 936 671 567 39 90 498 924 42 952 54 833 152 735 250 263 437 207 415 667 926 199 106 84 575 47 236 0 258 394 39 
90 986 151 59 21 962 567 879 154 631 463 259 752 583 257 228 809 429 485 198 400 715 405 575 418 718 532 644 830 528 609 833 87 635 88 627 107 978 235 19 565 664 547 446 839 597 258 0 524 172 
234 159 127 304 395 668 983 463 117 568 676 477 480 680 140 18 187 641 651 48 537 160 349 404 317 407 112 457 556 599 414 621 363 598 824 998 340 457 78 891 538 919 590 517 850 85 394 524 0 652 
468 453 788 23 662 519 85 959 816 393 889 848 750 70 50 787 784 676 592 608 681 318 664 321 98 978 34 682 312 347 361 205 419 119 984 268 138 967 725 477 744 679 425 493 453 985 39 172 652 0 
