15 4
0 691 813 340 330 211 409 414 473 732 95 116 47 212 363 
691 0 822 549 990 128 503 394 510 272 92 615 56 192 397 
813 822 0 434 902 862 491 842 441 990 210 558 660 213 848 
340 549 434 0 345 464 999 723 111 641 24 948 547 251 369 
330 990 902 345 0 206 685 569 754 166 154 724 255 62 813 
211 128 862 464 206 0 86 712 815 268 569 491 905 998 282 
409 503 491 999 685 86 0 668 408 610 468 149 790 984 321 
414 394 842 723 569 712 668 0 325 81 515 473 747 783 323 
473 510 441 111 754 815 408 325 0 746 315 252 698 110 535 
732 272 990 641 166 268 610 81 746 0 810 52 543 126 906 
95 92 210 24 154 569 468 515 315 810 0 486 386 285 143 
116 615 558 948 724 491 149 473 252 52 486 0 254 544 992 
47 56 660 547 255 905 790 747 698 543 386 254 0 405 138 
212 192 213 251 62 998 984 783 110 126 285 544 405 0 911 
363 397 848 369 813 282 321 323 535 906 143 992 138 911 0 
0 336 214 956 768 487 147 778 574 212 670 88 51 31 556 
336 0 502 505 582 559 841 485 772 279 816 13 801 216 69 
214 502 0 903 967 340 498 399 939 278 68 77 35 339 948 
956 505 903 0 527 573 771 579 689 230 245 878 601 67 360 
768 582 967 527 0 890 376 881 280 287 446 662 449 352 118 
487 559 340 573 890 0 909 598 791 4 677 739 296 37 912 
147 841 498 771 376 909 0 622 506 476 841 598 469 774 372 
778 485 399 579 881 598 622 0 504 299 248 652 228 540 647 
574 772 939 689 280 791 506 504 0 545 918 154 1000 226 198 
212 279 278 230 287 4 476 299 545 0 310 555 116 715 264 
670 816 68 245 446 677 841 248 918 310 0 272 70 642 299 
88 13 77 878 662 739 598 652 154 555 272 0 156 856 626 
51 801 35 601 449 296 469 228 1000 116 70 156 0 660 826 
31 216 339 67 352 37 774 540 226 715 642 856 660 0 766 
556 69 948 360 118 912 372 647 198 264 299 626 826 766 0 
0 362 356 101 555 466 831 165 51 906 144 422 634 363 690 
362 0 990 885 191 943 336 919 472 629 332 182 567 428 836 
356 990 0 670 618 731 20 33 184 630 967 669 53 274 919 
101 885 670 0 280 587 90 334 259 243 395 649 16 938 552 
555 191 618 280 0 528 134 635 665 295 920 49 234 540 87 
466 943 731 587 528 0 404 965 824 121 8 876 134 628 27 
831 336 20 90 134 404 0 162 164 114 447 197 391 942 122 
165 919 33 334 635 965 162 0 178 194 236 784 133 439 474 
51 472 184 259 665 824 164 178 0 713 630 793 664 870 748 
906 629 630 243 295 121 114 194 713 0 400 601 991 102 702 
144 332 967 395 920 8 447 236 630 400 0 123 359 326 82 
422 182 669 649 49 876 197 784 793 601 123 0 613 241 189 
634 567 53 16 234 134 391 133 664 991 359 613 0 458 264 
363 428 274 938 540 628 942 439 870 102 326 241 458 0 401 
690 836 919 552 87 27 122 474 748 702 82 189 264 401 0 
0 555 403 431 462 242 393 555 239 171 218 312 113 46 966 
555 0 747 886 952 690 421 426 428 14 288 272 136 297 798 
403 747 0 60 733 937 613 368 74 571 938 223 156 401 361 
431 886 60 0 860 434 369 462 302 820 974 814 368 681 15 
462 952 733 860 0 451 462 355 860 504 161 496 116 946 932 
242 690 937 434 451 0 61 864 955 374 964 347 926 437 98 
393 421 613 369 462 61 0 553 941 606 306 29 555 505 6 
555 426 368 462 355 864 553 0 153 586 665 22 266 66 648 
239 428 74 302 860 955 941 153 0 711 708 300 610 302 654 
171 14 571 820 504 374 606 586 711 0 476 706 644 28 381 
218 288 938 974 161 964 306 665 708 476 0 616 140 650 348 
312 272 223 814 496 347 29 22 300 706 616 0 351 801 686 
113 136 156 368 116 926 555 266 610 644 140 351 0 270 635 
46 297 401 681 946 437 505 66 302 28 650 801 270 0 232 
966 798 361 15 932 98 6 648 654 381 348 686 635 232 0 
0 71 189 245 624 84 82 296 118 865 878 222 816 567 219 
71 0 69 459 442 413 894 757 792 314 579 492 614 857 314 
189 69 0 791 757 563 221 907 536 271 111 714 579 908 85 
245 459 791 0 498 792 494 402 118 505 79 672 1000 705 803 
624 442 757 498 0 168 312 796 522 961 149 552 455 966 788 
84 413 563 792 168 0 723 488 600 419 158 844 638 580 694 
82 894 221 494 312 723 0 321 810 728 462 572 908 196 211 
296 757 907 402 796 488 321 0 466 912 495 348 853 900 456 
118 792 536 118 522 600 810 466 0 768 984 649 10 365 232 
865 314 271 505 961 419 728 912 768 0 683 988 141 624 339 
878 579 111 79 149 158 462 495 984 683 0 359 481 349 289 
222 492 714 672 552 844 572 348 649 988 359 0 70 980 347 
816 614 579 1000 455 638 908 853 10 141 481 70 0 677 113 
567 857 908 705 966 580 196 900 365 624 349 980 677 0 388 
219 314 85 803 788 694 211 456 232 339 289 347 113 388 0 
