15 3
0 804 349 316 58 173 524 871 526 86 230 876 883 529 989 
804 0 958 868 517 384 508 963 410 317 500 635 899 882 229 
349 958 0 252 805 900 735 828 699 221 179 715 576 25 124 
316 868 252 0 75 118 827 455 641 494 24 781 722 628 835 
58 517 805 75 0 600 714 60 126 268 56 156 278 364 608 
173 384 900 118 600 0 104 82 327 57 495 125 147 916 363 
524 508 735 827 714 104 0 367 814 492 810 765 952 477 15 
871 963 828 455 60 82 367 0 282 288 10 746 19 296 785 
526 410 699 641 126 327 814 282 0 912 700 229 32 662 567 
86 317 221 494 268 57 492 288 912 0 430 76 247 805 283 
230 500 179 24 56 495 810 10 700 430 0 954 96 864 122 
876 635 715 781 156 125 765 746 229 76 954 0 668 396 213 
883 899 576 722 278 147 952 19 32 247 96 668 0 590 553 
529 882 25 628 364 916 477 296 662 805 864 396 590 0 554 
989 229 124 835 608 363 15 785 567 283 122 213 553 554 0 
0 693 484 164 384 17 445 906 677 986 337 974 35 189 368 
693 0 633 553 136 445 726 848 728 628 908 115 787 831 932 
484 633 0 731 387 784 428 320 147 92 245 933 361 216 719 
164 553 731 0 962 770 217 437 56 886 660 518 900 372 809 
384 136 387 962 0 206 776 469 665 705 789 207 822 596 374 
17 445 784 770 206 0 292 436 962 469 309 850 234 494 292 
445 726 428 217 776 292 0 479 117 446 335 350 591 835 940 
906 848 320 437 469 436 479 0 899 803 812 171 930 791 321 
677 728 147 56 665 962 117 899 0 904 608 12 642 525 336 
986 628 92 886 705 469 446 803 904 0 935 28 366 376 795 
337 908 245 660 789 309 335 812 608 935 0 439 590 161 616 
974 115 933 518 207 850 350 171 12 28 439 0 978 446 992 
35 787 361 900 822 234 591 930 642 366 590 978 0 327 760 
189 831 216 372 596 494 835 791 525 376 161 446 327 0 698 
368 932 719 809 374 292 940 321 336 795 616 992 760 698 0 
0 143 482 791 724 825 546 180 322 13 778 71 933 534 707 
143 0 163 475 954 606 336 64 427 575 122 869 193 184 27 
482 163 0 359 711 238 482 587 776 882 762 108 751 537 296 
791 475 359 0 60 97 785 516 983 87 663 214 70 696 163 
724 954 711 60 0 735 255 518 344 192 121 709 81 367 625 
825 606 238 97 735 0 659 464 205 586 702 209 834 513 662 
546 336 482 785 255 659 0 416 812 573 560 435 586 214 244 
180 64 587 516 518 464 416 0 162 127 10 858 58 61 712 
322 427 776 983 344 205 812 162 0 196 462 994 324 516 661 
13 575 882 87 192 586 573 127 196 0 200 996 474 768 64 
778 122 762 663 121 702 560 10 462 200 0 477 460 795 188 
71 869 108 214 709 209 435 858 994 996 477 0 192 557 65 
933 193 751 70 81 834 586 58 324 474 460 192 0 732 252 
534 184 537 696 367 513 214 61 516 768 795 557 732 0 218 
707 27 296 163 625 662 244 712 661 64 188 65 252 218 0 
0 523 571 759 512 807 732 81 475 67 774 90 858 847 726 
523 0 353 554 856 530 228 81 299 498 167 908 162 150 17 
571 353 0 114 603 271 533 660 881 949 788 139 617 623 68 
759 554 114 0 51 393 971 625 780 105 458 357 29 624 297 
512 856 603 51 0 629 210 567 508 251 281 670 289 458 745 
807 530 271 393 629 0 773 836 27 320 649 91 818 509 681 
732 228 533 971 210 773 0 506 742 478 676 659 499 112 105 
81 81 660 625 567 836 506 0 138 104 106 882 22 98 592 
475 299 881 780 508 27 742 138 0 187 389 880 450 597 673 
67 498 949 105 251 320 478 104 187 0 40 981 455 704 216 
774 167 788 458 281 649 676 106 389 40 0 688 455 739 504 
90 908 139 357 670 91 659 882 880 981 688 0 201 545 206 
858 162 617 29 289 818 499 22 450 455 455 201 0 666 358 
847 150 623 624 458 509 112 98 597 704 739 545 666 0 486 
726 17 68 297 745 681 105 592 673 216 504 206 358 486 0 
