6 2
0 555 650 868 523 851 
555 0 135 334 321 333 
650 135 0 169 904 551 
868 334 169 0 490 933 
523 321 904 490 0 256 
851 333 551 933 256 0 
0 210 220 571 672 513 
210 0 59 877 623 698 
220 59 0 200 70 656 
571 877 200 0 592 998 
672 623 70 592 0 715 
513 698 656 998 715 0 
0 791 781 430 329 488 
791 0 942 124 378 303 
781 942 0 801 931 345 
430 124 801 0 409 3 
329 378 931 409 0 286 
488 303 345 3 286 0 
