15 2
0 691 813 340 330 211 409 414 473 732 95 116 47 212 363 
691 0 822 549 990 128 503 394 510 272 92 615 56 192 397 
813 822 0 434 902 862 491 842 441 990 210 558 660 213 848 
340 549 434 0 345 464 999 723 111 641 24 948 547 251 369 
330 990 902 345 0 206 685 569 754 166 154 724 255 62 813 
211 128 862 464 206 0 86 712 815 268 569 491 905 998 282 
409 503 491 999 685 86 0 668 408 610 468 149 790 984 321 
414 394 842 723 569 712 668 0 325 81 515 473 747 783 323 
473 510 441 111 754 815 408 325 0 746 315 252 698 110 535 
732 272 990 641 166 268 610 81 746 0 810 52 543 126 906 
95 92 210 24 154 569 468 515 315 810 0 486 386 285 143 
116 615 558 948 724 491 149 473 252 52 486 0 254 544 992 
47 56 660 547 255 905 790 747 698 543 386 254 0 405 138 
212 192 213 251 62 998 984 783 110 126 285 544 405 0 911 
363 397 848 369 813 282 321 323 535 906 143 992 138 911 0 
0 948 147 22 764 447 359 214 437 843 422 903 294 989 768 
948 0 169 61 926 934 399 356 964 623 534 670 833 848 555 
147 169 0 614 169 84 190 403 222 729 197 60 830 37 462 
22 61 614 0 631 712 896 189 749 796 709 791 348 914 624 
764 926 169 631 0 193 994 302 84 483 491 799 507 864 16 
447 934 84 712 193 0 849 440 229 26 762 957 961 839 245 
359 399 190 896 994 849 0 14 403 447 245 860 856 245 683 
214 356 403 189 302 440 14 0 604 49 956 988 773 296 967 
437 964 222 749 84 229 403 604 0 303 101 379 175 677 618 
843 623 729 796 483 26 447 49 303 0 431 364 318 567 733 
422 534 197 709 491 762 245 956 101 431 0 87 755 314 757 
903 670 60 791 799 957 860 988 379 364 87 0 7 904 240 
294 833 830 348 507 961 856 773 175 318 755 7 0 42 449 
989 848 37 914 864 839 245 296 677 567 314 904 42 0 241 
768 555 462 624 16 245 683 967 618 733 757 240 449 241 0 
0 948 147 22 764 447 359 214 437 843 422 903 294 989 768 
948 0 169 61 926 934 399 356 964 623 534 670 833 848 555 
147 169 0 614 169 84 190 403 222 729 197 60 830 37 462 
22 61 614 0 631 712 896 189 749 796 709 791 348 914 624 
764 926 169 631 0 193 994 302 84 483 491 799 507 864 16 
447 934 84 712 193 0 849 440 229 26 762 957 961 839 245 
359 399 190 896 994 849 0 14 403 447 245 860 856 245 683 
214 356 403 189 302 440 14 0 604 49 956 988 773 296 967 
437 964 222 749 84 229 403 604 0 303 101 379 175 677 618 
843 623 729 796 483 26 447 49 303 0 431 364 318 567 733 
422 534 197 709 491 762 245 956 101 431 0 87 755 314 757 
903 670 60 791 799 957 860 988 379 364 87 0 7 904 240 
294 833 830 348 507 961 856 773 175 318 755 7 0 42 449 
989 848 37 914 864 839 245 296 677 567 314 904 42 0 241 
768 555 462 624 16 245 683 967 618 733 757 240 449 241 0 
