9 2
0 862 5 495 230 457 217 58 186 
862 0 177 378 867 171 804 517 350 
5 177 0 425 399 316 986 805 317 
495 378 425 0 683 868 249 75 876 
230 867 399 683 0 252 297 476 766 
457 171 316 868 252 0 540 533 238 
217 804 986 249 297 540 0 393 173 
58 517 805 75 476 533 393 0 384 
186 350 317 876 766 238 173 384 0 
0 344 179 662 295 223 878 941 941 
344 0 810 590 184 937 691 816 635 
179 810 0 124 532 83 618 282 154 
662 590 124 0 23 31 174 658 385 
295 184 532 23 0 213 550 676 930 
223 937 83 31 213 0 488 856 604 
878 691 618 174 550 488 0 226 591 
941 816 282 658 676 856 226 0 834 
941 635 154 385 930 604 591 834 0 
0 160 945 137 103 622 527 464 197 
160 0 301 12 339 120 143 400 329 
945 301 0 393 117 834 347 638 944 
137 12 393 0 695 594 279 940 375 
103 339 117 695 0 971 364 93 1 
622 120 834 594 971 0 377 349 66 
527 143 347 279 364 377 0 959 271 
464 400 638 940 93 349 959 0 365 
197 329 944 375 1 66 271 365 0 
