50 2
0 368 602 445 38 752 174 254 906 858 924 298 882 907 936 79 609 601 100 965 945 418 863 935 476 362 939 298 716 498 706 946 645 221 339 613 722 817 96 954 676 368 515 165 899 598 906 592 960 213 
368 0 547 448 597 885 226 279 963 721 149 556 72 292 804 360 965 285 219 826 135 293 136 401 850 620 960 303 359 103 49 833 367 934 650 651 49 741 880 233 509 662 610 327 638 314 112 499 314 294 
602 547 0 941 685 383 993 898 698 657 580 891 168 811 714 938 182 648 230 412 88 121 114 211 52 765 910 962 473 379 784 81 817 971 820 840 855 381 116 72 58 80 467 163 839 286 825 534 727 663 
445 448 941 0 11 392 175 163 506 272 197 105 61 103 379 542 229 927 860 243 750 897 705 757 29 217 574 403 908 857 692 211 986 512 753 781 126 475 34 498 805 335 759 233 474 762 556 212 154 323 
38 597 685 11 0 3 334 177 875 252 575 882 482 474 778 274 334 299 113 109 815 607 499 776 791 691 898 280 786 464 764 883 427 299 148 113 204 729 970 486 635 875 69 567 489 558 69 613 610 387 
752 885 383 392 3 0 994 982 644 868 472 580 550 702 519 835 66 243 257 143 949 530 944 671 321 24 790 397 170 426 659 829 452 470 929 141 765 68 634 28 534 700 1000 967 631 904 539 232 367 947 
174 226 993 175 334 994 0 378 721 463 28 817 893 625 637 213 452 907 189 954 415 921 895 534 360 637 241 36 959 954 223 482 163 648 497 913 118 28 62 453 250 66 438 670 962 738 554 606 893 528 
254 279 898 163 177 982 378 0 710 281 881 49 637 811 618 881 210 148 659 869 488 691 930 200 894 591 916 51 140 824 288 572 716 741 224 336 340 473 521 884 947 829 15 307 615 620 473 744 453 333 
906 963 698 506 875 644 721 710 0 200 548 520 949 353 964 429 735 392 587 90 361 409 915 705 7 526 39 441 2 591 166 116 756 75 804 878 12 841 591 790 922 63 823 863 692 797 970 660 913 349 
858 721 657 272 252 868 463 281 200 0 823 879 553 301 957 396 700 376 252 27 178 368 276 715 257 484 337 807 127 517 568 639 409 195 752 925 685 60 509 335 31 776 53 683 872 240 636 605 171 337 
924 149 580 197 575 472 28 881 548 823 0 197 927 393 820 11 555 79 579 359 299 917 360 230 531 243 662 192 38 922 319 537 94 815 764 21 966 525 361 288 144 496 42 746 758 254 721 156 635 114 
298 556 891 105 882 580 817 49 520 879 197 0 86 153 500 507 507 154 642 819 166 676 788 468 465 55 915 214 833 427 458 315 575 573 225 946 927 632 493 101 369 593 490 963 629 978 82 19 852 964 
882 72 168 61 482 550 893 637 949 553 927 86 0 840 903 763 671 122 513 967 694 1 145 666 68 184 697 771 396 108 14 849 938 332 42 655 114 567 990 428 919 114 32 890 808 605 334 902 147 18 
907 292 811 103 474 702 625 811 353 301 393 153 840 0 943 530 463 133 713 146 160 937 274 505 536 175 686 377 919 99 529 616 366 451 545 902 372 782 845 740 304 802 809 551 284 398 68 67 523 37 
936 804 714 379 778 519 637 618 964 957 820 500 903 943 0 686 663 786 308 933 634 330 909 294 806 822 909 388 216 699 858 539 894 283 399 87 554 987 132 609 453 986 810 857 642 910 51 335 423 428 
79 360 938 542 274 835 213 881 429 396 11 507 763 530 686 0 817 177 632 289 404 353 196 662 833 513 747 186 431 629 855 553 431 344 442 32 501 329 404 800 937 841 252 909 279 619 559 846 851 990 
609 965 182 229 334 66 452 210 735 700 555 507 671 463 663 817 0 108 409 767 56 194 644 162 671 418 684 860 169 918 226 73 280 273 333 943 692 487 431 982 191 651 581 875 69 407 584 513 836 742 
601 285 648 927 299 243 907 148 392 376 79 154 122 133 786 177 108 0 838 108 516 170 656 423 436 209 910 310 761 97 647 992 975 253 503 437 312 287 353 338 864 226 610 580 19 464 95 225 467 388 
100 219 230 860 113 257 189 659 587 252 579 642 513 713 308 632 409 838 0 461 780 717 306 365 827 27 390 869 18 382 44 858 109 68 530 25 261 11 723 632 438 605 545 759 905 94 929 541 270 949 
965 826 412 243 109 143 954 869 90 27 359 819 967 146 933 289 767 108 461 0 72 247 532 362 416 795 795 962 537 624 819 913 262 543 668 677 800 994 905 42 31 400 39 630 974 576 206 572 27 935 
945 135 88 750 815 949 415 488 361 178 299 166 694 160 634 404 56 516 780 72 0 234 816 622 376 921 693 798 647 853 427 59 279 970 366 946 575 52 563 390 821 311 945 142 396 966 611 564 333 629 
418 293 121 897 607 530 921 691 409 368 917 676 1 937 330 353 194 170 717 247 234 0 799 344 885 699 959 978 37 134 180 350 363 398 712 648 164 492 681 233 603 853 958 458 724 764 668 988 497 813 
863 136 114 705 499 944 895 930 915 276 360 788 145 274 909 196 644 656 306 532 816 799 0 17 690 354 693 159 611 379 730 894 555 251 977 713 535 263 503 230 634 616 617 442 255 384 982 517 883 750 
935 401 211 757 776 671 534 200 705 715 230 468 666 505 294 662 162 423 365 362 622 344 17 0 18 32 110 928 984 653 495 189 349 557 290 348 718 963 176 381 521 142 571 532 53 567 137 683 435 444 
476 850 52 29 791 321 360 894 7 257 531 465 68 536 806 833 671 436 827 416 376 885 690 18 0 393 523 971 156 978 823 601 895 880 639 253 355 615 789 896 912 214 55 571 548 163 854 702 333 977 
362 620 765 217 691 24 637 591 526 484 243 55 184 175 822 513 418 209 27 795 921 699 354 32 393 0 752 199 248 297 799 366 634 697 788 671 428 152 422 476 129 13 440 72 26 197 386 271 77 316 
939 960 910 574 898 790 241 916 39 337 662 915 697 686 909 747 684 910 390 795 693 959 693 110 523 752 0 481 255 413 221 398 475 841 779 18 544 126 627 272 284 760 874 607 236 134 960 94 306 411 
298 303 962 403 280 397 36 51 441 807 192 214 771 377 388 186 860 310 869 962 798 978 159 928 971 199 481 0 156 271 656 498 381 237 328 212 852 712 593 586 777 499 441 556 264 749 81 49 684 962 
716 359 473 908 786 170 959 140 2 127 38 833 396 919 216 431 169 761 18 537 647 37 611 984 156 248 255 156 0 366 260 809 801 482 621 227 39 371 697 193 41 364 802 840 689 850 9 128 252 28 
498 103 379 857 464 426 954 824 591 517 922 427 108 99 699 629 918 97 382 624 853 134 379 653 978 297 413 271 366 0 763 818 484 376 267 666 94 312 851 957 904 313 521 901 990 890 779 253 347 401 
706 49 784 692 764 659 223 288 166 568 319 458 14 529 858 855 226 647 44 819 427 180 730 495 823 799 221 656 260 763 0 475 75 592 869 850 146 156 219 728 86 821 62 677 640 274 317 442 295 269 
946 833 81 211 883 829 482 572 116 639 537 315 849 616 539 553 73 992 858 913 59 350 894 189 601 366 398 498 809 818 475 0 181 235 294 458 233 633 589 431 410 387 970 377 170 421 937 228 840 220 
645 367 817 986 427 452 163 716 756 409 94 575 938 366 894 431 280 975 109 262 279 363 555 349 895 634 475 381 801 484 75 181 0 335 587 704 470 813 438 420 822 7 462 987 484 972 772 876 838 795 
221 934 971 512 299 470 648 741 75 195 815 573 332 451 283 344 273 253 68 543 970 398 251 557 880 697 841 237 482 376 592 235 335 0 82 563 921 422 722 580 470 14 446 146 134 582 700 428 3 45 
339 650 820 753 148 929 497 224 804 752 764 225 42 545 399 442 333 503 530 668 366 712 977 290 639 788 779 328 621 267 869 294 587 82 0 71 1 516 993 747 420 40 500 325 152 478 12 940 309 662 
613 651 840 781 113 141 913 336 878 925 21 946 655 902 87 32 943 437 25 677 946 648 713 348 253 671 18 212 227 666 850 458 704 563 71 0 592 178 162 189 278 959 110 793 196 952 380 320 307 422 
722 49 855 126 204 765 118 340 12 685 966 927 114 372 554 501 692 312 261 800 575 164 535 718 355 428 544 852 39 94 146 233 470 921 1 592 0 34 669 877 596 39 813 425 23 13 705 160 141 382 
817 741 381 475 729 68 28 473 841 60 525 632 567 782 987 329 487 287 11 994 52 492 263 963 615 152 126 712 371 312 156 633 813 422 516 178 34 0 707 862 511 922 401 386 459 164 480 513 922 590 
96 880 116 34 970 634 62 521 591 509 361 493 990 845 132 404 431 353 723 905 563 681 503 176 789 422 627 593 697 851 219 589 438 722 993 162 669 707 0 224 737 265 106 984 676 248 374 77 263 515 
954 233 72 498 486 28 453 884 790 335 288 101 428 740 609 800 982 338 632 42 390 233 230 381 896 476 272 586 193 957 728 431 420 580 747 189 877 862 224 0 237 209 921 902 409 286 898 983 889 639 
676 509 58 805 635 534 250 947 922 31 144 369 919 304 453 937 191 864 438 31 821 603 634 521 912 129 284 777 41 904 86 410 822 470 420 278 596 511 737 237 0 150 495 481 281 909 100 950 237 279 
368 662 80 335 875 700 66 829 63 776 496 593 114 802 986 841 651 226 605 400 311 853 616 142 214 13 760 499 364 313 821 387 7 14 40 959 39 922 265 209 150 0 267 344 913 383 486 667 122 37 
515 610 467 759 69 1000 438 15 823 53 42 490 32 809 810 252 581 610 545 39 945 958 617 571 55 440 874 441 802 521 62 970 462 446 500 110 813 401 106 921 495 267 0 924 293 457 988 609 524 226 
165 327 163 233 567 967 670 307 863 683 746 963 890 551 857 909 875 580 759 630 142 458 442 532 571 72 607 556 840 901 677 377 987 146 325 793 425 386 984 902 481 344 924 0 103 426 946 244 204 103 
899 638 839 474 489 631 962 615 692 872 758 629 808 284 642 279 69 19 905 974 396 724 255 53 548 26 236 264 689 990 640 170 484 134 152 196 23 459 676 409 281 913 293 103 0 239 403 874 194 812 
598 314 286 762 558 904 738 620 797 240 254 978 605 398 910 619 407 464 94 576 966 764 384 567 163 197 134 749 850 890 274 421 972 582 478 952 13 164 248 286 909 383 457 426 239 0 236 651 861 236 
906 112 825 556 69 539 554 473 970 636 721 82 334 68 51 559 584 95 929 206 611 668 982 137 854 386 960 81 9 779 317 937 772 700 12 380 705 480 374 898 100 486 988 946 403 236 0 389 84 87 
592 499 534 212 613 232 606 744 660 605 156 19 902 67 335 846 513 225 541 572 564 988 517 683 702 271 94 49 128 253 442 228 876 428 940 320 160 513 77 983 950 667 609 244 874 651 389 0 315 342 
960 314 727 154 610 367 893 453 913 171 635 852 147 523 423 851 836 467 270 27 333 497 883 435 333 77 306 684 252 347 295 840 838 3 309 307 141 922 263 889 237 122 524 204 194 861 84 315 0 809 
213 294 663 323 387 947 528 333 349 337 114 964 18 37 428 990 742 388 949 935 629 813 750 444 977 316 411 962 28 401 269 220 795 45 662 422 382 590 515 639 279 37 226 103 812 236 87 342 809 0 
0 475 462 986 820 547 812 711 921 201 911 97 79 567 140 596 483 135 638 680 88 670 846 828 120 871 348 757 728 583 39 199 188 402 3 978 111 580 648 845 396 545 575 389 181 144 452 558 208 699 
475 0 848 74 539 171 639 201 802 574 563 134 825 632 510 789 339 998 458 94 843 487 36 488 489 880 81 156 784 611 766 113 299 994 506 567 109 922 569 180 122 590 411 898 351 167 374 507 886 100 
462 848 0 81 826 909 819 394 971 725 88 104 328 819 470 225 241 634 693 510 494 743 17 411 43 743 252 32 396 884 235 573 159 530 815 177 214 425 990 736 668 371 210 877 575 362 754 107 849 532 
986 74 81 0 618 419 433 987 296 584 610 717 570 482 816 278 564 459 504 490 157 635 214 747 599 311 490 835 740 63 819 950 732 185 262 449 379 352 169 248 317 201 815 436 655 199 908 493 975 673 
820 539 826 618 0 81 20 542 595 722 669 116 762 576 789 372 958 470 974 742 566 614 26 545 340 381 439 266 942 245 252 134 293 797 267 164 231 242 469 404 307 645 599 561 200 539 911 176 716 471 
547 171 909 419 81 0 426 246 707 15 415 598 590 32 985 380 910 712 523 870 611 173 550 256 632 487 220 73 201 573 593 467 121 567 298 578 659 954 734 659 364 858 88 765 604 742 262 219 1 599 
812 639 819 433 20 426 0 439 374 881 624 11 360 69 631 365 902 123 972 906 428 129 974 676 577 951 633 496 683 723 641 61 684 862 848 968 893 385 694 935 172 112 26 892 545 926 878 608 252 677 
711 201 394 987 542 246 439 0 496 832 280 171 939 962 36 381 41 495 625 662 878 494 252 909 380 384 927 642 608 591 717 548 983 950 826 818 209 857 493 411 306 400 830 183 169 485 814 271 819 223 
921 802 971 296 595 707 374 496 0 464 46 837 924 180 692 546 914 838 841 538 72 869 986 395 796 966 177 53 113 714 155 241 514 832 981 871 19 493 360 496 12 67 952 977 253 269 984 912 456 585 
201 574 725 584 722 15 881 832 464 0 481 1 51 836 829 219 753 796 160 644 488 558 108 284 280 695 301 429 625 857 359 819 637 268 85 247 835 572 828 348 514 187 949 674 592 670 133 99 36 322 
911 563 88 610 669 415 624 280 46 481 0 275 407 833 695 354 452 209 828 918 504 950 438 141 310 302 868 572 880 637 406 767 348 380 53 920 764 924 364 315 860 903 269 99 367 285 161 199 117 495 
97 134 104 717 116 598 11 171 837 1 275 0 464 764 519 727 581 137 38 6 832 785 715 804 48 676 988 215 535 658 804 389 457 677 73 785 817 328 424 955 499 20 546 2 449 467 279 384 50 806 
79 825 328 570 762 590 360 939 924 51 407 464 0 796 944 636 783 362 85 188 310 671 914 652 393 507 302 860 436 840 504 99 254 731 156 138 300 819 659 242 916 274 832 522 928 132 160 876 515 289 
567 632 819 482 576 32 69 962 180 836 833 764 796 0 357 392 794 564 78 976 612 845 973 137 533 11 292 34 440 213 866 128 380 108 646 47 337 832 366 675 175 921 989 433 964 647 849 368 528 868 
140 510 470 816 789 985 631 36 692 829 695 519 944 357 0 780 245 663 142 355 536 646 15 546 857 548 172 590 442 956 432 102 402 474 405 317 957 838 325 501 550 200 543 152 174 437 816 862 936 140 
596 789 225 278 372 380 365 381 546 219 354 727 636 392 780 0 841 505 523 514 122 966 490 475 143 198 277 495 519 750 322 141 520 581 514 87 190 250 587 735 614 217 462 791 262 440 475 769 551 186 
483 339 241 564 958 910 902 41 914 753 452 581 783 794 245 841 0 543 867 528 527 349 213 630 831 324 358 354 922 975 658 60 884 947 385 952 225 293 371 871 519 371 562 751 922 755 692 469 735 339 
135 998 634 459 470 712 123 495 838 796 209 137 362 564 663 505 543 0 249 411 482 386 955 64 819 440 472 536 249 275 420 365 478 175 217 640 72 278 750 732 158 678 778 473 823 842 201 628 109 374 
638 458 693 504 974 523 972 625 841 160 828 38 85 78 142 523 867 249 0 787 497 685 400 464 300 688 737 131 748 31 82 366 95 91 169 940 402 655 235 578 349 180 626 859 879 687 233 699 207 762 
680 94 510 490 742 870 906 662 538 644 918 6 188 976 355 514 528 411 787 0 943 505 308 701 826 197 34 302 517 104 901 901 536 670 220 780 866 998 973 192 947 916 739 468 919 666 561 268 267 471 
88 843 494 157 566 611 428 878 72 488 504 832 310 612 536 122 527 482 497 943 0 125 464 121 822 387 111 427 783 983 662 501 91 579 817 216 881 741 895 477 671 407 298 782 167 597 3 271 966 296 
670 487 743 635 614 173 129 494 869 558 950 785 671 845 646 966 349 386 685 505 125 0 556 722 15 261 779 568 866 786 785 315 284 735 416 406 238 715 832 920 32 542 889 118 322 971 533 789 195 394 
846 36 17 214 26 550 974 252 986 108 438 715 914 973 15 490 213 955 400 308 464 556 0 643 147 481 745 197 18 407 168 257 382 225 101 469 541 945 993 152 991 117 969 465 959 745 897 373 111 441 
828 488 411 747 545 256 676 909 395 284 141 804 652 137 546 475 630 64 464 701 121 722 643 0 711 625 406 108 629 761 559 111 958 697 197 657 129 550 766 436 169 474 456 168 924 644 817 222 675 952 
120 489 43 599 340 632 577 380 796 280 310 48 393 533 857 143 831 819 300 826 822 15 147 711 0 89 804 223 129 126 172 673 951 62 277 206 844 415 609 274 796 807 988 134 978 171 365 681 971 866 
871 880 743 311 381 487 951 384 966 695 302 676 507 11 548 198 324 440 688 197 387 261 481 625 89 0 1000 967 235 863 800 329 462 620 260 844 959 959 927 971 561 122 585 567 617 1 295 255 977 187 
348 81 252 490 439 220 633 927 177 301 868 988 302 292 172 277 358 472 737 34 111 779 745 406 804 1000 0 826 855 190 82 152 943 789 185 945 480 417 877 911 319 102 896 987 623 958 987 506 692 178 
757 156 32 835 266 73 496 642 53 429 572 215 860 34 590 495 354 536 131 302 427 568 197 108 223 967 826 0 234 201 827 455 831 999 704 257 886 354 626 565 672 34 807 746 419 985 312 903 810 432 
728 784 396 740 942 201 683 608 113 625 880 535 436 440 442 519 922 249 748 517 783 866 18 629 129 235 855 234 0 917 54 436 165 237 956 984 247 791 320 86 874 528 788 689 652 166 216 249 98 233 
583 611 884 63 245 573 723 591 714 857 637 658 840 213 956 750 975 275 31 104 983 786 407 761 126 863 190 201 917 0 607 134 861 100 185 199 729 860 113 344 88 76 968 283 583 138 159 926 953 955 
39 766 235 819 252 593 641 717 155 359 406 804 504 866 432 322 658 420 82 901 662 785 168 559 172 800 82 827 54 607 0 777 378 131 487 429 996 623 460 334 415 845 477 69 58 724 940 409 488 286 
199 113 573 950 134 467 61 548 241 819 767 389 99 128 102 141 60 365 366 901 501 315 257 111 673 329 152 455 436 134 777 0 779 690 860 175 770 720 47 443 371 498 241 353 221 26 606 582 450 444 
188 299 159 732 293 121 684 983 514 637 348 457 254 380 402 520 884 478 95 536 91 284 382 958 951 462 943 831 165 861 378 779 0 838 865 196 117 635 842 522 789 850 691 712 26 611 295 576 633 636 
402 994 530 185 797 567 862 950 832 268 380 677 731 108 474 581 947 175 91 670 579 735 225 697 62 620 789 999 237 100 131 690 838 0 1 589 994 248 75 438 725 516 785 748 988 20 957 526 391 272 
3 506 815 262 267 298 848 826 981 85 53 73 156 646 405 514 385 217 169 220 817 416 101 197 277 260 185 704 956 185 487 860 865 1 0 975 217 377 364 102 471 412 484 951 833 890 88 105 799 879 
978 567 177 449 164 578 968 818 871 247 920 785 138 47 317 87 952 640 940 780 216 406 469 657 206 844 945 257 984 199 429 175 196 589 975 0 420 737 739 917 482 871 126 814 176 871 257 474 789 723 
111 109 214 379 231 659 893 209 19 835 764 817 300 337 957 190 225 72 402 866 881 238 541 129 844 959 480 886 247 729 996 770 117 994 217 420 0 236 402 884 82 192 427 666 237 116 410 616 601 843 
580 922 425 352 242 954 385 857 493 572 924 328 819 832 838 250 293 278 655 998 741 715 945 550 415 959 417 354 791 860 623 720 635 248 377 737 236 0 833 320 196 152 587 818 929 347 598 871 242 282 
648 569 990 169 469 734 694 493 360 828 364 424 659 366 325 587 371 750 235 973 895 832 993 766 609 927 877 626 320 113 460 47 842 75 364 739 402 833 0 876 966 638 335 283 968 822 965 350 247 495 
845 180 736 248 404 659 935 411 496 348 315 955 242 675 501 735 871 732 578 192 477 920 152 436 274 971 911 565 86 344 334 443 522 438 102 917 884 320 876 0 286 989 491 510 544 480 700 25 343 217 
396 122 668 317 307 364 172 306 12 514 860 499 916 175 550 614 519 158 349 947 671 32 991 169 796 561 319 672 874 88 415 371 789 725 471 482 82 196 966 286 0 499 437 460 561 336 154 925 854 628 
545 590 371 201 645 858 112 400 67 187 903 20 274 921 200 217 371 678 180 916 407 542 117 474 807 122 102 34 528 76 845 498 850 516 412 871 192 152 638 989 499 0 944 639 561 296 141 121 395 236 
575 411 210 815 599 88 26 830 952 949 269 546 832 989 543 462 562 778 626 739 298 889 969 456 988 585 896 807 788 968 477 241 691 785 484 126 427 587 335 491 437 944 0 858 848 697 830 948 320 477 
389 898 877 436 561 765 892 183 977 674 99 2 522 433 152 791 751 473 859 468 782 118 465 168 134 567 987 746 689 283 69 353 712 748 951 814 666 818 283 510 460 639 858 0 594 745 734 43 964 477 
181 351 575 655 200 604 545 169 253 592 367 449 928 964 174 262 922 823 879 919 167 322 959 924 978 617 623 419 652 583 58 221 26 988 833 176 237 929 968 544 561 561 848 594 0 695 137 28 952 360 
144 167 362 199 539 742 926 485 269 670 285 467 132 647 437 440 755 842 687 666 597 971 745 644 171 1 958 985 166 138 724 26 611 20 890 871 116 347 822 480 336 296 697 745 695 0 677 626 702 554 
452 374 754 908 911 262 878 814 984 133 161 279 160 849 816 475 692 201 233 561 3 533 897 817 365 295 987 312 216 159 940 606 295 957 88 257 410 598 965 700 154 141 830 734 137 677 0 394 252 329 
558 507 107 493 176 219 608 271 912 99 199 384 876 368 862 769 469 628 699 268 271 789 373 222 681 255 506 903 249 926 409 582 576 526 105 474 616 871 350 25 925 121 948 43 28 626 394 0 129 357 
208 886 849 975 716 1 252 819 456 36 117 50 515 528 936 551 735 109 207 267 966 195 111 675 971 977 692 810 98 953 488 450 633 391 799 789 601 242 247 343 854 395 320 964 952 702 252 129 0 21 
699 100 532 673 471 599 677 223 585 322 495 806 289 868 140 186 339 374 762 471 296 394 441 952 866 187 178 432 233 955 286 444 636 272 879 723 843 282 495 217 628 236 477 477 360 554 329 357 21 0 
0 971 596 833 304 751 61 261 485 776 794 333 987 425 701 912 425 492 773 851 889 943 214 237 382 134 756 489 480 516 574 881 954 823 329 747 576 360 322 258 550 165 225 389 907 990 478 353 874 509 
971 0 457 975 437 641 774 323 411 181 407 814 48 812 150 234 864 97 614 971 386 569 948 863 307 313 876 943 458 175 222 840 461 268 833 170 87 178 471 956 616 372 293 374 566 946 51 501 553 743 
596 457 0 877 121 109 290 738 527 707 917 439 805 565 530 647 718 292 400 106 701 571 943 460 435 425 379 841 155 357 648 178 589 481 516 682 607 364 17 200 73 715 3 131 143 501 436 690 156 149 
833 975 877 0 399 400 311 512 376 130 223 317 409 400 611 345 795 940 159 507 604 172 883 265 543 808 140 189 540 742 439 397 85 386 40 575 720 897 278 205 459 981 162 993 823 605 103 476 210 836 
304 437 121 399 0 919 751 814 431 248 18 511 643 400 715 967 74 770 361 153 586 924 915 297 298 781 670 104 196 393 519 813 690 590 495 803 697 237 221 849 152 524 545 725 559 630 32 820 514 706 
751 641 109 400 919 0 289 791 351 646 524 498 480 901 395 867 553 570 683 267 457 248 727 397 496 464 236 603 564 185 772 158 858 751 471 216 897 46 137 82 743 125 388 344 138 588 498 847 688 864 
61 774 290 311 751 289 0 490 754 227 376 699 336 789 329 757 421 959 41 553 543 355 367 651 256 498 682 394 287 62 448 361 347 253 613 67 787 909 267 23 146 616 604 312 508 166 245 226 569 38 
261 323 738 512 814 791 490 0 369 519 773 955 560 145 271 339 814 177 727 869 112 479 813 203 760 454 186 87 389 621 358 893 579 84 136 940 361 506 673 17 607 781 311 884 336 960 647 197 38 858 
485 411 527 376 431 351 754 369 0 721 378 466 141 897 141 842 161 260 760 836 888 101 281 546 185 402 910 427 618 596 408 648 187 531 768 271 257 897 994 686 768 804 62 223 863 958 383 663 985 581 
776 181 707 130 248 646 227 519 721 0 60 978 519 811 422 983 370 159 768 21 665 757 717 752 736 423 336 652 661 208 834 242 825 553 700 323 311 120 696 599 368 703 232 120 130 83 824 112 454 904 
794 407 917 223 18 524 376 773 378 60 0 888 501 216 611 504 601 950 209 174 554 80 289 215 909 584 5 499 365 408 126 46 857 534 579 458 902 575 550 842 467 27 600 644 160 322 841 541 659 661 
333 814 439 317 511 498 699 955 466 978 888 0 584 10 787 94 903 671 742 612 152 139 22 124 846 434 387 332 629 211 580 509 293 261 397 739 6 931 182 689 386 593 450 993 165 227 413 413 244 16 
987 48 805 409 643 480 336 560 141 519 501 584 0 644 380 94 832 966 664 607 347 93 70 354 740 646 51 202 843 518 592 996 344 188 243 667 981 410 462 821 318 483 406 124 650 407 674 326 561 217 
425 812 565 400 400 901 789 145 897 811 216 10 644 0 992 112 107 762 691 171 619 176 593 767 594 937 602 542 601 516 37 461 216 248 557 344 152 22 620 632 763 649 160 613 51 294 478 908 519 653 
701 150 530 611 715 395 329 271 141 422 611 787 380 992 0 202 863 544 360 643 257 182 241 671 374 732 502 217 174 163 589 409 47 661 184 521 77 247 612 841 490 517 348 559 322 522 533 92 627 779 
912 234 647 345 967 867 757 339 842 983 504 94 94 112 202 0 577 655 960 857 620 340 973 985 694 963 453 442 908 706 887 811 837 180 211 675 996 450 80 149 170 559 120 687 843 702 591 851 512 809 
425 864 718 795 74 553 421 814 161 370 601 903 832 107 863 577 0 286 549 890 831 807 629 334 236 852 720 578 410 160 326 796 753 248 294 53 663 246 557 332 637 700 378 490 66 162 474 734 512 458 
492 97 292 940 770 570 959 177 260 159 950 671 966 762 544 655 286 0 167 650 859 106 749 926 462 642 260 301 988 827 866 953 518 656 723 949 852 458 290 464 918 636 318 486 104 809 933 206 947 784 
773 614 400 159 361 683 41 727 760 768 209 742 664 691 360 960 549 167 0 167 828 936 528 900 186 819 490 291 163 972 727 398 788 706 770 138 462 727 937 952 833 256 860 858 316 299 794 59 893 210 
851 971 106 507 153 267 553 869 836 21 174 612 607 171 643 857 890 650 167 0 118 528 521 52 297 575 870 46 96 578 176 23 449 539 548 82 100 408 9 308 710 559 463 69 197 708 843 280 857 108 
889 386 701 604 586 457 543 112 888 665 554 152 347 619 257 620 831 859 828 118 0 905 666 115 110 583 259 824 568 254 204 621 204 756 374 412 874 640 426 543 691 392 692 631 758 306 686 464 642 728 
943 569 571 172 924 248 355 479 101 757 80 139 93 176 182 340 807 106 936 528 905 0 54 254 983 900 116 715 2 786 365 411 841 523 393 758 74 685 544 555 792 613 51 998 901 356 304 645 823 589 
214 948 943 883 915 727 367 813 281 717 289 22 70 593 241 973 629 749 528 521 666 54 0 69 609 571 509 531 839 842 767 316 345 768 891 433 490 241 65 750 992 921 353 800 164 14 358 616 592 519 
237 863 460 265 297 397 651 203 546 752 215 124 354 767 671 985 334 926 900 52 115 254 69 0 362 274 628 740 618 465 628 926 21 238 254 296 270 989 277 271 214 849 408 167 240 741 548 920 395 211 
382 307 435 543 298 496 256 760 185 736 909 846 740 594 374 694 236 462 186 297 110 983 609 362 0 481 420 993 829 751 600 22 95 566 750 416 57 14 394 247 307 286 936 865 1 202 72 306 115 513 
134 313 425 808 781 464 498 454 402 423 584 434 646 937 732 963 852 642 819 575 583 900 571 274 481 0 49 765 803 280 548 724 995 154 994 85 351 27 33 544 405 551 189 111 58 837 126 869 32 504 
756 876 379 140 670 236 682 186 910 336 5 387 51 602 502 453 720 260 490 870 259 116 509 628 420 49 0 735 912 461 620 737 349 520 323 190 487 930 179 201 681 868 850 269 314 339 461 812 62 491 
489 943 841 189 104 603 394 87 427 652 499 332 202 542 217 442 578 301 291 46 824 715 531 740 993 765 735 0 748 861 402 59 199 231 579 227 502 442 398 334 378 842 629 637 496 120 119 48 166 156 
480 458 155 540 196 564 287 389 618 661 365 629 843 601 174 908 410 988 163 96 568 2 839 618 829 803 912 748 0 106 758 27 637 836 932 64 574 482 684 651 7 902 122 354 46 726 290 763 845 742 
516 175 357 742 393 185 62 621 596 208 408 211 518 516 163 706 160 827 972 578 254 786 842 465 751 280 461 861 106 0 260 178 157 818 883 647 863 506 682 620 220 991 426 642 619 952 968 252 395 808 
574 222 648 439 519 772 448 358 408 834 126 580 592 37 589 887 326 866 727 176 204 365 767 628 600 548 620 402 758 260 0 409 540 612 430 565 357 458 204 881 731 285 759 452 283 464 192 738 699 564 
881 840 178 397 813 158 361 893 648 242 46 509 996 461 409 811 796 953 398 23 621 411 316 926 22 724 737 59 27 178 409 0 493 909 981 610 579 200 960 652 390 298 490 759 603 924 184 967 490 617 
954 461 589 85 690 858 347 579 187 825 857 293 344 216 47 837 753 518 788 449 204 841 345 21 95 995 349 199 637 157 540 493 0 727 287 784 83 456 151 735 432 431 669 350 647 285 352 354 815 184 
823 268 481 386 590 751 253 84 531 553 534 261 188 248 661 180 248 656 706 539 756 523 768 238 566 154 520 231 836 818 612 909 727 0 673 395 263 813 658 886 419 598 105 878 136 363 177 475 546 872 
329 833 516 40 495 471 613 136 768 700 579 397 243 557 184 211 294 723 770 548 374 393 891 254 750 994 323 579 932 883 430 981 287 673 0 535 824 522 635 932 594 736 112 298 319 24 397 843 73 238 
747 170 682 575 803 216 67 940 271 323 458 739 667 344 521 675 53 949 138 82 412 758 433 296 416 85 190 227 64 647 565 610 784 395 535 0 385 590 86 438 636 549 286 218 467 823 85 719 621 353 
576 87 607 720 697 897 787 361 257 311 902 6 981 152 77 996 663 852 462 100 874 74 490 270 57 351 487 502 574 863 357 579 83 263 824 385 0 699 890 431 966 866 615 743 484 396 428 197 76 211 
360 178 364 897 237 46 909 506 897 120 575 931 410 22 247 450 246 458 727 408 640 685 241 989 14 27 930 442 482 506 458 200 456 813 522 590 699 0 31 317 922 556 876 448 158 639 546 310 949 508 
322 471 17 278 221 137 267 673 994 696 550 182 462 620 612 80 557 290 937 9 426 544 65 277 394 33 179 398 684 682 204 960 151 658 635 86 890 31 0 342 420 435 601 30 309 816 243 485 160 974 
258 956 200 205 849 82 23 17 686 599 842 689 821 632 841 149 332 464 952 308 543 555 750 271 247 544 201 334 651 620 881 652 735 886 932 438 431 317 342 0 682 34 873 650 555 566 6 388 225 481 
550 616 73 459 152 743 146 607 768 368 467 386 318 763 490 170 637 918 833 710 691 792 992 214 307 405 681 378 7 220 731 390 432 419 594 636 966 922 420 682 0 457 528 567 244 983 730 48 134 567 
165 372 715 981 524 125 616 781 804 703 27 593 483 649 517 559 700 636 256 559 392 613 921 849 286 551 868 842 902 991 285 298 431 598 736 549 866 556 435 34 457 0 442 530 559 966 645 792 473 598 
225 293 3 162 545 388 604 311 62 232 600 450 406 160 348 120 378 318 860 463 692 51 353 408 936 189 850 629 122 426 759 490 669 105 112 286 615 876 601 873 528 442 0 842 189 319 216 17 376 581 
389 374 131 993 725 344 312 884 223 120 644 993 124 613 559 687 490 486 858 69 631 998 800 167 865 111 269 637 354 642 452 759 350 878 298 218 743 448 30 650 567 530 842 0 166 735 798 613 355 609 
907 566 143 823 559 138 508 336 863 130 160 165 650 51 322 843 66 104 316 197 758 901 164 240 1 58 314 496 46 619 283 603 647 136 319 467 484 158 309 555 244 559 189 166 0 348 953 978 108 470 
990 946 501 605 630 588 166 960 958 83 322 227 407 294 522 702 162 809 299 708 306 356 14 741 202 837 339 120 726 952 464 924 285 363 24 823 396 639 816 566 983 966 319 735 348 0 115 138 82 288 
478 51 436 103 32 498 245 647 383 824 841 413 674 478 533 591 474 933 794 843 686 304 358 548 72 126 461 119 290 968 192 184 352 177 397 85 428 546 243 6 730 645 216 798 953 115 0 230 298 415 
353 501 690 476 820 847 226 197 663 112 541 413 326 908 92 851 734 206 59 280 464 645 616 920 306 869 812 48 763 252 738 967 354 475 843 719 197 310 485 388 48 792 17 613 978 138 230 0 172 323 
874 553 156 210 514 688 569 38 985 454 659 244 561 519 627 512 512 947 893 857 642 823 592 395 115 32 62 166 845 395 699 490 815 546 73 621 76 949 160 225 134 473 376 355 108 82 298 172 0 976 
509 743 149 836 706 864 38 858 581 904 661 16 217 653 779 809 458 784 210 108 728 589 519 211 513 504 491 156 742 808 564 617 184 872 238 353 211 508 974 481 567 598 581 609 470 288 415 323 976 0 
