6 3
0 555 650 868 523 851 
555 0 135 334 321 333 
650 135 0 169 904 551 
868 334 169 0 490 933 
523 321 904 490 0 256 
851 333 551 933 256 0 
0 408 513 902 381 6 
408 0 878 634 472 517 
513 878 0 799 639 516 
902 634 799 0 87 445 
381 472 639 87 0 654 
6 517 516 445 654 0 
0 619 698 837 342 130 
619 0 102 971 403 839 
698 102 0 114 622 309 
837 971 114 0 445 186 
342 403 622 445 0 112 
130 839 309 186 112 0 
0 14 656 804 527 322 
14 0 215 74 164 926 
656 215 0 151 73 489 
804 74 151 0 941 881 
527 164 73 941 0 212 
322 926 489 881 212 0 
