6 2
0 555 650 868 523 851 
555 0 135 334 321 333 
650 135 0 169 904 551 
868 334 169 0 490 933 
523 321 904 490 0 256 
851 333 551 933 256 0 
0 672 12 517 937 892 
672 0 40 227 392 31 
12 40 0 264 154 993 
517 227 264 0 949 420 
937 392 154 949 0 118 
892 31 993 420 118 0 
0 378 853 316 116 245 
378 0 928 811 468 827 
853 928 0 552 857 155 
316 811 552 0 69 644 
116 468 857 69 0 838 
245 827 155 644 838 0 
