10 3
0 166 345 551 958 93 183 557 623 581 
166 0 397 933 809 709 408 200 204 698 
345 397 0 256 703 322 572 856 70 599 
551 933 256 0 151 944 619 51 938 656 
958 809 703 151 0 368 896 785 592 878 
93 709 322 944 368 0 14 818 852 998 
183 408 572 619 896 14 0 164 434 102 
557 200 856 51 785 818 164 0 147 715 
623 204 70 938 592 852 434 147 0 215 
581 698 599 656 878 998 102 715 215 0 
0 994 281 353 295 160 948 379 934 233 
994 0 302 532 899 954 257 99 251 473 
281 302 0 354 512 409 931 884 149 126 
353 532 354 0 838 706 173 268 545 515 
295 899 512 838 0 265 124 568 366 353 
160 954 409 706 265 0 817 730 582 993 
948 257 931 173 124 817 0 81 141 72 
379 99 884 268 568 730 81 0 120 233 
934 251 149 545 366 582 141 120 0 154 
233 473 126 515 353 993 72 233 154 0 
0 930 345 406 425 404 791 464 741 353 
930 0 327 492 907 897 465 97 322 287 
345 327 0 414 587 330 847 856 148 156 
406 492 414 0 633 595 110 243 442 591 
425 907 587 633 0 136 115 458 587 422 
404 897 330 595 136 0 771 814 613 945 
791 465 847 110 115 771 0 281 212 288 
464 97 856 243 458 814 281 0 86 189 
741 322 148 442 587 613 212 86 0 150 
353 287 156 591 422 945 288 189 150 0 
0 989 353 196 448 8 894 427 970 68 
989 0 384 576 864 921 111 366 194 615 
353 384 0 436 632 247 800 863 225 178 
196 576 436 0 902 809 173 288 530 404 
448 864 632 902 0 145 151 427 421 438 
8 921 247 809 145 0 978 813 781 954 
894 111 800 173 151 978 0 88 71 42 
427 366 863 288 427 813 88 0 118 224 
970 194 225 530 421 781 71 118 0 144 
68 615 178 404 438 954 42 224 144 0 
