60 4
0 345 408 543 934 816 84 502 26 303 677 828 687 998 376 607 321 472 118 679 342 248 652 988 234 625 616 798 299 373 855 293 278 492 486 451 178 171 663 238 961 15 538 841 300 187 675 218 153 499 213 911 40 666 549 469 262 85 707 980 
345 0 325 386 292 61 743 302 769 988 173 247 943 472 45 507 50 590 707 295 652 841 272 272 867 546 439 431 599 694 94 717 824 121 81 314 779 247 162 774 352 845 887 138 853 54 962 912 381 937 261 586 182 164 779 113 811 440 479 458 
408 325 0 254 948 85 712 990 447 611 567 901 269 273 134 407 255 428 743 809 763 236 359 658 116 235 534 314 82 62 319 395 98 183 327 541 310 410 76 616 672 861 93 752 475 35 478 160 409 529 334 618 57 686 130 62 782 297 369 793 
543 386 254 0 981 614 584 440 751 379 581 279 690 580 165 900 431 21 86 504 826 940 492 123 715 72 66 948 236 10 225 658 10 286 749 623 998 807 669 416 199 667 48 227 817 553 882 893 531 947 250 641 150 179 138 348 903 936 251 902 
934 292 948 981 0 706 193 747 49 132 314 963 757 34 462 733 484 792 774 423 162 665 77 353 455 603 439 901 348 954 227 49 504 475 724 377 752 260 891 495 72 568 647 365 128 245 295 842 819 994 943 965 226 345 640 735 45 355 125 564 
816 61 85 614 706 0 512 14 116 364 526 262 413 136 214 223 879 939 725 961 536 496 45 616 296 522 900 919 915 408 743 519 869 953 573 264 389 880 712 811 812 412 549 712 116 178 577 355 286 434 102 499 914 742 948 896 518 849 695 575 
84 743 712 584 193 512 0 69 303 595 904 248 340 690 312 836 983 544 671 4 433 495 669 158 996 476 226 736 289 192 304 261 496 313 715 995 627 377 394 88 235 414 891 540 361 780 217 38 720 25 439 527 674 338 760 730 409 946 857 879 
502 302 990 440 747 14 69 0 366 87 672 180 488 405 909 108 107 184 598 425 706 918 849 359 134 577 563 361 626 997 475 553 748 902 975 436 46 19 964 533 342 853 549 873 822 671 166 918 755 501 581 766 724 433 389 12 19 733 869 240 
26 769 447 751 49 116 303 366 0 102 42 639 731 315 598 30 621 910 308 121 47 197 223 685 952 461 870 155 624 784 642 425 823 865 3 57 670 15 462 348 686 378 107 232 92 247 331 420 838 656 593 69 400 154 740 862 749 728 858 504 
303 988 611 379 132 364 595 87 102 0 833 54 37 903 404 661 594 74 534 429 444 630 597 403 926 31 211 85 189 263 778 774 603 816 960 438 767 176 293 946 500 891 488 675 346 372 965 119 473 19 785 980 136 873 203 444 782 944 206 680 
677 173 567 581 314 526 904 672 42 833 0 438 937 999 146 271 396 223 439 374 670 156 714 750 213 469 302 360 701 276 684 94 905 159 251 338 293 423 186 343 977 473 273 534 554 857 87 719 464 607 857 197 105 738 179 69 127 500 473 97 
828 247 901 279 963 262 248 180 639 54 438 0 328 975 61 778 947 536 186 603 450 708 878 175 638 363 182 662 686 109 61 624 737 997 299 147 474 412 950 511 371 491 134 873 245 182 936 454 338 45 211 684 580 856 778 750 746 333 288 452 
687 943 269 690 757 413 340 488 731 37 937 328 0 698 287 579 837 689 745 419 144 912 343 421 469 141 365 552 730 153 562 294 463 513 263 769 740 554 21 62 39 798 340 419 1000 493 15 925 444 153 727 741 814 693 319 680 667 786 804 632 
998 472 273 580 34 136 690 405 315 903 999 975 698 0 723 165 233 712 563 476 419 984 649 2 741 46 715 361 347 809 14 911 490 980 395 322 463 625 792 327 378 282 379 297 451 448 905 541 646 450 390 769 834 31 839 990 722 751 448 177 
376 45 134 165 462 214 312 909 598 404 146 61 287 723 0 509 894 259 262 218 218 310 927 124 391 302 189 15 826 49 860 480 23 400 624 267 837 249 208 593 56 789 413 510 498 551 529 743 164 112 574 559 169 899 498 988 653 624 708 362 
607 507 407 900 733 223 836 108 30 661 271 778 579 165 509 0 25 443 549 114 26 139 814 860 404 567 102 216 422 267 252 185 249 518 799 379 525 813 526 452 871 263 589 663 393 699 564 834 63 580 536 836 19 195 737 844 152 265 97 482 
321 50 255 431 484 879 983 107 621 594 396 947 837 233 894 25 0 302 930 234 878 400 115 417 555 216 307 803 264 4 960 62 636 748 37 804 907 708 55 662 56 539 243 36 949 746 64 686 454 47 660 841 965 727 865 882 211 832 264 464 
472 590 428 21 792 939 544 184 910 74 223 536 689 712 259 443 302 0 814 606 816 231 672 43 971 55 28 118 642 354 326 793 686 381 288 148 461 78 917 185 299 18 300 951 111 151 234 129 114 500 735 354 678 413 598 7 70 303 855 923 
118 707 743 86 774 725 671 598 308 534 439 186 745 563 262 549 930 814 0 965 194 476 662 131 908 428 639 682 635 475 650 778 58 610 161 315 276 209 60 168 931 556 901 518 833 592 684 509 684 499 917 742 821 897 209 485 544 377 913 2 
679 295 809 504 423 961 4 425 121 429 374 603 419 476 218 114 234 606 965 0 332 559 6 214 228 740 624 87 386 31 950 22 225 336 643 39 815 139 994 937 185 583 805 639 411 729 538 899 880 642 543 742 839 766 475 739 75 605 296 367 
342 652 763 826 162 536 433 706 47 444 670 450 144 419 218 26 878 816 194 332 0 683 49 168 980 297 642 152 113 98 546 999 154 173 414 93 563 549 656 771 641 789 220 531 571 357 527 90 744 133 499 409 947 872 300 396 961 444 744 902 
248 841 236 940 665 496 495 918 197 630 156 708 912 984 310 139 400 231 476 559 683 0 906 83 133 936 955 932 766 46 46 184 177 977 266 463 710 586 79 456 349 966 655 227 239 654 647 573 169 48 654 80 620 757 543 710 718 448 314 357 
652 272 359 492 77 45 669 849 223 597 714 878 343 649 927 814 115 672 662 6 49 906 0 404 466 857 326 793 599 332 91 559 408 765 729 313 219 408 117 441 101 339 604 12 804 345 668 443 621 197 89 520 830 303 154 347 706 214 137 596 
988 272 658 123 353 616 158 359 685 403 750 175 421 2 124 860 417 43 131 214 168 83 404 0 266 339 44 788 401 150 21 661 680 274 376 118 90 674 165 198 112 625 358 982 227 22 349 604 69 309 712 10 677 188 135 600 955 811 95 15 
234 867 116 715 455 296 996 134 952 926 213 638 469 741 391 404 555 971 908 228 980 133 466 266 0 962 650 912 895 342 493 585 971 495 967 991 993 837 262 837 441 157 870 972 209 816 85 926 982 303 431 410 991 660 593 452 317 3 49 249 
625 546 235 72 603 522 476 577 461 31 469 363 141 46 302 567 216 55 428 740 297 936 857 339 962 0 36 131 232 661 953 270 922 451 712 121 811 920 924 113 654 498 357 271 220 252 602 684 742 73 415 361 902 982 314 520 554 833 234 822 
616 439 534 66 439 900 226 563 870 211 302 182 365 715 189 102 307 28 639 624 642 955 326 44 650 36 0 27 889 400 459 411 624 128 589 586 144 975 36 445 734 812 493 938 791 848 97 753 142 134 860 259 483 336 177 407 292 749 339 515 
798 431 314 948 901 919 736 361 155 85 360 662 552 361 15 216 803 118 682 87 152 932 793 788 912 131 27 0 388 456 806 594 640 276 327 381 190 958 334 974 711 760 726 110 519 618 708 11 190 294 296 325 349 356 445 685 622 126 970 193 
299 599 82 236 348 915 289 626 624 189 701 686 730 347 826 422 264 642 635 386 113 766 599 401 895 232 889 388 0 86 10 910 874 475 987 837 481 725 169 648 421 809 68 985 616 300 209 334 238 969 71 39 840 653 160 990 349 99 120 750 
373 694 62 10 954 408 192 997 784 263 276 109 153 809 49 267 4 354 475 31 98 46 332 150 342 661 400 456 86 0 975 932 477 335 945 589 175 743 168 38 160 900 247 632 689 715 730 43 421 948 428 570 643 845 291 262 775 852 882 937 
855 94 319 225 227 743 304 475 642 778 684 61 562 14 860 252 960 326 650 950 546 46 91 21 493 953 459 806 10 975 0 451 995 942 666 914 589 702 712 801 587 767 450 315 87 44 480 655 807 420 614 979 201 55 477 817 594 854 571 992 
293 717 395 658 49 519 261 553 425 774 94 624 294 911 480 185 62 793 778 22 999 184 559 661 585 270 411 594 910 932 451 0 679 776 273 825 443 794 540 374 979 116 588 823 300 849 697 357 987 960 375 992 639 862 387 323 361 558 67 781 
278 824 98 10 504 869 496 748 823 603 905 737 463 490 23 249 636 686 58 225 154 177 408 680 971 922 624 640 874 477 995 679 0 99 213 885 336 322 661 557 749 630 553 249 331 201 594 167 644 992 289 501 836 454 931 114 519 493 572 971 
492 121 183 286 475 953 313 902 865 816 159 997 513 980 400 518 748 381 610 336 173 977 765 274 495 451 128 276 475 335 942 776 99 0 807 523 271 434 69 802 816 404 879 813 349 578 332 616 543 449 978 667 703 179 213 978 58 258 731 340 
486 81 327 749 724 573 715 975 3 960 251 299 263 395 624 799 37 288 161 643 414 266 729 376 967 712 589 327 987 945 666 273 213 807 0 125 720 755 155 934 551 462 674 889 916 418 627 456 313 925 162 746 754 684 499 680 227 398 735 35 
451 314 541 623 377 264 995 436 57 438 338 147 769 322 267 379 804 148 315 39 93 463 313 118 991 121 586 381 837 589 914 825 885 523 125 0 942 619 770 534 983 512 383 100 557 202 19 639 274 14 585 542 544 249 759 309 533 785 711 683 
178 779 310 998 752 389 627 46 670 767 293 474 740 463 837 525 907 461 276 815 563 710 219 90 993 811 144 190 481 175 589 443 336 271 720 942 0 281 170 317 670 988 914 844 880 56 199 757 958 627 600 626 630 337 133 248 402 369 565 831 
171 247 410 807 260 880 377 19 15 176 423 412 554 625 249 813 708 78 209 139 549 586 408 674 837 920 975 958 725 743 702 794 322 434 755 619 281 0 389 777 459 63 159 321 84 689 392 450 694 242 181 338 867 195 445 601 861 90 858 947 
663 162 76 669 891 712 394 964 462 293 186 950 21 792 208 526 55 917 60 994 656 79 117 165 262 924 36 334 169 168 712 540 661 69 155 770 170 389 0 452 500 612 300 492 350 616 131 222 836 885 91 421 546 705 100 766 512 27 954 346 
238 774 616 416 495 811 88 533 348 946 343 511 62 327 593 452 662 185 168 937 771 456 441 198 837 113 445 974 648 38 801 374 557 802 934 534 317 777 452 0 834 253 878 35 87 132 68 37 529 934 932 624 768 339 713 242 745 139 393 913 
961 352 672 199 72 812 235 342 686 500 977 371 39 378 56 871 56 299 931 185 641 349 101 112 441 654 734 711 421 160 587 979 749 816 551 983 670 459 500 834 0 844 430 483 385 185 9 537 707 404 105 207 521 100 827 1000 151 899 63 937 
15 845 861 667 568 412 414 853 378 891 473 491 798 282 789 263 539 18 556 583 789 966 339 625 157 498 812 760 809 900 767 116 630 404 462 512 988 63 612 253 844 0 300 719 806 926 34 197 199 745 108 66 869 450 698 907 581 921 218 917 
538 887 93 48 647 549 891 549 107 488 273 134 340 379 413 589 243 300 901 805 220 655 604 358 870 357 493 726 68 247 450 588 553 879 674 383 914 159 300 878 430 300 0 795 843 93 395 781 135 882 835 724 960 983 689 199 428 686 753 833 
841 138 752 227 365 712 540 873 232 675 534 873 419 297 510 663 36 951 518 639 531 227 12 982 972 271 938 110 985 632 315 823 249 813 889 100 844 321 492 35 483 719 795 0 307 474 339 249 677 556 113 216 345 777 665 807 829 3 724 663 
300 853 475 817 128 116 361 822 92 346 554 245 1000 451 498 393 949 111 833 411 571 239 804 227 209 220 791 519 616 689 87 300 331 349 916 557 880 84 350 87 385 806 843 307 0 562 526 216 135 934 99 431 667 224 350 48 333 369 676 900 
187 54 35 553 245 178 780 671 247 372 857 182 493 448 551 699 746 151 592 729 357 654 345 22 816 252 848 618 300 715 44 849 201 578 418 202 56 689 616 132 185 926 93 474 562 0 895 289 264 810 267 54 141 560 859 529 341 414 120 714 
675 962 478 882 295 577 217 166 331 965 87 936 15 905 529 564 64 234 684 538 527 647 668 349 85 602 97 708 209 730 480 697 594 332 627 19 199 392 131 68 9 34 395 339 526 895 0 6 336 857 641 166 102 344 909 787 468 387 578 687 
218 912 160 893 842 355 38 918 420 119 719 454 925 541 743 834 686 129 509 899 90 573 443 604 926 684 753 11 334 43 655 357 167 616 456 639 757 450 222 37 537 197 781 249 216 289 6 0 501 480 110 802 517 628 179 712 27 588 585 467 
153 381 409 531 819 286 720 755 838 473 464 338 444 646 164 63 454 114 684 880 744 169 621 69 982 742 142 190 238 421 807 987 644 543 313 274 958 694 836 529 707 199 135 677 135 264 336 501 0 414 543 589 626 160 901 46 975 146 754 274 
499 937 529 947 994 434 25 501 656 19 607 45 153 450 112 580 47 500 499 642 133 48 197 309 303 73 134 294 969 948 420 960 992 449 925 14 627 242 885 934 404 745 882 556 934 810 857 480 414 0 67 471 674 493 245 799 326 672 946 408 
213 261 334 250 943 102 439 581 593 785 857 211 727 390 574 536 660 735 917 543 499 654 89 712 431 415 860 296 71 428 614 375 289 978 162 585 600 181 91 932 105 108 835 113 99 267 641 110 543 67 0 181 26 339 56 874 97 1000 564 985 
911 586 618 641 965 499 527 766 69 980 197 684 741 769 559 836 841 354 742 742 409 80 520 10 410 361 259 325 39 570 979 992 501 667 746 542 626 338 421 624 207 66 724 216 431 54 166 802 589 471 181 0 746 142 562 932 34 144 553 591 
40 182 57 150 226 914 674 724 400 136 105 580 814 834 169 19 965 678 821 839 947 620 830 677 991 902 483 349 840 643 201 639 836 703 754 544 630 867 546 768 521 869 960 345 667 141 102 517 626 674 26 746 0 885 141 632 149 838 173 803 
666 164 686 179 345 742 338 433 154 873 738 856 693 31 899 195 727 413 897 766 872 757 303 188 660 982 336 356 653 845 55 862 454 179 684 249 337 195 705 339 100 450 983 777 224 560 344 628 160 493 339 142 885 0 33 812 825 172 957 394 
549 779 130 138 640 948 760 389 740 203 179 778 319 839 498 737 865 598 209 475 300 543 154 135 593 314 177 445 160 291 477 387 931 213 499 759 133 445 100 713 827 698 689 665 350 859 909 179 901 245 56 562 141 33 0 744 332 780 412 803 
469 113 62 348 735 896 730 12 862 444 69 750 680 990 988 844 882 7 485 739 396 710 347 600 452 520 407 685 990 262 817 323 114 978 680 309 248 601 766 242 1000 907 199 807 48 529 787 712 46 799 874 932 632 812 744 0 632 931 96 704 
262 811 782 903 45 518 409 19 749 782 127 746 667 722 653 152 211 70 544 75 961 718 706 955 317 554 292 622 349 775 594 361 519 58 227 533 402 861 512 745 151 581 428 829 333 341 468 27 975 326 97 34 149 825 332 632 0 25 549 349 
85 440 297 936 355 849 946 733 728 944 500 333 786 751 624 265 832 303 377 605 444 448 214 811 3 833 749 126 99 852 854 558 493 258 398 785 369 90 27 139 899 921 686 3 369 414 387 588 146 672 1000 144 838 172 780 931 25 0 948 695 
707 479 369 251 125 695 857 869 858 206 473 288 804 448 708 97 264 855 913 296 744 314 137 95 49 234 339 970 120 882 571 67 572 731 735 711 565 858 954 393 63 218 753 724 676 120 578 585 754 946 564 553 173 957 412 96 549 948 0 662 
980 458 793 902 564 575 879 240 504 680 97 452 632 177 362 482 464 923 2 367 902 357 596 15 249 822 515 193 750 937 992 781 971 340 35 683 831 947 346 913 937 917 833 663 900 714 687 467 274 408 985 591 803 394 803 704 349 695 662 0 
0 371 94 95 506 506 377 689 853 921 882 141 531 705 185 838 718 331 337 114 118 658 60 84 231 30 289 759 714 230 448 304 546 980 680 174 787 349 756 708 623 621 175 226 556 758 945 161 989 151 716 638 710 92 10 760 175 895 122 464 
371 0 856 30 995 396 83 858 220 725 515 906 960 682 844 396 1000 988 579 244 734 968 159 655 874 236 162 951 21 862 224 713 568 439 184 267 951 780 724 185 933 893 911 51 277 261 808 932 744 703 659 16 584 419 747 455 2 875 735 758 
94 856 0 352 973 8 630 10 828 138 820 830 498 954 249 17 104 462 300 643 434 191 695 18 367 729 552 612 722 558 343 704 300 18 307 925 718 139 555 799 397 561 118 920 956 729 162 475 562 574 779 307 8 686 732 739 856 884 746 210 
95 30 352 0 693 58 224 689 952 558 161 233 547 614 241 467 945 957 847 517 28 594 268 250 559 7 621 678 808 397 697 917 485 40 55 316 615 221 636 949 302 81 493 633 315 950 777 78 934 420 283 928 304 178 731 901 423 437 833 502 
506 995 973 693 0 537 371 148 397 129 286 853 907 113 559 398 282 804 498 801 645 32 348 671 170 680 198 14 128 656 832 10 684 770 823 64 873 30 479 375 250 822 634 821 491 892 868 623 3 238 294 293 514 775 107 6 795 476 761 154 
506 396 8 58 537 0 481 772 250 542 620 915 336 840 135 671 632 384 529 284 33 933 431 780 114 805 945 287 39 181 584 250 162 389 550 228 502 666 627 490 141 15 57 918 875 103 736 624 103 7 777 410 329 980 475 525 536 141 295 818 
377 83 630 224 371 481 0 947 90 833 806 142 741 449 122 856 475 908 861 297 838 399 768 112 338 542 937 84 446 909 807 671 557 248 160 397 727 306 546 872 841 950 7 684 296 206 197 821 512 614 347 46 345 956 25 633 494 572 852 246 
689 858 10 689 148 772 947 0 716 62 674 857 264 901 176 198 200 394 582 56 747 984 34 409 534 181 377 604 892 283 266 891 776 674 653 442 679 401 450 459 111 38 7 225 5 54 647 760 304 36 393 852 918 393 874 824 581 677 427 389 
853 220 828 952 397 250 90 716 0 692 64 396 454 263 437 135 213 606 651 411 624 589 125 163 531 128 848 521 66 546 386 448 616 540 869 575 255 943 122 972 500 223 685 800 838 769 271 678 648 981 509 726 639 708 133 123 864 211 802 516 
921 725 138 558 129 542 833 62 692 0 793 112 872 24 89 241 105 855 917 956 90 667 590 598 471 680 866 898 853 436 162 96 300 996 904 295 118 96 233 546 438 73 362 63 477 227 263 33 265 504 37 427 402 643 755 888 834 748 296 649 
882 515 820 161 286 620 806 674 64 793 0 862 246 482 138 442 554 222 353 600 945 991 113 7 719 103 133 783 692 499 582 71 190 165 507 811 734 387 167 737 116 960 823 109 700 147 335 94 161 740 182 10 677 17 625 572 964 266 867 85 
141 906 830 233 853 915 142 857 396 112 862 0 100 868 691 341 706 536 663 389 392 120 717 965 124 566 562 489 818 600 619 857 313 92 917 667 843 103 843 648 670 83 617 877 587 185 169 415 78 858 575 259 579 10 211 828 814 448 537 255 
531 960 498 547 907 336 741 264 454 872 246 100 0 602 267 472 593 29 82 710 44 226 674 597 733 749 404 939 998 936 9 603 469 71 806 229 554 25 556 171 325 579 480 225 746 742 198 82 111 249 793 946 397 335 138 967 939 430 81 138 
705 682 954 614 113 840 449 901 263 24 482 868 602 0 284 886 747 752 120 157 354 676 91 704 227 307 322 95 65 355 165 309 852 939 810 747 855 661 195 677 893 176 261 329 65 267 954 160 348 158 803 182 496 920 453 644 313 397 176 763 
185 844 249 241 559 135 122 176 437 89 138 691 267 284 0 324 488 632 425 217 269 151 205 819 114 25 352 122 862 857 959 494 770 176 220 195 279 505 739 732 755 926 323 529 632 693 120 153 414 801 877 993 324 748 85 596 228 238 846 772 
838 396 17 467 398 671 856 198 135 241 442 341 472 886 324 0 210 628 32 578 401 780 196 730 747 898 957 473 250 368 883 910 518 642 396 35 687 681 664 693 721 262 292 313 451 626 47 561 300 930 37 315 412 595 190 399 707 724 769 895 
718 1000 104 945 282 632 475 200 213 105 554 706 593 747 488 210 0 956 554 511 362 898 848 205 198 671 705 442 275 316 270 92 885 778 571 94 258 832 226 868 747 981 314 941 516 156 194 887 533 90 13 843 430 591 788 544 579 594 295 768 
331 988 462 957 804 384 908 394 606 855 222 536 29 752 632 628 956 0 251 757 570 202 798 136 969 39 220 592 760 930 525 870 162 488 649 674 569 284 531 266 334 453 192 465 91 20 953 156 296 10 935 687 570 238 137 509 804 422 384 60 
337 579 300 847 498 529 861 582 651 917 353 663 82 120 425 32 554 251 0 608 647 310 596 138 909 121 635 544 621 113 22 664 921 17 248 780 228 39 533 140 425 119 862 161 157 511 676 555 736 152 824 411 15 958 758 408 187 739 324 386 
114 244 643 517 801 284 297 56 411 956 600 389 710 157 217 578 511 757 608 0 11 312 378 149 75 545 837 227 208 645 177 503 168 708 870 633 95 348 18 548 68 357 482 919 272 968 596 189 271 599 139 471 340 904 236 108 639 109 601 575 
118 734 434 28 645 33 838 747 624 90 945 392 44 354 269 401 362 570 647 11 0 33 601 641 46 993 816 267 987 549 416 113 573 149 717 51 273 857 810 232 950 793 154 965 784 364 611 713 40 69 867 883 622 997 977 920 445 613 733 299 
658 968 191 594 32 933 399 984 589 667 991 120 226 676 151 780 898 202 310 312 33 0 372 761 191 858 173 735 883 909 887 130 256 519 97 417 713 121 819 143 183 489 95 754 219 87 108 211 98 590 801 363 105 205 463 941 25 695 845 783 
60 159 695 268 348 431 768 34 125 590 113 717 674 91 205 196 848 798 596 378 601 372 0 170 54 34 708 352 472 963 334 192 542 535 758 116 855 452 781 364 504 141 666 860 63 169 253 121 591 806 110 877 935 735 861 972 105 542 689 799 
84 655 18 250 671 780 112 409 163 598 7 965 597 704 819 730 205 136 138 149 641 761 170 0 809 134 355 829 619 10 426 256 879 85 101 107 450 379 950 225 61 573 544 799 540 859 368 948 533 341 567 897 734 296 16 717 297 694 774 450 
231 874 367 559 170 114 338 534 531 471 719 124 733 227 114 747 198 969 909 75 46 191 54 809 0 975 982 663 438 221 520 17 707 161 894 629 597 647 588 117 293 1000 670 814 408 799 277 707 760 376 595 578 998 920 232 610 808 652 18 530 
30 236 729 7 680 805 542 181 128 680 103 566 749 307 25 898 671 39 121 545 993 858 34 134 975 0 388 926 934 672 271 432 613 253 926 305 382 34 817 574 435 10 423 736 577 327 842 289 432 869 312 771 27 234 968 713 257 691 410 192 
289 162 552 621 198 945 937 377 848 866 133 562 404 322 352 957 705 220 635 837 816 173 708 355 982 388 0 342 403 29 589 724 582 932 798 201 113 14 142 981 866 499 258 662 840 121 955 324 871 709 861 330 385 175 741 559 399 964 809 402 
759 951 612 678 14 287 84 604 521 898 783 489 939 95 122 473 442 592 544 227 267 735 352 829 663 926 342 0 746 514 543 892 27 795 600 252 679 215 434 717 810 183 549 610 503 989 810 529 964 928 399 188 228 40 835 16 657 219 689 759 
714 21 722 808 128 39 446 892 66 853 692 818 998 65 862 250 275 760 621 208 987 883 472 619 438 934 403 746 0 94 13 348 877 159 85 906 737 558 72 272 852 634 53 722 33 502 528 649 413 879 988 271 294 224 135 962 730 210 547 776 
230 862 558 397 656 181 909 283 546 436 499 600 936 355 857 368 316 930 113 645 549 909 963 10 221 672 29 514 94 0 834 576 341 288 957 89 83 150 212 78 898 563 353 120 170 340 150 334 109 955 199 348 947 336 16 557 17 794 874 4 
448 224 343 697 832 584 807 266 386 162 582 619 9 165 959 883 270 525 22 177 416 887 334 426 520 271 589 543 13 834 0 252 83 735 599 327 973 978 140 928 30 804 386 394 448 422 89 551 102 110 21 267 914 633 499 635 892 50 526 464 
304 713 704 917 10 250 671 891 448 96 71 857 603 309 494 910 92 870 664 503 113 130 192 256 17 432 724 892 348 576 252 0 937 309 53 884 723 196 95 796 390 145 703 44 104 156 609 428 464 581 414 745 577 904 267 27 279 39 428 278 
546 568 300 485 684 162 557 776 616 300 190 313 469 852 770 518 885 162 921 168 573 256 542 879 707 613 582 27 877 341 83 937 0 497 923 97 924 268 217 170 672 92 264 219 659 223 539 883 877 81 167 907 469 634 285 973 634 950 771 722 
980 439 18 40 770 389 248 674 540 996 165 92 71 939 176 642 778 488 17 708 149 519 535 85 161 253 932 795 159 288 735 309 497 0 827 478 228 768 505 205 980 922 294 470 437 820 402 148 310 972 316 831 179 855 567 831 776 651 767 946 
680 184 307 55 823 550 160 653 869 904 507 917 806 810 220 396 571 649 248 870 717 97 758 101 894 926 798 600 85 957 599 53 923 827 0 824 139 316 211 684 469 15 509 3 677 31 461 329 822 245 122 584 633 838 900 198 744 389 914 5 
174 267 925 316 64 228 397 442 575 295 811 667 229 747 195 35 94 674 780 633 51 417 116 107 629 305 201 252 906 89 327 884 97 478 824 0 550 337 233 915 152 295 588 603 649 463 22 376 294 801 65 425 732 921 233 173 293 126 85 259 
787 951 718 615 873 502 727 679 255 118 734 843 554 855 279 687 258 569 228 95 273 713 855 450 597 382 113 679 737 83 973 723 924 228 139 550 0 419 886 214 725 782 37 356 929 448 97 424 829 453 133 279 333 437 538 24 301 648 751 946 
349 780 139 221 30 666 306 401 943 96 387 103 25 661 505 681 832 284 39 348 857 121 452 379 647 34 14 215 558 150 978 196 268 768 316 337 419 0 726 14 418 975 200 483 930 674 50 785 584 191 78 343 467 47 706 862 95 595 712 988 
756 724 555 636 479 627 546 450 122 233 167 843 556 195 739 664 226 531 533 18 810 819 781 950 588 817 142 434 72 212 140 95 217 505 211 233 886 726 0 384 453 599 241 45 307 639 122 960 296 18 227 888 896 78 339 306 464 651 194 792 
708 185 799 949 375 490 872 459 972 546 737 648 171 677 732 693 868 266 140 548 232 143 364 225 117 574 981 717 272 78 928 796 170 205 684 915 214 14 384 0 652 9 209 290 227 59 573 46 242 794 789 222 681 44 836 495 342 435 313 348 
623 933 397 302 250 141 841 111 500 438 116 670 325 893 755 721 747 334 425 68 950 183 504 61 293 435 866 810 852 898 30 390 672 980 469 152 725 418 453 652 0 168 650 946 604 326 262 608 948 604 571 779 408 558 367 521 877 489 451 814 
621 893 561 81 822 15 950 38 223 73 960 83 579 176 926 262 981 453 119 357 793 489 141 573 1000 10 499 183 634 563 804 145 92 922 15 295 782 975 599 9 168 0 274 837 731 361 430 277 310 294 422 378 905 529 645 666 677 815 244 638 
175 911 118 493 634 57 7 7 685 362 823 617 480 261 323 292 314 192 862 482 154 95 666 544 670 423 258 549 53 353 386 703 264 294 509 588 37 200 241 209 650 274 0 359 357 68 639 543 367 95 586 850 172 661 337 761 216 28 326 681 
226 51 920 633 821 918 684 225 800 63 109 877 225 329 529 313 941 465 161 919 965 754 860 799 814 736 662 610 722 120 394 44 219 470 3 603 356 483 45 290 946 837 359 0 728 573 900 928 602 850 855 614 813 110 498 187 173 2 616 243 
556 277 956 315 491 875 296 5 838 477 700 587 746 65 632 451 516 91 157 272 784 219 63 540 408 577 840 503 33 170 448 104 659 437 677 649 929 930 307 227 604 731 357 728 0 328 922 858 108 565 730 347 381 492 787 277 342 630 130 602 
758 261 729 950 892 103 206 54 769 227 147 185 742 267 693 626 156 20 511 968 364 87 169 859 799 327 121 989 502 340 422 156 223 820 31 463 448 674 639 59 326 361 68 573 328 0 642 318 805 624 340 786 301 591 146 576 570 984 404 225 
945 808 162 777 868 736 197 647 271 263 335 169 198 954 120 47 194 953 676 596 611 108 253 368 277 842 955 810 528 150 89 609 539 402 461 22 97 50 122 573 262 430 639 900 922 642 0 28 735 456 766 653 559 269 455 264 560 872 362 965 
161 932 475 78 623 624 821 760 678 33 94 415 82 160 153 561 887 156 555 189 713 211 121 948 707 289 324 529 649 334 551 428 883 148 329 376 424 785 960 46 608 277 543 928 858 318 28 0 354 852 623 261 460 413 230 688 568 129 916 358 
989 744 562 934 3 103 512 304 648 265 161 78 111 348 414 300 533 296 736 271 40 98 591 533 760 432 871 964 413 109 102 464 877 310 822 294 829 584 296 242 948 310 367 602 108 805 735 354 0 998 845 92 589 382 698 886 97 803 641 164 
151 703 574 420 238 7 614 36 981 504 740 858 249 158 801 930 90 10 152 599 69 590 806 341 376 869 709 928 879 955 110 581 81 972 245 801 453 191 18 794 604 294 95 850 565 624 456 852 998 0 851 535 895 373 416 514 24 740 133 808 
716 659 779 283 294 777 347 393 509 37 182 575 793 803 877 37 13 935 824 139 867 801 110 567 595 312 861 399 988 199 21 414 167 316 122 65 133 78 227 789 571 422 586 855 730 340 766 623 845 851 0 786 118 640 841 50 440 812 498 407 
638 16 307 928 293 410 46 852 726 427 10 259 946 182 993 315 843 687 411 471 883 363 877 897 578 771 330 188 271 348 267 745 907 831 584 425 279 343 888 222 779 378 850 614 347 786 653 261 92 535 786 0 882 765 494 319 85 568 395 404 
710 584 8 304 514 329 345 918 639 402 677 579 397 496 324 412 430 570 15 340 622 105 935 734 998 27 385 228 294 947 914 577 469 179 633 732 333 467 896 681 408 905 172 813 381 301 559 460 589 895 118 882 0 871 47 144 630 505 214 631 
92 419 686 178 775 980 956 393 708 643 17 10 335 920 748 595 591 238 958 904 997 205 735 296 920 234 175 40 224 336 633 904 634 855 838 921 437 47 78 44 558 529 661 110 492 591 269 413 382 373 640 765 871 0 986 801 779 570 973 968 
10 747 732 731 107 475 25 874 133 755 625 211 138 453 85 190 788 137 758 236 977 463 861 16 232 968 741 835 135 16 499 267 285 567 900 233 538 706 339 836 367 645 337 498 787 146 455 230 698 416 841 494 47 986 0 162 874 93 849 855 
760 455 739 901 6 525 633 824 123 888 572 828 967 644 596 399 544 509 408 108 920 941 972 717 610 713 559 16 962 557 635 27 973 831 198 173 24 862 306 495 521 666 761 187 277 576 264 688 886 514 50 319 144 801 162 0 424 648 481 27 
175 2 856 423 795 536 494 581 864 834 964 814 939 313 228 707 579 804 187 639 445 25 105 297 808 257 399 657 730 17 892 279 634 776 744 293 301 95 464 342 877 677 216 173 342 570 560 568 97 24 440 85 630 779 874 424 0 133 767 962 
895 875 884 437 476 141 572 677 211 748 266 448 430 397 238 724 594 422 739 109 613 695 542 694 652 691 964 219 210 794 50 39 950 651 389 126 648 595 651 435 489 815 28 2 630 984 872 129 803 740 812 568 505 570 93 648 133 0 33 53 
122 735 746 833 761 295 852 427 802 296 867 537 81 176 846 769 295 384 324 601 733 845 689 774 18 410 809 689 547 874 526 428 771 767 914 85 751 712 194 313 451 244 326 616 130 404 362 916 641 133 498 395 214 973 849 481 767 33 0 609 
464 758 210 502 154 818 246 389 516 649 85 255 138 763 772 895 768 60 386 575 299 783 799 450 530 192 402 759 776 4 464 278 722 946 5 259 946 988 792 348 814 638 681 243 602 225 965 358 164 808 407 404 631 968 855 27 962 53 609 0 
0 527 682 976 653 566 752 269 31 96 136 760 425 290 914 157 332 600 924 961 916 303 843 776 844 884 718 170 304 714 757 916 478 156 392 827 191 760 97 460 337 433 882 723 444 270 141 851 15 968 425 151 380 879 994 345 766 4 818 410 
527 0 108 869 100 732 940 118 699 386 549 59 230 342 127 710 71 73 325 790 290 24 925 311 41 737 965 20 939 97 682 454 560 557 719 696 190 32 229 900 144 296 71 979 620 619 375 234 185 215 412 852 258 732 278 497 873 134 464 398 
682 108 0 675 11 936 255 909 205 798 165 128 648 112 668 762 983 597 622 361 544 956 223 911 613 352 460 273 413 346 651 226 621 920 698 116 241 856 394 182 602 534 781 70 323 146 848 542 450 561 140 655 871 342 403 212 177 86 293 641 
976 869 675 0 142 919 693 107 120 512 785 990 618 297 673 543 79 8 225 476 946 359 674 938 292 866 242 474 272 612 519 117 356 904 885 763 438 809 330 57 858 973 605 276 700 216 250 846 73 654 812 164 710 988 344 134 492 859 161 517 
653 100 11 142 0 460 734 869 581 932 503 88 147 952 565 676 627 31 473 410 201 839 701 113 858 248 671 860 937 284 74 940 320 282 156 987 109 972 530 326 712 268 269 228 456 50 121 236 849 957 623 793 595 264 763 865 194 484 181 951 
566 732 936 919 460 0 794 28 691 567 391 169 676 82 838 368 277 566 357 494 941 246 612 256 988 291 250 776 767 775 319 708 701 436 260 616 610 308 489 364 820 827 734 171 313 875 227 384 952 976 279 677 799 44 465 437 477 873 675 75 
752 940 255 693 734 794 0 71 859 217 320 796 293 401 697 136 685 193 303 787 206 658 84 986 578 612 227 932 378 106 158 215 555 735 923 808 210 731 361 111 28 34 946 157 736 773 829 200 483 498 641 995 604 10 902 382 420 592 79 606 
269 118 909 107 869 28 71 0 197 951 147 39 672 177 729 734 952 745 431 712 5 265 812 464 380 824 472 263 94 669 583 145 204 258 289 527 359 484 580 544 843 816 968 628 848 927 460 61 710 915 455 166 56 536 174 268 425 237 567 654 
31 699 205 120 581 691 859 197 0 153 886 498 454 739 598 801 813 473 210 547 631 431 885 686 571 950 162 399 956 399 508 620 297 331 34 304 713 140 856 110 508 724 359 88 205 154 653 454 374 82 495 221 433 468 889 865 13 922 77 203 
96 386 798 512 932 567 217 951 153 0 210 929 91 879 897 864 901 250 20 135 847 336 349 492 601 294 82 7 166 583 904 892 865 99 24 828 805 862 768 335 456 940 531 820 525 728 664 990 771 457 953 344 643 504 114 119 292 289 716 285 
136 549 165 785 503 391 320 147 886 210 0 152 760 387 923 714 308 857 653 424 121 165 977 930 168 761 917 114 401 620 444 999 887 533 576 81 84 685 767 273 824 94 264 965 320 957 671 862 868 176 978 811 174 848 277 421 102 748 253 881 
760 59 128 990 88 169 796 39 498 929 152 0 873 143 280 648 434 446 468 680 733 945 444 85 965 278 483 743 373 356 109 89 786 819 135 360 183 849 240 456 305 925 467 234 341 877 580 469 791 142 377 753 535 945 677 88 208 739 412 786 
425 230 648 618 147 676 293 672 454 91 760 873 0 514 744 555 384 903 874 213 892 692 396 477 274 217 450 243 133 13 935 548 461 897 51 812 592 966 396 803 718 397 608 697 292 239 794 717 951 798 203 57 433 443 861 16 61 567 861 931 
290 342 112 297 952 82 401 177 739 879 387 143 514 0 643 116 288 235 913 684 577 354 981 193 859 591 595 901 973 752 865 614 140 150 122 195 93 427 690 171 82 879 656 612 984 624 118 749 708 838 168 764 548 31 424 538 578 436 728 99 
914 127 668 673 565 838 697 729 598 897 923 280 744 643 0 662 465 366 580 773 743 763 704 185 947 776 484 759 217 10 208 493 206 915 765 873 860 390 442 277 138 124 562 484 302 350 967 917 433 261 44 84 835 245 906 447 441 895 258 337 
157 710 762 543 676 368 136 734 801 864 714 648 555 116 662 0 658 473 963 387 546 333 918 278 125 232 184 495 717 597 144 138 339 437 505 847 373 507 385 291 212 843 734 625 482 418 873 305 699 9 738 707 670 398 792 567 406 152 235 70 
332 71 983 79 627 277 685 952 813 901 308 434 384 288 465 658 0 144 535 443 693 236 266 789 726 178 254 692 895 637 834 893 112 413 447 805 597 159 893 181 199 113 460 90 620 817 929 102 515 936 955 170 727 501 323 418 439 533 659 360 
600 73 597 8 31 566 193 745 473 250 857 446 903 235 366 473 144 0 822 179 461 749 126 728 30 719 818 328 162 108 558 15 836 832 412 249 539 452 498 602 650 458 856 553 763 910 66 743 843 969 205 342 507 624 854 808 110 804 559 943 
924 325 622 225 473 357 303 431 210 20 653 468 874 913 580 963 535 822 0 366 258 633 457 838 136 987 402 356 272 928 829 268 102 905 727 165 697 912 736 751 616 816 249 795 869 429 367 529 348 722 235 501 907 173 509 611 668 275 621 513 
961 790 361 476 410 494 787 712 547 135 424 680 213 684 773 387 443 179 366 0 837 749 508 789 912 643 294 803 723 451 872 539 687 528 125 403 889 862 840 475 892 662 503 85 795 148 481 604 759 292 809 381 630 108 708 955 408 978 499 292 
916 290 544 946 201 941 206 5 631 847 121 733 892 577 743 546 693 461 258 837 0 865 335 191 844 49 220 793 131 472 508 920 465 953 324 945 827 72 343 871 97 125 731 224 123 541 454 268 963 965 94 14 363 24 90 23 548 463 381 756 
303 24 956 359 839 246 658 265 431 336 165 945 692 354 763 333 236 749 633 749 865 0 796 184 718 252 738 265 79 216 17 855 727 584 917 597 434 822 274 762 807 330 916 335 831 919 826 803 872 474 209 555 696 843 656 7 904 145 113 308 
843 925 223 674 701 612 84 812 885 349 977 444 396 981 704 918 266 126 457 508 335 796 0 843 781 931 412 607 229 138 864 730 270 544 365 897 183 552 212 517 475 742 580 243 744 736 721 920 400 158 982 226 95 334 278 135 866 471 451 447 
776 311 911 938 113 256 986 464 686 492 930 85 477 193 185 278 789 728 838 789 191 184 843 0 167 798 679 344 306 922 645 616 266 740 941 738 407 609 34 716 895 412 451 224 596 266 532 255 625 534 400 115 178 678 900 295 701 231 275 383 
844 41 613 292 858 988 578 380 571 601 168 965 274 859 947 125 726 30 136 912 844 718 781 167 0 135 72 345 682 962 649 815 262 911 237 496 462 300 421 883 581 72 417 308 646 121 763 603 207 537 389 338 2 103 895 357 126 421 943 381 
884 737 352 866 248 291 612 824 950 294 761 278 217 591 776 232 178 719 987 643 49 252 931 798 135 0 615 256 126 244 868 723 367 596 307 756 754 950 57 443 474 928 659 411 499 794 254 870 366 218 615 174 908 729 75 403 808 284 741 839 
718 965 460 242 671 250 227 472 162 82 917 483 450 595 484 184 254 818 402 294 220 738 412 679 72 615 0 597 676 993 409 349 329 24 164 832 725 990 936 46 193 645 885 443 226 895 130 630 72 241 165 627 792 910 352 336 503 17 202 510 
170 20 273 474 860 776 932 263 399 7 114 743 243 901 759 495 692 328 356 803 793 265 607 344 345 256 597 0 160 566 658 22 881 139 503 660 488 742 487 296 63 856 422 251 446 50 159 325 151 123 682 895 475 792 112 890 307 849 324 300 
304 939 413 272 937 767 378 94 956 166 401 373 133 973 217 717 895 162 272 723 131 79 229 306 682 126 676 160 0 793 945 637 28 879 945 245 242 310 996 949 332 299 754 178 812 427 560 332 345 432 117 809 553 860 924 171 359 623 553 215 
714 97 346 612 284 775 106 669 399 583 620 356 13 752 10 597 637 108 928 451 472 216 138 922 962 244 993 566 793 0 373 370 580 785 109 908 783 892 745 754 133 407 621 758 669 793 695 677 941 26 742 465 108 748 995 388 846 196 151 901 
757 682 651 519 74 319 158 583 508 904 444 109 935 865 208 144 834 558 829 872 508 17 864 645 649 868 409 658 945 373 0 684 796 423 386 565 142 75 813 169 948 237 704 687 536 761 901 293 788 874 857 902 73 333 399 317 167 875 376 533 
916 454 226 117 940 708 215 145 620 892 999 89 548 614 493 138 893 15 268 539 920 855 730 616 815 723 349 22 637 370 684 0 180 817 936 106 559 846 948 86 691 875 275 714 755 925 362 696 401 369 520 193 428 250 877 899 775 976 575 834 
478 560 621 356 320 701 555 204 297 865 887 786 461 140 206 339 112 836 102 687 465 727 270 266 262 367 329 881 28 580 796 180 0 459 180 857 191 801 676 741 159 844 700 880 148 818 377 133 79 907 912 204 588 543 751 77 419 180 275 334 
156 557 920 904 282 436 735 258 331 99 533 819 897 150 915 437 413 832 905 528 953 584 544 740 911 596 24 139 879 785 423 817 459 0 122 469 891 432 664 629 208 14 768 599 534 163 632 966 805 105 578 166 789 184 494 187 290 343 103 115 
392 719 698 885 156 260 923 289 34 24 576 135 51 122 765 505 447 412 727 125 324 917 365 941 237 307 164 503 945 109 386 936 180 122 0 376 883 558 965 356 555 819 660 1000 317 922 525 702 188 880 748 419 452 327 138 622 376 548 274 882 
827 696 116 763 987 616 808 527 304 828 81 360 812 195 873 847 805 249 165 403 945 597 897 738 496 756 832 660 245 908 565 106 857 469 376 0 434 747 783 253 803 800 378 390 332 468 873 620 763 170 844 490 387 178 817 782 556 813 848 677 
191 190 241 438 109 610 210 359 713 805 84 183 592 93 860 373 597 539 697 889 827 434 183 407 462 754 725 488 242 783 142 559 191 891 883 434 0 506 68 913 206 228 967 530 80 728 845 618 241 524 896 842 579 558 468 921 782 454 278 20 
760 32 856 809 972 308 731 484 140 862 685 849 966 427 390 507 159 452 912 862 72 822 552 609 300 950 990 742 310 892 75 846 801 432 558 747 506 0 88 822 549 2 741 701 127 250 972 366 536 800 891 801 615 855 380 123 974 457 222 17 
97 229 394 330 530 489 361 580 856 768 767 240 396 690 442 385 893 498 736 840 343 274 212 34 421 57 936 487 996 745 813 948 676 664 965 783 68 88 0 695 401 367 751 904 527 299 844 8 686 991 721 104 106 903 660 693 456 269 797 504 
460 900 182 57 326 364 111 544 110 335 273 456 803 171 277 291 181 602 751 475 871 762 517 716 883 443 46 296 949 754 169 86 741 629 356 253 913 822 695 0 396 996 792 804 780 813 537 994 808 197 321 940 269 971 172 518 666 803 745 557 
337 144 602 858 712 820 28 843 508 456 824 305 718 82 138 212 199 650 616 892 97 807 475 895 581 474 193 63 332 133 948 691 159 208 555 803 206 549 401 396 0 943 269 96 200 787 613 409 158 469 519 163 674 493 727 583 37 399 543 130 
433 296 534 973 268 827 34 816 724 940 94 925 397 879 124 843 113 458 816 662 125 330 742 412 72 928 645 856 299 407 237 875 844 14 819 800 228 2 367 996 943 0 664 171 357 730 361 703 637 582 398 655 15 563 513 313 449 186 870 343 
882 71 781 605 269 734 946 968 359 531 264 467 608 656 562 734 460 856 249 503 731 916 580 451 417 659 885 422 754 621 704 275 700 768 660 378 967 741 751 792 269 664 0 572 625 770 440 493 586 884 218 266 821 319 656 212 809 988 748 528 
723 979 70 276 228 171 157 628 88 820 965 234 697 612 484 625 90 553 795 85 224 335 243 224 308 411 443 251 178 758 687 714 880 599 1000 390 530 701 904 804 96 171 572 0 227 577 92 116 368 261 157 442 33 875 424 650 748 991 425 875 
444 620 323 700 456 313 736 848 205 525 320 341 292 984 302 482 620 763 869 795 123 831 744 596 646 499 226 446 812 669 536 755 148 534 317 332 80 127 527 780 200 357 625 227 0 626 138 11 971 444 348 681 606 432 305 870 632 230 838 293 
270 619 146 216 50 875 773 927 154 728 957 877 239 624 350 418 817 910 429 148 541 919 736 266 121 794 895 50 427 793 761 925 818 163 922 468 728 250 299 813 787 730 770 577 626 0 347 775 26 438 674 233 680 318 831 417 395 37 552 752 
141 375 848 250 121 227 829 460 653 664 671 580 794 118 967 873 929 66 367 481 454 826 721 532 763 254 130 159 560 695 901 362 377 632 525 873 845 972 844 537 613 361 440 92 138 347 0 812 112 391 308 379 340 989 388 719 361 95 583 260 
851 234 542 846 236 384 200 61 454 990 862 469 717 749 917 305 102 743 529 604 268 803 920 255 603 870 630 325 332 677 293 696 133 966 702 620 618 366 8 994 409 703 493 116 11 775 812 0 646 205 363 631 486 617 835 375 400 979 88 731 
15 185 450 73 849 952 483 710 374 771 868 791 951 708 433 699 515 843 348 759 963 872 400 625 207 366 72 151 345 941 788 401 79 805 188 763 241 536 686 808 158 637 586 368 971 26 112 646 0 199 189 914 306 634 339 213 875 81 324 661 
968 215 561 654 957 976 498 915 82 457 176 142 798 838 261 9 936 969 722 292 965 474 158 534 537 218 241 123 432 26 874 369 907 105 880 170 524 800 991 197 469 582 884 261 444 438 391 205 199 0 154 506 159 567 804 591 794 405 906 176 
425 412 140 812 623 279 641 455 495 953 978 377 203 168 44 738 955 205 235 809 94 209 982 400 389 615 165 682 117 742 857 520 912 578 748 844 896 891 721 321 519 398 218 157 348 674 308 363 189 154 0 272 883 200 290 837 403 225 571 400 
