6 3
0 555 650 868 523 851 
555 0 135 334 321 333 
650 135 0 169 904 551 
868 334 169 0 490 933 
523 321 904 490 0 256 
851 333 551 933 256 0 
0 785 971 516 474 719 
785 0 590 312 693 385 
971 590 0 7 121 239 
516 312 7 0 761 430 
474 693 121 761 0 226 
719 385 239 430 226 0 
0 1000 966 489 639 747 
1000 0 77 396 358 711 
966 77 0 435 45 496 
489 396 435 0 674 147 
639 358 45 674 0 175 
747 711 496 147 175 0 
0 592 51 779 567 244 
592 0 381 412 545 663 
51 381 0 264 143 31 
779 412 264 0 885 480 
567 545 143 885 0 322 
244 663 31 480 322 0 
