9 2
0 544 248 188 403 797 943 330 465 
544 0 593 832 430 229 370 990 25 
248 593 0 391 147 340 377 902 689 
188 832 391 0 407 549 47 345 776 
403 430 147 407 0 434 137 327 945 
797 229 340 549 434 0 385 778 220 
943 370 377 47 137 385 0 273 211 
330 990 902 345 327 778 273 0 128 
465 25 689 776 945 220 211 128 0 
0 169 149 535 251 536 169 741 14 
169 0 486 842 67 713 945 359 282 
149 486 0 893 940 614 921 190 155 
535 842 893 0 265 146 447 909 437 
251 67 940 265 0 336 84 551 222 
536 713 614 146 336 0 316 224 229 
169 945 921 447 84 316 0 356 604 
741 359 190 909 551 224 356 0 459 
14 282 155 437 222 229 604 459 0 
0 511 749 808 318 295 849 102 710 
511 0 468 342 568 940 394 602 625 
749 468 0 237 296 153 333 674 729 
808 342 237 0 854 405 67 140 37 
318 568 296 854 0 639 808 366 917 
295 940 153 405 639 0 909 787 598 
849 394 333 67 808 909 0 598 505 
102 602 674 140 366 787 598 0 504 
710 625 729 37 917 598 505 504 0 
