50 4
0 370 414 515 363 386 22 327 909 500 422 102 296 620 494 256 355 909 721 598 169 791 930 4 479 677 161 739 860 296 100 37 660 912 826 954 20 586 429 680 980 749 570 268 336 408 21 616 832 674 
370 0 394 315 397 836 816 921 312 84 358 30 402 430 895 964 899 598 402 128 553 637 814 425 153 855 495 733 417 996 818 331 796 131 422 408 868 789 676 971 400 724 537 647 271 674 792 416 83 375 
414 394 0 810 848 831 61 860 861 152 534 676 677 972 525 886 786 404 91 965 616 824 354 121 517 8 126 876 43 134 149 628 458 27 264 192 767 167 275 922 518 573 805 984 720 837 208 495 577 477 
515 315 810 0 369 69 85 501 22 229 689 392 173 971 943 284 556 146 607 555 538 947 511 429 954 925 476 916 131 952 867 721 73 264 642 997 396 857 289 624 748 715 35 877 942 920 526 811 779 101 
363 397 848 369 0 903 614 886 551 990 197 153 567 647 773 135 8 61 507 864 621 955 838 374 342 964 244 347 214 926 27 437 270 98 635 784 694 344 877 640 381 975 798 719 441 975 55 88 424 985 
386 836 831 69 903 0 706 668 565 403 472 894 581 446 397 900 887 287 407 719 279 113 797 603 652 687 300 282 168 213 625 39 231 803 386 263 19 814 594 874 610 3 248 238 185 958 917 533 742 11 
22 816 61 85 614 706 0 702 156 818 709 814 314 881 324 827 410 723 900 488 903 600 777 419 763 158 938 844 83 638 546 580 677 694 113 276 855 94 700 477 336 960 511 523 849 725 60 348 258 197 
327 921 860 501 886 668 702 0 581 604 73 294 526 803 207 363 518 844 733 622 705 506 486 476 826 841 635 598 404 469 235 774 365 372 766 109 94 954 725 995 173 251 451 783 835 743 994 946 640 344 
909 312 861 22 551 565 156 581 0 977 491 242 904 200 993 594 528 617 223 152 707 410 566 218 162 846 756 881 483 741 72 520 88 804 599 153 319 692 580 679 977 299 314 491 199 702 656 343 961 756 
500 84 152 229 990 403 818 604 977 0 717 833 672 85 186 404 71 258 836 162 626 164 229 114 536 447 933 197 615 391 603 942 32 122 401 809 225 437 423 562 765 263 541 503 661 794 79 511 352 640 
422 358 534 689 197 472 709 73 491 717 0 900 42 897 241 676 127 349 108 499 179 231 674 234 433 684 387 521 211 404 522 390 665 186 895 49 227 454 689 260 274 395 623 829 758 322 117 62 672 389 
102 30 676 392 153 894 814 294 242 833 900 0 833 910 187 410 74 126 30 553 166 941 432 606 706 306 32 29 51 555 476 505 407 6 232 267 743 361 709 878 495 624 377 71 366 434 165 327 199 116 
296 402 677 173 567 581 314 526 904 672 42 833 0 828 261 237 24 213 661 207 633 899 210 965 47 614 174 226 240 971 577 971 246 957 889 4 304 88 280 682 451 799 264 114 699 755 262 593 72 966 
620 430 972 971 647 446 881 803 200 85 897 910 828 0 124 358 857 636 271 321 471 810 575 728 444 462 160 572 130 908 461 196 587 211 388 354 475 296 142 593 128 37 995 171 596 619 924 452 812 476 
494 895 525 943 773 397 324 207 993 186 241 187 261 124 0 519 147 460 778 50 574 504 212 299 670 248 88 652 51 228 31 540 556 647 836 475 642 166 589 785 276 288 436 14 828 281 36 662 235 886 
256 964 886 284 135 900 827 363 594 404 676 410 237 358 519 0 545 760 579 255 881 847 120 686 450 841 474 183 979 980 469 616 165 732 571 31 778 788 525 823 475 161 57 386 238 268 334 185 342 639 
355 899 786 556 8 887 410 518 528 71 127 74 24 857 147 545 0 574 165 431 51 178 906 194 144 236 422 784 634 133 363 439 690 474 637 98 684 293 370 870 335 643 438 330 528 754 169 168 686 808 
909 598 404 146 61 287 723 844 617 258 349 126 213 636 460 760 574 0 509 484 660 261 414 251 419 940 722 714 300 466 141 534 936 126 396 46 61 717 279 302 942 414 338 178 243 571 168 937 500 476 
721 402 91 607 507 407 900 733 223 836 108 30 661 271 778 579 165 509 0 879 239 153 171 586 218 665 312 22 113 266 46 66 966 648 636 332 562 395 682 338 776 266 147 779 177 221 712 771 977 15 
598 128 965 555 864 719 488 622 152 162 499 553 207 321 50 255 431 484 879 0 449 676 334 340 26 496 810 138 62 721 302 439 858 405 90 150 14 658 778 642 99 729 769 310 56 106 540 456 371 845 
169 553 616 538 621 279 903 705 707 626 179 166 633 471 574 881 51 660 239 449 0 466 865 912 878 495 222 348 816 853 567 900 219 456 25 342 860 49 782 15 89 376 322 998 941 339 661 441 39 861 
791 637 824 947 955 113 600 506 410 164 231 941 899 810 504 847 178 261 153 676 466 0 279 545 816 918 13 154 801 1000 216 226 69 198 780 661 252 519 511 452 874 967 267 752 326 592 69 198 378 667 
930 814 354 511 838 797 777 486 566 229 674 432 210 575 212 120 906 414 171 334 865 279 0 656 194 197 645 957 266 242 55 563 400 878 224 400 960 261 102 198 466 712 379 389 82 805 155 837 56 568 
4 425 121 429 374 603 419 476 218 114 234 606 965 728 299 686 194 251 586 340 912 545 656 0 332 630 182 793 567 664 428 870 836 748 444 456 326 553 361 910 390 589 804 627 995 891 770 113 871 412 
479 153 517 954 342 652 763 826 162 536 433 706 47 444 670 450 144 419 218 26 878 816 194 332 0 156 652 737 669 480 740 211 697 463 729 86 650 425 502 232 131 327 148 46 586 550 170 445 56 414 
677 855 8 925 964 687 158 841 846 447 684 306 614 462 248 841 236 940 665 496 495 918 197 630 156 0 272 300 136 610 297 302 798 654 807 460 950 774 731 621 674 987 315 670 462 325 389 974 299 853 
161 495 126 476 244 300 938 635 756 933 387 32 174 160 88 474 422 722 312 810 222 13 645 182 652 272 0 663 127 65 936 182 431 389 346 188 546 94 278 23 236 945 39 767 486 444 908 648 931 378 
739 733 876 916 347 282 844 598 881 197 521 29 226 572 652 183 784 714 22 138 348 154 957 793 737 300 663 0 614 10 857 365 314 232 43 316 46 624 824 253 390 666 93 293 171 416 7 38 185 891 
860 417 43 131 214 168 83 404 483 615 211 51 240 130 51 979 634 300 113 62 816 801 266 567 669 136 127 614 0 116 339 715 948 264 976 535 91 294 98 148 287 273 463 474 247 760 806 801 641 473 
296 996 134 952 926 213 638 469 741 391 404 555 971 908 228 980 133 466 266 721 853 1000 242 664 480 610 65 10 116 0 962 189 901 13 145 353 21 911 10 244 528 213 313 740 410 420 62 374 349 491 
100 818 149 867 27 625 546 235 72 603 522 476 577 461 31 469 363 141 46 302 567 216 55 428 740 297 936 857 339 962 0 102 919 702 729 382 493 480 504 69 757 807 118 463 807 915 26 557 101 798 
37 331 628 721 437 39 580 774 520 942 390 505 971 196 540 616 439 534 66 439 900 226 563 870 211 302 182 365 715 189 102 0 736 916 785 883 953 185 869 381 427 716 991 837 260 512 811 802 112 282 
660 796 458 73 270 231 677 365 88 32 665 407 246 587 556 165 690 936 966 858 219 69 400 836 697 798 431 314 948 901 919 736 0 381 717 195 459 62 496 74 112 820 121 525 880 406 190 934 441 789 
912 131 27 264 98 803 694 372 804 122 186 6 957 211 647 732 474 126 648 405 456 198 878 748 463 654 389 232 264 13 702 916 381 0 625 275 806 793 748 733 998 6 586 907 377 243 369 534 654 263 
826 422 264 642 635 386 113 766 599 401 895 232 889 388 836 571 637 396 636 90 25 780 224 444 729 807 346 43 976 145 729 785 717 625 0 299 10 778 823 615 175 707 381 461 19 844 929 317 734 539 
954 408 192 997 784 263 276 109 153 809 49 267 4 354 475 31 98 46 332 150 342 661 400 456 86 460 188 316 535 353 382 883 195 275 299 0 975 22 603 305 192 897 837 276 15 337 121 777 711 18 
20 868 767 396 694 19 855 94 319 225 227 743 304 475 642 778 684 61 562 14 860 252 960 326 650 950 546 46 91 21 493 953 459 806 10 975 0 999 905 492 182 542 589 815 176 739 195 452 421 556 
586 789 167 857 344 814 94 954 692 437 454 361 88 296 166 788 293 717 395 658 49 519 261 553 425 774 94 624 294 911 480 185 62 793 778 22 999 0 737 121 785 399 914 563 423 663 485 346 160 583 
429 676 275 289 877 594 700 725 580 423 689 709 280 142 589 525 370 279 682 778 782 511 102 361 502 731 278 824 98 10 504 869 496 748 823 603 905 737 0 183 289 205 825 710 412 162 864 138 587 789 
680 971 922 624 640 874 477 995 679 562 260 878 682 593 785 823 870 302 338 642 15 452 198 910 232 621 23 253 148 244 69 381 74 733 615 305 492 121 183 0 161 340 885 219 554 76 638 424 979 966 
980 400 518 748 381 610 336 173 977 765 274 495 451 128 276 475 335 942 776 99 89 874 466 390 131 674 236 390 287 528 757 427 112 998 175 192 182 785 289 161 0 57 523 90 625 669 624 261 749 339 
749 724 573 715 975 3 960 251 299 263 395 624 799 37 288 161 643 414 266 729 376 967 712 589 327 987 945 666 273 213 807 716 820 6 707 897 542 399 205 340 57 0 125 993 249 891 67 245 816 625 
570 537 805 35 798 248 511 451 314 541 623 377 264 995 436 57 438 338 147 769 322 267 379 804 148 315 39 93 463 313 118 991 121 586 381 837 589 914 825 885 523 125 0 811 813 712 666 973 551 157 
268 647 984 877 719 238 523 783 491 503 829 71 114 171 14 386 330 178 779 310 998 752 389 627 46 670 767 293 474 740 463 837 525 907 461 276 815 563 710 219 90 993 811 0 708 394 315 509 983 498 
336 271 720 942 441 185 849 835 199 661 758 366 699 596 828 238 528 243 177 56 941 326 82 995 586 462 486 171 247 410 807 260 880 377 19 15 176 423 412 554 625 249 813 708 0 964 263 311 670 812 
408 674 837 920 975 958 725 743 702 794 322 434 755 619 281 268 754 571 221 106 339 592 805 891 550 325 444 416 760 420 915 512 406 243 844 337 739 663 162 76 669 891 712 394 964 0 50 507 459 760 
21 792 208 526 55 917 60 994 656 79 117 165 262 924 36 334 169 168 712 540 661 69 155 770 170 389 908 7 806 62 26 811 190 369 929 121 195 485 864 638 624 67 666 315 263 50 0 977 500 809 
616 416 495 811 88 533 348 946 343 511 62 327 593 452 662 185 168 937 771 456 441 198 837 113 445 974 648 38 801 374 557 802 934 534 317 777 452 346 138 424 261 245 973 509 311 507 977 0 834 900 
832 83 577 779 424 742 258 640 961 352 672 199 72 812 235 342 686 500 977 371 39 378 56 871 56 299 931 185 641 349 101 112 441 654 734 711 421 160 587 979 749 816 551 983 670 459 500 834 0 767 
674 375 477 101 985 11 197 344 756 640 389 116 966 476 886 639 808 476 15 845 861 667 568 412 414 853 378 891 473 491 798 282 789 263 539 18 556 583 789 966 339 625 157 498 812 760 809 900 767 0 
0 90 873 948 76 27 804 576 713 604 883 895 312 466 524 281 592 748 71 532 797 45 219 16 210 202 504 880 261 704 577 206 15 605 219 139 24 359 654 704 772 234 10 326 29 143 286 889 503 207 
90 0 727 575 236 212 834 40 936 367 886 708 611 29 251 349 934 532 333 449 943 475 43 396 492 526 562 219 165 93 112 94 103 583 555 918 322 323 961 770 340 396 890 802 719 532 163 923 969 213 
873 727 0 632 998 972 606 937 90 348 314 359 236 926 876 828 257 746 208 590 454 805 158 816 355 897 605 509 419 971 58 636 434 958 844 951 662 308 450 425 671 766 566 175 12 58 266 143 135 471 
948 575 632 0 610 498 60 831 938 909 115 155 120 815 194 227 324 244 423 837 492 490 651 110 875 851 661 57 89 225 515 758 951 75 800 746 511 846 38 549 752 332 278 52 634 745 721 136 598 588 
76 236 998 610 0 367 393 514 215 211 390 330 255 367 675 629 133 327 794 234 352 812 445 472 532 440 73 102 128 759 866 56 585 555 114 112 704 467 56 83 461 208 70 629 167 87 430 847 779 879 
27 212 972 498 367 0 601 944 942 421 110 957 223 656 870 482 773 663 159 426 626 375 546 768 685 528 417 150 376 168 982 696 391 777 900 226 545 405 385 851 160 479 572 448 339 491 586 156 761 235 
804 834 606 60 393 601 0 907 789 110 386 638 869 654 142 447 437 138 764 318 831 708 51 27 798 336 431 470 60 554 91 570 880 991 302 214 87 788 458 105 185 29 529 202 926 512 927 724 49 427 
576 40 937 831 514 944 907 0 721 192 22 212 739 94 508 472 200 874 452 345 35 32 755 890 595 9 27 89 361 978 647 408 918 298 950 304 852 894 766 169 600 294 430 570 445 24 955 463 812 849 
713 936 90 938 215 942 789 721 0 464 516 556 717 293 189 139 863 900 765 877 670 943 584 928 45 847 679 258 21 507 11 233 515 528 201 955 356 827 727 476 267 847 285 261 157 180 324 595 715 521 
604 367 348 909 211 421 110 192 464 0 954 293 810 119 165 356 235 791 488 239 24 628 411 49 738 944 378 674 447 666 524 235 444 886 345 223 763 734 923 438 755 84 502 995 657 183 360 511 601 924 
883 886 314 115 390 110 386 22 516 954 0 850 59 544 765 229 106 511 150 109 756 562 467 337 374 309 425 83 387 6 602 673 431 480 759 101 815 636 940 737 88 219 204 564 508 14 772 312 224 584 
895 708 359 155 330 957 638 212 556 293 850 0 938 970 866 167 617 509 868 122 93 627 209 699 25 56 527 591 444 907 896 448 319 202 332 367 795 633 446 448 77 611 29 38 82 346 931 384 702 457 
312 611 236 120 255 223 869 739 717 810 59 938 0 246 704 930 46 444 644 899 132 966 985 23 800 159 473 73 144 558 662 869 172 884 39 154 541 872 366 643 623 157 265 692 185 681 451 723 360 382 
466 29 926 815 367 656 654 94 293 119 544 970 246 0 758 424 203 50 798 435 275 659 241 659 174 680 341 609 626 665 828 137 765 460 813 280 942 808 921 822 890 998 92 607 611 673 217 767 570 695 
524 251 876 194 675 870 142 508 189 165 765 866 704 758 0 405 699 375 198 375 560 41 73 308 607 865 556 85 306 95 198 484 273 945 17 852 55 955 369 307 10 420 269 291 217 436 939 314 632 577 
281 349 828 227 629 482 447 472 139 356 229 167 930 424 405 0 417 563 475 316 259 167 428 447 206 755 932 730 191 995 344 58 513 851 981 361 472 221 928 340 776 657 958 916 370 130 694 371 269 683 
592 934 257 324 133 773 437 200 863 235 106 617 46 203 699 417 0 932 123 708 60 438 107 245 293 305 437 740 24 836 571 825 855 589 861 987 368 818 62 242 92 602 291 639 339 277 479 726 240 458 
748 532 746 244 327 663 138 874 900 791 511 509 444 50 375 563 932 0 374 432 515 735 470 589 28 743 709 204 780 251 123 532 70 29 495 354 811 998 339 65 600 945 207 206 861 987 156 862 497 999 
71 333 208 423 794 159 764 452 765 488 150 868 644 798 198 475 123 374 0 809 123 480 784 482 607 365 881 405 664 678 620 582 520 860 610 381 243 535 332 288 127 481 285 267 411 470 170 805 810 624 
532 449 590 837 234 426 318 345 877 239 109 122 899 435 375 316 708 432 809 0 626 118 523 857 330 275 275 696 16 613 83 575 670 181 163 816 447 448 73 51 150 502 932 324 430 168 215 358 233 546 
797 943 454 492 352 626 831 35 670 24 756 93 132 275 560 259 60 515 123 626 0 995 38 597 344 922 142 673 867 817 236 470 270 978 714 605 733 387 809 568 308 209 224 657 70 614 876 241 338 669 
45 475 805 490 812 375 708 32 943 628 562 627 966 659 41 167 438 735 480 118 995 0 768 552 753 6 417 585 112 945 384 391 922 402 311 268 695 173 919 233 895 13 644 828 721 945 432 954 560 8 
219 43 158 651 445 546 51 755 584 411 467 209 985 241 73 428 107 470 784 523 38 768 0 863 288 366 706 192 822 528 642 729 470 276 137 43 251 466 635 442 894 68 56 430 609 382 229 810 424 608 
16 396 816 110 472 768 27 890 928 49 337 699 23 659 308 447 245 589 482 857 597 552 863 0 164 129 442 728 528 167 882 214 869 329 701 206 315 996 148 640 56 50 296 166 313 184 200 545 488 344 
210 492 355 875 532 685 798 595 45 738 374 25 800 174 607 206 293 28 607 330 344 753 288 164 0 720 64 985 904 252 379 979 1 312 105 421 333 30 469 638 148 763 16 576 452 303 554 706 455 239 
202 526 897 851 440 528 336 9 847 944 309 56 159 680 865 755 305 743 365 275 922 6 366 129 720 0 875 806 1 522 10 626 885 334 570 626 581 442 587 527 371 887 330 61 435 251 427 565 830 554 
504 562 605 661 73 417 431 27 679 378 425 527 473 341 556 932 437 709 881 275 142 417 706 442 64 875 0 428 472 923 401 193 288 822 107 176 419 506 650 95 42 23 182 497 939 104 497 349 404 295 
880 219 509 57 102 150 470 89 258 674 83 591 73 609 85 730 740 204 405 696 673 585 192 728 985 806 428 0 779 35 660 44 248 916 297 606 489 955 897 966 931 135 460 437 830 24 920 85 737 152 
261 165 419 89 128 376 60 361 21 447 387 444 144 626 306 191 24 780 664 16 867 112 822 528 904 1 472 779 0 309 556 127 96 695 478 627 166 575 820 100 944 320 297 78 34 854 936 525 130 409 
704 93 971 225 759 168 554 978 507 666 6 907 558 665 95 995 836 251 678 613 817 945 528 167 252 522 923 35 309 0 339 750 251 899 579 4 102 982 215 868 476 68 729 563 662 560 113 217 326 253 
577 112 58 515 866 982 91 647 11 524 602 896 662 828 198 344 571 123 620 83 236 384 642 882 379 10 401 660 556 339 0 673 578 567 943 733 478 679 759 585 626 395 786 690 561 789 583 415 914 996 
206 94 636 758 56 696 570 408 233 235 673 448 869 137 484 58 825 532 582 575 470 391 729 214 979 626 193 44 127 750 673 0 689 417 842 835 203 556 52 889 120 930 47 783 964 4 114 716 415 349 
15 103 434 951 585 391 880 918 515 444 431 319 172 765 273 513 855 70 520 670 270 922 470 869 1 885 288 248 96 251 578 689 0 134 552 966 780 337 298 344 460 62 239 438 964 780 499 877 725 924 
605 583 958 75 555 777 991 298 528 886 480 202 884 460 945 851 589 29 860 181 978 402 276 329 312 334 822 916 695 899 567 417 134 0 77 711 515 684 537 431 642 238 197 331 799 2 889 460 839 985 
219 555 844 800 114 900 302 950 201 345 759 332 39 813 17 981 861 495 610 163 714 311 137 701 105 570 107 297 478 579 943 842 552 77 0 895 620 297 150 824 733 262 268 614 481 828 980 345 345 829 
139 918 951 746 112 226 214 304 955 223 101 367 154 280 852 361 987 354 381 816 605 268 43 206 421 626 176 606 627 4 733 835 966 711 895 0 712 582 747 336 716 397 743 42 158 833 387 376 122 582 
24 322 662 511 704 545 87 852 356 763 815 795 541 942 55 472 368 811 243 447 733 695 251 315 333 581 419 489 166 102 478 203 780 515 620 712 0 893 448 182 503 720 776 112 831 751 847 1000 501 267 
359 323 308 846 467 405 788 894 827 734 636 633 872 808 955 221 818 998 535 448 387 173 466 996 30 442 506 955 575 982 679 556 337 684 297 582 893 0 79 325 390 874 731 126 131 756 534 215 298 823 
654 961 450 38 56 385 458 766 727 923 940 446 366 921 369 928 62 339 332 73 809 919 635 148 469 587 650 897 820 215 759 52 298 537 150 747 448 79 0 348 215 755 955 569 611 656 667 635 440 844 
704 770 425 549 83 851 105 169 476 438 737 448 643 822 307 340 242 65 288 51 568 233 442 640 638 527 95 966 100 868 585 889 344 431 824 336 182 325 348 0 515 473 204 646 723 318 79 898 398 854 
772 340 671 752 461 160 185 600 267 755 88 77 623 890 10 776 92 600 127 150 308 895 894 56 148 371 42 931 944 476 626 120 460 642 733 716 503 390 215 515 0 577 791 178 776 560 609 190 648 230 
234 396 766 332 208 479 29 294 847 84 219 611 157 998 420 657 602 945 481 502 209 13 68 50 763 887 23 135 320 68 395 930 62 238 262 397 720 874 755 473 577 0 314 716 684 956 44 601 47 714 
10 890 566 278 70 572 529 430 285 502 204 29 265 92 269 958 291 207 285 932 224 644 56 296 16 330 182 460 297 729 786 47 239 197 268 743 776 731 955 204 791 314 0 234 336 918 870 713 879 904 
326 802 175 52 629 448 202 570 261 995 564 38 692 607 291 916 639 206 267 324 657 828 430 166 576 61 497 437 78 563 690 783 438 331 614 42 112 126 569 646 178 716 234 0 589 400 447 559 560 819 
29 719 12 634 167 339 926 445 157 657 508 82 185 611 217 370 339 861 411 430 70 721 609 313 452 435 939 830 34 662 561 964 964 799 481 158 831 131 611 723 776 684 336 589 0 549 166 948 658 122 
143 532 58 745 87 491 512 24 180 183 14 346 681 673 436 130 277 987 470 168 614 945 382 184 303 251 104 24 854 560 789 4 780 2 828 833 751 756 656 318 560 956 918 400 549 0 714 866 493 981 
286 163 266 721 430 586 927 955 324 360 772 931 451 217 939 694 479 156 170 215 876 432 229 200 554 427 497 920 936 113 583 114 499 889 980 387 847 534 667 79 609 44 870 447 166 714 0 443 69 558 
889 923 143 136 847 156 724 463 595 511 312 384 723 767 314 371 726 862 805 358 241 954 810 545 706 565 349 85 525 217 415 716 877 460 345 376 1000 215 635 898 190 601 713 559 948 866 443 0 144 811 
503 969 135 598 779 761 49 812 715 601 224 702 360 570 632 269 240 497 810 233 338 560 424 488 455 830 404 737 130 326 914 415 725 839 345 122 501 298 440 398 648 47 879 560 658 493 69 144 0 710 
207 213 471 588 879 235 427 849 521 924 584 457 382 695 577 683 458 999 624 546 669 8 608 344 239 554 295 152 409 253 996 349 924 985 829 582 267 823 844 854 230 714 904 819 122 981 558 811 710 0 
0 443 856 980 594 176 743 345 926 419 481 383 657 659 369 63 145 212 870 754 753 316 452 312 292 200 424 338 491 497 177 822 244 756 287 836 559 335 62 205 551 903 942 219 528 301 797 686 832 888 
443 0 897 240 430 535 232 995 214 410 683 374 117 873 1000 506 242 994 285 469 735 806 653 361 375 908 901 6 730 243 776 481 175 340 239 938 26 409 973 325 521 298 972 513 900 652 374 645 111 430 
856 897 0 362 491 53 429 865 2 390 972 114 691 67 569 154 198 513 611 669 458 4 348 867 240 276 838 964 127 605 981 554 529 886 103 38 5 607 538 479 885 623 329 125 98 159 695 699 522 905 
980 240 362 0 950 485 164 694 470 322 859 527 352 582 994 149 16 512 339 126 725 553 336 722 782 973 799 342 239 657 139 640 385 274 303 209 107 511 558 248 303 888 597 497 747 899 371 785 564 93 
594 430 491 950 0 737 64 175 810 598 429 870 69 444 148 198 138 645 174 849 520 299 497 585 128 631 126 669 877 124 530 430 446 889 15 224 280 692 703 602 814 303 273 676 831 333 376 629 180 999 
176 535 53 485 737 0 566 855 279 266 428 887 615 127 678 448 369 880 936 119 935 613 96 607 56 271 620 314 624 673 613 152 585 79 118 913 360 387 96 213 732 221 232 390 948 302 804 284 892 439 
743 232 429 164 64 566 0 537 926 841 787 800 451 714 573 119 401 83 820 152 735 779 916 399 67 696 398 230 122 432 912 336 892 620 142 383 581 390 236 173 284 439 424 615 90 855 943 831 92 969 
345 995 865 694 175 855 537 0 83 645 113 387 858 896 942 359 767 820 364 687 3 918 776 981 109 278 658 589 96 634 328 206 276 48 857 415 829 727 143 536 399 212 867 18 336 281 270 895 724 889 
926 214 2 470 810 279 926 83 0 347 306 720 608 7 676 234 880 516 230 605 722 114 640 987 371 760 502 695 787 829 813 377 547 917 753 315 982 662 595 7 24 294 791 490 436 472 2 161 183 564 
419 410 390 322 598 266 841 645 347 0 939 263 940 639 612 286 413 274 844 75 845 938 708 250 803 344 136 167 605 749 919 47 31 455 162 596 740 257 297 888 887 944 551 616 369 254 978 117 432 586 
481 683 972 859 429 428 787 113 306 939 0 731 29 511 32 151 635 856 305 910 693 344 227 163 456 380 417 616 814 146 180 357 226 940 402 312 345 26 98 359 261 54 627 170 678 855 987 525 232 571 
383 374 114 527 870 887 800 387 720 263 731 0 849 820 357 525 597 380 913 284 30 419 257 531 877 680 641 804 137 54 548 965 430 261 740 559 728 574 257 919 2 206 203 125 289 799 39 842 920 781 
657 117 691 352 69 615 451 858 608 940 29 849 0 643 551 58 548 259 600 740 609 293 305 728 837 14 983 43 763 383 675 152 51 443 560 756 68 405 36 17 430 938 459 976 207 498 306 980 371 396 
659 873 67 582 444 127 714 896 7 639 511 820 643 0 542 555 271 512 49 117 105 510 156 217 788 683 299 923 650 653 135 830 763 804 633 520 584 22 173 13 971 990 389 803 409 149 606 199 424 783 
369 1000 569 994 148 678 573 942 676 612 32 357 551 542 0 905 925 813 13 877 844 47 521 331 337 80 363 253 980 105 784 570 760 705 793 223 200 917 786 193 532 501 844 774 602 206 686 759 761 769 
63 506 154 149 198 448 119 359 234 286 151 525 58 555 905 0 487 18 808 684 142 652 41 250 297 250 168 398 627 527 608 793 187 806 86 481 915 891 903 206 441 527 609 2 894 514 151 279 640 875 
145 242 198 16 138 369 401 767 880 413 635 597 548 271 925 487 0 694 885 246 421 191 36 981 419 808 130 549 197 354 528 563 996 511 917 497 401 257 937 394 666 801 934 932 50 131 729 21 607 948 
212 994 513 512 645 880 83 820 516 274 856 380 259 512 813 18 694 0 838 754 792 509 39 277 845 448 548 5 781 476 605 463 313 943 532 676 665 687 659 667 505 372 679 79 165 397 965 365 87 988 
870 285 611 339 174 936 820 364 230 844 305 913 600 49 13 808 885 838 0 845 337 562 135 83 994 66 360 620 953 536 779 955 676 27 529 992 237 778 626 784 361 252 36 965 109 348 694 310 832 223 
754 469 669 126 849 119 152 687 605 75 910 284 740 117 877 684 246 754 845 0 885 66 946 704 73 835 175 276 670 399 534 94 445 157 514 313 908 445 636 274 837 353 888 420 540 897 618 26 102 8 
753 735 458 725 520 935 735 3 722 845 693 30 609 105 844 142 421 792 337 885 0 520 485 343 967 621 518 663 127 574 935 490 723 165 757 85 897 733 890 544 276 113 86 369 867 181 541 801 274 79 
316 806 4 553 299 613 779 918 114 938 344 419 293 510 47 652 191 509 562 66 520 0 717 454 793 132 864 372 342 241 733 877 219 825 499 947 52 244 698 88 583 279 996 166 412 201 898 6 973 559 
452 653 348 336 497 96 916 776 640 708 227 257 305 156 521 41 36 39 135 946 485 717 0 965 668 673 835 110 492 208 809 440 836 28 87 482 142 728 409 202 562 531 34 885 178 178 573 214 237 542 
312 361 867 722 585 607 399 981 987 250 163 531 728 217 331 250 981 277 83 704 343 454 965 0 214 812 534 245 232 295 403 596 323 787 912 74 920 460 38 999 532 19 495 184 714 853 300 235 195 553 
292 375 240 782 128 56 67 109 371 803 456 877 837 788 337 297 419 845 994 73 967 793 668 214 0 155 518 484 545 540 440 430 545 223 859 566 151 538 162 592 327 746 766 50 595 434 157 702 386 783 
200 908 276 973 631 271 696 278 760 344 380 680 14 683 80 250 808 448 66 835 621 132 673 812 155 0 857 11 796 462 560 165 737 130 701 906 53 696 535 226 110 570 634 523 37 633 17 827 233 11 
424 901 838 799 126 620 398 658 502 136 417 641 983 299 363 168 130 548 360 175 518 864 835 534 518 857 0 983 79 664 999 938 128 779 669 167 978 535 860 949 468 577 427 79 967 14 850 178 762 391 
338 6 964 342 669 314 230 589 695 167 616 804 43 923 253 398 549 5 620 276 663 372 110 245 484 11 983 0 366 722 408 304 790 639 389 93 158 200 849 787 872 449 83 891 740 482 3 80 705 895 
491 730 127 239 877 624 122 96 787 605 814 137 763 650 980 627 197 781 953 670 127 342 492 232 545 796 79 366 0 887 447 471 248 821 900 206 847 593 667 607 762 35 898 374 781 661 207 485 901 324 
497 243 605 657 124 673 432 634 829 749 146 54 383 653 105 527 354 476 536 399 574 241 208 295 540 462 664 722 887 0 938 881 250 49 909 392 648 866 883 110 161 139 307 652 125 526 222 65 213 942 
177 776 981 139 530 613 912 328 813 919 180 548 675 135 784 608 528 605 779 534 935 733 809 403 440 560 999 408 447 938 0 133 292 334 161 976 424 368 622 808 519 225 389 266 311 186 361 78 238 118 
822 481 554 640 430 152 336 206 377 47 357 965 152 830 570 793 563 463 955 94 490 877 440 596 430 165 938 304 471 881 133 0 633 196 35 187 327 543 300 951 178 516 133 400 8 181 281 391 40 143 
244 175 529 385 446 585 892 276 547 31 226 430 51 763 760 187 996 313 676 445 723 219 836 323 545 737 128 790 248 250 292 633 0 503 397 459 721 562 227 568 937 214 340 477 64 521 683 947 658 170 
756 340 886 274 889 79 620 48 917 455 940 261 443 804 705 806 511 943 27 157 165 825 28 787 223 130 779 639 821 49 334 196 503 0 797 422 253 221 945 225 840 977 304 812 441 672 10 911 26 612 
287 239 103 303 15 118 142 857 753 162 402 740 560 633 793 86 917 532 529 514 757 499 87 912 859 701 669 389 900 909 161 35 397 797 0 1000 236 561 166 699 947 325 644 124 934 712 348 452 719 638 
836 938 38 209 224 913 383 415 315 596 312 559 756 520 223 481 497 676 992 313 85 947 482 74 566 906 167 93 206 392 976 187 459 422 1000 0 889 472 437 856 655 506 826 83 858 289 74 177 732 432 
559 26 5 107 280 360 581 829 982 740 345 728 68 584 200 915 401 665 237 908 897 52 142 920 151 53 978 158 847 648 424 327 721 253 236 889 0 562 117 198 210 68 656 962 392 611 967 861 191 185 
335 409 607 511 692 387 390 727 662 257 26 574 405 22 917 891 257 687 778 445 733 244 728 460 538 696 535 200 593 866 368 543 562 221 561 472 562 0 155 703 183 449 670 421 136 72 295 282 24 260 
62 973 538 558 703 96 236 143 595 297 98 257 36 173 786 903 937 659 626 636 890 698 409 38 162 535 860 849 667 883 622 300 227 945 166 437 117 155 0 126 582 377 281 70 444 944 768 65 132 168 
205 325 479 248 602 213 173 536 7 888 359 919 17 13 193 206 394 667 784 274 544 88 202 999 592 226 949 787 607 110 808 951 568 225 699 856 198 703 126 0 675 516 699 60 720 311 363 987 229 694 
551 521 885 303 814 732 284 399 24 887 261 2 430 971 532 441 666 505 361 837 276 583 562 532 327 110 468 872 762 161 519 178 937 840 947 655 210 183 582 675 0 145 442 551 945 914 231 690 433 864 
903 298 623 888 303 221 439 212 294 944 54 206 938 990 501 527 801 372 252 353 113 279 531 19 746 570 577 449 35 139 225 516 214 977 325 506 68 449 377 516 145 0 767 608 174 820 8 646 394 102 
942 972 329 597 273 232 424 867 791 551 627 203 459 389 844 609 934 679 36 888 86 996 34 495 766 634 427 83 898 307 389 133 340 304 644 826 656 670 281 699 442 767 0 175 160 420 791 717 273 151 
219 513 125 497 676 390 615 18 490 616 170 125 976 803 774 2 932 79 965 420 369 166 885 184 50 523 79 891 374 652 266 400 477 812 124 83 962 421 70 60 551 608 175 0 518 815 981 485 635 426 
528 900 98 747 831 948 90 336 436 369 678 289 207 409 602 894 50 165 109 540 867 412 178 714 595 37 967 740 781 125 311 8 64 441 934 858 392 136 444 720 945 174 160 518 0 903 132 692 969 234 
301 652 159 899 333 302 855 281 472 254 855 799 498 149 206 514 131 397 348 897 181 201 178 853 434 633 14 482 661 526 186 181 521 672 712 289 611 72 944 311 914 820 420 815 903 0 138 745 149 104 
797 374 695 371 376 804 943 270 2 978 987 39 306 606 686 151 729 965 694 618 541 898 573 300 157 17 850 3 207 222 361 281 683 10 348 74 967 295 768 363 231 8 791 981 132 138 0 595 649 563 
686 645 699 785 629 284 831 895 161 117 525 842 980 199 759 279 21 365 310 26 801 6 214 235 702 827 178 80 485 65 78 391 947 911 452 177 861 282 65 987 690 646 717 485 692 745 595 0 314 224 
832 111 522 564 180 892 92 724 183 432 232 920 371 424 761 640 607 87 832 102 274 973 237 195 386 233 762 705 901 213 238 40 658 26 719 732 191 24 132 229 433 394 273 635 969 149 649 314 0 454 
888 430 905 93 999 439 969 889 564 586 571 781 396 783 769 875 948 988 223 8 79 559 542 553 783 11 391 895 324 942 118 143 170 612 638 432 185 260 168 694 864 102 151 426 234 104 563 224 454 0 
0 926 31 793 667 580 618 637 745 428 52 178 799 287 139 597 984 980 70 868 118 308 113 392 40 289 971 30 968 167 242 683 934 222 485 629 437 224 226 932 163 294 560 81 136 612 172 623 275 546 
926 0 872 680 810 39 186 290 76 638 917 882 83 992 194 224 638 798 399 500 377 817 707 486 647 190 693 123 126 965 696 571 672 175 233 634 847 4 445 846 54 97 746 403 820 784 293 310 464 927 
31 872 0 464 718 5 357 916 54 417 844 874 195 554 223 766 627 922 620 149 775 10 124 94 596 397 265 486 281 179 645 801 171 782 439 153 180 777 164 211 603 424 287 495 829 123 516 527 579 329 
793 680 464 0 524 895 648 648 444 623 557 785 82 631 550 167 918 503 198 294 479 34 453 192 374 71 673 559 933 390 60 107 576 604 808 433 119 679 123 330 125 98 939 57 171 200 802 882 104 237 
667 810 718 524 0 462 883 61 28 331 925 422 23 695 41 163 545 305 155 714 586 621 328 512 876 948 19 901 648 855 335 944 686 271 381 776 540 771 646 697 338 524 36 518 395 169 938 954 575 775 
580 39 5 895 462 0 612 832 236 488 215 679 33 110 793 736 940 996 694 28 725 768 563 379 111 653 592 662 951 814 941 677 404 870 159 929 935 314 45 216 816 685 936 624 298 988 179 263 277 218 
618 186 357 648 883 612 0 42 140 975 964 293 14 649 868 307 849 327 576 937 564 975 275 726 542 383 257 39 615 10 612 842 298 982 554 16 337 601 41 304 889 715 302 173 852 913 448 788 354 428 
637 290 916 648 61 832 42 0 831 961 386 243 712 350 930 880 335 476 217 938 957 609 427 569 186 895 872 205 457 374 9 321 191 957 756 792 560 773 675 396 569 304 401 410 845 179 744 937 221 823 
745 76 54 444 28 236 140 831 0 204 309 221 692 416 289 636 269 867 570 935 171 504 795 649 191 61 486 952 31 94 454 451 499 860 883 320 701 648 348 678 958 366 623 716 465 874 334 853 941 978 
428 638 417 623 331 488 975 961 204 0 25 72 75 913 512 571 51 149 848 122 848 240 569 91 989 828 428 454 811 452 254 189 563 855 655 224 677 887 734 981 609 837 389 58 161 796 910 106 378 678 
52 917 844 557 925 215 964 386 309 25 0 972 469 867 521 664 224 234 917 219 351 863 257 529 443 400 337 344 541 153 740 84 347 738 104 166 389 870 420 776 698 411 227 246 6 163 66 284 406 959 
178 882 874 785 422 679 293 243 221 72 972 0 587 418 763 548 892 195 780 608 862 4 717 770 975 758 830 273 887 998 26 148 305 442 645 219 229 890 207 208 48 50 863 939 7 952 97 210 489 17 
799 83 195 82 23 33 14 712 692 75 469 587 0 970 139 471 771 132 163 780 73 544 574 468 99 766 857 445 121 804 884 875 367 45 44 353 706 328 207 197 15 790 105 841 469 750 484 776 281 705 
287 992 554 631 695 110 649 350 416 913 867 418 970 0 369 11 181 245 971 52 589 321 81 154 888 400 725 90 535 16 168 294 987 893 230 48 120 819 957 113 630 615 665 607 851 454 114 422 457 372 
139 194 223 550 41 793 868 930 289 512 521 763 139 369 0 328 372 76 442 600 946 362 321 996 559 586 261 157 244 911 155 645 174 789 274 980 574 760 298 462 334 653 605 210 289 813 581 683 206 64 
597 224 766 167 163 736 307 880 636 571 664 548 471 11 328 0 79 831 494 946 845 133 738 430 774 876 690 814 470 53 20 917 876 424 968 207 874 221 441 364 581 615 216 426 162 500 150 250 44 677 
984 638 627 918 545 940 849 335 269 51 224 892 771 181 372 79 0 608 986 256 167 951 209 333 719 241 976 360 538 750 647 840 757 453 125 889 562 1 739 4 902 364 970 893 310 969 469 399 731 625 
980 798 922 503 305 996 327 476 867 149 234 195 132 245 76 831 608 0 528 211 596 688 932 585 38 678 1000 879 134 718 849 48 908 40 196 199 221 712 454 640 615 960 273 966 745 101 578 926 939 460 
70 399 620 198 155 694 576 217 570 848 917 780 163 971 442 494 986 528 0 862 586 670 186 933 684 13 306 131 787 968 382 486 582 340 769 823 394 949 924 253 689 892 517 736 879 991 485 671 161 192 
868 500 149 294 714 28 937 938 935 122 219 608 780 52 600 946 256 211 862 0 405 619 511 127 580 174 7 986 216 215 865 414 620 185 152 429 309 799 677 205 844 320 638 687 645 964 898 688 459 422 
118 377 775 479 586 725 564 957 171 848 351 862 73 589 946 845 167 596 586 405 0 839 321 265 985 59 956 737 466 690 657 138 527 294 277 895 40 356 586 588 910 554 582 276 387 956 446 410 504 10 
308 817 10 34 621 768 975 609 504 240 863 4 544 321 362 133 951 688 670 619 839 0 9 466 819 766 999 342 727 482 625 436 806 206 600 676 223 367 439 825 827 361 871 328 853 7 945 145 948 454 
113 707 124 453 328 563 275 427 795 569 257 717 574 81 321 738 209 932 186 511 321 9 0 39 22 340 518 364 375 416 495 545 549 269 215 476 670 327 26 318 123 123 217 755 371 233 650 713 173 98 
392 486 94 192 512 379 726 569 649 91 529 770 468 154 996 430 333 585 933 127 265 466 39 0 311 207 427 663 359 770 31 929 131 734 906 423 687 687 2 808 433 879 707 133 312 234 590 784 654 646 
40 647 596 374 876 111 542 186 191 989 443 975 99 888 559 774 719 38 684 580 985 819 22 311 0 448 641 495 784 543 950 910 834 651 784 372 53 197 634 82 712 416 423 963 612 781 765 907 882 51 
289 190 397 71 948 653 383 895 61 828 400 758 766 400 586 876 241 678 13 174 59 766 340 207 448 0 143 276 480 443 154 428 256 750 853 890 972 752 181 26 652 963 756 920 200 310 308 692 733 451 
971 693 265 673 19 592 257 872 486 428 337 830 857 725 261 690 976 1000 306 7 956 999 518 427 641 143 0 883 348 232 541 46 962 529 237 808 967 693 53 127 878 261 315 772 120 384 262 406 558 498 
30 123 486 559 901 662 39 205 952 454 344 273 445 90 157 814 360 879 131 986 737 342 364 663 495 276 883 0 3 722 481 1 894 16 378 280 143 932 624 242 696 824 519 127 666 117 922 513 611 192 
968 126 281 933 648 951 615 457 31 811 541 887 121 535 244 470 538 134 787 216 466 727 375 359 784 480 348 3 0 587 89 352 697 341 576 209 753 726 879 255 466 607 95 550 829 3 396 265 286 695 
167 965 179 390 855 814 10 374 94 452 153 998 804 16 911 53 750 718 968 215 690 482 416 770 543 443 232 722 587 0 100 313 570 316 951 731 870 55 891 703 606 654 864 431 585 375 405 979 500 610 
242 696 645 60 335 941 612 9 454 254 740 26 884 168 155 20 647 849 382 865 657 625 495 31 950 154 541 481 89 100 0 402 881 836 898 745 913 919 406 368 440 86 97 425 779 232 988 129 506 33 
683 571 801 107 944 677 842 321 451 189 84 148 875 294 645 917 840 48 486 414 138 436 545 929 910 428 46 1 352 313 402 0 863 390 637 320 750 257 350 662 152 160 485 289 298 264 814 163 400 9 
934 672 171 576 686 404 298 191 499 563 347 305 367 987 174 876 757 908 582 620 527 806 549 131 834 256 962 894 697 570 881 863 0 945 279 131 631 785 645 147 206 755 320 991 46 383 127 534 875 982 
222 175 782 604 271 870 982 957 860 855 738 442 45 893 789 424 453 40 340 185 294 206 269 734 651 750 529 16 341 316 836 390 945 0 900 279 93 443 975 277 316 310 530 760 545 327 88 765 451 299 
485 233 439 808 381 159 554 756 883 655 104 645 44 230 274 968 125 196 769 152 277 600 215 906 784 853 237 378 576 951 898 637 279 900 0 963 148 17 758 681 57 465 599 258 755 419 420 849 926 475 
629 634 153 433 776 929 16 792 320 224 166 219 353 48 980 207 889 199 823 429 895 676 476 423 372 890 808 280 209 731 745 320 131 279 963 0 576 763 448 733 345 705 524 850 273 604 284 219 127 327 
437 847 180 119 540 935 337 560 701 677 389 229 706 120 574 874 562 221 394 309 40 223 670 687 53 972 967 143 753 870 913 750 631 93 148 576 0 70 662 629 925 115 283 796 815 86 150 598 18 966 
224 4 777 679 771 314 601 773 648 887 870 890 328 819 760 221 1 712 949 799 356 367 327 687 197 752 693 932 726 55 919 257 785 443 17 763 70 0 774 324 156 511 796 83 747 364 839 479 408 57 
226 445 164 123 646 45 41 675 348 734 420 207 207 957 298 441 739 454 924 677 586 439 26 2 634 181 53 624 879 891 406 350 645 975 758 448 662 774 0 41 577 676 809 658 691 901 329 592 757 930 
932 846 211 330 697 216 304 396 678 981 776 208 197 113 462 364 4 640 253 205 588 825 318 808 82 26 127 242 255 703 368 662 147 277 681 733 629 324 41 0 674 760 584 194 926 543 417 969 280 150 
163 54 603 125 338 816 889 569 958 609 698 48 15 630 334 581 902 615 689 844 910 827 123 433 712 652 878 696 466 606 440 152 206 316 57 345 925 156 577 674 0 911 235 122 296 752 631 796 189 644 
294 97 424 98 524 685 715 304 366 837 411 50 790 615 653 615 364 960 892 320 554 361 123 879 416 963 261 824 607 654 86 160 755 310 465 705 115 511 676 760 911 0 370 609 517 281 530 633 409 716 
560 746 287 939 36 936 302 401 623 389 227 863 105 665 605 216 970 273 517 638 582 871 217 707 423 756 315 519 95 864 97 485 320 530 599 524 283 796 809 584 235 370 0 433 799 919 535 705 622 393 
81 403 495 57 518 624 173 410 716 58 246 939 841 607 210 426 893 966 736 687 276 328 755 133 963 920 772 127 550 431 425 289 991 760 258 850 796 83 658 194 122 609 433 0 4 802 451 462 749 967 
136 820 829 171 395 298 852 845 465 161 6 7 469 851 289 162 310 745 879 645 387 853 371 312 612 200 120 666 829 585 779 298 46 545 755 273 815 747 691 926 296 517 799 4 0 431 620 624 414 432 
612 784 123 200 169 988 913 179 874 796 163 952 750 454 813 500 969 101 991 964 956 7 233 234 781 310 384 117 3 375 232 264 383 327 419 604 86 364 901 543 752 281 919 802 431 0 818 121 82 803 
172 293 516 802 938 179 448 744 334 910 66 97 484 114 581 150 469 578 485 898 446 945 650 590 765 308 262 922 396 405 988 814 127 88 420 284 150 839 329 417 631 530 535 451 620 818 0 643 925 629 
623 310 527 882 954 263 788 937 853 106 284 210 776 422 683 250 399 926 671 688 410 145 713 784 907 692 406 513 265 979 129 163 534 765 849 219 598 479 592 969 796 633 705 462 624 121 643 0 433 698 
275 464 579 104 575 277 354 221 941 378 406 489 281 457 206 44 731 939 161 459 504 948 173 654 882 733 558 611 286 500 506 400 875 451 926 127 18 408 757 280 189 409 622 749 414 82 925 433 0 871 
546 927 329 237 775 218 428 823 978 678 959 17 705 372 64 677 625 460 192 422 10 454 98 646 51 451 498 192 695 610 33 9 982 299 475 327 966 57 930 150 644 716 393 967 432 803 629 698 871 0 
0 753 195 564 167 500 732 721 504 928 794 578 862 448 189 729 323 194 669 842 131 795 728 894 646 205 45 481 367 9 363 375 971 675 582 132 770 907 59 69 505 166 915 247 426 944 928 302 353 765 
753 0 303 452 730 218 228 222 111 620 171 582 573 598 740 335 672 522 677 27 80 876 744 703 357 927 249 647 664 672 21 147 341 254 235 351 800 466 977 794 949 104 376 4 69 366 763 569 363 124 
195 303 0 2 281 349 173 195 814 358 113 950 470 214 432 832 5 592 509 513 615 394 554 537 35 641 923 789 978 167 764 389 218 273 57 857 683 744 247 602 460 844 14 874 459 206 5 105 213 612 
564 452 2 0 17 216 483 980 193 953 322 792 96 890 252 424 28 515 923 450 596 722 156 545 600 990 433 790 631 249 613 426 33 743 570 578 502 790 906 139 177 981 58 221 305 422 875 510 695 107 
167 730 281 17 0 263 448 907 948 71 437 817 231 958 832 713 863 118 245 779 92 695 408 46 775 801 679 156 74 613 940 670 944 185 627 12 608 490 407 477 111 29 70 985 945 661 872 629 292 375 
500 218 349 216 263 0 684 490 11 624 820 136 209 867 202 560 147 788 196 17 921 202 785 516 347 120 880 551 263 98 731 885 699 392 127 211 913 558 254 432 454 922 447 463 362 304 896 680 526 729 
