9 3
0 544 248 188 403 797 943 330 465 
544 0 593 832 430 229 370 990 25 
248 593 0 391 147 340 377 902 689 
188 832 391 0 407 549 47 345 776 
403 430 147 407 0 434 137 327 945 
797 229 340 549 434 0 385 778 220 
943 370 377 47 137 385 0 273 211 
330 990 902 345 327 778 273 0 128 
465 25 689 776 945 220 211 128 0 
0 625 169 154 47 285 893 785 265 
625 0 838 515 547 51 617 745 495 
169 838 0 281 790 848 298 836 858 
154 515 281 0 543 282 332 903 615 
47 547 790 543 0 535 96 67 329 
285 51 848 282 535 0 752 706 282 
893 617 298 332 96 752 0 433 442 
785 745 836 903 67 706 433 0 156 
265 495 858 615 329 282 442 156 0 
0 376 832 847 954 716 108 216 736 
376 0 163 486 454 950 384 256 506 
832 163 0 720 211 153 703 165 143 
847 486 720 0 458 719 669 98 386 
954 454 211 458 0 466 905 934 672 
716 950 153 719 466 0 249 295 719 
108 384 703 669 905 249 0 568 559 
216 256 165 98 934 295 568 0 845 
736 506 143 386 672 719 559 845 0 
0 376 832 847 954 716 108 216 736 
376 0 163 486 454 950 384 256 506 
832 163 0 720 211 153 703 165 143 
847 486 720 0 458 719 669 98 386 
954 454 211 458 0 466 905 934 672 
716 950 153 719 466 0 249 295 719 
108 384 703 669 905 249 0 568 559 
216 256 165 98 934 295 568 0 845 
736 506 143 386 672 719 559 845 0 
