6 4
0 774 34 397 940 378 
774 0 654 5 8 425 
34 654 0 177 493 205 
397 5 177 0 420 349 
940 8 493 420 0 958 
378 425 205 349 958 0 
0 952 474 61 375 63 
952 0 937 45 804 482 
474 937 0 306 650 248 
61 45 306 0 718 7 
375 804 650 718 0 711 
63 482 248 7 711 0 
0 876 600 96 277 149 
876 0 881 282 828 442 
600 881 0 385 614 186 
96 282 385 0 676 68 
277 828 614 676 0 747 
149 442 186 68 747 0 
0 781 613 187 458 116 
781 0 891 188 796 701 
613 891 0 374 701 251 
187 188 374 0 718 86 
458 796 701 718 0 598 
116 701 251 86 598 0 
0 954 379 42 339 193 
954 0 975 154 667 529 
379 975 0 400 774 245 
42 154 400 0 753 135 
339 667 774 753 0 865 
193 529 245 135 865 0 
