10 4
0 100 728 205 590 165 543 876 900 706 
100 0 463 349 566 341 575 186 118 714 
728 463 0 958 694 207 58 350 600 287 
205 349 958 0 517 217 517 317 403 524 
590 566 694 517 0 804 805 876 533 508 
165 341 207 217 804 0 75 766 903 735 
543 575 58 517 805 75 0 238 195 827 
876 186 350 317 876 766 238 0 917 714 
900 118 600 403 533 903 195 917 0 104 
706 714 287 524 508 735 827 714 104 0 
0 86 229 124 387 441 338 855 908 385 
86 0 502 15 898 624 183 624 96 930 
229 502 0 122 662 937 269 521 226 604 
124 15 122 0 884 83 474 813 45 935 
387 898 662 884 0 167 858 941 282 164 
441 624 937 83 167 0 389 816 111 148 
338 183 269 474 858 389 0 282 635 834 
855 624 521 813 941 816 282 0 154 400 
908 96 226 45 282 111 635 154 0 842 
385 930 604 935 164 148 834 400 842 0 
0 86 229 124 387 441 338 855 908 385 
86 0 502 15 898 624 183 624 96 930 
229 502 0 122 662 937 269 521 226 604 
124 15 122 0 884 83 474 813 45 935 
387 898 662 884 0 167 858 941 282 164 
441 624 937 83 167 0 389 816 111 148 
338 183 269 474 858 389 0 282 635 834 
855 624 521 813 941 816 282 0 154 400 
908 96 226 45 282 111 635 154 0 842 
385 930 604 935 164 148 834 400 842 0 
0 86 229 124 387 441 338 855 908 385 
86 0 502 15 898 624 183 624 96 930 
229 502 0 122 662 937 269 521 226 604 
124 15 122 0 884 83 474 813 45 935 
387 898 662 884 0 167 858 941 282 164 
441 624 937 83 167 0 389 816 111 148 
338 183 269 474 858 389 0 282 635 834 
855 624 521 813 941 816 282 0 154 400 
908 96 226 45 282 111 635 154 0 842 
385 930 604 935 164 148 834 400 842 0 
0 86 229 124 387 441 338 855 908 385 
86 0 502 15 898 624 183 624 96 930 
229 502 0 122 662 937 269 521 226 604 
124 15 122 0 884 83 474 813 45 935 
387 898 662 884 0 167 858 941 282 164 
441 624 937 83 167 0 389 816 111 148 
338 183 269 474 858 389 0 282 635 834 
855 624 521 813 941 816 282 0 154 400 
908 96 226 45 282 111 635 154 0 842 
385 930 604 935 164 148 834 400 842 0 
