20 4
0 397 703 619 592 354 74 607 826 837 190 140 121 383 385 71 553 998 341 186 
397 0 151 896 852 960 799 527 559 186 299 474 946 392 750 31 575 483 254 542 
703 151 0 14 434 472 966 472 557 984 264 223 45 3 711 517 111 944 279 494 
619 896 14 0 147 602 114 833 6 881 579 639 801 650 501 430 527 78 898 54 
592 852 434 147 0 547 99 403 589 654 834 692 280 966 489 269 846 402 163 330 
354 960 472 602 547 0 151 601 130 779 628 850 316 533 665 147 341 136 177 16 
74 799 966 114 99 151 0 164 534 112 38 99 937 296 833 712 420 875 982 181 
607 527 472 833 403 601 164 0 322 312 597 853 143 154 808 376 298 915 378 634 
826 559 557 6 589 130 534 322 0 212 685 193 80 731 932 480 90 589 4 816 
837 186 984 881 654 779 112 312 212 0 11 970 761 369 663 174 899 329 430 669 
190 299 264 579 834 628 38 597 685 11 0 567 583 719 602 226 940 817 833 308 
140 474 223 639 692 850 99 853 193 970 567 0 674 144 239 993 930 74 89 841 
121 946 45 801 280 316 937 143 80 761 583 674 0 54 515 175 735 247 826 255 
383 392 3 650 966 533 296 154 731 369 719 144 54 0 763 334 383 357 472 900 
385 750 711 501 489 665 833 808 932 663 602 239 515 763 0 994 989 602 857 540 
71 31 517 430 269 147 712 376 480 174 226 993 175 334 994 0 143 118 674 969 
553 575 111 527 846 341 420 298 90 899 940 930 735 383 989 143 0 958 399 233 
998 483 944 78 402 136 875 915 589 329 817 74 247 357 602 118 958 0 758 326 
341 254 279 898 163 177 982 378 4 430 833 89 826 472 857 674 399 758 0 736 
186 542 494 54 330 16 181 634 816 669 308 841 255 900 540 969 233 326 736 0 
0 165 719 335 26 454 940 572 741 718 291 553 24 849 867 851 562 485 102 677 
165 0 611 387 663 438 526 585 226 411 510 41 233 697 426 411 429 608 603 474 
719 611 0 748 626 482 587 107 207 61 860 794 752 755 736 871 590 248 685 579 
335 387 748 0 30 984 770 278 589 507 284 349 452 199 69 193 286 975 777 662 
26 663 626 30 0 644 447 760 481 762 635 95 95 608 798 220 223 928 628 237 
454 438 482 984 644 0 751 746 800 417 788 130 194 871 288 417 826 250 222 389 
940 526 587 770 447 751 0 126 192 623 295 689 676 829 546 269 677 917 438 224 
572 585 107 278 760 746 126 0 958 687 367 508 164 558 101 688 380 895 188 963 
741 226 207 589 481 800 192 958 0 400 304 712 750 819 445 727 562 424 121 485 
718 411 61 507 762 417 623 687 400 0 690 532 676 685 211 317 63 109 814 826 
291 510 860 284 635 788 295 367 304 690 0 371 848 144 286 239 652 837 380 604 
553 41 794 349 95 130 689 508 712 532 371 0 918 171 765 719 543 14 656 217 
24 233 752 452 95 194 676 164 750 676 848 918 0 655 584 904 612 82 165 110 
849 697 755 199 608 871 829 558 819 685 144 171 655 0 746 633 442 708 764 678 
867 426 736 69 798 288 546 101 445 211 286 765 584 746 0 302 11 232 747 118 
851 411 871 193 220 417 269 688 727 317 239 719 904 633 302 0 170 177 133 646 
562 429 590 286 223 826 677 380 562 63 652 543 612 442 11 170 0 374 576 728 
485 608 248 975 928 250 917 895 424 109 837 14 82 708 232 177 374 0 797 177 
102 603 685 777 628 222 438 188 121 814 380 656 165 764 747 133 576 797 0 871 
677 474 579 662 237 389 224 963 485 826 604 217 110 678 118 646 728 177 871 0 
0 819 285 601 984 612 56 522 282 177 729 553 941 257 259 288 394 390 860 261 
819 0 431 792 503 582 639 596 888 496 530 932 742 320 442 611 499 428 500 661 
285 431 0 178 480 466 447 989 917 922 172 160 360 192 341 134 217 788 328 523 
601 792 178 0 902 189 177 796 524 673 617 692 610 862 944 781 804 160 292 381 
984 503 480 902 0 422 479 376 483 336 426 893 779 428 546 617 993 18 355 836 
612 582 466 189 422 0 319 460 155 623 138 745 868 148 707 646 105 811 691 577 
56 639 447 177 479 319 0 731 811 220 660 207 357 248 526 677 366 106 679 574 
522 596 989 796 376 460 731 0 9 426 472 461 937 139 880 244 619 395 842 157 
282 888 917 524 483 155 811 9 0 627 586 283 355 35 680 481 492 689 858 495 
177 496 922 673 336 623 220 426 627 0 190 526 321 607 830 630 975 925 364 136 
729 530 172 617 426 138 660 472 586 190 0 492 131 845 719 611 433 203 599 243 
553 932 160 692 893 745 207 461 283 526 492 0 149 661 140 289 540 949 349 723 
941 742 360 610 779 868 357 937 355 321 131 149 0 385 553 379 376 829 812 724 
257 320 192 862 428 148 248 139 35 607 845 661 385 0 199 336 482 114 147 297 
259 442 341 944 546 707 526 880 680 830 719 140 553 199 0 709 983 767 317 981 
288 611 134 781 617 646 677 244 481 630 611 289 379 336 709 0 907 786 852 261 
394 499 217 804 993 105 366 619 492 975 433 540 376 482 983 907 0 745 599 179 
390 428 788 160 18 811 106 395 689 925 203 949 829 114 767 786 745 0 139 682 
860 500 328 292 355 691 679 842 858 364 599 349 812 147 317 852 599 139 0 271 
261 661 523 381 836 577 574 157 495 136 243 723 724 297 981 261 179 682 271 0 
0 871 168 787 901 416 31 320 162 401 690 361 682 95 110 230 393 568 954 370 
871 0 503 746 351 468 433 276 923 431 738 962 618 242 600 582 588 359 459 342 
168 503 0 511 306 468 528 942 556 892 77 280 230 93 116 174 480 657 124 482 
787 746 511 0 934 140 100 690 557 542 843 745 603 996 798 930 720 195 264 314 
901 351 306 934 0 407 270 214 599 200 412 918 856 332 347 935 784 5 174 913 
416 468 468 140 407 0 231 142 135 548 45 752 905 141 899 385 89 587 926 689 
31 433 528 100 270 231 0 922 794 379 780 342 279 224 318 848 359 95 665 773 
320 276 942 690 214 142 922 0 26 200 628 366 782 612 938 383 442 54 870 124 
162 923 556 557 599 135 794 26 0 450 628 518 133 330 471 264 469 494 852 411 
401 431 892 542 200 548 379 200 450 0 110 518 417 507 708 778 782 963 133 247 
690 738 77 843 412 45 780 628 628 110 0 763 203 948 774 693 268 239 492 537 
361 962 280 745 918 752 342 366 518 518 763 0 104 648 94 221 575 804 485 797 
682 618 230 603 856 905 279 782 133 417 203 104 0 316 395 131 402 734 769 909 
95 242 93 996 332 141 224 612 330 507 948 648 316 0 191 365 570 409 264 303 
110 600 116 798 347 899 318 938 471 708 774 94 395 191 0 657 807 680 229 865 
230 582 174 930 935 385 848 383 264 778 693 221 131 365 657 0 810 891 944 363 
393 588 480 720 784 89 359 442 469 782 268 575 402 570 807 810 0 719 460 411 
568 359 657 195 5 587 95 54 494 963 239 804 734 409 680 891 719 0 392 778 
954 459 124 264 174 926 665 870 852 133 492 485 769 264 229 944 460 392 0 95 
370 342 482 314 913 689 773 124 411 247 537 797 909 303 865 363 411 778 95 0 
0 888 354 688 769 747 195 425 218 163 701 421 841 118 68 415 427 513 635 248 
888 0 574 745 305 772 345 410 841 768 309 832 923 478 473 507 542 278 384 539 
354 574 0 191 526 484 218 983 746 771 181 263 134 287 58 56 433 706 178 322 
688 745 191 0 889 147 268 705 378 409 927 495 543 951 944 800 740 25 308 231 
769 305 526 889 0 228 522 348 746 195 334 678 888 327 163 699 765 7 480 870 
747 772 484 147 228 0 392 207 259 568 208 827 707 366 767 453 219 861 841 603 
195 345 218 268 522 392 0 925 742 507 782 410 352 101 537 642 275 74 496 728 
425 410 983 705 348 207 925 0 64 337 648 412 690 355 952 376 582 159 690 186 
218 841 746 378 746 259 742 64 0 711 715 268 187 106 619 205 414 663 847 613 
163 768 771 409 195 568 507 337 711 0 227 516 259 528 844 605 845 962 344 20 
701 309 181 927 334 208 782 648 715 227 0 622 21 793 785 696 217 182 619 294 
421 832 263 495 678 827 410 412 268 516 622 0 45 784 114 282 393 866 199 900 
841 923 134 543 888 707 352 690 187 259 21 45 0 299 486 236 601 665 969 816 
118 478 287 951 327 366 101 355 106 528 793 784 299 0 298 387 484 341 266 319 
68 473 58 944 163 767 537 952 619 844 785 114 486 298 0 643 783 757 282 693 
415 507 56 800 699 453 642 376 205 605 696 282 236 387 643 0 736 821 911 394 
427 542 433 740 765 219 275 582 414 845 217 393 601 484 783 736 0 644 386 170 
513 278 706 25 7 861 74 159 663 962 182 866 665 341 757 821 644 0 290 940 
635 384 178 308 480 841 496 690 847 344 619 199 969 266 282 911 386 290 0 81 
248 539 322 231 870 603 728 186 613 20 294 900 816 319 693 394 170 940 81 0 
