7 2
0 766 274 345 649 838 958 
766 0 343 397 851 130 809 
274 343 0 523 333 968 703 
345 397 523 0 551 820 151 
649 851 333 551 0 663 210 
838 130 968 820 663 0 189 
958 809 703 151 210 189 0 
0 165 517 392 993 864 895 
165 0 227 154 420 262 457 
517 227 0 949 118 976 77 
392 154 949 0 982 536 345 
993 420 118 982 0 207 342 
864 262 976 536 207 0 406 
895 457 77 345 342 406 0 
0 588 316 468 155 122 127 
588 0 811 857 644 583 720 
316 811 0 69 838 112 949 
468 857 69 0 168 446 636 
155 644 838 168 0 854 610 
122 583 112 446 854 0 771 
127 720 949 636 610 771 0 
