10 2
0 574 433 516 753 90 943 104 862 476 
574 0 73 813 412 449 566 465 464 571 
433 73 0 822 210 981 330 25 206 464 
516 813 822 0 245 943 990 689 483 409 
753 412 210 245 0 370 902 776 346 503 
90 449 981 943 370 0 345 945 607 491 
943 566 330 990 902 345 0 220 317 999 
104 465 25 689 776 945 220 0 508 685 
862 464 206 483 346 607 317 508 0 86 
476 571 464 409 503 491 999 685 86 0 
0 701 732 154 252 619 848 893 706 67 
701 0 990 468 486 212 813 764 934 709 
732 990 0 315 533 213 321 828 948 906 
154 468 315 0 47 62 535 298 785 433 
252 486 533 47 0 984 143 548 909 940 
619 212 213 62 984 0 138 267 251 705 
848 813 321 535 143 138 0 96 836 265 
893 764 828 298 548 267 96 0 69 147 
706 934 948 785 909 251 836 69 0 169 
67 709 906 433 940 705 265 147 169 0 
0 701 732 154 252 619 848 893 706 67 
701 0 990 468 486 212 813 764 934 709 
732 990 0 315 533 213 321 828 948 906 
154 468 315 0 47 62 535 298 785 433 
252 486 533 47 0 984 143 548 909 940 
619 212 213 62 984 0 138 267 251 705 
848 813 321 535 143 138 0 96 836 265 
893 764 828 298 548 267 96 0 69 147 
706 934 948 785 909 251 836 69 0 169 
67 709 906 433 940 705 265 147 169 0 
