15 2
0 804 349 316 58 173 524 871 526 86 230 876 883 529 989 
804 0 958 868 517 384 508 963 410 317 500 635 899 882 229 
349 958 0 252 805 900 735 828 699 221 179 715 576 25 124 
316 868 252 0 75 118 827 455 641 494 24 781 722 628 835 
58 517 805 75 0 600 714 60 126 268 56 156 278 364 608 
173 384 900 118 600 0 104 82 327 57 495 125 147 916 363 
524 508 735 827 714 104 0 367 814 492 810 765 952 477 15 
871 963 828 455 60 82 367 0 282 288 10 746 19 296 785 
526 410 699 641 126 327 814 282 0 912 700 229 32 662 567 
86 317 221 494 268 57 492 288 912 0 430 76 247 805 283 
230 500 179 24 56 495 810 10 700 430 0 954 96 864 122 
876 635 715 781 156 125 765 746 229 76 954 0 668 396 213 
883 899 576 722 278 147 952 19 32 247 96 668 0 590 553 
529 882 25 628 364 916 477 296 662 805 864 396 590 0 554 
989 229 124 835 608 363 15 785 567 283 122 213 553 554 0 
0 306 407 637 908 1000 636 693 763 53 657 643 102 7 235 
306 0 810 212 258 75 779 272 955 408 899 602 239 203 894 
407 810 0 855 652 935 501 498 339 718 619 224 60 333 130 
637 212 855 0 15 374 433 349 984 882 959 884 306 401 494 
908 258 652 15 0 168 81 611 165 676 170 358 888 193 103 
1000 75 935 374 168 0 995 905 5 970 168 406 156 82 230 
636 779 501 433 81 995 0 375 650 288 312 269 752 223 484 
693 272 498 349 611 905 375 0 628 776 509 192 609 440 836 
763 955 339 984 165 5 650 628 0 535 321 519 956 711 329 
53 408 718 882 676 970 288 776 535 0 429 492 133 807 987 
657 899 619 959 170 168 312 509 321 429 0 729 924 66 753 
643 602 224 884 358 406 269 192 519 492 729 0 663 717 668 
102 239 60 306 888 156 752 609 956 133 924 663 0 550 164 
7 203 333 401 193 82 223 440 711 807 66 717 550 0 677 
235 894 130 494 103 230 484 836 329 987 753 668 164 677 0 
0 474 213 488 856 604 101 919 751 232 333 149 51 68 454 
474 0 789 955 723 645 773 133 872 60 811 116 328 498 146 
213 789 0 999 226 591 344 963 804 676 603 794 529 557 176 
488 955 999 0 680 580 266 917 869 718 113 686 797 86 668 
856 723 226 680 0 148 594 88 286 489 502 855 982 577 44 
604 645 591 580 148 0 211 11 290 28 966 899 424 756 650 
101 773 344 266 594 211 0 881 446 578 895 613 186 214 747 
919 133 963 917 88 11 881 0 832 42 408 489 174 232 620 
751 872 804 869 286 290 446 832 0 259 166 1000 618 790 137 
232 60 676 718 489 28 578 42 259 0 166 536 251 346 612 
333 811 603 113 502 966 895 408 166 166 0 442 651 747 40 
149 116 794 686 855 899 613 489 1000 536 442 0 338 270 497 
51 328 529 797 982 424 186 174 618 251 651 338 0 474 40 
68 498 557 86 577 756 214 232 790 346 747 270 474 0 594 
454 146 176 668 44 650 747 620 137 612 40 497 40 594 0 
