15 4
0 751 933 594 572 672 656 602 971 148 639 557 935 720 38 
751 0 256 115 619 1000 878 547 519 77 545 6 489 950 597 
933 256 0 601 896 623 998 290 74 40 622 589 445 373 685 
594 115 601 0 14 204 102 987 799 176 876 130 837 412 11 
572 619 896 14 0 70 715 773 966 381 73 534 186 685 919 
672 1000 623 204 70 0 215 904 114 405 87 322 984 7 661 
656 878 998 102 715 215 0 213 99 342 668 517 881 227 28 
602 547 290 987 773 904 213 0 151 607 445 270 654 435 831 
971 519 74 799 966 114 99 151 0 527 448 839 779 190 715 
148 77 40 176 381 405 342 607 527 0 941 873 112 299 994 
639 545 622 876 73 87 668 445 448 941 0 926 312 264 584 
557 6 589 130 534 322 517 270 839 873 926 0 212 579 698 
935 489 445 837 186 984 881 654 779 112 312 212 0 834 449 
720 950 373 412 685 7 227 435 190 299 264 579 834 0 140 
38 597 685 11 919 661 28 831 715 994 584 698 449 140 0 
0 173 293 611 255 906 8 454 249 900 760 249 104 400 284 
173 0 706 99 101 499 704 438 527 254 746 741 837 160 635 
293 706 0 413 112 988 957 482 299 140 126 226 324 407 788 
611 99 413 0 822 333 986 984 355 524 364 207 887 384 295 
255 101 112 822 0 141 839 644 171 475 151 589 864 953 367 
906 499 988 333 141 0 559 241 940 780 65 481 34 796 304 
8 704 957 986 839 559 0 83 526 950 72 800 718 742 690 
454 438 482 984 644 241 83 0 587 377 691 192 411 283 939 
249 527 299 355 171 940 526 587 0 259 725 958 61 948 636 
900 254 140 524 475 780 950 377 259 0 832 775 507 16 407 
760 746 126 364 151 65 72 691 725 832 0 403 762 711 317 
249 741 226 207 589 481 800 192 958 775 403 0 417 291 379 
104 837 324 887 864 34 718 411 61 507 762 417 0 510 828 
400 160 407 384 953 796 742 283 948 16 711 291 510 0 82 
284 635 788 295 367 304 690 939 636 407 317 379 828 82 0 
0 805 325 431 768 176 888 612 786 197 376 862 885 627 617 
805 0 406 904 959 396 226 582 284 767 460 282 167 832 426 
325 406 0 733 889 18 88 466 664 865 731 888 804 576 138 
431 904 733 0 264 695 190 189 530 409 508 917 212 549 660 
768 959 889 264 0 764 201 422 641 429 724 524 268 39 472 
176 396 18 695 764 0 416 708 56 298 986 483 776 119 586 
888 226 88 190 201 416 0 993 639 14 774 155 177 329 190 
612 582 466 189 422 708 993 0 447 443 365 811 496 711 18 
786 284 664 530 641 56 639 447 0 625 130 9 922 196 202 
197 767 865 409 429 298 14 443 625 0 91 157 673 870 407 
376 460 731 508 724 986 774 365 130 91 0 687 336 187 918 
862 282 888 917 524 483 155 811 9 157 687 0 623 729 839 
885 167 804 212 268 776 177 496 922 673 336 623 0 530 161 
627 832 576 549 39 119 329 711 196 870 187 729 530 0 967 
617 426 138 660 472 586 190 18 202 407 918 839 161 967 0 
0 858 671 503 515 222 989 416 653 141 214 812 918 450 843 
858 0 192 635 771 488 453 468 481 672 142 162 158 758 412 
671 192 0 575 970 149 237 468 726 955 922 923 755 571 45 
503 635 575 0 163 654 72 140 658 273 441 556 126 773 780 
515 771 970 163 0 797 300 407 796 525 883 557 25 51 628 
222 488 149 654 797 0 443 891 31 357 981 599 975 212 628 
989 453 237 72 300 443 0 821 433 103 822 135 401 290 110 
416 468 468 140 407 891 821 0 528 664 255 794 431 549 122 
653 481 726 658 796 31 433 528 0 548 135 26 892 34 349 
141 672 955 273 525 357 103 664 548 0 15 247 542 975 426 
214 142 922 441 883 981 822 255 135 15 0 461 200 326 589 
812 162 923 556 557 599 135 794 26 247 461 0 548 690 495 
918 158 755 126 25 975 401 431 892 542 200 548 0 738 353 
450 758 571 773 51 212 290 549 34 975 326 690 738 0 995 
843 412 45 780 628 628 110 122 349 426 589 495 353 995 0 
0 859 754 574 666 151 866 747 782 13 348 828 955 711 927 
859 0 138 999 984 429 357 772 368 647 207 218 218 858 334 
754 138 0 682 915 118 89 484 407 702 925 841 616 615 208 
574 999 682 0 339 692 97 147 751 414 778 746 250 653 782 
666 984 915 339 0 917 58 228 919 459 748 378 170 10 648 
151 429 118 692 917 0 353 877 195 268 867 746 999 327 715 
866 357 89 97 58 353 0 810 345 34 805 259 163 261 227 
747 772 484 147 228 877 810 0 218 415 181 742 768 722 94 
782 368 407 751 919 195 345 218 0 707 227 64 771 177 299 
13 647 702 414 459 268 34 415 707 0 156 88 409 999 610 
348 207 925 778 748 867 805 181 227 156 0 622 195 145 837 
828 218 841 746 378 746 259 742 64 88 622 0 568 701 774 
955 218 616 250 170 999 163 768 771 409 195 568 0 309 95 
711 858 615 653 10 327 261 722 177 999 145 701 309 0 923 
927 334 208 782 648 715 227 94 299 610 837 774 95 923 0 
