50 4
0 804 871 10 989 964 407 983 342 597 424 458 53 774 855 609 77 497 529 285 294 698 64 864 330 295 925 906 191 676 550 947 700 889 893 129 55 740 920 695 27 66 170 839 289 467 890 938 557 331 
804 0 963 700 229 884 328 999 969 400 898 74 678 603 406 299 346 164 368 341 670 736 985 165 165 642 97 292 470 301 299 806 556 955 919 138 646 633 749 428 234 8 445 514 286 320 724 879 437 677 
871 963 0 430 124 536 213 843 282 194 251 996 232 959 438 174 66 134 900 131 752 298 136 827 661 279 368 760 466 47 518 182 792 790 937 191 635 632 628 288 30 234 892 760 637 478 832 497 161 714 
10 700 430 0 835 23 810 624 25 307 879 947 408 100 899 956 653 40 856 85 73 989 811 333 155 594 263 958 457 531 531 529 751 889 914 639 113 227 784 519 41 851 200 590 537 74 537 41 274 447 
989 229 124 835 0 620 30 117 941 375 332 251 774 113 269 871 747 677 811 341 684 504 687 132 164 550 177 426 484 982 187 839 297 841 503 525 159 413 969 325 776 440 501 388 470 784 596 712 6 434 
964 884 536 23 620 0 789 303 188 842 508 3 60 170 680 618 717 625 659 608 391 522 305 579 454 818 199 504 297 749 367 179 485 439 737 161 588 536 51 789 771 396 59 390 223 414 183 364 501 111 
407 328 213 810 30 789 0 839 111 651 258 144 718 557 613 133 760 594 39 327 333 515 675 732 622 247 981 560 434 421 629 648 681 395 763 829 895 502 273 672 51 755 821 722 924 556 182 710 554 322 
983 999 843 624 117 303 839 0 926 633 103 763 472 502 192 562 270 270 478 919 765 724 649 315 20 923 947 297 199 145 814 557 91 534 416 295 27 682 925 304 769 637 659 152 946 841 664 529 874 679 
342 969 282 25 941 188 111 926 0 814 110 97 676 168 237 251 550 469 380 164 312 100 582 497 210 150 343 13 447 684 692 232 726 834 219 446 854 347 700 61 323 522 342 2 556 341 255 454 586 630 
597 400 194 307 375 842 651 633 814 0 475 751 882 842 489 924 598 519 626 230 295 855 857 413 7 138 530 141 44 387 660 680 602 648 400 923 313 958 871 12 899 512 262 607 123 432 808 385 429 179 
424 898 251 879 332 508 258 103 110 475 0 955 730 966 519 242 474 556 589 925 715 487 711 249 602 887 475 871 477 367 723 498 323 222 294 421 734 360 458 124 746 657 780 602 231 437 165 536 108 337 
458 74 996 947 251 3 144 763 97 751 955 0 718 312 167 651 408 862 122 650 2 572 945 216 924 314 189 284 691 575 240 100 172 817 298 534 324 591 697 152 408 921 179 783 788 622 11 370 422 94 
53 678 232 408 774 60 718 472 676 882 730 718 0 785 1000 663 442 360 152 389 656 435 437 780 31 210 415 616 393 760 279 70 835 34 512 461 700 540 377 50 674 126 545 912 679 498 479 42 927 526 
774 603 959 100 113 170 557 502 168 842 966 312 785 0 492 781 634 524 360 986 493 626 443 400 771 162 94 253 468 41 837 717 915 664 924 310 792 700 669 374 791 242 176 526 999 893 465 310 710 300 
855 406 438 899 269 680 613 192 237 489 519 167 1000 492 0 338 235 762 953 226 160 534 132 949 4 29 694 720 340 581 43 793 979 944 497 131 355 136 31 67 432 792 312 132 682 190 923 431 656 728 
609 299 174 956 871 618 133 562 251 924 242 651 663 781 338 0 849 806 431 470 940 834 867 8 517 155 470 332 278 290 612 990 208 751 935 577 979 592 370 909 292 774 376 645 351 758 755 871 5 275 
77 346 66 653 747 717 760 270 550 598 474 408 442 634 235 849 0 790 787 125 874 466 48 544 752 979 261 604 360 122 847 316 51 549 465 73 383 883 248 707 921 214 996 974 860 758 340 634 470 853 
497 164 134 40 677 625 594 270 469 519 556 862 360 524 762 806 790 0 195 42 446 117 543 638 290 585 543 972 425 267 292 274 683 596 719 12 125 59 770 356 29 793 424 409 205 647 896 928 67 899 
529 368 900 856 811 659 39 478 380 626 589 122 152 360 953 431 787 195 0 51 443 961 886 696 980 147 188 272 675 398 371 407 161 369 968 994 812 782 540 45 317 181 574 541 946 787 797 254 756 95 
285 341 131 85 341 608 327 919 164 230 925 650 389 986 226 470 125 42 51 0 315 200 874 380 536 244 795 547 510 789 974 795 146 231 21 358 95 769 630 580 342 388 579 642 212 659 30 661 124 915 
294 670 752 73 684 391 333 765 312 295 715 2 656 493 160 940 874 446 443 315 0 711 254 536 185 58 321 353 105 962 611 911 351 924 360 153 162 507 21 493 499 40 60 940 78 9 940 144 364 452 
698 736 298 989 504 522 515 724 100 855 487 572 435 626 534 834 466 117 961 200 711 0 499 130 829 285 306 472 197 496 635 20 358 176 604 212 639 910 96 873 754 964 691 63 917 124 239 919 840 719 
64 985 136 811 687 305 675 649 582 857 711 945 437 443 132 867 48 543 886 874 254 499 0 410 736 896 165 774 751 941 263 452 825 154 327 543 434 900 96 666 922 127 249 459 906 628 585 104 668 438 
864 165 827 333 132 579 732 315 497 413 249 216 780 400 949 8 544 638 696 380 536 130 410 0 78 515 602 853 267 617 657 947 849 579 730 641 147 610 780 409 428 587 121 79 397 863 221 273 352 753 
330 165 661 155 164 454 622 20 210 7 602 924 31 771 4 517 752 290 980 536 185 829 736 78 0 279 52 585 129 223 749 503 582 854 441 559 615 357 456 138 934 689 566 197 821 734 660 697 746 203 
295 642 279 594 550 818 247 923 150 138 887 314 210 162 29 155 979 585 147 244 58 285 896 515 279 0 70 455 846 321 208 219 383 751 770 649 892 981 409 806 721 558 146 101 343 581 495 847 9 980 
925 97 368 263 177 199 981 947 343 530 475 189 415 94 694 470 261 543 188 795 321 306 165 602 52 70 0 521 108 443 252 158 420 251 80 3 544 398 367 904 228 345 386 919 259 485 377 158 571 574 
906 292 760 958 426 504 560 297 13 141 871 284 616 253 720 332 604 972 272 547 353 472 774 853 585 455 521 0 219 157 824 731 70 401 904 796 510 492 597 961 606 647 162 133 244 615 825 322 930 161 
191 470 466 457 484 297 434 199 447 44 477 691 393 468 340 278 360 425 675 510 105 197 751 267 129 846 108 219 0 253 825 807 713 278 173 560 131 552 323 737 609 90 778 161 917 139 332 504 659 727 
676 301 47 531 982 749 421 145 684 387 367 575 760 41 581 290 122 267 398 789 962 496 941 617 223 321 443 157 253 0 749 79 655 387 410 188 656 432 981 726 115 838 227 552 653 808 439 510 147 512 
550 299 518 531 187 367 629 814 692 660 723 240 279 837 43 612 847 292 371 974 611 635 263 657 749 208 252 824 825 749 0 850 891 194 375 932 825 944 115 807 117 167 8 492 861 595 820 680 437 351 
947 806 182 529 839 179 648 557 232 680 498 100 70 717 793 990 316 274 407 795 911 20 452 947 503 219 158 731 807 79 850 0 464 157 794 265 901 624 266 194 992 975 352 113 99 168 444 39 427 258 
700 556 792 751 297 485 681 91 726 602 323 172 835 915 979 208 51 683 161 146 351 358 825 849 582 383 420 70 713 655 891 464 0 445 316 385 215 890 767 468 464 40 92 724 545 634 670 859 431 923 
889 955 790 889 841 439 395 534 834 648 222 817 34 664 944 751 549 596 369 231 924 176 154 579 854 751 251 401 278 387 194 157 445 0 164 158 573 847 959 765 625 923 630 832 920 376 876 703 814 231 
893 919 937 914 503 737 763 416 219 400 294 298 512 924 497 935 465 719 968 21 360 604 327 730 441 770 80 904 173 410 375 794 316 164 0 275 983 357 445 217 488 798 989 454 440 412 465 74 990 896 
129 138 191 639 525 161 829 295 446 923 421 534 461 310 131 577 73 12 994 358 153 212 543 641 559 649 3 796 560 188 932 265 385 158 275 0 872 811 842 27 586 467 414 547 848 469 648 365 823 269 
55 646 635 113 159 588 895 27 854 313 734 324 700 792 355 979 383 125 812 95 162 639 434 147 615 892 544 510 131 656 825 901 215 573 983 872 0 979 928 216 170 449 500 741 407 808 114 801 964 240 
740 633 632 227 413 536 502 682 347 958 360 591 540 700 136 592 883 59 782 769 507 910 900 610 357 981 398 492 552 432 944 624 890 847 357 811 979 0 853 230 880 385 102 389 640 973 935 92 581 881 
920 749 628 784 969 51 273 925 700 871 458 697 377 669 31 370 248 770 540 630 21 96 96 780 456 409 367 597 323 981 115 266 767 959 445 842 928 853 0 78 947 428 955 88 417 555 328 733 815 883 
695 428 288 519 325 789 672 304 61 12 124 152 50 374 67 909 707 356 45 580 493 873 666 409 138 806 904 961 737 726 807 194 468 765 217 27 216 230 78 0 272 903 411 471 666 864 857 519 272 117 
27 234 30 41 776 771 51 769 323 899 746 408 674 791 432 292 921 29 317 342 499 754 922 428 934 721 228 606 609 115 117 992 464 625 488 586 170 880 947 272 0 185 295 365 815 232 582 301 992 480 
66 8 234 851 440 396 755 637 522 512 657 921 126 242 792 774 214 793 181 388 40 964 127 587 689 558 345 647 90 838 167 975 40 923 798 467 449 385 428 903 185 0 446 556 937 483 661 586 316 702 
170 445 892 200 501 59 821 659 342 262 780 179 545 176 312 376 996 424 574 579 60 691 249 121 566 146 386 162 778 227 8 352 92 630 989 414 500 102 955 411 295 446 0 540 576 516 674 488 651 916 
839 514 760 590 388 390 722 152 2 607 602 783 912 526 132 645 974 409 541 642 940 63 459 79 197 101 919 133 161 552 492 113 724 832 454 547 741 389 88 471 365 556 540 0 587 117 462 322 763 147 
289 286 637 537 470 223 924 946 556 123 231 788 679 999 682 351 860 205 946 212 78 917 906 397 821 343 259 244 917 653 861 99 545 920 440 848 407 640 417 666 815 937 576 587 0 434 309 45 766 576 
467 320 478 74 784 414 556 841 341 432 437 622 498 893 190 758 758 647 787 659 9 124 628 863 734 581 485 615 139 808 595 168 634 376 412 469 808 973 555 864 232 483 516 117 434 0 833 503 563 464 
890 724 832 537 596 183 182 664 255 808 165 11 479 465 923 755 340 896 797 30 940 239 585 221 660 495 377 825 332 439 820 444 670 876 465 648 114 935 328 857 582 661 674 462 309 833 0 872 691 100 
938 879 497 41 712 364 710 529 454 385 536 370 42 310 431 871 634 928 254 661 144 919 104 273 697 847 158 322 504 510 680 39 859 703 74 365 801 92 733 519 301 586 488 322 45 503 872 0 579 225 
557 437 161 274 6 501 554 874 586 429 108 422 927 710 656 5 470 67 756 124 364 840 668 352 746 9 571 930 659 147 437 427 431 814 990 823 964 581 815 272 992 316 651 763 766 563 691 579 0 45 
331 677 714 447 434 111 322 679 630 179 337 94 526 300 728 275 853 899 95 915 452 719 438 753 203 980 574 161 727 512 351 258 923 231 896 269 240 881 883 117 480 702 916 147 576 464 100 225 45 0 
0 770 20 685 381 370 948 91 190 499 276 920 151 927 724 76 959 222 990 924 121 76 356 260 884 988 609 313 364 591 299 977 208 550 55 640 112 371 31 862 90 643 217 193 866 260 520 746 860 777 
770 0 594 253 428 373 618 484 60 521 29 94 813 216 681 979 92 548 532 306 707 70 842 943 972 301 680 423 379 949 13 460 881 9 174 41 372 976 262 339 955 382 778 723 332 652 230 88 786 468 
20 594 0 118 541 243 639 120 182 551 290 635 933 749 270 998 5 28 580 851 410 163 468 928 972 32 44 745 794 86 315 752 495 800 149 672 615 472 311 135 47 465 783 66 595 541 817 592 519 960 
685 253 118 0 622 57 410 706 367 886 480 547 236 882 403 97 117 499 9 730 91 46 23 656 230 755 512 876 354 886 264 15 856 149 373 60 985 216 133 285 915 70 632 405 288 664 756 331 477 242 
381 428 541 622 0 490 81 949 583 105 396 18 626 419 530 843 422 943 334 520 180 590 94 565 141 952 552 52 734 62 828 563 836 208 784 116 445 840 557 891 125 891 720 374 886 885 321 894 313 350 
370 373 243 57 490 0 262 215 515 35 910 931 152 319 382 494 403 828 578 58 192 806 465 873 570 933 38 21 547 665 950 249 572 511 518 743 717 36 646 845 862 902 698 227 450 245 908 790 604 693 
948 618 639 410 81 262 0 869 513 857 872 405 9 677 237 177 322 730 395 434 430 385 178 586 662 527 602 140 694 242 673 555 518 921 265 367 908 691 58 175 625 865 648 315 964 256 712 915 251 487 
91 484 120 706 949 215 869 0 99 766 200 642 583 893 524 710 552 675 856 317 623 611 422 171 999 943 882 655 706 432 498 579 203 365 409 300 487 596 202 942 202 121 363 825 694 159 464 977 586 59 
190 60 182 367 583 515 513 99 0 170 57 107 213 203 869 574 41 436 86 612 852 833 851 575 66 110 517 212 702 257 280 811 604 54 320 470 440 455 497 623 443 308 848 561 811 992 614 888 700 321 
499 521 551 886 105 35 857 766 170 0 983 547 433 168 677 365 294 567 277 69 239 907 201 395 555 998 412 209 703 344 588 600 123 243 719 914 339 525 193 787 861 312 333 151 488 161 17 894 966 622 
276 29 290 480 396 910 872 200 57 983 0 744 3 168 460 1000 237 281 173 263 807 345 93 792 310 75 246 330 146 576 507 884 392 164 54 231 15 947 233 457 587 668 158 232 622 442 51 285 452 290 
920 94 635 547 18 931 405 642 107 547 744 0 90 297 271 898 123 978 278 417 456 486 554 730 921 882 793 216 685 156 166 486 211 438 183 300 892 963 189 126 703 569 846 245 297 523 476 545 200 146 
151 813 933 236 626 152 9 583 213 433 3 90 0 222 102 878 399 925 220 614 433 996 658 946 106 584 207 657 600 448 529 853 480 26 416 207 254 788 713 561 942 257 992 467 191 376 845 326 384 435 
927 216 749 882 419 319 677 893 203 168 168 297 222 0 854 843 904 757 602 481 289 869 27 807 964 203 822 920 463 516 752 6 97 65 452 412 433 72 157 388 836 605 961 884 667 542 986 266 265 321 
724 681 270 403 530 382 237 524 869 677 460 271 102 854 0 128 274 40 456 295 278 694 887 571 655 794 672 35 101 61 262 89 862 490 412 722 69 452 184 506 273 527 639 787 986 975 111 48 855 955 
76 979 998 97 843 494 177 710 574 365 1000 898 878 843 128 0 579 25 872 773 230 197 252 38 587 456 656 218 143 837 437 610 650 969 652 706 399 830 894 657 679 833 286 51 531 382 421 196 505 842 
959 92 5 117 422 403 322 552 41 294 237 123 399 904 274 579 0 327 976 396 66 737 650 984 720 697 70 577 485 608 649 51 452 644 299 602 175 816 702 118 848 943 480 269 72 330 782 81 998 14 
222 548 28 499 943 828 730 675 436 567 281 978 925 757 40 25 327 0 354 302 976 622 31 894 363 683 679 256 96 397 564 4 809 750 518 45 784 405 236 554 959 348 739 970 234 678 994 560 638 587 
990 532 580 9 334 578 395 856 86 277 173 278 220 602 456 872 976 354 0 887 703 551 435 853 628 453 793 668 436 86 111 149 481 444 835 795 910 632 904 272 548 577 614 822 640 277 783 82 893 910 
924 306 851 730 520 58 434 317 612 69 263 417 614 481 295 773 396 302 887 0 163 292 490 379 382 425 316 299 424 78 874 568 637 79 294 897 835 255 203 285 493 47 29 497 428 150 983 664 367 530 
121 707 410 91 180 192 430 623 852 239 807 456 433 289 278 230 66 976 703 163 0 849 504 90 85 892 511 958 726 63 871 991 112 203 108 961 988 971 696 222 232 766 819 917 267 82 423 504 920 233 
76 70 163 46 590 806 385 611 833 907 345 486 996 869 694 197 737 622 551 292 849 0 449 412 338 39 920 729 930 532 640 209 23 77 439 444 526 56 706 219 267 718 316 83 242 608 977 780 397 443 
356 842 468 23 94 465 178 422 851 201 93 554 658 27 887 252 650 31 435 490 504 449 0 983 183 626 864 777 377 40 876 350 292 548 631 211 718 296 672 358 24 646 757 145 401 554 780 269 573 15 
260 943 928 656 565 873 586 171 575 395 792 730 946 807 571 38 984 894 853 379 90 412 983 0 290 627 438 192 507 560 314 780 572 93 840 75 339 545 757 282 417 845 47 82 533 871 439 703 640 228 
884 972 972 230 141 570 662 999 66 555 310 921 106 964 655 587 720 363 628 382 85 338 183 290 0 676 874 516 309 651 376 466 793 782 627 266 539 429 862 680 891 92 969 127 339 581 152 928 920 249 
988 301 32 755 952 933 527 943 110 998 75 882 584 203 794 456 697 683 453 425 892 39 626 627 676 0 990 979 466 272 855 879 45 578 7 248 832 687 548 114 68 159 769 486 15 143 767 905 259 760 
609 680 44 512 552 38 602 882 517 412 246 793 207 822 672 656 70 679 793 316 511 920 864 438 874 990 0 102 426 911 53 125 15 518 205 597 298 78 257 43 43 464 860 697 231 168 490 710 130 601 
313 423 745 876 52 21 140 655 212 209 330 216 657 920 35 218 577 256 668 299 958 729 777 192 516 979 102 0 193 773 454 536 303 305 164 372 447 315 526 138 910 696 861 336 645 753 670 578 83 717 
364 379 794 354 734 547 694 706 702 703 146 685 600 463 101 143 485 96 436 424 726 930 377 507 309 466 426 193 0 489 568 216 4 305 822 569 425 99 391 976 62 638 798 71 128 370 345 386 966 3 
591 949 86 886 62 665 242 432 257 344 576 156 448 516 61 837 608 397 86 78 63 532 40 560 651 272 911 773 489 0 161 8 755 40 304 971 663 171 297 344 356 925 655 910 67 460 450 251 285 124 
299 13 315 264 828 950 673 498 280 588 507 166 529 752 262 437 649 564 111 874 871 640 876 314 376 855 53 454 568 161 0 666 26 592 123 668 93 684 7 496 190 521 408 520 303 272 343 489 72 988 
977 460 752 15 563 249 555 579 811 600 884 486 853 6 89 610 51 4 149 568 991 209 350 780 466 879 125 536 216 8 666 0 184 901 647 609 628 720 557 360 574 73 652 334 638 802 600 60 872 594 
208 881 495 856 836 572 518 203 604 123 392 211 480 97 862 650 452 809 481 637 112 23 292 572 793 45 15 303 4 755 26 184 0 385 186 164 546 33 339 983 892 818 490 886 430 950 689 860 464 410 
550 9 800 149 208 511 921 365 54 243 164 438 26 65 490 969 644 750 444 79 203 77 548 93 782 578 518 305 305 40 592 901 385 0 254 642 69 206 479 84 736 311 929 927 176 909 494 588 779 560 
55 174 149 373 784 518 265 409 320 719 54 183 416 452 412 652 299 518 835 294 108 439 631 840 627 7 205 164 822 304 123 647 186 254 0 53 610 274 595 487 140 443 3 158 709 736 469 768 892 574 
640 41 672 60 116 743 367 300 470 914 231 300 207 412 722 706 602 45 795 897 961 444 211 75 266 248 597 372 569 971 668 609 164 642 53 0 238 143 873 463 9 892 716 757 213 971 895 182 483 821 
112 372 615 985 445 717 908 487 440 339 15 892 254 433 69 399 175 784 910 835 988 526 718 339 539 832 298 447 425 663 93 628 546 69 610 238 0 519 546 988 306 223 253 787 359 764 291 372 63 406 
371 976 472 216 840 36 691 596 455 525 947 963 788 72 452 830 816 405 632 255 971 56 296 545 429 687 78 315 99 171 684 720 33 206 274 143 519 0 266 643 383 242 969 755 784 449 627 641 761 681 
31 262 311 133 557 646 58 202 497 193 233 189 713 157 184 894 702 236 904 203 696 706 672 757 862 548 257 526 391 297 7 557 339 479 595 873 546 266 0 63 108 319 943 92 17 487 998 261 185 164 
862 339 135 285 891 845 175 942 623 787 457 126 561 388 506 657 118 554 272 285 222 219 358 282 680 114 43 138 976 344 496 360 983 84 487 463 988 643 63 0 456 141 401 444 850 865 861 171 443 264 
90 955 47 915 125 862 625 202 443 861 587 703 942 836 273 679 848 959 548 493 232 267 24 417 891 68 43 910 62 356 190 574 892 736 140 9 306 383 108 456 0 25 209 185 998 340 844 679 603 740 
643 382 465 70 891 902 865 121 308 312 668 569 257 605 527 833 943 348 577 47 766 718 646 845 92 159 464 696 638 925 521 73 818 311 443 892 223 242 319 141 25 0 891 155 134 136 717 160 889 971 
217 778 783 632 720 698 648 363 848 333 158 846 992 961 639 286 480 739 614 29 819 316 757 47 969 769 860 861 798 655 408 652 490 929 3 716 253 969 943 401 209 891 0 269 96 254 372 641 840 974 
193 723 66 405 374 227 315 825 561 151 232 245 467 884 787 51 269 970 822 497 917 83 145 82 127 486 697 336 71 910 520 334 886 927 158 757 787 755 92 444 185 155 269 0 820 724 686 835 888 152 
866 332 595 288 886 450 964 694 811 488 622 297 191 667 986 531 72 234 640 428 267 242 401 533 339 15 231 645 128 67 303 638 430 176 709 213 359 784 17 850 998 134 96 820 0 656 253 279 679 161 
260 652 541 664 885 245 256 159 992 161 442 523 376 542 975 382 330 678 277 150 82 608 554 871 581 143 168 753 370 460 272 802 950 909 736 971 764 449 487 865 340 136 254 724 656 0 674 527 309 315 
520 230 817 756 321 908 712 464 614 17 51 476 845 986 111 421 782 994 783 983 423 977 780 439 152 767 490 670 345 450 343 600 689 494 469 895 291 627 998 861 844 717 372 686 253 674 0 864 565 783 
746 88 592 331 894 790 915 977 888 894 285 545 326 266 48 196 81 560 82 664 504 780 269 703 928 905 710 578 386 251 489 60 860 588 768 182 372 641 261 171 679 160 641 835 279 527 864 0 32 20 
860 786 519 477 313 604 251 586 700 966 452 200 384 265 855 505 998 638 893 367 920 397 573 640 920 259 130 83 966 285 72 872 464 779 892 483 63 761 185 443 603 889 840 888 679 309 565 32 0 271 
777 468 960 242 350 693 487 59 321 622 290 146 435 321 955 842 14 587 910 530 233 443 15 228 249 760 601 717 3 124 988 594 410 560 574 821 406 681 164 264 740 971 974 152 161 315 783 20 271 0 
0 472 364 769 871 379 984 570 732 162 372 782 141 691 747 809 984 89 880 560 24 266 7 321 426 992 593 584 108 854 729 970 475 55 429 512 271 848 106 680 205 478 199 419 296 571 500 821 604 837 
472 0 249 230 481 304 586 998 469 677 19 201 519 378 640 503 392 889 407 173 410 651 956 611 862 871 471 230 445 659 459 450 246 203 73 257 451 900 89 575 803 735 770 377 65 47 900 123 530 384 
364 249 0 2 695 69 437 11 443 252 400 688 943 947 477 760 31 35 382 551 527 536 602 731 905 503 268 714 645 94 405 563 825 317 438 759 313 434 254 339 287 484 490 19 79 735 291 834 452 1000 
769 230 2 0 270 327 527 253 658 818 167 165 278 722 333 47 324 429 147 995 196 462 434 748 759 541 497 745 121 729 502 411 822 192 543 761 772 165 53 716 652 241 169 345 216 663 436 341 248 545 
871 481 695 270 0 315 480 477 532 94 372 395 784 340 353 741 466 386 368 686 412 469 720 310 260 625 97 29 989 862 697 468 809 102 826 675 883 649 785 909 220 452 825 397 505 889 374 108 423 43 
379 304 69 327 315 0 66 197 445 169 980 417 283 681 435 740 334 835 228 255 806 198 583 667 769 301 393 296 243 439 644 229 165 802 483 594 633 191 736 698 617 39 336 22 242 473 909 110 474 928 
984 586 437 527 480 66 0 327 309 950 556 417 173 326 640 301 510 505 287 807 382 421 164 550 332 306 737 431 161 438 692 466 98 908 38 496 593 319 252 245 607 609 585 558 710 872 231 452 649 651 
570 998 11 253 477 197 327 0 92 445 302 616 615 939 621 558 690 803 245 413 763 321 463 97 717 694 926 446 377 685 375 938 815 593 682 619 77 700 492 884 100 313 67 381 902 294 517 875 152 74 
732 469 443 658 532 445 309 92 0 913 65 332 434 248 809 737 559 380 69 818 278 421 882 591 235 200 529 9 937 965 203 788 536 440 580 632 610 545 902 250 645 399 306 644 850 664 351 890 300 918 
162 677 252 818 94 169 950 445 913 0 724 326 356 529 813 735 660 601 282 298 938 361 271 186 535 945 89 418 899 717 522 400 78 900 697 949 789 396 232 783 1000 230 119 504 352 642 278 424 860 262 
372 19 400 167 372 980 556 302 65 724 0 807 388 275 21 760 272 77 183 130 303 217 156 947 142 86 580 110 599 520 350 948 266 85 161 313 174 892 628 613 424 628 301 56 494 197 163 187 700 733 
782 201 688 165 395 417 417 616 332 326 807 0 103 333 88 572 449 421 164 854 761 586 688 472 561 857 553 152 865 435 433 921 485 482 545 254 816 824 497 150 882 748 821 473 168 463 376 924 633 353 
141 519 943 278 784 283 173 615 434 356 388 103 0 59 310 216 805 939 573 379 211 644 987 541 327 414 509 827 714 528 755 634 852 16 153 235 110 144 330 254 769 145 899 750 467 69 646 146 414 726 
691 378 947 722 340 681 326 939 248 529 275 333 59 0 285 410 641 332 90 195 68 888 30 675 111 191 809 894 217 32 943 164 29 211 939 902 265 381 259 553 927 609 715 696 603 510 845 9 566 895 
747 640 477 333 353 435 640 621 809 813 21 88 310 285 0 315 233 31 1 441 367 571 714 458 365 583 788 472 317 163 616 75 592 774 578 136 626 831 664 929 410 250 418 301 630 978 271 619 160 472 
809 503 760 47 741 740 301 558 737 735 760 572 216 410 315 0 42 364 897 942 277 61 290 366 647 221 993 74 302 750 464 978 809 682 631 719 1 361 700 459 866 591 255 113 288 66 570 844 843 158 
984 392 31 324 466 334 510 690 559 660 272 449 805 641 233 42 0 380 687 561 338 644 798 791 697 772 241 700 237 222 684 727 174 658 745 310 491 657 824 531 685 855 750 98 78 49 287 109 444 37 
89 889 35 429 386 835 505 803 380 601 77 421 939 332 31 364 380 0 490 569 554 349 88 913 272 491 471 165 239 415 377 466 755 379 956 356 810 499 446 855 850 62 374 818 252 857 863 127 991 74 
880 407 382 147 368 228 287 245 69 282 183 164 573 90 1 897 687 490 0 882 956 472 170 969 348 915 885 337 804 212 22 297 574 594 640 838 349 807 488 225 284 367 941 490 941 640 655 90 390 482 
560 173 551 995 686 255 807 413 818 298 130 854 379 195 441 942 561 569 882 0 65 247 778 101 203 569 697 882 179 239 447 692 413 202 751 131 943 67 599 309 919 31 139 674 447 158 748 332 11 394 
24 410 527 196 412 806 382 763 278 938 303 761 211 68 367 277 338 554 956 65 0 675 953 294 91 883 254 883 641 13 886 966 351 542 91 569 235 884 742 490 529 439 939 226 503 349 601 138 997 423 
266 651 536 462 469 198 421 321 421 361 217 586 644 888 571 61 644 349 472 247 675 0 511 728 403 66 467 780 369 1000 807 455 137 186 916 571 699 53 370 549 894 804 715 532 707 586 428 967 819 738 
7 956 602 434 720 583 164 463 882 271 156 688 987 30 714 290 798 88 170 778 953 511 0 768 226 850 878 927 211 755 588 376 13 629 382 47 772 128 712 190 472 179 380 282 342 489 958 787 590 853 
321 611 731 748 310 667 550 97 591 186 947 472 541 675 458 366 791 913 969 101 294 728 768 0 160 445 476 86 773 619 409 563 772 731 638 414 283 280 949 408 171 249 491 608 730 252 974 337 674 243 
426 862 905 759 260 769 332 717 235 535 142 561 327 111 365 647 697 272 348 203 91 403 226 160 0 779 939 185 469 545 648 764 671 940 707 299 938 743 290 733 720 506 764 230 396 494 269 812 879 675 
992 871 503 541 625 301 306 694 200 945 86 857 414 191 583 221 772 491 915 569 883 66 850 445 779 0 805 638 420 507 761 680 307 660 285 372 925 595 359 301 773 776 584 816 141 299 569 684 555 386 
593 471 268 497 97 393 737 926 529 89 580 553 509 809 788 993 241 471 885 697 254 467 878 476 939 805 0 269 282 496 440 322 153 511 791 793 520 133 870 90 229 293 518 583 541 74 1000 148 125 894 
584 230 714 745 29 296 431 446 9 418 110 152 827 894 472 74 700 165 337 882 883 780 927 86 185 638 269 0 534 177 176 405 199 444 46 471 458 129 253 530 684 561 614 142 753 864 288 424 171 913 
108 445 645 121 989 243 161 377 937 899 599 865 714 217 317 302 237 239 804 179 641 369 211 773 469 420 282 534 0 646 553 1 113 261 512 840 727 216 468 586 153 480 376 91 470 389 507 334 549 33 
854 659 94 729 862 439 438 685 965 717 520 435 528 32 163 750 222 415 212 239 13 1000 755 619 545 507 496 177 646 0 65 233 583 368 517 980 539 159 566 206 552 965 832 773 188 387 84 154 254 911 
729 459 405 502 697 644 692 375 203 522 350 433 755 943 616 464 684 377 22 447 886 807 588 409 648 761 440 176 553 65 0 157 56 647 377 682 598 293 276 256 817 223 569 650 6 122 80 620 176 774 
970 450 563 411 468 229 466 938 788 400 948 921 634 164 75 978 727 466 297 692 966 455 376 563 764 680 322 405 1 233 157 0 149 944 844 423 508 880 739 11 928 105 318 314 964 929 523 344 925 747 
475 246 825 822 809 165 98 815 536 78 266 485 852 29 592 809 174 755 574 413 351 137 13 772 671 307 153 199 113 583 56 149 0 693 877 88 615 272 54 1000 269 954 714 787 961 782 562 670 348 352 
55 203 317 192 102 802 908 593 440 900 85 482 16 211 774 682 658 379 594 202 542 186 629 731 940 660 511 444 261 368 647 944 693 0 352 181 230 95 88 587 512 172 698 731 241 820 325 886 549 797 
429 73 438 543 826 483 38 682 580 697 161 545 153 939 578 631 745 956 640 751 91 916 382 638 707 285 791 46 512 517 377 844 877 352 0 345 409 383 285 759 638 88 324 513 239 426 916 539 413 832 
512 257 759 761 675 594 496 619 632 949 313 254 235 902 136 719 310 356 838 131 569 571 47 414 299 372 793 471 840 980 682 423 88 181 345 0 402 150 817 289 96 884 638 479 71 909 418 341 687 705 
271 451 313 772 883 633 593 77 610 789 174 816 110 265 626 1 491 810 349 943 235 699 772 283 938 925 520 458 727 539 598 508 615 230 409 402 0 155 391 824 571 867 283 381 969 853 437 472 431 100 
848 900 434 165 649 191 319 700 545 396 892 824 144 381 831 361 657 499 807 67 884 53 128 280 743 595 133 129 216 159 293 880 272 95 383 150 155 0 47 242 550 587 872 957 924 448 397 582 782 942 
106 89 254 53 785 736 252 492 902 232 628 497 330 259 664 700 824 446 488 599 742 370 712 949 290 359 870 253 468 566 276 739 54 88 285 817 391 47 0 918 10 696 986 319 78 523 755 515 57 664 
680 575 339 716 909 698 245 884 250 783 613 150 254 553 929 459 531 855 225 309 490 549 190 408 733 301 90 530 586 206 256 11 1000 587 759 289 824 242 918 0 652 142 570 139 242 532 829 76 492 189 
205 803 287 652 220 617 607 100 645 1000 424 882 769 927 410 866 685 850 284 919 529 894 472 171 720 773 229 684 153 552 817 928 269 512 638 96 571 550 10 652 0 426 661 66 764 606 235 412 137 939 
478 735 484 241 452 39 609 313 399 230 628 748 145 609 250 591 855 62 367 31 439 804 179 249 506 776 293 561 480 965 223 105 954 172 88 884 867 587 696 142 426 0 541 572 310 197 661 21 657 788 
199 770 490 169 825 336 585 67 306 119 301 821 899 715 418 255 750 374 941 139 939 715 380 491 764 584 518 614 376 832 569 318 714 698 324 638 283 872 986 570 661 541 0 345 616 975 364 829 883 801 
419 377 19 345 397 22 558 381 644 504 56 473 750 696 301 113 98 818 490 674 226 532 282 608 230 816 583 142 91 773 650 314 787 731 513 479 381 957 319 139 66 572 345 0 745 446 562 45 903 275 
296 65 79 216 505 242 710 902 850 352 494 168 467 603 630 288 78 252 941 447 503 707 342 730 396 141 541 753 470 188 6 964 961 241 239 71 969 924 78 242 764 310 616 745 0 737 300 145 86 565 
571 47 735 663 889 473 872 294 664 642 197 463 69 510 978 66 49 857 640 158 349 586 489 252 494 299 74 864 389 387 122 929 782 820 426 909 853 448 523 532 606 197 975 446 737 0 971 58 304 976 
500 900 291 436 374 909 231 517 351 278 163 376 646 845 271 570 287 863 655 748 601 428 958 974 269 569 1000 288 507 84 80 523 562 325 916 418 437 397 755 829 235 661 364 562 300 971 0 425 708 440 
821 123 834 341 108 110 452 875 890 424 187 924 146 9 619 844 109 127 90 332 138 967 787 337 812 684 148 424 334 154 620 344 670 886 539 341 472 582 515 76 412 21 829 45 145 58 425 0 50 85 
604 530 452 248 423 474 649 152 300 860 700 633 414 566 160 843 444 991 390 11 997 819 590 674 879 555 125 171 549 254 176 925 348 549 413 687 431 782 57 492 137 657 883 903 86 304 708 50 0 645 
837 384 1000 545 43 928 651 74 918 262 733 353 726 895 472 158 37 74 482 394 423 738 853 243 675 386 894 913 33 911 774 747 352 797 832 705 100 942 664 189 939 788 801 275 565 976 440 85 645 0 
0 608 17 773 571 582 774 282 110 504 204 802 943 693 515 185 885 24 692 409 131 337 515 115 590 952 352 405 425 608 101 761 495 581 412 733 619 805 88 224 559 855 255 459 557 288 30 919 513 399 
608 0 194 194 380 375 637 588 384 875 50 21 852 504 787 954 544 401 501 400 760 453 500 252 481 133 353 272 711 693 392 435 807 61 486 264 585 839 800 442 653 51 567 834 572 802 430 4 332 640 
17 194 0 160 878 530 353 183 376 92 42 354 237 210 402 810 111 148 891 720 291 188 584 734 992 165 84 305 529 504 927 810 470 245 243 749 819 420 134 762 217 759 866 129 327 902 495 949 74 780 
773 194 160 0 316 241 413 530 978 749 16 220 454 248 532 209 23 568 106 573 116 260 60 554 254 380 410 788 455 670 365 160 904 302 277 135 789 665 310 311 660 260 999 703 270 406 305 217 691 312 
571 380 878 316 0 353 166 726 392 7 386 455 596 340 686 970 308 612 257 152 221 340 70 863 10 762 946 504 602 497 413 692 841 73 929 675 474 814 573 251 55 770 556 581 742 452 814 961 289 433 
582 375 530 241 353 0 343 70 691 273 560 792 4 609 839 295 533 330 247 247 325 982 946 601 668 776 816 312 561 62 905 834 489 865 746 310 576 154 686 879 452 599 527 376 167 889 203 434 274 924 
774 637 353 413 166 343 0 841 750 962 826 811 566 601 460 604 511 675 979 622 840 625 189 533 314 300 500 331 451 573 46 581 293 896 363 57 971 593 4 793 629 842 611 581 904 36 353 840 131 659 
282 588 183 530 726 70 841 0 267 707 935 395 850 630 695 573 847 869 308 820 645 974 606 447 237 582 942 684 987 807 677 392 198 644 386 358 242 950 569 460 731 445 402 357 491 368 429 988 565 690 
110 384 376 978 392 691 750 267 0 230 248 479 483 94 581 985 315 719 219 292 584 907 796 854 284 464 456 39 939 536 13 119 794 146 588 738 246 734 789 868 25 234 473 650 885 669 423 542 570 303 
504 875 92 749 7 273 962 707 230 0 835 662 113 8 600 460 200 166 549 15 486 745 224 415 428 502 868 357 448 570 278 728 275 126 309 49 171 201 358 265 550 768 556 400 621 129 612 775 797 873 
204 50 42 16 386 560 826 935 248 835 0 678 415 128 667 868 100 534 557 66 275 117 158 811 50 532 141 196 512 407 719 417 305 9 421 860 449 488 917 686 52 261 693 134 537 546 56 263 161 38 
802 21 354 220 455 792 811 395 479 662 678 0 958 702 445 436 576 206 388 252 837 411 33 924 735 447 308 287 747 217 285 690 300 867 847 246 532 429 213 95 702 831 907 480 422 683 341 444 428 360 
943 852 237 454 596 4 566 850 483 113 415 958 0 284 27 602 267 954 879 232 367 864 776 787 50 805 263 906 2 739 517 671 157 265 605 492 381 833 62 373 991 384 753 361 18 563 964 590 591 494 
693 504 210 248 340 609 601 630 94 8 128 702 284 0 704 729 862 451 449 80 71 790 455 904 789 53 829 999 384 362 762 237 141 175 402 316 365 216 58 666 957 369 463 542 702 786 745 501 723 390 
515 787 402 532 686 839 460 695 581 600 667 445 27 704 0 211 967 308 24 66 88 532 910 824 936 313 297 945 140 360 272 45 401 104 130 680 43 31 312 68 399 953 579 695 927 943 419 582 814 866 
185 954 810 209 970 295 604 573 985 460 868 436 602 729 211 0 562 320 744 508 103 639 394 156 999 213 341 208 574 545 607 496 293 1000 424 788 13 959 924 426 573 508 162 287 19 627 671 488 834 987 
885 544 111 23 308 533 511 847 315 200 100 576 267 862 967 562 0 174 992 389 592 396 264 378 391 314 48 397 377 877 336 397 293 282 166 152 281 765 373 184 471 856 816 971 547 234 609 190 947 343 
24 401 148 568 612 330 675 869 719 166 534 206 954 451 308 320 174 0 862 193 922 838 124 941 468 361 472 258 1 337 374 98 719 727 596 167 967 887 90 647 566 888 628 418 739 654 741 274 409 459 
692 501 891 106 257 247 979 308 219 549 557 388 879 449 24 744 992 862 0 753 972 600 805 149 676 403 532 577 623 451 420 148 324 373 71 866 869 879 665 916 218 322 870 707 968 475 315 356 769 868 
409 400 720 573 152 247 622 820 292 15 66 252 232 80 66 508 389 193 753 0 421 408 290 272 516 838 150 638 301 35 972 278 776 224 235 999 960 523 562 204 327 86 158 774 588 219 854 513 398 155 
131 760 291 116 221 325 840 645 584 486 275 837 367 71 88 103 592 922 972 421 0 754 536 446 347 335 534 653 638 750 850 552 355 618 411 514 673 819 495 494 483 746 333 816 303 326 329 562 589 159 
337 453 188 260 340 982 625 974 907 745 117 411 864 790 532 639 396 838 600 408 754 0 323 97 527 268 314 335 817 282 587 390 514 335 308 430 167 502 939 78 310 538 534 278 272 724 987 734 464 658 
515 500 584 60 70 946 189 606 796 224 158 33 776 455 910 394 264 124 805 290 536 323 0 929 409 89 539 74 454 560 657 450 364 562 820 541 656 740 460 888 196 125 137 985 334 359 259 459 411 148 
115 252 734 554 863 601 533 447 854 415 811 924 787 904 824 156 378 941 149 272 446 97 929 0 449 423 765 211 212 993 138 439 444 631 960 322 269 425 683 399 251 927 224 284 730 627 187 122 84 503 
590 481 992 254 10 668 314 237 284 428 50 735 50 789 936 999 391 468 676 516 347 527 409 449 0 675 850 807 648 503 486 868 423 980 499 356 99 330 494 156 718 565 417 69 477 558 278 213 820 504 
952 133 165 380 762 776 300 582 464 502 532 447 805 53 313 213 314 361 403 838 335 268 89 423 675 0 987 893 193 108 996 493 876 380 107 269 906 870 429 801 788 97 437 367 18 116 944 902 54 841 
352 353 84 410 946 816 500 942 456 868 141 308 263 829 297 341 48 472 532 150 534 314 539 765 850 987 0 189 665 859 2 756 390 222 524 551 50 22 516 596 420 609 806 794 416 447 928 982 180 393 
405 272 305 788 504 312 331 684 39 357 196 287 906 999 945 208 397 258 577 638 653 335 74 211 807 893 189 0 455 659 473 557 58 243 353 392 196 388 125 496 512 341 506 628 316 879 662 840 90 894 
425 711 529 455 602 561 451 987 939 448 512 747 2 384 140 574 377 1 623 301 638 817 454 212 648 193 665 455 0 78 100 96 242 293 189 334 625 461 525 342 50 812 337 141 689 656 327 649 893 177 
608 693 504 670 497 62 573 807 536 570 407 217 739 362 360 545 877 337 451 35 750 282 560 993 503 108 859 659 78 0 203 630 204 136 177 928 569 37 151 781 648 618 485 545 642 556 237 281 296 593 
101 392 927 365 413 905 46 677 13 278 719 285 517 762 272 607 336 374 420 972 850 587 657 138 486 996 2 473 100 203 0 172 604 802 466 689 175 806 731 690 628 190 271 442 201 175 376 770 322 362 
761 435 810 160 692 834 581 392 119 728 417 690 671 237 45 496 397 98 148 278 552 390 450 439 868 493 756 557 96 630 172 0 131 594 824 489 460 869 72 507 223 645 461 934 731 168 220 381 505 351 
495 807 470 904 841 489 293 198 794 275 305 300 157 141 401 293 293 719 324 776 355 514 364 444 423 876 390 58 242 204 604 131 0 452 467 822 650 415 489 809 922 234 597 701 396 779 266 429 502 193 
581 61 245 302 73 865 896 644 146 126 9 867 265 175 104 1000 282 727 373 224 618 335 562 631 980 380 222 243 293 136 802 594 452 0 650 943 359 123 23 600 940 545 620 969 310 585 876 838 858 454 
412 486 243 277 929 746 363 386 588 309 421 847 605 402 130 424 166 596 71 235 411 308 820 960 499 107 524 353 189 177 466 824 467 650 0 64 492 65 522 234 350 553 326 308 514 498 909 394 916 681 
733 264 749 135 675 310 57 358 738 49 860 246 492 316 680 788 152 167 866 999 514 430 541 322 356 269 551 392 334 928 689 489 822 943 64 0 642 367 848 336 102 205 262 132 345 517 912 405 269 604 
619 585 819 789 474 576 971 242 246 171 449 532 381 365 43 13 281 967 869 960 673 167 656 269 99 906 50 196 625 569 175 460 650 359 492 642 0 326 340 843 424 146 178 547 484 401 642 772 232 413 
805 839 420 665 814 154 593 950 734 201 488 429 833 216 31 959 765 887 879 523 819 502 740 425 330 870 22 388 461 37 806 869 415 123 65 367 326 0 125 396 723 516 649 537 658 20 548 242 840 348 
88 800 134 310 573 686 4 569 789 358 917 213 62 58 312 924 373 90 665 562 495 939 460 683 494 429 516 125 525 151 731 72 489 23 522 848 340 125 0 241 523 461 922 414 657 612 887 354 548 607 
224 442 762 311 251 879 793 460 868 265 686 95 373 666 68 426 184 647 916 204 494 78 888 399 156 801 596 496 342 781 690 507 809 600 234 336 843 396 241 0 550 905 93 842 671 652 536 371 606 162 
559 653 217 660 55 452 629 731 25 550 52 702 991 957 399 573 471 566 218 327 483 310 196 251 718 788 420 512 50 648 628 223 922 940 350 102 424 723 523 550 0 290 476 685 867 122 767 611 488 694 
855 51 759 260 770 599 842 445 234 768 261 831 384 369 953 508 856 888 322 86 746 538 125 927 565 97 609 341 812 618 190 645 234 545 553 205 146 516 461 905 290 0 561 686 112 478 912 558 493 366 
255 567 866 999 556 527 611 402 473 556 693 907 753 463 579 162 816 628 870 158 333 534 137 224 417 437 806 506 337 485 271 461 597 620 326 262 178 649 922 93 476 561 0 499 161 2 271 760 680 780 
459 834 129 703 581 376 581 357 650 400 134 480 361 542 695 287 971 418 707 774 816 278 985 284 69 367 794 628 141 545 442 934 701 969 308 132 547 537 414 842 685 686 499 0 743 737 379 471 837 317 
557 572 327 270 742 167 904 491 885 621 537 422 18 702 927 19 547 739 968 588 303 272 334 730 477 18 416 316 689 642 201 731 396 310 514 345 484 658 657 671 867 112 161 743 0 336 576 14 278 68 
288 802 902 406 452 889 36 368 669 129 546 683 563 786 943 627 234 654 475 219 326 724 359 627 558 116 447 879 656 556 175 168 779 585 498 517 401 20 612 652 122 478 2 737 336 0 359 481 289 232 
30 430 495 305 814 203 353 429 423 612 56 341 964 745 419 671 609 741 315 854 329 987 259 187 278 944 928 662 327 237 376 220 266 876 909 912 642 548 887 536 767 912 271 379 576 359 0 444 289 588 
919 4 949 217 961 434 840 988 542 775 263 444 590 501 582 488 190 274 356 513 562 734 459 122 213 902 982 840 649 281 770 381 429 838 394 405 772 242 354 371 611 558 760 471 14 481 444 0 882 62 
513 332 74 691 289 274 131 565 570 797 161 428 591 723 814 834 947 409 769 398 589 464 411 84 820 54 180 90 893 296 322 505 502 858 916 269 232 840 548 606 488 493 680 837 278 289 289 882 0 222 
399 640 780 312 433 924 659 690 303 873 38 360 494 390 866 987 343 459 868 155 159 658 148 503 504 841 393 894 177 593 362 351 193 454 681 604 413 348 607 162 694 366 780 317 68 232 588 62 222 0 
0 770 381 987 436 40 723 148 236 524 119 844 232 569 950 815 955 334 765 319 485 26 796 107 646 702 729 505 285 667 602 716 786 782 130 270 586 24 24 884 13 840 276 205 630 435 707 543 715 831 
770 0 582 426 313 800 676 607 321 618 387 187 956 61 640 976 345 646 872 170 470 375 951 587 870 681 805 562 486 840 734 96 296 665 39 268 637 796 615 501 769 21 320 717 911 845 298 771 405 780 
381 582 0 241 148 753 307 125 109 295 201 462 529 369 625 992 263 166 576 956 664 27 359 912 714 335 467 971 523 202 275 782 669 978 211 103 641 943 84 376 146 804 975 158 659 111 1000 445 192 822 
987 426 241 0 362 299 494 414 315 583 84 547 378 557 272 75 536 852 176 608 233 40 371 629 454 696 591 777 353 655 940 66 925 586 171 223 797 498 327 945 756 662 960 19 469 857 765 146 661 100 
436 313 148 362 0 409 266 960 495 372 373 439 247 1 806 438 222 719 707 562 19 373 28 216 661 447 910 79 868 19 790 53 445 29 266 614 738 788 733 604 344 497 611 406 617 627 272 562 308 617 
40 800 753 299 409 0 787 35 644 235 882 988 322 532 260 547 105 808 385 210 925 946 99 605 707 937 586 510 802 493 549 124 110 542 777 697 561 455 790 486 561 722 620 221 297 258 502 462 344 775 
