5 2
0 468 183 274 334 
468 0 166 343 169 
183 166 0 751 345 
274 343 751 0 397 
334 169 345 397 0 
0 968 601 572 818 
968 0 322 14 1000 
601 322 0 877 70 
572 14 877 0 852 
818 1000 70 852 0 
0 663 709 896 672 
663 0 368 29 204 
709 368 0 200 592 
896 29 200 0 147 
672 204 592 147 0 
