70 4
0 238 188 213 379 843 385 88 339 674 269 203 753 431 249 515 572 411 585 698 447 253 385 146 279 421 825 749 873 903 545 724 74 221 322 728 371 147 104 208 758 449 151 660 200 389 129 807 332 813 33 506 404 730 651 969 1 957 879 182 952 591 478 802 893 91 406 498 806 194 
238 0 10 553 23 624 5 346 12 753 680 387 261 787 779 724 136 873 147 880 44 950 947 351 723 534 901 628 666 142 176 832 784 660 45 275 796 958 5 897 878 186 387 174 143 539 166 772 561 617 537 134 510 807 184 688 923 485 39 219 490 127 892 515 538 757 451 991 477 812 
188 10 0 554 937 117 626 930 804 678 613 498 40 195 263 100 467 267 244 926 477 432 806 358 471 461 215 784 409 896 312 454 414 495 503 853 36 723 655 712 982 596 577 456 578 101 144 611 129 839 342 42 616 715 166 841 182 104 510 120 920 174 193 38 291 321 160 149 743 359 
213 553 554 0 45 303 93 797 984 956 192 333 668 522 851 855 389 330 58 100 691 44 182 825 878 310 573 969 138 795 376 547 556 377 872 899 722 290 496 846 939 1 369 220 103 563 686 996 781 450 553 531 354 877 802 364 430 572 901 128 906 253 552 123 743 511 480 518 902 881 
379 23 937 45 0 839 930 595 828 571 237 233 11 640 390 487 698 165 285 926 393 343 529 849 784 131 983 51 806 562 996 741 841 825 622 95 974 983 626 500 271 692 624 133 895 44 98 557 851 467 111 523 400 912 999 34 77 404 54 576 768 686 617 216 914 748 501 318 897 212 
843 624 117 303 839 0 30 821 869 777 489 557 497 842 437 572 182 661 896 222 468 267 839 582 588 577 872 273 904 346 424 389 341 332 732 915 430 75 300 756 90 759 511 890 107 950 363 209 895 910 896 484 506 90 867 189 330 259 335 623 61 757 852 656 828 977 764 275 461 115 
385 5 626 93 930 30 0 27 165 915 519 401 164 661 204 435 971 155 515 694 340 565 179 383 432 73 961 925 961 849 574 88 432 439 557 452 117 290 583 610 573 352 646 936 608 612 747 551 526 455 803 931 183 423 659 535 377 376 354 534 169 112 503 562 69 376 182 8 230 891 
88 346 930 797 595 821 27 0 796 804 167 616 134 833 838 626 960 164 279 458 278 585 648 420 768 12 853 700 737 724 579 471 437 820 437 719 996 642 952 856 196 925 383 998 662 125 904 523 128 872 425 385 883 333 630 467 542 571 770 359 777 615 345 315 583 168 445 173 867 785 
339 12 804 984 828 869 165 796 0 701 1000 86 40 909 212 534 316 454 302 19 360 100 557 70 457 994 898 871 726 66 60 365 622 444 161 438 362 82 844 338 427 390 907 71 737 935 974 813 388 46 757 872 591 412 260 17 596 123 875 545 779 896 785 621 641 24 793 89 776 232 
674 753 678 956 571 777 915 804 701 0 492 193 677 31 986 834 477 622 332 412 425 884 232 713 799 358 889 458 807 8 691 556 498 670 274 753 896 553 266 758 460 113 394 343 512 913 982 499 115 930 533 260 293 245 759 81 879 218 155 653 955 330 222 642 127 111 138 667 178 212 
269 680 613 192 237 489 519 167 1000 492 0 412 625 432 53 466 757 20 540 172 675 824 680 655 893 153 106 697 194 234 249 540 893 876 6 203 701 406 67 806 422 122 67 487 296 801 163 545 898 143 372 512 415 334 520 774 934 328 619 125 871 321 616 757 148 149 788 911 484 920 
203 387 498 333 233 557 401 616 86 193 412 0 594 25 333 117 811 210 153 176 510 195 498 891 919 212 567 377 468 851 121 132 190 465 501 980 747 368 682 906 444 266 738 491 454 253 335 774 356 62 790 40 92 979 350 381 332 946 982 499 256 429 99 436 757 250 273 796 903 377 
753 261 40 668 11 497 164 134 40 677 625 594 0 235 297 961 401 7 688 906 105 96 100 464 937 543 77 669 765 440 566 766 758 648 554 574 189 193 986 914 897 474 274 338 23 89 451 365 7 390 175 120 880 752 472 154 634 649 41 21 89 289 874 359 696 778 720 289 800 718 
431 787 195 522 640 842 661 833 909 31 432 25 235 0 250 200 637 602 98 292 197 781 70 340 914 641 122 31 217 396 146 693 758 114 874 161 237 678 162 254 423 989 612 5 760 961 409 898 77 74 685 73 825 642 423 594 433 242 640 12 292 107 505 903 556 618 872 121 427 656 
249 779 263 851 390 437 204 838 212 986 53 333 297 250 0 711 503 924 522 760 751 613 717 969 503 559 122 370 27 755 386 819 647 935 586 727 855 450 878 1000 904 889 630 743 236 953 131 921 522 234 41 965 590 55 725 831 893 267 14 231 886 965 813 726 465 842 249 553 943 338 
515 724 100 855 487 572 435 626 534 834 466 117 961 200 711 0 125 31 80 958 267 71 793 113 737 649 256 248 216 637 162 531 787 328 429 512 413 775 932 52 785 26 937 543 818 323 235 55 181 277 470 774 965 341 704 139 140 899 78 51 38 409 72 143 597 795 621 36 901 547 
572 136 467 389 698 182 971 960 316 477 757 811 401 637 503 125 0 771 642 426 129 393 990 797 763 3 920 770 230 522 778 38 659 857 108 351 614 635 593 66 418 213 573 536 767 310 721 331 495 853 650 638 671 478 354 817 346 233 416 613 344 540 864 58 74 437 653 634 64 621 
411 873 267 330 165 661 155 164 454 622 20 210 7 602 924 31 771 0 598 504 846 408 316 566 416 796 136 540 78 512 227 289 9 582 422 258 610 685 620 896 770 384 386 789 760 293 396 36 681 773 559 47 502 60 143 249 543 82 82 695 502 336 497 918 63 117 847 44 358 227 
585 147 244 58 285 896 515 279 302 332 540 153 688 98 522 80 642 598 0 560 108 76 274 817 219 560 819 630 804 657 8 286 124 661 927 923 108 370 141 569 259 228 293 695 142 108 930 850 790 80 853 640 426 485 47 572 168 653 90 974 574 106 389 565 500 168 497 370 764 82 
698 880 926 100 926 222 694 458 19 412 172 176 906 292 760 958 426 504 560 0 219 488 407 18 400 188 740 21 432 921 352 637 628 674 710 231 786 884 567 705 440 821 975 639 301 185 584 928 214 189 167 256 930 677 270 851 494 297 309 60 866 904 992 91 600 293 431 275 133 649 
447 44 477 691 393 468 340 278 360 425 675 510 105 197 751 267 129 846 108 219 0 986 795 403 294 932 633 96 927 126 92 537 863 462 656 896 430 929 578 127 715 854 253 1000 922 664 929 508 408 381 811 911 467 928 105 194 337 41 322 86 990 660 87 102 80 270 104 702 856 952 
253 950 432 44 343 267 565 585 100 884 824 195 96 781 613 71 393 408 76 488 986 0 911 86 298 265 632 96 333 242 630 470 734 309 5 269 378 74 672 809 308 415 44 453 271 791 911 409 932 951 529 972 202 452 809 216 488 161 210 350 883 967 507 663 345 418 593 950 740 662 
385 947 806 182 529 839 179 648 557 232 680 498 100 70 717 793 990 316 274 407 795 911 0 592 512 385 227 780 416 792 989 223 581 833 470 240 855 409 58 72 349 692 337 672 365 736 624 792 207 385 188 607 479 551 201 920 627 277 694 521 769 1 58 728 685 668 214 49 407 253 
146 351 358 825 849 582 383 420 70 713 655 891 464 340 969 113 797 566 817 18 403 86 592 0 924 158 413 456 865 774 414 924 485 824 67 881 599 898 164 572 937 616 599 880 785 174 115 747 281 57 911 822 436 238 909 582 883 37 749 410 654 531 2 53 917 669 408 415 499 358 
279 723 471 878 784 588 432 768 457 799 893 919 937 914 503 737 763 416 219 400 294 298 512 924 0 275 536 409 524 214 500 946 615 109 756 883 873 404 647 971 434 236 223 349 146 908 582 220 217 45 326 669 433 366 576 807 171 1000 368 670 643 247 517 143 769 545 515 856 877 278 
421 534 461 310 131 577 73 12 994 358 153 212 543 641 559 649 3 796 560 188 932 265 385 158 275 0 502 367 332 793 102 556 139 830 124 117 727 58 663 163 354 726 417 582 463 827 543 529 121 275 564 920 740 621 463 708 386 206 190 35 800 676 493 352 161 84 695 982 216 676 
825 901 215 573 983 872 961 853 898 889 106 567 77 122 122 256 920 136 819 740 633 632 227 413 536 502 0 597 57 181 955 123 808 938 364 480 36 399 582 377 453 642 683 64 87 972 821 486 113 243 781 289 214 817 360 871 826 544 294 518 600 887 611 24 363 861 659 983 859 460 
749 628 784 969 51 273 925 700 871 458 697 377 669 31 370 248 770 540 630 21 96 96 780 456 409 367 597 0 843 388 411 231 595 879 840 702 259 190 601 517 139 726 553 660 521 770 627 270 28 403 271 50 49 596 635 5 54 326 73 984 824 931 447 673 773 335 784 864 304 627 
873 666 409 138 806 904 961 737 726 807 194 468 765 217 27 216 230 78 804 432 927 333 416 865 524 332 57 843 0 40 295 788 168 497 668 916 21 813 988 750 578 205 874 720 709 974 298 872 432 785 615 616 411 566 800 579 785 454 79 19 248 722 483 800 42 486 868 981 24 736 
903 142 896 795 562 346 849 724 66 8 234 851 440 396 755 637 522 512 657 921 126 242 792 774 214 793 181 388 40 0 446 679 634 41 352 147 899 674 353 824 796 431 62 624 855 288 740 910 258 334 333 493 268 226 59 831 924 117 503 719 52 885 701 845 613 202 453 120 344 452 
545 176 312 376 996 424 574 579 60 691 249 121 566 146 386 162 778 227 8 352 92 630 989 414 500 102 955 411 295 446 0 999 376 712 746 576 902 344 490 469 495 863 983 309 490 489 151 535 323 860 196 461 438 527 263 466 197 262 625 637 899 1000 221 226 375 579 943 585 348 328 
724 832 454 547 741 389 88 471 365 556 540 132 766 693 819 531 38 289 286 637 537 470 223 924 946 556 123 231 788 679 999 0 412 364 9 464 839 41 659 367 210 489 227 965 965 382 132 350 5 517 971 298 784 51 289 783 309 562 437 705 339 763 141 118 774 735 437 447 106 366 
74 784 414 556 841 341 432 437 622 498 893 190 758 758 647 787 659 9 124 628 863 734 581 485 615 139 808 595 168 634 376 412 0 710 571 100 651 772 83 975 163 507 434 90 470 820 822 91 142 41 349 712 650 770 494 486 492 446 950 119 205 721 583 514 987 724 478 606 331 532 
221 660 495 377 825 332 439 820 444 670 876 465 648 114 935 328 857 582 661 674 462 309 833 824 109 830 938 879 497 41 712 364 710 0 930 225 91 762 332 685 728 759 908 429 469 336 486 566 376 589 343 321 695 202 952 482 702 520 610 563 65 715 335 611 78 693 460 470 742 299 
322 45 503 872 622 732 557 437 161 274 6 501 554 874 586 429 108 422 927 710 656 5 470 67 756 124 364 840 668 352 746 9 571 930 0 45 974 338 291 746 1 840 557 956 426 438 332 87 7 792 238 234 357 616 862 52 835 325 524 931 616 488 193 667 253 499 945 303 217 487 
728 275 853 899 95 915 452 719 438 753 203 980 574 161 727 512 351 258 923 231 896 269 240 881 883 117 480 702 916 147 576 464 100 225 45 0 881 583 168 391 82 830 83 703 808 631 443 867 990 252 307 641 438 26 831 847 469 529 739 530 724 481 470 334 825 726 449 197 797 404 
371 796 36 722 974 430 117 996 362 896 701 747 189 237 855 413 614 610 108 786 430 378 855 599 873 727 36 259 21 899 902 839 651 91 974 881 0 514 186 799 112 354 279 760 151 266 93 641 628 190 519 825 853 414 912 973 396 444 334 33 12 727 952 490 230 232 669 201 965 858 
147 958 723 290 983 75 290 642 82 553 406 368 193 678 450 775 635 685 370 884 929 74 409 898 404 58 399 190 813 674 344 41 772 762 338 583 514 0 232 270 819 702 78 173 107 346 228 763 800 694 960 149 167 546 269 509 248 148 742 37 589 19 936 689 943 656 543 248 536 744 
104 5 655 496 626 300 583 952 844 266 67 682 986 162 878 932 593 620 141 567 578 672 58 164 647 663 582 601 988 353 490 659 83 332 291 168 186 232 0 913 130 524 301 37 772 811 933 496 731 377 664 30 215 87 114 262 557 117 119 933 320 188 718 457 2 788 482 308 354 58 
208 897 712 846 500 756 610 856 338 758 806 906 914 254 1000 52 66 896 569 705 127 809 72 572 971 163 377 517 750 824 469 367 975 685 746 391 799 270 913 0 43 818 879 527 722 266 659 766 961 921 972 181 46 590 164 596 319 756 39 30 169 112 957 280 194 597 174 567 169 334 
758 878 982 939 271 90 573 196 427 460 422 444 897 423 904 785 418 770 259 440 715 308 349 937 434 354 453 139 578 796 495 210 163 728 1 82 112 819 130 43 0 992 361 520 145 464 893 907 418 586 980 532 11 272 587 610 390 632 658 809 940 153 733 219 182 497 835 549 44 383 
449 186 596 1 692 759 352 925 390 113 122 266 474 989 889 26 213 384 228 821 854 415 692 616 236 726 642 726 205 431 863 489 507 759 840 830 354 702 524 818 992 0 244 962 370 681 390 271 2 32 780 685 63 541 341 434 283 262 267 462 445 723 505 92 41 780 570 831 344 612 
151 387 577 369 624 511 646 383 907 394 67 738 274 612 630 937 573 386 293 975 253 44 337 599 223 417 683 553 874 62 983 227 434 908 557 83 279 78 301 879 361 244 0 385 976 281 843 960 526 781 216 82 558 193 972 605 87 261 963 409 10 879 414 895 426 228 720 64 432 974 
660 174 456 220 133 890 936 998 71 343 487 491 338 5 743 543 536 789 695 639 1000 453 672 880 349 582 64 660 720 624 309 965 90 429 956 703 760 173 37 527 520 962 385 0 651 658 40 209 942 307 996 522 357 653 875 19 98 603 310 461 174 60 683 516 692 404 767 806 425 485 
200 143 578 103 895 107 608 662 737 512 296 454 23 760 236 818 767 760 142 301 922 271 365 785 146 463 87 521 709 855 490 965 470 469 426 808 151 107 772 722 145 370 976 651 0 241 929 194 20 414 779 536 615 546 871 218 787 814 907 630 404 811 368 429 118 294 599 769 978 664 
389 539 101 563 44 950 612 125 935 913 801 253 89 961 953 323 310 293 108 185 664 791 736 174 908 827 972 770 974 288 489 382 820 336 438 631 266 346 811 266 464 681 281 658 241 0 353 637 370 865 666 670 409 459 695 810 132 456 604 350 51 648 689 527 132 136 155 144 697 856 
129 166 144 686 98 363 747 904 974 982 163 335 451 409 131 235 721 396 930 584 929 911 624 115 582 543 821 627 298 740 151 132 822 486 332 443 93 228 933 659 893 390 843 40 929 353 0 342 439 701 364 833 409 978 757 823 392 755 723 558 435 382 795 355 955 323 360 166 784 870 
807 772 611 996 557 209 551 523 813 499 545 774 365 898 921 55 331 36 850 928 508 409 792 747 220 529 486 270 872 910 535 350 91 566 87 867 641 763 496 766 907 271 960 209 194 637 342 0 367 224 143 26 400 388 355 464 889 327 494 676 554 886 130 928 278 389 148 529 83 432 
332 561 129 781 851 895 526 128 388 115 898 356 7 77 522 181 495 681 790 214 408 932 207 281 217 121 113 28 432 258 323 5 142 376 7 990 628 800 731 961 418 2 526 942 20 370 439 367 0 200 567 522 948 509 187 31 541 339 650 421 462 822 760 438 438 362 188 711 871 262 
813 617 839 450 467 910 455 872 46 930 143 62 390 74 234 277 853 773 80 189 381 951 385 57 45 275 243 403 785 334 860 517 41 589 792 252 190 694 377 921 586 32 781 307 414 865 701 224 200 0 787 783 406 534 400 523 791 702 21 179 47 340 271 889 912 281 170 75 303 803 
33 537 342 553 111 896 803 425 757 533 372 790 175 685 41 470 650 559 853 167 811 529 188 911 326 564 781 271 615 333 196 971 349 343 238 307 519 960 664 972 980 780 216 996 779 666 364 143 567 787 0 925 180 211 720 556 788 727 117 943 722 349 421 525 2 404 523 315 772 713 
506 134 42 531 523 484 931 385 872 260 512 40 120 73 965 774 638 47 640 256 911 972 607 822 669 920 289 50 616 493 461 298 712 321 234 641 825 149 30 181 532 685 82 522 536 670 833 26 522 783 925 0 806 731 960 459 321 786 275 732 613 350 148 706 733 52 393 912 485 650 
404 510 616 354 400 506 183 883 591 293 415 92 880 825 590 965 671 502 426 930 467 202 479 436 433 740 214 49 411 268 438 784 650 695 357 438 853 167 215 46 11 63 558 357 615 409 409 400 948 406 180 806 0 873 117 378 175 297 580 838 233 655 528 919 487 409 283 797 279 337 
730 807 715 877 912 90 423 333 412 245 334 979 752 642 55 341 478 60 485 677 928 452 551 238 366 621 817 596 566 226 527 51 770 202 616 26 414 546 87 590 272 541 193 653 546 459 978 388 509 534 211 731 873 0 796 299 506 1 932 829 47 898 512 874 160 939 75 926 55 343 
651 184 166 802 999 867 659 630 260 759 520 350 472 423 725 704 354 143 47 270 105 809 201 909 576 463 360 635 800 59 263 289 494 952 862 831 912 269 114 164 587 341 972 875 871 695 757 355 187 400 720 960 117 796 0 372 390 770 889 124 467 79 749 881 414 423 454 823 83 786 
969 688 841 364 34 189 535 467 17 81 774 381 154 594 831 139 817 249 572 851 194 216 920 582 807 708 871 5 579 831 466 783 486 482 52 847 973 509 262 596 610 434 605 19 218 810 823 464 31 523 556 459 378 299 372 0 301 831 272 704 580 605 940 674 335 806 987 999 940 460 
1 923 182 430 77 330 377 542 596 879 934 332 634 433 893 140 346 543 168 494 337 488 627 883 171 386 826 54 785 924 197 309 492 702 835 469 396 248 557 319 390 283 87 98 787 132 392 889 541 791 788 321 175 506 390 301 0 540 912 94 355 328 170 548 806 435 24 450 27 770 
957 485 104 572 404 259 376 571 123 218 328 946 649 242 267 899 233 82 653 297 41 161 277 37 1000 206 544 326 454 117 262 562 446 520 325 529 444 148 117 756 632 262 261 603 814 456 755 327 339 702 727 786 297 1 770 831 540 0 74 374 927 384 219 516 784 220 285 722 217 218 
879 39 510 901 54 335 354 770 875 155 619 982 41 640 14 78 416 82 90 309 322 210 694 749 368 190 294 73 79 503 625 437 950 610 524 739 334 742 119 39 658 267 963 310 907 604 723 494 650 21 117 275 580 932 889 272 912 74 0 503 826 795 74 310 977 409 1 941 419 201 
182 219 120 128 576 623 534 359 545 653 125 499 21 12 231 51 613 695 974 60 86 350 521 410 670 35 518 984 19 719 637 705 119 563 931 530 33 37 933 30 809 462 409 461 630 350 558 676 421 179 943 732 838 829 124 704 94 374 503 0 717 380 643 394 210 413 85 28 30 251 
952 490 920 906 768 61 169 777 779 955 871 256 89 292 886 38 344 502 574 866 990 883 769 654 643 800 600 824 248 52 899 339 205 65 616 724 12 589 320 169 940 445 10 174 404 51 435 554 462 47 722 613 233 47 467 580 355 927 826 717 0 937 380 183 537 19 916 480 174 576 
591 127 174 253 686 757 112 615 896 330 321 429 289 107 965 409 540 336 106 904 660 967 1 531 247 676 887 931 722 885 1000 763 721 715 488 481 727 19 188 112 153 723 879 60 811 648 382 886 822 340 349 350 655 898 79 605 328 384 795 380 937 0 698 626 951 937 486 49 528 962 
478 892 193 552 617 852 503 345 785 222 616 99 874 505 813 72 864 497 389 992 87 507 58 2 517 493 611 447 483 701 221 141 583 335 193 470 952 936 718 957 733 505 414 683 368 689 795 130 760 271 421 148 528 512 749 940 170 219 74 643 380 698 0 619 466 219 942 267 184 79 
802 515 38 123 216 656 562 315 621 642 757 436 359 903 726 143 58 918 565 91 102 663 728 53 143 352 24 673 800 845 226 118 514 611 667 334 490 689 457 280 219 92 895 516 429 527 355 928 438 889 525 706 919 874 881 674 548 516 310 394 183 626 619 0 966 15 222 58 461 325 
893 538 291 743 914 828 69 583 641 127 148 757 696 556 465 597 74 63 500 600 80 345 685 917 769 161 363 773 42 613 375 774 987 78 253 825 230 943 2 194 182 41 426 692 118 132 955 278 438 912 2 733 487 160 414 335 806 784 977 210 537 951 466 966 0 836 465 127 503 955 
91 757 321 511 748 977 376 168 24 111 149 250 778 618 842 795 437 117 168 293 270 418 668 669 545 84 861 335 486 202 579 735 724 693 499 726 232 656 788 597 497 780 228 404 294 136 323 389 362 281 404 52 409 939 423 806 435 220 409 413 19 937 219 15 836 0 702 556 509 533 
406 451 160 480 501 764 182 445 793 138 788 273 720 872 249 621 653 847 497 431 104 593 214 408 515 695 659 784 868 453 943 437 478 460 945 449 669 543 482 174 835 570 720 767 599 155 360 148 188 170 523 393 283 75 454 987 24 285 1 85 916 486 942 222 465 702 0 139 532 310 
498 991 149 518 318 275 8 173 89 667 911 796 289 121 553 36 634 44 370 275 702 950 49 415 856 982 983 864 981 120 585 447 606 470 303 197 201 248 308 567 549 831 64 806 769 144 166 529 711 75 315 912 797 926 823 999 450 722 941 28 480 49 267 58 127 556 139 0 597 708 
806 477 743 902 897 461 230 867 776 178 484 903 800 427 943 901 64 358 764 133 856 740 407 499 877 216 859 304 24 344 348 106 331 742 217 797 965 536 354 169 44 344 432 425 978 697 784 83 871 303 772 485 279 55 83 940 27 217 419 30 174 528 184 461 503 509 532 597 0 221 
194 812 359 881 212 115 891 785 232 212 920 377 718 656 338 547 621 227 82 649 952 662 253 358 278 676 460 627 736 452 328 366 532 299 487 404 858 744 58 334 383 612 974 485 664 856 870 432 262 803 713 650 337 343 786 460 770 218 201 251 576 962 79 325 955 533 310 708 221 0 
0 80 470 232 689 166 469 287 209 33 94 271 623 281 262 487 902 853 312 376 668 979 317 792 16 293 584 571 675 826 27 680 212 951 221 198 673 216 999 875 149 195 638 755 293 207 397 74 175 338 232 328 691 271 712 762 833 326 576 967 154 129 612 645 638 239 407 354 798 916 
80 0 578 384 699 461 481 677 661 87 21 119 391 721 96 925 700 686 761 864 340 562 677 35 72 273 164 417 626 301 871 171 39 628 677 499 365 633 894 712 302 659 98 333 299 712 609 180 887 533 830 441 253 318 483 296 679 252 319 294 640 338 484 842 846 886 36 788 135 759 
470 578 0 443 241 170 646 53 535 944 688 825 622 16 826 637 898 971 470 225 822 247 761 826 951 736 562 473 572 717 575 711 167 543 572 434 828 993 36 719 719 213 707 549 804 724 128 983 93 6 168 135 325 253 579 658 23 829 151 978 645 998 918 646 722 277 573 183 56 866 
232 384 443 0 590 115 782 170 336 303 750 496 751 246 888 449 556 660 652 876 970 807 176 49 65 463 35 18 50 308 323 585 357 926 549 240 668 840 472 574 196 473 499 776 327 345 636 806 236 243 742 272 50 95 975 570 798 699 686 858 444 637 549 161 550 476 289 727 75 320 
689 699 241 590 0 291 658 442 503 241 22 418 79 221 901 66 257 372 538 498 755 257 809 245 590 612 444 563 111 920 96 850 110 381 833 176 644 857 569 221 511 302 7 444 40 433 280 489 949 120 884 768 322 218 386 94 894 979 200 64 344 769 209 303 959 191 256 859 663 368 
166 461 170 115 291 0 984 682 592 242 899 760 585 419 219 510 535 416 76 499 70 53 148 906 226 600 758 422 644 755 34 990 614 354 324 723 909 741 242 577 855 846 107 323 195 931 387 270 237 487 135 350 7 851 641 764 104 393 931 541 179 487 194 315 734 227 584 92 47 288 
469 481 646 782 658 984 0 619 444 638 193 356 802 128 614 542 387 542 564 315 3 39 880 554 828 52 532 221 655 380 279 594 529 952 760 734 549 659 938 659 921 594 791 821 551 47 606 231 666 226 896 261 484 922 55 817 692 811 626 446 247 305 562 3 950 529 546 594 995 392 
287 677 53 170 442 682 619 0 998 398 377 308 802 333 784 643 118 570 631 362 628 799 587 294 933 663 874 523 792 159 879 627 58 695 61 532 46 291 18 327 689 21 514 162 727 232 690 285 752 289 143 748 360 357 403 593 380 753 854 741 187 920 662 192 882 776 676 5 397 499 
209 661 535 336 503 592 444 998 0 205 736 908 168 71 928 296 50 994 443 545 40 478 931 37 956 158 161 780 451 485 739 648 15 997 412 799 249 983 396 238 719 546 490 680 843 272 146 221 333 684 890 961 379 368 497 361 536 418 912 653 687 79 353 588 366 306 349 244 1000 240 
33 87 944 303 241 242 638 398 205 0 792 681 911 871 781 76 904 407 204 186 174 780 44 465 700 302 284 443 274 219 265 381 714 212 959 755 118 882 630 292 202 31 152 859 198 655 310 452 414 505 44 934 53 145 140 791 454 15 512 759 561 438 502 549 562 751 256 40 301 27 
94 21 688 750 22 899 193 377 736 792 0 817 340 324 385 840 485 126 353 127 731 672 24 78 204 33 759 313 627 177 826 247 35 634 231 18 283 355 237 712 963 151 236 725 403 336 78 964 98 223 773 614 464 91 548 737 338 602 369 785 301 461 7 62 544 17 1 173 221 570 
271 119 825 496 418 760 356 308 908 681 817 0 523 168 745 172 469 904 494 589 130 901 131 572 682 987 753 184 155 485 565 247 864 407 43 380 681 633 819 772 759 433 297 304 580 419 22 385 380 643 897 609 505 253 123 242 161 928 745 118 883 828 715 271 651 27 610 367 377 378 
623 391 622 751 79 585 802 802 168 911 340 523 0 880 136 501 595 88 593 309 491 233 410 106 144 121 321 405 794 692 803 895 305 601 138 216 732 495 586 395 440 127 123 152 788 768 129 312 501 392 229 38 123 992 63 769 346 556 611 588 695 261 148 426 68 190 496 285 776 857 
281 721 16 246 221 419 128 333 71 871 324 168 880 0 237 517 657 807 534 517 3 121 719 946 595 133 203 904 676 306 78 432 208 285 167 417 278 566 130 937 558 393 727 356 991 622 15 700 487 725 424 250 639 400 163 829 875 579 650 136 761 364 995 383 140 310 205 690 288 749 
262 96 826 888 901 219 614 784 928 781 385 745 136 237 0 790 278 864 611 196 92 252 905 935 199 433 611 106 382 784 905 367 577 841 669 52 350 664 191 919 669 262 90 523 738 777 942 729 285 14 684 99 217 180 601 720 158 618 22 95 174 84 983 912 302 98 244 423 394 721 
487 925 637 449 66 510 542 643 296 76 840 172 501 517 790 0 804 571 800 324 586 379 376 348 141 836 551 382 516 164 391 624 835 794 183 775 592 90 678 857 231 473 824 923 91 704 170 541 311 861 142 591 941 986 721 575 642 802 671 746 144 879 479 95 456 516 798 845 564 645 
902 700 898 556 257 535 387 118 50 904 485 469 595 657 278 804 0 142 948 973 177 692 233 450 393 271 165 465 91 745 10 248 165 529 783 860 127 318 558 421 615 546 877 762 908 832 277 125 909 669 948 331 273 435 984 31 694 11 350 985 644 526 639 235 441 644 639 16 820 181 
853 686 971 660 372 416 542 570 994 407 126 904 88 807 864 571 142 0 854 234 656 507 787 375 696 513 305 626 776 110 131 649 911 121 116 156 656 642 76 15 61 57 203 778 938 26 356 236 795 313 16 125 818 732 985 435 546 950 257 88 2 889 221 946 740 305 249 22 316 888 
312 761 470 652 538 76 564 631 443 204 353 494 593 534 611 800 948 854 0 360 623 704 768 867 696 264 331 311 969 607 44 80 749 98 646 41 774 386 83 670 755 746 258 191 6 244 12 315 698 458 194 593 537 638 541 583 525 779 994 4 218 715 840 192 122 832 701 839 686 754 
376 864 225 876 498 499 315 362 545 186 127 589 309 517 196 324 973 234 360 0 255 676 108 59 134 31 550 784 69 138 130 836 124 351 734 489 232 752 928 303 673 928 854 961 242 824 397 325 506 255 799 62 866 544 284 506 633 87 638 834 85 39 292 980 432 498 37 787 457 583 
668 340 822 970 755 70 3 628 40 174 731 130 491 3 92 586 177 656 623 255 0 508 800 704 268 396 216 395 2 509 47 699 236 789 104 373 943 51 475 937 360 572 254 514 610 757 33 918 245 775 5 461 46 371 230 65 878 513 293 78 679 894 412 104 482 538 314 263 252 902 
979 562 247 807 257 53 39 799 478 780 672 901 233 121 252 379 692 507 704 676 508 0 725 221 846 24 88 56 912 945 325 572 561 735 528 419 343 782 302 4 560 973 798 906 566 508 878 599 849 635 719 705 999 764 851 297 730 189 391 985 611 966 44 431 4 732 445 321 633 137 
317 677 761 176 809 148 880 587 931 44 24 131 410 719 905 376 233 787 768 108 800 725 0 358 601 851 853 390 940 654 985 506 781 658 86 20 616 836 841 242 146 465 55 901 339 486 614 247 90 272 678 861 720 542 808 751 783 216 783 6 937 893 389 967 838 436 524 681 844 291 
792 35 826 49 245 906 554 294 37 465 78 572 106 946 935 348 450 375 867 59 704 221 358 0 602 490 935 280 390 86 597 779 113 722 562 868 215 66 726 841 408 944 132 984 739 756 449 477 610 901 112 191 396 263 524 941 290 971 769 118 768 112 669 483 406 551 481 509 649 860 
16 72 951 65 590 226 828 933 956 700 204 682 144 595 199 141 393 696 696 134 268 846 601 602 0 290 531 374 281 952 432 285 315 521 58 598 783 208 344 15 714 796 746 267 131 998 719 538 512 444 190 371 154 499 482 379 260 573 655 180 707 871 561 858 9 588 882 190 747 305 
293 273 736 463 612 600 52 663 158 302 33 987 121 133 433 836 271 513 264 31 396 24 851 490 290 0 841 438 418 624 19 246 293 993 5 903 856 53 699 184 566 347 366 414 449 871 554 125 460 17 505 195 917 736 628 667 288 124 566 251 760 452 407 441 801 43 851 487 613 522 
584 164 562 35 444 758 532 874 161 284 759 753 321 203 611 551 165 305 331 550 216 88 853 935 531 841 0 436 42 924 501 484 777 64 805 686 667 834 810 193 774 181 811 824 341 597 143 250 855 341 648 228 829 888 91 460 866 629 118 429 835 813 443 868 34 930 570 939 117 778 
571 417 473 18 563 422 221 523 780 443 313 184 405 904 106 382 465 626 311 784 395 56 390 280 374 438 436 0 527 560 917 848 61 337 599 509 374 555 698 212 262 923 19 628 994 752 796 630 205 906 350 874 79 636 552 456 952 449 154 725 11 158 438 920 71 738 479 23 320 999 
675 626 572 50 111 644 655 792 451 274 627 155 794 676 382 516 91 776 969 69 2 912 940 390 281 418 42 527 0 765 729 838 11 448 885 708 22 189 690 131 65 469 388 356 384 911 471 536 340 824 9 538 848 683 258 927 845 3 757 442 126 831 853 408 274 578 810 951 426 861 
826 301 717 308 920 755 380 159 485 219 177 485 692 306 784 164 745 110 607 138 509 945 654 86 952 624 924 560 765 0 353 619 612 599 348 862 966 32 715 453 729 291 409 372 861 42 577 908 34 428 685 817 25 243 913 288 81 523 363 273 646 605 154 4 250 263 608 627 561 130 
27 871 575 323 96 34 279 879 739 265 826 565 803 78 905 391 10 131 44 130 47 325 985 597 432 19 501 917 729 353 0 362 662 666 868 332 394 838 920 478 644 693 412 889 828 838 519 12 126 668 670 411 333 534 217 19 111 534 475 688 279 502 294 330 125 988 132 190 653 342 
680 171 711 585 850 990 594 627 648 381 247 247 895 432 367 624 248 649 80 836 699 572 506 779 285 246 484 848 838 619 362 0 936 984 802 919 396 932 57 516 323 976 340 898 783 936 326 380 95 854 127 318 556 614 83 78 588 532 530 888 726 549 27 468 880 222 74 739 414 167 
212 39 167 357 110 614 529 58 15 714 35 864 305 208 577 835 165 911 749 124 236 561 781 113 315 293 777 61 11 612 662 936 0 168 271 509 342 728 613 583 858 410 808 662 660 155 679 794 307 1000 348 572 301 272 857 985 100 348 279 542 688 115 436 935 740 821 280 523 655 813 
951 628 543 926 381 354 952 695 997 212 634 407 601 285 841 794 529 121 98 351 789 735 658 722 521 993 64 337 448 599 666 984 168 0 794 825 131 84 226 376 1000 438 771 42 43 735 20 863 373 260 2 932 851 96 422 252 465 377 521 894 433 932 841 963 321 252 508 585 155 724 
221 677 572 549 833 324 760 61 412 959 231 43 138 167 669 183 783 116 646 734 104 528 86 562 58 5 805 599 885 348 868 802 271 794 0 676 87 469 249 383 6 753 770 120 923 81 763 526 553 482 963 687 821 674 544 264 171 959 864 11 13 652 601 370 929 845 251 153 371 873 
198 499 434 240 176 723 734 532 799 755 18 380 216 417 52 775 860 156 41 489 373 419 20 868 598 903 686 509 708 862 332 919 509 825 676 0 587 486 63 388 453 185 789 569 865 978 755 435 550 508 740 961 625 841 613 941 218 136 573 120 439 831 590 816 848 427 669 596 70 875 
673 365 828 668 644 909 549 46 249 118 283 681 732 278 350 592 127 656 774 232 943 343 616 215 783 856 667 374 22 966 394 396 342 131 87 587 0 690 287 969 856 429 782 368 902 916 160 516 811 744 101 791 432 445 327 310 105 533 861 164 642 232 717 763 958 629 715 103 558 756 
216 633 993 840 857 741 659 291 983 882 355 633 495 566 664 90 318 642 386 752 51 782 836 66 208 53 834 555 189 32 838 932 728 84 469 486 690 0 719 183 7 266 659 537 669 247 780 253 648 327 526 314 61 712 509 780 879 918 136 545 516 782 798 725 944 737 579 409 844 872 
999 894 36 472 569 242 938 18 396 630 237 819 586 130 191 678 558 76 83 928 475 302 841 726 344 699 810 698 690 715 920 57 613 226 249 63 287 719 0 431 875 746 273 379 185 799 60 729 618 217 772 905 161 827 650 92 718 678 141 444 160 830 3 633 838 764 10 56 613 191 
875 712 719 574 221 577 659 327 238 292 712 772 395 937 919 857 421 15 670 303 937 4 242 841 15 184 193 212 131 453 478 516 583 376 383 388 969 183 431 0 731 777 12 191 841 87 582 746 355 495 242 247 803 915 2 844 534 816 388 146 887 633 954 990 479 693 691 84 127 40 
149 302 719 196 511 855 921 689 719 202 963 759 440 558 669 231 615 61 755 673 360 560 146 408 714 566 774 262 65 729 644 323 858 1000 6 453 856 7 875 731 0 363 191 295 284 525 367 170 944 76 893 53 522 875 740 999 330 77 939 787 14 327 316 825 203 791 366 783 435 736 
195 659 213 473 302 846 594 21 546 31 151 433 127 393 262 473 546 57 746 928 572 973 465 944 796 347 181 923 469 291 693 976 410 438 753 185 429 266 746 777 363 0 777 786 229 319 727 68 316 934 548 106 2 193 807 349 513 520 587 758 873 672 395 382 676 178 784 570 371 338 
638 98 707 499 7 107 791 514 490 152 236 297 123 727 90 824 877 203 258 854 254 798 55 132 746 366 811 19 388 409 412 340 808 771 770 789 782 659 273 12 191 777 0 489 644 227 899 306 438 97 263 632 617 50 479 802 229 161 155 432 527 987 471 988 359 791 854 775 485 386 
755 333 549 776 444 323 821 162 680 859 725 304 152 356 523 923 762 778 191 961 514 906 901 984 267 414 824 628 356 372 889 898 662 42 120 569 368 537 379 191 295 786 489 0 318 617 877 122 705 853 495 925 162 723 958 138 669 30 130 619 153 697 622 116 459 407 340 313 273 940 
293 299 804 327 40 195 551 727 843 198 403 580 788 991 738 91 908 938 6 242 610 566 339 739 131 449 341 994 384 861 828 783 660 43 923 865 902 669 185 841 284 229 644 318 0 161 959 288 76 281 940 618 750 546 13 150 386 107 345 542 530 865 774 148 834 378 22 612 55 623 
207 712 724 345 433 931 47 232 272 655 336 419 768 622 777 704 832 26 244 824 757 508 486 756 998 871 597 752 911 42 838 936 155 735 81 978 916 247 799 87 525 319 227 617 161 0 244 948 295 645 483 223 452 767 113 375 74 217 327 844 132 397 735 728 424 505 753 342 467 297 
397 609 128 636 280 387 606 690 146 310 78 22 129 15 942 170 277 356 12 397 33 878 614 449 719 554 143 796 471 577 519 326 679 20 763 755 160 780 60 582 367 727 899 877 959 244 0 784 222 158 747 456 696 471 342 477 394 483 84 503 249 680 785 475 70 607 216 539 642 430 
74 180 983 806 489 270 231 285 221 452 964 385 312 700 729 541 125 236 315 325 918 599 247 477 538 125 250 630 536 908 12 380 794 863 526 435 516 253 729 746 170 68 306 122 288 948 784 0 408 557 624 944 81 559 695 15 546 600 27 62 326 903 356 696 492 847 609 911 404 377 
175 887 93 236 949 237 666 752 333 414 98 380 501 487 285 311 909 795 698 506 245 849 90 610 512 460 855 205 340 34 126 95 307 373 553 550 811 648 618 355 944 316 438 705 76 295 222 408 0 586 409 652 464 720 425 449 463 129 618 747 774 515 60 271 741 100 149 691 530 953 
338 533 6 243 120 487 226 289 684 505 223 643 392 725 14 861 669 313 458 255 775 635 272 901 444 17 341 906 824 428 668 854 1000 260 482 508 744 327 217 495 76 934 97 853 281 645 158 557 586 0 644 213 348 356 77 208 193 687 402 421 566 8 959 94 891 229 405 679 175 634 
232 830 168 742 884 135 896 143 890 44 773 897 229 424 684 142 948 16 194 799 5 719 678 112 190 505 648 350 9 685 670 127 348 2 963 740 101 526 772 242 893 548 263 495 940 483 747 624 409 644 0 38 18 865 668 412 526 596 926 114 604 45 852 750 291 358 559 185 467 495 
328 441 135 272 768 350 261 748 961 934 614 609 38 250 99 591 331 125 593 62 461 705 861 191 371 195 228 874 538 817 411 318 572 932 687 961 791 314 905 247 53 106 632 925 618 223 456 944 652 213 38 0 333 911 208 583 346 500 894 350 274 834 99 660 909 338 793 755 725 964 
691 253 325 50 322 7 484 360 379 53 464 505 123 639 217 941 273 818 537 866 46 999 720 396 154 917 829 79 848 25 333 556 301 851 821 625 432 61 161 803 522 2 617 162 750 452 696 81 464 348 18 333 0 984 986 982 770 570 303 270 649 289 491 787 883 408 560 329 432 346 
271 318 253 95 218 851 922 357 368 145 91 253 992 400 180 986 435 732 638 544 371 764 542 263 499 736 888 636 683 243 534 614 272 96 674 841 445 712 827 915 875 193 50 723 546 767 471 559 720 356 865 911 984 0 739 370 634 900 876 736 809 630 681 352 707 776 809 46 797 156 
712 483 579 975 386 641 55 403 497 140 548 123 63 163 601 721 984 985 541 284 230 851 808 524 482 628 91 552 258 913 217 83 857 422 544 613 327 509 650 2 740 807 479 958 13 113 342 695 425 77 668 208 986 739 0 773 909 430 916 562 568 882 318 396 869 286 210 866 43 547 
762 296 658 570 94 764 817 593 361 791 737 242 769 829 720 575 31 435 583 506 65 297 751 941 379 667 460 456 927 288 19 78 985 252 264 941 310 780 92 844 999 349 802 138 150 375 477 15 449 208 412 583 982 370 773 0 48 817 914 89 410 12 604 216 717 369 757 986 447 384 
833 679 23 798 894 104 692 380 536 454 338 161 346 875 158 642 694 546 525 633 878 730 783 290 260 288 866 952 845 81 111 588 100 465 171 218 105 879 718 534 330 513 229 669 386 74 394 546 463 193 526 346 770 634 909 48 0 714 418 734 306 570 941 240 220 592 849 798 909 615 
326 252 829 699 979 393 811 753 418 15 602 928 556 579 618 802 11 950 779 87 513 189 216 971 573 124 629 449 3 523 534 532 348 377 959 136 533 918 678 816 77 520 161 30 107 217 483 600 129 687 596 500 570 900 430 817 714 0 100 787 797 226 451 102 770 448 166 622 595 71 
576 319 151 686 200 931 626 854 912 512 369 745 611 650 22 671 350 257 994 638 293 391 783 769 655 566 118 154 757 363 475 530 279 521 864 573 861 136 141 388 939 587 155 130 345 327 84 27 618 402 926 894 303 876 916 914 418 100 0 843 452 450 681 863 353 707 107 555 639 799 
967 294 978 858 64 541 446 741 653 759 785 118 588 136 95 746 985 88 4 834 78 985 6 118 180 251 429 725 442 273 688 888 542 894 11 120 164 545 444 146 787 758 432 619 542 844 503 62 747 421 114 350 270 736 562 89 734 787 843 0 161 464 773 582 796 884 91 199 739 16 
154 640 645 444 344 179 247 187 687 561 301 883 695 761 174 144 644 2 218 85 679 611 937 768 707 760 835 11 126 646 279 726 688 433 13 439 642 516 160 887 14 873 527 153 530 132 249 326 774 566 604 274 649 809 568 410 306 797 452 161 0 200 664 424 612 31 547 392 134 280 
129 338 998 637 769 487 305 920 79 438 461 828 261 364 84 879 526 889 715 39 894 966 893 112 871 452 813 158 831 605 502 549 115 932 652 831 232 782 830 633 327 672 987 697 865 397 680 903 515 8 45 834 289 630 882 12 570 226 450 464 200 0 492 767 321 840 681 667 209 256 
612 484 918 549 209 194 562 662 353 502 7 715 148 995 983 479 639 221 840 292 412 44 389 669 561 407 443 438 853 154 294 27 436 841 601 590 717 798 3 954 316 395 471 622 774 735 785 356 60 959 852 99 491 681 318 604 941 451 681 773 664 492 0 496 204 792 267 696 125 26 
645 842 646 161 303 315 3 192 588 549 62 271 426 383 912 95 235 946 192 980 104 431 967 483 858 441 868 920 408 4 330 468 935 963 370 816 763 725 633 990 825 382 988 116 148 728 475 696 271 94 750 660 787 352 396 216 240 102 863 582 424 767 496 0 195 340 757 745 854 724 
638 846 722 550 959 734 950 882 366 562 544 651 68 140 302 456 441 740 122 432 482 4 838 406 9 801 34 71 274 250 125 880 740 321 929 848 958 944 838 479 203 676 359 459 834 424 70 492 741 891 291 909 883 707 869 717 220 770 353 796 612 321 204 195 0 312 850 601 806 117 
239 886 277 476 191 227 529 776 306 751 17 27 190 310 98 516 644 305 832 498 538 732 436 551 588 43 930 738 578 263 988 222 821 252 845 427 629 737 764 693 791 178 791 407 378 505 607 847 100 229 358 338 408 776 286 369 592 448 707 884 31 840 792 340 312 0 636 786 773 762 
407 36 573 289 256 584 546 676 349 256 1 610 496 205 244 798 639 249 701 37 314 445 524 481 882 851 570 479 810 608 132 74 280 508 251 669 715 579 10 691 366 784 854 340 22 753 216 609 149 405 559 793 560 809 210 757 849 166 107 91 547 681 267 757 850 636 0 471 473 961 
354 788 183 727 859 92 594 5 244 40 173 367 285 690 423 845 16 22 839 787 263 321 681 509 190 487 939 23 951 627 190 739 523 585 153 596 103 409 56 84 783 570 775 313 612 342 539 911 691 679 185 755 329 46 866 986 798 622 555 199 392 667 696 745 601 786 471 0 567 716 
798 135 56 75 663 47 995 397 1000 301 221 377 776 288 394 564 820 316 686 457 252 633 844 649 747 613 117 320 426 561 653 414 655 155 371 70 558 844 613 127 435 371 485 273 55 467 642 404 530 175 467 725 432 797 43 447 909 595 639 739 134 209 125 854 806 773 473 567 0 695 
916 759 866 320 368 288 392 499 240 27 570 378 857 749 721 645 181 888 754 583 902 137 291 860 305 522 778 999 861 130 342 167 813 724 873 875 756 872 191 40 736 338 386 940 623 297 430 377 953 634 495 964 346 156 547 384 615 71 799 16 280 256 26 724 117 762 961 716 695 0 
0 873 844 732 283 360 620 775 991 845 841 445 938 562 841 498 386 407 172 226 968 261 125 745 118 221 389 4 77 952 222 839 9 663 5 672 502 951 830 691 192 998 317 251 675 537 388 279 230 208 529 661 187 444 633 737 969 405 550 248 602 121 998 285 341 240 43 96 673 691 
873 0 141 409 24 258 266 213 778 417 330 316 151 186 363 9 261 976 55 185 400 58 671 454 9 992 422 979 312 871 612 254 432 381 682 958 848 755 471 279 303 70 539 75 152 546 964 415 144 257 587 539 427 681 287 158 456 286 574 403 185 648 809 152 43 990 29 604 151 469 
844 141 0 409 378 426 791 228 403 130 811 281 868 575 355 230 627 721 542 201 645 889 407 534 470 211 541 393 327 138 817 51 209 792 361 472 697 78 703 634 102 459 935 151 166 642 510 736 639 809 415 619 528 374 235 540 162 284 982 253 962 271 371 317 476 884 900 849 484 244 
732 409 409 0 512 198 588 245 595 624 16 670 814 707 776 768 747 640 111 642 562 736 712 958 112 752 317 184 254 626 604 874 124 808 646 894 341 817 351 171 452 835 553 778 563 733 865 329 322 918 769 312 559 120 939 175 515 246 897 364 390 893 321 957 117 490 30 940 131 318 
283 24 378 512 0 640 633 905 761 754 274 420 735 8 206 262 124 447 55 417 269 295 542 229 719 876 627 163 446 507 721 471 577 902 961 563 565 343 680 221 915 170 285 190 705 535 62 912 288 600 619 714 556 991 65 221 228 94 84 862 586 50 179 68 17 970 532 979 889 703 
360 258 426 198 640 0 741 300 756 598 237 910 199 168 415 433 142 478 830 937 420 676 63 977 453 401 421 964 562 541 290 587 617 881 503 13 823 532 348 707 865 921 731 412 806 546 86 1000 967 759 572 668 137 434 437 659 671 168 744 634 632 401 898 889 667 871 940 199 59 367 
620 266 791 588 633 741 0 523 370 443 144 496 425 940 842 651 423 367 338 853 803 201 811 606 279 224 843 762 365 212 454 135 839 965 868 912 673 686 497 667 264 56 638 316 27 927 527 535 762 463 8 868 529 921 608 915 998 447 737 647 99 398 348 232 714 722 416 87 209 909 
