60 4
0 75 814 247 295 328 813 605 698 49 232 785 193 86 169 856 986 135 588 869 164 29 52 548 80 367 990 383 247 833 895 883 367 216 346 659 409 244 973 109 586 95 657 541 77 332 572 423 1 202 245 385 470 736 451 611 548 631 32 971 
75 0 282 96 207 213 622 385 266 872 408 895 234 193 612 811 226 707 607 389 454 155 70 77 136 629 316 420 896 354 27 59 597 230 849 342 541 917 555 830 429 915 482 696 908 291 971 904 692 870 915 977 469 174 409 996 415 640 781 349 
814 282 0 668 898 810 527 5 81 866 774 509 482 412 753 659 470 834 325 257 622 979 31 914 165 814 274 70 85 372 854 782 323 78 724 262 642 653 864 938 108 452 452 157 111 168 163 785 759 546 974 299 426 908 131 557 119 139 307 343 
247 96 668 0 189 30 18 626 428 277 60 60 498 577 261 39 125 221 813 251 20 585 40 804 509 692 407 713 126 190 313 769 981 804 66 780 940 861 232 879 422 719 268 201 514 186 377 418 352 975 952 857 808 827 235 209 359 993 414 238 
295 207 898 189 0 789 941 93 594 364 718 408 442 82 40 478 42 648 345 869 210 147 523 676 935 660 795 655 279 129 734 507 115 432 8 179 63 99 483 497 927 438 696 181 570 232 517 770 925 102 920 976 151 972 721 551 12 828 865 307 
328 213 810 30 789 0 281 930 995 566 472 321 520 930 668 380 51 409 332 723 7 244 152 128 676 723 911 891 723 138 324 910 266 927 234 545 459 545 516 41 710 753 380 420 815 629 750 259 390 842 583 129 107 770 396 523 169 497 701 519 
813 622 527 18 941 281 0 30 36 907 676 35 102 756 11 626 55 889 906 864 602 58 962 577 301 240 20 464 471 191 700 900 767 333 851 176 79 920 117 712 656 203 371 958 89 934 824 440 113 351 821 503 772 974 930 813 467 313 224 960 
605 385 5 626 93 930 30 0 211 664 882 166 701 223 497 589 102 895 478 165 924 285 818 376 47 279 452 340 878 639 792 610 959 416 440 312 197 440 434 364 5 980 796 641 226 288 469 715 122 151 109 352 722 288 584 499 556 389 200 664 
698 266 81 428 594 995 36 211 0 458 730 429 51 701 164 122 718 641 318 827 31 896 551 120 531 837 947 969 784 525 355 357 445 865 396 376 101 848 60 710 470 574 36 92 817 628 367 308 266 387 561 204 145 489 929 545 332 630 239 972 
49 872 866 277 364 566 907 664 458 0 718 734 239 214 134 152 594 930 652 333 771 515 258 404 982 43 503 113 588 161 979 981 842 524 755 996 919 407 436 529 67 161 722 133 852 981 975 349 474 577 859 335 370 382 911 774 561 807 28 980 
232 408 774 60 718 472 676 882 730 718 0 166 690 440 40 360 483 174 299 132 4 279 919 295 749 612 219 797 432 829 383 398 928 332 637 424 133 640 755 454 756 727 974 661 600 426 685 937 989 369 440 237 976 820 624 365 129 983 729 780 
785 895 509 60 408 321 35 166 429 734 166 0 328 135 677 953 221 500 307 579 517 302 934 93 421 847 158 566 768 295 125 492 853 57 522 574 161 417 615 385 124 512 430 739 954 149 746 434 889 624 188 487 651 336 115 898 781 196 274 216 
193 234 482 498 442 520 102 701 51 239 690 328 0 232 625 431 815 446 623 732 752 332 343 700 145 292 731 817 457 446 812 552 455 843 512 579 552 666 890 536 364 351 117 248 188 186 391 354 26 511 239 468 824 438 582 921 851 853 35 996 
86 193 412 577 82 930 756 223 701 214 440 135 232 0 594 787 53 710 897 315 290 540 698 377 684 371 807 18 799 923 95 432 156 27 657 60 492 815 724 370 840 258 996 638 988 503 799 453 213 646 414 441 203 631 543 55 895 560 595 779 
169 612 753 261 40 668 11 497 164 134 40 677 625 594 0 195 485 752 933 497 980 153 880 871 387 974 79 403 893 421 162 944 710 234 921 691 113 937 832 42 668 923 362 35 891 118 270 139 384 383 71 42 972 266 821 331 526 444 251 666 
856 811 659 39 478 380 626 589 122 152 360 953 431 787 195 0 360 491 553 413 536 688 926 191 367 611 850 86 919 534 639 624 269 30 126 249 724 576 537 310 352 231 896 536 432 92 913 578 228 907 213 869 984 346 627 36 128 723 543 364 
986 226 470 125 42 51 55 102 718 594 483 221 815 53 485 360 0 756 64 249 185 98 100 470 575 635 134 592 937 461 434 890 135 41 242 121 832 587 596 431 746 896 701 147 393 744 983 796 821 394 463 17 747 811 298 850 388 591 68 143 
135 707 834 221 648 409 889 895 641 930 174 500 446 710 752 491 756 0 985 216 829 522 926 466 760 263 770 556 914 310 147 847 726 776 792 566 454 596 183 871 9 269 747 958 339 649 616 495 854 67 660 133 898 266 740 928 115 263 730 567 
588 607 325 813 345 332 906 478 318 652 299 307 623 897 933 553 64 985 0 780 736 80 222 457 41 657 79 947 503 131 615 357 354 771 774 146 547 955 182 634 571 240 189 723 456 226 628 210 415 738 174 83 470 464 151 508 898 813 828 787 
869 389 257 251 869 723 864 165 827 333 132 579 732 315 497 413 249 216 780 0 78 642 694 484 581 749 243 506 737 577 892 811 665 51 214 386 741 437 664 928 930 881 237 290 488 119 139 163 692 274 456 848 891 681 132 409 356 617 896 356 
164 454 622 20 210 7 602 924 31 771 4 517 752 290 980 536 185 829 736 78 0 598 458 297 290 208 497 29 763 73 544 979 730 769 793 162 389 733 255 254 659 883 855 983 199 449 593 728 616 612 220 905 148 281 822 792 7 839 168 4 
29 155 979 585 147 244 58 285 896 515 279 302 332 540 153 688 98 522 80 642 598 0 19 434 122 252 305 737 416 12 510 945 434 323 181 778 88 920 808 661 147 117 413 75 129 97 415 1 236 630 133 166 838 658 486 747 77 450 309 722 
52 70 31 40 523 152 962 818 551 258 919 934 343 698 880 926 100 926 222 694 458 19 0 199 267 824 280 338 219 994 131 477 773 899 388 227 471 467 165 144 437 480 614 290 95 217 176 82 726 937 890 325 510 241 332 220 522 467 428 808 
548 77 914 804 676 128 577 376 120 404 295 93 700 377 871 191 470 466 457 484 297 434 199 0 398 825 511 17 400 358 656 539 695 746 40 8 365 320 11 919 427 702 610 642 415 815 158 112 642 573 936 876 676 844 443 529 181 910 677 795 
80 136 165 509 935 676 301 47 531 982 749 421 145 684 387 367 575 760 41 581 290 122 267 398 0 749 828 889 294 153 825 217 428 408 964 352 556 478 479 104 431 916 108 82 680 215 169 819 726 386 998 812 522 966 93 486 495 455 410 738 
367 629 814 692 660 723 240 279 837 43 612 847 292 371 974 611 635 263 657 749 208 252 824 825 749 0 415 955 298 212 901 944 288 674 127 92 540 74 465 273 814 147 786 553 220 825 245 130 205 293 71 271 858 58 228 270 681 872 996 839 
990 316 274 407 795 911 20 452 947 503 219 158 731 807 79 850 134 770 79 243 497 305 280 511 828 415 0 790 512 543 215 661 519 791 587 630 132 784 923 697 990 576 430 406 104 354 681 43 431 975 343 991 67 997 933 872 790 46 38 542 
383 420 70 713 655 891 464 340 969 113 797 566 817 18 403 86 592 556 947 506 29 737 338 17 889 955 790 0 924 641 573 348 325 432 689 989 766 414 755 847 823 464 378 368 5 969 129 123 863 253 487 200 230 553 659 910 214 930 958 361 
247 896 85 126 279 723 471 878 784 588 432 768 457 799 893 919 937 914 503 737 763 416 219 400 294 298 512 924 0 559 983 566 789 292 558 414 693 556 340 158 964 100 855 193 655 856 446 134 489 44 491 143 982 621 893 535 408 143 33 283 
833 354 372 190 129 138 191 639 525 161 829 295 446 923 421 534 461 310 131 577 73 12 994 358 153 212 543 641 559 0 872 856 672 921 345 500 819 841 896 322 581 225 599 678 496 583 392 411 507 337 338 578 719 770 390 350 932 62 537 978 
895 27 854 313 734 324 700 792 355 979 383 125 812 95 162 639 434 147 615 892 544 510 131 656 825 901 215 573 983 872 0 934 304 29 647 102 531 341 797 504 815 45 873 450 626 52 898 497 759 599 5 103 969 833 843 91 207 390 342 872 
883 59 782 769 507 910 900 610 357 981 398 492 552 432 944 624 890 847 357 811 979 945 477 539 217 944 661 348 566 856 934 0 61 317 90 955 38 432 30 510 272 528 727 775 300 11 269 805 840 223 743 895 774 611 40 566 281 74 553 250 
367 597 323 981 115 266 767 959 445 842 928 853 455 156 710 269 135 726 354 665 730 434 773 695 428 288 519 325 789 672 304 61 0 342 838 411 289 437 940 680 992 682 36 635 583 886 636 187 830 417 543 107 537 962 929 87 217 234 111 377 
216 230 78 804 432 927 333 416 865 524 332 57 843 27 234 30 41 776 771 51 769 323 899 746 408 674 791 432 292 921 29 317 342 0 167 295 286 622 239 39 316 998 259 685 952 592 381 953 354 683 536 608 948 472 353 867 121 277 896 18 
346 849 724 66 8 234 851 440 396 755 637 522 512 657 921 126 242 792 774 214 793 181 388 40 964 127 587 689 558 345 647 90 838 167 0 446 637 498 585 859 651 120 21 370 844 719 940 814 702 553 789 662 871 416 756 641 113 853 803 384 
659 342 262 780 179 545 176 312 376 996 424 574 579 60 691 249 121 566 146 386 162 778 227 8 352 92 630 989 414 500 102 955 411 295 446 0 537 893 221 703 763 947 899 884 266 952 70 514 524 874 695 737 833 761 402 763 28 773 425 860 
409 541 642 940 63 459 79 197 101 919 133 161 552 492 113 724 832 454 547 741 389 88 471 365 556 540 132 766 693 819 531 38 289 286 637 537 0 190 660 74 766 56 902 929 67 208 890 301 818 62 639 512 915 509 480 496 432 80 757 900 
244 917 653 861 99 545 920 440 848 407 640 417 666 815 937 576 587 596 955 437 733 920 467 320 478 74 784 414 556 841 341 432 437 622 498 893 190 0 495 365 563 273 839 74 682 897 544 191 992 983 1000 296 389 844 360 766 258 189 533 654 
973 555 864 232 483 516 117 434 60 436 755 615 890 724 832 537 596 183 182 664 255 808 165 11 479 465 923 755 340 896 797 30 940 239 585 221 660 495 0 801 691 18 651 409 986 712 428 805 928 227 453 454 539 608 661 907 323 381 372 506 
109 830 938 879 497 41 712 364 710 529 454 385 536 370 42 310 431 871 634 928 254 661 144 919 104 273 697 847 158 322 504 510 680 39 859 703 74 365 801 0 579 855 91 898 162 846 577 519 561 434 672 23 101 346 862 271 5 951 790 134 
586 429 108 422 927 710 656 5 470 67 756 124 364 840 668 352 746 9 571 930 659 147 437 427 431 814 990 823 964 581 815 272 992 316 651 763 766 563 691 579 0 27 974 404 878 500 946 855 335 908 880 760 563 703 325 960 142 385 175 42 
95 915 452 719 438 753 203 980 574 161 727 512 351 258 923 231 896 269 240 881 883 117 480 702 916 147 576 464 100 225 45 528 682 998 120 947 56 273 18 855 27 0 881 58 932 756 523 698 497 557 349 236 44 406 518 209 376 57 685 531 
657 482 452 268 696 380 371 796 36 722 974 430 117 996 362 896 701 747 189 237 855 413 614 610 108 786 430 378 855 599 873 727 36 259 21 899 902 839 651 91 974 881 0 399 593 610 171 986 1000 83 582 818 950 800 152 194 7 45 41 523 
541 696 157 201 181 420 958 641 92 133 661 739 248 638 35 536 147 958 723 290 983 75 290 642 82 553 406 368 193 678 450 775 635 685 370 884 929 74 409 898 404 58 399 0 620 856 803 198 617 279 64 767 612 770 787 637 990 275 470 484 
77 908 111 514 570 815 89 226 817 852 600 954 188 988 891 432 393 339 456 488 199 129 95 415 680 220 104 5 655 496 626 300 583 952 844 266 67 682 986 162 878 932 593 620 0 338 698 920 39 78 660 760 125 652 23 342 628 243 650 931 
332 291 168 186 232 629 934 288 628 981 426 149 186 503 118 92 744 649 226 119 449 97 217 815 215 825 354 969 856 583 52 11 886 592 719 952 208 897 712 846 500 756 610 856 338 0 874 867 186 301 720 142 935 496 654 422 800 403 559 385 
572 971 163 377 517 750 824 469 367 975 685 746 391 799 270 913 983 616 628 139 593 415 176 158 169 245 681 129 446 392 898 269 636 381 940 70 890 544 428 577 946 523 171 803 698 874 0 881 647 879 624 301 913 334 644 171 731 785 853 872 
423 904 785 418 770 259 440 715 308 349 937 434 354 453 139 578 796 495 210 163 728 1 82 112 819 130 43 123 134 411 497 805 187 953 814 514 301 191 805 519 855 698 986 198 920 867 881 0 830 361 309 922 801 129 462 637 961 334 167 260 
1 692 759 352 925 390 113 122 266 474 989 889 26 213 384 228 821 854 415 692 616 236 726 642 726 205 431 863 489 507 759 840 830 354 702 524 818 992 928 561 335 497 1000 617 39 186 647 830 0 244 965 271 253 166 207 143 418 860 811 512 
202 870 546 975 102 842 351 151 387 577 369 624 511 646 383 907 394 67 738 274 612 630 937 573 386 293 975 253 44 337 599 223 417 683 553 874 62 983 227 434 908 557 83 279 78 301 879 361 244 0 90 365 89 144 691 411 2 517 529 40 
245 915 974 952 920 583 821 109 561 859 440 188 239 414 71 213 463 660 174 456 220 133 890 936 998 71 343 487 491 338 5 743 543 536 789 695 639 1000 453 672 880 349 582 64 660 720 624 309 965 90 0 785 961 686 292 739 526 41 188 120 
385 977 299 857 976 129 503 352 204 335 237 487 468 441 42 869 17 133 83 848 905 166 325 876 812 271 991 200 143 578 103 895 107 608 662 737 512 296 454 23 760 236 818 767 760 142 301 922 271 365 785 0 953 98 604 431 942 589 911 73 
470 469 426 808 151 107 772 722 145 370 976 651 824 203 972 984 747 898 470 891 148 838 510 676 522 858 67 230 982 719 969 774 537 948 871 833 915 389 539 101 563 44 950 612 125 935 913 801 253 89 961 953 0 363 11 583 20 792 326 965 
736 174 908 827 972 770 974 288 489 382 820 336 438 631 266 346 811 266 464 681 281 658 241 844 966 58 997 553 621 770 833 611 962 472 416 761 509 844 608 346 703 406 800 770 652 496 334 129 166 144 686 98 363 0 761 742 370 252 564 774 
451 409 131 235 721 396 930 584 929 911 624 115 582 543 821 627 298 740 151 132 822 486 332 443 93 228 933 659 893 390 843 40 929 353 756 402 480 360 661 862 325 518 152 787 23 654 644 462 207 691 292 604 11 761 0 380 439 190 781 638 
611 996 557 209 551 523 813 499 545 774 365 898 921 55 331 36 850 928 508 409 792 747 220 529 486 270 872 910 535 350 91 566 87 867 641 763 496 766 907 271 960 209 194 637 342 422 171 637 143 411 739 431 583 742 380 0 367 694 271 47 
548 415 119 359 12 169 467 556 332 561 129 781 851 895 526 128 388 115 898 356 7 77 522 181 495 681 790 214 408 932 207 281 217 121 113 28 432 258 323 5 142 376 7 990 628 800 731 961 418 2 526 942 20 370 439 367 0 377 615 640 
631 640 139 993 828 497 313 389 630 807 983 196 853 560 444 723 591 263 813 617 839 450 467 910 455 872 46 930 143 62 390 74 234 277 853 773 80 189 381 951 385 57 45 275 243 403 785 334 860 517 41 589 792 252 190 694 377 0 333 256 
32 781 307 414 865 701 224 200 239 28 729 274 35 595 251 543 68 730 828 896 168 309 428 677 410 996 38 958 33 537 342 553 111 896 803 425 757 533 372 790 175 685 41 470 650 559 853 167 811 529 188 911 326 564 781 271 615 333 0 911 
971 349 343 238 307 519 960 664 972 980 780 216 996 779 666 364 143 567 787 356 4 722 808 795 738 839 542 361 283 978 872 250 377 18 384 860 900 654 506 134 42 531 523 484 931 385 872 260 512 40 120 73 965 774 638 47 640 256 911 0 
0 720 619 112 363 24 884 20 353 845 928 291 952 21 479 978 43 275 125 808 934 595 891 294 279 498 811 650 600 272 558 633 224 897 195 241 701 176 463 882 584 230 293 143 596 137 536 172 940 40 638 508 157 775 522 199 562 30 332 115 
720 0 14 60 511 331 232 490 621 233 890 399 364 422 578 148 276 982 829 536 215 640 444 419 589 408 141 941 316 943 92 816 532 784 972 840 509 887 42 116 362 766 629 386 450 273 563 271 817 773 204 724 347 814 421 375 491 133 246 260 
619 14 0 886 168 965 631 312 640 900 128 536 889 472 249 998 149 213 410 289 132 157 503 608 242 295 547 754 116 88 938 609 326 345 960 641 501 121 60 789 699 648 957 640 164 460 278 770 565 280 702 19 772 547 403 71 383 515 985 321 
112 60 886 0 250 44 378 875 715 515 917 493 493 536 332 173 925 7 92 679 419 728 849 914 984 467 22 326 281 726 228 940 402 973 396 933 29 16 688 912 909 426 643 450 794 320 788 323 718 760 937 806 833 315 907 265 828 714 565 618 
363 511 168 250 0 978 249 587 791 618 460 511 770 769 797 120 52 139 369 917 607 577 510 8 312 141 88 874 496 236 754 476 893 649 348 932 42 809 154 141 422 352 288 828 622 647 425 620 894 561 274 199 674 724 899 584 637 286 93 547 
24 331 965 44 978 0 286 278 48 311 615 552 5 224 224 11 227 269 867 84 5 820 179 55 379 788 18 640 723 194 622 849 855 320 120 433 924 596 935 694 851 772 421 166 281 370 573 981 184 985 552 800 965 171 639 697 201 776 937 943 
884 232 631 378 249 286 0 195 205 862 173 182 257 423 944 268 369 45 511 175 690 469 964 115 812 819 395 436 779 836 809 723 721 97 860 116 454 330 879 199 222 188 584 285 335 756 726 576 688 225 393 430 979 59 873 845 709 290 608 860 
20 490 312 875 587 278 195 0 966 669 322 477 448 933 213 125 293 935 550 310 714 261 892 742 920 948 144 435 750 702 570 358 135 768 262 88 924 967 660 493 234 368 627 730 720 366 72 837 859 569 198 757 734 133 217 696 700 208 590 587 
353 621 640 715 791 48 205 966 0 6 97 402 645 587 35 253 695 758 435 209 52 484 310 391 961 729 336 414 910 378 591 481 203 938 739 798 274 815 941 389 927 557 440 10 893 969 602 307 686 645 885 727 479 561 463 421 614 513 925 731 
845 233 900 515 618 311 862 669 6 0 756 667 948 507 215 672 207 753 890 89 658 211 413 372 365 520 439 921 995 784 735 274 988 779 618 966 963 503 428 627 904 888 941 580 895 172 90 877 862 887 89 299 519 525 253 891 908 798 272 165 
928 890 128 917 460 615 173 322 97 756 0 325 114 369 597 98 26 171 702 818 562 787 337 794 358 230 736 20 397 519 79 816 707 945 107 207 647 82 467 86 322 974 197 803 190 106 904 659 306 669 26 204 677 215 885 565 341 410 952 217 
291 399 536 493 511 552 182 477 402 667 325 0 723 223 824 949 19 544 631 598 230 716 851 751 343 85 275 701 308 152 238 309 529 529 355 547 936 1 826 951 329 744 914 607 445 823 456 20 803 419 580 857 990 402 747 145 341 577 777 656 
952 364 889 493 770 5 257 448 645 948 114 723 0 561 791 477 215 659 938 310 502 192 219 29 933 655 500 136 765 435 802 325 314 958 756 654 9 998 737 694 453 989 761 436 966 914 46 674 340 822 373 441 609 561 256 511 754 88 601 841 
21 422 472 536 769 224 423 933 587 507 369 223 561 0 658 558 15 626 305 3 359 752 115 758 216 174 988 488 592 322 527 612 419 376 729 742 486 760 386 838 690 856 791 486 135 607 885 621 135 340 991 278 861 696 132 52 683 612 518 629 
479 578 249 332 797 224 944 213 35 215 597 824 791 658 0 960 378 998 651 16 148 72 140 226 975 239 417 84 324 173 328 79 275 759 901 763 857 626 266 584 11 741 435 512 250 238 304 227 248 320 194 120 633 829 667 601 368 977 298 63 
978 148 998 173 120 11 268 125 253 672 98 949 477 558 960 0 674 407 400 857 387 828 456 387 607 714 206 201 66 780 203 877 870 274 548 826 449 97 858 843 41 430 967 601 889 1 566 322 149 50 289 121 457 363 871 858 952 24 286 247 
43 276 149 925 52 227 369 293 695 207 26 19 215 15 378 674 0 732 963 105 742 789 678 980 743 784 742 771 350 999 655 44 297 601 938 195 143 358 898 389 559 493 280 516 950 982 897 236 319 855 798 799 362 149 450 569 394 170 746 216 
275 982 213 7 139 269 45 935 758 753 171 544 659 626 998 407 732 0 50 934 628 43 123 22 786 677 207 758 689 289 723 541 805 112 669 330 777 654 674 549 686 625 180 281 498 452 596 971 173 566 156 938 603 392 888 358 356 661 323 358 
125 829 410 92 369 867 511 550 435 890 702 631 938 305 651 400 963 50 0 674 146 671 199 201 523 560 395 282 58 228 950 582 786 211 842 574 491 75 796 99 857 432 312 154 690 623 387 968 280 214 128 842 241 457 870 190 570 164 616 629 
808 536 289 679 917 84 175 310 209 89 818 598 310 3 16 857 105 934 674 0 601 601 912 718 898 602 287 911 394 977 340 988 59 277 224 910 433 741 659 618 428 992 503 128 850 701 437 520 851 55 329 443 175 206 283 42 740 923 723 667 
934 215 132 419 607 5 690 714 52 658 562 230 502 359 148 387 742 628 146 601 0 174 797 167 420 878 549 603 803 858 554 258 871 469 759 579 499 184 124 667 294 86 676 185 785 26 533 603 923 341 527 333 721 87 562 986 7 9 574 904 
595 640 157 728 577 820 469 261 484 211 787 716 192 752 72 828 789 43 671 601 174 0 707 199 992 201 332 613 951 434 970 474 843 636 928 84 978 438 580 923 640 697 956 465 440 481 503 62 269 555 757 18 265 572 75 37 212 205 340 559 
891 444 503 849 510 179 964 892 310 413 337 851 219 115 140 456 678 123 199 912 797 707 0 396 991 973 995 135 970 696 749 184 22 147 343 306 643 740 736 469 567 944 542 388 641 212 382 528 730 722 338 690 824 345 389 267 842 953 117 217 
294 419 608 914 8 55 115 742 391 372 794 751 29 758 226 387 980 22 201 718 167 199 396 0 336 489 480 479 51 433 60 423 82 346 724 611 659 400 387 690 272 351 676 974 185 101 490 952 577 20 641 556 120 446 574 412 789 971 953 531 
279 589 242 984 312 379 812 920 961 365 358 343 933 216 975 607 743 786 523 898 420 992 991 336 0 938 492 292 493 261 748 515 2 827 747 346 767 177 272 666 416 653 422 939 491 375 968 817 995 824 364 969 824 100 61 770 265 581 691 586 
498 408 295 467 141 788 819 948 729 520 230 85 655 174 239 714 784 677 560 602 878 201 973 489 938 0 547 389 169 54 701 522 148 671 291 141 658 572 278 723 123 310 538 969 952 919 238 443 130 205 650 688 478 453 145 225 468 511 345 675 
811 141 547 22 88 18 395 144 336 439 736 275 500 988 417 206 742 207 395 287 549 332 995 480 492 547 0 576 5 222 363 34 640 557 681 872 86 427 746 864 449 268 635 396 876 795 633 757 520 760 310 73 709 117 14 380 487 736 753 954 
650 941 754 326 874 640 436 435 414 921 20 701 136 488 84 201 771 758 282 911 603 613 135 479 292 389 576 0 325 388 379 334 938 49 470 292 376 710 698 651 821 895 773 757 9 990 822 497 888 990 413 859 984 507 204 682 340 207 948 97 
600 316 116 281 496 723 779 750 910 995 397 308 765 592 324 66 350 689 58 394 803 951 970 51 493 169 5 325 0 324 836 951 190 819 136 824 721 676 274 337 681 187 713 134 920 880 950 837 562 456 614 508 463 62 783 347 23 937 157 228 
272 943 88 726 236 194 836 702 378 784 519 152 435 322 173 780 999 289 228 977 858 434 696 433 261 54 222 388 324 0 171 320 639 415 270 557 172 513 378 766 663 36 338 742 507 588 312 393 255 332 317 419 324 616 633 670 434 777 209 575 
558 92 938 228 754 622 809 570 591 735 79 238 802 527 328 203 655 723 950 340 554 970 749 60 748 701 363 379 836 171 0 777 687 929 334 28 330 737 485 420 780 928 30 280 937 765 852 832 525 938 915 68 886 232 622 408 595 747 653 270 
633 816 609 940 476 849 723 358 481 274 816 309 325 612 79 877 44 541 582 988 258 474 184 423 515 522 34 334 951 320 777 0 222 276 625 182 787 207 386 565 407 900 209 402 710 407 269 279 434 4 26 816 28 135 285 609 839 598 6 36 
224 532 326 402 893 855 721 135 203 988 707 529 314 419 275 870 297 805 786 59 871 843 22 82 2 148 640 938 190 639 687 222 0 396 333 892 535 365 539 1000 399 22 443 31 642 431 454 561 736 84 435 607 618 121 984 427 94 456 336 395 
897 784 345 973 649 320 97 768 938 779 945 529 958 376 759 274 601 112 211 277 469 636 147 346 827 671 557 49 819 415 929 276 396 0 668 625 436 387 265 575 717 64 892 311 362 580 961 660 962 528 407 488 608 617 681 531 535 764 411 533 
195 972 960 396 348 120 860 262 739 618 107 355 756 729 901 548 938 669 842 224 759 928 343 724 747 291 681 470 136 270 334 625 333 668 0 891 385 972 114 82 387 803 213 25 326 428 3 744 413 962 790 367 454 767 472 438 290 746 486 25 
241 840 641 933 932 433 116 88 798 966 207 547 654 742 763 826 195 330 574 910 579 84 306 611 346 141 872 292 824 557 28 182 892 625 891 0 195 1000 708 416 641 912 727 744 643 576 82 689 53 405 574 623 691 753 118 788 28 437 69 149 
701 509 501 29 42 924 454 924 274 963 647 936 9 486 857 449 143 777 491 433 499 978 643 659 767 658 86 376 721 172 330 787 535 436 385 195 0 226 980 155 919 874 524 929 919 147 733 777 935 231 809 102 270 266 523 343 583 255 616 143 
176 887 121 16 809 596 330 967 815 503 82 1 998 760 626 97 358 654 75 741 184 438 740 400 177 572 427 710 676 513 737 207 365 387 972 1000 226 0 278 439 274 682 410 327 184 136 571 821 612 518 889 694 49 489 912 997 372 489 466 651 
463 42 60 688 154 935 879 660 941 428 467 826 737 386 266 858 898 674 796 659 124 580 736 387 272 278 746 698 274 378 485 386 539 265 114 708 980 278 0 935 807 79 599 380 402 334 141 960 818 571 447 419 873 70 951 557 178 11 187 730 
882 116 789 912 141 694 199 493 389 627 86 951 694 838 584 843 389 549 99 618 667 923 469 690 666 723 864 651 337 766 420 565 1000 575 82 416 155 439 935 0 125 177 593 171 594 398 813 32 930 271 92 663 819 500 995 787 273 513 791 472 
584 362 699 909 422 851 222 234 927 904 322 329 453 690 11 41 559 686 857 428 294 640 567 272 416 123 449 821 681 663 780 407 399 717 387 641 919 274 807 125 0 816 557 763 589 707 510 79 48 78 811 674 511 219 1 554 184 125 584 528 
230 766 648 426 352 772 188 368 557 888 974 744 989 856 741 430 493 625 432 992 86 697 944 351 653 310 268 895 187 36 928 900 22 64 803 912 874 682 79 177 816 0 925 559 571 228 731 954 752 749 552 519 977 163 410 394 613 35 131 946 
293 629 957 643 288 421 584 627 440 941 197 914 761 791 435 967 280 180 312 503 676 956 542 676 422 538 635 773 713 338 30 209 443 892 213 727 524 410 599 593 557 925 0 383 162 578 179 893 780 13 814 326 606 450 719 294 961 995 658 343 
143 386 640 450 828 166 285 730 10 580 803 607 436 486 512 601 516 281 154 128 185 465 388 974 939 969 396 757 134 742 280 402 31 311 25 744 929 327 380 171 763 559 383 0 927 395 561 847 669 727 931 976 454 750 681 704 752 710 928 47 
596 450 164 794 622 281 335 720 893 895 190 445 966 135 250 889 950 498 690 850 785 440 641 185 491 952 876 9 920 507 937 710 642 362 326 643 919 184 402 594 589 571 162 927 0 785 677 765 623 785 361 385 294 655 812 246 283 190 541 420 
137 273 460 320 647 370 756 366 969 172 106 823 914 607 238 1 982 452 623 701 26 481 212 101 375 919 795 990 880 588 765 407 431 580 428 576 147 136 334 398 707 228 578 395 785 0 836 176 697 832 121 260 65 46 828 109 882 729 534 542 
536 563 278 788 425 573 726 72 602 90 904 456 46 885 304 566 897 596 387 437 533 503 382 490 968 238 633 822 950 312 852 269 454 961 3 82 733 571 141 813 510 731 179 561 677 836 0 402 672 618 467 463 552 810 33 73 600 965 383 634 
172 271 770 323 620 981 576 837 307 877 659 20 674 621 227 322 236 971 968 520 603 62 528 952 817 443 757 497 837 393 832 279 561 660 744 689 777 821 960 32 79 954 893 847 765 176 402 0 263 296 815 802 318 538 363 297 201 371 444 797 
940 817 565 718 894 184 688 859 686 862 306 803 340 135 248 149 319 173 280 851 923 269 730 577 995 130 520 888 562 255 525 434 736 962 413 53 935 612 818 930 48 752 780 669 623 697 672 263 0 168 843 956 325 927 369 964 725 687 470 675 
40 773 280 760 561 985 225 569 645 887 669 419 822 340 320 50 855 566 214 55 341 555 722 20 824 205 760 990 456 332 938 4 84 528 962 405 231 518 571 271 78 749 13 727 785 832 618 296 168 0 485 186 413 590 840 403 761 352 654 270 
638 204 702 937 274 552 393 198 885 89 26 580 373 991 194 289 798 156 128 329 527 757 338 641 364 650 310 413 614 317 915 26 435 407 790 574 809 889 447 92 811 552 814 931 361 121 467 815 843 485 0 777 775 910 671 948 93 734 605 430 
508 724 19 806 199 800 430 757 727 299 204 857 441 278 120 121 799 938 842 443 333 18 690 556 969 688 73 859 508 419 68 816 607 488 367 623 102 694 419 663 674 519 326 976 385 260 463 802 956 186 777 0 572 373 128 976 1 381 843 571 
157 347 772 833 674 965 979 734 479 519 677 990 609 861 633 457 362 603 241 175 721 265 824 120 824 478 709 984 463 324 886 28 618 608 454 691 270 49 873 819 511 977 606 454 294 65 552 318 325 413 775 572 0 198 204 532 641 262 350 485 
775 814 547 315 724 171 59 133 561 525 215 402 561 696 829 363 149 392 457 206 87 572 345 446 100 453 117 507 62 616 232 135 121 617 767 753 266 489 70 500 219 163 450 750 655 46 810 538 927 590 910 373 198 0 85 177 302 842 140 143 
522 421 403 907 899 639 873 217 463 253 885 747 256 132 667 871 450 888 870 283 562 75 389 574 61 145 14 204 783 633 622 285 984 681 472 118 523 912 951 995 1 410 719 681 812 828 33 363 369 840 671 128 204 85 0 739 688 229 161 38 
199 375 71 265 584 697 845 696 421 891 565 145 511 52 601 858 569 358 190 42 986 37 267 412 770 225 380 682 347 670 408 609 427 531 438 788 343 997 557 787 554 394 294 704 246 109 73 297 964 403 948 976 532 177 739 0 154 655 802 366 
562 491 383 828 637 201 709 700 614 908 341 341 754 683 368 952 394 356 570 740 7 212 842 789 265 468 487 340 23 434 595 839 94 535 290 28 583 372 178 273 184 613 961 752 283 882 600 201 725 761 93 1 641 302 688 154 0 979 746 940 
30 133 515 714 286 776 290 208 513 798 410 577 88 612 977 24 170 661 164 923 9 205 953 971 581 511 736 207 937 777 747 598 456 764 746 437 255 489 11 513 125 35 995 710 190 729 965 371 687 352 734 381 262 842 229 655 979 0 241 657 
332 246 985 565 93 937 608 590 925 272 952 777 601 518 298 286 746 323 616 723 574 340 117 953 691 345 753 948 157 209 653 6 336 411 486 69 616 466 187 791 584 131 658 928 541 534 383 444 470 654 605 843 350 140 161 802 746 241 0 791 
115 260 321 618 547 943 860 587 731 165 217 656 841 629 63 247 216 358 629 667 904 559 217 531 586 675 954 97 228 575 270 36 395 533 25 149 143 651 730 472 528 946 343 47 420 542 634 797 675 270 430 571 485 143 38 366 940 657 791 0 
0 720 619 112 363 24 884 20 353 845 928 291 952 21 479 978 43 275 125 808 934 595 891 294 279 498 811 650 600 272 558 633 224 897 195 241 701 176 463 882 584 230 293 143 596 137 536 172 940 40 638 508 157 775 522 199 562 30 332 115 
720 0 14 60 511 331 232 490 621 233 890 399 364 422 578 148 276 982 829 536 215 640 444 419 589 408 141 941 316 943 92 816 532 784 972 840 509 887 42 116 362 766 629 386 450 273 563 271 817 773 204 724 347 814 421 375 491 133 246 260 
619 14 0 886 168 965 631 312 640 900 128 536 889 472 249 998 149 213 410 289 132 157 503 608 242 295 547 754 116 88 938 609 326 345 960 641 501 121 60 789 699 648 957 640 164 460 278 770 565 280 702 19 772 547 403 71 383 515 985 321 
112 60 886 0 250 44 378 875 715 515 917 493 493 536 332 173 925 7 92 679 419 728 849 914 984 467 22 326 281 726 228 940 402 973 396 933 29 16 688 912 909 426 643 450 794 320 788 323 718 760 937 806 833 315 907 265 828 714 565 618 
363 511 168 250 0 978 249 587 791 618 460 511 770 769 797 120 52 139 369 917 607 577 510 8 312 141 88 874 496 236 754 476 893 649 348 932 42 809 154 141 422 352 288 828 622 647 425 620 894 561 274 199 674 724 899 584 637 286 93 547 
24 331 965 44 978 0 286 278 48 311 615 552 5 224 224 11 227 269 867 84 5 820 179 55 379 788 18 640 723 194 622 849 855 320 120 433 924 596 935 694 851 772 421 166 281 370 573 981 184 985 552 800 965 171 639 697 201 776 937 943 
884 232 631 378 249 286 0 195 205 862 173 182 257 423 944 268 369 45 511 175 690 469 964 115 812 819 395 436 779 836 809 723 721 97 860 116 454 330 879 199 222 188 584 285 335 756 726 576 688 225 393 430 979 59 873 845 709 290 608 860 
20 490 312 875 587 278 195 0 966 669 322 477 448 933 213 125 293 935 550 310 714 261 892 742 920 948 144 435 750 702 570 358 135 768 262 88 924 967 660 493 234 368 627 730 720 366 72 837 859 569 198 757 734 133 217 696 700 208 590 587 
353 621 640 715 791 48 205 966 0 6 97 402 645 587 35 253 695 758 435 209 52 484 310 391 961 729 336 414 910 378 591 481 203 938 739 798 274 815 941 389 927 557 440 10 893 969 602 307 686 645 885 727 479 561 463 421 614 513 925 731 
845 233 900 515 618 311 862 669 6 0 756 667 948 507 215 672 207 753 890 89 658 211 413 372 365 520 439 921 995 784 735 274 988 779 618 966 963 503 428 627 904 888 941 580 895 172 90 877 862 887 89 299 519 525 253 891 908 798 272 165 
928 890 128 917 460 615 173 322 97 756 0 325 114 369 597 98 26 171 702 818 562 787 337 794 358 230 736 20 397 519 79 816 707 945 107 207 647 82 467 86 322 974 197 803 190 106 904 659 306 669 26 204 677 215 885 565 341 410 952 217 
291 399 536 493 511 552 182 477 402 667 325 0 723 223 824 949 19 544 631 598 230 716 851 751 343 85 275 701 308 152 238 309 529 529 355 547 936 1 826 951 329 744 914 607 445 823 456 20 803 419 580 857 990 402 747 145 341 577 777 656 
952 364 889 493 770 5 257 448 645 948 114 723 0 561 791 477 215 659 938 310 502 192 219 29 933 655 500 136 765 435 802 325 314 958 756 654 9 998 737 694 453 989 761 436 966 914 46 674 340 822 373 441 609 561 256 511 754 88 601 841 
21 422 472 536 769 224 423 933 587 507 369 223 561 0 658 558 15 626 305 3 359 752 115 758 216 174 988 488 592 322 527 612 419 376 729 742 486 760 386 838 690 856 791 486 135 607 885 621 135 340 991 278 861 696 132 52 683 612 518 629 
479 578 249 332 797 224 944 213 35 215 597 824 791 658 0 960 378 998 651 16 148 72 140 226 975 239 417 84 324 173 328 79 275 759 901 763 857 626 266 584 11 741 435 512 250 238 304 227 248 320 194 120 633 829 667 601 368 977 298 63 
978 148 998 173 120 11 268 125 253 672 98 949 477 558 960 0 674 407 400 857 387 828 456 387 607 714 206 201 66 780 203 877 870 274 548 826 449 97 858 843 41 430 967 601 889 1 566 322 149 50 289 121 457 363 871 858 952 24 286 247 
43 276 149 925 52 227 369 293 695 207 26 19 215 15 378 674 0 732 963 105 742 789 678 980 743 784 742 771 350 999 655 44 297 601 938 195 143 358 898 389 559 493 280 516 950 982 897 236 319 855 798 799 362 149 450 569 394 170 746 216 
275 982 213 7 139 269 45 935 758 753 171 544 659 626 998 407 732 0 50 934 628 43 123 22 786 677 207 758 689 289 723 541 805 112 669 330 777 654 674 549 686 625 180 281 498 452 596 971 173 566 156 938 603 392 888 358 356 661 323 358 
125 829 410 92 369 867 511 550 435 890 702 631 938 305 651 400 963 50 0 674 146 671 199 201 523 560 395 282 58 228 950 582 786 211 842 574 491 75 796 99 857 432 312 154 690 623 387 968 280 214 128 842 241 457 870 190 570 164 616 629 
808 536 289 679 917 84 175 310 209 89 818 598 310 3 16 857 105 934 674 0 601 601 912 718 898 602 287 911 394 977 340 988 59 277 224 910 433 741 659 618 428 992 503 128 850 701 437 520 851 55 329 443 175 206 283 42 740 923 723 667 
934 215 132 419 607 5 690 714 52 658 562 230 502 359 148 387 742 628 146 601 0 174 797 167 420 878 549 603 803 858 554 258 871 469 759 579 499 184 124 667 294 86 676 185 785 26 533 603 923 341 527 333 721 87 562 986 7 9 574 904 
595 640 157 728 577 820 469 261 484 211 787 716 192 752 72 828 789 43 671 601 174 0 707 199 992 201 332 613 951 434 970 474 843 636 928 84 978 438 580 923 640 697 956 465 440 481 503 62 269 555 757 18 265 572 75 37 212 205 340 559 
891 444 503 849 510 179 964 892 310 413 337 851 219 115 140 456 678 123 199 912 797 707 0 396 991 973 995 135 970 696 749 184 22 147 343 306 643 740 736 469 567 944 542 388 641 212 382 528 730 722 338 690 824 345 389 267 842 953 117 217 
294 419 608 914 8 55 115 742 391 372 794 751 29 758 226 387 980 22 201 718 167 199 396 0 336 489 480 479 51 433 60 423 82 346 724 611 659 400 387 690 272 351 676 974 185 101 490 952 577 20 641 556 120 446 574 412 789 971 953 531 
279 589 242 984 312 379 812 920 961 365 358 343 933 216 975 607 743 786 523 898 420 992 991 336 0 938 492 292 493 261 748 515 2 827 747 346 767 177 272 666 416 653 422 939 491 375 968 817 995 824 364 969 824 100 61 770 265 581 691 586 
498 408 295 467 141 788 819 948 729 520 230 85 655 174 239 714 784 677 560 602 878 201 973 489 938 0 547 389 169 54 701 522 148 671 291 141 658 572 278 723 123 310 538 969 952 919 238 443 130 205 650 688 478 453 145 225 468 511 345 675 
811 141 547 22 88 18 395 144 336 439 736 275 500 988 417 206 742 207 395 287 549 332 995 480 492 547 0 576 5 222 363 34 640 557 681 872 86 427 746 864 449 268 635 396 876 795 633 757 520 760 310 73 709 117 14 380 487 736 753 954 
650 941 754 326 874 640 436 435 414 921 20 701 136 488 84 201 771 758 282 911 603 613 135 479 292 389 576 0 325 388 379 334 938 49 470 292 376 710 698 651 821 895 773 757 9 990 822 497 888 990 413 859 984 507 204 682 340 207 948 97 
600 316 116 281 496 723 779 750 910 995 397 308 765 592 324 66 350 689 58 394 803 951 970 51 493 169 5 325 0 324 836 951 190 819 136 824 721 676 274 337 681 187 713 134 920 880 950 837 562 456 614 508 463 62 783 347 23 937 157 228 
272 943 88 726 236 194 836 702 378 784 519 152 435 322 173 780 999 289 228 977 858 434 696 433 261 54 222 388 324 0 171 320 639 415 270 557 172 513 378 766 663 36 338 742 507 588 312 393 255 332 317 419 324 616 633 670 434 777 209 575 
558 92 938 228 754 622 809 570 591 735 79 238 802 527 328 203 655 723 950 340 554 970 749 60 748 701 363 379 836 171 0 777 687 929 334 28 330 737 485 420 780 928 30 280 937 765 852 832 525 938 915 68 886 232 622 408 595 747 653 270 
633 816 609 940 476 849 723 358 481 274 816 309 325 612 79 877 44 541 582 988 258 474 184 423 515 522 34 334 951 320 777 0 222 276 625 182 787 207 386 565 407 900 209 402 710 407 269 279 434 4 26 816 28 135 285 609 839 598 6 36 
224 532 326 402 893 855 721 135 203 988 707 529 314 419 275 870 297 805 786 59 871 843 22 82 2 148 640 938 190 639 687 222 0 396 333 892 535 365 539 1000 399 22 443 31 642 431 454 561 736 84 435 607 618 121 984 427 94 456 336 395 
897 784 345 973 649 320 97 768 938 779 945 529 958 376 759 274 601 112 211 277 469 636 147 346 827 671 557 49 819 415 929 276 396 0 668 625 436 387 265 575 717 64 892 311 362 580 961 660 962 528 407 488 608 617 681 531 535 764 411 533 
195 972 960 396 348 120 860 262 739 618 107 355 756 729 901 548 938 669 842 224 759 928 343 724 747 291 681 470 136 270 334 625 333 668 0 891 385 972 114 82 387 803 213 25 326 428 3 744 413 962 790 367 454 767 472 438 290 746 486 25 
241 840 641 933 932 433 116 88 798 966 207 547 654 742 763 826 195 330 574 910 579 84 306 611 346 141 872 292 824 557 28 182 892 625 891 0 195 1000 708 416 641 912 727 744 643 576 82 689 53 405 574 623 691 753 118 788 28 437 69 149 
701 509 501 29 42 924 454 924 274 963 647 936 9 486 857 449 143 777 491 433 499 978 643 659 767 658 86 376 721 172 330 787 535 436 385 195 0 226 980 155 919 874 524 929 919 147 733 777 935 231 809 102 270 266 523 343 583 255 616 143 
176 887 121 16 809 596 330 967 815 503 82 1 998 760 626 97 358 654 75 741 184 438 740 400 177 572 427 710 676 513 737 207 365 387 972 1000 226 0 278 439 274 682 410 327 184 136 571 821 612 518 889 694 49 489 912 997 372 489 466 651 
463 42 60 688 154 935 879 660 941 428 467 826 737 386 266 858 898 674 796 659 124 580 736 387 272 278 746 698 274 378 485 386 539 265 114 708 980 278 0 935 807 79 599 380 402 334 141 960 818 571 447 419 873 70 951 557 178 11 187 730 
882 116 789 912 141 694 199 493 389 627 86 951 694 838 584 843 389 549 99 618 667 923 469 690 666 723 864 651 337 766 420 565 1000 575 82 416 155 439 935 0 125 177 593 171 594 398 813 32 930 271 92 663 819 500 995 787 273 513 791 472 
584 362 699 909 422 851 222 234 927 904 322 329 453 690 11 41 559 686 857 428 294 640 567 272 416 123 449 821 681 663 780 407 399 717 387 641 919 274 807 125 0 816 557 763 589 707 510 79 48 78 811 674 511 219 1 554 184 125 584 528 
230 766 648 426 352 772 188 368 557 888 974 744 989 856 741 430 493 625 432 992 86 697 944 351 653 310 268 895 187 36 928 900 22 64 803 912 874 682 79 177 816 0 925 559 571 228 731 954 752 749 552 519 977 163 410 394 613 35 131 946 
293 629 957 643 288 421 584 627 440 941 197 914 761 791 435 967 280 180 312 503 676 956 542 676 422 538 635 773 713 338 30 209 443 892 213 727 524 410 599 593 557 925 0 383 162 578 179 893 780 13 814 326 606 450 719 294 961 995 658 343 
143 386 640 450 828 166 285 730 10 580 803 607 436 486 512 601 516 281 154 128 185 465 388 974 939 969 396 757 134 742 280 402 31 311 25 744 929 327 380 171 763 559 383 0 927 395 561 847 669 727 931 976 454 750 681 704 752 710 928 47 
596 450 164 794 622 281 335 720 893 895 190 445 966 135 250 889 950 498 690 850 785 440 641 185 491 952 876 9 920 507 937 710 642 362 326 643 919 184 402 594 589 571 162 927 0 785 677 765 623 785 361 385 294 655 812 246 283 190 541 420 
137 273 460 320 647 370 756 366 969 172 106 823 914 607 238 1 982 452 623 701 26 481 212 101 375 919 795 990 880 588 765 407 431 580 428 576 147 136 334 398 707 228 578 395 785 0 836 176 697 832 121 260 65 46 828 109 882 729 534 542 
536 563 278 788 425 573 726 72 602 90 904 456 46 885 304 566 897 596 387 437 533 503 382 490 968 238 633 822 950 312 852 269 454 961 3 82 733 571 141 813 510 731 179 561 677 836 0 402 672 618 467 463 552 810 33 73 600 965 383 634 
172 271 770 323 620 981 576 837 307 877 659 20 674 621 227 322 236 971 968 520 603 62 528 952 817 443 757 497 837 393 832 279 561 660 744 689 777 821 960 32 79 954 893 847 765 176 402 0 263 296 815 802 318 538 363 297 201 371 444 797 
940 817 565 718 894 184 688 859 686 862 306 803 340 135 248 149 319 173 280 851 923 269 730 577 995 130 520 888 562 255 525 434 736 962 413 53 935 612 818 930 48 752 780 669 623 697 672 263 0 168 843 956 325 927 369 964 725 687 470 675 
40 773 280 760 561 985 225 569 645 887 669 419 822 340 320 50 855 566 214 55 341 555 722 20 824 205 760 990 456 332 938 4 84 528 962 405 231 518 571 271 78 749 13 727 785 832 618 296 168 0 485 186 413 590 840 403 761 352 654 270 
638 204 702 937 274 552 393 198 885 89 26 580 373 991 194 289 798 156 128 329 527 757 338 641 364 650 310 413 614 317 915 26 435 407 790 574 809 889 447 92 811 552 814 931 361 121 467 815 843 485 0 777 775 910 671 948 93 734 605 430 
