10 4
0 166 345 551 958 93 183 557 623 581 
166 0 397 933 809 709 408 200 204 698 
345 397 0 256 703 322 572 856 70 599 
551 933 256 0 151 944 619 51 938 656 
958 809 703 151 0 368 896 785 592 878 
93 709 322 944 368 0 14 818 852 998 
183 408 572 619 896 14 0 164 434 102 
557 200 856 51 785 818 164 0 147 715 
623 204 70 938 592 852 434 147 0 215 
581 698 599 656 878 998 102 715 215 0 
0 148 839 685 937 489 111 341 326 164 
148 0 76 28 583 932 420 163 817 207 
839 76 0 584 195 515 940 4 731 147 
685 28 584 0 885 892 989 826 262 650 
937 583 195 885 0 31 119 399 698 483 
489 932 515 892 31 0 78 542 721 605 
111 420 940 989 119 78 0 16 976 457 
341 163 4 826 399 542 16 0 338 721 
326 817 731 262 698 721 976 338 0 868 
164 207 147 650 483 605 457 721 868 0 
0 853 162 316 64 512 890 660 675 837 
853 0 925 973 418 69 581 838 184 794 
162 925 0 417 806 486 61 997 270 854 
316 973 417 0 116 109 12 175 739 351 
64 418 806 116 0 970 882 602 303 518 
512 69 486 109 970 0 923 459 280 396 
890 581 61 12 882 923 0 985 25 544 
660 838 997 175 602 459 985 0 663 280 
675 184 270 739 303 280 25 663 0 133 
837 794 854 351 518 396 544 280 133 0 
0 853 162 316 64 512 890 660 675 837 
853 0 925 973 418 69 581 838 184 794 
162 925 0 417 806 486 61 997 270 854 
316 973 417 0 116 109 12 175 739 351 
64 418 806 116 0 970 882 602 303 518 
512 69 486 109 970 0 923 459 280 396 
890 581 61 12 882 923 0 985 25 544 
660 838 997 175 602 459 985 0 663 280 
675 184 270 739 303 280 25 663 0 133 
837 794 854 351 518 396 544 280 133 0 
0 853 162 316 64 512 890 660 675 837 
853 0 925 973 418 69 581 838 184 794 
162 925 0 417 806 486 61 997 270 854 
316 973 417 0 116 109 12 175 739 351 
64 418 806 116 0 970 882 602 303 518 
512 69 486 109 970 0 923 459 280 396 
890 581 61 12 882 923 0 985 25 544 
660 838 997 175 602 459 985 0 663 280 
675 184 270 739 303 280 25 663 0 133 
837 794 854 351 518 396 544 280 133 0 
