80 4
0 917 156 207 878 25 81 12 333 498 760 838 42 756 467 7 566 353 301 315 835 878 641 413 445 292 999 919 841 935 756 45 93 954 11 90 26 417 703 203 472 761 526 853 781 825 409 507 20 542 82 73 37 554 384 576 641 168 868 308 871 201 659 652 714 661 11 657 291 615 879 955 862 970 157 805 684 355 591 265 
917 0 125 898 545 941 428 804 899 442 270 84 51 321 389 602 432 472 47 709 915 784 559 536 842 921 923 133 341 328 124 528 209 188 886 573 213 683 760 972 416 848 128 773 271 149 400 265 280 596 653 79 933 462 795 131 127 293 453 567 303 251 223 260 930 43 791 730 594 205 291 244 407 304 21 626 879 766 967 715 
156 125 0 189 474 188 594 984 524 520 550 188 55 698 698 924 238 774 531 831 979 588 649 502 928 29 36 161 432 857 364 682 881 988 592 196 384 553 173 984 761 724 388 80 615 30 948 254 957 879 297 503 30 47 380 802 148 270 943 549 772 576 854 445 189 237 195 845 709 395 533 292 461 647 585 804 445 946 477 707 
207 898 189 0 3 111 995 828 811 102 598 59 102 736 182 31 371 853 982 113 208 432 3 682 853 317 531 552 437 582 840 998 281 891 719 427 228 874 37 747 509 916 115 189 333 181 406 733 969 934 41 625 809 722 937 515 757 418 437 831 485 962 646 860 797 643 6 588 355 962 660 824 217 834 107 322 979 794 284 260 
878 545 474 3 0 926 36 869 619 701 474 967 718 298 971 771 919 585 749 671 51 768 796 347 455 342 170 492 622 661 668 120 181 432 952 460 821 62 527 898 844 807 898 381 196 532 180 147 688 332 161 437 462 613 383 38 696 668 478 64 279 79 973 556 660 122 724 940 656 1000 97 96 669 375 5 133 627 602 599 35 
25 941 188 111 926 0 211 165 774 51 408 521 594 989 960 4 335 455 421 648 683 457 560 958 156 499 445 113 498 674 352 947 203 393 208 422 854 983 520 470 608 772 356 951 971 685 806 705 841 634 277 950 409 233 22 123 556 669 460 806 55 325 637 635 277 31 722 781 172 966 595 904 319 748 594 652 429 5 645 204 
81 428 594 995 36 211 0 796 603 239 442 691 483 504 316 517 218 521 145 303 161 799 188 360 710 754 892 724 893 462 746 56 616 339 897 444 415 227 962 891 346 611 7 385 349 82 701 287 364 433 37 610 461 47 299 216 465 545 945 769 83 955 402 539 398 849 765 709 20 401 467 191 255 292 553 125 504 690 402 905 
12 804 984 828 869 165 796 0 959 690 634 198 221 522 477 752 408 130 684 441 146 893 932 591 269 922 200 832 190 309 9 273 514 456 712 897 692 434 385 148 703 996 77 57 343 522 727 33 34 893 1000 524 630 467 300 656 597 84 449 144 940 533 813 661 350 199 601 441 906 926 39 240 122 800 509 97 12 603 192 71 
333 899 524 811 619 774 603 959 0 328 235 142 815 515 757 290 101 7 387 646 351 919 265 540 135 428 501 454 758 833 571 18 825 488 846 423 616 908 977 838 406 557 522 45 238 536 552 299 189 140 206 739 350 580 80 562 74 861 669 166 27 310 683 130 428 57 979 290 551 745 819 987 6 203 658 641 381 784 689 878 
498 442 520 102 701 51 239 690 328 0 849 139 53 724 811 980 940 211 367 149 358 937 385 700 726 934 59 547 758 824 930 855 541 199 500 904 236 557 299 510 800 209 181 275 307 670 943 983 535 346 544 334 558 355 786 315 63 335 543 529 217 708 546 808 239 697 340 56 295 268 142 729 622 243 170 301 930 655 623 760 
760 270 550 598 474 408 442 634 235 849 0 893 485 100 401 536 925 345 575 481 825 914 158 136 354 721 821 741 647 109 659 27 696 129 756 785 726 83 857 676 770 551 495 243 519 833 125 202 467 543 326 742 676 927 378 621 500 486 482 711 419 221 68 506 180 922 297 851 976 79 466 380 601 871 903 131 349 250 667 296 
838 84 188 59 967 521 691 198 142 139 893 0 360 855 637 185 97 342 760 975 849 503 275 592 665 228 659 389 787 830 147 486 157 95 610 418 642 279 976 522 652 523 681 403 960 26 570 1000 17 168 454 119 421 826 327 642 600 202 174 75 30 389 880 425 554 281 604 161 711 336 921 701 428 69 412 756 312 679 453 84 
42 51 55 102 718 594 483 221 815 53 485 360 0 487 503 829 368 818 41 304 582 737 359 883 730 606 342 88 659 938 437 916 201 415 856 770 726 78 129 858 496 813 790 785 664 522 457 300 81 494 117 39 179 717 478 757 80 579 835 315 174 478 352 625 495 771 771 764 161 715 976 477 262 542 712 993 556 532 924 199 
756 321 698 736 298 989 504 522 515 724 100 855 487 0 125 736 263 887 581 995 383 763 284 59 434 609 262 471 9 879 427 420 181 680 338 259 205 301 503 67 334 499 214 334 972 783 503 651 774 337 262 658 943 86 892 436 345 735 570 912 528 145 26 136 812 926 740 698 178 196 406 217 227 521 283 163 648 833 338 514 
467 389 698 182 971 960 316 477 757 811 401 637 503 125 0 78 177 548 290 334 420 416 841 782 773 115 780 365 124 497 431 137 420 220 758 440 431 879 352 230 129 545 408 860 980 925 419 184 381 488 562 267 732 248 193 359 685 724 720 797 184 453 329 501 571 866 394 747 289 266 443 697 331 982 114 121 561 682 325 579 
7 602 924 31 771 4 517 752 290 980 536 185 829 736 78 0 199 77 122 223 70 219 667 769 695 117 179 556 628 41 814 221 958 104 806 715 863 361 204 982 166 774 932 517 780 873 714 166 154 627 446 963 838 611 552 903 917 693 767 926 461 412 582 557 83 734 867 422 789 636 679 517 882 234 992 171 689 734 493 768 
566 432 238 371 919 335 218 408 101 940 925 97 368 263 177 199 0 914 267 940 713 400 588 507 428 992 545 540 863 712 990 158 641 5 906 308 489 244 335 719 144 365 207 41 216 966 94 802 594 883 520 310 829 98 617 726 769 499 599 823 503 889 96 981 630 74 136 884 116 118 135 633 886 530 790 40 501 305 966 715 
353 472 774 853 585 455 521 130 7 211 345 342 818 887 548 77 914 0 398 385 655 294 419 910 288 464 176 132 734 364 823 665 92 655 914 349 507 131 237 969 686 898 281 589 996 50 442 999 831 171 325 907 124 738 852 143 161 726 155 999 509 39 171 254 289 586 187 923 371 772 43 429 425 117 62 719 379 656 847 578 
301 47 531 982 749 421 145 684 387 367 575 760 41 581 290 122 267 398 0 947 891 298 596 900 519 625 312 766 581 710 964 189 133 496 254 937 759 983 487 774 98 921 217 792 779 427 83 867 139 386 529 604 704 995 503 58 363 232 360 450 532 436 780 867 872 262 802 633 802 426 330 805 279 767 366 714 666 613 503 159 
315 709 831 113 671 648 303 441 646 149 481 975 304 995 334 223 940 385 947 0 464 512 410 610 325 488 376 693 485 529 581 657 661 626 1000 434 840 580 468 537 363 55 121 252 666 334 883 659 817 826 444 723 94 275 345 918 773 656 148 722 597 865 604 424 803 442 602 663 320 613 425 89 910 654 9 417 719 10 875 717 
835 915 979 208 51 683 161 146 351 358 825 849 582 383 420 70 713 655 891 464 0 924 565 357 789 586 996 819 615 454 815 164 739 300 52 354 830 909 441 948 747 331 113 190 364 958 87 630 249 54 148 494 374 426 785 565 42 788 188 941 949 891 169 853 92 398 957 80 538 209 2 973 197 794 718 700 193 578 188 541 
878 784 588 432 768 457 799 893 919 937 914 503 737 763 416 219 400 294 298 512 924 0 669 981 672 170 424 531 139 385 272 505 248 583 66 453 354 368 42 871 904 36 28 694 143 796 55 260 572 785 117 650 503 389 222 91 613 597 170 28 194 630 847 960 994 617 883 490 135 668 500 504 179 753 548 526 843 302 63 71 
641 559 649 3 796 560 188 932 265 385 158 275 359 284 841 667 588 419 596 410 565 669 0 398 304 880 574 38 808 536 992 493 638 952 896 139 702 958 869 833 974 850 432 377 567 541 437 759 851 924 756 21 900 591 616 102 375 497 523 480 812 375 676 142 453 798 529 873 661 886 434 979 402 35 402 13 219 350 650 595 
413 536 502 682 347 958 360 591 540 700 136 592 883 59 782 769 507 910 900 610 357 981 398 0 61 947 579 289 595 370 316 256 35 844 569 578 524 200 17 915 982 928 258 921 787 118 730 520 194 197 632 117 30 127 99 663 774 780 393 49 359 86 513 682 266 206 629 595 715 186 85 799 716 57 950 965 279 513 701 488 
445 842 928 853 455 156 710 269 135 726 354 665 730 434 773 695 428 288 519 325 789 672 304 61 0 272 60 286 168 42 651 962 536 266 705 796 818 222 133 389 163 508 323 586 356 933 807 350 216 309 262 275 730 174 874 728 987 228 283 267 881 601 455 592 509 378 970 800 221 434 450 390 841 133 414 876 44 207 432 905 
292 921 29 317 342 499 754 922 428 934 721 228 606 609 115 117 992 464 625 488 586 170 880 947 272 0 691 637 634 310 763 687 147 67 127 495 992 834 83 539 335 409 5 32 4 531 715 472 920 492 261 580 382 253 505 53 78 404 75 58 212 157 791 566 69 955 609 147 88 263 277 85 840 327 940 488 446 560 279 756 
999 923 36 531 170 445 892 200 501 59 821 659 342 262 780 179 545 176 312 376 996 424 574 579 60 691 0 537 376 431 766 673 958 682 809 210 928 618 848 101 451 792 142 781 722 640 877 423 582 702 603 932 376 686 813 143 253 294 454 127 115 306 181 71 381 791 117 19 955 451 756 853 506 369 479 911 815 706 687 493 
919 133 161 552 492 113 724 832 454 547 741 389 88 471 365 556 540 132 766 693 819 531 38 289 286 637 537 0 412 871 563 617 723 986 72 163 561 245 905 563 409 747 376 307 808 122 912 725 807 835 814 889 554 757 72 352 825 136 987 556 891 53 257 77 261 227 256 767 414 511 846 935 173 416 46 186 224 276 452 946 
841 341 432 437 622 498 893 190 758 758 647 787 659 9 124 628 863 734 581 485 615 139 808 595 168 634 376 412 0 634 691 44 290 162 572 728 335 915 166 44 131 220 7 414 795 556 90 704 708 469 456 272 12 112 864 24 230 323 24 139 785 585 338 779 871 610 442 514 44 274 224 903 73 967 24 143 154 285 476 156 
935 328 857 582 661 674 462 309 833 824 109 830 938 879 497 41 712 364 710 529 454 385 536 370 42 310 431 871 634 0 579 657 983 878 971 1 497 974 325 950 235 529 990 865 738 605 423 354 871 396 755 912 647 615 497 673 943 389 285 449 232 790 396 927 395 133 168 120 139 969 24 615 371 470 687 586 748 610 315 523 
756 124 364 840 668 352 746 9 571 930 659 147 437 427 431 814 990 823 964 581 815 272 992 316 651 763 766 563 691 579 0 482 75 932 163 82 1000 952 876 612 721 486 628 701 839 66 333 143 5 248 327 74 662 896 389 800 2 362 1 495 212 413 994 656 622 672 84 297 80 766 347 182 780 241 337 853 803 77 642 96 
45 528 682 998 120 947 56 273 18 855 27 486 916 420 137 221 158 665 189 657 164 505 493 256 962 687 673 617 44 657 482 0 290 593 377 112 617 920 812 125 396 270 800 224 542 299 412 47 579 557 339 892 477 330 992 845 194 281 85 806 920 360 294 545 571 738 770 147 476 686 240 873 451 844 509 373 690 41 80 522 
93 209 881 281 181 203 616 514 825 541 696 157 201 181 420 958 641 92 133 661 739 248 638 35 536 147 958 723 290 983 75 290 0 620 517 819 39 583 271 935 930 872 731 200 361 167 245 270 831 319 702 765 952 321 87 226 182 404 916 477 377 289 153 330 658 62 1 303 579 278 142 853 295 805 872 895 953 780 853 63 
954 188 988 891 432 393 339 456 488 199 129 95 415 680 220 104 5 655 496 626 300 583 952 844 266 67 682 986 162 878 932 593 620 0 750 130 186 821 991 913 584 910 961 239 283 404 334 105 466 390 727 970 490 429 507 118 41 52 486 743 718 630 606 689 488 903 650 833 483 556 79 639 272 299 215 752 831 32 305 365 
11 886 592 719 952 208 897 712 846 500 756 610 856 338 758 806 906 914 254 1000 52 66 896 569 705 127 809 72 572 971 163 377 517 750 0 43 647 109 200 801 929 535 418 28 978 510 979 809 783 283 786 400 920 289 58 514 426 409 942 902 656 729 460 290 763 657 149 440 395 595 951 217 543 766 37 147 571 807 834 847 
90 573 196 427 460 422 444 897 423 904 785 418 770 259 440 715 308 349 937 434 354 453 139 578 796 495 210 163 728 1 82 112 819 130 43 0 830 561 143 253 911 350 2 729 872 616 752 201 486 87 297 101 906 107 2 611 692 939 222 897 338 507 628 686 900 681 982 984 35 115 940 12 954 490 267 989 131 92 796 141 
26 213 384 228 821 854 415 692 616 236 726 642 726 205 431 863 489 507 759 840 830 354 702 524 818 992 928 561 335 497 1000 617 39 186 647 830 0 859 578 89 624 91 526 274 250 354 642 909 482 98 1 271 768 965 517 667 118 423 465 461 547 288 224 822 436 683 425 797 16 637 788 329 321 578 852 827 916 939 909 916 
417 683 553 874 62 983 227 434 908 557 83 279 78 301 879 361 244 131 983 580 909 368 958 200 222 834 618 245 915 974 952 920 583 821 109 561 859 0 103 961 115 566 942 35 377 400 55 576 52 787 770 387 61 409 493 334 132 806 702 230 621 478 68 565 323 60 776 572 898 718 322 649 785 315 374 291 50 723 112 927 
703 760 173 37 527 520 962 385 977 299 857 976 129 503 352 204 335 237 487 468 441 42 869 17 133 83 848 905 166 325 876 812 271 991 200 143 578 103 0 953 582 87 20 595 18 506 341 463 847 132 831 173 169 540 611 490 955 435 465 867 227 316 674 4 428 788 788 673 842 895 655 479 826 141 51 137 447 862 169 232 
203 972 984 747 898 470 891 148 838 510 676 522 858 67 230 982 719 969 774 537 948 871 833 915 389 539 101 563 44 950 612 125 935 913 801 253 89 961 953 0 543 867 370 251 384 183 478 360 973 392 540 889 777 336 447 689 278 220 879 776 82 645 77 979 354 491 813 226 670 496 568 444 475 758 8 159 918 305 925 758 
472 416 761 509 844 608 346 703 406 800 770 652 496 334 129 166 144 686 98 363 747 904 974 982 163 335 451 409 131 235 721 396 930 584 929 911 624 115 582 543 0 641 439 543 860 883 60 635 509 889 127 125 779 106 483 457 438 409 590 178 649 891 769 144 481 891 34 763 111 58 560 941 681 35 284 163 153 609 424 732 
761 848 724 916 807 772 611 996 557 209 551 523 813 499 545 774 365 898 921 55 331 36 850 928 508 409 792 747 220 529 486 270 872 910 535 350 91 566 87 867 641 0 367 68 900 591 485 800 262 541 379 627 955 904 701 280 912 413 498 484 952 633 778 611 492 937 277 667 309 492 420 138 300 809 227 771 966 947 946 842 
526 128 388 115 898 356 7 77 522 181 495 681 790 214 408 932 207 281 217 121 113 28 432 258 323 5 142 376 7 990 628 800 731 961 418 2 526 942 20 370 439 367 0 730 654 293 677 59 596 791 10 182 871 660 221 219 2 19 991 903 662 452 757 205 244 947 782 602 276 895 74 741 886 353 740 508 721 233 705 153 
853 773 80 189 381 951 385 57 45 275 243 403 785 334 860 517 41 589 792 252 190 694 377 921 586 32 781 307 414 865 701 224 200 239 28 729 274 35 595 251 543 68 730 0 506 415 928 263 610 788 611 219 256 967 141 92 733 937 149 800 253 514 327 847 380 196 984 117 771 879 892 183 16 347 308 855 598 858 666 666 
781 271 615 333 196 971 349 343 238 307 519 960 664 972 980 780 216 996 779 666 364 143 567 787 356 4 722 808 795 738 839 542 361 283 978 872 250 377 18 384 860 900 654 506 0 92 452 289 434 321 761 120 89 1 583 895 487 219 518 427 358 777 654 328 417 74 67 428 72 164 886 877 967 816 485 195 153 740 742 65 
825 149 30 181 532 685 82 522 536 670 833 26 522 783 925 873 966 50 427 334 958 796 541 118 933 531 640 122 556 605 66 299 167 404 510 616 354 400 506 183 883 591 293 415 92 0 551 494 605 175 451 128 292 531 335 516 160 15 318 943 278 954 763 573 172 810 767 988 539 89 834 354 59 409 667 767 61 751 525 384 
409 400 948 406 180 806 701 727 552 943 125 570 457 503 419 714 94 442 83 883 87 55 437 730 807 715 877 912 90 423 333 412 245 334 979 752 642 55 341 478 60 485 677 928 452 551 0 952 19 506 3 576 886 247 193 429 414 836 275 901 676 661 582 176 313 329 62 932 218 647 31 661 440 458 97 300 484 718 240 874 
507 265 254 733 147 705 287 33 299 983 202 1000 300 651 184 166 802 999 867 659 630 260 759 520 350 472 423 725 704 354 143 47 270 105 809 201 909 576 463 360 635 800 59 263 289 494 952 0 218 390 738 623 38 676 470 527 335 733 8 64 460 367 623 208 735 141 561 573 818 748 519 210 646 535 395 362 65 774 657 409 
20 280 957 969 688 841 364 34 189 535 467 17 81 774 381 154 594 831 139 817 249 572 851 194 216 920 582 807 708 871 5 579 831 466 783 486 482 52 847 973 509 262 596 610 434 605 19 218 0 301 269 534 344 887 952 355 806 726 173 358 627 794 641 375 541 886 319 852 786 448 823 859 333 14 491 325 906 919 202 857 
542 596 879 934 332 634 433 893 140 346 543 168 494 337 488 627 883 171 386 826 54 785 924 197 309 492 702 835 469 396 248 557 319 390 283 87 98 787 132 392 889 541 791 788 321 175 506 390 301 0 432 359 502 931 936 928 784 26 89 764 736 631 99 587 46 74 553 737 544 584 981 994 927 787 644 346 473 266 995 382 
82 653 297 41 161 277 37 1000 206 544 326 454 117 262 562 446 520 325 529 444 148 117 756 632 262 261 603 814 456 755 327 339 702 727 786 297 1 770 831 540 127 379 10 611 761 451 3 738 269 432 0 545 574 722 718 438 977 816 667 133 452 57 991 996 695 715 341 569 180 263 321 340 293 565 310 636 797 459 81 327 
73 79 503 625 437 950 610 524 739 334 742 119 39 658 267 963 310 907 604 723 494 650 21 117 275 580 932 889 272 912 74 892 765 970 400 101 271 387 173 889 125 627 182 219 120 128 576 623 534 359 545 0 866 885 957 889 210 406 911 856 328 355 124 10 306 580 426 396 522 937 683 686 293 577 596 617 672 895 199 519 
37 933 30 809 462 409 461 630 350 558 676 421 179 943 732 838 829 124 704 94 374 503 900 30 730 382 376 554 12 647 662 477 952 490 920 906 768 61 169 777 779 955 871 256 89 292 886 38 344 502 574 866 0 1000 733 525 537 451 796 740 366 559 530 287 550 548 934 884 664 979 521 781 554 461 746 606 629 330 161 443 
554 462 47 722 613 233 47 467 580 355 927 826 717 86 248 611 98 738 995 275 426 389 591 127 174 253 686 757 112 615 896 330 321 429 289 107 965 409 540 336 106 904 660 967 1 531 247 676 887 931 722 885 1000 0 505 706 951 160 289 407 532 569 698 761 878 804 818 315 603 648 337 990 169 882 395 896 380 291 400 520 
384 795 380 937 383 22 299 300 80 786 378 327 478 892 193 552 617 852 503 345 785 222 616 99 874 505 813 72 864 497 389 992 87 507 58 2 517 493 611 447 483 701 221 141 583 335 193 470 952 936 718 957 733 505 0 919 466 480 121 499 299 529 745 285 72 492 54 266 921 941 214 993 802 297 928 393 40 275 806 409 
576 131 802 515 38 123 216 656 562 315 621 642 757 436 359 903 726 143 58 918 565 91 102 663 728 53 143 352 24 673 800 845 226 118 514 611 667 334 490 689 457 280 219 92 895 516 429 527 355 928 438 889 525 706 919 0 966 501 553 877 487 934 48 326 159 765 151 297 503 836 753 845 456 231 475 851 900 57 846 4 
641 127 148 757 696 556 465 597 74 63 500 600 80 345 685 917 769 161 363 773 42 613 375 774 987 78 253 825 230 943 2 194 182 41 426 692 118 132 955 278 438 912 2 733 487 160 414 335 806 784 977 210 537 951 466 966 0 764 36 216 404 307 639 973 5 952 929 324 353 907 907 465 729 153 128 714 882 873 772 380 
168 293 270 418 668 669 545 84 861 335 486 202 579 735 724 693 499 726 232 656 788 597 497 780 228 404 294 136 323 389 362 281 404 52 409 939 423 806 435 220 409 413 19 937 219 15 836 733 726 26 816 406 451 160 480 501 764 0 634 859 858 429 503 589 848 20 237 933 668 553 178 65 69 687 170 571 446 399 175 380 
868 453 943 437 478 460 945 449 669 543 482 174 835 570 720 767 599 155 360 148 188 170 523 393 283 75 454 987 24 285 1 85 916 486 942 222 465 702 465 879 590 498 991 149 518 318 275 8 173 89 667 911 796 289 121 553 36 634 0 304 744 995 884 109 81 548 352 279 182 246 140 558 450 613 890 412 521 962 988 806 
308 567 549 831 64 806 769 144 166 529 711 75 315 912 797 926 823 999 450 722 941 28 480 49 267 58 127 556 139 449 495 806 477 743 902 897 461 230 867 776 178 484 903 800 427 943 901 64 358 764 133 856 740 407 499 877 216 859 304 0 58 479 87 293 678 733 457 510 275 915 600 233 729 868 246 545 843 626 258 537 
871 303 772 485 279 55 83 940 27 217 419 30 174 528 184 461 503 509 532 597 949 194 812 359 881 212 115 891 785 232 212 920 377 718 656 338 547 621 227 82 649 952 662 253 358 278 676 460 627 736 452 328 366 532 299 487 404 858 744 58 0 255 766 582 280 912 615 698 621 32 568 531 6 826 986 265 793 260 3 316 
201 251 576 962 79 325 955 533 310 708 221 389 478 145 453 412 889 39 436 865 891 630 375 86 601 157 306 53 585 790 413 360 289 630 729 507 288 478 316 645 891 633 452 514 777 954 661 367 794 631 57 355 559 569 529 934 307 429 995 479 255 0 462 735 917 490 920 32 177 264 711 445 588 131 545 564 753 536 850 959 
659 223 854 646 973 637 402 813 683 546 68 880 352 26 329 582 96 171 780 604 169 847 676 513 455 791 181 257 338 396 994 294 153 606 460 628 224 68 674 77 769 778 757 327 654 763 582 623 641 99 991 124 530 698 745 48 639 503 884 87 766 462 0 780 148 366 322 312 878 193 988 287 727 714 128 636 583 220 506 503 
652 260 445 860 556 635 539 661 130 808 506 425 625 136 501 557 981 254 867 424 853 960 142 682 592 566 71 77 779 927 656 545 330 689 290 686 822 565 4 979 144 611 205 847 328 573 176 208 375 587 996 10 287 761 285 326 973 589 109 293 582 735 780 0 142 658 683 91 849 683 491 900 896 206 518 589 766 976 970 311 
714 930 189 797 660 277 398 350 428 239 180 554 495 812 571 83 630 289 872 803 92 994 453 266 509 69 381 261 871 395 622 571 658 488 763 900 436 323 428 354 481 492 244 380 417 172 313 735 541 46 695 306 550 878 72 159 5 848 81 678 280 917 148 142 0 245 354 853 640 452 197 518 370 872 95 204 55 587 180 572 
661 43 237 643 122 31 849 199 57 697 922 281 771 926 866 734 74 586 262 442 398 617 798 206 378 955 791 227 610 133 672 738 62 903 657 681 683 60 788 491 891 937 947 196 74 810 329 141 886 74 715 580 548 804 492 765 952 20 548 733 912 490 366 658 245 0 695 955 406 613 725 382 914 148 291 810 383 493 561 451 
11 791 195 6 724 722 765 601 979 340 297 604 771 740 394 867 136 187 802 602 957 883 529 629 970 609 117 256 442 168 84 770 1 650 149 982 425 776 788 813 34 277 782 984 67 767 62 561 319 553 341 426 934 818 54 151 929 237 352 457 615 920 322 683 354 695 0 174 190 125 26 611 379 909 917 364 761 675 973 860 
657 730 845 588 940 781 709 441 290 56 851 161 764 698 747 422 884 923 633 663 80 490 873 595 800 147 19 767 514 120 297 147 303 833 440 984 797 572 673 226 763 667 602 117 428 988 932 573 852 737 569 396 884 315 266 297 324 933 279 510 698 32 312 91 853 955 174 0 653 629 11 515 158 629 286 944 983 709 442 166 
291 594 709 355 656 172 20 906 551 295 976 711 161 178 289 789 116 371 802 320 538 135 661 715 221 88 955 414 44 139 80 476 579 483 395 35 16 898 842 670 111 309 276 771 72 539 218 818 786 544 180 522 664 603 921 503 353 668 182 275 621 177 878 849 640 406 190 653 0 962 356 468 984 764 333 788 571 955 817 714 
615 205 395 962 1000 966 401 926 745 268 79 336 715 196 266 636 118 772 426 613 209 668 886 186 434 263 451 511 274 969 766 686 278 556 595 115 637 718 895 496 58 492 895 879 164 89 647 748 448 584 263 937 979 648 941 836 907 553 246 915 32 264 193 683 452 613 125 629 962 0 648 201 582 392 406 371 849 511 674 542 
879 291 533 660 97 595 467 39 819 142 466 921 976 406 443 679 135 43 330 425 2 500 434 85 450 277 756 846 224 24 347 240 142 79 951 940 788 322 655 568 560 420 74 892 886 834 31 519 823 981 321 683 521 337 214 753 907 178 140 600 568 711 988 491 197 725 26 11 356 648 0 102 221 529 460 374 397 106 524 970 
955 244 292 824 96 904 191 240 987 729 380 701 477 217 697 517 633 429 805 89 973 504 979 799 390 85 853 935 903 615 182 873 853 639 217 12 329 649 479 444 941 138 741 183 877 354 661 210 859 994 340 686 781 990 993 845 465 65 558 233 531 445 287 900 518 382 611 515 468 201 102 0 587 598 230 121 837 325 278 392 
862 407 461 217 669 319 255 122 6 622 601 428 262 227 331 882 886 425 279 910 197 179 402 716 841 840 506 173 73 371 780 451 295 272 543 954 321 785 826 475 681 300 886 16 967 59 440 646 333 927 293 293 554 169 802 456 729 69 450 729 6 588 727 896 370 914 379 158 984 582 221 587 0 155 342 319 464 846 294 425 
970 304 647 834 375 748 292 800 203 243 871 69 542 521 982 234 530 117 767 654 794 753 35 57 133 327 369 416 967 470 241 844 805 299 766 490 578 315 141 758 35 809 353 347 816 409 458 535 14 787 565 577 461 882 297 231 153 687 613 868 826 131 714 206 872 148 909 629 764 392 529 598 155 0 450 372 757 552 65 794 
157 21 585 107 5 594 553 509 658 170 903 412 712 283 114 992 790 62 366 9 718 548 402 950 414 940 479 46 24 687 337 509 872 215 37 267 852 374 51 8 284 227 740 308 485 667 97 395 491 644 310 596 746 395 928 475 128 170 890 246 986 545 128 518 95 291 917 286 333 406 460 230 342 450 0 591 688 868 258 133 
805 626 804 322 133 652 125 97 641 301 131 756 993 163 121 171 40 719 714 417 700 526 13 965 876 488 911 186 143 586 853 373 895 752 147 989 827 291 137 159 163 771 508 855 195 767 300 362 325 346 636 617 606 896 393 851 714 571 412 545 265 564 636 589 204 810 364 944 788 371 374 121 319 372 591 0 18 198 836 738 
684 879 445 979 627 429 504 12 381 930 349 312 556 648 561 689 501 379 666 719 193 843 219 279 44 446 815 224 154 748 803 690 953 831 571 131 916 50 447 918 153 966 721 598 153 61 484 65 906 473 797 672 629 380 40 900 882 446 521 843 793 753 583 766 55 383 761 983 571 849 397 837 464 757 688 18 0 458 82 575 
355 766 946 794 602 5 690 603 784 655 250 679 532 833 682 734 305 656 613 10 578 302 350 513 207 560 706 276 285 610 77 41 780 32 807 92 939 723 862 305 609 947 233 858 740 751 718 774 919 266 459 895 330 291 275 57 873 399 962 626 260 536 220 976 587 493 675 709 955 511 106 325 846 552 868 198 458 0 730 945 
591 967 477 284 599 645 402 192 689 623 667 453 924 338 325 493 966 847 503 875 188 63 650 701 432 279 687 452 476 315 642 80 853 305 834 796 909 112 169 925 424 946 705 666 742 525 240 657 202 995 81 199 161 400 806 846 772 175 988 258 3 850 506 970 180 561 973 442 817 674 524 278 294 65 258 836 82 730 0 853 
265 715 707 260 35 204 905 71 878 760 296 84 199 514 579 768 715 578 159 717 541 71 595 488 905 756 493 946 156 523 96 522 63 365 847 141 916 927 232 758 732 842 153 666 65 384 874 409 857 382 327 519 443 520 409 4 380 380 806 537 316 959 503 311 572 451 860 166 714 542 970 392 425 794 133 738 575 945 853 0 
0 300 35 788 89 901 708 436 832 163 356 738 882 988 377 264 554 490 599 832 58 988 348 605 128 17 171 233 359 338 785 713 717 620 744 965 497 150 985 750 139 20 349 709 970 844 637 685 171 280 188 164 880 558 101 249 863 875 267 98 601 199 200 167 981 190 458 840 381 542 409 800 478 556 57 476 881 164 132 469 
300 0 857 449 242 614 835 567 660 361 842 891 584 629 507 828 586 969 722 298 202 643 577 92 67 51 679 443 835 595 970 980 947 472 459 211 352 532 586 225 288 776 574 452 146 258 314 33 865 662 630 675 846 173 976 611 274 243 161 969 769 295 930 668 228 932 132 891 769 757 758 289 317 442 824 963 284 166 297 375 
35 857 0 85 188 759 624 281 865 611 468 374 203 628 309 950 331 644 29 447 497 63 47 193 303 476 160 15 387 919 569 845 868 705 426 749 985 294 587 61 95 969 62 320 278 553 988 671 374 781 335 94 574 100 729 562 128 472 844 465 866 163 106 94 756 88 61 676 964 790 153 667 43 896 658 576 995 96 662 124 
788 449 85 0 831 724 627 978 954 157 23 811 794 95 466 673 836 750 444 425 193 248 766 723 638 845 641 228 741 878 841 423 426 84 118 453 652 929 235 562 388 888 876 800 199 58 230 16 489 763 972 372 38 862 35 655 75 122 748 273 934 764 415 667 655 947 319 343 584 490 740 617 807 101 110 947 41 933 47 471 
89 242 188 831 0 681 66 925 484 594 94 93 456 300 426 498 699 444 599 663 233 552 718 66 430 986 835 249 87 961 372 823 598 989 286 132 117 473 231 168 959 516 313 474 486 623 117 682 143 3 275 754 433 239 649 713 433 166 155 805 802 308 951 375 95 279 461 81 877 448 888 1 192 646 122 265 328 484 593 140 
901 614 759 724 681 0 534 757 454 979 465 609 697 591 193 280 83 79 640 93 189 575 646 405 176 111 279 760 834 462 564 539 559 940 99 525 550 715 175 29 935 225 442 296 669 786 665 840 80 650 594 792 990 246 599 330 639 569 578 141 497 507 288 684 295 996 61 489 243 663 156 772 179 14 404 838 528 572 466 444 
708 835 624 627 66 534 0 40 305 333 178 905 683 650 426 588 475 203 41 628 713 940 845 374 709 421 527 601 783 31 219 867 335 33 658 515 279 452 591 536 462 21 359 785 199 716 746 437 192 151 847 47 69 945 880 63 687 824 858 299 931 296 995 915 315 456 229 916 92 491 708 795 715 799 405 433 430 722 404 56 
436 567 281 978 925 757 40 0 73 362 422 784 453 961 425 507 749 77 672 546 157 856 92 227 213 782 864 717 594 893 229 717 186 359 502 249 32 513 738 137 534 949 923 346 622 454 734 302 744 350 266 24 651 937 862 104 563 941 410 554 310 763 411 606 92 180 562 440 79 700 660 655 402 591 552 35 27 713 213 931 
832 660 865 954 484 454 305 73 0 175 851 376 425 313 242 166 936 548 60 69 184 275 159 315 359 994 727 3 431 849 383 661 223 685 571 867 228 454 185 357 284 695 715 888 429 638 663 257 988 349 411 703 104 464 582 95 536 676 423 189 337 892 846 123 779 768 841 956 697 435 317 193 639 729 789 113 359 478 297 541 
163 361 611 157 594 979 333 362 175 0 201 469 892 423 693 529 603 93 116 610 894 934 464 825 784 783 228 124 720 107 49 934 613 89 796 620 728 589 95 62 727 153 139 600 523 115 700 557 392 809 359 94 586 696 312 259 802 926 557 151 609 895 133 595 813 131 304 762 451 72 898 561 528 971 530 689 957 505 456 900 
356 842 468 23 94 465 178 422 851 201 0 638 39 745 959 752 864 782 743 238 702 410 696 561 17 983 860 988 765 554 546 805 910 920 165 565 100 846 800 347 646 605 899 16 89 777 987 541 819 176 360 442 921 709 698 325 263 226 763 59 990 921 275 91 271 791 995 156 439 356 235 39 70 130 826 648 562 130 287 126 
738 891 374 811 93 609 905 784 376 469 638 0 626 876 939 262 916 578 367 345 236 238 638 151 850 423 786 594 30 575 126 949 337 965 270 921 617 579 951 870 485 174 463 428 323 957 528 79 501 402 117 362 803 232 522 561 189 157 957 108 285 954 811 880 12 617 149 54 806 214 565 304 484 308 389 13 459 402 606 971 
882 584 203 794 456 697 683 453 425 892 39 626 0 52 942 437 60 518 300 25 904 854 925 232 998 977 519 410 927 805 698 349 622 151 263 89 582 525 934 366 175 128 972 409 280 771 711 302 16 418 138 186 224 265 880 677 854 47 651 197 291 50 465 799 323 115 223 890 356 625 837 210 895 730 90 410 367 125 481 909 
988 629 628 95 300 591 650 961 313 423 745 876 52 0 961 649 38 305 470 88 203 90 521 245 134 780 477 560 341 639 808 610 522 961 365 776 505 643 307 491 561 525 134 209 732 195 745 424 6 173 53 307 166 57 685 541 125 384 914 334 603 442 744 915 231 123 847 86 511 756 991 423 672 762 423 45 359 282 941 108 
377 507 309 466 426 193 426 425 242 693 959 939 942 961 0 564 473 305 914 412 696 955 73 467 96 439 313 574 333 254 378 382 492 198 434 596 735 881 302 662 926 821 414 655 131 107 782 800 498 91 302 37 986 441 832 667 134 280 539 689 465 648 196 804 441 265 229 293 986 175 435 436 680 139 420 324 204 224 652 392 
264 828 950 673 498 280 588 507 166 529 752 262 437 649 564 0 287 40 231 828 706 47 818 884 820 152 604 821 781 20 116 296 555 421 69 966 432 636 228 205 580 603 327 671 727 415 373 805 814 249 826 907 754 188 420 765 131 74 321 869 245 529 931 45 116 483 961 252 61 87 450 927 173 135 6 438 724 842 912 798 
554 586 331 836 699 83 475 749 936 603 864 916 60 38 473 287 0 592 300 972 672 915 311 787 905 767 251 406 430 471 432 115 911 162 186 56 890 390 333 350 758 807 477 831 545 999 737 825 199 960 796 257 858 982 334 556 245 84 522 417 877 279 617 766 896 433 585 772 325 262 5 210 657 456 986 836 725 509 915 835 
490 969 644 750 444 79 203 77 548 93 782 578 518 305 305 40 592 0 207 580 757 125 443 51 163 490 586 681 227 727 111 525 177 827 421 234 184 917 687 537 657 836 831 347 587 172 835 500 913 681 239 775 154 173 332 557 957 631 84 698 360 195 706 358 366 322 52 981 64 45 845 378 550 163 771 534 451 267 361 184 
599 722 29 444 599 640 41 672 60 116 743 367 300 470 914 231 300 207 0 179 862 862 892 269 230 670 700 164 266 742 200 188 655 477 711 414 127 86 275 307 586 199 281 282 98 821 178 811 443 333 179 221 764 542 892 135 519 810 397 395 845 44 310 632 106 66 951 495 761 182 72 252 501 291 519 12 284 429 586 391 
832 298 447 425 663 93 628 546 69 610 238 345 25 88 412 828 972 580 179 0 548 625 223 970 482 345 966 264 485 759 58 936 655 650 573 212 524 951 363 850 69 784 372 431 244 460 601 421 917 877 683 107 110 373 680 236 480 399 802 228 545 947 251 92 902 164 298 748 771 957 911 436 629 292 71 453 273 719 498 286 
58 202 497 193 233 189 713 157 184 894 702 236 904 203 696 706 672 757 862 548 0 202 242 822 248 450 452 740 178 76 552 369 527 994 652 280 329 100 606 461 593 216 214 255 610 914 445 784 809 198 185 412 772 743 552 192 156 636 248 555 789 949 758 688 264 303 159 522 155 258 939 481 14 239 504 334 547 933 503 399 
988 643 63 248 552 575 940 856 275 934 410 238 854 90 955 47 915 125 862 625 202 0 319 497 260 343 200 971 928 981 977 141 223 110 796 89 662 757 411 917 472 812 982 672 227 285 518 766 940 489 438 156 701 179 35 546 391 753 16 633 612 587 849 410 217 901 461 397 19 272 378 527 162 234 430 537 56 601 564 307 
348 577 47 766 718 646 845 92 159 464 696 638 925 521 73 818 311 443 892 223 242 319 0 917 652 600 384 974 310 880 88 869 115 708 630 24 824 516 217 765 799 151 876 520 674 344 391 40 23 158 821 984 424 499 582 443 798 821 782 195 724 77 692 326 786 509 89 684 567 100 655 494 87 187 607 135 989 414 103 42 
605 92 193 723 66 405 374 227 315 825 561 151 232 245 467 884 787 51 269 970 822 497 917 0 541 689 265 152 705 758 481 242 287 778 103 729 54 207 640 538 502 450 288 267 100 893 697 229 137 837 231 86 290 885 531 344 222 691 35 466 616 468 69 914 206 776 790 997 977 530 171 857 481 594 850 540 557 59 342 150 
128 67 303 638 430 176 709 213 359 784 17 850 998 134 96 820 905 163 230 482 248 260 652 541 0 494 855 161 641 328 38 200 220 154 631 233 197 323 495 32 218 751 395 578 624 412 770 581 348 501 29 136 154 901 62 872 437 397 983 847 196 157 105 736 825 863 444 334 651 357 738 431 273 103 843 819 250 653 183 551 
17 51 476 845 986 111 421 782 994 783 983 423 977 780 439 152 767 490 670 345 450 343 600 689 494 0 505 315 65 263 679 30 41 267 70 686 693 799 163 466 512 54 23 904 197 426 9 729 930 285 286 326 969 936 891 92 528 684 569 570 292 73 883 746 123 696 698 147 609 744 185 81 561 831 481 496 945 56 492 487 
171 679 160 641 835 279 527 864 727 228 860 786 519 477 313 604 251 586 700 966 452 200 384 265 855 505 0 783 381 535 108 218 701 607 553 206 228 35 139 606 170 550 492 461 811 519 707 846 336 126 749 738 474 304 139 932 891 347 785 782 366 374 847 245 559 472 489 70 617 343 379 946 803 246 615 551 755 770 598 497 
233 443 15 228 249 760 601 717 3 124 988 594 410 560 574 821 406 681 164 264 740 971 974 152 161 315 783 0 939 321 579 923 174 675 800 887 204 285 193 548 358 238 935 331 702 70 521 887 30 819 40 15 170 44 811 201 612 499 776 723 142 247 527 746 392 538 6 183 960 304 775 698 324 583 282 689 41 42 296 968 
359 835 387 741 87 834 783 594 431 720 765 30 927 341 333 781 430 227 266 485 178 928 310 705 641 65 381 939 0 600 375 644 683 385 374 392 208 515 720 179 501 488 575 349 68 586 895 499 2 499 490 10 846 458 878 740 661 249 780 927 392 461 273 746 684 407 673 707 338 574 859 156 807 387 984 376 961 841 573 55 
338 595 919 878 961 462 31 893 849 107 554 575 805 639 254 20 471 727 742 759 76 981 880 758 328 263 535 321 600 0 285 592 677 805 42 63 959 640 399 845 94 81 973 849 711 194 298 707 364 176 300 143 221 587 4 863 458 920 266 519 367 307 862 475 32 218 91 530 170 6 283 506 457 556 681 759 293 607 380 553 
785 970 569 841 372 564 219 229 383 49 546 126 698 808 378 116 432 111 200 58 552 977 88 481 38 679 108 579 375 285 0 257 982 786 190 917 452 153 251 560 143 730 256 372 756 2 704 957 624 472 61 258 704 153 822 718 228 696 903 313 740 562 158 432 953 800 528 551 479 694 524 53 28 771 724 426 626 129 556 274 
713 980 845 423 823 539 867 717 661 934 805 949 349 610 382 296 115 525 188 936 369 141 869 242 200 30 218 923 644 592 257 0 857 704 318 217 584 815 323 495 502 692 476 800 280 491 404 593 143 692 885 152 659 40 469 426 144 977 788 111 642 699 98 309 553 239 47 525 105 627 808 923 441 661 361 741 65 331 756 126 
717 947 868 426 598 559 335 186 223 613 910 337 622 522 492 555 911 177 655 655 527 223 115 287 220 41 701 174 683 677 982 857 0 256 588 754 622 694 987 508 91 42 817 111 509 328 981 449 440 549 833 181 792 325 715 144 812 445 732 363 185 252 861 181 957 906 370 860 437 378 931 573 103 334 794 472 789 194 46 830 
620 472 705 84 989 940 33 359 685 89 920 965 151 961 198 421 162 827 477 650 994 110 708 778 154 267 607 675 385 805 786 704 256 0 138 902 614 356 137 1000 227 170 193 816 963 994 61 529 686 296 421 560 552 596 51 356 242 73 108 606 734 561 631 502 550 877 62 977 710 591 981 829 994 84 67 837 235 481 137 965 
744 459 426 118 286 99 658 502 571 796 165 270 263 365 434 69 186 421 711 573 652 796 630 103 631 70 553 800 374 42 190 318 588 138 0 164 47 79 826 341 966 379 8 462 481 745 576 449 455 483 327 533 52 812 219 126 174 87 909 931 291 618 768 96 531 65 413 425 84 685 735 892 529 526 436 176 335 366 665 603 
965 211 749 453 132 525 515 249 867 620 565 921 89 776 596 966 56 234 414 212 280 89 24 729 233 686 206 887 392 63 917 217 754 902 164 0 348 579 388 617 384 180 365 192 208 179 441 742 245 217 476 445 538 964 933 115 231 55 891 571 318 69 614 268 555 624 772 37 662 129 771 96 990 979 795 158 261 509 254 887 
497 352 985 652 117 550 279 32 228 728 100 617 582 505 735 432 890 184 127 524 329 662 824 54 197 693 228 204 208 959 452 584 622 614 47 348 0 333 619 475 618 566 694 274 312 210 510 466 946 159 214 319 42 187 661 323 192 89 368 813 415 688 611 182 546 312 756 715 298 521 46 3 619 495 158 517 431 725 421 446 
150 532 294 929 473 715 452 513 454 589 846 579 525 643 881 636 390 917 86 951 100 757 516 207 323 799 35 285 515 640 153 815 694 356 79 579 333 0 113 30 323 547 394 798 180 12 570 634 639 141 859 286 990 813 523 685 533 455 252 343 913 641 570 963 819 167 41 263 610 439 354 649 476 929 68 5 484 374 983 742 
985 586 587 235 231 175 591 738 185 95 800 951 934 307 302 228 333 687 275 363 606 411 217 640 495 163 139 193 720 399 251 323 987 137 826 388 619 113 0 276 131 212 13 762 239 383 578 847 596 896 99 955 636 718 17 696 918 430 431 896 850 672 747 710 99 889 788 6 8 44 223 344 627 92 201 88 646 555 205 145 
750 225 61 562 168 29 536 137 357 62 347 870 366 491 662 205 350 537 307 850 461 917 765 538 32 466 606 548 179 845 560 495 508 1000 341 617 475 30 276 0 947 696 628 395 815 751 324 312 508 400 981 14 976 376 333 90 277 452 663 864 253 924 333 595 574 351 405 470 66 920 357 389 505 735 979 697 338 203 885 709 
139 288 95 388 959 935 462 534 284 727 646 485 175 561 926 580 758 657 586 69 593 472 799 502 218 512 170 358 501 94 143 502 91 227 966 384 618 323 131 947 0 829 367 444 918 956 476 619 220 424 49 947 348 872 196 72 289 761 622 801 894 854 161 172 53 156 475 643 298 232 800 83 190 699 63 505 999 922 644 315 
20 776 969 888 516 225 21 949 695 153 605 174 128 525 821 603 807 836 199 784 216 812 151 450 751 54 550 238 488 81 730 692 42 170 379 180 566 547 212 696 829 0 261 913 19 405 820 496 237 287 617 857 683 265 914 24 723 719 795 258 478 486 391 17 271 31 782 243 747 347 873 720 748 981 875 876 663 429 428 431 
349 574 62 876 313 442 359 923 715 139 899 463 972 134 414 327 477 831 281 372 214 982 876 288 395 23 492 935 575 973 256 476 817 193 8 365 694 394 13 628 367 261 0 832 332 808 377 196 552 613 722 27 317 793 902 713 870 142 176 629 467 68 85 987 258 629 210 2 14 188 520 923 818 463 23 549 170 651 164 883 
709 452 320 800 474 296 785 346 888 600 16 428 409 209 655 671 831 347 282 431 255 672 520 267 578 904 461 331 349 849 372 800 111 816 462 192 274 798 762 395 444 913 832 0 746 946 219 760 64 760 327 726 353 345 986 149 903 200 669 370 273 884 60 83 825 287 474 353 612 874 518 698 86 239 500 796 631 185 961 2 
970 146 278 199 486 669 199 622 429 523 89 323 280 732 131 727 545 587 98 244 610 227 674 100 624 197 811 702 68 711 756 280 509 963 481 208 312 180 239 815 918 19 332 746 0 471 694 470 758 696 425 382 53 490 262 845 704 468 507 491 489 140 984 562 839 675 432 498 297 783 786 634 533 852 226 875 414 903 808 93 
844 258 553 58 623 786 716 454 638 115 777 957 771 195 107 415 999 172 821 460 914 285 344 893 412 426 519 70 586 194 2 491 328 994 745 179 210 12 383 751 956 405 808 946 471 0 315 850 452 837 78 549 463 158 79 3 393 602 836 44 589 964 934 662 70 283 648 854 873 273 748 911 461 161 813 449 734 205 75 9 
637 314 988 230 117 665 746 734 663 700 987 528 711 745 782 373 737 835 178 601 445 518 391 697 770 9 707 521 895 298 704 404 981 61 576 441 510 570 578 324 476 820 377 219 694 315 0 454 438 930 461 870 61 708 700 314 33 460 280 514 946 440 137 617 732 896 854 612 956 102 163 941 462 559 789 251 71 170 358 384 
685 33 671 16 682 840 437 302 257 557 541 79 302 424 800 805 825 500 811 421 784 766 40 229 581 729 846 887 499 707 957 593 449 529 449 742 466 634 847 312 619 496 196 760 470 850 454 0 918 777 157 73 646 724 199 997 603 572 407 811 79 342 356 798 413 92 707 286 283 969 106 927 356 559 901 366 416 323 393 215 
