10 3
0 574 433 516 753 90 943 104 862 476 
574 0 73 813 412 449 566 465 464 571 
433 73 0 822 210 981 330 25 206 464 
516 813 822 0 245 943 990 689 483 409 
753 412 210 245 0 370 902 776 346 503 
90 449 981 943 370 0 345 945 607 491 
943 566 330 990 902 345 0 220 317 999 
104 465 25 689 776 945 220 0 508 685 
862 464 206 483 346 607 317 508 0 86 
476 571 464 409 503 491 999 685 86 0 
0 574 497 558 351 623 609 124 145 276 
574 0 116 937 607 696 614 483 900 661 
497 116 0 256 778 707 708 136 349 382 
558 937 256 0 569 262 476 579 32 212 
351 607 778 569 0 432 645 867 662 225 
623 696 707 262 432 0 45 980 682 493 
609 614 708 476 645 45 0 644 126 88 
124 483 136 579 867 980 644 0 915 793 
145 900 349 32 662 682 126 915 0 423 
276 661 382 212 225 493 88 793 423 0 
0 624 623 606 293 600 503 131 39 475 
624 0 104 895 733 789 665 634 715 456 
623 104 0 237 808 725 695 261 378 299 
606 895 237 0 579 354 474 496 69 206 
293 733 808 579 0 575 652 926 361 252 
600 789 725 354 575 0 6 1000 694 459 
503 665 695 474 652 6 0 741 232 49 
131 634 261 496 926 1000 741 0 780 877 
39 715 378 69 361 694 232 780 0 525 
475 456 299 206 252 459 49 877 525 0 
0 614 751 731 402 676 684 83 66 150 
614 0 197 760 661 483 630 567 650 535 
751 197 0 307 556 745 495 156 365 413 
731 760 307 0 557 229 222 587 85 94 
402 661 556 557 0 156 492 908 803 91 
676 483 745 229 156 0 29 991 732 454 
684 630 495 222 492 29 0 481 236 185 
83 567 156 587 908 991 481 0 976 725 
66 650 365 85 803 732 236 976 0 502 
150 535 413 94 91 454 185 725 502 0 
