10 4
0 166 345 551 958 93 183 557 623 581 
166 0 397 933 809 709 408 200 204 698 
345 397 0 256 703 322 572 856 70 599 
551 933 256 0 151 944 619 51 938 656 
958 809 703 151 0 368 896 785 592 878 
93 709 322 944 368 0 14 818 852 998 
183 408 572 619 896 14 0 164 434 102 
557 200 856 51 785 818 164 0 147 715 
623 204 70 938 592 852 434 147 0 215 
581 698 599 656 878 998 102 715 215 0 
0 474 341 661 482 767 562 1 247 447 
474 0 826 580 359 668 867 819 514 476 
341 826 0 40 932 502 243 737 907 531 
661 580 40 0 425 835 177 622 915 5 
482 359 932 425 0 500 690 361 810 390 
767 668 502 835 500 0 182 780 368 75 
562 867 243 177 690 182 0 832 757 513 
1 819 737 622 361 780 832 0 505 847 
247 514 907 915 810 368 757 505 0 45 
447 476 531 5 390 75 513 847 45 0 
0 362 722 680 74 539 318 496 295 103 
362 0 144 426 628 876 32 315 406 949 
722 144 0 826 368 854 853 1 138 330 
680 426 826 0 464 120 868 435 92 456 
74 628 368 464 0 350 136 702 544 652 
539 876 854 120 350 0 735 181 604 784 
318 32 853 868 136 735 0 291 330 792 
496 315 1 435 702 181 291 0 339 306 
295 406 138 92 544 604 330 339 0 128 
103 949 330 456 652 784 792 306 128 0 
0 434 623 656 468 25 652 589 571 742 
434 0 243 120 665 182 431 352 693 680 
623 243 0 530 304 647 922 351 296 585 
656 120 530 0 94 238 645 866 345 813 
468 665 304 94 0 611 126 841 206 24 
25 182 647 238 611 0 782 189 925 758 
652 431 922 645 126 782 0 699 296 647 
589 352 351 866 841 189 699 0 636 201 
571 693 296 345 206 925 296 636 0 85 
742 680 585 813 24 758 647 201 85 0 
0 186 168 77 841 144 260 974 913 380 
186 0 459 120 454 521 74 630 960 994 
168 459 0 983 19 459 868 76 106 311 
77 120 983 0 898 35 943 586 185 636 
841 454 19 898 0 885 72 945 457 320 
144 521 459 35 885 0 888 462 600 826 
260 74 868 943 72 888 0 47 533 562 
974 630 76 586 945 462 47 0 657 251 
913 960 106 185 457 600 533 657 0 308 
380 994 311 636 320 826 562 251 308 0 
