15 3
0 804 349 316 58 173 524 871 526 86 230 876 883 529 989 
804 0 958 868 517 384 508 963 410 317 500 635 899 882 229 
349 958 0 252 805 900 735 828 699 221 179 715 576 25 124 
316 868 252 0 75 118 827 455 641 494 24 781 722 628 835 
58 517 805 75 0 600 714 60 126 268 56 156 278 364 608 
173 384 900 118 600 0 104 82 327 57 495 125 147 916 363 
524 508 735 827 714 104 0 367 814 492 810 765 952 477 15 
871 963 828 455 60 82 367 0 282 288 10 746 19 296 785 
526 410 699 641 126 327 814 282 0 912 700 229 32 662 567 
86 317 221 494 268 57 492 288 912 0 430 76 247 805 283 
230 500 179 24 56 495 810 10 700 430 0 954 96 864 122 
876 635 715 781 156 125 765 746 229 76 954 0 668 396 213 
883 899 576 722 278 147 952 19 32 247 96 668 0 590 553 
529 882 25 628 364 916 477 296 662 805 864 396 590 0 554 
989 229 124 835 608 363 15 785 567 283 122 213 553 554 0 
0 235 424 229 214 589 710 216 642 466 371 737 796 367 346 
235 0 103 113 807 195 448 536 371 44 824 395 419 959 440 
424 103 0 895 760 97 736 223 368 675 113 596 284 710 921 
229 113 895 0 634 728 100 748 189 846 481 251 588 288 345 
214 807 760 634 0 341 200 188 188 302 806 499 355 12 903 
589 195 97 728 341 0 598 165 70 98 70 878 639 707 531 
710 448 736 100 200 598 0 210 919 935 947 937 122 961 821 
216 536 223 748 188 165 210 0 694 421 770 298 540 216 691 
642 371 368 189 188 70 919 694 0 41 168 441 910 57 500 
466 44 675 846 302 98 935 421 41 0 556 164 944 771 875 
371 824 113 481 806 70 947 770 168 556 0 206 539 674 390 
737 395 596 251 499 878 937 298 441 164 206 0 177 754 912 
796 419 284 588 355 639 122 540 910 944 539 177 0 117 113 
367 959 710 288 12 707 961 216 57 771 674 754 117 0 540 
346 440 921 345 903 531 821 691 500 875 390 912 113 540 0 
0 527 251 333 135 152 491 8 911 484 611 955 359 323 724 
527 0 475 168 346 909 262 410 335 468 749 222 410 842 755 
251 475 0 321 550 408 989 413 177 105 648 176 55 730 774 
333 168 321 0 849 985 487 719 94 219 334 278 313 325 798 
135 346 550 849 0 85 833 196 321 718 557 85 383 152 994 
152 909 408 985 85 0 522 155 40 489 316 588 892 666 445 
491 262 989 487 833 522 0 31 880 301 731 763 227 726 342 
8 410 413 719 196 155 31 0 172 684 305 21 883 78 227 
911 335 177 94 321 40 880 172 0 290 340 173 610 27 955 
484 468 105 219 718 489 301 684 290 0 751 829 890 769 839 
611 749 648 334 557 316 731 305 340 751 0 266 348 432 152 
955 222 176 278 85 588 763 21 173 829 266 0 51 721 974 
359 410 55 313 383 892 227 883 610 890 348 51 0 464 389 
323 842 730 325 152 666 726 78 27 769 432 721 464 0 766 
724 755 774 798 994 445 342 227 955 839 152 974 389 766 0 
0 281 508 959 457 431 375 696 432 199 208 841 667 266 234 
281 0 106 312 747 25 321 310 925 360 709 751 640 455 512 
508 106 0 702 408 64 515 255 530 267 646 854 113 695 689 
959 312 702 0 865 356 117 229 261 853 385 157 700 304 385 
457 747 408 865 0 327 648 267 602 40 498 723 95 67 923 
431 25 64 356 327 0 732 622 551 165 20 893 77 806 501 
375 321 515 117 648 732 0 536 926 982 850 400 360 217 579 
696 310 255 229 267 622 536 0 958 575 828 327 769 524 989 
432 925 530 261 602 551 926 958 0 223 124 794 552 41 446 
199 360 267 853 40 165 982 575 223 0 681 608 945 746 590 
208 709 646 385 498 20 850 828 124 681 0 372 934 342 602 
841 751 854 157 723 893 400 327 794 608 372 0 458 609 552 
667 640 113 700 95 77 360 769 552 945 934 458 0 586 365 
266 455 695 304 67 806 217 524 41 746 342 609 586 0 531 
234 512 689 385 923 501 579 989 446 590 602 552 365 531 0 
