40 3
0 245 317 815 558 51 706 615 555 805 327 574 796 899 294 726 240 558 466 827 470 771 788 579 719 189 536 388 212 374 1000 418 630 160 916 685 156 242 577 628 
245 0 508 408 948 363 558 1 239 934 562 947 952 431 242 245 280 746 647 363 75 104 399 165 488 127 689 571 120 603 47 111 156 88 347 403 548 664 461 721 
317 508 0 325 724 397 934 285 71 399 909 463 483 880 833 510 449 437 242 594 907 90 800 509 622 967 712 852 906 419 703 245 708 474 282 750 579 480 31 437 
815 408 325 0 491 848 292 329 594 84 312 272 970 245 900 296 860 820 740 404 866 735 177 555 152 741 259 860 414 476 338 333 912 422 844 175 601 610 469 39 
558 948 724 491 0 369 948 352 602 743 861 41 26 505 830 402 241 856 84 676 355 369 197 692 162 973 443 365 171 218 479 395 984 722 598 421 496 65 363 580 
51 363 397 848 369 0 981 750 276 712 22 437 769 109 661 677 498 439 559 410 899 833 327 296 499 169 302 789 334 114 319 41 310 312 881 2 16 10 141 774 
706 558 934 292 948 981 0 282 682 584 551 79 447 885 348 173 190 957 687 237 786 494 216 485 553 553 597 251 865 234 479 974 139 810 197 124 353 116 46 520 
615 1 285 329 352 750 282 0 456 193 565 964 751 189 515 567 558 803 943 358 556 376 173 575 207 616 118 135 279 606 153 503 400 222 521 860 368 264 302 942 
555 239 71 594 602 276 682 456 0 512 156 308 49 886 507 581 586 953 269 519 8 45 351 919 321 538 280 483 695 965 517 79 231 13 29 417 242 991 567 390 
805 934 399 84 743 712 584 193 512 0 581 222 116 663 536 314 692 170 690 664 887 134 241 166 50 621 623 118 629 728 954 446 476 645 226 43 1000 363 216 505 
327 562 909 312 861 22 551 565 156 581 0 783 303 459 961 526 840 301 757 304 410 165 1 426 255 279 665 707 156 299 342 104 559 182 572 131 449 644 55 971 
574 947 463 272 41 437 79 964 308 222 783 0 366 903 443 904 24 184 413 429 518 462 849 808 431 903 979 743 14 686 652 920 683 652 652 214 587 246 428 196 
796 952 483 970 26 769 447 751 49 116 303 366 0 805 856 672 548 24 340 591 528 214 91 757 484 705 860 86 864 194 763 893 260 272 183 168 234 141 740 540 
899 431 880 245 505 109 885 189 886 663 459 903 805 0 780 42 620 480 488 307 71 312 884 399 879 707 994 774 314 251 826 161 853 359 784 83 867 70 297 616 
294 242 833 900 830 661 348 515 507 536 961 443 856 780 0 833 430 283 731 705 127 909 51 556 983 626 522 725 278 586 162 850 459 492 714 404 116 741 936 439 
726 245 510 296 402 677 173 567 581 314 526 904 672 42 833 0 972 763 37 375 74 598 567 33 107 179 791 671 341 340 536 149 687 77 22 483 715 359 857 534 
240 280 449 860 241 498 190 558 586 692 840 24 548 620 430 972 0 666 937 711 24 404 833 569 621 166 637 598 630 912 433 677 617 45 138 615 455 505 339 66 
558 746 437 820 856 439 957 803 953 170 301 184 24 480 283 763 666 0 328 558 857 146 778 368 594 633 824 308 691 545 706 855 716 669 348 211 296 140 962 439 
466 647 242 740 84 559 687 943 269 690 757 413 340 488 731 37 937 328 0 136 147 61 972 99 396 471 947 534 571 656 47 8 695 849 154 51 996 409 274 900 
827 363 594 404 676 410 237 358 519 664 304 429 591 307 705 375 711 558 136 0 545 287 769 907 947 574 955 439 848 713 444 925 55 223 957 240 134 481 328 226 
470 75 907 866 355 899 786 556 8 887 410 518 528 71 127 74 24 857 147 545 0 723 514 579 837 881 113 186 271 280 670 964 175 597 793 130 952 156 401 563 
771 104 90 735 369 833 494 376 45 134 165 462 214 312 909 598 404 146 61 287 723 0 776 306 233 51 600 745 230 711 450 687 564 714 737 51 926 792 964 870 
788 399 800 177 197 327 216 173 351 241 1 849 91 884 51 567 833 778 972 769 514 776 0 334 894 660 506 563 290 213 144 158 654 878 300 979 213 613 908 211 
579 165 509 555 692 296 485 575 919 166 426 808 757 399 556 33 569 368 99 907 579 306 334 0 25 239 410 262 243 768 419 841 359 343 663 634 638 666 67 302 
719 488 622 152 162 499 553 207 321 50 255 431 484 879 983 107 621 594 396 947 837 233 894 25 0 449 164 549 187 125 218 846 400 649 649 300 469 351 145 182 
189 127 967 741 973 169 553 616 538 621 279 903 705 707 626 179 166 633 471 574 881 51 660 239 449 0 231 930 820 971 26 447 500 927 555 113 741 35 938 365 
536 689 712 259 443 302 597 118 280 623 665 979 860 994 522 791 637 824 947 955 113 600 506 410 164 231 0 814 229 299 878 684 161 814 516 62 391 70 966 715 
388 571 852 860 365 789 251 135 483 118 707 743 86 774 725 671 598 308 534 439 186 745 563 262 549 930 814 0 505 363 816 306 495 115 601 816 404 100 681 189 
212 120 906 414 171 334 865 279 695 629 156 14 864 314 278 341 630 691 571 848 271 230 290 243 187 820 229 505 0 137 194 614 126 672 321 801 555 818 245 102 
374 603 419 476 218 114 234 606 965 728 299 686 194 251 586 340 912 545 656 713 280 711 213 768 125 971 299 363 137 0 332 462 476 662 706 266 971 149 705 307 
1000 47 703 338 479 319 479 153 517 954 342 652 763 826 162 536 433 706 47 444 670 450 144 419 218 26 878 816 194 332 0 248 244 6 582 567 908 867 352 28 
418 111 245 333 395 41 974 503 79 446 104 920 893 161 850 149 677 855 8 925 964 687 158 841 846 447 684 306 614 462 248 0 300 49 988 669 228 27 825 639 
630 156 708 912 984 310 139 400 231 476 559 683 260 853 459 687 617 716 695 55 175 564 654 359 400 500 161 495 126 476 244 300 0 906 272 136 980 625 540 624 
160 88 474 422 722 312 810 222 13 645 182 652 272 359 492 77 45 669 849 223 597 714 878 343 649 927 814 115 672 662 6 49 906 0 658 127 133 546 981 642 
916 347 282 844 598 881 197 521 29 226 572 652 183 784 714 22 138 348 154 957 793 737 300 663 649 555 516 601 321 706 582 988 272 658 0 614 466 235 946 955 
685 403 750 175 421 2 124 860 417 43 131 214 168 83 404 483 615 211 51 240 130 51 979 634 300 113 62 816 801 266 567 669 136 127 614 0 266 72 505 326 
156 548 579 601 496 16 353 368 242 1000 449 587 234 867 116 715 455 296 996 134 952 926 213 638 469 741 391 404 555 971 908 228 980 133 466 266 0 603 966 44 
242 664 480 610 65 10 116 264 991 363 644 246 141 70 741 359 505 140 409 481 156 792 613 666 351 35 70 100 818 149 867 27 625 546 235 72 603 0 37 650 
577 461 31 469 363 141 46 302 567 216 55 428 740 297 936 857 339 962 274 328 401 964 908 67 145 938 966 681 245 705 352 825 540 981 946 505 966 37 0 36 
628 721 437 39 580 774 520 942 390 505 971 196 540 616 439 534 66 439 900 226 563 870 211 302 182 365 715 189 102 307 28 639 624 642 955 326 44 650 36 0 
0 748 416 938 294 248 692 940 941 936 56 908 892 453 409 61 51 154 5 327 570 338 421 670 135 863 22 366 844 48 79 792 985 656 413 947 898 170 736 170 
748 0 844 813 882 807 620 983 762 224 386 13 546 367 154 344 198 424 885 183 848 724 792 619 113 266 311 812 706 857 825 276 629 886 789 262 473 495 379 221 
416 844 0 424 51 632 36 162 537 299 964 347 809 849 513 926 464 330 547 35 879 246 586 417 599 290 917 797 41 110 87 377 424 594 782 952 374 76 644 846 
938 813 424 0 87 262 710 122 459 921 819 934 368 949 95 890 495 589 200 45 298 754 405 542 360 797 444 649 875 30 485 473 651 284 968 525 337 248 872 339 
294 882 51 87 0 782 423 813 738 16 164 941 692 549 629 958 848 187 863 259 442 862 560 472 520 1000 268 788 599 931 32 997 862 451 396 513 3 462 103 987 
248 807 632 262 782 0 929 699 337 862 384 523 468 967 835 621 16 356 235 512 512 552 312 722 255 921 776 778 63 157 685 647 195 174 948 157 154 150 291 654 
692 620 36 710 423 929 0 283 284 58 992 378 393 414 285 871 240 229 106 813 912 831 292 5 593 729 747 152 806 776 261 234 659 193 39 785 928 53 466 961 
940 983 162 122 813 699 283 0 769 673 817 312 214 244 117 867 468 167 424 28 110 515 351 892 517 764 838 678 305 27 628 100 352 450 731 762 377 24 109 282 
941 762 537 459 738 337 284 769 0 201 340 407 14 435 691 340 329 471 3 674 839 438 541 929 281 128 436 511 666 271 93 3 574 66 105 469 357 26 689 530 
936 224 299 921 16 862 58 673 201 0 944 135 173 527 82 599 666 11 487 208 750 219 537 887 63 100 682 677 314 953 648 720 212 199 675 852 860 683 703 608 
56 386 964 819 164 384 992 817 340 944 0 412 198 817 23 769 523 126 765 469 714 538 915 439 390 239 623 540 116 48 852 877 134 826 818 684 311 923 282 1 
908 13 347 934 941 523 378 312 407 135 412 0 364 10 209 700 464 463 678 836 750 198 429 529 419 411 291 938 403 403 765 871 822 5 889 400 464 413 8 727 
892 546 809 368 692 468 393 214 14 173 198 364 0 843 516 12 683 359 227 318 119 892 85 400 54 607 950 908 538 456 81 866 481 175 392 944 362 731 494 923 
453 367 849 949 549 967 414 244 435 527 817 10 843 0 810 651 424 705 434 799 83 419 583 917 730 517 783 416 530 538 789 242 554 529 857 592 224 635 662 940 
409 154 513 95 629 835 285 117 691 82 23 209 516 810 0 525 580 541 533 904 799 623 634 87 502 942 846 622 500 922 944 21 640 33 841 998 223 740 257 207 
61 344 926 890 958 621 871 867 340 599 769 700 12 651 525 0 745 234 71 769 769 750 277 982 214 543 581 516 662 227 995 940 944 572 489 201 64 345 870 447 
51 198 464 495 848 16 240 468 329 666 523 464 683 424 580 745 0 551 556 463 987 32 704 984 343 248 506 895 325 458 927 647 816 663 877 345 223 728 890 649 
154 424 330 589 187 356 229 167 471 11 126 463 359 705 541 234 551 0 38 653 614 577 292 143 477 298 260 230 553 549 723 454 776 235 443 402 101 706 785 477 
5 885 547 200 863 235 106 424 3 487 765 678 227 434 533 71 556 38 0 822 324 2 872 919 488 707 34 938 814 226 225 563 429 386 768 740 367 227 466 739 
327 183 35 45 259 512 813 28 674 208 469 836 318 799 904 769 463 653 822 0 285 253 913 759 658 919 198 883 82 491 759 212 803 359 764 574 154 599 222 332 
570 848 879 298 442 512 912 110 839 750 714 750 119 83 799 769 987 614 324 285 0 340 559 176 713 618 701 115 964 730 814 176 332 222 881 607 520 309 998 73 
338 724 246 754 862 552 831 515 438 219 538 198 892 419 623 750 32 577 2 253 340 0 111 537 69 961 205 499 287 127 327 79 676 760 860 45 223 237 778 735 
421 792 586 405 560 312 292 351 541 537 915 429 85 583 634 277 704 292 872 913 559 111 0 885 923 357 774 845 557 239 607 608 450 106 996 532 207 908 445 903 
670 619 417 542 472 722 5 892 929 887 439 529 400 917 87 982 984 143 919 759 176 537 885 0 362 35 692 45 30 877 6 528 879 582 150 529 429 684 733 801 
135 113 599 360 520 255 593 517 281 63 390 419 54 730 502 214 343 477 488 658 713 69 923 362 0 600 459 270 123 951 998 605 453 620 321 152 407 991 367 714 
863 266 290 797 1000 921 729 764 128 100 239 411 607 517 942 543 248 298 707 919 618 961 357 35 600 0 460 421 179 279 54 779 644 527 312 893 446 785 327 51 
22 311 917 444 268 776 747 838 436 682 623 291 950 783 846 581 506 260 34 198 701 205 774 692 459 460 0 592 294 685 79 865 532 787 130 271 744 743 443 226 
366 812 797 649 788 778 152 678 511 677 540 938 908 416 622 516 895 230 938 883 115 499 845 45 270 421 592 0 470 916 898 657 582 624 558 105 43 10 410 104 
844 706 41 875 599 63 806 305 666 314 116 403 538 530 500 662 325 553 814 82 964 287 557 30 123 179 294 470 0 612 613 625 94 340 325 570 74 158 377 883 
48 857 110 30 931 157 776 27 271 953 48 403 456 538 922 227 458 549 226 491 730 127 239 877 951 279 685 916 612 0 746 495 818 6 448 107 176 847 889 622 
79 825 87 485 32 685 261 628 93 648 852 765 81 789 944 995 927 723 225 759 814 327 607 6 998 54 79 898 613 746 0 198 153 790 368 378 606 870 775 29 
792 276 377 473 997 647 234 100 3 720 877 871 866 242 21 940 647 454 563 212 176 79 608 528 605 779 865 657 625 495 198 0 993 248 184 576 627 2 368 166 
985 629 424 651 862 195 659 352 574 212 134 822 481 554 640 944 816 776 429 803 332 676 450 879 453 644 532 582 94 818 153 993 0 570 914 951 392 515 898 448 
656 886 594 284 451 174 193 450 66 199 826 5 175 529 33 572 663 235 386 359 222 760 106 582 620 527 787 624 340 6 790 248 570 0 470 221 911 620 820 662 
413 789 782 968 396 948 39 731 105 675 818 889 392 857 841 489 877 443 768 764 881 860 996 150 321 312 130 558 325 448 368 184 914 470 0 183 944 712 541 774 
947 262 952 525 513 157 785 762 469 852 684 400 944 592 998 201 345 402 740 574 607 45 532 529 152 893 271 105 570 107 378 576 951 221 183 0 798 319 819 762 
898 473 374 337 3 154 928 377 357 860 311 464 362 224 223 64 223 101 367 154 520 223 207 429 407 446 744 43 74 176 606 627 392 911 944 798 0 395 40 782 
170 495 76 248 462 150 53 24 26 683 923 413 731 635 740 345 728 706 227 599 309 237 908 684 991 785 743 10 158 847 870 2 515 620 712 319 395 0 556 572 
736 379 644 872 103 291 466 109 689 703 282 8 494 662 257 870 890 785 466 222 998 778 445 733 367 327 443 410 377 889 775 368 898 820 541 819 40 556 0 476 
170 221 846 339 987 654 961 282 530 608 1 727 923 940 207 447 649 477 739 332 73 735 903 801 714 51 226 104 883 622 29 166 448 662 774 762 782 572 476 0 
0 603 420 985 14 766 661 555 262 929 71 843 990 667 521 108 70 497 479 515 520 701 167 433 186 965 636 340 706 335 348 855 823 629 590 913 702 500 943 104 
603 0 739 719 934 712 587 713 955 153 440 7 597 857 821 95 392 569 773 416 705 440 316 550 410 775 645 584 442 899 251 407 896 827 566 360 455 323 217 372 
420 739 0 414 40 744 247 593 432 133 628 315 270 385 540 548 142 258 437 858 624 256 463 724 448 71 666 766 64 428 194 1 845 650 373 435 314 263 928 666 
985 719 414 0 261 45 512 220 6 824 630 755 674 795 109 818 508 65 767 195 816 764 549 484 608 513 263 934 857 216 83 667 402 658 848 795 162 276 897 264 
14 934 40 261 0 746 655 750 580 836 514 759 48 817 739 615 676 139 880 132 693 617 570 464 482 581 107 238 407 451 657 769 425 373 878 667 328 603 153 709 
766 712 744 45 746 0 861 756 389 524 702 309 608 611 666 825 760 286 413 245 840 615 202 554 430 782 469 434 230 222 981 435 472 185 809 12 149 621 230 62 
661 587 247 512 655 861 0 949 366 676 818 346 359 759 312 798 250 151 635 787 562 766 222 57 344 570 836 145 993 544 53 585 452 911 138 290 583 326 961 973 
555 713 593 220 750 756 949 0 249 818 818 510 318 708 83 639 542 548 492 243 598 299 344 795 375 945 350 954 71 253 555 160 925 569 790 306 562 437 635 879 
262 955 432 6 580 389 366 249 0 319 36 452 341 359 195 707 348 567 548 672 783 661 765 870 519 193 645 451 214 914 4 236 523 234 77 611 83 354 449 600 
929 153 133 824 836 524 676 818 319 0 615 80 33 792 96 730 806 275 15 432 748 868 808 713 141 775 244 719 784 558 712 566 715 499 181 480 311 936 906 474 
71 440 628 630 514 702 818 818 36 615 0 694 314 638 231 802 404 115 610 548 721 465 933 873 542 58 62 807 224 535 502 262 494 915 75 143 946 643 329 560 
843 7 315 755 759 309 346 510 452 80 694 0 115 212 437 806 99 482 903 957 916 532 46 706 392 386 432 934 440 339 29 708 683 15 556 659 951 441 508 595 
990 597 270 674 48 608 359 318 341 33 314 115 0 720 717 303 546 537 732 340 518 754 343 663 428 274 912 817 713 345 30 685 571 672 318 900 746 702 727 297 
667 857 385 795 817 611 759 708 359 792 638 212 720 0 940 898 631 545 642 902 229 295 316 926 742 247 932 385 350 552 320 363 801 251 121 302 12 911 648 420 
521 821 540 109 739 666 312 83 195 96 231 437 717 940 0 803 319 999 659 543 879 565 505 137 570 754 134 965 33 539 717 139 107 404 886 950 322 677 598 750 
108 95 548 818 615 825 798 639 707 730 802 806 303 898 803 0 812 589 182 997 986 973 504 979 29 782 946 636 359 651 850 912 670 129 480 753 315 389 631 578 
70 392 142 508 676 760 250 542 348 806 404 99 546 631 319 812 0 310 720 530 458 45 709 525 254 18 684 590 90 447 789 328 781 833 442 162 596 935 926 105 
497 569 258 65 139 286 151 548 567 275 115 482 537 545 999 589 310 0 370 859 437 878 286 27 553 44 94 222 713 86 605 84 285 332 136 104 312 768 955 738 
479 773 437 767 880 413 635 492 548 15 610 903 732 642 659 182 720 370 0 134 688 89 948 476 581 353 73 979 826 68 657 571 77 547 669 645 559 182 221 659 
515 416 858 195 132 245 787 243 672 432 548 957 340 902 543 997 530 859 134 0 678 137 807 785 622 918 302 761 645 968 855 486 208 151 516 573 353 368 257 626 
520 705 624 816 693 840 562 598 783 748 721 916 518 229 879 986 458 437 688 678 0 230 646 156 113 817 884 521 821 126 136 497 514 987 943 206 48 665 687 226 
701 440 256 764 617 615 766 299 661 868 465 532 754 295 565 973 45 878 89 137 230 0 512 499 413 646 391 524 42 281 175 57 342 434 280 125 305 394 949 562 
167 316 463 549 570 202 222 344 765 808 933 46 343 316 505 504 709 286 948 807 646 512 0 401 615 635 604 695 733 933 666 20 304 70 914 196 572 424 799 423 
433 550 724 484 464 554 57 795 870 713 873 706 663 926 137 979 525 27 476 785 156 499 401 0 424 129 440 133 481 648 146 647 786 734 755 769 17 211 434 878 
186 410 448 608 482 430 344 375 519 141 542 392 428 742 570 29 254 553 581 622 113 413 615 424 0 695 528 136 257 263 875 849 145 229 329 179 477 847 71 582 
965 775 71 513 581 782 570 945 193 775 58 386 274 247 754 782 18 44 353 918 817 646 635 129 695 0 336 679 102 967 95 382 825 172 223 596 609 748 541 460 
636 645 666 263 107 469 836 350 645 244 62 432 912 932 134 946 684 94 73 302 884 391 604 440 528 336 0 880 314 860 261 908 463 781 750 212 268 943 252 358 
340 584 766 934 238 434 145 954 451 719 807 934 817 385 965 636 590 222 979 761 521 524 695 133 136 679 880 0 39 815 751 805 955 177 392 859 482 125 236 251 
706 442 64 857 407 230 993 71 214 784 224 440 713 350 33 359 90 713 826 645 821 42 733 481 257 102 314 39 0 566 604 797 414 411 486 701 423 143 523 891 
335 899 428 216 451 222 544 253 914 558 535 339 345 552 539 651 447 86 68 968 126 281 933 648 263 967 860 815 566 0 570 602 533 128 128 424 167 753 988 406 
348 251 194 83 657 981 53 555 4 712 502 29 30 320 717 850 789 605 657 855 136 175 666 146 875 95 261 751 604 570 0 629 387 894 551 525 93 726 866 360 
855 407 1 667 769 435 585 160 236 566 262 708 685 363 139 912 328 84 571 486 497 57 20 647 849 382 908 805 797 602 629 0 790 550 561 637 209 198 177 175 
823 896 845 402 425 472 452 925 523 715 494 683 571 801 107 670 781 285 77 208 514 342 304 786 145 825 463 955 414 533 387 790 0 641 500 632 731 253 603 720 
629 827 650 658 373 185 911 569 234 499 915 15 672 251 404 129 833 332 547 151 987 434 70 734 229 172 781 177 411 128 894 550 641 0 822 895 600 236 893 314 
590 566 373 848 878 809 138 790 77 181 75 556 318 121 886 480 442 136 669 516 943 280 914 755 329 223 750 392 486 128 551 561 500 822 0 338 711 889 742 703 
913 360 435 795 667 12 290 306 611 480 143 659 900 302 950 753 162 104 645 573 206 125 196 769 179 596 212 859 701 424 525 637 632 895 338 0 895 212 723 345 
702 455 314 162 328 149 583 562 83 311 946 951 746 12 322 315 596 312 559 353 48 305 572 17 477 609 268 482 423 167 93 209 731 600 711 895 0 372 34 994 
500 323 263 276 603 621 326 437 354 936 643 441 702 911 677 389 935 768 182 368 665 394 424 211 847 748 943 125 143 753 726 198 253 236 889 212 372 0 620 533 
943 217 928 897 153 230 961 635 449 906 329 508 727 648 598 631 926 955 221 257 687 949 799 434 71 541 252 236 523 988 866 177 603 893 742 723 34 620 0 998 
104 372 666 264 709 62 973 879 600 474 560 595 297 420 750 578 105 738 659 626 226 562 423 878 582 460 358 251 891 406 360 175 720 314 703 345 994 533 998 0 
0 463 406 823 404 907 926 681 993 578 629 856 572 535 22 304 221 167 28 476 844 193 515 66 511 983 214 129 932 221 3 490 792 528 105 640 959 300 570 498 
463 0 891 678 480 874 749 582 992 270 342 172 807 547 208 4 27 713 886 65 917 708 337 839 46 529 349 555 727 19 628 977 453 274 887 439 434 807 253 269 
406 891 0 271 78 575 425 23 723 215 976 490 175 706 119 631 572 186 367 512 625 432 885 567 624 123 553 827 866 281 48 456 393 180 554 940 374 415 999 631 
823 678 271 0 439 19 991 509 766 763 341 723 593 877 673 695 421 737 335 444 13 845 492 742 191 833 881 453 629 306 230 840 652 81 179 6 504 323 611 315 
404 480 78 439 0 653 301 456 556 110 297 982 304 663 655 867 512 367 468 50 494 779 546 392 473 634 396 106 814 913 613 761 715 108 628 272 8 183 24 832 
907 874 575 19 653 0 487 952 98 526 361 261 918 840 692 897 521 591 406 375 396 988 270 89 885 915 904 688 526 290 585 220 306 14 838 131 477 93 266 431 
926 749 425 991 301 487 0 520 116 186 697 287 154 911 611 400 159 495 610 831 742 453 401 216 301 396 921 740 389 997 155 396 340 80 548 895 305 447 907 247 
681 582 23 509 456 952 520 0 561 808 894 9 97 295 236 867 689 58 939 361 8 23 112 438 464 748 622 679 521 388 550 375 757 351 948 355 96 322 466 906 
993 992 723 766 556 98 116 561 0 520 632 129 350 155 352 678 787 555 417 614 955 51 959 710 395 475 238 979 500 568 489 211 549 49 222 739 201 180 744 407 
578 270 215 763 110 526 186 808 520 0 898 102 261 422 69 745 497 220 642 138 498 324 115 746 450 145 207 755 309 481 605 158 469 1 698 424 714 502 790 254 
629 342 976 341 297 361 697 894 632 898 0 58 153 445 33 403 459 289 386 45 774 875 931 365 280 417 638 633 219 747 991 671 206 956 555 684 548 608 490 351 
856 172 490 723 982 261 287 9 129 102 58 0 461 471 14 471 450 252 197 622 757 198 258 994 947 144 794 391 660 188 989 276 94 103 870 902 630 913 443 561 
572 807 175 593 304 918 154 97 350 261 153 461 0 533 745 571 481 426 102 466 9 702 593 847 36 350 701 151 638 370 274 177 636 434 943 534 112 758 827 932 
535 547 706 877 663 840 911 295 155 422 445 471 533 0 469 911 424 795 982 986 581 541 288 610 607 800 768 428 768 46 893 696 758 576 990 665 211 763 734 257 
22 208 119 673 655 692 611 236 352 69 33 14 745 469 0 336 508 662 116 125 238 714 858 312 703 770 703 395 267 392 523 335 430 298 659 837 714 815 26 207 
304 4 631 695 867 897 400 867 678 745 403 471 571 911 336 0 821 669 141 951 812 720 919 738 67 851 991 677 562 64 947 730 885 191 292 512 201 795 574 89 
221 27 572 421 512 521 159 689 787 497 459 450 481 424 508 821 0 200 360 114 390 65 685 965 408 40 671 795 705 564 995 813 664 466 884 759 140 68 686 500 
167 713 186 737 367 591 495 58 555 220 289 252 426 795 662 669 200 0 441 75 489 501 494 92 714 182 410 764 772 618 530 254 300 751 893 332 721 359 810 692 
28 886 367 335 468 406 610 939 417 642 386 197 102 982 116 141 360 441 0 664 418 644 733 962 427 567 280 721 189 261 105 740 136 153 789 44 961 255 799 746 
476 65 512 444 50 375 831 361 614 138 45 622 466 986 125 951 114 75 664 0 519 771 327 513 653 613 409 822 600 165 673 26 850 328 346 230 280 326 941 171 
844 917 625 13 494 396 742 8 955 498 774 757 9 581 238 812 390 489 418 519 0 750 507 613 850 554 289 94 824 419 489 191 627 273 192 56 852 243 535 586 
193 708 432 845 779 988 453 23 51 324 875 198 702 541 714 720 65 501 644 771 750 0 415 428 282 647 31 804 434 89 814 344 610 876 185 495 481 447 448 439 
515 337 885 492 546 270 401 112 959 115 931 258 593 288 858 919 685 494 733 327 507 415 0 452 894 596 551 971 338 128 306 571 361 676 605 610 414 960 387 216 
66 839 567 742 392 89 216 438 710 746 365 994 847 610 312 738 965 92 962 513 613 428 452 0 733 374 748 249 6 624 54 123 885 445 486 514 702 880 244 752 
511 46 624 191 473 885 301 464 395 450 280 947 36 607 703 67 408 714 427 653 850 282 894 733 0 876 277 240 789 615 288 620 467 723 205 460 398 953 728 698 
983 529 123 833 634 915 396 748 475 145 417 144 350 800 770 851 40 182 567 613 554 647 596 374 876 0 182 620 15 457 53 534 354 806 334 858 15 923 687 370 
214 349 553 881 396 904 921 622 238 207 638 794 701 768 703 991 671 410 280 409 289 31 551 748 277 182 0 424 21 687 561 935 473 723 529 234 649 473 197 236 
129 555 827 453 106 688 740 679 979 755 633 391 151 428 395 677 795 764 721 822 94 804 971 249 240 620 424 0 89 771 565 733 575 352 16 276 206 489 752 215 
932 727 866 629 814 526 389 521 500 309 219 660 638 768 267 562 705 772 189 600 824 434 338 6 789 15 21 89 0 638 690 809 138 463 341 842 9 166 693 759 
221 19 281 306 913 290 997 388 568 481 747 188 370 46 392 64 564 618 261 165 419 89 128 624 615 457 687 771 638 0 482 31 888 248 279 389 541 648 939 350 
3 628 48 230 613 585 155 550 489 605 991 989 274 893 523 947 995 530 105 673 489 814 306 54 288 53 561 565 690 482 0 517 379 96 109 900 647 937 679 150 
490 977 456 840 761 220 396 375 211 158 671 276 177 696 335 730 813 254 740 26 191 344 571 123 620 534 935 733 809 31 517 0 658 250 575 909 4 223 107 437 
792 453 393 652 715 306 340 757 549 469 206 94 636 758 430 885 664 300 136 850 627 610 361 885 467 354 473 575 138 888 379 658 0 881 691 898 527 239 792 117 
528 274 180 81 108 14 80 351 49 1 956 103 434 576 298 191 466 751 153 328 273 876 676 445 723 806 723 352 463 248 96 250 881 0 722 637 711 285 357 155 
105 887 554 179 628 838 548 948 222 698 555 870 943 990 659 292 884 893 789 346 192 185 605 486 205 334 529 16 341 279 109 575 691 722 0 279 637 753 469 56 
640 439 940 6 272 131 895 355 739 424 684 902 534 665 837 512 759 332 44 230 56 495 610 514 460 858 234 276 842 389 900 909 898 637 279 0 388 214 864 766 
959 434 374 504 8 477 305 96 201 714 548 630 112 211 714 201 140 721 961 280 852 481 414 702 398 15 649 206 9 541 647 4 527 711 637 388 0 353 630 741 
300 807 415 323 183 93 447 322 180 502 608 913 758 763 815 795 68 359 255 326 243 447 960 880 953 923 473 489 166 648 937 223 239 285 753 214 353 0 638 300 
570 253 999 611 24 266 907 466 744 790 490 443 827 734 26 574 686 810 799 941 535 448 387 244 728 687 197 752 693 939 679 107 792 357 469 864 630 638 0 698 
498 269 631 315 832 431 247 906 407 254 351 561 932 257 207 89 500 692 746 171 586 439 216 752 698 370 236 215 759 350 150 437 117 155 56 766 741 300 698 0 
