5 4
0 771 544 977 248 
771 0 574 244 593 
544 574 0 691 433 
977 244 691 0 73 
248 593 433 73 0 
0 753 137 945 409 
753 0 330 862 685 
137 330 0 346 71 
945 862 346 0 625 
409 685 71 625 0 
0 248 864 56 592 
248 0 671 139 316 
864 671 0 655 930 
56 139 655 0 376 
592 316 930 376 0 
0 248 864 56 592 
248 0 671 139 316 
864 671 0 655 930 
56 139 655 0 376 
592 316 930 376 0 
0 248 864 56 592 
248 0 671 139 316 
864 671 0 655 930 
56 139 655 0 376 
592 316 930 376 0 
