15 2
0 804 349 316 58 173 524 871 526 86 230 876 883 529 989 
804 0 958 868 517 384 508 963 410 317 500 635 899 882 229 
349 958 0 252 805 900 735 828 699 221 179 715 576 25 124 
316 868 252 0 75 118 827 455 641 494 24 781 722 628 835 
58 517 805 75 0 600 714 60 126 268 56 156 278 364 608 
173 384 900 118 600 0 104 82 327 57 495 125 147 916 363 
524 508 735 827 714 104 0 367 814 492 810 765 952 477 15 
871 963 828 455 60 82 367 0 282 288 10 746 19 296 785 
526 410 699 641 126 327 814 282 0 912 700 229 32 662 567 
86 317 221 494 268 57 492 288 912 0 430 76 247 805 283 
230 500 179 24 56 495 810 10 700 430 0 954 96 864 122 
876 635 715 781 156 125 765 746 229 76 954 0 668 396 213 
883 899 576 722 278 147 952 19 32 247 96 668 0 590 553 
529 882 25 628 364 916 477 296 662 805 864 396 590 0 554 
989 229 124 835 608 363 15 785 567 283 122 213 553 554 0 
0 618 258 515 711 483 933 210 141 321 792 359 773 346 709 
618 0 566 860 760 249 254 736 211 950 726 383 304 637 514 
258 566 0 438 130 390 572 674 376 195 420 615 374 793 390 
515 860 438 0 87 294 698 498 93 408 737 131 580 587 607 
711 760 130 87 0 312 401 731 466 518 817 983 806 647 645 
483 249 390 294 312 0 256 594 434 263 596 898 27 975 63 
933 254 572 698 401 256 0 244 477 825 751 819 804 467 101 
210 736 674 498 731 594 244 0 340 709 432 958 416 903 552 
141 211 376 93 466 434 477 340 0 441 893 610 57 599 389 
321 950 195 408 518 263 825 709 441 0 503 847 30 821 556 
792 726 420 737 817 596 751 432 893 503 0 539 323 545 289 
359 383 615 131 983 898 819 958 610 847 539 0 921 60 924 
773 304 374 580 806 27 804 416 57 30 323 921 0 566 946 
346 637 793 587 647 975 467 903 599 821 545 60 566 0 821 
709 514 390 607 645 63 101 552 389 556 289 924 946 821 0 
0 347 724 415 254 451 115 816 871 844 320 646 212 605 261 
347 0 337 146 136 738 695 415 873 117 419 567 849 227 411 
724 337 0 388 825 704 534 223 597 930 495 457 645 37 849 
415 146 388 0 898 668 244 554 810 451 353 786 592 443 475 
254 136 825 898 0 558 498 359 517 390 250 40 236 163 359 
451 738 704 668 558 0 612 416 554 749 422 81 771 78 922 
115 695 534 244 498 612 0 716 608 301 217 319 74 616 868 
816 415 223 554 359 416 716 0 641 353 544 91 477 7 454 
871 873 597 810 517 554 608 641 0 444 64 377 974 500 530 
844 117 930 451 390 749 301 353 444 0 489 56 950 221 470 
320 419 495 353 250 422 217 544 64 489 0 543 569 427 531 
646 567 457 786 40 81 319 91 377 56 543 0 79 752 141 
212 849 645 592 236 771 74 477 974 950 569 79 0 615 95 
605 227 37 443 163 78 616 7 500 221 427 752 615 0 84 
261 411 849 475 359 922 868 454 530 470 531 141 95 84 0 
