30 3
0 256 896 102 966 87 881 831 280 747 147 143 982 233 338 988 406 197 604 172 278 687 292 833 820 100 966 657 295 392 
256 0 14 715 114 668 654 715 316 505 712 877 378 326 942 874 327 575 643 950 145 533 811 793 500 480 321 609 349 376 
896 14 0 215 99 445 779 994 937 939 376 696 4 736 620 694 230 472 438 77 478 336 103 218 903 15 500 965 425 79 
102 715 215 0 151 448 112 584 143 244 480 119 430 864 672 457 108 28 182 198 514 40 474 142 943 502 948 182 461 154 
966 114 99 151 0 941 312 698 80 80 174 998 833 563 889 853 384 881 73 621 848 554 702 762 896 445 651 229 741 122 
87 668 445 448 941 0 212 449 761 385 226 483 89 817 67 60 426 548 973 288 354 547 625 263 868 147 500 334 833 133 
881 654 779 112 312 212 0 140 583 750 993 944 826 969 536 858 231 823 430 414 473 632 811 70 234 147 950 66 867 786 
831 715 994 584 698 449 140 0 674 711 175 78 472 481 829 721 886 848 175 763 477 932 353 982 210 147 390 452 763 177 
280 316 937 143 80 761 583 674 0 501 334 402 857 183 164 657 692 958 566 556 882 567 301 576 853 354 567 210 47 108 
747 505 939 244 80 385 750 711 501 0 994 136 674 731 949 272 90 881 877 203 72 633 393 468 467 483 133 735 741 745 
147 712 376 480 174 226 993 175 334 994 0 875 399 935 555 252 482 123 499 584 168 198 153 354 767 79 116 700 969 880 
143 877 696 119 998 483 944 78 402 136 875 0 758 879 932 868 996 40 926 195 61 368 840 510 933 360 56 555 427 133 
982 378 4 430 833 89 826 472 857 674 399 758 0 776 207 463 512 315 312 1 482 697 74 414 462 938 319 507 976 219 
233 326 736 864 563 817 969 481 183 731 935 879 776 0 733 281 308 175 109 545 550 309 353 204 202 542 329 671 570 864 
338 942 620 672 889 67 536 829 164 949 555 932 207 733 0 200 661 112 496 405 893 644 19 959 431 274 854 463 72 356 
988 874 694 457 853 60 858 721 657 272 252 868 463 281 200 0 375 811 783 644 637 432 64 436 976 835 81 663 937 512 
406 327 230 108 384 426 231 886 692 90 482 996 512 308 661 375 0 471 138 100 949 540 211 256 121 213 521 817 190 149 
197 575 472 28 881 548 823 848 958 881 123 40 315 175 112 811 471 0 298 222 553 24 938 852 485 881 509 651 448 998 
604 643 438 182 73 973 430 175 566 877 499 926 312 109 496 783 138 298 0 968 927 323 648 676 857 429 445 371 161 917 
172 950 77 198 621 288 414 763 556 203 584 195 1 545 405 644 100 222 968 0 86 982 406 936 593 396 553 3 899 58 
278 145 478 514 848 354 473 477 882 72 168 61 482 550 893 637 949 553 927 86 0 372 173 804 668 11 109 869 376 871 
687 533 336 40 554 547 632 932 567 633 198 368 697 309 644 432 540 24 323 982 372 0 310 714 687 507 726 260 601 690 
292 811 103 474 702 625 811 353 301 393 153 840 74 353 19 64 211 938 648 406 173 310 0 379 93 763 349 564 285 286 
833 793 218 142 762 263 70 982 576 468 354 510 414 204 959 436 256 852 676 936 804 714 379 0 717 530 948 787 648 165 
820 500 903 943 896 868 234 210 853 467 767 933 462 202 431 976 121 485 857 593 668 687 93 717 0 686 768 682 927 756 
100 480 15 502 445 147 147 147 354 483 79 360 938 542 274 835 213 881 429 396 11 507 763 530 686 0 428 562 299 865 
966 321 500 948 651 500 950 390 567 133 116 56 319 329 854 81 521 509 445 553 109 726 349 948 768 428 0 729 243 791 
657 609 965 182 229 334 66 452 210 735 700 555 507 671 463 663 817 651 371 3 869 260 564 787 682 562 729 0 907 888 
295 349 425 461 741 833 867 763 47 741 969 427 976 570 72 937 190 448 161 899 376 601 285 648 927 299 243 907 0 875 
392 376 79 154 122 133 786 177 108 745 880 133 219 864 356 512 149 998 917 58 871 690 286 165 756 865 791 888 875 0 
0 43 653 823 438 248 89 831 233 286 171 751 542 360 65 323 587 705 471 172 811 997 485 308 75 830 125 808 722 784 
43 0 884 141 777 906 457 221 327 438 545 952 868 904 650 109 688 61 504 147 300 693 145 24 269 447 399 815 975 392 
653 884 0 943 420 473 290 417 739 860 46 712 331 927 856 13 481 203 464 476 983 517 256 272 188 752 871 401 508 360 
823 141 943 0 838 51 764 890 777 70 60 55 970 542 6 889 547 641 892 667 224 564 358 160 897 744 759 705 245 894 
438 777 420 838 0 668 287 520 622 313 215 54 166 742 707 352 945 186 556 44 300 959 712 304 358 351 921 889 813 496 
248 906 473 51 668 0 147 919 555 721 134 551 68 351 121 862 274 79 936 68 143 910 59 85 939 173 331 529 163 196 
89 457 290 764 287 147 0 879 269 900 717 76 627 89 338 445 922 953 953 814 233 640 330 415 787 859 351 619 382 553 
831 221 417 890 520 919 879 0 781 800 645 973 536 124 144 34 942 762 921 110 238 41 868 523 840 835 804 245 370 590 
233 327 739 777 622 555 269 781 0 866 633 751 488 289 574 882 717 385 601 23 780 860 505 4 842 437 479 312 535 701 
286 438 860 70 313 721 900 800 866 0 472 569 63 313 152 481 714 939 1000 631 62 452 545 391 162 809 673 807 648 973 
171 545 46 60 215 134 717 645 633 472 0 477 678 719 753 666 503 411 856 793 381 221 872 663 509 218 875 275 387 277 
751 952 712 55 54 551 76 973 751 569 477 0 723 519 854 518 882 614 93 695 984 138 730 32 951 265 744 528 227 44 
542 868 331 970 166 68 627 536 488 63 678 723 0 706 464 402 470 371 991 430 907 930 260 188 816 310 616 111 450 185 
360 904 927 542 742 351 89 124 289 313 719 519 706 0 868 560 541 464 293 9 161 847 883 194 762 500 190 575 683 24 
65 650 856 6 707 121 338 144 574 152 753 854 464 868 0 167 733 978 296 866 289 318 561 529 955 772 625 736 861 430 
323 109 13 889 352 862 445 34 882 481 666 518 402 560 167 0 75 615 295 399 256 695 617 817 456 872 401 78 508 411 
587 688 481 547 945 274 922 942 717 714 503 882 470 541 733 75 0 813 706 752 494 1 204 66 633 993 384 695 584 74 
705 61 203 641 186 79 953 762 385 939 411 614 371 464 978 615 813 0 301 635 115 949 131 294 321 239 766 828 606 121 
471 504 464 892 556 936 953 921 601 1000 856 93 991 293 296 295 706 301 0 589 546 463 60 261 90 927 53 163 802 730 
172 147 476 667 44 68 814 110 23 631 793 695 430 9 866 399 752 635 589 0 956 302 9 984 962 982 989 704 291 743 
811 300 983 224 300 143 233 238 780 62 381 984 907 161 289 256 494 115 546 956 0 155 570 112 933 487 94 584 43 631 
997 693 517 564 959 910 640 41 860 452 221 138 930 847 318 695 1 949 463 302 155 0 1000 940 893 432 909 455 810 537 
485 145 256 358 712 59 330 868 505 545 872 730 260 883 561 617 204 131 60 9 570 1000 0 105 208 643 662 461 632 654 
308 24 272 160 304 85 415 523 4 391 663 32 188 194 529 817 66 294 261 984 112 940 105 0 328 753 268 804 167 384 
75 269 188 897 358 939 787 840 842 162 509 951 816 762 955 456 633 321 90 962 933 893 208 328 0 256 931 379 816 959 
830 447 752 744 351 173 859 835 437 809 218 265 310 500 772 872 993 239 927 982 487 432 643 753 256 0 620 137 984 676 
125 399 871 759 921 331 351 804 479 673 875 744 616 190 625 401 384 766 53 989 94 909 662 268 931 620 0 774 407 757 
808 815 401 705 889 529 619 245 312 807 275 528 111 575 736 78 695 828 163 704 584 455 461 804 379 137 774 0 936 269 
722 975 508 245 813 163 382 370 535 648 387 227 450 683 861 508 584 606 802 291 43 810 632 167 816 984 407 936 0 426 
784 392 360 894 496 196 553 590 701 973 277 44 185 24 430 411 74 121 730 743 631 537 654 384 959 676 757 269 426 0 
0 211 297 613 634 457 445 993 661 430 549 981 681 486 911 621 341 512 472 288 845 574 371 500 165 677 96 733 747 866 
211 0 856 925 904 825 8 8 547 251 577 693 279 736 892 226 823 213 531 2 25 483 238 60 841 310 307 376 995 711 
297 856 0 946 596 636 158 220 755 771 306 261 152 689 723 388 61 704 929 669 981 361 634 198 394 901 473 437 656 760 
613 925 946 0 882 584 788 713 710 229 509 609 933 588 32 855 536 312 528 314 405 206 266 233 835 381 378 857 440 886 
634 904 596 882 0 81 602 345 997 320 257 112 965 710 227 106 675 292 733 298 536 639 431 210 514 815 535 888 779 283 
457 825 636 584 81 0 270 501 315 559 132 658 111 537 196 84 241 14 843 284 518 448 212 337 873 392 53 391 204 400 
445 8 158 788 602 270 0 951 598 566 708 514 996 998 130 831 668 581 368 441 89 547 362 410 834 964 208 756 211 755 
993 8 220 713 345 501 951 0 823 773 258 435 336 491 612 477 641 358 757 471 392 187 910 41 192 432 964 575 293 988 
661 547 755 710 997 315 598 823 0 788 299 465 641 883 820 122 684 362 576 139 656 889 346 20 922 162 778 537 157 586 
430 251 771 229 320 559 566 773 788 0 166 89 120 921 377 941 780 441 627 672 345 400 816 465 34 465 706 706 614 1000 
549 577 306 509 257 132 708 258 299 166 0 591 394 684 355 545 11 539 977 623 662 775 154 127 748 288 812 334 339 446 
981 693 261 609 112 658 514 435 465 89 591 0 316 103 365 520 527 710 27 390 936 395 961 325 518 144 493 660 310 221 
681 279 152 933 965 111 996 336 641 120 394 316 0 527 280 469 346 452 796 742 907 503 470 146 954 813 147 762 743 297 
486 736 689 588 710 537 998 491 883 921 684 103 527 0 516 602 843 417 307 690 120 363 829 133 822 858 639 56 610 54 
911 892 723 32 227 196 130 612 820 377 355 365 280 516 0 448 722 873 622 246 409 864 277 463 775 993 239 903 746 771 
621 226 388 855 106 84 831 477 122 941 545 520 469 602 448 0 193 969 499 311 64 282 742 766 746 674 213 10 961 818 
341 823 61 536 675 241 668 641 684 780 11 527 346 843 722 193 0 827 344 907 625 318 72 96 888 500 197 818 448 566 
512 213 704 312 292 14 581 358 362 441 539 710 452 417 873 969 827 0 128 971 41 323 117 644 690 588 776 764 401 494 
472 531 929 528 733 843 368 757 576 627 977 27 796 307 622 499 344 128 0 347 173 447 62 466 635 239 17 294 504 308 
288 2 669 314 298 284 441 471 139 672 623 390 742 690 246 311 907 971 347 0 728 133 103 649 353 831 359 604 44 576 
845 25 981 405 536 518 89 392 656 345 662 936 907 120 409 64 625 41 173 728 0 591 778 875 426 773 274 751 566 864 
574 483 361 206 639 448 547 187 889 400 775 395 503 363 864 282 318 323 447 133 591 0 468 311 282 743 955 284 552 951 
371 238 634 266 431 212 362 910 346 816 154 961 470 829 277 742 72 117 62 103 778 468 0 579 870 767 720 635 505 533 
500 60 198 233 210 337 410 41 20 465 127 325 146 133 463 766 96 644 466 649 875 311 579 0 711 740 93 877 662 547 
165 841 394 835 514 873 834 192 922 34 748 518 954 822 775 746 888 690 635 353 426 282 870 711 0 109 973 628 280 819 
677 310 901 381 815 392 964 432 162 465 288 144 813 858 993 674 500 588 239 831 773 743 767 740 109 0 221 234 727 567 
96 307 473 378 535 53 208 964 778 706 812 493 147 639 239 213 197 776 17 359 274 955 720 93 973 221 0 445 627 616 
733 376 437 857 888 391 756 575 537 706 334 660 762 56 903 10 818 764 294 604 751 284 635 877 628 234 445 0 855 198 
747 995 656 440 779 204 211 293 157 614 339 310 743 610 746 961 448 401 504 44 566 552 505 662 280 727 627 855 0 861 
866 711 760 886 283 400 755 988 586 1000 446 221 297 54 771 818 566 494 308 576 864 951 533 547 819 567 616 198 861 0 
0 200 366 781 129 432 75 594 377 254 280 317 381 718 885 438 929 233 374 310 689 546 528 128 20 912 201 306 595 147 
200 0 413 87 822 539 398 70 383 478 606 767 406 712 659 91 898 301 615 189 647 211 379 319 389 442 892 358 934 405 
366 413 0 348 237 334 299 113 968 589 330 651 151 720 542 92 662 297 701 814 772 283 535 241 578 536 631 166 390 846 
781 87 348 0 662 206 727 12 615 9 536 297 416 850 72 428 456 845 452 675 165 668 231 184 714 425 992 438 647 751 
129 822 237 662 0 772 47 403 135 444 337 1 644 639 343 88 19 365 228 272 512 927 388 259 69 497 426 477 684 411 
432 539 334 206 772 0 26 713 436 521 277 147 346 685 147 774 97 69 348 25 5 923 137 29 351 154 931 994 152 547 
75 398 299 727 47 26 0 286 32 888 520 636 449 278 717 415 950 592 890 510 832 580 261 641 772 681 500 507 357 782 
594 70 113 12 403 713 286 0 902 440 906 1000 94 299 225 444 562 782 482 304 278 385 457 67 672 573 340 717 766 787 
377 383 968 615 135 436 32 902 0 496 884 883 357 205 580 623 609 665 188 606 898 631 443 740 979 256 353 120 984 384 
254 478 589 9 444 521 888 440 496 0 985 353 201 961 241 313 598 212 962 503 244 39 807 490 582 561 411 981 610 938 
280 606 330 536 337 277 520 906 884 985 0 526 725 971 986 927 517 996 566 579 755 245 620 913 734 139 498 123 881 13 
317 767 651 297 1 147 636 1000 883 353 526 0 489 278 482 837 937 924 164 492 727 160 747 145 731 87 946 226 583 22 
381 406 151 416 644 346 449 94 357 201 725 489 0 595 477 846 98 500 696 357 887 316 269 113 542 573 818 61 682 813 
718 712 720 850 639 685 278 299 205 961 971 278 595 0 413 220 351 357 91 61 332 979 653 881 532 418 288 40 765 98 
885 659 542 72 343 147 717 225 580 241 986 482 477 413 0 467 457 515 806 923 487 309 616 573 862 748 411 609 907 586 
438 91 92 428 88 774 415 444 623 313 927 837 846 220 467 0 324 873 416 322 553 565 773 599 701 368 88 256 887 324 
929 898 662 456 19 97 950 562 609 598 517 937 98 351 457 324 0 781 565 74 729 63 381 538 536 548 97 509 85 391 
233 301 297 845 365 69 592 782 665 212 996 924 500 357 515 873 781 0 519 129 639 864 85 267 784 397 810 203 746 156 
374 615 701 452 228 348 890 482 188 962 566 164 696 91 806 416 565 519 0 390 29 401 802 356 398 215 220 545 977 688 
310 189 814 675 272 25 510 304 606 503 579 492 357 61 923 322 74 129 390 0 317 469 141 698 573 860 550 656 694 800 
689 647 772 165 512 5 832 278 898 244 755 727 887 332 487 553 729 639 29 317 0 36 689 232 731 487 318 395 285 487 
546 211 283 668 927 923 580 385 631 39 245 160 316 979 309 565 63 864 401 469 36 0 446 810 752 675 986 654 703 348 
528 379 535 231 388 137 261 457 443 807 620 747 269 653 616 773 381 85 802 141 689 446 0 739 259 173 975 786 873 503 
128 319 241 184 259 29 641 67 740 490 913 145 113 881 573 599 538 267 356 698 232 810 739 0 88 945 453 700 340 66 
20 389 578 714 69 351 772 672 979 582 734 731 542 532 862 701 536 784 398 573 731 752 259 88 0 244 536 647 731 417 
912 442 536 425 497 154 681 573 256 561 139 87 573 418 748 368 548 397 215 860 487 675 173 945 244 0 604 64 533 759 
201 892 631 992 426 931 500 340 353 411 498 946 818 288 411 88 97 810 220 550 318 986 975 453 536 604 0 630 333 548 
306 358 166 438 477 994 507 717 120 981 123 226 61 40 609 256 509 203 545 656 395 654 786 700 647 64 630 0 765 992 
595 934 390 647 684 152 357 766 984 610 881 583 682 765 907 887 85 746 977 694 285 703 873 340 731 533 333 765 0 440 
147 405 846 751 411 547 782 787 384 938 13 22 813 98 586 324 391 156 688 800 487 348 503 66 417 759 548 992 440 0 
