15 3
0 751 933 594 572 672 656 602 971 148 639 557 935 720 38 
751 0 256 115 619 1000 878 547 519 77 545 6 489 950 597 
933 256 0 601 896 623 998 290 74 40 622 589 445 373 685 
594 115 601 0 14 204 102 987 799 176 876 130 837 412 11 
572 619 896 14 0 70 715 773 966 381 73 534 186 685 919 
672 1000 623 204 70 0 215 904 114 405 87 322 984 7 661 
656 878 998 102 715 215 0 213 99 342 668 517 881 227 28 
602 547 290 987 773 904 213 0 151 607 445 270 654 435 831 
971 519 74 799 966 114 99 151 0 527 448 839 779 190 715 
148 77 40 176 381 405 342 607 527 0 941 873 112 299 994 
639 545 622 876 73 87 668 445 448 941 0 926 312 264 584 
557 6 589 130 534 322 517 270 839 873 926 0 212 579 698 
935 489 445 837 186 984 881 654 779 112 312 212 0 834 449 
720 950 373 412 685 7 227 435 190 299 264 579 834 0 140 
38 597 685 11 919 661 28 831 715 994 584 698 449 140 0 
0 231 950 706 333 366 919 69 37 213 482 888 110 810 200 
231 0 428 265 379 582 904 264 809 216 727 102 393 158 61 
950 428 0 909 99 141 829 23 496 358 507 83 82 729 678 
706 265 909 0 884 120 605 248 149 893 472 358 568 609 173 
333 379 99 884 0 12 313 906 27 598 596 502 587 433 840 
366 582 141 120 12 0 150 937 385 375 15 291 470 460 135 
919 904 829 605 313 150 0 499 614 893 614 843 97 529 135 
69 264 23 248 906 937 499 0 130 120 874 715 394 923 934 
37 809 496 149 27 385 614 130 0 430 909 799 382 479 326 
213 216 358 893 598 375 893 120 430 0 825 211 770 217 427 
482 727 507 472 596 15 614 874 909 825 0 54 755 404 758 
888 102 83 358 502 291 843 715 799 211 54 0 329 868 128 
110 393 82 568 587 470 97 394 382 770 755 329 0 206 278 
810 158 729 609 433 460 529 923 479 217 404 868 206 0 278 
200 61 678 173 840 135 135 934 326 427 758 128 278 278 0 
0 321 854 595 180 587 821 255 103 266 395 773 115 883 240 
321 0 507 136 464 613 882 170 961 201 630 110 416 21 63 
854 507 0 810 97 212 776 197 496 233 511 8 137 777 542 
595 136 810 0 856 86 616 239 220 950 453 480 778 563 193 
180 464 97 856 0 114 387 825 158 610 577 569 554 426 882 
587 613 212 86 114 0 255 700 270 317 219 178 527 577 9 
821 882 776 616 387 255 0 605 586 982 779 768 271 500 111 
255 170 197 239 825 700 605 0 69 99 811 760 380 981 910 
103 961 496 220 158 270 586 69 0 475 737 810 479 508 281 
266 201 233 950 610 317 982 99 475 0 778 191 857 225 383 
395 630 511 453 577 219 779 811 737 778 0 171 820 420 589 
773 110 8 480 569 178 768 760 810 191 171 0 100 983 59 
115 416 137 778 554 527 271 380 479 857 820 100 0 416 205 
883 21 777 563 426 577 500 981 508 225 420 983 416 0 189 
240 63 542 193 882 9 111 910 281 383 589 59 205 189 0 
0 345 948 809 498 421 777 26 87 197 306 866 193 925 336 
345 0 683 145 427 781 700 152 945 298 867 124 448 293 201 
948 683 0 859 366 71 651 13 467 250 462 180 42 622 738 
809 145 859 0 863 118 499 432 399 1000 493 337 656 711 139 
498 427 366 863 0 94 265 779 96 548 717 584 473 360 731 
421 781 71 118 94 0 256 850 488 289 81 279 512 627 218 
777 700 651 499 265 256 0 513 763 851 467 771 18 774 13 
26 152 13 432 779 850 513 0 263 276 910 699 339 969 836 
87 945 467 399 96 488 763 263 0 452 836 694 261 367 372 
197 298 250 1000 548 289 851 276 452 0 711 188 609 265 470 
306 867 462 493 717 81 467 910 836 711 0 88 909 381 725 
866 124 180 337 584 279 771 699 694 188 88 0 446 713 18 
193 448 42 656 473 512 18 339 261 609 909 446 0 95 311 
925 293 622 711 360 627 774 969 367 265 381 713 95 0 374 
336 201 738 139 731 218 13 836 372 470 725 18 311 374 0 
