9 4
0 183 334 649 968 210 944 572 200 
183 0 169 851 820 189 368 619 856 
334 169 0 333 663 594 220 896 51 
649 851 333 0 355 115 772 14 785 
968 820 663 355 0 601 59 571 818 
210 189 594 115 601 0 265 29 164 
944 368 220 772 59 265 0 877 672 
572 619 896 14 571 29 877 0 1000 
200 856 51 785 818 164 672 1000 0 
0 685 993 889 566 425 502 867 1 
685 0 735 457 105 702 835 243 819 
993 735 0 345 288 211 500 177 737 
889 457 345 0 222 492 319 690 622 
566 105 288 222 0 510 349 182 361 
425 702 211 492 510 0 334 189 780 
502 835 500 319 349 334 0 149 832 
867 243 177 690 182 189 149 0 269 
1 819 737 622 361 780 832 269 0 
0 227 846 949 499 537 147 969 505 
227 0 989 721 49 811 881 148 686 
846 989 0 365 203 648 651 133 1000 
949 721 365 0 533 793 854 865 566 
499 49 203 533 0 436 768 266 299 
537 811 648 793 436 0 452 587 820 
147 881 651 854 768 452 0 541 710 
969 148 133 865 266 587 541 0 156 
505 686 1000 566 299 820 710 156 0 
0 299 298 796 783 907 354 570 412 
299 0 696 463 197 393 763 79 649 
298 696 0 302 1 310 390 356 650 
796 463 302 0 392 762 509 875 135 
783 197 1 392 0 804 298 219 160 
907 393 310 762 804 0 700 713 812 
354 763 390 509 298 700 0 118 302 
570 79 356 875 219 713 118 0 418 
412 649 650 135 160 812 302 418 0 
0 834 940 874 556 103 542 927 27 
834 0 915 52 198 19 966 133 371 
940 915 0 406 644 532 116 58 925 
874 52 406 0 278 468 109 929 415 
556 198 644 278 0 778 182 113 56 
103 19 532 468 778 0 671 132 539 
542 966 116 109 182 671 0 92 954 
927 133 58 929 113 132 92 0 691 
27 371 925 415 56 539 954 691 0 
