9 4
0 183 334 649 968 210 944 572 200 
183 0 169 851 820 189 368 619 856 
334 169 0 333 663 594 220 896 51 
649 851 333 0 355 115 772 14 785 
968 820 663 355 0 601 59 571 818 
210 189 594 115 601 0 265 29 164 
944 368 220 772 59 265 0 877 672 
572 619 896 14 571 29 877 0 1000 
200 856 51 785 818 164 672 1000 0 
0 650 848 319 1 376 719 764 101 
650 0 818 334 780 613 611 141 112 
848 818 0 787 710 484 99 118 822 
319 334 787 0 293 847 413 146 335 
1 780 710 293 0 873 14 632 387 
376 613 484 847 873 0 69 312 748 
719 611 99 413 14 69 0 96 581 
764 141 118 146 632 312 96 0 500 
101 112 822 335 387 748 581 500 0 
0 533 881 349 27 545 716 779 42 
533 0 950 452 820 681 570 212 112 
881 950 0 683 862 513 97 114 737 
349 452 683 0 676 695 268 178 400 
27 820 862 676 0 910 44 492 209 
545 681 513 695 910 0 222 422 823 
716 570 97 268 44 222 0 116 545 
779 212 114 178 492 422 116 0 495 
42 112 737 400 209 823 545 495 0 
0 731 899 428 149 494 833 582 230 
731 0 589 371 812 765 498 71 31 
899 589 0 833 593 354 366 164 838 
428 371 833 0 330 800 426 28 214 
149 812 593 330 0 790 81 615 255 
494 765 354 800 790 0 58 337 490 
833 498 366 426 81 58 0 162 571 
582 71 164 28 615 337 162 0 442 
230 31 838 214 255 490 571 442 0 
0 711 879 182 56 349 647 781 17 
711 0 848 260 832 591 427 204 86 
879 848 0 927 577 439 2 39 662 
182 260 927 0 247 839 319 60 313 
56 832 577 247 0 909 88 712 256 
349 591 439 839 909 0 253 219 810 
647 427 2 319 88 253 0 19 462 
781 204 39 60 712 219 19 0 556 
17 86 662 313 256 810 462 556 0 
