8 3
0 231 751 321 933 355 594 368 
231 0 868 904 256 958 115 220 
751 868 0 490 838 809 601 772 
321 904 490 0 130 703 93 59 
933 256 838 130 0 151 709 265 
355 958 809 703 151 0 322 183 
594 115 601 93 709 322 0 408 
368 220 772 59 265 183 408 0 
0 558 148 270 38 801 385 769 
558 0 405 76 661 80 665 111 
148 405 0 837 584 629 602 298 
270 76 837 0 223 885 570 735 
38 661 584 223 0 966 31 696 
801 80 629 885 966 0 712 78 
385 665 602 570 31 712 0 589 
769 111 298 735 696 78 589 0 
0 192 40 873 685 316 711 335 
192 0 607 935 831 583 808 846 
40 607 0 984 449 379 515 899 
873 935 984 0 692 392 496 989 
685 831 449 692 0 296 430 998 
316 583 379 392 296 0 480 136 
711 808 515 496 430 480 0 817 
335 846 899 989 998 136 817 0 
0 354 381 516 919 143 489 575 
354 0 472 445 994 302 663 420 
381 472 0 654 474 752 687 930 
516 445 654 0 99 650 71 877 
919 994 474 99 0 731 147 944 
143 302 752 650 731 0 226 915 
489 663 687 71 147 226 0 247 
575 420 930 877 944 915 247 0 
