20 3
0 463 694 517 533 200 699 288 952 722 662 554 320 536 599 891 610 314 855 201 
463 0 517 805 903 372 641 912 759 278 805 51 862 23 963 167 173 618 983 816 
694 517 0 75 195 313 126 860 876 147 864 99 910 620 792 915 338 473 999 137 
517 805 75 0 917 871 327 333 635 952 396 79 691 651 890 31 846 389 843 601 
533 903 195 917 0 963 814 551 715 19 590 421 824 967 441 446 545 990 624 248 
200 372 313 871 963 0 282 188 781 32 90 719 456 306 613 975 458 654 117 282 
699 641 126 327 814 282 0 10 156 247 989 815 387 23 223 870 183 306 303 151 
288 912 860 333 551 188 10 0 125 96 229 654 132 474 78 364 824 174 839 880 
952 759 876 635 715 781 156 125 0 668 124 900 295 149 624 737 644 960 521 660 
722 278 147 952 19 32 247 96 668 0 835 712 207 51 947 407 487 722 92 363 
662 805 864 396 590 90 989 229 124 835 0 586 898 400 379 328 269 264 235 764 
554 51 99 79 421 719 815 654 900 712 586 0 189 349 23 213 633 550 695 658 
320 862 910 691 824 456 387 132 295 207 898 189 0 890 937 810 878 635 813 277 
536 23 620 651 967 306 23 474 149 51 400 349 890 0 45 30 545 637 622 61 
599 963 792 890 441 613 223 78 624 947 379 23 937 45 0 789 474 680 527 247 
891 167 915 31 446 975 870 364 737 407 328 213 810 30 789 0 3 488 18 676 
610 173 338 846 545 458 183 824 644 487 269 633 878 545 474 3 0 212 941 670 
314 618 473 389 990 654 306 174 960 722 264 550 635 637 680 488 212 0 281 908 
855 983 999 843 624 117 303 839 521 92 235 695 813 622 527 18 941 281 0 488 
201 816 137 601 248 282 151 880 660 363 764 658 277 61 247 676 670 908 488 0 
0 668 285 305 445 436 642 908 350 978 719 294 86 292 89 648 425 941 908 861 
668 0 432 766 726 479 370 245 171 263 809 52 559 11 329 193 699 223 344 290 
285 432 0 485 428 825 619 660 12 400 374 148 739 770 445 748 87 653 830 23 
305 766 485 0 217 830 129 789 28 189 292 454 352 34 102 447 171 879 42 497 
445 726 428 217 0 710 986 309 439 831 940 8 329 100 6 672 948 343 536 157 
436 479 825 830 710 0 628 335 630 216 321 36 606 698 371 95 952 219 900 740 
642 370 619 129 986 628 0 812 450 372 336 856 769 19 826 706 495 137 724 372 
908 245 660 789 309 335 812 0 781 596 795 806 623 289 293 305 413 377 921 735 
350 171 12 28 439 630 450 781 0 494 616 178 884 139 69 275 643 722 125 542 
978 263 400 189 831 216 372 596 494 0 992 348 867 276 133 552 660 156 181 23 
719 809 374 292 940 321 336 795 616 992 0 344 545 177 687 192 540 128 960 512 
294 52 148 454 8 36 856 806 178 348 344 0 780 636 509 650 400 173 163 692 
86 559 739 352 329 606 769 623 884 867 545 780 0 637 24 525 381 760 12 591 
292 11 770 34 100 698 19 289 139 276 177 636 637 0 227 180 482 111 454 736 
89 329 445 102 6 371 826 293 69 133 687 509 24 227 0 707 725 106 896 992 
648 193 748 447 672 95 706 305 275 552 192 650 525 180 707 0 648 901 884 749 
425 699 87 171 948 952 495 413 643 660 540 400 381 482 725 648 0 715 421 81 
941 223 653 879 343 219 137 377 722 156 128 173 760 111 106 901 715 0 369 60 
908 344 830 42 536 900 724 921 125 181 960 163 12 454 896 884 421 369 0 207 
861 290 23 497 157 740 372 735 542 23 512 692 591 736 992 749 81 60 207 0 
0 420 699 586 546 464 448 122 435 192 296 678 844 800 916 312 687 136 137 19 
420 0 666 301 336 416 592 762 858 887 163 986 472 806 661 782 262 958 593 820 
699 666 0 399 482 125 431 663 994 651 625 831 198 351 619 170 958 482 121 988 
586 301 399 0 785 122 781 121 996 534 662 536 455 934 919 517 779 140 981 429 
546 336 482 785 0 304 13 702 477 184 244 912 820 711 804 248 17 582 497 718 
464 416 125 122 304 0 575 560 410 537 712 957 373 338 550 996 180 479 258 293 
448 592 431 781 13 575 0 10 726 696 661 20 244 829 320 221 591 830 431 603 
122 762 663 121 702 560 10 0 300 367 64 195 303 780 709 735 807 650 344 246 
435 858 994 996 477 410 726 300 0 513 188 868 235 966 884 741 529 302 748 345 
192 887 651 534 184 537 696 367 513 0 65 670 148 783 860 524 288 760 924 927 
296 163 625 662 244 712 661 64 188 65 0 698 312 922 372 663 383 671 73 563 
678 986 831 536 912 957 20 195 868 670 698 0 333 229 453 314 590 715 817 342 
844 472 198 455 820 373 244 303 235 148 312 333 0 354 964 344 514 300 998 247 
800 806 351 934 711 338 829 780 966 783 922 229 354 0 693 707 509 788 470 383 
916 661 619 919 804 550 320 709 884 860 372 453 964 693 0 96 329 818 48 77 
312 782 170 517 248 996 221 735 741 524 663 314 344 707 96 0 297 125 328 233 
687 262 958 779 17 180 591 807 529 288 383 590 514 509 329 297 0 537 659 943 
136 958 482 140 582 479 830 650 302 760 671 715 300 788 818 125 537 0 427 819 
137 593 121 981 497 258 431 344 748 924 73 817 998 470 48 328 659 427 0 803 
19 820 988 429 718 293 603 246 345 927 563 342 247 383 77 233 943 819 803 0 
0 238 786 661 732 836 366 167 659 201 68 720 944 723 784 335 705 88 273 113 
238 0 633 250 228 506 805 788 882 646 297 846 522 833 768 777 299 742 441 839 
786 633 0 650 533 177 513 458 880 637 745 718 145 213 533 85 712 265 132 972 
661 250 650 0 971 289 934 281 981 847 681 683 649 867 746 528 967 141 833 608 
732 228 533 971 0 298 67 649 688 150 105 880 707 840 828 313 125 620 549 819 
836 506 177 289 298 0 498 676 384 623 592 952 327 201 680 794 24 769 9 233 
366 805 513 934 67 498 0 106 415 624 673 170 238 840 74 278 562 712 413 466 
167 788 458 281 649 676 106 0 272 458 216 134 362 587 758 671 521 552 159 163 
659 882 880 981 688 384 415 272 0 509 504 977 20 890 966 676 273 148 855 407 
201 646 637 847 150 623 624 458 509 0 206 832 74 726 770 356 376 975 729 864 
68 297 745 681 105 592 673 216 504 206 0 722 419 805 407 813 439 942 310 457 
720 846 718 683 880 952 170 134 977 832 722 0 341 406 522 335 712 715 878 271 
944 522 145 649 707 327 238 362 20 74 419 341 0 417 993 495 363 204 913 442 
723 833 213 867 840 201 840 587 890 726 805 406 417 0 904 736 382 980 471 242 
784 768 533 746 828 680 74 758 966 770 407 522 993 904 0 241 237 908 164 293 
335 777 85 528 313 794 278 671 676 356 813 335 495 736 241 0 427 24 213 343 
705 299 712 967 125 24 562 521 273 376 439 712 363 382 237 427 0 279 509 765 
88 742 265 141 620 769 712 552 148 975 942 715 204 980 908 24 279 0 794 814 
273 441 132 833 549 9 413 159 855 729 310 878 913 471 164 213 509 794 0 632 
113 839 972 608 819 233 466 163 407 864 457 271 442 242 293 343 765 814 632 0 
