40 2
0 151 434 114 589 628 937 808 90 430 262 796 384 112 49 354 432 143 234 213 548 763 998 632 143 149 832 430 909 776 562 741 32 686 403 795 842 379 14 81 
151 0 147 99 130 38 143 932 899 833 494 483 426 811 520 473 540 492 210 881 298 47 917 409 954 219 331 186 196 671 95 365 393 909 280 719 853 653 529 211 
434 147 0 151 534 597 80 663 940 89 906 249 231 471 879 477 24 878 853 429 732 741 58 838 869 673 710 816 644 534 38 494 220 747 397 731 941 978 858 883 
114 99 151 0 322 685 761 602 930 826 963 111 886 373 197 882 323 915 467 396 657 969 871 132 90 566 76 88 656 200 635 390 969 684 36 222 677 297 855 829 
589 130 534 322 0 11 583 239 735 472 698 762 692 302 818 72 982 833 767 11 609 427 690 306 27 606 862 562 306 705 621 799 439 910 51 168 333 413 226 482 
628 38 597 685 11 0 674 515 383 857 506 605 90 479 172 168 372 793 933 507 965 976 286 149 359 945 302 514 532 715 655 349 853 390 441 402 260 271 647 572 
937 143 80 761 583 674 0 763 989 674 875 988 482 728 950 61 425 218 462 763 182 570 165 516 819 135 8 714 816 230 476 65 847 795 807 811 570 366 44 116 
808 932 663 602 239 515 763 0 143 399 644 874 996 918 77 482 49 142 202 530 229 72 756 541 967 88 343 595 799 468 850 613 185 693 192 716 368 37 819 639 
90 899 940 930 735 383 989 143 0 758 721 694 512 899 198 550 902 762 431 686 334 937 865 242 146 750 954 386 810 666 52 977 695 959 214 359 555 884 427 537 
430 833 89 826 472 857 674 399 758 0 710 457 308 18 621 893 496 263 976 399 66 190 791 176 933 815 593 763 70 505 29 15 110 693 771 473 415 872 180 315 
262 494 906 963 698 506 875 644 721 710 0 853 661 756 288 637 537 70 121 827 452 448 888 118 289 949 269 105 457 294 791 670 828 110 377 908 180 856 730 849 
796 483 249 111 762 605 988 874 694 457 853 0 375 591 414 949 844 982 485 285 210 161 875 881 767 415 600 669 492 662 321 681 800 523 388 786 320 453 495 616 
384 426 231 886 692 90 482 996 512 308 661 375 0 851 763 553 769 576 857 359 735 899 250 633 108 488 156 308 307 162 360 366 71 752 186 170 392 628 823 539 
112 811 471 373 302 479 728 918 899 18 756 591 851 0 556 927 907 468 593 966 700 376 990 92 461 361 696 819 966 423 894 75 173 173 860 959 215 2 799 553 
49 520 879 197 818 172 950 77 198 621 288 414 763 556 0 86 292 354 668 321 555 601 929 910 686 178 577 213 934 365 7 220 144 902 310 140 999 551 221 73 
354 473 477 882 72 168 61 482 550 893 637 949 553 927 86 0 811 510 687 500 507 285 770 26 639 299 418 3 316 362 257 612 521 124 869 2 505 413 656 992 
432 540 24 323 982 372 425 49 902 496 537 844 769 907 292 811 0 414 93 948 671 648 182 159 90 166 293 809 699 622 531 362 750 765 962 127 759 71 260 858 
143 492 878 915 833 793 218 142 762 263 70 982 576 468 354 510 414 0 717 651 463 927 116 423 649 694 121 41 432 344 465 620 964 115 798 38 498 863 763 913 
234 210 853 467 767 933 462 202 431 976 121 485 857 593 668 687 93 717 0 500 663 299 758 572 77 160 897 265 849 17 68 765 45 762 978 833 103 924 560 59 
213 881 429 396 11 507 763 530 686 399 827 285 359 966 321 500 948 651 500 0 817 243 557 902 170 634 607 907 795 564 536 217 969 94 159 396 379 268 981 350 
548 298 732 657 609 965 182 229 334 66 452 210 735 700 555 507 671 463 663 817 0 907 706 728 371 404 530 476 891 545 806 691 989 493 928 919 857 233 400 894 
763 47 741 969 427 976 570 72 937 190 448 161 899 376 601 285 648 927 299 243 907 0 525 465 457 56 921 380 704 432 833 24 868 627 971 216 464 243 476 189 
998 917 58 871 690 286 165 756 865 791 888 875 250 990 929 770 182 116 758 557 706 525 0 430 737 516 691 774 544 85 671 637 839 972 199 431 426 426 950 601 
632 409 838 132 306 149 516 541 242 176 118 881 633 92 910 26 159 423 572 902 728 465 430 0 495 780 409 205 377 880 436 591 891 343 481 169 954 403 349 366 
143 954 869 90 27 359 819 967 146 933 289 767 108 461 686 639 90 649 77 170 371 457 737 495 0 72 368 904 368 311 827 526 873 699 510 761 824 774 268 398 
149 219 673 566 606 945 135 88 750 815 949 415 488 361 178 299 166 694 160 634 404 56 516 780 72 0 917 863 708 50 416 484 41 138 663 18 591 34 662 498 
832 331 710 76 862 302 8 343 954 593 269 600 156 696 577 418 293 121 897 607 530 921 691 409 368 917 0 136 397 936 376 243 939 576 186 537 517 95 839 809 
430 186 816 88 562 514 714 595 386 763 105 669 308 819 213 3 809 41 265 907 476 380 774 205 904 863 136 0 859 927 885 55 960 303 174 647 922 706 608 818 
909 196 644 656 306 532 816 799 810 70 457 492 307 966 934 316 699 432 849 795 891 704 544 377 368 708 397 859 0 683 690 184 910 727 731 37 427 49 814 475 
776 671 534 200 705 715 230 468 666 505 294 662 162 423 365 362 622 344 17 564 545 432 85 880 311 50 936 927 683 0 18 175 574 621 394 611 108 784 403 835 
562 95 38 635 621 655 476 850 52 29 791 321 360 894 7 257 531 465 68 536 806 833 671 436 827 416 376 885 690 18 0 822 898 151 318 984 99 692 431 24 
741 365 494 390 799 349 65 613 977 15 670 681 366 75 220 612 362 620 765 217 691 24 637 591 526 484 243 55 184 175 822 0 790 206 818 156 699 764 813 88 
32 393 220 969 439 853 847 185 695 110 828 800 71 173 144 521 750 964 45 969 989 868 839 891 873 41 939 960 910 574 898 790 0 817 703 248 629 659 707 477 
686 909 747 684 910 390 795 693 959 693 110 523 752 173 902 124 765 115 762 94 493 627 972 343 699 138 576 303 727 621 151 206 817 0 548 255 918 223 81 69 
403 280 397 36 51 441 807 192 214 771 377 388 186 860 310 869 962 798 978 159 928 971 199 481 510 663 186 174 731 394 318 818 703 548 0 156 97 288 783 663 
795 719 731 222 168 402 811 716 359 473 908 786 170 959 140 2 127 38 833 396 919 216 431 169 761 18 537 647 37 611 984 156 248 255 156 0 382 166 281 817 
842 853 941 677 333 260 570 368 555 415 180 320 392 215 999 505 759 498 103 379 857 464 426 954 824 591 517 922 427 108 99 699 629 918 97 382 0 568 59 408 
379 653 978 297 413 271 366 37 884 872 856 453 628 2 551 413 71 863 924 268 233 243 426 403 774 34 95 706 49 784 692 764 659 223 288 166 568 0 946 646 
14 529 858 855 226 647 44 819 427 180 730 495 823 799 221 656 260 763 560 981 400 476 950 349 268 662 839 608 814 403 431 813 707 81 783 281 59 946 0 552 
81 211 883 829 482 572 116 639 537 315 849 616 539 553 73 992 858 913 59 350 894 189 601 366 398 498 809 818 475 835 24 88 477 69 663 817 408 646 552 0 
0 14 37 289 404 419 542 743 187 565 622 45 952 180 912 662 766 440 495 866 199 521 100 785 994 895 158 20 34 88 912 159 85 357 471 947 881 310 212 650 
14 0 422 367 293 82 601 856 913 835 742 233 63 433 849 108 157 688 429 18 338 775 131 772 196 457 349 977 143 242 889 756 887 602 320 927 942 622 151 320 
37 422 0 848 8 568 780 660 630 79 484 789 288 294 122 408 642 101 215 234 395 952 838 818 961 460 671 102 685 839 675 129 992 129 294 273 535 975 90 476 
289 367 848 0 297 587 194 208 668 230 213 225 718 940 482 955 387 520 487 218 797 321 626 247 707 364 209 133 3 154 110 756 810 850 331 946 507 175 515 100 
404 293 8 297 0 594 152 134 818 717 839 278 532 160 173 306 859 55 590 822 39 391 313 224 32 739 122 800 549 89 469 522 677 463 238 173 363 530 966 140 
419 82 568 587 594 0 965 707 481 121 581 380 492 594 13 547 878 152 495 760 197 594 221 94 143 451 169 411 978 687 942 648 874 744 703 143 691 335 869 302 
542 601 780 194 152 965 0 196 706 570 45 244 371 230 24 2 583 805 354 74 641 13 140 138 100 673 751 998 63 666 537 258 543 309 987 952 659 754 721 801 
743 856 660 208 134 707 196 0 512 762 833 219 998 940 629 709 743 390 536 749 150 160 210 657 689 72 484 839 151 920 373 165 552 130 261 520 428 541 440 208 
187 913 630 668 818 481 706 512 0 939 310 925 51 676 50 857 871 47 131 629 643 130 468 326 208 45 994 690 370 971 222 677 844 685 136 73 13 288 481 186 
565 835 79 230 717 121 570 762 939 0 168 113 330 150 588 365 216 962 955 444 359 98 907 589 444 659 415 269 181 213 132 420 514 525 628 18 843 758 571 301 
622 742 484 213 839 581 45 833 310 168 0 48 35 30 685 529 746 763 490 685 875 299 862 657 641 369 371 595 351 171 903 340 330 17 711 502 327 243 840 434 
45 233 789 225 278 380 244 219 925 113 48 0 663 538 749 100 584 904 554 784 417 732 672 206 425 160 725 115 575 958 249 784 739 30 518 19 295 243 912 264 
952 63 288 718 532 492 371 998 51 330 35 663 0 144 351 613 896 490 117 89 988 654 485 774 352 599 286 623 56 881 926 348 441 911 811 42 102 837 425 139 
180 433 294 940 160 594 230 940 676 150 30 538 144 0 430 245 802 331 415 317 219 637 298 175 764 732 114 626 200 49 263 493 742 538 614 94 876 189 671 823 
912 849 122 482 173 13 24 629 50 588 685 749 351 430 0 807 43 927 211 222 234 254 826 217 591 578 635 298 665 77 616 374 56 807 934 607 799 162 302 344 
662 108 408 955 306 547 2 709 857 365 529 100 613 245 807 0 48 177 782 583 683 884 981 867 250 477 567 889 871 638 350 273 239 784 961 335 802 45 965 657 
766 157 642 387 859 878 583 743 871 216 746 584 896 802 43 48 0 301 338 826 54 284 604 353 747 920 301 648 449 347 925 412 877 554 391 970 735 713 210 564 
440 688 101 520 55 152 805 390 47 962 763 904 490 331 927 177 301 0 635 766 708 382 646 682 278 971 775 988 964 822 121 757 602 160 189 218 357 73 30 780 
495 429 215 487 590 495 354 536 131 955 490 554 117 415 211 782 338 635 0 63 744 861 405 646 998 800 590 896 174 72 388 866 753 96 509 569 776 729 329 9 
866 18 234 218 822 760 74 749 629 444 685 784 89 317 222 583 826 766 63 0 398 378 790 401 423 86 371 372 747 268 771 233 312 790 427 251 276 736 762 600 
199 338 395 797 39 197 641 150 643 359 875 417 988 219 234 683 54 708 744 398 0 779 217 224 734 443 201 242 897 828 3 955 292 768 451 194 932 660 296 297 
521 775 952 321 391 594 13 160 130 98 299 732 654 637 254 884 284 382 861 378 779 0 169 394 550 266 835 118 685 754 886 119 118 96 784 912 443 567 240 538 
100 131 838 626 313 221 140 210 468 907 862 672 485 298 826 981 604 646 405 790 217 169 0 281 71 102 385 896 167 969 845 217 181 651 914 334 677 17 380 58 
785 772 818 247 224 94 138 657 326 589 657 206 774 175 217 867 353 682 646 401 224 394 281 0 377 917 913 812 322 78 414 236 590 730 925 329 622 787 276 345 
994 196 961 707 32 143 100 689 208 444 641 425 352 764 591 250 747 278 998 423 734 550 71 377 0 272 974 126 204 960 1 25 364 339 875 876 968 750 452 101 
895 457 460 364 739 451 673 72 45 659 369 160 599 732 578 477 920 971 800 86 443 266 102 917 272 0 518 125 58 643 36 468 973 240 929 467 711 339 798 560 
158 349 671 209 122 169 751 484 994 415 371 725 286 114 635 567 301 775 590 371 201 835 385 913 974 518 0 437 955 987 342 277 597 454 156 601 984 928 367 733 
20 977 102 133 800 411 998 839 690 269 595 115 623 626 298 889 648 988 896 372 242 118 896 812 126 125 437 0 865 216 528 898 314 1000 772 617 709 781 827 860 
34 143 685 3 549 978 63 151 370 181 351 575 56 200 665 871 449 964 174 747 897 685 167 322 204 58 955 865 0 33 936 55 679 474 355 706 943 520 307 605 
88 242 839 154 89 687 666 920 971 213 171 958 881 49 77 638 347 822 72 268 828 754 969 78 960 643 987 216 33 0 108 980 497 557 532 355 770 444 778 562 
912 889 675 110 469 942 537 373 222 132 903 249 926 263 616 350 925 121 388 771 3 886 845 414 1 36 342 528 936 108 0 410 471 267 274 429 373 506 383 161 
159 756 129 756 522 648 258 165 677 420 340 784 348 493 374 273 412 757 866 233 955 119 217 236 25 468 277 898 55 980 410 0 368 325 605 172 235 315 648 47 
85 887 992 810 677 874 543 552 844 514 330 739 441 742 56 239 877 602 753 312 292 118 181 590 364 973 597 314 679 497 471 368 0 992 77 418 494 976 827 236 
357 602 129 850 463 744 309 130 685 525 17 30 911 538 807 784 554 160 96 790 768 96 651 730 339 240 454 1000 474 557 267 325 992 0 890 623 994 797 570 28 
471 320 294 331 238 703 987 261 136 628 711 518 811 614 934 961 391 189 509 427 451 784 914 925 875 929 156 772 355 532 274 605 77 890 0 161 162 851 461 226 
947 927 273 946 173 143 952 520 73 18 502 19 42 94 607 335 970 218 569 251 194 912 334 329 876 467 601 617 706 355 429 172 418 623 161 0 250 358 925 556 
881 942 535 507 363 691 659 428 13 843 327 295 102 876 799 802 735 357 776 276 932 443 677 622 968 711 984 709 943 770 373 235 494 994 162 250 0 193 384 31 
310 622 975 175 530 335 754 541 288 758 243 243 837 189 162 45 713 73 729 736 660 567 17 787 750 339 928 781 520 444 506 315 976 797 851 358 193 0 141 233 
212 151 90 515 966 869 721 440 481 571 840 912 425 671 302 965 210 30 329 762 296 240 380 276 452 798 367 827 307 778 383 648 827 570 461 925 384 141 0 796 
650 320 476 100 140 302 801 208 186 301 434 264 139 823 344 657 564 780 9 600 297 538 58 345 101 560 733 860 605 562 161 47 236 28 226 556 31 233 796 0 
0 209 45 408 480 448 563 659 244 585 674 5 794 143 832 720 535 359 574 999 239 310 183 968 820 832 83 105 17 68 932 252 46 242 439 940 951 300 333 764 
209 0 236 405 253 137 703 723 877 641 672 89 240 538 744 210 150 757 502 89 424 821 92 934 164 319 291 926 118 156 876 703 860 604 212 816 888 634 354 364 
45 236 0 912 46 656 986 624 686 125 554 767 344 145 170 372 610 89 211 253 318 916 717 730 904 343 574 62 678 842 769 100 846 295 603 170 585 981 196 637 
408 405 912 0 170 554 331 445 587 79 283 354 733 855 497 947 339 579 459 289 694 347 600 119 800 366 355 118 69 234 150 741 844 895 173 829 503 142 510 55 
480 253 46 170 0 469 166 72 898 825 880 34 475 164 392 376 747 29 784 803 14 458 225 225 105 970 9 776 712 192 699 543 695 218 241 141 315 537 800 187 
448 137 656 554 469 0 996 595 406 196 568 365 485 392 16 512 994 239 559 845 229 741 224 262 57 592 319 210 951 702 903 595 857 703 452 12 958 410 758 371 
563 703 986 331 166 996 0 147 675 592 16 159 509 232 199 46 450 925 423 34 717 17 70 47 146 645 672 815 159 597 356 160 435 323 811 814 518 844 613 728 
659 723 624 445 72 595 147 0 638 665 725 289 981 814 543 705 797 416 700 663 248 322 159 615 519 180 504 830 259 695 385 137 556 96 265 656 572 373 503 460 
244 877 686 587 898 406 675 638 0 924 312 809 137 680 239 867 897 88 302 752 593 96 490 216 228 152 781 769 295 745 255 585 675 780 127 123 163 216 353 179 
585 641 125 79 825 196 592 665 924 0 145 173 362 94 642 477 134 956 967 367 406 47 865 568 445 675 270 199 94 260 189 495 334 629 581 159 931 728 688 312 
674 672 554 283 880 568 16 725 312 145 0 83 239 132 702 391 887 719 266 609 866 412 844 705 823 501 569 616 435 164 953 289 521 15 576 405 352 274 908 466 
5 89 767 354 34 365 159 289 809 173 83 0 505 514 670 117 448 622 396 664 432 684 815 257 637 218 581 111 655 985 238 868 716 110 474 33 324 133 863 90 
794 240 344 733 475 485 509 981 137 362 239 505 0 111 327 507 746 439 115 69 901 814 506 436 242 669 319 683 178 967 978 186 436 936 794 16 152 711 557 268 
143 538 145 855 164 392 232 814 680 94 132 514 111 0 635 120 694 319 517 248 168 708 388 196 819 537 90 538 169 26 282 543 830 621 508 87 876 122 667 953 
832 744 170 497 392 16 199 543 239 642 702 670 327 635 0 706 92 815 245 197 172 164 865 132 754 693 777 309 592 20 691 296 142 857 763 855 710 125 277 173 
720 210 372 947 376 512 46 705 867 477 391 117 507 120 706 0 143 91 677 611 599 797 981 738 293 458 758 969 841 605 613 394 181 720 934 349 650 124 969 878 
535 150 610 339 747 994 450 797 897 134 887 448 746 694 92 143 0 302 198 884 336 160 758 378 755 754 267 593 351 362 953 441 937 609 252 843 792 889 246 381 
359 757 89 579 29 239 925 416 88 956 719 622 439 319 815 91 302 0 726 644 887 364 444 626 274 911 836 812 950 697 43 790 509 306 347 354 440 183 259 640 
574 502 211 459 784 559 423 700 302 967 266 396 115 517 245 677 198 726 0 121 789 844 514 828 945 667 629 807 262 212 394 845 697 144 440 494 816 760 353 33 
999 89 253 289 803 845 34 663 752 367 609 664 69 248 197 611 884 644 121 0 230 461 707 371 400 120 286 477 823 452 648 259 394 878 519 341 213 678 572 761 
239 424 318 694 14 229 717 248 593 406 866 432 901 168 172 599 336 887 789 230 0 695 278 214 760 522 112 241 879 950 127 843 339 793 413 113 965 813 232 220 
310 821 916 347 458 741 17 322 96 47 412 684 814 708 164 797 160 364 844 461 695 0 231 379 417 115 847 41 804 911 849 27 168 93 715 911 455 496 314 551 
183 92 717 600 225 224 70 159 490 865 844 815 506 388 865 981 758 444 514 707 278 231 0 231 188 69 400 911 243 878 975 434 78 651 856 372 623 3 334 141 
968 934 730 119 225 262 47 615 216 568 705 257 436 196 132 738 378 626 828 371 214 379 231 0 479 884 903 889 348 133 487 21 369 674 843 445 556 678 145 382 
820 164 904 800 105 57 146 519 228 445 823 637 242 819 754 293 755 274 945 400 760 417 188 479 0 320 874 111 268 897 16 48 344 532 896 718 855 681 721 25 
832 319 343 366 970 592 645 180 152 675 501 218 669 537 693 458 754 911 667 120 522 115 69 884 320 0 352 128 34 875 117 512 834 187 816 543 617 251 639 579 
83 291 574 355 9 319 672 504 781 270 569 581 319 90 777 758 267 836 629 286 112 847 400 903 874 352 0 473 988 882 440 164 629 574 274 766 972 792 390 811 
105 926 62 118 776 210 815 830 769 199 616 111 683 538 309 969 593 812 807 477 241 41 911 889 111 128 473 0 833 159 482 830 273 846 918 640 845 964 906 909 
17 118 678 69 712 951 159 259 295 94 435 655 178 169 592 841 351 950 262 823 879 804 243 348 268 34 988 833 0 19 978 152 604 318 428 799 841 483 344 644 
68 156 842 234 192 702 597 695 745 260 164 985 967 26 20 605 362 697 212 452 950 911 878 133 897 875 882 159 19 0 144 941 467 515 647 132 904 439 671 472 
932 876 769 150 699 903 356 385 255 189 953 238 978 282 691 613 953 43 394 648 127 849 975 487 16 117 440 482 978 144 0 443 529 225 265 406 431 531 396 188 
252 703 100 741 543 595 160 137 585 495 289 868 186 543 296 394 441 790 845 259 843 27 434 21 48 512 164 830 152 941 443 0 267 454 626 183 394 353 631 45 
46 860 846 844 695 857 435 556 675 334 521 716 436 830 142 181 937 509 697 394 339 168 78 369 344 834 629 273 604 467 529 267 0 904 98 403 578 796 635 351 
242 604 295 895 218 703 323 96 780 629 15 110 936 621 857 720 609 306 144 878 793 93 651 674 532 187 574 846 318 515 225 454 904 0 999 856 963 830 598 166 
439 212 603 173 241 452 811 265 127 581 576 474 794 508 763 934 252 347 440 519 413 715 856 843 896 816 274 918 428 647 265 626 98 999 0 172 95 831 432 128 
940 816 170 829 141 12 814 656 123 159 405 33 16 87 855 349 843 354 494 341 113 911 372 445 718 543 766 640 799 132 406 183 403 856 172 0 353 365 938 600 
951 888 585 503 315 958 518 572 163 931 352 324 152 876 710 650 792 440 816 213 965 455 623 556 855 617 972 845 841 904 431 394 578 963 95 353 0 157 317 255 
300 634 981 142 537 410 844 373 216 728 274 133 711 122 125 124 889 183 760 678 813 496 3 678 681 251 792 964 483 439 531 353 796 830 831 365 157 0 193 129 
333 354 196 510 800 758 613 503 353 688 908 863 557 667 277 969 246 259 353 572 232 314 334 145 721 639 390 906 344 671 396 631 635 598 432 938 317 193 0 925 
764 364 637 55 187 371 728 460 179 312 466 90 268 953 173 878 381 640 33 761 220 551 141 382 25 579 811 909 644 472 188 45 351 166 128 600 255 129 925 0 
