20 3
0 463 694 517 533 200 699 288 952 722 662 554 320 536 599 891 610 314 855 201 
463 0 517 805 903 372 641 912 759 278 805 51 862 23 963 167 173 618 983 816 
694 517 0 75 195 313 126 860 876 147 864 99 910 620 792 915 338 473 999 137 
517 805 75 0 917 871 327 333 635 952 396 79 691 651 890 31 846 389 843 601 
533 903 195 917 0 963 814 551 715 19 590 421 824 967 441 446 545 990 624 248 
200 372 313 871 963 0 282 188 781 32 90 719 456 306 613 975 458 654 117 282 
699 641 126 327 814 282 0 10 156 247 989 815 387 23 223 870 183 306 303 151 
288 912 860 333 551 188 10 0 125 96 229 654 132 474 78 364 824 174 839 880 
952 759 876 635 715 781 156 125 0 668 124 900 295 149 624 737 644 960 521 660 
722 278 147 952 19 32 247 96 668 0 835 712 207 51 947 407 487 722 92 363 
662 805 864 396 590 90 989 229 124 835 0 586 898 400 379 328 269 264 235 764 
554 51 99 79 421 719 815 654 900 712 586 0 189 349 23 213 633 550 695 658 
320 862 910 691 824 456 387 132 295 207 898 189 0 890 937 810 878 635 813 277 
536 23 620 651 967 306 23 474 149 51 400 349 890 0 45 30 545 637 622 61 
599 963 792 890 441 613 223 78 624 947 379 23 937 45 0 789 474 680 527 247 
891 167 915 31 446 975 870 364 737 407 328 213 810 30 789 0 3 488 18 676 
610 173 338 846 545 458 183 824 644 487 269 633 878 545 474 3 0 212 941 670 
314 618 473 389 990 654 306 174 960 722 264 550 635 637 680 488 212 0 281 908 
855 983 999 843 624 117 303 839 521 92 235 695 813 622 527 18 941 281 0 488 
201 816 137 601 248 282 151 880 660 363 764 658 277 61 247 676 670 908 488 0 
0 428 935 70 387 430 55 466 400 887 297 982 806 338 643 567 455 586 92 653 
428 0 48 63 401 799 221 833 696 155 616 387 648 889 129 920 726 815 102 440 
935 48 0 602 577 836 131 598 294 58 972 581 100 834 161 632 773 562 890 666 
70 63 602 0 701 84 228 732 253 302 774 789 316 664 421 682 325 8 59 596 
387 401 577 701 0 691 390 813 608 98 130 223 20 369 577 540 12 755 590 467 
430 799 836 84 691 0 986 318 262 911 818 950 158 579 153 59 67 921 2 414 
55 221 131 228 390 986 0 897 188 432 804 565 134 278 649 900 580 214 526 437 
466 833 598 732 813 318 897 0 267 218 120 195 305 499 932 492 138 964 541 758 
400 696 294 253 608 262 188 267 0 97 377 393 168 126 359 890 726 345 79 9 
887 155 58 302 98 911 432 218 97 0 457 550 129 784 419 945 217 975 161 581 
297 616 972 774 130 818 804 120 377 457 0 367 792 799 640 661 804 449 832 595 
982 387 581 789 223 950 565 195 393 550 367 0 91 503 646 262 865 994 88 469 
806 648 100 316 20 158 134 305 168 129 792 91 0 400 895 784 27 923 132 232 
338 889 834 664 369 579 278 499 126 784 799 503 400 0 324 700 771 892 38 60 
643 129 161 421 577 153 649 932 359 419 640 646 895 324 0 669 746 659 470 724 
567 920 632 682 540 59 900 492 890 945 661 262 784 700 669 0 292 545 123 182 
455 726 773 325 12 67 580 138 726 217 804 865 27 771 746 292 0 424 682 11 
586 815 562 8 755 921 214 964 345 975 449 994 923 892 659 545 424 0 212 340 
92 102 890 59 590 2 526 541 79 161 832 88 132 38 470 123 682 212 0 239 
653 440 666 596 467 414 437 758 9 581 595 469 232 60 724 182 11 340 239 0 
0 995 258 179 333 633 718 961 8 210 141 421 529 889 354 122 710 880 989 99 
995 0 187 643 86 990 53 14 536 585 720 575 232 439 191 819 665 142 411 407 
258 187 0 116 930 200 483 522 310 896 547 122 717 222 295 413 428 849 759 937 
179 643 116 0 440 59 779 588 288 540 585 496 407 751 461 958 672 851 839 437 
333 86 930 440 0 142 204 332 216 80 211 443 947 924 12 136 152 522 390 478 
633 990 200 59 142 0 333 299 426 786 548 44 807 751 543 769 707 242 602 841 
718 53 483 779 204 333 0 553 196 371 128 100 79 194 796 357 873 181 645 498 
961 14 522 588 332 299 553 0 165 101 295 781 511 247 385 432 904 587 940 647 
8 536 310 288 216 426 196 165 0 263 191 76 884 723 841 357 194 90 101 628 
210 585 896 540 80 786 371 101 263 0 297 518 124 432 410 539 216 923 492 615 
141 720 547 585 211 548 128 295 191 297 0 814 297 919 284 566 927 428 547 634 
421 575 122 496 443 44 100 781 76 518 814 0 602 763 113 920 332 599 365 973 
529 232 717 407 947 807 79 511 884 124 297 602 0 298 854 51 30 531 693 516 
889 439 222 751 924 751 194 247 723 432 919 763 298 0 792 458 769 501 286 755 
354 191 295 461 12 543 796 385 841 410 284 113 854 792 0 370 674 262 924 537 
122 819 413 958 136 769 357 432 357 539 566 920 51 458 370 0 29 312 788 255 
710 665 428 672 152 707 873 904 194 216 927 332 30 769 674 29 0 579 860 465 
880 142 849 851 522 242 181 587 90 923 428 599 531 501 262 312 579 0 917 797 
989 411 759 839 390 602 645 940 101 492 547 365 693 286 924 788 860 917 0 221 
99 407 937 437 478 841 498 647 628 615 634 973 516 755 537 255 465 797 221 0 
0 211 614 358 557 417 483 711 638 29 284 684 179 790 190 256 135 272 500 920 
211 0 980 149 412 275 360 193 410 244 604 41 498 534 525 633 434 795 446 417 
614 980 0 491 223 838 550 287 223 279 472 398 990 34 923 502 519 66 709 587 
358 149 491 0 232 521 851 325 255 688 521 617 911 596 131 591 61 396 760 920 
557 412 223 232 0 893 212 478 90 598 342 253 219 154 358 883 374 657 152 784 
417 275 838 521 893 0 250 623 178 566 914 267 850 401 559 910 45 774 912 432 
483 360 550 851 212 250 0 985 873 335 376 824 497 445 188 398 409 40 409 190 
711 193 287 325 478 623 985 0 155 925 700 71 415 85 275 624 737 558 459 659 
638 410 223 255 90 178 873 155 0 199 466 986 340 878 588 979 765 167 133 734 
29 244 279 688 598 566 335 925 199 0 199 187 556 457 669 944 78 467 724 808 
284 604 472 521 342 914 376 700 466 199 0 660 681 914 55 934 416 185 389 412 
684 41 398 617 253 267 824 71 986 187 660 0 172 219 588 628 843 999 540 864 
179 498 990 911 219 850 497 415 340 556 681 172 0 924 734 925 776 445 531 434 
790 534 34 596 154 401 445 85 878 457 914 219 924 0 979 377 899 821 537 890 
190 525 923 131 358 559 188 275 588 669 55 588 734 979 0 770 432 179 556 183 
256 633 502 591 883 910 398 624 979 944 934 628 925 377 770 0 342 996 999 165 
135 434 519 61 374 45 409 737 765 78 416 843 776 899 432 342 0 691 946 755 
272 795 66 396 657 774 40 558 167 467 185 999 445 821 179 996 691 0 397 940 
500 446 709 760 152 912 409 459 133 724 389 540 531 537 556 999 946 397 0 495 
920 417 587 920 784 432 190 659 734 808 412 864 434 890 183 165 755 940 495 0 
