10 3
0 166 345 551 958 93 183 557 623 581 
166 0 397 933 809 709 408 200 204 698 
345 397 0 256 703 322 572 856 70 599 
551 933 256 0 151 944 619 51 938 656 
958 809 703 151 0 368 896 785 592 878 
93 709 322 944 368 0 14 818 852 998 
183 408 572 619 896 14 0 164 434 102 
557 200 856 51 785 818 164 0 147 715 
623 204 70 938 592 852 434 147 0 215 
581 698 599 656 878 998 102 715 215 0 
0 472 396 440 489 930 708 409 77 472 
472 0 412 45 663 877 330 889 476 848 
396 412 0 143 687 944 669 949 342 315 
440 45 143 0 71 915 540 949 327 373 
489 663 687 71 0 247 864 495 231 899 
930 877 944 915 247 0 183 483 996 380 
708 330 669 540 864 183 0 988 321 182 
409 889 949 949 495 483 988 0 160 566 
77 476 342 327 231 996 321 160 0 109 
472 848 315 373 899 380 182 566 109 0 
0 403 720 587 833 383 542 942 52 881 
403 0 7 280 239 119 181 536 930 881 
720 7 0 761 892 402 841 932 391 112 
587 280 761 0 517 329 233 147 108 479 
833 239 892 517 0 602 817 291 692 756 
383 119 402 329 602 0 935 111 308 604 
542 181 841 233 817 935 0 694 879 973 
942 536 932 147 291 111 694 0 345 499 
52 930 391 108 692 308 879 345 0 783 
881 881 112 479 756 604 973 499 783 0 
0 164 373 946 932 143 54 672 345 823 
164 0 435 937 763 483 816 164 353 40 
373 435 0 674 756 875 900 733 406 471 
946 937 674 0 269 74 736 725 426 918 
932 763 756 269 0 958 481 796 482 851 
143 483 875 74 958 0 776 605 375 438 
54 816 900 736 481 776 0 853 852 175 
672 164 733 725 796 605 853 0 258 312 
345 353 406 426 482 375 852 258 0 298 
823 40 471 918 851 438 175 312 298 0 
