50 3
0 368 602 445 38 752 174 254 906 858 924 298 882 907 936 79 609 601 100 965 945 418 863 935 476 362 939 298 716 498 706 946 645 221 339 613 722 817 96 954 676 368 515 165 899 598 906 592 960 213 
368 0 547 448 597 885 226 279 963 721 149 556 72 292 804 360 965 285 219 826 135 293 136 401 850 620 960 303 359 103 49 833 367 934 650 651 49 741 880 233 509 662 610 327 638 314 112 499 314 294 
602 547 0 941 685 383 993 898 698 657 580 891 168 811 714 938 182 648 230 412 88 121 114 211 52 765 910 962 473 379 784 81 817 971 820 840 855 381 116 72 58 80 467 163 839 286 825 534 727 663 
445 448 941 0 11 392 175 163 506 272 197 105 61 103 379 542 229 927 860 243 750 897 705 757 29 217 574 403 908 857 692 211 986 512 753 781 126 475 34 498 805 335 759 233 474 762 556 212 154 323 
38 597 685 11 0 3 334 177 875 252 575 882 482 474 778 274 334 299 113 109 815 607 499 776 791 691 898 280 786 464 764 883 427 299 148 113 204 729 970 486 635 875 69 567 489 558 69 613 610 387 
752 885 383 392 3 0 994 982 644 868 472 580 550 702 519 835 66 243 257 143 949 530 944 671 321 24 790 397 170 426 659 829 452 470 929 141 765 68 634 28 534 700 1000 967 631 904 539 232 367 947 
174 226 993 175 334 994 0 378 721 463 28 817 893 625 637 213 452 907 189 954 415 921 895 534 360 637 241 36 959 954 223 482 163 648 497 913 118 28 62 453 250 66 438 670 962 738 554 606 893 528 
254 279 898 163 177 982 378 0 710 281 881 49 637 811 618 881 210 148 659 869 488 691 930 200 894 591 916 51 140 824 288 572 716 741 224 336 340 473 521 884 947 829 15 307 615 620 473 744 453 333 
906 963 698 506 875 644 721 710 0 200 548 520 949 353 964 429 735 392 587 90 361 409 915 705 7 526 39 441 2 591 166 116 756 75 804 878 12 841 591 790 922 63 823 863 692 797 970 660 913 349 
858 721 657 272 252 868 463 281 200 0 823 879 553 301 957 396 700 376 252 27 178 368 276 715 257 484 337 807 127 517 568 639 409 195 752 925 685 60 509 335 31 776 53 683 872 240 636 605 171 337 
924 149 580 197 575 472 28 881 548 823 0 197 927 393 820 11 555 79 579 359 299 917 360 230 531 243 662 192 38 922 319 537 94 815 764 21 966 525 361 288 144 496 42 746 758 254 721 156 635 114 
298 556 891 105 882 580 817 49 520 879 197 0 86 153 500 507 507 154 642 819 166 676 788 468 465 55 915 214 833 427 458 315 575 573 225 946 927 632 493 101 369 593 490 963 629 978 82 19 852 964 
882 72 168 61 482 550 893 637 949 553 927 86 0 840 903 763 671 122 513 967 694 1 145 666 68 184 697 771 396 108 14 849 938 332 42 655 114 567 990 428 919 114 32 890 808 605 334 902 147 18 
907 292 811 103 474 702 625 811 353 301 393 153 840 0 943 530 463 133 713 146 160 937 274 505 536 175 686 377 919 99 529 616 366 451 545 902 372 782 845 740 304 802 809 551 284 398 68 67 523 37 
936 804 714 379 778 519 637 618 964 957 820 500 903 943 0 686 663 786 308 933 634 330 909 294 806 822 909 388 216 699 858 539 894 283 399 87 554 987 132 609 453 986 810 857 642 910 51 335 423 428 
79 360 938 542 274 835 213 881 429 396 11 507 763 530 686 0 817 177 632 289 404 353 196 662 833 513 747 186 431 629 855 553 431 344 442 32 501 329 404 800 937 841 252 909 279 619 559 846 851 990 
609 965 182 229 334 66 452 210 735 700 555 507 671 463 663 817 0 108 409 767 56 194 644 162 671 418 684 860 169 918 226 73 280 273 333 943 692 487 431 982 191 651 581 875 69 407 584 513 836 742 
601 285 648 927 299 243 907 148 392 376 79 154 122 133 786 177 108 0 838 108 516 170 656 423 436 209 910 310 761 97 647 992 975 253 503 437 312 287 353 338 864 226 610 580 19 464 95 225 467 388 
100 219 230 860 113 257 189 659 587 252 579 642 513 713 308 632 409 838 0 461 780 717 306 365 827 27 390 869 18 382 44 858 109 68 530 25 261 11 723 632 438 605 545 759 905 94 929 541 270 949 
965 826 412 243 109 143 954 869 90 27 359 819 967 146 933 289 767 108 461 0 72 247 532 362 416 795 795 962 537 624 819 913 262 543 668 677 800 994 905 42 31 400 39 630 974 576 206 572 27 935 
945 135 88 750 815 949 415 488 361 178 299 166 694 160 634 404 56 516 780 72 0 234 816 622 376 921 693 798 647 853 427 59 279 970 366 946 575 52 563 390 821 311 945 142 396 966 611 564 333 629 
418 293 121 897 607 530 921 691 409 368 917 676 1 937 330 353 194 170 717 247 234 0 799 344 885 699 959 978 37 134 180 350 363 398 712 648 164 492 681 233 603 853 958 458 724 764 668 988 497 813 
863 136 114 705 499 944 895 930 915 276 360 788 145 274 909 196 644 656 306 532 816 799 0 17 690 354 693 159 611 379 730 894 555 251 977 713 535 263 503 230 634 616 617 442 255 384 982 517 883 750 
935 401 211 757 776 671 534 200 705 715 230 468 666 505 294 662 162 423 365 362 622 344 17 0 18 32 110 928 984 653 495 189 349 557 290 348 718 963 176 381 521 142 571 532 53 567 137 683 435 444 
476 850 52 29 791 321 360 894 7 257 531 465 68 536 806 833 671 436 827 416 376 885 690 18 0 393 523 971 156 978 823 601 895 880 639 253 355 615 789 896 912 214 55 571 548 163 854 702 333 977 
362 620 765 217 691 24 637 591 526 484 243 55 184 175 822 513 418 209 27 795 921 699 354 32 393 0 752 199 248 297 799 366 634 697 788 671 428 152 422 476 129 13 440 72 26 197 386 271 77 316 
939 960 910 574 898 790 241 916 39 337 662 915 697 686 909 747 684 910 390 795 693 959 693 110 523 752 0 481 255 413 221 398 475 841 779 18 544 126 627 272 284 760 874 607 236 134 960 94 306 411 
298 303 962 403 280 397 36 51 441 807 192 214 771 377 388 186 860 310 869 962 798 978 159 928 971 199 481 0 156 271 656 498 381 237 328 212 852 712 593 586 777 499 441 556 264 749 81 49 684 962 
716 359 473 908 786 170 959 140 2 127 38 833 396 919 216 431 169 761 18 537 647 37 611 984 156 248 255 156 0 366 260 809 801 482 621 227 39 371 697 193 41 364 802 840 689 850 9 128 252 28 
498 103 379 857 464 426 954 824 591 517 922 427 108 99 699 629 918 97 382 624 853 134 379 653 978 297 413 271 366 0 763 818 484 376 267 666 94 312 851 957 904 313 521 901 990 890 779 253 347 401 
706 49 784 692 764 659 223 288 166 568 319 458 14 529 858 855 226 647 44 819 427 180 730 495 823 799 221 656 260 763 0 475 75 592 869 850 146 156 219 728 86 821 62 677 640 274 317 442 295 269 
946 833 81 211 883 829 482 572 116 639 537 315 849 616 539 553 73 992 858 913 59 350 894 189 601 366 398 498 809 818 475 0 181 235 294 458 233 633 589 431 410 387 970 377 170 421 937 228 840 220 
645 367 817 986 427 452 163 716 756 409 94 575 938 366 894 431 280 975 109 262 279 363 555 349 895 634 475 381 801 484 75 181 0 335 587 704 470 813 438 420 822 7 462 987 484 972 772 876 838 795 
221 934 971 512 299 470 648 741 75 195 815 573 332 451 283 344 273 253 68 543 970 398 251 557 880 697 841 237 482 376 592 235 335 0 82 563 921 422 722 580 470 14 446 146 134 582 700 428 3 45 
339 650 820 753 148 929 497 224 804 752 764 225 42 545 399 442 333 503 530 668 366 712 977 290 639 788 779 328 621 267 869 294 587 82 0 71 1 516 993 747 420 40 500 325 152 478 12 940 309 662 
613 651 840 781 113 141 913 336 878 925 21 946 655 902 87 32 943 437 25 677 946 648 713 348 253 671 18 212 227 666 850 458 704 563 71 0 592 178 162 189 278 959 110 793 196 952 380 320 307 422 
722 49 855 126 204 765 118 340 12 685 966 927 114 372 554 501 692 312 261 800 575 164 535 718 355 428 544 852 39 94 146 233 470 921 1 592 0 34 669 877 596 39 813 425 23 13 705 160 141 382 
817 741 381 475 729 68 28 473 841 60 525 632 567 782 987 329 487 287 11 994 52 492 263 963 615 152 126 712 371 312 156 633 813 422 516 178 34 0 707 862 511 922 401 386 459 164 480 513 922 590 
96 880 116 34 970 634 62 521 591 509 361 493 990 845 132 404 431 353 723 905 563 681 503 176 789 422 627 593 697 851 219 589 438 722 993 162 669 707 0 224 737 265 106 984 676 248 374 77 263 515 
954 233 72 498 486 28 453 884 790 335 288 101 428 740 609 800 982 338 632 42 390 233 230 381 896 476 272 586 193 957 728 431 420 580 747 189 877 862 224 0 237 209 921 902 409 286 898 983 889 639 
676 509 58 805 635 534 250 947 922 31 144 369 919 304 453 937 191 864 438 31 821 603 634 521 912 129 284 777 41 904 86 410 822 470 420 278 596 511 737 237 0 150 495 481 281 909 100 950 237 279 
368 662 80 335 875 700 66 829 63 776 496 593 114 802 986 841 651 226 605 400 311 853 616 142 214 13 760 499 364 313 821 387 7 14 40 959 39 922 265 209 150 0 267 344 913 383 486 667 122 37 
515 610 467 759 69 1000 438 15 823 53 42 490 32 809 810 252 581 610 545 39 945 958 617 571 55 440 874 441 802 521 62 970 462 446 500 110 813 401 106 921 495 267 0 924 293 457 988 609 524 226 
165 327 163 233 567 967 670 307 863 683 746 963 890 551 857 909 875 580 759 630 142 458 442 532 571 72 607 556 840 901 677 377 987 146 325 793 425 386 984 902 481 344 924 0 103 426 946 244 204 103 
899 638 839 474 489 631 962 615 692 872 758 629 808 284 642 279 69 19 905 974 396 724 255 53 548 26 236 264 689 990 640 170 484 134 152 196 23 459 676 409 281 913 293 103 0 239 403 874 194 812 
598 314 286 762 558 904 738 620 797 240 254 978 605 398 910 619 407 464 94 576 966 764 384 567 163 197 134 749 850 890 274 421 972 582 478 952 13 164 248 286 909 383 457 426 239 0 236 651 861 236 
906 112 825 556 69 539 554 473 970 636 721 82 334 68 51 559 584 95 929 206 611 668 982 137 854 386 960 81 9 779 317 937 772 700 12 380 705 480 374 898 100 486 988 946 403 236 0 389 84 87 
592 499 534 212 613 232 606 744 660 605 156 19 902 67 335 846 513 225 541 572 564 988 517 683 702 271 94 49 128 253 442 228 876 428 940 320 160 513 77 983 950 667 609 244 874 651 389 0 315 342 
960 314 727 154 610 367 893 453 913 171 635 852 147 523 423 851 836 467 270 27 333 497 883 435 333 77 306 684 252 347 295 840 838 3 309 307 141 922 263 889 237 122 524 204 194 861 84 315 0 809 
213 294 663 323 387 947 528 333 349 337 114 964 18 37 428 990 742 388 949 935 629 813 750 444 977 316 411 962 28 401 269 220 795 45 662 422 382 590 515 639 279 37 226 103 812 236 87 342 809 0 
0 715 247 933 967 731 878 693 45 815 394 898 1 368 474 156 320 436 768 252 807 645 103 985 282 187 279 796 431 938 700 493 377 947 308 376 740 58 654 401 143 879 390 767 986 58 608 211 319 841 
715 0 815 217 890 112 682 338 282 968 174 543 972 493 936 790 373 564 553 773 52 682 379 42 596 763 121 608 954 220 297 434 928 364 834 992 518 895 64 25 863 541 668 138 160 288 123 967 277 454 
247 815 0 411 82 888 861 321 467 89 736 448 605 484 863 869 44 267 465 738 495 77 395 136 96 2 790 591 268 935 985 158 293 842 334 481 257 414 516 137 456 630 385 63 239 403 745 24 773 544 
933 217 411 0 491 889 508 355 861 224 11 538 364 412 110 440 365 235 857 442 125 897 263 283 519 626 829 319 397 493 571 579 352 358 591 136 417 804 591 121 807 576 140 895 908 572 279 389 511 495 
967 890 82 491 0 27 746 634 978 857 735 445 695 700 87 224 301 579 965 549 296 476 989 1 820 488 534 672 188 792 947 887 349 195 333 214 376 803 330 919 892 58 701 84 769 163 180 445 151 489 
731 112 888 889 27 0 552 63 187 640 740 812 950 56 360 809 920 314 592 758 146 937 275 348 101 353 725 509 982 554 917 810 281 291 669 362 91 679 656 617 948 502 917 623 43 654 714 824 535 730 
878 682 861 508 746 552 0 884 264 698 477 82 754 214 452 614 878 227 542 342 585 91 639 893 244 771 847 280 191 628 319 699 337 237 768 338 472 594 893 545 584 950 830 438 361 163 793 244 359 696 
693 338 321 355 634 63 884 0 301 206 564 511 489 236 786 965 49 164 835 211 2 237 664 928 282 302 728 623 879 715 655 839 559 157 868 314 790 403 992 170 890 852 844 984 403 211 523 462 76 72 
45 282 467 861 978 187 264 301 0 642 971 829 160 409 71 323 730 707 969 125 272 577 152 107 134 67 387 122 384 22 32 631 265 747 647 44 798 313 961 110 622 237 314 963 574 896 367 246 954 136 
815 968 89 224 857 640 698 206 642 0 482 559 210 512 897 556 235 106 56 813 826 666 980 283 962 722 6 485 366 766 129 72 888 929 800 338 244 729 888 781 356 647 777 763 693 845 999 742 13 374 
394 174 736 11 735 740 477 564 971 482 0 795 561 635 331 544 101 948 581 446 710 759 234 264 716 772 928 672 712 938 880 872 226 596 731 577 879 954 850 273 42 909 204 262 943 692 517 375 494 949 
898 543 448 538 445 812 82 511 829 559 795 0 173 624 595 11 482 326 29 307 520 333 7 815 263 159 440 446 842 411 816 586 231 955 465 319 417 186 370 554 677 646 312 773 971 556 681 385 770 412 
1 972 605 364 695 950 754 489 160 210 561 173 0 696 987 912 811 166 843 675 198 866 611 433 720 950 458 897 758 346 454 609 4 72 320 931 838 31 759 969 817 780 599 55 517 591 825 507 805 30 
368 493 484 412 700 56 214 236 409 512 635 624 696 0 61 770 259 448 932 120 603 336 490 34 749 432 704 29 945 771 437 667 170 972 1 441 359 920 86 49 573 872 127 538 974 788 409 392 65 315 
474 936 863 110 87 360 452 786 71 897 331 595 987 61 0 609 206 417 963 285 939 91 316 972 944 208 86 218 550 355 88 994 678 651 777 922 83 160 29 948 88 23 945 351 763 291 600 811 811 149 
156 790 869 440 224 809 614 965 323 556 544 11 912 770 609 0 278 346 420 819 540 619 855 327 996 912 759 361 802 92 178 291 363 576 4 512 858 266 836 238 297 592 364 623 509 737 595 941 187 627 
320 373 44 365 301 920 878 49 730 235 101 482 811 259 206 278 0 913 226 51 608 936 134 540 103 716 451 383 116 960 292 994 158 434 16 70 904 485 91 552 949 635 449 863 702 288 385 576 910 166 
436 564 267 235 579 314 227 164 707 106 948 326 166 448 417 346 913 0 416 685 624 859 780 668 88 955 393 29 102 292 712 888 652 79 204 932 189 268 122 606 214 365 54 650 228 902 807 656 138 687 
768 553 465 857 965 592 542 835 969 56 581 29 843 932 963 420 226 416 0 351 3 631 256 595 754 234 558 990 109 812 900 827 757 739 107 820 382 221 476 185 163 126 489 425 350 812 175 145 66 77 
252 773 738 442 549 758 342 211 125 813 446 307 675 120 285 819 51 685 351 0 588 884 624 160 548 530 714 751 163 966 463 906 399 198 770 969 815 371 229 156 953 998 589 206 790 36 426 489 943 207 
807 52 495 125 296 146 585 2 272 826 710 520 198 603 939 540 608 624 3 588 0 328 593 26 337 989 190 789 980 28 574 25 914 257 653 963 335 672 75 240 49 891 403 59 903 950 392 751 998 511 
645 682 77 897 476 937 91 237 577 666 759 333 866 336 91 619 936 859 631 884 328 0 18 495 73 775 746 49 830 679 592 454 882 886 706 137 431 66 121 47 531 841 87 986 186 117 498 965 585 14 
103 379 395 263 989 275 639 664 152 980 234 7 611 490 316 855 134 780 256 624 593 18 0 274 196 530 298 578 695 37 301 693 946 542 829 402 754 964 764 638 327 596 34 645 266 987 55 409 751 499 
985 42 136 283 1 348 893 928 107 283 264 815 433 34 972 327 540 668 595 160 26 495 274 0 416 29 491 973 645 513 266 781 277 471 178 677 573 189 189 712 170 139 837 633 862 581 374 101 819 770 
282 596 96 519 820 101 244 282 134 962 716 263 720 749 944 996 103 88 754 548 337 73 196 416 0 735 1000 980 109 438 883 288 657 611 94 51 596 685 540 137 744 506 178 362 757 590 950 668 411 111 
187 763 2 626 488 353 771 302 67 722 772 159 950 432 208 912 716 955 234 530 989 775 530 29 735 0 475 650 513 160 672 599 239 401 145 660 213 864 540 891 959 608 551 733 244 97 526 219 182 41 
279 121 790 829 534 725 847 728 387 6 928 440 458 704 86 759 451 393 558 714 190 746 298 491 1000 475 0 997 225 138 592 308 55 334 941 207 87 273 559 810 148 86 454 666 921 652 645 420 250 330 
796 608 591 319 672 509 280 623 122 485 672 446 897 29 218 361 383 29 990 751 789 49 578 973 980 650 997 0 875 277 189 753 583 724 298 757 290 901 815 741 160 785 289 31 218 30 857 949 394 87 
431 954 268 397 188 982 191 879 384 366 712 842 758 945 550 802 116 102 109 163 980 830 695 645 109 513 225 875 0 545 50 779 777 841 975 663 849 154 411 30 514 616 375 905 602 139 812 697 99 710 
938 220 935 493 792 554 628 715 22 766 938 411 346 771 355 92 960 292 812 966 28 679 37 513 438 160 138 277 545 0 70 420 625 634 792 210 286 90 293 657 60 66 931 952 738 37 638 67 845 197 
700 297 985 571 947 917 319 655 32 129 880 816 454 437 88 178 292 712 900 463 574 592 301 266 883 672 592 189 50 70 0 735 926 772 101 928 370 185 808 945 786 48 720 317 162 544 937 580 809 305 
493 434 158 579 887 810 699 839 631 72 872 586 609 667 994 291 994 888 827 906 25 454 693 781 288 599 308 753 779 420 735 0 879 556 945 789 511 484 194 443 6 877 835 248 245 762 168 824 877 676 
377 928 293 352 349 281 337 559 265 888 226 231 4 170 678 363 158 652 757 399 914 882 946 277 657 239 55 583 777 625 926 879 0 629 29 570 53 468 211 718 628 774 460 637 77 494 401 794 311 41 
947 364 842 358 195 291 237 157 747 929 596 955 72 972 651 576 434 79 739 198 257 886 542 471 611 401 334 724 841 634 772 556 629 0 704 393 748 695 141 255 634 727 687 989 546 906 502 20 133 329 
308 834 334 591 333 669 768 868 647 800 731 465 320 1 777 4 16 204 107 770 653 706 829 178 94 145 941 298 975 792 101 945 29 704 0 551 576 275 932 713 507 730 229 343 283 416 108 798 245 350 
376 992 481 136 214 362 338 314 44 338 577 319 931 441 922 512 70 932 820 969 963 137 402 677 51 660 207 757 663 210 928 789 570 393 551 0 174 79 538 179 661 414 263 727 64 591 811 496 449 281 
740 518 257 417 376 91 472 790 798 244 879 417 838 359 83 858 904 189 382 815 335 431 754 573 596 213 87 290 849 286 370 511 53 748 576 174 0 968 197 320 2 29 767 706 426 228 562 286 576 867 
58 895 414 804 803 679 594 403 313 729 954 186 31 920 160 266 485 268 221 371 672 66 964 189 685 864 273 901 154 90 185 484 468 695 275 79 968 0 373 628 753 202 934 648 243 703 625 889 654 876 
654 64 516 591 330 656 893 992 961 888 850 370 759 86 29 836 91 122 476 229 75 121 764 189 540 540 559 815 411 293 808 194 211 141 932 538 197 373 0 561 547 96 238 678 306 62 112 171 178 983 
401 25 137 121 919 617 545 170 110 781 273 554 969 49 948 238 552 606 185 156 240 47 638 712 137 891 810 741 30 657 945 443 718 255 713 179 320 628 561 0 249 743 200 288 371 731 882 765 773 676 
143 863 456 807 892 948 584 890 622 356 42 677 817 573 88 297 949 214 163 953 49 531 327 170 744 959 148 160 514 60 786 6 628 634 507 661 2 753 547 249 0 226 472 279 650 728 165 288 672 109 
879 541 630 576 58 502 950 852 237 647 909 646 780 872 23 592 635 365 126 998 891 841 596 139 506 608 86 785 616 66 48 877 774 727 730 414 29 202 96 743 226 0 299 554 779 429 561 177 276 713 
390 668 385 140 701 917 830 844 314 777 204 312 599 127 945 364 449 54 489 589 403 87 34 837 178 551 454 289 375 931 720 835 460 687 229 263 767 934 238 200 472 299 0 939 64 531 607 395 766 658 
767 138 63 895 84 623 438 984 963 763 262 773 55 538 351 623 863 650 425 206 59 986 645 633 362 733 666 31 905 952 317 248 637 989 343 727 706 648 678 288 279 554 939 0 127 69 809 157 62 54 
986 160 239 908 769 43 361 403 574 693 943 971 517 974 763 509 702 228 350 790 903 186 266 862 757 244 921 218 602 738 162 245 77 546 283 64 426 243 306 371 650 779 64 127 0 983 624 572 788 219 
58 288 403 572 163 654 163 211 896 845 692 556 591 788 291 737 288 902 812 36 950 117 987 581 590 97 652 30 139 37 544 762 494 906 416 591 228 703 62 731 728 429 531 69 983 0 828 662 434 967 
608 123 745 279 180 714 793 523 367 999 517 681 825 409 600 595 385 807 175 426 392 498 55 374 950 526 645 857 812 638 937 168 401 502 108 811 562 625 112 882 165 561 607 809 624 828 0 457 922 984 
211 967 24 389 445 824 244 462 246 742 375 385 507 392 811 941 576 656 145 489 751 965 409 101 668 219 420 949 697 67 580 824 794 20 798 496 286 889 171 765 288 177 395 157 572 662 457 0 763 394 
319 277 773 511 151 535 359 76 954 13 494 770 805 65 811 187 910 138 66 943 998 585 751 819 411 182 250 394 99 845 809 877 311 133 245 449 576 654 178 773 672 276 766 62 788 434 922 763 0 623 
841 454 544 495 489 730 696 72 136 374 949 412 30 315 149 627 166 687 77 207 511 14 499 770 111 41 330 87 710 197 305 676 41 329 350 281 867 876 983 676 109 713 658 54 219 967 984 394 623 0 
0 760 364 740 926 711 994 695 256 580 418 933 138 390 318 189 364 532 859 164 846 472 190 949 240 36 353 857 467 855 583 473 305 965 317 233 846 173 672 485 193 885 462 784 937 82 636 317 513 732 
760 0 751 441 864 117 683 198 444 934 209 653 982 543 998 722 302 624 660 768 7 580 291 140 709 652 195 637 874 237 394 445 884 481 875 908 413 810 175 104 945 639 761 292 164 272 105 821 376 604 
364 751 0 539 34 828 746 241 548 173 801 405 822 402 992 794 106 307 379 845 359 49 548 101 130 5 960 705 356 745 968 102 65 918 419 466 351 287 527 105 455 497 286 63 307 451 622 76 550 473 
740 441 539 0 529 912 528 384 676 225 16 648 348 441 104 376 227 292 835 249 127 932 62 228 631 575 783 422 371 478 514 750 546 375 633 305 371 568 512 23 774 639 192 903 981 551 189 423 697 573 
926 864 34 529 0 77 802 532 685 750 852 602 653 619 287 284 312 789 836 683 222 301 991 9 696 138 495 610 149 741 867 792 401 149 388 138 589 575 310 992 883 245 747 67 790 27 58 546 74 525 
711 117 828 912 77 0 662 26 140 589 544 896 941 119 368 776 858 412 638 772 199 970 274 315 96 455 954 755 858 738 794 762 263 206 649 331 68 725 712 532 996 563 970 583 67 525 963 805 386 716 
994 683 746 528 802 662 0 884 168 644 458 112 911 371 714 646 880 270 602 399 414 287 613 954 250 918 721 428 128 692 450 679 378 65 753 390 560 570 789 512 738 901 830 460 451 225 681 262 483 709 
695 198 241 384 532 26 884 0 292 257 409 332 521 21 797 888 40 127 859 158 78 333 789 779 355 307 631 422 943 886 591 912 507 176 781 248 753 482 926 128 975 894 962 955 307 331 404 309 167 63 
256 444 548 676 685 140 168 292 0 601 911 740 63 643 116 312 924 761 981 196 518 697 223 189 109 25 363 162 464 64 272 642 296 793 632 17 740 170 959 41 607 379 186 971 609 702 358 64 952 330 
580 934 173 225 750 589 644 257 601 0 384 667 131 475 734 571 260 64 127 871 943 840 902 131 770 656 80 495 458 742 234 262 834 989 867 328 268 669 802 724 187 894 708 706 737 807 819 512 126 494 
418 209 801 16 852 544 458 409 911 384 0 846 533 599 173 395 25 936 600 505 876 820 205 331 890 823 741 574 779 940 810 879 232 650 877 543 963 864 928 422 113 800 373 401 807 628 383 330 542 937 
933 653 405 648 602 896 112 332 740 667 846 0 93 588 639 34 664 387 80 452 426 302 27 788 415 171 376 425 821 456 839 417 66 830 685 447 512 202 416 628 716 612 539 789 927 539 622 436 832 368 
138 982 822 348 653 941 911 521 63 131 533 93 0 638 811 983 860 189 548 738 92 734 507 367 904 837 466 838 849 428 528 631 86 89 278 825 920 8 701 909 737 798 402 9 434 745 737 464 784 93 
390 543 402 441 619 119 371 21 643 475 599 588 638 0 89 904 101 401 873 206 719 311 489 27 972 462 767 51 913 822 368 645 106 920 105 362 362 715 129 47 348 865 246 446 933 704 341 347 33 356 
318 998 992 104 287 368 714 797 116 734 173 639 811 89 0 575 308 275 819 383 959 109 367 868 802 337 105 196 537 276 84 838 622 472 806 887 94 48 227 987 111 42 861 432 719 458 656 670 858 53 
189 722 794 376 284 776 646 888 312 571 395 34 983 904 575 0 115 455 481 646 578 594 971 300 976 977 643 439 812 185 253 272 333 507 26 505 689 33 964 229 192 433 576 478 338 806 793 925 298 666 
364 302 106 227 312 858 880 40 924 260 25 664 860 101 308 115 0 713 434 26 872 964 102 649 26 711 470 318 103 965 253 860 181 651 205 263 757 258 83 451 918 540 255 982 596 182 397 686 950 273 
532 624 307 292 789 412 270 127 761 64 936 387 189 401 275 455 713 0 415 747 607 863 774 595 41 971 437 154 228 314 977 769 790 115 201 943 65 185 64 466 51 236 26 482 149 931 930 824 165 779 
859 660 379 835 836 638 602 859 981 127 600 80 548 873 819 481 434 415 0 428 237 652 313 391 603 112 609 885 126 733 752 990 747 665 18 632 454 455 373 416 152 1 429 382 283 956 71 85 32 67 
164 768 845 249 683 772 399 158 196 871 505 452 738 206 383 646 26 747 428 0 682 799 508 277 584 445 838 861 428 938 430 812 394 208 846 998 730 161 141 55 886 872 589 213 648 122 365 321 876 206 
846 7 359 127 222 199 414 78 518 943 876 426 92 719 959 578 872 607 237 682 0 394 507 155 274 974 180 580 948 47 691 223 756 230 683 852 250 745 97 228 81 965 460 48 750 865 287 580 962 451 
472 580 49 932 301 970 287 333 697 840 820 302 734 311 109 594 964 863 652 799 394 0 26 590 41 884 750 98 849 531 548 355 856 680 609 195 419 123 32 57 572 814 101 962 426 183 543 995 691 7 
190 291 548 62 991 274 613 789 223 902 205 27 507 489 367 971 102 774 313 508 507 26 0 183 184 592 353 728 590 135 197 935 871 507 835 416 872 928 911 800 154 642 40 667 160 801 212 259 780 533 
949 140 101 228 9 315 954 779 189 131 331 788 367 27 868 300 649 595 391 277 155 590 183 0 483 192 382 838 701 590 111 616 107 599 232 736 585 282 95 814 296 336 746 633 666 536 395 224 971 657 
240 709 130 631 696 96 250 355 109 770 890 415 904 972 802 976 26 41 603 584 274 41 184 483 0 862 993 897 236 459 861 362 713 483 31 148 620 823 548 118 830 478 237 435 624 936 903 546 415 77 
36 652 5 575 138 455 918 307 25 656 823 171 837 462 337 977 711 971 112 445 974 884 592 192 862 0 472 571 536 109 665 571 294 460 175 709 255 925 695 966 905 473 536 740 91 74 545 322 398 44 
353 195 960 783 495 954 721 631 363 80 741 376 466 767 105 643 470 437 609 838 180 750 353 382 993 472 0 953 147 75 571 294 76 170 934 238 209 365 776 582 227 46 308 605 912 399 671 353 275 462 
857 637 705 422 610 755 428 422 162 495 574 425 838 51 196 439 318 154 885 861 580 98 728 838 897 571 953 0 887 610 237 661 612 703 194 839 415 914 953 890 29 719 365 3 174 3 782 941 434 66 
467 874 356 371 149 858 128 943 464 458 779 821 849 913 537 812 103 228 126 428 948 849 590 701 236 536 147 887 0 646 251 907 728 936 797 734 804 46 369 1 418 614 430 775 538 251 597 777 91 530 
855 237 745 478 741 738 692 886 64 742 940 456 428 822 276 185 965 314 733 938 47 531 135 590 459 109 75 610 646 0 172 108 597 593 589 131 312 213 463 644 43 225 816 1000 789 60 713 78 668 15 
583 394 968 514 867 794 450 591 272 234 810 839 528 368 84 253 253 977 752 430 691 548 197 111 861 665 571 237 251 172 0 705 843 662 143 948 341 151 836 992 793 106 725 375 208 724 836 747 643 356 
473 445 102 750 792 762 679 912 642 262 879 417 631 645 838 272 860 769 990 812 223 355 935 616 362 571 294 661 907 108 705 0 972 673 919 680 602 558 94 467 23 914 816 312 308 783 138 856 950 735 
305 884 65 546 401 263 378 507 296 834 232 66 86 106 622 333 181 790 747 394 756 856 871 107 713 294 76 612 728 597 843 972 0 648 125 519 94 381 236 742 518 963 327 581 219 562 564 657 287 72 
965 481 918 375 149 206 65 176 793 989 650 830 89 920 472 507 651 115 665 208 230 680 507 599 483 460 170 703 936 593 662 673 648 0 604 406 645 766 241 247 426 682 878 792 713 876 752 123 181 432 
317 875 419 633 388 649 753 781 632 867 877 685 278 105 806 26 205 201 18 846 683 609 835 232 31 175 934 194 797 589 143 919 125 604 0 578 602 166 923 560 525 602 171 194 350 551 99 594 376 338 
233 908 466 305 138 331 390 248 17 328 543 447 825 362 887 505 263 943 632 998 852 195 416 736 148 709 238 839 734 131 948 680 519 406 578 0 187 313 469 163 507 612 172 595 140 795 828 471 469 303 
846 413 351 371 589 68 560 753 740 268 963 512 920 362 94 689 757 65 454 730 250 419 872 585 620 255 209 415 804 312 341 602 94 645 602 187 0 917 67 276 156 82 810 893 431 206 612 382 472 847 
173 810 287 568 575 725 570 482 170 669 864 202 8 715 48 33 258 185 455 161 745 123 928 282 823 925 365 914 46 213 151 558 381 766 166 313 917 0 226 560 930 212 798 633 297 742 665 874 656 790 
672 175 527 512 310 712 789 926 959 802 928 416 701 129 227 964 83 64 373 141 97 32 911 95 548 695 776 953 369 463 836 94 236 241 923 469 67 226 0 565 725 125 249 817 425 55 127 185 343 949 
485 104 105 23 992 532 512 128 41 724 422 628 909 47 987 229 451 466 416 55 228 57 800 814 118 966 582 890 1 644 992 467 742 247 560 163 276 560 565 0 79 735 224 239 427 813 991 909 827 868 
193 945 455 774 883 996 738 975 607 187 113 716 737 348 111 192 918 51 152 886 81 572 154 296 830 905 227 29 418 43 793 23 518 426 525 507 156 930 725 79 0 236 486 303 594 848 292 174 665 294 
885 639 497 639 245 563 901 894 379 894 800 612 798 865 42 433 540 236 1 872 965 814 642 336 478 473 46 719 614 225 106 914 963 682 602 612 82 212 125 735 236 0 268 484 813 501 515 257 421 769 
462 761 286 192 747 970 830 962 186 708 373 539 402 246 861 576 255 26 429 589 460 101 40 746 237 536 308 365 430 816 725 816 327 878 171 172 810 798 249 224 486 268 0 895 253 493 747 407 787 615 
784 292 63 903 67 583 460 955 971 706 401 789 9 446 432 478 982 482 382 213 48 962 667 633 435 740 605 3 775 1000 375 312 581 792 194 595 893 633 817 239 303 484 895 0 120 36 804 46 24 248 
937 164 307 981 790 67 451 307 609 737 807 927 434 933 719 338 596 149 283 648 750 426 160 666 624 91 912 174 538 789 208 308 219 713 350 140 431 297 425 427 594 813 253 120 0 999 500 599 865 369 
82 272 451 551 27 525 225 331 702 807 628 539 745 704 458 806 182 931 956 122 865 183 801 536 936 74 399 3 251 60 724 783 562 876 551 795 206 742 55 813 848 501 493 36 999 0 771 568 406 946 
636 105 622 189 58 963 681 404 358 819 383 622 737 341 656 793 397 930 71 365 287 543 212 395 903 545 671 782 597 713 836 138 564 752 99 828 612 665 127 991 292 515 747 804 500 771 0 335 976 938 
317 821 76 423 546 805 262 309 64 512 330 436 464 347 670 925 686 824 85 321 580 995 259 224 546 322 353 941 777 78 747 856 657 123 594 471 382 874 185 909 174 257 407 46 599 568 335 0 667 204 
513 376 550 697 74 386 483 167 952 126 542 832 784 33 858 298 950 165 32 876 962 691 780 971 415 398 275 434 91 668 643 950 287 181 376 469 472 656 343 827 665 421 787 24 865 406 976 667 0 519 
732 604 473 573 525 716 709 63 330 494 937 368 93 356 53 666 273 779 67 206 451 7 533 657 77 44 462 66 530 15 356 735 72 432 338 303 847 790 949 868 294 769 615 248 369 946 938 204 519 0 
0 699 317 939 798 728 858 677 171 785 394 841 67 186 562 55 158 556 589 216 812 713 131 947 342 172 168 658 588 909 894 417 163 994 334 499 670 94 522 332 232 828 687 718 759 169 585 332 361 752 
699 0 799 212 906 84 765 381 188 977 45 489 896 511 928 637 512 535 595 780 224 491 365 13 543 726 268 510 976 327 218 398 896 211 898 836 544 999 14 59 587 682 540 73 140 238 196 907 496 531 
317 799 0 482 6 878 907 375 422 119 688 476 627 394 843 795 26 395 511 730 495 247 486 175 147 42 868 683 43 914 950 286 352 889 232 539 215 380 585 62 339 696 400 8 516 317 630 80 771 482 
939 212 482 0 453 953 515 295 901 226 160 546 266 440 166 401 179 255 966 365 220 707 314 424 664 669 865 290 661 640 609 534 494 412 559 351 557 778 696 102 848 518 201 889 841 554 225 340 544 479 
798 906 6 453 0 16 810 587 818 948 940 585 577 636 67 357 109 554 959 495 372 512 934 75 687 482 564 944 366 939 886 754 575 70 123 453 312 849 200 837 847 82 794 79 969 178 251 432 158 618 
728 84 878 953 16 0 533 219 152 508 693 824 950 122 435 842 945 192 571 779 153 1000 416 448 158 317 743 228 940 552 840 692 182 232 726 195 172 782 612 651 839 481 717 571 10 620 722 907 469 718 
858 765 907 515 810 533 0 922 75 705 358 83 703 434 582 483 769 32 373 343 743 250 825 752 135 652 893 277 169 671 384 783 255 289 624 466 476 642 910 481 662 731 794 395 419 168 848 229 312 657 
677 381 375 295 587 219 922 0 438 195 754 633 588 306 700 847 58 153 871 170 211 318 573 850 455 168 782 572 904 916 779 735 672 92 941 248 667 518 808 118 954 698 627 892 352 149 674 495 74 208 
171 188 422 901 818 152 75 438 0 354 831 944 130 468 68 352 859 653 920 83 188 537 271 20 386 79 472 158 463 16 78 742 266 881 478 86 618 354 827 150 736 150 226 732 501 915 392 180 736 158 
785 977 119 226 948 508 705 195 354 0 334 376 207 768 603 541 382 232 12 795 761 587 984 325 987 614 94 340 251 767 208 63 970 826 732 396 280 614 831 719 246 744 749 723 718 977 900 722 112 254 
394 45 688 160 940 693 358 754 831 334 0 898 472 587 432 577 153 873 703 584 708 831 327 478 699 911 969 668 795 827 922 819 117 563 579 587 969 989 994 522 71 855 89 425 881 670 588 602 400 932 
841 489 476 546 585 824 83 633 944 376 898 0 312 676 452 79 394 190 64 284 508 290 116 846 262 167 541 533 935 376 898 739 195 798 468 291 659 235 549 534 723 750 525 691 838 639 757 166 735 362 
67 896 627 266 577 950 703 588 130 207 472 312 0 630 877 841 831 192 926 678 241 927 623 408 472 970 370 973 662 416 243 786 6 115 408 902 667 126 689 900 826 746 747 140 460 579 693 531 702 170 
186 511 394 440 636 122 434 306 468 768 587 676 630 0 76 894 114 403 783 227 700 460 481 184 733 492 731 101 897 861 426 624 193 920 48 338 83 931 59 55 903 894 104 506 719 912 497 287 100 346 
562 928 843 166 67 435 582 700 68 603 432 452 877 76 0 590 172 391 973 445 888 180 338 949 920 298 175 211 588 565 14 911 596 667 756 867 170 82 44 740 122 156 813 311 647 199 746 812 862 75 
55 637 795 401 357 842 483 847 352 541 577 79 841 894 590 0 410 384 211 808 589 502 873 232 906 962 778 315 656 125 213 293 465 645 112 551 855 357 726 21 211 690 317 472 635 958 706 687 206 572 
158 512 26 179 109 945 769 58 859 382 153 394 831 114 172 410 0 912 48 234 536 810 106 494 148 705 537 373 26 980 435 989 215 382 292 54 935 452 275 613 998 714 481 724 656 363 377 753 878 79 
556 535 395 255 554 192 32 153 653 232 873 190 192 403 391 384 912 0 339 458 682 753 853 650 212 741 325 41 128 296 773 738 691 101 236 914 248 60 256 510 260 370 83 589 155 855 950 688 223 820 
589 595 511 966 959 571 373 871 920 12 703 64 926 783 973 211 48 339 0 298 37 438 375 776 539 202 605 943 114 911 909 790 646 788 105 934 627 87 279 314 382 76 468 589 376 727 177 127 184 94 
216 780 730 365 495 779 343 170 83 795 584 284 678 227 445 808 234 458 298 0 694 872 635 149 567 709 741 729 208 868 267 773 460 195 937 768 894 349 266 122 966 964 552 229 600 73 461 496 918 244 
812 224 495 220 372 153 743 211 188 761 708 508 241 700 888 589 536 682 37 694 0 279 674 1 255 887 315 719 975 134 467 270 917 107 725 907 205 750 119 310 2 934 477 44 970 876 403 695 966 630 
713 491 247 707 512 1000 250 318 537 587 831 290 927 460 180 502 810 753 438 872 279 0 12 543 174 772 762 77 861 764 435 479 856 980 760 212 275 109 51 260 495 878 312 991 112 208 801 979 720 142 
131 365 486 314 934 416 825 573 271 984 327 116 623 481 338 873 106 853 375 635 674 12 0 276 293 494 244 569 828 38 162 863 805 575 979 264 650 1000 757 680 425 660 115 500 55 983 295 192 796 714 
947 13 175 424 75 448 752 850 20 325 478 846 408 184 949 232 494 650 776 149 1 543 276 0 464 108 591 805 734 538 286 643 259 412 268 605 335 194 185 761 257 271 854 494 809 590 400 129 860 778 
342 543 147 664 687 158 135 455 386 987 699 262 472 733 920 906 148 212 539 567 255 174 293 464 0 763 915 919 127 494 763 344 756 677 190 93 746 639 474 126 804 465 103 367 654 536 999 610 426 70 
172 726 42 669 482 317 652 168 79 614 911 167 970 492 298 962 705 741 202 709 887 772 494 108 763 0 516 750 675 205 771 486 260 340 258 567 287 854 527 791 856 577 646 872 160 54 655 79 181 110 
168 268 868 865 564 743 893 782 472 94 969 541 370 731 175 778 537 325 605 741 315 762 244 591 915 516 0 906 419 57 694 194 63 402 878 312 134 295 620 754 95 13 367 672 775 784 761 413 250 534 
658 510 683 290 944 228 277 572 158 340 668 533 973 101 211 315 373 41 943 729 719 77 569 805 919 750 906 0 925 283 111 693 451 694 192 719 268 838 876 816 149 757 211 37 367 23 823 950 399 69 
588 976 43 661 366 940 169 904 463 251 795 935 662 897 588 656 26 128 114 208 975 861 828 734 127 675 419 925 0 523 10 778 938 903 906 647 849 191 608 50 535 795 410 933 458 64 887 573 249 854 
909 327 914 640 939 552 671 916 16 767 827 376 416 861 565 125 980 296 911 868 134 764 38 538 494 205 57 283 523 0 96 503 603 812 682 207 345 177 387 629 75 119 963 830 722 16 542 61 903 84 
894 218 950 609 886 840 384 779 78 208 922 898 243 426 14 213 435 773 909 267 467 435 162 286 763 771 694 111 10 96 0 868 795 872 175 971 430 348 718 696 781 34 727 339 131 649 949 364 730 495 
417 398 286 534 754 692 783 735 742 63 819 739 786 624 911 293 989 738 790 773 270 479 863 643 344 486 194 693 778 503 868 0 918 428 932 708 535 543 292 533 10 957 732 271 212 719 128 740 872 614 
163 896 352 494 575 182 255 672 266 970 117 195 6 193 596 465 215 691 646 460 917 856 805 259 756 260 63 451 938 603 795 918 0 738 22 561 7 346 221 734 576 844 452 620 116 492 469 614 14 119 
994 211 889 412 70 232 289 92 881 826 563 798 115 920 667 645 382 101 788 195 107 980 575 412 677 340 402 694 903 812 872 428 738 0 687 414 828 589 130 292 799 772 677 852 437 850 430 11 173 170 
334 898 232 559 123 726 624 941 478 732 579 468 408 48 756 112 292 236 105 937 725 760 979 268 190 258 878 192 906 682 175 932 22 687 0 496 403 207 947 680 358 707 207 419 275 442 178 884 185 300 
499 836 539 351 453 195 466 248 86 396 587 291 902 338 867 551 54 914 934 768 907 212 264 605 93 567 312 719 647 207 971 708 561 414 496 0 147 361 434 323 647 340 583 701 108 694 929 353 515 134 
670 544 215 557 312 172 476 667 618 280 969 659 667 83 170 855 935 248 627 894 205 275 650 335 746 287 134 268 849 345 430 535 7 828 403 147 0 881 125 313 124 57 621 574 451 184 663 219 733 950 
94 999 380 778 849 782 642 518 354 614 989 235 126 931 82 357 452 60 87 349 750 109 1000 194 639 854 295 838 191 177 348 543 346 589 207 361 881 0 459 609 870 306 839 733 257 856 524 903 629 960 
522 14 585 696 200 612 910 808 827 831 994 549 689 59 44 726 275 256 279 266 119 51 757 185 474 527 620 876 608 387 718 292 221 130 947 434 125 459 0 649 588 226 173 761 116 170 232 218 120 946 
332 59 62 102 837 651 481 118 150 719 522 534 900 55 740 21 613 510 314 122 310 260 680 761 126 791 754 816 50 629 696 533 734 292 680 323 313 609 649 0 300 472 302 134 395 863 835 701 861 689 
232 587 339 848 847 839 662 954 736 246 71 723 826 903 122 211 998 260 382 966 2 495 425 257 804 856 95 149 535 75 781 10 576 799 358 647 124 870 588 300 0 77 581 483 782 635 68 372 884 247 
828 682 696 518 82 481 731 698 150 744 855 750 746 894 156 690 714 370 76 964 934 878 660 271 465 577 13 757 795 119 34 957 844 772 707 340 57 306 226 472 77 0 151 543 720 354 396 124 92 585 
687 540 400 201 794 717 794 627 226 749 89 525 747 104 813 317 481 83 468 552 477 312 115 854 103 646 367 211 410 963 727 732 452 677 207 583 621 839 173 302 581 151 0 733 148 575 512 503 603 582 
718 73 8 889 79 571 395 892 732 723 425 691 140 506 311 472 724 589 589 229 44 991 500 494 367 872 672 37 933 830 339 271 620 852 419 701 574 733 761 134 483 543 733 0 224 156 793 87 21 153 
759 140 516 841 969 10 419 352 501 718 881 838 460 719 647 635 656 155 376 600 970 112 55 809 654 160 775 367 458 722 131 212 116 437 275 108 451 257 116 395 782 720 148 224 0 944 753 571 837 117 
169 238 317 554 178 620 168 149 915 977 670 639 579 912 199 958 363 855 727 73 876 208 983 590 536 54 784 23 64 16 649 719 492 850 442 694 184 856 170 863 635 354 575 156 944 0 705 618 486 951 
585 196 630 225 251 722 848 674 392 900 588 757 693 497 746 706 377 950 177 461 403 801 295 400 999 655 761 823 887 542 949 128 469 430 178 929 663 524 232 835 68 396 512 793 753 705 0 409 1000 893 
332 907 80 340 432 907 229 495 180 722 602 166 531 287 812 687 753 688 127 496 695 979 192 129 610 79 413 950 573 61 364 740 614 11 884 353 219 903 218 701 372 124 503 87 571 618 409 0 818 293 
361 496 771 544 158 469 312 74 736 112 400 735 702 100 862 206 878 223 184 918 966 720 796 860 426 181 250 399 249 903 730 872 14 173 185 515 733 629 120 861 884 92 603 21 837 486 1000 818 0 343 
752 531 482 479 618 718 657 208 158 254 932 362 170 346 75 572 79 820 94 244 630 142 714 778 70 110 534 69 854 84 495 614 119 170 300 134 950 960 946 689 247 585 582 153 117 951 893 293 343 0 
