15 2
0 751 933 594 572 672 656 602 971 148 639 557 935 720 38 
751 0 256 115 619 1000 878 547 519 77 545 6 489 950 597 
933 256 0 601 896 623 998 290 74 40 622 589 445 373 685 
594 115 601 0 14 204 102 987 799 176 876 130 837 412 11 
572 619 896 14 0 70 715 773 966 381 73 534 186 685 919 
672 1000 623 204 70 0 215 904 114 405 87 322 984 7 661 
656 878 998 102 715 215 0 213 99 342 668 517 881 227 28 
602 547 290 987 773 904 213 0 151 607 445 270 654 435 831 
971 519 74 799 966 114 99 151 0 527 448 839 779 190 715 
148 77 40 176 381 405 342 607 527 0 941 873 112 299 994 
639 545 622 876 73 87 668 445 448 941 0 926 312 264 584 
557 6 589 130 534 322 517 270 839 873 926 0 212 579 698 
935 489 445 837 186 984 881 654 779 112 312 212 0 834 449 
720 950 373 412 685 7 227 435 190 299 264 579 834 0 140 
38 597 685 11 919 661 28 831 715 994 584 698 449 140 0 
0 533 174 357 326 949 391 40 49 882 425 263 857 500 663 
533 0 175 958 563 555 327 112 197 61 496 576 687 500 371 
174 175 0 341 481 650 384 373 950 893 769 510 125 567 260 
357 958 341 0 935 796 886 728 621 553 811 959 819 56 682 
326 563 481 935 0 111 482 18 763 630 702 852 480 854 683 
949 555 650 796 111 0 308 851 584 203 353 804 445 509 349 
391 327 384 886 482 308 0 604 545 359 153 778 147 109 741 
40 112 373 728 18 851 604 0 100 687 353 618 79 948 763 
49 197 950 621 763 584 545 100 0 40 211 820 542 548 969 
882 61 893 553 630 203 359 687 40 0 406 943 213 657 570 
425 496 769 811 702 353 153 353 211 406 0 234 396 182 190 
263 576 510 959 852 804 778 618 820 943 234 0 763 66 899 
857 687 125 819 480 445 147 79 542 213 396 763 0 735 285 
500 500 567 56 854 509 109 948 548 657 182 66 735 0 299 
663 371 260 682 683 349 741 763 969 570 190 899 285 299 0 
0 154 993 118 864 147 406 175 879 168 902 982 668 651 651 
154 0 994 279 969 495 108 471 172 550 844 354 717 390 869 
993 994 0 279 731 895 231 479 198 949 292 204 16 116 787 
118 279 279 0 776 249 90 899 414 86 474 256 100 329 729 
864 969 731 776 0 605 512 591 203 336 811 936 502 521 295 
147 495 895 249 605 0 375 492 1 509 393 379 147 553 461 
406 108 231 90 512 375 0 438 644 373 74 637 483 349 867 
175 471 479 899 591 492 438 0 968 336 64 957 938 428 741 
879 172 198 414 203 1 644 968 0 547 648 903 835 732 976 
168 550 949 86 336 509 373 336 547 0 310 868 429 965 937 
902 844 292 474 811 393 74 64 648 310 0 853 507 334 161 
982 354 204 256 936 379 637 957 903 868 853 0 686 210 601 
668 717 16 100 502 147 483 938 835 429 507 686 0 555 927 
651 390 116 329 521 553 349 428 732 965 334 210 555 0 907 
651 869 787 729 295 461 867 741 976 937 161 601 927 907 0 
