70 2
0 238 188 213 379 843 385 88 339 674 269 203 753 431 249 515 572 411 585 698 447 253 385 146 279 421 825 749 873 903 545 724 74 221 322 728 371 147 104 208 758 449 151 660 200 389 129 807 332 813 33 506 404 730 651 969 1 957 879 182 952 591 478 802 893 91 406 498 806 194 
238 0 10 553 23 624 5 346 12 753 680 387 261 787 779 724 136 873 147 880 44 950 947 351 723 534 901 628 666 142 176 832 784 660 45 275 796 958 5 897 878 186 387 174 143 539 166 772 561 617 537 134 510 807 184 688 923 485 39 219 490 127 892 515 538 757 451 991 477 812 
188 10 0 554 937 117 626 930 804 678 613 498 40 195 263 100 467 267 244 926 477 432 806 358 471 461 215 784 409 896 312 454 414 495 503 853 36 723 655 712 982 596 577 456 578 101 144 611 129 839 342 42 616 715 166 841 182 104 510 120 920 174 193 38 291 321 160 149 743 359 
213 553 554 0 45 303 93 797 984 956 192 333 668 522 851 855 389 330 58 100 691 44 182 825 878 310 573 969 138 795 376 547 556 377 872 899 722 290 496 846 939 1 369 220 103 563 686 996 781 450 553 531 354 877 802 364 430 572 901 128 906 253 552 123 743 511 480 518 902 881 
379 23 937 45 0 839 930 595 828 571 237 233 11 640 390 487 698 165 285 926 393 343 529 849 784 131 983 51 806 562 996 741 841 825 622 95 974 983 626 500 271 692 624 133 895 44 98 557 851 467 111 523 400 912 999 34 77 404 54 576 768 686 617 216 914 748 501 318 897 212 
843 624 117 303 839 0 30 821 869 777 489 557 497 842 437 572 182 661 896 222 468 267 839 582 588 577 872 273 904 346 424 389 341 332 732 915 430 75 300 756 90 759 511 890 107 950 363 209 895 910 896 484 506 90 867 189 330 259 335 623 61 757 852 656 828 977 764 275 461 115 
385 5 626 93 930 30 0 27 165 915 519 401 164 661 204 435 971 155 515 694 340 565 179 383 432 73 961 925 961 849 574 88 432 439 557 452 117 290 583 610 573 352 646 936 608 612 747 551 526 455 803 931 183 423 659 535 377 376 354 534 169 112 503 562 69 376 182 8 230 891 
88 346 930 797 595 821 27 0 796 804 167 616 134 833 838 626 960 164 279 458 278 585 648 420 768 12 853 700 737 724 579 471 437 820 437 719 996 642 952 856 196 925 383 998 662 125 904 523 128 872 425 385 883 333 630 467 542 571 770 359 777 615 345 315 583 168 445 173 867 785 
339 12 804 984 828 869 165 796 0 701 1000 86 40 909 212 534 316 454 302 19 360 100 557 70 457 994 898 871 726 66 60 365 622 444 161 438 362 82 844 338 427 390 907 71 737 935 974 813 388 46 757 872 591 412 260 17 596 123 875 545 779 896 785 621 641 24 793 89 776 232 
674 753 678 956 571 777 915 804 701 0 492 193 677 31 986 834 477 622 332 412 425 884 232 713 799 358 889 458 807 8 691 556 498 670 274 753 896 553 266 758 460 113 394 343 512 913 982 499 115 930 533 260 293 245 759 81 879 218 155 653 955 330 222 642 127 111 138 667 178 212 
269 680 613 192 237 489 519 167 1000 492 0 412 625 432 53 466 757 20 540 172 675 824 680 655 893 153 106 697 194 234 249 540 893 876 6 203 701 406 67 806 422 122 67 487 296 801 163 545 898 143 372 512 415 334 520 774 934 328 619 125 871 321 616 757 148 149 788 911 484 920 
203 387 498 333 233 557 401 616 86 193 412 0 594 25 333 117 811 210 153 176 510 195 498 891 919 212 567 377 468 851 121 132 190 465 501 980 747 368 682 906 444 266 738 491 454 253 335 774 356 62 790 40 92 979 350 381 332 946 982 499 256 429 99 436 757 250 273 796 903 377 
753 261 40 668 11 497 164 134 40 677 625 594 0 235 297 961 401 7 688 906 105 96 100 464 937 543 77 669 765 440 566 766 758 648 554 574 189 193 986 914 897 474 274 338 23 89 451 365 7 390 175 120 880 752 472 154 634 649 41 21 89 289 874 359 696 778 720 289 800 718 
431 787 195 522 640 842 661 833 909 31 432 25 235 0 250 200 637 602 98 292 197 781 70 340 914 641 122 31 217 396 146 693 758 114 874 161 237 678 162 254 423 989 612 5 760 961 409 898 77 74 685 73 825 642 423 594 433 242 640 12 292 107 505 903 556 618 872 121 427 656 
249 779 263 851 390 437 204 838 212 986 53 333 297 250 0 711 503 924 522 760 751 613 717 969 503 559 122 370 27 755 386 819 647 935 586 727 855 450 878 1000 904 889 630 743 236 953 131 921 522 234 41 965 590 55 725 831 893 267 14 231 886 965 813 726 465 842 249 553 943 338 
515 724 100 855 487 572 435 626 534 834 466 117 961 200 711 0 125 31 80 958 267 71 793 113 737 649 256 248 216 637 162 531 787 328 429 512 413 775 932 52 785 26 937 543 818 323 235 55 181 277 470 774 965 341 704 139 140 899 78 51 38 409 72 143 597 795 621 36 901 547 
572 136 467 389 698 182 971 960 316 477 757 811 401 637 503 125 0 771 642 426 129 393 990 797 763 3 920 770 230 522 778 38 659 857 108 351 614 635 593 66 418 213 573 536 767 310 721 331 495 853 650 638 671 478 354 817 346 233 416 613 344 540 864 58 74 437 653 634 64 621 
411 873 267 330 165 661 155 164 454 622 20 210 7 602 924 31 771 0 598 504 846 408 316 566 416 796 136 540 78 512 227 289 9 582 422 258 610 685 620 896 770 384 386 789 760 293 396 36 681 773 559 47 502 60 143 249 543 82 82 695 502 336 497 918 63 117 847 44 358 227 
585 147 244 58 285 896 515 279 302 332 540 153 688 98 522 80 642 598 0 560 108 76 274 817 219 560 819 630 804 657 8 286 124 661 927 923 108 370 141 569 259 228 293 695 142 108 930 850 790 80 853 640 426 485 47 572 168 653 90 974 574 106 389 565 500 168 497 370 764 82 
698 880 926 100 926 222 694 458 19 412 172 176 906 292 760 958 426 504 560 0 219 488 407 18 400 188 740 21 432 921 352 637 628 674 710 231 786 884 567 705 440 821 975 639 301 185 584 928 214 189 167 256 930 677 270 851 494 297 309 60 866 904 992 91 600 293 431 275 133 649 
447 44 477 691 393 468 340 278 360 425 675 510 105 197 751 267 129 846 108 219 0 986 795 403 294 932 633 96 927 126 92 537 863 462 656 896 430 929 578 127 715 854 253 1000 922 664 929 508 408 381 811 911 467 928 105 194 337 41 322 86 990 660 87 102 80 270 104 702 856 952 
253 950 432 44 343 267 565 585 100 884 824 195 96 781 613 71 393 408 76 488 986 0 911 86 298 265 632 96 333 242 630 470 734 309 5 269 378 74 672 809 308 415 44 453 271 791 911 409 932 951 529 972 202 452 809 216 488 161 210 350 883 967 507 663 345 418 593 950 740 662 
385 947 806 182 529 839 179 648 557 232 680 498 100 70 717 793 990 316 274 407 795 911 0 592 512 385 227 780 416 792 989 223 581 833 470 240 855 409 58 72 349 692 337 672 365 736 624 792 207 385 188 607 479 551 201 920 627 277 694 521 769 1 58 728 685 668 214 49 407 253 
146 351 358 825 849 582 383 420 70 713 655 891 464 340 969 113 797 566 817 18 403 86 592 0 924 158 413 456 865 774 414 924 485 824 67 881 599 898 164 572 937 616 599 880 785 174 115 747 281 57 911 822 436 238 909 582 883 37 749 410 654 531 2 53 917 669 408 415 499 358 
279 723 471 878 784 588 432 768 457 799 893 919 937 914 503 737 763 416 219 400 294 298 512 924 0 275 536 409 524 214 500 946 615 109 756 883 873 404 647 971 434 236 223 349 146 908 582 220 217 45 326 669 433 366 576 807 171 1000 368 670 643 247 517 143 769 545 515 856 877 278 
421 534 461 310 131 577 73 12 994 358 153 212 543 641 559 649 3 796 560 188 932 265 385 158 275 0 502 367 332 793 102 556 139 830 124 117 727 58 663 163 354 726 417 582 463 827 543 529 121 275 564 920 740 621 463 708 386 206 190 35 800 676 493 352 161 84 695 982 216 676 
825 901 215 573 983 872 961 853 898 889 106 567 77 122 122 256 920 136 819 740 633 632 227 413 536 502 0 597 57 181 955 123 808 938 364 480 36 399 582 377 453 642 683 64 87 972 821 486 113 243 781 289 214 817 360 871 826 544 294 518 600 887 611 24 363 861 659 983 859 460 
749 628 784 969 51 273 925 700 871 458 697 377 669 31 370 248 770 540 630 21 96 96 780 456 409 367 597 0 843 388 411 231 595 879 840 702 259 190 601 517 139 726 553 660 521 770 627 270 28 403 271 50 49 596 635 5 54 326 73 984 824 931 447 673 773 335 784 864 304 627 
873 666 409 138 806 904 961 737 726 807 194 468 765 217 27 216 230 78 804 432 927 333 416 865 524 332 57 843 0 40 295 788 168 497 668 916 21 813 988 750 578 205 874 720 709 974 298 872 432 785 615 616 411 566 800 579 785 454 79 19 248 722 483 800 42 486 868 981 24 736 
903 142 896 795 562 346 849 724 66 8 234 851 440 396 755 637 522 512 657 921 126 242 792 774 214 793 181 388 40 0 446 679 634 41 352 147 899 674 353 824 796 431 62 624 855 288 740 910 258 334 333 493 268 226 59 831 924 117 503 719 52 885 701 845 613 202 453 120 344 452 
545 176 312 376 996 424 574 579 60 691 249 121 566 146 386 162 778 227 8 352 92 630 989 414 500 102 955 411 295 446 0 999 376 712 746 576 902 344 490 469 495 863 983 309 490 489 151 535 323 860 196 461 438 527 263 466 197 262 625 637 899 1000 221 226 375 579 943 585 348 328 
724 832 454 547 741 389 88 471 365 556 540 132 766 693 819 531 38 289 286 637 537 470 223 924 946 556 123 231 788 679 999 0 412 364 9 464 839 41 659 367 210 489 227 965 965 382 132 350 5 517 971 298 784 51 289 783 309 562 437 705 339 763 141 118 774 735 437 447 106 366 
74 784 414 556 841 341 432 437 622 498 893 190 758 758 647 787 659 9 124 628 863 734 581 485 615 139 808 595 168 634 376 412 0 710 571 100 651 772 83 975 163 507 434 90 470 820 822 91 142 41 349 712 650 770 494 486 492 446 950 119 205 721 583 514 987 724 478 606 331 532 
221 660 495 377 825 332 439 820 444 670 876 465 648 114 935 328 857 582 661 674 462 309 833 824 109 830 938 879 497 41 712 364 710 0 930 225 91 762 332 685 728 759 908 429 469 336 486 566 376 589 343 321 695 202 952 482 702 520 610 563 65 715 335 611 78 693 460 470 742 299 
322 45 503 872 622 732 557 437 161 274 6 501 554 874 586 429 108 422 927 710 656 5 470 67 756 124 364 840 668 352 746 9 571 930 0 45 974 338 291 746 1 840 557 956 426 438 332 87 7 792 238 234 357 616 862 52 835 325 524 931 616 488 193 667 253 499 945 303 217 487 
728 275 853 899 95 915 452 719 438 753 203 980 574 161 727 512 351 258 923 231 896 269 240 881 883 117 480 702 916 147 576 464 100 225 45 0 881 583 168 391 82 830 83 703 808 631 443 867 990 252 307 641 438 26 831 847 469 529 739 530 724 481 470 334 825 726 449 197 797 404 
371 796 36 722 974 430 117 996 362 896 701 747 189 237 855 413 614 610 108 786 430 378 855 599 873 727 36 259 21 899 902 839 651 91 974 881 0 514 186 799 112 354 279 760 151 266 93 641 628 190 519 825 853 414 912 973 396 444 334 33 12 727 952 490 230 232 669 201 965 858 
147 958 723 290 983 75 290 642 82 553 406 368 193 678 450 775 635 685 370 884 929 74 409 898 404 58 399 190 813 674 344 41 772 762 338 583 514 0 232 270 819 702 78 173 107 346 228 763 800 694 960 149 167 546 269 509 248 148 742 37 589 19 936 689 943 656 543 248 536 744 
104 5 655 496 626 300 583 952 844 266 67 682 986 162 878 932 593 620 141 567 578 672 58 164 647 663 582 601 988 353 490 659 83 332 291 168 186 232 0 913 130 524 301 37 772 811 933 496 731 377 664 30 215 87 114 262 557 117 119 933 320 188 718 457 2 788 482 308 354 58 
208 897 712 846 500 756 610 856 338 758 806 906 914 254 1000 52 66 896 569 705 127 809 72 572 971 163 377 517 750 824 469 367 975 685 746 391 799 270 913 0 43 818 879 527 722 266 659 766 961 921 972 181 46 590 164 596 319 756 39 30 169 112 957 280 194 597 174 567 169 334 
758 878 982 939 271 90 573 196 427 460 422 444 897 423 904 785 418 770 259 440 715 308 349 937 434 354 453 139 578 796 495 210 163 728 1 82 112 819 130 43 0 992 361 520 145 464 893 907 418 586 980 532 11 272 587 610 390 632 658 809 940 153 733 219 182 497 835 549 44 383 
449 186 596 1 692 759 352 925 390 113 122 266 474 989 889 26 213 384 228 821 854 415 692 616 236 726 642 726 205 431 863 489 507 759 840 830 354 702 524 818 992 0 244 962 370 681 390 271 2 32 780 685 63 541 341 434 283 262 267 462 445 723 505 92 41 780 570 831 344 612 
151 387 577 369 624 511 646 383 907 394 67 738 274 612 630 937 573 386 293 975 253 44 337 599 223 417 683 553 874 62 983 227 434 908 557 83 279 78 301 879 361 244 0 385 976 281 843 960 526 781 216 82 558 193 972 605 87 261 963 409 10 879 414 895 426 228 720 64 432 974 
660 174 456 220 133 890 936 998 71 343 487 491 338 5 743 543 536 789 695 639 1000 453 672 880 349 582 64 660 720 624 309 965 90 429 956 703 760 173 37 527 520 962 385 0 651 658 40 209 942 307 996 522 357 653 875 19 98 603 310 461 174 60 683 516 692 404 767 806 425 485 
200 143 578 103 895 107 608 662 737 512 296 454 23 760 236 818 767 760 142 301 922 271 365 785 146 463 87 521 709 855 490 965 470 469 426 808 151 107 772 722 145 370 976 651 0 241 929 194 20 414 779 536 615 546 871 218 787 814 907 630 404 811 368 429 118 294 599 769 978 664 
389 539 101 563 44 950 612 125 935 913 801 253 89 961 953 323 310 293 108 185 664 791 736 174 908 827 972 770 974 288 489 382 820 336 438 631 266 346 811 266 464 681 281 658 241 0 353 637 370 865 666 670 409 459 695 810 132 456 604 350 51 648 689 527 132 136 155 144 697 856 
129 166 144 686 98 363 747 904 974 982 163 335 451 409 131 235 721 396 930 584 929 911 624 115 582 543 821 627 298 740 151 132 822 486 332 443 93 228 933 659 893 390 843 40 929 353 0 342 439 701 364 833 409 978 757 823 392 755 723 558 435 382 795 355 955 323 360 166 784 870 
807 772 611 996 557 209 551 523 813 499 545 774 365 898 921 55 331 36 850 928 508 409 792 747 220 529 486 270 872 910 535 350 91 566 87 867 641 763 496 766 907 271 960 209 194 637 342 0 367 224 143 26 400 388 355 464 889 327 494 676 554 886 130 928 278 389 148 529 83 432 
332 561 129 781 851 895 526 128 388 115 898 356 7 77 522 181 495 681 790 214 408 932 207 281 217 121 113 28 432 258 323 5 142 376 7 990 628 800 731 961 418 2 526 942 20 370 439 367 0 200 567 522 948 509 187 31 541 339 650 421 462 822 760 438 438 362 188 711 871 262 
813 617 839 450 467 910 455 872 46 930 143 62 390 74 234 277 853 773 80 189 381 951 385 57 45 275 243 403 785 334 860 517 41 589 792 252 190 694 377 921 586 32 781 307 414 865 701 224 200 0 787 783 406 534 400 523 791 702 21 179 47 340 271 889 912 281 170 75 303 803 
33 537 342 553 111 896 803 425 757 533 372 790 175 685 41 470 650 559 853 167 811 529 188 911 326 564 781 271 615 333 196 971 349 343 238 307 519 960 664 972 980 780 216 996 779 666 364 143 567 787 0 925 180 211 720 556 788 727 117 943 722 349 421 525 2 404 523 315 772 713 
506 134 42 531 523 484 931 385 872 260 512 40 120 73 965 774 638 47 640 256 911 972 607 822 669 920 289 50 616 493 461 298 712 321 234 641 825 149 30 181 532 685 82 522 536 670 833 26 522 783 925 0 806 731 960 459 321 786 275 732 613 350 148 706 733 52 393 912 485 650 
404 510 616 354 400 506 183 883 591 293 415 92 880 825 590 965 671 502 426 930 467 202 479 436 433 740 214 49 411 268 438 784 650 695 357 438 853 167 215 46 11 63 558 357 615 409 409 400 948 406 180 806 0 873 117 378 175 297 580 838 233 655 528 919 487 409 283 797 279 337 
730 807 715 877 912 90 423 333 412 245 334 979 752 642 55 341 478 60 485 677 928 452 551 238 366 621 817 596 566 226 527 51 770 202 616 26 414 546 87 590 272 541 193 653 546 459 978 388 509 534 211 731 873 0 796 299 506 1 932 829 47 898 512 874 160 939 75 926 55 343 
651 184 166 802 999 867 659 630 260 759 520 350 472 423 725 704 354 143 47 270 105 809 201 909 576 463 360 635 800 59 263 289 494 952 862 831 912 269 114 164 587 341 972 875 871 695 757 355 187 400 720 960 117 796 0 372 390 770 889 124 467 79 749 881 414 423 454 823 83 786 
969 688 841 364 34 189 535 467 17 81 774 381 154 594 831 139 817 249 572 851 194 216 920 582 807 708 871 5 579 831 466 783 486 482 52 847 973 509 262 596 610 434 605 19 218 810 823 464 31 523 556 459 378 299 372 0 301 831 272 704 580 605 940 674 335 806 987 999 940 460 
1 923 182 430 77 330 377 542 596 879 934 332 634 433 893 140 346 543 168 494 337 488 627 883 171 386 826 54 785 924 197 309 492 702 835 469 396 248 557 319 390 283 87 98 787 132 392 889 541 791 788 321 175 506 390 301 0 540 912 94 355 328 170 548 806 435 24 450 27 770 
957 485 104 572 404 259 376 571 123 218 328 946 649 242 267 899 233 82 653 297 41 161 277 37 1000 206 544 326 454 117 262 562 446 520 325 529 444 148 117 756 632 262 261 603 814 456 755 327 339 702 727 786 297 1 770 831 540 0 74 374 927 384 219 516 784 220 285 722 217 218 
879 39 510 901 54 335 354 770 875 155 619 982 41 640 14 78 416 82 90 309 322 210 694 749 368 190 294 73 79 503 625 437 950 610 524 739 334 742 119 39 658 267 963 310 907 604 723 494 650 21 117 275 580 932 889 272 912 74 0 503 826 795 74 310 977 409 1 941 419 201 
182 219 120 128 576 623 534 359 545 653 125 499 21 12 231 51 613 695 974 60 86 350 521 410 670 35 518 984 19 719 637 705 119 563 931 530 33 37 933 30 809 462 409 461 630 350 558 676 421 179 943 732 838 829 124 704 94 374 503 0 717 380 643 394 210 413 85 28 30 251 
952 490 920 906 768 61 169 777 779 955 871 256 89 292 886 38 344 502 574 866 990 883 769 654 643 800 600 824 248 52 899 339 205 65 616 724 12 589 320 169 940 445 10 174 404 51 435 554 462 47 722 613 233 47 467 580 355 927 826 717 0 937 380 183 537 19 916 480 174 576 
591 127 174 253 686 757 112 615 896 330 321 429 289 107 965 409 540 336 106 904 660 967 1 531 247 676 887 931 722 885 1000 763 721 715 488 481 727 19 188 112 153 723 879 60 811 648 382 886 822 340 349 350 655 898 79 605 328 384 795 380 937 0 698 626 951 937 486 49 528 962 
478 892 193 552 617 852 503 345 785 222 616 99 874 505 813 72 864 497 389 992 87 507 58 2 517 493 611 447 483 701 221 141 583 335 193 470 952 936 718 957 733 505 414 683 368 689 795 130 760 271 421 148 528 512 749 940 170 219 74 643 380 698 0 619 466 219 942 267 184 79 
802 515 38 123 216 656 562 315 621 642 757 436 359 903 726 143 58 918 565 91 102 663 728 53 143 352 24 673 800 845 226 118 514 611 667 334 490 689 457 280 219 92 895 516 429 527 355 928 438 889 525 706 919 874 881 674 548 516 310 394 183 626 619 0 966 15 222 58 461 325 
893 538 291 743 914 828 69 583 641 127 148 757 696 556 465 597 74 63 500 600 80 345 685 917 769 161 363 773 42 613 375 774 987 78 253 825 230 943 2 194 182 41 426 692 118 132 955 278 438 912 2 733 487 160 414 335 806 784 977 210 537 951 466 966 0 836 465 127 503 955 
91 757 321 511 748 977 376 168 24 111 149 250 778 618 842 795 437 117 168 293 270 418 668 669 545 84 861 335 486 202 579 735 724 693 499 726 232 656 788 597 497 780 228 404 294 136 323 389 362 281 404 52 409 939 423 806 435 220 409 413 19 937 219 15 836 0 702 556 509 533 
406 451 160 480 501 764 182 445 793 138 788 273 720 872 249 621 653 847 497 431 104 593 214 408 515 695 659 784 868 453 943 437 478 460 945 449 669 543 482 174 835 570 720 767 599 155 360 148 188 170 523 393 283 75 454 987 24 285 1 85 916 486 942 222 465 702 0 139 532 310 
498 991 149 518 318 275 8 173 89 667 911 796 289 121 553 36 634 44 370 275 702 950 49 415 856 982 983 864 981 120 585 447 606 470 303 197 201 248 308 567 549 831 64 806 769 144 166 529 711 75 315 912 797 926 823 999 450 722 941 28 480 49 267 58 127 556 139 0 597 708 
806 477 743 902 897 461 230 867 776 178 484 903 800 427 943 901 64 358 764 133 856 740 407 499 877 216 859 304 24 344 348 106 331 742 217 797 965 536 354 169 44 344 432 425 978 697 784 83 871 303 772 485 279 55 83 940 27 217 419 30 174 528 184 461 503 509 532 597 0 221 
194 812 359 881 212 115 891 785 232 212 920 377 718 656 338 547 621 227 82 649 952 662 253 358 278 676 460 627 736 452 328 366 532 299 487 404 858 744 58 334 383 612 974 485 664 856 870 432 262 803 713 650 337 343 786 460 770 218 201 251 576 962 79 325 955 533 310 708 221 0 
0 378 695 84 976 471 994 470 301 571 202 509 749 769 689 481 912 974 561 420 99 469 483 313 319 5 275 828 209 895 558 57 966 741 777 94 377 436 750 350 203 222 623 720 355 310 142 769 669 262 640 330 88 376 277 459 902 66 891 935 805 557 559 312 35 134 393 402 242 127 
378 0 550 1 161 887 686 844 756 397 81 565 232 822 283 640 216 438 43 863 171 620 726 215 202 754 818 252 991 393 419 65 343 880 201 841 461 833 39 672 151 3 938 91 325 61 22 120 396 841 566 693 910 901 16 917 386 231 690 263 717 705 339 172 550 332 622 317 238 843 
695 550 0 149 289 492 990 299 163 464 161 283 464 224 28 93 165 816 495 595 313 471 327 437 699 690 919 789 221 393 531 323 901 663 972 201 551 435 275 689 141 388 655 16 409 749 70 660 445 739 923 574 974 721 76 723 877 596 808 117 213 888 657 503 447 742 893 594 88 86 
84 1 149 0 116 21 845 490 171 688 806 547 949 890 579 901 178 44 276 945 544 321 435 295 974 150 752 406 361 451 608 839 933 375 973 827 616 969 474 871 714 39 228 714 612 947 82 279 738 532 522 520 240 121 809 974 266 123 666 978 387 478 183 184 166 37 281 112 1 792 
976 161 289 116 0 139 65 315 719 95 772 702 300 423 656 735 168 755 611 708 692 182 841 395 835 714 583 43 138 362 617 103 668 237 472 288 256 414 565 58 98 324 794 783 888 513 168 850 639 618 689 910 368 172 57 898 303 629 567 584 904 974 535 676 499 280 603 589 508 69 
471 887 492 21 139 0 233 758 417 295 988 87 174 614 853 876 536 406 149 249 659 443 366 294 771 44 105 490 344 479 914 804 216 773 489 187 426 245 2 21 926 277 754 137 79 126 2 453 164 359 511 11 379 165 596 572 858 691 723 324 641 324 444 358 132 298 335 806 982 511 
994 686 990 845 65 233 0 809 526 766 3 43 532 933 156 485 81 983 851 768 181 449 916 438 861 52 94 671 320 104 496 381 69 887 124 635 314 921 81 394 232 62 879 183 651 369 379 897 986 107 524 579 79 330 595 152 525 534 520 362 293 744 58 956 868 402 982 571 534 512 
470 844 299 490 315 758 809 0 965 794 506 97 993 3 241 707 504 78 925 873 626 646 104 762 884 170 258 327 535 36 8 983 975 318 938 688 621 625 686 91 813 535 622 426 877 882 148 406 397 826 621 16 1000 195 330 218 898 292 864 743 919 198 129 470 429 40 720 166 452 407 
301 756 163 171 719 417 526 965 0 5 180 186 625 587 378 981 217 67 142 418 571 791 887 254 484 658 13 601 403 714 472 724 675 308 624 811 452 20 230 803 519 972 868 266 208 722 25 784 422 355 606 84 408 787 708 354 627 145 614 699 833 989 415 542 889 31 589 162 868 457 
571 397 464 688 95 295 766 794 5 0 973 503 540 973 662 233 74 712 52 938 998 779 358 962 230 123 372 846 289 265 55 809 607 669 404 485 524 620 926 174 568 488 809 706 44 953 640 897 267 50 232 784 161 1000 967 878 674 409 651 785 274 639 161 139 308 861 893 763 623 626 
202 81 161 806 772 988 3 506 180 973 0 130 295 507 798 306 508 150 693 174 511 708 678 808 975 562 35 174 412 226 480 194 55 565 753 141 457 701 606 951 787 539 929 656 1000 148 213 345 488 756 85 306 290 535 858 197 18 882 763 909 741 856 844 676 7 311 802 927 566 507 
509 565 283 547 702 87 43 97 186 503 130 0 618 208 313 203 853 748 227 931 407 981 364 399 72 715 169 986 480 665 115 196 743 459 252 462 969 100 707 707 67 374 570 641 541 467 938 866 254 316 869 580 690 517 815 216 796 684 337 536 807 776 418 53 852 59 895 517 701 277 
749 232 464 949 300 174 532 993 625 540 295 618 0 369 725 965 118 307 692 95 767 109 880 536 742 230 807 528 804 904 414 160 161 614 998 547 989 136 645 970 238 753 627 764 461 211 262 973 657 729 809 611 330 436 979 552 136 319 80 422 233 741 526 422 943 25 582 749 267 864 
769 822 224 890 423 614 933 3 587 973 507 208 369 0 694 906 992 671 369 216 732 367 444 883 436 410 324 744 276 147 742 470 786 225 198 165 650 490 957 215 138 90 591 537 582 200 190 132 928 407 362 175 794 438 503 571 659 939 766 466 125 663 899 530 143 364 190 535 26 282 
689 283 28 579 656 853 156 241 378 662 798 313 725 694 0 583 724 182 124 820 288 658 223 289 164 502 426 332 503 635 759 117 528 385 828 22 542 488 58 51 43 103 79 190 528 557 173 649 530 901 842 346 269 385 4 371 257 513 409 851 152 430 355 538 464 744 492 40 201 890 
481 640 93 901 735 876 485 707 981 233 306 203 965 906 583 0 512 354 293 740 291 633 322 196 17 688 880 777 761 928 391 903 523 641 80 274 983 214 454 203 956 632 735 679 988 419 639 828 347 206 471 157 701 61 82 73 124 281 420 664 378 944 629 55 386 300 445 777 481 165 
912 216 165 178 168 536 81 504 217 74 508 853 118 992 724 512 0 935 29 560 559 183 695 679 981 359 728 15 420 1 276 489 870 941 767 88 745 84 296 493 933 325 74 25 719 115 883 320 204 548 420 141 230 195 905 470 935 394 217 222 579 493 165 635 383 929 489 351 807 628 
974 438 816 44 755 406 983 78 67 712 150 748 307 671 182 354 935 0 695 851 736 201 232 775 896 613 235 640 892 527 372 767 898 580 461 547 855 105 137 450 272 717 79 259 258 340 687 747 572 966 241 47 509 581 1 714 580 62 565 403 42 83 961 977 640 54 966 836 212 485 
561 43 495 276 611 149 851 925 142 52 693 227 692 369 124 293 29 695 0 846 618 315 714 917 333 148 857 612 182 237 425 682 645 432 942 18 214 201 961 169 60 140 680 919 506 389 51 97 189 938 527 872 604 634 976 843 399 413 709 234 571 625 394 773 24 327 740 324 885 173 
420 863 595 945 708 249 768 873 418 938 174 931 95 216 820 740 560 851 846 0 356 583 870 601 147 554 950 422 891 436 794 374 420 117 472 449 476 96 489 264 943 508 238 656 474 921 222 780 999 412 677 361 501 803 998 410 736 362 1000 334 846 4 268 828 450 380 135 570 101 612 
99 171 313 544 692 659 181 626 571 998 511 407 767 732 288 291 559 736 618 356 0 532 575 84 800 387 695 298 803 136 626 835 844 375 218 395 266 771 567 5 494 1 113 837 416 479 732 768 161 669 813 292 700 339 108 509 796 455 897 927 669 432 99 713 719 380 732 205 991 664 
469 620 471 321 182 443 449 646 791 779 708 981 109 367 658 633 183 201 315 583 532 0 193 585 736 297 938 295 444 627 751 321 992 976 213 193 508 188 560 455 88 72 802 789 184 123 347 1 731 614 453 471 29 703 760 224 387 403 575 58 395 413 232 564 828 554 250 986 375 183 
483 726 327 435 841 366 916 104 887 358 678 364 880 444 223 322 695 232 714 870 575 193 0 175 36 742 173 30 370 807 119 26 352 957 383 144 786 758 197 325 54 643 425 374 888 1 238 938 484 842 187 824 438 430 258 23 423 416 365 904 813 992 549 338 835 171 559 625 678 536 
313 215 437 295 395 294 438 762 254 962 808 399 536 883 289 196 679 775 917 601 84 585 175 0 46 554 25 617 503 352 29 336 991 623 168 526 621 756 49 569 726 142 527 531 423 319 186 216 972 684 763 723 42 465 626 128 272 275 82 105 396 573 339 784 166 411 889 121 919 12 
319 202 699 974 835 771 861 884 484 230 975 72 742 436 164 17 981 896 333 147 800 736 36 46 0 628 766 461 806 133 19 485 85 12 675 336 283 282 542 517 529 819 293 440 861 1000 43 779 396 224 460 557 132 997 992 315 646 882 226 322 438 86 906 30 203 763 784 359 749 563 
5 754 690 150 714 44 52 170 658 123 562 715 230 410 502 688 359 613 148 554 387 297 742 554 628 0 445 479 849 83 758 873 336 702 913 976 413 758 392 543 236 490 328 853 515 681 333 52 164 545 970 324 924 533 97 244 278 378 416 510 611 986 110 229 285 849 950 234 795 581 
275 818 919 752 583 105 94 258 13 372 35 169 807 324 426 880 728 235 857 950 695 938 173 25 766 445 0 170 633 207 681 988 377 61 89 439 408 911 392 1 278 764 364 382 285 224 625 945 770 759 21 28 311 819 802 675 34 116 12 329 428 697 137 209 808 559 633 39 90 278 
828 252 789 406 43 490 671 327 601 846 174 986 528 744 332 777 15 640 612 422 298 295 30 617 461 479 170 0 510 998 226 658 834 948 662 931 703 458 497 335 194 522 203 42 522 40 387 209 30 582 523 149 454 482 358 458 746 105 155 580 331 507 33 793 730 61 498 106 990 164 
209 991 221 361 138 344 320 535 403 289 412 480 804 276 503 761 420 892 182 891 803 444 370 503 806 849 633 510 0 855 197 395 914 498 746 736 914 603 736 176 810 330 168 532 562 532 405 529 708 928 242 182 285 191 47 765 50 789 847 453 494 944 714 443 505 383 279 42 703 788 
895 393 393 451 362 479 104 36 714 265 226 665 904 147 635 928 1 527 237 436 136 627 807 352 133 83 207 998 855 0 387 3 1 337 244 417 108 644 531 272 836 25 655 978 34 677 825 266 119 374 241 107 924 449 654 920 698 609 439 552 489 449 87 772 10 605 690 443 880 299 
558 419 531 608 617 914 496 8 472 55 480 115 414 742 759 391 276 372 425 794 626 751 119 29 19 758 681 226 197 387 0 894 315 408 922 275 908 613 912 854 105 167 79 816 924 326 916 958 479 343 271 892 703 783 404 320 361 912 813 690 992 351 60 892 311 701 811 592 195 425 
57 65 323 839 103 804 381 983 724 809 194 196 160 470 117 903 489 767 682 374 835 321 26 336 485 873 988 658 395 3 894 0 282 157 253 851 117 116 497 940 702 572 723 160 334 798 131 268 92 689 973 921 274 272 75 678 274 518 935 506 148 438 831 179 580 777 850 782 588 220 
966 343 901 933 668 216 69 975 675 607 55 743 161 786 528 523 870 898 645 420 844 992 352 991 85 336 377 834 914 1 315 282 0 295 997 500 714 135 152 957 613 16 121 210 449 402 558 376 733 724 88 625 759 123 843 146 609 141 666 11 603 653 53 213 675 238 786 374 198 573 
741 880 663 375 237 773 887 318 308 669 565 459 614 225 385 641 941 580 432 117 375 976 957 623 12 702 61 948 498 337 408 157 295 0 401 271 790 73 221 637 378 135 950 952 951 447 682 225 242 652 521 581 963 344 741 112 378 688 157 457 211 381 293 593 803 588 785 525 765 569 
777 201 972 973 472 489 124 938 624 404 753 252 998 198 828 80 767 461 942 472 218 213 383 168 675 913 89 662 746 244 922 253 997 401 0 988 891 479 431 264 626 418 749 543 714 893 939 759 404 747 373 891 716 38 636 837 595 694 205 41 170 310 170 727 308 974 691 146 532 726 
94 841 201 827 288 187 635 688 811 485 141 462 547 165 22 274 88 547 18 449 395 193 144 526 336 976 439 931 736 417 275 851 500 271 988 0 791 520 524 870 784 845 340 735 320 939 601 365 330 385 241 745 647 176 184 468 485 198 174 574 798 328 629 353 607 167 440 349 407 453 
377 461 551 616 256 426 314 621 452 524 457 969 989 650 542 983 745 855 214 476 266 508 786 621 283 413 408 703 914 108 908 117 714 790 891 791 0 292 908 758 124 137 243 794 727 855 951 274 947 291 102 803 423 946 723 86 604 199 819 559 433 268 929 524 394 202 754 916 383 72 
436 833 435 969 414 245 921 625 20 620 701 100 136 490 488 214 84 105 201 96 771 188 758 756 282 758 911 458 603 644 613 116 135 73 479 520 292 0 600 453 519 36 554 964 777 571 498 885 822 950 840 450 936 337 438 936 386 789 351 554 453 429 957 418 436 339 641 558 431 201 
750 39 275 474 565 2 81 686 230 926 606 707 645 957 58 454 296 137 961 489 567 560 197 49 542 392 392 497 736 531 912 497 152 221 431 524 908 600 0 750 247 595 527 276 569 721 348 601 344 681 310 677 925 201 494 749 500 493 953 686 411 895 78 410 380 867 864 434 872 602 
350 672 689 871 58 21 394 91 803 174 951 707 970 215 51 203 493 450 169 264 5 455 325 569 517 543 1 335 176 272 854 940 957 637 264 870 758 453 750 0 152 150 970 726 804 186 274 12 506 640 641 582 9 405 740 744 539 78 979 976 557 402 643 265 486 785 185 124 580 986 
203 151 141 714 98 926 232 813 519 568 787 67 238 138 43 956 933 272 60 943 494 88 54 726 529 236 278 194 810 836 105 702 613 378 626 784 124 519 247 152 0 417 892 355 624 135 871 112 529 470 446 696 638 761 829 668 562 389 751 857 620 187 441 599 273 673 262 624 382 90 
222 3 388 39 324 277 62 535 972 488 539 374 753 90 103 632 325 717 140 508 1 72 643 142 819 490 764 522 330 25 167 572 16 135 418 845 137 36 595 150 417 0 749 315 658 298 308 515 351 1000 933 883 486 668 400 336 265 256 815 723 873 521 288 867 512 282 491 410 428 117 
623 938 655 228 794 754 879 622 868 809 929 570 627 591 79 735 74 79 680 238 113 802 425 527 293 328 364 203 168 655 79 723 121 950 749 340 243 554 527 970 892 749 0 281 574 203 970 211 923 136 465 113 22 50 547 921 595 627 645 428 664 36 888 593 567 89 274 137 97 904 
720 91 16 714 783 137 183 426 266 706 656 641 764 537 190 679 25 259 919 656 837 789 374 531 440 853 382 42 532 978 816 160 210 952 543 735 794 964 276 726 355 315 281 0 979 248 314 311 17 640 932 412 857 240 177 516 114 742 701 495 593 341 421 28 601 409 952 62 576 621 
355 325 409 612 888 79 651 877 208 44 1000 541 461 582 528 988 719 258 506 474 416 184 888 423 861 515 285 522 562 34 924 334 449 951 714 320 727 777 569 804 624 658 574 979 0 988 921 277 586 270 969 863 742 563 301 463 572 86 959 294 129 928 33 557 948 940 922 273 9 456 
310 61 749 947 513 126 369 882 722 953 148 467 211 200 557 419 115 340 389 921 479 123 1 319 1000 681 224 40 532 677 326 798 402 447 893 939 855 571 721 186 135 298 203 248 988 0 315 813 815 477 433 929 449 633 572 265 708 858 91 660 596 7 584 415 516 600 876 120 147 1 
142 22 70 82 168 2 379 148 25 640 213 938 262 190 173 639 883 687 51 222 732 347 238 186 43 333 625 387 405 825 916 131 558 682 939 601 951 498 348 274 871 308 970 314 921 315 0 469 352 334 854 599 768 189 698 42 793 951 98 640 30 900 242 925 381 409 642 460 392 46 
769 120 660 279 850 453 897 406 784 897 345 866 973 132 649 828 320 747 97 780 768 1 938 216 779 52 945 209 529 266 958 268 376 225 759 365 274 885 601 12 112 515 211 311 277 813 469 0 926 662 116 951 143 714 427 80 980 753 984 161 467 30 627 823 281 44 9 113 136 81 
669 396 445 738 639 164 986 397 422 267 488 254 657 928 530 347 204 572 189 999 161 731 484 972 396 164 770 30 708 119 479 92 733 242 404 330 947 822 344 506 529 351 923 17 586 815 352 926 0 625 285 697 625 690 614 60 605 694 949 567 653 22 492 148 77 93 274 320 176 885 
262 841 739 532 618 359 107 826 355 50 756 316 729 407 901 206 548 966 938 412 669 614 842 684 224 545 759 582 928 374 343 689 724 652 747 385 291 950 681 640 470 1000 136 640 270 477 334 662 625 0 88 837 777 750 710 593 278 835 478 237 375 750 440 611 154 317 920 49 334 872 
640 566 923 522 689 511 524 621 606 232 85 869 809 362 842 471 420 241 527 677 813 453 187 763 460 970 21 523 242 241 271 973 88 521 373 241 102 840 310 641 446 933 465 932 969 433 854 116 285 88 0 494 506 604 558 688 835 838 175 272 325 64 825 503 612 393 938 647 368 304 
330 693 574 520 910 11 579 16 84 784 306 580 611 175 346 157 141 47 872 361 292 471 824 723 557 324 28 149 182 107 892 921 625 581 891 745 803 450 677 582 696 883 113 412 863 929 599 951 697 837 494 0 491 851 676 689 691 958 560 692 634 337 941 384 128 690 507 245 398 178 
88 910 974 240 368 379 79 1000 408 161 290 690 330 794 269 701 230 509 604 501 700 29 438 42 132 924 311 454 285 924 703 274 759 963 716 647 423 936 925 9 638 486 22 857 742 449 768 143 625 777 506 491 0 827 838 154 769 584 685 416 776 803 976 945 978 46 499 370 413 566 
376 901 721 121 172 165 330 195 787 1000 535 517 436 438 385 61 195 581 634 803 339 703 430 465 997 533 819 482 191 449 783 272 123 344 38 176 946 337 201 405 761 668 50 240 563 633 189 714 690 750 604 851 827 0 513 286 318 621 905 478 230 256 197 32 185 555 937 147 707 331 
277 16 76 809 57 596 595 330 708 967 858 815 979 503 4 82 905 1 976 998 108 760 258 626 992 97 802 358 47 654 404 75 843 741 636 184 723 438 494 740 829 400 547 177 301 572 698 427 614 710 558 676 838 513 0 935 814 843 463 123 635 912 382 521 421 693 191 756 578 897 
459 917 723 974 898 572 152 218 354 878 197 216 552 571 371 73 470 714 843 410 509 224 23 128 315 244 675 458 765 920 320 678 146 112 837 468 86 936 749 744 668 336 921 516 463 265 42 80 60 593 688 689 154 286 935 0 624 825 678 633 766 433 914 222 465 108 710 272 228 690 
902 386 877 266 303 858 525 898 627 674 18 796 136 659 257 124 935 580 399 736 796 387 423 272 646 278 34 746 50 698 361 274 609 378 595 485 604 386 500 539 562 265 595 114 572 708 793 980 605 278 835 691 769 318 814 624 0 389 259 449 50 874 339 948 796 998 931 366 647 596 
66 231 596 123 629 691 534 292 145 409 882 684 319 939 513 281 394 62 413 362 455 403 416 275 882 378 116 105 789 609 912 518 141 688 694 198 199 789 493 78 389 256 627 742 86 858 951 753 694 835 838 958 584 621 843 825 389 0 119 599 648 668 761 89 388 668 642 706 578 704 
891 690 808 666 567 723 520 864 614 651 763 337 80 766 409 420 217 565 709 1000 897 575 365 82 226 416 12 155 847 439 813 935 666 157 205 174 819 351 953 979 751 815 645 701 959 91 98 984 949 478 175 560 685 905 463 678 259 119 0 821 709 682 281 801 77 503 708 969 385 387 
935 263 117 978 584 324 362 743 699 785 909 536 422 466 851 664 222 403 234 334 927 58 904 105 322 510 329 580 453 552 690 506 11 457 41 574 559 554 686 976 857 723 428 495 294 660 640 161 567 237 272 692 416 478 123 633 449 599 821 0 426 249 791 703 974 409 362 392 395 976 
805 717 213 387 904 641 293 919 833 274 741 807 233 125 152 378 579 42 571 846 669 395 813 396 438 611 428 331 494 489 992 148 603 211 170 798 433 453 411 557 620 873 664 593 129 596 30 467 653 375 325 634 776 230 635 766 50 648 709 426 0 79 81 407 925 51 203 172 733 437 
557 705 888 478 974 324 744 198 989 639 856 776 741 663 430 944 493 83 625 4 432 413 992 573 86 986 697 507 944 449 351 438 653 381 310 328 268 429 895 402 187 521 36 341 928 7 900 30 22 750 64 337 803 256 912 433 874 668 682 249 79 0 435 334 939 19 326 857 785 274 
559 339 657 183 535 444 58 129 415 161 844 418 526 899 355 629 165 961 394 268 99 232 549 339 906 110 137 33 714 87 60 831 53 293 170 629 929 957 78 643 441 288 888 421 33 584 242 627 492 440 825 941 976 197 382 914 339 761 281 791 81 435 0 548 23 596 285 106 287 533 
312 172 503 184 676 358 956 470 542 139 676 53 422 530 538 55 635 977 773 828 713 564 338 784 30 229 209 793 443 772 892 179 213 593 727 353 524 418 410 265 599 867 593 28 557 415 925 823 148 611 503 384 945 32 521 222 948 89 801 703 407 334 548 0 969 369 643 42 173 687 
35 550 447 166 499 132 868 429 889 308 7 852 943 143 464 386 383 640 24 450 719 828 835 166 203 285 808 730 505 10 311 580 675 803 308 607 394 436 380 486 273 512 567 601 948 516 381 281 77 154 612 128 978 185 421 465 796 388 77 974 925 939 23 969 0 450 82 823 117 503 
134 332 742 37 280 298 402 40 31 861 311 59 25 364 744 300 929 54 327 380 380 554 171 411 763 849 559 61 383 605 701 777 238 588 974 167 202 339 867 785 673 282 89 409 940 600 409 44 93 317 393 690 46 555 693 108 998 668 503 409 51 19 596 369 450 0 919 472 178 561 
393 622 893 281 603 335 982 720 589 893 802 895 582 190 492 445 489 966 740 135 732 250 559 889 784 950 633 498 279 690 811 850 786 785 691 440 754 641 864 185 262 491 274 952 922 876 642 9 274 920 938 507 499 937 191 710 931 642 708 362 203 326 285 643 82 919 0 914 856 382 
402 317 594 112 589 806 571 166 162 763 927 517 749 535 40 777 351 836 324 570 205 986 625 121 359 234 39 106 42 443 592 782 374 525 146 349 916 558 434 124 624 410 137 62 273 120 460 113 320 49 647 245 370 147 756 272 366 706 969 392 172 857 106 42 823 472 914 0 245 354 
242 238 88 1 508 982 534 452 868 623 566 701 267 26 201 481 807 212 885 101 991 375 678 919 749 795 90 990 703 880 195 588 198 765 532 407 383 431 872 580 382 428 97 576 9 147 392 136 176 334 368 398 413 707 578 228 647 578 385 395 733 785 287 173 117 178 856 245 0 490 
127 843 86 792 69 511 512 407 457 626 507 277 864 282 890 165 628 485 173 612 664 183 536 12 563 581 278 164 788 299 425 220 573 569 726 453 72 201 602 986 90 117 904 621 456 1 46 81 885 872 304 178 566 331 897 690 596 704 387 976 437 274 533 687 503 561 382 354 490 0 
0 378 695 84 976 471 994 470 301 571 202 509 749 769 689 481 912 974 561 420 99 469 483 313 319 5 275 828 209 895 558 57 966 741 777 94 377 436 750 350 203 222 623 720 355 310 142 769 669 262 640 330 88 376 277 459 902 66 891 935 805 557 559 312 35 134 393 402 242 127 
378 0 550 1 161 887 686 844 756 397 81 565 232 822 283 640 216 438 43 863 171 620 726 215 202 754 818 252 991 393 419 65 343 880 201 841 461 833 39 672 151 3 938 91 325 61 22 120 396 841 566 693 910 901 16 917 386 231 690 263 717 705 339 172 550 332 622 317 238 843 
695 550 0 149 289 492 990 299 163 464 161 283 464 224 28 93 165 816 495 595 313 471 327 437 699 690 919 789 221 393 531 323 901 663 972 201 551 435 275 689 141 388 655 16 409 749 70 660 445 739 923 574 974 721 76 723 877 596 808 117 213 888 657 503 447 742 893 594 88 86 
84 1 149 0 116 21 845 490 171 688 806 547 949 890 579 901 178 44 276 945 544 321 435 295 974 150 752 406 361 451 608 839 933 375 973 827 616 969 474 871 714 39 228 714 612 947 82 279 738 532 522 520 240 121 809 974 266 123 666 978 387 478 183 184 166 37 281 112 1 792 
976 161 289 116 0 139 65 315 719 95 772 702 300 423 656 735 168 755 611 708 692 182 841 395 835 714 583 43 138 362 617 103 668 237 472 288 256 414 565 58 98 324 794 783 888 513 168 850 639 618 689 910 368 172 57 898 303 629 567 584 904 974 535 676 499 280 603 589 508 69 
471 887 492 21 139 0 233 758 417 295 988 87 174 614 853 876 536 406 149 249 659 443 366 294 771 44 105 490 344 479 914 804 216 773 489 187 426 245 2 21 926 277 754 137 79 126 2 453 164 359 511 11 379 165 596 572 858 691 723 324 641 324 444 358 132 298 335 806 982 511 
994 686 990 845 65 233 0 809 526 766 3 43 532 933 156 485 81 983 851 768 181 449 916 438 861 52 94 671 320 104 496 381 69 887 124 635 314 921 81 394 232 62 879 183 651 369 379 897 986 107 524 579 79 330 595 152 525 534 520 362 293 744 58 956 868 402 982 571 534 512 
