90 4
0 104 96 963 527 375 277 678 442 894 380 250 906 288 285 616 531 304 113 770 383 925 57 428 552 9 370 714 362 813 92 874 821 879 133 801 151 143 617 529 685 714 472 486 175 901 410 174 299 726 253 423 275 216 856 856 661 289 227 776 573 668 629 938 6 767 24 137 906 962 817 853 948 752 392 519 283 827 452 869 98 531 284 292 95 399 759 629 631 717 
104 0 668 792 18 842 364 956 520 865 626 294 478 8 896 253 982 995 797 80 125 700 843 903 492 124 42 447 896 674 744 758 854 361 83 253 132 411 839 188 82 94 423 482 506 54 670 404 300 143 825 806 8 859 870 358 130 872 610 788 852 182 962 35 622 654 687 159 473 626 674 773 797 532 650 371 432 920 395 483 791 186 753 300 577 943 586 791 29 413 
96 668 0 890 941 651 566 571 102 146 589 670 318 255 515 720 749 334 566 904 812 871 27 185 113 628 310 434 701 344 649 878 415 244 848 89 822 739 450 911 522 442 725 52 390 335 35 51 80 58 230 435 173 304 432 352 808 803 133 813 737 275 471 955 601 794 337 163 797 260 524 123 984 815 868 399 28 701 772 42 414 404 342 290 216 989 11 376 819 55 
963 792 890 0 281 633 907 777 701 130 122 752 652 608 279 332 421 223 817 173 95 458 234 994 724 863 431 111 747 41 226 982 692 131 905 961 486 431 467 326 536 83 704 847 301 354 518 435 786 918 943 220 89 24 262 659 506 92 672 34 569 621 284 244 428 753 509 771 672 536 278 425 686 993 999 861 966 332 201 437 630 985 56 943 398 139 162 779 144 459 
527 18 941 281 0 814 664 915 51 150 152 73 299 748 302 604 145 940 18 410 162 697 30 427 832 734 871 322 189 772 119 939 616 983 166 953 332 583 910 564 670 883 354 973 395 770 984 554 378 565 2 409 667 344 803 223 425 994 738 277 396 177 887 292 262 35 872 508 629 220 294 444 114 332 452 352 579 367 166 849 949 222 851 982 820 17 311 336 938 570 
375 842 651 633 814 0 458 804 239 176 360 684 307 216 332 972 684 385 403 375 639 377 41 599 454 581 634 679 237 762 449 271 236 580 325 323 443 742 455 781 833 87 143 509 752 875 19 462 327 91 194 413 911 348 713 854 625 453 62 782 884 878 732 824 227 57 215 855 380 976 65 751 774 625 934 736 699 56 559 945 980 345 600 339 169 595 39 708 580 282 
277 364 566 907 664 458 0 701 690 494 953 391 623 719 540 272 387 947 86 794 434 669 776 866 547 485 928 630 855 338 97 90 726 909 876 310 93 380 872 271 26 55 47 262 952 155 719 47 478 102 182 19 796 106 650 646 136 266 903 984 315 849 492 96 331 133 37 195 40 587 258 481 827 781 426 82 656 809 315 275 463 871 672 868 740 905 659 782 430 296 
678 956 571 777 915 804 701 0 328 87 431 333 897 90 153 547 367 806 592 316 147 31 771 999 741 615 254 179 413 583 217 573 642 368 812 293 228 714 46 615 522 437 270 596 432 619 637 722 892 663 41 937 289 331 337 973 501 509 657 67 266 640 228 904 882 327 267 767 900 493 836 642 276 540 217 879 24 797 751 912 733 530 27 888 703 269 523 981 636 452 
442 520 102 701 51 239 690 328 0 668 787 765 933 262 688 353 575 182 556 164 615 370 51 923 389 139 661 337 614 514 815 196 726 958 271 108 933 535 930 333 783 730 105 610 760 982 705 613 193 728 426 219 121 742 343 637 557 69 681 767 297 406 21 191 886 369 852 300 882 675 82 519 723 4 166 329 853 811 895 20 477 695 718 187 560 852 480 588 305 101 
894 865 146 130 150 176 494 87 668 0 195 312 553 250 98 472 760 529 947 222 892 248 769 36 88 808 144 94 610 990 215 427 205 200 991 185 659 957 143 196 925 807 809 434 142 41 119 233 552 53 692 15 553 217 786 402 981 381 683 62 324 190 705 240 425 416 374 362 446 709 730 314 419 295 582 198 131 111 758 216 77 896 15 290 839 985 211 109 518 892 
380 626 589 122 152 360 953 431 787 195 0 295 64 426 522 774 41 839 506 829 544 770 323 531 471 595 919 526 108 237 825 460 431 222 200 664 893 286 62 971 873 715 201 605 452 640 563 47 617 143 118 836 36 797 460 813 254 261 60 561 933 653 139 987 279 967 51 325 521 955 973 172 618 168 125 831 156 664 92 252 588 248 100 953 851 406 289 634 635 925 
250 294 670 752 73 684 391 333 765 312 295 0 985 229 80 853 581 179 29 87 510 540 899 170 365 168 104 300 786 196 354 422 863 834 143 791 390 548 390 349 966 877 909 19 940 14 931 467 852 352 132 733 634 965 770 683 867 871 788 319 279 715 748 729 910 470 8 346 843 511 265 300 228 618 395 861 340 224 921 165 726 953 956 181 368 45 564 367 825 297 
906 478 318 652 299 307 623 897 933 553 64 985 0 178 642 585 290 648 737 370 131 630 746 445 556 634 273 728 430 221 969 444 489 618 578 736 843 415 74 343 50 912 576 218 133 78 530 580 503 24 955 726 44 536 218 546 424 395 491 553 510 678 879 380 197 241 284 636 793 106 715 826 204 712 914 920 241 855 933 865 558 94 486 437 846 329 617 411 651 308 
288 8 255 608 748 216 719 90 262 250 426 229 178 0 598 455 122 557 338 608 656 21 408 892 540 376 697 275 378 619 856 897 507 245 103 174 40 119 234 238 427 90 463 810 17 416 33 355 345 673 278 26 370 354 201 68 853 622 891 341 698 627 291 701 179 844 227 617 753 325 707 974 703 680 21 157 267 977 708 178 213 258 995 24 956 860 676 658 565 151 
285 896 515 279 302 332 540 153 688 98 522 80 642 598 0 521 267 232 17 299 825 96 674 200 132 412 847 853 855 957 583 423 759 915 895 908 929 359 277 307 334 423 360 823 903 82 37 927 785 800 438 816 275 169 251 880 960 571 937 426 32 374 533 477 402 805 740 606 583 846 260 589 586 867 544 703 378 368 939 970 272 682 62 162 804 315 781 501 362 820 
616 253 720 332 604 972 272 547 353 472 774 853 585 455 521 0 398 680 889 206 901 96 791 501 766 469 158 899 599 77 52 904 840 974 107 827 353 12 853 519 958 333 635 464 186 90 933 826 222 845 912 406 702 44 576 352 142 658 947 934 312 791 660 217 716 299 308 896 766 552 35 652 532 224 105 943 480 944 732 168 411 883 193 105 667 935 924 633 88 390 
531 982 749 421 145 684 387 367 575 760 41 581 290 122 267 398 0 498 955 860 215 780 432 59 693 808 322 95 873 908 11 785 830 952 608 972 756 169 773 960 796 412 800 31 525 309 30 717 616 226 2 451 950 344 962 26 682 488 196 818 91 411 97 697 841 766 485 393 55 868 204 883 669 182 469 197 662 42 479 433 960 382 561 23 535 381 496 978 400 748 
304 995 334 223 940 385 947 806 182 529 839 179 648 557 232 680 498 0 790 266 573 456 292 821 819 973 504 915 727 111 886 418 354 920 662 770 402 467 80 664 541 245 59 523 957 322 809 86 99 118 733 160 49 432 79 329 592 763 74 54 853 799 595 517 840 490 667 851 383 198 905 549 637 699 880 864 992 286 589 536 407 947 754 84 266 975 82 183 406 626 
113 797 566 817 18 403 86 592 556 947 506 29 737 338 17 889 955 790 0 212 983 409 921 659 531 555 510 452 36 514 592 770 702 583 737 974 480 556 189 972 118 334 263 556 485 210 462 248 874 514 487 480 415 425 325 582 566 900 810 151 955 616 467 633 506 578 97 714 761 458 71 24 455 562 875 860 798 761 908 20 215 709 43 315 735 491 59 294 585 36 
770 80 904 173 410 375 794 316 164 222 829 87 370 608 299 206 860 266 212 0 872 367 29 342 38 864 680 719 259 570 719 259 524 821 512 288 360 332 381 980 933 979 289 459 104 694 409 611 505 611 160 501 856 978 955 96 71 436 329 929 174 48 39 429 173 315 395 571 983 182 878 539 548 691 384 563 590 213 100 81 874 398 492 340 648 758 750 201 521 942 
383 125 812 95 162 639 434 147 615 892 544 510 131 656 825 901 215 573 983 872 0 597 317 262 289 232 39 438 21 815 952 440 818 109 296 489 661 561 951 780 531 752 494 378 572 749 461 98 813 667 414 764 982 697 533 171 77 323 141 237 745 276 819 805 73 141 491 412 571 249 760 887 676 400 10 343 313 580 78 750 197 339 495 425 755 755 165 984 963 803 
925 700 871 458 697 377 669 31 370 248 770 540 630 21 96 96 780 456 409 367 597 0 342 780 286 483 859 753 899 89 208 715 992 561 454 382 862 129 385 216 640 642 952 299 404 368 630 738 72 334 335 182 983 784 310 780 779 428 886 352 687 675 142 89 371 758 644 545 849 591 296 756 876 69 886 389 512 870 813 504 162 901 369 990 932 758 453 315 187 382 
57 843 27 234 30 41 776 771 51 769 323 899 746 408 674 791 432 292 921 29 317 342 0 179 637 516 703 203 902 226 897 308 928 859 23 820 325 781 57 996 122 55 862 372 259 190 350 995 864 490 806 445 864 83 708 604 927 354 74 457 584 615 466 973 780 35 310 265 397 967 84 806 639 967 21 479 725 750 271 63 928 674 276 877 654 733 769 741 421 38 
428 903 185 994 427 599 866 999 923 36 531 170 445 892 200 501 59 821 659 342 262 780 179 0 537 117 74 980 839 817 712 349 561 440 760 336 518 851 45 779 556 341 831 813 376 294 558 275 497 689 784 793 981 871 221 169 656 481 715 615 492 205 921 504 451 809 596 564 837 477 199 973 952 456 464 501 595 35 978 217 933 669 631 707 322 753 733 583 819 684 
552 492 113 724 832 454 547 741 389 88 471 365 556 540 132 766 693 819 531 38 289 286 637 537 0 434 365 574 651 852 846 937 335 188 236 438 152 895 275 666 605 478 912 774 571 73 676 426 389 457 977 138 120 303 389 847 545 492 580 920 151 395 976 979 295 353 746 636 464 284 514 296 90 788 865 636 694 673 409 452 653 956 611 13 584 516 560 611 50 800 
9 124 628 863 734 581 485 615 139 808 595 168 634 376 412 469 808 973 555 864 232 483 516 117 434 0 801 161 91 600 500 434 497 239 818 631 787 526 243 364 66 60 269 99 123 79 421 389 992 280 210 788 585 772 478 676 330 244 548 322 790 962 406 799 272 347 395 589 757 599 579 185 692 311 911 969 760 664 693 74 70 875 836 959 838 99 22 532 803 363 
370 42 310 431 871 634 928 254 661 144 919 104 273 697 847 158 322 504 510 680 39 859 703 74 365 801 0 727 974 954 756 354 1000 414 767 266 23 128 403 143 299 485 114 301 218 503 179 591 87 219 537 273 447 485 145 513 689 380 804 683 945 1000 443 390 543 816 928 204 688 645 768 699 437 821 422 988 218 21 399 900 405 14 149 899 554 162 195 957 5 810 
714 447 434 111 322 679 630 179 337 94 526 300 728 275 853 899 95 915 452 719 438 753 203 980 574 161 727 0 881 188 610 453 617 71 760 346 654 388 785 567 167 677 164 917 328 625 943 127 507 92 951 720 606 279 453 455 290 417 492 354 898 966 679 85 954 409 475 810 18 402 715 430 821 646 548 885 660 215 750 508 589 710 622 29 542 171 612 113 517 607 
362 896 701 747 189 237 855 413 614 610 108 786 430 378 855 599 873 727 36 259 21 899 902 839 651 91 974 881 0 988 856 139 39 213 142 811 644 115 334 787 404 928 587 667 946 437 732 174 58 895 466 872 470 55 412 791 686 172 765 695 515 401 135 853 321 458 128 364 95 192 578 32 403 829 392 696 217 106 579 334 694 408 851 971 815 379 480 392 175 759 
813 674 344 41 772 762 338 583 514 990 237 196 221 619 957 77 908 111 514 570 815 89 226 817 852 600 954 188 988 0 338 578 186 463 301 266 462 898 860 356 510 452 341 336 649 950 838 253 2 516 966 249 303 83 889 181 822 313 952 518 305 926 43 935 785 535 170 944 437 689 159 509 184 280 360 405 489 362 485 853 691 768 588 497 150 313 592 88 424 864 
92 744 649 226 119 449 97 217 815 215 825 354 969 856 583 52 11 886 592 719 952 208 897 712 846 500 756 610 856 338 0 796 647 660 922 464 207 356 517 4 616 551 972 674 242 610 829 686 517 429 241 621 197 940 39 257 565 735 20 911 422 745 330 903 826 14 890 788 295 623 717 840 977 411 472 419 779 526 448 743 35 674 925 588 636 796 414 433 16 943 
874 758 878 982 939 271 90 573 196 427 460 422 444 897 423 904 785 418 770 259 440 715 308 349 937 434 354 453 139 578 796 0 830 174 271 681 691 7 41 722 354 238 875 426 267 524 124 757 493 527 713 653 201 27 436 338 4 541 548 481 639 268 425 615 475 787 246 371 355 667 541 565 27 374 91 100 560 597 167 118 163 591 14 82 355 544 779 495 613 881 
821 854 415 692 616 236 726 642 726 205 431 863 489 507 759 840 830 354 702 524 818 992 928 561 335 497 1000 617 39 186 647 830 0 456 365 281 292 77 589 808 400 366 871 305 899 739 704 112 611 355 463 847 248 217 865 396 979 46 733 335 291 79 2 182 681 565 986 374 766 453 71 936 495 41 413 442 981 302 864 161 869 465 142 111 675 526 435 476 729 176 
879 361 244 131 983 580 909 368 958 200 222 834 618 245 915 974 952 920 583 821 109 561 859 440 188 239 414 71 213 463 660 174 456 0 785 658 604 522 792 795 506 621 695 305 233 334 94 615 447 928 575 497 308 419 891 994 144 695 912 694 594 336 500 873 300 577 545 121 946 924 595 283 353 289 88 821 731 353 94 992 466 533 932 184 656 692 822 515 205 754 
133 83 848 905 166 325 876 812 271 991 200 143 578 103 895 107 608 662 737 512 296 454 23 760 236 818 767 760 142 301 922 271 365 785 0 241 11 181 252 738 183 817 757 26 82 742 374 896 483 438 363 431 567 30 630 294 611 306 490 706 709 715 434 853 886 461 128 319 794 338 488 739 650 280 536 326 194 511 172 69 327 808 52 70 72 586 306 228 483 267 
801 253 89 961 953 323 310 293 108 185 664 791 736 174 908 827 972 770 974 288 489 382 820 336 438 631 266 346 811 266 464 681 281 658 241 0 761 495 190 839 883 596 355 994 653 119 503 330 701 889 91 104 549 174 375 153 205 550 366 738 355 196 85 639 16 882 518 372 602 325 905 547 661 381 24 4 778 824 563 724 184 727 860 978 482 659 756 445 5 609 
151 132 822 486 332 443 93 228 933 659 893 390 843 40 929 353 756 402 480 360 661 862 325 518 152 787 23 654 644 462 207 691 292 604 11 761 0 681 694 542 591 566 187 841 297 39 900 321 221 525 757 593 831 528 86 606 847 878 658 148 656 266 450 217 967 297 95 591 5 493 756 150 307 469 636 975 262 568 280 867 640 166 693 269 756 716 596 261 726 951 
143 411 739 431 583 742 380 714 535 957 286 548 415 119 359 12 169 467 556 332 561 129 781 851 895 526 128 388 115 898 356 7 77 522 181 495 681 0 377 361 293 226 400 1 41 658 30 429 141 706 321 214 64 184 601 460 328 72 245 690 172 636 277 12 59 231 291 992 690 966 493 702 478 651 189 884 500 297 17 512 841 818 619 138 818 181 895 839 73 955 
617 839 450 467 910 455 872 46 930 143 62 390 74 234 277 853 773 80 189 381 951 385 57 45 275 243 403 785 334 860 517 41 589 792 252 190 694 377 0 283 415 527 720 923 161 267 730 289 583 919 511 408 806 461 157 628 573 159 312 134 20 118 756 329 440 153 917 957 603 847 946 908 410 653 769 769 323 850 412 439 664 360 227 316 352 889 403 691 327 240 
529 188 911 326 564 781 271 615 333 196 971 349 343 238 307 519 960 664 972 980 780 216 996 779 666 364 143 567 787 356 4 722 808 795 738 839 542 361 283 0 92 51 960 182 277 963 382 107 335 874 748 515 769 503 306 224 176 5 292 517 906 772 846 649 646 687 286 585 784 503 156 87 64 51 213 850 26 791 448 920 203 835 682 572 298 626 963 157 744 620 
685 82 522 536 670 833 26 522 783 925 873 966 50 427 334 958 796 541 118 933 531 640 122 556 605 66 299 167 404 510 616 354 400 506 183 883 591 293 415 92 0 770 117 430 37 310 376 965 193 881 977 695 144 509 53 68 208 848 818 100 551 426 224 479 333 613 333 539 655 875 523 13 527 678 822 945 238 662 769 406 701 123 692 385 805 730 579 206 435 149 
714 94 442 83 883 87 55 437 730 807 715 877 912 90 423 333 412 245 334 979 752 642 55 341 478 60 485 677 928 452 551 238 366 621 817 596 566 226 527 51 770 0 796 77 1000 907 554 409 470 674 376 659 166 532 585 674 375 81 986 752 295 613 24 444 927 868 406 684 250 188 96 43 439 221 4 996 128 948 654 91 437 64 925 390 986 571 902 644 896 233 
472 423 725 704 354 143 47 270 105 809 201 909 576 463 360 635 800 59 263 289 494 952 862 831 912 269 114 164 587 341 972 875 871 695 757 355 187 400 720 960 117 796 0 330 206 604 12 540 952 548 168 784 529 597 790 77 587 678 875 657 976 209 347 941 293 826 460 879 679 63 522 569 851 366 224 186 40 183 924 757 123 213 369 393 200 591 708 648 841 246 
486 482 52 847 973 509 262 596 610 434 605 19 218 810 823 464 31 523 556 459 378 299 372 813 774 99 301 917 667 336 674 426 305 305 26 994 841 1 923 182 430 77 330 0 544 723 647 336 936 516 24 868 711 949 413 769 996 280 201 730 711 668 240 138 293 131 230 445 532 650 63 97 413 487 967 970 678 658 728 536 899 461 574 98 181 998 20 513 480 319 
175 506 390 301 395 752 952 432 760 142 452 940 133 17 903 186 525 957 485 104 572 404 259 376 571 123 218 328 946 649 242 267 899 233 82 653 297 41 161 277 37 1000 206 544 0 494 662 106 718 310 111 453 75 194 360 778 10 917 238 845 161 886 142 741 554 714 342 979 833 701 365 999 578 242 890 165 958 870 191 806 12 655 124 157 823 995 749 378 366 30 
901 54 335 354 770 875 155 619 982 41 640 14 78 416 82 90 309 322 210 694 749 368 190 294 73 79 503 625 437 950 610 524 739 334 742 119 39 658 267 963 310 907 604 723 494 0 477 904 957 394 149 943 315 812 289 757 287 148 34 588 178 186 79 183 169 206 450 627 682 432 847 186 920 309 101 845 330 391 344 570 775 258 251 121 596 511 693 125 99 822 
410 670 35 518 984 19 719 637 705 119 563 931 530 33 37 933 30 809 462 409 461 630 350 558 676 421 179 943 732 838 829 124 704 94 374 503 900 30 730 382 376 554 12 647 662 477 0 660 733 183 250 437 912 359 630 327 761 142 587 940 289 434 951 877 802 872 615 429 734 279 141 925 494 980 423 369 39 777 826 160 303 703 293 735 594 805 318 765 916 36 
174 404 51 435 554 462 47 722 613 233 47 467 580 355 927 826 717 86 248 611 98 738 995 275 426 389 591 127 174 253 686 757 112 615 896 330 321 429 289 107 965 409 540 336 106 904 660 0 505 626 778 478 797 881 729 654 285 622 178 781 789 263 940 354 456 148 314 504 305 687 916 503 194 243 98 381 264 481 789 518 337 907 958 429 695 407 968 309 681 480 
299 300 80 786 378 327 478 892 193 552 617 852 503 345 785 222 616 99 874 505 813 72 864 497 389 992 87 507 58 2 517 493 611 447 483 701 221 141 583 335 193 470 952 936 718 957 733 505 0 619 618 460 926 212 507 763 326 982 666 709 116 451 788 661 729 909 44 12 656 452 927 289 81 95 614 188 598 228 277 762 310 98 29 176 23 849 546 371 104 596 
726 143 58 918 565 91 102 663 728 53 143 352 24 673 800 845 226 118 514 611 667 334 490 689 457 280 219 92 895 516 429 527 355 928 438 889 525 706 919 874 881 674 548 516 310 394 183 626 619 0 842 945 823 115 288 582 973 270 136 441 371 511 322 210 69 629 924 381 613 476 232 130 487 614 40 219 358 640 408 978 480 496 489 994 342 767 422 829 817 148 
253 825 230 943 2 194 182 41 426 692 118 132 955 278 438 912 2 733 487 160 414 335 806 784 977 210 537 951 466 966 241 713 463 575 363 91 757 321 511 748 977 376 168 24 111 149 250 778 618 842 0 449 999 891 478 623 589 229 278 290 802 274 655 859 450 764 173 930 10 315 758 171 587 638 933 81 460 433 64 282 223 170 695 539 628 996 369 750 887 512 
423 806 435 220 409 413 19 937 219 15 836 733 726 26 816 406 451 160 480 501 764 182 445 793 138 788 273 720 872 249 621 653 847 497 431 104 593 214 408 515 695 659 784 868 453 943 437 478 460 945 449 0 450 785 316 641 109 743 417 56 320 969 568 994 729 392 805 349 578 642 732 607 698 48 461 593 853 93 162 527 873 477 859 191 591 732 9 253 686 923 
275 8 173 89 667 911 796 289 121 553 36 634 44 370 275 702 950 49 415 856 982 983 864 981 120 585 447 606 470 303 197 201 248 308 567 549 831 64 806 769 144 166 529 711 75 315 912 797 926 823 999 450 0 232 645 99 293 316 11 851 538 766 560 340 6 529 626 312 302 80 842 505 566 482 3 701 910 261 670 332 3 426 858 977 933 754 768 187 358 307 
216 859 304 24 344 348 106 331 742 217 797 965 536 354 169 44 344 432 425 978 697 784 83 871 303 772 485 279 55 83 940 27 217 419 30 174 528 184 461 503 509 532 597 949 194 812 359 881 212 115 891 785 232 0 891 991 582 568 791 161 135 686 420 686 588 598 804 556 350 853 153 952 914 393 941 537 106 901 980 148 371 352 849 827 523 288 199 410 218 255 
856 870 432 262 803 713 650 337 343 786 460 770 218 201 251 576 962 79 325 955 533 310 708 221 389 478 145 453 412 889 39 436 865 891 630 375 86 601 157 306 53 585 790 413 360 289 630 729 507 288 478 316 645 891 0 124 735 9 195 764 661 278 74 781 727 155 322 648 513 305 666 893 480 492 587 768 826 12 835 238 917 459 207 283 806 829 718 207 678 683 
856 358 352 659 223 854 646 973 637 402 813 683 546 68 880 352 26 329 582 96 171 780 604 169 847 676 513 455 791 181 257 338 396 994 294 153 606 460 628 224 68 674 77 769 778 757 327 654 763 582 623 641 99 991 124 0 780 362 6 698 715 556 892 990 896 939 133 561 207 834 65 442 126 340 717 122 894 735 591 484 609 418 189 468 427 291 658 99 369 777 
661 130 808 506 425 625 136 501 557 981 254 867 424 853 960 142 682 592 566 71 77 779 927 656 545 330 689 290 686 822 565 4 979 144 611 205 847 328 573 176 208 375 587 996 10 287 761 285 326 973 589 109 293 582 735 780 0 522 724 747 221 595 886 993 370 269 652 689 560 796 384 436 643 753 973 926 558 792 560 883 974 59 531 153 74 221 633 198 364 113 
289 872 803 92 994 453 266 509 69 381 261 871 395 622 571 658 488 763 900 436 323 428 354 481 492 244 380 417 172 313 735 541 46 695 306 550 878 72 159 5 848 81 678 280 917 148 142 622 982 270 229 743 316 568 9 362 522 0 722 422 88 115 834 845 914 583 125 501 706 909 874 364 737 619 865 957 918 876 38 998 815 115 318 864 732 559 81 92 745 820 
227 610 133 672 738 62 903 657 681 683 60 788 491 891 937 947 196 74 810 329 141 886 74 715 580 548 804 492 765 952 20 548 733 912 490 366 658 245 312 292 818 986 875 201 238 34 587 178 666 136 278 417 11 791 195 6 724 722 0 884 955 637 31 465 379 963 97 379 276 112 409 222 878 333 507 181 292 724 830 4 438 837 26 277 486 604 252 213 880 230 
776 788 813 34 277 782 984 67 767 62 561 319 553 341 426 934 818 54 151 929 237 352 457 615 920 322 683 354 695 518 911 481 335 694 706 738 148 690 134 517 100 752 657 730 845 588 940 781 709 441 290 56 851 161 764 698 747 422 884 0 414 718 519 65 158 77 641 666 285 169 857 761 540 725 737 522 465 485 627 190 386 198 401 741 328 736 705 479 506 68 
573 852 737 569 396 884 315 266 297 324 933 279 510 698 32 312 91 853 955 174 745 687 584 492 151 790 945 898 515 305 422 639 291 594 709 355 656 172 20 906 551 295 976 711 161 178 289 789 116 371 802 320 538 135 661 715 221 88 955 414 0 895 823 558 984 469 301 719 610 925 382 599 472 934 208 13 627 101 880 588 816 884 725 352 526 997 190 924 444 397 
668 182 275 621 177 878 849 640 406 190 653 715 678 627 374 791 411 799 616 48 276 675 615 205 395 962 1000 966 401 926 745 268 79 336 715 196 266 636 118 772 426 613 209 668 886 186 434 263 451 511 274 969 766 686 278 556 595 115 637 718 895 0 981 233 582 157 131 193 77 424 327 889 166 672 484 92 805 707 400 173 88 994 276 182 201 618 292 369 343 291 
629 962 471 284 887 732 492 228 21 705 139 748 879 291 533 660 97 595 467 39 819 142 466 921 976 406 443 679 135 43 330 425 2 500 434 85 450 277 756 846 224 24 347 240 142 79 951 940 788 322 655 568 560 420 74 892 886 834 31 519 823 981 0 531 221 21 756 843 41 946 519 790 201 808 369 232 666 238 60 921 44 313 19 389 992 434 732 267 223 207 
938 35 955 244 292 824 96 904 191 240 987 729 380 701 477 217 697 517 633 429 805 89 973 504 979 799 390 85 853 935 903 615 182 873 853 639 217 12 329 649 479 444 941 138 741 183 877 354 661 210 859 994 340 686 781 990 993 845 465 65 558 233 531 0 587 585 993 219 780 705 443 423 309 192 409 677 965 981 439 607 454 166 950 740 214 356 58 735 241 62 
6 622 601 428 262 227 331 882 886 425 279 910 197 179 402 716 841 840 506 173 73 371 780 451 295 272 543 954 321 785 826 475 681 300 886 16 967 59 440 646 333 927 293 293 554 169 802 456 729 69 450 729 6 588 727 896 370 914 379 158 984 582 221 587 0 107 163 279 32 666 520 970 266 764 913 137 599 279 928 530 755 291 492 806 831 455 189 890 322 429 
767 654 794 753 35 57 133 327 369 416 967 470 241 844 805 299 766 490 578 315 141 758 35 809 353 347 816 409 458 535 14 787 565 577 461 882 297 231 153 687 613 868 826 131 714 206 872 148 909 629 764 392 529 598 155 939 269 583 963 77 469 157 21 585 107 0 121 44 807 742 409 493 728 36 619 560 138 233 375 120 263 111 964 420 343 126 110 867 616 800 
24 687 337 509 872 215 37 267 852 374 51 8 284 227 740 308 485 667 97 395 491 644 310 596 746 395 928 475 128 170 890 246 986 545 128 518 95 291 917 286 333 406 460 230 342 450 615 314 44 924 173 805 626 804 322 133 652 125 97 641 301 131 756 993 163 121 0 446 92 525 4 882 262 648 223 920 511 977 879 212 406 640 215 481 833 379 633 333 695 971 
137 159 163 771 508 855 195 767 300 362 325 346 636 617 606 896 393 851 714 571 412 545 265 564 636 589 204 810 364 944 788 371 374 121 319 372 591 992 957 585 539 684 879 445 979 627 429 504 12 381 930 349 312 556 648 561 689 501 379 666 719 193 843 219 279 44 446 0 939 240 380 914 660 721 524 213 446 306 351 938 15 132 662 863 296 793 880 548 378 745 
906 473 797 672 629 380 40 900 882 446 521 843 793 753 583 766 55 383 761 983 571 849 397 837 464 757 688 18 95 437 295 355 766 946 794 602 5 690 603 784 655 250 679 532 833 682 734 305 656 613 10 578 302 350 513 207 560 706 276 285 610 77 41 780 32 807 92 939 0 657 380 365 66 161 43 992 59 715 464 657 983 673 143 834 760 759 469 923 232 148 
962 626 260 536 220 976 587 493 675 709 955 511 106 325 846 552 868 198 458 182 249 591 967 477 284 599 645 402 192 689 623 667 453 924 338 325 493 966 847 503 875 188 63 650 701 432 279 687 452 476 315 642 80 853 305 834 796 909 112 169 925 424 946 705 666 742 525 240 657 0 806 770 396 957 97 475 206 203 713 11 866 128 38 595 967 590 833 511 636 191 
817 674 524 278 294 65 258 836 82 730 973 265 715 707 260 35 204 905 71 878 760 296 84 199 514 579 768 715 578 159 717 541 71 595 488 905 756 493 946 156 523 96 522 63 365 847 141 916 927 232 758 732 842 153 666 65 384 874 409 857 382 327 519 443 520 409 4 380 380 806 0 524 830 337 561 171 173 429 702 429 78 909 15 868 483 992 236 512 714 700 
853 773 123 425 444 751 481 642 519 314 172 300 826 974 589 652 883 549 24 539 887 756 806 973 296 185 699 430 32 509 840 565 936 283 739 547 150 702 908 87 13 43 569 97 999 186 925 503 289 130 171 607 505 952 893 442 436 364 222 761 599 889 790 423 970 493 882 914 365 770 524 0 343 926 557 520 934 965 675 669 775 405 391 945 137 277 69 437 651 497 
948 797 984 686 114 774 827 276 723 419 618 228 204 703 586 532 669 637 455 548 676 876 639 952 90 692 437 821 403 184 977 27 495 353 650 661 307 478 410 64 527 439 851 413 578 920 494 194 81 487 587 698 566 914 480 126 643 737 878 540 472 166 201 309 266 728 262 660 66 396 830 343 0 293 237 851 559 208 764 183 67 81 652 821 28 615 60 476 870 78 
752 532 815 993 332 625 781 540 4 295 168 618 712 680 867 224 182 699 562 691 400 69 967 456 788 311 821 646 829 280 411 374 41 289 280 381 469 651 653 51 678 221 366 487 242 309 980 243 95 614 638 48 482 393 492 340 753 619 333 725 934 672 808 192 764 36 648 721 161 957 337 926 293 0 551 990 656 906 228 268 197 219 787 708 512 890 229 550 837 894 
392 650 868 999 452 934 426 217 166 582 125 395 914 21 544 105 469 880 875 384 10 886 21 464 865 911 422 548 392 360 472 91 413 88 536 24 636 189 769 213 822 4 224 967 890 101 423 98 614 40 933 461 3 941 587 717 973 865 507 737 208 484 369 409 913 619 223 524 43 97 561 557 237 551 0 69 309 227 795 860 712 49 378 765 370 585 469 870 575 136 
519 371 399 861 352 736 82 879 329 198 831 861 920 157 703 943 197 864 860 563 343 389 479 501 636 969 988 885 696 405 419 100 442 821 326 4 975 884 769 850 945 996 186 970 165 845 369 381 188 219 81 593 701 537 768 122 926 957 181 522 13 92 232 677 137 560 920 213 992 475 171 520 851 990 69 0 976 583 659 842 161 328 651 249 174 114 413 588 531 651 
283 432 28 966 579 699 656 24 853 131 156 340 241 267 378 480 662 992 798 590 313 512 725 595 694 760 218 660 217 489 779 560 981 731 194 778 262 500 323 26 238 128 40 678 958 330 39 264 598 358 460 853 910 106 826 894 558 918 292 465 627 805 666 965 599 138 511 446 59 206 173 934 559 656 309 976 0 464 462 550 150 972 230 768 275 202 620 326 193 214 
827 920 701 332 367 56 809 797 811 111 664 224 855 977 368 944 42 286 761 213 580 870 750 35 673 664 21 215 106 362 526 597 302 353 511 824 568 297 850 791 662 948 183 658 870 391 777 481 228 640 433 93 261 901 12 735 792 876 724 485 101 707 238 981 279 233 977 306 715 203 429 965 208 906 227 583 464 0 216 125 132 291 35 768 69 265 384 435 84 358 
452 395 772 201 166 559 315 751 895 758 92 921 933 708 939 732 479 589 908 100 78 813 271 978 409 693 399 750 579 485 448 167 864 94 172 563 280 17 412 448 769 654 924 728 191 344 826 789 277 408 64 162 670 980 835 591 560 38 830 627 880 400 60 439 928 375 879 351 464 713 702 675 764 228 795 659 462 216 0 140 748 507 674 372 80 68 471 189 678 795 
869 483 42 437 849 945 275 912 20 216 252 165 865 178 970 168 433 536 20 81 750 504 63 217 452 74 900 508 334 853 743 118 161 992 69 724 867 512 439 920 406 91 757 536 806 570 160 518 762 978 282 527 332 148 238 484 883 998 4 190 588 173 921 607 530 120 212 938 657 11 429 669 183 268 860 842 550 125 140 0 249 788 391 873 901 695 55 473 999 531 
98 791 414 630 949 980 463 733 477 77 588 726 558 213 272 411 960 407 215 874 197 162 928 933 653 70 405 589 694 691 35 163 869 466 327 184 640 841 664 203 701 437 123 899 12 775 303 337 310 480 223 873 3 371 917 609 974 815 438 386 816 88 44 454 755 263 406 15 983 866 78 775 67 197 712 161 150 132 748 249 0 104 228 21 982 391 321 83 850 659 
531 186 404 985 222 345 871 530 695 896 248 953 94 258 682 883 382 947 709 398 339 901 674 669 956 875 14 710 408 768 674 591 465 533 808 727 166 818 360 835 123 64 213 461 655 258 703 907 98 496 170 477 426 352 459 418 59 115 837 198 884 994 313 166 291 111 640 132 673 128 909 405 81 219 49 328 972 291 507 788 104 0 710 418 438 662 481 890 635 156 
284 753 342 56 851 600 672 27 718 15 100 956 486 995 62 193 561 754 43 492 495 369 276 631 611 836 149 622 851 588 925 14 142 932 52 860 693 619 227 682 692 925 369 574 124 251 293 958 29 489 695 859 858 849 207 189 531 318 26 401 725 276 19 950 492 964 215 662 143 38 15 391 652 787 378 651 230 35 674 391 228 710 0 111 64 365 182 948 936 841 
292 300 290 943 982 339 868 888 187 290 953 181 437 24 162 105 23 84 315 340 425 990 877 707 13 959 899 29 971 497 588 82 111 184 70 978 269 138 316 572 385 390 393 98 157 121 735 429 176 994 539 191 977 827 283 468 153 864 277 741 352 182 389 740 806 420 481 863 834 595 868 945 821 708 765 249 768 768 372 873 21 418 111 0 816 291 266 856 609 313 
95 577 216 398 820 169 740 703 560 839 851 368 846 956 804 667 535 266 735 648 755 932 654 322 584 838 554 542 815 150 636 355 675 656 72 482 756 818 352 298 805 986 200 181 823 596 594 695 23 342 628 591 933 523 806 427 74 732 486 328 526 201 992 214 831 343 833 296 760 967 483 137 28 512 370 174 275 69 80 901 982 438 64 816 0 560 443 881 463 720 
399 943 989 139 17 595 905 269 852 985 406 45 329 860 315 935 381 975 491 758 755 758 733 753 516 99 162 171 379 313 796 544 526 692 586 659 716 181 889 626 730 571 591 998 995 511 805 407 849 767 996 732 754 288 829 291 221 559 604 736 997 618 434 356 455 126 379 793 759 590 992 277 615 890 585 114 202 265 68 695 391 662 365 291 560 0 651 702 856 215 
759 586 11 162 311 39 659 523 480 211 289 564 617 676 781 924 496 82 59 750 165 453 769 733 560 22 195 612 480 592 414 779 435 822 306 756 596 895 403 963 579 902 708 20 749 693 318 968 546 422 369 9 768 199 718 658 633 81 252 705 190 292 732 58 189 110 633 880 469 833 236 69 60 229 469 413 620 384 471 55 321 481 182 266 443 651 0 22 259 880 
629 791 376 779 336 708 782 981 588 109 634 367 411 658 501 633 978 183 294 201 984 315 741 583 611 532 957 113 392 88 433 495 476 515 228 445 261 839 691 157 206 644 648 513 378 125 765 309 371 829 750 253 187 410 207 99 198 92 213 479 924 369 267 735 890 867 333 548 923 511 512 437 476 550 870 588 326 435 189 473 83 890 948 856 881 702 22 0 595 437 
631 29 819 144 938 580 430 636 305 518 635 825 651 565 362 88 400 406 585 521 963 187 421 819 50 803 5 517 175 424 16 613 729 205 483 5 726 73 327 744 435 896 841 480 366 99 916 681 104 817 887 686 358 218 678 369 364 745 880 506 444 343 223 241 322 616 695 378 232 636 714 651 870 837 575 531 193 84 678 999 850 635 936 609 463 856 259 595 0 896 
717 413 55 459 570 282 296 452 101 892 925 297 308 151 820 390 748 626 36 942 803 382 38 684 800 363 810 607 759 864 943 881 176 754 267 609 951 955 240 620 149 233 246 319 30 822 36 480 596 148 512 923 307 255 683 777 113 820 230 68 397 291 207 62 429 800 971 745 148 191 700 497 78 894 136 651 214 358 795 531 659 156 841 313 720 215 880 437 896 0 
0 54 357 430 884 566 561 266 43 269 644 305 453 170 629 987 641 66 704 853 131 706 343 855 670 254 651 64 935 446 612 449 725 421 268 262 338 605 901 992 336 171 520 626 166 951 790 66 931 139 164 199 236 991 309 422 157 503 477 869 280 88 916 884 100 954 226 724 353 806 799 76 661 95 108 388 394 378 282 188 390 525 744 245 112 540 235 809 802 136 
54 0 904 204 465 642 183 597 953 745 641 286 646 362 413 9 60 772 906 944 512 497 433 698 383 730 74 26 229 306 85 556 755 571 19 682 798 694 937 627 858 792 514 899 674 972 843 543 867 980 593 441 64 611 528 338 496 789 220 351 647 229 484 186 735 761 637 904 231 233 63 263 359 163 61 359 427 263 222 959 433 72 70 681 518 273 869 338 112 596 
357 904 0 938 71 440 162 558 288 404 835 11 809 5 697 622 996 259 919 254 839 999 639 296 965 165 277 898 617 84 913 957 517 287 276 861 187 522 689 238 296 843 136 595 790 906 690 983 103 922 465 397 396 349 122 962 842 89 555 270 39 15 463 708 211 162 606 405 957 199 424 793 36 924 57 598 976 912 433 509 524 459 627 942 271 825 810 155 817 629 
430 204 938 0 707 816 309 951 206 281 13 43 717 159 613 662 992 982 485 337 382 970 420 346 764 64 115 778 478 123 390 58 482 763 964 284 962 698 401 289 708 657 391 223 624 407 884 620 12 935 270 983 956 555 797 182 726 143 399 366 72 772 745 764 609 82 365 592 676 779 96 855 717 566 140 226 267 805 51 747 801 775 262 863 446 723 484 49 537 737 
884 465 71 707 0 737 763 922 563 922 482 252 717 718 393 864 429 347 52 506 696 796 189 165 791 935 23 339 527 683 262 665 432 70 335 671 50 577 492 575 225 361 86 276 77 698 995 827 770 177 862 181 617 683 712 805 846 958 870 481 36 949 527 451 962 557 737 847 484 175 526 709 583 429 14 445 899 5 681 920 848 50 298 777 970 446 463 225 881 317 
566 642 440 816 737 0 244 53 487 469 527 96 43 573 385 749 708 111 145 434 161 935 686 45 817 954 127 537 782 43 367 503 403 572 529 711 469 977 777 470 422 872 184 236 57 828 991 135 996 70 917 307 532 905 27 124 826 299 346 135 896 263 110 928 834 853 13 516 943 448 732 624 665 273 82 921 745 955 289 770 872 477 363 280 442 552 390 884 113 86 
561 183 162 309 763 244 0 611 289 450 445 529 94 570 769 551 848 462 422 743 24 356 355 699 921 275 94 528 110 638 856 205 404 625 441 466 127 234 452 910 710 787 103 607 905 87 566 256 689 681 220 476 113 590 220 455 555 469 668 237 26 264 522 560 908 923 223 465 301 568 517 882 45 15 423 743 341 508 576 211 483 648 831 8 887 73 808 853 971 454 
266 597 558 951 922 53 611 0 281 811 313 73 188 986 530 508 141 222 472 831 342 569 245 247 520 1000 739 691 491 139 170 792 135 619 854 712 560 212 556 15 248 285 570 465 458 756 561 757 459 439 485 799 506 286 668 566 739 552 758 575 962 914 321 78 977 323 621 339 896 850 459 261 64 683 447 956 693 230 299 252 645 372 369 236 121 915 464 673 530 789 
43 953 288 206 563 487 289 281 0 488 604 218 614 219 345 437 979 917 294 109 408 110 253 58 781 662 79 159 571 872 822 806 123 132 559 851 503 760 512 63 763 919 905 32 854 231 26 600 24 399 184 150 163 217 350 270 834 118 299 389 731 871 399 718 896 112 520 192 997 895 746 112 575 707 406 147 397 187 437 358 755 416 531 912 410 984 351 817 621 142 
269 745 404 281 922 469 450 811 488 0 448 243 242 739 980 528 32 395 519 758 907 361 791 242 329 798 934 670 729 110 672 570 145 761 880 166 595 830 65 338 329 382 904 664 599 972 43 122 375 110 652 776 478 187 407 688 669 838 253 289 1000 256 232 487 762 284 631 742 3 275 924 570 985 730 78 39 999 839 163 495 839 337 913 406 46 856 379 316 514 754 
644 641 835 13 482 527 445 313 604 448 0 442 428 122 34 514 38 310 217 184 797 130 798 664 686 659 213 261 193 670 903 11 878 830 96 842 448 525 599 371 914 698 805 217 36 309 934 981 580 552 818 87 389 646 630 954 326 356 620 27 62 155 355 359 753 689 232 417 418 895 471 161 746 227 473 902 170 307 394 327 518 291 583 447 586 695 426 578 248 619 
305 286 11 43 252 96 529 73 218 243 442 0 816 537 696 353 21 519 326 164 221 665 490 57 842 604 449 661 868 588 823 205 453 709 777 890 310 455 580 642 391 253 197 209 182 546 181 182 347 929 43 250 885 843 474 589 456 301 920 983 979 476 561 161 219 371 650 18 346 643 21 980 344 855 163 915 467 768 622 323 516 186 285 858 145 474 244 576 574 374 
453 646 809 717 717 43 94 188 614 242 428 816 0 776 349 323 187 458 658 195 525 214 14 759 354 537 223 850 981 638 853 915 800 723 769 816 986 760 840 579 896 605 396 54 232 190 132 132 541 33 80 397 855 964 206 136 528 736 40 307 552 13 697 945 620 849 469 481 45 68 200 841 92 872 312 131 601 936 648 243 815 36 854 593 910 497 942 864 454 115 
170 362 5 159 718 573 570 986 219 739 122 537 776 0 890 414 626 960 274 251 955 872 553 812 784 956 929 909 295 34 457 963 58 275 885 522 158 523 7 391 995 779 779 176 733 290 883 118 348 378 56 364 40 260 357 632 74 622 552 193 274 946 650 684 962 830 392 708 613 150 992 636 845 340 884 766 291 622 192 622 340 939 579 720 735 307 511 275 553 248 
629 413 697 613 393 385 769 530 345 980 34 696 349 890 0 530 211 332 44 153 852 21 144 637 362 451 117 614 441 470 525 446 909 892 886 76 610 165 191 59 217 219 429 233 972 456 305 484 759 795 766 351 714 163 967 902 765 265 274 900 442 385 72 234 679 673 803 137 673 933 618 21 896 913 166 438 474 895 279 923 705 130 220 778 333 283 648 751 494 422 
987 9 622 662 864 749 551 508 437 528 514 353 323 414 530 0 14 48 916 795 562 468 517 982 638 86 951 172 167 952 626 89 467 232 656 715 788 766 494 892 52 662 982 373 506 391 565 237 555 127 845 965 763 723 242 308 877 637 997 70 829 622 343 15 998 604 849 377 732 80 671 396 344 662 115 732 189 930 994 576 784 995 996 993 507 417 98 206 748 752 
641 60 996 992 429 708 848 141 979 32 38 21 187 626 211 14 0 212 469 782 734 440 231 446 247 106 822 1000 295 337 859 965 188 267 366 882 605 707 134 110 148 865 630 924 860 803 49 439 824 774 590 897 54 75 492 250 372 845 57 491 910 480 752 603 963 50 284 858 377 246 536 587 741 952 202 10 677 514 553 943 380 922 906 318 60 671 421 277 555 982 
66 772 259 982 347 111 462 222 917 395 310 519 458 960 332 48 212 0 812 540 189 794 963 461 923 793 796 28 527 171 76 984 912 348 177 984 958 796 308 538 236 470 618 63 115 943 114 203 276 460 8 457 75 234 844 587 237 26 743 27 48 329 874 278 990 65 767 360 222 309 784 327 270 293 502 351 723 733 687 103 192 938 19 284 530 284 404 689 69 168 
704 906 919 485 52 145 422 472 294 519 217 326 658 274 44 916 469 812 0 822 625 467 245 721 603 413 441 349 122 249 217 66 496 997 62 587 417 55 549 255 833 77 796 337 581 125 588 529 587 799 426 192 182 665 589 860 832 688 191 449 409 269 481 384 152 924 562 466 603 141 19 78 332 869 303 807 955 500 309 827 455 349 214 102 893 259 607 473 779 179 
853 944 254 337 506 434 743 831 109 758 184 164 195 251 153 795 782 540 822 0 753 759 517 548 775 51 528 824 903 314 363 493 446 57 340 384 222 991 80 724 302 631 303 162 340 628 219 507 184 986 423 161 687 143 876 770 824 567 388 726 903 881 565 839 792 249 436 305 535 485 473 630 738 524 951 331 822 298 505 656 500 706 534 64 82 367 840 646 24 569 
131 512 839 382 696 161 24 342 408 907 797 221 525 955 852 562 734 189 625 753 0 45 880 645 263 259 300 76 499 789 264 702 996 872 927 249 894 330 440 824 846 103 631 154 435 697 62 175 449 57 8 729 534 304 350 64 970 857 39 673 768 747 564 308 971 291 408 832 844 368 900 512 298 745 52 409 288 305 709 684 764 299 413 320 241 744 513 870 311 300 
706 497 999 970 796 935 356 569 110 361 130 665 214 872 21 468 440 794 467 759 45 0 259 141 924 106 756 636 309 480 255 230 524 917 65 464 967 484 13 659 858 140 382 649 527 794 42 599 502 163 31 117 622 199 568 12 291 351 471 468 574 311 757 710 267 955 796 611 504 486 857 724 26 733 902 834 386 142 963 347 259 608 292 857 199 951 268 15 545 655 
343 433 639 420 189 686 355 245 253 791 798 490 14 553 144 517 231 963 245 517 880 259 0 947 434 976 173 435 853 790 112 917 541 765 747 164 966 957 526 972 652 760 18 327 451 289 371 31 499 248 516 112 861 392 284 296 71 902 338 557 422 92 588 831 721 904 216 238 203 443 311 140 552 606 888 247 35 808 307 365 84 967 868 220 610 8 773 929 812 481 
855 698 296 346 165 45 699 247 58 242 664 57 759 812 637 982 446 461 721 548 645 141 947 0 122 746 385 734 573 232 2 943 294 766 952 69 926 563 43 288 6 154 757 256 950 345 846 840 312 720 944 626 854 381 616 400 453 889 464 338 458 432 727 326 89 762 371 519 643 614 658 259 379 32 11 851 636 159 926 6 890 125 543 387 405 272 995 767 808 791 
