40 3
0 517 195 327 715 90 387 78 644 92 45 374 501 272 763 488 956 842 729 133 711 836 449 431 608 986 500 648 132 132 188 553 515 94 958 120 302 941 279 182 
517 0 917 814 781 989 132 624 487 235 241 164 635 858 97 269 571 515 782 562 457 757 417 787 327 53 446 193 867 579 839 778 279 694 426 404 284 617 837 529 
195 917 0 282 156 229 295 947 269 695 342 580 344 133 751 424 777 70 442 251 790 620 799 195 919 333 710 598 48 732 196 526 302 470 504 295 808 223 43 839 
327 814 282 0 125 124 207 379 633 813 969 168 433 498 955 53 915 586 909 924 807 329 803 522 164 297 752 138 543 315 411 498 332 261 560 93 875 321 612 179 
715 781 156 125 0 835 898 23 878 622 282 749 698 251 654 678 804 179 918 242 77 517 990 640 230 250 491 522 886 497 873 773 540 543 297 700 718 443 847 648 
90 989 229 124 835 0 189 937 545 527 25 148 266 963 872 232 701 860 436 651 346 137 432 842 925 294 756 155 874 413 267 216 153 188 13 377 19 157 292 557 
387 132 295 207 898 189 0 45 474 18 941 990 81 349 339 408 657 358 193 663 66 987 275 661 650 670 582 287 254 249 330 736 688 795 141 871 384 253 371 232 
78 624 947 379 23 937 45 0 3 941 188 730 428 832 12 774 585 63 234 781 653 169 836 833 389 752 375 732 499 216 165 447 98 321 871 191 40 950 974 680 
644 487 269 633 878 545 474 3 0 281 111 723 594 917 804 60 333 984 482 338 747 612 837 909 986 73 305 515 644 780 661 215 522 306 284 470 277 432 611 498 
92 235 695 813 622 527 18 941 281 0 926 834 995 611 984 718 899 643 498 404 717 753 200 31 226 684 448 588 862 400 155 731 80 165 616 466 98 44 635 100 
45 241 342 969 282 25 941 188 111 926 0 342 36 478 828 472 524 656 442 763 760 261 126 432 470 391 640 607 306 949 164 260 642 602 253 457 494 343 263 70 
374 164 580 168 749 148 990 730 723 834 342 0 211 88 869 676 811 149 520 560 270 40 838 25 125 333 262 325 774 8 454 903 598 52 720 484 489 267 657 717 
501 635 344 433 698 266 81 428 594 995 36 211 0 905 165 882 619 602 102 218 550 668 84 235 42 765 733 813 572 544 622 594 911 70 332 297 80 565 749 793 
272 858 133 498 251 963 349 832 917 611 478 88 905 0 796 730 774 159 701 245 598 11 188 97 51 312 756 345 136 638 20 76 622 31 604 434 136 585 208 990 
763 97 751 955 654 872 339 12 804 984 828 869 165 796 0 718 603 116 51 273 474 497 59 831 55 295 321 332 467 696 210 668 786 40 972 199 165 100 252 316 
488 269 424 53 678 232 408 774 60 718 472 676 882 730 718 0 959 224 239 7 408 164 967 408 102 715 698 906 389 380 7 22 215 523 272 447 509 884 824 274 
956 571 777 915 804 701 657 585 333 899 524 811 619 774 603 959 0 491 690 71 442 134 521 676 718 2 736 478 698 536 602 295 566 152 547 44 935 824 825 407 
842 515 70 586 179 860 358 63 984 643 656 149 602 159 116 224 491 0 328 68 634 40 691 768 594 656 298 318 182 130 924 642 432 962 353 477 676 195 749 795 
729 782 442 909 918 436 193 234 482 498 442 520 102 701 51 239 690 328 0 203 235 677 198 836 483 493 989 652 971 410 31 279 238 818 472 691 301 96 700 911 
133 562 251 924 242 651 663 781 338 404 763 560 218 245 273 7 71 68 203 0 849 625 142 193 221 160 504 299 960 294 771 594 371 551 774 393 47 781 315 20 
711 457 790 807 77 346 66 653 747 717 760 270 550 598 474 408 442 634 235 849 0 594 139 562 815 940 522 307 316 376 4 550 919 258 853 468 531 613 709 452 
836 757 620 329 517 137 987 169 612 753 261 40 668 11 497 164 134 40 677 625 594 0 893 589 53 874 515 623 477 310 517 818 335 919 585 340 982 71 831 947 
449 417 799 803 990 432 275 836 837 200 126 838 84 188 59 967 521 691 198 142 139 893 0 64 485 446 724 897 757 214 752 247 218 934 455 278 749 393 113 503 
431 787 195 522 640 842 661 833 909 31 432 25 235 97 831 408 676 768 836 193 562 589 64 0 360 443 100 933 811 223 290 923 408 343 521 360 421 408 671 219 
608 327 919 164 230 925 650 389 986 226 470 125 42 51 55 102 718 594 483 221 815 53 485 360 0 315 855 553 401 253 980 150 101 698 130 425 145 76 648 158 
986 53 333 297 250 294 670 752 73 684 391 333 765 312 295 715 2 656 493 160 940 874 446 443 315 0 487 64 637 413 536 138 940 880 7 675 684 488 303 731 
500 446 710 752 491 756 582 375 305 448 640 262 733 756 321 698 736 298 989 504 522 515 724 100 855 487 0 985 503 288 185 887 925 926 211 510 387 986 441 807 
648 193 598 138 522 155 287 732 515 588 607 325 813 345 332 906 478 318 652 299 307 623 897 933 553 64 985 0 125 8 829 314 97 100 345 105 367 550 646 79 
132 867 48 543 886 874 254 499 644 862 306 774 572 136 467 389 698 182 971 960 316 477 757 811 401 637 503 125 0 255 736 210 368 926 342 197 575 299 149 850 
132 579 732 315 497 413 249 216 780 400 949 8 544 638 696 380 536 130 410 294 376 310 214 223 253 413 288 8 255 0 78 162 263 222 818 751 760 518 481 134 
188 839 196 411 873 267 330 165 661 155 164 454 622 20 210 7 602 924 31 771 4 517 752 290 980 536 185 829 736 78 0 29 177 694 887 267 41 531 975 770 
553 778 526 498 773 216 736 447 215 731 260 903 594 76 668 22 295 642 279 594 550 818 247 923 150 138 887 314 210 162 29 0 199 458 548 129 581 187 304 79 
515 279 302 332 540 153 688 98 522 80 642 598 911 622 786 215 566 432 238 371 919 335 218 408 101 940 925 97 368 263 177 199 0 19 77 846 290 367 995 243 
94 694 470 261 543 188 795 321 306 165 602 52 70 31 40 523 152 962 818 551 258 919 934 343 698 880 926 100 926 222 694 458 19 0 914 108 122 629 334 497 
958 426 504 560 297 13 141 871 284 616 253 720 332 604 972 272 547 353 472 774 853 585 455 521 130 7 211 345 342 818 887 548 77 914 0 219 267 814 223 305 
120 404 295 93 700 377 871 191 470 466 457 484 297 434 199 447 44 477 691 393 468 340 278 360 425 675 510 105 197 751 267 129 846 108 219 0 398 692 940 280 
302 284 808 875 718 19 384 40 277 98 494 489 80 136 165 509 935 676 301 47 531 982 749 421 145 684 387 367 575 760 41 581 290 122 267 398 0 660 385 511 
941 617 223 321 443 157 253 950 432 44 343 267 565 585 100 884 824 195 96 781 613 71 393 408 76 488 986 550 299 518 531 187 367 629 814 692 660 0 947 828 
279 837 43 612 847 292 371 974 611 635 263 657 749 208 252 824 825 749 700 315 709 831 113 671 648 303 441 646 149 481 975 304 995 334 223 940 385 947 0 415 
182 529 839 179 648 557 232 680 498 100 70 717 793 990 316 274 407 795 911 20 452 947 503 219 158 731 807 79 850 134 770 79 243 497 305 280 511 828 415 0 
0 298 825 695 388 88 255 930 189 339 983 228 71 203 582 781 729 461 245 350 396 78 376 879 663 91 188 304 39 48 571 548 161 544 819 661 748 308 445 609 
298 0 573 519 127 556 11 437 413 199 139 415 660 747 627 526 595 321 752 936 319 90 647 648 143 511 393 348 891 884 289 765 747 664 921 994 203 97 429 858 
825 573 0 672 558 766 923 814 108 415 176 236 220 891 151 115 68 825 341 807 87 210 952 822 673 376 454 742 86 462 92 548 923 503 443 781 69 644 381 718 
695 519 672 0 90 531 896 964 378 104 245 726 936 510 486 7 896 181 485 20 132 368 906 350 226 111 285 965 306 733 266 490 80 182 43 845 982 746 312 266 
388 127 558 90 0 286 940 272 873 496 446 863 343 858 93 181 428 82 452 969 541 73 169 79 611 778 916 169 790 999 381 245 595 177 2 558 117 475 561 330 
88 556 766 531 286 0 221 651 259 583 269 759 338 982 659 790 996 670 366 364 321 625 955 384 490 795 222 432 289 378 395 818 19 640 85 445 794 890 379 57 
255 11 923 896 940 221 0 563 902 266 940 354 543 774 843 932 33 522 596 535 390 610 89 937 280 168 465 697 507 364 658 201 120 653 756 518 57 545 193 962 
930 437 814 964 272 651 563 0 91 986 544 818 695 871 353 217 553 873 527 81 752 334 38 299 895 418 498 871 316 940 900 587 303 627 24 515 369 95 279 536 
189 413 108 378 873 259 902 91 0 932 946 561 453 389 480 28 803 427 202 154 760 39 574 786 527 545 518 485 633 652 428 136 984 411 142 102 470 286 815 587 
339 199 415 104 496 583 266 986 932 0 803 1000 349 563 862 323 533 796 414 139 940 963 883 478 438 335 8 83 777 860 492 11 673 48 940 482 805 460 748 709 
983 139 176 245 446 269 940 544 946 803 0 186 660 612 152 376 175 933 590 572 903 604 643 552 706 579 667 217 367 539 417 6 667 615 655 976 490 450 953 106 
228 415 236 726 863 759 354 818 561 1000 186 0 309 913 654 628 470 122 193 216 957 650 824 503 881 693 289 174 57 808 735 765 428 962 420 862 141 44 131 552 
71 660 220 936 343 338 543 695 453 349 660 309 0 89 207 961 853 66 459 807 572 275 899 222 516 232 36 461 569 625 695 340 573 401 886 217 809 805 447 458 
203 747 891 510 858 982 774 871 389 563 612 913 89 0 604 526 529 404 509 5 376 889 65 874 183 597 370 532 307 557 878 771 569 268 519 255 816 322 966 591 
582 627 151 486 93 659 843 353 480 862 152 654 207 604 0 370 326 354 731 466 218 74 12 72 300 228 950 194 479 867 5 867 315 715 321 622 535 125 153 284 
781 526 115 7 181 790 932 217 28 323 376 628 961 526 370 0 271 183 177 482 649 970 169 389 6 136 856 881 840 960 678 802 324 636 337 262 565 301 65 402 
729 595 68 896 428 996 33 553 803 533 175 470 853 529 326 271 0 293 265 973 899 271 10 507 893 362 864 891 498 592 148 883 510 426 907 882 882 993 797 623 
461 321 825 181 82 670 522 873 427 796 933 122 66 404 354 183 293 0 147 596 653 889 51 517 743 52 585 212 691 77 982 970 312 668 600 279 153 171 380 924 
245 752 341 485 452 366 596 527 202 414 590 193 459 509 731 177 265 147 0 605 161 182 462 447 69 423 470 718 803 656 743 256 955 434 988 179 868 714 882 493 
350 936 807 20 969 364 535 81 154 139 572 216 807 5 466 482 973 596 605 0 1000 128 613 221 127 220 201 547 951 689 9 84 687 511 725 841 714 526 843 503 
396 319 87 132 541 321 390 752 760 940 903 957 572 376 218 649 899 653 161 1000 0 534 467 335 696 19 567 82 358 822 454 650 151 766 356 173 148 876 583 63 
78 90 210 368 73 625 610 334 39 963 604 650 275 889 74 970 271 889 182 128 534 0 927 952 597 15 64 662 223 979 506 425 898 556 712 780 764 186 383 432 
376 647 952 906 169 955 89 38 574 883 643 824 899 65 12 169 10 51 462 613 467 927 0 957 500 726 144 278 973 205 43 813 422 637 671 272 598 853 571 452 
879 648 822 350 79 384 937 299 786 478 552 503 222 874 72 389 507 517 447 221 335 952 957 0 345 406 711 627 813 573 122 782 594 496 938 321 269 752 837 642 
663 143 673 226 611 490 280 895 527 438 706 881 516 183 300 6 893 743 69 127 696 597 500 345 0 480 912 328 68 375 199 767 656 895 244 475 77 827 688 305 
91 511 376 111 778 795 168 418 545 335 579 693 232 597 228 136 362 52 423 220 19 15 726 406 480 0 823 299 26 10 922 319 906 89 96 886 21 159 437 909 
188 393 454 285 916 222 465 498 518 8 667 289 36 370 950 856 864 585 470 201 567 64 144 711 912 823 0 858 96 285 926 426 976 448 240 59 5 508 766 925 
304 348 742 965 169 432 697 871 485 83 217 174 461 532 194 881 891 212 718 547 82 662 278 627 328 299 858 0 604 589 74 54 178 937 380 333 509 767 602 705 
39 891 86 306 790 289 507 316 633 777 367 57 569 307 479 840 498 691 803 951 358 223 973 813 68 26 96 604 0 582 442 237 116 941 217 293 903 325 603 525 
48 884 462 733 999 378 364 940 652 860 539 808 625 557 867 960 592 77 656 689 822 979 205 573 375 10 285 589 582 0 798 615 320 553 633 802 283 617 250 202 
571 289 92 266 381 395 658 900 428 492 417 735 695 878 5 678 148 982 743 9 454 506 43 122 199 922 926 74 442 798 0 683 661 32 89 69 790 393 833 199 
548 765 548 490 245 818 201 587 136 11 6 765 340 771 867 802 883 970 256 84 650 425 813 782 767 319 426 54 237 615 683 0 88 683 979 6 9 571 305 806 
161 747 923 80 595 19 120 303 984 673 667 428 573 569 315 324 510 312 955 687 151 898 422 594 656 906 976 178 116 320 661 88 0 125 85 896 402 265 10 175 
544 664 503 182 177 640 653 627 411 48 615 962 401 268 715 636 426 668 434 511 766 556 637 496 895 89 448 937 941 553 32 683 125 0 903 379 940 589 350 3 
819 921 443 43 2 85 756 24 142 940 655 420 886 519 321 337 907 600 988 725 356 712 671 938 244 96 240 380 217 633 89 979 85 903 0 582 24 364 560 970 
661 994 781 845 558 445 518 515 102 482 976 862 217 255 622 262 882 279 179 841 173 780 272 321 475 886 59 333 293 802 69 6 896 379 582 0 509 371 285 973 
748 203 69 982 117 794 57 369 470 805 490 141 809 816 535 565 882 153 868 714 148 764 598 269 77 21 5 509 903 283 790 9 402 940 24 509 0 319 41 674 
308 97 644 746 475 890 545 95 286 460 450 44 805 322 125 301 993 171 714 526 876 186 853 752 827 159 508 767 325 617 393 571 265 589 364 371 319 0 807 294 
445 429 381 312 561 379 193 279 815 748 953 131 447 966 153 65 797 380 882 843 583 383 571 837 688 437 766 602 603 250 833 305 10 350 560 285 41 807 0 836 
609 858 718 266 330 57 962 536 587 709 106 552 458 591 284 402 623 924 493 503 63 432 452 642 305 909 925 705 525 202 199 806 175 3 970 973 674 294 836 0 
0 703 176 306 613 913 746 71 812 662 18 773 930 798 419 220 272 540 756 651 605 923 625 122 338 910 813 697 962 953 430 453 840 457 182 340 253 693 556 392 
703 0 428 482 874 445 990 564 588 802 862 586 341 254 374 475 406 680 249 65 682 911 354 353 858 490 608 653 110 117 712 236 254 337 80 7 798 904 572 143 
176 428 0 329 443 235 78 187 893 586 825 765 781 110 850 886 933 176 660 194 914 791 49 179 328 625 547 259 915 539 909 453 78 498 558 220 932 357 620 283 
306 482 329 0 911 470 105 37 623 897 756 275 65 491 515 994 105 820 516 981 869 633 95 651 775 890 716 36 695 268 735 511 921 819 958 156 19 255 689 735 
613 874 443 911 0 715 61 729 128 505 555 138 658 143 908 820 573 919 549 32 460 928 832 922 390 223 85 832 211 2 620 756 406 824 999 443 884 526 440 671 
913 445 235 470 715 0 780 350 742 418 732 242 663 19 342 211 5 331 635 637 680 376 46 617 511 206 779 569 712 623 606 183 982 361 916 556 207 111 622 944 
746 990 78 105 61 780 0 438 99 735 61 647 458 227 158 69 968 479 405 466 611 391 912 64 721 833 536 304 494 637 343 800 881 348 245 483 944 456 808 39 
71 564 187 37 729 350 438 0 910 15 457 183 306 130 648 784 448 128 474 920 249 667 963 702 106 583 503 130 685 61 101 414 698 374 977 486 632 906 722 465 
812 588 893 623 128 742 99 910 0 69 55 440 548 612 521 973 198 574 799 847 241 962 427 215 474 456 483 516 368 349 573 865 17 590 859 899 531 715 186 414 
662 802 586 897 505 418 735 15 69 0 198 1 652 438 139 678 468 205 587 862 61 38 118 523 563 666 993 918 224 141 509 990 328 953 61 519 196 541 253 292 
18 862 825 756 555 732 61 457 55 198 0 815 341 389 849 625 826 68 411 429 98 397 358 449 295 422 334 784 634 462 584 995 334 386 346 25 511 551 48 895 
773 586 765 275 138 242 647 183 440 1 815 0 692 88 347 373 531 879 808 785 44 351 177 498 120 308 712 827 944 193 266 236 573 39 581 139 860 957 870 449 
930 341 781 65 658 663 458 306 548 652 341 692 0 912 794 40 148 935 542 194 429 726 102 779 485 769 965 540 432 376 306 661 428 600 115 784 192 196 554 543 
798 254 110 491 143 19 227 130 612 438 389 88 912 0 397 475 472 597 492 996 625 112 936 127 818 404 631 469 694 444 123 230 432 733 482 746 185 679 35 410 
419 374 850 515 908 342 158 648 521 139 849 347 794 397 0 631 675 647 270 535 783 927 989 929 701 773 51 807 522 134 996 134 686 286 680 379 466 876 848 717 
220 475 886 994 820 211 69 784 973 678 625 373 40 475 631 0 730 818 824 519 352 31 832 612 995 865 145 120 161 41 323 199 677 365 664 739 436 700 936 599 
272 406 933 105 573 5 968 448 198 468 826 531 148 472 675 730 0 708 736 28 102 730 991 494 108 639 137 110 503 409 853 118 491 575 94 119 119 8 204 378 
540 680 176 820 919 331 479 128 574 205 68 879 935 597 647 818 708 0 854 405 348 112 950 484 258 949 416 789 310 924 19 31 689 333 401 722 848 830 621 77 
756 249 660 516 549 635 405 474 799 587 411 808 542 492 270 824 736 854 0 396 840 819 539 554 932 578 531 283 198 345 258 745 46 567 13 822 133 287 119 508 
651 65 194 981 32 637 466 920 847 862 429 785 194 996 535 519 28 405 396 0 1 873 388 780 874 781 800 454 50 312 992 917 314 490 276 160 287 475 158 498 
605 682 914 869 460 680 611 249 241 61 98 44 429 625 783 352 102 348 840 1 0 467 534 666 305 982 434 919 643 179 547 351 850 235 645 828 853 125 418 938 
923 911 791 633 928 376 391 667 962 38 397 351 726 112 927 31 730 112 819 873 467 0 74 49 404 986 937 339 778 22 495 576 103 445 289 221 237 815 618 569 
625 354 49 95 832 46 912 963 427 118 358 177 102 936 989 832 991 950 539 388 534 74 0 44 501 275 857 723 28 796 958 188 579 364 330 729 403 148 430 549 
122 353 179 651 922 617 64 702 215 523 449 498 779 127 929 612 494 484 554 780 666 49 44 0 656 595 290 374 188 428 879 219 407 505 63 680 732 249 164 359 
338 858 328 775 390 511 721 106 474 563 295 120 485 818 701 995 108 258 932 874 305 404 501 656 0 521 89 673 933 626 802 234 345 106 757 526 924 174 313 696 
910 490 625 890 223 206 833 583 456 666 422 308 769 404 773 865 639 949 578 781 982 986 275 595 521 0 178 702 975 991 79 682 95 912 905 115 980 842 564 92 
813 608 547 716 85 779 536 503 483 993 334 712 965 631 51 145 137 416 531 800 434 937 857 290 89 178 0 143 905 716 75 575 25 553 761 942 996 493 235 76 
697 653 259 36 832 569 304 130 516 918 784 827 540 469 807 120 110 789 283 454 919 339 723 374 673 702 143 0 397 412 927 947 823 64 621 668 492 234 399 296 
962 110 915 695 211 712 494 685 368 224 634 944 432 694 522 161 503 310 198 50 643 778 28 188 933 975 905 397 0 419 559 764 885 60 784 708 98 676 398 476 
953 117 539 268 2 623 637 61 349 141 462 193 376 444 134 41 409 924 345 312 179 22 796 428 626 991 716 412 419 0 203 386 681 448 368 199 718 384 751 799 
430 712 909 735 620 606 343 101 573 509 584 266 306 123 996 323 853 19 258 992 547 495 958 879 802 79 75 927 559 203 0 318 340 969 912 932 211 608 168 802 
453 236 453 511 756 183 800 414 865 990 995 236 661 230 134 199 118 31 745 917 351 576 188 219 234 682 575 947 764 386 318 0 913 318 22 995 992 430 696 195 
840 254 78 921 406 982 881 698 17 328 334 573 428 432 686 677 491 689 46 314 850 103 579 407 345 95 25 823 885 681 340 913 0 876 916 105 599 736 991 826 
457 337 498 819 824 361 348 374 590 953 386 39 600 733 286 365 575 333 567 490 235 445 364 505 106 912 553 64 60 448 969 318 876 0 98 622 61 412 651 998 
182 80 558 958 999 916 245 977 859 61 346 581 115 482 680 664 94 401 13 276 645 289 330 63 757 905 761 621 784 368 912 22 916 98 0 419 977 637 441 31 
340 7 220 156 443 556 483 486 899 519 25 139 784 746 379 739 119 722 822 160 828 221 729 680 526 115 942 668 708 199 932 995 105 622 419 0 492 630 716 28 
253 798 932 19 884 207 944 632 531 196 511 860 192 185 466 436 119 848 133 287 853 237 403 732 924 980 996 492 98 718 211 992 599 61 977 492 0 682 960 327 
693 904 357 255 526 111 456 906 715 541 551 957 196 679 876 700 8 830 287 475 125 815 148 249 174 842 493 234 676 384 608 430 736 412 637 630 682 0 194 707 
556 572 620 689 440 622 808 722 186 253 48 870 554 35 848 936 204 621 119 158 418 618 430 164 313 564 235 399 398 751 168 696 991 651 441 716 960 194 0 165 
392 143 283 735 671 944 39 465 414 292 895 449 543 410 717 599 378 77 508 498 938 569 549 359 696 92 76 296 476 799 802 195 826 998 31 28 327 707 165 0 
0 703 176 306 613 913 746 71 812 662 18 773 930 798 419 220 272 540 756 651 605 923 625 122 338 910 813 697 962 953 430 453 840 457 182 340 253 693 556 392 
703 0 428 482 874 445 990 564 588 802 862 586 341 254 374 475 406 680 249 65 682 911 354 353 858 490 608 653 110 117 712 236 254 337 80 7 798 904 572 143 
176 428 0 329 443 235 78 187 893 586 825 765 781 110 850 886 933 176 660 194 914 791 49 179 328 625 547 259 915 539 909 453 78 498 558 220 932 357 620 283 
306 482 329 0 911 470 105 37 623 897 756 275 65 491 515 994 105 820 516 981 869 633 95 651 775 890 716 36 695 268 735 511 921 819 958 156 19 255 689 735 
613 874 443 911 0 715 61 729 128 505 555 138 658 143 908 820 573 919 549 32 460 928 832 922 390 223 85 832 211 2 620 756 406 824 999 443 884 526 440 671 
913 445 235 470 715 0 780 350 742 418 732 242 663 19 342 211 5 331 635 637 680 376 46 617 511 206 779 569 712 623 606 183 982 361 916 556 207 111 622 944 
746 990 78 105 61 780 0 438 99 735 61 647 458 227 158 69 968 479 405 466 611 391 912 64 721 833 536 304 494 637 343 800 881 348 245 483 944 456 808 39 
71 564 187 37 729 350 438 0 910 15 457 183 306 130 648 784 448 128 474 920 249 667 963 702 106 583 503 130 685 61 101 414 698 374 977 486 632 906 722 465 
812 588 893 623 128 742 99 910 0 69 55 440 548 612 521 973 198 574 799 847 241 962 427 215 474 456 483 516 368 349 573 865 17 590 859 899 531 715 186 414 
662 802 586 897 505 418 735 15 69 0 198 1 652 438 139 678 468 205 587 862 61 38 118 523 563 666 993 918 224 141 509 990 328 953 61 519 196 541 253 292 
18 862 825 756 555 732 61 457 55 198 0 815 341 389 849 625 826 68 411 429 98 397 358 449 295 422 334 784 634 462 584 995 334 386 346 25 511 551 48 895 
773 586 765 275 138 242 647 183 440 1 815 0 692 88 347 373 531 879 808 785 44 351 177 498 120 308 712 827 944 193 266 236 573 39 581 139 860 957 870 449 
930 341 781 65 658 663 458 306 548 652 341 692 0 912 794 40 148 935 542 194 429 726 102 779 485 769 965 540 432 376 306 661 428 600 115 784 192 196 554 543 
798 254 110 491 143 19 227 130 612 438 389 88 912 0 397 475 472 597 492 996 625 112 936 127 818 404 631 469 694 444 123 230 432 733 482 746 185 679 35 410 
419 374 850 515 908 342 158 648 521 139 849 347 794 397 0 631 675 647 270 535 783 927 989 929 701 773 51 807 522 134 996 134 686 286 680 379 466 876 848 717 
220 475 886 994 820 211 69 784 973 678 625 373 40 475 631 0 730 818 824 519 352 31 832 612 995 865 145 120 161 41 323 199 677 365 664 739 436 700 936 599 
272 406 933 105 573 5 968 448 198 468 826 531 148 472 675 730 0 708 736 28 102 730 991 494 108 639 137 110 503 409 853 118 491 575 94 119 119 8 204 378 
540 680 176 820 919 331 479 128 574 205 68 879 935 597 647 818 708 0 854 405 348 112 950 484 258 949 416 789 310 924 19 31 689 333 401 722 848 830 621 77 
756 249 660 516 549 635 405 474 799 587 411 808 542 492 270 824 736 854 0 396 840 819 539 554 932 578 531 283 198 345 258 745 46 567 13 822 133 287 119 508 
651 65 194 981 32 637 466 920 847 862 429 785 194 996 535 519 28 405 396 0 1 873 388 780 874 781 800 454 50 312 992 917 314 490 276 160 287 475 158 498 
605 682 914 869 460 680 611 249 241 61 98 44 429 625 783 352 102 348 840 1 0 467 534 666 305 982 434 919 643 179 547 351 850 235 645 828 853 125 418 938 
923 911 791 633 928 376 391 667 962 38 397 351 726 112 927 31 730 112 819 873 467 0 74 49 404 986 937 339 778 22 495 576 103 445 289 221 237 815 618 569 
625 354 49 95 832 46 912 963 427 118 358 177 102 936 989 832 991 950 539 388 534 74 0 44 501 275 857 723 28 796 958 188 579 364 330 729 403 148 430 549 
122 353 179 651 922 617 64 702 215 523 449 498 779 127 929 612 494 484 554 780 666 49 44 0 656 595 290 374 188 428 879 219 407 505 63 680 732 249 164 359 
338 858 328 775 390 511 721 106 474 563 295 120 485 818 701 995 108 258 932 874 305 404 501 656 0 521 89 673 933 626 802 234 345 106 757 526 924 174 313 696 
910 490 625 890 223 206 833 583 456 666 422 308 769 404 773 865 639 949 578 781 982 986 275 595 521 0 178 702 975 991 79 682 95 912 905 115 980 842 564 92 
813 608 547 716 85 779 536 503 483 993 334 712 965 631 51 145 137 416 531 800 434 937 857 290 89 178 0 143 905 716 75 575 25 553 761 942 996 493 235 76 
697 653 259 36 832 569 304 130 516 918 784 827 540 469 807 120 110 789 283 454 919 339 723 374 673 702 143 0 397 412 927 947 823 64 621 668 492 234 399 296 
962 110 915 695 211 712 494 685 368 224 634 944 432 694 522 161 503 310 198 50 643 778 28 188 933 975 905 397 0 419 559 764 885 60 784 708 98 676 398 476 
953 117 539 268 2 623 637 61 349 141 462 193 376 444 134 41 409 924 345 312 179 22 796 428 626 991 716 412 419 0 203 386 681 448 368 199 718 384 751 799 
430 712 909 735 620 606 343 101 573 509 584 266 306 123 996 323 853 19 258 992 547 495 958 879 802 79 75 927 559 203 0 318 340 969 912 932 211 608 168 802 
453 236 453 511 756 183 800 414 865 990 995 236 661 230 134 199 118 31 745 917 351 576 188 219 234 682 575 947 764 386 318 0 913 318 22 995 992 430 696 195 
840 254 78 921 406 982 881 698 17 328 334 573 428 432 686 677 491 689 46 314 850 103 579 407 345 95 25 823 885 681 340 913 0 876 916 105 599 736 991 826 
457 337 498 819 824 361 348 374 590 953 386 39 600 733 286 365 575 333 567 490 235 445 364 505 106 912 553 64 60 448 969 318 876 0 98 622 61 412 651 998 
182 80 558 958 999 916 245 977 859 61 346 581 115 482 680 664 94 401 13 276 645 289 330 63 757 905 761 621 784 368 912 22 916 98 0 419 977 637 441 31 
340 7 220 156 443 556 483 486 899 519 25 139 784 746 379 739 119 722 822 160 828 221 729 680 526 115 942 668 708 199 932 995 105 622 419 0 492 630 716 28 
253 798 932 19 884 207 944 632 531 196 511 860 192 185 466 436 119 848 133 287 853 237 403 732 924 980 996 492 98 718 211 992 599 61 977 492 0 682 960 327 
693 904 357 255 526 111 456 906 715 541 551 957 196 679 876 700 8 830 287 475 125 815 148 249 174 842 493 234 676 384 608 430 736 412 637 630 682 0 194 707 
556 572 620 689 440 622 808 722 186 253 48 870 554 35 848 936 204 621 119 158 418 618 430 164 313 564 235 399 398 751 168 696 991 651 441 716 960 194 0 165 
392 143 283 735 671 944 39 465 414 292 895 449 543 410 717 599 378 77 508 498 938 569 549 359 696 92 76 296 476 799 802 195 826 998 31 28 327 707 165 0 
