8 2
0 910 804 8 349 683 316 804 
910 0 397 493 958 590 868 986 
804 397 0 420 748 566 252 249 
8 493 420 0 892 694 165 297 
349 958 748 892 0 517 341 540 
683 590 566 694 517 0 207 543 
316 868 252 165 341 207 0 575 
804 986 249 297 540 543 575 0 
0 735 699 810 662 320 600 251 
735 0 256 224 590 295 792 338 
699 256 0 765 124 184 223 183 
810 224 765 0 15 532 937 878 
662 590 124 15 0 23 83 691 
320 295 184 532 23 0 31 618 
600 792 223 937 83 31 0 174 
251 338 183 878 691 618 174 0 
0 714 814 700 864 387 599 610 
714 0 416 156 989 898 441 545 
814 416 0 229 608 662 379 269 
700 156 229 0 567 884 881 474 
864 989 608 567 0 306 167 858 
387 898 662 884 306 0 407 654 
599 441 379 881 167 407 0 722 
610 545 269 474 858 654 722 0 
