20 2
0 397 703 619 592 354 74 607 826 837 190 140 121 383 385 71 553 998 341 186 
397 0 151 896 852 960 799 527 559 186 299 474 946 392 750 31 575 483 254 542 
703 151 0 14 434 472 966 472 557 984 264 223 45 3 711 517 111 944 279 494 
619 896 14 0 147 602 114 833 6 881 579 639 801 650 501 430 527 78 898 54 
592 852 434 147 0 547 99 403 589 654 834 692 280 966 489 269 846 402 163 330 
354 960 472 602 547 0 151 601 130 779 628 850 316 533 665 147 341 136 177 16 
74 799 966 114 99 151 0 164 534 112 38 99 937 296 833 712 420 875 982 181 
607 527 472 833 403 601 164 0 322 312 597 853 143 154 808 376 298 915 378 634 
826 559 557 6 589 130 534 322 0 212 685 193 80 731 932 480 90 589 4 816 
837 186 984 881 654 779 112 312 212 0 11 970 761 369 663 174 899 329 430 669 
190 299 264 579 834 628 38 597 685 11 0 567 583 719 602 226 940 817 833 308 
140 474 223 639 692 850 99 853 193 970 567 0 674 144 239 993 930 74 89 841 
121 946 45 801 280 316 937 143 80 761 583 674 0 54 515 175 735 247 826 255 
383 392 3 650 966 533 296 154 731 369 719 144 54 0 763 334 383 357 472 900 
385 750 711 501 489 665 833 808 932 663 602 239 515 763 0 994 989 602 857 540 
71 31 517 430 269 147 712 376 480 174 226 993 175 334 994 0 143 118 674 969 
553 575 111 527 846 341 420 298 90 899 940 930 735 383 989 143 0 958 399 233 
998 483 944 78 402 136 875 915 589 329 817 74 247 357 602 118 958 0 758 326 
341 254 279 898 163 177 982 378 4 430 833 89 826 472 857 674 399 758 0 736 
186 542 494 54 330 16 181 634 816 669 308 841 255 900 540 969 233 326 736 0 
0 207 913 575 499 691 373 301 852 16 950 663 927 182 26 686 361 156 669 457 
207 0 365 28 312 995 533 153 936 597 567 651 243 758 423 90 299 577 819 307 
913 365 0 548 496 533 40 74 714 480 116 3 148 706 902 77 694 293 3 934 
575 28 548 0 138 40 547 19 778 502 319 260 376 266 465 371 634 897 41 699 
499 312 496 138 0 13 932 211 637 147 854 787 154 100 879 737 56 530 907 849 
691 995 533 40 13 0 633 648 964 147 521 562 133 230 2 1000 780 691 380 891 
373 533 40 547 932 633 0 173 820 483 445 683 177 113 308 818 340 368 205 544 
301 153 74 19 211 648 173 0 903 360 109 295 745 189 1 969 42 676 863 368 
852 936 714 778 637 964 820 903 0 542 349 425 133 587 505 267 820 937 114 397 
16 597 480 502 147 147 483 360 542 0 768 741 864 579 940 342 58 353 499 774 
950 567 116 319 854 521 445 109 349 768 0 867 512 513 826 422 806 170 895 132 
663 651 3 260 787 562 683 295 425 741 867 0 998 308 243 925 56 247 915 969 
927 243 148 376 154 133 177 745 133 864 512 998 0 409 143 622 539 706 360 514 
182 758 706 266 100 230 113 189 587 579 513 308 409 0 869 219 832 157 145 401 
26 423 902 465 879 2 308 1 505 940 826 243 143 869 0 566 710 186 909 757 
686 90 77 371 737 1000 818 969 267 342 422 925 622 219 566 0 862 88 644 671 
361 299 694 634 56 780 340 42 820 58 806 56 539 832 710 862 0 514 306 200 
156 577 293 897 530 691 368 676 937 353 170 247 706 157 186 88 514 0 816 715 
669 819 3 41 907 380 205 863 114 499 895 915 360 145 909 644 306 816 0 468 
457 307 934 699 849 891 544 368 397 774 132 969 514 401 757 671 200 715 468 0 
0 207 913 575 499 691 373 301 852 16 950 663 927 182 26 686 361 156 669 457 
207 0 365 28 312 995 533 153 936 597 567 651 243 758 423 90 299 577 819 307 
913 365 0 548 496 533 40 74 714 480 116 3 148 706 902 77 694 293 3 934 
575 28 548 0 138 40 547 19 778 502 319 260 376 266 465 371 634 897 41 699 
499 312 496 138 0 13 932 211 637 147 854 787 154 100 879 737 56 530 907 849 
691 995 533 40 13 0 633 648 964 147 521 562 133 230 2 1000 780 691 380 891 
373 533 40 547 932 633 0 173 820 483 445 683 177 113 308 818 340 368 205 544 
301 153 74 19 211 648 173 0 903 360 109 295 745 189 1 969 42 676 863 368 
852 936 714 778 637 964 820 903 0 542 349 425 133 587 505 267 820 937 114 397 
16 597 480 502 147 147 483 360 542 0 768 741 864 579 940 342 58 353 499 774 
950 567 116 319 854 521 445 109 349 768 0 867 512 513 826 422 806 170 895 132 
663 651 3 260 787 562 683 295 425 741 867 0 998 308 243 925 56 247 915 969 
927 243 148 376 154 133 177 745 133 864 512 998 0 409 143 622 539 706 360 514 
182 758 706 266 100 230 113 189 587 579 513 308 409 0 869 219 832 157 145 401 
26 423 902 465 879 2 308 1 505 940 826 243 143 869 0 566 710 186 909 757 
686 90 77 371 737 1000 818 969 267 342 422 925 622 219 566 0 862 88 644 671 
361 299 694 634 56 780 340 42 820 58 806 56 539 832 710 862 0 514 306 200 
156 577 293 897 530 691 368 676 937 353 170 247 706 157 186 88 514 0 816 715 
669 819 3 41 907 380 205 863 114 499 895 915 360 145 909 644 306 816 0 468 
457 307 934 699 849 891 544 368 397 774 132 969 514 401 757 671 200 715 468 0 
