40 4
0 245 317 815 558 51 706 615 555 805 327 574 796 899 294 726 240 558 466 827 470 771 788 579 719 189 536 388 212 374 1000 418 630 160 916 685 156 242 577 628 
245 0 508 408 948 363 558 1 239 934 562 947 952 431 242 245 280 746 647 363 75 104 399 165 488 127 689 571 120 603 47 111 156 88 347 403 548 664 461 721 
317 508 0 325 724 397 934 285 71 399 909 463 483 880 833 510 449 437 242 594 907 90 800 509 622 967 712 852 906 419 703 245 708 474 282 750 579 480 31 437 
815 408 325 0 491 848 292 329 594 84 312 272 970 245 900 296 860 820 740 404 866 735 177 555 152 741 259 860 414 476 338 333 912 422 844 175 601 610 469 39 
558 948 724 491 0 369 948 352 602 743 861 41 26 505 830 402 241 856 84 676 355 369 197 692 162 973 443 365 171 218 479 395 984 722 598 421 496 65 363 580 
51 363 397 848 369 0 981 750 276 712 22 437 769 109 661 677 498 439 559 410 899 833 327 296 499 169 302 789 334 114 319 41 310 312 881 2 16 10 141 774 
706 558 934 292 948 981 0 282 682 584 551 79 447 885 348 173 190 957 687 237 786 494 216 485 553 553 597 251 865 234 479 974 139 810 197 124 353 116 46 520 
615 1 285 329 352 750 282 0 456 193 565 964 751 189 515 567 558 803 943 358 556 376 173 575 207 616 118 135 279 606 153 503 400 222 521 860 368 264 302 942 
555 239 71 594 602 276 682 456 0 512 156 308 49 886 507 581 586 953 269 519 8 45 351 919 321 538 280 483 695 965 517 79 231 13 29 417 242 991 567 390 
805 934 399 84 743 712 584 193 512 0 581 222 116 663 536 314 692 170 690 664 887 134 241 166 50 621 623 118 629 728 954 446 476 645 226 43 1000 363 216 505 
327 562 909 312 861 22 551 565 156 581 0 783 303 459 961 526 840 301 757 304 410 165 1 426 255 279 665 707 156 299 342 104 559 182 572 131 449 644 55 971 
574 947 463 272 41 437 79 964 308 222 783 0 366 903 443 904 24 184 413 429 518 462 849 808 431 903 979 743 14 686 652 920 683 652 652 214 587 246 428 196 
796 952 483 970 26 769 447 751 49 116 303 366 0 805 856 672 548 24 340 591 528 214 91 757 484 705 860 86 864 194 763 893 260 272 183 168 234 141 740 540 
899 431 880 245 505 109 885 189 886 663 459 903 805 0 780 42 620 480 488 307 71 312 884 399 879 707 994 774 314 251 826 161 853 359 784 83 867 70 297 616 
294 242 833 900 830 661 348 515 507 536 961 443 856 780 0 833 430 283 731 705 127 909 51 556 983 626 522 725 278 586 162 850 459 492 714 404 116 741 936 439 
726 245 510 296 402 677 173 567 581 314 526 904 672 42 833 0 972 763 37 375 74 598 567 33 107 179 791 671 341 340 536 149 687 77 22 483 715 359 857 534 
240 280 449 860 241 498 190 558 586 692 840 24 548 620 430 972 0 666 937 711 24 404 833 569 621 166 637 598 630 912 433 677 617 45 138 615 455 505 339 66 
558 746 437 820 856 439 957 803 953 170 301 184 24 480 283 763 666 0 328 558 857 146 778 368 594 633 824 308 691 545 706 855 716 669 348 211 296 140 962 439 
466 647 242 740 84 559 687 943 269 690 757 413 340 488 731 37 937 328 0 136 147 61 972 99 396 471 947 534 571 656 47 8 695 849 154 51 996 409 274 900 
827 363 594 404 676 410 237 358 519 664 304 429 591 307 705 375 711 558 136 0 545 287 769 907 947 574 955 439 848 713 444 925 55 223 957 240 134 481 328 226 
470 75 907 866 355 899 786 556 8 887 410 518 528 71 127 74 24 857 147 545 0 723 514 579 837 881 113 186 271 280 670 964 175 597 793 130 952 156 401 563 
771 104 90 735 369 833 494 376 45 134 165 462 214 312 909 598 404 146 61 287 723 0 776 306 233 51 600 745 230 711 450 687 564 714 737 51 926 792 964 870 
788 399 800 177 197 327 216 173 351 241 1 849 91 884 51 567 833 778 972 769 514 776 0 334 894 660 506 563 290 213 144 158 654 878 300 979 213 613 908 211 
579 165 509 555 692 296 485 575 919 166 426 808 757 399 556 33 569 368 99 907 579 306 334 0 25 239 410 262 243 768 419 841 359 343 663 634 638 666 67 302 
719 488 622 152 162 499 553 207 321 50 255 431 484 879 983 107 621 594 396 947 837 233 894 25 0 449 164 549 187 125 218 846 400 649 649 300 469 351 145 182 
189 127 967 741 973 169 553 616 538 621 279 903 705 707 626 179 166 633 471 574 881 51 660 239 449 0 231 930 820 971 26 447 500 927 555 113 741 35 938 365 
536 689 712 259 443 302 597 118 280 623 665 979 860 994 522 791 637 824 947 955 113 600 506 410 164 231 0 814 229 299 878 684 161 814 516 62 391 70 966 715 
388 571 852 860 365 789 251 135 483 118 707 743 86 774 725 671 598 308 534 439 186 745 563 262 549 930 814 0 505 363 816 306 495 115 601 816 404 100 681 189 
212 120 906 414 171 334 865 279 695 629 156 14 864 314 278 341 630 691 571 848 271 230 290 243 187 820 229 505 0 137 194 614 126 672 321 801 555 818 245 102 
374 603 419 476 218 114 234 606 965 728 299 686 194 251 586 340 912 545 656 713 280 711 213 768 125 971 299 363 137 0 332 462 476 662 706 266 971 149 705 307 
1000 47 703 338 479 319 479 153 517 954 342 652 763 826 162 536 433 706 47 444 670 450 144 419 218 26 878 816 194 332 0 248 244 6 582 567 908 867 352 28 
418 111 245 333 395 41 974 503 79 446 104 920 893 161 850 149 677 855 8 925 964 687 158 841 846 447 684 306 614 462 248 0 300 49 988 669 228 27 825 639 
630 156 708 912 984 310 139 400 231 476 559 683 260 853 459 687 617 716 695 55 175 564 654 359 400 500 161 495 126 476 244 300 0 906 272 136 980 625 540 624 
160 88 474 422 722 312 810 222 13 645 182 652 272 359 492 77 45 669 849 223 597 714 878 343 649 927 814 115 672 662 6 49 906 0 658 127 133 546 981 642 
916 347 282 844 598 881 197 521 29 226 572 652 183 784 714 22 138 348 154 957 793 737 300 663 649 555 516 601 321 706 582 988 272 658 0 614 466 235 946 955 
685 403 750 175 421 2 124 860 417 43 131 214 168 83 404 483 615 211 51 240 130 51 979 634 300 113 62 816 801 266 567 669 136 127 614 0 266 72 505 326 
156 548 579 601 496 16 353 368 242 1000 449 587 234 867 116 715 455 296 996 134 952 926 213 638 469 741 391 404 555 971 908 228 980 133 466 266 0 603 966 44 
242 664 480 610 65 10 116 264 991 363 644 246 141 70 741 359 505 140 409 481 156 792 613 666 351 35 70 100 818 149 867 27 625 546 235 72 603 0 37 650 
577 461 31 469 363 141 46 302 567 216 55 428 740 297 936 857 339 962 274 328 401 964 908 67 145 938 966 681 245 705 352 825 540 981 946 505 966 37 0 36 
628 721 437 39 580 774 520 942 390 505 971 196 540 616 439 534 66 439 900 226 563 870 211 302 182 365 715 189 102 307 28 639 624 642 955 326 44 650 36 0 
0 264 594 840 803 37 579 877 930 72 215 42 968 798 469 893 124 243 629 641 309 498 300 512 627 731 558 622 814 506 338 749 553 248 11 56 61 601 749 825 
264 0 271 667 749 714 456 674 347 476 255 200 463 769 341 457 497 537 570 626 978 244 47 705 584 187 773 227 185 874 387 548 18 72 895 68 276 399 836 108 
594 271 0 129 427 216 862 141 692 81 545 679 479 833 995 741 489 314 908 993 60 473 448 752 530 422 734 520 202 325 140 815 958 894 942 204 247 505 161 931 
840 667 129 0 624 225 929 173 91 631 327 461 863 387 938 343 584 42 692 699 436 761 956 238 402 389 639 662 88 627 426 444 541 353 138 8 132 988 839 247 
803 749 427 624 0 124 755 962 690 116 722 812 220 664 239 21 227 952 653 529 814 741 917 237 897 866 926 56 900 536 206 921 229 579 18 863 982 180 490 530 
37 714 216 225 124 0 315 450 807 945 666 323 438 833 356 748 943 327 9 923 121 727 111 471 274 254 856 533 131 610 756 517 196 180 461 708 682 133 286 972 
579 456 862 929 755 315 0 751 261 405 445 495 635 752 435 331 356 100 822 500 306 326 717 718 171 301 221 698 666 809 868 258 512 92 432 71 71 769 295 158 
877 674 141 173 962 450 751 0 844 293 836 944 771 398 440 948 98 588 141 184 36 340 877 396 529 470 661 383 127 786 697 99 693 941 823 271 389 470 371 29 
930 347 692 91 690 807 261 844 0 333 992 587 372 909 366 559 209 691 705 856 109 708 929 537 714 248 457 221 267 560 51 784 740 826 938 217 774 474 321 996 
72 476 81 631 116 945 405 293 333 0 818 856 406 435 764 90 135 247 35 166 334 577 428 783 137 676 367 528 550 287 707 493 361 845 76 531 558 197 745 196 
215 255 545 327 722 666 445 836 992 818 0 414 457 50 957 730 485 332 222 742 375 590 44 210 105 994 687 846 129 70 241 988 683 418 579 9 570 684 657 460 
42 200 679 461 812 323 495 944 587 856 414 0 732 824 677 175 584 723 792 368 904 764 750 583 107 64 442 549 963 424 431 616 97 731 602 242 448 990 138 968 
968 463 479 863 220 438 635 771 372 406 457 732 0 70 2 520 191 243 174 123 79 335 279 818 478 683 984 9 224 775 783 806 377 832 284 280 980 818 121 243 
798 769 833 387 664 833 752 398 909 435 50 824 70 0 219 876 672 918 6 559 21 612 912 699 943 608 775 618 287 627 265 787 770 699 698 349 283 905 498 458 
469 341 995 938 239 356 435 440 366 764 957 677 2 219 0 722 885 961 812 150 459 454 766 298 491 337 328 92 519 105 206 500 302 203 112 618 947 820 491 774 
893 457 741 343 21 748 331 948 559 90 730 175 520 876 722 0 281 35 827 961 46 180 4 886 530 714 97 928 5 781 850 759 231 826 756 90 179 172 637 583 
124 497 489 584 227 943 356 98 209 135 485 584 191 672 885 281 0 876 223 674 585 662 658 202 973 190 612 578 183 970 126 285 870 103 932 522 288 181 979 102 
243 537 314 42 952 327 100 588 691 247 332 723 243 918 961 35 876 0 64 280 858 57 108 913 744 68 541 531 598 729 159 98 430 673 812 265 738 989 322 919 
629 570 908 692 653 9 822 141 705 35 222 792 174 6 812 827 223 64 0 389 424 44 374 768 415 200 547 289 246 677 120 853 45 670 595 399 582 328 147 70 
641 626 993 699 529 923 500 184 856 166 742 368 123 559 150 961 674 280 389 0 60 620 569 806 627 562 34 640 59 353 838 251 832 893 904 291 405 986 791 883 
309 978 60 436 814 121 306 36 109 334 375 904 79 21 459 46 585 858 424 60 0 236 499 881 642 243 498 835 929 773 565 142 645 191 155 790 890 424 24 750 
498 244 473 761 741 727 326 340 708 577 590 764 335 612 454 180 662 57 44 620 236 0 189 109 259 664 520 639 852 740 556 716 136 660 905 650 94 599 285 812 
300 47 448 956 917 111 717 877 929 428 44 750 279 912 766 4 658 108 374 569 499 189 0 825 567 684 339 999 96 487 780 375 263 648 584 659 948 381 273 193 
512 705 752 238 237 471 718 396 537 783 210 583 818 699 298 886 202 913 768 806 881 109 825 0 951 953 639 211 298 132 885 4 937 879 504 722 316 821 70 627 
627 584 530 402 897 274 171 529 714 137 105 107 478 943 491 530 973 744 415 627 642 259 567 951 0 967 59 342 888 387 459 672 117 178 376 366 916 937 392 674 
731 187 422 389 866 254 301 470 248 676 994 64 683 608 337 714 190 68 200 562 243 664 684 953 967 0 282 676 922 644 945 972 384 701 754 420 52 282 1 836 
558 773 734 639 926 856 221 661 457 367 687 442 984 775 328 97 612 541 547 34 498 520 339 639 59 282 0 110 746 872 716 195 767 96 382 509 627 224 28 825 
622 227 520 662 56 533 698 383 221 528 846 549 9 618 92 928 578 531 289 640 835 639 999 211 342 676 110 0 726 590 465 934 279 230 360 4 401 395 81 927 
814 185 202 88 900 131 666 127 267 550 129 963 224 287 519 5 183 598 246 59 929 852 96 298 888 922 746 726 0 1000 508 727 862 593 95 282 157 149 936 864 
506 874 325 627 536 610 809 786 560 287 70 424 775 627 105 781 970 729 677 353 773 740 487 132 387 644 872 590 1000 0 324 397 358 107 516 55 787 387 621 840 
338 387 140 426 206 756 868 697 51 707 241 431 783 265 206 850 126 159 120 838 565 556 780 885 459 945 716 465 508 324 0 117 996 223 948 334 737 801 169 11 
749 548 815 444 921 517 258 99 784 493 988 616 806 787 500 759 285 98 853 251 142 716 375 4 672 972 195 934 727 397 117 0 409 924 917 703 832 101 718 247 
553 18 958 541 229 196 512 693 740 361 683 97 377 770 302 231 870 430 45 832 645 136 263 937 117 384 767 279 862 358 996 409 0 457 168 272 329 661 461 424 
248 72 894 353 579 180 92 941 826 845 418 731 832 699 203 826 103 673 670 893 191 660 648 879 178 701 96 230 593 107 223 924 457 0 226 218 61 680 548 51 
11 895 942 138 18 461 432 823 938 76 579 602 284 698 112 756 932 812 595 904 155 905 584 504 376 754 382 360 95 516 948 917 168 226 0 158 623 580 382 552 
56 68 204 8 863 708 71 271 217 531 9 242 280 349 618 90 522 265 399 291 790 650 659 722 366 420 509 4 282 55 334 703 272 218 158 0 596 341 528 27 
61 276 247 132 982 682 71 389 774 558 570 448 980 283 947 179 288 738 582 405 890 94 948 316 916 52 627 401 157 787 737 832 329 61 623 596 0 882 372 995 
601 399 505 988 180 133 769 470 474 197 684 990 818 905 820 172 181 989 328 986 424 599 381 821 937 282 224 395 149 387 801 101 661 680 580 341 882 0 695 342 
749 836 161 839 490 286 295 371 321 745 657 138 121 498 491 637 979 322 147 791 24 285 273 70 392 1 28 81 936 621 169 718 461 548 382 528 372 695 0 286 
825 108 931 247 530 972 158 29 996 196 460 968 243 458 774 583 102 919 70 883 750 812 193 627 674 836 825 927 864 840 11 247 424 51 552 27 995 342 286 0 
0 565 546 165 753 789 12 106 542 819 392 504 409 616 501 236 929 456 100 858 819 86 572 423 49 376 558 595 663 296 943 511 539 527 550 601 244 460 167 558 
565 0 587 375 965 81 719 502 849 229 652 276 744 4 875 878 673 839 294 741 124 927 812 164 164 681 440 753 717 490 963 17 522 686 655 957 548 192 101 860 
546 587 0 837 814 614 477 456 953 866 965 568 850 418 432 429 246 23 74 118 879 334 36 66 339 722 744 326 734 617 394 774 307 742 391 819 545 204 127 321 
165 375 837 0 446 289 328 786 83 244 290 180 115 797 167 463 361 367 253 255 214 354 171 505 897 458 361 687 740 771 506 838 555 917 652 448 855 228 275 751 
753 965 814 446 0 422 423 207 174 933 439 185 924 587 926 713 744 214 881 341 460 605 126 488 428 109 78 656 378 739 922 202 428 788 519 222 810 509 651 292 
789 81 614 289 422 0 781 10 134 466 302 187 169 684 879 140 16 655 723 494 936 293 829 114 945 411 191 796 991 541 581 636 447 709 462 282 190 724 503 152 
12 719 477 328 423 781 0 60 803 381 472 640 498 2 884 972 401 226 57 968 757 790 89 43 616 701 226 168 99 64 173 822 504 713 674 832 677 394 648 817 
106 502 456 786 207 10 60 0 888 788 657 51 62 930 685 16 267 314 612 883 977 993 113 123 232 570 426 636 640 433 579 932 924 375 741 653 911 143 381 830 
542 849 953 83 174 134 803 888 0 778 157 628 771 466 629 355 606 642 929 229 953 68 343 163 244 725 764 756 693 329 795 635 753 641 155 128 122 180 542 159 
819 229 866 244 933 466 381 788 778 0 345 281 359 915 123 859 815 997 678 812 804 824 487 47 914 473 930 124 825 987 185 293 741 836 438 624 385 881 261 275 
392 652 965 290 439 302 472 657 157 345 0 734 583 874 222 685 680 323 580 681 287 808 697 896 142 123 558 207 760 728 491 173 874 640 171 790 324 355 216 586 
504 276 568 180 185 187 640 51 628 281 734 0 182 116 548 983 305 512 253 411 217 164 120 661 577 734 305 753 347 699 649 520 653 199 601 1 809 544 333 529 
409 744 850 115 924 169 498 62 771 359 583 182 0 759 889 40 481 594 724 744 653 919 591 926 101 65 46 788 869 210 601 120 154 227 935 456 331 790 147 881 
616 4 418 797 587 684 2 930 466 915 874 116 759 0 133 515 80 271 869 211 914 464 367 224 103 588 135 218 818 774 524 222 513 506 208 708 382 96 344 209 
501 875 432 167 926 879 884 685 629 123 222 548 889 133 0 429 408 355 417 687 624 917 950 953 449 570 458 706 928 815 899 220 921 964 689 474 71 652 786 392 
236 878 429 463 713 140 972 16 355 859 685 983 40 515 429 0 482 872 352 412 822 789 885 146 825 214 780 657 598 161 581 161 307 239 381 892 829 774 248 115 
929 673 246 361 744 16 401 267 606 815 680 305 481 80 408 482 0 226 922 547 740 326 523 740 193 533 419 515 498 165 580 581 210 692 47 396 471 778 206 718 
456 839 23 367 214 655 226 314 642 997 323 512 594 271 355 872 226 0 567 410 451 803 827 56 144 295 259 661 786 188 355 352 835 87 205 824 975 294 747 538 
100 294 74 253 881 723 57 612 929 678 580 253 724 869 417 352 922 567 0 544 256 583 510 332 567 746 961 444 646 967 765 471 928 276 476 806 780 999 570 563 
858 741 118 255 341 494 968 883 229 812 681 411 744 211 687 412 547 410 544 0 920 619 224 577 848 593 936 670 620 670 21 368 12 656 64 938 546 470 8 321 
819 124 879 214 460 936 757 977 953 804 287 217 653 914 624 822 740 451 256 920 0 889 327 58 673 764 780 475 380 441 495 368 691 983 628 362 483 567 780 316 
86 927 334 354 605 293 790 993 68 824 808 164 919 464 917 789 326 803 583 619 889 0 45 820 524 268 475 47 614 640 857 197 681 561 55 543 942 597 990 590 
572 812 36 171 126 829 89 113 343 487 697 120 591 367 950 885 523 827 510 224 327 45 0 515 624 790 737 193 766 612 656 394 546 812 849 346 402 655 561 219 
423 164 66 505 488 114 43 123 163 47 896 661 926 224 953 146 740 56 332 577 58 820 515 0 165 253 169 474 897 304 722 820 263 728 865 378 885 447 934 206 
49 164 339 897 428 945 616 232 244 914 142 577 101 103 449 825 193 144 567 848 673 524 624 165 0 440 881 365 903 242 483 674 895 343 853 360 33 378 173 201 
376 681 722 458 109 411 701 570 725 473 123 734 65 588 570 214 533 295 746 593 764 268 790 253 440 0 122 194 789 402 504 168 159 352 863 55 667 953 337 411 
558 440 744 361 78 191 226 426 764 930 558 305 46 135 458 780 419 259 961 936 780 475 737 169 881 122 0 993 321 225 168 245 802 777 26 573 634 875 314 440 
595 753 326 687 656 796 168 636 756 124 207 753 788 218 706 657 515 661 444 670 475 47 193 474 365 194 993 0 294 579 275 233 751 788 655 891 812 726 511 172 
663 717 734 740 378 991 99 640 693 825 760 347 869 818 928 598 498 786 646 620 380 614 766 897 903 789 321 294 0 288 323 132 636 729 605 363 582 776 143 852 
296 490 617 771 739 541 64 433 329 987 728 699 210 774 815 161 165 188 967 670 441 640 612 304 242 402 225 579 288 0 859 720 975 658 932 223 50 620 175 326 
943 963 394 506 922 581 173 579 795 185 491 649 601 524 899 581 580 355 765 21 495 857 656 722 483 504 168 275 323 859 0 250 47 178 212 609 261 180 406 804 
511 17 774 838 202 636 822 932 635 293 173 520 120 222 220 161 581 352 471 368 368 197 394 820 674 168 245 233 132 720 250 0 456 323 280 461 444 813 46 116 
539 522 307 555 428 447 504 924 753 741 874 653 154 513 921 307 210 835 928 12 691 681 546 263 895 159 802 751 636 975 47 456 0 220 507 936 37 543 981 512 
527 686 742 917 788 709 713 375 641 836 640 199 227 506 964 239 692 87 276 656 983 561 812 728 343 352 777 788 729 658 178 323 220 0 216 552 729 504 610 352 
550 655 391 652 519 462 674 741 155 438 171 601 935 208 689 381 47 205 476 64 628 55 849 865 853 863 26 655 605 932 212 280 507 216 0 828 164 308 902 113 
601 957 819 448 222 282 832 653 128 624 790 1 456 708 474 892 396 824 806 938 362 543 346 378 360 55 573 891 363 223 609 461 936 552 828 0 266 246 550 913 
244 548 545 855 810 190 677 911 122 385 324 809 331 382 71 829 471 975 780 546 483 942 402 885 33 667 634 812 582 50 261 444 37 729 164 266 0 136 915 19 
460 192 204 228 509 724 394 143 180 881 355 544 790 96 652 774 778 294 999 470 567 597 655 447 378 953 875 726 776 620 180 813 543 504 308 246 136 0 441 617 
167 101 127 275 651 503 648 381 542 261 216 333 147 344 786 248 206 747 570 8 780 990 561 934 173 337 314 511 143 175 406 46 981 610 902 550 915 441 0 731 
558 860 321 751 292 152 817 830 159 275 586 529 881 209 392 115 718 538 563 321 316 590 219 206 201 411 440 172 852 326 804 116 512 352 113 913 19 617 731 0 
0 663 577 457 52 600 60 61 168 270 960 511 430 458 411 42 548 713 207 425 587 688 550 312 874 256 400 651 269 933 437 389 360 800 706 592 955 498 339 393 
663 0 863 255 399 559 165 516 327 393 814 711 493 50 661 977 455 961 712 524 377 1000 644 52 411 870 339 861 401 325 415 345 613 539 306 296 975 161 174 646 
577 863 0 656 490 539 475 696 697 505 25 592 116 168 64 713 225 168 450 300 925 161 132 592 346 1 530 281 509 90 710 254 103 201 5 703 817 424 526 590 
457 255 656 0 53 295 58 113 822 417 845 274 506 867 396 418 590 822 200 598 526 781 356 975 669 181 476 846 924 394 69 176 569 537 585 979 568 34 534 370 
52 399 490 53 0 523 320 610 404 738 319 870 666 489 892 839 792 590 305 577 114 181 504 523 771 427 315 822 276 630 720 412 801 437 921 236 189 680 791 241 
600 559 539 295 523 0 471 304 828 408 834 533 950 356 300 510 243 808 154 700 351 626 667 509 868 831 116 525 741 115 168 453 574 724 526 4 891 705 306 140 
60 165 475 58 320 471 0 647 830 262 407 333 404 672 300 291 725 856 62 734 810 685 863 153 805 267 524 183 496 348 646 932 98 780 734 462 875 51 611 460 
61 516 696 113 610 304 647 0 142 771 553 585 267 780 750 88 573 197 729 842 867 166 561 373 487 738 593 379 850 346 705 858 925 623 751 163 896 868 692 339 
168 327 697 822 404 828 830 142 0 619 274 319 514 311 660 494 962 538 28 169 547 725 91 443 502 678 567 855 838 625 794 149 596 940 642 473 555 344 500 194 
270 393 505 417 738 408 262 771 619 0 14 27 248 440 559 732 490 390 372 911 274 263 63 299 300 492 273 69 687 404 844 340 720 378 561 501 377 546 161 967 
960 814 25 845 319 834 407 553 274 14 0 34 50 668 13 465 233 983 723 616 769 451 874 245 725 428 463 522 475 315 566 529 112 947 544 705 310 399 196 397 
511 711 592 274 870 533 333 585 319 27 34 0 567 369 298 200 641 819 359 520 521 388 175 189 612 647 638 946 167 571 735 92 614 62 145 312 365 178 518 247 
430 493 116 506 666 950 404 267 514 248 50 567 0 324 479 206 528 776 380 212 998 270 537 446 422 499 13 601 895 499 143 586 559 899 372 732 123 784 500 359 
458 50 168 867 489 356 672 780 311 440 668 369 324 0 677 26 224 383 868 332 953 138 345 609 159 66 322 777 395 138 955 954 16 59 547 739 400 145 343 529 
411 661 64 396 892 300 300 750 660 559 13 298 479 677 0 380 626 354 446 980 919 747 471 880 430 763 104 969 688 909 928 543 584 795 930 597 79 131 489 37 
42 977 713 418 839 510 291 88 494 732 465 200 206 26 380 0 606 627 321 306 898 453 960 61 530 427 704 685 303 537 39 298 993 63 537 791 728 238 690 688 
548 455 225 590 792 243 725 573 962 490 233 641 528 224 626 606 0 148 864 918 280 53 550 585 37 772 108 659 611 132 744 688 379 990 84 389 817 495 457 646 
713 961 168 822 590 808 856 197 538 390 983 819 776 383 354 627 148 0 313 449 703 657 854 262 543 881 532 727 357 363 449 768 734 460 543 551 603 370 833 129 
207 712 450 200 305 154 62 729 28 372 723 359 380 868 446 321 864 313 0 790 835 396 503 212 314 692 71 191 792 198 876 567 678 363 765 453 573 941 925 729 
425 524 300 598 577 700 734 842 169 911 616 520 212 332 980 306 918 449 790 0 692 467 767 412 106 336 668 217 894 645 247 216 315 269 62 195 415 147 313 114 
587 377 925 526 114 351 810 867 547 274 769 521 998 953 919 898 280 703 835 692 0 752 175 809 993 458 297 413 839 270 397 597 302 703 554 405 34 737 850 620 
688 1000 161 781 181 626 685 166 725 263 451 388 270 138 747 453 53 657 396 467 752 0 548 836 411 577 335 683 240 388 856 180 372 603 88 137 625 473 828 54 
550 644 132 356 504 667 863 561 91 63 874 175 537 345 471 960 550 854 503 767 175 548 0 92 624 121 686 363 707 175 551 815 345 607 449 265 3 962 989 836 
312 52 592 975 523 509 153 373 443 299 245 189 446 609 880 61 585 262 212 412 809 836 92 0 537 78 423 349 378 503 59 943 148 441 245 606 945 303 737 431 
874 411 346 669 771 868 805 487 502 300 725 612 422 159 430 530 37 543 314 106 993 411 624 537 0 843 376 424 201 471 696 173 689 508 538 530 52 356 668 233 
256 870 1 181 427 831 267 738 678 492 428 647 499 66 763 427 772 881 692 336 458 577 121 78 843 0 95 746 107 258 281 250 680 309 492 336 511 399 981 555 
400 339 530 476 315 116 524 593 567 273 463 638 13 322 104 704 108 532 71 668 297 335 686 423 376 95 0 834 617 105 156 599 242 587 388 404 361 719 941 528 
651 861 281 846 822 525 183 379 855 69 522 946 601 777 969 685 659 727 191 217 413 683 363 349 424 746 834 0 913 540 632 108 980 739 693 962 795 685 369 279 
269 401 509 924 276 741 496 850 838 687 475 167 895 395 688 303 611 357 792 894 839 240 707 378 201 107 617 913 0 243 588 5 196 389 608 557 960 744 361 157 
933 325 90 394 630 115 348 346 625 404 315 571 499 138 909 537 132 363 198 645 270 388 175 503 471 258 105 540 243 0 77 272 160 574 180 773 357 624 113 738 
437 415 710 69 720 168 646 705 794 844 566 735 143 955 928 39 744 449 876 247 397 856 551 59 696 281 156 632 588 77 0 827 483 480 559 446 48 820 255 591 
389 345 254 176 412 453 932 858 149 340 529 92 586 954 543 298 688 768 567 216 597 180 815 943 173 250 599 108 5 272 827 0 519 417 84 720 240 626 622 760 
360 613 103 569 801 574 98 925 596 720 112 614 559 16 584 993 379 734 678 315 302 372 345 148 689 680 242 980 196 160 483 519 0 991 673 481 419 612 736 690 
800 539 201 537 437 724 780 623 940 378 947 62 899 59 795 63 990 460 363 269 703 603 607 441 508 309 587 739 389 574 480 417 991 0 269 510 552 386 859 805 
706 306 5 585 921 526 734 751 642 561 544 145 372 547 930 537 84 543 765 62 554 88 449 245 538 492 388 693 608 180 559 84 673 269 0 614 188 499 327 159 
592 296 703 979 236 4 462 163 473 501 705 312 732 739 597 791 389 551 453 195 405 137 265 606 530 336 404 962 557 773 446 720 481 510 614 0 221 398 519 923 
955 975 817 568 189 891 875 896 555 377 310 365 123 400 79 728 817 603 573 415 34 625 3 945 52 511 361 795 960 357 48 240 419 552 188 221 0 217 310 313 
498 161 424 34 680 705 51 868 344 546 399 178 784 145 131 238 495 370 941 147 737 473 962 303 356 399 719 685 744 624 820 626 612 386 499 398 217 0 225 814 
339 174 526 534 791 306 611 692 500 161 196 518 500 343 489 690 457 833 925 313 850 828 989 737 668 981 941 369 361 113 255 622 736 859 327 519 310 225 0 776 
393 646 590 370 241 140 460 339 194 967 397 247 359 529 37 688 646 129 729 114 620 54 836 431 233 555 528 279 157 738 591 760 690 805 159 923 313 814 776 0 
0 679 155 41 577 420 177 332 731 395 789 967 40 876 479 86 556 698 117 230 720 594 766 316 250 166 274 703 28 215 47 172 420 486 849 862 829 582 516 350 
679 0 526 772 185 106 891 412 408 502 773 359 996 364 668 315 193 488 475 195 456 545 957 293 118 290 632 826 823 241 521 609 786 967 748 836 481 644 160 635 
155 526 0 568 346 561 515 697 249 881 624 682 456 142 314 201 774 489 11 51 777 321 697 511 242 613 365 884 584 902 999 390 125 726 524 627 416 642 495 498 
41 772 568 0 650 714 76 812 978 591 183 325 152 337 225 648 534 791 730 67 614 456 208 526 313 596 111 741 85 54 549 204 388 479 473 968 407 56 392 898 
577 185 346 650 0 315 208 253 177 928 443 99 732 547 194 480 614 373 627 720 238 476 383 994 208 123 182 429 33 61 885 874 661 222 702 497 613 1000 714 776 
420 106 561 714 315 0 560 432 207 106 653 719 895 400 117 203 309 526 142 233 702 579 587 608 876 521 110 699 909 54 572 317 812 952 419 457 21 985 727 572 
177 891 515 76 208 560 0 190 29 748 752 155 453 267 277 129 680 500 199 34 262 829 610 822 391 925 289 293 239 541 583 897 135 818 476 929 941 313 464 504 
332 412 697 812 253 432 190 0 485 764 128 95 76 849 335 674 965 615 317 911 378 130 405 770 254 586 202 416 668 59 868 349 605 39 289 460 249 293 612 722 
731 408 249 978 177 207 29 485 0 286 111 659 1 159 790 434 217 484 800 667 535 443 836 379 483 554 757 695 503 672 988 579 418 645 230 141 54 256 765 412 
395 502 881 591 928 106 748 764 286 0 134 670 914 620 324 797 963 219 625 765 509 474 349 230 767 380 541 676 897 117 902 699 502 110 934 549 711 578 320 637 
789 773 624 183 443 653 752 128 111 134 0 663 774 914 212 601 553 197 541 268 496 356 687 712 159 231 428 129 679 472 349 205 203 394 936 672 738 525 31 473 
967 359 682 325 99 719 155 95 659 670 663 0 225 131 275 512 380 360 166 995 529 471 2 303 846 821 478 222 123 911 145 192 689 191 198 763 154 895 763 384 
40 996 456 152 732 895 453 76 1 914 774 225 0 390 950 184 655 827 885 659 444 89 864 31 888 461 62 313 535 797 643 222 840 87 777 832 279 406 980 279 
876 364 142 337 547 400 267 849 159 620 914 131 390 0 493 967 22 447 872 707 482 188 337 402 81 420 122 77 375 542 899 487 672 494 312 987 855 208 671 725 
479 668 314 225 194 117 277 335 790 324 212 275 950 493 0 388 537 405 301 835 344 399 174 667 653 300 741 919 795 396 918 900 392 786 678 38 134 604 69 661 
86 315 201 648 480 203 129 674 434 797 601 512 184 967 388 0 496 873 52 157 646 550 717 124 469 612 849 287 834 67 22 150 863 51 188 613 278 84 428 552 
556 193 774 534 614 309 680 965 217 963 553 380 655 22 537 496 0 459 618 678 18 922 110 439 221 460 644 193 538 484 733 994 448 905 148 640 895 611 46 372 
698 488 489 791 373 526 500 615 484 219 197 360 827 447 405 873 459 0 794 635 518 207 71 108 577 946 413 74 127 419 549 817 257 954 370 729 341 563 760 509 
117 475 11 730 627 142 199 317 800 625 541 166 885 872 301 52 618 794 0 438 257 814 551 150 785 600 660 334 837 274 392 496 608 444 576 132 876 106 755 926 
230 195 51 67 720 233 34 911 667 765 268 995 659 707 835 157 678 635 438 0 871 538 802 655 998 136 313 796 672 962 134 553 78 500 900 890 746 547 499 155 
720 456 777 614 238 702 262 378 535 509 496 529 444 482 344 646 18 518 257 871 0 888 809 311 54 965 557 176 378 475 456 884 896 991 846 546 535 306 959 65 
594 545 321 456 476 579 829 130 443 474 356 471 89 188 399 550 922 207 814 538 888 0 690 599 817 41 370 361 645 820 120 475 717 337 276 477 756 680 142 232 
766 957 697 208 383 587 610 405 836 349 687 2 864 337 174 717 110 71 551 802 809 690 0 214 752 331 542 366 605 666 314 463 106 389 386 77 170 298 530 699 
316 293 511 526 994 608 822 770 379 230 712 303 31 402 667 124 439 108 150 655 311 599 214 0 694 23 775 648 669 681 172 999 490 90 962 134 753 317 995 273 
250 118 242 313 208 876 391 254 483 767 159 846 888 81 653 469 221 577 785 998 54 817 752 694 0 821 754 759 316 733 606 608 532 596 648 318 109 49 664 116 
166 290 613 596 123 521 925 586 554 380 231 821 461 420 300 612 460 946 600 136 965 41 331 23 821 0 594 133 152 709 149 669 131 104 136 931 833 180 737 164 
274 632 365 111 182 110 289 202 757 541 428 478 62 122 741 849 644 413 660 313 557 370 542 775 754 594 0 655 330 130 565 700 630 890 443 610 137 901 935 743 
703 826 884 741 429 699 293 416 695 676 129 222 313 77 919 287 193 74 334 796 176 361 366 648 759 133 655 0 271 192 199 458 938 877 322 676 636 960 979 737 
28 823 584 85 33 909 239 668 503 897 679 123 535 375 795 834 538 127 837 672 378 645 605 669 316 152 330 271 0 766 747 424 126 764 872 155 794 716 629 664 
215 241 902 54 61 54 541 59 672 117 472 911 797 542 396 67 484 419 274 962 475 820 666 681 733 709 130 192 766 0 532 199 857 796 172 803 709 855 197 259 
47 521 999 549 885 572 583 868 988 902 349 145 643 899 918 22 733 549 392 134 456 120 314 172 606 149 565 199 747 532 0 768 51 265 851 825 164 507 677 486 
172 609 390 204 874 317 897 349 579 699 205 192 222 487 900 150 994 817 496 553 884 475 463 999 608 669 700 458 424 199 768 0 858 160 14 207 306 611 808 466 
420 786 125 388 661 812 135 605 418 502 203 689 840 672 392 863 448 257 608 78 896 717 106 490 532 131 630 938 126 857 51 858 0 179 749 965 768 168 394 722 
486 967 726 479 222 952 818 39 645 110 394 191 87 494 786 51 905 954 444 500 991 337 389 90 596 104 890 877 764 796 265 160 179 0 787 755 323 289 934 961 
849 748 524 473 702 419 476 289 230 934 936 198 777 312 678 188 148 370 576 900 846 276 386 962 648 136 443 322 872 172 851 14 749 787 0 979 430 392 748 918 
862 836 627 968 497 457 929 460 141 549 672 763 832 987 38 613 640 729 132 890 546 477 77 134 318 931 610 676 155 803 825 207 965 755 979 0 814 202 117 893 
829 481 416 407 613 21 941 249 54 711 738 154 279 855 134 278 895 341 876 746 535 756 170 753 109 833 137 636 794 709 164 306 768 323 430 814 0 126 734 594 
582 644 642 56 1000 985 313 293 256 578 525 895 406 208 604 84 611 563 106 547 306 680 298 317 49 180 901 960 716 855 507 611 168 289 392 202 126 0 533 241 
516 160 495 392 714 727 464 612 765 320 31 763 980 671 69 428 46 760 755 499 959 142 530 995 664 737 935 979 629 197 677 808 394 934 748 117 734 533 0 698 
350 635 498 898 776 572 504 722 412 637 473 384 279 725 661 552 372 509 926 155 65 232 699 273 116 164 743 737 664 259 486 466 722 961 918 893 594 241 698 0 
