70 3
0 238 188 213 379 843 385 88 339 674 269 203 753 431 249 515 572 411 585 698 447 253 385 146 279 421 825 749 873 903 545 724 74 221 322 728 371 147 104 208 758 449 151 660 200 389 129 807 332 813 33 506 404 730 651 969 1 957 879 182 952 591 478 802 893 91 406 498 806 194 
238 0 10 553 23 624 5 346 12 753 680 387 261 787 779 724 136 873 147 880 44 950 947 351 723 534 901 628 666 142 176 832 784 660 45 275 796 958 5 897 878 186 387 174 143 539 166 772 561 617 537 134 510 807 184 688 923 485 39 219 490 127 892 515 538 757 451 991 477 812 
188 10 0 554 937 117 626 930 804 678 613 498 40 195 263 100 467 267 244 926 477 432 806 358 471 461 215 784 409 896 312 454 414 495 503 853 36 723 655 712 982 596 577 456 578 101 144 611 129 839 342 42 616 715 166 841 182 104 510 120 920 174 193 38 291 321 160 149 743 359 
213 553 554 0 45 303 93 797 984 956 192 333 668 522 851 855 389 330 58 100 691 44 182 825 878 310 573 969 138 795 376 547 556 377 872 899 722 290 496 846 939 1 369 220 103 563 686 996 781 450 553 531 354 877 802 364 430 572 901 128 906 253 552 123 743 511 480 518 902 881 
379 23 937 45 0 839 930 595 828 571 237 233 11 640 390 487 698 165 285 926 393 343 529 849 784 131 983 51 806 562 996 741 841 825 622 95 974 983 626 500 271 692 624 133 895 44 98 557 851 467 111 523 400 912 999 34 77 404 54 576 768 686 617 216 914 748 501 318 897 212 
843 624 117 303 839 0 30 821 869 777 489 557 497 842 437 572 182 661 896 222 468 267 839 582 588 577 872 273 904 346 424 389 341 332 732 915 430 75 300 756 90 759 511 890 107 950 363 209 895 910 896 484 506 90 867 189 330 259 335 623 61 757 852 656 828 977 764 275 461 115 
385 5 626 93 930 30 0 27 165 915 519 401 164 661 204 435 971 155 515 694 340 565 179 383 432 73 961 925 961 849 574 88 432 439 557 452 117 290 583 610 573 352 646 936 608 612 747 551 526 455 803 931 183 423 659 535 377 376 354 534 169 112 503 562 69 376 182 8 230 891 
88 346 930 797 595 821 27 0 796 804 167 616 134 833 838 626 960 164 279 458 278 585 648 420 768 12 853 700 737 724 579 471 437 820 437 719 996 642 952 856 196 925 383 998 662 125 904 523 128 872 425 385 883 333 630 467 542 571 770 359 777 615 345 315 583 168 445 173 867 785 
339 12 804 984 828 869 165 796 0 701 1000 86 40 909 212 534 316 454 302 19 360 100 557 70 457 994 898 871 726 66 60 365 622 444 161 438 362 82 844 338 427 390 907 71 737 935 974 813 388 46 757 872 591 412 260 17 596 123 875 545 779 896 785 621 641 24 793 89 776 232 
674 753 678 956 571 777 915 804 701 0 492 193 677 31 986 834 477 622 332 412 425 884 232 713 799 358 889 458 807 8 691 556 498 670 274 753 896 553 266 758 460 113 394 343 512 913 982 499 115 930 533 260 293 245 759 81 879 218 155 653 955 330 222 642 127 111 138 667 178 212 
269 680 613 192 237 489 519 167 1000 492 0 412 625 432 53 466 757 20 540 172 675 824 680 655 893 153 106 697 194 234 249 540 893 876 6 203 701 406 67 806 422 122 67 487 296 801 163 545 898 143 372 512 415 334 520 774 934 328 619 125 871 321 616 757 148 149 788 911 484 920 
203 387 498 333 233 557 401 616 86 193 412 0 594 25 333 117 811 210 153 176 510 195 498 891 919 212 567 377 468 851 121 132 190 465 501 980 747 368 682 906 444 266 738 491 454 253 335 774 356 62 790 40 92 979 350 381 332 946 982 499 256 429 99 436 757 250 273 796 903 377 
753 261 40 668 11 497 164 134 40 677 625 594 0 235 297 961 401 7 688 906 105 96 100 464 937 543 77 669 765 440 566 766 758 648 554 574 189 193 986 914 897 474 274 338 23 89 451 365 7 390 175 120 880 752 472 154 634 649 41 21 89 289 874 359 696 778 720 289 800 718 
431 787 195 522 640 842 661 833 909 31 432 25 235 0 250 200 637 602 98 292 197 781 70 340 914 641 122 31 217 396 146 693 758 114 874 161 237 678 162 254 423 989 612 5 760 961 409 898 77 74 685 73 825 642 423 594 433 242 640 12 292 107 505 903 556 618 872 121 427 656 
249 779 263 851 390 437 204 838 212 986 53 333 297 250 0 711 503 924 522 760 751 613 717 969 503 559 122 370 27 755 386 819 647 935 586 727 855 450 878 1000 904 889 630 743 236 953 131 921 522 234 41 965 590 55 725 831 893 267 14 231 886 965 813 726 465 842 249 553 943 338 
515 724 100 855 487 572 435 626 534 834 466 117 961 200 711 0 125 31 80 958 267 71 793 113 737 649 256 248 216 637 162 531 787 328 429 512 413 775 932 52 785 26 937 543 818 323 235 55 181 277 470 774 965 341 704 139 140 899 78 51 38 409 72 143 597 795 621 36 901 547 
572 136 467 389 698 182 971 960 316 477 757 811 401 637 503 125 0 771 642 426 129 393 990 797 763 3 920 770 230 522 778 38 659 857 108 351 614 635 593 66 418 213 573 536 767 310 721 331 495 853 650 638 671 478 354 817 346 233 416 613 344 540 864 58 74 437 653 634 64 621 
411 873 267 330 165 661 155 164 454 622 20 210 7 602 924 31 771 0 598 504 846 408 316 566 416 796 136 540 78 512 227 289 9 582 422 258 610 685 620 896 770 384 386 789 760 293 396 36 681 773 559 47 502 60 143 249 543 82 82 695 502 336 497 918 63 117 847 44 358 227 
585 147 244 58 285 896 515 279 302 332 540 153 688 98 522 80 642 598 0 560 108 76 274 817 219 560 819 630 804 657 8 286 124 661 927 923 108 370 141 569 259 228 293 695 142 108 930 850 790 80 853 640 426 485 47 572 168 653 90 974 574 106 389 565 500 168 497 370 764 82 
698 880 926 100 926 222 694 458 19 412 172 176 906 292 760 958 426 504 560 0 219 488 407 18 400 188 740 21 432 921 352 637 628 674 710 231 786 884 567 705 440 821 975 639 301 185 584 928 214 189 167 256 930 677 270 851 494 297 309 60 866 904 992 91 600 293 431 275 133 649 
447 44 477 691 393 468 340 278 360 425 675 510 105 197 751 267 129 846 108 219 0 986 795 403 294 932 633 96 927 126 92 537 863 462 656 896 430 929 578 127 715 854 253 1000 922 664 929 508 408 381 811 911 467 928 105 194 337 41 322 86 990 660 87 102 80 270 104 702 856 952 
253 950 432 44 343 267 565 585 100 884 824 195 96 781 613 71 393 408 76 488 986 0 911 86 298 265 632 96 333 242 630 470 734 309 5 269 378 74 672 809 308 415 44 453 271 791 911 409 932 951 529 972 202 452 809 216 488 161 210 350 883 967 507 663 345 418 593 950 740 662 
385 947 806 182 529 839 179 648 557 232 680 498 100 70 717 793 990 316 274 407 795 911 0 592 512 385 227 780 416 792 989 223 581 833 470 240 855 409 58 72 349 692 337 672 365 736 624 792 207 385 188 607 479 551 201 920 627 277 694 521 769 1 58 728 685 668 214 49 407 253 
146 351 358 825 849 582 383 420 70 713 655 891 464 340 969 113 797 566 817 18 403 86 592 0 924 158 413 456 865 774 414 924 485 824 67 881 599 898 164 572 937 616 599 880 785 174 115 747 281 57 911 822 436 238 909 582 883 37 749 410 654 531 2 53 917 669 408 415 499 358 
279 723 471 878 784 588 432 768 457 799 893 919 937 914 503 737 763 416 219 400 294 298 512 924 0 275 536 409 524 214 500 946 615 109 756 883 873 404 647 971 434 236 223 349 146 908 582 220 217 45 326 669 433 366 576 807 171 1000 368 670 643 247 517 143 769 545 515 856 877 278 
421 534 461 310 131 577 73 12 994 358 153 212 543 641 559 649 3 796 560 188 932 265 385 158 275 0 502 367 332 793 102 556 139 830 124 117 727 58 663 163 354 726 417 582 463 827 543 529 121 275 564 920 740 621 463 708 386 206 190 35 800 676 493 352 161 84 695 982 216 676 
825 901 215 573 983 872 961 853 898 889 106 567 77 122 122 256 920 136 819 740 633 632 227 413 536 502 0 597 57 181 955 123 808 938 364 480 36 399 582 377 453 642 683 64 87 972 821 486 113 243 781 289 214 817 360 871 826 544 294 518 600 887 611 24 363 861 659 983 859 460 
749 628 784 969 51 273 925 700 871 458 697 377 669 31 370 248 770 540 630 21 96 96 780 456 409 367 597 0 843 388 411 231 595 879 840 702 259 190 601 517 139 726 553 660 521 770 627 270 28 403 271 50 49 596 635 5 54 326 73 984 824 931 447 673 773 335 784 864 304 627 
873 666 409 138 806 904 961 737 726 807 194 468 765 217 27 216 230 78 804 432 927 333 416 865 524 332 57 843 0 40 295 788 168 497 668 916 21 813 988 750 578 205 874 720 709 974 298 872 432 785 615 616 411 566 800 579 785 454 79 19 248 722 483 800 42 486 868 981 24 736 
903 142 896 795 562 346 849 724 66 8 234 851 440 396 755 637 522 512 657 921 126 242 792 774 214 793 181 388 40 0 446 679 634 41 352 147 899 674 353 824 796 431 62 624 855 288 740 910 258 334 333 493 268 226 59 831 924 117 503 719 52 885 701 845 613 202 453 120 344 452 
545 176 312 376 996 424 574 579 60 691 249 121 566 146 386 162 778 227 8 352 92 630 989 414 500 102 955 411 295 446 0 999 376 712 746 576 902 344 490 469 495 863 983 309 490 489 151 535 323 860 196 461 438 527 263 466 197 262 625 637 899 1000 221 226 375 579 943 585 348 328 
724 832 454 547 741 389 88 471 365 556 540 132 766 693 819 531 38 289 286 637 537 470 223 924 946 556 123 231 788 679 999 0 412 364 9 464 839 41 659 367 210 489 227 965 965 382 132 350 5 517 971 298 784 51 289 783 309 562 437 705 339 763 141 118 774 735 437 447 106 366 
74 784 414 556 841 341 432 437 622 498 893 190 758 758 647 787 659 9 124 628 863 734 581 485 615 139 808 595 168 634 376 412 0 710 571 100 651 772 83 975 163 507 434 90 470 820 822 91 142 41 349 712 650 770 494 486 492 446 950 119 205 721 583 514 987 724 478 606 331 532 
221 660 495 377 825 332 439 820 444 670 876 465 648 114 935 328 857 582 661 674 462 309 833 824 109 830 938 879 497 41 712 364 710 0 930 225 91 762 332 685 728 759 908 429 469 336 486 566 376 589 343 321 695 202 952 482 702 520 610 563 65 715 335 611 78 693 460 470 742 299 
322 45 503 872 622 732 557 437 161 274 6 501 554 874 586 429 108 422 927 710 656 5 470 67 756 124 364 840 668 352 746 9 571 930 0 45 974 338 291 746 1 840 557 956 426 438 332 87 7 792 238 234 357 616 862 52 835 325 524 931 616 488 193 667 253 499 945 303 217 487 
728 275 853 899 95 915 452 719 438 753 203 980 574 161 727 512 351 258 923 231 896 269 240 881 883 117 480 702 916 147 576 464 100 225 45 0 881 583 168 391 82 830 83 703 808 631 443 867 990 252 307 641 438 26 831 847 469 529 739 530 724 481 470 334 825 726 449 197 797 404 
371 796 36 722 974 430 117 996 362 896 701 747 189 237 855 413 614 610 108 786 430 378 855 599 873 727 36 259 21 899 902 839 651 91 974 881 0 514 186 799 112 354 279 760 151 266 93 641 628 190 519 825 853 414 912 973 396 444 334 33 12 727 952 490 230 232 669 201 965 858 
147 958 723 290 983 75 290 642 82 553 406 368 193 678 450 775 635 685 370 884 929 74 409 898 404 58 399 190 813 674 344 41 772 762 338 583 514 0 232 270 819 702 78 173 107 346 228 763 800 694 960 149 167 546 269 509 248 148 742 37 589 19 936 689 943 656 543 248 536 744 
104 5 655 496 626 300 583 952 844 266 67 682 986 162 878 932 593 620 141 567 578 672 58 164 647 663 582 601 988 353 490 659 83 332 291 168 186 232 0 913 130 524 301 37 772 811 933 496 731 377 664 30 215 87 114 262 557 117 119 933 320 188 718 457 2 788 482 308 354 58 
208 897 712 846 500 756 610 856 338 758 806 906 914 254 1000 52 66 896 569 705 127 809 72 572 971 163 377 517 750 824 469 367 975 685 746 391 799 270 913 0 43 818 879 527 722 266 659 766 961 921 972 181 46 590 164 596 319 756 39 30 169 112 957 280 194 597 174 567 169 334 
758 878 982 939 271 90 573 196 427 460 422 444 897 423 904 785 418 770 259 440 715 308 349 937 434 354 453 139 578 796 495 210 163 728 1 82 112 819 130 43 0 992 361 520 145 464 893 907 418 586 980 532 11 272 587 610 390 632 658 809 940 153 733 219 182 497 835 549 44 383 
449 186 596 1 692 759 352 925 390 113 122 266 474 989 889 26 213 384 228 821 854 415 692 616 236 726 642 726 205 431 863 489 507 759 840 830 354 702 524 818 992 0 244 962 370 681 390 271 2 32 780 685 63 541 341 434 283 262 267 462 445 723 505 92 41 780 570 831 344 612 
151 387 577 369 624 511 646 383 907 394 67 738 274 612 630 937 573 386 293 975 253 44 337 599 223 417 683 553 874 62 983 227 434 908 557 83 279 78 301 879 361 244 0 385 976 281 843 960 526 781 216 82 558 193 972 605 87 261 963 409 10 879 414 895 426 228 720 64 432 974 
660 174 456 220 133 890 936 998 71 343 487 491 338 5 743 543 536 789 695 639 1000 453 672 880 349 582 64 660 720 624 309 965 90 429 956 703 760 173 37 527 520 962 385 0 651 658 40 209 942 307 996 522 357 653 875 19 98 603 310 461 174 60 683 516 692 404 767 806 425 485 
200 143 578 103 895 107 608 662 737 512 296 454 23 760 236 818 767 760 142 301 922 271 365 785 146 463 87 521 709 855 490 965 470 469 426 808 151 107 772 722 145 370 976 651 0 241 929 194 20 414 779 536 615 546 871 218 787 814 907 630 404 811 368 429 118 294 599 769 978 664 
389 539 101 563 44 950 612 125 935 913 801 253 89 961 953 323 310 293 108 185 664 791 736 174 908 827 972 770 974 288 489 382 820 336 438 631 266 346 811 266 464 681 281 658 241 0 353 637 370 865 666 670 409 459 695 810 132 456 604 350 51 648 689 527 132 136 155 144 697 856 
129 166 144 686 98 363 747 904 974 982 163 335 451 409 131 235 721 396 930 584 929 911 624 115 582 543 821 627 298 740 151 132 822 486 332 443 93 228 933 659 893 390 843 40 929 353 0 342 439 701 364 833 409 978 757 823 392 755 723 558 435 382 795 355 955 323 360 166 784 870 
807 772 611 996 557 209 551 523 813 499 545 774 365 898 921 55 331 36 850 928 508 409 792 747 220 529 486 270 872 910 535 350 91 566 87 867 641 763 496 766 907 271 960 209 194 637 342 0 367 224 143 26 400 388 355 464 889 327 494 676 554 886 130 928 278 389 148 529 83 432 
332 561 129 781 851 895 526 128 388 115 898 356 7 77 522 181 495 681 790 214 408 932 207 281 217 121 113 28 432 258 323 5 142 376 7 990 628 800 731 961 418 2 526 942 20 370 439 367 0 200 567 522 948 509 187 31 541 339 650 421 462 822 760 438 438 362 188 711 871 262 
813 617 839 450 467 910 455 872 46 930 143 62 390 74 234 277 853 773 80 189 381 951 385 57 45 275 243 403 785 334 860 517 41 589 792 252 190 694 377 921 586 32 781 307 414 865 701 224 200 0 787 783 406 534 400 523 791 702 21 179 47 340 271 889 912 281 170 75 303 803 
33 537 342 553 111 896 803 425 757 533 372 790 175 685 41 470 650 559 853 167 811 529 188 911 326 564 781 271 615 333 196 971 349 343 238 307 519 960 664 972 980 780 216 996 779 666 364 143 567 787 0 925 180 211 720 556 788 727 117 943 722 349 421 525 2 404 523 315 772 713 
506 134 42 531 523 484 931 385 872 260 512 40 120 73 965 774 638 47 640 256 911 972 607 822 669 920 289 50 616 493 461 298 712 321 234 641 825 149 30 181 532 685 82 522 536 670 833 26 522 783 925 0 806 731 960 459 321 786 275 732 613 350 148 706 733 52 393 912 485 650 
404 510 616 354 400 506 183 883 591 293 415 92 880 825 590 965 671 502 426 930 467 202 479 436 433 740 214 49 411 268 438 784 650 695 357 438 853 167 215 46 11 63 558 357 615 409 409 400 948 406 180 806 0 873 117 378 175 297 580 838 233 655 528 919 487 409 283 797 279 337 
730 807 715 877 912 90 423 333 412 245 334 979 752 642 55 341 478 60 485 677 928 452 551 238 366 621 817 596 566 226 527 51 770 202 616 26 414 546 87 590 272 541 193 653 546 459 978 388 509 534 211 731 873 0 796 299 506 1 932 829 47 898 512 874 160 939 75 926 55 343 
651 184 166 802 999 867 659 630 260 759 520 350 472 423 725 704 354 143 47 270 105 809 201 909 576 463 360 635 800 59 263 289 494 952 862 831 912 269 114 164 587 341 972 875 871 695 757 355 187 400 720 960 117 796 0 372 390 770 889 124 467 79 749 881 414 423 454 823 83 786 
969 688 841 364 34 189 535 467 17 81 774 381 154 594 831 139 817 249 572 851 194 216 920 582 807 708 871 5 579 831 466 783 486 482 52 847 973 509 262 596 610 434 605 19 218 810 823 464 31 523 556 459 378 299 372 0 301 831 272 704 580 605 940 674 335 806 987 999 940 460 
1 923 182 430 77 330 377 542 596 879 934 332 634 433 893 140 346 543 168 494 337 488 627 883 171 386 826 54 785 924 197 309 492 702 835 469 396 248 557 319 390 283 87 98 787 132 392 889 541 791 788 321 175 506 390 301 0 540 912 94 355 328 170 548 806 435 24 450 27 770 
957 485 104 572 404 259 376 571 123 218 328 946 649 242 267 899 233 82 653 297 41 161 277 37 1000 206 544 326 454 117 262 562 446 520 325 529 444 148 117 756 632 262 261 603 814 456 755 327 339 702 727 786 297 1 770 831 540 0 74 374 927 384 219 516 784 220 285 722 217 218 
879 39 510 901 54 335 354 770 875 155 619 982 41 640 14 78 416 82 90 309 322 210 694 749 368 190 294 73 79 503 625 437 950 610 524 739 334 742 119 39 658 267 963 310 907 604 723 494 650 21 117 275 580 932 889 272 912 74 0 503 826 795 74 310 977 409 1 941 419 201 
182 219 120 128 576 623 534 359 545 653 125 499 21 12 231 51 613 695 974 60 86 350 521 410 670 35 518 984 19 719 637 705 119 563 931 530 33 37 933 30 809 462 409 461 630 350 558 676 421 179 943 732 838 829 124 704 94 374 503 0 717 380 643 394 210 413 85 28 30 251 
952 490 920 906 768 61 169 777 779 955 871 256 89 292 886 38 344 502 574 866 990 883 769 654 643 800 600 824 248 52 899 339 205 65 616 724 12 589 320 169 940 445 10 174 404 51 435 554 462 47 722 613 233 47 467 580 355 927 826 717 0 937 380 183 537 19 916 480 174 576 
591 127 174 253 686 757 112 615 896 330 321 429 289 107 965 409 540 336 106 904 660 967 1 531 247 676 887 931 722 885 1000 763 721 715 488 481 727 19 188 112 153 723 879 60 811 648 382 886 822 340 349 350 655 898 79 605 328 384 795 380 937 0 698 626 951 937 486 49 528 962 
478 892 193 552 617 852 503 345 785 222 616 99 874 505 813 72 864 497 389 992 87 507 58 2 517 493 611 447 483 701 221 141 583 335 193 470 952 936 718 957 733 505 414 683 368 689 795 130 760 271 421 148 528 512 749 940 170 219 74 643 380 698 0 619 466 219 942 267 184 79 
802 515 38 123 216 656 562 315 621 642 757 436 359 903 726 143 58 918 565 91 102 663 728 53 143 352 24 673 800 845 226 118 514 611 667 334 490 689 457 280 219 92 895 516 429 527 355 928 438 889 525 706 919 874 881 674 548 516 310 394 183 626 619 0 966 15 222 58 461 325 
893 538 291 743 914 828 69 583 641 127 148 757 696 556 465 597 74 63 500 600 80 345 685 917 769 161 363 773 42 613 375 774 987 78 253 825 230 943 2 194 182 41 426 692 118 132 955 278 438 912 2 733 487 160 414 335 806 784 977 210 537 951 466 966 0 836 465 127 503 955 
91 757 321 511 748 977 376 168 24 111 149 250 778 618 842 795 437 117 168 293 270 418 668 669 545 84 861 335 486 202 579 735 724 693 499 726 232 656 788 597 497 780 228 404 294 136 323 389 362 281 404 52 409 939 423 806 435 220 409 413 19 937 219 15 836 0 702 556 509 533 
406 451 160 480 501 764 182 445 793 138 788 273 720 872 249 621 653 847 497 431 104 593 214 408 515 695 659 784 868 453 943 437 478 460 945 449 669 543 482 174 835 570 720 767 599 155 360 148 188 170 523 393 283 75 454 987 24 285 1 85 916 486 942 222 465 702 0 139 532 310 
498 991 149 518 318 275 8 173 89 667 911 796 289 121 553 36 634 44 370 275 702 950 49 415 856 982 983 864 981 120 585 447 606 470 303 197 201 248 308 567 549 831 64 806 769 144 166 529 711 75 315 912 797 926 823 999 450 722 941 28 480 49 267 58 127 556 139 0 597 708 
806 477 743 902 897 461 230 867 776 178 484 903 800 427 943 901 64 358 764 133 856 740 407 499 877 216 859 304 24 344 348 106 331 742 217 797 965 536 354 169 44 344 432 425 978 697 784 83 871 303 772 485 279 55 83 940 27 217 419 30 174 528 184 461 503 509 532 597 0 221 
194 812 359 881 212 115 891 785 232 212 920 377 718 656 338 547 621 227 82 649 952 662 253 358 278 676 460 627 736 452 328 366 532 299 487 404 858 744 58 334 383 612 974 485 664 856 870 432 262 803 713 650 337 343 786 460 770 218 201 251 576 962 79 325 955 533 310 708 221 0 
0 891 471 9 202 333 481 166 99 820 5 945 558 788 94 770 203 155 310 9 640 487 459 428 805 458 134 756 668 837 55 1000 306 26 565 293 208 523 374 314 750 206 27 774 847 319 677 163 921 198 705 526 413 379 562 417 149 222 249 864 64 536 440 207 503 384 834 808 448 745 
891 0 228 414 400 192 261 64 796 942 798 255 522 118 735 351 820 554 583 885 866 936 842 789 576 957 451 558 472 712 741 746 283 750 819 164 555 25 732 509 950 998 480 809 797 736 157 25 832 991 399 102 150 480 185 717 972 199 397 304 178 682 246 909 762 58 83 427 823 940 
471 228 0 687 988 161 876 703 659 800 44 748 914 960 187 135 926 402 126 831 511 160 572 985 641 925 298 145 633 522 778 147 603 831 142 189 925 606 966 110 54 173 208 759 542 212 90 456 733 668 474 396 30 910 472 872 586 588 976 177 915 626 609 879 301 326 184 53 472 885 
9 414 687 0 970 131 238 477 730 864 892 378 934 389 228 627 370 879 82 211 186 22 496 627 88 888 172 137 15 73 784 410 58 462 954 613 96 762 405 52 715 179 611 788 551 305 958 239 279 78 405 583 495 4 415 565 899 203 63 123 57 423 515 930 556 704 312 25 26 856 
202 400 988 970 0 546 306 59 511 267 562 624 480 277 141 299 787 558 148 803 85 942 197 449 741 23 311 494 603 694 824 367 105 289 858 848 34 940 811 105 466 656 826 128 379 298 841 356 724 742 424 667 577 845 296 122 459 800 843 466 86 481 572 136 518 98 894 325 140 219 
333 192 161 131 546 0 208 994 996 620 348 812 41 412 864 588 684 701 695 77 568 143 602 753 552 627 779 113 919 23 924 527 889 927 354 189 765 472 205 974 824 9 338 656 242 28 781 436 644 345 448 299 721 711 569 105 770 115 667 429 900 164 273 94 61 88 127 996 705 370 
481 261 876 238 306 208 0 640 291 30 688 16 391 330 274 769 956 727 419 395 471 262 73 813 378 992 300 298 269 672 975 291 824 513 189 876 518 593 93 223 765 952 721 341 34 140 134 623 58 563 483 385 483 298 244 15 915 169 211 75 426 822 131 535 46 738 988 594 109 444 
166 64 703 477 59 994 640 0 997 148 116 435 873 194 899 332 478 580 631 346 480 510 492 584 340 976 151 370 70 257 674 91 690 666 531 600 999 183 307 555 923 857 34 342 205 712 962 172 235 723 953 807 383 322 549 948 855 6 549 433 884 35 222 931 607 119 268 748 502 104 
99 796 659 730 511 996 291 997 0 683 387 468 626 293 395 908 494 572 479 247 813 939 509 430 669 784 380 34 36 354 332 116 826 302 986 705 18 426 277 863 30 322 458 543 643 141 172 73 334 750 927 377 977 756 539 973 542 269 171 785 632 256 321 752 982 904 824 715 498 634 
820 942 800 864 267 620 30 148 683 0 475 38 264 746 961 561 690 348 292 285 495 978 58 77 658 761 877 706 858 718 530 180 824 508 139 536 387 420 45 405 716 414 796 321 238 697 330 529 206 866 808 588 109 536 459 56 624 592 429 609 187 930 5 358 890 160 373 580 328 934 
5 798 44 892 562 348 688 116 387 475 0 149 758 291 976 578 236 639 681 635 970 137 244 76 611 204 849 850 733 522 693 787 984 205 527 254 616 482 626 553 23 355 995 702 181 911 830 334 773 652 897 164 642 909 836 478 334 802 665 203 13 872 951 807 452 567 236 994 415 705 
945 255 748 378 624 812 16 435 468 38 149 0 50 751 857 363 454 668 904 819 667 96 923 618 798 777 424 106 957 220 980 724 742 613 203 1 289 74 368 102 213 846 630 442 271 56 967 828 854 641 69 762 275 871 841 149 272 901 566 400 147 708 736 481 31 607 90 903 494 729 
558 522 914 934 480 41 391 873 626 264 758 50 0 129 275 475 105 762 326 217 271 440 320 513 992 176 701 713 108 573 962 449 546 683 225 922 710 77 468 492 202 53 730 19 486 89 958 178 963 730 146 138 766 42 572 909 516 514 765 853 671 651 483 78 830 125 904 100 219 742 
788 118 960 389 277 412 330 194 293 746 291 751 129 0 308 803 800 782 369 277 825 86 709 697 428 180 800 508 411 686 441 210 768 567 818 554 399 270 840 240 297 794 503 565 28 232 632 966 348 105 643 588 26 183 489 453 374 837 735 558 619 952 861 653 959 60 451 231 287 428 
94 735 187 228 141 864 274 899 395 961 976 857 275 308 0 84 784 90 939 309 241 840 468 825 798 603 167 871 731 91 113 836 618 530 153 33 953 684 352 19 872 724 826 307 675 473 494 53 230 18 478 663 563 843 518 404 963 613 38 642 361 748 259 336 950 465 525 835 836 333 
770 351 135 627 299 588 769 332 908 561 578 363 475 803 84 0 703 714 630 738 583 121 535 666 705 184 206 1 644 243 458 430 651 342 684 658 344 458 567 268 557 294 155 885 916 445 202 412 466 619 217 815 342 8 293 231 208 693 138 470 551 433 203 648 184 114 386 181 554 201 
203 820 926 370 787 684 956 478 494 690 236 454 105 800 784 703 0 29 135 126 446 833 668 702 620 736 673 936 721 526 271 766 677 527 408 776 483 824 755 608 388 486 780 189 629 805 857 609 238 787 19 476 15 533 203 720 537 830 682 636 118 3 200 847 6 727 504 132 372 533 
155 554 402 879 558 701 727 580 572 348 639 668 762 782 90 714 29 0 575 422 338 787 164 614 305 542 285 868 345 135 694 326 534 899 452 27 572 38 390 327 337 29 668 697 646 781 792 127 651 651 8 197 836 703 198 983 124 319 386 55 151 767 764 503 45 593 247 639 888 796 
310 583 126 82 148 695 419 631 479 292 681 904 326 369 939 630 135 575 0 571 433 840 265 568 596 652 600 479 592 918 886 57 49 451 510 455 157 172 860 50 9 676 333 150 628 111 926 249 733 538 785 891 447 472 604 664 775 949 320 670 776 167 626 354 239 176 537 236 282 182 
9 885 831 211 803 77 395 346 247 285 635 819 217 277 309 738 126 422 571 0 594 438 23 766 760 530 558 26 119 322 39 857 806 901 387 515 853 763 836 964 189 294 296 511 719 497 253 243 831 376 385 964 138 142 794 148 371 253 588 162 578 554 722 299 657 43 988 111 883 205 
640 866 511 186 85 568 471 480 813 495 970 667 271 825 241 583 446 338 433 594 0 407 688 469 325 942 393 705 915 686 785 338 933 117 788 477 839 189 638 789 158 262 798 436 944 426 299 767 610 794 583 719 726 754 123 383 670 526 388 836 958 339 923 792 794 805 370 430 745 482 
487 936 160 22 942 143 262 510 939 978 137 96 440 86 840 121 833 787 840 438 407 0 187 709 895 773 798 885 586 280 216 585 440 253 66 836 691 597 182 113 139 433 391 160 470 780 241 453 319 775 959 990 916 999 830 838 231 458 785 43 877 160 13 704 15 873 939 348 334 803 
459 842 572 496 197 602 73 492 509 58 244 923 320 709 468 535 668 164 265 23 688 187 0 464 766 427 108 368 333 292 879 584 606 819 628 665 411 348 638 446 419 246 912 212 898 862 412 728 890 965 708 477 229 641 101 59 85 432 346 183 533 747 175 773 921 188 349 353 264 232 
428 789 985 627 449 753 813 584 430 77 76 618 513 697 825 666 702 614 568 766 469 709 464 0 189 784 547 919 546 97 945 799 41 788 504 208 915 140 461 209 85 929 420 836 525 927 475 143 36 496 392 454 405 776 752 229 221 64 967 675 760 726 281 883 912 666 10 223 156 769 
805 576 641 88 741 552 378 340 669 658 611 798 992 428 798 705 620 305 596 760 325 895 766 189 0 394 51 565 836 868 989 26 390 191 554 269 196 918 31 736 1 107 957 848 625 61 684 339 511 298 315 895 555 39 713 317 438 428 492 19 722 50 380 669 148 389 630 842 741 791 
458 957 925 888 23 627 992 976 784 761 204 777 176 180 603 184 736 542 652 530 942 773 427 784 394 0 246 703 547 577 744 559 37 667 572 500 116 149 736 451 367 797 81 361 222 37 997 872 660 177 825 551 581 396 220 159 562 697 421 446 680 667 514 622 18 811 717 333 124 825 
134 451 298 172 311 779 300 151 380 877 849 424 701 800 167 206 673 285 600 558 393 798 108 547 51 246 0 507 157 75 378 389 318 607 895 597 187 311 554 315 906 765 738 787 773 733 37 992 729 111 88 20 579 861 927 199 397 217 183 930 706 360 463 850 777 636 949 479 633 1 
756 558 145 137 494 113 298 370 34 706 850 106 713 508 871 1 936 868 479 26 705 885 368 919 565 703 507 0 845 608 976 18 939 869 824 88 746 71 675 505 35 555 25 195 461 833 74 260 395 646 694 106 392 633 71 985 345 888 120 141 935 30 841 698 777 7 683 571 550 495 
668 472 633 15 603 919 269 70 36 858 733 957 108 411 731 644 721 345 592 119 915 586 333 546 836 547 157 845 0 261 796 275 903 790 109 396 389 401 559 459 631 843 47 839 591 799 474 366 655 373 502 461 811 126 586 76 360 998 854 850 855 33 596 757 388 747 862 772 339 440 
837 712 522 73 694 23 672 257 354 718 522 220 573 686 91 243 526 135 918 322 686 280 292 97 868 577 75 608 261 0 840 456 789 283 975 573 164 758 657 363 695 561 978 171 105 543 272 928 998 320 365 535 119 659 557 452 394 659 454 264 351 579 61 88 609 358 118 575 935 490 
55 741 778 784 824 924 975 674 332 530 693 980 962 441 113 458 271 694 886 39 785 216 879 945 989 744 378 976 796 840 0 650 516 284 381 209 928 387 521 468 904 392 424 454 650 767 364 839 559 735 940 689 600 601 594 351 748 736 153 585 310 698 73 230 442 935 886 379 329 660 
1000 746 147 410 367 527 291 91 116 180 787 724 449 210 836 430 766 326 57 857 338 585 584 799 26 559 389 18 275 456 650 0 553 571 470 661 139 90 899 628 645 832 381 955 369 26 425 178 634 908 244 211 728 976 820 765 331 906 305 808 539 872 960 120 740 664 794 135 876 756 
306 283 603 58 105 889 824 690 826 824 984 742 546 768 618 651 677 534 49 806 933 440 606 41 390 37 318 939 903 789 516 553 0 984 948 668 272 917 483 676 551 268 259 316 961 807 285 914 339 878 790 42 884 130 862 514 430 681 939 728 356 483 988 239 944 793 523 487 288 611 
26 750 831 462 289 927 513 666 302 508 205 613 683 567 530 342 527 899 451 901 117 253 819 788 191 667 607 869 790 283 284 571 984 0 113 778 842 621 891 592 634 565 137 99 320 979 490 693 336 971 205 743 950 674 258 742 175 597 386 838 123 378 390 331 959 873 180 376 921 131 
565 819 142 954 858 354 189 531 986 139 527 203 225 818 153 684 408 452 510 387 788 66 628 504 554 572 895 824 109 975 381 470 948 113 0 995 470 645 978 754 811 278 74 376 455 160 351 899 900 803 601 188 858 606 774 564 557 328 578 195 838 785 619 350 589 854 782 56 314 281 
293 164 189 613 848 189 876 600 705 536 254 1 922 554 33 658 776 27 455 515 477 836 665 208 269 500 597 88 396 573 209 661 668 778 995 0 421 506 538 162 379 731 19 587 278 34 755 763 853 903 823 710 137 836 926 489 566 921 22 89 866 747 465 871 86 533 118 810 599 329 
208 555 925 96 34 765 518 999 18 387 616 289 710 399 953 344 483 572 157 853 839 691 411 915 196 116 187 746 389 164 928 139 272 842 470 421 0 973 626 292 906 864 561 594 945 601 667 652 199 915 549 868 921 683 394 700 623 594 631 510 651 920 38 865 606 119 700 698 206 666 
523 25 606 762 940 472 593 183 426 420 482 74 77 270 684 458 824 38 172 763 189 597 348 140 918 149 311 71 401 758 387 90 917 621 645 506 973 0 754 405 940 692 476 809 421 688 431 61 410 802 102 463 279 699 973 297 104 702 34 184 87 81 779 340 827 732 47 77 586 289 
374 732 966 405 811 205 93 307 277 45 626 368 468 840 352 567 755 390 860 836 638 182 638 461 31 736 554 675 559 657 521 899 483 891 978 538 626 754 0 742 456 248 912 553 520 30 375 486 737 792 124 128 216 807 452 190 969 202 745 659 281 918 603 145 687 696 253 428 496 502 
314 509 110 52 105 974 223 555 863 405 553 102 492 240 19 268 608 327 50 964 789 113 446 209 736 451 315 505 459 363 468 628 676 592 754 162 292 405 742 0 640 779 495 189 637 500 98 809 67 707 878 158 416 83 293 890 619 301 537 214 191 533 779 371 202 254 163 698 690 862 
750 950 54 715 466 824 765 923 30 716 23 213 202 297 872 557 388 337 9 189 158 139 419 85 1 367 906 35 631 695 904 645 551 634 811 379 906 940 456 640 0 675 471 960 462 989 989 343 710 816 498 413 262 826 809 93 306 458 956 879 865 262 975 726 293 758 468 879 360 936 
206 998 173 179 656 9 952 857 322 414 355 846 53 794 724 294 486 29 676 294 262 433 246 929 107 797 765 555 843 561 392 832 268 565 278 731 864 692 248 779 675 0 529 39 374 356 847 26 897 718 677 793 931 628 754 20 1000 860 963 669 836 479 609 24 181 53 525 175 507 5 
27 480 208 611 826 338 721 34 458 796 995 630 730 503 826 155 780 668 333 296 798 391 912 420 957 81 738 25 47 978 424 381 259 137 74 19 561 476 912 495 471 529 0 531 826 682 965 114 717 332 801 956 164 224 217 428 644 302 835 519 166 52 664 838 911 744 297 41 983 541 
774 809 759 788 128 656 341 342 543 321 702 442 19 565 307 885 189 697 150 511 436 160 212 836 848 361 787 195 839 171 454 955 316 99 376 587 594 809 553 189 960 39 531 0 745 223 40 766 500 907 681 119 237 29 40 889 282 433 490 722 938 309 334 402 22 785 151 328 266 776 
847 797 542 551 379 242 34 205 643 238 181 271 486 28 675 916 629 646 628 719 944 470 898 525 625 222 773 461 591 105 650 369 961 320 455 278 945 421 520 637 462 374 826 745 0 854 802 162 205 539 755 52 119 66 491 653 750 896 607 250 423 627 555 277 315 573 7 938 919 159 
319 736 212 305 298 28 140 712 141 697 911 56 89 232 473 445 805 781 111 497 426 780 862 927 61 37 733 833 799 543 767 26 807 979 160 34 601 688 30 500 989 356 682 223 854 0 916 942 614 982 502 892 61 886 195 972 727 578 116 588 569 480 92 434 388 646 306 714 958 221 
677 157 90 958 841 781 134 962 172 330 830 967 958 632 494 202 857 792 926 253 299 241 412 475 684 997 37 74 474 272 364 425 285 490 351 755 667 431 375 98 989 847 965 40 802 916 0 646 667 116 530 808 894 726 171 315 444 938 712 460 984 563 925 147 99 686 629 610 918 913 
163 25 456 239 356 436 623 172 73 529 334 828 178 966 53 412 609 127 249 243 767 453 728 143 339 872 992 260 366 928 839 178 914 693 899 763 652 61 486 809 343 26 114 766 162 942 646 0 352 640 56 857 573 679 221 644 540 772 430 847 541 40 255 129 888 168 695 184 120 324 
921 832 733 279 724 644 58 235 334 206 773 854 963 348 230 466 238 651 733 831 610 319 890 36 511 660 729 395 655 998 559 634 339 336 900 853 199 410 737 67 710 897 717 500 205 614 667 352 0 393 572 860 91 887 960 391 962 760 681 164 45 189 984 139 635 599 715 624 556 980 
198 991 668 78 742 345 563 723 750 866 652 641 730 105 18 619 787 651 538 376 794 775 965 496 298 177 111 646 373 320 735 908 878 971 803 903 915 802 792 707 816 718 332 907 539 982 116 640 393 0 17 659 302 484 652 666 453 705 475 444 214 271 212 978 89 252 211 250 42 676 
705 399 474 405 424 448 483 953 927 808 897 69 146 643 478 217 19 8 785 385 583 959 708 392 315 825 88 694 502 365 940 244 790 205 601 823 549 102 124 878 498 677 801 681 755 502 530 56 572 17 0 234 285 87 996 713 528 546 260 464 411 619 415 398 277 676 576 130 20 104 
526 102 396 583 667 299 385 807 377 588 164 762 138 588 663 815 476 197 891 964 719 990 477 454 895 551 20 106 461 535 689 211 42 743 188 710 868 463 128 158 413 793 956 119 52 892 808 857 860 659 234 0 921 283 355 79 336 587 236 23 976 372 471 840 467 206 150 29 787 297 
413 150 30 495 577 721 483 383 977 109 642 275 766 26 563 342 15 836 447 138 726 916 229 405 555 581 579 392 811 119 600 728 884 950 858 137 921 279 216 416 262 931 164 237 119 61 894 573 91 302 285 921 0 403 23 297 203 469 23 290 266 297 711 814 293 909 330 357 819 991 
379 480 910 4 845 711 298 322 756 536 909 871 42 183 843 8 533 703 472 142 754 999 641 776 39 396 861 633 126 659 601 976 130 674 606 836 683 699 807 83 826 628 224 29 66 886 726 679 887 484 87 283 403 0 514 380 397 39 106 174 356 614 726 36 936 865 9 340 429 616 
562 185 472 415 296 569 244 549 539 459 836 841 572 489 518 293 203 198 604 794 123 830 101 752 713 220 927 71 586 557 594 820 862 258 774 926 394 973 452 293 809 754 217 40 491 195 171 221 960 652 996 355 23 514 0 700 900 926 114 30 248 198 425 191 880 513 251 311 505 604 
417 717 872 565 122 105 15 948 973 56 478 149 909 453 404 231 720 983 664 148 383 838 59 229 317 159 199 985 76 452 351 765 514 742 564 489 700 297 190 890 93 20 428 889 653 972 315 644 391 666 713 79 297 380 700 0 884 601 877 249 269 763 701 790 970 497 637 204 557 378 
149 972 586 899 459 770 915 855 542 624 334 272 516 374 963 208 537 124 775 371 670 231 85 221 438 562 397 345 360 394 748 331 430 175 557 566 623 104 969 619 306 1000 644 282 750 727 444 540 962 453 528 336 203 397 900 884 0 846 287 353 436 817 128 525 880 951 880 480 910 617 
222 199 588 203 800 115 169 6 269 592 802 901 514 837 613 693 830 319 949 253 526 458 432 64 428 697 217 888 998 659 736 906 681 597 328 921 594 702 202 301 458 860 302 433 896 578 938 772 760 705 546 587 469 39 926 601 846 0 539 942 605 723 605 691 878 415 780 819 915 783 
249 397 976 63 843 667 211 549 171 429 665 566 765 735 38 138 682 386 320 588 388 785 346 967 492 421 183 120 854 454 153 305 939 386 578 22 631 34 745 537 956 963 835 490 607 116 712 430 681 475 260 236 23 106 114 877 287 539 0 606 629 789 633 593 475 983 88 510 559 643 
864 304 177 123 466 429 75 433 785 609 203 400 853 558 642 470 636 55 670 162 836 43 183 675 19 446 930 141 850 264 585 808 728 838 195 89 510 184 659 214 879 669 519 722 250 588 460 847 164 444 464 23 290 174 30 249 353 942 606 0 895 797 521 596 300 944 71 164 292 199 
64 178 915 57 86 900 426 884 632 187 13 147 671 619 361 551 118 151 776 578 958 877 533 760 722 680 706 935 855 351 310 539 356 123 838 866 651 87 281 191 865 836 166 938 423 569 984 541 45 214 411 976 266 356 248 269 436 605 629 895 0 198 598 950 95 480 285 373 764 403 
536 682 626 423 481 164 822 35 256 930 872 708 651 952 748 433 3 767 167 554 339 160 747 726 50 667 360 30 33 579 698 872 483 378 785 747 920 81 918 533 262 479 52 309 627 480 563 40 189 271 619 372 297 614 198 763 817 723 789 797 198 0 647 455 123 805 74 388 14 528 
440 246 609 515 572 273 131 222 321 5 951 736 483 861 259 203 200 764 626 722 923 13 175 281 380 514 463 841 596 61 73 960 988 390 619 465 38 779 603 779 975 609 664 334 555 92 925 255 984 212 415 471 711 726 425 701 128 605 633 521 598 647 0 734 274 894 27 666 277 57 
207 909 879 930 136 94 535 931 752 358 807 481 78 653 336 648 847 503 354 299 792 704 773 883 669 622 850 698 757 88 230 120 239 331 350 871 865 340 145 371 726 24 838 402 277 434 147 129 139 978 398 840 814 36 191 790 525 691 593 596 950 455 734 0 65 115 526 506 319 850 
503 762 301 556 518 61 46 607 982 890 452 31 830 959 950 184 6 45 239 657 794 15 921 912 148 18 777 777 388 609 442 740 944 959 589 86 606 827 687 202 293 181 911 22 315 388 99 888 635 89 277 467 293 936 880 970 880 878 475 300 95 123 274 65 0 535 522 23 617 21 
384 58 326 704 98 88 738 119 904 160 567 607 125 60 465 114 727 593 176 43 805 873 188 666 389 811 636 7 747 358 935 664 793 873 854 533 119 732 696 254 758 53 744 785 573 646 686 168 599 252 676 206 909 865 513 497 951 415 983 944 480 805 894 115 535 0 126 929 892 86 
834 83 184 312 894 127 988 268 824 373 236 90 904 451 525 386 504 247 537 988 370 939 349 10 630 717 949 683 862 118 886 794 523 180 782 118 700 47 253 163 468 525 297 151 7 306 629 695 715 211 576 150 330 9 251 637 880 780 88 71 285 74 27 526 522 126 0 459 855 218 
808 427 53 25 325 996 594 748 715 580 994 903 100 231 835 181 132 639 236 111 430 348 353 223 842 333 479 571 772 575 379 135 487 376 56 810 698 77 428 698 879 175 41 328 938 714 610 184 624 250 130 29 357 340 311 204 480 819 510 164 373 388 666 506 23 929 459 0 105 493 
448 823 472 26 140 705 109 502 498 328 415 494 219 287 836 554 372 888 282 883 745 334 264 156 741 124 633 550 339 935 329 876 288 921 314 599 206 586 496 690 360 507 983 266 919 958 918 120 556 42 20 787 819 429 505 557 910 915 559 292 764 14 277 319 617 892 855 105 0 327 
745 940 885 856 219 370 444 104 634 934 705 729 742 428 333 201 533 796 182 205 482 803 232 769 791 825 1 495 440 490 660 756 611 131 281 329 666 289 502 862 936 5 541 776 159 221 913 324 980 676 104 297 991 616 604 378 617 783 643 199 403 528 57 850 21 86 218 493 327 0 
0 947 887 548 81 934 640 360 171 748 754 97 419 79 841 103 151 993 61 559 566 498 917 153 717 554 332 999 968 66 617 503 457 188 268 221 608 415 758 226 951 509 222 156 58 465 746 87 104 672 134 500 518 439 892 937 192 812 130 425 697 354 610 537 963 38 757 170 531 775 
947 0 705 479 846 36 12 461 526 382 78 843 520 859 21 389 943 527 151 601 460 925 471 493 142 78 178 434 340 728 517 843 161 649 859 273 966 792 378 999 663 207 871 444 431 3 470 494 193 499 158 212 954 466 145 750 302 305 752 517 928 306 464 712 379 155 884 722 885 722 
887 705 0 509 3 337 485 98 181 810 52 286 496 234 635 976 232 146 369 625 524 862 152 694 293 795 402 738 818 118 722 80 606 664 52 777 95 826 850 302 277 502 980 508 643 373 884 478 82 823 943 468 891 38 769 761 208 243 831 759 496 720 955 858 977 808 664 171 267 316 
548 479 509 0 561 969 279 352 591 881 960 910 816 622 354 776 133 60 732 311 695 857 314 742 900 421 197 62 305 848 648 511 126 810 303 422 772 651 132 942 128 274 405 111 15 218 828 844 705 239 607 342 660 711 526 338 524 305 410 377 668 296 20 190 429 679 517 817 183 26 
81 846 3 561 0 704 203 837 407 951 715 741 115 823 462 346 67 788 467 38 869 669 216 548 807 95 59 969 312 947 470 719 721 892 143 378 777 41 904 591 122 283 969 537 680 208 983 809 768 35 762 182 566 718 495 909 689 825 880 727 300 822 808 392 788 744 700 940 310 461 
934 36 337 969 704 0 227 166 754 233 149 445 625 680 491 755 797 936 340 636 151 625 655 694 967 492 43 320 357 807 232 668 369 40 701 283 217 608 242 455 102 258 787 993 704 575 802 804 835 63 628 502 961 436 999 583 771 251 243 700 670 88 171 841 277 641 167 220 427 544 
640 12 485 279 203 227 0 673 559 36 359 733 276 310 88 291 933 869 115 764 420 206 470 403 579 489 929 846 62 376 990 466 579 30 190 249 302 400 174 664 803 300 89 102 210 673 159 395 897 935 539 10 475 290 75 341 802 366 373 713 456 671 15 890 993 571 155 1 76 853 
