20 4
0 73 210 990 346 883 441 81 758 547 110 911 96 831 147 156 657 379 607 8 
73 0 245 902 607 625 111 746 545 255 126 193 361 69 495 536 476 926 327 623 
210 245 0 345 317 755 754 797 116 905 285 434 668 903 169 415 596 14 921 857 
990 902 345 0 508 414 815 319 615 790 544 842 752 683 886 486 60 169 860 92 
346 607 317 508 0 394 408 518 558 747 405 828 197 14 858 997 336 749 501 812 
883 625 755 414 394 0 325 896 948 698 51 659 972 67 780 706 800 631 886 680 
441 111 754 815 408 325 0 671 724 543 363 459 706 300 275 388 362 572 668 536 
81 746 797 319 518 896 671 0 491 386 397 893 558 709 615 713 235 152 702 204 
758 545 116 615 558 948 724 491 0 254 848 53 934 706 1 624 555 952 447 235 
547 255 905 790 747 698 543 386 254 0 369 764 292 906 285 22 239 945 805 840 
110 126 285 544 405 51 363 397 848 369 0 617 948 150 329 816 71 395 934 374 
911 193 434 842 828 659 459 893 53 764 617 0 981 433 352 61 594 248 399 782 
96 361 668 752 197 972 706 558 934 292 948 981 0 57 750 85 602 578 84 469 
831 69 903 683 14 67 300 709 706 906 150 433 57 0 282 614 276 719 743 741 
147 495 169 886 858 780 275 615 1 285 329 352 750 282 0 706 682 906 712 423 
156 536 415 486 997 706 388 713 624 22 816 61 85 614 706 0 456 454 584 899 
657 476 596 60 336 800 362 235 555 239 71 594 602 276 682 456 0 924 193 249 
379 926 14 169 749 631 572 152 952 945 395 248 578 719 906 454 924 0 512 359 
607 327 921 860 501 886 668 702 447 805 934 399 84 743 712 584 193 512 0 80 
8 623 857 92 812 680 536 204 235 840 374 782 469 741 423 899 249 359 80 0 
0 180 796 162 469 826 733 699 891 372 48 560 49 227 438 124 45 929 757 141 
180 0 321 218 664 889 902 82 116 729 242 770 753 6 329 363 737 755 342 173 
796 321 0 967 246 346 977 176 351 715 151 179 173 752 272 704 40 315 341 962 
162 218 967 0 792 457 89 139 538 132 593 154 482 470 313 957 337 741 291 450 
469 664 246 792 0 997 757 268 273 255 917 931 822 133 6 28 275 44 542 751 
826 889 346 457 997 0 11 416 604 217 289 901 917 80 123 144 254 846 340 314 
733 902 977 89 757 11 0 663 553 668 835 348 695 531 224 283 160 477 568 129 
699 82 176 139 268 416 663 0 583 131 641 710 907 34 787 402 814 715 511 810 
891 116 351 538 273 604 553 583 0 403 354 978 176 594 525 36 172 931 255 14 
372 729 715 132 255 217 668 131 403 0 325 932 1000 998 776 44 544 831 644 673 
48 242 151 593 917 289 835 641 354 325 0 749 954 901 695 106 210 832 88 629 
560 770 179 154 931 901 348 710 978 932 749 0 248 574 217 694 392 462 153 143 
49 753 173 482 822 917 695 907 176 1000 954 248 0 680 385 366 929 771 2 11 
227 6 752 470 133 80 531 34 594 998 901 574 680 0 269 447 614 698 948 915 
438 329 272 313 6 123 224 787 525 776 695 217 385 269 0 485 775 893 944 510 
124 363 704 957 28 144 283 402 36 44 106 694 366 447 485 0 91 609 812 834 
45 737 40 337 275 254 160 814 172 544 210 392 929 614 775 91 0 1000 905 795 
929 755 315 741 44 846 477 715 931 831 832 462 771 698 893 609 1000 0 877 448 
757 342 341 291 542 340 568 511 255 644 88 153 2 948 944 812 905 877 0 953 
141 173 962 450 751 314 129 810 14 673 629 143 11 915 510 834 795 448 953 0 
0 947 282 568 610 366 696 173 35 819 692 373 881 642 306 422 873 328 410 456 
947 0 746 807 391 165 185 515 597 347 521 452 325 806 320 277 68 423 445 786 
282 746 0 63 931 25 550 589 823 152 788 682 589 204 243 384 610 781 837 207 
568 807 63 0 335 494 535 415 908 75 144 408 78 813 978 254 572 106 834 10 
610 391 931 335 0 192 826 430 661 703 570 174 220 920 840 901 409 354 396 60 
366 165 25 494 192 0 998 581 131 914 839 860 287 860 966 907 259 33 965 630 
696 185 550 535 826 998 0 110 327 521 360 557 755 927 504 721 598 323 877 527 
173 515 589 415 430 581 110 0 370 992 502 401 651 480 139 652 431 217 587 548 
35 597 823 908 661 131 327 370 0 925 259 94 269 334 603 781 758 6 689 436 
819 347 152 75 703 914 521 992 925 0 459 189 271 49 142 464 186 307 373 447 
692 521 788 144 570 839 360 502 259 459 0 334 209 51 316 235 682 678 731 470 
373 452 682 408 174 860 557 401 94 189 334 0 606 19 713 514 586 843 643 716 
881 325 589 78 220 287 755 651 269 271 209 606 0 648 298 105 791 226 947 999 
642 806 204 813 920 860 927 480 334 49 51 19 648 0 858 465 63 44 441 490 
306 320 243 978 840 966 504 139 603 142 316 713 298 858 0 719 337 73 88 490 
422 277 384 254 901 907 721 652 781 464 235 514 105 465 719 0 423 878 614 11 
873 68 610 572 409 259 598 431 758 186 682 586 791 63 337 423 0 211 458 591 
328 423 781 106 354 33 323 217 6 307 678 843 226 44 73 878 211 0 106 72 
410 445 837 834 396 965 877 587 689 373 731 643 947 441 88 614 458 106 0 247 
456 786 207 10 60 630 527 548 436 447 470 716 999 490 490 11 591 72 247 0 
0 875 849 557 868 235 818 758 189 450 867 662 934 958 913 523 754 58 615 696 
875 0 894 713 885 911 253 741 389 185 849 53 416 926 463 315 296 320 960 113 
849 894 0 606 496 834 526 752 42 583 751 403 904 47 419 573 488 471 393 610 
557 713 606 0 931 628 327 679 452 439 611 556 99 726 259 375 852 636 294 304 
868 885 496 931 0 526 216 662 412 978 705 336 170 637 382 883 317 426 183 647 
235 911 834 628 526 0 920 595 275 437 820 403 16 959 798 759 380 347 369 520 
818 253 526 327 216 920 0 37 842 669 451 119 215 86 137 533 708 896 474 830 
758 741 752 679 662 595 37 0 673 662 260 594 251 836 246 354 434 604 422 611 
189 389 42 452 412 275 842 673 0 159 481 214 582 765 396 950 57 591 316 981 
450 185 583 439 978 437 669 662 159 0 580 190 310 230 919 278 644 94 857 468 
867 849 751 611 705 820 451 260 481 580 0 849 312 255 211 561 776 233 879 546 
662 53 403 556 336 403 119 594 214 190 849 0 754 7 851 510 822 870 925 919 
934 416 904 99 170 16 215 251 582 310 312 754 0 156 397 752 192 706 808 506 
958 926 47 726 637 959 86 836 765 230 255 7 156 0 434 887 243 171 280 196 
913 463 419 259 382 798 137 246 396 919 211 851 397 434 0 358 421 32 253 594 
523 315 573 375 883 759 533 354 950 278 561 510 752 887 358 0 970 766 934 307 
754 296 488 852 317 380 708 434 57 644 776 822 192 243 421 970 0 300 158 291 
58 320 471 636 426 347 896 604 591 94 233 870 706 171 32 766 300 0 61 506 
615 960 393 294 183 369 474 422 316 857 879 925 808 280 253 934 158 61 0 621 
696 113 610 304 647 520 830 611 981 468 546 919 506 196 594 307 291 506 621 0 
0 831 448 857 1 106 48 60 101 850 987 953 938 799 441 315 782 76 362 697 
831 0 605 933 638 272 665 982 460 383 165 261 437 492 288 297 45 208 181 812 
448 605 0 498 520 117 225 923 575 312 562 701 824 514 403 29 828 560 101 253 
857 933 498 0 455 593 714 382 894 895 341 524 986 516 937 312 553 324 181 432 
1 638 520 455 0 340 311 676 781 706 387 92 88 897 464 420 319 807 107 190 
106 272 117 593 340 0 998 664 551 474 896 888 297 501 662 918 895 26 997 956 
48 665 225 714 311 998 0 345 571 802 415 262 93 336 917 936 931 514 156 126 
60 982 923 382 676 664 345 0 100 940 165 678 93 925 275 60 176 267 666 456 
101 460 575 894 781 551 571 100 0 882 640 202 557 628 358 550 969 139 966 988 
850 383 312 895 706 474 802 940 882 0 935 592 151 71 433 874 197 146 587 22 
987 165 562 341 387 896 415 165 640 935 0 457 451 245 268 421 690 85 981 723 
953 261 701 524 92 888 262 678 202 592 457 0 759 138 946 175 156 864 911 597 
938 437 824 986 88 297 93 93 557 151 451 759 0 429 565 440 420 279 973 692 
799 492 514 516 897 501 336 925 628 71 245 138 429 0 777 47 697 448 244 689 
441 288 403 937 464 662 917 275 358 433 268 946 565 777 0 906 410 498 362 237 
315 297 29 312 420 918 936 60 550 874 421 175 440 47 906 0 848 382 459 371 
782 45 828 553 319 895 931 176 969 197 690 156 420 697 410 848 0 164 251 567 
76 208 560 324 807 26 514 267 139 146 85 864 279 448 498 382 164 0 332 378 
362 181 101 181 107 997 156 666 966 587 981 911 973 244 362 459 251 332 0 513 
697 812 253 432 190 956 126 456 988 22 723 597 692 689 237 371 567 378 513 0 
