30 3
0 822 902 999 754 569 790 323 197 326 706 456 668 249 214 79 623 689 60 661 914 582 430 856 241 434 307 866 498 617 
822 0 345 685 815 468 747 535 972 705 388 607 702 359 397 964 179 197 237 348 703 16 972 439 187 895 705 355 792 258 
902 345 0 86 408 515 698 906 706 434 713 322 447 80 356 308 729 472 791 515 864 191 971 957 261 792 375 899 20 349 
999 685 86 0 325 315 543 143 558 265 624 764 805 399 731 222 710 709 927 507 789 245 647 803 124 890 711 786 886 126 
754 815 408 325 0 810 386 992 934 707 22 379 934 825 403 783 796 73 799 536 839 952 446 953 487 520 558 556 613 213 
569 468 515 315 810 0 254 138 292 147 816 926 399 190 775 749 952 491 71 961 726 683 881 170 606 528 136 8 373 636 
790 747 698 543 386 254 0 911 948 495 61 14 84 432 189 500 483 717 957 443 245 442 803 301 466 363 957 887 221 460 
323 535 906 143 992 138 911 0 981 169 85 169 743 896 502 84 970 762 55 856 510 967 200 184 647 451 316 410 771 760 
197 972 706 558 934 292 948 981 0 886 614 749 712 417 302 152 26 389 860 780 296 360 85 24 242 760 707 518 104 574 
326 705 434 265 707 147 495 169 886 0 706 631 584 994 990 229 769 245 303 773 402 618 897 480 740 168 626 528 90 723 
706 388 713 624 22 816 61 85 614 706 0 572 193 331 440 990 447 976 988 770 677 21 910 283 84 256 386 71 735 812 
456 607 322 764 379 926 14 169 749 631 572 0 512 849 747 403 751 956 611 175 173 733 828 763 559 964 8 127 369 390 
668 702 447 805 934 399 84 743 712 584 193 512 0 458 14 818 49 441 379 938 567 445 247 666 687 886 658 74 833 904 
249 359 80 399 825 190 432 896 417 994 331 849 458 0 69 604 116 101 132 318 581 757 901 643 943 284 998 24 494 452 
214 397 356 731 403 775 189 502 302 990 440 747 14 69 0 977 303 899 364 306 314 527 279 862 269 135 472 857 376 399 
79 964 308 222 783 749 500 84 152 229 990 403 818 604 977 0 366 431 595 755 526 240 963 569 690 900 273 147 45 937 
623 179 729 710 796 952 483 970 26 769 447 751 49 116 303 366 0 880 87 109 904 280 262 930 757 827 580 545 134 762 
689 197 472 709 73 491 717 762 389 245 976 956 441 101 899 431 880 0 102 7 672 449 248 680 413 363 34 831 165 788 
60 237 791 927 799 71 957 55 860 303 988 611 379 132 364 595 87 102 0 469 42 860 180 395 340 594 136 93 462 399 
661 348 515 507 536 961 443 856 780 773 770 175 938 318 306 755 109 7 469 0 833 241 639 494 488 404 690 393 214 800 
914 703 864 789 839 726 245 510 296 402 677 173 567 581 314 526 904 672 42 833 0 498 54 895 731 676 405 114 312 177 
582 16 191 245 952 683 442 967 360 618 21 733 445 757 527 240 280 449 860 241 498 0 438 525 37 410 315 82 909 197 
430 972 971 647 446 881 803 200 85 897 910 828 247 901 279 963 262 248 180 639 54 438 0 943 937 237 903 841 598 327 
856 439 957 803 953 170 301 184 24 480 283 763 666 643 862 569 930 680 395 494 895 525 943 0 328 358 999 192 404 216 
241 187 261 124 487 606 466 647 242 740 84 559 687 943 269 690 757 413 340 488 731 37 937 328 0 519 975 336 146 173 
434 895 792 890 520 528 363 451 760 168 256 964 886 284 135 900 827 363 594 404 676 410 237 358 519 0 698 474 61 351 
307 705 375 711 558 136 957 316 707 626 386 8 658 998 472 273 580 34 136 690 405 315 903 999 975 698 0 421 287 241 
866 355 899 786 556 8 887 410 518 528 71 127 74 24 857 147 545 831 93 393 114 82 841 192 336 474 421 0 723 1 
498 792 20 886 613 373 221 771 104 90 735 369 833 494 376 45 134 165 462 214 312 909 598 404 146 61 287 723 0 849 
617 258 349 126 213 636 460 760 574 723 812 390 904 452 399 937 762 788 399 800 177 197 327 216 173 351 241 1 849 0 
0 233 847 374 446 849 816 603 145 599 460 166 624 425 118 56 656 977 18 437 498 93 454 529 593 626 742 213 782 854 
233 0 153 476 893 714 567 577 796 348 535 717 477 3 586 82 165 832 789 68 111 297 743 135 211 624 154 133 518 258 
847 153 0 234 149 649 127 469 270 626 883 49 562 81 589 462 36 779 625 305 571 405 129 264 574 724 856 713 749 369 
374 476 234 0 8 115 261 46 365 701 299 553 682 724 885 247 168 258 812 478 227 255 90 747 735 54 899 689 746 139 
446 893 149 8 0 6 156 216 665 347 3 94 823 975 180 260 661 352 900 741 791 337 604 747 499 589 413 859 653 686 
849 714 649 115 6 0 601 740 587 264 497 911 338 251 801 19 770 72 630 138 689 804 753 712 712 331 872 901 70 414 
816 567 127 261 156 601 0 857 690 386 206 62 452 395 511 423 908 342 512 365 331 962 43 876 860 667 188 562 961 146 
603 577 469 46 216 740 857 0 858 599 524 22 232 37 984 625 62 977 612 873 557 295 167 937 428 368 336 842 955 144 
145 796 270 365 665 587 690 858 0 232 20 559 253 643 238 708 190 378 909 534 350 166 639 994 289 182 845 628 292 780 
599 348 626 701 347 264 386 599 232 0 396 270 69 729 491 139 121 56 618 297 806 87 222 501 585 226 454 113 775 961 
460 535 883 299 3 497 206 524 20 396 0 910 733 712 71 408 864 185 541 36 155 905 197 607 91 724 249 735 519 479 
166 717 49 553 94 911 62 22 559 270 910 0 492 987 14 920 67 101 939 639 207 64 216 450 108 105 705 12 533 125 
624 477 562 682 823 338 452 232 253 69 733 492 0 273 178 725 263 654 178 12 818 538 110 47 99 834 450 69 512 869 
425 3 81 724 975 251 395 37 643 729 712 987 273 0 998 794 238 421 586 271 813 668 184 642 110 965 224 990 581 473 
118 586 589 885 180 801 511 984 238 491 71 14 178 998 0 755 416 979 538 985 453 602 285 197 590 839 628 882 333 448 
56 82 462 247 260 19 423 625 708 139 408 920 725 794 755 0 88 551 48 823 187 209 24 73 928 830 339 739 27 264 
656 165 36 168 661 770 908 62 190 121 864 67 263 238 416 88 0 459 891 889 553 697 153 969 245 902 925 347 97 296 
977 832 779 258 352 72 342 977 378 56 185 101 654 421 979 551 459 0 488 321 780 627 531 960 911 840 148 520 825 137 
18 789 625 812 900 630 512 612 909 618 541 939 178 586 538 48 891 488 0 483 372 392 720 925 641 639 549 990 462 234 
437 68 305 478 741 138 365 873 534 297 36 639 12 271 985 823 889 321 483 0 493 9 473 242 527 754 138 323 85 120 
498 111 571 227 791 689 331 557 350 806 155 207 818 813 453 187 553 780 372 493 0 339 444 404 980 867 760 680 936 67 
93 297 405 255 337 804 962 295 166 87 905 64 538 668 602 209 697 627 392 9 339 0 63 556 741 521 203 601 946 735 
454 743 129 90 604 753 43 167 639 222 197 216 110 184 285 24 153 531 720 473 444 63 0 857 836 345 319 1000 944 858 
529 135 264 747 747 712 876 937 994 501 607 450 47 642 197 73 969 960 925 242 404 556 857 0 742 102 737 807 786 63 
593 211 574 735 499 712 860 428 289 585 91 108 99 110 590 928 245 911 641 527 980 741 836 742 0 674 209 787 265 724 
626 624 724 54 589 331 667 368 182 226 724 105 834 965 839 830 902 840 639 754 867 521 345 102 674 0 543 799 377 578 
742 154 856 899 413 872 188 336 845 454 249 705 450 224 628 339 925 148 549 138 760 203 319 737 209 543 0 632 448 946 
213 133 713 689 859 901 562 842 628 113 735 12 69 990 882 739 347 520 990 323 680 601 1000 807 787 799 632 0 3 173 
782 518 749 746 653 70 961 955 292 775 519 533 512 581 333 27 97 825 462 85 936 946 944 786 265 377 448 3 0 96 
854 258 369 139 686 414 146 144 780 961 479 125 869 473 448 264 296 137 234 120 67 735 858 63 724 578 946 173 96 0 
0 768 154 627 555 152 185 398 856 402 541 835 377 576 883 945 345 24 983 564 503 908 547 472 408 375 259 788 219 147 
768 0 848 525 108 287 434 424 205 653 466 284 524 998 415 919 836 169 212 933 890 704 258 866 790 377 847 868 483 743 
154 848 0 767 852 352 874 532 731 375 118 952 439 920 412 539 965 222 376 696 430 596 872 737 427 277 145 288 252 632 
627 525 767 0 993 886 740 955 636 300 702 448 319 277 116 754 833 743 189 523 774 746 911 254 266 947 102 312 255 862 
555 108 852 993 0 995 845 785 336 654 998 907 178 26 821 741 340 649 101 260 210 664 397 254 502 412 588 142 348 315 
152 287 352 886 995 0 400 261 414 737 504 90 663 750 200 982 231 929 371 863 312 197 248 289 289 670 129 100 931 587 
185 434 874 740 845 400 0 144 311 615 795 939 549 606 490 578 93 659 489 636 670 39 958 125 141 334 813 439 40 855 
398 424 532 955 785 261 144 0 143 402 477 979 769 964 17 376 939 24 389 128 444 706 834 64 573 633 665 159 46 857 
856 205 731 636 336 414 311 143 0 769 981 442 748 358 763 293 811 623 92 467 651 835 362 7 712 819 156 373 709 221 
402 653 375 300 654 737 615 402 769 0 605 731 932 272 510 862 880 945 383 704 195 914 779 500 416 775 547 888 226 40 
541 466 118 702 998 504 795 477 981 605 0 91 268 289 930 593 137 816 460 965 846 96 804 394 910 277 752 266 482 522 
835 284 952 448 907 90 939 979 442 731 91 0 509 14 987 81 934 900 62 362 794 937 785 551 893 896 296 989 468 876 
377 524 439 319 178 663 549 769 748 932 268 509 0 728 823 276 738 347 823 989 183 463 891 954 902 167 551 932 489 132 
576 998 920 277 26 750 606 964 358 272 289 14 728 0 3 207 763 580 415 730 188 333 817 359 891 36 777 11 420 528 
883 415 412 116 821 200 490 17 763 510 930 987 823 3 0 246 585 22 463 16 548 399 716 804 411 162 373 119 668 553 
945 919 539 754 741 982 578 376 293 862 593 81 276 207 246 0 913 450 953 178 814 792 977 928 73 171 662 262 974 737 
345 836 965 833 340 231 93 939 811 880 137 934 738 763 585 913 0 542 110 112 448 304 848 32 756 99 76 654 904 705 
24 169 222 743 649 929 659 24 623 945 816 900 347 580 22 450 542 0 513 680 221 374 470 41 90 161 853 481 176 864 
983 212 376 189 101 371 489 389 92 383 460 62 823 415 463 953 110 513 0 518 629 609 281 76 360 362 452 11 539 767 
564 933 696 523 260 863 636 128 467 704 965 362 989 730 16 178 112 680 518 0 508 992 528 759 474 247 863 678 916 881 
503 890 430 774 210 312 670 444 651 195 846 794 183 188 548 814 448 221 629 508 0 662 557 597 21 134 241 321 65 934 
908 704 596 746 664 197 39 706 835 914 96 937 463 333 399 792 304 374 609 992 662 0 938 445 260 480 798 400 55 266 
547 258 872 911 397 248 958 834 362 779 804 785 891 817 716 977 848 470 281 528 557 938 0 144 165 656 682 1 57 143 
472 866 737 254 254 289 125 64 7 500 394 551 954 359 804 928 32 41 76 759 597 445 144 0 259 899 264 194 215 938 
408 790 427 266 502 289 141 573 712 416 910 893 902 891 411 73 756 90 360 474 21 260 165 259 0 327 792 214 736 277 
375 377 277 947 412 670 334 633 819 775 277 896 167 36 162 171 99 161 362 247 134 480 656 899 327 0 458 202 624 423 
259 847 145 102 588 129 813 665 156 547 752 296 551 777 373 662 76 853 452 863 241 798 682 264 792 458 0 369 553 55 
788 868 288 312 142 100 439 159 373 888 266 989 932 11 119 262 654 481 11 678 321 400 1 194 214 202 369 0 998 828 
219 483 252 255 348 931 40 46 709 226 482 468 489 420 668 974 904 176 539 916 65 55 57 215 736 624 553 998 0 905 
147 743 632 862 315 587 855 857 221 40 522 876 132 528 553 737 705 864 767 881 934 266 143 938 277 423 55 828 905 0 
0 768 154 627 555 152 185 398 856 402 541 835 377 576 883 945 345 24 983 564 503 908 547 472 408 375 259 788 219 147 
768 0 848 525 108 287 434 424 205 653 466 284 524 998 415 919 836 169 212 933 890 704 258 866 790 377 847 868 483 743 
154 848 0 767 852 352 874 532 731 375 118 952 439 920 412 539 965 222 376 696 430 596 872 737 427 277 145 288 252 632 
627 525 767 0 993 886 740 955 636 300 702 448 319 277 116 754 833 743 189 523 774 746 911 254 266 947 102 312 255 862 
555 108 852 993 0 995 845 785 336 654 998 907 178 26 821 741 340 649 101 260 210 664 397 254 502 412 588 142 348 315 
152 287 352 886 995 0 400 261 414 737 504 90 663 750 200 982 231 929 371 863 312 197 248 289 289 670 129 100 931 587 
185 434 874 740 845 400 0 144 311 615 795 939 549 606 490 578 93 659 489 636 670 39 958 125 141 334 813 439 40 855 
398 424 532 955 785 261 144 0 143 402 477 979 769 964 17 376 939 24 389 128 444 706 834 64 573 633 665 159 46 857 
856 205 731 636 336 414 311 143 0 769 981 442 748 358 763 293 811 623 92 467 651 835 362 7 712 819 156 373 709 221 
402 653 375 300 654 737 615 402 769 0 605 731 932 272 510 862 880 945 383 704 195 914 779 500 416 775 547 888 226 40 
541 466 118 702 998 504 795 477 981 605 0 91 268 289 930 593 137 816 460 965 846 96 804 394 910 277 752 266 482 522 
835 284 952 448 907 90 939 979 442 731 91 0 509 14 987 81 934 900 62 362 794 937 785 551 893 896 296 989 468 876 
377 524 439 319 178 663 549 769 748 932 268 509 0 728 823 276 738 347 823 989 183 463 891 954 902 167 551 932 489 132 
576 998 920 277 26 750 606 964 358 272 289 14 728 0 3 207 763 580 415 730 188 333 817 359 891 36 777 11 420 528 
883 415 412 116 821 200 490 17 763 510 930 987 823 3 0 246 585 22 463 16 548 399 716 804 411 162 373 119 668 553 
945 919 539 754 741 982 578 376 293 862 593 81 276 207 246 0 913 450 953 178 814 792 977 928 73 171 662 262 974 737 
345 836 965 833 340 231 93 939 811 880 137 934 738 763 585 913 0 542 110 112 448 304 848 32 756 99 76 654 904 705 
24 169 222 743 649 929 659 24 623 945 816 900 347 580 22 450 542 0 513 680 221 374 470 41 90 161 853 481 176 864 
983 212 376 189 101 371 489 389 92 383 460 62 823 415 463 953 110 513 0 518 629 609 281 76 360 362 452 11 539 767 
564 933 696 523 260 863 636 128 467 704 965 362 989 730 16 178 112 680 518 0 508 992 528 759 474 247 863 678 916 881 
503 890 430 774 210 312 670 444 651 195 846 794 183 188 548 814 448 221 629 508 0 662 557 597 21 134 241 321 65 934 
908 704 596 746 664 197 39 706 835 914 96 937 463 333 399 792 304 374 609 992 662 0 938 445 260 480 798 400 55 266 
547 258 872 911 397 248 958 834 362 779 804 785 891 817 716 977 848 470 281 528 557 938 0 144 165 656 682 1 57 143 
472 866 737 254 254 289 125 64 7 500 394 551 954 359 804 928 32 41 76 759 597 445 144 0 259 899 264 194 215 938 
408 790 427 266 502 289 141 573 712 416 910 893 902 891 411 73 756 90 360 474 21 260 165 259 0 327 792 214 736 277 
375 377 277 947 412 670 334 633 819 775 277 896 167 36 162 171 99 161 362 247 134 480 656 899 327 0 458 202 624 423 
259 847 145 102 588 129 813 665 156 547 752 296 551 777 373 662 76 853 452 863 241 798 682 264 792 458 0 369 553 55 
788 868 288 312 142 100 439 159 373 888 266 989 932 11 119 262 654 481 11 678 321 400 1 194 214 202 369 0 998 828 
219 483 252 255 348 931 40 46 709 226 482 468 489 420 668 974 904 176 539 916 65 55 57 215 736 624 553 998 0 905 
147 743 632 862 315 587 855 857 221 40 522 876 132 528 553 737 705 864 767 881 934 266 143 938 277 423 55 828 905 0 
