6 4
0 555 650 868 523 851 
555 0 135 334 321 333 
650 135 0 169 904 551 
868 334 169 0 490 933 
523 321 904 490 0 256 
851 333 551 933 256 0 
0 213 445 937 735 731 
213 0 685 949 329 721 
445 685 0 932 341 889 
937 949 932 0 826 457 
735 329 341 826 0 345 
731 721 889 457 345 0 
0 695 222 116 12 122 
695 0 774 757 927 583 
222 774 0 399 722 52 
116 757 399 0 144 280 
12 927 722 144 0 636 
122 583 52 280 636 0 
0 482 789 35 305 38 
482 0 702 251 399 875 
789 702 0 238 623 205 
35 251 238 0 243 538 
305 399 623 243 0 699 
38 875 205 538 699 0 
0 35 628 857 86 126 
35 0 167 168 684 381 
628 167 0 109 168 127 
857 168 109 0 459 949 
86 684 168 459 0 595 
126 381 127 949 595 0 
