90 2
0 215 312 750 857 252 312 644 121 371 587 606 3 936 699 771 857 813 410 788 692 521 502 265 901 966 19 663 824 712 507 670 531 453 907 306 779 533 191 318 306 895 385 731 569 774 906 973 573 360 802 613 15 854 351 621 481 523 812 128 307 17 860 78 425 950 839 63 621 671 596 487 840 639 316 659 634 30 141 620 325 112 644 734 993 962 386 107 646 49 
215 0 212 711 674 868 109 432 485 3 252 945 809 927 354 377 464 707 398 779 312 591 312 209 677 764 902 323 272 715 393 574 201 544 516 153 218 589 106 848 352 528 473 25 925 44 600 432 496 384 684 619 650 832 607 488 178 315 496 837 287 233 212 521 159 785 512 667 176 529 518 407 141 215 197 855 212 41 459 128 144 230 795 16 235 458 437 239 248 351 
312 212 0 501 399 463 496 540 857 869 579 135 41 683 32 388 426 81 398 328 261 509 676 150 377 384 67 387 320 763 696 812 207 574 665 727 294 311 802 455 363 582 809 104 89 923 669 120 586 947 590 879 743 365 788 932 941 973 587 123 392 212 51 303 266 27 493 450 357 119 45 256 848 427 847 835 709 94 570 550 541 875 321 951 509 913 523 45 819 882 
750 711 501 0 758 281 783 24 593 260 642 88 265 832 393 186 954 783 914 621 800 361 509 301 987 567 335 947 274 356 868 481 466 595 488 386 855 70 675 754 982 139 549 339 158 984 225 711 13 581 508 512 154 356 952 719 174 992 668 419 480 61 411 947 841 764 450 314 924 361 500 845 648 618 992 591 820 665 767 24 558 64 955 675 210 878 162 588 754 960 
857 674 399 758 0 200 138 323 668 564 513 750 907 904 220 860 824 281 808 267 575 493 58 255 146 163 846 528 250 130 626 958 298 786 983 198 299 156 246 760 684 975 906 594 833 616 542 575 259 486 971 275 939 520 932 702 878 373 818 527 751 941 494 801 615 639 290 484 9 787 5 966 167 981 363 189 459 290 778 65 858 623 980 231 641 128 755 311 966 799 
252 868 463 281 200 0 298 982 687 787 713 815 476 723 969 310 591 59 855 869 164 990 805 348 325 197 513 333 467 653 302 769 145 276 692 950 467 944 834 862 967 814 493 382 353 765 125 740 934 801 733 989 892 482 106 787 313 174 894 535 420 783 539 370 115 164 766 598 527 120 373 594 107 927 320 508 535 618 495 60 753 826 20 744 511 889 908 642 352 208 
312 109 496 783 138 298 0 372 93 682 308 949 380 901 439 869 517 946 714 294 535 845 635 919 793 134 225 349 89 522 828 563 358 126 96 630 29 280 577 108 61 730 798 844 719 720 780 564 381 399 519 434 377 253 729 977 865 975 341 576 864 651 402 931 464 675 929 675 603 77 233 64 892 182 318 622 61 620 393 49 222 692 918 696 648 936 963 397 661 351 
644 432 540 24 323 982 372 0 717 562 632 415 774 447 853 962 922 833 329 587 718 132 534 256 425 749 541 337 149 522 697 220 634 430 116 183 874 229 495 42 330 441 820 693 477 815 963 201 525 718 706 980 451 464 257 438 666 95 672 1 294 213 663 292 202 991 877 920 413 959 808 484 864 910 979 721 358 483 689 640 427 754 269 875 353 72 523 685 415 171 
121 485 857 593 668 687 93 717 0 729 409 488 205 827 847 798 427 81 749 82 355 404 250 103 386 850 572 114 837 880 237 831 851 764 233 665 392 59 945 340 612 724 262 182 900 695 681 61 46 363 103 970 127 157 998 839 629 973 446 861 205 385 996 86 929 428 81 44 820 530 89 203 602 182 738 168 470 730 840 591 983 832 827 683 194 566 256 927 349 500 
371 3 869 260 564 787 682 562 729 0 838 361 904 898 185 978 108 211 711 5 428 431 947 748 984 890 564 964 523 466 352 100 343 170 745 260 811 482 459 109 60 711 84 479 841 354 773 678 411 904 311 296 541 280 110 109 545 383 929 937 241 257 132 992 430 796 914 145 531 932 353 553 217 177 318 540 266 564 1000 523 758 232 841 846 151 610 112 898 20 49 
587 252 579 642 513 713 308 632 409 838 0 178 863 77 695 159 99 883 847 656 544 353 922 198 902 274 988 18 445 69 521 184 233 76 661 111 443 717 825 582 486 539 693 558 804 471 563 393 476 59 474 79 69 105 151 949 857 481 97 666 733 301 614 311 403 565 569 697 284 373 789 123 515 399 349 903 168 34 564 802 525 293 6 308 573 687 809 357 694 804 
606 945 135 88 750 815 949 415 488 361 178 0 136 948 110 928 699 829 693 702 852 723 31 515 481 421 517 37 220 822 400 809 172 532 311 867 429 535 641 699 741 954 641 751 591 140 381 394 910 736 278 21 473 455 68 438 469 514 688 470 412 565 801 166 910 359 452 856 943 176 902 494 966 111 864 240 971 658 425 318 145 940 317 345 162 508 811 336 671 806 
3 809 41 265 907 476 380 774 205 904 863 136 0 259 828 971 629 482 215 995 39 905 144 610 344 972 683 428 521 477 957 993 994 887 115 15 387 333 65 1 241 874 336 767 369 553 601 428 652 94 296 602 659 970 50 956 927 797 46 937 677 203 710 698 834 696 108 298 690 124 767 84 906 752 41 72 231 961 731 745 708 219 389 518 933 783 16 239 194 964 
936 927 683 832 904 723 901 447 827 898 77 948 259 0 800 199 918 572 885 344 94 563 369 467 924 582 702 990 75 966 996 902 250 912 457 507 182 792 636 799 509 227 990 682 21 219 868 263 720 395 706 347 225 525 322 783 385 252 823 580 327 585 554 664 14 212 215 291 157 353 832 709 390 259 571 288 18 649 468 972 188 481 483 257 966 113 908 148 723 506 
699 354 32 393 220 969 439 853 847 185 695 110 828 800 0 481 97 116 410 135 146 681 919 759 891 478 271 742 795 287 358 927 239 427 930 208 910 978 907 99 249 754 686 712 92 981 265 46 376 712 760 841 856 477 330 489 518 103 616 988 534 501 854 198 740 293 471 986 915 283 225 943 82 650 309 974 712 444 124 728 762 626 188 452 426 830 24 466 386 250 
771 377 388 186 860 310 869 962 798 978 159 928 971 199 481 0 382 639 221 349 233 503 304 69 888 952 94 388 457 962 145 33 893 986 377 802 485 770 28 111 411 609 803 967 582 776 160 987 295 499 527 797 20 73 597 226 644 182 929 766 658 835 924 400 701 357 616 272 61 304 238 143 489 348 251 615 702 747 692 960 146 69 390 295 94 488 706 215 57 340 
857 464 426 954 824 591 517 922 427 108 99 699 629 918 97 382 0 537 934 614 470 176 453 1000 604 13 49 949 399 168 755 852 723 187 699 187 909 533 588 146 536 714 800 261 526 114 703 725 836 927 625 697 723 868 666 712 520 707 898 884 685 704 606 528 513 307 880 292 721 419 735 640 668 381 695 635 312 179 597 552 469 827 852 380 827 241 403 58 289 100 
813 707 81 783 281 59 946 833 81 211 883 829 482 572 116 639 537 0 971 372 921 789 937 438 442 164 128 935 8 512 936 594 73 475 327 511 396 524 871 23 260 217 110 348 173 136 458 432 12 637 189 76 325 190 146 113 714 574 137 346 534 203 371 958 892 629 218 68 866 720 392 724 342 448 256 82 841 260 695 625 917 311 580 121 273 336 934 982 997 479 
410 398 398 914 808 855 714 329 749 711 847 693 215 885 410 221 934 971 0 421 1 422 191 15 937 248 253 629 27 583 351 325 135 555 166 116 375 362 524 536 215 343 843 770 293 163 780 723 326 442 595 694 660 410 711 91 892 274 481 689 858 756 623 135 386 560 581 910 384 233 354 868 265 54 282 206 88 373 446 319 113 132 789 403 312 677 465 333 885 646 
788 779 328 621 267 869 294 587 82 5 656 702 995 344 135 349 614 372 421 0 592 627 864 823 234 286 442 813 507 356 817 221 325 162 547 156 7 899 480 930 137 534 703 651 429 214 248 248 741 549 105 364 542 479 869 203 837 215 622 834 664 297 991 103 358 91 511 284 246 916 453 37 782 902 447 810 882 574 13 5 30 750 434 70 731 504 451 831 974 87 
692 312 261 800 575 164 535 718 355 428 544 852 39 94 146 233 470 921 1 592 0 593 438 53 899 909 228 750 398 754 836 169 704 452 332 699 653 501 336 496 257 448 18 857 729 46 986 316 281 689 470 692 624 516 42 13 131 705 107 98 267 791 482 737 384 337 884 491 67 686 278 583 285 923 991 953 431 761 73 272 194 810 394 140 611 988 714 421 895 599 
521 591 509 361 493 990 845 132 404 431 353 723 905 563 681 503 176 789 422 627 593 0 31 42 638 383 876 444 834 509 841 8 91 394 862 262 235 517 79 990 348 547 364 55 654 236 1 35 453 401 964 838 6 290 265 625 402 51 770 427 20 641 452 506 528 296 891 787 365 506 92 884 665 307 565 698 453 640 62 274 213 250 459 731 893 912 561 702 301 778 
502 312 676 509 58 805 635 534 250 947 922 31 144 369 919 304 453 937 191 864 438 31 0 490 839 457 428 977 290 864 382 158 78 750 383 358 667 189 337 633 75 193 191 730 777 17 194 898 147 799 974 765 208 923 487 645 512 312 61 541 732 148 407 853 193 449 279 25 923 783 780 989 992 640 506 769 123 607 213 198 133 105 976 434 839 693 199 539 685 28 
265 209 150 301 255 348 919 256 103 748 198 515 610 467 759 69 1000 438 15 823 53 42 490 0 474 426 940 316 147 849 695 391 950 192 733 586 774 984 718 476 337 250 724 609 129 527 279 489 372 720 907 134 916 123 776 232 469 937 297 23 95 79 60 216 802 622 178 852 880 466 723 625 737 141 1 776 388 470 287 841 127 646 846 816 65 447 218 749 871 709 
901 677 377 987 146 325 793 425 386 984 902 481 344 924 891 888 604 442 937 234 899 638 839 474 0 239 320 411 158 677 433 70 328 409 739 933 512 9 502 153 219 393 280 200 793 300 18 217 560 764 570 907 155 892 564 357 255 890 55 843 659 616 905 284 452 386 948 814 399 492 656 833 34 547 95 999 42 595 567 779 318 579 830 845 366 606 629 860 65 353 
966 764 384 567 163 197 134 749 850 890 274 421 972 582 478 952 13 164 248 286 909 383 457 426 239 0 160 962 95 786 173 823 669 712 264 624 530 728 778 176 134 171 584 755 166 670 430 542 427 542 890 617 917 413 522 970 100 775 662 275 976 197 897 988 301 956 507 140 500 645 100 307 145 248 782 589 59 812 169 241 881 172 578 460 1 832 654 670 182 89 
19 902 67 335 846 513 225 541 572 564 988 517 683 702 271 94 49 128 253 442 228 876 428 940 320 160 0 28 207 689 475 417 775 970 18 754 424 313 273 804 527 18 811 297 620 756 714 345 920 990 707 824 445 230 586 388 800 614 281 10 390 762 500 702 556 806 165 972 311 582 372 729 560 821 967 367 495 269 68 182 1 556 355 803 207 638 944 487 505 673 
663 323 387 947 528 333 349 337 114 964 18 37 428 990 742 388 949 935 629 813 750 444 977 316 411 962 28 0 299 284 27 636 598 543 470 738 169 335 644 320 132 378 414 167 187 419 983 187 173 588 899 824 32 346 170 496 597 167 547 113 987 312 934 253 69 142 1000 941 158 680 898 809 306 580 647 712 497 780 775 160 529 766 897 107 50 849 288 351 894 675 
824 272 320 274 250 467 89 149 837 523 445 220 521 75 795 457 399 8 27 507 398 834 290 147 158 95 207 299 0 424 30 220 185 59 755 794 602 320 125 949 175 950 885 54 884 63 406 13 468 469 650 110 134 561 485 78 846 921 406 782 516 109 464 546 733 295 849 311 180 779 34 115 894 147 519 855 684 883 939 25 915 504 876 638 713 953 347 773 473 706 
712 715 763 356 130 653 522 522 880 466 69 822 477 966 287 962 168 512 583 356 754 509 864 849 677 786 689 284 424 0 408 629 296 811 804 986 320 812 39 560 976 360 482 820 134 299 321 246 782 732 913 658 99 436 681 308 30 844 536 351 970 125 969 212 164 882 657 906 322 936 62 113 374 41 464 344 984 206 169 233 463 739 835 954 282 310 427 58 659 760 
507 393 696 868 626 302 828 697 237 352 521 400 957 996 358 145 755 936 351 817 836 841 382 695 433 173 475 27 30 408 0 761 4 66 480 31 454 213 662 468 277 53 656 765 711 252 331 738 294 850 374 406 72 995 896 955 560 622 706 93 831 845 806 514 207 499 805 441 951 771 380 932 118 547 911 787 824 829 343 519 180 180 956 604 90 27 908 67 125 355 
670 574 812 481 958 769 563 220 831 100 184 809 993 902 927 33 852 594 325 221 169 8 158 391 70 823 417 636 220 629 761 0 188 30 968 494 199 600 764 266 755 909 138 710 319 524 309 210 257 697 320 139 234 661 216 813 479 622 519 733 37 230 660 374 228 368 296 300 752 49 345 401 960 187 318 718 290 89 953 828 879 166 351 859 50 654 838 487 36 411 
531 201 207 466 298 145 358 634 851 343 233 172 994 250 239 893 723 73 135 325 704 91 78 950 328 669 775 598 185 296 4 188 0 621 437 344 389 861 801 423 717 693 587 445 812 637 152 173 457 742 247 138 707 640 246 319 602 754 456 641 34 186 417 243 263 397 976 131 469 232 134 41 320 506 108 216 838 971 257 184 573 479 714 542 272 442 139 859 96 161 
453 544 574 595 786 276 126 430 764 170 76 532 887 912 427 986 187 475 555 162 452 394 750 192 409 712 970 543 59 811 66 30 621 0 777 731 308 444 921 810 43 892 420 674 622 42 240 439 647 669 787 493 448 910 1 92 866 947 732 722 272 507 780 61 936 416 697 510 907 913 254 379 553 914 224 72 904 653 399 52 606 470 813 5 266 612 255 432 669 875 
907 516 665 488 983 692 96 116 233 745 661 311 115 457 930 377 699 327 166 547 332 862 383 733 739 264 18 470 755 804 480 968 437 777 0 462 138 871 569 654 708 416 100 551 150 632 713 193 843 92 496 82 227 214 859 752 698 263 945 566 225 930 138 228 149 789 438 544 653 358 365 942 713 357 63 899 741 419 529 304 817 868 358 762 752 752 265 941 198 818 
306 153 727 386 198 950 630 183 665 260 111 867 15 507 208 802 187 511 116 156 699 262 358 586 933 624 754 738 794 986 31 494 344 731 462 0 793 721 402 672 324 419 5 865 609 592 151 511 34 381 644 462 79 182 758 889 220 44 948 183 171 690 357 368 843 706 967 110 998 361 781 597 6 840 640 982 713 561 942 792 467 514 917 535 178 265 5 743 645 812 
779 218 294 855 299 467 29 874 392 811 443 429 387 182 910 485 909 396 375 7 653 235 667 774 512 530 424 169 602 320 454 199 389 308 138 793 0 72 949 431 380 622 554 112 79 658 206 287 572 131 632 560 972 986 758 692 517 467 675 457 52 292 61 692 29 934 162 704 74 949 244 699 223 938 949 483 796 251 178 210 766 236 514 907 208 901 144 563 548 847 
533 589 311 70 156 944 280 229 59 482 717 535 333 792 978 770 533 524 362 899 501 517 189 984 9 728 313 335 320 812 213 600 861 444 871 721 72 0 143 179 520 601 378 985 228 282 970 323 383 483 921 180 179 232 196 855 167 678 309 168 929 742 978 74 673 344 169 462 16 415 413 639 491 753 936 81 358 277 211 38 621 94 631 956 13 382 912 327 707 324 
191 106 802 675 246 834 577 495 945 459 825 641 65 636 907 28 588 871 524 480 336 79 337 718 502 778 273 644 125 39 662 764 801 921 569 402 949 143 0 15 807 453 594 909 940 56 582 562 792 710 395 626 595 355 291 343 70 672 512 75 199 882 290 267 348 390 176 999 635 549 381 87 195 385 550 181 842 613 255 290 920 512 144 822 962 276 215 675 479 498 
318 848 455 754 760 862 108 42 340 109 582 699 1 799 99 111 146 23 536 930 496 990 633 476 153 176 804 320 949 560 468 266 423 810 654 672 431 179 15 0 645 81 473 1 563 969 933 967 126 555 437 676 343 845 231 7 448 393 187 343 280 365 873 658 70 491 77 851 334 163 746 546 912 69 661 258 713 427 132 259 599 814 69 218 963 536 992 430 201 67 
306 352 363 982 684 967 61 330 612 60 486 741 241 509 249 411 536 260 215 137 257 348 75 337 219 134 527 132 175 976 277 755 717 43 708 324 380 520 807 645 0 617 469 329 639 20 925 530 470 160 653 958 196 253 962 434 581 3 178 193 228 515 378 176 953 565 54 467 971 373 662 575 78 860 120 517 209 616 213 294 703 208 528 710 870 800 543 643 171 744 
895 528 582 139 975 814 730 441 724 711 539 954 874 227 754 609 714 217 343 534 448 547 193 250 393 171 18 378 950 360 53 909 693 892 416 419 622 601 453 81 617 0 470 551 515 479 16 377 415 639 90 68 121 303 848 911 744 187 574 783 26 79 145 236 702 674 412 470 379 257 523 173 613 52 83 895 264 948 447 85 66 676 939 532 48 744 87 635 399 217 
385 473 809 549 906 493 798 820 262 84 693 641 336 990 686 803 800 110 843 703 18 364 191 724 280 584 811 414 885 482 656 138 587 420 100 5 554 378 594 473 469 470 0 100 227 364 416 452 758 445 746 582 691 540 645 428 467 84 638 834 818 51 515 290 368 301 568 933 575 144 546 359 739 889 590 568 981 617 142 383 936 953 743 136 219 601 50 26 394 493 
731 25 104 339 594 382 844 693 182 479 558 751 767 682 712 967 261 348 770 651 857 55 730 609 200 755 297 167 54 820 765 710 445 674 551 865 112 985 909 1 329 551 100 0 174 986 67 863 698 351 181 237 196 309 837 160 173 545 19 324 623 717 246 699 61 742 485 471 129 960 755 48 149 242 784 733 212 897 513 337 942 441 873 955 259 122 310 829 9 655 
569 925 89 158 833 353 719 477 900 841 804 591 369 21 92 582 526 173 293 429 729 654 777 129 793 166 620 187 884 134 711 319 812 622 150 609 79 228 940 563 639 515 227 174 0 981 166 152 63 575 541 933 332 379 417 352 461 645 1 121 561 885 615 60 567 128 45 14 249 556 216 29 592 708 323 166 51 742 824 458 143 952 111 37 629 906 608 196 775 586 
774 44 923 984 616 765 720 815 695 354 471 140 553 219 981 776 114 136 163 214 46 236 17 527 300 670 756 419 63 299 252 524 637 42 632 592 658 282 56 969 20 479 364 986 981 0 167 281 462 910 119 846 528 368 246 207 553 365 274 746 572 14 788 767 214 275 972 816 589 286 984 211 279 136 11 532 567 832 90 78 651 71 389 775 328 381 813 614 307 946 
906 600 669 225 542 125 780 963 681 773 563 381 601 868 265 160 703 458 780 248 986 1 194 279 18 430 714 983 406 321 331 309 152 240 713 151 206 970 582 933 925 16 416 67 166 167 0 859 666 732 566 877 147 406 554 106 742 923 4 401 442 189 969 68 576 672 241 932 445 898 46 956 642 641 130 120 137 415 845 29 433 572 411 78 561 540 180 767 224 57 
973 432 120 711 575 740 564 201 61 678 393 394 428 263 46 987 725 432 723 248 316 35 898 489 217 542 345 187 13 246 738 210 173 439 193 511 287 323 562 967 530 377 452 863 152 281 859 0 723 537 693 223 554 984 384 563 99 244 241 561 821 825 453 283 890 991 693 390 347 690 936 749 529 459 339 475 625 773 920 752 96 680 799 583 711 527 613 77 586 616 
573 496 586 13 259 934 381 525 46 411 476 910 652 720 376 295 836 12 326 741 281 453 147 372 560 427 920 173 468 782 294 257 457 647 843 34 572 383 792 126 470 415 758 698 63 462 666 723 0 747 894 346 338 721 462 874 192 17 530 629 949 69 73 789 632 799 427 304 304 713 159 728 545 879 825 750 330 887 348 415 564 989 351 862 24 425 956 137 892 617 
360 384 947 581 486 801 399 718 363 904 59 736 94 395 712 499 927 637 442 549 689 401 799 720 764 542 990 588 469 732 850 697 742 669 92 381 131 483 710 555 160 639 445 351 575 910 732 537 747 0 544 151 663 798 745 594 748 913 921 140 918 121 873 611 921 519 594 789 617 811 97 391 271 223 103 492 570 204 493 310 925 150 250 66 12 170 816 173 103 122 
802 684 590 508 971 733 519 706 103 311 474 278 296 706 760 527 625 189 595 105 470 964 974 907 570 890 707 899 650 913 374 320 247 787 496 644 632 921 395 437 653 90 746 181 541 119 566 693 894 544 0 577 130 153 866 851 830 185 97 871 782 953 24 672 189 587 384 23 390 404 219 225 419 789 857 483 362 847 849 410 538 76 787 456 88 351 962 139 871 685 
613 619 879 512 275 989 434 980 970 296 79 21 602 347 841 797 697 76 694 364 692 838 765 134 907 617 824 824 110 658 406 139 138 493 82 462 560 180 626 676 958 68 582 237 933 846 877 223 346 151 577 0 467 956 383 88 614 403 771 529 753 953 813 520 241 349 477 286 612 845 769 317 997 631 408 352 593 72 402 142 36 94 855 620 211 482 610 753 494 147 
15 650 743 154 939 892 377 451 127 541 69 473 659 225 856 20 723 325 660 542 624 6 208 916 155 917 445 32 134 99 72 234 707 448 227 79 972 179 595 343 196 121 691 196 332 528 147 554 338 663 130 467 0 671 546 716 724 501 922 324 2 581 433 923 819 768 824 312 667 891 18 127 218 238 891 841 35 382 727 719 294 45 498 746 513 815 573 184 28 21 
854 832 365 356 520 482 253 464 157 280 105 455 970 525 477 73 868 190 410 479 516 290 923 123 892 413 230 346 561 436 995 661 640 910 214 182 986 232 355 845 253 303 540 309 379 368 406 984 721 798 153 956 671 0 967 862 43 877 733 548 41 328 352 956 757 367 296 985 846 110 670 83 121 452 123 343 261 754 690 641 338 30 899 376 963 142 681 129 202 702 
351 607 788 952 932 106 729 257 998 110 151 68 50 322 330 597 666 146 711 869 42 265 487 776 564 522 586 170 485 681 896 216 246 1 859 758 758 196 291 231 962 848 645 837 417 246 554 384 462 745 866 383 546 967 0 911 87 413 668 639 718 183 623 92 436 214 16 139 788 689 354 36 60 689 256 431 564 381 872 144 676 815 834 811 728 213 500 649 423 818 
621 488 932 719 702 787 977 438 839 109 949 438 956 783 489 226 712 113 91 203 13 625 645 232 357 970 388 496 78 308 955 813 319 92 752 889 692 855 343 7 434 911 428 160 352 207 106 563 874 594 851 88 716 862 911 0 825 630 145 636 658 196 827 173 200 252 784 653 312 112 521 967 574 17 221 882 868 742 399 523 775 510 417 701 264 497 8 740 886 72 
481 178 941 174 878 313 865 666 629 545 857 469 927 385 518 644 520 714 892 837 131 402 512 469 255 100 800 597 846 30 560 479 602 866 698 220 517 167 70 448 581 744 467 173 461 553 742 99 192 748 830 614 724 43 87 825 0 670 134 706 421 459 397 679 482 366 833 762 461 300 497 982 62 672 559 421 239 131 131 771 644 584 649 138 112 510 858 777 473 190 
523 315 973 992 373 174 975 95 973 383 481 514 797 252 103 182 707 574 274 215 705 51 312 937 890 775 614 167 921 844 622 622 754 947 263 44 467 678 672 393 3 187 84 545 645 365 923 244 17 913 185 403 501 877 413 630 670 0 950 197 327 570 124 928 147 168 755 606 535 774 590 205 790 400 493 871 82 498 351 41 304 175 772 633 90 173 7 646 70 547 
812 496 587 668 818 894 341 672 446 929 97 688 46 823 616 929 898 137 481 622 107 770 61 297 55 662 281 547 406 536 706 519 456 732 945 948 675 309 512 187 178 574 638 19 1 274 4 241 530 921 97 771 922 733 668 145 134 950 0 9 432 658 781 125 601 11 131 273 468 468 727 412 234 826 735 380 663 780 178 39 145 907 100 478 843 529 381 201 144 639 
128 837 123 419 527 535 576 1 861 937 666 470 937 580 988 766 884 346 689 834 98 427 541 23 843 275 10 113 782 351 93 733 641 722 566 183 457 168 75 343 193 783 834 324 121 746 401 561 629 140 871 529 324 548 639 636 706 197 9 0 147 63 99 760 123 505 479 631 513 939 593 328 529 581 864 906 910 377 31 867 105 895 840 888 901 943 418 494 631 246 
307 287 392 480 751 420 864 294 205 241 733 412 677 327 534 658 685 534 858 664 267 20 732 95 659 976 390 987 516 970 831 37 34 272 225 171 52 929 199 280 228 26 818 623 561 572 442 821 949 918 782 753 2 41 718 658 421 327 432 147 0 933 438 551 576 787 343 858 863 25 907 120 453 39 62 762 23 727 656 67 940 533 989 669 117 809 397 945 552 914 
17 233 212 61 941 783 651 213 385 257 301 565 203 585 501 835 704 203 756 297 791 641 148 79 616 197 762 312 109 125 845 230 186 507 930 690 292 742 882 365 515 79 51 717 885 14 189 825 69 121 953 953 581 328 183 196 459 570 658 63 933 0 15 137 69 771 422 357 346 543 695 674 549 98 463 248 906 885 481 452 267 490 192 844 229 883 772 522 759 585 
860 212 51 411 494 539 402 663 996 132 614 801 710 554 854 924 606 371 623 991 482 452 407 60 905 897 500 934 464 969 806 660 417 780 138 357 61 978 290 873 378 145 515 246 615 788 969 453 73 873 24 813 433 352 623 827 397 124 781 99 438 15 0 662 601 975 927 887 993 70 636 137 546 221 65 757 75 827 608 4 126 628 149 536 615 587 972 256 670 984 
78 521 303 947 801 370 931 292 86 992 311 166 698 664 198 400 528 958 135 103 737 506 853 216 284 988 702 253 546 212 514 374 243 61 228 368 692 74 267 658 176 236 290 699 60 767 68 283 789 611 672 520 923 956 92 173 679 928 125 760 551 137 662 0 188 952 743 672 956 647 806 164 74 783 991 639 923 425 878 249 261 494 497 79 84 697 993 869 239 288 
425 159 266 841 615 115 464 202 929 430 403 910 834 14 740 701 513 892 386 358 384 528 193 802 452 301 556 69 733 164 207 228 263 936 149 843 29 673 348 70 953 702 368 61 567 214 576 890 632 921 189 241 819 757 436 200 482 147 601 123 576 69 601 188 0 857 438 263 63 71 907 151 693 775 520 907 457 117 495 485 514 644 992 321 494 672 256 933 511 708 
950 785 27 764 639 164 675 991 428 796 565 359 696 212 293 357 307 629 560 91 337 296 449 622 386 956 806 142 295 882 499 368 397 416 789 706 934 344 390 491 565 674 301 742 128 275 672 991 799 519 587 349 768 367 214 252 366 168 11 505 787 771 975 952 857 0 271 36 324 983 218 379 883 169 447 122 287 962 775 834 722 742 999 275 888 526 669 900 378 625 
839 512 493 450 290 766 929 877 81 914 569 452 108 215 471 616 880 218 581 511 884 891 279 178 948 507 165 1000 849 657 805 296 976 697 438 967 162 169 176 77 54 412 568 485 45 972 241 693 427 594 384 477 824 296 16 784 833 755 131 479 343 422 927 743 438 271 0 503 672 412 392 517 483 14 772 33 505 572 626 20 668 689 672 690 995 880 748 109 260 856 
63 667 450 314 484 598 675 920 44 145 697 856 298 291 986 272 292 68 910 284 491 787 25 852 814 140 972 941 311 906 441 300 131 510 544 110 704 462 999 851 467 470 933 471 14 816 932 390 304 789 23 286 312 985 139 653 762 606 273 631 858 357 887 672 263 36 503 0 613 981 887 162 19 794 590 409 131 905 157 869 822 848 666 222 828 392 713 558 794 239 
621 176 357 924 9 527 603 413 820 531 284 943 690 157 915 61 721 866 384 246 67 365 923 880 399 500 311 158 180 322 951 752 469 907 653 998 74 16 635 334 971 379 575 129 249 589 445 347 304 617 390 612 667 846 788 312 461 535 468 513 863 346 993 956 63 324 672 613 0 711 889 13 576 442 401 940 346 172 486 466 855 638 842 149 18 77 872 407 992 470 
671 529 119 361 787 120 77 959 530 932 373 176 124 353 283 304 419 720 233 916 686 506 783 466 492 645 582 680 779 936 771 49 232 913 358 361 949 415 549 163 373 257 144 960 556 286 898 690 713 811 404 845 891 110 689 112 300 774 468 939 25 543 70 647 71 983 412 981 711 0 161 787 211 894 889 876 732 85 662 887 466 870 975 784 453 13 654 244 7 139 
596 518 45 500 5 373 233 808 89 353 789 902 767 832 225 238 735 392 354 453 278 92 780 723 656 100 372 898 34 62 380 345 134 254 365 781 244 413 381 746 662 523 546 755 216 984 46 936 159 97 219 769 18 670 354 521 497 590 727 593 907 695 636 806 907 218 392 887 889 161 0 930 339 955 302 202 543 161 690 988 160 680 922 189 759 154 674 530 921 151 
487 407 256 845 966 594 64 484 203 553 123 494 84 709 943 143 640 724 868 37 583 884 989 625 833 307 729 809 115 113 932 401 41 379 942 597 699 639 87 546 575 173 359 48 29 211 956 749 728 391 225 317 127 83 36 967 982 205 412 328 120 674 137 164 151 379 517 162 13 787 930 0 517 245 831 485 443 60 192 740 332 734 75 90 981 605 563 950 145 871 
840 141 848 648 167 107 892 864 602 217 515 966 906 390 82 489 668 342 265 782 285 665 992 737 34 145 560 306 894 374 118 960 320 553 713 6 223 491 195 912 78 613 739 149 592 279 642 529 545 271 419 997 218 121 60 574 62 790 234 529 453 549 546 74 693 883 483 19 576 211 339 517 0 967 952 331 120 229 638 116 356 394 179 842 300 859 871 552 535 411 
639 215 427 618 981 927 182 910 182 177 399 111 752 259 650 348 381 448 54 902 923 307 640 141 547 248 821 580 147 41 547 187 506 914 357 840 938 753 385 69 860 52 889 242 708 136 641 459 879 223 789 631 238 452 689 17 672 400 826 581 39 98 221 783 775 169 14 794 442 894 955 245 967 0 249 371 545 62 252 391 621 906 979 553 783 551 193 921 436 561 
316 197 847 992 363 320 318 979 738 318 349 864 41 571 309 251 695 256 282 447 991 565 506 1 95 782 967 647 519 464 911 318 108 224 63 640 949 936 550 661 120 83 590 784 323 11 130 339 825 103 857 408 891 123 256 221 559 493 735 864 62 463 65 991 520 447 772 590 401 889 302 831 952 249 0 258 715 999 228 774 984 231 427 894 157 964 853 561 156 401 
659 855 835 591 189 508 622 721 168 540 903 240 72 288 974 615 635 82 206 810 953 698 769 776 999 589 367 712 855 344 787 718 216 72 899 982 483 81 181 258 517 895 568 733 166 532 120 475 750 492 483 352 841 343 431 882 421 871 380 906 762 248 757 639 907 122 33 409 940 876 202 485 331 371 258 0 816 985 255 465 15 222 162 738 530 828 368 785 632 277 
634 212 709 820 459 535 61 358 470 266 168 971 231 18 712 702 312 841 88 882 431 453 123 388 42 59 495 497 684 984 824 290 838 904 741 713 796 358 842 713 209 264 981 212 51 567 137 625 330 570 362 593 35 261 564 868 239 82 663 910 23 906 75 923 457 287 505 131 346 732 543 443 120 545 715 816 0 802 458 398 649 798 677 680 397 700 25 192 861 213 
30 41 94 665 290 618 620 483 730 564 34 658 961 649 444 747 179 260 373 574 761 640 607 470 595 812 269 780 883 206 829 89 971 653 419 561 251 277 613 427 616 948 617 897 742 832 415 773 887 204 847 72 382 754 381 742 131 498 780 377 727 885 827 425 117 962 572 905 172 85 161 60 229 62 999 985 802 0 346 309 562 448 34 635 78 305 993 862 283 675 
141 459 570 767 778 495 393 689 840 1000 564 425 731 468 124 692 597 695 446 13 73 62 213 287 567 169 68 775 939 169 343 953 257 399 529 942 178 211 255 132 213 447 142 513 824 90 845 920 348 493 849 402 727 690 872 399 131 351 178 31 656 481 608 878 495 775 626 157 486 662 690 192 638 252 228 255 458 346 0 490 164 333 891 63 566 786 786 14 802 616 
620 128 550 24 65 60 49 640 591 523 802 318 745 972 728 960 552 625 319 5 272 274 198 841 779 241 182 160 25 233 519 828 184 52 304 792 210 38 290 259 294 85 383 337 458 78 29 752 415 310 410 142 719 641 144 523 771 41 39 867 67 452 4 249 485 834 20 869 466 887 988 740 116 391 774 465 398 309 490 0 444 662 960 208 972 681 500 671 254 88 
325 144 541 558 858 753 222 427 983 758 525 145 708 188 762 146 469 917 113 30 194 213 133 127 318 881 1 529 915 463 180 879 573 606 817 467 766 621 920 599 703 66 936 942 143 651 433 96 564 925 538 36 294 338 676 775 644 304 145 105 940 267 126 261 514 722 668 822 855 466 160 332 356 621 984 15 649 562 164 444 0 519 983 763 415 514 283 684 918 686 
112 230 875 64 623 826 692 754 832 232 293 940 219 481 626 69 827 311 132 750 810 250 105 646 579 172 556 766 504 739 180 166 479 470 868 514 236 94 512 814 208 676 953 441 952 71 572 680 989 150 76 94 45 30 815 510 584 175 907 895 533 490 628 494 644 742 689 848 638 870 680 734 394 906 231 222 798 448 333 662 519 0 468 482 835 835 580 908 426 384 
644 795 321 955 980 20 918 269 827 841 6 317 389 483 188 390 852 580 789 434 394 459 976 846 830 578 355 897 876 835 956 351 714 813 358 917 514 631 144 69 528 939 743 873 111 389 411 799 351 250 787 855 498 899 834 417 649 772 100 840 989 192 149 497 992 999 672 666 842 975 922 75 179 979 427 162 677 34 891 960 983 468 0 527 611 109 409 77 403 516 
734 16 951 675 231 744 696 875 683 846 308 345 518 257 452 295 380 121 403 70 140 731 434 816 845 460 803 107 638 954 604 859 542 5 762 535 907 956 822 218 710 532 136 955 37 775 78 583 862 66 456 620 746 376 811 701 138 633 478 888 669 844 536 79 321 275 690 222 149 784 189 90 842 553 894 738 680 635 63 208 763 482 527 0 979 391 309 845 331 197 
993 235 509 210 641 511 648 353 194 151 573 162 933 966 426 94 827 273 312 731 611 893 839 65 366 1 207 50 713 282 90 50 272 266 752 178 208 13 962 963 870 48 219 259 629 328 561 711 24 12 88 211 513 963 728 264 112 90 843 901 117 229 615 84 494 888 995 828 18 453 759 981 300 783 157 530 397 78 566 972 415 835 611 979 0 759 384 389 264 121 
962 458 913 878 128 889 936 72 566 610 687 508 783 113 830 488 241 336 677 504 988 912 693 447 606 832 638 849 953 310 27 654 442 612 752 265 901 382 276 536 800 744 601 122 906 381 540 527 425 170 351 482 815 142 213 497 510 173 529 943 809 883 587 697 672 526 880 392 77 13 154 605 859 551 964 828 700 305 786 681 514 835 109 391 759 0 991 26 53 490 
386 437 523 162 755 908 963 523 256 112 809 811 16 908 24 706 403 934 465 451 714 561 199 218 629 654 944 288 347 427 908 838 139 255 265 5 144 912 215 992 543 87 50 310 608 813 180 613 956 816 962 610 573 681 500 8 858 7 381 418 397 772 972 993 256 669 748 713 872 654 674 563 871 193 853 368 25 993 786 500 283 580 409 309 384 991 0 444 471 98 
107 239 45 588 311 642 397 685 927 898 357 336 239 148 466 215 58 982 333 831 421 702 539 749 860 670 487 351 773 58 67 487 859 432 941 743 563 327 675 430 643 635 26 829 196 614 767 77 137 173 139 753 184 129 649 740 777 646 201 494 945 522 256 869 933 900 109 558 407 244 530 950 552 921 561 785 192 862 14 671 684 908 77 845 389 26 444 0 417 850 
646 248 819 754 966 352 661 415 349 20 694 671 194 723 386 57 289 997 885 974 895 301 685 871 65 182 505 894 473 659 125 36 96 669 198 645 548 707 479 201 171 399 394 9 775 307 224 586 892 103 871 494 28 202 423 886 473 70 144 631 552 759 670 239 511 378 260 794 992 7 921 145 535 436 156 632 861 283 802 254 918 426 403 331 264 53 471 417 0 97 
49 351 882 960 799 208 351 171 500 49 804 806 964 506 250 340 100 479 646 87 599 778 28 709 353 89 673 675 706 760 355 411 161 875 818 812 847 324 498 67 744 217 493 655 586 946 57 616 617 122 685 147 21 702 818 72 190 547 639 246 914 585 984 288 708 625 856 239 470 139 151 871 411 561 401 277 213 675 616 88 686 384 516 197 121 490 98 850 97 0 
0 104 575 568 840 950 149 610 959 371 306 118 283 138 271 806 398 261 763 876 199 615 90 553 886 51 368 597 341 492 501 194 252 339 296 962 112 454 287 368 840 890 493 172 541 883 962 711 947 853 64 227 840 70 225 167 113 681 594 527 25 222 909 243 751 927 329 124 420 330 527 337 59 49 250 947 844 416 839 789 573 661 381 597 137 631 416 681 179 141 
104 0 850 197 213 134 21 851 480 750 12 377 510 724 789 289 444 765 333 467 593 851 268 443 653 343 932 107 908 229 730 806 522 109 195 868 677 534 734 603 597 124 705 789 665 555 426 234 758 875 356 34 500 105 65 304 349 630 347 723 785 559 922 364 578 839 895 448 878 168 252 962 391 453 838 156 850 107 538 263 879 699 448 487 209 992 558 102 100 101 
575 850 0 108 956 467 247 308 886 235 514 575 460 26 373 868 136 160 473 601 596 46 540 441 761 865 485 508 387 836 710 862 348 594 209 944 447 315 647 342 140 213 206 297 992 492 37 913 571 773 911 967 458 490 505 339 962 260 811 272 344 52 95 262 376 723 178 925 606 943 190 774 241 997 99 4 119 774 136 426 347 35 198 695 487 420 180 206 552 394 
568 197 108 0 750 61 576 740 247 973 860 411 639 611 222 140 830 96 189 617 512 212 173 489 235 355 491 906 705 525 229 589 542 396 682 296 994 967 960 997 286 408 971 698 466 528 446 59 849 16 420 363 945 448 839 885 881 185 957 872 618 359 539 587 767 594 105 21 686 911 803 993 375 169 871 429 719 321 896 741 463 635 944 539 17 199 158 750 200 341 
840 213 956 750 0 548 107 673 729 895 499 210 858 20 681 186 355 790 972 706 770 820 945 384 444 799 999 796 224 139 313 224 940 547 348 62 518 740 996 99 398 240 651 542 624 113 943 9 519 857 659 768 431 277 446 942 642 20 258 673 501 781 90 449 910 87 895 164 888 723 449 900 947 543 960 857 777 470 369 395 980 373 967 462 16 159 866 837 352 629 
950 134 467 61 548 0 164 47 996 832 916 815 151 890 255 339 412 768 814 947 455 151 564 405 751 577 711 515 550 593 534 872 352 402 820 234 237 490 130 518 754 497 905 889 86 481 291 322 403 846 374 128 171 734 254 97 552 205 178 22 892 125 831 255 238 400 206 410 406 245 913 491 540 912 113 761 781 270 285 353 964 841 866 894 6 338 425 645 780 458 
149 21 247 576 107 164 0 336 770 993 175 599 456 871 506 374 917 393 509 355 373 513 381 903 951 837 966 496 513 613 804 113 808 810 324 853 330 615 922 18 111 388 886 222 390 675 509 776 156 757 766 544 313 714 141 464 518 945 620 184 703 116 566 295 996 930 144 901 563 659 133 950 103 823 395 351 780 336 203 607 62 436 59 434 919 115 626 179 113 717 
610 851 308 740 673 47 336 0 117 766 550 88 509 116 903 762 142 230 440 429 431 406 252 767 979 951 836 964 799 39 152 579 14 863 261 570 61 100 309 417 259 615 478 326 727 421 67 792 20 22 519 429 382 776 100 150 182 451 894 130 455 89 338 561 945 333 862 509 605 596 25 310 17 362 149 621 322 489 684 819 720 558 984 496 632 712 643 277 89 343 
959 480 886 247 729 996 770 117 0 609 614 26 310 347 249 471 181 408 519 44 789 90 9 67 502 373 617 178 103 757 255 563 642 70 433 823 610 66 943 758 995 704 487 964 801 742 863 177 333 103 732 688 431 96 221 787 600 380 967 979 627 262 328 484 358 206 831 867 87 972 251 497 888 919 280 211 672 676 27 888 685 419 524 136 964 365 646 229 967 167 
371 750 235 973 895 832 993 766 609 0 519 830 253 822 926 296 663 96 645 172 24 515 761 513 852 626 327 469 495 683 700 3 475 221 83 126 758 414 752 306 708 355 929 673 550 950 848 339 537 827 551 201 444 211 172 114 188 728 39 396 941 378 148 612 826 268 568 41 158 459 623 370 568 712 70 611 509 429 472 730 952 683 103 275 363 44 539 984 820 981 
306 12 514 860 499 916 175 550 614 519 0 952 370 480 409 394 509 664 912 485 494 966 950 272 597 913 168 936 772 961 807 184 994 266 535 180 889 491 477 500 968 709 905 627 105 242 681 404 141 602 774 622 32 463 888 462 275 820 85 76 154 323 162 916 490 223 860 179 971 785 150 524 480 187 400 917 137 945 539 260 571 17 809 941 66 883 178 904 611 468 
118 377 575 411 210 815 599 88 26 830 952 0 181 336 582 441 104 788 668 183 578 869 297 24 196 709 571 660 969 480 169 813 657 754 931 980 119 928 530 496 215 816 428 316 61 712 435 253 419 503 806 822 287 961 302 269 218 525 283 602 795 571 587 622 669 568 53 134 180 584 947 753 815 152 317 139 660 577 395 446 127 543 401 786 767 52 846 666 631 76 
283 510 460 639 858 151 456 509 310 253 370 181 0 296 576 952 601 651 218 284 158 721 538 429 172 937 788 597 644 749 846 529 289 438 536 302 453 356 11 520 567 559 910 691 303 803 681 415 196 145 120 120 272 50 825 824 819 305 751 264 606 6 718 823 309 345 261 18 928 548 156 309 208 78 569 79 771 3 698 445 99 966 428 94 388 430 544 147 650 278 
138 724 26 611 20 890 871 116 347 822 480 336 296 0 526 866 312 536 610 403 963 204 58 976 554 939 953 270 193 86 903 533 317 447 449 623 722 90 461 616 274 43 445 700 162 822 969 234 886 181 617 34 76 567 43 29 289 185 676 752 16 229 230 524 520 754 192 565 619 344 538 476 559 792 375 949 43 11 395 783 18 558 303 319 359 852 722 904 588 260 
271 789 373 222 681 255 506 903 249 926 409 582 576 526 0 187 394 164 163 777 95 440 253 61 412 956 586 655 519 138 951 366 164 816 362 466 876 863 214 738 373 572 609 532 733 381 555 631 116 171 785 485 924 86 530 883 493 926 739 655 729 138 737 400 472 749 901 476 527 329 765 293 551 216 834 97 363 282 508 616 370 722 752 741 331 303 431 465 632 610 
806 289 868 140 186 339 374 762 471 296 394 441 952 866 187 0 945 240 811 856 866 882 490 442 222 976 547 812 343 575 296 10 209 462 327 134 378 584 30 715 588 552 999 313 470 708 857 637 596 554 411 234 753 903 82 527 67 885 714 518 732 674 447 205 947 341 55 673 619 559 533 57 687 495 804 465 114 323 151 716 272 40 398 670 166 204 681 823 504 791 
398 444 136 830 355 412 917 142 181 663 509 104 601 312 394 945 0 454 847 907 353 481 499 789 966 804 3 78 718 719 757 861 399 568 299 145 429 292 219 926 124 33 670 900 607 639 435 22 781 204 96 613 208 173 34 384 411 361 763 837 406 976 686 930 331 592 496 619 478 957 550 65 701 652 871 228 73 1 292 824 307 429 363 747 884 236 848 52 841 945 
261 765 160 96 790 768 393 230 408 96 664 788 651 536 164 240 454 0 671 2 757 353 345 870 113 967 871 58 27 664 661 49 165 694 763 639 680 668 79 700 461 824 820 880 668 381 828 625 408 903 446 637 622 877 819 373 845 709 768 60 555 36 483 406 364 301 332 63 947 557 151 393 63 154 387 627 480 149 241 140 602 239 898 706 286 832 178 508 329 847 
763 333 473 189 972 814 509 440 519 645 912 668 218 610 163 811 847 671 0 624 428 640 954 611 936 284 891 532 23 727 538 825 511 149 314 343 368 884 258 94 648 970 631 474 478 676 927 793 127 741 668 951 449 645 417 191 672 641 737 914 161 606 168 331 682 91 145 911 125 198 697 77 788 962 828 590 34 825 801 623 681 49 279 169 572 250 674 189 964 375 
876 467 601 617 706 947 355 429 44 172 485 183 284 403 777 856 907 2 624 0 148 840 16 466 847 269 681 506 759 384 448 568 812 23 505 505 18 608 542 623 196 567 632 939 810 406 650 274 756 233 73 921 179 73 368 342 616 322 839 889 520 567 771 76 746 535 739 842 731 783 335 496 351 721 841 826 330 836 560 386 448 21 518 308 813 137 928 437 708 565 
199 593 596 512 770 455 373 431 789 24 494 578 158 963 95 866 353 757 428 148 0 912 567 408 32 663 511 604 102 376 881 147 408 91 946 70 523 770 607 620 586 615 613 707 851 231 409 868 252 441 186 858 289 656 97 487 296 453 784 784 955 508 441 973 169 740 424 945 857 297 545 196 109 961 424 435 850 445 768 779 249 844 36 843 189 889 358 113 389 794 
615 851 46 212 820 151 513 406 90 515 966 869 721 204 440 882 481 353 640 840 912 0 101 332 127 712 809 887 83 624 686 908 460 90 51 951 667 759 247 619 543 162 605 884 134 632 635 280 373 649 771 94 72 950 741 128 861 733 332 792 80 795 628 821 961 526 350 762 309 14 279 680 526 257 996 741 810 942 129 73 695 786 310 989 644 882 918 940 845 854 
90 268 540 173 945 564 381 252 9 761 950 297 538 58 253 490 499 345 954 16 567 101 0 184 894 573 34 273 599 701 794 425 614 660 527 710 754 672 908 698 609 820 881 67 558 914 525 907 109 110 49 150 17 1000 667 942 436 636 666 333 928 959 159 706 373 729 460 344 844 243 121 814 568 954 639 226 115 661 285 945 723 841 536 364 627 885 689 945 423 68 
553 443 441 489 384 405 903 767 67 513 272 24 429 976 61 442 789 870 611 466 408 332 184 0 799 696 502 570 871 671 508 308 555 432 549 466 312 240 35 490 522 968 127 59 966 48 383 881 729 809 762 702 77 981 645 979 201 958 555 761 775 845 700 246 986 9 782 955 87 138 434 20 390 830 386 785 496 209 669 524 416 790 896 597 868 628 994 284 297 949 
