40 4
0 151 434 114 589 628 937 808 90 430 262 796 384 112 49 354 432 143 234 213 548 763 998 632 143 149 832 430 909 776 562 741 32 686 403 795 842 379 14 81 
151 0 147 99 130 38 143 932 899 833 494 483 426 811 520 473 540 492 210 881 298 47 917 409 954 219 331 186 196 671 95 365 393 909 280 719 853 653 529 211 
434 147 0 151 534 597 80 663 940 89 906 249 231 471 879 477 24 878 853 429 732 741 58 838 869 673 710 816 644 534 38 494 220 747 397 731 941 978 858 883 
114 99 151 0 322 685 761 602 930 826 963 111 886 373 197 882 323 915 467 396 657 969 871 132 90 566 76 88 656 200 635 390 969 684 36 222 677 297 855 829 
589 130 534 322 0 11 583 239 735 472 698 762 692 302 818 72 982 833 767 11 609 427 690 306 27 606 862 562 306 705 621 799 439 910 51 168 333 413 226 482 
628 38 597 685 11 0 674 515 383 857 506 605 90 479 172 168 372 793 933 507 965 976 286 149 359 945 302 514 532 715 655 349 853 390 441 402 260 271 647 572 
937 143 80 761 583 674 0 763 989 674 875 988 482 728 950 61 425 218 462 763 182 570 165 516 819 135 8 714 816 230 476 65 847 795 807 811 570 366 44 116 
808 932 663 602 239 515 763 0 143 399 644 874 996 918 77 482 49 142 202 530 229 72 756 541 967 88 343 595 799 468 850 613 185 693 192 716 368 37 819 639 
90 899 940 930 735 383 989 143 0 758 721 694 512 899 198 550 902 762 431 686 334 937 865 242 146 750 954 386 810 666 52 977 695 959 214 359 555 884 427 537 
430 833 89 826 472 857 674 399 758 0 710 457 308 18 621 893 496 263 976 399 66 190 791 176 933 815 593 763 70 505 29 15 110 693 771 473 415 872 180 315 
262 494 906 963 698 506 875 644 721 710 0 853 661 756 288 637 537 70 121 827 452 448 888 118 289 949 269 105 457 294 791 670 828 110 377 908 180 856 730 849 
796 483 249 111 762 605 988 874 694 457 853 0 375 591 414 949 844 982 485 285 210 161 875 881 767 415 600 669 492 662 321 681 800 523 388 786 320 453 495 616 
384 426 231 886 692 90 482 996 512 308 661 375 0 851 763 553 769 576 857 359 735 899 250 633 108 488 156 308 307 162 360 366 71 752 186 170 392 628 823 539 
112 811 471 373 302 479 728 918 899 18 756 591 851 0 556 927 907 468 593 966 700 376 990 92 461 361 696 819 966 423 894 75 173 173 860 959 215 2 799 553 
49 520 879 197 818 172 950 77 198 621 288 414 763 556 0 86 292 354 668 321 555 601 929 910 686 178 577 213 934 365 7 220 144 902 310 140 999 551 221 73 
354 473 477 882 72 168 61 482 550 893 637 949 553 927 86 0 811 510 687 500 507 285 770 26 639 299 418 3 316 362 257 612 521 124 869 2 505 413 656 992 
432 540 24 323 982 372 425 49 902 496 537 844 769 907 292 811 0 414 93 948 671 648 182 159 90 166 293 809 699 622 531 362 750 765 962 127 759 71 260 858 
143 492 878 915 833 793 218 142 762 263 70 982 576 468 354 510 414 0 717 651 463 927 116 423 649 694 121 41 432 344 465 620 964 115 798 38 498 863 763 913 
234 210 853 467 767 933 462 202 431 976 121 485 857 593 668 687 93 717 0 500 663 299 758 572 77 160 897 265 849 17 68 765 45 762 978 833 103 924 560 59 
213 881 429 396 11 507 763 530 686 399 827 285 359 966 321 500 948 651 500 0 817 243 557 902 170 634 607 907 795 564 536 217 969 94 159 396 379 268 981 350 
548 298 732 657 609 965 182 229 334 66 452 210 735 700 555 507 671 463 663 817 0 907 706 728 371 404 530 476 891 545 806 691 989 493 928 919 857 233 400 894 
763 47 741 969 427 976 570 72 937 190 448 161 899 376 601 285 648 927 299 243 907 0 525 465 457 56 921 380 704 432 833 24 868 627 971 216 464 243 476 189 
998 917 58 871 690 286 165 756 865 791 888 875 250 990 929 770 182 116 758 557 706 525 0 430 737 516 691 774 544 85 671 637 839 972 199 431 426 426 950 601 
632 409 838 132 306 149 516 541 242 176 118 881 633 92 910 26 159 423 572 902 728 465 430 0 495 780 409 205 377 880 436 591 891 343 481 169 954 403 349 366 
143 954 869 90 27 359 819 967 146 933 289 767 108 461 686 639 90 649 77 170 371 457 737 495 0 72 368 904 368 311 827 526 873 699 510 761 824 774 268 398 
149 219 673 566 606 945 135 88 750 815 949 415 488 361 178 299 166 694 160 634 404 56 516 780 72 0 917 863 708 50 416 484 41 138 663 18 591 34 662 498 
832 331 710 76 862 302 8 343 954 593 269 600 156 696 577 418 293 121 897 607 530 921 691 409 368 917 0 136 397 936 376 243 939 576 186 537 517 95 839 809 
430 186 816 88 562 514 714 595 386 763 105 669 308 819 213 3 809 41 265 907 476 380 774 205 904 863 136 0 859 927 885 55 960 303 174 647 922 706 608 818 
909 196 644 656 306 532 816 799 810 70 457 492 307 966 934 316 699 432 849 795 891 704 544 377 368 708 397 859 0 683 690 184 910 727 731 37 427 49 814 475 
776 671 534 200 705 715 230 468 666 505 294 662 162 423 365 362 622 344 17 564 545 432 85 880 311 50 936 927 683 0 18 175 574 621 394 611 108 784 403 835 
562 95 38 635 621 655 476 850 52 29 791 321 360 894 7 257 531 465 68 536 806 833 671 436 827 416 376 885 690 18 0 822 898 151 318 984 99 692 431 24 
741 365 494 390 799 349 65 613 977 15 670 681 366 75 220 612 362 620 765 217 691 24 637 591 526 484 243 55 184 175 822 0 790 206 818 156 699 764 813 88 
32 393 220 969 439 853 847 185 695 110 828 800 71 173 144 521 750 964 45 969 989 868 839 891 873 41 939 960 910 574 898 790 0 817 703 248 629 659 707 477 
686 909 747 684 910 390 795 693 959 693 110 523 752 173 902 124 765 115 762 94 493 627 972 343 699 138 576 303 727 621 151 206 817 0 548 255 918 223 81 69 
403 280 397 36 51 441 807 192 214 771 377 388 186 860 310 869 962 798 978 159 928 971 199 481 510 663 186 174 731 394 318 818 703 548 0 156 97 288 783 663 
795 719 731 222 168 402 811 716 359 473 908 786 170 959 140 2 127 38 833 396 919 216 431 169 761 18 537 647 37 611 984 156 248 255 156 0 382 166 281 817 
842 853 941 677 333 260 570 368 555 415 180 320 392 215 999 505 759 498 103 379 857 464 426 954 824 591 517 922 427 108 99 699 629 918 97 382 0 568 59 408 
379 653 978 297 413 271 366 37 884 872 856 453 628 2 551 413 71 863 924 268 233 243 426 403 774 34 95 706 49 784 692 764 659 223 288 166 568 0 946 646 
14 529 858 855 226 647 44 819 427 180 730 495 823 799 221 656 260 763 560 981 400 476 950 349 268 662 839 608 814 403 431 813 707 81 783 281 59 946 0 552 
81 211 883 829 482 572 116 639 537 315 849 616 539 553 73 992 858 913 59 350 894 189 601 366 398 498 809 818 475 835 24 88 477 69 663 817 408 646 552 0 
0 651 361 400 689 513 250 213 919 543 950 144 697 175 798 967 587 246 718 952 636 896 629 345 548 230 992 856 16 469 789 658 17 72 658 387 644 358 933 681 
651 0 132 142 484 667 837 573 213 30 260 438 983 717 693 675 707 439 736 964 715 859 927 461 197 690 664 977 131 74 225 44 581 81 747 601 940 144 827 391 
361 132 0 499 23 651 521 230 567 182 507 846 826 380 686 596 896 323 499 156 201 291 520 686 165 365 958 836 927 971 354 227 783 895 574 842 514 743 611 390 
400 142 499 0 281 960 399 863 527 963 511 782 618 969 843 633 817 377 549 768 574 645 131 379 241 717 506 833 613 249 780 840 794 532 470 128 855 411 366 523 
689 484 23 281 0 610 398 226 750 753 262 80 496 906 191 569 883 281 720 619 725 554 255 587 630 825 988 764 608 304 372 167 245 492 780 60 356 787 713 963 
513 667 651 960 610 0 158 696 430 23 624 70 394 299 811 833 804 553 588 989 584 866 846 341 474 953 212 991 310 667 380 602 841 343 89 523 649 834 272 809 
250 837 521 399 398 158 0 828 702 904 986 229 878 638 656 900 744 139 697 296 722 830 602 97 887 196 61 359 2 461 365 906 424 871 561 972 594 100 208 24 
213 573 230 863 226 696 828 0 112 800 731 535 843 110 100 369 572 882 381 347 753 894 517 616 789 63 74 357 312 863 381 668 99 248 427 625 811 149 870 465 
919 213 567 527 750 430 702 112 0 586 986 770 768 762 594 526 404 199 555 76 355 142 581 481 712 762 236 91 323 63 546 285 317 122 897 274 392 672 629 199 
543 30 182 963 753 23 904 800 586 0 732 899 6 945 783 729 777 473 351 838 774 249 461 61 307 137 767 622 667 681 46 34 847 876 773 241 64 922 24 944 
950 260 507 511 262 624 986 731 986 732 0 984 848 247 636 793 669 908 537 617 356 907 192 281 751 590 611 142 598 295 219 894 318 371 72 233 754 427 513 908 
144 438 846 782 80 70 229 535 770 899 984 0 862 355 193 884 780 476 534 658 464 144 724 706 205 521 956 368 145 132 354 320 349 509 742 52 940 891 112 265 
697 983 826 618 496 394 878 843 768 6 848 862 0 115 512 812 563 135 697 493 455 995 190 945 677 665 928 706 291 784 727 223 309 433 377 38 69 582 117 215 
175 717 380 969 906 299 638 110 762 945 247 355 115 0 378 79 265 318 278 180 73 928 848 512 685 217 137 491 68 219 636 78 282 256 425 85 750 748 494 50 
798 693 686 843 191 811 656 100 594 783 636 193 512 378 0 639 780 578 491 68 479 741 409 638 267 924 290 742 787 989 392 592 506 634 905 78 646 16 18 180 
967 675 596 633 569 833 900 369 526 729 793 884 812 79 639 0 194 573 767 846 123 488 380 4 659 51 689 991 140 361 780 545 967 459 60 310 766 744 300 962 
587 707 896 817 883 804 744 572 404 777 669 780 563 265 780 194 0 259 19 151 346 787 994 97 516 402 962 349 906 959 808 218 911 470 985 641 166 846 397 500 
246 439 323 377 281 553 139 882 199 473 908 476 135 318 578 573 259 0 205 986 661 109 741 668 34 614 141 252 510 176 404 62 63 231 132 41 514 257 415 381 
718 736 499 549 720 588 697 381 555 351 537 534 697 278 491 767 19 205 0 658 182 783 958 187 52 854 472 505 462 304 289 453 550 312 436 452 814 121 544 972 
952 964 156 768 619 989 296 347 76 838 617 658 493 180 68 846 151 986 658 0 845 113 517 583 228 623 143 952 470 916 409 693 590 431 95 834 441 731 152 748 
636 715 201 574 725 584 722 753 355 774 356 464 455 73 479 123 346 661 182 845 0 625 51 717 561 407 425 139 816 466 407 576 130 42 570 887 680 460 878 674 
896 859 291 645 554 866 830 894 142 249 907 144 995 928 741 488 787 109 783 113 625 0 992 116 949 500 615 672 789 680 594 137 857 684 393 391 94 954 72 853 
629 927 520 131 255 846 602 517 581 461 192 724 190 848 409 380 994 741 958 517 51 992 0 451 2 806 929 862 985 49 553 283 256 838 564 309 510 5 508 786 
345 461 686 379 587 341 97 616 481 61 281 706 945 512 638 4 97 668 187 583 717 116 451 0 421 138 834 554 606 361 709 270 735 796 124 458 895 956 488 409 
548 197 165 241 630 474 887 789 712 307 751 205 677 685 267 659 516 34 52 228 561 949 2 421 0 290 513 543 357 163 724 958 65 209 446 913 494 532 504 934 
230 690 365 717 825 953 196 63 762 137 590 521 665 217 924 51 402 614 854 623 407 500 806 138 290 0 384 283 36 960 884 553 772 51 213 325 848 775 447 239 
992 664 958 506 988 212 61 74 236 767 611 956 928 137 290 689 962 141 472 143 425 615 929 834 513 384 0 493 730 690 307 618 302 330 68 858 734 66 849 642 
856 977 836 833 764 991 359 357 91 622 142 368 706 491 742 991 349 252 505 952 139 672 862 554 543 283 493 0 860 845 113 910 133 35 343 983 222 376 654 898 
16 131 927 613 608 310 2 312 323 667 598 145 291 68 787 140 906 510 462 470 816 789 985 606 357 36 730 860 0 112 379 111 174 239 529 708 662 633 265 148 
469 74 971 249 304 667 461 863 63 681 295 132 784 219 989 361 959 176 304 916 466 680 49 361 163 960 690 845 112 0 639 348 64 23 255 469 538 844 536 982 
789 225 354 780 372 380 365 381 546 46 219 354 727 636 392 780 808 404 289 409 407 594 553 709 724 884 307 113 379 639 0 902 794 457 142 194 165 275 122 702 
658 44 227 840 167 602 906 668 285 34 894 320 223 78 592 545 218 62 453 693 576 137 283 270 958 553 618 910 111 348 902 0 855 346 845 318 321 784 527 670 
17 581 783 794 245 841 424 99 317 847 318 349 309 282 506 967 911 63 550 590 130 857 256 735 65 772 302 133 174 64 794 855 0 120 849 915 918 553 482 58 
72 81 895 532 492 343 871 248 122 876 371 509 433 256 634 459 470 231 312 431 42 684 838 796 209 51 330 35 239 23 457 346 120 0 872 573 6 635 497 432 
658 747 574 470 780 89 561 427 897 773 72 742 377 425 905 60 985 132 436 95 570 393 564 124 446 213 68 343 529 255 142 845 849 872 0 766 188 482 943 327 
387 601 842 128 60 523 972 625 274 241 233 52 38 85 78 310 641 41 452 834 887 391 309 458 913 325 858 983 708 469 194 318 915 573 766 0 789 529 697 635 
644 940 514 855 356 649 594 811 392 64 754 940 69 750 646 766 166 514 814 441 680 94 510 895 494 848 734 222 662 538 165 321 918 6 188 789 0 993 392 614 
358 144 743 411 787 834 100 149 672 922 427 891 582 748 16 744 846 257 121 731 460 954 5 956 532 775 66 376 633 844 275 784 553 635 482 529 993 0 605 173 
933 827 611 366 713 272 208 870 629 24 513 112 117 494 18 300 397 415 544 152 878 72 508 488 504 447 849 654 265 536 122 527 482 497 943 697 392 605 0 129 
681 391 390 523 963 809 24 465 199 944 908 265 215 50 180 962 500 381 972 748 674 853 786 409 934 239 642 898 148 982 702 670 58 432 327 635 614 173 129 0 
0 651 361 400 689 513 250 213 919 543 950 144 697 175 798 967 587 246 718 952 636 896 629 345 548 230 992 856 16 469 789 658 17 72 658 387 644 358 933 681 
651 0 132 142 484 667 837 573 213 30 260 438 983 717 693 675 707 439 736 964 715 859 927 461 197 690 664 977 131 74 225 44 581 81 747 601 940 144 827 391 
361 132 0 499 23 651 521 230 567 182 507 846 826 380 686 596 896 323 499 156 201 291 520 686 165 365 958 836 927 971 354 227 783 895 574 842 514 743 611 390 
400 142 499 0 281 960 399 863 527 963 511 782 618 969 843 633 817 377 549 768 574 645 131 379 241 717 506 833 613 249 780 840 794 532 470 128 855 411 366 523 
689 484 23 281 0 610 398 226 750 753 262 80 496 906 191 569 883 281 720 619 725 554 255 587 630 825 988 764 608 304 372 167 245 492 780 60 356 787 713 963 
513 667 651 960 610 0 158 696 430 23 624 70 394 299 811 833 804 553 588 989 584 866 846 341 474 953 212 991 310 667 380 602 841 343 89 523 649 834 272 809 
250 837 521 399 398 158 0 828 702 904 986 229 878 638 656 900 744 139 697 296 722 830 602 97 887 196 61 359 2 461 365 906 424 871 561 972 594 100 208 24 
213 573 230 863 226 696 828 0 112 800 731 535 843 110 100 369 572 882 381 347 753 894 517 616 789 63 74 357 312 863 381 668 99 248 427 625 811 149 870 465 
919 213 567 527 750 430 702 112 0 586 986 770 768 762 594 526 404 199 555 76 355 142 581 481 712 762 236 91 323 63 546 285 317 122 897 274 392 672 629 199 
543 30 182 963 753 23 904 800 586 0 732 899 6 945 783 729 777 473 351 838 774 249 461 61 307 137 767 622 667 681 46 34 847 876 773 241 64 922 24 944 
950 260 507 511 262 624 986 731 986 732 0 984 848 247 636 793 669 908 537 617 356 907 192 281 751 590 611 142 598 295 219 894 318 371 72 233 754 427 513 908 
144 438 846 782 80 70 229 535 770 899 984 0 862 355 193 884 780 476 534 658 464 144 724 706 205 521 956 368 145 132 354 320 349 509 742 52 940 891 112 265 
697 983 826 618 496 394 878 843 768 6 848 862 0 115 512 812 563 135 697 493 455 995 190 945 677 665 928 706 291 784 727 223 309 433 377 38 69 582 117 215 
175 717 380 969 906 299 638 110 762 945 247 355 115 0 378 79 265 318 278 180 73 928 848 512 685 217 137 491 68 219 636 78 282 256 425 85 750 748 494 50 
798 693 686 843 191 811 656 100 594 783 636 193 512 378 0 639 780 578 491 68 479 741 409 638 267 924 290 742 787 989 392 592 506 634 905 78 646 16 18 180 
967 675 596 633 569 833 900 369 526 729 793 884 812 79 639 0 194 573 767 846 123 488 380 4 659 51 689 991 140 361 780 545 967 459 60 310 766 744 300 962 
587 707 896 817 883 804 744 572 404 777 669 780 563 265 780 194 0 259 19 151 346 787 994 97 516 402 962 349 906 959 808 218 911 470 985 641 166 846 397 500 
246 439 323 377 281 553 139 882 199 473 908 476 135 318 578 573 259 0 205 986 661 109 741 668 34 614 141 252 510 176 404 62 63 231 132 41 514 257 415 381 
718 736 499 549 720 588 697 381 555 351 537 534 697 278 491 767 19 205 0 658 182 783 958 187 52 854 472 505 462 304 289 453 550 312 436 452 814 121 544 972 
952 964 156 768 619 989 296 347 76 838 617 658 493 180 68 846 151 986 658 0 845 113 517 583 228 623 143 952 470 916 409 693 590 431 95 834 441 731 152 748 
636 715 201 574 725 584 722 753 355 774 356 464 455 73 479 123 346 661 182 845 0 625 51 717 561 407 425 139 816 466 407 576 130 42 570 887 680 460 878 674 
896 859 291 645 554 866 830 894 142 249 907 144 995 928 741 488 787 109 783 113 625 0 992 116 949 500 615 672 789 680 594 137 857 684 393 391 94 954 72 853 
629 927 520 131 255 846 602 517 581 461 192 724 190 848 409 380 994 741 958 517 51 992 0 451 2 806 929 862 985 49 553 283 256 838 564 309 510 5 508 786 
345 461 686 379 587 341 97 616 481 61 281 706 945 512 638 4 97 668 187 583 717 116 451 0 421 138 834 554 606 361 709 270 735 796 124 458 895 956 488 409 
548 197 165 241 630 474 887 789 712 307 751 205 677 685 267 659 516 34 52 228 561 949 2 421 0 290 513 543 357 163 724 958 65 209 446 913 494 532 504 934 
230 690 365 717 825 953 196 63 762 137 590 521 665 217 924 51 402 614 854 623 407 500 806 138 290 0 384 283 36 960 884 553 772 51 213 325 848 775 447 239 
992 664 958 506 988 212 61 74 236 767 611 956 928 137 290 689 962 141 472 143 425 615 929 834 513 384 0 493 730 690 307 618 302 330 68 858 734 66 849 642 
856 977 836 833 764 991 359 357 91 622 142 368 706 491 742 991 349 252 505 952 139 672 862 554 543 283 493 0 860 845 113 910 133 35 343 983 222 376 654 898 
16 131 927 613 608 310 2 312 323 667 598 145 291 68 787 140 906 510 462 470 816 789 985 606 357 36 730 860 0 112 379 111 174 239 529 708 662 633 265 148 
469 74 971 249 304 667 461 863 63 681 295 132 784 219 989 361 959 176 304 916 466 680 49 361 163 960 690 845 112 0 639 348 64 23 255 469 538 844 536 982 
789 225 354 780 372 380 365 381 546 46 219 354 727 636 392 780 808 404 289 409 407 594 553 709 724 884 307 113 379 639 0 902 794 457 142 194 165 275 122 702 
658 44 227 840 167 602 906 668 285 34 894 320 223 78 592 545 218 62 453 693 576 137 283 270 958 553 618 910 111 348 902 0 855 346 845 318 321 784 527 670 
17 581 783 794 245 841 424 99 317 847 318 349 309 282 506 967 911 63 550 590 130 857 256 735 65 772 302 133 174 64 794 855 0 120 849 915 918 553 482 58 
72 81 895 532 492 343 871 248 122 876 371 509 433 256 634 459 470 231 312 431 42 684 838 796 209 51 330 35 239 23 457 346 120 0 872 573 6 635 497 432 
658 747 574 470 780 89 561 427 897 773 72 742 377 425 905 60 985 132 436 95 570 393 564 124 446 213 68 343 529 255 142 845 849 872 0 766 188 482 943 327 
387 601 842 128 60 523 972 625 274 241 233 52 38 85 78 310 641 41 452 834 887 391 309 458 913 325 858 983 708 469 194 318 915 573 766 0 789 529 697 635 
644 940 514 855 356 649 594 811 392 64 754 940 69 750 646 766 166 514 814 441 680 94 510 895 494 848 734 222 662 538 165 321 918 6 188 789 0 993 392 614 
358 144 743 411 787 834 100 149 672 922 427 891 582 748 16 744 846 257 121 731 460 954 5 956 532 775 66 376 633 844 275 784 553 635 482 529 993 0 605 173 
933 827 611 366 713 272 208 870 629 24 513 112 117 494 18 300 397 415 544 152 878 72 508 488 504 447 849 654 265 536 122 527 482 497 943 697 392 605 0 129 
681 391 390 523 963 809 24 465 199 944 908 265 215 50 180 962 500 381 972 748 674 853 786 409 934 239 642 898 148 982 702 670 58 432 327 635 614 173 129 0 
0 651 361 400 689 513 250 213 919 543 950 144 697 175 798 967 587 246 718 952 636 896 629 345 548 230 992 856 16 469 789 658 17 72 658 387 644 358 933 681 
651 0 132 142 484 667 837 573 213 30 260 438 983 717 693 675 707 439 736 964 715 859 927 461 197 690 664 977 131 74 225 44 581 81 747 601 940 144 827 391 
361 132 0 499 23 651 521 230 567 182 507 846 826 380 686 596 896 323 499 156 201 291 520 686 165 365 958 836 927 971 354 227 783 895 574 842 514 743 611 390 
400 142 499 0 281 960 399 863 527 963 511 782 618 969 843 633 817 377 549 768 574 645 131 379 241 717 506 833 613 249 780 840 794 532 470 128 855 411 366 523 
689 484 23 281 0 610 398 226 750 753 262 80 496 906 191 569 883 281 720 619 725 554 255 587 630 825 988 764 608 304 372 167 245 492 780 60 356 787 713 963 
513 667 651 960 610 0 158 696 430 23 624 70 394 299 811 833 804 553 588 989 584 866 846 341 474 953 212 991 310 667 380 602 841 343 89 523 649 834 272 809 
250 837 521 399 398 158 0 828 702 904 986 229 878 638 656 900 744 139 697 296 722 830 602 97 887 196 61 359 2 461 365 906 424 871 561 972 594 100 208 24 
213 573 230 863 226 696 828 0 112 800 731 535 843 110 100 369 572 882 381 347 753 894 517 616 789 63 74 357 312 863 381 668 99 248 427 625 811 149 870 465 
919 213 567 527 750 430 702 112 0 586 986 770 768 762 594 526 404 199 555 76 355 142 581 481 712 762 236 91 323 63 546 285 317 122 897 274 392 672 629 199 
543 30 182 963 753 23 904 800 586 0 732 899 6 945 783 729 777 473 351 838 774 249 461 61 307 137 767 622 667 681 46 34 847 876 773 241 64 922 24 944 
950 260 507 511 262 624 986 731 986 732 0 984 848 247 636 793 669 908 537 617 356 907 192 281 751 590 611 142 598 295 219 894 318 371 72 233 754 427 513 908 
144 438 846 782 80 70 229 535 770 899 984 0 862 355 193 884 780 476 534 658 464 144 724 706 205 521 956 368 145 132 354 320 349 509 742 52 940 891 112 265 
697 983 826 618 496 394 878 843 768 6 848 862 0 115 512 812 563 135 697 493 455 995 190 945 677 665 928 706 291 784 727 223 309 433 377 38 69 582 117 215 
175 717 380 969 906 299 638 110 762 945 247 355 115 0 378 79 265 318 278 180 73 928 848 512 685 217 137 491 68 219 636 78 282 256 425 85 750 748 494 50 
798 693 686 843 191 811 656 100 594 783 636 193 512 378 0 639 780 578 491 68 479 741 409 638 267 924 290 742 787 989 392 592 506 634 905 78 646 16 18 180 
967 675 596 633 569 833 900 369 526 729 793 884 812 79 639 0 194 573 767 846 123 488 380 4 659 51 689 991 140 361 780 545 967 459 60 310 766 744 300 962 
587 707 896 817 883 804 744 572 404 777 669 780 563 265 780 194 0 259 19 151 346 787 994 97 516 402 962 349 906 959 808 218 911 470 985 641 166 846 397 500 
246 439 323 377 281 553 139 882 199 473 908 476 135 318 578 573 259 0 205 986 661 109 741 668 34 614 141 252 510 176 404 62 63 231 132 41 514 257 415 381 
718 736 499 549 720 588 697 381 555 351 537 534 697 278 491 767 19 205 0 658 182 783 958 187 52 854 472 505 462 304 289 453 550 312 436 452 814 121 544 972 
952 964 156 768 619 989 296 347 76 838 617 658 493 180 68 846 151 986 658 0 845 113 517 583 228 623 143 952 470 916 409 693 590 431 95 834 441 731 152 748 
636 715 201 574 725 584 722 753 355 774 356 464 455 73 479 123 346 661 182 845 0 625 51 717 561 407 425 139 816 466 407 576 130 42 570 887 680 460 878 674 
896 859 291 645 554 866 830 894 142 249 907 144 995 928 741 488 787 109 783 113 625 0 992 116 949 500 615 672 789 680 594 137 857 684 393 391 94 954 72 853 
629 927 520 131 255 846 602 517 581 461 192 724 190 848 409 380 994 741 958 517 51 992 0 451 2 806 929 862 985 49 553 283 256 838 564 309 510 5 508 786 
345 461 686 379 587 341 97 616 481 61 281 706 945 512 638 4 97 668 187 583 717 116 451 0 421 138 834 554 606 361 709 270 735 796 124 458 895 956 488 409 
548 197 165 241 630 474 887 789 712 307 751 205 677 685 267 659 516 34 52 228 561 949 2 421 0 290 513 543 357 163 724 958 65 209 446 913 494 532 504 934 
230 690 365 717 825 953 196 63 762 137 590 521 665 217 924 51 402 614 854 623 407 500 806 138 290 0 384 283 36 960 884 553 772 51 213 325 848 775 447 239 
992 664 958 506 988 212 61 74 236 767 611 956 928 137 290 689 962 141 472 143 425 615 929 834 513 384 0 493 730 690 307 618 302 330 68 858 734 66 849 642 
856 977 836 833 764 991 359 357 91 622 142 368 706 491 742 991 349 252 505 952 139 672 862 554 543 283 493 0 860 845 113 910 133 35 343 983 222 376 654 898 
16 131 927 613 608 310 2 312 323 667 598 145 291 68 787 140 906 510 462 470 816 789 985 606 357 36 730 860 0 112 379 111 174 239 529 708 662 633 265 148 
469 74 971 249 304 667 461 863 63 681 295 132 784 219 989 361 959 176 304 916 466 680 49 361 163 960 690 845 112 0 639 348 64 23 255 469 538 844 536 982 
789 225 354 780 372 380 365 381 546 46 219 354 727 636 392 780 808 404 289 409 407 594 553 709 724 884 307 113 379 639 0 902 794 457 142 194 165 275 122 702 
658 44 227 840 167 602 906 668 285 34 894 320 223 78 592 545 218 62 453 693 576 137 283 270 958 553 618 910 111 348 902 0 855 346 845 318 321 784 527 670 
17 581 783 794 245 841 424 99 317 847 318 349 309 282 506 967 911 63 550 590 130 857 256 735 65 772 302 133 174 64 794 855 0 120 849 915 918 553 482 58 
72 81 895 532 492 343 871 248 122 876 371 509 433 256 634 459 470 231 312 431 42 684 838 796 209 51 330 35 239 23 457 346 120 0 872 573 6 635 497 432 
658 747 574 470 780 89 561 427 897 773 72 742 377 425 905 60 985 132 436 95 570 393 564 124 446 213 68 343 529 255 142 845 849 872 0 766 188 482 943 327 
387 601 842 128 60 523 972 625 274 241 233 52 38 85 78 310 641 41 452 834 887 391 309 458 913 325 858 983 708 469 194 318 915 573 766 0 789 529 697 635 
644 940 514 855 356 649 594 811 392 64 754 940 69 750 646 766 166 514 814 441 680 94 510 895 494 848 734 222 662 538 165 321 918 6 188 789 0 993 392 614 
358 144 743 411 787 834 100 149 672 922 427 891 582 748 16 744 846 257 121 731 460 954 5 956 532 775 66 376 633 844 275 784 553 635 482 529 993 0 605 173 
933 827 611 366 713 272 208 870 629 24 513 112 117 494 18 300 397 415 544 152 878 72 508 488 504 447 849 654 265 536 122 527 482 497 943 697 392 605 0 129 
681 391 390 523 963 809 24 465 199 944 908 265 215 50 180 962 500 381 972 748 674 853 786 409 934 239 642 898 148 982 702 670 58 432 327 635 614 173 129 0 
0 651 361 400 689 513 250 213 919 543 950 144 697 175 798 967 587 246 718 952 636 896 629 345 548 230 992 856 16 469 789 658 17 72 658 387 644 358 933 681 
651 0 132 142 484 667 837 573 213 30 260 438 983 717 693 675 707 439 736 964 715 859 927 461 197 690 664 977 131 74 225 44 581 81 747 601 940 144 827 391 
361 132 0 499 23 651 521 230 567 182 507 846 826 380 686 596 896 323 499 156 201 291 520 686 165 365 958 836 927 971 354 227 783 895 574 842 514 743 611 390 
400 142 499 0 281 960 399 863 527 963 511 782 618 969 843 633 817 377 549 768 574 645 131 379 241 717 506 833 613 249 780 840 794 532 470 128 855 411 366 523 
689 484 23 281 0 610 398 226 750 753 262 80 496 906 191 569 883 281 720 619 725 554 255 587 630 825 988 764 608 304 372 167 245 492 780 60 356 787 713 963 
513 667 651 960 610 0 158 696 430 23 624 70 394 299 811 833 804 553 588 989 584 866 846 341 474 953 212 991 310 667 380 602 841 343 89 523 649 834 272 809 
250 837 521 399 398 158 0 828 702 904 986 229 878 638 656 900 744 139 697 296 722 830 602 97 887 196 61 359 2 461 365 906 424 871 561 972 594 100 208 24 
213 573 230 863 226 696 828 0 112 800 731 535 843 110 100 369 572 882 381 347 753 894 517 616 789 63 74 357 312 863 381 668 99 248 427 625 811 149 870 465 
919 213 567 527 750 430 702 112 0 586 986 770 768 762 594 526 404 199 555 76 355 142 581 481 712 762 236 91 323 63 546 285 317 122 897 274 392 672 629 199 
543 30 182 963 753 23 904 800 586 0 732 899 6 945 783 729 777 473 351 838 774 249 461 61 307 137 767 622 667 681 46 34 847 876 773 241 64 922 24 944 
950 260 507 511 262 624 986 731 986 732 0 984 848 247 636 793 669 908 537 617 356 907 192 281 751 590 611 142 598 295 219 894 318 371 72 233 754 427 513 908 
144 438 846 782 80 70 229 535 770 899 984 0 862 355 193 884 780 476 534 658 464 144 724 706 205 521 956 368 145 132 354 320 349 509 742 52 940 891 112 265 
697 983 826 618 496 394 878 843 768 6 848 862 0 115 512 812 563 135 697 493 455 995 190 945 677 665 928 706 291 784 727 223 309 433 377 38 69 582 117 215 
175 717 380 969 906 299 638 110 762 945 247 355 115 0 378 79 265 318 278 180 73 928 848 512 685 217 137 491 68 219 636 78 282 256 425 85 750 748 494 50 
798 693 686 843 191 811 656 100 594 783 636 193 512 378 0 639 780 578 491 68 479 741 409 638 267 924 290 742 787 989 392 592 506 634 905 78 646 16 18 180 
967 675 596 633 569 833 900 369 526 729 793 884 812 79 639 0 194 573 767 846 123 488 380 4 659 51 689 991 140 361 780 545 967 459 60 310 766 744 300 962 
587 707 896 817 883 804 744 572 404 777 669 780 563 265 780 194 0 259 19 151 346 787 994 97 516 402 962 349 906 959 808 218 911 470 985 641 166 846 397 500 
246 439 323 377 281 553 139 882 199 473 908 476 135 318 578 573 259 0 205 986 661 109 741 668 34 614 141 252 510 176 404 62 63 231 132 41 514 257 415 381 
718 736 499 549 720 588 697 381 555 351 537 534 697 278 491 767 19 205 0 658 182 783 958 187 52 854 472 505 462 304 289 453 550 312 436 452 814 121 544 972 
952 964 156 768 619 989 296 347 76 838 617 658 493 180 68 846 151 986 658 0 845 113 517 583 228 623 143 952 470 916 409 693 590 431 95 834 441 731 152 748 
636 715 201 574 725 584 722 753 355 774 356 464 455 73 479 123 346 661 182 845 0 625 51 717 561 407 425 139 816 466 407 576 130 42 570 887 680 460 878 674 
896 859 291 645 554 866 830 894 142 249 907 144 995 928 741 488 787 109 783 113 625 0 992 116 949 500 615 672 789 680 594 137 857 684 393 391 94 954 72 853 
629 927 520 131 255 846 602 517 581 461 192 724 190 848 409 380 994 741 958 517 51 992 0 451 2 806 929 862 985 49 553 283 256 838 564 309 510 5 508 786 
345 461 686 379 587 341 97 616 481 61 281 706 945 512 638 4 97 668 187 583 717 116 451 0 421 138 834 554 606 361 709 270 735 796 124 458 895 956 488 409 
548 197 165 241 630 474 887 789 712 307 751 205 677 685 267 659 516 34 52 228 561 949 2 421 0 290 513 543 357 163 724 958 65 209 446 913 494 532 504 934 
230 690 365 717 825 953 196 63 762 137 590 521 665 217 924 51 402 614 854 623 407 500 806 138 290 0 384 283 36 960 884 553 772 51 213 325 848 775 447 239 
992 664 958 506 988 212 61 74 236 767 611 956 928 137 290 689 962 141 472 143 425 615 929 834 513 384 0 493 730 690 307 618 302 330 68 858 734 66 849 642 
856 977 836 833 764 991 359 357 91 622 142 368 706 491 742 991 349 252 505 952 139 672 862 554 543 283 493 0 860 845 113 910 133 35 343 983 222 376 654 898 
16 131 927 613 608 310 2 312 323 667 598 145 291 68 787 140 906 510 462 470 816 789 985 606 357 36 730 860 0 112 379 111 174 239 529 708 662 633 265 148 
469 74 971 249 304 667 461 863 63 681 295 132 784 219 989 361 959 176 304 916 466 680 49 361 163 960 690 845 112 0 639 348 64 23 255 469 538 844 536 982 
789 225 354 780 372 380 365 381 546 46 219 354 727 636 392 780 808 404 289 409 407 594 553 709 724 884 307 113 379 639 0 902 794 457 142 194 165 275 122 702 
658 44 227 840 167 602 906 668 285 34 894 320 223 78 592 545 218 62 453 693 576 137 283 270 958 553 618 910 111 348 902 0 855 346 845 318 321 784 527 670 
17 581 783 794 245 841 424 99 317 847 318 349 309 282 506 967 911 63 550 590 130 857 256 735 65 772 302 133 174 64 794 855 0 120 849 915 918 553 482 58 
72 81 895 532 492 343 871 248 122 876 371 509 433 256 634 459 470 231 312 431 42 684 838 796 209 51 330 35 239 23 457 346 120 0 872 573 6 635 497 432 
658 747 574 470 780 89 561 427 897 773 72 742 377 425 905 60 985 132 436 95 570 393 564 124 446 213 68 343 529 255 142 845 849 872 0 766 188 482 943 327 
387 601 842 128 60 523 972 625 274 241 233 52 38 85 78 310 641 41 452 834 887 391 309 458 913 325 858 983 708 469 194 318 915 573 766 0 789 529 697 635 
644 940 514 855 356 649 594 811 392 64 754 940 69 750 646 766 166 514 814 441 680 94 510 895 494 848 734 222 662 538 165 321 918 6 188 789 0 993 392 614 
358 144 743 411 787 834 100 149 672 922 427 891 582 748 16 744 846 257 121 731 460 954 5 956 532 775 66 376 633 844 275 784 553 635 482 529 993 0 605 173 
933 827 611 366 713 272 208 870 629 24 513 112 117 494 18 300 397 415 544 152 878 72 508 488 504 447 849 654 265 536 122 527 482 497 943 697 392 605 0 129 
681 391 390 523 963 809 24 465 199 944 908 265 215 50 180 962 500 381 972 748 674 853 786 409 934 239 642 898 148 982 702 670 58 432 327 635 614 173 129 0 
