40 4
0 517 195 327 715 90 387 78 644 92 45 374 501 272 763 488 956 842 729 133 711 836 449 431 608 986 500 648 132 132 188 553 515 94 958 120 302 941 279 182 
517 0 917 814 781 989 132 624 487 235 241 164 635 858 97 269 571 515 782 562 457 757 417 787 327 53 446 193 867 579 839 778 279 694 426 404 284 617 837 529 
195 917 0 282 156 229 295 947 269 695 342 580 344 133 751 424 777 70 442 251 790 620 799 195 919 333 710 598 48 732 196 526 302 470 504 295 808 223 43 839 
327 814 282 0 125 124 207 379 633 813 969 168 433 498 955 53 915 586 909 924 807 329 803 522 164 297 752 138 543 315 411 498 332 261 560 93 875 321 612 179 
715 781 156 125 0 835 898 23 878 622 282 749 698 251 654 678 804 179 918 242 77 517 990 640 230 250 491 522 886 497 873 773 540 543 297 700 718 443 847 648 
90 989 229 124 835 0 189 937 545 527 25 148 266 963 872 232 701 860 436 651 346 137 432 842 925 294 756 155 874 413 267 216 153 188 13 377 19 157 292 557 
387 132 295 207 898 189 0 45 474 18 941 990 81 349 339 408 657 358 193 663 66 987 275 661 650 670 582 287 254 249 330 736 688 795 141 871 384 253 371 232 
78 624 947 379 23 937 45 0 3 941 188 730 428 832 12 774 585 63 234 781 653 169 836 833 389 752 375 732 499 216 165 447 98 321 871 191 40 950 974 680 
644 487 269 633 878 545 474 3 0 281 111 723 594 917 804 60 333 984 482 338 747 612 837 909 986 73 305 515 644 780 661 215 522 306 284 470 277 432 611 498 
92 235 695 813 622 527 18 941 281 0 926 834 995 611 984 718 899 643 498 404 717 753 200 31 226 684 448 588 862 400 155 731 80 165 616 466 98 44 635 100 
45 241 342 969 282 25 941 188 111 926 0 342 36 478 828 472 524 656 442 763 760 261 126 432 470 391 640 607 306 949 164 260 642 602 253 457 494 343 263 70 
374 164 580 168 749 148 990 730 723 834 342 0 211 88 869 676 811 149 520 560 270 40 838 25 125 333 262 325 774 8 454 903 598 52 720 484 489 267 657 717 
501 635 344 433 698 266 81 428 594 995 36 211 0 905 165 882 619 602 102 218 550 668 84 235 42 765 733 813 572 544 622 594 911 70 332 297 80 565 749 793 
272 858 133 498 251 963 349 832 917 611 478 88 905 0 796 730 774 159 701 245 598 11 188 97 51 312 756 345 136 638 20 76 622 31 604 434 136 585 208 990 
763 97 751 955 654 872 339 12 804 984 828 869 165 796 0 718 603 116 51 273 474 497 59 831 55 295 321 332 467 696 210 668 786 40 972 199 165 100 252 316 
488 269 424 53 678 232 408 774 60 718 472 676 882 730 718 0 959 224 239 7 408 164 967 408 102 715 698 906 389 380 7 22 215 523 272 447 509 884 824 274 
956 571 777 915 804 701 657 585 333 899 524 811 619 774 603 959 0 491 690 71 442 134 521 676 718 2 736 478 698 536 602 295 566 152 547 44 935 824 825 407 
842 515 70 586 179 860 358 63 984 643 656 149 602 159 116 224 491 0 328 68 634 40 691 768 594 656 298 318 182 130 924 642 432 962 353 477 676 195 749 795 
729 782 442 909 918 436 193 234 482 498 442 520 102 701 51 239 690 328 0 203 235 677 198 836 483 493 989 652 971 410 31 279 238 818 472 691 301 96 700 911 
133 562 251 924 242 651 663 781 338 404 763 560 218 245 273 7 71 68 203 0 849 625 142 193 221 160 504 299 960 294 771 594 371 551 774 393 47 781 315 20 
711 457 790 807 77 346 66 653 747 717 760 270 550 598 474 408 442 634 235 849 0 594 139 562 815 940 522 307 316 376 4 550 919 258 853 468 531 613 709 452 
836 757 620 329 517 137 987 169 612 753 261 40 668 11 497 164 134 40 677 625 594 0 893 589 53 874 515 623 477 310 517 818 335 919 585 340 982 71 831 947 
449 417 799 803 990 432 275 836 837 200 126 838 84 188 59 967 521 691 198 142 139 893 0 64 485 446 724 897 757 214 752 247 218 934 455 278 749 393 113 503 
431 787 195 522 640 842 661 833 909 31 432 25 235 97 831 408 676 768 836 193 562 589 64 0 360 443 100 933 811 223 290 923 408 343 521 360 421 408 671 219 
608 327 919 164 230 925 650 389 986 226 470 125 42 51 55 102 718 594 483 221 815 53 485 360 0 315 855 553 401 253 980 150 101 698 130 425 145 76 648 158 
986 53 333 297 250 294 670 752 73 684 391 333 765 312 295 715 2 656 493 160 940 874 446 443 315 0 487 64 637 413 536 138 940 880 7 675 684 488 303 731 
500 446 710 752 491 756 582 375 305 448 640 262 733 756 321 698 736 298 989 504 522 515 724 100 855 487 0 985 503 288 185 887 925 926 211 510 387 986 441 807 
648 193 598 138 522 155 287 732 515 588 607 325 813 345 332 906 478 318 652 299 307 623 897 933 553 64 985 0 125 8 829 314 97 100 345 105 367 550 646 79 
132 867 48 543 886 874 254 499 644 862 306 774 572 136 467 389 698 182 971 960 316 477 757 811 401 637 503 125 0 255 736 210 368 926 342 197 575 299 149 850 
132 579 732 315 497 413 249 216 780 400 949 8 544 638 696 380 536 130 410 294 376 310 214 223 253 413 288 8 255 0 78 162 263 222 818 751 760 518 481 134 
188 839 196 411 873 267 330 165 661 155 164 454 622 20 210 7 602 924 31 771 4 517 752 290 980 536 185 829 736 78 0 29 177 694 887 267 41 531 975 770 
553 778 526 498 773 216 736 447 215 731 260 903 594 76 668 22 295 642 279 594 550 818 247 923 150 138 887 314 210 162 29 0 199 458 548 129 581 187 304 79 
515 279 302 332 540 153 688 98 522 80 642 598 911 622 786 215 566 432 238 371 919 335 218 408 101 940 925 97 368 263 177 199 0 19 77 846 290 367 995 243 
94 694 470 261 543 188 795 321 306 165 602 52 70 31 40 523 152 962 818 551 258 919 934 343 698 880 926 100 926 222 694 458 19 0 914 108 122 629 334 497 
958 426 504 560 297 13 141 871 284 616 253 720 332 604 972 272 547 353 472 774 853 585 455 521 130 7 211 345 342 818 887 548 77 914 0 219 267 814 223 305 
120 404 295 93 700 377 871 191 470 466 457 484 297 434 199 447 44 477 691 393 468 340 278 360 425 675 510 105 197 751 267 129 846 108 219 0 398 692 940 280 
302 284 808 875 718 19 384 40 277 98 494 489 80 136 165 509 935 676 301 47 531 982 749 421 145 684 387 367 575 760 41 581 290 122 267 398 0 660 385 511 
941 617 223 321 443 157 253 950 432 44 343 267 565 585 100 884 824 195 96 781 613 71 393 408 76 488 986 550 299 518 531 187 367 629 814 692 660 0 947 828 
279 837 43 612 847 292 371 974 611 635 263 657 749 208 252 824 825 749 700 315 709 831 113 671 648 303 441 646 149 481 975 304 995 334 223 940 385 947 0 415 
182 529 839 179 648 557 232 680 498 100 70 717 793 990 316 274 407 795 911 20 452 947 503 219 158 731 807 79 850 134 770 79 243 497 305 280 511 828 415 0 
0 138 458 388 917 92 189 490 514 71 323 566 729 404 47 396 889 253 663 597 722 39 557 926 161 268 240 748 322 766 973 257 340 821 224 271 974 52 846 695 
138 0 31 587 545 586 614 291 519 174 185 763 251 400 201 390 892 615 352 404 49 630 424 586 422 196 701 243 97 5 260 448 725 884 944 646 816 227 535 291 
458 31 0 647 407 503 430 629 198 890 174 271 828 591 360 787 101 429 845 389 556 157 682 617 663 772 517 521 756 655 71 645 192 996 213 38 755 369 755 535 
388 587 647 0 815 557 873 981 155 343 770 637 428 880 263 541 889 409 611 52 806 790 77 955 595 668 89 117 171 833 84 948 721 845 35 483 983 293 584 11 
917 545 407 815 0 6 21 503 780 5 382 637 38 671 862 175 219 904 689 806 897 630 545 133 767 263 799 753 417 656 768 114 926 219 215 945 67 695 815 659 
92 586 503 557 6 0 651 649 31 789 631 431 342 467 114 395 623 531 92 413 776 478 686 903 147 969 935 327 965 302 717 723 969 537 597 216 150 207 675 289 
189 614 430 873 21 651 0 97 1 453 266 714 803 433 972 760 653 931 527 15 800 633 979 60 984 556 873 470 186 560 488 204 687 957 824 178 307 26 756 781 
490 291 629 981 503 649 97 0 925 582 658 548 372 411 757 133 12 763 889 26 64 954 847 937 226 718 12 299 373 610 946 669 574 92 791 536 182 19 805 59 
514 519 198 155 780 31 1 925 0 624 58 12 41 650 720 525 695 481 874 160 856 631 208 810 117 492 444 315 989 32 522 676 24 560 658 504 935 215 823 769 
71 174 890 343 5 789 453 582 624 0 770 332 853 853 79 572 350 112 516 182 877 569 10 74 573 89 183 809 159 723 141 90 868 475 481 74 985 15 23 195 
323 185 174 770 382 631 266 658 58 770 0 851 188 11 420 571 35 60 626 788 24 429 326 804 396 584 210 409 855 947 758 403 426 990 93 853 530 378 933 414 
566 763 271 637 637 431 714 548 12 332 851 0 781 615 937 946 719 886 61 249 331 739 293 20 297 648 686 787 362 751 666 495 125 377 735 992 953 674 74 306 
729 251 828 428 38 342 803 372 41 853 188 781 0 948 20 899 563 350 893 497 965 498 18 490 510 553 845 882 617 266 409 307 544 351 485 512 883 602 526 403 
404 400 591 880 671 467 433 411 650 853 11 615 948 0 688 297 37 605 914 214 44 344 25 312 91 264 233 687 851 291 519 527 875 61 981 91 398 529 831 708 
47 201 360 263 862 114 972 757 720 79 420 937 20 688 0 37 462 380 641 659 978 846 449 875 745 613 900 131 545 399 4 578 21 283 306 570 669 300 760 318 
396 390 787 541 175 395 760 133 525 572 571 946 899 297 37 0 350 299 696 943 871 358 397 587 151 471 515 148 589 536 537 81 422 579 965 978 710 339 28 369 
889 892 101 889 219 623 653 12 695 350 35 719 563 37 462 350 0 378 74 945 279 854 714 278 515 492 618 392 944 493 311 566 472 853 583 148 591 290 275 718 
253 615 429 409 904 531 931 763 481 112 60 886 350 605 380 299 378 0 80 482 27 402 660 195 291 139 311 939 121 511 166 643 536 241 722 998 727 24 982 252 
663 352 845 611 689 92 527 889 874 516 626 61 893 914 641 696 74 80 0 720 174 68 428 765 656 533 862 77 992 552 392 472 769 662 644 173 835 84 213 732 
597 404 389 52 806 413 15 26 160 182 788 249 497 214 659 943 945 482 720 0 503 329 495 297 551 467 669 585 684 182 738 266 224 313 227 120 461 990 7 633 
722 49 556 806 897 776 800 64 856 877 24 331 965 44 978 871 279 27 174 503 0 780 630 394 161 466 6 553 627 477 773 66 423 694 772 11 907 959 139 236 
39 630 157 790 630 478 633 954 631 569 429 739 498 344 846 358 854 402 68 329 780 0 92 802 116 443 262 903 381 402 751 868 933 217 315 268 477 497 269 469 
557 424 682 77 545 686 979 847 208 10 326 293 18 25 449 397 714 660 428 495 630 92 0 529 538 330 886 114 556 667 314 602 587 981 92 125 418 184 45 471 
926 586 617 955 133 903 60 937 810 74 804 20 490 312 875 587 278 195 765 297 394 802 529 0 221 434 197 366 501 325 974 232 507 262 939 253 198 138 935 182 
161 422 663 595 767 147 984 226 117 573 396 297 510 91 745 151 515 291 656 551 161 116 538 221 0 756 841 402 193 503 549 949 369 238 908 672 166 390 758 449 
268 196 772 668 263 969 556 718 492 89 584 648 553 264 613 471 492 139 533 467 466 443 330 434 756 0 73 479 44 650 756 174 223 958 271 98 132 121 753 791 
240 701 517 89 799 935 873 12 444 183 210 686 845 233 900 515 618 311 862 669 6 262 886 197 841 73 0 337 154 687 185 993 561 598 399 949 405 994 171 708 
748 243 521 117 753 327 470 299 315 809 409 787 882 687 131 148 392 939 77 585 553 903 114 366 402 479 337 0 953 642 509 540 462 910 448 477 328 827 544 109 
322 97 756 171 417 965 186 373 989 159 855 362 617 851 545 589 944 121 992 684 627 381 556 501 193 44 154 953 0 834 283 618 55 558 172 558 788 864 659 658 
766 5 655 833 656 302 560 610 32 723 947 751 266 291 399 536 493 511 552 182 477 402 667 325 503 650 687 642 834 0 702 224 111 627 412 960 264 182 626 183 
973 260 71 84 768 717 488 946 522 141 758 666 409 519 4 537 311 166 392 738 773 751 314 974 549 756 185 509 283 702 0 691 369 599 924 197 318 420 998 315 
257 448 645 948 114 723 204 669 676 90 403 495 307 527 578 81 566 643 472 266 66 868 602 232 949 174 993 540 618 224 691 0 371 59 826 653 342 595 407 532 
340 725 192 721 926 969 687 574 24 868 426 125 544 875 21 422 472 536 769 224 423 933 587 507 369 223 561 462 55 111 369 371 0 559 64 694 672 708 732 88 
821 884 996 845 219 537 957 92 560 475 990 377 351 61 283 579 853 241 662 313 694 217 981 262 238 958 598 910 558 627 599 59 559 0 835 869 100 768 291 515 
224 944 213 35 215 597 824 791 658 481 93 735 485 981 306 965 583 722 644 227 772 315 92 939 908 271 399 448 172 412 924 826 64 835 0 640 62 418 736 839 
271 646 38 483 945 216 178 536 504 74 853 992 512 91 570 978 148 998 173 120 11 268 125 253 672 98 949 477 558 960 197 653 694 869 640 0 43 174 356 644 
974 816 755 983 67 150 307 182 935 985 530 953 883 398 669 710 591 727 835 461 907 477 418 198 166 132 405 328 788 264 318 342 672 100 62 43 0 95 793 125 
52 227 369 293 695 207 26 19 215 15 378 674 602 529 300 339 290 24 84 990 959 497 184 138 390 121 994 827 864 182 420 595 708 768 418 174 95 0 277 829 
846 535 755 584 815 675 756 805 823 23 933 74 526 831 760 28 275 982 213 7 139 269 45 935 758 753 171 544 659 626 998 407 732 291 736 356 793 277 0 410 
695 291 535 11 659 289 781 59 769 195 414 306 403 708 318 369 718 252 732 633 236 469 471 182 449 791 708 109 658 183 315 532 88 515 839 644 125 829 410 0 
0 138 458 388 917 92 189 490 514 71 323 566 729 404 47 396 889 253 663 597 722 39 557 926 161 268 240 748 322 766 973 257 340 821 224 271 974 52 846 695 
138 0 31 587 545 586 614 291 519 174 185 763 251 400 201 390 892 615 352 404 49 630 424 586 422 196 701 243 97 5 260 448 725 884 944 646 816 227 535 291 
458 31 0 647 407 503 430 629 198 890 174 271 828 591 360 787 101 429 845 389 556 157 682 617 663 772 517 521 756 655 71 645 192 996 213 38 755 369 755 535 
388 587 647 0 815 557 873 981 155 343 770 637 428 880 263 541 889 409 611 52 806 790 77 955 595 668 89 117 171 833 84 948 721 845 35 483 983 293 584 11 
917 545 407 815 0 6 21 503 780 5 382 637 38 671 862 175 219 904 689 806 897 630 545 133 767 263 799 753 417 656 768 114 926 219 215 945 67 695 815 659 
92 586 503 557 6 0 651 649 31 789 631 431 342 467 114 395 623 531 92 413 776 478 686 903 147 969 935 327 965 302 717 723 969 537 597 216 150 207 675 289 
189 614 430 873 21 651 0 97 1 453 266 714 803 433 972 760 653 931 527 15 800 633 979 60 984 556 873 470 186 560 488 204 687 957 824 178 307 26 756 781 
490 291 629 981 503 649 97 0 925 582 658 548 372 411 757 133 12 763 889 26 64 954 847 937 226 718 12 299 373 610 946 669 574 92 791 536 182 19 805 59 
514 519 198 155 780 31 1 925 0 624 58 12 41 650 720 525 695 481 874 160 856 631 208 810 117 492 444 315 989 32 522 676 24 560 658 504 935 215 823 769 
71 174 890 343 5 789 453 582 624 0 770 332 853 853 79 572 350 112 516 182 877 569 10 74 573 89 183 809 159 723 141 90 868 475 481 74 985 15 23 195 
323 185 174 770 382 631 266 658 58 770 0 851 188 11 420 571 35 60 626 788 24 429 326 804 396 584 210 409 855 947 758 403 426 990 93 853 530 378 933 414 
566 763 271 637 637 431 714 548 12 332 851 0 781 615 937 946 719 886 61 249 331 739 293 20 297 648 686 787 362 751 666 495 125 377 735 992 953 674 74 306 
729 251 828 428 38 342 803 372 41 853 188 781 0 948 20 899 563 350 893 497 965 498 18 490 510 553 845 882 617 266 409 307 544 351 485 512 883 602 526 403 
404 400 591 880 671 467 433 411 650 853 11 615 948 0 688 297 37 605 914 214 44 344 25 312 91 264 233 687 851 291 519 527 875 61 981 91 398 529 831 708 
47 201 360 263 862 114 972 757 720 79 420 937 20 688 0 37 462 380 641 659 978 846 449 875 745 613 900 131 545 399 4 578 21 283 306 570 669 300 760 318 
396 390 787 541 175 395 760 133 525 572 571 946 899 297 37 0 350 299 696 943 871 358 397 587 151 471 515 148 589 536 537 81 422 579 965 978 710 339 28 369 
889 892 101 889 219 623 653 12 695 350 35 719 563 37 462 350 0 378 74 945 279 854 714 278 515 492 618 392 944 493 311 566 472 853 583 148 591 290 275 718 
253 615 429 409 904 531 931 763 481 112 60 886 350 605 380 299 378 0 80 482 27 402 660 195 291 139 311 939 121 511 166 643 536 241 722 998 727 24 982 252 
663 352 845 611 689 92 527 889 874 516 626 61 893 914 641 696 74 80 0 720 174 68 428 765 656 533 862 77 992 552 392 472 769 662 644 173 835 84 213 732 
597 404 389 52 806 413 15 26 160 182 788 249 497 214 659 943 945 482 720 0 503 329 495 297 551 467 669 585 684 182 738 266 224 313 227 120 461 990 7 633 
722 49 556 806 897 776 800 64 856 877 24 331 965 44 978 871 279 27 174 503 0 780 630 394 161 466 6 553 627 477 773 66 423 694 772 11 907 959 139 236 
39 630 157 790 630 478 633 954 631 569 429 739 498 344 846 358 854 402 68 329 780 0 92 802 116 443 262 903 381 402 751 868 933 217 315 268 477 497 269 469 
557 424 682 77 545 686 979 847 208 10 326 293 18 25 449 397 714 660 428 495 630 92 0 529 538 330 886 114 556 667 314 602 587 981 92 125 418 184 45 471 
926 586 617 955 133 903 60 937 810 74 804 20 490 312 875 587 278 195 765 297 394 802 529 0 221 434 197 366 501 325 974 232 507 262 939 253 198 138 935 182 
161 422 663 595 767 147 984 226 117 573 396 297 510 91 745 151 515 291 656 551 161 116 538 221 0 756 841 402 193 503 549 949 369 238 908 672 166 390 758 449 
268 196 772 668 263 969 556 718 492 89 584 648 553 264 613 471 492 139 533 467 466 443 330 434 756 0 73 479 44 650 756 174 223 958 271 98 132 121 753 791 
240 701 517 89 799 935 873 12 444 183 210 686 845 233 900 515 618 311 862 669 6 262 886 197 841 73 0 337 154 687 185 993 561 598 399 949 405 994 171 708 
748 243 521 117 753 327 470 299 315 809 409 787 882 687 131 148 392 939 77 585 553 903 114 366 402 479 337 0 953 642 509 540 462 910 448 477 328 827 544 109 
322 97 756 171 417 965 186 373 989 159 855 362 617 851 545 589 944 121 992 684 627 381 556 501 193 44 154 953 0 834 283 618 55 558 172 558 788 864 659 658 
766 5 655 833 656 302 560 610 32 723 947 751 266 291 399 536 493 511 552 182 477 402 667 325 503 650 687 642 834 0 702 224 111 627 412 960 264 182 626 183 
973 260 71 84 768 717 488 946 522 141 758 666 409 519 4 537 311 166 392 738 773 751 314 974 549 756 185 509 283 702 0 691 369 599 924 197 318 420 998 315 
257 448 645 948 114 723 204 669 676 90 403 495 307 527 578 81 566 643 472 266 66 868 602 232 949 174 993 540 618 224 691 0 371 59 826 653 342 595 407 532 
340 725 192 721 926 969 687 574 24 868 426 125 544 875 21 422 472 536 769 224 423 933 587 507 369 223 561 462 55 111 369 371 0 559 64 694 672 708 732 88 
821 884 996 845 219 537 957 92 560 475 990 377 351 61 283 579 853 241 662 313 694 217 981 262 238 958 598 910 558 627 599 59 559 0 835 869 100 768 291 515 
224 944 213 35 215 597 824 791 658 481 93 735 485 981 306 965 583 722 644 227 772 315 92 939 908 271 399 448 172 412 924 826 64 835 0 640 62 418 736 839 
271 646 38 483 945 216 178 536 504 74 853 992 512 91 570 978 148 998 173 120 11 268 125 253 672 98 949 477 558 960 197 653 694 869 640 0 43 174 356 644 
974 816 755 983 67 150 307 182 935 985 530 953 883 398 669 710 591 727 835 461 907 477 418 198 166 132 405 328 788 264 318 342 672 100 62 43 0 95 793 125 
52 227 369 293 695 207 26 19 215 15 378 674 602 529 300 339 290 24 84 990 959 497 184 138 390 121 994 827 864 182 420 595 708 768 418 174 95 0 277 829 
846 535 755 584 815 675 756 805 823 23 933 74 526 831 760 28 275 982 213 7 139 269 45 935 758 753 171 544 659 626 998 407 732 291 736 356 793 277 0 410 
695 291 535 11 659 289 781 59 769 195 414 306 403 708 318 369 718 252 732 633 236 469 471 182 449 791 708 109 658 183 315 532 88 515 839 644 125 829 410 0 
0 138 458 388 917 92 189 490 514 71 323 566 729 404 47 396 889 253 663 597 722 39 557 926 161 268 240 748 322 766 973 257 340 821 224 271 974 52 846 695 
138 0 31 587 545 586 614 291 519 174 185 763 251 400 201 390 892 615 352 404 49 630 424 586 422 196 701 243 97 5 260 448 725 884 944 646 816 227 535 291 
458 31 0 647 407 503 430 629 198 890 174 271 828 591 360 787 101 429 845 389 556 157 682 617 663 772 517 521 756 655 71 645 192 996 213 38 755 369 755 535 
388 587 647 0 815 557 873 981 155 343 770 637 428 880 263 541 889 409 611 52 806 790 77 955 595 668 89 117 171 833 84 948 721 845 35 483 983 293 584 11 
917 545 407 815 0 6 21 503 780 5 382 637 38 671 862 175 219 904 689 806 897 630 545 133 767 263 799 753 417 656 768 114 926 219 215 945 67 695 815 659 
92 586 503 557 6 0 651 649 31 789 631 431 342 467 114 395 623 531 92 413 776 478 686 903 147 969 935 327 965 302 717 723 969 537 597 216 150 207 675 289 
189 614 430 873 21 651 0 97 1 453 266 714 803 433 972 760 653 931 527 15 800 633 979 60 984 556 873 470 186 560 488 204 687 957 824 178 307 26 756 781 
490 291 629 981 503 649 97 0 925 582 658 548 372 411 757 133 12 763 889 26 64 954 847 937 226 718 12 299 373 610 946 669 574 92 791 536 182 19 805 59 
514 519 198 155 780 31 1 925 0 624 58 12 41 650 720 525 695 481 874 160 856 631 208 810 117 492 444 315 989 32 522 676 24 560 658 504 935 215 823 769 
71 174 890 343 5 789 453 582 624 0 770 332 853 853 79 572 350 112 516 182 877 569 10 74 573 89 183 809 159 723 141 90 868 475 481 74 985 15 23 195 
323 185 174 770 382 631 266 658 58 770 0 851 188 11 420 571 35 60 626 788 24 429 326 804 396 584 210 409 855 947 758 403 426 990 93 853 530 378 933 414 
566 763 271 637 637 431 714 548 12 332 851 0 781 615 937 946 719 886 61 249 331 739 293 20 297 648 686 787 362 751 666 495 125 377 735 992 953 674 74 306 
729 251 828 428 38 342 803 372 41 853 188 781 0 948 20 899 563 350 893 497 965 498 18 490 510 553 845 882 617 266 409 307 544 351 485 512 883 602 526 403 
404 400 591 880 671 467 433 411 650 853 11 615 948 0 688 297 37 605 914 214 44 344 25 312 91 264 233 687 851 291 519 527 875 61 981 91 398 529 831 708 
47 201 360 263 862 114 972 757 720 79 420 937 20 688 0 37 462 380 641 659 978 846 449 875 745 613 900 131 545 399 4 578 21 283 306 570 669 300 760 318 
396 390 787 541 175 395 760 133 525 572 571 946 899 297 37 0 350 299 696 943 871 358 397 587 151 471 515 148 589 536 537 81 422 579 965 978 710 339 28 369 
889 892 101 889 219 623 653 12 695 350 35 719 563 37 462 350 0 378 74 945 279 854 714 278 515 492 618 392 944 493 311 566 472 853 583 148 591 290 275 718 
253 615 429 409 904 531 931 763 481 112 60 886 350 605 380 299 378 0 80 482 27 402 660 195 291 139 311 939 121 511 166 643 536 241 722 998 727 24 982 252 
663 352 845 611 689 92 527 889 874 516 626 61 893 914 641 696 74 80 0 720 174 68 428 765 656 533 862 77 992 552 392 472 769 662 644 173 835 84 213 732 
597 404 389 52 806 413 15 26 160 182 788 249 497 214 659 943 945 482 720 0 503 329 495 297 551 467 669 585 684 182 738 266 224 313 227 120 461 990 7 633 
722 49 556 806 897 776 800 64 856 877 24 331 965 44 978 871 279 27 174 503 0 780 630 394 161 466 6 553 627 477 773 66 423 694 772 11 907 959 139 236 
39 630 157 790 630 478 633 954 631 569 429 739 498 344 846 358 854 402 68 329 780 0 92 802 116 443 262 903 381 402 751 868 933 217 315 268 477 497 269 469 
557 424 682 77 545 686 979 847 208 10 326 293 18 25 449 397 714 660 428 495 630 92 0 529 538 330 886 114 556 667 314 602 587 981 92 125 418 184 45 471 
926 586 617 955 133 903 60 937 810 74 804 20 490 312 875 587 278 195 765 297 394 802 529 0 221 434 197 366 501 325 974 232 507 262 939 253 198 138 935 182 
161 422 663 595 767 147 984 226 117 573 396 297 510 91 745 151 515 291 656 551 161 116 538 221 0 756 841 402 193 503 549 949 369 238 908 672 166 390 758 449 
268 196 772 668 263 969 556 718 492 89 584 648 553 264 613 471 492 139 533 467 466 443 330 434 756 0 73 479 44 650 756 174 223 958 271 98 132 121 753 791 
240 701 517 89 799 935 873 12 444 183 210 686 845 233 900 515 618 311 862 669 6 262 886 197 841 73 0 337 154 687 185 993 561 598 399 949 405 994 171 708 
748 243 521 117 753 327 470 299 315 809 409 787 882 687 131 148 392 939 77 585 553 903 114 366 402 479 337 0 953 642 509 540 462 910 448 477 328 827 544 109 
322 97 756 171 417 965 186 373 989 159 855 362 617 851 545 589 944 121 992 684 627 381 556 501 193 44 154 953 0 834 283 618 55 558 172 558 788 864 659 658 
766 5 655 833 656 302 560 610 32 723 947 751 266 291 399 536 493 511 552 182 477 402 667 325 503 650 687 642 834 0 702 224 111 627 412 960 264 182 626 183 
973 260 71 84 768 717 488 946 522 141 758 666 409 519 4 537 311 166 392 738 773 751 314 974 549 756 185 509 283 702 0 691 369 599 924 197 318 420 998 315 
257 448 645 948 114 723 204 669 676 90 403 495 307 527 578 81 566 643 472 266 66 868 602 232 949 174 993 540 618 224 691 0 371 59 826 653 342 595 407 532 
340 725 192 721 926 969 687 574 24 868 426 125 544 875 21 422 472 536 769 224 423 933 587 507 369 223 561 462 55 111 369 371 0 559 64 694 672 708 732 88 
821 884 996 845 219 537 957 92 560 475 990 377 351 61 283 579 853 241 662 313 694 217 981 262 238 958 598 910 558 627 599 59 559 0 835 869 100 768 291 515 
224 944 213 35 215 597 824 791 658 481 93 735 485 981 306 965 583 722 644 227 772 315 92 939 908 271 399 448 172 412 924 826 64 835 0 640 62 418 736 839 
271 646 38 483 945 216 178 536 504 74 853 992 512 91 570 978 148 998 173 120 11 268 125 253 672 98 949 477 558 960 197 653 694 869 640 0 43 174 356 644 
974 816 755 983 67 150 307 182 935 985 530 953 883 398 669 710 591 727 835 461 907 477 418 198 166 132 405 328 788 264 318 342 672 100 62 43 0 95 793 125 
52 227 369 293 695 207 26 19 215 15 378 674 602 529 300 339 290 24 84 990 959 497 184 138 390 121 994 827 864 182 420 595 708 768 418 174 95 0 277 829 
846 535 755 584 815 675 756 805 823 23 933 74 526 831 760 28 275 982 213 7 139 269 45 935 758 753 171 544 659 626 998 407 732 291 736 356 793 277 0 410 
695 291 535 11 659 289 781 59 769 195 414 306 403 708 318 369 718 252 732 633 236 469 471 182 449 791 708 109 658 183 315 532 88 515 839 644 125 829 410 0 
0 138 458 388 917 92 189 490 514 71 323 566 729 404 47 396 889 253 663 597 722 39 557 926 161 268 240 748 322 766 973 257 340 821 224 271 974 52 846 695 
138 0 31 587 545 586 614 291 519 174 185 763 251 400 201 390 892 615 352 404 49 630 424 586 422 196 701 243 97 5 260 448 725 884 944 646 816 227 535 291 
458 31 0 647 407 503 430 629 198 890 174 271 828 591 360 787 101 429 845 389 556 157 682 617 663 772 517 521 756 655 71 645 192 996 213 38 755 369 755 535 
388 587 647 0 815 557 873 981 155 343 770 637 428 880 263 541 889 409 611 52 806 790 77 955 595 668 89 117 171 833 84 948 721 845 35 483 983 293 584 11 
917 545 407 815 0 6 21 503 780 5 382 637 38 671 862 175 219 904 689 806 897 630 545 133 767 263 799 753 417 656 768 114 926 219 215 945 67 695 815 659 
92 586 503 557 6 0 651 649 31 789 631 431 342 467 114 395 623 531 92 413 776 478 686 903 147 969 935 327 965 302 717 723 969 537 597 216 150 207 675 289 
189 614 430 873 21 651 0 97 1 453 266 714 803 433 972 760 653 931 527 15 800 633 979 60 984 556 873 470 186 560 488 204 687 957 824 178 307 26 756 781 
490 291 629 981 503 649 97 0 925 582 658 548 372 411 757 133 12 763 889 26 64 954 847 937 226 718 12 299 373 610 946 669 574 92 791 536 182 19 805 59 
514 519 198 155 780 31 1 925 0 624 58 12 41 650 720 525 695 481 874 160 856 631 208 810 117 492 444 315 989 32 522 676 24 560 658 504 935 215 823 769 
71 174 890 343 5 789 453 582 624 0 770 332 853 853 79 572 350 112 516 182 877 569 10 74 573 89 183 809 159 723 141 90 868 475 481 74 985 15 23 195 
323 185 174 770 382 631 266 658 58 770 0 851 188 11 420 571 35 60 626 788 24 429 326 804 396 584 210 409 855 947 758 403 426 990 93 853 530 378 933 414 
566 763 271 637 637 431 714 548 12 332 851 0 781 615 937 946 719 886 61 249 331 739 293 20 297 648 686 787 362 751 666 495 125 377 735 992 953 674 74 306 
729 251 828 428 38 342 803 372 41 853 188 781 0 948 20 899 563 350 893 497 965 498 18 490 510 553 845 882 617 266 409 307 544 351 485 512 883 602 526 403 
404 400 591 880 671 467 433 411 650 853 11 615 948 0 688 297 37 605 914 214 44 344 25 312 91 264 233 687 851 291 519 527 875 61 981 91 398 529 831 708 
47 201 360 263 862 114 972 757 720 79 420 937 20 688 0 37 462 380 641 659 978 846 449 875 745 613 900 131 545 399 4 578 21 283 306 570 669 300 760 318 
396 390 787 541 175 395 760 133 525 572 571 946 899 297 37 0 350 299 696 943 871 358 397 587 151 471 515 148 589 536 537 81 422 579 965 978 710 339 28 369 
889 892 101 889 219 623 653 12 695 350 35 719 563 37 462 350 0 378 74 945 279 854 714 278 515 492 618 392 944 493 311 566 472 853 583 148 591 290 275 718 
253 615 429 409 904 531 931 763 481 112 60 886 350 605 380 299 378 0 80 482 27 402 660 195 291 139 311 939 121 511 166 643 536 241 722 998 727 24 982 252 
663 352 845 611 689 92 527 889 874 516 626 61 893 914 641 696 74 80 0 720 174 68 428 765 656 533 862 77 992 552 392 472 769 662 644 173 835 84 213 732 
597 404 389 52 806 413 15 26 160 182 788 249 497 214 659 943 945 482 720 0 503 329 495 297 551 467 669 585 684 182 738 266 224 313 227 120 461 990 7 633 
722 49 556 806 897 776 800 64 856 877 24 331 965 44 978 871 279 27 174 503 0 780 630 394 161 466 6 553 627 477 773 66 423 694 772 11 907 959 139 236 
39 630 157 790 630 478 633 954 631 569 429 739 498 344 846 358 854 402 68 329 780 0 92 802 116 443 262 903 381 402 751 868 933 217 315 268 477 497 269 469 
557 424 682 77 545 686 979 847 208 10 326 293 18 25 449 397 714 660 428 495 630 92 0 529 538 330 886 114 556 667 314 602 587 981 92 125 418 184 45 471 
926 586 617 955 133 903 60 937 810 74 804 20 490 312 875 587 278 195 765 297 394 802 529 0 221 434 197 366 501 325 974 232 507 262 939 253 198 138 935 182 
161 422 663 595 767 147 984 226 117 573 396 297 510 91 745 151 515 291 656 551 161 116 538 221 0 756 841 402 193 503 549 949 369 238 908 672 166 390 758 449 
268 196 772 668 263 969 556 718 492 89 584 648 553 264 613 471 492 139 533 467 466 443 330 434 756 0 73 479 44 650 756 174 223 958 271 98 132 121 753 791 
240 701 517 89 799 935 873 12 444 183 210 686 845 233 900 515 618 311 862 669 6 262 886 197 841 73 0 337 154 687 185 993 561 598 399 949 405 994 171 708 
748 243 521 117 753 327 470 299 315 809 409 787 882 687 131 148 392 939 77 585 553 903 114 366 402 479 337 0 953 642 509 540 462 910 448 477 328 827 544 109 
322 97 756 171 417 965 186 373 989 159 855 362 617 851 545 589 944 121 992 684 627 381 556 501 193 44 154 953 0 834 283 618 55 558 172 558 788 864 659 658 
766 5 655 833 656 302 560 610 32 723 947 751 266 291 399 536 493 511 552 182 477 402 667 325 503 650 687 642 834 0 702 224 111 627 412 960 264 182 626 183 
973 260 71 84 768 717 488 946 522 141 758 666 409 519 4 537 311 166 392 738 773 751 314 974 549 756 185 509 283 702 0 691 369 599 924 197 318 420 998 315 
257 448 645 948 114 723 204 669 676 90 403 495 307 527 578 81 566 643 472 266 66 868 602 232 949 174 993 540 618 224 691 0 371 59 826 653 342 595 407 532 
340 725 192 721 926 969 687 574 24 868 426 125 544 875 21 422 472 536 769 224 423 933 587 507 369 223 561 462 55 111 369 371 0 559 64 694 672 708 732 88 
821 884 996 845 219 537 957 92 560 475 990 377 351 61 283 579 853 241 662 313 694 217 981 262 238 958 598 910 558 627 599 59 559 0 835 869 100 768 291 515 
224 944 213 35 215 597 824 791 658 481 93 735 485 981 306 965 583 722 644 227 772 315 92 939 908 271 399 448 172 412 924 826 64 835 0 640 62 418 736 839 
271 646 38 483 945 216 178 536 504 74 853 992 512 91 570 978 148 998 173 120 11 268 125 253 672 98 949 477 558 960 197 653 694 869 640 0 43 174 356 644 
974 816 755 983 67 150 307 182 935 985 530 953 883 398 669 710 591 727 835 461 907 477 418 198 166 132 405 328 788 264 318 342 672 100 62 43 0 95 793 125 
52 227 369 293 695 207 26 19 215 15 378 674 602 529 300 339 290 24 84 990 959 497 184 138 390 121 994 827 864 182 420 595 708 768 418 174 95 0 277 829 
846 535 755 584 815 675 756 805 823 23 933 74 526 831 760 28 275 982 213 7 139 269 45 935 758 753 171 544 659 626 998 407 732 291 736 356 793 277 0 410 
695 291 535 11 659 289 781 59 769 195 414 306 403 708 318 369 718 252 732 633 236 469 471 182 449 791 708 109 658 183 315 532 88 515 839 644 125 829 410 0 
