15 4
0 691 813 340 330 211 409 414 473 732 95 116 47 212 363 
691 0 822 549 990 128 503 394 510 272 92 615 56 192 397 
813 822 0 434 902 862 491 842 441 990 210 558 660 213 848 
340 549 434 0 345 464 999 723 111 641 24 948 547 251 369 
330 990 902 345 0 206 685 569 754 166 154 724 255 62 813 
211 128 862 464 206 0 86 712 815 268 569 491 905 998 282 
409 503 491 999 685 86 0 668 408 610 468 149 790 984 321 
414 394 842 723 569 712 668 0 325 81 515 473 747 783 323 
473 510 441 111 754 815 408 325 0 746 315 252 698 110 535 
732 272 990 641 166 268 610 81 746 0 810 52 543 126 906 
95 92 210 24 154 569 468 515 315 810 0 486 386 285 143 
116 615 558 948 724 491 149 473 252 52 486 0 254 544 992 
47 56 660 547 255 905 790 747 698 543 386 254 0 405 138 
212 192 213 251 62 998 984 783 110 126 285 544 405 0 911 
363 397 848 369 813 282 321 323 535 906 143 992 138 911 0 
0 909 296 785 590 162 403 365 997 642 381 155 538 623 289 
909 0 768 833 712 218 83 650 456 733 511 190 273 727 473 
296 768 0 287 637 967 113 458 275 902 171 447 604 372 720 
785 833 287 0 676 446 53 246 206 977 740 946 553 729 454 
590 712 637 676 0 462 116 697 319 89 219 456 583 715 807 
162 218 967 446 462 0 469 361 562 757 720 802 950 132 135 
403 83 113 53 116 469 0 264 91 11 699 245 873 255 45 
365 650 458 246 697 361 264 0 271 251 82 258 951 217 48 
997 456 275 206 319 562 91 271 0 414 176 977 823 668 242 
642 733 902 977 89 757 11 251 414 0 139 421 594 131 151 
381 511 171 740 219 720 699 82 176 139 0 344 271 403 593 
155 190 447 946 456 802 245 258 977 421 344 0 128 454 917 
538 273 604 553 583 950 873 951 823 594 271 128 0 573 289 
623 727 372 729 715 132 255 217 668 131 403 454 573 0 835 
289 473 720 454 807 135 45 48 242 151 593 917 289 835 0 
0 140 324 388 62 568 826 812 192 549 478 831 908 183 891 
140 0 446 625 558 807 790 623 541 696 763 72 661 947 241 
324 446 0 743 495 63 735 731 821 185 615 227 131 819 163 
388 625 743 0 305 852 845 445 560 550 164 490 327 347 257 
62 558 495 305 0 160 546 570 774 535 857 888 370 152 357 
568 807 63 852 160 0 610 785 141 826 560 467 523 75 866 
826 790 735 845 546 610 0 629 991 998 173 492 326 703 551 
812 623 731 445 570 785 629 0 403 738 515 329 362 914 692 
192 541 821 560 774 141 991 403 0 272 589 70 188 521 521 
549 696 185 550 535 826 998 738 272 0 415 331 546 992 788 
478 763 615 164 857 560 173 515 589 415 0 361 587 925 144 
831 72 227 490 888 467 492 329 70 331 361 0 909 460 570 
908 661 131 327 370 523 326 362 188 546 587 909 0 397 839 
183 947 819 347 152 75 703 914 521 992 925 460 397 0 360 
891 241 163 257 357 866 551 692 521 788 144 570 839 360 0 
0 436 420 230 91 557 584 973 526 853 489 994 452 188 817 
436 0 138 92 378 713 871 200 466 818 510 934 412 756 620 
420 138 0 788 497 606 865 636 671 253 612 506 275 450 663 
230 92 788 0 613 155 985 143 605 526 540 408 842 185 259 
91 378 497 613 0 336 867 265 526 327 826 353 673 583 307 
557 713 606 155 336 0 868 319 675 216 166 549 260 439 976 
584 871 865 985 867 868 0 815 868 920 758 918 582 978 954 
973 200 636 143 265 319 815 0 834 202 741 189 29 437 867 
526 466 671 605 526 675 868 834 0 289 752 652 157 669 849 
853 818 253 526 327 216 920 202 289 0 679 327 577 662 751 
489 510 612 540 826 166 758 741 752 679 0 433 863 159 611 
994 934 506 408 353 549 918 189 652 327 433 0 550 315 705 
452 412 275 842 673 260 582 29 157 577 863 550 0 248 820 
188 756 450 185 583 439 978 437 669 662 159 315 248 0 451 
817 620 663 259 307 976 954 867 849 751 611 705 820 451 0 
0 366 877 266 465 857 787 675 340 620 215 975 894 548 716 
366 0 318 855 479 933 367 341 118 48 930 738 781 330 182 
877 318 0 611 740 498 966 336 789 665 708 468 551 850 837 
266 855 611 0 141 695 767 601 146 225 438 64 571 383 763 
465 479 740 141 0 83 788 339 317 714 665 627 100 312 294 
857 933 498 695 83 0 1 870 455 311 243 577 289 895 982 
787 367 966 767 788 1 0 790 850 998 60 577 338 706 359 
675 341 336 601 339 870 790 0 187 840 982 315 369 474 987 
340 118 789 146 317 455 850 187 0 335 923 267 282 802 165 
620 48 665 225 714 311 998 840 335 0 382 990 155 940 562 
215 930 708 438 665 243 60 982 923 382 0 148 526 882 341 
975 738 468 64 627 577 577 315 267 990 148 0 430 102 387 
894 781 551 571 100 289 338 369 282 155 526 430 0 644 896 
548 330 850 383 312 895 706 474 802 940 882 102 644 0 415 
716 182 837 763 294 982 359 987 165 562 341 387 896 415 0 
