15 3
0 751 933 594 572 672 656 602 971 148 639 557 935 720 38 
751 0 256 115 619 1000 878 547 519 77 545 6 489 950 597 
933 256 0 601 896 623 998 290 74 40 622 589 445 373 685 
594 115 601 0 14 204 102 987 799 176 876 130 837 412 11 
572 619 896 14 0 70 715 773 966 381 73 534 186 685 919 
672 1000 623 204 70 0 215 904 114 405 87 322 984 7 661 
656 878 998 102 715 215 0 213 99 342 668 517 881 227 28 
602 547 290 987 773 904 213 0 151 607 445 270 654 435 831 
971 519 74 799 966 114 99 151 0 527 448 839 779 190 715 
148 77 40 176 381 405 342 607 527 0 941 873 112 299 994 
639 545 622 876 73 87 668 445 448 941 0 926 312 264 584 
557 6 589 130 534 322 517 270 839 873 926 0 212 579 698 
935 489 445 837 186 984 881 654 779 112 312 212 0 834 449 
720 950 373 412 685 7 227 435 190 299 264 579 834 0 140 
38 597 685 11 919 661 28 831 715 994 584 698 449 140 0 
0 231 950 706 333 366 919 69 37 213 482 888 110 810 200 
231 0 428 265 379 582 904 264 809 216 727 102 393 158 61 
950 428 0 909 99 141 829 23 496 358 507 83 82 729 678 
706 265 909 0 884 120 605 248 149 893 472 358 568 609 173 
333 379 99 884 0 12 313 906 27 598 596 502 587 433 840 
366 582 141 120 12 0 150 937 385 375 15 291 470 460 135 
919 904 829 605 313 150 0 499 614 893 614 843 97 529 135 
69 264 23 248 906 937 499 0 130 120 874 715 394 923 934 
37 809 496 149 27 385 614 130 0 430 909 799 382 479 326 
213 216 358 893 598 375 893 120 430 0 825 211 770 217 427 
482 727 507 472 596 15 614 874 909 825 0 54 755 404 758 
888 102 83 358 502 291 843 715 799 211 54 0 329 868 128 
110 393 82 568 587 470 97 394 382 770 755 329 0 206 278 
810 158 729 609 433 460 529 923 479 217 404 868 206 0 278 
200 61 678 173 840 135 135 934 326 427 758 128 278 278 0 
0 680 147 406 821 414 180 746 898 735 606 228 886 118 761 
680 0 494 865 537 388 119 831 40 800 371 891 585 980 938 
147 494 0 191 904 789 225 804 505 768 490 993 864 224 459 
406 865 191 0 145 915 385 762 781 51 548 521 223 438 808 
821 537 904 145 0 887 614 176 843 391 424 432 447 575 119 
414 388 789 915 887 0 746 301 731 684 782 823 474 424 992 
180 119 225 385 614 746 0 396 415 19 222 233 730 501 890 
746 831 804 762 176 301 396 0 932 902 190 241 621 20 91 
898 40 505 781 843 731 415 932 0 526 264 191 522 493 720 
735 800 768 51 391 684 19 902 526 0 223 810 144 776 618 
606 371 490 548 424 782 222 190 264 223 0 830 181 581 412 
228 891 993 521 432 823 233 241 191 810 830 0 901 18 942 
886 585 864 223 447 474 730 621 522 144 181 901 0 585 796 
118 980 224 438 575 424 501 20 493 776 581 18 585 0 812 
761 938 459 808 119 992 890 91 720 618 412 942 796 812 0 
0 656 53 192 503 580 224 975 914 804 695 135 808 76 665 
656 0 318 856 574 220 301 849 56 703 134 877 553 708 800 
53 318 0 142 635 930 350 988 534 751 539 821 959 379 263 
192 856 142 0 138 883 502 569 602 1 508 664 345 290 862 
503 574 635 138 0 907 736 222 905 453 284 417 528 641 270 
580 220 930 883 907 0 745 151 513 712 920 722 489 374 783 
224 301 350 502 736 745 0 488 238 150 534 230 983 227 988 
975 849 988 569 222 151 488 0 738 725 91 302 662 32 165 
914 56 534 602 905 513 238 738 0 549 165 307 740 634 629 
804 703 751 1 453 712 150 725 549 0 290 813 392 736 531 
695 134 539 508 284 920 534 91 165 290 0 913 92 620 276 
135 877 821 664 417 722 230 302 307 813 913 0 555 288 983 
808 553 959 345 528 489 983 662 740 392 92 555 0 906 690 
76 708 379 290 641 374 227 32 634 736 620 288 906 0 627 
665 800 263 862 270 783 988 165 629 531 276 983 690 627 0 
