5 3
0 468 183 274 334 
468 0 166 343 169 
183 166 0 751 345 
274 343 751 0 397 
334 169 345 397 0 
0 968 601 572 818 
968 0 322 14 1000 
601 322 0 877 70 
572 14 877 0 852 
818 1000 70 852 0 
0 33 400 429 183 
33 0 679 987 1 
400 679 0 124 931 
429 987 124 0 149 
183 1 931 149 0 
0 33 400 429 183 
33 0 679 987 1 
400 679 0 124 931 
429 987 124 0 149 
183 1 931 149 0 
