80 2
0 508 724 292 602 22 447 515 586 690 410 849 484 994 278 536 617 348 996 328 246 626 456 344 823 475 144 767 743 485 977 767 901 245 849 571 444 992 402 834 179 33 653 398 412 279 946 543 433 182 406 846 685 442 223 229 753 916 904 758 220 633 425 231 556 112 814 71 181 853 990 147 956 338 3 520 240 935 199 874 
508 0 491 948 276 551 751 507 692 757 518 91 879 522 341 433 716 154 134 401 587 624 86 814 603 335 208 293 702 864 371 116 305 1000 201 656 646 449 928 169 684 842 152 785 96 459 143 695 42 284 50 161 700 485 150 44 209 933 567 895 515 16 340 1000 811 24 938 638 977 7 102 285 931 263 468 964 968 825 898 926 
724 491 0 981 682 565 49 536 840 413 528 884 983 791 630 706 695 957 952 964 556 189 460 94 905 942 627 474 794 638 39 630 950 451 578 886 164 925 114 19 249 598 211 369 549 750 925 371 373 666 114 842 712 119 689 323 95 195 179 925 186 420 474 914 628 684 655 940 811 455 182 771 959 871 752 257 21 67 25 950 
292 948 981 0 456 156 116 961 24 340 71 51 107 637 691 47 55 793 926 908 165 701 188 954 737 776 493 740 322 624 378 404 291 498 418 76 63 14 802 965 337 375 70 90 948 458 932 747 689 274 911 756 790 895 232 579 464 547 682 226 246 975 768 790 41 414 470 59 308 291 412 372 733 911 608 851 70 407 64 155 
602 276 682 456 0 581 303 443 548 488 127 567 621 824 571 444 175 737 213 67 690 686 316 692 463 99 570 463 434 67 56 462 478 393 202 399 454 627 245 678 195 628 544 27 914 372 409 840 426 329 60 619 260 437 28 922 864 352 249 861 673 482 847 421 294 674 596 27 314 886 653 985 103 696 91 22 427 265 112 64 
22 551 565 156 581 0 366 856 620 731 74 833 594 947 848 670 564 300 638 145 936 730 535 437 490 89 537 837 755 666 871 512 346 949 56 520 114 242 523 821 705 94 75 139 980 180 47 243 691 756 837 113 82 216 702 458 993 804 605 155 767 477 711 269 976 702 444 669 267 278 694 965 333 876 594 882 290 319 40 527 
447 751 49 116 303 366 0 780 430 37 24 778 396 955 271 450 654 663 469 938 966 347 353 454 23 874 805 525 619 315 56 988 510 111 689 840 684 885 994 839 339 469 961 899 458 502 846 158 500 742 481 952 112 367 535 956 503 14 825 754 66 577 232 392 912 579 991 5 371 172 46 850 80 642 918 113 656 109 418 626 
515 507 536 961 443 856 780 0 972 937 857 972 947 113 230 144 359 649 741 966 858 826 382 361 249 466 35 907 281 263 299 63 741 833 616 616 880 934 911 947 100 113 718 921 793 76 612 411 403 574 205 537 643 387 760 992 130 743 577 304 943 20 462 348 819 160 193 674 736 143 604 634 41 274 53 263 287 875 453 785 
586 692 840 24 548 620 430 972 0 328 147 769 837 600 290 419 400 555 391 681 219 422 883 88 636 390 798 461 268 50 931 612 479 411 132 218 744 404 586 620 450 62 706 686 902 426 99 858 531 594 60 283 733 737 782 653 69 240 172 594 818 782 916 517 820 419 215 888 978 347 58 485 382 377 393 386 382 79 348 842 
690 757 413 340 488 731 37 937 328 0 545 514 233 506 243 218 500 516 404 245 69 264 195 296 686 131 248 276 754 447 185 253 841 571 185 912 169 745 618 830 983 348 955 3 564 908 646 930 595 152 518 123 632 328 490 537 518 618 171 775 378 678 384 596 630 112 94 499 827 285 419 145 643 622 179 6 905 598 667 792 
410 518 528 71 127 74 24 857 147 545 0 776 894 410 187 26 161 601 555 705 400 642 275 166 58 674 511 815 571 238 641 844 138 239 926 160 621 882 641 677 777 735 317 369 575 607 407 659 74 708 727 701 217 462 838 168 17 705 243 509 925 237 462 433 820 776 810 306 516 315 630 175 666 857 359 432 735 284 21 330 
849 91 884 51 567 833 778 972 769 514 776 0 25 164 820 878 495 321 971 352 836 635 299 788 225 236 451 563 221 774 349 909 752 804 93 893 69 556 965 991 224 896 554 414 879 176 5 28 187 982 920 577 979 135 529 432 116 732 307 146 144 943 973 917 42 335 819 261 481 88 428 694 93 224 392 516 324 306 385 481 
484 879 983 107 621 594 396 947 837 233 894 25 0 231 229 816 126 706 908 825 697 386 180 293 154 390 314 710 106 616 101 300 227 227 474 842 982 934 499 902 560 730 292 387 240 923 692 828 787 434 36 600 288 263 742 885 336 834 185 789 755 105 158 497 341 262 28 485 566 82 795 564 151 857 23 484 395 286 535 870 
994 522 791 637 824 947 955 113 600 506 410 164 231 0 505 194 476 582 228 540 798 113 137 717 177 287 541 219 339 416 112 584 365 209 562 355 742 810 527 483 344 12 622 588 504 987 61 227 915 116 539 968 821 440 742 186 17 956 944 231 808 338 4 735 332 255 437 62 908 490 928 374 274 520 154 306 128 356 278 863 
278 341 630 691 571 848 271 230 290 243 187 820 229 505 0 332 244 988 980 981 431 766 3 395 408 528 623 90 592 495 441 618 712 220 297 38 142 857 766 349 628 862 349 146 680 665 332 882 305 837 508 673 311 623 100 723 781 232 49 966 578 733 10 581 164 49 948 932 45 864 367 840 123 456 690 26 596 682 367 422 
536 433 706 47 444 670 450 144 419 218 26 878 816 194 332 0 300 272 133 946 314 599 330 658 680 757 377 993 805 811 654 349 540 791 914 918 190 480 69 840 160 444 775 672 97 732 948 359 514 984 734 659 725 225 200 2 22 40 807 664 201 487 131 654 66 606 942 589 55 934 868 714 599 600 214 309 766 356 861 146 
617 716 695 55 175 564 654 359 400 500 161 495 126 476 244 300 0 658 466 505 948 401 413 49 971 427 264 811 891 88 734 945 873 519 824 420 238 414 980 643 493 69 594 1000 452 126 661 847 665 994 363 949 737 347 238 459 531 186 32 459 19 128 290 488 904 724 560 146 129 843 410 536 570 104 827 548 859 28 764 817 
348 154 957 793 737 300 663 649 555 516 601 321 706 582 988 272 658 0 266 966 901 895 497 519 922 112 995 144 550 533 711 541 232 616 405 119 421 51 197 201 339 750 361 144 632 707 927 297 569 63 782 35 150 712 726 127 334 391 411 908 319 715 731 705 667 312 279 141 867 755 29 23 161 458 915 47 108 663 964 957 
996 134 952 926 213 638 469 741 391 404 555 971 908 228 980 133 466 266 0 37 919 232 212 261 624 998 436 190 325 348 421 422 675 689 106 719 807 619 684 639 142 680 519 838 177 3 82 43 34 703 35 593 487 261 437 6 75 228 544 580 860 290 137 373 961 406 886 503 909 608 638 528 574 858 202 954 554 380 857 417 
328 401 964 908 67 145 938 966 681 245 705 352 825 540 981 946 505 966 37 0 736 889 311 553 640 175 57 481 444 946 160 351 534 87 145 454 987 965 741 836 885 990 58 172 362 924 926 208 944 863 901 520 211 722 118 106 945 606 699 352 681 315 426 276 608 243 236 545 964 404 710 557 908 581 597 114 187 482 12 887 
246 587 556 165 690 936 966 858 219 69 400 836 697 798 431 314 948 901 919 736 0 388 206 425 874 192 438 175 416 343 587 939 873 300 255 925 644 152 769 703 925 988 227 780 482 492 803 633 521 187 646 203 55 706 861 836 905 513 815 26 520 943 771 101 514 598 753 133 474 723 620 428 809 193 945 939 354 752 467 157 
626 624 189 701 686 730 347 826 422 264 642 635 386 113 766 599 401 895 232 889 388 0 9 774 477 182 338 589 760 511 979 178 419 331 422 541 543 40 559 754 725 844 533 931 464 867 620 202 189 680 407 270 519 126 259 766 802 429 454 591 184 256 279 821 519 887 11 251 227 11 348 63 78 199 964 768 477 596 676 679 
456 86 460 188 316 535 353 382 883 195 275 299 180 137 3 330 413 497 212 311 206 9 0 94 995 785 147 443 420 62 749 164 297 349 298 743 313 474 836 544 48 882 402 25 923 709 248 216 627 245 588 815 385 896 718 69 222 495 750 602 793 736 775 45 539 685 789 305 573 941 434 541 136 391 824 25 727 562 930 41 
344 814 94 954 692 437 454 361 88 296 166 788 293 717 395 658 49 519 261 553 425 774 94 0 679 289 769 336 915 327 816 178 510 916 337 834 274 836 841 630 148 7 861 961 2 890 36 6 924 353 180 984 269 928 798 738 745 357 357 91 811 784 273 424 963 247 521 718 796 469 390 587 511 266 318 300 134 624 547 136 
823 603 905 737 463 490 23 249 636 686 58 225 154 177 408 680 971 922 624 640 874 477 995 679 0 161 322 271 512 593 551 959 663 557 787 686 958 78 354 867 770 485 512 324 367 933 990 73 887 526 438 839 703 836 455 440 404 776 695 379 315 494 231 27 900 452 926 660 408 653 448 538 563 838 807 783 516 517 328 638 
475 335 942 776 99 89 874 466 390 131 674 236 390 287 528 757 427 112 998 175 192 182 785 289 161 0 267 720 406 452 983 15 36 880 23 129 694 151 742 546 602 739 745 707 902 314 190 195 165 862 899 339 609 629 777 92 747 173 989 870 717 912 295 944 297 35 119 304 171 908 417 38 26 451 961 932 361 881 849 433 
144 208 627 493 570 537 805 35 798 248 511 451 314 541 623 377 264 995 436 57 438 338 147 769 322 267 0 942 243 662 670 586 951 84 804 509 836 87 742 768 549 396 151 479 357 419 690 711 375 845 695 415 719 851 510 653 621 60 766 936 220 380 342 701 291 801 140 737 152 96 929 430 25 168 97 985 212 933 568 800 
767 293 474 740 463 837 525 907 461 276 815 563 710 219 90 993 811 144 190 481 175 589 443 336 271 720 942 0 844 185 459 426 518 350 866 899 529 213 409 521 779 710 581 369 596 622 949 182 832 89 2 224 604 287 499 580 419 337 881 695 750 965 539 138 384 644 123 173 835 599 358 9 160 892 796 128 493 891 385 445 
743 702 794 322 434 755 619 281 268 754 571 221 106 339 592 805 891 550 325 444 416 760 420 915 512 406 243 844 0 168 500 146 639 87 675 90 707 261 80 869 130 347 428 251 15 430 699 75 875 940 843 152 198 842 581 220 767 164 804 323 540 397 722 108 167 765 146 481 918 628 909 887 298 671 14 341 28 976 396 293 
485 864 638 624 67 666 315 263 50 447 238 774 616 416 495 811 88 533 348 946 343 511 62 327 593 452 662 185 168 0 834 538 531 385 962 573 199 334 520 960 138 600 829 125 249 444 587 520 959 572 88 497 952 124 244 694 433 980 687 572 530 599 589 302 702 628 721 215 128 824 495 621 900 451 119 848 855 942 498 10 
977 371 39 378 56 871 56 299 931 185 641 349 101 112 441 654 734 711 421 160 587 979 749 816 551 983 670 459 500 834 0 887 227 806 478 443 135 250 10 345 640 452 333 695 822 403 424 294 76 664 146 351 436 824 144 556 677 648 210 929 572 479 698 784 576 910 38 361 875 759 322 898 449 654 867 726 780 561 706 988 
767 116 630 404 462 512 988 63 612 253 844 909 300 584 618 349 945 541 422 351 939 178 164 178 959 15 586 426 146 538 887 0 12 843 882 604 677 943 410 667 948 520 341 857 515 1000 116 514 875 653 940 853 220 579 477 487 116 429 321 342 347 305 536 202 852 463 83 486 62 2 943 745 445 990 708 664 305 604 274 212 
901 305 950 291 478 346 510 741 479 841 138 752 227 365 712 540 873 232 675 534 873 419 297 510 663 36 951 518 639 531 227 12 0 307 295 926 135 102 361 141 760 407 468 869 193 57 749 608 594 2 560 939 269 104 94 337 998 483 763 895 441 576 415 728 361 144 757 888 810 420 623 590 800 429 341 565 963 305 949 703 
245 1000 451 498 393 949 111 833 411 571 239 804 227 209 220 791 519 616 689 87 300 331 349 916 557 880 84 350 87 385 806 843 307 0 577 684 264 439 259 102 389 685 27 858 750 730 854 580 69 1 555 578 845 138 524 53 153 393 716 578 752 734 975 699 662 243 831 15 436 982 800 305 711 184 461 243 46 321 568 387 
849 201 578 418 202 56 689 616 132 185 926 93 474 562 297 914 824 405 106 145 255 422 298 337 787 23 804 866 675 962 478 882 295 577 0 753 336 581 325 517 740 990 975 206 937 341 36 961 667 3 329 864 143 542 951 389 890 149 964 138 741 345 104 727 992 851 944 509 453 977 953 519 849 534 883 981 603 943 795 471 
571 656 886 76 399 520 840 616 218 912 160 893 842 355 38 918 420 119 719 454 925 541 743 834 686 129 509 899 90 573 443 604 926 684 753 0 501 593 39 626 203 262 326 473 992 925 132 595 299 48 526 188 308 678 894 942 234 64 338 224 687 931 973 85 707 414 377 189 46 523 211 641 710 991 350 980 256 783 609 243 
444 646 164 63 454 114 684 880 744 169 621 69 982 742 142 190 238 421 807 987 644 543 313 274 958 694 836 529 707 199 135 677 135 264 336 501 0 785 570 674 179 817 97 288 781 691 799 377 167 271 681 41 846 478 544 491 917 155 319 31 76 637 957 576 374 395 913 626 413 495 390 673 76 572 481 255 94 562 175 843 
992 449 925 14 627 242 885 934 404 745 882 556 934 810 857 480 414 51 619 965 152 40 474 836 78 151 87 213 261 334 250 943 102 439 581 593 785 0 979 26 778 323 34 804 971 270 602 509 236 135 236 84 567 167 242 696 269 883 786 739 670 500 298 837 645 88 752 962 390 67 598 165 356 408 173 59 429 995 877 400 
402 928 114 802 245 523 994 911 586 618 641 965 499 527 766 69 980 197 684 741 769 559 836 841 354 742 742 409 80 520 10 410 361 259 325 39 570 979 0 746 319 114 149 448 340 507 247 1 280 932 983 273 465 267 941 802 521 501 931 452 103 721 866 327 818 226 165 325 20 816 754 827 238 546 52 155 53 907 596 556 
834 169 19 965 678 821 839 947 620 830 677 991 902 483 349 840 643 201 639 836 703 754 544 630 867 546 768 521 869 960 345 667 141 102 517 626 674 26 746 0 839 978 825 708 35 850 49 752 430 292 538 787 42 918 624 17 179 448 619 153 993 40 123 314 585 514 89 794 437 309 331 665 849 679 33 716 129 930 549 841 
179 684 249 337 195 705 339 100 450 983 777 224 560 344 628 160 493 339 142 885 925 725 48 148 770 602 549 779 130 138 640 948 760 389 740 203 179 778 319 839 0 680 332 97 683 27 31 571 350 257 346 78 860 621 83 894 58 601 911 471 233 816 623 152 820 529 216 680 545 679 439 105 292 696 794 669 330 663 998 720 
33 842 598 375 628 94 469 113 62 348 735 896 730 12 862 444 69 750 680 990 988 844 882 7 485 739 396 710 347 600 452 520 407 685 990 262 817 323 114 978 680 0 632 264 831 954 685 797 810 560 772 192 558 566 749 98 737 275 225 579 547 995 830 933 28 303 748 54 608 915 71 838 995 930 886 427 672 180 247 333 
653 152 211 70 544 75 961 718 706 955 317 554 292 622 349 775 594 361 519 58 227 533 402 861 512 745 151 581 428 829 333 341 468 27 975 326 97 34 149 825 332 632 0 855 947 57 816 330 373 149 713 608 506 926 283 633 364 566 316 270 326 440 455 364 542 896 104 345 14 261 421 515 711 597 261 784 633 801 807 221 
398 785 369 90 27 139 899 921 686 3 369 414 387 588 146 672 1000 144 838 172 780 931 25 961 324 707 479 369 251 125 695 857 869 858 206 473 288 804 448 708 97 264 855 0 346 285 743 923 730 692 378 333 853 686 89 284 76 592 281 989 601 290 289 657 747 270 12 987 194 511 380 644 398 459 683 714 307 750 817 533 
412 96 549 948 914 980 458 793 902 564 575 879 240 504 680 97 452 632 177 362 482 464 923 2 367 902 357 596 15 249 822 515 193 750 937 992 781 971 340 35 683 831 947 346 0 241 427 954 998 397 272 996 224 37 280 870 666 612 557 299 895 410 553 50 899 695 639 183 706 378 266 609 653 340 198 279 856 647 736 444 
279 459 750 458 372 180 502 76 426 908 607 176 923 987 665 732 126 707 3 924 492 867 709 890 933 314 419 622 430 444 403 1000 57 730 341 925 691 270 507 850 27 954 57 285 241 0 425 170 128 911 164 88 246 363 592 826 99 853 722 879 41 222 778 738 697 564 649 277 483 545 146 222 912 807 917 533 104 161 585 293 
946 143 925 932 409 47 846 612 99 646 407 5 692 61 332 948 661 927 82 926 803 620 248 36 990 190 690 949 699 587 424 116 749 854 36 132 799 602 247 49 31 685 816 743 427 425 0 715 491 846 949 285 864 756 217 680 428 684 311 133 995 937 893 508 605 505 812 8 819 346 488 752 448 260 930 120 600 507 242 199 
543 695 371 747 840 243 158 411 858 930 659 28 828 227 882 359 847 297 43 208 633 202 216 6 73 195 711 182 75 520 294 514 608 580 961 595 377 509 1 752 571 797 330 923 954 170 715 0 573 648 530 862 501 19 468 366 332 206 300 856 273 717 335 78 817 982 915 924 569 806 207 552 739 809 171 85 522 606 774 263 
433 42 373 689 426 691 500 403 531 595 74 187 787 915 305 514 665 569 34 944 521 189 627 924 887 165 375 832 875 959 76 875 594 69 667 299 167 236 280 430 350 810 373 730 998 128 491 573 0 4 758 922 148 919 427 427 758 424 392 941 974 865 519 439 160 122 202 367 912 805 624 946 871 833 314 259 284 148 663 105 
182 284 666 274 329 756 742 574 594 152 708 982 434 116 837 984 994 63 703 863 187 680 245 353 526 862 845 89 940 572 664 653 2 1 3 48 271 135 932 292 257 560 149 692 397 911 846 648 4 0 8 321 985 724 819 896 134 682 560 215 365 27 794 31 818 760 825 389 435 287 110 609 72 455 304 799 513 329 84 72 
406 50 114 911 60 837 481 205 60 518 727 920 36 539 508 734 363 782 35 901 646 407 588 180 438 899 695 2 843 88 146 940 560 555 329 526 681 236 983 538 346 772 713 378 272 164 949 530 758 8 0 191 806 478 65 116 941 507 984 599 144 916 928 452 101 236 387 391 376 207 193 853 243 646 972 864 539 937 967 403 
846 161 842 756 619 113 952 537 283 123 701 577 600 968 673 659 949 35 593 520 203 270 815 984 839 339 415 224 152 497 351 853 939 578 864 188 41 84 273 787 78 192 608 333 996 88 285 862 922 321 191 0 428 322 685 355 495 254 931 921 57 862 605 662 585 924 45 213 908 312 841 108 827 274 153 226 32 92 802 182 
685 700 712 790 260 82 112 643 733 632 217 979 288 821 311 725 737 150 487 211 55 519 385 269 703 609 719 604 198 952 436 220 269 845 143 308 846 567 465 42 860 558 506 853 224 246 864 501 148 985 806 428 0 987 402 769 335 182 415 989 399 195 646 916 894 348 991 901 565 55 672 974 867 742 844 64 118 761 611 850 
442 485 119 895 437 216 367 387 737 328 462 135 263 440 623 225 347 712 261 722 706 126 896 928 836 629 851 287 842 124 824 579 104 138 542 678 478 167 267 918 621 566 926 686 37 363 756 19 919 724 478 322 987 0 733 733 749 647 537 824 892 831 969 777 84 20 225 649 90 510 975 115 734 387 364 607 423 162 149 604 
223 150 689 232 28 702 535 760 782 490 838 529 742 742 100 200 238 726 437 118 861 259 718 798 455 777 510 499 581 244 144 477 94 524 951 894 544 242 941 624 83 749 283 89 280 592 217 468 427 819 65 685 402 733 0 249 506 907 793 175 82 191 35 365 340 524 306 737 441 188 865 935 968 919 113 845 634 704 456 731 
229 44 323 579 922 458 956 992 653 537 168 432 885 186 723 2 459 127 6 106 836 766 69 738 440 92 653 580 220 694 556 487 337 53 389 942 491 696 802 17 894 98 633 284 870 826 680 366 427 896 116 355 769 733 249 0 809 868 179 456 461 694 629 559 459 153 67 278 20 511 313 331 5 168 115 149 214 367 840 60 
753 209 95 464 864 993 503 130 69 518 17 116 336 17 781 22 531 334 75 945 905 802 222 745 404 747 621 419 767 433 677 116 998 153 890 234 917 269 521 179 58 737 364 76 666 99 428 332 758 134 941 495 335 749 506 809 0 640 244 763 677 687 133 133 36 437 25 826 763 9 192 786 2 347 211 134 229 393 563 972 
916 933 195 547 352 804 14 743 240 618 705 732 834 956 232 40 186 391 228 606 513 429 495 357 776 173 60 337 164 980 648 429 483 393 149 64 155 883 501 448 601 275 566 592 612 853 684 206 424 682 507 254 182 647 907 868 640 0 320 282 329 648 833 569 468 965 736 748 843 489 901 534 60 270 859 50 813 518 414 873 
904 567 179 682 249 605 825 577 172 171 243 307 185 944 49 807 32 411 544 699 815 454 750 357 695 989 766 881 804 687 210 321 763 716 964 338 319 786 931 619 911 225 316 281 557 722 311 300 392 560 984 931 415 537 793 179 244 320 0 16 44 599 485 820 358 116 297 117 442 407 645 976 546 177 461 154 327 722 154 660 
758 895 925 226 861 155 754 304 594 775 509 146 789 231 966 664 459 908 580 352 26 591 602 91 379 870 936 695 323 572 929 342 895 578 138 224 31 739 452 153 471 579 270 989 299 879 133 856 941 215 599 921 989 824 175 456 763 282 16 0 251 980 738 56 710 713 938 450 624 595 977 444 101 347 557 514 465 844 759 378 
220 515 186 246 673 767 66 943 818 378 925 144 755 808 578 201 19 319 860 681 520 184 793 811 315 717 220 750 540 530 572 347 441 752 741 687 76 670 103 993 233 547 326 601 895 41 995 273 974 365 144 57 399 892 82 461 677 329 44 251 0 514 7 726 958 633 542 771 856 998 961 475 104 175 516 228 379 876 566 820 
633 16 420 975 482 477 577 20 782 678 237 943 105 338 733 487 128 715 290 315 943 256 736 784 494 912 380 965 397 599 479 305 576 734 345 931 637 500 721 40 816 995 440 290 410 222 937 717 865 27 916 862 195 831 191 694 687 648 599 980 514 0 509 691 632 926 74 943 933 798 438 246 455 152 322 13 975 994 895 606 
425 340 474 768 847 711 232 462 916 384 462 973 158 4 10 131 290 731 137 426 771 279 775 273 231 295 342 539 722 589 698 536 415 975 104 973 957 298 866 123 623 830 455 289 553 778 893 335 519 794 928 605 646 969 35 629 133 833 485 738 7 509 0 376 412 940 905 611 13 930 905 804 450 368 390 28 693 584 911 173 
231 1000 914 790 421 269 392 348 517 596 433 917 497 735 581 654 488 705 373 276 101 821 45 424 27 944 701 138 108 302 784 202 728 699 727 85 576 837 327 314 152 933 364 657 50 738 508 78 439 31 452 662 916 777 365 559 133 569 820 56 726 691 376 0 944 745 983 991 540 764 464 855 468 505 305 815 824 212 383 476 
556 811 628 41 294 976 912 819 820 630 820 42 341 332 164 66 904 667 961 608 514 519 539 963 900 297 291 384 167 702 576 852 361 662 992 707 374 645 818 585 820 28 542 747 899 697 605 817 160 818 101 585 894 84 340 459 36 468 358 710 958 632 412 944 0 790 385 55 673 452 891 293 329 674 429 763 97 121 244 266 
112 24 684 414 674 702 579 160 419 112 776 335 262 255 49 606 724 312 406 243 598 887 685 247 452 35 801 644 765 628 910 463 144 243 851 414 395 88 226 514 529 303 896 270 695 564 505 982 122 760 236 924 348 20 524 153 437 965 116 713 633 926 940 745 790 0 998 220 514 834 347 386 374 617 912 781 305 365 178 772 
814 938 655 470 596 444 991 193 215 94 810 819 28 437 948 942 560 279 886 236 753 11 789 521 926 119 140 123 146 721 38 83 757 831 944 377 913 752 165 89 216 748 104 12 639 649 812 915 202 825 387 45 991 225 306 67 25 736 297 938 542 74 905 983 385 998 0 697 554 283 405 716 385 805 925 217 101 518 688 16 
71 638 940 59 27 669 5 674 888 499 306 261 485 62 932 589 146 141 503 545 133 251 305 718 660 304 737 173 481 215 361 486 888 15 509 189 626 962 325 794 680 54 345 987 183 277 8 924 367 389 391 213 901 649 737 278 826 748 117 450 771 943 611 991 55 220 697 0 668 129 204 86 52 593 545 1 780 666 578 310 
181 977 811 308 314 267 371 736 978 827 516 481 566 908 45 55 129 867 909 964 474 227 573 796 408 171 152 835 918 128 875 62 810 436 453 46 413 390 20 437 545 608 14 194 706 483 819 569 912 435 376 908 565 90 441 20 763 843 442 624 856 933 13 540 673 514 554 668 0 459 979 166 24 352 437 523 744 373 708 844 
853 7 455 291 886 278 172 143 347 285 315 88 82 490 864 934 843 755 608 404 723 11 941 469 653 908 96 599 628 824 759 2 420 982 977 523 495 67 816 309 679 915 261 511 378 545 346 806 805 287 207 312 55 510 188 511 9 489 407 595 998 798 930 764 452 834 283 129 459 0 731 3 293 692 110 208 20 626 129 849 
990 102 182 412 653 694 46 604 58 419 630 428 795 928 367 868 410 29 638 710 620 348 434 390 448 417 929 358 909 495 322 943 623 800 953 211 390 598 754 331 439 71 421 380 266 146 488 207 624 110 193 841 672 975 865 313 192 901 645 977 961 438 905 464 891 347 405 204 979 731 0 497 669 598 605 459 988 113 374 893 
147 285 771 372 985 965 850 634 485 145 175 694 564 374 840 714 536 23 528 557 428 63 541 587 538 38 430 9 887 621 898 745 590 305 519 641 673 165 827 665 105 838 515 644 609 222 752 552 946 609 853 108 974 115 935 331 786 534 976 444 475 246 804 855 293 386 716 86 166 3 497 0 159 61 428 92 547 784 295 943 
956 931 959 733 103 333 80 41 382 643 666 93 151 274 123 599 570 161 574 908 809 78 136 511 563 26 25 160 298 900 449 445 800 711 849 710 76 356 238 849 292 995 711 398 653 912 448 739 871 72 243 827 867 734 968 5 2 60 546 101 104 455 450 468 329 374 385 52 24 293 669 159 0 964 389 171 928 261 882 608 
338 263 871 911 696 876 642 274 377 622 857 224 857 520 456 600 104 458 858 581 193 199 391 266 838 451 168 892 671 451 654 990 429 184 534 991 572 408 546 679 696 930 597 459 340 807 260 809 833 455 646 274 742 387 919 168 347 270 177 347 175 152 368 505 674 617 805 593 352 692 598 61 964 0 215 505 589 932 435 723 
3 468 752 608 91 594 918 53 393 179 359 392 23 154 690 214 827 915 202 597 945 964 824 318 807 961 97 796 14 119 867 708 341 461 883 350 481 173 52 33 794 886 261 683 198 917 930 171 314 304 972 153 844 364 113 115 211 859 461 557 516 322 390 305 429 912 925 545 437 110 605 428 389 215 0 495 12 104 582 15 
520 964 257 851 22 882 113 263 386 6 432 516 484 306 26 309 548 47 954 114 939 768 25 300 783 932 985 128 341 848 726 664 565 243 981 980 255 59 155 716 669 427 784 714 279 533 120 85 259 799 864 226 64 607 845 149 134 50 154 514 228 13 28 815 763 781 217 1 523 208 459 92 171 505 495 0 445 995 359 499 
240 968 21 70 427 290 656 287 382 905 735 324 395 128 596 766 859 108 554 187 354 477 727 134 516 361 212 493 28 855 780 305 963 46 603 256 94 429 53 129 330 672 633 307 856 104 600 522 284 513 539 32 118 423 634 214 229 813 327 465 379 975 693 824 97 305 101 780 744 20 988 547 928 589 12 445 0 578 743 9 
935 825 67 407 265 319 109 875 79 598 284 306 286 356 682 356 28 663 380 482 752 596 562 624 517 881 933 891 976 942 561 604 305 321 943 783 562 995 907 930 663 180 801 750 647 161 507 606 148 329 937 92 761 162 704 367 393 518 722 844 876 994 584 212 121 365 518 666 373 626 113 784 261 932 104 995 578 0 114 81 
199 898 25 64 112 40 418 453 348 667 21 385 535 278 367 861 764 964 857 12 467 676 930 547 328 849 568 385 396 498 706 274 949 568 795 609 175 877 596 549 998 247 807 817 736 585 242 774 663 84 967 802 611 149 456 840 563 414 154 759 566 895 911 383 244 178 688 578 708 129 374 295 882 435 582 359 743 114 0 591 
874 926 950 155 64 527 626 785 842 792 330 481 870 863 422 146 817 957 417 887 157 679 41 136 638 433 800 445 293 10 988 212 703 387 471 243 843 400 556 841 720 333 221 533 444 293 199 263 105 72 403 182 850 604 731 60 972 873 660 378 820 606 173 476 266 772 16 310 844 849 893 943 608 723 15 499 9 81 591 0 
0 968 291 450 554 50 475 944 77 49 559 62 563 895 179 545 539 930 818 931 744 208 463 631 635 829 538 423 772 175 834 512 180 542 808 905 37 503 213 857 144 643 179 617 239 351 593 436 509 53 968 95 632 449 921 698 227 695 836 110 56 185 837 447 347 838 937 654 122 89 310 250 541 828 392 8 913 662 937 922 
968 0 308 119 704 371 191 520 189 390 5 975 519 901 316 546 582 846 38 426 722 15 419 60 475 984 163 800 32 34 123 627 521 855 15 61 102 219 395 372 785 761 390 904 964 670 517 141 423 381 307 450 893 377 898 370 460 627 484 110 58 986 572 829 971 546 294 82 379 509 775 262 116 934 597 157 705 126 378 567 
291 308 0 17 216 222 518 114 514 575 581 248 937 995 183 827 823 755 512 709 30 616 329 78 680 223 649 675 645 487 716 402 204 234 716 724 929 668 185 563 88 745 811 39 325 398 203 493 995 6 948 342 709 820 14 438 759 307 42 298 895 409 465 871 52 430 922 845 450 694 101 530 468 484 895 381 212 304 662 41 
450 119 17 0 18 374 229 243 965 487 911 936 947 219 796 154 938 350 172 550 998 392 967 514 415 973 669 163 315 74 876 315 33 553 467 959 294 997 365 813 811 556 965 309 714 706 705 217 989 9 671 229 518 386 398 652 295 18 468 308 799 460 535 864 576 642 92 386 767 918 614 726 599 311 237 365 379 413 122 590 
554 704 216 18 0 83 518 657 137 722 701 809 618 803 481 703 694 334 64 429 249 691 363 822 402 118 821 966 773 310 530 610 698 144 260 679 417 108 383 548 970 413 500 603 917 746 523 247 837 495 835 555 351 501 232 50 874 738 463 256 279 585 541 857 628 661 270 371 631 227 467 974 457 578 51 582 75 131 147 852 
50 371 222 374 83 0 599 830 58 117 240 586 210 513 910 732 76 948 223 490 113 594 182 943 91 940 87 510 706 336 925 608 922 613 730 583 496 841 216 295 625 150 24 543 249 996 493 900 782 590 947 797 222 181 981 400 935 666 304 561 718 580 580 268 183 441 53 28 66 598 31 485 263 905 736 565 52 797 417 321 
475 191 518 229 518 599 0 98 618 510 468 777 582 4 239 130 716 65 846 29 897 172 238 453 475 571 331 884 175 778 119 437 181 209 816 858 120 40 674 116 861 810 731 962 831 244 28 751 501 716 303 681 695 894 225 575 206 992 321 671 587 152 528 834 907 575 965 226 735 729 93 72 438 634 220 335 995 594 994 147 
944 520 114 243 657 830 98 0 94 964 541 878 874 874 101 120 830 150 2 158 986 958 117 492 223 959 570 554 379 990 514 913 524 678 421 11 32 350 760 455 547 556 399 478 89 323 219 446 833 550 740 319 837 20 976 49 730 442 559 740 336 550 374 343 73 490 583 570 622 582 498 910 691 432 679 904 771 226 932 789 
77 189 514 965 137 58 618 94 0 362 545 469 455 463 308 716 426 158 316 996 291 204 960 151 348 811 514 636 274 997 766 966 64 29 271 411 41 211 587 948 11 166 201 713 864 889 456 840 209 849 950 132 629 943 384 694 924 364 522 286 177 489 694 238 102 954 577 18 640 649 256 447 802 761 608 541 178 835 328 767 
49 390 575 487 722 117 510 964 362 0 430 895 433 18 897 460 400 935 424 528 723 743 581 118 47 891 108 484 772 858 545 400 708 801 359 588 418 643 290 793 892 367 729 143 29 784 612 959 45 540 584 788 822 995 999 594 516 393 124 159 195 690 530 352 281 640 461 400 440 951 159 892 489 297 737 260 701 214 100 352 
559 5 581 911 701 240 468 541 545 430 0 53 653 220 652 576 620 22 953 415 626 303 509 74 8 169 852 338 660 156 378 602 806 604 925 779 980 842 726 202 613 370 718 378 692 114 745 204 247 315 577 688 239 27 419 3 444 588 144 757 385 704 585 878 894 318 919 23 289 6 801 619 213 811 79 164 840 702 901 816 
62 975 248 936 809 586 777 878 469 895 53 0 161 954 792 376 793 386 321 472 130 419 313 502 861 751 980 31 516 217 95 744 459 809 422 582 278 525 340 926 638 933 932 577 722 378 112 252 676 514 433 212 669 863 974 493 913 827 537 979 489 82 174 870 177 472 941 329 612 978 215 387 201 343 59 107 611 25 399 319 
563 519 937 947 618 210 582 874 455 433 653 161 0 819 184 215 112 282 346 792 917 842 373 110 356 742 987 209 972 712 529 834 639 63 4 387 390 733 237 880 176 800 249 763 425 69 662 312 948 229 210 359 806 669 121 929 319 483 411 755 374 251 518 326 602 990 475 201 191 658 260 157 63 328 218 257 93 861 318 377 
895 901 995 219 803 513 4 874 463 18 220 954 819 0 530 479 583 312 38 609 930 301 433 491 951 649 333 931 814 460 251 896 860 995 578 944 681 495 463 940 246 985 78 969 817 332 760 291 503 651 341 375 161 667 713 2 131 211 92 29 33 677 871 732 567 817 999 159 662 72 987 873 972 157 255 929 290 482 744 428 
179 316 183 796 481 910 239 101 308 897 652 792 184 530 0 687 932 970 94 886 640 963 191 777 107 643 462 87 205 935 296 277 991 980 320 431 688 154 507 876 175 264 819 216 788 766 711 591 949 311 768 19 185 912 796 731 170 208 857 597 920 923 519 258 877 35 349 432 583 97 227 560 480 38 973 241 370 596 658 283 
545 546 827 154 703 732 130 120 716 460 576 376 215 479 687 0 692 437 446 629 510 501 832 697 505 806 241 85 254 493 495 22 351 703 513 841 590 283 944 574 958 475 528 330 297 976 963 895 208 299 39 610 602 507 781 219 446 344 428 807 599 875 933 370 597 557 803 43 763 839 228 914 904 655 211 525 849 374 308 437 
539 582 823 938 694 76 716 830 426 400 620 793 112 583 932 692 0 508 275 280 800 350 531 512 674 84 311 117 956 123 629 171 188 448 115 655 915 60 191 847 112 153 381 835 357 124 626 807 876 920 115 223 820 949 65 187 337 945 246 538 796 244 358 115 730 364 813 450 768 628 409 652 899 181 463 969 709 866 462 938 
930 846 755 350 334 948 65 150 158 935 22 386 282 312 970 437 508 0 149 476 141 949 997 427 1 354 583 597 558 979 538 561 94 347 240 685 77 591 959 562 174 856 326 939 475 340 7 673 827 146 121 747 889 341 789 448 540 283 978 307 217 359 677 900 107 20 444 134 605 721 257 585 354 586 403 705 478 572 444 144 
818 38 512 172 64 223 846 2 316 424 953 321 346 38 94 446 275 149 0 70 207 111 384 477 183 79 732 337 167 497 657 272 547 618 94 17 966 396 765 851 839 188 277 164 861 916 562 981 748 4 444 269 476 994 489 590 892 834 15 514 33 146 567 146 654 746 444 266 617 869 660 701 756 314 111 145 110 33 727 585 
931 426 709 550 429 490 29 158 996 528 415 472 792 609 886 629 280 476 70 0 913 888 702 596 1000 674 599 218 422 346 811 884 135 628 354 238 772 862 370 670 110 199 131 106 396 114 783 471 588 349 765 511 517 214 405 434 221 875 705 324 672 953 281 572 409 474 606 674 840 383 762 345 89 617 442 221 849 734 924 180 
744 722 30 998 249 113 897 986 291 723 626 130 917 930 640 510 800 141 207 913 0 381 172 892 729 10 988 903 124 538 72 518 987 502 969 847 372 284 285 941 819 45 851 287 377 396 40 617 501 28 973 911 202 587 523 222 606 405 810 833 863 258 837 761 694 966 844 355 382 384 275 822 473 267 760 110 508 100 781 449 
208 15 616 392 691 594 172 958 204 743 303 419 842 301 963 501 350 949 111 888 381 0 184 593 616 545 168 420 170 604 795 471 302 650 104 418 659 560 961 853 970 230 752 890 517 774 180 804 314 49 473 503 871 758 939 869 945 713 753 418 338 592 18 856 271 124 168 614 824 64 268 630 971 608 348 766 836 135 304 174 
463 419 329 967 363 182 238 117 960 581 509 313 373 433 191 832 531 997 384 702 172 184 0 28 919 454 903 851 51 770 543 894 323 956 807 684 50 187 103 307 497 441 870 967 201 696 474 259 865 635 952 285 318 446 974 783 23 807 267 372 3 543 927 17 279 689 116 494 119 817 586 341 436 338 429 436 184 701 547 857 
631 60 78 514 822 943 453 492 151 118 74 502 110 491 777 697 512 427 477 596 892 593 28 0 168 933 560 528 341 375 125 782 332 673 756 528 335 297 923 327 635 747 814 21 470 397 704 318 75 20 68 786 263 586 95 276 656 668 470 982 11 605 152 889 87 58 541 273 336 446 805 151 864 974 416 262 752 985 774 116 
635 475 680 415 402 91 475 223 348 47 8 861 356 951 107 505 674 1 183 1000 729 616 919 168 0 446 930 600 135 131 563 23 524 269 359 529 100 47 434 929 446 951 861 31 878 914 424 270 897 646 425 836 423 643 1 730 992 790 110 932 861 133 128 177 746 526 272 103 446 293 251 375 999 702 679 270 585 63 677 357 
829 984 223 973 118 940 571 959 811 891 169 751 742 649 643 806 84 354 79 674 10 545 454 933 446 0 928 151 215 942 615 319 642 288 276 208 345 178 90 794 787 269 710 586 798 173 692 611 518 724 749 945 633 630 570 377 980 748 2 579 823 56 109 675 406 724 739 670 131 21 901 416 674 787 330 980 259 524 211 68 
538 163 649 669 821 87 331 570 514 108 852 980 987 333 462 241 311 583 732 599 988 168 903 560 930 928 0 286 600 225 412 184 188 394 655 512 733 189 880 250 733 656 976 758 906 752 819 931 761 534 722 751 611 207 96 455 1000 404 813 872 516 551 458 96 483 691 429 996 997 103 616 741 514 911 550 52 558 42 634 873 
423 800 675 163 966 510 884 554 636 484 338 31 209 931 87 85 117 597 337 218 903 420 851 528 600 151 286 0 23 740 708 623 15 864 697 154 830 654 491 285 252 867 439 729 738 748 475 30 282 361 70 434 765 535 442 458 175 156 456 102 900 675 232 539 661 215 128 419 509 9 923 788 182 661 532 48 397 840 667 38 
772 32 645 315 773 706 175 379 274 772 660 516 972 814 205 254 956 558 167 422 124 170 51 341 135 215 600 23 0 316 862 707 58 972 301 791 26 630 186 27 406 978 126 752 534 671 733 323 46 390 768 991 183 8 590 166 621 882 909 953 99 45 547 390 486 849 865 941 834 823 702 929 884 451 596 972 883 47 399 699 
175 34 487 74 310 336 778 990 997 858 156 217 712 460 935 493 123 979 497 346 538 604 770 375 131 942 225 740 316 0 529 340 455 541 881 616 383 474 971 12 106 584 780 409 114 791 723 336 928 374 269 710 599 310 909 866 998 16 230 546 178 294 807 109 431 760 409 912 654 576 871 316 629 536 989 139 573 661 35 302 
834 123 716 876 530 925 119 514 766 545 378 95 529 251 296 495 629 538 657 811 72 795 543 125 563 615 412 708 862 529 0 941 924 949 212 917 658 787 16 577 362 409 277 452 707 583 355 529 143 897 123 134 794 274 953 681 573 28 107 829 549 264 374 130 251 647 180 634 562 708 259 257 277 881 295 451 109 20 602 670 
512 627 402 315 610 608 437 913 966 400 602 744 834 896 277 22 171 561 272 884 518 471 894 782 23 319 184 623 707 340 941 0 414 558 483 530 405 564 449 683 264 716 729 755 525 871 664 691 191 254 975 805 180 259 852 797 80 977 913 929 927 155 31 250 493 540 993 971 835 866 335 877 992 631 244 961 885 350 577 100 
180 521 204 33 698 922 181 524 64 708 806 459 639 860 991 351 188 94 547 135 987 302 323 332 524 642 188 15 58 455 924 414 0 358 22 950 543 304 873 104 616 840 756 50 968 651 205 919 166 880 724 471 229 153 970 303 565 134 428 944 763 55 959 618 959 153 777 792 366 183 342 973 765 811 406 306 560 586 588 736 
542 855 234 553 144 613 209 678 29 801 604 809 63 995 980 703 448 347 618 628 502 650 956 673 269 288 394 864 972 541 949 558 358 0 25 348 593 113 295 85 863 326 108 14 783 147 242 736 525 908 807 297 133 269 447 416 719 88 110 797 645 18 350 2 554 596 770 687 132 741 679 737 437 189 981 62 718 91 292 275 
808 15 716 467 260 730 816 421 271 359 925 422 4 578 320 513 115 240 94 354 969 104 807 756 359 276 655 697 301 881 212 483 22 25 0 810 531 415 559 734 448 937 503 474 472 498 136 587 939 344 119 208 302 257 336 716 155 46 235 323 706 786 656 857 794 335 465 43 644 218 494 935 625 291 597 289 487 448 575 938 
905 61 724 959 679 583 858 11 411 588 779 582 387 944 431 841 655 685 17 238 847 418 684 528 529 208 512 154 791 616 917 530 950 348 810 0 167 577 932 381 315 491 454 963 855 761 765 269 88 346 519 540 55 108 296 420 28 149 28 175 164 97 429 185 838 861 808 573 902 257 231 962 445 940 902 954 837 452 61 73 
37 102 929 294 417 496 120 32 41 418 980 278 390 681 688 590 915 77 966 772 372 659 50 335 100 345 733 830 26 383 658 405 543 593 531 167 0 962 439 669 611 606 369 895 121 651 533 161 840 940 488 68 167 954 32 146 862 331 943 213 697 341 417 70 747 414 397 602 304 234 913 6 400 615 769 871 196 428 944 172 
503 219 668 997 108 841 40 350 211 643 842 525 733 495 154 283 60 591 396 862 284 560 187 297 47 178 189 654 630 474 787 564 304 113 415 577 962 0 490 117 94 71 312 173 135 854 944 323 813 27 495 939 788 320 390 668 311 460 880 137 657 714 552 222 158 403 430 851 690 769 904 704 661 802 709 419 528 772 955 846 
213 395 185 365 383 216 674 760 587 290 726 340 237 463 507 944 191 959 765 370 285 961 103 923 434 90 880 491 186 971 16 449 873 295 559 932 439 490 0 828 58 901 617 385 791 982 691 444 332 613 467 392 508 132 770 199 911 656 386 865 713 858 745 494 172 885 371 809 161 790 317 811 293 873 678 417 769 405 244 85 
857 372 563 813 548 295 116 455 948 793 202 926 880 940 876 574 847 562 851 670 941 853 307 327 929 794 250 285 27 12 577 683 104 85 734 381 669 117 828 0 754 486 70 55 740 419 480 329 733 753 825 496 384 370 933 493 109 317 381 848 183 526 393 213 14 700 639 950 879 23 638 235 516 217 424 280 200 721 591 1 
144 785 88 811 970 625 861 547 11 892 613 638 176 246 175 958 112 174 839 110 819 970 497 635 446 787 733 252 406 106 362 264 616 863 448 315 611 94 58 754 0 292 973 987 63 772 621 295 762 276 942 676 832 720 236 469 905 372 876 175 880 619 737 832 351 162 936 905 110 220 959 82 717 379 418 164 33 555 43 586 
643 761 745 556 413 150 810 556 166 367 370 933 800 985 264 475 153 856 188 199 45 230 441 747 951 269 656 867 978 584 409 716 840 326 937 491 606 71 901 486 292 0 312 266 222 284 742 60 484 958 516 89 545 547 732 21 610 520 784 721 584 460 725 183 115 9 742 199 780 49 602 357 115 865 591 841 590 902 775 891 
179 390 811 965 500 24 731 399 201 729 718 932 249 78 819 528 381 326 277 131 851 752 870 814 861 710 976 439 126 780 277 729 756 108 503 454 369 312 617 70 973 312 0 613 219 918 810 598 153 658 439 848 145 51 736 305 276 169 741 849 965 241 750 501 899 547 778 471 962 403 31 460 696 140 846 451 983 539 152 553 
617 904 39 309 603 543 962 478 713 143 378 577 763 969 216 330 835 939 164 106 287 890 967 21 31 586 758 729 752 409 452 755 50 14 474 963 895 173 385 55 987 266 613 0 366 717 953 288 351 26 920 199 778 848 327 153 437 476 975 107 844 250 618 578 808 899 106 910 801 479 846 102 5 696 465 583 443 636 256 938 
239 964 325 714 917 249 831 89 864 29 692 722 425 817 788 297 357 475 861 396 377 517 201 470 878 798 906 738 534 114 707 525 968 783 472 855 121 135 791 740 63 222 219 366 0 940 817 425 461 200 387 565 436 417 168 612 839 873 769 66 593 706 453 92 355 848 757 523 522 276 847 413 991 618 886 671 268 857 140 790 
351 670 398 706 746 996 244 323 889 784 114 378 69 332 766 976 124 340 916 114 396 774 696 397 914 173 752 748 671 791 583 871 651 147 498 761 651 854 982 419 772 284 918 717 940 0 866 905 31 461 913 957 910 81 829 176 562 908 963 15 371 685 584 21 333 837 298 525 572 953 918 295 431 727 253 811 114 96 199 862 
593 517 203 705 523 493 28 219 456 612 745 112 662 760 711 963 626 7 562 783 40 180 474 704 424 692 819 475 733 723 355 664 205 242 136 765 533 944 691 480 621 742 810 953 817 866 0 778 486 537 701 833 764 949 993 914 324 47 41 539 470 947 477 802 286 387 572 195 794 150 118 957 907 76 748 6 828 422 47 520 
436 141 493 217 247 900 751 446 840 959 204 252 312 291 591 895 807 673 981 471 617 804 259 318 270 611 931 30 323 336 529 691 919 736 587 269 161 323 444 329 295 60 598 288 425 905 778 0 369 486 621 164 188 386 812 613 550 792 576 719 754 24 31 574 42 314 999 592 780 135 166 123 22 990 211 991 365 557 586 864 
