10 2
0 166 345 551 958 93 183 557 623 581 
166 0 397 933 809 709 408 200 204 698 
345 397 0 256 703 322 572 856 70 599 
551 933 256 0 151 944 619 51 938 656 
958 809 703 151 0 368 896 785 592 878 
93 709 322 944 368 0 14 818 852 998 
183 408 572 619 896 14 0 164 434 102 
557 200 856 51 785 818 164 0 147 715 
623 204 70 938 592 852 434 147 0 215 
581 698 599 656 878 998 102 715 215 0 
0 342 685 280 515 136 731 868 863 566 
342 0 190 80 892 74 262 77 924 312 
685 190 0 195 31 118 976 345 575 138 
280 80 195 0 147 341 536 342 848 580 
515 892 31 147 0 163 207 406 40 818 
136 74 118 341 163 0 147 384 811 198 
731 262 976 536 207 147 0 692 479 763 
868 77 345 342 406 384 692 0 380 545 
863 924 575 848 40 811 479 380 0 222 
566 312 138 580 818 198 763 545 222 0 
0 474 774 64 314 672 122 720 540 502 
474 0 737 699 245 644 583 949 421 505 
774 737 0 834 571 684 112 636 453 896 
64 699 834 0 625 722 446 610 120 122 
314 245 571 625 0 997 52 771 826 51 
672 644 684 722 997 0 351 770 628 713 
122 583 112 446 52 351 0 489 410 806 
720 949 636 610 771 770 489 0 397 357 
540 421 453 120 826 628 410 397 0 468 
502 505 896 122 51 713 806 357 468 0 
