5 4
0 468 183 274 334 
468 0 166 343 169 
183 166 0 751 345 
274 343 751 0 397 
334 169 345 397 0 
0 51 40 685 937 
51 0 668 38 949 
40 668 0 474 932 
685 38 474 0 756 
937 949 932 756 0 
0 378 620 774 116 
378 0 241 316 757 
620 241 0 362 399 
774 316 362 0 571 
116 757 399 571 0 
0 854 598 702 35 
854 0 442 340 251 
598 442 0 434 238 
702 340 434 0 289 
35 251 238 289 0 
0 915 928 167 857 
915 0 412 552 168 
928 412 0 186 109 
167 552 186 0 827 
857 168 109 827 0 
