8 4
0 569 691 94 813 407 340 370 
569 0 1 298 822 753 549 377 
691 1 0 664 905 412 434 47 
94 298 664 0 51 210 90 137 
813 822 905 51 0 245 449 385 
407 753 412 210 245 0 981 943 
340 549 434 90 449 981 0 566 
370 377 47 137 385 943 566 0 
0 614 303 279 907 259 287 126 
614 0 709 184 376 633 606 422 
303 709 0 487 126 443 713 927 
279 184 487 0 51 676 479 282 
907 376 126 51 0 774 878 154 
259 633 443 676 774 0 161 2 
287 606 713 479 878 161 0 240 
126 422 927 282 154 2 240 0 
0 657 235 262 831 97 295 244 
657 0 762 324 462 590 728 222 
235 762 0 466 197 597 711 662 
262 324 466 0 91 696 479 197 
831 462 197 91 0 671 967 123 
97 590 597 696 671 0 149 43 
295 728 711 479 967 149 0 113 
244 222 662 197 123 43 113 0 
0 594 358 126 841 279 374 32 
594 0 880 186 404 544 586 272 
358 880 0 559 173 410 773 906 
126 186 559 0 30 483 536 226 
841 404 173 30 0 814 974 158 
279 544 410 483 814 0 158 168 
374 586 773 536 974 158 0 136 
32 272 906 226 158 168 136 0 
0 682 197 170 833 179 114 88 
682 0 663 261 258 712 545 343 
197 663 0 731 91 261 703 916 
170 261 731 0 165 743 218 138 
833 258 91 165 0 838 920 175 
179 712 261 743 838 0 139 211 
114 545 703 218 920 139 0 156 
88 343 916 138 175 211 156 0 
