6 3
0 598 743 1 484 832 
598 0 703 248 94 391 
743 703 0 593 298 516 
1 248 593 0 664 813 
484 94 298 664 0 822 
832 391 516 813 822 0 
0 510 619 572 14 505 
510 0 568 921 990 60 
619 568 0 812 497 469 
572 921 812 0 116 314 
14 990 497 116 0 191 
505 60 469 314 191 0 
0 676 596 423 729 542 
676 0 249 67 24 914 
596 249 0 176 378 519 
423 67 176 0 897 446 
729 24 378 897 0 721 
542 914 519 446 721 0 
0 511 384 394 849 331 
511 0 318 144 25 892 
384 318 0 105 250 434 
394 144 105 0 804 419 
849 25 250 804 0 760 
331 892 434 419 760 0 
