60 3
0 75 814 247 295 328 813 605 698 49 232 785 193 86 169 856 986 135 588 869 164 29 52 548 80 367 990 383 247 833 895 883 367 216 346 659 409 244 973 109 586 95 657 541 77 332 572 423 1 202 245 385 470 736 451 611 548 631 32 971 
75 0 282 96 207 213 622 385 266 872 408 895 234 193 612 811 226 707 607 389 454 155 70 77 136 629 316 420 896 354 27 59 597 230 849 342 541 917 555 830 429 915 482 696 908 291 971 904 692 870 915 977 469 174 409 996 415 640 781 349 
814 282 0 668 898 810 527 5 81 866 774 509 482 412 753 659 470 834 325 257 622 979 31 914 165 814 274 70 85 372 854 782 323 78 724 262 642 653 864 938 108 452 452 157 111 168 163 785 759 546 974 299 426 908 131 557 119 139 307 343 
247 96 668 0 189 30 18 626 428 277 60 60 498 577 261 39 125 221 813 251 20 585 40 804 509 692 407 713 126 190 313 769 981 804 66 780 940 861 232 879 422 719 268 201 514 186 377 418 352 975 952 857 808 827 235 209 359 993 414 238 
295 207 898 189 0 789 941 93 594 364 718 408 442 82 40 478 42 648 345 869 210 147 523 676 935 660 795 655 279 129 734 507 115 432 8 179 63 99 483 497 927 438 696 181 570 232 517 770 925 102 920 976 151 972 721 551 12 828 865 307 
328 213 810 30 789 0 281 930 995 566 472 321 520 930 668 380 51 409 332 723 7 244 152 128 676 723 911 891 723 138 324 910 266 927 234 545 459 545 516 41 710 753 380 420 815 629 750 259 390 842 583 129 107 770 396 523 169 497 701 519 
813 622 527 18 941 281 0 30 36 907 676 35 102 756 11 626 55 889 906 864 602 58 962 577 301 240 20 464 471 191 700 900 767 333 851 176 79 920 117 712 656 203 371 958 89 934 824 440 113 351 821 503 772 974 930 813 467 313 224 960 
605 385 5 626 93 930 30 0 211 664 882 166 701 223 497 589 102 895 478 165 924 285 818 376 47 279 452 340 878 639 792 610 959 416 440 312 197 440 434 364 5 980 796 641 226 288 469 715 122 151 109 352 722 288 584 499 556 389 200 664 
698 266 81 428 594 995 36 211 0 458 730 429 51 701 164 122 718 641 318 827 31 896 551 120 531 837 947 969 784 525 355 357 445 865 396 376 101 848 60 710 470 574 36 92 817 628 367 308 266 387 561 204 145 489 929 545 332 630 239 972 
49 872 866 277 364 566 907 664 458 0 718 734 239 214 134 152 594 930 652 333 771 515 258 404 982 43 503 113 588 161 979 981 842 524 755 996 919 407 436 529 67 161 722 133 852 981 975 349 474 577 859 335 370 382 911 774 561 807 28 980 
232 408 774 60 718 472 676 882 730 718 0 166 690 440 40 360 483 174 299 132 4 279 919 295 749 612 219 797 432 829 383 398 928 332 637 424 133 640 755 454 756 727 974 661 600 426 685 937 989 369 440 237 976 820 624 365 129 983 729 780 
785 895 509 60 408 321 35 166 429 734 166 0 328 135 677 953 221 500 307 579 517 302 934 93 421 847 158 566 768 295 125 492 853 57 522 574 161 417 615 385 124 512 430 739 954 149 746 434 889 624 188 487 651 336 115 898 781 196 274 216 
193 234 482 498 442 520 102 701 51 239 690 328 0 232 625 431 815 446 623 732 752 332 343 700 145 292 731 817 457 446 812 552 455 843 512 579 552 666 890 536 364 351 117 248 188 186 391 354 26 511 239 468 824 438 582 921 851 853 35 996 
86 193 412 577 82 930 756 223 701 214 440 135 232 0 594 787 53 710 897 315 290 540 698 377 684 371 807 18 799 923 95 432 156 27 657 60 492 815 724 370 840 258 996 638 988 503 799 453 213 646 414 441 203 631 543 55 895 560 595 779 
169 612 753 261 40 668 11 497 164 134 40 677 625 594 0 195 485 752 933 497 980 153 880 871 387 974 79 403 893 421 162 944 710 234 921 691 113 937 832 42 668 923 362 35 891 118 270 139 384 383 71 42 972 266 821 331 526 444 251 666 
856 811 659 39 478 380 626 589 122 152 360 953 431 787 195 0 360 491 553 413 536 688 926 191 367 611 850 86 919 534 639 624 269 30 126 249 724 576 537 310 352 231 896 536 432 92 913 578 228 907 213 869 984 346 627 36 128 723 543 364 
986 226 470 125 42 51 55 102 718 594 483 221 815 53 485 360 0 756 64 249 185 98 100 470 575 635 134 592 937 461 434 890 135 41 242 121 832 587 596 431 746 896 701 147 393 744 983 796 821 394 463 17 747 811 298 850 388 591 68 143 
135 707 834 221 648 409 889 895 641 930 174 500 446 710 752 491 756 0 985 216 829 522 926 466 760 263 770 556 914 310 147 847 726 776 792 566 454 596 183 871 9 269 747 958 339 649 616 495 854 67 660 133 898 266 740 928 115 263 730 567 
588 607 325 813 345 332 906 478 318 652 299 307 623 897 933 553 64 985 0 780 736 80 222 457 41 657 79 947 503 131 615 357 354 771 774 146 547 955 182 634 571 240 189 723 456 226 628 210 415 738 174 83 470 464 151 508 898 813 828 787 
869 389 257 251 869 723 864 165 827 333 132 579 732 315 497 413 249 216 780 0 78 642 694 484 581 749 243 506 737 577 892 811 665 51 214 386 741 437 664 928 930 881 237 290 488 119 139 163 692 274 456 848 891 681 132 409 356 617 896 356 
164 454 622 20 210 7 602 924 31 771 4 517 752 290 980 536 185 829 736 78 0 598 458 297 290 208 497 29 763 73 544 979 730 769 793 162 389 733 255 254 659 883 855 983 199 449 593 728 616 612 220 905 148 281 822 792 7 839 168 4 
29 155 979 585 147 244 58 285 896 515 279 302 332 540 153 688 98 522 80 642 598 0 19 434 122 252 305 737 416 12 510 945 434 323 181 778 88 920 808 661 147 117 413 75 129 97 415 1 236 630 133 166 838 658 486 747 77 450 309 722 
52 70 31 40 523 152 962 818 551 258 919 934 343 698 880 926 100 926 222 694 458 19 0 199 267 824 280 338 219 994 131 477 773 899 388 227 471 467 165 144 437 480 614 290 95 217 176 82 726 937 890 325 510 241 332 220 522 467 428 808 
548 77 914 804 676 128 577 376 120 404 295 93 700 377 871 191 470 466 457 484 297 434 199 0 398 825 511 17 400 358 656 539 695 746 40 8 365 320 11 919 427 702 610 642 415 815 158 112 642 573 936 876 676 844 443 529 181 910 677 795 
80 136 165 509 935 676 301 47 531 982 749 421 145 684 387 367 575 760 41 581 290 122 267 398 0 749 828 889 294 153 825 217 428 408 964 352 556 478 479 104 431 916 108 82 680 215 169 819 726 386 998 812 522 966 93 486 495 455 410 738 
367 629 814 692 660 723 240 279 837 43 612 847 292 371 974 611 635 263 657 749 208 252 824 825 749 0 415 955 298 212 901 944 288 674 127 92 540 74 465 273 814 147 786 553 220 825 245 130 205 293 71 271 858 58 228 270 681 872 996 839 
990 316 274 407 795 911 20 452 947 503 219 158 731 807 79 850 134 770 79 243 497 305 280 511 828 415 0 790 512 543 215 661 519 791 587 630 132 784 923 697 990 576 430 406 104 354 681 43 431 975 343 991 67 997 933 872 790 46 38 542 
383 420 70 713 655 891 464 340 969 113 797 566 817 18 403 86 592 556 947 506 29 737 338 17 889 955 790 0 924 641 573 348 325 432 689 989 766 414 755 847 823 464 378 368 5 969 129 123 863 253 487 200 230 553 659 910 214 930 958 361 
247 896 85 126 279 723 471 878 784 588 432 768 457 799 893 919 937 914 503 737 763 416 219 400 294 298 512 924 0 559 983 566 789 292 558 414 693 556 340 158 964 100 855 193 655 856 446 134 489 44 491 143 982 621 893 535 408 143 33 283 
833 354 372 190 129 138 191 639 525 161 829 295 446 923 421 534 461 310 131 577 73 12 994 358 153 212 543 641 559 0 872 856 672 921 345 500 819 841 896 322 581 225 599 678 496 583 392 411 507 337 338 578 719 770 390 350 932 62 537 978 
895 27 854 313 734 324 700 792 355 979 383 125 812 95 162 639 434 147 615 892 544 510 131 656 825 901 215 573 983 872 0 934 304 29 647 102 531 341 797 504 815 45 873 450 626 52 898 497 759 599 5 103 969 833 843 91 207 390 342 872 
883 59 782 769 507 910 900 610 357 981 398 492 552 432 944 624 890 847 357 811 979 945 477 539 217 944 661 348 566 856 934 0 61 317 90 955 38 432 30 510 272 528 727 775 300 11 269 805 840 223 743 895 774 611 40 566 281 74 553 250 
367 597 323 981 115 266 767 959 445 842 928 853 455 156 710 269 135 726 354 665 730 434 773 695 428 288 519 325 789 672 304 61 0 342 838 411 289 437 940 680 992 682 36 635 583 886 636 187 830 417 543 107 537 962 929 87 217 234 111 377 
216 230 78 804 432 927 333 416 865 524 332 57 843 27 234 30 41 776 771 51 769 323 899 746 408 674 791 432 292 921 29 317 342 0 167 295 286 622 239 39 316 998 259 685 952 592 381 953 354 683 536 608 948 472 353 867 121 277 896 18 
346 849 724 66 8 234 851 440 396 755 637 522 512 657 921 126 242 792 774 214 793 181 388 40 964 127 587 689 558 345 647 90 838 167 0 446 637 498 585 859 651 120 21 370 844 719 940 814 702 553 789 662 871 416 756 641 113 853 803 384 
659 342 262 780 179 545 176 312 376 996 424 574 579 60 691 249 121 566 146 386 162 778 227 8 352 92 630 989 414 500 102 955 411 295 446 0 537 893 221 703 763 947 899 884 266 952 70 514 524 874 695 737 833 761 402 763 28 773 425 860 
409 541 642 940 63 459 79 197 101 919 133 161 552 492 113 724 832 454 547 741 389 88 471 365 556 540 132 766 693 819 531 38 289 286 637 537 0 190 660 74 766 56 902 929 67 208 890 301 818 62 639 512 915 509 480 496 432 80 757 900 
244 917 653 861 99 545 920 440 848 407 640 417 666 815 937 576 587 596 955 437 733 920 467 320 478 74 784 414 556 841 341 432 437 622 498 893 190 0 495 365 563 273 839 74 682 897 544 191 992 983 1000 296 389 844 360 766 258 189 533 654 
973 555 864 232 483 516 117 434 60 436 755 615 890 724 832 537 596 183 182 664 255 808 165 11 479 465 923 755 340 896 797 30 940 239 585 221 660 495 0 801 691 18 651 409 986 712 428 805 928 227 453 454 539 608 661 907 323 381 372 506 
109 830 938 879 497 41 712 364 710 529 454 385 536 370 42 310 431 871 634 928 254 661 144 919 104 273 697 847 158 322 504 510 680 39 859 703 74 365 801 0 579 855 91 898 162 846 577 519 561 434 672 23 101 346 862 271 5 951 790 134 
586 429 108 422 927 710 656 5 470 67 756 124 364 840 668 352 746 9 571 930 659 147 437 427 431 814 990 823 964 581 815 272 992 316 651 763 766 563 691 579 0 27 974 404 878 500 946 855 335 908 880 760 563 703 325 960 142 385 175 42 
95 915 452 719 438 753 203 980 574 161 727 512 351 258 923 231 896 269 240 881 883 117 480 702 916 147 576 464 100 225 45 528 682 998 120 947 56 273 18 855 27 0 881 58 932 756 523 698 497 557 349 236 44 406 518 209 376 57 685 531 
657 482 452 268 696 380 371 796 36 722 974 430 117 996 362 896 701 747 189 237 855 413 614 610 108 786 430 378 855 599 873 727 36 259 21 899 902 839 651 91 974 881 0 399 593 610 171 986 1000 83 582 818 950 800 152 194 7 45 41 523 
541 696 157 201 181 420 958 641 92 133 661 739 248 638 35 536 147 958 723 290 983 75 290 642 82 553 406 368 193 678 450 775 635 685 370 884 929 74 409 898 404 58 399 0 620 856 803 198 617 279 64 767 612 770 787 637 990 275 470 484 
77 908 111 514 570 815 89 226 817 852 600 954 188 988 891 432 393 339 456 488 199 129 95 415 680 220 104 5 655 496 626 300 583 952 844 266 67 682 986 162 878 932 593 620 0 338 698 920 39 78 660 760 125 652 23 342 628 243 650 931 
332 291 168 186 232 629 934 288 628 981 426 149 186 503 118 92 744 649 226 119 449 97 217 815 215 825 354 969 856 583 52 11 886 592 719 952 208 897 712 846 500 756 610 856 338 0 874 867 186 301 720 142 935 496 654 422 800 403 559 385 
572 971 163 377 517 750 824 469 367 975 685 746 391 799 270 913 983 616 628 139 593 415 176 158 169 245 681 129 446 392 898 269 636 381 940 70 890 544 428 577 946 523 171 803 698 874 0 881 647 879 624 301 913 334 644 171 731 785 853 872 
423 904 785 418 770 259 440 715 308 349 937 434 354 453 139 578 796 495 210 163 728 1 82 112 819 130 43 123 134 411 497 805 187 953 814 514 301 191 805 519 855 698 986 198 920 867 881 0 830 361 309 922 801 129 462 637 961 334 167 260 
1 692 759 352 925 390 113 122 266 474 989 889 26 213 384 228 821 854 415 692 616 236 726 642 726 205 431 863 489 507 759 840 830 354 702 524 818 992 928 561 335 497 1000 617 39 186 647 830 0 244 965 271 253 166 207 143 418 860 811 512 
202 870 546 975 102 842 351 151 387 577 369 624 511 646 383 907 394 67 738 274 612 630 937 573 386 293 975 253 44 337 599 223 417 683 553 874 62 983 227 434 908 557 83 279 78 301 879 361 244 0 90 365 89 144 691 411 2 517 529 40 
245 915 974 952 920 583 821 109 561 859 440 188 239 414 71 213 463 660 174 456 220 133 890 936 998 71 343 487 491 338 5 743 543 536 789 695 639 1000 453 672 880 349 582 64 660 720 624 309 965 90 0 785 961 686 292 739 526 41 188 120 
385 977 299 857 976 129 503 352 204 335 237 487 468 441 42 869 17 133 83 848 905 166 325 876 812 271 991 200 143 578 103 895 107 608 662 737 512 296 454 23 760 236 818 767 760 142 301 922 271 365 785 0 953 98 604 431 942 589 911 73 
470 469 426 808 151 107 772 722 145 370 976 651 824 203 972 984 747 898 470 891 148 838 510 676 522 858 67 230 982 719 969 774 537 948 871 833 915 389 539 101 563 44 950 612 125 935 913 801 253 89 961 953 0 363 11 583 20 792 326 965 
736 174 908 827 972 770 974 288 489 382 820 336 438 631 266 346 811 266 464 681 281 658 241 844 966 58 997 553 621 770 833 611 962 472 416 761 509 844 608 346 703 406 800 770 652 496 334 129 166 144 686 98 363 0 761 742 370 252 564 774 
451 409 131 235 721 396 930 584 929 911 624 115 582 543 821 627 298 740 151 132 822 486 332 443 93 228 933 659 893 390 843 40 929 353 756 402 480 360 661 862 325 518 152 787 23 654 644 462 207 691 292 604 11 761 0 380 439 190 781 638 
611 996 557 209 551 523 813 499 545 774 365 898 921 55 331 36 850 928 508 409 792 747 220 529 486 270 872 910 535 350 91 566 87 867 641 763 496 766 907 271 960 209 194 637 342 422 171 637 143 411 739 431 583 742 380 0 367 694 271 47 
548 415 119 359 12 169 467 556 332 561 129 781 851 895 526 128 388 115 898 356 7 77 522 181 495 681 790 214 408 932 207 281 217 121 113 28 432 258 323 5 142 376 7 990 628 800 731 961 418 2 526 942 20 370 439 367 0 377 615 640 
631 640 139 993 828 497 313 389 630 807 983 196 853 560 444 723 591 263 813 617 839 450 467 910 455 872 46 930 143 62 390 74 234 277 853 773 80 189 381 951 385 57 45 275 243 403 785 334 860 517 41 589 792 252 190 694 377 0 333 256 
32 781 307 414 865 701 224 200 239 28 729 274 35 595 251 543 68 730 828 896 168 309 428 677 410 996 38 958 33 537 342 553 111 896 803 425 757 533 372 790 175 685 41 470 650 559 853 167 811 529 188 911 326 564 781 271 615 333 0 911 
971 349 343 238 307 519 960 664 972 980 780 216 996 779 666 364 143 567 787 356 4 722 808 795 738 839 542 361 283 978 872 250 377 18 384 860 900 654 506 134 42 531 523 484 931 385 872 260 512 40 120 73 965 774 638 47 640 256 911 0 
0 147 197 182 112 127 188 82 884 506 923 637 845 269 561 305 952 482 593 433 978 98 429 805 125 30 319 147 595 998 265 107 279 518 942 811 650 947 335 537 558 893 727 128 897 922 477 725 701 894 574 261 882 288 902 214 293 800 37 42 
147 0 702 128 879 696 393 662 462 43 80 496 558 77 379 909 436 340 768 901 332 477 539 767 371 480 999 297 989 216 427 290 754 741 376 904 612 926 23 206 978 919 175 517 383 30 402 215 58 946 735 525 344 91 661 944 458 521 728 784 
197 702 0 534 648 597 454 278 733 122 595 895 445 21 193 925 761 333 957 792 484 459 827 754 253 512 974 475 193 376 904 622 220 705 213 152 602 735 854 315 623 817 804 239 897 353 625 412 604 16 207 508 105 490 407 327 929 866 402 311 
182 128 534 0 822 500 285 627 999 199 19 89 518 5 279 705 790 672 13 485 4 115 153 291 207 255 878 628 522 720 760 22 249 375 816 207 902 645 707 289 692 789 392 805 270 479 184 330 622 405 102 674 866 949 634 625 3 89 172 498 
112 879 648 822 0 345 916 328 378 922 120 448 515 509 815 525 493 764 677 238 173 884 741 604 92 113 861 580 728 400 928 645 984 130 675 958 326 986 637 953 228 828 574 531 973 36 383 212 29 518 735 556 912 169 805 484 643 24 861 597 
127 696 597 500 345 0 222 299 364 926 303 937 102 903 748 202 365 721 920 233 530 166 389 618 924 68 553 213 389 674 753 480 638 887 549 616 648 454 326 615 151 440 811 222 521 242 93 520 633 50 460 136 301 560 267 413 795 407 271 811 
188 393 454 285 916 222 0 858 940 74 984 941 482 283 953 199 208 337 475 715 938 640 420 455 735 207 230 651 117 190 237 865 133 872 662 395 5 406 758 850 879 58 103 713 828 432 272 711 132 948 972 638 688 217 387 516 888 576 25 792 
82 662 278 627 328 299 858 0 652 442 673 553 976 790 131 806 834 131 851 965 429 128 834 793 333 800 152 65 940 209 334 167 450 669 792 549 589 961 556 858 913 42 552 871 701 947 897 579 26 633 231 124 428 463 647 86 61 889 43 785 
884 462 733 999 378 364 940 652 0 798 667 32 862 9 447 175 257 23 289 227 268 81 945 992 511 148 742 60 469 274 627 16 812 779 922 997 436 355 653 764 809 227 94 465 97 12 65 822 454 549 392 339 199 885 293 166 584 233 300 376 
506 43 122 199 922 926 74 442 798 0 428 683 217 402 966 3 676 687 287 10 550 328 765 890 476 497 507 559 835 361 626 84 108 614 62 175 906 560 500 683 751 816 250 142 787 506 653 784 322 690 149 399 491 119 88 507 475 668 150 754 
923 80 595 19 120 303 984 673 667 428 0 125 255 940 153 970 641 760 351 831 706 507 768 202 588 136 17 284 43 778 133 659 627 70 401 618 969 214 672 780 627 215 932 888 1 410 278 780 703 422 459 296 78 106 274 564 492 73 327 807 
637 496 895 89 448 937 941 553 32 683 125 0 622 24 65 973 374 549 449 644 235 421 21 695 189 358 37 825 160 320 881 372 318 641 463 480 7 542 664 433 150 952 915 82 7 923 504 611 165 851 868 387 694 392 854 351 992 35 577 185 
845 558 445 518 515 102 482 976 862 217 255 622 0 509 797 674 948 774 689 731 672 850 938 365 890 659 333 364 211 64 998 386 365 808 186 206 921 888 510 352 735 911 151 167 779 857 435 547 963 321 974 684 627 544 233 169 941 148 554 109 
269 77 21 5 509 903 283 790 9 402 940 24 509 0 380 294 686 868 432 452 181 318 500 130 881 313 921 799 636 289 280 373 551 432 711 205 259 497 80 558 661 794 666 379 265 815 839 157 487 693 462 646 106 345 967 381 503 166 877 274 
561 379 193 279 815 748 953 131 447 966 153 65 797 380 0 836 827 934 579 201 414 753 95 222 842 880 736 685 762 336 911 682 966 858 720 216 620 678 574 755 680 172 580 880 209 508 260 4 423 659 152 509 858 214 378 878 382 276 763 599 
305 909 925 705 525 202 199 806 175 3 970 973 674 294 836 0 419 166 24 315 980 851 398 11 29 295 1000 697 563 804 141 980 413 976 72 59 412 912 731 222 423 726 78 640 730 485 238 872 283 805 496 746 830 512 482 268 520 868 926 876 
952 436 761 790 493 365 208 834 257 676 641 374 948 686 827 419 0 395 156 758 477 27 740 39 938 358 666 470 192 89 992 560 933 610 585 242 136 941 353 612 802 687 760 128 958 506 640 512 9 155 878 765 694 425 571 186 761 625 61 74 
482 340 333 672 764 721 337 131 23 687 760 549 774 868 934 166 395 0 267 933 726 100 839 480 636 438 20 330 665 761 618 232 706 12 836 744 467 221 742 39 471 281 118 262 836 823 703 471 862 230 470 361 813 935 562 402 361 308 726 274 
593 768 957 13 677 920 475 851 289 287 351 449 689 432 579 24 156 267 0 732 272 995 846 564 635 876 75 410 853 442 75 905 69 287 401 153 214 271 337 676 293 164 129 241 225 425 522 797 22 537 552 904 958 342 395 916 81 709 701 417 
433 901 792 485 238 233 715 965 227 10 831 644 731 452 201 315 758 933 732 0 407 561 667 781 565 962 454 65 175 182 976 882 855 948 419 409 833 908 900 62 969 950 152 639 9 340 389 557 154 157 655 378 187 978 658 36 190 943 242 507 
978 332 484 4 173 530 938 429 268 550 706 235 672 181 414 980 477 726 272 407 0 492 735 82 400 407 478 627 828 649 137 367 607 140 756 583 201 692 439 203 203 324 216 193 274 315 524 960 449 820 73 816 843 814 438 406 967 777 588 204 
98 477 459 115 884 166 640 128 81 328 507 421 850 318 753 851 27 100 995 561 492 0 932 165 521 536 73 936 256 444 6 840 422 408 251 377 181 316 835 488 754 816 649 51 51 972 186 149 436 887 603 604 208 362 566 7 176 386 379 191 
429 539 827 153 741 389 420 834 945 765 768 21 938 500 95 398 740 839 846 667 735 932 0 733 421 12 168 837 406 866 331 826 161 301 466 657 188 1 247 919 79 741 310 596 12 102 232 692 625 763 843 679 77 258 331 759 767 612 202 315 
805 767 754 291 604 618 455 793 992 890 202 695 365 130 222 11 39 480 564 781 82 165 733 0 803 196 287 521 152 806 249 849 12 133 901 616 681 828 883 753 911 313 649 347 625 523 38 892 262 277 195 539 135 785 538 22 175 24 206 642 
125 371 253 207 92 924 735 333 511 476 588 189 890 881 842 29 938 636 635 565 400 521 421 803 0 274 865 594 671 285 629 577 523 81 12 51 282 283 657 739 950 762 947 628 211 180 809 296 491 772 224 35 99 715 992 787 312 518 785 786 
30 480 512 255 113 68 207 800 148 497 136 358 659 313 880 295 358 438 876 962 407 536 12 196 274 0 561 604 693 510 70 31 374 141 577 314 999 496 446 632 155 476 210 43 652 348 151 581 428 809 58 595 620 422 83 337 332 828 158 203 
319 999 974 878 861 553 230 152 742 507 17 37 333 921 736 1000 666 20 75 454 478 73 168 287 865 561 0 903 846 76 572 687 645 63 920 706 458 236 942 511 243 408 369 234 813 2 471 815 232 774 315 1 127 516 211 946 184 85 89 881 
147 297 475 628 580 213 651 65 60 559 284 825 364 799 685 697 470 330 410 65 627 936 837 521 594 604 903 0 764 333 249 57 504 227 217 524 486 900 564 140 593 354 82 387 213 27 581 803 542 595 717 708 513 664 805 912 55 203 849 643 
595 989 193 522 728 389 117 940 469 835 43 160 211 636 762 563 192 665 853 175 828 256 406 152 671 693 846 764 0 63 10 370 992 154 782 567 613 420 203 958 970 707 953 218 636 206 527 626 978 418 458 211 923 687 433 640 956 803 600 312 
998 216 376 720 400 674 190 209 274 361 778 320 64 289 336 804 89 761 442 182 649 444 866 806 285 510 76 333 63 0 370 839 212 948 298 989 846 750 369 72 146 358 590 916 395 262 724 582 10 967 363 605 961 234 705 668 224 730 326 186 
265 427 904 760 928 753 237 334 627 626 133 881 998 280 911 141 992 618 75 976 137 6 331 249 629 70 572 249 10 370 0 784 85 382 550 522 73 602 714 668 879 289 211 519 942 123 453 106 386 161 320 57 891 564 557 690 139 276 93 194 
107 290 622 22 645 480 865 167 16 84 659 372 386 373 682 980 560 232 905 882 367 840 826 849 577 31 687 57 370 839 784 0 295 449 510 983 770 328 719 819 404 190 340 682 626 532 495 113 242 979 989 691 191 58 890 79 652 311 639 402 
279 754 220 249 984 638 133 450 812 108 627 318 365 551 966 413 933 706 69 855 607 422 161 12 523 374 645 504 992 212 85 295 0 951 49 666 292 356 232 900 748 114 419 510 827 363 460 193 767 120 112 804 666 547 664 349 422 563 690 28 
518 741 705 375 130 887 872 669 779 614 70 641 808 432 858 976 610 12 287 948 140 408 301 133 81 141 63 227 154 948 382 449 951 0 182 214 171 397 370 522 808 816 745 951 152 107 874 929 440 82 551 814 413 322 165 676 37 803 798 112 
942 376 213 816 675 549 662 792 922 62 401 463 186 711 720 72 585 836 401 419 756 251 466 901 12 577 920 217 782 298 550 510 49 182 0 76 811 644 568 339 936 532 389 705 285 90 523 287 76 954 86 998 520 805 596 507 55 869 693 7 
811 904 152 207 958 616 395 549 997 175 618 480 206 205 216 59 242 744 153 409 583 377 657 616 51 314 706 524 567 989 522 983 666 214 76 0 976 872 910 167 727 355 340 274 148 50 846 697 645 976 535 233 973 580 156 891 372 394 181 571 
650 612 602 902 326 648 5 589 436 906 969 7 921 259 620 412 136 467 214 833 201 181 188 681 282 999 458 486 613 846 73 770 292 171 811 976 0 250 238 757 379 501 123 280 49 888 271 742 376 496 744 683 651 568 653 316 773 124 668 309 
947 926 735 645 986 454 406 961 355 560 214 542 888 497 678 912 941 221 271 908 692 316 1 828 283 496 236 900 420 750 602 328 356 397 644 872 250 0 797 135 969 612 292 970 388 729 385 437 975 760 40 274 568 690 903 559 705 486 156 763 
335 23 854 707 637 326 758 556 653 500 672 664 510 80 574 731 353 742 337 900 439 835 247 883 657 446 942 564 203 369 714 719 232 370 568 910 238 797 0 32 487 557 1000 184 467 501 521 193 121 810 921 824 80 847 634 975 564 411 51 534 
537 206 315 289 953 615 850 858 764 683 780 433 352 558 755 222 612 39 676 62 203 488 919 753 739 632 511 140 958 72 668 819 900 522 339 167 757 135 32 0 828 651 253 315 217 206 321 996 823 992 829 409 791 457 895 183 701 567 570 749 
558 978 623 692 228 151 879 913 809 751 627 150 735 661 680 423 802 471 293 969 203 754 79 911 950 155 243 593 970 146 879 404 748 808 936 727 379 969 487 828 0 198 40 258 929 142 102 988 330 945 265 933 420 853 635 19 30 160 369 527 
893 919 817 789 828 440 58 42 227 816 215 952 911 794 172 726 687 281 164 950 324 816 741 313 762 476 408 354 707 358 289 190 114 816 532 355 501 612 557 651 198 0 725 935 383 938 583 410 501 358 724 54 541 559 432 58 394 516 216 777 
727 175 804 392 574 811 103 552 94 250 932 915 151 666 580 78 760 118 129 152 216 649 310 649 947 210 369 82 953 590 211 340 419 745 389 340 123 292 1000 253 40 725 0 275 669 22 641 51 1000 122 60 925 709 502 648 556 793 23 164 910 
128 517 239 805 531 222 713 871 465 142 888 82 167 379 880 640 128 262 241 639 193 51 596 347 628 43 234 387 218 916 519 682 510 951 705 274 280 970 184 315 258 935 275 0 757 614 826 628 840 404 912 66 580 976 440 161 814 77 215 324 
897 383 897 270 973 521 828 701 97 787 1 7 779 265 209 730 958 836 225 9 274 51 12 625 211 652 813 213 636 395 942 626 827 152 285 148 49 388 467 217 929 383 669 757 0 163 465 479 436 29 689 244 575 315 673 32 892 534 393 274 
922 30 353 479 36 242 432 947 12 506 410 923 857 815 508 485 506 823 425 340 315 972 102 523 180 348 2 27 206 262 123 532 363 107 90 50 888 729 501 206 142 938 22 614 163 0 412 556 410 741 187 123 279 428 832 526 204 128 5 986 
477 402 625 184 383 93 272 897 65 653 278 504 435 839 260 238 640 703 522 389 524 186 232 38 809 151 471 581 527 724 453 495 460 874 523 846 271 385 521 321 102 583 641 826 465 412 0 946 61 138 935 663 226 159 772 510 593 308 281 81 
725 215 412 330 212 520 711 579 822 784 780 611 547 157 4 872 512 471 797 557 960 149 692 892 296 581 815 803 626 582 106 113 193 929 287 697 742 437 193 996 988 410 51 628 479 556 946 0 699 723 754 534 396 660 629 629 976 421 556 359 
701 58 604 622 29 633 132 26 454 322 703 165 963 487 423 283 9 862 22 154 449 436 625 262 491 428 232 542 978 10 386 242 767 440 76 645 376 975 121 823 330 501 1000 840 436 410 61 699 0 197 191 627 155 200 715 87 524 21 982 601 
894 946 16 405 518 50 948 633 549 690 422 851 321 693 659 805 155 230 537 157 820 887 763 277 772 809 774 595 418 967 161 979 120 82 954 976 496 760 810 992 945 358 122 404 29 741 138 723 197 0 115 409 655 567 643 394 266 388 8 106 
574 735 207 102 735 460 972 231 392 149 459 868 974 462 152 496 878 470 552 655 73 603 843 195 224 58 315 717 458 363 320 989 112 551 86 535 744 40 921 829 265 724 60 912 689 187 935 754 191 115 0 803 813 447 557 166 265 549 893 360 
261 525 508 674 556 136 638 124 339 399 296 387 684 646 509 746 765 361 904 378 816 604 679 539 35 595 1 708 211 605 57 691 804 814 998 233 683 274 824 409 933 54 925 66 244 123 663 534 627 409 803 0 915 692 914 232 998 925 898 592 
882 344 105 866 912 301 688 428 199 491 78 694 627 106 858 830 694 813 958 187 843 208 77 135 99 620 127 513 923 961 891 191 666 413 520 973 651 568 80 791 420 541 709 580 575 279 226 396 155 655 813 915 0 887 478 634 593 946 582 952 
288 91 490 949 169 560 217 463 885 119 106 392 544 345 214 512 425 935 342 978 814 362 258 785 715 422 516 664 687 234 564 58 547 322 805 580 568 690 847 457 853 559 502 976 315 428 159 660 200 567 447 692 887 0 565 906 906 969 934 525 
902 661 407 634 805 267 387 647 293 88 274 854 233 967 378 482 571 562 395 658 438 566 331 538 992 83 211 805 433 705 557 890 664 165 596 156 653 903 634 895 635 432 648 440 673 832 772 629 715 643 557 914 478 565 0 299 415 954 445 756 
214 944 327 625 484 413 516 86 166 507 564 351 169 381 878 268 186 402 916 36 406 7 759 22 787 337 946 912 640 668 690 79 349 676 507 891 316 559 975 183 19 58 556 161 32 526 510 629 87 394 166 232 634 906 299 0 439 283 888 916 
293 458 929 3 643 795 888 61 584 475 492 992 941 503 382 520 761 361 81 190 967 176 767 175 312 332 184 55 956 224 139 652 422 37 55 372 773 705 564 701 30 394 793 814 892 204 593 976 524 266 265 998 593 906 415 439 0 106 740 795 
800 521 866 89 24 407 576 889 233 668 73 35 148 166 276 868 625 308 709 943 777 386 612 24 518 828 85 203 803 730 276 311 563 803 869 394 124 486 411 567 160 516 23 77 534 128 308 421 21 388 549 925 946 969 954 283 106 0 590 124 
37 728 402 172 861 271 25 43 300 150 327 577 554 877 763 926 61 726 701 242 588 379 202 206 785 158 89 849 600 326 93 639 690 798 693 181 668 156 51 570 369 216 164 215 393 5 281 556 982 8 893 898 582 934 445 888 740 590 0 738 
42 784 311 498 597 811 792 785 376 754 807 185 109 274 599 876 74 274 417 507 204 191 315 642 786 203 881 643 312 186 194 402 28 112 7 571 309 763 534 749 527 777 910 324 274 986 81 359 601 106 360 592 952 525 756 916 795 124 738 0 
0 854 804 819 889 874 813 919 117 495 78 364 156 732 440 696 49 519 408 568 23 903 572 196 876 971 682 854 406 3 736 894 722 483 59 190 351 54 666 464 443 108 274 873 104 79 524 276 300 107 427 740 119 713 99 787 708 201 964 959 
854 0 299 873 122 305 608 339 539 958 921 505 443 924 622 92 565 661 233 100 669 524 462 234 630 521 2 704 12 785 574 711 247 260 625 97 389 75 978 795 23 82 826 484 618 971 599 786 943 55 266 476 657 910 340 57 543 480 273 217 
804 299 0 467 353 404 547 723 268 879 406 106 556 980 808 76 240 668 44 209 517 542 174 247 748 489 27 526 808 625 97 379 781 296 788 849 399 266 147 686 378 184 197 762 104 648 376 589 397 985 794 493 896 511 594 674 72 135 599 690 
819 873 467 0 179 501 716 374 2 802 982 912 483 996 722 296 211 329 988 516 997 886 848 710 794 746 123 373 479 281 241 979 752 626 185 794 99 356 294 712 309 212 609 196 731 522 817 671 379 596 899 327 135 52 367 376 998 912 829 503 
889 122 353 179 0 656 85 673 623 79 881 553 486 492 186 476 508 237 324 763 828 117 260 397 909 888 140 421 273 601 73 356 17 871 326 43 675 15 364 48 773 173 427 470 28 965 618 789 972 483 266 445 89 832 196 517 358 977 140 404 
874 305 404 501 656 0 779 702 637 75 698 64 899 98 253 799 636 280 81 768 471 835 612 383 77 933 448 788 612 327 248 521 363 114 452 385 353 547 675 386 850 561 190 779 480 759 908 481 368 951 541 865 700 441 734 588 206 594 730 190 
813 608 547 716 85 779 0 143 61 927 17 60 519 718 48 802 793 664 526 286 63 361 581 546 266 794 771 350 884 811 764 136 868 129 339 606 996 595 243 151 122 943 898 288 173 569 729 290 869 53 29 363 313 784 614 485 113 425 976 209 
919 339 723 374 673 702 143 0 349 559 328 448 25 211 870 195 167 870 150 36 572 873 167 208 668 201 849 936 61 792 667 834 551 332 209 452 412 40 445 143 88 959 449 130 300 54 104 422 975 368 770 877 573 538 354 915 940 112 958 216 
117 539 268 2 623 637 61 349 0 203 334 969 139 992 554 826 744 978 712 774 733 920 56 9 490 853 259 941 532 727 374 985 189 222 79 4 565 646 348 237 192 774 907 536 904 989 936 179 547 452 609 662 802 116 708 835 417 768 701 625 
495 958 879 802 79 75 927 559 203 0 573 318 784 599 35 998 325 314 714 991 451 673 236 111 525 504 494 442 166 640 375 917 893 387 939 826 95 441 501 318 250 185 751 859 214 495 348 217 679 311 852 602 510 882 913 494 526 333 851 247 
78 921 406 982 881 698 17 328 334 573 0 876 746 61 848 31 360 241 650 170 295 494 233 799 413 865 984 717 958 223 868 342 374 931 600 383 32 787 329 221 374 786 69 113 1000 591 723 221 298 579 542 705 923 895 727 437 509 928 674 194 
364 505 106 912 553 64 60 448 969 318 876 0 379 977 936 28 627 452 552 357 766 580 980 306 812 643 964 176 841 681 120 629 683 360 538 521 994 459 337 568 851 49 86 919 994 78 497 390 836 150 133 614 307 609 147 650 9 966 424 816 
156 443 556 483 486 899 519 25 139 784 746 379 0 492 204 327 53 227 312 270 329 151 63 636 111 342 668 637 790 937 3 615 636 193 815 795 80 113 491 649 266 90 850 834 222 144 566 454 38 680 27 317 374 457 768 832 60 853 447 892 
732 924 980 996 492 98 718 211 992 599 61 977 492 0 621 707 315 133 569 549 820 683 501 871 120 688 80 202 365 712 721 628 450 569 290 796 742 504 921 443 340 207 335 622 736 186 162 844 514 308 539 355 895 656 34 620 498 835 124 727 
440 622 808 722 186 253 48 870 554 35 848 936 204 621 0 165 174 67 422 800 587 248 906 779 159 121 265 316 239 665 90 319 35 143 281 785 381 323 427 246 321 829 421 121 792 493 741 997 578 342 849 492 143 787 623 123 619 725 238 402 
696 92 76 296 476 799 802 195 826 998 31 28 327 707 165 0 582 835 977 686 21 150 603 990 972 706 1 304 438 197 860 21 588 25 929 942 589 89 270 779 578 275 923 361 271 516 763 129 718 196 505 255 171 489 519 733 481 133 75 125 
49 565 240 211 508 636 793 167 744 325 360 627 53 315 174 582 0 606 845 243 524 974 261 962 63 643 335 531 809 912 9 441 68 391 416 759 865 60 648 389 199 314 241 873 43 495 361 489 992 846 123 236 307 576 430 815 240 376 940 927 
519 661 668 329 237 280 664 870 978 314 241 452 227 133 67 835 606 0 734 68 275 901 162 521 365 563 981 671 336 240 383 769 295 989 165 257 534 780 259 962 530 720 883 739 165 178 298 530 139 771 531 640 188 66 439 599 640 693 275 727 
408 233 44 988 324 81 526 150 712 714 650 552 312 569 422 977 845 734 0 269 729 6 155 437 366 125 926 591 148 559 926 96 932 714 600 848 787 730 664 325 708 837 872 760 776 576 479 204 979 464 449 97 43 659 606 85 920 292 300 584 
568 100 209 516 763 768 286 36 774 991 170 357 270 549 800 686 243 68 269 0 594 440 334 220 436 39 547 936 826 819 25 119 146 53 582 592 168 93 101 939 32 51 849 362 992 661 612 444 847 844 346 623 814 23 343 965 811 58 759 494 
23 669 517 997 828 471 63 572 733 451 295 766 329 820 587 21 524 275 729 594 0 509 266 919 601 594 523 374 173 352 864 634 394 861 245 418 800 309 562 798 798 677 785 808 727 686 477 41 552 181 928 185 158 187 563 595 34 224 413 797 
903 524 542 886 117 835 361 873 920 673 494 580 151 683 248 150 974 901 6 440 509 0 69 836 480 465 928 65 745 557 995 161 579 593 750 624 820 685 166 513 247 185 352 950 950 29 815 852 565 114 398 397 793 639 435 994 825 615 622 810 
572 462 174 848 260 612 581 167 56 236 233 980 63 501 906 603 261 162 155 334 266 69 0 268 580 989 833 164 595 135 670 175 840 700 535 344 813 1000 754 82 922 260 691 405 989 899 769 309 376 238 158 322 924 743 670 242 234 389 799 686 
196 234 247 710 397 383 546 208 9 111 799 306 636 871 779 990 962 521 437 220 919 836 268 0 198 805 714 480 849 195 752 152 989 868 100 385 320 173 118 248 90 688 352 654 376 478 963 109 739 724 806 462 866 216 463 979 826 977 795 359 
876 630 748 794 909 77 266 668 490 525 413 812 111 120 159 972 63 365 366 436 601 480 580 198 0 727 136 407 330 716 372 424 478 920 989 950 719 718 344 262 51 239 54 373 790 821 192 705 510 229 777 966 902 286 9 214 689 483 216 215 
971 521 489 746 888 933 794 201 853 504 865 643 342 688 121 706 643 563 125 39 594 465 989 805 727 0 440 397 308 491 931 970 627 860 424 687 2 505 555 369 846 525 791 958 349 653 850 420 573 192 943 406 381 579 918 664 669 173 843 798 
682 2 27 123 140 448 771 849 259 494 984 964 668 80 265 1 335 981 926 547 523 928 833 714 136 440 0 98 155 925 429 314 356 938 81 295 543 765 59 490 758 593 632 767 188 999 530 186 769 227 686 1000 874 485 790 55 817 916 912 120 
854 704 526 373 421 788 350 936 941 442 717 176 637 202 316 304 531 671 591 936 374 65 164 480 407 397 98 0 237 668 752 944 497 774 784 477 515 101 437 861 408 647 919 614 788 974 420 198 459 406 284 293 488 337 196 89 946 798 152 358 
406 12 808 479 273 612 884 61 532 166 958 841 790 365 239 438 809 336 148 826 173 745 595 849 330 308 155 237 0 938 991 631 9 847 219 434 388 581 798 43 31 294 48 783 365 795 474 375 23 583 543 790 78 314 568 361 45 198 401 689 
3 785 625 281 601 327 811 792 727 640 223 681 937 712 665 197 912 240 559 819 352 557 135 195 716 491 925 668 938 0 631 162 789 53 703 12 155 251 632 929 855 643 411 85 606 739 277 419 991 34 638 396 40 767 296 333 777 271 675 815 
736 574 97 241 73 248 764 667 374 375 868 120 3 721 90 860 9 383 926 25 864 995 670 752 372 931 429 752 991 631 0 217 916 619 451 479 928 399 287 333 122 712 790 482 59 878 548 895 615 840 681 944 110 437 444 311 862 725 908 807 
894 711 379 979 356 521 136 834 985 917 342 629 615 628 319 21 441 769 96 119 634 161 175 152 424 970 314 944 631 162 217 0 706 552 491 18 231 673 282 182 597 811 661 319 375 469 506 888 759 22 12 310 810 943 111 922 349 690 362 599 
722 247 781 752 17 363 868 551 189 893 374 683 636 450 35 588 68 295 932 146 394 579 840 989 478 627 356 497 9 789 916 706 0 50 952 335 709 645 769 101 253 887 582 491 174 638 541 808 234 881 889 197 335 454 337 652 579 438 311 973 
483 260 296 626 871 114 129 332 222 387 931 360 193 569 143 25 391 989 714 53 861 593 700 868 920 860 938 774 847 53 619 552 50 0 819 787 830 604 631 479 193 185 256 50 849 894 127 72 561 919 450 187 588 679 836 325 964 198 203 889 
59 625 788 185 326 452 339 209 79 939 600 538 815 290 281 929 416 165 600 582 245 750 535 100 989 424 81 784 219 703 451 491 952 819 0 925 190 357 433 662 65 469 612 296 716 911 478 714 925 47 915 3 481 196 405 494 946 132 308 994 
190 97 849 794 43 385 606 452 4 826 383 521 795 796 785 942 759 257 848 592 418 624 344 385 950 687 295 477 434 12 479 18 335 787 925 0 25 129 91 834 274 646 661 727 853 951 155 304 356 25 466 768 28 421 845 110 629 607 820 430 
351 389 399 99 675 353 996 412 565 95 32 994 80 742 381 589 865 534 787 168 800 820 813 320 719 2 543 515 388 155 928 231 709 830 190 25 0 751 763 244 622 500 878 721 952 113 730 259 625 505 257 318 350 433 348 685 228 877 333 692 
54 75 266 356 15 547 595 40 646 441 787 459 113 504 323 89 60 780 730 93 309 685 1000 173 718 505 765 101 581 251 399 673 645 604 357 129 751 0 204 866 32 389 709 31 613 272 616 564 26 241 961 727 433 311 98 442 296 515 845 238 
666 978 147 294 364 675 243 445 348 501 329 337 491 921 427 270 648 259 664 101 562 166 754 118 344 555 59 437 798 632 287 282 769 631 433 91 763 204 0 969 514 444 1 817 534 500 480 808 880 191 80 177 921 154 367 26 437 590 950 467 
464 795 686 712 48 386 151 143 237 318 221 568 649 443 246 779 389 962 325 939 798 513 82 248 262 369 490 861 43 929 333 182 101 479 662 834 244 866 969 0 173 350 748 686 784 795 680 5 178 9 172 592 210 544 106 818 300 434 431 252 
443 23 378 309 773 850 122 88 192 250 374 851 266 340 321 578 199 530 708 32 798 247 922 90 51 846 758 408 31 855 122 597 253 193 65 274 622 32 514 173 0 803 961 743 72 859 899 13 671 56 736 68 581 148 366 982 971 841 632 474 
108 82 184 212 173 561 943 959 774 185 786 49 90 207 829 275 314 720 837 51 677 185 260 688 239 525 593 647 294 643 712 811 887 185 469 646 500 389 444 350 803 0 276 66 618 63 418 591 500 643 277 947 460 442 569 943 607 485 785 224 
274 826 197 609 427 190 898 449 907 751 69 86 850 335 421 923 241 883 872 849 785 352 691 352 54 791 632 919 48 411 790 661 582 256 612 661 878 709 1 748 961 276 0 726 332 979 360 950 1 879 941 76 292 499 353 445 208 978 837 91 
873 484 762 196 470 779 288 130 536 859 113 919 834 622 121 361 873 739 760 362 808 950 405 654 373 958 767 614 783 85 482 319 491 50 296 727 721 31 817 686 743 66 726 0 244 387 175 373 161 597 89 935 421 25 561 840 187 924 786 677 
104 618 104 731 28 480 173 300 904 214 1000 994 222 736 792 271 43 165 776 992 727 950 989 376 790 349 188 788 365 606 59 375 174 849 716 853 952 613 534 784 72 618 332 244 0 838 536 522 565 972 312 757 426 686 328 969 109 467 608 727 
79 971 648 522 965 759 569 54 989 495 591 78 144 186 493 516 495 178 576 661 686 29 899 478 821 653 999 974 795 739 878 469 638 894 911 951 113 272 500 795 859 63 979 387 838 0 589 445 591 260 814 878 722 573 169 475 797 873 996 15 
524 599 376 817 618 908 729 104 936 348 723 497 566 162 741 763 361 298 479 612 477 815 769 963 192 850 530 420 474 277 548 506 541 127 478 155 730 616 480 680 899 418 360 175 536 589 0 55 940 863 66 338 775 842 229 491 408 693 720 920 
276 786 589 671 789 481 290 422 179 217 221 390 454 844 997 129 489 530 204 444 41 852 309 109 705 420 186 198 375 419 895 888 808 72 714 304 259 564 808 5 13 591 950 373 522 445 55 0 302 278 247 467 605 341 372 372 25 580 445 642 
300 943 397 379 972 368 869 975 547 679 298 836 38 514 578 718 992 139 979 847 552 565 376 739 510 573 769 459 23 991 615 759 234 561 925 356 625 26 880 178 671 500 1 161 565 591 940 302 0 804 810 374 846 801 286 914 477 980 19 400 
107 55 985 596 483 951 53 368 452 311 579 150 680 308 342 196 846 771 464 844 181 114 238 724 229 192 227 406 583 34 840 22 881 919 47 25 505 241 191 9 56 643 879 597 972 260 863 278 804 0 886 592 346 434 358 607 735 613 993 895 
427 266 794 899 266 541 29 770 609 852 542 133 27 539 849 505 123 531 449 346 928 398 158 806 777 943 686 284 543 638 681 12 889 450 915 466 257 961 80 172 736 277 941 89 312 814 66 247 810 886 0 198 188 554 444 835 736 452 108 641 
740 476 493 327 445 865 363 877 662 602 705 614 317 355 492 255 236 640 97 623 185 397 322 462 966 406 1000 293 790 396 944 310 197 187 3 768 318 727 177 592 68 947 76 935 757 878 338 467 374 592 198 0 86 309 87 769 3 76 103 409 
