40 3
0 517 195 327 715 90 387 78 644 92 45 374 501 272 763 488 956 842 729 133 711 836 449 431 608 986 500 648 132 132 188 553 515 94 958 120 302 941 279 182 
517 0 917 814 781 989 132 624 487 235 241 164 635 858 97 269 571 515 782 562 457 757 417 787 327 53 446 193 867 579 839 778 279 694 426 404 284 617 837 529 
195 917 0 282 156 229 295 947 269 695 342 580 344 133 751 424 777 70 442 251 790 620 799 195 919 333 710 598 48 732 196 526 302 470 504 295 808 223 43 839 
327 814 282 0 125 124 207 379 633 813 969 168 433 498 955 53 915 586 909 924 807 329 803 522 164 297 752 138 543 315 411 498 332 261 560 93 875 321 612 179 
715 781 156 125 0 835 898 23 878 622 282 749 698 251 654 678 804 179 918 242 77 517 990 640 230 250 491 522 886 497 873 773 540 543 297 700 718 443 847 648 
90 989 229 124 835 0 189 937 545 527 25 148 266 963 872 232 701 860 436 651 346 137 432 842 925 294 756 155 874 413 267 216 153 188 13 377 19 157 292 557 
387 132 295 207 898 189 0 45 474 18 941 990 81 349 339 408 657 358 193 663 66 987 275 661 650 670 582 287 254 249 330 736 688 795 141 871 384 253 371 232 
78 624 947 379 23 937 45 0 3 941 188 730 428 832 12 774 585 63 234 781 653 169 836 833 389 752 375 732 499 216 165 447 98 321 871 191 40 950 974 680 
644 487 269 633 878 545 474 3 0 281 111 723 594 917 804 60 333 984 482 338 747 612 837 909 986 73 305 515 644 780 661 215 522 306 284 470 277 432 611 498 
92 235 695 813 622 527 18 941 281 0 926 834 995 611 984 718 899 643 498 404 717 753 200 31 226 684 448 588 862 400 155 731 80 165 616 466 98 44 635 100 
45 241 342 969 282 25 941 188 111 926 0 342 36 478 828 472 524 656 442 763 760 261 126 432 470 391 640 607 306 949 164 260 642 602 253 457 494 343 263 70 
374 164 580 168 749 148 990 730 723 834 342 0 211 88 869 676 811 149 520 560 270 40 838 25 125 333 262 325 774 8 454 903 598 52 720 484 489 267 657 717 
501 635 344 433 698 266 81 428 594 995 36 211 0 905 165 882 619 602 102 218 550 668 84 235 42 765 733 813 572 544 622 594 911 70 332 297 80 565 749 793 
272 858 133 498 251 963 349 832 917 611 478 88 905 0 796 730 774 159 701 245 598 11 188 97 51 312 756 345 136 638 20 76 622 31 604 434 136 585 208 990 
763 97 751 955 654 872 339 12 804 984 828 869 165 796 0 718 603 116 51 273 474 497 59 831 55 295 321 332 467 696 210 668 786 40 972 199 165 100 252 316 
488 269 424 53 678 232 408 774 60 718 472 676 882 730 718 0 959 224 239 7 408 164 967 408 102 715 698 906 389 380 7 22 215 523 272 447 509 884 824 274 
956 571 777 915 804 701 657 585 333 899 524 811 619 774 603 959 0 491 690 71 442 134 521 676 718 2 736 478 698 536 602 295 566 152 547 44 935 824 825 407 
842 515 70 586 179 860 358 63 984 643 656 149 602 159 116 224 491 0 328 68 634 40 691 768 594 656 298 318 182 130 924 642 432 962 353 477 676 195 749 795 
729 782 442 909 918 436 193 234 482 498 442 520 102 701 51 239 690 328 0 203 235 677 198 836 483 493 989 652 971 410 31 279 238 818 472 691 301 96 700 911 
133 562 251 924 242 651 663 781 338 404 763 560 218 245 273 7 71 68 203 0 849 625 142 193 221 160 504 299 960 294 771 594 371 551 774 393 47 781 315 20 
711 457 790 807 77 346 66 653 747 717 760 270 550 598 474 408 442 634 235 849 0 594 139 562 815 940 522 307 316 376 4 550 919 258 853 468 531 613 709 452 
836 757 620 329 517 137 987 169 612 753 261 40 668 11 497 164 134 40 677 625 594 0 893 589 53 874 515 623 477 310 517 818 335 919 585 340 982 71 831 947 
449 417 799 803 990 432 275 836 837 200 126 838 84 188 59 967 521 691 198 142 139 893 0 64 485 446 724 897 757 214 752 247 218 934 455 278 749 393 113 503 
431 787 195 522 640 842 661 833 909 31 432 25 235 97 831 408 676 768 836 193 562 589 64 0 360 443 100 933 811 223 290 923 408 343 521 360 421 408 671 219 
608 327 919 164 230 925 650 389 986 226 470 125 42 51 55 102 718 594 483 221 815 53 485 360 0 315 855 553 401 253 980 150 101 698 130 425 145 76 648 158 
986 53 333 297 250 294 670 752 73 684 391 333 765 312 295 715 2 656 493 160 940 874 446 443 315 0 487 64 637 413 536 138 940 880 7 675 684 488 303 731 
500 446 710 752 491 756 582 375 305 448 640 262 733 756 321 698 736 298 989 504 522 515 724 100 855 487 0 985 503 288 185 887 925 926 211 510 387 986 441 807 
648 193 598 138 522 155 287 732 515 588 607 325 813 345 332 906 478 318 652 299 307 623 897 933 553 64 985 0 125 8 829 314 97 100 345 105 367 550 646 79 
132 867 48 543 886 874 254 499 644 862 306 774 572 136 467 389 698 182 971 960 316 477 757 811 401 637 503 125 0 255 736 210 368 926 342 197 575 299 149 850 
132 579 732 315 497 413 249 216 780 400 949 8 544 638 696 380 536 130 410 294 376 310 214 223 253 413 288 8 255 0 78 162 263 222 818 751 760 518 481 134 
188 839 196 411 873 267 330 165 661 155 164 454 622 20 210 7 602 924 31 771 4 517 752 290 980 536 185 829 736 78 0 29 177 694 887 267 41 531 975 770 
553 778 526 498 773 216 736 447 215 731 260 903 594 76 668 22 295 642 279 594 550 818 247 923 150 138 887 314 210 162 29 0 199 458 548 129 581 187 304 79 
515 279 302 332 540 153 688 98 522 80 642 598 911 622 786 215 566 432 238 371 919 335 218 408 101 940 925 97 368 263 177 199 0 19 77 846 290 367 995 243 
94 694 470 261 543 188 795 321 306 165 602 52 70 31 40 523 152 962 818 551 258 919 934 343 698 880 926 100 926 222 694 458 19 0 914 108 122 629 334 497 
958 426 504 560 297 13 141 871 284 616 253 720 332 604 972 272 547 353 472 774 853 585 455 521 130 7 211 345 342 818 887 548 77 914 0 219 267 814 223 305 
120 404 295 93 700 377 871 191 470 466 457 484 297 434 199 447 44 477 691 393 468 340 278 360 425 675 510 105 197 751 267 129 846 108 219 0 398 692 940 280 
302 284 808 875 718 19 384 40 277 98 494 489 80 136 165 509 935 676 301 47 531 982 749 421 145 684 387 367 575 760 41 581 290 122 267 398 0 660 385 511 
941 617 223 321 443 157 253 950 432 44 343 267 565 585 100 884 824 195 96 781 613 71 393 408 76 488 986 550 299 518 531 187 367 629 814 692 660 0 947 828 
279 837 43 612 847 292 371 974 611 635 263 657 749 208 252 824 825 749 700 315 709 831 113 671 648 303 441 646 149 481 975 304 995 334 223 940 385 947 0 415 
182 529 839 179 648 557 232 680 498 100 70 717 793 990 316 274 407 795 911 20 452 947 503 219 158 731 807 79 850 134 770 79 243 497 305 280 511 828 415 0 
0 419 804 88 92 514 983 553 323 781 978 509 396 670 874 91 722 307 571 426 268 661 5 966 973 821 890 805 271 871 707 730 92 136 666 837 528 957 558 178 
419 0 865 132 488 201 415 434 664 388 384 946 283 719 497 977 267 739 803 929 266 686 170 484 35 495 40 511 306 953 971 511 267 531 779 677 152 219 522 77 
804 865 0 38 622 92 681 78 827 77 134 254 392 931 58 149 449 330 509 920 613 465 114 672 760 478 587 934 800 382 184 996 548 720 141 875 640 29 914 520 
88 132 38 0 274 638 269 131 489 790 931 33 321 30 447 795 902 803 395 518 434 445 9 882 579 851 737 286 849 901 316 291 476 295 73 551 54 932 934 633 
92 488 622 274 0 723 890 958 631 281 40 300 395 630 583 270 776 856 763 706 969 611 414 753 717 194 913 760 216 14 98 997 435 127 934 598 30 41 480 515 
514 201 92 638 723 0 523 245 464 432 638 999 142 179 936 84 427 854 354 517 595 618 687 761 905 566 97 529 970 591 176 126 948 254 259 859 320 123 41 56 
983 415 681 269 890 523 0 583 844 376 972 759 903 124 414 579 764 813 417 845 496 976 37 837 523 737 462 701 81 166 827 992 842 407 213 964 682 772 391 574 
553 434 78 131 958 245 583 0 621 731 289 725 104 900 130 726 499 352 46 441 164 461 8 95 847 201 347 797 452 64 277 114 144 883 53 818 85 706 873 624 
323 664 827 489 631 464 844 621 0 942 298 270 571 554 528 497 24 171 72 764 584 122 485 946 758 660 911 855 853 703 740 391 305 629 725 663 132 506 626 241 
781 388 77 790 281 432 376 731 942 0 825 576 649 952 219 136 742 676 678 923 941 262 644 603 65 868 519 286 69 477 834 130 565 917 113 94 945 934 264 220 
978 384 134 931 40 638 972 289 298 825 0 59 82 61 63 404 354 257 622 873 915 425 928 532 382 144 736 750 920 59 708 586 585 554 283 985 255 194 758 186 
509 946 254 33 300 999 759 725 270 576 59 0 277 871 576 806 425 153 316 767 452 402 246 656 409 464 831 215 806 994 372 659 819 198 660 169 748 20 50 312 
396 283 392 321 395 142 903 104 571 649 82 277 0 38 123 19 871 68 454 303 471 173 95 350 537 486 943 302 978 640 938 564 175 943 299 539 378 389 290 450 
670 719 931 30 630 179 124 900 554 952 61 871 38 0 621 733 55 757 661 572 228 295 406 276 572 993 343 297 238 405 783 496 205 89 523 728 624 362 710 987 
874 497 58 447 583 936 414 130 528 219 63 576 123 621 0 451 419 623 31 602 879 785 615 780 542 4 969 183 190 972 820 453 327 716 934 348 812 637 201 811 
91 977 149 795 270 84 579 726 497 136 404 806 19 733 451 0 461 530 922 573 595 886 805 723 133 680 419 481 530 421 839 195 480 918 857 938 16 265 865 365 
722 267 449 902 776 427 764 499 24 742 354 425 871 55 419 461 0 503 734 884 466 646 652 233 773 562 4 261 11 798 804 779 104 269 762 73 435 926 525 574 
307 739 330 803 856 854 813 352 171 676 257 153 68 757 623 530 503 0 398 933 679 554 131 774 481 456 945 876 860 342 648 596 218 16 604 564 468 635 341 901 
571 803 509 395 763 354 417 46 72 678 622 316 454 661 31 922 734 398 0 312 2 69 171 330 300 829 845 238 706 27 584 902 880 984 5 615 38 753 372 706 
426 929 920 518 706 517 845 441 764 923 873 767 303 572 602 573 884 933 312 0 277 727 700 399 883 289 81 306 530 486 150 318 241 367 798 425 149 436 517 975 
268 266 613 434 969 595 496 164 584 941 915 452 471 228 879 595 466 679 2 277 0 158 488 220 756 653 122 208 98 754 72 9 232 755 44 728 733 273 622 593 
661 686 465 445 611 618 976 461 122 262 425 402 173 295 785 886 646 554 69 727 158 0 853 709 699 487 13 10 980 276 298 633 837 931 892 340 400 133 560 161 
5 170 114 9 414 687 37 8 485 644 928 246 95 406 615 805 652 131 171 700 488 853 0 846 565 95 560 46 588 622 823 292 678 734 562 490 671 778 59 75 
966 484 672 882 753 761 837 95 946 603 532 656 350 276 780 723 233 774 330 399 220 709 846 0 150 393 171 227 411 142 342 633 609 777 348 640 746 559 615 898 
973 35 760 579 717 905 523 847 758 65 382 409 537 572 542 133 773 481 300 883 756 699 565 150 0 333 289 201 197 619 806 69 284 406 688 522 361 141 840 504 
821 495 478 851 194 566 737 201 660 868 144 464 486 993 4 680 562 456 829 289 653 487 95 393 333 0 265 895 70 369 328 620 570 729 116 135 99 223 373 352 
890 40 587 737 913 97 462 347 911 519 736 831 943 343 969 419 4 945 845 81 122 13 560 171 289 265 0 708 35 958 831 481 892 698 387 901 403 719 302 847 
805 511 934 286 760 529 701 797 855 286 750 215 302 297 183 481 261 876 238 306 208 10 46 227 201 895 708 0 184 858 967 449 820 344 475 469 336 137 687 834 
271 306 800 849 216 970 81 452 853 69 920 806 978 238 190 530 11 860 706 530 98 980 588 411 197 70 35 184 0 318 370 376 942 353 986 74 276 422 65 375 
871 953 382 901 14 591 166 64 703 477 59 994 640 405 972 421 798 342 27 486 754 276 622 142 619 369 958 858 318 0 901 981 800 102 134 337 646 591 248 795 
707 971 184 316 98 176 827 277 740 834 708 372 938 783 820 839 804 648 584 150 72 298 823 342 806 328 831 967 370 901 0 411 864 999 65 636 182 70 381 788 
730 511 996 291 997 126 992 114 391 130 586 659 564 496 453 195 779 596 902 318 9 633 292 633 69 620 481 449 376 981 411 0 267 835 369 716 27 890 351 118 
92 267 548 476 435 948 842 144 305 565 585 819 175 205 327 480 104 218 880 241 232 837 678 609 284 570 892 820 942 800 864 267 0 539 721 543 503 652 196 960 
136 531 720 295 127 254 407 883 629 917 554 198 943 89 716 918 269 16 984 367 755 931 734 777 406 729 698 344 353 102 999 835 539 0 364 853 285 304 852 389 
666 779 141 73 934 259 213 53 725 113 283 660 299 523 934 857 762 604 5 798 44 892 562 348 688 116 387 475 986 134 65 369 721 364 0 700 776 610 489 277 
837 677 875 551 598 859 964 818 663 94 985 169 539 728 348 938 73 564 615 425 728 340 490 640 522 135 901 469 74 337 636 716 543 853 700 0 880 202 50 412 
528 152 640 54 30 320 682 85 132 945 255 748 378 624 812 16 435 468 38 149 733 400 671 746 361 99 403 336 276 646 182 27 503 285 776 880 0 446 321 330 
957 219 29 932 41 123 772 706 506 934 194 20 389 362 637 265 926 635 753 436 273 133 778 559 141 223 719 137 422 591 70 890 652 304 610 202 446 0 593 194 
558 522 914 934 480 41 391 873 626 264 758 50 290 710 201 865 525 341 372 517 622 560 59 615 840 373 302 687 65 248 381 351 196 852 489 50 321 593 0 293 
178 77 520 633 515 56 574 624 241 220 186 312 450 987 811 365 574 901 706 975 593 161 75 898 504 352 847 834 375 795 788 118 960 389 277 412 330 194 293 0 
0 410 927 365 519 541 628 62 293 895 250 211 557 518 813 321 28 995 630 818 336 859 553 598 715 184 423 965 986 695 959 591 479 214 754 962 744 839 419 273 
410 0 332 693 45 420 158 557 736 898 900 697 98 705 992 168 127 17 994 352 118 990 412 906 905 650 461 59 536 258 588 407 890 156 89 372 708 884 520 880 
927 332 0 286 557 661 446 879 770 181 531 147 541 33 517 778 806 691 381 683 668 558 790 380 84 64 973 656 483 709 978 754 511 880 478 903 612 29 496 33 
365 693 286 0 501 536 381 580 820 408 872 983 506 462 701 117 461 846 571 481 451 900 548 521 715 578 484 288 275 669 385 559 870 395 756 802 302 456 816 807 
519 45 557 501 0 983 428 222 346 121 73 184 952 558 193 668 484 352 436 148 686 468 479 766 71 487 223 876 165 408 121 434 473 409 665 92 617 370 115 636 
541 420 661 536 983 0 803 974 281 323 640 659 940 732 957 335 901 973 492 752 637 482 509 571 493 480 557 249 433 533 539 793 881 962 561 295 202 730 625 266 
628 158 446 381 428 803 0 109 58 990 822 350 525 94 368 724 856 546 313 940 492 82 852 757 522 540 662 367 504 360 468 615 631 538 112 432 514 430 276 427 
62 557 879 580 222 974 109 0 833 418 616 354 404 730 271 656 216 329 306 56 647 669 227 295 916 266 545 111 900 461 352 265 580 289 228 919 777 797 902 414 
293 736 770 820 346 281 58 833 0 370 321 809 218 647 749 228 348 604 5 747 937 622 97 602 842 396 369 368 118 98 420 365 635 274 170 70 676 238 751 754 
895 898 181 408 121 323 990 418 370 0 30 360 267 920 643 389 797 455 917 663 907 331 596 655 874 787 399 213 867 352 868 535 88 601 973 258 97 90 986 242 
250 900 531 872 73 640 822 616 321 30 0 289 297 777 338 409 44 396 270 800 264 910 128 682 519 344 879 673 91 837 249 162 963 405 668 368 843 715 681 345 
211 697 147 983 184 659 350 354 809 360 289 0 1000 89 802 220 697 460 9 120 125 841 545 10 380 949 920 362 160 166 21 480 803 310 320 807 286 895 107 133 
557 98 541 506 952 940 525 404 218 267 297 1000 0 502 656 219 772 77 978 440 887 371 917 207 959 752 864 511 527 673 174 676 16 741 222 663 910 202 980 401 
518 705 33 462 558 732 94 730 647 920 777 89 502 0 757 26 940 654 237 226 705 543 230 610 860 625 479 791 883 219 577 59 5 171 809 235 741 479 42 920 
813 992 517 701 193 957 368 271 749 643 338 802 656 757 0 480 174 99 199 428 533 475 44 807 392 168 885 870 173 507 740 733 435 311 160 57 445 28 480 318 
321 168 778 117 668 335 724 656 228 389 409 220 219 26 480 0 509 745 771 737 39 967 804 305 575 224 442 640 212 264 368 480 99 310 132 173 733 226 982 785 
28 127 806 461 484 901 856 216 348 797 44 697 772 940 174 509 0 87 586 266 976 927 97 740 425 400 884 12 669 628 535 822 887 771 419 799 557 80 199 864 
995 17 691 846 352 973 546 329 604 455 396 460 77 654 99 745 87 0 798 510 43 802 993 266 519 311 186 485 550 851 932 403 369 241 635 326 16 928 659 933 
630 994 381 571 436 492 313 306 5 917 270 9 978 237 199 771 586 798 0 853 434 729 719 275 974 411 381 279 253 15 554 20 444 67 754 888 878 123 830 962 
818 352 683 481 148 752 940 56 747 663 800 120 440 226 428 737 266 510 853 0 846 370 13 626 24 381 701 203 146 62 355 546 616 934 78 771 484 136 690 675 
336 118 668 451 686 637 492 647 937 907 264 125 887 705 533 39 976 43 434 846 0 582 186 587 973 678 957 227 414 492 756 199 714 918 52 66 720 626 980 422 
859 990 558 900 468 482 82 669 622 331 910 841 371 543 475 967 927 802 729 370 582 0 895 511 32 309 232 722 733 611 986 252 531 485 960 848 896 83 475 786 
553 412 790 548 479 509 852 227 97 596 128 545 917 230 44 804 97 993 719 13 186 895 0 868 283 638 213 308 558 588 594 58 850 280 715 5 97 815 613 651 
598 906 380 521 766 571 757 295 602 655 682 10 207 610 807 305 740 266 275 626 587 511 868 0 908 340 851 452 407 52 591 469 856 2 149 193 274 911 367 645 
715 905 84 715 71 493 522 916 842 874 519 380 959 860 392 575 425 519 974 24 973 32 283 908 0 934 377 559 928 682 74 229 413 372 359 703 138 121 938 896 
184 650 64 578 487 480 540 266 396 787 344 949 752 625 168 224 400 311 411 381 678 309 638 340 934 0 366 92 589 124 201 471 296 483 467 577 471 261 511 991 
423 461 973 484 223 557 662 545 369 399 879 920 864 479 885 442 884 186 381 701 957 232 213 851 377 366 0 732 869 489 833 266 297 449 297 940 289 976 31 295 
965 59 656 288 876 249 367 111 368 213 673 362 511 791 870 640 12 485 279 203 227 722 308 452 559 92 732 0 841 207 137 646 748 537 835 227 595 32 486 914 
986 536 483 275 165 433 504 900 118 867 91 160 527 883 173 212 669 550 253 146 414 733 558 407 928 589 869 841 0 401 275 336 382 782 146 541 503 856 323 527 
695 258 709 669 408 533 360 461 98 352 837 166 673 219 507 264 628 851 15 62 492 611 588 52 682 124 489 207 401 0 438 109 810 319 651 211 442 629 784 561 
959 588 978 385 121 539 468 352 420 868 249 21 174 577 740 368 535 932 554 355 756 986 594 591 74 201 833 137 275 438 0 501 881 187 278 187 891 102 983 79 
591 407 754 559 434 793 615 265 365 535 162 480 676 59 733 480 822 403 20 546 199 252 58 469 229 471 266 646 336 109 501 0 951 771 424 846 733 404 276 859 
479 890 511 870 473 881 631 580 635 88 963 803 16 5 435 99 887 369 444 616 714 531 850 856 413 296 297 748 382 810 881 951 0 553 825 665 806 370 160 234 
214 156 880 395 409 962 538 289 274 601 405 310 741 171 311 310 771 241 67 934 918 485 280 2 372 483 449 537 782 319 187 771 553 0 576 72 708 134 794 622 
754 89 478 756 665 561 112 228 170 973 668 320 222 809 160 132 419 635 754 78 52 960 715 149 359 467 297 835 146 651 278 424 825 576 0 166 179 909 767 823 
962 372 903 802 92 295 432 919 70 258 368 807 663 235 57 173 799 326 888 771 66 848 5 193 703 577 940 227 541 211 187 846 665 72 166 0 63 581 237 680 
744 708 612 302 617 202 514 777 676 97 843 286 910 741 445 733 557 16 878 484 720 896 97 274 138 471 289 595 503 442 891 733 806 708 179 63 0 215 26 310 
839 884 29 456 370 730 430 797 238 90 715 895 202 479 28 226 80 928 123 136 626 83 815 911 121 261 976 32 856 629 102 404 370 134 909 581 215 0 23 602 
419 520 496 816 115 625 276 902 751 986 681 107 980 42 480 982 199 659 830 690 980 475 613 367 938 511 31 486 323 784 983 276 160 794 767 237 26 23 0 200 
273 880 33 807 636 266 427 414 754 242 345 133 401 920 318 785 864 933 962 675 422 786 651 645 896 991 295 914 527 561 79 859 234 622 823 680 310 602 200 0 
0 669 416 540 586 157 593 227 185 128 18 873 390 19 864 748 49 255 872 151 196 340 658 61 260 27 614 138 646 248 29 995 369 795 73 928 332 576 531 472 
669 0 843 531 872 641 245 279 908 7 506 265 132 563 507 111 139 498 266 615 426 845 283 797 878 307 941 173 603 883 111 767 333 313 454 604 162 115 503 934 
416 843 0 537 161 248 898 244 288 681 484 287 788 933 611 842 743 370 871 695 186 531 366 900 514 439 507 976 437 339 138 829 437 896 279 311 422 27 8 845 
540 531 537 0 874 958 70 368 438 207 512 1000 301 461 141 293 867 512 488 694 274 382 950 793 159 494 409 479 20 875 393 736 326 294 760 252 612 492 102 87 
586 872 161 874 0 290 946 618 266 28 774 802 760 421 952 545 800 223 428 134 556 102 24 383 488 698 43 16 178 674 429 455 890 876 865 257 461 897 414 845 
157 641 248 958 290 0 874 920 241 142 911 260 17 829 505 202 358 402 380 730 895 311 215 397 156 643 551 920 20 727 977 590 22 808 798 886 80 199 513 488 
593 245 898 70 946 874 0 859 553 800 920 423 485 503 795 499 407 880 541 709 879 407 51 18 365 166 55 809 217 123 864 585 819 575 373 575 439 250 372 859 
227 279 244 368 618 920 859 0 962 526 461 47 376 376 148 597 304 96 878 161 448 255 308 766 232 262 259 224 334 258 389 695 636 196 980 752 406 139 204 279 
185 908 288 438 266 241 553 962 0 367 641 909 946 477 170 294 331 847 81 884 648 428 491 690 666 343 31 42 992 170 863 560 651 775 245 804 710 805 119 446 
128 7 681 207 28 142 800 526 367 0 532 800 233 768 698 281 536 181 142 490 246 886 395 679 857 602 352 870 439 418 821 759 406 84 442 13 678 166 787 598 
18 506 484 512 774 911 920 461 641 532 0 952 161 955 822 423 432 294 743 19 683 179 890 305 520 327 198 21 536 884 768 39 421 511 614 737 104 843 226 638 
873 265 287 1000 802 260 423 47 909 800 952 0 544 886 38 413 83 224 522 147 962 506 518 302 806 300 703 597 762 111 111 289 517 998 643 324 780 393 190 379 
390 132 788 301 760 17 485 376 946 233 161 544 0 866 315 836 279 778 936 797 492 451 333 706 311 815 563 568 148 909 931 924 729 166 215 92 291 810 400 28 
19 563 933 461 421 829 503 376 477 768 955 886 866 0 359 406 217 582 122 667 748 321 450 41 714 540 636 948 4 328 398 165 73 818 477 857 732 104 645 627 
864 507 611 141 952 505 795 148 170 698 822 38 315 359 0 764 184 124 697 932 97 300 173 939 794 712 405 777 607 104 560 22 841 636 215 575 990 7 718 677 
748 111 842 293 545 202 499 597 294 281 423 413 836 406 764 0 597 639 866 396 142 440 133 947 853 699 326 93 657 222 956 414 681 647 533 25 491 665 639 358 
49 139 743 867 800 358 407 304 331 536 432 83 279 217 184 597 0 462 442 324 443 293 301 718 751 967 850 792 268 753 735 756 358 902 802 78 180 760 84 413 
255 498 370 512 223 402 880 96 847 181 294 224 778 582 124 639 462 0 378 32 425 729 121 895 172 646 165 707 140 672 322 579 745 857 725 754 934 1 890 668 
872 266 871 488 428 380 541 878 81 142 743 522 936 122 697 866 442 378 0 174 450 588 417 873 652 41 219 977 960 956 815 693 223 239 690 45 195 665 486 589 
151 615 695 694 134 730 709 161 884 490 19 147 797 667 932 396 324 32 174 0 24 379 876 536 887 651 768 965 181 561 656 369 378 649 589 64 376 627 682 607 
196 426 186 274 556 895 879 448 648 246 683 962 492 748 97 142 443 425 450 24 0 587 586 675 185 366 522 464 949 369 352 658 870 499 170 221 485 891 945 320 
340 845 531 382 102 311 407 255 428 886 179 506 451 321 300 440 293 729 588 379 587 0 147 325 840 243 137 176 77 149 181 190 84 351 218 417 603 207 332 528 
658 283 366 950 24 215 51 308 491 395 890 518 333 450 173 133 301 121 417 876 586 147 0 458 547 482 475 731 272 14 23 110 936 592 230 989 209 280 882 374 
61 797 900 793 383 397 18 766 690 679 305 302 706 41 939 947 718 895 873 536 675 325 458 0 13 619 69 772 874 693 523 236 595 24 136 157 213 75 386 420 
260 878 514 159 488 156 365 232 666 857 520 806 311 714 794 853 751 172 652 887 185 840 547 13 0 808 693 751 653 925 486 413 459 926 613 346 344 667 143 953 
27 307 439 494 698 643 166 262 343 602 327 300 815 540 712 699 967 646 41 651 366 243 482 619 808 0 449 933 691 293 214 321 101 524 147 117 64 75 577 85 
614 941 507 409 43 551 55 259 31 352 198 703 563 636 405 326 850 165 219 768 522 137 475 69 693 449 0 589 327 859 760 651 151 272 742 589 412 810 28 636 
138 173 976 479 16 920 809 224 42 870 21 597 568 948 777 93 792 707 977 965 464 176 731 772 751 933 589 0 203 531 512 791 36 92 420 261 271 944 563 1 
646 603 437 20 178 20 217 334 992 439 536 762 148 4 607 657 268 140 960 181 949 77 272 874 653 691 327 203 0 276 80 782 684 594 213 160 761 249 839 487 
248 883 339 875 674 727 123 258 170 418 884 111 909 328 104 222 753 672 956 561 369 149 14 693 925 293 859 531 276 0 816 367 759 202 676 961 592 567 438 468 
29 111 138 393 429 977 864 389 863 821 768 111 931 398 560 956 735 322 815 656 352 181 23 523 486 214 760 512 80 816 0 978 754 235 208 859 803 672 724 383 
995 767 829 736 455 590 585 695 560 759 39 289 924 165 22 414 756 579 693 369 658 190 110 236 413 321 651 791 782 367 978 0 240 861 284 192 866 10 835 560 
369 333 437 326 890 22 819 636 651 406 421 517 729 73 841 681 358 745 223 378 870 84 936 595 459 101 151 36 684 759 754 240 0 52 701 17 849 731 470 650 
795 313 896 294 876 808 575 196 775 84 511 998 166 818 636 647 902 857 239 649 499 351 592 24 926 524 272 92 594 202 235 861 52 0 870 316 894 970 606 5 
73 454 279 760 865 798 373 980 245 442 614 643 215 477 215 533 802 725 690 589 170 218 230 136 613 147 742 420 213 676 208 284 701 870 0 256 333 841 682 900 
928 604 311 252 257 886 575 752 804 13 737 324 92 857 575 25 78 754 45 64 221 417 989 157 346 117 589 261 160 961 859 192 17 316 256 0 899 197 164 709 
332 162 422 612 461 80 439 406 710 678 104 780 291 732 990 491 180 934 195 376 485 603 209 213 344 64 412 271 761 592 803 866 849 894 333 899 0 274 336 112 
576 115 27 492 897 199 250 139 805 166 843 393 810 104 7 665 760 1 665 627 891 207 280 75 667 75 810 944 249 567 672 10 731 970 841 197 274 0 624 497 
531 503 8 102 414 513 372 204 119 787 226 190 400 645 718 639 84 890 486 682 945 332 882 386 143 577 28 563 839 438 724 835 470 606 682 164 336 624 0 747 
472 934 845 87 845 488 859 279 446 598 638 379 28 627 677 358 413 668 589 607 320 528 374 420 953 85 636 1 487 468 383 560 650 5 900 709 112 497 747 0 
