5 4
0 468 183 274 334 
468 0 166 343 169 
183 166 0 751 345 
274 343 751 0 397 
334 169 345 397 0 
0 944 592 213 342 
944 0 599 629 164 
592 599 0 99 668 
213 629 99 0 559 
342 164 668 559 0 
0 220 434 542 527 
220 0 878 519 545 
434 878 0 165 448 
542 519 165 0 6 
527 545 448 6 0 
0 59 513 306 833 
59 0 102 799 876 
513 102 0 413 760 
306 799 413 0 130 
833 876 760 130 0 
0 183 698 634 601 
183 0 215 114 87 
698 215 0 12 826 
634 114 12 0 322 
601 87 826 322 0 
