15 2
0 751 933 594 572 672 656 602 971 148 639 557 935 720 38 
751 0 256 115 619 1000 878 547 519 77 545 6 489 950 597 
933 256 0 601 896 623 998 290 74 40 622 589 445 373 685 
594 115 601 0 14 204 102 987 799 176 876 130 837 412 11 
572 619 896 14 0 70 715 773 966 381 73 534 186 685 919 
672 1000 623 204 70 0 215 904 114 405 87 322 984 7 661 
656 878 998 102 715 215 0 213 99 342 668 517 881 227 28 
602 547 290 987 773 904 213 0 151 607 445 270 654 435 831 
971 519 74 799 966 114 99 151 0 527 448 839 779 190 715 
148 77 40 176 381 405 342 607 527 0 941 873 112 299 994 
639 545 622 876 73 87 668 445 448 941 0 926 312 264 584 
557 6 589 130 534 322 517 270 839 873 926 0 212 579 698 
935 489 445 837 186 984 881 654 779 112 312 212 0 834 449 
720 950 373 412 685 7 227 435 190 299 264 579 834 0 140 
38 597 685 11 919 661 28 831 715 994 584 698 449 140 0 
0 515 833 77 479 848 74 857 445 177 2 299 669 468 613 
515 0 857 345 380 882 211 93 768 864 1 634 3 662 75 
833 857 0 342 438 482 173 16 732 998 940 340 907 362 24 
77 345 342 0 566 630 532 480 334 165 243 56 114 564 55 
479 380 438 566 0 160 915 147 735 758 869 832 145 880 513 
848 882 482 630 160 0 142 483 671 266 146 862 816 832 795 
74 211 173 532 915 142 0 542 651 230 108 269 457 447 32 
857 93 16 480 147 483 542 0 787 189 77 577 699 948 828 
445 768 732 334 735 671 651 787 0 579 737 897 891 38 45 
177 864 998 165 758 266 230 189 579 0 818 368 368 791 939 
2 1 940 243 869 146 108 77 737 818 0 937 774 68 898 
299 634 340 56 832 862 269 577 897 368 937 0 969 5 909 
669 3 907 114 145 816 457 699 891 368 774 969 0 111 523 
468 662 362 564 880 832 447 948 38 791 68 5 111 0 627 
613 75 24 55 513 795 32 828 45 939 898 909 523 627 0 
0 687 826 52 591 473 19 668 349 133 308 694 819 505 681 
687 0 708 365 604 168 648 125 548 512 505 780 41 423 217 
826 708 0 391 430 927 196 597 182 690 826 806 863 344 484 
52 365 391 0 499 336 492 502 452 182 143 539 360 432 175 
591 604 430 499 0 359 793 147 555 706 819 710 306 927 209 
473 168 927 336 359 0 263 360 663 100 289 954 810 723 699 
19 648 196 492 793 263 0 835 260 113 90 156 934 898 695 
668 125 597 502 147 360 835 0 562 587 371 293 849 562 750 
349 548 182 452 555 663 260 562 0 513 1000 691 544 52 873 
133 512 690 182 706 100 113 587 513 0 969 676 397 531 910 
308 505 826 143 819 289 90 371 1000 969 0 353 132 690 697 
694 780 806 539 710 954 156 293 691 676 353 0 401 545 693 
819 41 863 360 306 810 934 849 544 397 132 401 0 365 94 
505 423 344 432 927 723 898 562 52 531 690 545 365 0 343 
681 217 484 175 209 699 695 750 873 910 697 693 94 343 0 
