50 3
0 804 871 10 989 964 407 983 342 597 424 458 53 774 855 609 77 497 529 285 294 698 64 864 330 295 925 906 191 676 550 947 700 889 893 129 55 740 920 695 27 66 170 839 289 467 890 938 557 331 
804 0 963 700 229 884 328 999 969 400 898 74 678 603 406 299 346 164 368 341 670 736 985 165 165 642 97 292 470 301 299 806 556 955 919 138 646 633 749 428 234 8 445 514 286 320 724 879 437 677 
871 963 0 430 124 536 213 843 282 194 251 996 232 959 438 174 66 134 900 131 752 298 136 827 661 279 368 760 466 47 518 182 792 790 937 191 635 632 628 288 30 234 892 760 637 478 832 497 161 714 
10 700 430 0 835 23 810 624 25 307 879 947 408 100 899 956 653 40 856 85 73 989 811 333 155 594 263 958 457 531 531 529 751 889 914 639 113 227 784 519 41 851 200 590 537 74 537 41 274 447 
989 229 124 835 0 620 30 117 941 375 332 251 774 113 269 871 747 677 811 341 684 504 687 132 164 550 177 426 484 982 187 839 297 841 503 525 159 413 969 325 776 440 501 388 470 784 596 712 6 434 
964 884 536 23 620 0 789 303 188 842 508 3 60 170 680 618 717 625 659 608 391 522 305 579 454 818 199 504 297 749 367 179 485 439 737 161 588 536 51 789 771 396 59 390 223 414 183 364 501 111 
407 328 213 810 30 789 0 839 111 651 258 144 718 557 613 133 760 594 39 327 333 515 675 732 622 247 981 560 434 421 629 648 681 395 763 829 895 502 273 672 51 755 821 722 924 556 182 710 554 322 
983 999 843 624 117 303 839 0 926 633 103 763 472 502 192 562 270 270 478 919 765 724 649 315 20 923 947 297 199 145 814 557 91 534 416 295 27 682 925 304 769 637 659 152 946 841 664 529 874 679 
342 969 282 25 941 188 111 926 0 814 110 97 676 168 237 251 550 469 380 164 312 100 582 497 210 150 343 13 447 684 692 232 726 834 219 446 854 347 700 61 323 522 342 2 556 341 255 454 586 630 
597 400 194 307 375 842 651 633 814 0 475 751 882 842 489 924 598 519 626 230 295 855 857 413 7 138 530 141 44 387 660 680 602 648 400 923 313 958 871 12 899 512 262 607 123 432 808 385 429 179 
424 898 251 879 332 508 258 103 110 475 0 955 730 966 519 242 474 556 589 925 715 487 711 249 602 887 475 871 477 367 723 498 323 222 294 421 734 360 458 124 746 657 780 602 231 437 165 536 108 337 
458 74 996 947 251 3 144 763 97 751 955 0 718 312 167 651 408 862 122 650 2 572 945 216 924 314 189 284 691 575 240 100 172 817 298 534 324 591 697 152 408 921 179 783 788 622 11 370 422 94 
53 678 232 408 774 60 718 472 676 882 730 718 0 785 1000 663 442 360 152 389 656 435 437 780 31 210 415 616 393 760 279 70 835 34 512 461 700 540 377 50 674 126 545 912 679 498 479 42 927 526 
774 603 959 100 113 170 557 502 168 842 966 312 785 0 492 781 634 524 360 986 493 626 443 400 771 162 94 253 468 41 837 717 915 664 924 310 792 700 669 374 791 242 176 526 999 893 465 310 710 300 
855 406 438 899 269 680 613 192 237 489 519 167 1000 492 0 338 235 762 953 226 160 534 132 949 4 29 694 720 340 581 43 793 979 944 497 131 355 136 31 67 432 792 312 132 682 190 923 431 656 728 
609 299 174 956 871 618 133 562 251 924 242 651 663 781 338 0 849 806 431 470 940 834 867 8 517 155 470 332 278 290 612 990 208 751 935 577 979 592 370 909 292 774 376 645 351 758 755 871 5 275 
77 346 66 653 747 717 760 270 550 598 474 408 442 634 235 849 0 790 787 125 874 466 48 544 752 979 261 604 360 122 847 316 51 549 465 73 383 883 248 707 921 214 996 974 860 758 340 634 470 853 
497 164 134 40 677 625 594 270 469 519 556 862 360 524 762 806 790 0 195 42 446 117 543 638 290 585 543 972 425 267 292 274 683 596 719 12 125 59 770 356 29 793 424 409 205 647 896 928 67 899 
529 368 900 856 811 659 39 478 380 626 589 122 152 360 953 431 787 195 0 51 443 961 886 696 980 147 188 272 675 398 371 407 161 369 968 994 812 782 540 45 317 181 574 541 946 787 797 254 756 95 
285 341 131 85 341 608 327 919 164 230 925 650 389 986 226 470 125 42 51 0 315 200 874 380 536 244 795 547 510 789 974 795 146 231 21 358 95 769 630 580 342 388 579 642 212 659 30 661 124 915 
294 670 752 73 684 391 333 765 312 295 715 2 656 493 160 940 874 446 443 315 0 711 254 536 185 58 321 353 105 962 611 911 351 924 360 153 162 507 21 493 499 40 60 940 78 9 940 144 364 452 
698 736 298 989 504 522 515 724 100 855 487 572 435 626 534 834 466 117 961 200 711 0 499 130 829 285 306 472 197 496 635 20 358 176 604 212 639 910 96 873 754 964 691 63 917 124 239 919 840 719 
64 985 136 811 687 305 675 649 582 857 711 945 437 443 132 867 48 543 886 874 254 499 0 410 736 896 165 774 751 941 263 452 825 154 327 543 434 900 96 666 922 127 249 459 906 628 585 104 668 438 
864 165 827 333 132 579 732 315 497 413 249 216 780 400 949 8 544 638 696 380 536 130 410 0 78 515 602 853 267 617 657 947 849 579 730 641 147 610 780 409 428 587 121 79 397 863 221 273 352 753 
330 165 661 155 164 454 622 20 210 7 602 924 31 771 4 517 752 290 980 536 185 829 736 78 0 279 52 585 129 223 749 503 582 854 441 559 615 357 456 138 934 689 566 197 821 734 660 697 746 203 
295 642 279 594 550 818 247 923 150 138 887 314 210 162 29 155 979 585 147 244 58 285 896 515 279 0 70 455 846 321 208 219 383 751 770 649 892 981 409 806 721 558 146 101 343 581 495 847 9 980 
925 97 368 263 177 199 981 947 343 530 475 189 415 94 694 470 261 543 188 795 321 306 165 602 52 70 0 521 108 443 252 158 420 251 80 3 544 398 367 904 228 345 386 919 259 485 377 158 571 574 
906 292 760 958 426 504 560 297 13 141 871 284 616 253 720 332 604 972 272 547 353 472 774 853 585 455 521 0 219 157 824 731 70 401 904 796 510 492 597 961 606 647 162 133 244 615 825 322 930 161 
191 470 466 457 484 297 434 199 447 44 477 691 393 468 340 278 360 425 675 510 105 197 751 267 129 846 108 219 0 253 825 807 713 278 173 560 131 552 323 737 609 90 778 161 917 139 332 504 659 727 
676 301 47 531 982 749 421 145 684 387 367 575 760 41 581 290 122 267 398 789 962 496 941 617 223 321 443 157 253 0 749 79 655 387 410 188 656 432 981 726 115 838 227 552 653 808 439 510 147 512 
550 299 518 531 187 367 629 814 692 660 723 240 279 837 43 612 847 292 371 974 611 635 263 657 749 208 252 824 825 749 0 850 891 194 375 932 825 944 115 807 117 167 8 492 861 595 820 680 437 351 
947 806 182 529 839 179 648 557 232 680 498 100 70 717 793 990 316 274 407 795 911 20 452 947 503 219 158 731 807 79 850 0 464 157 794 265 901 624 266 194 992 975 352 113 99 168 444 39 427 258 
700 556 792 751 297 485 681 91 726 602 323 172 835 915 979 208 51 683 161 146 351 358 825 849 582 383 420 70 713 655 891 464 0 445 316 385 215 890 767 468 464 40 92 724 545 634 670 859 431 923 
889 955 790 889 841 439 395 534 834 648 222 817 34 664 944 751 549 596 369 231 924 176 154 579 854 751 251 401 278 387 194 157 445 0 164 158 573 847 959 765 625 923 630 832 920 376 876 703 814 231 
893 919 937 914 503 737 763 416 219 400 294 298 512 924 497 935 465 719 968 21 360 604 327 730 441 770 80 904 173 410 375 794 316 164 0 275 983 357 445 217 488 798 989 454 440 412 465 74 990 896 
129 138 191 639 525 161 829 295 446 923 421 534 461 310 131 577 73 12 994 358 153 212 543 641 559 649 3 796 560 188 932 265 385 158 275 0 872 811 842 27 586 467 414 547 848 469 648 365 823 269 
55 646 635 113 159 588 895 27 854 313 734 324 700 792 355 979 383 125 812 95 162 639 434 147 615 892 544 510 131 656 825 901 215 573 983 872 0 979 928 216 170 449 500 741 407 808 114 801 964 240 
740 633 632 227 413 536 502 682 347 958 360 591 540 700 136 592 883 59 782 769 507 910 900 610 357 981 398 492 552 432 944 624 890 847 357 811 979 0 853 230 880 385 102 389 640 973 935 92 581 881 
920 749 628 784 969 51 273 925 700 871 458 697 377 669 31 370 248 770 540 630 21 96 96 780 456 409 367 597 323 981 115 266 767 959 445 842 928 853 0 78 947 428 955 88 417 555 328 733 815 883 
695 428 288 519 325 789 672 304 61 12 124 152 50 374 67 909 707 356 45 580 493 873 666 409 138 806 904 961 737 726 807 194 468 765 217 27 216 230 78 0 272 903 411 471 666 864 857 519 272 117 
27 234 30 41 776 771 51 769 323 899 746 408 674 791 432 292 921 29 317 342 499 754 922 428 934 721 228 606 609 115 117 992 464 625 488 586 170 880 947 272 0 185 295 365 815 232 582 301 992 480 
66 8 234 851 440 396 755 637 522 512 657 921 126 242 792 774 214 793 181 388 40 964 127 587 689 558 345 647 90 838 167 975 40 923 798 467 449 385 428 903 185 0 446 556 937 483 661 586 316 702 
170 445 892 200 501 59 821 659 342 262 780 179 545 176 312 376 996 424 574 579 60 691 249 121 566 146 386 162 778 227 8 352 92 630 989 414 500 102 955 411 295 446 0 540 576 516 674 488 651 916 
839 514 760 590 388 390 722 152 2 607 602 783 912 526 132 645 974 409 541 642 940 63 459 79 197 101 919 133 161 552 492 113 724 832 454 547 741 389 88 471 365 556 540 0 587 117 462 322 763 147 
289 286 637 537 470 223 924 946 556 123 231 788 679 999 682 351 860 205 946 212 78 917 906 397 821 343 259 244 917 653 861 99 545 920 440 848 407 640 417 666 815 937 576 587 0 434 309 45 766 576 
467 320 478 74 784 414 556 841 341 432 437 622 498 893 190 758 758 647 787 659 9 124 628 863 734 581 485 615 139 808 595 168 634 376 412 469 808 973 555 864 232 483 516 117 434 0 833 503 563 464 
890 724 832 537 596 183 182 664 255 808 165 11 479 465 923 755 340 896 797 30 940 239 585 221 660 495 377 825 332 439 820 444 670 876 465 648 114 935 328 857 582 661 674 462 309 833 0 872 691 100 
938 879 497 41 712 364 710 529 454 385 536 370 42 310 431 871 634 928 254 661 144 919 104 273 697 847 158 322 504 510 680 39 859 703 74 365 801 92 733 519 301 586 488 322 45 503 872 0 579 225 
557 437 161 274 6 501 554 874 586 429 108 422 927 710 656 5 470 67 756 124 364 840 668 352 746 9 571 930 659 147 437 427 431 814 990 823 964 581 815 272 992 316 651 763 766 563 691 579 0 45 
331 677 714 447 434 111 322 679 630 179 337 94 526 300 728 275 853 899 95 915 452 719 438 753 203 980 574 161 727 512 351 258 923 231 896 269 240 881 883 117 480 702 916 147 576 464 100 225 45 0 
0 500 131 335 239 485 395 800 300 606 854 922 802 853 37 233 607 360 797 860 858 796 305 984 986 556 934 517 795 782 461 908 653 150 266 118 270 521 471 153 821 535 416 23 673 23 10 934 508 201 
500 0 958 721 595 238 142 899 881 248 813 734 715 873 8 774 436 536 855 706 318 659 565 367 134 528 194 622 788 472 718 561 131 764 31 275 472 242 480 974 659 668 713 785 966 627 563 489 871 897 
131 958 0 911 828 566 903 724 914 64 352 398 44 329 485 330 889 213 286 530 19 730 585 755 65 152 20 560 118 122 314 578 236 339 537 36 463 158 813 566 148 164 105 299 188 992 308 189 1 744 
335 721 911 0 677 202 104 940 127 529 171 955 483 138 644 399 882 890 750 98 662 511 819 931 369 640 389 59 960 675 817 363 80 572 212 310 942 344 495 1000 956 265 948 851 643 976 227 250 936 976 
239 595 828 677 0 87 571 51 465 797 676 672 842 661 928 220 208 40 215 980 652 996 175 734 721 54 362 615 389 120 969 475 586 516 919 583 105 410 970 96 157 23 141 687 705 784 486 456 868 621 
485 238 566 202 87 0 649 722 600 722 257 681 771 686 246 709 37 587 302 588 35 291 205 777 364 30 637 840 277 244 522 803 871 137 996 126 331 17 667 330 327 688 428 334 499 761 722 633 479 503 
395 142 903 104 571 649 0 580 769 267 153 891 786 465 95 846 448 737 297 411 602 997 327 406 681 320 265 373 412 62 745 84 337 536 531 82 607 67 271 977 121 187 789 409 744 204 948 597 26 75 
800 899 724 940 51 722 580 0 613 449 68 810 603 445 406 182 374 913 183 197 35 126 480 729 916 682 926 302 330 949 784 474 278 720 58 148 331 485 825 509 772 387 985 322 252 777 23 850 705 668 
300 881 914 127 465 600 769 613 0 902 757 715 182 611 615 284 984 97 481 70 943 992 104 698 330 85 635 687 194 23 508 594 787 632 532 695 889 826 241 622 57 445 627 511 776 176 154 416 885 472 
606 248 64 529 797 722 267 449 902 0 623 765 849 618 805 689 276 462 261 35 187 114 218 344 8 132 753 65 293 720 593 230 883 916 728 419 470 788 583 438 691 941 449 552 214 180 237 754 368 633 
854 813 352 171 676 257 153 68 757 623 0 912 715 976 652 338 204 347 876 184 24 391 880 353 162 945 436 248 746 338 408 735 44 808 952 631 660 315 446 309 967 66 753 847 493 603 421 112 919 15 
922 734 398 955 672 681 891 810 715 765 912 0 411 461 131 503 637 911 238 701 315 130 241 102 837 255 273 381 291 819 835 957 649 664 743 479 961 182 338 454 1 665 813 41 55 184 384 491 565 603 
802 715 44 483 842 771 786 603 182 849 715 411 0 122 171 701 639 519 306 775 707 586 232 999 677 748 133 351 751 419 117 956 203 394 276 292 406 923 433 623 4 4 584 8 413 736 974 599 703 919 
853 873 329 138 661 686 465 445 611 618 976 461 122 0 700 476 821 736 208 223 971 659 837 835 875 378 778 196 129 246 381 961 820 506 687 681 211 348 594 759 954 386 430 976 439 542 946 642 507 269 
37 8 485 644 928 246 95 406 615 805 652 131 171 700 0 305 495 831 10 609 184 564 678 539 551 624 559 852 227 7 372 950 926 194 567 904 973 36 75 487 998 700 77 971 697 652 579 498 765 70 
233 774 330 399 220 709 846 182 284 689 338 503 701 476 305 0 478 943 46 816 316 496 609 230 598 812 141 489 989 12 16 49 370 262 884 326 688 605 866 936 561 525 76 294 564 530 176 507 588 36 
607 436 889 882 208 37 448 374 984 276 204 637 639 821 495 478 0 343 227 263 98 453 284 375 859 16 223 50 375 27 291 888 787 922 816 369 747 123 207 160 992 626 618 200 438 942 134 84 872 858 
360 536 213 890 40 587 737 913 97 462 347 911 519 736 831 943 343 0 201 78 176 195 570 164 964 435 719 321 682 377 900 736 684 558 120 939 787 618 532 22 489 796 513 237 586 773 451 931 23 733 
797 855 286 750 215 302 297 183 481 261 876 238 306 208 10 46 227 201 0 161 827 779 892 37 818 468 137 593 308 298 560 784 956 795 226 630 938 778 659 942 654 638 697 100 268 427 298 786 576 957 
860 706 530 98 980 588 411 197 70 35 184 701 775 223 609 816 263 78 161 0 277 596 820 147 663 38 422 988 779 671 508 221 478 655 408 135 858 50 824 143 29 935 825 123 412 784 172 326 930 108 
858 318 19 662 652 35 602 35 943 187 24 315 707 971 184 316 98 176 827 277 0 902 942 179 94 149 591 178 225 979 257 445 494 151 723 575 209 776 826 262 636 142 666 367 521 394 311 388 176 411 
796 659 730 511 996 291 997 126 992 114 391 130 586 659 564 496 453 195 779 596 902 0 800 666 985 733 70 77 302 94 162 119 690 622 709 246 411 901 412 510 212 387 702 570 406 443 779 186 321 731 
305 565 585 819 175 205 327 480 104 218 880 241 232 837 678 609 284 570 892 820 942 800 0 779 169 400 890 520 432 735 77 1 236 536 190 677 376 142 693 939 740 194 614 439 900 338 300 591 707 644 
984 367 755 931 734 777 406 729 698 344 353 102 999 835 539 230 375 164 37 147 179 666 779 0 539 671 652 633 258 187 612 281 454 627 757 314 9 412 40 978 790 34 568 780 832 593 151 594 379 721 
986 134 65 369 721 364 681 916 330 8 162 837 677 875 551 598 859 964 818 663 94 985 169 539 0 746 304 515 623 228 754 886 105 769 309 286 885 748 579 137 301 765 766 815 337 228 380 7 385 345 
556 528 152 640 54 30 320 682 85 132 945 255 748 378 624 812 16 435 468 38 149 733 400 671 746 0 610 56 287 141 174 900 800 79 501 555 831 224 720 96 604 274 469 805 896 410 877 166 843 592 
934 194 20 389 362 637 265 926 635 753 436 273 133 778 559 141 223 719 137 422 591 70 890 652 304 610 0 574 498 864 5 982 784 423 888 17 211 5 580 440 710 951 709 576 874 998 849 93 173 119 
517 622 560 59 615 840 373 302 687 65 248 381 351 196 852 489 50 321 593 988 178 77 520 633 515 56 574 0 335 274 648 910 703 425 486 805 803 374 547 86 573 604 464 641 690 28 424 749 377 915 
795 788 118 960 389 277 412 330 194 293 746 291 751 129 227 989 375 682 308 779 225 302 432 258 623 287 498 335 0 899 435 356 283 802 44 71 77 781 141 840 574 469 82 88 768 534 701 196 408 586 
782 472 122 675 120 244 62 949 23 720 338 819 419 246 7 12 27 377 298 671 979 94 735 187 228 141 864 274 899 0 7 658 64 203 783 427 395 747 955 121 985 265 396 741 913 148 800 836 240 333 
461 718 314 817 969 522 745 784 508 593 408 835 117 381 372 16 291 900 560 508 257 162 77 612 754 174 5 648 435 7 0 46 173 300 528 465 346 706 471 833 365 1 847 552 891 51 167 274 69 546 
908 561 578 363 475 803 84 474 594 230 735 957 956 961 950 49 888 736 784 221 445 119 1 281 886 900 982 910 356 658 46 0 566 121 959 22 247 640 210 787 460 793 134 378 947 32 206 625 219 836 
653 131 236 80 586 871 337 278 787 883 44 649 203 820 926 370 787 684 956 478 494 690 236 454 105 800 784 703 283 64 173 566 0 155 474 485 285 787 28 840 305 807 157 340 657 866 673 928 626 547 
150 764 339 572 516 137 536 720 632 916 808 664 394 506 194 262 922 558 795 655 151 622 536 627 769 79 423 425 802 203 300 121 155 0 63 379 635 270 692 438 383 691 524 669 19 801 285 106 818 157 
266 31 537 212 919 996 531 58 532 728 952 743 276 687 567 884 816 120 226 408 723 709 190 757 309 501 888 486 44 783 528 959 474 63 0 970 819 402 921 407 459 594 953 658 129 994 600 703 890 845 
118 275 36 310 583 126 82 148 695 419 631 479 292 681 904 326 369 939 630 135 575 246 677 314 286 555 17 805 71 427 465 22 485 379 970 0 217 403 339 634 842 801 599 611 17 889 558 374 828 546 
270 472 463 942 105 331 607 331 889 470 660 961 406 211 973 688 747 787 938 858 209 411 376 9 885 831 211 803 77 395 346 247 285 635 819 217 0 532 803 993 572 683 701 798 526 401 393 756 612 207 
521 242 158 344 410 17 67 485 826 788 315 182 923 348 36 605 123 618 778 50 776 901 142 412 748 224 5 374 781 747 706 640 787 270 402 403 532 0 949 465 496 627 408 992 984 28 798 558 985 770 
471 480 813 495 970 667 271 825 241 583 446 338 433 594 75 866 207 532 659 824 826 412 693 40 579 720 580 547 141 955 471 210 28 692 921 339 803 949 0 577 197 201 949 428 961 148 108 145 563 464 
153 974 566 1000 96 330 977 509 622 438 309 454 623 759 487 936 160 22 942 143 262 510 939 978 137 96 440 86 840 121 833 787 840 438 407 634 993 465 577 0 602 54 502 798 166 499 547 137 202 886 
821 659 148 956 157 327 121 772 57 691 967 1 4 954 998 561 992 489 654 29 636 212 740 790 301 604 710 573 574 985 365 460 305 383 459 842 572 496 197 602 0 64 905 705 549 607 51 494 299 496 
535 668 164 265 23 688 187 387 445 941 66 665 4 386 700 525 626 796 638 935 142 387 194 34 765 274 951 604 469 265 1 793 807 691 594 801 683 627 201 54 64 0 885 620 418 308 246 113 869 837 
416 713 105 948 141 428 789 985 627 449 753 813 584 430 77 76 618 513 697 825 666 702 614 568 766 469 709 464 82 396 847 134 157 524 953 599 701 408 949 502 905 885 0 305 33 106 749 298 726 337 
23 785 299 851 687 334 409 322 511 552 847 41 8 976 971 294 200 237 100 123 367 570 439 780 815 805 576 641 88 741 552 378 340 669 658 611 798 992 428 798 705 620 305 0 964 464 215 370 322 772 
673 966 188 643 705 499 744 252 776 214 493 55 413 439 697 564 438 586 268 412 521 406 900 832 337 896 874 690 768 913 891 947 657 19 129 17 526 984 961 166 549 418 33 964 0 612 622 34 986 900 
23 627 992 976 784 761 204 777 176 180 603 184 736 542 652 530 942 773 427 784 394 443 338 593 228 410 998 28 534 148 51 32 866 801 994 889 401 28 148 499 607 308 106 464 612 0 56 706 449 674 
10 563 308 227 486 722 948 23 154 237 421 384 974 946 579 176 134 451 298 172 311 779 300 151 380 877 849 424 701 800 167 206 673 285 600 558 393 798 108 547 51 246 749 215 622 56 0 850 456 685 
934 489 189 250 456 633 597 850 416 754 112 491 599 642 498 507 84 931 786 326 388 186 591 594 7 166 93 749 196 836 274 625 928 106 703 374 756 558 145 137 494 113 298 370 34 706 850 0 24 574 
508 871 1 936 868 479 26 705 885 368 919 565 703 507 765 588 872 23 576 930 176 321 707 379 385 843 173 377 408 240 69 219 626 818 890 828 612 985 563 202 299 869 726 322 986 449 456 24 0 949 
201 897 744 976 621 503 75 668 472 633 15 603 919 269 70 36 858 733 957 108 411 731 644 721 345 592 119 915 586 333 546 836 547 157 845 546 207 770 464 886 496 837 337 772 900 674 685 574 949 0 
0 610 580 409 729 928 952 824 61 303 973 771 538 903 852 740 952 91 111 550 207 526 635 67 146 764 90 690 561 992 551 535 15 900 706 707 61 36 420 584 693 515 275 258 352 95 311 810 607 777 
610 0 222 930 543 621 940 205 538 567 546 586 88 639 227 266 222 636 368 253 401 181 88 934 651 744 715 980 79 218 51 935 325 522 692 569 275 404 617 240 15 336 344 909 663 492 793 966 62 690 
580 222 0 115 168 527 525 589 69 769 329 798 80 479 97 275 423 4 213 146 492 591 963 918 278 708 895 475 859 816 621 622 510 547 190 649 910 88 453 602 642 829 789 223 715 489 607 590 508 77 
409 930 115 0 996 26 404 10 757 75 604 227 35 183 596 626 365 423 673 414 38 407 803 485 424 612 202 613 234 913 794 227 40 16 893 61 588 506 355 408 537 42 949 664 756 197 124 559 546 437 
729 543 168 996 0 272 218 554 74 823 455 62 111 859 128 587 5 461 362 733 378 754 16 280 825 302 479 367 622 505 989 265 708 32 656 151 38 450 21 259 176 46 688 609 888 520 273 155 623 773 
928 621 527 26 272 0 267 233 345 28 396 60 539 990 545 511 934 973 511 558 391 559 5 2 576 617 28 938 823 922 927 138 742 36 291 369 119 586 846 794 956 689 153 927 565 281 974 498 644 561 
952 940 525 404 218 267 0 927 363 127 460 947 180 558 917 868 641 484 791 407 19 434 435 372 95 202 226 511 680 694 855 541 73 9 440 732 391 508 973 888 277 308 493 547 198 61 516 236 201 628 
824 205 589 10 554 233 927 0 774 806 77 141 503 900 230 591 292 223 870 928 292 793 99 483 470 514 80 31 310 606 76 565 702 933 960 467 997 447 445 604 902 879 694 510 914 967 855 786 47 968 
61 538 69 757 74 345 363 774 0 461 654 548 621 468 44 645 114 557 640 589 339 615 887 449 871 777 928 486 602 711 786 367 247 662 978 340 521 858 102 255 596 115 742 765 741 518 612 376 101 340 
303 567 769 75 823 28 127 806 461 0 99 20 406 482 804 667 419 662 12 869 953 265 369 537 26 676 123 323 200 837 722 926 217 358 215 115 746 340 484 42 418 360 548 690 982 556 308 641 50 818 
973 546 329 604 455 396 460 77 654 99 0 366 627 82 97 493 586 545 485 841 105 365 444 782 936 97 136 784 756 714 703 419 479 370 543 979 279 325 933 26 858 375 694 619 83 332 465 925 749 305 
771 586 798 227 62 60 947 141 548 20 366 0 616 669 993 188 548 369 279 123 425 535 616 319 962 843 626 983 790 401 509 58 564 344 348 123 280 960 412 285 709 826 403 574 484 676 206 274 509 312 
538 88 80 35 111 539 180 503 621 406 627 616 0 622 719 279 90 399 203 337 959 162 714 187 372 286 83 276 115 452 714 406 151 119 726 571 784 180 854 401 82 78 621 502 992 552 925 799 880 357 
903 639 479 183 859 990 558 900 468 482 82 669 622 0 13 642 184 879 227 3 588 480 531 771 903 910 815 160 29 527 973 489 943 416 275 224 270 541 154 963 156 877 208 857 402 139 316 9 692 62 
852 227 97 596 128 545 917 230 44 804 97 993 719 13 0 796 650 920 722 815 978 676 850 553 802 741 911 794 605 901 35 736 232 93 947 725 132 46 798 498 108 261 549 721 507 111 396 417 532 420 
740 266 275 626 587 511 868 591 645 667 493 188 279 642 796 0 64 864 308 44 385 59 856 975 92 445 121 767 705 990 233 542 133 746 324 798 54 262 114 925 810 898 681 660 577 538 106 499 501 3 
952 222 423 365 5 934 641 292 114 419 586 548 90 184 650 64 0 479 452 15 121 733 413 561 295 733 261 237 237 807 700 60 67 527 63 692 97 515 999 862 97 217 127 50 653 372 332 267 580 824 
91 636 4 423 461 973 484 223 557 662 545 369 399 879 920 864 479 0 559 67 539 480 296 17 432 557 976 26 322 782 904 531 797 845 608 855 435 359 997 857 892 136 364 272 878 828 178 642 891 825 
111 368 213 673 362 511 791 870 640 12 485 279 203 227 722 308 452 559 0 132 468 822 297 676 919 16 32 23 669 384 986 941 933 856 476 363 216 90 742 669 404 618 469 887 429 364 402 240 9 478 
550 253 146 414 733 558 407 928 589 869 841 123 337 3 815 44 15 67 132 0 352 403 748 800 70 878 856 658 899 405 961 431 769 228 643 298 265 756 195 625 210 580 191 633 93 30 197 285 106 813 
207 401 492 38 378 391 19 292 339 953 105 425 959 588 978 385 121 539 468 352 0 20 382 1000 258 484 629 273 385 182 476 454 88 865 261 286 529 613 215 206 184 296 567 578 36 818 59 312 334 228 
526 181 591 407 754 559 434 793 615 265 365 535 162 480 676 59 733 480 822 403 20 0 810 754 368 720 102 880 808 841 537 316 954 868 289 707 316 206 542 433 197 423 290 681 400 772 43 184 257 2 
635 88 963 803 16 5 435 99 887 369 444 616 714 531 850 856 413 296 297 748 382 810 0 89 807 896 404 33 117 21 650 825 278 751 274 221 225 219 574 542 829 118 651 994 30 204 929 127 578 130 
67 934 918 485 280 2 372 483 449 537 782 319 187 771 553 975 561 17 676 800 1000 754 89 0 663 97 370 807 354 635 549 714 548 591 362 832 559 669 711 42 303 746 255 801 787 727 842 112 247 677 
146 651 278 424 825 576 95 470 871 26 936 962 372 903 802 92 295 432 919 70 258 368 807 663 0 274 134 636 12 354 198 236 702 876 355 799 601 163 16 732 572 729 409 634 803 256 554 899 395 896 
764 744 708 612 302 617 202 514 777 676 97 843 286 910 741 445 733 557 16 878 484 720 896 97 274 0 909 266 596 462 648 779 667 680 817 870 625 545 8 767 904 609 541 717 881 265 451 162 743 455 
90 715 895 202 479 28 226 80 928 123 136 626 83 815 911 121 261 976 32 856 629 102 404 370 134 909 0 427 337 491 640 952 124 821 79 239 311 678 611 502 558 816 1000 142 668 789 559 534 117 224 
690 980 475 613 367 938 511 31 486 323 784 983 276 160 794 767 237 26 23 658 273 880 33 807 636 266 427 0 301 88 469 328 158 527 198 88 38 343 196 250 931 386 127 293 883 557 726 535 761 74 
561 79 859 234 622 823 680 310 602 200 756 790 115 29 605 705 237 322 669 899 385 808 117 354 12 596 337 301 0 237 969 496 435 969 1000 587 636 596 47 975 737 455 226 900 177 439 777 819 127 597 
992 218 816 913 505 922 694 606 711 837 714 401 452 527 901 990 807 782 384 405 182 841 21 635 354 462 491 88 237 0 148 308 188 168 537 871 764 385 512 172 85 595 122 807 507 611 520 324 823 177 
551 51 621 794 989 927 855 76 786 722 703 509 714 973 35 233 700 904 986 961 476 537 650 549 198 648 640 469 969 148 0 250 675 924 988 735 120 199 824 550 735 2 439 967 257 903 202 394 511 121 
535 935 622 227 265 138 541 565 367 926 419 58 406 489 736 542 60 531 941 431 454 316 825 714 236 779 952 328 496 308 250 0 536 950 123 70 152 470 74 1000 375 980 915 579 1 521 910 121 419 477 
15 325 510 40 708 742 73 702 247 217 479 564 151 943 232 133 67 797 933 769 88 954 278 548 702 667 124 158 435 188 675 536 0 993 416 167 557 857 149 576 1000 57 205 24 183 165 282 601 507 998 
900 522 547 16 32 36 9 933 662 358 370 344 119 416 93 746 527 845 856 228 865 868 751 591 876 680 821 527 969 168 924 950 993 0 381 148 620 477 543 385 149 769 379 395 48 703 849 42 393 471 
706 692 190 893 656 291 440 960 978 215 543 348 726 275 947 324 63 608 476 643 261 289 274 362 355 817 79 198 1000 537 988 123 416 381 0 514 467 65 625 699 917 942 979 808 415 576 409 488 165 56 
707 569 649 61 151 369 732 467 340 115 979 123 571 224 725 798 692 855 363 298 286 707 221 832 799 870 239 88 587 871 735 70 167 148 514 0 384 333 815 803 471 233 298 428 32 772 270 525 805 172 
61 275 910 588 38 119 391 997 521 746 279 280 784 270 132 54 97 435 216 265 529 316 225 559 601 625 311 38 636 764 120 152 557 620 467 384 0 93 450 575 152 1 959 538 899 275 690 999 664 385 
36 404 88 506 450 586 508 447 858 340 325 960 180 541 46 262 515 359 90 756 613 206 219 669 163 545 678 343 596 385 199 470 857 477 65 333 93 0 644 997 314 184 490 148 416 35 629 434 557 881 
420 617 453 355 21 846 973 445 102 484 933 412 854 154 798 114 999 997 742 195 215 542 574 711 16 8 611 196 47 512 824 74 149 543 625 815 450 644 0 574 216 933 478 298 394 215 998 738 581 425 
584 240 602 408 259 794 888 604 255 42 26 285 401 963 498 925 862 857 669 625 206 433 542 42 732 767 502 250 975 172 550 1000 576 385 699 803 575 997 574 0 655 860 50 433 187 132 156 62 127 981 
693 15 642 537 176 956 277 902 596 418 858 709 82 156 108 810 97 892 404 210 184 197 829 303 572 904 558 931 737 85 735 375 1000 149 917 471 152 314 216 655 0 695 463 486 339 625 19 969 425 114 
515 336 829 42 46 689 308 879 115 360 375 826 78 877 261 898 217 136 618 580 296 423 118 746 729 609 816 386 455 595 2 980 57 769 942 233 1 184 933 860 695 0 434 873 299 7 85 320 592 904 
275 344 789 949 688 153 493 694 742 548 694 403 621 208 549 681 127 364 469 191 567 290 651 255 409 541 1000 127 226 122 439 915 205 379 979 298 959 490 478 50 463 434 0 165 714 584 164 846 453 223 
258 909 223 664 609 927 547 510 765 690 619 574 502 857 721 660 50 272 887 633 578 681 994 801 634 717 142 293 900 807 967 579 24 395 808 428 538 148 298 433 486 873 165 0 690 386 93 147 110 659 
352 663 715 756 888 565 198 914 741 982 83 484 992 402 507 577 653 878 429 93 36 400 30 787 803 881 668 883 177 507 257 1 183 48 415 32 899 416 394 187 339 299 714 690 0 871 893 321 90 145 
95 492 489 197 520 281 61 967 518 556 332 676 552 139 111 538 372 828 364 30 818 772 204 727 256 265 789 557 439 611 903 521 165 703 576 772 275 35 215 132 625 7 584 386 871 0 556 969 458 623 
311 793 607 124 273 974 516 855 612 308 465 206 925 316 396 106 332 178 402 197 59 43 929 842 554 451 559 726 777 520 202 910 282 849 409 270 690 629 998 156 19 85 164 93 893 556 0 709 1 434 
810 966 590 559 155 498 236 786 376 641 925 274 799 9 417 499 267 642 240 285 312 184 127 112 899 162 534 535 819 324 394 121 601 42 488 525 999 434 738 62 969 320 846 147 321 969 709 0 603 322 
607 62 508 546 623 644 201 47 101 50 749 509 880 692 532 501 580 891 9 106 334 257 578 247 395 743 117 761 127 823 511 419 507 393 165 805 664 557 581 127 425 592 453 110 90 458 1 603 0 178 
777 690 77 437 773 561 628 968 340 818 305 312 357 62 420 3 824 825 478 813 228 2 130 677 896 455 224 74 597 177 121 477 998 471 56 172 385 881 425 981 114 904 223 659 145 623 434 322 178 0 
0 338 368 235 35 551 760 52 485 201 402 866 661 182 51 718 442 88 224 140 531 586 651 239 213 108 166 682 468 300 616 113 11 900 656 693 935 443 241 860 350 782 882 832 406 475 580 209 242 900 
338 0 618 929 730 596 17 616 743 831 880 442 414 12 308 895 599 769 42 960 276 626 406 649 676 332 843 945 383 213 939 243 664 330 982 216 311 330 724 368 942 921 213 536 629 440 909 740 373 596 
368 618 0 543 428 770 485 169 641 166 96 378 579 941 491 873 493 967 870 181 215 995 421 499 208 162 393 332 560 658 452 956 658 830 679 504 654 12 187 194 230 360 609 516 368 665 394 717 982 284 
235 929 543 0 958 546 376 404 556 912 847 133 898 354 395 536 524 614 21 949 391 767 517 351 284 422 810 882 650 89 567 385 984 135 91 749 221 529 728 161 824 80 301 222 649 382 924 889 212 274 
35 730 428 958 0 193 946 47 500 450 181 657 276 340 890 675 750 941 597 77 230 829 729 592 701 612 104 386 5 792 650 601 353 270 837 210 120 926 523 639 58 912 694 943 478 169 512 311 566 336 
551 596 770 546 193 0 233 467 917 49 294 491 818 845 518 325 676 507 568 272 710 736 73 24 870 461 7 143 900 253 67 750 997 595 828 882 345 815 752 269 763 154 392 58 296 791 160 279 893 382 
760 17 485 376 946 233 0 717 42 139 224 74 664 531 333 458 645 409 948 874 529 455 841 926 697 80 665 577 709 722 214 174 408 108 853 248 684 115 88 58 16 204 78 144 989 190 381 497 481 297 
52 616 169 404 47 467 717 0 78 743 778 74 668 382 450 477 797 43 777 653 290 590 681 524 180 439 760 28 112 186 935 2 835 701 508 211 653 557 321 501 49 191 34 329 263 539 79 785 620 233 
485 743 641 556 500 917 42 78 0 867 582 492 878 102 173 192 827 551 93 691 888 585 358 272 372 406 1 563 497 277 621 947 578 849 816 598 906 425 840 838 595 390 86 568 663 844 128 226 991 400 
201 831 166 912 450 49 139 743 867 0 124 733 653 311 133 924 228 55 792 327 437 695 745 92 627 710 665 839 747 712 692 606 144 616 595 340 219 195 900 132 466 428 830 506 760 312 521 864 240 822 
402 880 96 847 181 294 224 778 582 124 0 245 791 407 301 847 669 259 707 203 84 560 223 594 226 678 627 438 804 836 914 767 942 154 735 340 850 1000 465 554 815 831 835 833 625 977 796 109 795 123 
866 442 378 133 657 491 74 74 492 733 245 0 276 255 121 650 876 31 977 12 877 759 378 202 928 104 891 724 835 390 850 454 356 242 172 1 326 523 477 924 120 925 709 559 179 358 549 952 184 935 
661 414 579 898 276 818 664 668 878 653 791 276 0 428 417 452 437 352 965 480 29 39 870 235 604 780 207 835 343 789 790 299 141 22 355 265 897 605 116 165 905 344 843 164 573 224 939 762 195 554 
182 12 941 354 340 845 531 382 102 311 407 255 428 0 876 853 27 198 464 917 111 289 84 861 311 291 280 470 715 466 811 567 719 188 718 40 623 120 704 716 414 266 874 723 166 676 351 274 912 454 
51 308 491 395 890 518 333 450 173 133 301 121 417 876 0 112 307 703 176 386 138 924 936 52 252 732 75 606 741 798 514 214 813 293 950 963 649 206 911 219 760 72 337 159 944 250 283 298 407 356 
718 895 873 536 675 325 458 477 192 924 847 650 452 853 112 0 439 563 731 755 393 165 595 72 257 990 667 682 108 836 213 392 852 831 57 402 701 841 917 9 994 627 620 640 378 55 949 937 609 803 
442 599 493 524 750 676 645 797 827 228 669 876 437 27 307 439 0 636 772 866 429 22 459 507 886 491 75 164 773 217 423 424 238 303 609 281 780 96 547 637 802 556 667 372 381 76 742 315 382 628 
88 769 967 614 941 507 409 43 551 55 259 31 352 198 703 563 636 0 751 712 977 414 101 981 575 180 810 336 872 45 656 912 514 92 762 571 313 107 219 742 122 659 15 692 513 713 728 708 15 571 
224 42 870 21 597 568 948 777 93 792 707 977 965 464 176 731 772 751 0 249 864 756 151 571 752 934 944 624 565 802 352 205 272 692 595 694 779 727 123 436 75 859 891 556 895 701 40 554 147 357 
140 960 181 949 77 272 874 653 691 327 203 12 480 917 386 755 866 712 249 0 389 579 36 736 804 195 249 395 934 49 295 524 171 794 609 203 762 316 725 777 880 399 651 449 916 229 308 643 976 908 
531 276 215 391 230 710 529 290 888 437 84 877 29 111 138 393 429 977 864 389 0 693 684 72 13 376 567 472 641 184 516 692 54 260 358 94 266 501 195 18 723 77 723 685 341 283 25 931 368 463 
586 626 995 767 829 736 455 590 585 695 560 759 39 289 924 165 22 414 756 579 693 0 759 73 737 485 672 934 349 201 894 749 527 809 473 168 836 548 54 232 539 272 973 257 976 892 320 517 883 179 
651 406 421 517 729 73 841 681 358 745 223 378 870 84 936 595 459 101 151 36 684 759 0 454 324 603 10 845 375 330 17 281 194 814 988 8 759 415 520 651 400 509 763 153 22 460 54 28 228 452 
239 649 499 351 592 24 926 524 272 92 594 202 235 861 52 72 507 981 571 736 72 73 454 0 92 209 731 87 610 688 357 496 827 79 532 419 133 614 659 643 472 50 689 407 338 353 577 589 907 491 
213 676 208 284 701 870 697 180 372 627 226 928 604 311 252 257 886 575 752 804 13 737 324 92 0 213 970 845 702 161 326 44 613 661 325 212 12 260 84 242 698 20 420 848 256 266 171 308 733 784 
108 332 162 422 612 461 80 439 406 710 678 104 780 291 732 990 491 180 934 195 376 485 603 209 213 0 841 488 753 547 232 313 426 238 775 517 429 759 780 147 471 378 902 213 640 599 679 763 522 467 
166 843 393 810 104 7 665 760 1 665 627 891 207 280 75 667 75 810 944 249 567 672 10 731 970 841 0 859 408 220 599 602 519 342 651 145 277 816 175 716 676 99 897 647 682 879 61 716 178 511 
682 945 332 882 386 143 577 28 563 839 438 724 835 470 606 682 164 336 624 395 472 934 845 87 845 488 859 0 114 547 906 995 746 293 481 786 213 689 58 376 178 500 279 919 969 415 939 40 9 184 
468 383 560 650 5 900 709 112 497 747 804 835 343 715 741 108 773 872 565 934 641 349 375 610 702 753 408 114 0 672 414 190 921 401 541 713 309 986 872 251 503 35 416 635 676 713 238 910 843 2 
300 213 658 89 792 253 722 186 277 712 836 390 789 466 798 836 217 45 802 49 184 201 330 688 161 547 220 547 672 0 446 872 508 655 348 287 138 291 503 165 102 114 301 233 306 503 379 570 531 157 
616 939 452 567 650 67 214 935 621 692 914 850 790 811 514 213 423 656 352 295 516 894 17 357 326 232 599 906 414 446 0 908 780 911 719 324 827 745 723 501 387 657 813 864 579 800 339 973 512 656 
113 243 956 385 601 750 174 2 947 606 767 454 299 567 214 392 424 912 205 524 692 749 281 496 44 313 602 995 190 872 908 0 315 749 890 82 195 1000 960 535 492 605 246 42 975 222 502 359 603 149 
11 664 658 984 353 997 408 835 578 144 942 356 141 719 813 852 238 514 272 171 54 527 194 827 613 426 519 746 921 508 780 315 0 182 184 598 313 158 182 599 392 884 174 562 535 482 89 822 277 366 
900 330 830 135 270 595 108 701 849 616 154 242 22 188 293 831 303 92 692 794 260 809 814 79 661 238 342 293 401 655 911 749 182 0 982 25 388 334 301 61 463 318 380 813 649 407 2 443 237 839 
656 982 679 91 837 828 853 508 816 595 735 172 355 718 950 57 609 762 595 609 358 473 988 532 325 775 651 481 541 348 719 890 184 982 0 128 415 97 581 70 723 998 751 147 161 651 44 952 628 995 
693 216 504 749 210 882 248 211 598 340 340 1 265 40 963 402 281 571 694 203 94 168 8 419 212 517 145 786 713 287 324 82 598 25 128 0 413 383 236 339 462 945 881 331 5 827 639 146 554 426 
935 311 654 221 120 345 684 653 906 219 850 326 897 623 649 701 780 313 779 762 266 836 759 133 12 429 277 213 309 138 827 195 313 388 415 413 0 722 677 20 218 435 91 13 355 73 46 372 183 322 
443 330 12 529 926 815 115 557 425 195 1000 523 605 120 206 841 96 107 727 316 501 548 415 614 260 759 816 689 986 291 745 1000 158 334 97 383 722 0 106 533 415 409 871 603 87 550 756 124 860 323 
241 724 187 728 523 752 88 321 840 900 465 477 116 704 911 917 547 219 123 725 195 54 520 659 84 780 175 58 872 503 723 960 182 301 581 236 677 106 0 244 552 985 175 805 268 780 668 813 278 241 
860 368 194 161 639 269 58 501 838 132 554 924 165 716 219 9 637 742 436 777 18 232 651 643 242 147 716 376 251 165 501 535 599 61 70 339 20 533 244 0 827 204 217 453 117 868 813 273 388 597 
350 942 230 824 58 763 16 49 595 466 815 120 905 414 760 994 802 122 75 880 723 539 400 472 698 471 676 178 503 102 387 492 392 463 723 462 218 415 552 827 0 244 678 823 906 568 596 823 220 613 
782 921 360 80 912 154 204 191 390 428 831 925 344 266 72 627 556 659 859 399 77 272 509 50 20 378 99 500 35 114 657 605 884 318 998 945 435 409 985 204 244 0 682 664 616 852 216 49 724 307 
882 213 609 301 694 392 78 34 86 830 835 709 843 874 337 620 667 15 891 651 723 973 763 689 420 902 897 279 416 301 813 246 174 380 751 881 91 871 175 217 678 682 0 547 87 777 531 502 72 875 
832 536 516 222 943 58 144 329 568 506 833 559 164 723 159 640 372 692 556 449 685 257 153 407 848 213 647 919 635 233 864 42 562 813 147 331 13 603 805 453 823 664 547 0 203 383 853 756 143 328 
406 629 368 649 478 296 989 263 663 760 625 179 573 166 944 378 381 513 895 916 341 976 22 338 256 640 682 969 676 306 579 975 535 649 161 5 355 87 268 117 906 616 87 203 0 512 281 752 117 911 
475 440 665 382 169 791 190 539 844 312 977 358 224 676 250 55 76 713 701 229 283 892 460 353 266 599 879 415 713 503 800 222 482 407 651 827 73 550 780 868 568 852 777 383 512 0 826 392 254 621 
580 909 394 924 512 160 381 79 128 521 796 549 939 351 283 949 742 728 40 308 25 320 54 577 171 679 61 939 238 379 339 502 89 2 44 639 46 756 668 813 596 216 531 853 281 826 0 102 46 187 
209 740 717 889 311 279 497 785 226 864 109 952 762 274 298 937 315 708 554 643 931 517 28 589 308 763 716 40 910 570 973 359 822 443 952 146 372 124 813 273 823 49 502 756 752 392 102 0 471 458 
242 373 982 212 566 893 481 620 991 240 795 184 195 912 407 609 382 15 147 976 368 883 228 907 733 522 178 9 843 531 512 603 277 237 628 554 183 860 278 388 220 724 72 143 117 254 46 471 0 708 
900 596 284 274 336 382 297 233 400 822 123 935 554 454 356 803 628 571 357 908 463 179 452 491 784 467 511 184 2 157 656 149 366 839 995 426 322 323 241 597 613 307 875 328 911 621 187 458 708 0 
