7 4
0 354 977 433 188 905 753 
354 0 244 73 832 51 412 
977 244 0 484 391 403 210 
433 73 484 0 516 430 245 
188 832 391 516 0 147 797 
905 51 403 430 147 0 229 
753 412 210 245 797 229 0 
0 934 272 856 937 126 633 
934 0 229 37 284 51 443 
272 229 0 245 375 555 676 
856 37 245 0 658 907 774 
937 284 375 658 0 621 777 
126 51 555 907 621 0 278 
633 443 676 774 777 278 0 
0 53 564 246 106 804 411 
53 0 802 959 638 910 404 
564 802 0 761 443 426 305 
246 959 761 0 421 120 330 
106 638 443 421 0 107 327 
804 910 426 120 107 0 730 
411 404 305 330 327 730 0 
0 170 693 59 241 828 457 
170 0 822 930 764 971 591 
693 822 0 801 685 445 518 
59 930 801 0 311 115 187 
241 764 685 311 0 200 372 
828 971 445 115 200 0 758 
457 591 518 187 372 758 0 
0 318 917 153 37 910 289 
318 0 952 985 694 836 740 
917 952 0 754 615 633 258 
153 985 754 0 531 18 163 
37 694 615 531 0 354 137 
910 836 633 18 354 0 772 
289 740 258 163 137 772 0 
