30 4
0 256 896 102 966 87 881 831 280 747 147 143 982 233 338 988 406 197 604 172 278 687 292 833 820 100 966 657 295 392 
256 0 14 715 114 668 654 715 316 505 712 877 378 326 942 874 327 575 643 950 145 533 811 793 500 480 321 609 349 376 
896 14 0 215 99 445 779 994 937 939 376 696 4 736 620 694 230 472 438 77 478 336 103 218 903 15 500 965 425 79 
102 715 215 0 151 448 112 584 143 244 480 119 430 864 672 457 108 28 182 198 514 40 474 142 943 502 948 182 461 154 
966 114 99 151 0 941 312 698 80 80 174 998 833 563 889 853 384 881 73 621 848 554 702 762 896 445 651 229 741 122 
87 668 445 448 941 0 212 449 761 385 226 483 89 817 67 60 426 548 973 288 354 547 625 263 868 147 500 334 833 133 
881 654 779 112 312 212 0 140 583 750 993 944 826 969 536 858 231 823 430 414 473 632 811 70 234 147 950 66 867 786 
831 715 994 584 698 449 140 0 674 711 175 78 472 481 829 721 886 848 175 763 477 932 353 982 210 147 390 452 763 177 
280 316 937 143 80 761 583 674 0 501 334 402 857 183 164 657 692 958 566 556 882 567 301 576 853 354 567 210 47 108 
747 505 939 244 80 385 750 711 501 0 994 136 674 731 949 272 90 881 877 203 72 633 393 468 467 483 133 735 741 745 
147 712 376 480 174 226 993 175 334 994 0 875 399 935 555 252 482 123 499 584 168 198 153 354 767 79 116 700 969 880 
143 877 696 119 998 483 944 78 402 136 875 0 758 879 932 868 996 40 926 195 61 368 840 510 933 360 56 555 427 133 
982 378 4 430 833 89 826 472 857 674 399 758 0 776 207 463 512 315 312 1 482 697 74 414 462 938 319 507 976 219 
233 326 736 864 563 817 969 481 183 731 935 879 776 0 733 281 308 175 109 545 550 309 353 204 202 542 329 671 570 864 
338 942 620 672 889 67 536 829 164 949 555 932 207 733 0 200 661 112 496 405 893 644 19 959 431 274 854 463 72 356 
988 874 694 457 853 60 858 721 657 272 252 868 463 281 200 0 375 811 783 644 637 432 64 436 976 835 81 663 937 512 
406 327 230 108 384 426 231 886 692 90 482 996 512 308 661 375 0 471 138 100 949 540 211 256 121 213 521 817 190 149 
197 575 472 28 881 548 823 848 958 881 123 40 315 175 112 811 471 0 298 222 553 24 938 852 485 881 509 651 448 998 
604 643 438 182 73 973 430 175 566 877 499 926 312 109 496 783 138 298 0 968 927 323 648 676 857 429 445 371 161 917 
172 950 77 198 621 288 414 763 556 203 584 195 1 545 405 644 100 222 968 0 86 982 406 936 593 396 553 3 899 58 
278 145 478 514 848 354 473 477 882 72 168 61 482 550 893 637 949 553 927 86 0 372 173 804 668 11 109 869 376 871 
687 533 336 40 554 547 632 932 567 633 198 368 697 309 644 432 540 24 323 982 372 0 310 714 687 507 726 260 601 690 
292 811 103 474 702 625 811 353 301 393 153 840 74 353 19 64 211 938 648 406 173 310 0 379 93 763 349 564 285 286 
833 793 218 142 762 263 70 982 576 468 354 510 414 204 959 436 256 852 676 936 804 714 379 0 717 530 948 787 648 165 
820 500 903 943 896 868 234 210 853 467 767 933 462 202 431 976 121 485 857 593 668 687 93 717 0 686 768 682 927 756 
100 480 15 502 445 147 147 147 354 483 79 360 938 542 274 835 213 881 429 396 11 507 763 530 686 0 428 562 299 865 
966 321 500 948 651 500 950 390 567 133 116 56 319 329 854 81 521 509 445 553 109 726 349 948 768 428 0 729 243 791 
657 609 965 182 229 334 66 452 210 735 700 555 507 671 463 663 817 651 371 3 869 260 564 787 682 562 729 0 907 888 
295 349 425 461 741 833 867 763 47 741 969 427 976 570 72 937 190 448 161 899 376 601 285 648 927 299 243 907 0 875 
392 376 79 154 122 133 786 177 108 745 880 133 219 864 356 512 149 998 917 58 871 690 286 165 756 865 791 888 875 0 
0 146 626 619 278 104 635 561 871 407 677 374 963 922 319 932 160 520 288 187 314 546 933 796 693 710 336 274 247 306 
146 0 30 314 760 837 788 621 829 300 380 161 485 385 371 746 68 420 927 974 452 889 467 762 525 486 900 151 546 616 
626 30 0 249 746 324 295 731 558 196 562 640 826 328 482 353 33 554 766 110 367 907 284 78 620 886 859 187 967 6 
619 314 249 0 126 887 367 608 819 796 63 102 604 655 114 703 455 277 808 213 445 881 696 802 744 939 266 234 90 407 
278 760 746 126 0 864 304 228 685 851 652 603 217 316 755 621 785 998 576 152 648 517 799 622 138 637 799 180 668 438 
104 837 324 887 864 0 690 24 144 411 543 685 110 987 590 471 558 67 998 352 570 850 913 112 655 375 198 134 131 67 
635 788 295 367 304 690 0 233 171 871 612 777 678 495 477 333 525 79 840 819 574 275 621 744 751 529 502 70 788 852 
561 621 731 608 228 24 233 0 655 193 442 628 118 737 903 370 874 410 427 264 604 642 472 759 716 490 956 991 920 604 
871 829 558 819 685 144 171 655 0 220 11 222 646 752 484 858 356 552 959 512 320 959 20 177 914 158 131 26 327 884 
407 300 196 796 851 411 871 193 220 0 170 438 728 783 407 138 903 136 325 235 558 680 198 853 545 985 959 453 105 262 
677 380 562 63 652 543 612 442 11 170 0 188 177 679 152 922 749 412 764 7 44 556 896 890 883 578 572 172 599 835 
374 161 640 102 603 685 777 628 222 438 188 0 871 469 34 365 15 108 355 522 680 886 484 599 650 690 716 853 418 857 
963 485 826 604 217 110 678 118 646 728 177 871 0 451 845 322 349 181 738 287 173 751 166 48 394 386 692 592 277 231 
922 385 328 655 316 987 495 737 752 783 679 469 451 0 146 395 771 973 828 754 780 852 167 4 306 848 228 308 996 906 
319 371 482 114 755 590 477 903 484 407 152 34 845 146 0 58 845 529 249 209 297 222 168 318 256 481 57 223 495 925 
932 746 353 703 621 471 333 370 858 138 922 365 322 395 58 0 716 861 924 9 345 692 602 193 225 396 972 677 247 215 
160 68 33 455 785 558 525 874 356 903 749 15 349 771 845 716 0 590 927 45 579 894 871 718 35 765 819 945 797 124 
520 420 554 277 998 67 79 410 552 136 412 108 181 973 529 861 590 0 99 729 562 615 714 343 710 993 651 826 737 976 
288 927 766 808 576 998 840 427 959 325 764 355 738 828 249 924 927 99 0 371 28 387 606 62 498 549 83 265 300 706 
187 974 110 213 152 352 819 264 512 235 7 522 287 754 209 9 45 729 371 0 556 192 11 155 846 509 805 189 380 468 
314 452 367 445 648 570 574 604 320 558 44 680 173 780 297 345 579 562 28 556 0 318 774 306 448 487 549 451 49 676 
546 889 907 881 517 850 275 642 959 680 556 886 751 852 222 692 894 615 387 192 318 0 839 649 482 63 716 561 772 675 
933 467 284 696 799 913 621 472 20 198 896 484 166 167 168 602 871 714 606 11 774 839 0 146 254 438 26 133 620 898 
796 762 78 802 622 112 744 759 177 853 890 599 48 4 318 193 718 343 62 155 306 649 146 0 5 358 457 374 818 69 
693 525 620 744 138 655 751 716 914 545 883 650 394 306 256 225 35 710 498 846 448 482 254 5 0 935 503 605 850 128 
710 486 886 939 637 375 529 490 158 985 578 690 386 848 481 396 765 993 549 509 487 63 438 358 935 0 915 607 604 843 
336 900 859 266 799 198 502 956 131 959 572 716 692 228 57 972 819 651 83 805 549 716 26 457 503 915 0 20 324 471 
274 151 187 234 180 134 70 991 26 453 172 853 592 308 223 677 945 826 265 189 451 561 133 374 605 607 20 0 720 972 
247 546 967 90 668 131 788 920 327 105 599 418 277 996 495 247 797 737 300 380 49 772 620 818 850 604 324 720 0 816 
306 616 6 407 438 67 852 604 884 262 835 857 231 906 925 215 124 976 706 468 676 675 898 69 128 843 471 972 816 0 
0 823 480 542 796 885 426 259 148 694 366 745 157 178 681 167 938 373 693 827 621 552 50 205 113 125 690 685 666 949 
823 0 902 695 376 167 138 431 248 854 619 948 495 506 432 312 768 524 398 126 280 163 557 312 431 493 36 823 467 545 
480 902 0 786 460 804 660 555 139 702 492 453 136 708 636 759 982 415 190 797 611 54 732 891 318 27 138 867 249 905 
542 695 786 0 731 212 472 375 35 142 975 860 243 408 911 187 645 837 254 971 515 341 371 134 252 42 722 745 821 540 
796 376 460 731 0 268 586 614 607 288 433 500 723 716 224 448 267 3 483 751 370 572 180 265 749 412 185 699 393 729 
885 167 804 212 268 0 190 941 845 611 540 328 724 42 372 629 494 803 57 665 403 216 180 782 143 424 826 822 889 986 
426 138 660 472 586 190 0 742 661 134 376 292 297 458 616 691 393 990 238 292 325 801 309 315 212 468 562 920 275 231 
259 431 555 375 614 941 742 0 385 781 482 355 981 160 27 706 206 556 482 679 351 446 528 159 382 712 125 79 165 285 
148 248 139 35 607 845 661 385 0 617 983 691 261 277 534 135 628 445 8 546 637 94 925 901 127 854 956 926 701 11 
694 854 702 142 288 611 134 781 617 0 907 679 179 94 459 827 48 945 843 607 410 326 693 163 546 203 5 610 876 691 
366 619 492 975 433 540 376 482 983 907 0 842 682 352 879 66 419 762 73 906 895 437 128 308 195 497 480 860 344 115 
745 948 453 860 500 328 292 355 691 679 842 0 271 508 842 675 862 872 573 443 350 130 542 398 364 279 401 175 543 199 
157 495 136 243 723 724 297 981 261 179 682 271 0 577 151 653 613 923 134 859 855 172 935 964 662 589 140 344 714 874 
178 506 708 408 716 42 458 160 277 94 352 508 577 0 809 582 353 167 111 157 361 119 763 795 827 104 849 530 79 161 
681 432 636 911 224 372 616 27 534 459 879 842 151 809 0 780 26 604 663 758 781 803 852 506 700 612 953 799 534 1 
167 312 759 187 448 629 691 706 135 827 66 675 653 582 780 0 244 139 152 812 619 418 415 956 737 727 85 483 779 664 
938 768 982 645 267 494 393 206 628 48 419 862 613 353 26 244 0 420 185 877 396 202 32 236 975 253 252 160 331 827 
373 524 415 837 3 803 990 556 445 945 762 872 923 167 604 139 420 0 911 241 529 393 209 747 386 14 319 247 238 32 
693 398 190 254 483 57 238 482 8 843 73 573 134 111 663 152 185 911 0 620 835 698 360 991 328 547 909 681 638 144 
827 126 797 971 751 665 292 679 546 607 906 443 859 157 758 812 877 241 620 0 401 666 991 783 65 526 298 900 589 346 
621 280 611 515 370 403 325 351 637 410 895 350 855 361 781 619 396 529 835 401 0 868 212 795 621 712 347 521 910 305 
552 163 54 341 572 216 801 446 94 326 437 130 172 119 803 418 202 393 698 666 868 0 290 556 525 875 283 468 86 224 
50 557 732 371 180 180 309 528 925 693 128 542 935 763 852 415 32 209 360 991 212 290 0 625 809 650 924 758 333 72 
205 312 891 134 265 782 315 159 901 163 308 398 964 795 506 956 236 747 991 783 795 556 625 0 781 795 548 634 363 922 
113 431 318 252 749 143 212 382 127 546 195 364 662 827 700 737 975 386 328 65 621 525 809 781 0 1 433 464 206 954 
125 493 27 42 412 424 468 712 854 203 497 279 589 104 612 727 253 14 547 526 712 875 650 795 1 0 82 570 337 375 
690 36 138 722 185 826 562 125 956 5 480 401 140 849 953 85 252 319 909 298 347 283 924 548 433 82 0 773 713 607 
685 823 867 745 699 822 920 79 926 610 860 175 344 530 799 483 160 247 681 900 521 468 758 634 464 570 773 0 398 111 
666 467 249 821 393 889 275 165 701 876 344 543 714 79 534 779 331 238 638 589 910 86 333 363 206 337 713 398 0 41 
949 545 905 540 729 986 231 285 11 691 115 199 874 161 1 664 827 32 144 346 305 224 72 922 954 375 607 111 41 0 
0 973 306 456 690 918 412 429 141 647 359 719 124 292 578 122 871 531 515 801 840 454 132 277 153 293 541 756 787 660 
973 0 934 671 214 158 45 506 224 650 442 810 411 776 558 232 825 572 76 30 376 75 540 228 539 581 65 868 406 349 
306 934 0 653 142 755 780 311 612 674 469 345 247 752 654 504 747 711 124 941 443 23 682 943 519 282 248 758 27 913 
456 671 653 0 922 126 628 339 330 311 782 954 537 364 699 335 561 742 134 830 572 208 160 377 375 113 807 619 894 566 
690 214 142 922 0 25 628 693 507 230 268 459 797 525 349 291 195 20 311 815 433 519 395 609 936 500 366 983 220 646 
918 158 755 126 25 0 110 682 948 582 575 124 909 108 324 585 610 803 146 603 421 178 59 818 185 714 827 975 954 862 
412 45 780 628 628 110 0 618 648 174 402 264 303 523 371 735 479 935 292 245 254 867 64 293 365 603 494 939 155 39 
429 506 311 339 693 682 618 0 316 930 570 174 865 380 237 559 163 637 597 748 176 287 488 287 270 413 91 7 178 450 
141 224 612 330 507 948 648 316 0 935 807 926 363 194 565 127 604 541 232 609 843 10 867 952 60 817 773 891 769 272 
647 650 674 311 230 582 174 930 935 0 810 665 411 233 443 862 88 988 631 817 270 244 761 274 565 173 82 659 898 808 
359 442 469 782 268 575 402 570 807 810 0 870 778 395 991 117 184 565 17 921 975 569 38 65 235 473 463 983 744 153 
719 810 345 954 459 124 264 174 926 665 870 0 95 388 947 718 971 810 625 661 253 107 753 602 181 185 407 1 502 81 
124 411 247 537 797 909 303 865 363 411 778 95 0 459 144 683 734 942 273 820 784 254 688 892 430 323 351 336 529 658 
292 776 752 364 525 108 523 380 194 233 395 388 459 0 694 583 390 290 128 256 180 68 846 937 673 181 869 643 116 179 
578 558 654 699 349 324 371 237 565 443 991 947 144 694 0 952 405 298 883 625 746 981 690 659 631 588 954 943 364 172 
122 232 504 335 291 585 735 559 127 862 117 718 683 583 952 0 389 191 142 866 566 282 530 715 684 689 63 416 783 834 
871 825 747 561 195 610 479 163 604 88 184 971 734 390 405 389 0 420 109 798 533 53 81 367 818 408 291 24 143 820 
531 572 711 742 20 803 935 637 541 988 565 810 942 290 298 191 420 0 875 305 439 291 109 611 409 30 455 256 400 52 
515 76 124 134 311 146 292 597 232 631 17 625 273 128 883 142 109 875 0 765 967 659 308 958 698 459 974 547 601 284 
801 30 941 830 815 603 245 748 609 817 921 661 820 256 625 866 798 305 765 0 321 919 982 808 189 586 158 776 667 831 
840 376 443 572 433 421 254 176 843 270 975 253 784 180 746 566 533 439 967 321 0 617 316 774 508 499 411 477 946 483 
454 75 23 208 519 178 867 287 10 244 569 107 254 68 981 282 53 291 659 919 617 0 157 544 578 808 359 473 340 384 
132 540 682 160 395 59 64 488 867 761 38 753 688 846 690 530 81 109 308 982 316 157 0 913 706 478 936 769 427 70 
277 228 943 377 609 818 293 287 952 274 65 602 892 937 659 715 367 611 958 808 774 544 913 0 999 538 507 533 281 837 
153 539 519 375 936 185 365 270 60 565 235 181 430 673 631 684 818 409 698 189 508 578 706 999 0 54 546 581 256 960 
293 581 282 113 500 714 603 413 817 173 473 185 323 181 588 689 408 30 459 586 499 808 478 538 54 0 73 220 365 83 
541 65 248 807 366 827 494 91 773 82 463 407 351 869 954 63 291 455 974 158 411 359 936 507 546 73 0 914 777 257 
756 868 758 619 983 975 939 7 891 659 983 1 336 643 943 416 24 256 547 776 477 473 769 533 581 220 914 0 71 102 
787 406 27 894 220 954 155 178 769 898 744 502 529 116 364 783 143 400 601 667 946 340 427 281 256 365 777 71 0 257 
660 349 913 566 646 862 39 450 272 808 153 81 658 179 172 834 820 52 284 831 483 384 70 837 960 83 257 102 257 0 
0 941 526 458 705 955 334 565 366 462 275 644 186 46 731 269 800 524 804 759 856 488 64 218 256 375 623 634 653 717 
941 0 889 760 348 218 208 437 101 590 582 940 613 575 594 452 842 470 336 125 362 131 426 262 388 577 191 957 499 301 
526 889 0 782 207 616 782 345 355 710 414 461 20 458 682 646 960 489 160 725 694 57 628 957 521 301 188 783 222 872 
458 760 782 0 925 250 648 363 106 328 845 635 294 286 933 183 563 855 290 797 605 8 454 397 487 139 554 686 867 751 
705 348 207 925 0 170 715 873 528 415 217 384 900 586 165 362 367 88 387 832 366 531 253 245 920 284 151 824 329 503 
955 218 616 250 170 0 227 841 793 507 393 178 816 141 356 545 508 916 67 557 361 137 152 706 292 657 773 805 939 892 
334 208 782 648 715 227 0 923 784 56 601 308 319 522 703 742 532 996 561 226 442 704 225 344 184 370 478 901 196 177 
565 437 345 363 873 841 923 0 299 800 484 480 693 242 225 426 212 566 619 921 237 441 429 305 263 531 135 267 52 350 
366 101 355 106 528 793 784 299 0 699 783 841 394 255 559 10 812 416 76 570 901 98 918 954 167 817 915 904 686 111 
462 590 710 328 415 507 56 800 699 0 736 496 170 353 527 843 75 845 569 843 489 419 730 330 264 4 112 727 825 768 
275 582 414 845 217 393 601 484 783 736 0 690 940 278 868 82 385 501 83 983 994 377 269 302 305 406 513 925 411 161 
644 940 461 635 384 178 308 480 841 496 690 0 81 637 991 758 880 833 683 491 324 115 490 515 398 189 252 82 742 87 
186 613 20 294 900 816 319 693 394 170 940 81 0 620 130 717 607 657 49 591 620 255 811 902 767 582 363 478 616 780 
46 575 458 286 586 141 522 242 255 353 278 637 620 0 849 619 152 92 256 243 240 193 734 898 666 162 778 703 61 247 
731 594 682 933 165 356 703 225 559 527 868 991 130 849 0 825 210 727 709 758 860 645 904 833 645 550 859 800 554 15 
269 452 646 183 362 545 742 426 10 843 82 758 717 619 825 0 266 271 61 876 877 279 538 790 663 436 206 391 831 636 
800 842 960 563 367 508 532 212 812 75 385 880 607 152 210 266 0 644 55 818 357 224 56 188 677 333 221 23 73 874 
524 470 489 855 88 916 996 566 416 845 501 833 657 92 727 271 644 0 860 341 650 396 118 537 301 61 330 150 467 33 
804 336 160 290 387 67 561 619 76 569 83 683 49 256 709 61 55 860 0 578 873 598 453 947 663 359 958 696 738 332 
759 125 725 797 832 557 226 921 570 843 983 491 591 243 758 876 818 341 578 0 541 959 898 772 269 344 436 734 657 563 
856 362 694 605 366 361 442 237 901 489 994 324 620 240 860 877 357 650 873 541 0 597 114 652 493 602 420 562 782 286 
488 131 57 8 531 137 704 441 98 419 377 115 255 193 645 279 224 396 598 959 597 0 199 393 506 921 242 564 215 554 
64 426 628 454 253 152 225 429 918 730 269 490 811 734 904 538 56 118 453 898 114 199 0 767 773 403 953 753 348 211 
218 262 957 397 245 706 344 305 954 330 302 515 902 898 833 790 188 537 947 772 652 393 767 0 927 494 702 640 63 985 
256 388 521 487 920 292 184 263 167 264 305 398 767 666 645 663 677 301 663 269 493 506 773 927 0 170 492 550 112 942 
375 577 301 139 284 657 370 531 817 4 406 189 582 162 550 436 333 61 359 344 602 921 403 494 170 0 227 178 509 133 
623 191 188 554 151 773 478 135 915 112 513 252 363 778 859 206 221 330 958 436 420 242 953 702 492 227 0 988 633 497 
634 957 783 686 824 805 901 267 904 727 925 82 478 703 800 391 23 150 696 734 562 564 753 640 550 178 988 0 483 30 
653 499 222 867 329 939 196 52 686 825 411 742 616 61 554 831 73 467 738 657 782 215 348 63 112 509 633 483 0 220 
717 301 872 751 503 892 177 350 111 768 161 87 780 247 15 636 874 33 332 563 286 554 211 985 942 133 497 30 220 0 
