5 2
0 771 544 977 248 
771 0 574 244 593 
544 574 0 691 433 
977 244 691 0 73 
248 593 433 73 0 
0 943 409 732 660 
943 0 842 746 386 
409 842 0 116 213 
732 746 116 0 285 
660 386 213 285 0 
0 58 587 391 303 
58 0 300 243 789 
587 300 0 852 891 
391 243 852 0 596 
303 789 891 596 0 
