15 2
0 691 813 340 330 211 409 414 473 732 95 116 47 212 363 
691 0 822 549 990 128 503 394 510 272 92 615 56 192 397 
813 822 0 434 902 862 491 842 441 990 210 558 660 213 848 
340 549 434 0 345 464 999 723 111 641 24 948 547 251 369 
330 990 902 345 0 206 685 569 754 166 154 724 255 62 813 
211 128 862 464 206 0 86 712 815 268 569 491 905 998 282 
409 503 491 999 685 86 0 668 408 610 468 149 790 984 321 
414 394 842 723 569 712 668 0 325 81 515 473 747 783 323 
473 510 441 111 754 815 408 325 0 746 315 252 698 110 535 
732 272 990 641 166 268 610 81 746 0 810 52 543 126 906 
95 92 210 24 154 569 468 515 315 810 0 486 386 285 143 
116 615 558 948 724 491 149 473 252 52 486 0 254 544 992 
47 56 660 547 255 905 790 747 698 543 386 254 0 405 138 
212 192 213 251 62 998 984 783 110 126 285 544 405 0 911 
363 397 848 369 813 282 321 323 535 906 143 992 138 911 0 
0 551 462 658 128 906 654 579 639 717 789 621 144 625 235 
551 0 733 136 553 695 174 353 326 457 814 733 322 674 441 
462 733 0 24 255 571 422 234 378 10 717 997 148 794 587 
658 136 24 0 410 961 645 469 145 809 519 518 463 325 500 
128 553 255 410 0 971 359 555 677 275 774 977 180 663 101 
906 695 571 961 971 0 927 721 246 3 911 89 783 117 344 
654 174 422 645 359 927 0 610 400 758 611 236 627 169 845 
579 353 234 469 555 721 610 0 948 694 689 757 293 170 891 
639 326 378 145 677 246 400 948 0 319 370 11 563 929 625 
717 457 10 809 275 3 758 694 319 0 504 486 589 624 349 
789 814 717 519 774 911 611 689 370 504 0 729 849 263 178 
621 733 997 518 977 89 236 757 11 486 729 0 699 327 15 
144 322 148 463 180 783 627 293 563 589 849 699 0 937 647 
625 674 794 325 663 117 169 170 929 624 263 327 937 0 870 
235 441 587 500 101 344 845 891 625 349 178 15 647 870 0 
0 366 383 421 839 136 614 505 359 117 144 620 854 415 900 
366 0 244 874 680 371 913 552 652 307 213 185 622 258 580 
383 244 0 919 795 497 779 788 687 892 343 21 962 110 331 
421 874 919 0 558 233 349 610 731 118 448 665 478 664 626 
839 680 795 558 0 1 658 535 336 821 377 225 763 345 990 
136 371 497 233 1 0 339 337 782 795 69 870 249 965 525 
614 913 779 349 658 339 0 520 570 234 421 714 331 846 148 
505 552 788 610 535 337 520 0 82 146 412 311 725 811 35 
359 652 687 731 336 782 570 82 0 697 903 998 520 137 417 
117 307 892 118 821 795 234 146 697 0 505 587 560 335 650 
144 213 343 448 377 69 421 412 903 505 0 412 243 490 823 
620 185 21 665 225 870 714 311 998 587 412 0 173 816 908 
854 622 962 478 763 249 331 725 520 560 243 173 0 27 397 
415 258 110 664 345 965 846 811 137 335 490 816 27 0 87 
900 580 331 626 990 525 148 35 417 650 823 908 397 87 0 
