10 3
0 574 433 516 753 90 943 104 862 476 
574 0 73 813 412 449 566 465 464 571 
433 73 0 822 210 981 330 25 206 464 
516 813 822 0 245 943 990 689 483 409 
753 412 210 245 0 370 902 776 346 503 
90 449 981 943 370 0 345 945 607 491 
943 566 330 990 902 345 0 220 317 999 
104 465 25 689 776 945 220 0 508 685 
862 464 206 483 346 607 317 508 0 86 
476 571 464 409 503 491 999 685 86 0 
0 815 154 547 848 332 67 282 596 395 
815 0 515 790 282 96 706 442 800 719 
154 515 0 543 535 752 433 156 555 924 
547 790 543 0 992 706 326 486 594 607 
848 282 535 992 0 292 265 388 682 860 
332 96 752 706 292 0 495 22 322 668 
67 706 433 326 265 495 0 85 926 805 
282 442 156 486 388 22 85 0 749 84 
596 800 555 594 682 322 926 749 0 584 
395 719 924 607 860 668 805 84 584 0 
0 815 154 547 848 332 67 282 596 395 
815 0 515 790 282 96 706 442 800 719 
154 515 0 543 535 752 433 156 555 924 
547 790 543 0 992 706 326 486 594 607 
848 282 535 992 0 292 265 388 682 860 
332 96 752 706 292 0 495 22 322 668 
67 706 433 326 265 495 0 85 926 805 
282 442 156 486 388 22 85 0 749 84 
596 800 555 594 682 322 926 749 0 584 
395 719 924 607 860 668 805 84 584 0 
0 815 154 547 848 332 67 282 596 395 
815 0 515 790 282 96 706 442 800 719 
154 515 0 543 535 752 433 156 555 924 
547 790 543 0 992 706 326 486 594 607 
848 282 535 992 0 292 265 388 682 860 
332 96 752 706 292 0 495 22 322 668 
67 706 433 326 265 495 0 85 926 805 
282 442 156 486 388 22 85 0 749 84 
596 800 555 594 682 322 926 749 0 584 
395 719 924 607 860 668 805 84 584 0 
