30 2
0 958 805 827 126 495 952 785 824 576 975 3 303 670 154 990 101 879 375 872 544 776 603 179 519 797 245 807 44 469 
958 0 75 714 327 810 19 567 456 600 870 691 839 908 314 730 779 332 708 339 810 232 959 860 167 888 273 77 230 519 
805 75 0 104 814 10 32 283 387 20 364 253 521 488 306 723 494 508 881 12 903 42 100 358 1000 502 7 346 763 556 
827 714 104 0 282 700 247 122 132 8 737 858 92 856 982 834 773 258 159 804 701 535 113 63 492 982 71 66 650 862 
126 327 814 282 0 430 96 213 295 710 407 314 235 258 899 342 501 103 541 984 811 816 170 984 507 156 68 653 484 360 
495 810 10 700 430 0 668 553 207 599 328 618 695 96 170 636 635 110 302 828 488 259 557 643 536 681 203 747 552 524 
952 19 32 247 96 668 0 554 898 963 213 473 813 723 57 597 344 475 876 869 269 10 502 656 729 424 387 717 747 762 
785 567 283 122 213 553 554 0 189 792 810 389 622 652 605 400 433 465 919 165 424 132 168 149 782 752 498 760 836 806 
824 456 387 132 295 207 898 189 0 890 30 990 527 187 385 194 698 330 772 796 53 799 842 602 442 634 333 270 757 790 
576 600 20 8 710 599 963 792 890 0 789 654 18 226 5 307 266 106 49 286 678 69 966 159 909 186 233 550 620 654 
975 870 364 737 407 328 213 810 30 789 0 306 941 15 626 375 81 357 872 5 232 668 312 116 918 609 557 598 329 243 
3 691 253 858 314 618 473 389 990 654 306 0 281 42 93 842 428 693 866 667 408 229 785 224 436 299 401 474 517 992 
303 839 521 92 235 695 813 622 527 18 941 281 0 680 930 651 594 481 277 290 774 674 895 491 193 174 616 408 137 13 
670 908 488 856 258 96 723 652 187 226 15 42 680 0 30 633 995 919 364 650 60 753 509 794 234 956 86 442 987 293 
154 314 306 982 899 170 57 605 385 5 626 93 930 30 0 814 36 272 566 621 718 678 60 884 482 871 193 634 169 430 
990 730 723 834 342 636 597 400 194 307 375 842 651 633 814 0 211 858 907 446 472 956 408 366 498 618 412 235 612 11 
101 779 494 773 501 635 344 433 698 266 81 428 594 995 36 211 0 133 664 628 676 571 321 686 442 133 577 849 753 633 
879 332 508 258 103 110 475 465 330 106 357 693 481 919 272 858 133 0 458 890 882 777 35 358 520 562 82 454 261 449 
375 708 881 159 541 302 876 919 772 49 872 866 277 364 566 907 664 458 0 832 730 915 166 508 102 251 930 894 40 417 
872 339 12 804 984 828 869 165 796 286 5 667 290 650 621 446 628 890 832 0 718 804 429 855 701 924 756 865 668 799 
544 810 903 701 811 488 269 424 53 678 232 408 774 60 718 472 676 882 730 718 0 701 734 406 51 242 223 146 11 803 
776 232 42 535 816 259 10 132 799 69 668 229 674 753 678 956 571 777 915 804 701 0 166 438 239 651 701 130 497 990 
603 959 100 113 170 557 502 168 842 966 312 785 895 509 60 408 321 35 166 429 734 166 0 899 690 663 214 150 164 432 
179 860 358 63 984 643 656 149 602 159 116 224 491 794 884 366 686 358 508 855 406 438 899 0 328 781 440 176 134 275 
519 167 1000 492 507 536 729 782 442 909 918 436 193 234 482 498 442 520 102 701 51 239 690 328 0 338 135 494 40 836 
797 888 502 982 156 681 424 752 634 186 609 299 174 956 871 618 133 562 251 924 242 651 663 781 338 0 232 87 677 837 
245 273 7 71 68 203 387 498 333 233 557 401 616 86 193 412 577 82 930 756 223 701 214 440 135 232 0 668 625 200 
807 77 346 66 653 747 717 760 270 550 598 474 408 442 634 235 849 454 894 865 146 130 150 176 494 87 668 0 594 126 
44 230 763 650 484 552 747 836 757 620 329 517 137 987 169 612 753 261 40 668 11 497 164 134 40 677 625 594 0 838 
469 519 556 862 360 524 762 806 790 654 243 992 13 293 430 11 633 449 417 799 803 990 432 275 836 837 200 126 838 0 
0 251 340 893 30 289 447 896 491 526 51 218 864 275 846 979 887 231 476 574 644 352 352 702 141 853 413 374 784 621 
251 0 675 503 323 924 258 809 789 632 546 899 760 248 973 529 533 148 853 24 227 115 823 631 828 252 995 26 677 703 
340 675 0 497 921 946 269 367 582 993 541 1 170 529 153 84 819 157 909 914 315 111 806 938 665 601 912 894 332 790 
893 503 497 0 934 821 225 270 624 872 459 10 380 449 674 149 655 718 988 10 864 128 833 421 213 744 934 934 489 372 
30 323 921 934 0 861 855 169 962 62 534 269 822 800 654 782 74 24 817 865 924 328 7 726 414 15 393 303 753 439 
289 924 946 821 861 0 657 698 857 277 705 90 143 856 641 352 823 852 715 822 560 788 595 366 948 617 451 279 80 700 
447 258 269 225 855 657 0 427 133 951 166 79 663 859 639 354 140 485 84 423 271 672 692 678 160 479 479 242 213 516 
896 809 367 270 169 698 427 0 876 32 47 658 845 354 232 694 26 310 488 933 437 100 181 232 979 439 265 133 675 754 
491 789 582 624 962 857 133 876 0 729 201 650 889 978 249 690 244 890 522 507 81 561 559 678 146 132 665 975 746 5 
526 632 993 872 62 277 951 32 729 0 494 219 674 871 260 752 729 128 384 913 508 276 356 892 601 843 928 528 837 620 
51 546 541 459 534 705 166 47 201 494 0 623 394 279 424 588 217 917 382 111 920 692 890 942 163 893 559 870 585 100 
218 899 1 10 269 90 79 658 650 219 623 0 485 174 77 56 183 488 4 371 527 858 749 754 697 291 992 645 390 490 
864 760 170 380 822 143 663 845 889 674 394 485 0 503 587 767 994 159 43 501 998 19 718 233 654 893 331 29 527 214 
275 248 529 449 800 856 859 354 978 871 279 174 503 0 293 984 845 372 607 100 11 15 252 822 65 445 485 796 568 96 
846 973 153 674 654 641 639 232 249 260 424 77 587 293 0 573 382 381 257 593 706 674 732 255 936 435 890 709 920 758 
979 529 84 149 782 352 354 694 690 752 588 56 767 984 573 0 618 556 586 122 19 19 471 62 919 180 986 497 45 282 
887 533 819 655 74 823 140 26 244 729 217 183 994 845 382 618 0 501 455 677 928 105 449 585 324 573 496 10 219 73 
231 148 157 718 24 852 485 310 890 128 917 488 159 372 381 556 501 0 403 351 327 340 658 918 857 733 55 385 841 73 
476 853 909 988 817 715 84 488 522 384 382 4 43 607 257 586 455 403 0 28 310 978 532 16 695 485 414 117 288 831 
574 24 914 10 865 822 423 933 507 913 111 371 501 100 593 122 677 351 28 0 816 191 515 857 170 97 276 702 635 50 
644 227 315 864 924 560 271 437 81 508 920 527 998 11 706 19 928 327 310 816 0 740 839 105 497 361 29 337 811 275 
352 115 111 128 328 788 672 100 561 276 692 858 19 15 674 19 105 340 978 191 740 0 253 931 595 320 758 157 439 926 
352 823 806 833 7 595 692 181 559 356 890 749 718 252 732 471 449 658 532 515 839 253 0 344 193 403 260 133 275 489 
702 631 938 421 726 366 678 232 678 892 942 754 233 822 255 62 585 918 16 857 105 931 344 0 330 480 525 336 988 197 
141 828 665 213 414 948 160 979 146 601 163 697 654 65 936 919 324 857 695 170 497 595 193 330 0 503 830 819 639 542 
853 252 601 744 15 617 479 439 132 843 893 291 893 445 435 180 573 733 485 97 361 320 403 480 503 0 622 230 326 497 
413 995 912 934 393 451 479 265 665 928 559 992 331 485 890 986 496 55 414 276 29 758 260 525 830 622 0 812 920 912 
374 26 894 934 303 279 242 133 975 528 870 645 29 796 709 497 10 385 117 702 337 157 133 336 819 230 812 0 989 600 
784 677 332 489 753 80 213 675 746 837 585 390 527 568 920 45 219 841 288 635 811 439 275 988 639 326 920 989 0 116 
621 703 790 372 439 700 516 754 5 620 100 490 214 96 758 282 73 73 831 50 275 926 489 197 542 497 912 600 116 0 
0 333 360 937 51 470 512 705 543 439 26 242 795 197 854 957 879 206 642 549 624 418 200 842 279 828 337 321 647 408 
333 0 751 512 432 860 231 824 880 640 590 786 749 144 994 442 467 77 834 125 166 166 933 819 934 327 917 3 602 714 
360 751 0 465 922 906 464 391 660 910 653 127 74 556 224 1 788 366 772 875 448 132 831 963 677 528 902 880 472 791 
937 512 465 0 947 917 273 176 527 930 388 3 338 484 757 34 560 479 973 21 769 219 725 483 373 777 895 811 404 514 
51 432 922 947 0 920 665 171 977 74 733 416 903 764 582 929 31 37 973 769 835 291 139 841 245 30 393 414 828 291 
470 860 906 917 920 0 687 573 869 189 651 294 91 877 745 322 907 740 760 890 462 851 544 358 934 461 362 220 218 476 
512 231 464 273 665 687 0 422 166 921 354 119 673 965 766 481 197 491 71 614 483 718 659 695 215 514 714 312 168 602 
705 824 391 176 171 573 422 0 895 239 105 723 928 432 124 738 35 128 523 973 536 62 291 193 986 309 226 69 662 874 
543 880 660 527 977 869 166 895 0 803 263 627 874 784 286 517 240 986 666 369 74 495 618 452 213 255 635 786 720 20 
439 640 910 930 74 189 921 239 803 0 587 128 516 772 254 730 701 95 409 862 512 227 277 626 559 870 855 523 712 701 
26 590 653 388 733 651 354 105 263 587 0 653 61 419 566 441 138 965 520 31 978 695 708 881 95 910 466 898 401 136 
242 786 127 3 416 294 119 723 627 128 653 0 641 184 208 147 210 291 87 389 484 725 768 620 635 281 944 528 246 488 
795 749 74 338 903 91 673 928 874 516 61 641 0 532 589 833 990 121 130 405 938 143 633 319 372 812 567 5 466 201 
197 144 556 484 764 877 965 432 784 772 419 184 532 0 449 988 900 504 750 219 125 230 190 923 162 373 572 680 836 188 
854 994 224 757 582 745 766 124 286 254 566 208 589 449 0 510 201 349 204 537 672 602 620 291 818 557 970 602 782 756 
957 442 1 34 929 322 481 738 517 730 441 147 833 988 510 0 482 561 669 92 197 24 443 84 807 158 914 343 49 135 
879 467 788 560 31 907 197 35 240 701 138 210 990 900 201 482 0 571 437 693 869 84 367 598 235 645 472 225 94 119 
206 77 366 479 37 740 491 128 986 95 965 291 121 504 349 561 571 0 495 283 303 184 583 965 950 720 115 432 827 78 
642 834 772 973 973 760 71 523 666 409 520 87 130 750 204 669 437 495 0 156 438 994 495 241 754 671 391 12 187 885 
549 125 875 21 769 890 614 973 369 862 31 389 405 219 537 92 693 283 156 0 755 182 445 644 408 221 119 498 688 39 
624 166 448 769 835 462 483 536 74 512 978 484 938 125 672 197 869 303 438 755 0 708 829 87 417 344 19 408 976 230 
418 166 132 219 291 851 718 62 495 227 695 725 143 230 602 24 84 184 994 182 708 0 410 813 640 535 718 295 417 961 
200 933 831 725 139 544 659 291 618 277 708 768 633 190 620 443 367 583 495 445 829 410 0 537 157 412 167 141 271 560 
842 819 963 483 841 358 695 193 452 626 881 620 319 923 291 84 598 965 241 644 87 813 537 0 293 276 372 227 995 49 
279 934 677 373 245 934 215 986 213 559 95 635 372 162 818 807 235 950 754 408 417 640 157 293 0 420 910 940 547 392 
828 327 528 777 30 461 514 309 255 870 910 281 812 373 557 158 645 720 671 221 344 535 412 276 420 0 613 85 409 531 
337 917 902 895 393 362 714 226 635 855 466 944 567 572 970 914 472 115 391 119 19 718 167 372 910 613 0 845 969 908 
321 3 880 811 414 220 312 69 786 523 898 528 5 680 602 343 225 432 12 498 408 295 141 227 940 85 845 0 983 749 
647 602 472 404 828 218 168 662 720 712 401 246 466 836 782 49 94 827 187 688 976 417 271 995 547 409 969 983 0 281 
408 714 791 514 291 476 602 874 20 701 136 488 201 188 756 135 119 78 885 39 230 961 560 49 392 531 908 749 281 0 
