40 2
0 517 195 327 715 90 387 78 644 92 45 374 501 272 763 488 956 842 729 133 711 836 449 431 608 986 500 648 132 132 188 553 515 94 958 120 302 941 279 182 
517 0 917 814 781 989 132 624 487 235 241 164 635 858 97 269 571 515 782 562 457 757 417 787 327 53 446 193 867 579 839 778 279 694 426 404 284 617 837 529 
195 917 0 282 156 229 295 947 269 695 342 580 344 133 751 424 777 70 442 251 790 620 799 195 919 333 710 598 48 732 196 526 302 470 504 295 808 223 43 839 
327 814 282 0 125 124 207 379 633 813 969 168 433 498 955 53 915 586 909 924 807 329 803 522 164 297 752 138 543 315 411 498 332 261 560 93 875 321 612 179 
715 781 156 125 0 835 898 23 878 622 282 749 698 251 654 678 804 179 918 242 77 517 990 640 230 250 491 522 886 497 873 773 540 543 297 700 718 443 847 648 
90 989 229 124 835 0 189 937 545 527 25 148 266 963 872 232 701 860 436 651 346 137 432 842 925 294 756 155 874 413 267 216 153 188 13 377 19 157 292 557 
387 132 295 207 898 189 0 45 474 18 941 990 81 349 339 408 657 358 193 663 66 987 275 661 650 670 582 287 254 249 330 736 688 795 141 871 384 253 371 232 
78 624 947 379 23 937 45 0 3 941 188 730 428 832 12 774 585 63 234 781 653 169 836 833 389 752 375 732 499 216 165 447 98 321 871 191 40 950 974 680 
644 487 269 633 878 545 474 3 0 281 111 723 594 917 804 60 333 984 482 338 747 612 837 909 986 73 305 515 644 780 661 215 522 306 284 470 277 432 611 498 
92 235 695 813 622 527 18 941 281 0 926 834 995 611 984 718 899 643 498 404 717 753 200 31 226 684 448 588 862 400 155 731 80 165 616 466 98 44 635 100 
45 241 342 969 282 25 941 188 111 926 0 342 36 478 828 472 524 656 442 763 760 261 126 432 470 391 640 607 306 949 164 260 642 602 253 457 494 343 263 70 
374 164 580 168 749 148 990 730 723 834 342 0 211 88 869 676 811 149 520 560 270 40 838 25 125 333 262 325 774 8 454 903 598 52 720 484 489 267 657 717 
501 635 344 433 698 266 81 428 594 995 36 211 0 905 165 882 619 602 102 218 550 668 84 235 42 765 733 813 572 544 622 594 911 70 332 297 80 565 749 793 
272 858 133 498 251 963 349 832 917 611 478 88 905 0 796 730 774 159 701 245 598 11 188 97 51 312 756 345 136 638 20 76 622 31 604 434 136 585 208 990 
763 97 751 955 654 872 339 12 804 984 828 869 165 796 0 718 603 116 51 273 474 497 59 831 55 295 321 332 467 696 210 668 786 40 972 199 165 100 252 316 
488 269 424 53 678 232 408 774 60 718 472 676 882 730 718 0 959 224 239 7 408 164 967 408 102 715 698 906 389 380 7 22 215 523 272 447 509 884 824 274 
956 571 777 915 804 701 657 585 333 899 524 811 619 774 603 959 0 491 690 71 442 134 521 676 718 2 736 478 698 536 602 295 566 152 547 44 935 824 825 407 
842 515 70 586 179 860 358 63 984 643 656 149 602 159 116 224 491 0 328 68 634 40 691 768 594 656 298 318 182 130 924 642 432 962 353 477 676 195 749 795 
729 782 442 909 918 436 193 234 482 498 442 520 102 701 51 239 690 328 0 203 235 677 198 836 483 493 989 652 971 410 31 279 238 818 472 691 301 96 700 911 
133 562 251 924 242 651 663 781 338 404 763 560 218 245 273 7 71 68 203 0 849 625 142 193 221 160 504 299 960 294 771 594 371 551 774 393 47 781 315 20 
711 457 790 807 77 346 66 653 747 717 760 270 550 598 474 408 442 634 235 849 0 594 139 562 815 940 522 307 316 376 4 550 919 258 853 468 531 613 709 452 
836 757 620 329 517 137 987 169 612 753 261 40 668 11 497 164 134 40 677 625 594 0 893 589 53 874 515 623 477 310 517 818 335 919 585 340 982 71 831 947 
449 417 799 803 990 432 275 836 837 200 126 838 84 188 59 967 521 691 198 142 139 893 0 64 485 446 724 897 757 214 752 247 218 934 455 278 749 393 113 503 
431 787 195 522 640 842 661 833 909 31 432 25 235 97 831 408 676 768 836 193 562 589 64 0 360 443 100 933 811 223 290 923 408 343 521 360 421 408 671 219 
608 327 919 164 230 925 650 389 986 226 470 125 42 51 55 102 718 594 483 221 815 53 485 360 0 315 855 553 401 253 980 150 101 698 130 425 145 76 648 158 
986 53 333 297 250 294 670 752 73 684 391 333 765 312 295 715 2 656 493 160 940 874 446 443 315 0 487 64 637 413 536 138 940 880 7 675 684 488 303 731 
500 446 710 752 491 756 582 375 305 448 640 262 733 756 321 698 736 298 989 504 522 515 724 100 855 487 0 985 503 288 185 887 925 926 211 510 387 986 441 807 
648 193 598 138 522 155 287 732 515 588 607 325 813 345 332 906 478 318 652 299 307 623 897 933 553 64 985 0 125 8 829 314 97 100 345 105 367 550 646 79 
132 867 48 543 886 874 254 499 644 862 306 774 572 136 467 389 698 182 971 960 316 477 757 811 401 637 503 125 0 255 736 210 368 926 342 197 575 299 149 850 
132 579 732 315 497 413 249 216 780 400 949 8 544 638 696 380 536 130 410 294 376 310 214 223 253 413 288 8 255 0 78 162 263 222 818 751 760 518 481 134 
188 839 196 411 873 267 330 165 661 155 164 454 622 20 210 7 602 924 31 771 4 517 752 290 980 536 185 829 736 78 0 29 177 694 887 267 41 531 975 770 
553 778 526 498 773 216 736 447 215 731 260 903 594 76 668 22 295 642 279 594 550 818 247 923 150 138 887 314 210 162 29 0 199 458 548 129 581 187 304 79 
515 279 302 332 540 153 688 98 522 80 642 598 911 622 786 215 566 432 238 371 919 335 218 408 101 940 925 97 368 263 177 199 0 19 77 846 290 367 995 243 
94 694 470 261 543 188 795 321 306 165 602 52 70 31 40 523 152 962 818 551 258 919 934 343 698 880 926 100 926 222 694 458 19 0 914 108 122 629 334 497 
958 426 504 560 297 13 141 871 284 616 253 720 332 604 972 272 547 353 472 774 853 585 455 521 130 7 211 345 342 818 887 548 77 914 0 219 267 814 223 305 
120 404 295 93 700 377 871 191 470 466 457 484 297 434 199 447 44 477 691 393 468 340 278 360 425 675 510 105 197 751 267 129 846 108 219 0 398 692 940 280 
302 284 808 875 718 19 384 40 277 98 494 489 80 136 165 509 935 676 301 47 531 982 749 421 145 684 387 367 575 760 41 581 290 122 267 398 0 660 385 511 
941 617 223 321 443 157 253 950 432 44 343 267 565 585 100 884 824 195 96 781 613 71 393 408 76 488 986 550 299 518 531 187 367 629 814 692 660 0 947 828 
279 837 43 612 847 292 371 974 611 635 263 657 749 208 252 824 825 749 700 315 709 831 113 671 648 303 441 646 149 481 975 304 995 334 223 940 385 947 0 415 
182 529 839 179 648 557 232 680 498 100 70 717 793 990 316 274 407 795 911 20 452 947 503 219 158 731 807 79 850 134 770 79 243 497 305 280 511 828 415 0 
0 30 117 655 789 188 337 170 503 617 655 372 699 924 674 735 948 180 622 213 73 787 348 843 724 787 736 98 7 154 756 455 269 812 690 457 279 422 208 675 
30 0 755 583 582 349 492 380 949 903 74 381 69 560 19 548 160 573 882 675 73 494 360 262 385 634 387 560 22 978 969 178 577 686 456 206 836 752 925 458 
117 755 0 141 624 519 557 822 881 196 823 556 221 271 105 437 979 733 556 746 831 236 183 173 1000 430 272 905 337 925 106 915 130 406 73 875 176 342 34 706 
655 583 141 0 962 567 87 143 212 818 140 501 614 437 340 435 146 485 767 837 50 194 706 222 471 997 34 92 874 23 823 333 562 204 631 453 823 201 286 984 
789 582 624 962 0 722 390 663 649 238 26 916 725 81 978 890 601 97 374 585 275 519 641 238 241 337 698 31 682 280 623 157 525 702 637 383 813 725 716 597 
188 349 519 567 722 0 952 845 358 11 244 797 192 508 191 702 163 361 26 390 926 921 190 43 763 405 378 904 177 402 701 440 807 161 757 617 71 663 800 379 
337 492 557 87 390 952 0 889 366 724 729 521 574 920 740 631 697 320 894 527 489 715 919 558 310 633 604 857 579 59 212 149 354 776 287 26 393 641 340 948 
170 380 822 143 663 845 889 0 404 979 217 55 24 527 249 938 654 403 934 568 197 977 374 951 88 690 539 416 339 364 991 157 413 892 694 651 696 688 953 621 
503 949 881 212 649 358 366 404 0 529 183 295 914 998 938 421 65 480 303 920 542 213 440 308 798 604 265 123 444 929 749 175 612 26 66 219 127 154 691 576 
617 903 196 818 238 11 724 979 529 0 994 513 10 11 95 726 936 503 279 45 497 433 978 921 901 693 572 663 161 238 90 426 930 952 976 536 962 133 762 728 
655 74 823 140 26 244 729 217 183 994 0 276 865 706 820 366 919 892 242 219 912 261 543 702 547 805 278 407 526 202 588 944 780 329 645 249 858 214 558 983 
372 381 556 501 916 797 521 55 295 513 276 0 822 19 560 678 324 803 133 841 600 54 947 563 659 230 814 399 165 867 532 981 298 15 163 462 955 804 839 942 
699 69 221 614 725 192 574 24 914 10 865 822 0 928 735 232 857 849 975 288 116 388 633 906 123 93 233 904 99 673 872 904 263 364 361 538 225 500 486 64 
924 560 271 437 81 508 920 527 998 11 706 19 928 0 654 678 695 179 528 635 714 277 816 406 195 176 274 833 549 600 245 772 462 650 224 469 347 160 466 491 
674 19 105 340 978 191 740 249 938 95 820 560 735 654 0 892 170 413 870 811 723 539 313 866 330 887 378 233 87 693 843 816 854 310 274 806 77 88 791 646 
735 548 437 435 890 702 631 938 421 726 366 678 232 678 892 0 497 995 645 439 313 90 476 320 910 121 54 579 831 503 69 603 107 609 404 414 510 435 9 112 
948 160 979 146 601 163 697 654 65 936 919 324 857 695 170 497 0 912 29 275 995 632 849 779 306 809 66 846 957 369 628 307 414 395 691 562 766 164 802 386 
180 573 733 485 97 361 320 403 480 503 892 803 849 179 413 995 912 0 796 988 765 142 611 365 157 967 596 395 421 749 664 497 441 125 594 307 788 666 746 948 
622 882 556 767 374 26 894 934 303 279 242 133 975 528 870 645 29 796 0 639 20 572 888 885 47 815 691 438 242 393 278 497 40 880 674 342 997 953 281 156 
213 675 746 837 585 390 527 568 920 45 219 841 288 635 811 439 275 988 639 0 643 845 208 469 149 258 319 331 761 893 788 837 225 608 326 668 704 188 491 366 
73 73 831 50 275 926 489 197 542 497 912 600 116 714 723 313 995 765 20 643 0 358 1000 313 107 654 62 992 81 720 453 415 645 433 633 345 438 736 618 34 
787 494 236 194 519 921 715 977 213 433 261 54 388 277 539 90 632 142 572 845 358 0 719 79 412 75 105 664 556 582 986 43 550 361 606 840 220 627 107 374 
348 360 183 706 641 190 919 374 440 978 543 947 633 816 313 476 849 611 888 208 1000 719 0 669 437 301 688 129 358 489 621 960 50 485 495 586 491 327 587 505 
843 262 173 222 238 43 558 951 308 921 702 563 906 406 866 320 779 365 885 469 313 79 669 0 410 860 198 467 542 889 1 378 566 511 120 667 383 598 748 758 
724 385 1000 471 241 763 310 88 798 901 547 659 123 195 330 910 306 157 47 149 107 412 437 410 0 387 789 766 530 950 81 402 55 410 824 869 201 456 331 735 
787 634 430 997 337 405 633 690 604 693 805 230 93 176 887 121 809 967 815 258 654 75 301 860 387 0 742 709 55 785 566 666 555 668 478 81 614 288 247 858 
736 387 272 34 698 378 604 539 265 572 278 814 233 274 378 54 66 596 691 319 62 105 688 198 789 742 0 352 229 440 596 728 824 91 463 283 886 941 873 405 
98 560 905 92 31 904 857 416 123 663 407 399 904 833 233 579 846 395 438 331 992 664 129 467 766 709 352 0 793 491 387 728 975 961 546 163 3 623 904 177 
7 22 337 874 682 177 579 339 444 161 526 165 99 549 87 831 957 421 242 761 81 556 358 542 530 55 229 793 0 9 274 334 857 724 618 819 952 704 171 174 
154 978 925 23 280 402 59 364 929 238 202 867 673 600 693 503 369 749 393 893 720 582 489 889 950 785 440 491 9 0 354 817 576 210 35 783 570 788 450 946 
756 969 106 823 623 701 212 991 749 90 588 532 872 245 843 69 628 664 278 788 453 986 621 1 81 566 596 387 274 354 0 718 84 679 958 721 867 687 575 605 
455 178 915 333 157 440 149 157 175 426 944 981 904 772 816 603 307 497 497 837 415 43 960 378 402 666 728 728 334 817 718 0 405 326 933 551 468 734 270 792 
269 577 130 562 525 807 354 413 612 930 780 298 263 462 854 107 414 441 40 225 645 550 50 566 55 555 824 975 857 576 84 405 0 623 977 292 609 381 186 477 
812 686 406 204 702 161 776 892 26 952 329 15 364 650 310 609 395 125 880 608 433 361 485 511 410 668 91 961 724 210 679 326 623 0 413 951 531 262 25 718 
690 456 73 631 637 757 287 694 66 976 645 163 361 224 274 404 691 594 674 326 633 606 495 120 824 478 463 546 618 35 958 933 977 413 0 849 94 362 762 77 
457 206 875 453 383 617 26 651 219 536 249 462 538 469 806 414 562 307 342 668 345 840 586 667 869 81 283 163 819 783 721 551 292 951 849 0 465 467 150 549 
279 836 176 823 813 71 393 696 127 962 858 955 225 347 77 510 766 788 997 704 438 220 491 383 201 614 886 3 952 570 867 468 609 531 94 465 0 300 343 93 
422 752 342 201 725 663 641 688 154 133 214 804 500 160 88 435 164 666 953 188 736 627 327 598 456 288 941 623 704 788 687 734 381 262 362 467 300 0 541 598 
208 925 34 286 716 800 340 953 691 762 558 839 486 466 791 9 802 746 281 491 618 107 587 748 331 247 873 904 171 450 575 270 186 25 762 150 343 541 0 549 
675 458 706 984 597 379 948 621 576 728 983 942 64 491 646 112 386 948 156 366 34 374 505 758 735 858 405 177 174 946 605 792 477 718 77 549 93 598 549 0 
0 950 941 375 121 805 804 927 469 263 441 497 310 166 399 134 67 843 388 833 882 58 601 63 254 420 205 826 971 873 295 534 773 71 445 609 638 538 678 430 
950 0 169 408 341 763 605 663 189 64 970 652 950 539 977 490 786 356 129 339 923 472 864 811 531 298 578 316 937 27 144 909 406 447 579 914 161 119 49 516 
941 169 0 943 474 637 611 98 216 689 94 440 758 518 917 413 15 281 512 281 116 723 735 950 159 536 723 46 568 62 959 123 890 580 933 77 873 600 943 344 
375 408 943 0 24 645 826 910 774 126 804 430 382 465 817 528 788 330 319 289 962 877 345 654 581 55 951 996 333 964 133 824 410 658 185 494 78 730 678 152 
121 341 474 24 0 206 606 328 339 723 966 95 329 927 7 145 442 780 680 600 771 566 464 815 814 800 392 943 233 703 435 882 567 449 394 503 85 240 278 489 
805 763 637 645 206 0 241 73 549 806 761 119 826 489 819 159 906 657 998 755 40 2 742 870 161 438 516 25 744 690 194 524 265 803 378 512 736 419 291 522 
804 605 611 826 606 241 0 127 702 236 300 418 452 23 293 182 366 466 121 535 441 386 212 400 716 287 501 309 442 976 900 917 684 116 771 931 616 447 810 186 
927 663 98 910 328 73 127 0 667 44 863 906 876 517 583 38 629 589 190 165 952 143 470 130 926 251 439 523 466 701 82 972 749 166 338 458 110 503 254 400 
469 189 216 774 339 549 702 667 0 559 791 699 126 63 70 518 839 725 587 219 609 842 469 687 35 180 887 744 586 224 206 829 202 845 978 838 856 743 248 589 
263 64 689 126 723 806 236 44 559 0 11 441 980 876 785 160 183 581 781 952 470 645 49 66 2 288 396 200 583 834 806 678 57 131 45 551 185 711 53 337 
441 970 94 804 966 761 300 863 791 11 0 696 232 329 261 643 194 110 689 907 93 443 434 317 347 359 683 644 372 662 236 115 332 474 224 955 15 793 348 90 
497 652 440 430 95 119 418 906 699 441 696 0 111 804 466 306 766 195 932 174 252 998 51 480 259 697 200 614 733 216 570 164 675 985 922 397 39 203 164 38 
310 950 758 382 329 826 452 876 126 980 232 111 0 132 246 808 51 225 215 814 720 677 368 104 786 844 416 82 769 61 145 124 871 634 589 411 848 591 528 925 
166 539 518 465 927 489 23 517 63 876 329 804 132 0 447 549 247 652 478 313 331 513 392 656 822 943 592 194 287 446 874 33 584 450 948 628 593 970 444 520 
399 977 917 817 7 819 293 583 70 785 261 466 246 447 0 375 593 664 103 25 222 248 775 173 481 185 617 623 941 333 209 239 91 588 844 388 574 977 343 331 
134 490 413 528 145 159 182 38 518 160 643 306 808 549 375 0 584 84 473 584 673 898 406 785 217 925 797 430 72 405 836 473 806 387 654 680 470 585 695 711 
67 786 15 788 442 906 366 629 839 183 194 766 51 247 593 584 0 99 996 730 129 358 185 242 655 293 770 332 113 551 389 558 706 684 229 434 303 992 178 709 
843 356 281 330 780 657 466 589 725 581 110 195 225 652 664 84 99 0 321 6 409 834 389 727 860 143 372 605 417 207 420 584 654 909 544 580 191 497 242 22 
388 129 512 319 680 998 121 190 587 781 689 932 215 478 103 473 996 321 0 454 935 583 124 188 973 241 317 573 662 379 837 473 892 190 324 598 106 30 741 721 
833 339 281 289 600 755 535 165 219 952 907 174 814 313 25 584 730 6 454 0 329 85 957 444 819 954 607 512 210 19 275 169 795 449 668 362 262 765 472 817 
882 923 116 962 771 40 441 952 609 470 93 252 720 331 222 673 129 409 935 329 0 666 13 586 888 597 885 128 821 106 399 722 332 599 398 784 541 64 454 826 
58 472 723 877 566 2 386 143 842 645 443 998 677 513 248 898 358 834 583 85 666 0 140 725 507 824 860 408 325 556 97 771 412 717 280 116 861 224 857 629 
601 864 735 345 464 742 212 470 469 49 434 51 368 392 775 406 185 389 124 957 13 140 0 263 600 794 307 971 531 442 545 47 889 591 422 357 564 651 345 627 
63 811 950 654 815 870 400 130 687 66 317 480 104 656 173 785 242 727 188 444 586 725 263 0 435 266 802 366 579 217 955 762 274 531 865 551 489 260 160 279 
254 531 159 581 814 161 716 926 35 2 347 259 786 822 481 217 655 860 973 819 888 507 600 435 0 696 374 353 463 215 823 547 880 474 175 113 775 564 691 151 
420 298 536 55 800 438 287 251 180 288 359 697 844 943 185 925 293 143 241 954 597 824 794 266 696 0 143 328 971 310 311 289 421 337 573 977 247 746 785 339 
205 578 723 951 392 516 501 439 887 396 683 200 416 592 617 797 770 372 317 607 885 860 307 802 374 143 0 813 792 739 297 291 241 805 677 612 318 6 148 435 
826 316 46 996 943 25 309 523 744 200 644 614 82 194 623 430 332 605 573 512 128 408 971 366 353 328 813 0 229 359 564 194 11 32 476 940 869 291 47 908 
971 937 568 333 233 744 442 466 586 583 372 733 769 287 941 72 113 417 662 210 821 325 531 579 463 971 792 229 0 919 619 744 63 195 393 357 78 272 904 619 
873 27 62 964 703 690 976 701 224 834 662 216 61 446 333 405 551 207 379 19 106 556 442 217 215 310 739 359 919 0 511 180 308 802 952 368 212 176 523 96 
295 144 959 133 435 194 900 82 206 806 236 570 145 874 209 836 389 420 837 275 399 97 545 955 823 311 297 564 619 511 0 313 835 274 182 320 50 405 410 340 
534 909 123 824 882 524 917 972 829 678 115 164 124 33 239 473 558 584 473 169 722 771 47 762 547 289 291 194 744 180 313 0 483 702 95 478 514 467 606 217 
773 406 890 410 567 265 684 749 202 57 332 675 871 584 91 806 706 654 892 795 332 412 889 274 880 421 241 11 63 308 835 483 0 238 32 754 406 599 653 649 
71 447 580 658 449 803 116 166 845 131 474 985 634 450 588 387 684 909 190 449 599 717 591 531 474 337 805 32 195 802 274 702 238 0 552 6 630 772 858 246 
445 579 933 185 394 378 771 338 978 45 224 922 589 948 844 654 229 544 324 668 398 280 422 865 175 573 677 476 393 952 182 95 32 552 0 326 973 547 271 970 
609 914 77 494 503 512 931 458 838 551 955 397 411 628 388 680 434 580 598 362 784 116 357 551 113 977 612 940 357 368 320 478 754 6 326 0 629 669 818 447 
638 161 873 78 85 736 616 110 856 185 15 39 848 593 574 470 303 191 106 262 541 861 564 489 775 247 318 869 78 212 50 514 406 630 973 629 0 755 581 884 
538 119 600 730 240 419 447 503 743 711 793 203 591 970 977 585 992 497 30 765 64 224 651 260 564 746 6 291 272 176 405 467 599 772 547 669 755 0 459 442 
678 49 943 678 278 291 810 254 248 53 348 164 528 444 343 695 178 242 741 472 454 857 345 160 691 785 148 47 904 523 410 606 653 858 271 818 581 459 0 326 
430 516 344 152 489 522 186 400 589 337 90 38 925 520 331 711 709 22 721 817 826 629 627 279 151 339 435 908 619 96 340 217 649 246 970 447 884 442 326 0 
