50 2
0 804 871 10 989 964 407 983 342 597 424 458 53 774 855 609 77 497 529 285 294 698 64 864 330 295 925 906 191 676 550 947 700 889 893 129 55 740 920 695 27 66 170 839 289 467 890 938 557 331 
804 0 963 700 229 884 328 999 969 400 898 74 678 603 406 299 346 164 368 341 670 736 985 165 165 642 97 292 470 301 299 806 556 955 919 138 646 633 749 428 234 8 445 514 286 320 724 879 437 677 
871 963 0 430 124 536 213 843 282 194 251 996 232 959 438 174 66 134 900 131 752 298 136 827 661 279 368 760 466 47 518 182 792 790 937 191 635 632 628 288 30 234 892 760 637 478 832 497 161 714 
10 700 430 0 835 23 810 624 25 307 879 947 408 100 899 956 653 40 856 85 73 989 811 333 155 594 263 958 457 531 531 529 751 889 914 639 113 227 784 519 41 851 200 590 537 74 537 41 274 447 
989 229 124 835 0 620 30 117 941 375 332 251 774 113 269 871 747 677 811 341 684 504 687 132 164 550 177 426 484 982 187 839 297 841 503 525 159 413 969 325 776 440 501 388 470 784 596 712 6 434 
964 884 536 23 620 0 789 303 188 842 508 3 60 170 680 618 717 625 659 608 391 522 305 579 454 818 199 504 297 749 367 179 485 439 737 161 588 536 51 789 771 396 59 390 223 414 183 364 501 111 
407 328 213 810 30 789 0 839 111 651 258 144 718 557 613 133 760 594 39 327 333 515 675 732 622 247 981 560 434 421 629 648 681 395 763 829 895 502 273 672 51 755 821 722 924 556 182 710 554 322 
983 999 843 624 117 303 839 0 926 633 103 763 472 502 192 562 270 270 478 919 765 724 649 315 20 923 947 297 199 145 814 557 91 534 416 295 27 682 925 304 769 637 659 152 946 841 664 529 874 679 
342 969 282 25 941 188 111 926 0 814 110 97 676 168 237 251 550 469 380 164 312 100 582 497 210 150 343 13 447 684 692 232 726 834 219 446 854 347 700 61 323 522 342 2 556 341 255 454 586 630 
597 400 194 307 375 842 651 633 814 0 475 751 882 842 489 924 598 519 626 230 295 855 857 413 7 138 530 141 44 387 660 680 602 648 400 923 313 958 871 12 899 512 262 607 123 432 808 385 429 179 
424 898 251 879 332 508 258 103 110 475 0 955 730 966 519 242 474 556 589 925 715 487 711 249 602 887 475 871 477 367 723 498 323 222 294 421 734 360 458 124 746 657 780 602 231 437 165 536 108 337 
458 74 996 947 251 3 144 763 97 751 955 0 718 312 167 651 408 862 122 650 2 572 945 216 924 314 189 284 691 575 240 100 172 817 298 534 324 591 697 152 408 921 179 783 788 622 11 370 422 94 
53 678 232 408 774 60 718 472 676 882 730 718 0 785 1000 663 442 360 152 389 656 435 437 780 31 210 415 616 393 760 279 70 835 34 512 461 700 540 377 50 674 126 545 912 679 498 479 42 927 526 
774 603 959 100 113 170 557 502 168 842 966 312 785 0 492 781 634 524 360 986 493 626 443 400 771 162 94 253 468 41 837 717 915 664 924 310 792 700 669 374 791 242 176 526 999 893 465 310 710 300 
855 406 438 899 269 680 613 192 237 489 519 167 1000 492 0 338 235 762 953 226 160 534 132 949 4 29 694 720 340 581 43 793 979 944 497 131 355 136 31 67 432 792 312 132 682 190 923 431 656 728 
609 299 174 956 871 618 133 562 251 924 242 651 663 781 338 0 849 806 431 470 940 834 867 8 517 155 470 332 278 290 612 990 208 751 935 577 979 592 370 909 292 774 376 645 351 758 755 871 5 275 
77 346 66 653 747 717 760 270 550 598 474 408 442 634 235 849 0 790 787 125 874 466 48 544 752 979 261 604 360 122 847 316 51 549 465 73 383 883 248 707 921 214 996 974 860 758 340 634 470 853 
497 164 134 40 677 625 594 270 469 519 556 862 360 524 762 806 790 0 195 42 446 117 543 638 290 585 543 972 425 267 292 274 683 596 719 12 125 59 770 356 29 793 424 409 205 647 896 928 67 899 
529 368 900 856 811 659 39 478 380 626 589 122 152 360 953 431 787 195 0 51 443 961 886 696 980 147 188 272 675 398 371 407 161 369 968 994 812 782 540 45 317 181 574 541 946 787 797 254 756 95 
285 341 131 85 341 608 327 919 164 230 925 650 389 986 226 470 125 42 51 0 315 200 874 380 536 244 795 547 510 789 974 795 146 231 21 358 95 769 630 580 342 388 579 642 212 659 30 661 124 915 
294 670 752 73 684 391 333 765 312 295 715 2 656 493 160 940 874 446 443 315 0 711 254 536 185 58 321 353 105 962 611 911 351 924 360 153 162 507 21 493 499 40 60 940 78 9 940 144 364 452 
698 736 298 989 504 522 515 724 100 855 487 572 435 626 534 834 466 117 961 200 711 0 499 130 829 285 306 472 197 496 635 20 358 176 604 212 639 910 96 873 754 964 691 63 917 124 239 919 840 719 
64 985 136 811 687 305 675 649 582 857 711 945 437 443 132 867 48 543 886 874 254 499 0 410 736 896 165 774 751 941 263 452 825 154 327 543 434 900 96 666 922 127 249 459 906 628 585 104 668 438 
864 165 827 333 132 579 732 315 497 413 249 216 780 400 949 8 544 638 696 380 536 130 410 0 78 515 602 853 267 617 657 947 849 579 730 641 147 610 780 409 428 587 121 79 397 863 221 273 352 753 
330 165 661 155 164 454 622 20 210 7 602 924 31 771 4 517 752 290 980 536 185 829 736 78 0 279 52 585 129 223 749 503 582 854 441 559 615 357 456 138 934 689 566 197 821 734 660 697 746 203 
295 642 279 594 550 818 247 923 150 138 887 314 210 162 29 155 979 585 147 244 58 285 896 515 279 0 70 455 846 321 208 219 383 751 770 649 892 981 409 806 721 558 146 101 343 581 495 847 9 980 
925 97 368 263 177 199 981 947 343 530 475 189 415 94 694 470 261 543 188 795 321 306 165 602 52 70 0 521 108 443 252 158 420 251 80 3 544 398 367 904 228 345 386 919 259 485 377 158 571 574 
906 292 760 958 426 504 560 297 13 141 871 284 616 253 720 332 604 972 272 547 353 472 774 853 585 455 521 0 219 157 824 731 70 401 904 796 510 492 597 961 606 647 162 133 244 615 825 322 930 161 
191 470 466 457 484 297 434 199 447 44 477 691 393 468 340 278 360 425 675 510 105 197 751 267 129 846 108 219 0 253 825 807 713 278 173 560 131 552 323 737 609 90 778 161 917 139 332 504 659 727 
676 301 47 531 982 749 421 145 684 387 367 575 760 41 581 290 122 267 398 789 962 496 941 617 223 321 443 157 253 0 749 79 655 387 410 188 656 432 981 726 115 838 227 552 653 808 439 510 147 512 
550 299 518 531 187 367 629 814 692 660 723 240 279 837 43 612 847 292 371 974 611 635 263 657 749 208 252 824 825 749 0 850 891 194 375 932 825 944 115 807 117 167 8 492 861 595 820 680 437 351 
947 806 182 529 839 179 648 557 232 680 498 100 70 717 793 990 316 274 407 795 911 20 452 947 503 219 158 731 807 79 850 0 464 157 794 265 901 624 266 194 992 975 352 113 99 168 444 39 427 258 
700 556 792 751 297 485 681 91 726 602 323 172 835 915 979 208 51 683 161 146 351 358 825 849 582 383 420 70 713 655 891 464 0 445 316 385 215 890 767 468 464 40 92 724 545 634 670 859 431 923 
889 955 790 889 841 439 395 534 834 648 222 817 34 664 944 751 549 596 369 231 924 176 154 579 854 751 251 401 278 387 194 157 445 0 164 158 573 847 959 765 625 923 630 832 920 376 876 703 814 231 
893 919 937 914 503 737 763 416 219 400 294 298 512 924 497 935 465 719 968 21 360 604 327 730 441 770 80 904 173 410 375 794 316 164 0 275 983 357 445 217 488 798 989 454 440 412 465 74 990 896 
129 138 191 639 525 161 829 295 446 923 421 534 461 310 131 577 73 12 994 358 153 212 543 641 559 649 3 796 560 188 932 265 385 158 275 0 872 811 842 27 586 467 414 547 848 469 648 365 823 269 
55 646 635 113 159 588 895 27 854 313 734 324 700 792 355 979 383 125 812 95 162 639 434 147 615 892 544 510 131 656 825 901 215 573 983 872 0 979 928 216 170 449 500 741 407 808 114 801 964 240 
740 633 632 227 413 536 502 682 347 958 360 591 540 700 136 592 883 59 782 769 507 910 900 610 357 981 398 492 552 432 944 624 890 847 357 811 979 0 853 230 880 385 102 389 640 973 935 92 581 881 
920 749 628 784 969 51 273 925 700 871 458 697 377 669 31 370 248 770 540 630 21 96 96 780 456 409 367 597 323 981 115 266 767 959 445 842 928 853 0 78 947 428 955 88 417 555 328 733 815 883 
695 428 288 519 325 789 672 304 61 12 124 152 50 374 67 909 707 356 45 580 493 873 666 409 138 806 904 961 737 726 807 194 468 765 217 27 216 230 78 0 272 903 411 471 666 864 857 519 272 117 
27 234 30 41 776 771 51 769 323 899 746 408 674 791 432 292 921 29 317 342 499 754 922 428 934 721 228 606 609 115 117 992 464 625 488 586 170 880 947 272 0 185 295 365 815 232 582 301 992 480 
66 8 234 851 440 396 755 637 522 512 657 921 126 242 792 774 214 793 181 388 40 964 127 587 689 558 345 647 90 838 167 975 40 923 798 467 449 385 428 903 185 0 446 556 937 483 661 586 316 702 
170 445 892 200 501 59 821 659 342 262 780 179 545 176 312 376 996 424 574 579 60 691 249 121 566 146 386 162 778 227 8 352 92 630 989 414 500 102 955 411 295 446 0 540 576 516 674 488 651 916 
839 514 760 590 388 390 722 152 2 607 602 783 912 526 132 645 974 409 541 642 940 63 459 79 197 101 919 133 161 552 492 113 724 832 454 547 741 389 88 471 365 556 540 0 587 117 462 322 763 147 
289 286 637 537 470 223 924 946 556 123 231 788 679 999 682 351 860 205 946 212 78 917 906 397 821 343 259 244 917 653 861 99 545 920 440 848 407 640 417 666 815 937 576 587 0 434 309 45 766 576 
467 320 478 74 784 414 556 841 341 432 437 622 498 893 190 758 758 647 787 659 9 124 628 863 734 581 485 615 139 808 595 168 634 376 412 469 808 973 555 864 232 483 516 117 434 0 833 503 563 464 
890 724 832 537 596 183 182 664 255 808 165 11 479 465 923 755 340 896 797 30 940 239 585 221 660 495 377 825 332 439 820 444 670 876 465 648 114 935 328 857 582 661 674 462 309 833 0 872 691 100 
938 879 497 41 712 364 710 529 454 385 536 370 42 310 431 871 634 928 254 661 144 919 104 273 697 847 158 322 504 510 680 39 859 703 74 365 801 92 733 519 301 586 488 322 45 503 872 0 579 225 
557 437 161 274 6 501 554 874 586 429 108 422 927 710 656 5 470 67 756 124 364 840 668 352 746 9 571 930 659 147 437 427 431 814 990 823 964 581 815 272 992 316 651 763 766 563 691 579 0 45 
331 677 714 447 434 111 322 679 630 179 337 94 526 300 728 275 853 899 95 915 452 719 438 753 203 980 574 161 727 512 351 258 923 231 896 269 240 881 883 117 480 702 916 147 576 464 100 225 45 0 
0 367 220 23 781 697 326 467 641 806 659 743 221 799 740 599 90 736 644 748 420 718 684 73 728 403 79 987 85 976 488 681 858 970 34 82 445 272 863 482 552 274 645 813 355 166 690 121 626 175 
367 0 343 292 196 733 562 826 465 529 973 362 80 615 97 689 977 198 227 182 945 252 864 728 857 412 531 627 655 931 84 643 696 749 449 2 639 65 599 449 371 409 959 611 165 132 693 39 277 426 
220 343 0 523 238 33 529 738 500 912 68 643 16 12 746 924 650 943 772 935 249 732 754 279 695 804 617 778 174 275 201 689 433 60 714 148 986 890 697 272 470 384 949 331 268 889 998 42 890 218 
23 292 523 0 779 166 756 389 685 999 329 697 276 183 128 503 410 563 92 345 418 633 620 934 25 503 496 358 239 271 771 58 261 379 727 938 422 382 494 344 843 860 175 489 232 7 503 525 183 944 
781 196 238 779 0 520 603 253 363 449 780 586 218 210 95 650 851 501 271 896 931 236 319 819 564 420 55 901 714 417 756 394 54 487 569 883 488 139 157 946 509 66 685 148 339 464 51 558 12 886 
697 733 33 166 520 0 327 615 375 743 455 617 664 233 460 687 81 100 399 258 740 469 480 213 170 891 115 668 647 206 758 803 3 348 624 238 657 260 410 201 23 596 463 211 137 383 596 124 278 597 
326 562 529 756 603 327 0 429 253 230 338 955 353 900 615 642 643 219 448 901 851 471 923 373 425 444 742 607 421 642 458 707 39 360 574 43 530 674 988 50 315 629 119 798 714 450 450 62 788 792 
467 826 738 389 253 615 429 0 2 484 460 903 621 201 322 834 472 957 172 710 804 182 820 691 497 503 391 161 149 287 644 215 277 668 103 625 204 566 263 633 675 534 392 453 53 828 164 120 220 904 
641 465 500 685 363 375 253 2 0 943 674 60 190 311 97 169 266 92 412 591 735 449 62 170 848 633 372 528 332 549 116 203 535 238 874 405 999 689 168 690 920 145 464 557 170 166 794 320 569 772 
806 529 912 999 449 743 230 484 943 0 757 810 791 862 756 202 66 560 826 727 654 791 191 948 595 776 794 870 972 175 73 264 488 782 946 916 484 524 88 604 468 939 5 873 78 285 893 647 453 328 
659 973 68 329 780 455 338 460 674 757 0 804 48 669 171 161 787 520 560 835 554 708 894 283 193 237 751 645 472 363 292 455 374 720 810 939 164 606 368 827 744 281 512 593 888 730 603 370 201 624 
743 362 643 697 586 617 955 903 60 810 804 0 962 6 526 988 749 289 880 496 636 109 358 614 330 512 681 844 124 547 389 569 90 714 151 951 708 85 79 693 336 62 638 30 33 10 720 756 986 623 
221 80 16 276 218 664 353 621 190 791 48 962 0 331 186 817 464 693 879 352 72 658 156 300 135 413 197 991 624 59 576 543 632 137 580 274 92 842 161 805 516 362 263 635 242 580 893 366 621 99 
799 615 12 183 210 233 900 201 311 862 669 6 331 0 989 294 174 642 764 115 805 183 215 222 117 995 290 914 753 191 627 335 717 426 270 970 404 420 690 642 265 403 978 50 492 803 895 969 1 574 
740 97 746 128 95 460 615 322 97 756 171 526 186 989 0 82 295 283 462 994 823 315 395 761 469 630 22 561 198 18 706 272 72 706 927 921 947 527 269 93 80 275 743 709 941 394 190 106 81 458 
599 689 924 503 650 687 642 834 169 202 161 988 817 294 82 0 699 656 986 219 23 532 438 160 43 884 480 528 80 461 755 870 819 641 129 702 344 813 509 176 593 116 785 673 197 380 489 823 566 922 
90 977 650 410 851 81 643 472 266 66 787 749 464 174 295 699 0 156 12 788 486 88 962 979 337 178 525 118 218 616 78 453 522 190 569 463 529 187 501 887 689 789 536 49 914 273 135 914 690 961 
736 198 943 563 501 100 219 957 92 560 520 289 693 642 283 656 156 0 800 264 992 515 399 419 961 932 84 593 383 426 778 653 25 25 378 105 923 970 29 121 286 141 466 715 761 567 559 242 704 816 
644 227 772 92 271 399 448 172 412 826 560 880 879 764 462 986 12 800 0 318 833 839 883 667 762 492 131 622 675 621 50 672 572 919 310 120 352 88 132 76 387 694 664 557 791 948 784 88 976 762 
748 182 935 345 896 258 901 710 591 727 835 496 352 115 994 219 788 264 318 0 483 513 775 690 846 369 830 700 89 524 998 236 135 374 749 229 485 373 311 57 660 199 234 888 435 381 633 508 503 427 
420 945 249 418 931 740 851 804 735 654 554 636 72 805 823 23 486 992 833 483 0 829 175 714 853 199 373 680 922 969 363 658 845 440 513 684 557 102 285 708 360 256 927 974 280 77 279 452 382 395 
718 252 732 633 236 469 471 182 449 791 708 109 658 183 315 532 88 515 839 513 829 0 310 123 252 797 232 140 997 650 385 574 150 382 369 889 788 641 274 858 727 742 105 198 556 612 811 566 490 307 
684 864 754 620 319 480 923 820 62 191 894 358 156 215 395 438 962 399 883 775 175 310 0 410 43 902 840 194 606 983 750 708 720 532 722 769 972 933 963 979 826 951 580 430 172 978 786 267 968 817 
73 728 279 934 819 213 373 691 170 948 283 614 300 222 761 160 979 419 667 690 714 123 410 0 601 90 143 497 459 855 474 376 701 816 148 279 523 932 647 4 737 694 552 83 676 465 691 481 633 443 
728 857 695 25 564 170 425 497 848 595 193 330 135 117 469 43 337 961 762 846 853 252 43 601 0 458 302 135 720 266 2 73 358 543 200 897 291 433 936 905 386 838 506 4 470 388 754 212 822 757 
403 412 804 503 420 891 444 503 633 776 237 512 413 995 630 884 178 932 492 369 199 797 902 90 458 0 374 756 712 283 686 439 578 794 419 784 541 285 9 998 266 584 41 413 139 974 864 101 950 497 
79 531 617 496 55 115 742 391 372 794 751 681 197 290 22 480 525 84 131 830 373 232 840 143 302 374 0 673 652 408 606 247 344 276 389 345 27 75 857 258 858 843 554 86 422 939 491 678 852 837 
987 627 778 358 901 668 607 161 528 870 645 844 991 914 561 528 118 593 622 700 680 140 194 497 135 756 673 0 401 908 645 657 591 355 479 649 841 999 449 47 898 389 976 944 538 579 952 749 269 393 
85 655 174 239 714 647 421 149 332 972 472 124 624 753 198 80 218 383 675 89 922 997 606 459 720 712 652 401 0 714 454 942 506 281 319 320 532 659 143 404 674 549 723 653 977 283 876 90 454 832 
976 931 275 271 417 206 642 287 549 175 363 547 59 191 18 461 616 426 621 524 969 650 983 855 266 283 408 908 714 0 137 208 188 947 224 97 359 123 777 843 136 99 495 310 828 550 9 588 961 43 
488 84 201 771 756 758 458 644 116 73 292 389 576 627 706 755 78 778 50 998 363 385 750 474 2 686 606 645 454 137 0 151 889 633 798 938 826 647 491 636 124 667 660 268 564 742 920 532 82 660 
681 643 689 58 394 803 707 215 203 264 455 569 543 335 272 870 453 653 672 236 658 574 708 376 73 439 247 657 942 208 151 0 831 816 447 52 316 215 433 438 736 923 161 895 784 40 507 383 733 744 
858 696 433 261 54 3 39 277 535 488 374 90 632 717 72 819 522 25 572 135 845 150 720 701 358 578 344 591 506 188 889 831 0 313 939 529 901 179 344 740 387 891 237 187 443 861 937 872 571 689 
970 749 60 379 487 348 360 668 238 782 720 714 137 426 706 641 190 25 919 374 440 382 532 816 543 794 276 355 281 947 633 816 313 0 571 958 966 693 643 400 272 808 692 36 892 59 931 382 108 865 
34 449 714 727 569 624 574 103 874 946 810 151 580 270 927 129 569 378 310 749 513 369 722 148 200 419 389 479 319 224 798 447 939 571 0 759 412 520 659 177 278 567 123 928 524 364 708 97 308 230 
82 2 148 938 883 238 43 625 405 916 939 951 274 970 921 702 463 105 120 229 684 889 769 279 897 784 345 649 320 97 938 52 529 958 759 0 614 16 767 572 746 520 599 30 410 300 203 9 2 32 
445 639 986 422 488 657 530 204 999 484 164 708 92 404 947 344 529 923 352 485 557 788 972 523 291 541 27 841 532 359 826 316 901 966 412 614 0 784 76 427 361 651 570 750 599 54 285 392 197 79 
272 65 890 382 139 260 674 566 689 524 606 85 842 420 527 813 187 970 88 373 102 641 933 932 433 285 75 999 659 123 647 215 179 693 520 16 784 0 250 710 609 337 257 803 28 380 82 334 721 954 
863 599 697 494 157 410 988 263 168 88 368 79 161 690 269 509 501 29 132 311 285 274 963 647 936 9 857 449 143 777 491 433 344 643 659 767 76 250 0 676 485 766 780 433 925 171 184 398 491 706 
482 449 272 344 946 201 50 633 690 604 827 693 805 642 93 176 887 121 76 57 708 858 979 4 905 998 258 47 404 843 636 438 740 400 177 572 427 710 676 0 386 420 407 668 148 763 402 707 455 110 
552 371 470 843 509 23 315 675 920 468 744 336 516 265 80 593 689 286 387 660 360 727 826 737 386 266 858 898 674 136 124 736 387 272 278 746 361 609 485 386 0 565 399 249 384 559 594 228 178 239 
274 409 384 860 66 596 629 534 145 939 281 62 362 403 275 116 789 141 694 199 256 742 951 694 838 584 843 389 549 99 667 923 891 808 567 520 651 337 766 420 565 0 717 177 521 605 806 578 915 971 
645 959 949 175 685 463 119 392 464 5 512 638 263 978 743 785 536 466 664 234 927 105 580 552 506 41 554 976 723 495 660 161 237 692 123 599 570 257 780 407 399 717 0 891 89 777 166 395 878 606 
813 611 331 489 148 211 798 453 557 873 593 30 635 50 709 673 49 715 557 888 974 198 430 83 4 413 86 944 653 310 268 895 187 36 928 30 750 803 433 668 249 177 891 0 703 974 763 173 177 666 
355 165 268 232 339 137 714 53 170 78 888 33 242 492 941 197 914 761 791 435 280 556 172 676 470 139 422 538 977 828 564 784 443 892 524 410 599 28 925 148 384 521 89 703 0 867 517 178 119 172 
166 132 889 7 464 383 450 828 166 285 730 10 580 803 394 380 273 567 948 381 77 612 978 465 388 974 939 579 283 550 742 40 861 59 364 300 54 380 171 763 559 605 777 974 867 0 535 408 836 145 
690 693 998 503 51 596 450 164 794 893 603 720 893 895 190 489 135 559 784 633 279 811 786 691 754 864 491 952 876 9 920 507 937 931 708 203 285 82 184 402 594 806 166 763 517 535 0 843 149 44 
121 39 42 525 558 124 62 120 320 647 370 756 366 969 106 823 914 242 88 508 452 566 267 481 212 101 678 749 90 588 532 383 872 382 97 9 392 334 398 707 228 578 395 173 178 408 843 0 157 848 
626 277 890 183 12 278 788 220 569 453 201 986 621 1 81 566 690 704 976 503 382 490 968 633 822 950 852 269 454 961 82 733 571 108 308 2 197 721 491 455 178 915 878 177 119 836 149 157 0 23 
175 426 218 944 886 597 792 904 772 328 624 623 99 574 458 922 961 816 762 427 395 307 817 443 757 497 837 393 832 43 660 744 689 865 230 32 79 954 706 110 239 971 606 666 172 145 44 848 23 0 
0 391 998 207 615 265 117 355 696 144 854 568 44 935 485 402 403 879 624 671 595 633 607 75 235 289 419 920 812 439 214 66 683 892 334 168 738 75 929 191 571 184 701 438 629 499 555 234 507 172 
391 0 491 209 349 705 520 611 74 75 683 43 395 639 310 667 495 157 452 354 708 190 881 478 950 480 608 961 845 417 105 672 159 879 951 379 164 353 951 783 73 378 984 428 394 429 108 106 282 271 
998 491 0 499 216 651 148 275 80 926 352 199 111 138 928 966 307 864 895 985 873 189 955 168 173 276 914 785 70 500 96 871 356 36 320 213 397 806 837 123 714 54 478 494 99 308 668 374 664 323 
207 209 499 0 364 260 262 127 769 556 96 734 72 354 128 188 527 389 78 530 174 469 233 865 445 761 472 343 97 405 758 21 558 836 777 639 267 435 437 176 410 204 560 992 549 143 409 916 536 620 
615 349 216 364 0 472 456 757 42 806 676 442 180 65 333 432 494 405 409 953 820 60 822 677 754 182 480 933 784 211 282 91 222 45 804 347 254 141 401 337 224 231 905 603 110 386 19 434 581 981 
265 705 651 260 472 0 786 330 987 897 181 206 921 445 342 476 480 381 579 398 560 620 148 112 913 803 414 675 677 742 911 951 388 400 658 186 928 237 566 668 128 123 259 170 33 24 369 137 164 576 
117 520 148 262 456 786 0 409 230 776 153 738 182 515 626 853 878 122 864 875 846 321 777 414 408 370 759 743 560 616 603 970 324 892 344 333 347 640 556 563 244 691 92 433 831 719 749 273 425 837 
355 611 275 127 757 330 409 0 182 800 224 681 640 482 652 909 201 522 280 768 535 443 291 725 340 849 276 786 602 374 613 51 62 693 182 387 189 522 352 714 765 292 513 411 293 835 531 113 573 877 
696 74 80 769 42 987 230 182 0 764 769 196 627 254 301 240 262 677 191 533 755 646 745 245 417 510 425 523 201 332 135 169 972 103 482 825 731 511 530 750 837 319 345 620 957 203 622 49 726 659 
144 75 926 556 806 897 776 800 764 0 654 580 799 461 163 81 868 475 835 818 584 779 497 680 640 964 626 898 973 480 520 5 539 873 932 682 396 621 240 851 749 513 31 664 288 808 281 245 72 20 
854 683 352 96 676 181 153 224 769 654 0 765 205 255 417 772 602 990 830 907 815 981 651 668 157 892 758 420 489 205 351 325 753 16 618 601 30 232 379 821 668 394 950 596 421 505 982 147 602 674 
568 43 199 734 442 206 738 681 196 580 765 0 966 262 488 973 232 377 928 477 675 367 531 682 728 349 226 352 938 326 811 517 103 783 177 348 479 362 408 713 921 413 935 230 584 311 589 272 904 621 
44 395 111 72 180 921 182 640 627 799 205 966 0 279 752 524 300 351 702 418 352 633 313 299 577 337 387 834 404 38 368 1 325 183 302 308 242 471 290 148 463 455 117 766 627 675 802 706 456 227 
935 639 138 354 65 445 515 482 254 461 255 262 279 0 291 258 540 689 795 198 200 201 295 215 293 851 400 795 998 744 776 176 1 266 760 314 330 241 794 304 42 416 362 648 825 607 582 857 46 322 
485 310 928 128 333 342 626 652 301 163 417 488 752 291 0 260 224 579 271 405 594 583 294 934 261 219 201 468 828 377 588 264 142 656 691 935 822 677 230 157 60 378 699 426 976 436 445 42 178 236 
402 667 966 188 432 476 853 909 240 81 772 973 524 258 260 0 691 853 646 291 74 113 254 215 484 115 167 29 472 551 891 758 764 537 275 476 506 453 604 58 688 105 909 772 382 486 740 472 897 971 
403 495 307 527 494 480 878 201 262 868 602 232 300 540 224 691 0 241 38 421 526 495 808 762 211 140 199 338 213 256 361 750 330 679 216 52 351 460 700 816 154 518 422 188 339 512 250 607 596 968 
879 157 864 389 405 381 122 522 677 475 990 377 351 689 579 853 241 0 483 222 831 445 536 607 787 456 396 389 168 314 885 11 167 259 157 38 815 973 42 16 935 688 851 792 281 601 889 238 387 520 
624 452 895 78 409 579 864 280 191 835 830 928 702 795 271 646 38 483 0 284 760 644 679 754 716 678 372 796 913 452 243 382 16 789 61 146 926 521 924 809 191 198 403 705 81 516 950 1 687 603 
671 354 985 530 953 398 875 768 533 818 907 477 418 198 405 291 421 222 284 0 370 309 585 150 752 730 486 412 244 457 968 510 418 531 947 391 447 241 454 330 941 389 334 478 539 281 498 534 561 62 
595 708 873 174 820 560 846 535 755 584 815 675 352 200 594 74 526 831 760 370 0 253 198 658 828 706 89 709 253 989 227 323 595 853 126 811 984 310 703 967 428 627 904 744 180 154 690 623 354 528 
633 190 189 469 60 620 321 443 646 779 981 367 633 201 583 113 495 445 644 309 253 0 209 230 406 707 556 322 949 542 138 586 417 42 882 906 568 446 759 815 665 858 329 663 312 128 850 701 668 880 
607 881 955 233 822 148 777 291 745 497 651 531 313 295 294 254 808 536 679 585 198 209 0 502 327 934 938 602 186 745 275 740 933 978 953 660 960 465 716 503 925 753 453 493 184 421 785 201 629 917 
75 478 168 865 677 112 414 725 245 680 668 682 299 215 934 215 762 607 754 150 658 230 502 0 846 166 200 830 37 476 565 337 916 952 211 453 396 969 423 82 902 835 690 625 956 796 440 807 818 497 
235 950 173 445 754 913 408 340 417 640 157 728 577 293 261 484 211 787 716 752 828 406 327 846 0 895 28 746 837 621 81 408 335 735 557 406 348 116 925 976 877 958 457 432 542 77 641 885 645 417 
289 480 276 761 182 803 370 849 510 964 892 349 337 851 219 115 140 456 678 730 706 707 934 166 895 0 57 804 585 413 926 787 664 964 340 897 120 88 22 760 303 621 559 573 53 925 262 375 935 528 
419 608 914 472 480 414 759 276 425 626 758 226 387 400 201 167 199 396 372 486 89 556 938 200 28 57 0 751 819 108 707 202 242 726 921 132 262 207 742 358 525 825 686 507 530 969 274 919 755 597 
920 961 785 343 933 675 743 786 523 898 420 352 834 795 468 29 338 389 796 412 709 322 602 830 746 804 751 0 390 117 58 479 169 315 1 828 739 654 768 654 627 77 857 438 635 396 922 795 62 642 
812 845 70 97 784 677 560 602 201 973 489 938 404 998 828 472 213 168 913 244 253 949 186 37 837 585 819 390 0 790 296 702 416 567 681 747 618 742 625 75 796 337 428 381 773 757 642 195 229 279 
439 417 500 405 211 742 616 374 332 480 205 326 38 744 377 551 256 314 452 457 989 542 745 476 621 413 108 117 790 0 489 203 784 950 326 1 107 763 506 741 257 127 294 328 713 332 274 765 803 800 
214 105 96 758 282 911 603 613 135 520 351 811 368 776 588 891 361 885 243 968 227 138 275 565 81 926 707 58 296 489 0 141 746 633 402 779 756 826 510 723 399 608 640 429 338 402 938 407 48 976 
66 672 871 21 91 951 970 51 169 5 325 517 1 176 264 758 750 11 382 510 323 586 740 337 408 787 202 479 702 203 141 0 599 609 893 209 407 195 499 494 796 469 567 402 793 31 499 431 825 698 
683 159 356 558 222 388 324 62 972 539 753 103 325 1 142 764 330 167 16 418 595 417 933 916 335 664 242 169 416 784 746 599 0 226 855 266 548 330 42 829 423 690 272 521 772 311 710 580 141 777 
892 879 36 836 45 400 892 693 103 873 16 783 183 266 656 537 679 259 789 531 853 42 978 952 735 964 726 315 567 950 633 609 226 0 721 225 938 574 386 547 646 666 478 341 353 25 642 428 510 821 
334 951 320 777 804 658 344 182 482 932 618 177 302 760 691 275 216 157 61 947 126 882 953 211 557 340 921 1 681 326 402 893 855 721 0 365 669 579 96 301 34 723 449 900 418 744 362 576 731 429 
168 379 213 639 347 186 333 387 825 682 601 348 308 314 935 476 52 38 146 391 811 906 660 453 406 897 132 828 747 1 779 209 266 225 365 0 842 84 658 698 698 614 821 22 265 929 326 147 179 9 
738 164 397 267 254 928 347 189 731 396 30 479 242 330 822 506 351 815 926 447 984 568 960 396 348 120 262 739 618 107 756 407 548 938 669 842 0 580 86 614 274 763 681 337 593 380 643 176 561 231 
75 353 806 435 141 237 640 522 511 621 232 362 471 241 677 453 460 973 521 241 310 446 465 969 116 88 207 654 742 763 826 195 330 574 579 84 580 0 376 558 595 80 902 912 415 554 186 368 677 893 
929 951 837 437 401 566 556 352 530 240 379 408 290 794 230 604 700 42 924 454 703 759 716 423 925 22 742 768 625 506 510 499 42 386 96 658 86 376 0 513 604 409 801 874 823 411 517 413 592 847 
191 783 123 176 337 668 563 714 750 851 821 713 148 304 157 58 816 16 809 330 967 815 503 82 976 760 358 654 75 741 723 494 829 547 301 698 614 558 513 0 500 217 357 682 503 849 317 578 467 176 
571 73 714 410 224 128 244 765 837 749 668 921 463 42 60 688 154 935 191 941 428 665 925 902 877 303 525 627 796 257 399 796 423 646 34 698 274 595 604 500 0 709 805 768 32 383 589 647 92 402 
184 378 54 204 231 123 691 292 319 513 394 413 455 416 378 105 518 688 198 389 627 858 753 835 958 621 825 77 337 127 608 469 690 666 723 614 763 80 409 217 709 0 387 508 948 701 571 385 727 999 
701 984 478 560 905 259 92 513 345 31 950 935 117 362 699 909 422 851 403 334 904 329 453 690 457 559 686 857 428 294 640 567 272 478 449 821 681 902 801 357 805 387 0 559 801 588 162 287 333 454 
438 428 494 992 603 170 433 411 620 664 596 230 766 648 426 772 188 792 705 478 744 663 493 625 432 573 507 438 381 328 429 402 521 341 900 22 337 912 874 682 768 508 559 0 334 339 927 117 157 976 
629 394 99 549 110 33 831 293 957 288 421 584 627 825 976 382 339 281 81 539 180 312 184 956 542 53 530 635 773 713 338 793 772 353 418 265 593 415 823 503 32 948 801 334 0 785 749 245 440 305 
499 429 308 143 386 24 719 835 203 808 505 311 675 607 436 486 512 601 516 281 154 128 421 796 77 925 969 396 757 332 402 31 311 25 744 929 380 554 411 849 383 701 588 339 785 0 40 127 477 728 
555 108 668 409 19 369 749 531 622 281 982 589 802 582 445 740 250 889 950 498 690 850 785 440 641 262 274 922 642 274 938 499 710 642 362 326 643 186 517 317 589 571 162 927 749 40 0 792 84 73 
234 106 374 916 434 137 273 113 49 245 147 272 706 857 42 472 607 238 1 534 623 701 201 807 885 375 919 795 195 765 407 431 580 428 576 147 176 368 413 578 647 385 287 117 245 127 792 0 471 201 
507 282 664 536 581 164 425 573 726 72 602 904 456 46 178 897 596 387 687 561 354 668 629 818 645 935 755 62 229 803 48 825 141 510 731 179 561 677 592 467 92 727 333 157 440 477 84 471 0 334 
172 271 323 620 981 576 837 877 659 20 674 621 227 322 236 971 968 520 603 62 528 880 917 497 417 528 597 642 279 800 976 698 777 821 429 9 231 893 847 176 402 999 454 976 305 728 73 201 334 0 
