30 4
0 958 805 827 126 495 952 785 824 576 975 3 303 670 154 990 101 879 375 872 544 776 603 179 519 797 245 807 44 469 
958 0 75 714 327 810 19 567 456 600 870 691 839 908 314 730 779 332 708 339 810 232 959 860 167 888 273 77 230 519 
805 75 0 104 814 10 32 283 387 20 364 253 521 488 306 723 494 508 881 12 903 42 100 358 1000 502 7 346 763 556 
827 714 104 0 282 700 247 122 132 8 737 858 92 856 982 834 773 258 159 804 701 535 113 63 492 982 71 66 650 862 
126 327 814 282 0 430 96 213 295 710 407 314 235 258 899 342 501 103 541 984 811 816 170 984 507 156 68 653 484 360 
495 810 10 700 430 0 668 553 207 599 328 618 695 96 170 636 635 110 302 828 488 259 557 643 536 681 203 747 552 524 
952 19 32 247 96 668 0 554 898 963 213 473 813 723 57 597 344 475 876 869 269 10 502 656 729 424 387 717 747 762 
785 567 283 122 213 553 554 0 189 792 810 389 622 652 605 400 433 465 919 165 424 132 168 149 782 752 498 760 836 806 
824 456 387 132 295 207 898 189 0 890 30 990 527 187 385 194 698 330 772 796 53 799 842 602 442 634 333 270 757 790 
576 600 20 8 710 599 963 792 890 0 789 654 18 226 5 307 266 106 49 286 678 69 966 159 909 186 233 550 620 654 
975 870 364 737 407 328 213 810 30 789 0 306 941 15 626 375 81 357 872 5 232 668 312 116 918 609 557 598 329 243 
3 691 253 858 314 618 473 389 990 654 306 0 281 42 93 842 428 693 866 667 408 229 785 224 436 299 401 474 517 992 
303 839 521 92 235 695 813 622 527 18 941 281 0 680 930 651 594 481 277 290 774 674 895 491 193 174 616 408 137 13 
670 908 488 856 258 96 723 652 187 226 15 42 680 0 30 633 995 919 364 650 60 753 509 794 234 956 86 442 987 293 
154 314 306 982 899 170 57 605 385 5 626 93 930 30 0 814 36 272 566 621 718 678 60 884 482 871 193 634 169 430 
990 730 723 834 342 636 597 400 194 307 375 842 651 633 814 0 211 858 907 446 472 956 408 366 498 618 412 235 612 11 
101 779 494 773 501 635 344 433 698 266 81 428 594 995 36 211 0 133 664 628 676 571 321 686 442 133 577 849 753 633 
879 332 508 258 103 110 475 465 330 106 357 693 481 919 272 858 133 0 458 890 882 777 35 358 520 562 82 454 261 449 
375 708 881 159 541 302 876 919 772 49 872 866 277 364 566 907 664 458 0 832 730 915 166 508 102 251 930 894 40 417 
872 339 12 804 984 828 869 165 796 286 5 667 290 650 621 446 628 890 832 0 718 804 429 855 701 924 756 865 668 799 
544 810 903 701 811 488 269 424 53 678 232 408 774 60 718 472 676 882 730 718 0 701 734 406 51 242 223 146 11 803 
776 232 42 535 816 259 10 132 799 69 668 229 674 753 678 956 571 777 915 804 701 0 166 438 239 651 701 130 497 990 
603 959 100 113 170 557 502 168 842 966 312 785 895 509 60 408 321 35 166 429 734 166 0 899 690 663 214 150 164 432 
179 860 358 63 984 643 656 149 602 159 116 224 491 794 884 366 686 358 508 855 406 438 899 0 328 781 440 176 134 275 
519 167 1000 492 507 536 729 782 442 909 918 436 193 234 482 498 442 520 102 701 51 239 690 328 0 338 135 494 40 836 
797 888 502 982 156 681 424 752 634 186 609 299 174 956 871 618 133 562 251 924 242 651 663 781 338 0 232 87 677 837 
245 273 7 71 68 203 387 498 333 233 557 401 616 86 193 412 577 82 930 756 223 701 214 440 135 232 0 668 625 200 
807 77 346 66 653 747 717 760 270 550 598 474 408 442 634 235 849 454 894 865 146 130 150 176 494 87 668 0 594 126 
44 230 763 650 484 552 747 836 757 620 329 517 137 987 169 612 753 261 40 668 11 497 164 134 40 677 625 594 0 838 
469 519 556 862 360 524 762 806 790 654 243 992 13 293 430 11 633 449 417 799 803 990 432 275 836 837 200 126 838 0 
0 512 657 189 760 658 761 332 759 857 589 786 888 139 769 627 9 613 427 919 605 363 697 578 487 344 762 244 360 631 
512 0 189 694 131 765 679 791 560 170 987 645 334 85 534 281 843 507 677 200 575 284 491 115 975 156 301 531 990 840 
657 189 0 757 352 957 560 735 369 157 668 908 979 285 362 556 282 40 49 952 348 102 569 216 459 748 224 536 644 759 
189 694 757 0 626 54 536 583 321 43 161 900 177 195 141 139 164 645 395 842 48 385 626 517 37 392 118 654 114 374 
760 131 352 626 0 767 599 772 658 316 859 328 275 346 858 209 117 50 516 434 915 912 779 42 957 906 497 713 203 865 
658 765 957 54 767 0 476 172 513 479 140 681 369 324 825 611 566 555 752 290 791 192 545 572 640 897 779 648 548 433 
761 679 560 536 599 476 0 928 588 1 751 174 1000 863 666 222 503 4 724 273 969 910 595 405 735 345 316 992 401 254 
332 791 735 583 772 172 928 0 651 674 887 264 222 996 651 7 633 981 345 201 856 946 840 578 550 651 1000 491 325 558 
759 560 369 321 658 513 588 651 0 403 957 272 82 352 935 311 229 378 363 156 804 766 854 507 702 501 29 23 305 68 
857 170 157 43 316 479 1 674 403 0 227 510 173 509 91 512 731 796 206 133 942 803 903 188 865 224 411 311 40 676 
589 987 668 161 859 140 751 887 957 227 0 439 43 42 955 465 455 198 865 577 718 546 196 353 97 4 7 372 728 808 
786 645 908 900 328 681 174 264 272 510 439 0 935 638 536 742 177 799 604 953 640 465 36 201 965 509 713 283 453 718 
888 334 979 177 275 369 1000 222 82 173 43 935 0 386 222 300 623 15 508 207 292 204 458 591 239 859 853 212 176 381 
139 85 285 195 346 324 863 996 352 509 42 638 386 0 580 605 886 280 414 255 34 602 739 313 424 286 832 453 659 588 
769 534 362 141 858 825 666 651 935 91 955 536 222 580 0 693 772 860 833 995 617 642 376 767 753 11 568 507 363 573 
627 281 556 139 209 611 222 7 311 512 465 742 300 605 693 0 307 746 217 229 905 344 708 382 453 705 59 148 380 585 
9 843 282 164 117 566 503 633 229 731 455 177 623 886 772 307 0 668 644 300 955 776 624 996 698 447 149 359 582 232 
613 507 40 645 50 555 4 981 378 796 198 799 15 280 860 746 668 0 869 608 68 237 68 271 928 147 22 452 824 116 
427 677 49 395 516 752 724 345 363 206 865 604 508 414 833 217 644 869 0 676 254 988 432 736 598 19 780 489 15 300 
919 200 952 842 434 290 273 201 156 133 577 953 207 255 995 229 300 608 676 0 840 205 211 970 361 708 879 592 464 917 
605 575 348 48 915 791 969 856 804 942 718 640 292 34 617 905 955 68 254 840 0 626 534 926 760 852 405 37 475 776 
363 284 102 385 912 192 910 946 766 803 546 465 204 602 642 344 776 237 988 205 626 0 602 996 827 828 216 90 927 533 
697 491 569 626 779 545 595 840 854 903 196 36 458 739 376 708 624 68 432 211 534 602 0 566 976 136 955 194 481 48 
578 115 216 517 42 572 405 578 507 188 353 201 591 313 767 382 996 271 736 970 926 996 566 0 86 166 620 317 388 923 
487 975 459 37 957 640 735 550 702 865 97 965 239 424 753 453 698 928 598 361 760 827 976 86 0 183 561 247 492 961 
344 156 748 392 906 897 345 651 501 224 4 509 859 286 11 705 447 147 19 708 852 828 136 166 183 0 183 37 578 909 
762 301 224 118 497 779 316 1000 29 411 7 713 853 832 568 59 149 22 780 879 405 216 955 620 561 183 0 537 153 266 
244 531 536 654 713 648 992 491 23 311 372 283 212 453 507 148 359 452 489 592 37 90 194 317 247 37 537 0 745 597 
360 990 644 114 203 548 401 325 305 40 728 453 176 659 363 380 582 824 15 464 475 927 481 388 492 578 153 745 0 558 
631 840 759 374 865 433 254 558 68 676 808 718 381 588 573 585 232 116 300 917 776 533 48 923 961 909 266 597 558 0 
0 497 696 57 749 587 688 286 659 950 598 803 861 141 801 492 117 470 289 828 586 272 772 476 655 489 644 247 230 800 
497 0 36 729 123 771 734 948 480 408 920 542 320 187 513 81 792 657 691 341 591 203 408 72 987 298 197 553 969 638 
696 36 0 650 334 970 610 707 189 135 675 749 946 207 455 676 165 109 188 923 472 183 555 189 480 799 161 528 658 707 
57 729 650 0 641 56 493 644 182 211 282 779 302 179 198 53 72 669 318 789 47 290 815 706 64 522 109 392 79 404 
749 123 334 641 0 833 689 908 583 252 796 384 216 157 753 179 1 112 386 531 964 790 856 57 905 866 627 852 271 822 
587 771 970 56 833 0 642 280 410 514 322 643 419 625 923 503 690 580 775 329 849 178 483 450 734 761 915 592 605 602 
688 734 610 493 689 642 0 879 435 158 605 215 893 951 567 166 382 166 649 422 1000 887 646 278 745 83 462 969 394 352 
286 948 707 644 908 280 879 0 585 671 941 325 287 988 709 24 822 886 402 271 891 955 788 542 706 545 975 481 216 470 
659 480 189 182 583 410 435 585 0 412 948 264 168 530 819 308 141 670 392 1 664 693 793 541 937 503 90 137 251 162 
950 408 135 211 252 514 158 671 412 0 230 658 51 604 98 601 721 812 87 290 963 916 770 181 715 269 450 330 6 627 
598 920 675 282 796 322 605 941 948 230 0 247 131 132 950 388 467 89 787 612 646 615 27 395 198 20 32 307 772 658 
803 542 749 779 384 643 215 325 264 658 247 0 910 768 422 861 157 798 590 971 778 459 96 95 899 409 731 553 458 770 
861 320 946 302 216 419 893 287 168 51 131 910 0 250 234 327 471 16 385 327 156 65 279 531 275 982 731 184 348 365 
141 187 207 179 157 625 951 988 530 604 132 768 250 0 552 777 981 271 321 442 175 651 730 310 511 355 861 415 744 688 
801 513 455 198 753 923 567 709 819 98 950 422 234 552 0 668 968 880 907 788 519 661 359 912 703 135 510 516 354 611 
492 81 676 53 179 503 166 24 308 601 388 861 327 777 668 0 443 843 253 362 860 209 654 446 426 842 4 141 433 583 
117 792 165 72 1 690 382 822 141 721 467 157 471 981 968 443 0 664 667 246 833 804 797 879 712 483 297 490 578 268 
470 657 109 669 112 580 166 886 670 812 89 798 16 271 880 843 664 0 888 604 219 115 410 265 804 278 1 417 768 99 
289 691 188 318 386 775 649 402 392 87 787 590 385 321 907 253 667 888 0 746 325 992 162 816 701 299 466 525 26 426 
828 341 923 789 531 329 422 271 1 290 612 971 327 442 788 362 246 604 746 0 918 133 215 882 463 701 732 510 530 671 
586 591 472 47 964 849 1000 891 664 963 646 778 156 175 519 860 833 219 325 918 0 616 467 846 868 850 515 164 657 778 
272 203 183 290 790 178 887 955 693 916 615 459 65 651 661 209 804 115 992 133 616 0 737 979 875 697 183 85 819 662 
772 408 555 815 856 483 646 788 793 770 27 96 279 730 359 654 797 410 162 215 467 737 0 618 862 124 938 203 453 45 
476 72 189 706 57 450 278 542 541 181 395 95 531 310 912 446 879 265 816 882 846 979 618 0 58 127 406 318 383 897 
655 987 480 64 905 734 745 706 937 715 198 899 275 511 703 426 712 804 701 463 868 875 862 58 0 186 641 208 460 906 
489 298 799 522 866 761 83 545 503 269 20 409 982 355 135 842 483 278 299 701 850 697 124 127 186 0 29 119 549 999 
644 197 161 109 627 915 462 975 90 450 32 731 731 861 510 4 297 1 466 732 515 183 938 406 641 29 0 440 51 130 
247 553 528 392 852 592 969 481 137 330 307 553 184 415 516 141 490 417 525 510 164 85 203 318 208 119 440 0 816 629 
230 969 658 79 271 605 394 216 251 6 772 458 348 744 354 433 578 768 26 530 657 819 453 383 460 549 51 816 0 569 
800 638 707 404 822 602 352 470 162 627 658 770 365 688 611 583 268 99 426 671 778 662 45 897 906 999 130 629 569 0 
0 604 796 243 643 417 602 302 750 962 638 718 808 99 683 503 9 692 651 910 533 468 673 671 632 407 482 292 394 820 
604 0 254 595 102 867 613 870 693 221 864 678 383 25 729 176 846 403 534 153 464 182 590 135 902 46 473 646 984 960 
796 254 0 911 457 770 780 715 413 210 593 833 915 219 344 552 557 190 41 975 165 39 462 334 475 900 182 299 773 440 
243 595 911 0 556 80 458 731 376 17 79 952 140 212 146 250 110 743 460 898 77 449 423 534 17 508 128 752 224 524 
643 102 457 556 0 797 701 813 691 302 900 250 25 388 813 228 24 131 553 231 998 933 698 61 906 836 477 557 246 864 
417 867 770 80 797 0 525 408 512 406 200 541 340 339 825 800 621 672 858 293 941 264 628 786 602 823 885 710 631 467 
602 613 780 458 701 525 0 869 580 149 705 142 940 919 702 276 628 108 858 249 917 921 720 362 658 273 343 875 340 305 
302 870 715 731 813 408 869 0 819 661 898 256 324 882 756 85 554 945 298 224 973 886 842 551 521 667 954 652 222 636 
750 693 413 376 691 512 580 819 0 271 957 500 138 431 881 227 258 478 272 33 929 832 918 450 666 503 26 87 293 109 
962 221 210 17 302 406 149 661 271 0 115 460 183 255 169 534 896 871 195 264 795 743 896 271 941 223 246 298 89 585 
638 864 593 79 900 200 705 898 957 115 0 446 67 26 814 388 422 95 853 482 770 421 123 215 257 63 119 421 949 728 
718 678 833 952 250 541 142 256 500 460 446 0 942 542 516 779 121 918 539 894 651 711 1 137 697 531 690 341 432 789 
808 383 915 140 25 340 940 324 138 183 67 942 0 251 144 285 845 113 402 230 543 83 496 369 240 541 913 108 237 519 
99 25 219 212 388 339 919 882 431 255 26 542 251 0 847 738 881 394 575 448 132 507 654 421 638 366 692 478 681 444 
683 729 344 146 813 825 702 756 881 169 814 516 144 847 0 813 869 1000 745 851 760 552 296 655 609 107 373 664 458 464 
503 176 552 250 228 800 276 85 227 534 388 779 285 738 813 0 347 614 185 266 912 366 415 627 455 810 98 59 243 561 
9 846 557 110 24 621 628 554 258 896 422 121 845 881 869 347 0 608 607 297 844 937 638 999 567 411 148 532 545 59 
692 403 190 743 131 672 108 945 478 871 95 918 113 394 1000 614 608 0 591 562 127 300 21 319 914 27 26 564 827 37 
651 534 41 460 553 858 858 298 272 195 853 539 402 575 745 185 607 591 0 808 386 952 476 740 362 112 868 497 171 226 
910 153 975 898 231 293 249 224 33 264 482 894 230 448 851 266 297 562 808 0 673 138 143 923 324 774 906 544 447 619 
533 464 165 77 998 941 917 973 929 795 770 651 543 132 760 912 844 127 386 673 0 507 548 780 727 879 557 25 410 877 
468 182 39 449 933 264 921 886 832 743 421 711 83 507 552 366 937 300 952 138 507 0 824 893 804 909 172 121 929 649 
673 590 462 423 698 628 720 842 918 896 123 1 496 654 296 415 638 21 476 143 548 824 0 536 782 165 861 61 588 167 
671 135 334 534 61 786 362 551 450 271 215 137 369 421 655 627 999 319 740 923 780 893 536 0 206 285 606 224 384 752 
632 902 475 17 906 602 658 521 666 941 257 697 240 638 609 455 567 914 362 324 727 804 782 206 0 343 569 196 531 901 
407 46 900 508 836 823 273 667 503 223 63 531 541 366 107 810 411 27 112 774 879 909 165 285 343 0 284 12 506 976 
482 473 182 128 477 885 343 954 26 246 119 690 913 692 373 98 148 26 868 906 557 172 861 606 569 284 0 558 22 269 
292 646 299 752 557 710 875 652 87 298 421 341 108 478 664 59 532 564 497 544 25 121 61 224 196 12 558 0 714 827 
394 984 773 224 246 631 340 222 293 89 949 432 237 681 458 243 545 827 171 447 410 929 588 384 531 506 22 714 0 533 
820 960 440 524 864 467 305 636 109 585 728 789 519 444 464 561 59 37 226 619 877 649 167 752 901 976 269 827 533 0 
0 441 701 252 822 724 655 297 769 754 812 707 924 232 691 761 127 414 454 908 478 348 683 508 494 313 815 165 430 629 
441 0 93 803 53 802 513 901 546 193 933 524 574 116 413 180 864 347 765 132 533 91 425 152 881 158 553 604 934 868 
701 93 0 781 394 934 626 906 471 261 743 723 913 215 518 542 278 206 65 796 343 2 565 118 471 816 365 584 583 967 
252 803 781 0 769 147 477 452 367 72 118 910 129 175 86 229 90 589 449 896 143 570 676 617 108 437 158 699 14 490 
822 53 394 769 0 667 687 864 644 461 709 324 126 557 843 148 178 121 416 438 984 762 837 98 951 695 448 594 139 844 
724 802 934 147 667 0 524 60 550 609 83 803 319 412 808 521 687 576 668 164 853 83 563 662 851 894 683 435 498 269 
655 513 626 477 687 524 0 945 635 48 773 169 786 974 614 308 629 78 561 401 960 995 564 420 722 226 167 974 466 267 
297 901 906 452 864 60 945 0 729 535 976 176 70 920 813 10 454 989 361 93 728 951 941 680 658 775 891 628 199 394 
769 546 471 367 644 550 635 729 0 420 788 236 190 230 959 273 308 440 392 258 911 765 854 621 685 443 15 13 251 141 
754 193 261 72 461 609 48 535 420 0 174 408 186 438 119 421 592 935 117 160 964 903 974 9 980 237 466 299 55 615 
812 933 743 118 709 83 773 976 788 174 0 519 61 9 909 332 333 194 810 504 653 512 304 386 101 43 84 338 805 838 
707 524 723 910 324 803 169 176 236 408 519 0 889 643 664 744 149 527 591 952 572 388 167 220 974 487 676 237 433 658 
924 574 913 129 126 319 786 70 190 186 61 889 0 330 329 383 620 26 613 288 184 259 442 455 172 960 894 154 153 255 
232 116 215 175 557 412 974 920 230 438 9 643 330 0 574 555 877 447 522 308 177 421 826 436 369 345 978 231 597 403 
691 413 518 86 843 808 614 813 959 119 909 664 329 574 0 596 528 815 901 947 626 768 474 622 739 109 727 376 161 599 
761 180 542 229 148 521 308 10 273 421 332 744 383 555 596 0 393 527 132 332 951 499 679 401 426 762 50 229 308 740 
127 864 278 90 178 687 629 454 308 592 333 149 620 877 528 393 0 724 450 208 921 959 580 827 884 581 72 304 705 223 
414 347 206 589 121 576 78 989 440 935 194 527 26 447 815 527 724 0 819 601 52 259 14 472 1000 68 25 445 720 86 
454 765 65 449 416 668 561 361 392 117 810 591 613 522 901 132 450 819 0 723 307 871 471 694 572 6 711 535 133 243 
908 132 796 896 438 164 401 93 258 160 504 952 288 308 947 332 208 601 723 0 940 308 268 914 407 748 896 632 429 805 
478 533 343 143 984 853 960 728 911 964 653 572 184 177 626 951 921 52 307 940 0 755 586 833 890 940 567 110 438 902 
348 91 2 570 762 83 995 951 765 903 512 388 259 421 768 499 959 259 871 308 755 0 580 931 874 692 275 55 874 544 
683 425 565 676 837 563 564 941 854 974 304 167 442 826 474 679 580 14 471 268 586 580 0 492 837 294 976 138 528 135 
508 152 118 617 98 662 420 680 621 9 386 220 455 436 622 401 827 472 694 914 833 931 492 0 179 166 558 333 457 865 
494 881 471 108 951 851 722 658 685 980 101 974 172 369 739 426 884 1000 572 407 890 874 837 179 0 262 475 264 545 984 
313 158 816 437 695 894 226 775 443 237 43 487 960 345 109 762 581 68 6 748 940 692 294 166 262 0 83 54 416 628 
815 553 365 158 448 683 167 891 15 466 84 676 894 978 727 50 72 25 711 896 567 275 976 558 475 83 0 669 299 436 
165 604 584 699 594 435 974 628 13 299 338 237 154 231 376 229 304 445 535 632 110 55 138 333 264 54 669 0 783 471 
430 934 583 14 139 498 466 199 251 55 805 433 153 597 161 308 705 720 133 429 438 874 528 457 545 416 299 783 0 456 
629 868 967 490 844 269 267 394 141 615 838 658 255 403 599 740 223 86 243 805 902 544 135 865 984 628 436 471 456 0 
