15 2
0 751 933 594 572 672 656 602 971 148 639 557 935 720 38 
751 0 256 115 619 1000 878 547 519 77 545 6 489 950 597 
933 256 0 601 896 623 998 290 74 40 622 589 445 373 685 
594 115 601 0 14 204 102 987 799 176 876 130 837 412 11 
572 619 896 14 0 70 715 773 966 381 73 534 186 685 919 
672 1000 623 204 70 0 215 904 114 405 87 322 984 7 661 
656 878 998 102 715 215 0 213 99 342 668 517 881 227 28 
602 547 290 987 773 904 213 0 151 607 445 270 654 435 831 
971 519 74 799 966 114 99 151 0 527 448 839 779 190 715 
148 77 40 176 381 405 342 607 527 0 941 873 112 299 994 
639 545 622 876 73 87 668 445 448 941 0 926 312 264 584 
557 6 589 130 534 322 517 270 839 873 926 0 212 579 698 
935 489 445 837 186 984 881 654 779 112 312 212 0 834 449 
720 950 373 412 685 7 227 435 190 299 264 579 834 0 140 
38 597 685 11 919 661 28 831 715 994 584 698 449 140 0 
0 583 385 174 119 4 326 338 605 391 924 591 49 533 336 
583 0 711 993 483 833 864 620 874 406 580 380 879 40 160 
385 711 0 334 78 826 817 889 457 230 575 604 818 13 359 
174 993 334 0 136 857 481 536 60 384 28 438 950 278 373 
119 483 78 136 0 399 731 164 721 231 548 73 198 478 533 
4 833 826 857 399 0 879 555 272 692 848 430 288 848 40 
326 864 817 481 731 879 0 207 868 482 881 566 763 473 547 
338 620 889 536 164 555 207 0 281 512 40 499 203 882 932 
605 874 457 60 721 272 868 281 0 661 175 312 195 168 633 
391 406 230 384 231 692 482 512 661 0 811 496 545 482 368 
924 580 575 28 548 848 881 40 175 811 0 138 644 893 309 
591 380 604 438 73 430 566 499 312 496 138 0 222 949 432 
49 879 818 950 198 288 763 203 195 545 644 222 0 927 24 
533 40 13 278 478 848 473 882 168 482 893 949 927 0 982 
336 160 359 373 533 40 547 932 633 368 309 432 24 982 0 
0 583 385 174 119 4 326 338 605 391 924 591 49 533 336 
583 0 711 993 483 833 864 620 874 406 580 380 879 40 160 
385 711 0 334 78 826 817 889 457 230 575 604 818 13 359 
174 993 334 0 136 857 481 536 60 384 28 438 950 278 373 
119 483 78 136 0 399 731 164 721 231 548 73 198 478 533 
4 833 826 857 399 0 879 555 272 692 848 430 288 848 40 
326 864 817 481 731 879 0 207 868 482 881 566 763 473 547 
338 620 889 536 164 555 207 0 281 512 40 499 203 882 932 
605 874 457 60 721 272 868 281 0 661 175 312 195 168 633 
391 406 230 384 231 692 482 512 661 0 811 496 545 482 368 
924 580 575 28 548 848 881 40 175 811 0 138 644 893 309 
591 380 604 438 73 430 566 499 312 496 138 0 222 949 432 
49 879 818 950 198 288 763 203 195 545 644 222 0 927 24 
533 40 13 278 478 848 473 882 168 482 893 949 927 0 982 
336 160 359 373 533 40 547 932 633 368 309 432 24 982 0 
