8 4
0 910 804 8 349 683 316 804 
910 0 397 493 958 590 868 986 
804 397 0 420 748 566 252 249 
8 493 420 0 892 694 165 297 
349 958 748 892 0 517 341 540 
683 590 566 694 517 0 207 543 
316 868 252 165 341 207 0 575 
804 986 249 297 540 543 575 0 
0 56 651 303 605 751 166 562 
56 0 600 816 101 667 586 560 
651 600 0 61 444 258 224 333 
303 816 61 0 251 53 613 930 
605 101 444 251 0 288 442 760 
751 667 258 53 288 0 690 130 
166 586 224 613 442 690 0 763 
562 560 333 930 760 130 763 0 
0 191 695 480 299 347 267 77 
191 0 402 400 657 351 141 756 
695 402 0 905 92 387 635 444 
480 400 905 0 669 769 764 290 
299 657 92 669 0 769 808 451 
347 351 387 769 769 0 472 825 
267 141 635 764 808 472 0 517 
77 756 444 290 451 825 517 0 
0 571 852 379 224 132 299 338 
571 0 111 341 735 373 345 930 
852 111 0 814 406 814 595 915 
379 341 814 0 898 941 509 194 
224 735 406 898 0 185 503 593 
132 373 814 941 185 0 204 333 
299 345 595 509 503 204 0 165 
338 930 915 194 593 333 165 0 
0 845 343 464 365 715 486 597 
845 0 778 343 965 66 842 614 
343 778 0 959 577 732 732 424 
464 343 959 0 536 779 272 254 
365 965 577 536 0 869 950 136 
715 66 732 779 869 0 19 957 
486 842 732 272 950 19 0 248 
597 614 424 254 136 957 248 0 
