9 3
0 862 5 495 230 457 217 58 186 
862 0 177 378 867 171 804 517 350 
5 177 0 425 399 316 986 805 317 
495 378 425 0 683 868 249 75 876 
230 867 399 683 0 252 297 476 766 
457 171 316 868 252 0 540 533 238 
217 804 986 249 297 540 0 393 173 
58 517 805 75 476 533 393 0 384 
186 350 317 876 766 238 173 384 0 
0 372 256 56 883 864 654 184 8 
372 0 466 10 722 90 586 186 963 
256 466 0 224 952 124 278 884 441 
56 10 224 0 247 363 929 620 78 
883 722 952 247 0 567 320 306 379 
864 90 124 363 567 0 691 149 45 
654 586 278 929 320 691 0 349 83 
184 186 884 620 306 149 349 0 891 
8 963 441 78 379 45 83 891 0 
0 372 256 56 883 864 654 184 8 
372 0 466 10 722 90 586 186 963 
256 466 0 224 952 124 278 884 441 
56 10 224 0 247 363 929 620 78 
883 722 952 247 0 567 320 306 379 
864 90 124 363 567 0 691 149 45 
654 586 278 929 320 691 0 349 83 
184 186 884 620 306 149 349 0 891 
8 963 441 78 379 45 83 891 0 
0 372 256 56 883 864 654 184 8 
372 0 466 10 722 90 586 186 963 
256 466 0 224 952 124 278 884 441 
56 10 224 0 247 363 929 620 78 
883 722 952 247 0 567 320 306 379 
864 90 124 363 567 0 691 149 45 
654 586 278 929 320 691 0 349 83 
184 186 884 620 306 149 349 0 891 
8 963 441 78 379 45 83 891 0 
