40 3
0 517 195 327 715 90 387 78 644 92 45 374 501 272 763 488 956 842 729 133 711 836 449 431 608 986 500 648 132 132 188 553 515 94 958 120 302 941 279 182 
517 0 917 814 781 989 132 624 487 235 241 164 635 858 97 269 571 515 782 562 457 757 417 787 327 53 446 193 867 579 839 778 279 694 426 404 284 617 837 529 
195 917 0 282 156 229 295 947 269 695 342 580 344 133 751 424 777 70 442 251 790 620 799 195 919 333 710 598 48 732 196 526 302 470 504 295 808 223 43 839 
327 814 282 0 125 124 207 379 633 813 969 168 433 498 955 53 915 586 909 924 807 329 803 522 164 297 752 138 543 315 411 498 332 261 560 93 875 321 612 179 
715 781 156 125 0 835 898 23 878 622 282 749 698 251 654 678 804 179 918 242 77 517 990 640 230 250 491 522 886 497 873 773 540 543 297 700 718 443 847 648 
90 989 229 124 835 0 189 937 545 527 25 148 266 963 872 232 701 860 436 651 346 137 432 842 925 294 756 155 874 413 267 216 153 188 13 377 19 157 292 557 
387 132 295 207 898 189 0 45 474 18 941 990 81 349 339 408 657 358 193 663 66 987 275 661 650 670 582 287 254 249 330 736 688 795 141 871 384 253 371 232 
78 624 947 379 23 937 45 0 3 941 188 730 428 832 12 774 585 63 234 781 653 169 836 833 389 752 375 732 499 216 165 447 98 321 871 191 40 950 974 680 
644 487 269 633 878 545 474 3 0 281 111 723 594 917 804 60 333 984 482 338 747 612 837 909 986 73 305 515 644 780 661 215 522 306 284 470 277 432 611 498 
92 235 695 813 622 527 18 941 281 0 926 834 995 611 984 718 899 643 498 404 717 753 200 31 226 684 448 588 862 400 155 731 80 165 616 466 98 44 635 100 
45 241 342 969 282 25 941 188 111 926 0 342 36 478 828 472 524 656 442 763 760 261 126 432 470 391 640 607 306 949 164 260 642 602 253 457 494 343 263 70 
374 164 580 168 749 148 990 730 723 834 342 0 211 88 869 676 811 149 520 560 270 40 838 25 125 333 262 325 774 8 454 903 598 52 720 484 489 267 657 717 
501 635 344 433 698 266 81 428 594 995 36 211 0 905 165 882 619 602 102 218 550 668 84 235 42 765 733 813 572 544 622 594 911 70 332 297 80 565 749 793 
272 858 133 498 251 963 349 832 917 611 478 88 905 0 796 730 774 159 701 245 598 11 188 97 51 312 756 345 136 638 20 76 622 31 604 434 136 585 208 990 
763 97 751 955 654 872 339 12 804 984 828 869 165 796 0 718 603 116 51 273 474 497 59 831 55 295 321 332 467 696 210 668 786 40 972 199 165 100 252 316 
488 269 424 53 678 232 408 774 60 718 472 676 882 730 718 0 959 224 239 7 408 164 967 408 102 715 698 906 389 380 7 22 215 523 272 447 509 884 824 274 
956 571 777 915 804 701 657 585 333 899 524 811 619 774 603 959 0 491 690 71 442 134 521 676 718 2 736 478 698 536 602 295 566 152 547 44 935 824 825 407 
842 515 70 586 179 860 358 63 984 643 656 149 602 159 116 224 491 0 328 68 634 40 691 768 594 656 298 318 182 130 924 642 432 962 353 477 676 195 749 795 
729 782 442 909 918 436 193 234 482 498 442 520 102 701 51 239 690 328 0 203 235 677 198 836 483 493 989 652 971 410 31 279 238 818 472 691 301 96 700 911 
133 562 251 924 242 651 663 781 338 404 763 560 218 245 273 7 71 68 203 0 849 625 142 193 221 160 504 299 960 294 771 594 371 551 774 393 47 781 315 20 
711 457 790 807 77 346 66 653 747 717 760 270 550 598 474 408 442 634 235 849 0 594 139 562 815 940 522 307 316 376 4 550 919 258 853 468 531 613 709 452 
836 757 620 329 517 137 987 169 612 753 261 40 668 11 497 164 134 40 677 625 594 0 893 589 53 874 515 623 477 310 517 818 335 919 585 340 982 71 831 947 
449 417 799 803 990 432 275 836 837 200 126 838 84 188 59 967 521 691 198 142 139 893 0 64 485 446 724 897 757 214 752 247 218 934 455 278 749 393 113 503 
431 787 195 522 640 842 661 833 909 31 432 25 235 97 831 408 676 768 836 193 562 589 64 0 360 443 100 933 811 223 290 923 408 343 521 360 421 408 671 219 
608 327 919 164 230 925 650 389 986 226 470 125 42 51 55 102 718 594 483 221 815 53 485 360 0 315 855 553 401 253 980 150 101 698 130 425 145 76 648 158 
986 53 333 297 250 294 670 752 73 684 391 333 765 312 295 715 2 656 493 160 940 874 446 443 315 0 487 64 637 413 536 138 940 880 7 675 684 488 303 731 
500 446 710 752 491 756 582 375 305 448 640 262 733 756 321 698 736 298 989 504 522 515 724 100 855 487 0 985 503 288 185 887 925 926 211 510 387 986 441 807 
648 193 598 138 522 155 287 732 515 588 607 325 813 345 332 906 478 318 652 299 307 623 897 933 553 64 985 0 125 8 829 314 97 100 345 105 367 550 646 79 
132 867 48 543 886 874 254 499 644 862 306 774 572 136 467 389 698 182 971 960 316 477 757 811 401 637 503 125 0 255 736 210 368 926 342 197 575 299 149 850 
132 579 732 315 497 413 249 216 780 400 949 8 544 638 696 380 536 130 410 294 376 310 214 223 253 413 288 8 255 0 78 162 263 222 818 751 760 518 481 134 
188 839 196 411 873 267 330 165 661 155 164 454 622 20 210 7 602 924 31 771 4 517 752 290 980 536 185 829 736 78 0 29 177 694 887 267 41 531 975 770 
553 778 526 498 773 216 736 447 215 731 260 903 594 76 668 22 295 642 279 594 550 818 247 923 150 138 887 314 210 162 29 0 199 458 548 129 581 187 304 79 
515 279 302 332 540 153 688 98 522 80 642 598 911 622 786 215 566 432 238 371 919 335 218 408 101 940 925 97 368 263 177 199 0 19 77 846 290 367 995 243 
94 694 470 261 543 188 795 321 306 165 602 52 70 31 40 523 152 962 818 551 258 919 934 343 698 880 926 100 926 222 694 458 19 0 914 108 122 629 334 497 
958 426 504 560 297 13 141 871 284 616 253 720 332 604 972 272 547 353 472 774 853 585 455 521 130 7 211 345 342 818 887 548 77 914 0 219 267 814 223 305 
120 404 295 93 700 377 871 191 470 466 457 484 297 434 199 447 44 477 691 393 468 340 278 360 425 675 510 105 197 751 267 129 846 108 219 0 398 692 940 280 
302 284 808 875 718 19 384 40 277 98 494 489 80 136 165 509 935 676 301 47 531 982 749 421 145 684 387 367 575 760 41 581 290 122 267 398 0 660 385 511 
941 617 223 321 443 157 253 950 432 44 343 267 565 585 100 884 824 195 96 781 613 71 393 408 76 488 986 550 299 518 531 187 367 629 814 692 660 0 947 828 
279 837 43 612 847 292 371 974 611 635 263 657 749 208 252 824 825 749 700 315 709 831 113 671 648 303 441 646 149 481 975 304 995 334 223 940 385 947 0 415 
182 529 839 179 648 557 232 680 498 100 70 717 793 990 316 274 407 795 911 20 452 947 503 219 158 731 807 79 850 134 770 79 243 497 305 280 511 828 415 0 
0 707 820 217 142 785 114 943 363 383 810 79 342 153 507 603 929 984 202 522 133 962 390 263 942 808 557 309 840 407 336 255 635 204 335 257 107 39 580 552 
707 0 935 11 521 252 400 374 24 343 548 74 805 519 619 945 187 445 878 577 638 55 251 389 782 487 631 639 631 430 267 565 189 524 405 647 434 930 102 66 
820 935 0 72 426 781 920 554 293 576 312 753 97 806 237 865 84 378 72 835 992 75 990 356 98 655 1000 55 88 577 593 464 406 880 966 949 458 950 799 490 
217 11 72 0 370 729 593 920 861 708 178 988 40 794 347 81 899 410 138 337 249 377 217 73 799 668 904 657 917 449 187 416 643 415 196 178 350 784 555 260 
142 521 426 370 0 677 467 955 693 889 195 712 586 123 31 900 978 924 147 859 890 487 550 291 933 787 402 717 742 128 879 655 888 51 950 477 62 401 329 393 
785 252 781 729 677 0 817 344 497 360 187 824 137 974 329 724 157 437 72 853 370 528 979 778 940 91 562 484 723 946 138 351 296 948 597 69 779 462 441 777 
114 400 920 593 467 817 0 65 389 316 84 380 346 806 864 757 827 189 75 582 970 960 201 528 236 29 203 754 693 518 737 375 776 994 785 603 917 507 137 421 
943 374 554 920 955 344 65 0 423 631 277 429 714 509 636 978 389 842 73 327 823 5 73 227 548 641 697 92 659 633 282 175 327 447 807 282 563 614 694 91 
363 24 293 861 693 497 389 423 0 307 319 853 589 150 4 921 768 636 112 764 724 684 141 601 613 893 476 158 306 422 525 232 413 625 274 554 597 159 614 230 
383 343 576 708 889 360 316 631 307 0 151 639 374 97 701 11 500 362 980 777 18 135 220 39 530 374 286 506 196 713 217 119 166 943 498 12 938 507 826 662 
810 548 312 178 195 187 84 277 319 151 0 741 684 171 522 140 820 819 948 54 8 291 449 594 152 960 870 926 872 956 124 544 438 871 499 127 660 704 761 244 
79 74 753 988 712 824 380 429 853 639 741 0 312 750 920 19 368 483 330 617 409 343 961 606 64 543 531 352 210 176 77 31 878 828 315 220 481 773 975 674 
342 805 97 40 586 137 346 714 589 374 684 312 0 456 289 726 584 896 222 80 276 518 439 144 675 266 871 506 149 184 34 342 895 692 203 322 960 7 889 387 
153 519 806 794 123 974 806 509 150 97 171 750 456 0 366 215 656 104 477 952 207 237 792 567 119 281 888 195 15 809 904 362 96 505 388 117 370 302 477 479 
507 619 237 347 31 329 864 636 4 701 522 920 289 366 0 589 805 745 132 61 758 755 405 211 858 57 148 23 883 418 604 299 22 793 184 446 893 885 552 4 
603 945 865 81 900 724 757 978 921 11 140 19 726 215 589 0 695 322 883 910 669 385 444 497 274 313 638 541 287 815 455 664 946 394 28 872 81 669 806 861 
929 187 84 899 978 157 827 389 768 500 820 368 584 656 805 695 0 84 44 491 446 898 848 784 558 643 883 395 437 107 114 564 668 411 806 77 971 27 121 283 
984 445 378 410 924 437 189 842 636 362 819 483 896 104 745 322 84 0 945 158 865 957 430 524 476 358 98 618 875 760 884 105 969 948 968 533 489 589 147 81 
202 878 72 138 147 72 75 73 112 980 948 330 222 477 132 883 44 945 0 484 199 596 175 81 972 747 405 90 393 489 624 619 508 79 351 75 305 766 511 269 
522 577 835 337 859 853 582 327 764 777 54 617 80 952 61 910 491 158 484 0 890 408 983 714 648 309 519 729 12 404 1 559 947 421 394 238 118 55 74 120 
133 638 992 249 890 370 970 823 724 18 8 409 276 207 758 669 446 865 199 890 0 234 18 982 325 817 601 142 379 880 860 971 444 206 234 825 376 784 664 383 
962 55 75 377 487 528 960 5 684 135 291 343 518 237 755 385 898 957 596 408 234 0 939 328 76 877 674 669 110 494 244 640 17 283 360 852 690 470 407 7 
390 251 990 217 550 979 201 73 141 220 449 961 439 792 405 444 848 430 175 983 18 939 0 644 330 537 921 784 794 790 534 447 961 783 525 471 257 989 508 768 
263 389 356 73 291 778 528 227 601 39 594 606 144 567 211 497 784 524 81 714 982 328 644 0 51 506 738 724 33 698 880 478 217 40 250 36 623 576 946 289 
942 782 98 799 933 940 236 548 613 530 152 64 675 119 858 274 558 476 972 648 325 76 330 51 0 63 38 706 132 764 939 578 33 271 137 824 350 305 210 717 
808 487 655 668 787 91 29 641 893 374 960 543 266 281 57 313 643 358 747 309 817 877 537 506 63 0 345 1000 628 574 729 257 140 744 969 571 573 86 886 270 
557 631 1000 904 402 562 203 697 476 286 870 531 871 888 148 638 883 98 405 519 601 674 921 738 38 345 0 237 759 85 455 815 78 151 756 228 603 458 326 315 
309 639 55 657 717 484 754 92 158 506 926 352 506 195 23 541 395 618 90 729 142 669 784 724 706 1000 237 0 498 387 425 717 23 171 538 179 623 354 641 906 
840 631 88 917 742 723 693 659 306 196 872 210 149 15 883 287 437 875 393 12 379 110 794 33 132 628 759 498 0 231 105 362 492 424 106 806 340 984 852 41 
407 430 577 449 128 946 518 633 422 713 956 176 184 809 418 815 107 760 489 404 880 494 790 698 764 574 85 387 231 0 428 125 916 238 871 455 918 727 968 552 
336 267 593 187 879 138 737 282 525 217 124 77 34 904 604 455 114 884 624 1 860 244 534 880 939 729 455 425 105 428 0 482 761 340 982 511 306 426 230 667 
255 565 464 416 655 351 375 175 232 119 544 31 342 362 299 664 564 105 619 559 971 640 447 478 578 257 815 717 362 125 482 0 61 282 843 727 299 84 808 775 
635 189 406 643 888 296 776 327 413 166 438 878 895 96 22 946 668 969 508 947 444 17 961 217 33 140 78 23 492 916 761 61 0 738 212 18 269 478 690 738 
204 524 880 415 51 948 994 447 625 943 871 828 692 505 793 394 411 948 79 421 206 283 783 40 271 744 151 171 424 238 340 282 738 0 50 149 988 903 650 946 
335 405 966 196 950 597 785 807 274 498 499 315 203 388 184 28 806 968 351 394 234 360 525 250 137 969 756 538 106 871 982 843 212 50 0 255 888 57 859 252 
257 647 949 178 477 69 603 282 554 12 127 220 322 117 446 872 77 533 75 238 825 852 471 36 824 571 228 179 806 455 511 727 18 149 255 0 381 937 865 516 
107 434 458 350 62 779 917 563 597 938 660 481 960 370 893 81 971 489 305 118 376 690 257 623 350 573 603 623 340 918 306 299 269 988 888 381 0 728 816 858 
39 930 950 784 401 462 507 614 159 507 704 773 7 302 885 669 27 589 766 55 784 470 989 576 305 86 458 354 984 727 426 84 478 903 57 937 728 0 663 315 
580 102 799 555 329 441 137 694 614 826 761 975 889 477 552 806 121 147 511 74 664 407 508 946 210 886 326 641 852 968 230 808 690 650 859 865 816 663 0 665 
552 66 490 260 393 777 421 91 230 662 244 674 387 479 4 861 283 81 269 120 383 7 768 289 717 270 315 906 41 552 667 775 738 946 252 516 858 315 665 0 
0 335 331 786 636 141 414 163 244 739 421 679 386 936 793 132 58 260 302 298 918 146 255 898 299 76 582 244 68 302 80 803 235 541 281 683 981 800 449 898 
335 0 144 949 146 307 41 101 852 541 89 970 197 481 477 89 564 844 448 708 995 840 584 190 632 956 661 837 296 536 277 292 561 583 191 423 814 57 906 663 
331 144 0 624 850 300 581 354 583 922 126 823 700 498 539 31 661 236 565 927 969 718 165 439 482 362 320 524 926 427 313 874 813 3 261 158 765 620 767 814 
786 949 624 0 110 173 160 233 515 612 865 975 988 263 456 497 30 902 964 790 931 1000 874 413 317 308 276 73 4 218 693 989 245 853 959 756 961 304 769 937 
636 146 850 110 0 5 620 745 275 110 704 239 249 482 630 258 429 111 265 508 597 542 330 429 58 345 554 135 238 738 341 86 523 201 368 761 606 300 966 285 
141 307 300 173 5 0 807 753 773 371 392 97 838 452 81 489 825 451 855 173 270 972 817 116 311 985 371 605 816 664 935 186 403 200 504 489 94 177 33 838 
414 41 581 160 620 807 0 277 720 549 1000 524 384 705 438 195 533 918 860 849 15 351 174 379 723 871 753 648 427 625 99 593 260 928 310 90 558 749 985 671 
163 101 354 233 745 753 277 0 566 646 17 497 589 436 305 474 195 370 245 400 638 861 773 616 174 464 704 759 499 287 301 441 946 502 76 836 654 622 588 66 
244 852 583 515 275 773 720 566 0 746 660 98 191 93 620 471 128 483 628 285 893 606 539 365 623 184 687 913 390 680 103 561 428 433 359 230 608 906 606 210 
739 541 922 612 110 371 549 646 746 0 764 352 682 815 233 332 218 601 481 361 645 255 707 726 405 470 202 472 943 196 254 909 437 615 584 420 907 344 324 351 
421 89 126 865 704 392 1000 17 660 764 0 124 374 565 909 646 261 198 321 699 946 211 606 634 718 273 484 144 530 464 602 627 348 489 64 613 25 156 211 840 
679 970 823 975 239 97 524 497 98 352 124 0 353 153 9 903 334 275 681 540 376 991 546 294 813 266 930 75 927 943 807 489 488 166 814 428 333 59 54 183 
386 197 700 988 249 838 384 589 191 682 374 353 0 627 624 788 447 521 786 632 629 296 584 595 221 631 158 576 819 12 951 922 599 198 675 891 572 612 207 514 
936 481 498 263 482 452 705 436 93 815 565 153 627 0 552 804 519 643 810 392 245 683 693 441 835 434 516 433 765 405 410 258 601 690 689 380 34 432 397 512 
793 477 539 456 630 81 438 305 620 233 909 9 624 552 0 310 801 495 582 771 320 222 584 443 318 987 788 821 589 535 615 778 937 92 484 977 295 256 568 627 
132 89 31 497 258 489 195 474 471 332 646 903 788 804 310 0 659 306 203 108 379 360 849 265 244 775 760 881 523 22 966 598 105 565 440 104 545 451 396 368 
58 564 661 30 429 825 533 195 128 218 261 334 447 519 801 659 0 406 949 511 800 143 385 60 779 392 654 878 844 47 429 468 319 279 430 797 2 822 977 533 
260 844 236 902 111 451 918 370 483 601 198 275 521 643 495 306 406 0 366 963 19 378 367 93 12 885 767 642 43 9 197 672 652 485 285 314 910 103 921 826 
302 448 565 964 265 855 860 245 628 481 321 681 786 810 582 203 949 366 0 625 917 248 521 1000 513 244 176 274 445 109 200 168 110 516 165 704 856 92 735 632 
298 708 927 790 508 173 849 400 285 361 699 540 632 392 771 108 511 963 625 0 484 844 524 331 993 646 207 594 848 926 800 447 26 536 920 372 458 880 989 865 
918 995 969 931 597 270 15 638 893 645 946 376 629 245 320 379 800 19 917 484 0 920 624 49 861 226 503 782 922 31 797 280 872 55 962 31 800 353 805 513 
146 840 718 1000 542 972 351 861 606 255 211 991 296 683 222 360 143 378 248 844 920 0 141 617 333 1 721 387 905 261 618 840 969 244 298 246 329 637 547 677 
255 584 165 874 330 817 174 773 539 707 606 546 584 693 584 849 385 367 521 524 624 141 0 751 976 653 66 323 300 698 709 670 733 550 85 931 184 327 32 259 
898 190 439 413 429 116 379 616 365 726 634 294 595 441 443 265 60 93 1000 331 49 617 751 0 485 527 59 254 746 387 198 368 583 970 856 998 208 308 552 393 
299 632 482 317 58 311 723 174 623 405 718 813 221 835 318 244 779 12 513 993 861 333 976 485 0 620 881 256 77 428 488 316 287 761 939 373 817 780 802 260 
76 956 362 308 345 985 871 464 184 470 273 266 631 434 987 775 392 885 244 646 226 1 653 527 620 0 837 361 378 264 125 99 989 701 178 860 701 770 276 236 
582 661 320 276 554 371 753 704 687 202 484 930 158 516 788 760 654 767 176 207 503 721 66 59 881 837 0 599 38 899 598 367 713 424 729 538 139 893 702 756 
244 837 524 73 135 605 648 759 913 472 144 75 576 433 821 881 878 642 274 594 782 387 323 254 256 361 599 0 807 775 288 614 906 590 178 804 454 923 356 24 
68 296 926 4 238 816 427 499 390 943 530 927 819 765 589 523 844 43 445 848 922 905 300 746 77 378 38 807 0 566 483 101 176 275 959 105 441 743 723 116 
302 536 427 218 738 664 625 287 680 196 464 943 12 405 535 22 47 9 109 926 31 261 698 387 428 264 899 775 566 0 848 849 217 413 939 534 211 216 31 317 
80 277 313 693 341 935 99 301 103 254 602 807 951 410 615 966 429 197 200 800 797 618 709 198 488 125 598 288 483 848 0 661 720 667 549 74 828 983 558 312 
803 292 874 989 86 186 593 441 561 909 627 489 922 258 778 598 468 672 168 447 280 840 670 368 316 99 367 614 101 849 661 0 811 912 357 123 709 623 402 279 
235 561 813 245 523 403 260 946 428 437 348 488 599 601 937 105 319 652 110 26 872 969 733 583 287 989 713 906 176 217 720 811 0 675 116 455 271 93 788 352 
541 583 3 853 201 200 928 502 433 615 489 166 198 690 92 565 279 485 516 536 55 244 550 970 761 701 424 590 275 413 667 912 675 0 728 917 428 189 164 249 
281 191 261 959 368 504 310 76 359 584 64 814 675 689 484 440 430 285 165 920 962 298 85 856 939 178 729 178 959 939 549 357 116 728 0 156 439 677 493 328 
683 423 158 756 761 489 90 836 230 420 613 428 891 380 977 104 797 314 704 372 31 246 931 998 373 860 538 804 105 534 74 123 455 917 156 0 754 605 807 226 
981 814 765 961 606 94 558 654 608 907 25 333 572 34 295 545 2 910 856 458 800 329 184 208 817 701 139 454 441 211 828 709 271 428 439 754 0 910 394 20 
800 57 620 304 300 177 749 622 906 344 156 59 612 432 256 451 822 103 92 880 353 637 327 308 780 770 893 923 743 216 983 623 93 189 677 605 910 0 223 333 
449 906 767 769 966 33 985 588 606 324 211 54 207 397 568 396 977 921 735 989 805 547 32 552 802 276 702 356 723 31 558 402 788 164 493 807 394 223 0 57 
898 663 814 937 285 838 671 66 210 351 840 183 514 512 627 368 533 826 632 865 513 677 259 393 260 236 756 24 116 317 312 279 352 249 328 226 20 333 57 0 
0 195 353 418 538 412 646 297 625 351 49 441 77 619 592 564 133 486 766 866 721 394 212 650 645 165 256 263 524 298 641 784 542 648 949 773 316 202 657 338 
195 0 327 874 531 415 922 619 884 800 343 664 349 621 440 749 896 353 26 551 535 989 989 952 287 191 682 348 716 162 941 421 649 507 512 304 679 246 807 409 
353 327 0 373 279 762 194 49 456 468 967 433 880 609 72 465 988 748 388 517 145 665 194 882 91 109 392 747 887 810 613 775 457 444 284 884 427 378 435 661 
418 874 373 0 491 692 812 224 266 548 990 353 815 148 632 549 817 788 668 814 429 474 444 232 45 210 203 335 342 559 614 700 296 451 217 693 574 346 131 563 
538 531 279 491 0 659 170 115 213 211 134 757 174 701 919 9 608 490 1 249 349 533 184 640 764 281 720 270 276 825 488 182 436 779 291 209 961 871 968 585 
412 415 762 692 659 0 419 662 865 713 559 14 639 114 58 595 810 675 928 415 867 818 160 244 472 259 703 712 671 124 76 713 145 147 215 582 184 118 663 186 
646 922 194 812 170 419 0 681 592 634 188 484 608 571 522 483 649 299 683 330 160 379 671 638 547 345 907 522 290 438 235 523 241 451 112 137 39 231 800 640 
297 619 49 224 115 662 681 0 588 472 939 611 437 262 180 413 752 421 788 445 316 889 516 736 299 789 472 569 217 203 143 784 569 394 510 196 164 769 392 981 
625 884 456 266 213 865 592 588 0 984 183 128 213 958 920 63 25 350 773 669 43 171 510 251 575 212 145 657 454 651 375 742 599 149 907 465 714 587 473 727 
351 800 468 548 211 713 634 472 984 0 679 60 416 712 44 451 785 814 756 393 505 865 983 52 754 943 446 551 954 718 744 958 650 389 494 799 201 598 566 350 
49 343 967 990 134 559 188 939 183 679 0 7 71 996 864 329 162 272 96 971 539 886 54 75 997 49 299 186 204 844 705 996 415 282 734 576 22 325 289 544 
441 664 433 353 757 14 484 611 128 60 7 0 500 468 11 924 347 257 702 799 610 286 25 15 828 829 574 901 973 238 723 556 572 671 639 122 771 493 459 78 
77 349 880 815 174 639 608 437 213 416 71 500 0 174 736 41 646 85 192 562 797 626 566 512 702 686 677 661 705 925 981 677 85 271 456 911 67 776 655 894 
619 621 609 148 701 114 571 262 958 712 996 468 174 0 312 931 649 632 22 323 982 484 13 787 618 677 622 899 305 310 516 286 971 438 815 900 623 808 393 492 
592 440 72 632 919 58 522 180 920 44 864 11 736 312 0 132 405 778 276 623 811 776 190 609 221 392 863 653 85 143 532 150 982 394 874 116 219 119 409 898 
564 749 465 549 9 595 483 413 63 451 329 924 41 931 132 0 68 470 287 268 979 652 794 383 740 593 362 795 507 881 406 58 127 282 412 257 599 59 949 187 
133 896 988 817 608 810 649 752 25 785 162 347 646 649 405 68 0 588 783 821 622 25 606 570 389 740 373 469 242 893 944 97 118 400 692 727 170 681 870 760 
486 353 748 788 490 675 299 421 350 814 272 257 85 632 778 470 588 0 591 852 476 714 669 309 466 528 614 223 472 56 187 154 185 146 224 111 220 137 591 654 
766 26 388 668 1 928 683 788 773 756 96 702 192 22 276 287 783 591 0 281 342 664 795 720 82 390 273 685 754 347 318 427 685 816 727 768 479 274 282 422 
866 551 517 814 249 415 330 445 669 393 971 799 562 323 623 268 821 852 281 0 91 887 257 581 369 500 62 71 633 791 947 686 466 617 642 890 918 611 780 824 
721 535 145 429 349 867 160 316 43 505 539 610 797 982 811 979 622 476 342 91 0 860 950 91 43 350 934 589 889 563 306 341 306 605 600 66 407 177 393 292 
394 989 665 474 533 818 379 889 171 865 886 286 626 484 776 652 25 714 664 887 860 0 32 811 479 218 687 741 671 706 310 629 836 52 627 690 61 523 751 527 
212 989 194 444 184 160 671 516 510 983 54 25 566 13 190 794 606 669 795 257 950 32 0 409 244 743 152 312 232 429 26 585 367 599 206 40 647 63 443 383 
650 952 882 232 640 244 638 736 251 52 75 15 512 787 609 383 570 309 720 581 91 811 409 0 864 762 896 486 959 573 682 634 864 693 591 143 107 21 195 400 
645 287 91 45 764 472 547 299 575 754 997 828 702 618 221 740 389 466 82 369 43 479 244 864 0 486 882 531 447 488 26 320 798 637 507 176 522 596 933 27 
165 191 109 210 281 259 345 789 212 943 49 829 686 677 392 593 740 528 390 500 350 218 743 762 486 0 480 250 727 16 639 787 44 851 854 590 315 545 274 740 
256 682 392 203 720 703 907 472 145 446 299 574 677 622 863 362 373 614 273 62 934 687 152 896 882 480 0 376 514 266 946 196 940 447 249 999 718 730 944 490 
263 348 747 335 270 712 522 569 657 551 186 901 661 899 653 795 469 223 685 71 589 741 312 486 531 250 376 0 363 509 885 354 374 716 144 549 77 533 560 395 
524 716 887 342 276 671 290 217 454 954 204 973 705 305 85 507 242 472 754 633 889 671 232 959 447 727 514 363 0 775 970 768 498 224 686 409 592 866 417 606 
298 162 810 559 825 124 438 203 651 718 844 238 925 310 143 881 893 56 347 791 563 706 429 573 488 16 266 509 775 0 212 658 662 622 493 777 682 785 63 512 
641 941 613 614 488 76 235 143 375 744 705 723 981 516 532 406 944 187 318 947 306 310 26 682 26 639 946 885 970 212 0 155 797 328 203 817 601 833 612 98 
784 421 775 700 182 713 523 784 742 958 996 556 677 286 150 58 97 154 427 686 341 629 585 634 320 787 196 354 768 658 155 0 462 999 194 806 904 994 698 650 
542 649 457 296 436 145 241 569 599 650 415 572 85 971 982 127 118 185 685 466 306 836 367 864 798 44 940 374 498 662 797 462 0 608 633 524 489 205 202 802 
648 507 444 451 779 147 451 394 149 389 282 671 271 438 394 282 400 146 816 617 605 52 599 693 637 851 447 716 224 622 328 999 608 0 911 758 315 338 568 66 
949 512 284 217 291 215 112 510 907 494 734 639 456 815 874 412 692 224 727 642 600 627 206 591 507 854 249 144 686 493 203 194 633 911 0 829 308 520 146 653 
773 304 884 693 209 582 137 196 465 799 576 122 911 900 116 257 727 111 768 890 66 690 40 143 176 590 999 549 409 777 817 806 524 758 829 0 791 130 370 551 
316 679 427 574 961 184 39 164 714 201 22 771 67 623 219 599 170 220 479 918 407 61 647 107 522 315 718 77 592 682 601 904 489 315 308 791 0 66 114 626 
202 246 378 346 871 118 231 769 587 598 325 493 776 808 119 59 681 137 274 611 177 523 63 21 596 545 730 533 866 785 833 994 205 338 520 130 66 0 378 134 
657 807 435 131 968 663 800 392 473 566 289 459 655 393 409 949 870 591 282 780 393 751 443 195 933 274 944 560 417 63 612 698 202 568 146 370 114 378 0 352 
338 409 661 563 585 186 640 981 727 350 544 78 894 492 898 187 760 654 422 824 292 527 383 400 27 740 490 395 606 512 98 650 802 66 653 551 626 134 352 0 
