30 3
0 256 896 102 966 87 881 831 280 747 147 143 982 233 338 988 406 197 604 172 278 687 292 833 820 100 966 657 295 392 
256 0 14 715 114 668 654 715 316 505 712 877 378 326 942 874 327 575 643 950 145 533 811 793 500 480 321 609 349 376 
896 14 0 215 99 445 779 994 937 939 376 696 4 736 620 694 230 472 438 77 478 336 103 218 903 15 500 965 425 79 
102 715 215 0 151 448 112 584 143 244 480 119 430 864 672 457 108 28 182 198 514 40 474 142 943 502 948 182 461 154 
966 114 99 151 0 941 312 698 80 80 174 998 833 563 889 853 384 881 73 621 848 554 702 762 896 445 651 229 741 122 
87 668 445 448 941 0 212 449 761 385 226 483 89 817 67 60 426 548 973 288 354 547 625 263 868 147 500 334 833 133 
881 654 779 112 312 212 0 140 583 750 993 944 826 969 536 858 231 823 430 414 473 632 811 70 234 147 950 66 867 786 
831 715 994 584 698 449 140 0 674 711 175 78 472 481 829 721 886 848 175 763 477 932 353 982 210 147 390 452 763 177 
280 316 937 143 80 761 583 674 0 501 334 402 857 183 164 657 692 958 566 556 882 567 301 576 853 354 567 210 47 108 
747 505 939 244 80 385 750 711 501 0 994 136 674 731 949 272 90 881 877 203 72 633 393 468 467 483 133 735 741 745 
147 712 376 480 174 226 993 175 334 994 0 875 399 935 555 252 482 123 499 584 168 198 153 354 767 79 116 700 969 880 
143 877 696 119 998 483 944 78 402 136 875 0 758 879 932 868 996 40 926 195 61 368 840 510 933 360 56 555 427 133 
982 378 4 430 833 89 826 472 857 674 399 758 0 776 207 463 512 315 312 1 482 697 74 414 462 938 319 507 976 219 
233 326 736 864 563 817 969 481 183 731 935 879 776 0 733 281 308 175 109 545 550 309 353 204 202 542 329 671 570 864 
338 942 620 672 889 67 536 829 164 949 555 932 207 733 0 200 661 112 496 405 893 644 19 959 431 274 854 463 72 356 
988 874 694 457 853 60 858 721 657 272 252 868 463 281 200 0 375 811 783 644 637 432 64 436 976 835 81 663 937 512 
406 327 230 108 384 426 231 886 692 90 482 996 512 308 661 375 0 471 138 100 949 540 211 256 121 213 521 817 190 149 
197 575 472 28 881 548 823 848 958 881 123 40 315 175 112 811 471 0 298 222 553 24 938 852 485 881 509 651 448 998 
604 643 438 182 73 973 430 175 566 877 499 926 312 109 496 783 138 298 0 968 927 323 648 676 857 429 445 371 161 917 
172 950 77 198 621 288 414 763 556 203 584 195 1 545 405 644 100 222 968 0 86 982 406 936 593 396 553 3 899 58 
278 145 478 514 848 354 473 477 882 72 168 61 482 550 893 637 949 553 927 86 0 372 173 804 668 11 109 869 376 871 
687 533 336 40 554 547 632 932 567 633 198 368 697 309 644 432 540 24 323 982 372 0 310 714 687 507 726 260 601 690 
292 811 103 474 702 625 811 353 301 393 153 840 74 353 19 64 211 938 648 406 173 310 0 379 93 763 349 564 285 286 
833 793 218 142 762 263 70 982 576 468 354 510 414 204 959 436 256 852 676 936 804 714 379 0 717 530 948 787 648 165 
820 500 903 943 896 868 234 210 853 467 767 933 462 202 431 976 121 485 857 593 668 687 93 717 0 686 768 682 927 756 
100 480 15 502 445 147 147 147 354 483 79 360 938 542 274 835 213 881 429 396 11 507 763 530 686 0 428 562 299 865 
966 321 500 948 651 500 950 390 567 133 116 56 319 329 854 81 521 509 445 553 109 726 349 948 768 428 0 729 243 791 
657 609 965 182 229 334 66 452 210 735 700 555 507 671 463 663 817 651 371 3 869 260 564 787 682 562 729 0 907 888 
295 349 425 461 741 833 867 763 47 741 969 427 976 570 72 937 190 448 161 899 376 601 285 648 927 299 243 907 0 875 
392 376 79 154 122 133 786 177 108 745 880 133 219 864 356 512 149 998 917 58 871 690 286 165 756 865 791 888 875 0 
0 568 748 130 909 770 758 469 73 176 540 975 810 508 499 309 417 906 968 51 120 728 647 919 925 409 744 621 873 795 
568 0 809 999 825 755 128 70 99 923 181 582 960 746 997 86 947 605 89 997 639 850 200 1 356 512 87 189 140 678 
748 809 0 936 639 329 278 964 476 998 639 951 662 552 742 118 219 825 224 23 563 106 818 972 771 635 150 566 179 454 
130 999 936 0 533 150 278 174 698 529 145 859 766 407 504 234 1000 748 857 471 866 363 608 605 162 624 859 212 156 506 
909 825 639 533 0 768 247 705 236 582 470 456 490 620 408 936 657 523 640 486 698 777 858 364 174 696 538 679 790 57 
770 755 329 150 768 0 815 393 679 647 388 208 401 639 590 760 170 448 698 746 941 325 534 695 940 794 313 601 869 831 
758 128 278 278 247 815 0 670 760 272 362 731 427 496 914 615 425 978 206 356 317 930 858 950 374 942 371 892 440 174 
469 70 964 174 705 393 670 0 243 596 131 112 884 782 917 444 115 789 642 157 609 708 663 754 695 441 664 715 224 537 
73 99 476 698 236 679 760 243 0 92 41 888 639 701 653 463 45 224 429 826 633 462 449 489 195 433 68 56 809 698 
176 923 998 529 582 647 272 596 92 0 780 889 312 851 526 621 282 389 288 469 591 952 729 160 978 515 953 269 614 869 
540 181 639 145 470 388 362 131 41 780 0 27 497 644 128 86 467 56 13 295 511 898 897 210 969 594 164 432 965 444 
975 582 951 859 456 208 731 112 888 889 27 0 60 871 281 583 861 140 887 451 86 543 997 561 331 844 769 532 323 891 
810 960 662 766 490 401 427 884 639 312 497 60 0 995 572 265 978 322 664 728 947 448 348 173 391 49 474 376 556 507 
508 746 552 407 620 639 496 782 701 851 644 871 995 0 896 939 187 188 846 482 658 538 324 841 482 436 936 738 544 667 
499 997 742 504 408 590 914 917 653 526 128 281 572 896 0 169 264 199 835 666 484 445 58 855 528 407 863 574 11 798 
309 86 118 234 936 760 615 444 463 621 86 583 265 939 169 0 301 815 98 607 29 812 407 649 275 181 110 292 912 572 
417 947 219 1000 657 170 425 115 45 282 467 861 978 187 264 301 0 90 337 920 35 82 409 780 875 598 87 480 770 883 
906 605 825 748 523 448 978 789 224 389 56 140 322 188 199 815 90 0 359 850 219 511 549 136 245 741 360 495 609 798 
968 89 224 857 640 698 206 642 429 288 13 887 664 846 835 98 337 359 0 412 114 829 440 963 532 566 452 598 757 782 
51 997 23 471 486 746 356 157 826 469 295 451 728 482 666 607 920 850 412 0 934 559 393 634 42 683 786 827 798 671 
120 639 563 866 698 941 317 609 633 591 511 86 947 658 484 29 35 219 114 934 0 795 500 308 585 961 71 618 634 639 
728 850 106 363 777 325 930 708 462 952 898 543 448 538 445 812 82 511 829 559 795 0 280 804 368 369 897 946 128 574 
647 200 818 608 858 534 858 663 449 729 897 997 348 324 58 407 409 549 440 393 500 280 0 31 493 53 331 618 844 980 
919 1 972 605 364 695 950 754 489 160 210 561 173 841 855 649 780 136 963 634 308 804 31 0 484 529 595 523 58 320 
925 356 771 162 174 940 374 695 195 978 969 331 391 482 528 275 875 245 532 42 585 368 493 484 0 810 987 302 837 373 
409 512 635 624 696 794 942 441 433 515 594 844 49 436 407 181 598 741 566 683 961 369 53 529 810 0 61 132 521 44 
744 87 150 859 538 313 371 664 68 953 164 769 474 936 863 110 87 360 452 786 71 897 331 595 987 61 0 496 777 365 
621 189 566 212 679 601 892 715 56 269 432 532 376 738 574 292 480 495 598 827 618 946 618 523 302 132 496 0 445 301 
873 140 179 156 790 869 440 224 809 614 965 323 556 544 11 912 770 609 757 798 634 128 844 58 837 521 777 445 0 920 
795 678 454 506 57 831 174 537 698 869 444 891 507 667 798 572 883 798 782 671 639 574 980 320 373 44 365 301 920 0 
0 458 823 69 737 857 589 479 24 157 615 979 844 528 548 370 432 861 934 106 158 793 549 902 953 643 703 485 962 893 
458 0 571 900 778 820 59 87 15 951 166 509 962 802 856 11 831 733 173 987 449 871 322 138 533 475 208 391 133 750 
823 571 0 868 648 100 205 969 521 956 485 845 720 662 779 307 168 811 225 75 570 164 971 982 648 599 198 380 36 462 
69 900 868 0 311 305 189 252 737 506 238 955 815 307 616 253 997 917 750 395 771 226 591 822 285 588 873 440 189 531 
737 778 648 311 0 1000 364 614 283 771 231 478 473 784 500 821 708 549 589 553 842 651 887 348 313 638 621 611 722 173 
857 820 100 305 1000 0 751 187 551 601 358 194 437 769 575 845 219 380 644 783 930 377 393 653 1000 921 388 671 794 980 
589 59 205 189 364 751 0 585 962 244 239 711 414 547 989 703 445 879 257 479 307 835 866 941 489 839 306 833 376 93 
479 87 969 252 614 187 585 0 129 735 196 117 994 590 963 367 6 770 601 240 491 998 766 911 778 347 585 843 284 595 
24 15 521 737 283 551 962 129 0 100 72 828 575 446 757 511 256 88 436 912 534 428 351 521 178 595 96 200 776 719 
157 951 956 506 771 601 244 735 100 0 827 912 401 713 753 636 444 424 312 493 653 939 562 63 955 414 894 355 646 758 
615 166 485 238 231 358 239 196 72 827 0 77 575 566 266 199 548 59 14 284 614 933 879 131 939 815 187 478 888 426 
979 509 845 955 478 194 711 117 828 912 77 0 40 867 524 611 676 70 769 424 67 653 900 533 392 675 468 647 312 892 
844 962 720 815 473 437 414 994 575 401 575 40 0 850 502 312 685 368 657 753 991 405 284 93 455 176 318 268 571 508 
528 802 662 307 784 769 547 590 446 713 566 867 850 0 881 793 140 302 761 575 567 648 418 882 611 398 998 867 395 777 
548 856 779 616 500 575 989 963 757 753 266 524 502 881 0 43 168 483 690 629 504 602 221 912 320 420 992 614 34 659 
370 11 307 253 821 845 703 367 511 636 199 611 312 793 43 0 292 961 126 626 138 896 328 632 259 104 104 388 983 653 
432 831 168 997 708 219 445 6 256 444 548 676 685 140 168 292 0 96 294 765 79 112 544 861 854 719 287 566 904 782 
861 733 811 917 549 380 879 770 88 424 59 70 368 302 483 961 96 0 129 948 256 332 468 119 382 667 368 411 575 639 
934 173 225 750 589 644 257 601 436 312 14 769 657 761 690 126 294 129 0 336 90 740 350 806 471 548 714 562 712 889 
106 987 75 395 553 783 479 240 912 493 284 424 753 575 629 626 765 948 336 0 903 667 366 558 141 682 797 814 802 648 
158 449 570 771 842 930 307 491 534 653 614 67 991 567 504 138 79 256 90 903 0 846 396 339 495 742 116 760 630 624 
793 871 164 226 651 377 835 998 428 939 933 653 405 648 602 896 112 332 740 667 846 0 209 932 390 364 734 855 181 676 
549 322 971 591 887 393 866 766 351 562 879 900 284 418 221 328 544 468 350 366 396 209 0 28 543 5 173 662 884 826 
902 138 982 822 348 653 941 911 521 63 131 533 93 882 912 632 861 119 806 558 339 932 28 0 402 584 639 372 363 364 
953 533 648 285 313 1000 489 778 178 955 939 392 455 611 320 259 854 382 471 141 495 390 543 402 0 725 811 264 711 302 
643 475 599 588 638 921 839 347 595 414 815 675 176 398 420 104 719 667 548 682 742 364 5 584 725 0 89 27 432 106 
703 208 198 873 621 388 306 585 96 894 187 468 318 998 992 104 287 368 714 797 116 734 173 639 811 89 0 387 758 227 
485 391 380 440 611 671 833 843 200 355 478 647 268 867 614 388 566 411 562 814 760 855 662 372 264 27 387 0 404 312 
962 133 36 189 722 794 376 284 776 646 888 312 571 395 34 983 904 575 712 802 630 181 884 363 711 432 758 404 0 858 
893 750 462 531 173 980 93 595 719 758 426 892 508 777 659 653 782 639 889 648 624 676 826 364 302 106 227 312 858 0 
0 427 490 263 836 609 725 517 124 67 483 983 953 515 613 165 532 994 977 42 278 703 497 799 937 468 672 626 800 787 
427 0 874 972 711 909 18 207 98 907 248 734 986 810 955 82 901 541 119 893 917 768 258 67 394 768 17 472 219 743 
490 874 0 738 771 446 311 992 311 989 528 954 556 533 701 89 388 862 226 67 597 174 710 896 611 587 313 509 217 439 
263 972 738 0 482 159 374 274 658 492 61 862 760 354 750 146 987 609 948 519 750 566 471 627 24 676 936 285 55 595 
836 711 771 482 0 675 317 678 92 543 453 635 358 711 428 803 592 500 508 503 551 800 933 266 67 630 570 847 637 4 
609 909 446 159 675 0 799 413 689 405 330 273 423 751 644 847 232 631 705 768 928 309 575 577 936 621 261 651 795 830 
725 18 311 374 317 799 0 761 658 293 287 728 320 756 773 752 693 847 195 419 176 926 874 950 537 905 193 784 401 157 
517 207 992 274 678 413 761 0 143 453 154 84 818 787 958 347 250 816 354 197 514 749 841 703 359 327 680 869 357 546 
124 98 311 658 92 689 658 143 0 34 131 878 717 673 569 401 171 131 508 723 626 690 322 588 331 445 61 69 842 800 
67 907 989 492 543 405 293 453 34 0 905 953 386 771 408 523 188 312 249 613 550 905 823 130 977 396 871 475 483 924 
483 248 528 61 453 330 287 154 131 905 0 16 478 494 48 197 422 224 122 364 611 841 834 207 977 556 66 428 847 425 
983 734 954 862 635 273 728 84 878 953 16 0 57 827 349 352 901 166 798 542 168 489 959 472 186 750 846 695 352 925 
953 986 556 760 358 423 320 818 717 386 478 57 0 945 752 248 818 290 533 750 986 476 318 312 324 119 562 318 541 498 
515 810 533 354 711 751 756 787 673 771 494 827 945 0 700 874 152 228 744 659 672 546 382 605 395 639 928 728 577 650 
613 955 701 750 428 644 773 958 569 408 48 349 752 700 0 213 75 168 990 609 491 585 49 922 509 239 843 635 79 762 
165 82 89 146 803 847 752 347 401 523 197 352 248 874 213 0 438 754 20 512 82 824 480 668 400 435 166 162 841 551 
532 901 388 987 592 232 693 250 171 188 422 901 818 152 75 438 0 278 336 842 234 83 496 830 907 612 67 399 894 721 
994 541 862 609 500 631 847 816 131 312 224 166 290 228 168 754 278 0 402 950 319 633 639 211 258 691 435 540 590 915 
977 119 226 948 508 705 195 354 508 249 122 798 533 744 990 20 336 402 0 449 302 944 338 964 482 499 582 699 958 778 
42 893 67 519 503 768 419 197 723 613 364 542 750 659 609 512 842 950 449 0 777 376 362 541 143 800 700 869 622 568 
278 917 597 750 551 928 176 514 626 550 611 168 986 672 491 82 234 319 302 777 0 898 403 271 604 874 68 597 713 640 
703 768 174 566 800 309 926 749 690 905 841 489 476 546 585 824 83 633 944 376 898 0 285 811 186 168 603 795 53 747 
497 258 710 471 933 575 874 841 322 823 834 959 318 382 49 480 496 639 338 362 403 285 0 93 511 220 432 650 796 764 
799 67 896 627 266 577 950 703 588 130 207 472 312 605 922 668 830 211 964 541 271 811 93 0 394 549 452 501 133 158 
937 394 611 24 67 936 537 359 331 977 977 186 324 395 509 400 907 258 482 143 604 186 511 394 0 862 877 355 739 512 
468 768 587 676 630 621 905 327 445 396 556 750 119 639 239 435 612 691 499 800 874 168 220 549 862 0 76 245 529 26 
672 17 313 936 570 261 193 680 61 871 66 846 562 928 843 166 67 435 582 700 68 603 432 452 877 76 0 418 831 179 
626 472 509 285 847 651 784 869 69 475 428 695 318 728 635 162 399 540 699 869 597 795 650 501 355 245 418 0 371 109 
800 219 217 55 637 795 401 357 842 483 847 352 541 577 79 841 894 590 958 622 713 53 796 133 739 529 831 371 0 945 
787 743 439 595 4 830 157 546 800 924 425 925 498 650 762 551 721 915 778 568 640 747 764 158 512 26 179 109 945 0 
