10 3
0 574 433 516 753 90 943 104 862 476 
574 0 73 813 412 449 566 465 464 571 
433 73 0 822 210 981 330 25 206 464 
516 813 822 0 245 943 990 689 483 409 
753 412 210 245 0 370 902 776 346 503 
90 449 981 943 370 0 345 945 607 491 
943 566 330 990 902 345 0 220 317 999 
104 465 25 689 776 945 220 0 508 685 
862 464 206 483 346 607 317 508 0 86 
476 571 464 409 503 491 999 685 86 0 
0 108 275 860 291 472 37 283 558 460 
108 0 282 84 574 245 581 324 8 452 
275 282 0 857 964 885 555 124 405 327 
860 84 857 0 818 670 191 687 899 833 
291 574 964 818 0 132 449 37 127 137 
472 245 885 670 132 0 692 354 114 900 
37 581 555 191 449 692 0 256 613 509 
283 324 124 687 37 354 256 0 45 166 
558 8 405 899 127 114 613 45 0 99 
460 452 327 833 137 900 509 166 99 0 
0 880 1000 115 719 928 756 606 44 427 
880 0 808 808 538 900 475 8 728 213 
1000 808 0 189 252 115 539 354 531 828 
115 808 189 0 24 941 641 244 445 29 
719 538 252 24 0 406 760 673 977 599 
928 900 115 941 406 0 381 473 665 893 
756 475 539 641 760 381 0 866 897 309 
606 8 354 244 673 473 866 0 836 602 
44 728 531 445 977 665 897 836 0 422 
427 213 828 29 599 893 309 602 422 0 
0 746 649 67 858 239 828 228 375 611 
746 0 822 993 564 496 233 814 865 824 
649 822 0 161 11 98 419 917 135 950 
67 993 161 0 25 390 761 513 473 225 
858 564 11 25 0 971 443 762 908 494 
239 496 98 390 971 0 30 241 981 422 
828 233 419 761 443 30 0 638 507 426 
228 814 917 513 762 241 638 0 855 432 
375 865 135 473 908 981 507 855 0 646 
611 824 950 225 494 422 426 432 646 0 
