30 2
0 256 896 102 966 87 881 831 280 747 147 143 982 233 338 988 406 197 604 172 278 687 292 833 820 100 966 657 295 392 
256 0 14 715 114 668 654 715 316 505 712 877 378 326 942 874 327 575 643 950 145 533 811 793 500 480 321 609 349 376 
896 14 0 215 99 445 779 994 937 939 376 696 4 736 620 694 230 472 438 77 478 336 103 218 903 15 500 965 425 79 
102 715 215 0 151 448 112 584 143 244 480 119 430 864 672 457 108 28 182 198 514 40 474 142 943 502 948 182 461 154 
966 114 99 151 0 941 312 698 80 80 174 998 833 563 889 853 384 881 73 621 848 554 702 762 896 445 651 229 741 122 
87 668 445 448 941 0 212 449 761 385 226 483 89 817 67 60 426 548 973 288 354 547 625 263 868 147 500 334 833 133 
881 654 779 112 312 212 0 140 583 750 993 944 826 969 536 858 231 823 430 414 473 632 811 70 234 147 950 66 867 786 
831 715 994 584 698 449 140 0 674 711 175 78 472 481 829 721 886 848 175 763 477 932 353 982 210 147 390 452 763 177 
280 316 937 143 80 761 583 674 0 501 334 402 857 183 164 657 692 958 566 556 882 567 301 576 853 354 567 210 47 108 
747 505 939 244 80 385 750 711 501 0 994 136 674 731 949 272 90 881 877 203 72 633 393 468 467 483 133 735 741 745 
147 712 376 480 174 226 993 175 334 994 0 875 399 935 555 252 482 123 499 584 168 198 153 354 767 79 116 700 969 880 
143 877 696 119 998 483 944 78 402 136 875 0 758 879 932 868 996 40 926 195 61 368 840 510 933 360 56 555 427 133 
982 378 4 430 833 89 826 472 857 674 399 758 0 776 207 463 512 315 312 1 482 697 74 414 462 938 319 507 976 219 
233 326 736 864 563 817 969 481 183 731 935 879 776 0 733 281 308 175 109 545 550 309 353 204 202 542 329 671 570 864 
338 942 620 672 889 67 536 829 164 949 555 932 207 733 0 200 661 112 496 405 893 644 19 959 431 274 854 463 72 356 
988 874 694 457 853 60 858 721 657 272 252 868 463 281 200 0 375 811 783 644 637 432 64 436 976 835 81 663 937 512 
406 327 230 108 384 426 231 886 692 90 482 996 512 308 661 375 0 471 138 100 949 540 211 256 121 213 521 817 190 149 
197 575 472 28 881 548 823 848 958 881 123 40 315 175 112 811 471 0 298 222 553 24 938 852 485 881 509 651 448 998 
604 643 438 182 73 973 430 175 566 877 499 926 312 109 496 783 138 298 0 968 927 323 648 676 857 429 445 371 161 917 
172 950 77 198 621 288 414 763 556 203 584 195 1 545 405 644 100 222 968 0 86 982 406 936 593 396 553 3 899 58 
278 145 478 514 848 354 473 477 882 72 168 61 482 550 893 637 949 553 927 86 0 372 173 804 668 11 109 869 376 871 
687 533 336 40 554 547 632 932 567 633 198 368 697 309 644 432 540 24 323 982 372 0 310 714 687 507 726 260 601 690 
292 811 103 474 702 625 811 353 301 393 153 840 74 353 19 64 211 938 648 406 173 310 0 379 93 763 349 564 285 286 
833 793 218 142 762 263 70 982 576 468 354 510 414 204 959 436 256 852 676 936 804 714 379 0 717 530 948 787 648 165 
820 500 903 943 896 868 234 210 853 467 767 933 462 202 431 976 121 485 857 593 668 687 93 717 0 686 768 682 927 756 
100 480 15 502 445 147 147 147 354 483 79 360 938 542 274 835 213 881 429 396 11 507 763 530 686 0 428 562 299 865 
966 321 500 948 651 500 950 390 567 133 116 56 319 329 854 81 521 509 445 553 109 726 349 948 768 428 0 729 243 791 
657 609 965 182 229 334 66 452 210 735 700 555 507 671 463 663 817 651 371 3 869 260 564 787 682 562 729 0 907 888 
295 349 425 461 741 833 867 763 47 741 969 427 976 570 72 937 190 448 161 899 376 601 285 648 927 299 243 907 0 875 
392 376 79 154 122 133 786 177 108 745 880 133 219 864 356 512 149 998 917 58 871 690 286 165 756 865 791 888 875 0 
0 832 832 962 560 253 554 101 55 421 295 556 828 919 986 780 241 336 171 419 820 44 36 572 802 621 73 144 192 638 
832 0 447 928 950 557 261 42 462 952 309 287 957 213 811 950 639 502 477 81 674 140 346 470 971 546 479 995 87 97 
832 447 0 318 814 237 535 381 813 627 237 563 755 527 963 867 44 125 337 940 985 136 200 63 296 919 346 173 225 134 
962 928 318 0 783 235 544 586 440 906 194 261 382 750 307 802 254 949 543 450 38 236 950 572 595 597 910 488 222 104 
560 950 814 783 0 530 146 580 327 69 625 26 475 430 839 156 251 260 46 568 150 670 216 479 707 65 303 787 741 717 
253 557 237 235 530 0 178 17 967 334 323 488 822 702 745 586 782 953 363 215 849 299 94 404 374 184 368 226 316 116 
554 261 535 544 146 178 0 518 551 584 337 77 738 112 454 738 70 820 612 959 305 42 641 576 496 743 956 203 315 598 
101 42 381 586 580 17 518 0 630 611 37 936 1000 531 635 494 482 539 241 385 973 969 557 239 395 127 432 970 514 11 
55 462 813 440 327 967 551 630 0 854 962 210 310 298 143 412 792 826 536 693 509 986 711 793 746 659 101 308 182 171 
421 952 627 906 69 334 584 611 854 0 220 386 558 851 559 181 524 618 257 800 516 475 201 633 566 723 292 92 215 837 
295 309 237 194 625 323 337 37 962 220 0 653 955 994 455 493 517 496 219 18 810 162 394 279 364 624 584 911 937 1 
556 287 563 261 26 488 77 936 210 386 653 0 99 135 527 476 728 394 175 280 449 883 987 591 393 134 495 563 167 275 
828 957 755 382 475 822 738 1000 310 558 955 99 0 78 907 235 812 878 717 587 89 804 542 801 794 707 584 88 678 351 
919 213 527 750 430 702 112 531 298 851 994 135 78 0 983 523 559 843 380 554 92 744 246 904 853 972 884 610 187 183 
986 811 963 307 839 745 454 635 143 559 455 527 907 983 0 973 644 891 327 469 293 572 439 395 657 196 665 669 913 343 
780 950 867 802 156 586 738 494 412 181 493 476 235 523 973 0 888 754 299 770 793 404 323 637 270 332 788 415 630 746 
241 639 44 254 251 782 70 482 792 524 517 728 812 559 644 888 0 42 337 303 884 777 863 401 278 338 729 624 276 140 
336 502 125 949 260 953 820 539 826 618 496 394 878 843 891 754 42 0 985 656 812 669 553 732 619 636 151 280 932 548 
171 477 337 543 46 363 612 241 536 257 219 175 717 380 327 299 337 985 0 97 639 780 882 669 989 715 330 46 982 197 
419 81 940 450 568 215 959 385 693 800 18 280 587 554 469 770 303 656 97 0 819 563 199 483 296 201 711 481 345 124 
820 674 985 38 150 849 305 973 509 516 810 449 89 92 293 793 884 812 639 819 0 265 473 639 347 574 564 878 761 489 
44 140 136 236 670 299 42 969 986 475 162 883 804 744 572 404 777 669 780 563 265 0 908 910 364 725 485 629 668 385 
36 346 200 950 216 94 641 557 711 201 394 987 542 246 439 323 863 553 882 199 473 908 0 534 658 584 246 927 812 789 
572 470 63 572 479 404 576 239 793 633 279 591 801 904 395 637 401 732 669 483 639 910 534 0 493 722 291 131 818 712 
802 971 296 595 707 374 496 395 746 566 364 393 794 853 657 270 278 619 989 296 347 364 658 493 0 15 554 255 481 392 
621 546 919 597 65 184 743 127 659 723 624 134 707 972 196 332 338 636 715 201 574 725 584 722 15 0 866 560 55 864 
73 479 346 910 303 368 956 432 101 292 584 495 584 884 665 788 729 151 330 711 564 485 246 291 554 866 0 698 406 677 
144 995 173 488 787 226 203 970 308 92 911 563 88 610 669 415 624 280 46 481 878 629 927 131 255 560 698 0 456 685 
192 87 225 222 741 316 315 514 182 215 937 167 678 187 913 630 276 932 982 345 761 668 812 818 481 55 406 456 0 267 
638 97 134 104 717 116 598 11 171 837 1 275 351 183 343 746 140 548 197 124 489 385 789 712 392 864 677 685 267 0 
0 710 723 978 400 398 692 338 62 582 838 727 521 501 543 386 711 337 549 601 710 354 266 792 590 966 190 139 724 530 
710 0 898 731 839 697 575 233 500 426 263 602 358 266 934 260 858 273 256 82 865 776 627 758 474 220 413 928 190 668 
723 898 0 703 707 376 355 476 495 432 524 53 836 286 753 507 144 569 634 945 551 214 733 360 625 386 661 17 409 187 
978 731 703 0 833 871 39 431 282 825 84 119 433 629 904 511 438 143 606 137 446 527 517 289 570 253 845 719 292 562 
400 839 707 833 0 194 1 862 233 721 294 17 30 379 800 262 419 325 306 201 306 419 82 317 650 911 309 783 958 684 
398 697 376 871 194 0 179 112 963 51 333 614 796 598 586 624 589 527 61 362 875 524 488 520 247 15 798 113 51 490 
692 575 355 39 1 179 0 112 580 929 964 239 259 573 370 986 229 697 486 752 636 282 415 585 632 377 968 232 383 503 
338 233 476 431 862 112 112 0 458 982 316 569 939 207 63 731 535 564 249 262 435 479 432 405 653 69 656 496 252 302 
62 500 495 282 233 963 580 458 0 960 401 638 138 358 943 732 770 880 215 686 929 587 740 589 541 856 187 813 574 46 
582 426 432 825 721 51 929 982 960 0 45 356 405 233 585 70 899 602 75 843 675 707 678 43 894 660 892 7 51 535 
838 263 524 84 294 333 964 316 401 45 0 522 935 723 262 596 984 532 527 191 596 302 263 163 636 445 624 207 775 23 
727 602 53 119 17 614 239 569 638 356 522 0 426 704 648 696 335 787 277 656 569 944 489 581 537 72 933 594 44 113 
521 358 836 433 30 796 259 939 138 405 935 426 0 328 665 156 721 279 708 100 369 656 187 718 731 227 91 84 393 722 
501 266 286 629 379 598 573 207 358 233 723 704 328 0 661 577 854 768 969 594 526 905 210 736 917 595 515 778 244 168 
543 934 753 904 800 586 370 63 943 585 262 648 665 661 0 818 582 848 633 783 777 265 511 499 952 691 351 983 877 324 
386 260 507 511 262 624 986 731 732 70 596 696 156 577 818 0 932 862 638 636 620 420 377 549 156 147 932 477 953 561 
711 858 144 438 419 589 229 535 770 899 984 335 721 854 582 932 0 109 110 193 711 906 879 588 252 130 998 625 203 529 
337 273 569 143 325 527 697 564 880 602 532 787 279 768 848 862 109 0 762 512 940 542 840 697 512 462 50 228 314 636 
549 256 634 606 306 61 486 249 215 75 527 277 708 969 633 638 110 762 0 475 227 681 558 381 980 358 666 623 946 165 
601 82 945 137 201 362 752 262 686 843 191 656 100 594 783 636 193 512 475 0 711 601 562 555 21 225 487 941 461 630 
710 865 551 446 306 875 636 435 929 675 596 569 369 526 777 620 711 940 227 711 0 703 421 351 76 820 586 865 686 474 
354 776 214 527 419 524 282 479 587 707 302 944 656 905 265 420 906 542 681 601 703 0 393 825 824 294 896 857 379 231 
266 627 733 517 82 488 415 432 740 678 263 489 187 210 511 377 879 840 558 562 421 393 0 680 139 871 758 892 587 122 
792 758 360 289 317 520 585 405 589 43 163 581 718 736 499 549 588 697 381 555 351 825 680 0 462 753 417 512 898 307 
590 474 625 570 650 247 632 653 541 894 636 537 731 917 952 156 252 512 980 21 76 824 139 462 0 355 462 846 61 751 
966 220 386 253 911 15 377 69 856 660 445 72 227 595 691 147 130 462 358 225 820 294 871 753 355 0 830 602 281 733 
190 413 661 845 309 798 968 656 187 892 624 933 91 515 351 932 998 50 666 487 586 896 758 417 462 830 0 517 706 534 
139 928 17 719 783 113 232 496 813 7 207 594 84 778 983 477 625 228 623 941 865 857 892 512 846 602 517 0 675 858 
724 190 409 292 958 51 383 252 574 51 775 44 393 244 877 953 203 314 946 461 686 379 587 898 61 281 706 675 0 732 
530 668 187 562 684 490 503 302 46 535 23 113 722 168 324 561 529 636 165 630 474 231 122 307 751 733 534 858 732 0 
