15 4
0 691 813 340 330 211 409 414 473 732 95 116 47 212 363 
691 0 822 549 990 128 503 394 510 272 92 615 56 192 397 
813 822 0 434 902 862 491 842 441 990 210 558 660 213 848 
340 549 434 0 345 464 999 723 111 641 24 948 547 251 369 
330 990 902 345 0 206 685 569 754 166 154 724 255 62 813 
211 128 862 464 206 0 86 712 815 268 569 491 905 998 282 
409 503 491 999 685 86 0 668 408 610 468 149 790 984 321 
414 394 842 723 569 712 668 0 325 81 515 473 747 783 323 
473 510 441 111 754 815 408 325 0 746 315 252 698 110 535 
732 272 990 641 166 268 610 81 746 0 810 52 543 126 906 
95 92 210 24 154 569 468 515 315 810 0 486 386 285 143 
116 615 558 948 724 491 149 473 252 52 486 0 254 544 992 
47 56 660 547 255 905 790 747 698 543 386 254 0 405 138 
212 192 213 251 62 998 984 783 110 126 285 544 405 0 911 
363 397 848 369 813 282 321 323 535 906 143 992 138 911 0 
0 487 443 927 46 837 823 73 529 247 576 284 943 674 930 
487 0 676 282 3 199 271 213 211 555 293 536 290 278 933 
443 676 0 154 493 807 361 600 428 208 311 69 916 371 824 
927 282 154 0 788 794 791 641 462 520 269 905 866 413 341 
46 3 493 788 0 76 623 542 811 470 77 453 55 979 429 
837 199 807 794 76 0 151 331 90 373 387 606 302 599 787 
823 271 361 791 623 151 0 105 172 665 138 254 964 46 300 
73 213 600 641 542 331 105 0 49 281 704 249 374 694 92 
529 211 428 462 811 90 172 49 0 756 103 763 24 305 28 
247 555 208 520 470 373 665 281 756 0 238 244 644 86 634 
576 293 311 269 77 387 138 704 103 238 0 739 982 123 835 
284 536 69 905 453 606 254 249 763 244 739 0 215 238 604 
943 290 916 866 55 302 964 374 24 644 982 215 0 385 626 
674 278 371 413 979 599 46 694 305 86 123 238 385 0 367 
930 933 824 341 429 787 300 92 28 634 835 604 626 367 0 
0 466 597 662 150 907 813 14 712 187 726 366 912 589 807 
466 0 696 197 206 177 414 334 317 520 428 512 412 220 918 
597 696 0 123 459 880 498 641 333 202 487 17 771 474 807 
662 197 123 0 717 891 880 766 440 514 143 998 893 376 481 
150 206 459 717 0 21 453 624 833 485 37 547 276 934 437 
907 177 880 891 21 0 202 368 139 426 328 592 314 523 851 
813 414 498 880 453 202 0 169 125 521 167 106 912 58 226 
14 334 641 766 624 368 169 0 63 497 704 172 340 714 21 
712 317 333 440 833 139 125 63 0 863 223 911 160 331 94 
187 520 202 514 485 426 521 497 863 0 437 210 628 3 693 
726 428 487 143 37 328 167 704 223 437 0 579 924 136 825 
366 512 17 998 547 592 106 172 911 210 579 0 140 243 606 
912 412 771 893 276 314 912 340 160 628 924 140 0 453 784 
589 220 474 376 934 523 58 714 331 3 136 243 453 0 328 
807 918 807 481 437 851 226 21 94 693 825 606 784 328 0 
0 559 410 906 86 815 844 152 518 301 508 249 721 660 833 
559 0 483 226 19 326 138 102 58 543 82 670 340 354 915 
410 483 0 158 454 708 411 550 326 73 269 17 975 171 796 
906 226 158 0 778 760 806 409 500 571 246 809 969 514 364 
86 19 454 778 0 79 493 724 854 397 53 232 45 723 428 
815 326 708 760 79 0 185 182 146 403 263 684 364 459 548 
844 138 411 806 493 185 0 141 206 810 37 208 963 29 134 
152 102 550 409 724 182 141 0 120 182 428 307 468 538 128 
518 58 326 500 854 146 206 120 0 845 232 722 49 475 129 
301 543 73 571 397 403 810 182 845 0 259 323 529 41 589 
508 82 269 246 53 263 37 428 232 259 0 763 940 26 752 
249 670 17 809 232 684 208 307 722 323 763 0 89 5 761 
721 340 975 969 45 364 963 468 49 529 940 89 0 338 578 
660 354 171 514 723 459 29 538 475 41 26 5 338 0 385 
833 915 796 364 428 548 134 128 129 589 752 761 578 385 0 
0 731 261 916 180 849 846 151 653 192 611 447 995 649 993 
731 0 743 138 91 247 128 162 151 297 288 503 232 314 945 
261 743 0 175 296 743 209 586 332 182 436 75 957 453 867 
916 138 175 0 877 663 906 667 448 487 409 790 935 451 390 
180 91 296 877 0 36 699 471 785 433 216 391 138 908 386 
849 247 743 663 36 0 106 400 144 305 579 682 342 653 768 
846 128 209 906 699 106 0 26 137 718 221 179 992 145 208 
151 162 586 667 471 400 26 0 177 274 747 210 511 745 212 
653 151 332 448 785 144 137 177 0 653 100 793 35 386 118 
192 297 182 487 433 305 718 274 653 0 144 224 564 151 556 
611 288 436 409 216 579 221 747 100 144 0 862 991 76 942 
447 503 75 790 391 682 179 210 793 224 862 0 104 329 666 
995 232 957 935 138 342 992 511 35 564 991 104 0 274 535 
649 314 453 451 908 653 145 745 386 151 76 329 274 0 244 
993 945 867 390 386 768 208 212 118 556 942 666 535 244 0 
