60 2
0 14 99 112 80 226 826 829 692 877 168 840 462 329 72 860 146 888 763 76 791 822 523 818 392 659 553 634 690 582 118 487 627 877 992 15 580 264 164 366 913 949 160 147 962 650 310 927 702 197 912 23 997 15 986 836 535 715 260 582 
14 0 151 312 761 993 472 164 90 499 61 74 202 854 937 113 933 820 105 132 321 513 752 703 215 223 73 475 513 70 340 287 593 862 882 823 759 689 248 850 171 935 141 261 168 573 361 33 624 610 427 559 30 507 717 124 333 496 861 699 
99 151 0 212 583 175 857 949 482 926 482 353 431 81 190 257 289 638 669 43 360 418 173 548 999 288 992 381 603 823 12 11 697 224 101 53 630 990 286 592 635 629 70 831 512 449 138 852 598 380 986 478 81 208 168 825 792 377 325 1 
112 312 212 0 674 334 674 555 996 312 550 19 976 521 448 189 767 58 308 969 894 209 902 428 505 166 858 801 735 471 685 994 851 17 368 42 142 640 909 499 852 813 901 904 583 402 849 594 868 105 187 916 135 802 15 503 978 124 436 799 
80 761 583 674 0 994 399 932 512 109 893 64 121 509 161 659 108 812 819 488 7 27 124 589 759 568 913 484 871 613 966 52 219 154 662 490 458 170 383 534 147 750 68 270 356 972 558 325 112 548 475 662 132 187 74 140 770 318 953 99 
226 993 175 334 994 0 758 207 308 496 637 211 485 445 899 587 461 806 213 514 257 795 765 545 498 319 59 75 164 651 927 492 589 112 80 32 442 484 457 212 523 444 655 119 754 230 383 221 707 16 555 585 555 511 219 701 533 83 886 111 
826 472 857 674 399 758 0 733 661 783 949 938 857 553 376 252 686 266 3 935 531 921 115 159 103 458 350 181 530 840 114 263 438 630 335 809 532 134 426 613 423 977 436 447 509 936 891 169 620 375 162 169 459 116 26 999 524 357 527 146 
829 164 949 555 932 207 733 0 375 138 553 648 593 109 601 579 639 56 809 401 465 699 762 265 379 14 894 858 179 781 372 963 722 518 875 810 571 152 239 232 851 316 23 26 864 133 919 8 981 644 452 455 315 156 773 656 362 253 336 23 
692 90 482 996 512 308 661 375 0 298 927 406 668 726 285 642 90 970 41 211 68 354 94 795 857 529 189 58 194 113 554 615 993 994 700 252 72 196 627 606 836 411 35 942 849 431 405 158 736 697 394 558 363 699 81 21 899 850 820 536 
877 499 926 312 109 496 783 138 298 0 86 173 687 349 648 513 649 539 265 757 536 32 493 719 464 858 601 410 577 141 501 152 162 112 66 581 607 23 920 744 467 962 855 882 677 863 679 391 566 957 750 805 875 262 665 373 501 8 118 930 
168 61 482 550 893 637 949 553 927 86 0 310 93 948 927 713 77 302 907 776 806 393 627 731 426 855 366 398 149 913 692 126 669 150 829 610 556 459 432 660 270 28 469 719 786 270 955 70 555 679 192 868 436 358 614 778 517 29 697 496 
840 74 353 19 64 211 938 648 406 173 310 0 717 768 299 308 170 832 476 671 833 220 972 222 954 226 398 398 380 336 312 712 707 502 63 545 840 676 72 605 27 401 9 755 689 315 168 823 659 598 409 262 356 586 548 456 189 46 644 990 
462 202 431 976 121 485 857 593 668 687 93 717 0 428 243 632 371 331 380 534 671 969 343 168 824 647 498 914 711 878 261 371 752 312 776 39 901 409 906 156 333 269 724 745 284 125 935 417 555 240 712 315 269 933 124 184 984 299 539 633 
329 854 81 521 509 445 553 109 726 349 948 768 428 0 907 409 457 710 774 200 436 439 699 402 591 44 809 808 234 925 800 312 557 676 496 945 677 281 112 19 497 220 341 737 424 226 612 636 964 465 970 527 339 624 278 316 9 297 764 476 
72 937 190 448 161 899 376 601 285 648 927 299 243 907 0 838 737 76 205 705 827 853 138 811 517 819 818 855 339 21 575 156 19 509 593 958 377 913 825 902 883 795 824 545 842 499 99 220 573 962 543 996 598 754 308 60 728 533 983 153 
860 113 257 189 659 587 252 579 642 513 713 308 632 409 838 0 495 862 904 715 416 847 576 716 922 427 475 714 650 946 164 633 195 58 114 617 987 293 556 67 435 45 272 534 951 507 142 629 9 913 59 648 650 738 180 77 313 954 978 176 
146 933 289 767 108 461 686 639 90 649 77 170 371 457 737 495 0 302 863 230 376 185 303 359 427 180 835 329 820 655 535 813 255 805 802 571 146 103 69 335 333 662 320 871 402 393 426 761 531 160 811 409 595 794 399 108 335 180 564 804 
888 820 638 58 812 806 266 56 970 539 302 832 331 710 76 862 302 0 136 468 885 695 727 473 108 730 24 749 753 902 718 422 523 635 986 55 325 662 539 846 77 422 274 958 639 696 67 113 201 929 66 907 32 986 687 241 320 170 950 320 
763 105 669 308 819 213 3 809 41 265 907 476 380 774 205 904 863 136 0 666 690 110 621 908 99 495 88 711 148 87 355 516 137 534 841 440 793 988 554 513 306 382 250 819 338 868 293 38 207 317 30 516 482 31 779 83 812 358 826 949 
76 132 43 969 488 514 935 401 211 757 776 671 534 200 705 715 230 468 666 0 18 828 151 786 699 823 477 847 929 32 428 178 932 250 651 874 425 850 473 225 684 590 467 265 675 626 113 890 466 82 621 665 781 494 218 996 213 191 370 560 
791 321 360 894 7 257 531 465 68 536 806 833 671 436 827 416 376 885 690 18 0 800 206 170 629 799 69 693 497 943 544 34 945 947 226 441 386 848 970 541 252 515 89 935 711 302 112 444 298 509 307 488 874 344 294 947 600 106 880 468 
822 513 418 209 27 795 921 699 354 32 393 220 969 439 853 847 185 695 110 828 800 0 817 959 918 221 663 215 224 437 852 515 475 922 605 802 984 574 636 572 347 639 149 17 127 828 652 713 145 289 531 983 823 731 855 711 861 802 680 266 
523 752 173 902 124 765 115 762 94 493 627 972 343 699 138 576 303 727 621 151 206 817 0 140 97 656 817 885 804 25 39 531 57 31 400 521 902 598 721 564 295 279 837 388 897 697 204 538 358 506 182 692 930 462 299 107 444 675 618 423 
818 703 548 428 589 545 159 265 795 719 731 222 168 402 811 716 359 473 908 786 170 959 140 0 382 260 408 410 752 677 94 741 954 144 311 62 481 314 82 988 840 37 523 488 345 237 673 881 634 893 736 96 805 412 467 639 871 246 614 810 
392 215 999 505 759 498 103 379 857 464 426 954 824 591 517 922 427 108 99 699 629 918 97 382 0 763 646 221 764 946 146 840 233 369 853 970 344 286 334 517 838 226 445 547 263 352 337 817 851 924 934 116 902 472 29 802 721 834 602 654 
659 223 288 166 568 319 458 14 529 858 855 226 647 44 819 427 180 730 495 823 799 221 656 260 763 0 552 934 225 648 233 697 72 919 616 462 924 762 68 683 3 103 220 614 220 521 461 991 343 982 583 233 765 986 874 858 72 577 584 672 
553 73 992 858 913 59 350 894 189 601 366 398 498 809 818 475 835 24 88 477 69 663 817 408 646 552 0 971 42 713 470 833 498 304 142 446 891 558 51 702 309 812 521 100 999 400 544 12 233 343 963 745 263 916 392 585 559 495 496 431 
634 475 381 801 484 75 181 858 58 410 398 398 914 808 855 714 329 749 711 847 693 215 885 410 221 934 971 0 545 348 921 306 486 453 214 500 888 904 559 271 307 236 75 77 32 957 100 14 172 864 786 661 320 927 811 44 243 945 291 179 
690 513 603 735 871 164 530 179 194 577 149 380 711 234 339 650 820 753 148 929 497 224 804 752 764 225 42 545 0 253 1 337 28 937 13 110 604 738 584 94 141 87 795 827 230 996 80 520 994 286 647 311 3 676 443 286 854 459 532 15 
582 70 823 471 613 651 840 781 113 141 913 336 878 925 21 946 655 902 87 32 943 437 25 677 946 648 713 348 253 0 592 762 453 191 760 813 442 620 95 49 922 342 457 586 899 358 534 214 250 862 929 115 961 732 429 648 46 825 178 90 
118 340 12 685 966 927 114 372 554 501 692 312 261 800 575 164 535 718 355 428 544 852 39 94 146 233 470 921 1 592 0 72 884 864 499 401 937 797 929 128 263 809 399 489 710 145 535 345 239 177 753 457 761 125 387 430 644 641 394 314 
487 287 11 994 52 492 263 963 615 152 126 712 371 312 156 633 813 422 516 178 34 515 531 741 840 697 833 306 337 762 72 0 790 438 364 106 234 240 206 253 889 813 8 330 985 755 539 647 893 579 843 930 924 181 182 144 521 65 44 499 
627 593 697 851 219 589 438 722 993 162 669 707 752 557 19 195 255 523 137 932 945 475 57 954 233 72 498 486 28 453 884 790 0 31 313 921 899 254 611 442 237 498 27 976 551 936 989 576 723 851 307 377 365 453 910 68 582 636 787 477 
877 862 224 17 154 112 630 518 994 112 150 502 312 676 509 58 805 635 534 250 947 922 31 144 369 919 304 453 937 191 864 438 31 0 821 495 638 978 668 228 122 935 507 239 149 351 48 403 73 613 361 699 953 70 485 254 900 907 269 734 
992 882 101 368 662 80 335 875 700 66 829 63 776 496 593 114 802 986 841 651 226 605 400 311 853 616 142 214 13 760 499 364 313 821 0 267 839 605 982 876 524 244 398 786 232 817 593 431 135 120 23 327 207 337 909 159 888 28 878 483 
15 823 53 42 490 32 809 810 252 581 610 545 39 945 958 617 571 55 440 874 441 802 521 62 970 462 446 500 110 813 401 106 921 495 267 0 474 398 137 428 204 307 834 936 38 836 831 919 325 408 772 166 486 493 396 438 611 588 475 696 
580 759 630 142 458 442 532 571 72 607 556 840 901 677 377 987 146 325 793 425 386 984 902 481 344 924 891 888 604 442 937 234 899 638 839 474 0 910 854 940 194 1 290 412 663 841 755 848 704 459 824 547 143 142 375 371 932 871 279 660 
264 689 990 640 170 484 134 152 196 23 459 676 409 281 913 293 103 662 988 850 848 574 598 314 286 762 558 904 738 620 797 240 254 978 605 398 910 0 386 320 861 703 147 569 415 382 732 501 91 367 441 332 158 596 7 251 154 524 101 908 
164 248 286 909 383 457 426 239 627 920 432 72 906 112 825 556 69 539 554 473 970 636 721 82 334 68 51 559 584 95 929 206 611 668 982 137 854 386 0 160 84 81 158 37 517 695 82 75 78 752 904 862 983 236 653 502 579 480 843 694 
366 850 592 499 534 212 613 232 606 744 660 605 156 19 902 67 335 846 513 225 541 572 564 988 517 683 702 271 94 49 128 253 442 228 876 428 940 320 160 0 315 922 95 210 960 433 476 213 950 462 186 383 552 476 235 846 566 336 742 324 
913 171 635 852 147 523 423 851 836 467 270 27 333 497 883 435 333 77 306 684 252 347 295 840 838 3 309 307 141 922 263 889 237 122 524 204 194 861 84 315 0 142 207 866 498 173 38 713 328 677 839 733 249 529 667 478 216 79 48 211 
949 935 629 813 750 444 977 316 411 962 28 401 269 220 795 45 662 422 382 590 515 639 279 37 226 103 812 236 87 342 809 813 498 935 244 307 1 703 81 922 142 0 299 638 287 475 328 800 669 405 817 739 955 924 774 419 594 337 971 413 
160 141 70 901 68 655 436 23 35 855 469 9 724 341 824 272 320 274 250 467 89 149 837 523 445 220 521 75 795 457 399 8 27 507 398 834 290 147 158 95 207 299 0 354 607 27 649 879 775 568 800 264 395 704 512 860 888 718 768 91 
147 261 831 904 270 119 447 26 942 882 719 755 745 737 545 534 871 958 819 265 935 17 388 488 547 614 100 77 827 586 489 330 976 239 786 936 412 569 37 210 866 638 354 0 34 30 571 567 598 848 471 18 413 696 530 782 215 502 336 555 
962 168 512 583 356 754 509 864 849 677 786 689 284 424 842 951 402 639 338 675 711 127 897 345 263 220 999 32 230 899 710 985 551 149 232 38 663 415 517 960 498 287 607 34 0 408 182 951 185 99 745 470 726 697 424 292 800 778 891 191 
650 573 449 402 972 230 936 133 431 863 270 315 125 226 499 507 393 696 868 626 302 828 697 237 352 521 400 957 996 358 145 755 936 351 817 836 841 382 695 433 173 475 27 30 408 0 670 266 296 310 562 755 5 235 169 420 753 273 771 619 
310 361 138 849 558 383 891 919 405 679 955 168 935 612 99 142 426 67 293 113 112 652 204 673 337 461 544 100 80 534 535 539 989 48 593 831 755 732 82 476 38 328 649 571 182 670 0 749 4 453 586 804 780 945 602 771 773 644 6 654 
927 33 852 594 325 221 169 8 158 391 70 823 417 636 220 629 761 113 38 890 444 713 538 881 817 991 12 14 520 214 345 647 576 403 431 919 848 501 75 213 713 800 879 567 951 266 749 0 188 544 590 480 306 935 320 80 145 125 715 923 
702 624 598 868 112 707 620 981 736 566 555 659 555 964 573 9 531 201 207 466 298 145 358 634 851 343 233 172 994 250 239 893 723 73 135 325 704 91 78 950 328 669 775 598 185 296 4 188 0 574 454 968 153 555 454 533 241 39 127 924 
197 610 380 105 548 16 375 644 697 957 679 598 240 465 962 913 160 929 317 82 509 289 506 893 924 982 343 864 286 862 177 579 851 613 120 408 459 367 752 462 677 405 568 848 99 310 453 544 574 0 683 437 727 156 199 589 440 662 318 459 
912 427 986 187 475 555 162 452 394 750 192 409 712 970 543 59 811 66 30 621 307 531 182 736 934 583 963 786 647 929 753 843 307 361 23 772 824 441 904 186 839 817 800 471 745 562 586 590 454 683 0 777 386 488 389 311 404 764 848 253 
23 559 478 916 662 585 169 455 558 805 868 262 315 527 996 648 409 907 516 665 488 983 692 96 116 233 745 661 311 115 457 930 377 699 327 166 547 332 862 383 733 739 264 18 470 755 804 480 968 437 777 0 198 523 308 70 866 801 455 878 
997 30 81 135 132 555 459 315 363 875 436 356 269 339 598 650 595 32 482 781 874 823 930 805 902 765 263 320 3 961 761 924 365 953 207 486 143 158 983 552 249 955 395 413 726 5 780 306 153 727 386 198 0 909 138 156 480 921 754 282 
15 507 208 802 187 511 116 156 699 262 358 586 933 624 754 738 794 986 31 494 344 731 462 412 472 986 916 927 676 732 125 181 453 70 337 493 142 596 236 476 529 924 704 696 697 235 945 935 555 156 488 523 909 0 793 944 102 569 760 188 
986 717 168 15 74 219 26 773 81 665 614 548 124 278 308 180 399 687 779 218 294 855 299 467 29 874 392 811 443 429 387 182 910 485 909 396 375 7 653 235 667 774 512 530 424 169 602 320 454 199 389 308 138 793 0 280 293 402 862 190 
836 124 825 503 140 701 999 656 21 373 778 456 184 316 60 77 108 241 83 996 947 711 107 639 802 858 585 44 286 648 430 144 68 254 159 438 371 251 502 846 478 419 860 782 292 420 771 80 533 589 311 70 156 944 280 0 788 949 108 54 
535 333 792 978 770 533 524 362 899 501 517 189 984 9 728 313 335 320 812 213 600 861 444 871 721 72 559 243 854 46 644 521 582 900 888 611 932 154 579 566 216 594 888 215 800 753 773 145 241 440 404 866 480 102 293 788 0 143 42 460 
715 496 377 124 318 83 357 253 850 8 29 46 299 297 533 954 180 170 358 191 106 802 675 246 834 577 495 945 459 825 641 65 636 907 28 588 871 524 480 336 79 337 718 502 778 273 644 125 39 662 764 801 921 569 402 949 143 0 340 562 
260 861 325 436 953 886 527 336 820 118 697 644 539 764 983 978 564 950 826 370 880 680 618 614 602 584 496 291 532 178 394 44 787 269 878 475 279 101 843 742 48 971 768 336 891 771 6 715 127 318 848 455 754 760 862 108 42 340 0 342 
582 699 1 799 99 111 146 23 536 930 496 990 633 476 153 176 804 320 949 560 468 266 423 810 654 672 431 179 15 90 314 499 477 734 483 696 660 908 694 324 211 413 91 555 191 619 654 923 924 459 253 878 282 188 190 54 460 562 342 0 
0 264 509 433 473 570 621 305 669 585 900 658 928 366 653 689 83 238 352 847 310 989 583 540 614 586 855 461 331 8 355 258 38 86 612 786 934 721 684 680 906 144 907 883 828 846 177 156 230 950 730 293 301 731 767 445 712 884 55 27 
264 0 311 944 4 767 746 187 831 932 246 592 551 505 273 774 982 17 431 754 719 94 456 170 137 616 121 288 907 845 616 439 773 266 688 636 523 988 842 502 835 175 577 865 466 231 429 139 445 833 454 614 477 871 954 667 900 919 383 716 
509 311 0 527 393 883 966 541 589 149 241 740 560 975 357 25 328 826 871 131 523 815 376 815 753 685 857 38 555 159 548 870 998 568 625 238 487 947 120 663 943 280 733 917 952 385 820 324 984 843 971 662 133 563 623 66 748 648 199 813 
433 944 527 0 337 898 462 584 612 145 894 137 560 948 263 647 137 98 762 377 39 175 138 497 649 702 94 519 961 544 272 765 179 396 397 69 720 114 65 952 496 711 368 674 750 104 351 316 826 970 762 364 881 192 351 612 200 326 138 890 
473 4 393 337 0 537 919 463 34 703 489 275 689 629 752 412 379 775 639 827 452 533 888 529 646 190 414 137 887 553 523 66 526 693 636 199 5 293 161 835 652 945 290 136 948 761 839 586 604 880 457 67 836 552 626 160 63 561 371 599 
570 767 883 898 537 0 164 933 371 345 959 4 816 672 135 601 13 794 33 962 485 494 536 883 945 246 547 42 106 756 426 927 211 115 850 222 57 420 609 727 516 380 28 480 67 702 935 692 606 673 578 349 975 135 357 877 389 422 782 57 
621 746 966 462 919 164 0 238 625 914 887 362 169 711 860 224 926 955 876 172 869 689 275 672 869 984 365 628 448 511 149 219 606 348 372 865 113 221 950 988 802 960 865 670 940 65 355 582 723 265 565 760 371 106 476 569 814 997 413 942 
305 187 541 584 463 933 238 0 882 761 13 665 243 179 332 16 639 138 331 60 988 870 149 392 109 625 138 647 85 988 925 177 279 517 270 838 371 274 444 347 807 677 228 221 211 640 449 734 871 191 846 947 398 445 663 8 796 167 564 116 
669 831 589 612 34 371 625 882 0 522 122 978 472 573 695 244 658 586 135 999 391 394 90 154 244 470 139 171 58 64 688 703 958 912 440 626 319 631 604 628 861 716 273 812 919 23 206 32 734 420 86 120 20 551 952 718 666 239 485 368 
585 932 149 145 703 345 914 761 522 0 655 441 374 543 8 474 890 424 145 51 398 222 894 551 552 871 320 546 673 759 933 665 82 782 14 583 424 825 483 594 589 813 904 406 106 835 440 42 444 900 482 752 156 989 708 765 480 100 209 347 
900 246 241 894 489 959 887 13 122 655 0 307 407 810 214 499 264 930 433 685 48 333 635 700 785 401 352 774 802 701 197 891 770 404 827 769 626 552 467 840 7 978 3 21 406 702 17 700 898 786 381 495 858 629 950 807 621 757 854 910 
658 592 740 137 275 4 362 665 978 441 307 0 159 839 742 293 173 658 624 436 127 132 763 681 14 675 756 16 192 796 687 988 952 97 8 826 290 797 566 13 22 753 130 740 698 764 883 415 87 645 197 574 510 544 672 892 773 204 524 185 
928 551 560 560 689 816 169 243 472 374 407 159 0 450 357 518 840 358 904 329 913 103 973 109 908 686 507 274 619 28 418 918 100 283 922 351 575 882 640 292 38 61 506 870 773 98 32 261 328 757 443 351 835 318 456 73 283 717 670 823 
366 505 975 948 629 672 711 179 573 543 810 839 450 0 527 5 648 847 212 141 921 165 398 432 389 197 913 64 44 661 999 302 611 873 370 644 612 168 566 438 891 581 877 475 644 995 418 974 587 594 936 383 934 363 998 117 86 924 77 336 
653 273 357 263 752 135 860 332 695 8 214 742 357 527 0 808 892 320 459 767 541 795 993 573 825 98 818 481 694 994 101 146 45 197 13 265 251 561 241 43 189 235 815 883 705 626 105 64 745 252 522 243 400 488 988 758 351 115 679 595 
689 774 25 647 412 601 224 16 244 474 499 293 518 5 808 0 217 738 358 393 753 980 210 523 248 197 568 101 102 859 618 399 526 380 342 245 76 373 760 773 232 228 361 959 52 20 558 354 295 418 639 9 630 398 445 778 608 268 362 35 
83 982 328 137 379 13 926 639 658 890 264 173 840 648 892 217 0 864 168 1000 983 269 648 908 966 427 895 123 906 446 625 610 562 241 86 826 842 503 22 336 642 659 961 833 844 540 623 23 85 803 115 146 67 550 22 301 639 993 774 111 
238 17 826 98 775 794 955 138 586 424 930 658 358 847 320 738 864 0 18 731 145 6 151 256 415 787 156 121 211 942 577 277 783 123 602 608 958 479 741 96 127 699 654 78 672 957 342 357 339 991 82 796 53 226 13 99 306 617 461 682 
352 431 871 762 639 33 876 331 135 145 433 624 904 212 459 358 168 18 0 692 762 483 933 811 694 747 426 63 190 421 520 343 32 212 11 448 312 650 767 910 872 570 298 46 811 781 910 86 451 85 917 658 572 762 812 597 372 584 594 217 
847 754 131 377 827 962 172 60 999 51 685 436 329 141 767 393 1000 731 692 0 917 852 94 24 723 53 976 747 552 221 208 281 882 163 952 816 226 453 139 188 591 91 670 728 784 633 820 495 65 765 28 596 896 105 349 742 416 284 138 695 
310 719 523 39 452 485 869 988 391 398 48 127 913 921 541 753 983 145 762 917 0 434 312 934 289 91 922 595 703 22 828 997 408 413 783 47 491 1000 492 961 689 745 388 73 984 632 737 730 659 707 272 305 903 173 149 363 151 880 437 507 
989 94 815 175 533 494 689 870 394 222 333 132 103 165 795 980 269 6 483 852 434 0 893 714 974 214 118 932 678 691 737 741 832 419 183 939 51 381 676 47 191 462 968 66 593 5 761 720 855 709 364 4 447 102 82 877 835 419 799 361 
583 456 376 138 888 536 275 149 90 894 635 763 973 398 993 210 648 151 933 94 312 893 0 218 685 359 977 995 505 297 206 123 266 873 999 240 504 600 128 583 764 210 981 821 199 689 379 393 539 777 565 278 623 777 372 448 456 418 299 314 
540 170 815 497 529 883 672 392 154 551 700 681 109 432 573 523 908 256 811 24 934 714 218 0 182 26 401 641 873 813 935 34 860 375 118 714 912 599 855 598 271 735 24 448 8 72 131 545 728 775 321 484 306 483 272 152 901 34 497 976 
614 137 753 649 646 945 869 109 244 552 785 14 908 389 825 248 966 415 694 723 289 974 685 182 0 198 807 46 380 404 452 857 73 835 629 636 109 860 102 623 104 11 838 680 436 706 228 935 325 859 659 954 874 521 968 370 887 346 88 151 
586 616 685 702 190 246 984 625 470 871 401 675 686 197 98 197 427 787 747 53 91 214 359 26 198 0 606 656 178 176 286 111 603 992 630 857 991 607 152 412 170 233 296 344 508 438 875 188 753 180 738 46 233 241 949 442 458 382 780 670 
855 121 857 94 414 547 365 138 139 320 352 756 507 913 818 568 895 156 426 976 922 118 977 401 807 606 0 390 462 430 575 766 607 634 633 732 639 510 190 242 114 519 468 575 196 172 163 672 587 7 698 624 361 905 477 870 253 411 213 626 
461 288 38 519 137 42 628 647 171 546 774 16 274 64 481 101 123 121 63 747 595 932 995 641 46 656 390 0 806 32 352 779 608 141 810 637 913 540 345 293 150 62 90 516 812 468 607 479 580 344 820 88 31 325 439 274 534 718 871 828 
331 907 555 961 887 106 448 85 58 673 802 192 619 44 694 102 906 211 190 552 703 678 505 873 380 178 462 806 0 34 657 72 28 40 198 169 861 430 365 50 615 267 981 487 66 423 234 400 444 389 301 42 776 729 118 995 952 41 242 55 
8 845 159 544 553 756 511 988 64 759 701 796 28 661 994 859 446 942 421 221 22 691 297 813 404 176 430 32 34 0 655 492 524 587 194 790 360 657 546 573 772 435 333 447 312 402 780 236 977 796 334 270 594 575 781 751 955 26 570 950 
355 616 548 272 523 426 149 925 688 933 197 687 418 999 101 618 625 577 520 208 828 737 206 935 452 286 575 352 657 655 0 206 924 714 234 43 820 772 603 770 719 879 758 927 470 882 445 45 711 688 359 24 573 835 511 225 295 520 842 32 
258 439 870 765 66 927 219 177 703 665 891 988 918 302 146 399 610 277 343 281 997 741 123 34 857 111 766 779 72 492 206 0 532 26 956 213 420 708 519 654 41 789 859 978 270 539 798 471 532 659 464 611 789 926 935 34 867 865 255 908 
38 773 998 179 526 211 606 279 958 82 770 952 100 611 45 526 562 783 32 882 408 832 266 860 73 603 607 608 28 524 924 532 0 906 170 344 671 198 501 918 303 23 405 53 867 950 182 185 973 424 857 491 442 156 332 939 351 49 89 795 
86 266 568 396 693 115 348 517 912 782 404 97 283 873 197 380 241 123 212 163 413 419 873 375 835 992 634 141 40 587 714 26 906 0 717 956 24 888 897 514 359 465 396 831 358 59 203 780 765 174 941 725 223 998 139 515 673 176 816 969 
612 688 625 397 636 850 372 270 440 14 827 8 922 370 13 342 86 602 11 952 783 183 999 118 629 630 633 810 198 194 234 956 170 717 0 993 694 238 755 733 141 165 817 395 13 902 637 242 575 665 587 940 678 71 896 907 858 888 687 489 
786 636 238 69 199 222 865 838 626 583 769 826 351 644 265 245 826 608 448 816 47 939 240 714 636 857 732 637 169 790 43 213 344 956 993 0 778 398 473 637 817 165 261 446 593 391 597 531 719 984 172 121 436 599 891 17 243 237 477 878 
934 523 487 720 5 57 113 371 319 424 626 290 575 612 251 76 842 958 312 226 491 51 504 912 109 991 639 913 861 360 820 420 671 24 694 778 0 542 617 430 247 88 385 349 738 803 242 667 993 346 118 443 745 363 812 35 299 644 293 239 
721 988 947 114 293 420 221 274 631 825 552 797 882 168 561 373 503 479 650 453 1000 381 600 599 860 607 510 540 430 657 772 708 198 888 238 398 542 0 2 144 828 131 389 29 560 453 297 724 666 348 930 407 642 613 113 963 151 480 674 756 
684 842 120 65 161 609 950 444 604 483 467 566 640 566 241 760 22 741 767 139 492 676 128 855 102 152 190 345 365 546 603 519 501 897 755 473 617 2 0 868 192 518 278 937 933 76 23 107 766 575 577 286 407 862 587 640 866 483 826 710 
680 502 663 952 835 727 988 347 628 594 840 13 292 438 43 773 336 96 910 188 961 47 583 598 623 412 242 293 50 573 770 654 918 514 733 637 430 144 868 0 978 424 583 198 804 927 374 189 629 159 834 82 739 351 32 782 576 968 20 984 
906 835 943 496 652 516 802 807 861 589 7 22 38 891 189 232 642 127 872 591 689 191 764 271 104 170 114 150 615 772 719 41 303 359 141 817 247 828 192 978 0 124 220 437 682 542 92 553 609 583 451 198 388 749 386 143 863 705 154 236 
144 175 280 711 945 380 960 677 716 813 978 753 61 581 235 228 659 699 570 91 745 462 210 735 11 233 519 62 267 435 879 789 23 465 165 165 88 131 518 424 124 0 565 968 523 129 979 366 933 242 57 79 80 397 633 685 64 544 778 960 
907 577 733 368 290 28 865 228 273 904 3 130 506 877 815 361 961 654 298 670 388 968 981 24 838 296 468 90 981 333 758 859 405 396 817 261 385 389 278 583 220 565 0 915 626 135 495 949 968 473 668 1000 474 470 125 721 169 677 745 709 
883 865 917 674 136 480 670 221 812 406 21 740 870 475 883 959 833 78 46 728 73 66 821 448 680 344 575 516 487 447 927 978 53 831 395 446 349 29 937 198 437 968 915 0 474 944 225 503 512 369 574 118 608 952 649 465 360 757 919 160 
828 466 952 750 948 67 940 211 919 106 406 698 773 644 705 52 844 672 811 784 984 593 199 8 436 508 196 812 66 312 470 270 867 358 13 593 738 560 933 804 682 523 626 474 0 35 572 106 626 34 611 860 715 592 400 567 991 549 644 363 
846 231 385 104 761 702 65 640 23 835 702 764 98 995 626 20 540 957 781 633 632 5 689 72 706 438 172 468 423 402 882 539 950 59 902 391 803 453 76 927 542 129 135 944 35 0 570 907 512 735 459 286 508 769 578 834 766 848 567 160 
177 429 820 351 839 935 355 449 206 440 17 883 32 418 105 558 623 342 910 820 737 761 379 131 228 875 163 607 234 780 445 798 182 203 637 597 242 297 23 374 92 979 495 225 572 570 0 381 718 206 849 999 102 150 437 507 871 468 799 763 
156 139 324 316 586 692 582 734 32 42 700 415 261 974 64 354 23 357 86 495 730 720 393 545 935 188 672 479 400 236 45 471 185 780 242 531 667 724 107 189 553 366 949 503 106 907 381 0 765 218 124 114 684 884 855 567 192 835 896 523 
230 445 984 826 604 606 723 871 734 444 898 87 328 587 745 295 85 339 451 65 659 855 539 728 325 753 587 580 444 977 711 532 973 765 575 719 993 666 766 629 609 933 968 512 626 512 718 765 0 880 172 437 159 558 559 303 449 591 399 623 
950 833 843 970 880 673 265 191 420 900 786 645 757 594 252 418 803 991 85 765 707 709 777 775 859 180 7 344 389 796 688 659 424 174 665 984 346 348 575 159 583 242 473 369 34 735 206 218 880 0 176 90 286 551 284 654 170 440 698 63 
730 454 971 762 457 578 565 846 86 482 381 197 443 936 522 639 115 82 917 28 272 364 565 321 659 738 698 820 301 334 359 464 857 941 587 172 118 930 577 834 451 57 668 574 611 459 849 124 172 176 0 302 76 146 161 921 298 131 662 130 
293 614 662 364 67 349 760 947 120 752 495 574 351 383 243 9 146 796 658 596 305 4 278 484 954 46 624 88 42 270 24 611 491 725 940 121 443 407 286 82 198 79 1000 118 860 286 999 114 437 90 302 0 761 595 450 732 178 974 870 410 
301 477 133 881 836 975 371 398 20 156 858 510 835 934 400 630 67 53 572 896 903 447 623 306 874 233 361 31 776 594 573 789 442 223 678 436 745 642 407 739 388 80 474 608 715 508 102 684 159 286 76 761 0 933 645 581 950 96 166 52 
731 871 563 192 552 135 106 445 551 989 629 544 318 363 488 398 550 226 762 105 173 102 777 483 521 241 905 325 729 575 835 926 156 998 71 599 363 613 862 351 749 397 470 952 592 769 150 884 558 551 146 595 933 0 673 689 729 357 735 201 
767 954 623 351 626 357 476 663 952 708 950 672 456 998 988 445 22 13 812 349 149 82 372 272 968 949 477 439 118 781 511 935 332 139 896 891 812 113 587 32 386 633 125 649 400 578 437 855 559 284 161 450 645 673 0 551 262 359 275 633 
445 667 66 612 160 877 569 8 718 765 807 892 73 117 758 778 301 99 597 742 363 877 448 152 370 442 870 274 995 751 225 34 939 515 907 17 35 963 640 782 143 685 721 465 567 834 507 567 303 654 921 732 581 689 551 0 562 277 210 582 
712 900 748 200 63 389 814 796 666 480 621 773 283 86 351 608 639 306 372 416 151 835 456 901 887 458 253 534 952 955 295 867 351 673 858 243 299 151 866 576 863 64 169 360 991 766 871 192 449 170 298 178 950 729 262 562 0 672 49 825 
884 919 648 326 561 422 997 167 239 100 757 204 717 924 115 268 993 617 584 284 880 419 418 34 346 382 411 718 41 26 520 865 49 176 888 237 644 480 483 968 705 544 677 757 549 848 468 835 591 440 131 974 96 357 359 277 672 0 972 158 
55 383 199 138 371 782 413 564 485 209 854 524 670 77 679 362 774 461 594 138 437 799 299 497 88 780 213 871 242 570 842 255 89 816 687 477 293 674 826 20 154 778 745 919 644 567 799 896 399 698 662 870 166 735 275 210 49 972 0 443 
27 716 813 890 599 57 942 116 368 347 910 185 823 336 595 35 111 682 217 695 507 361 314 976 151 670 626 828 55 950 32 908 795 969 489 878 239 756 710 984 236 960 709 160 363 160 763 523 623 63 130 410 52 201 633 582 825 158 443 0 
0 382 929 289 421 299 204 311 3 301 165 933 760 11 606 300 967 689 343 382 142 76 66 425 77 57 166 635 686 108 11 366 383 477 113 601 869 59 563 635 462 863 171 49 615 134 420 637 483 412 274 101 267 794 401 45 978 505 362 559 
382 0 479 804 9 93 966 292 866 314 568 762 662 771 858 939 412 400 421 742 144 30 746 482 139 122 89 786 508 914 3 331 917 554 107 664 906 412 631 491 118 470 750 714 470 304 629 361 649 438 52 831 55 146 489 389 872 365 11 20 
929 479 0 459 476 814 546 74 983 780 959 975 290 857 672 70 674 39 906 780 41 584 701 213 129 21 423 585 973 343 269 819 221 91 340 523 927 197 113 77 165 829 564 825 191 532 196 50 169 886 65 611 78 375 778 854 123 464 396 100 
289 804 459 0 402 205 118 624 922 134 292 358 683 139 503 983 151 783 757 885 67 895 478 173 777 72 438 877 780 299 893 633 963 117 460 317 916 658 957 916 356 500 968 328 839 893 963 945 663 451 430 158 418 870 326 898 322 133 942 977 
421 9 476 402 0 230 386 952 477 540 474 782 760 281 730 711 162 14 122 117 249 628 844 809 494 639 590 700 584 755 38 164 710 695 535 21 153 831 573 614 831 382 188 834 640 858 869 942 663 336 911 8 590 307 141 17 355 283 742 982 
299 93 814 205 230 0 700 584 782 51 846 521 140 484 179 675 930 894 940 905 20 742 321 697 256 585 888 294 528 782 861 43 982 415 599 770 543 135 638 397 420 700 428 851 101 214 942 285 944 194 549 973 485 152 607 870 671 697 872 264 
204 966 546 118 386 700 0 333 280 871 231 590 141 636 829 405 235 967 485 161 887 638 222 880 900 708 477 438 896 8 440 562 629 948 436 357 231 22 53 754 165 792 862 708 863 329 164 857 469 585 909 525 286 313 538 408 294 195 926 24 
311 292 74 624 952 584 333 0 122 686 339 939 129 554 192 165 487 841 258 62 116 734 189 13 407 239 320 137 606 96 372 91 432 211 376 810 533 901 459 391 562 740 199 198 830 19 322 760 226 943 321 291 70 638 824 561 284 243 403 896 
3 866 983 922 477 782 280 122 0 729 712 328 785 189 390 879 156 721 509 802 465 231 553 859 950 151 391 301 515 248 497 489 653 206 400 259 553 885 134 623 844 190 963 431 216 32 904 476 864 859 350 946 645 811 309 505 258 900 41 207 
301 314 780 134 540 51 871 686 729 0 875 924 504 740 492 536 506 457 238 132 490 448 680 828 561 561 994 330 273 320 162 868 301 677 434 485 749 662 458 174 252 108 483 308 272 408 71 997 743 449 384 310 869 967 911 26 122 959 197 362 
165 568 959 292 474 846 231 339 712 875 0 212 425 513 944 512 227 263 379 914 458 519 208 786 862 213 117 445 504 586 426 582 369 914 519 358 89 762 843 75 461 666 844 68 243 178 959 39 734 116 334 675 876 377 969 648 382 261 835 4 
933 762 975 358 782 521 590 939 328 924 212 0 841 493 176 596 317 317 708 621 507 538 527 835 684 88 794 630 977 384 327 566 189 198 431 884 24 785 547 17 925 474 126 891 918 99 609 987 542 72 436 209 146 385 35 689 339 639 808 480 
760 662 290 683 760 140 141 129 785 504 425 841 0 766 9 500 848 197 634 1000 32 806 529 759 845 516 245 683 489 264 261 38 757 784 591 994 418 204 548 72 46 155 141 638 568 251 605 553 360 973 158 392 847 189 510 548 971 568 918 627 
11 771 857 139 281 484 636 554 189 740 513 493 766 0 413 233 107 363 820 570 144 644 962 390 444 490 440 75 930 1000 486 950 367 155 739 63 540 234 422 322 722 821 540 47 264 300 940 417 725 882 945 355 511 76 449 977 89 761 840 18 
606 858 672 503 730 179 829 192 390 492 944 176 9 413 0 353 602 979 61 495 858 955 509 437 646 97 639 278 43 938 481 158 512 381 748 792 48 416 353 915 281 879 485 652 206 987 143 391 7 885 266 98 913 528 403 982 460 615 467 348 
300 939 70 983 711 675 405 165 879 536 512 596 500 233 353 0 966 349 266 840 427 918 511 755 754 528 891 701 146 701 266 172 9 969 353 563 340 172 48 661 510 753 742 777 242 337 630 559 799 832 449 169 728 693 863 674 591 58 681 697 
967 412 674 151 162 930 235 487 156 506 227 317 848 107 602 966 0 571 231 425 525 841 194 523 661 192 575 552 566 726 727 127 814 197 838 910 424 664 112 821 748 107 267 482 916 86 57 504 305 548 102 33 197 844 65 82 471 318 132 437 
689 400 39 783 14 894 967 841 721 457 263 317 197 363 979 349 571 0 702 124 188 389 162 809 20 36 717 886 285 13 608 548 753 87 440 573 373 401 106 98 876 831 439 336 940 294 683 519 253 640 195 694 146 935 112 357 403 943 639 745 
343 421 906 757 122 940 485 258 509 238 379 708 634 820 61 266 231 702 0 695 469 390 426 908 194 185 400 1 458 409 890 298 160 587 345 642 646 607 955 565 778 752 530 906 257 180 983 75 424 228 563 50 531 114 896 190 348 634 647 210 
382 742 780 885 117 905 161 62 802 132 914 621 1000 570 495 840 425 124 695 0 30 789 273 403 57 17 909 643 449 673 113 472 342 552 465 723 284 82 656 956 477 295 384 980 195 924 96 623 102 594 651 319 136 977 469 8 98 395 179 653 
142 144 41 67 249 20 887 116 465 490 458 507 32 144 858 427 525 188 469 30 0 459 611 451 885 220 559 975 632 185 579 854 128 578 433 965 199 997 99 950 815 323 826 418 490 336 146 14 428 646 570 567 974 671 151 508 617 318 479 577 
76 30 584 895 628 742 638 734 231 448 519 538 806 644 955 918 841 389 390 789 459 0 65 199 301 844 970 640 699 713 906 737 465 562 242 591 507 827 565 299 158 579 200 171 601 225 671 801 698 745 597 320 84 62 112 433 643 505 776 526 
66 746 701 478 844 321 222 189 553 680 208 527 529 962 509 511 194 162 426 273 611 65 0 654 65 953 861 21 577 315 380 364 760 755 18 468 239 257 491 843 854 265 233 678 354 129 519 764 366 394 684 423 408 435 788 837 333 928 755 941 
425 482 213 173 809 697 880 13 859 828 786 835 759 390 437 755 523 809 908 403 451 199 654 0 894 86 376 934 167 24 894 358 48 355 757 121 357 54 203 540 737 478 952 56 219 711 126 248 53 845 488 623 71 508 326 871 413 955 287 212 
77 139 129 777 494 256 900 407 950 561 862 684 845 444 646 754 661 20 194 57 885 301 65 894 0 236 706 617 241 378 796 82 398 840 383 429 516 830 592 685 735 972 301 209 175 703 444 478 908 209 404 715 518 332 170 982 310 325 387 97 
57 122 21 72 639 585 708 239 151 561 213 88 516 490 97 528 192 36 185 17 220 844 953 86 236 0 981 363 585 545 90 955 895 683 902 124 76 741 710 732 740 697 43 944 288 853 97 377 508 45 282 504 764 118 235 791 266 58 646 719 
166 89 423 438 590 888 477 320 391 994 117 794 245 440 639 891 575 717 400 909 559 970 861 376 706 981 0 245 340 771 371 40 642 990 172 245 235 837 60 407 535 629 422 526 217 907 84 900 921 679 308 854 352 360 242 497 259 548 178 43 
635 786 585 877 700 294 438 137 301 330 445 630 683 75 278 701 552 886 1 643 975 640 21 934 617 363 245 0 275 586 16 885 758 200 307 593 418 448 688 311 461 679 302 822 691 996 802 737 115 801 60 781 460 377 443 109 789 221 786 523 
686 508 973 780 584 528 896 606 515 273 504 977 489 930 43 146 566 285 458 449 632 699 577 167 241 585 340 275 0 100 267 701 914 634 855 285 424 656 48 660 475 967 604 297 606 545 851 674 750 232 371 805 484 309 815 199 55 384 156 610 
108 914 343 299 755 782 8 96 248 320 586 384 264 1000 938 701 726 13 409 673 185 713 315 24 378 545 771 586 100 0 223 406 148 63 4 840 327 184 23 143 906 620 753 68 408 20 1000 302 814 404 299 371 284 776 992 511 519 354 163 754 
11 3 269 893 38 861 440 372 497 162 426 327 261 486 481 266 727 608 890 113 579 906 380 894 796 90 371 16 267 223 0 616 981 778 253 85 76 17 901 149 133 449 646 212 466 944 641 877 235 11 894 956 870 45 691 656 181 575 154 834 
366 331 819 633 164 43 562 91 489 868 582 566 38 950 158 172 127 548 298 472 854 737 364 358 82 955 40 885 701 406 616 0 348 895 146 760 888 887 450 983 603 481 96 254 508 866 699 841 164 919 115 789 895 708 898 899 644 833 332 898 
383 917 221 963 710 982 629 432 653 301 369 189 757 367 512 9 814 753 160 342 128 465 760 48 398 895 642 758 914 148 981 348 0 708 94 350 318 363 380 279 149 661 980 934 447 565 823 107 992 329 63 29 371 137 785 803 435 407 304 190 
477 554 91 117 695 415 948 211 206 677 914 198 784 155 381 969 197 87 587 552 578 562 755 355 840 683 990 200 634 63 778 895 708 0 821 336 988 233 330 154 551 770 835 177 282 901 820 833 570 978 380 497 690 815 430 859 24 550 100 262 
113 107 340 460 535 599 436 376 400 434 519 431 591 739 748 353 838 440 345 465 433 242 18 757 383 902 172 307 855 4 253 146 94 821 0 637 39 592 590 271 21 816 514 763 706 307 352 621 832 131 182 905 365 860 484 913 655 328 702 387 
601 664 523 317 21 770 357 810 259 485 358 884 994 63 792 563 910 573 642 723 965 591 468 121 429 124 245 593 285 840 85 760 350 336 637 0 469 86 350 176 57 100 464 319 972 623 135 759 27 496 653 582 632 456 614 143 713 517 855 78 
869 906 927 916 153 543 231 533 553 749 89 24 418 540 48 340 424 373 646 284 199 507 239 357 516 76 235 418 424 327 76 888 318 988 39 469 0 825 685 204 90 497 707 580 353 499 764 687 79 678 44 138 916 888 889 323 178 704 597 829 
59 412 197 658 831 135 22 901 885 662 762 785 204 234 416 172 664 401 607 82 997 827 257 54 830 741 837 448 656 184 17 887 363 233 592 86 825 0 818 457 34 389 724 426 914 127 709 321 801 402 549 482 252 26 673 6 727 409 926 814 
563 631 113 957 573 638 53 459 134 458 843 547 548 422 353 48 112 106 955 656 99 565 491 203 592 710 60 688 48 23 901 450 380 330 590 350 685 818 0 613 840 255 169 465 816 157 955 519 58 741 432 182 609 432 715 274 442 255 695 190 
635 491 77 916 614 397 754 391 623 174 75 17 72 322 915 661 821 98 565 956 950 299 843 540 685 732 407 311 660 143 149 983 279 154 271 176 204 457 613 0 684 92 751 578 64 541 353 854 687 955 925 35 1 974 199 370 513 8 398 618 
462 118 165 356 831 420 165 562 844 252 461 925 46 722 281 510 748 876 778 477 815 158 854 737 735 740 535 461 475 906 133 603 149 551 21 57 90 34 840 684 0 818 453 846 14 68 857 346 607 55 122 748 117 462 587 736 545 170 227 238 
863 470 829 500 382 700 792 740 190 108 666 474 155 821 879 753 107 831 752 295 323 579 265 478 972 697 629 679 967 620 449 481 661 770 816 100 497 389 255 92 818 0 622 772 533 731 737 385 653 180 87 966 976 830 829 678 874 446 513 177 
171 750 564 968 188 428 862 199 963 483 844 126 141 540 485 742 267 439 530 384 826 200 233 952 301 43 422 302 604 753 646 96 980 835 514 464 707 724 169 751 453 622 0 162 646 279 493 789 877 576 928 234 152 10 335 893 665 729 213 519 
49 714 825 328 834 851 708 198 431 308 68 891 638 47 652 777 482 336 906 980 418 171 678 56 209 944 526 822 297 68 212 254 934 177 763 319 580 426 465 578 846 772 162 0 573 959 136 746 852 501 423 473 851 939 740 201 108 561 108 279 
615 470 191 839 640 101 863 830 216 272 243 918 568 264 206 242 916 940 257 195 490 601 354 219 175 288 217 691 606 408 466 508 447 282 706 972 353 914 816 64 14 533 646 573 0 553 881 492 603 251 542 256 122 120 491 432 138 906 260 131 
134 304 532 893 858 214 329 19 32 408 178 99 251 300 987 337 86 294 180 924 336 225 129 711 703 853 907 996 545 20 944 866 565 901 307 623 499 127 157 541 68 731 279 959 553 0 397 754 920 852 166 345 10 269 154 134 666 812 908 327 
420 629 196 963 869 942 164 322 904 71 959 609 605 940 143 630 57 683 983 96 146 671 519 126 444 97 84 802 851 1000 641 699 823 820 352 135 764 709 955 353 857 737 493 136 881 397 0 46 317 21 364 31 133 905 473 652 367 723 1 727 
637 361 50 945 942 285 857 760 476 997 39 987 553 417 391 559 504 519 75 623 14 801 764 248 478 377 900 737 674 302 877 841 107 833 621 759 687 321 519 854 346 385 789 746 492 754 46 0 647 599 605 599 525 401 241 890 22 435 766 816 
483 649 169 663 663 944 469 226 864 743 734 542 360 725 7 799 305 253 424 102 428 698 366 53 908 508 921 115 750 814 235 164 992 570 832 27 79 801 58 687 607 653 877 852 603 920 317 647 0 158 855 802 528 596 667 714 836 194 164 973 
412 438 886 451 336 194 585 943 859 449 116 72 973 882 885 832 548 640 228 594 646 745 394 845 209 45 679 801 232 404 11 919 329 978 131 496 678 402 741 955 55 180 576 501 251 852 21 599 158 0 609 635 54 832 376 110 783 350 648 468 
274 52 65 430 911 549 909 321 350 384 334 436 158 945 266 449 102 195 563 651 570 597 684 488 404 282 308 60 371 299 894 115 63 380 182 653 44 549 432 925 122 87 928 423 542 166 364 605 855 609 0 934 826 361 710 183 351 319 985 210 
101 831 611 158 8 973 525 291 946 310 675 209 392 355 98 169 33 694 50 319 567 320 423 623 715 504 854 781 805 371 956 789 29 497 905 582 138 482 182 35 748 966 234 473 256 345 31 599 802 635 934 0 481 989 621 746 92 110 475 692 
