10 3
0 100 728 205 590 165 543 876 900 706 
100 0 463 349 566 341 575 186 118 714 
728 463 0 958 694 207 58 350 600 287 
205 349 958 0 517 217 517 317 403 524 
590 566 694 517 0 804 805 876 533 508 
165 341 207 217 804 0 75 766 903 735 
543 575 58 517 805 75 0 238 195 827 
876 186 350 317 876 766 238 0 917 714 
900 118 600 403 533 903 195 917 0 104 
706 714 287 524 508 735 827 714 104 0 
0 125 910 314 57 103 273 899 214 762 
125 0 536 174 30 693 408 1000 807 293 
910 536 0 955 168 478 489 701 760 803 
314 174 955 0 597 541 42 248 634 126 
57 30 168 597 0 364 229 609 130 142 
103 693 478 541 364 0 113 924 581 589 
273 408 489 42 229 113 0 218 757 195 
899 1000 701 248 609 924 218 0 497 97 
214 807 760 634 130 581 757 497 0 728 
762 293 803 126 142 589 195 97 728 0 
0 255 177 528 616 526 732 321 866 211 
255 0 381 279 926 82 529 83 655 990 
177 381 0 158 853 990 779 673 451 569 
528 279 158 0 807 229 991 320 152 917 
616 926 853 807 0 543 668 130 825 342 
526 82 990 229 543 0 833 350 351 849 
732 529 779 991 668 833 0 728 248 92 
321 83 673 320 130 350 728 0 867 593 
866 655 451 152 825 351 248 867 0 16 
211 990 569 917 342 849 92 593 16 0 
0 499 37 347 908 895 323 482 544 9 
499 0 695 789 837 84 325 481 254 584 
37 695 0 480 659 120 225 472 593 164 
347 789 480 0 159 135 932 367 136 310 
908 837 659 159 0 54 42 439 333 621 
895 84 120 135 54 0 689 238 254 570 
323 325 225 932 42 689 0 933 333 976 
482 481 472 367 439 238 933 0 376 937 
544 254 593 136 333 254 333 376 0 645 
9 584 164 310 621 570 976 937 645 0 
