8 2
0 569 691 94 813 407 340 370 
569 0 1 298 822 753 549 377 
691 1 0 664 905 412 434 47 
94 298 664 0 51 210 90 137 
813 822 905 51 0 245 449 385 
407 753 412 210 245 0 981 943 
340 549 434 90 449 981 0 566 
370 377 47 137 385 943 566 0 
0 732 285 906 712 189 97 190 
732 0 363 705 204 732 914 180 
285 363 0 355 399 84 839 626 
906 705 355 0 909 843 567 820 
712 204 399 909 0 491 462 170 
189 732 84 843 491 0 733 480 
97 914 839 567 462 733 0 525 
190 180 626 820 170 480 525 0 
0 391 596 61 321 987 964 739 
391 0 680 251 642 252 137 947 
596 680 0 559 674 941 324 255 
61 251 559 0 140 292 446 198 
321 642 674 140 0 331 383 817 
987 252 941 292 331 0 244 507 
964 137 324 446 383 244 0 514 
739 947 255 198 817 507 514 0 
