6 4
0 555 650 868 523 851 
555 0 135 334 321 333 
650 135 0 169 904 551 
868 334 169 0 490 933 
523 321 904 490 0 256 
851 333 551 933 256 0 
0 534 147 605 702 334 
534 0 846 848 173 787 
147 846 0 818 263 243 
605 848 818 0 16 745 
702 173 263 16 0 165 
334 787 243 745 165 0 
0 484 827 309 190 549 
484 0 266 120 805 318 
827 266 0 51 565 853 
309 120 51 0 854 137 
190 805 565 854 0 819 
549 318 853 137 819 0 
0 485 826 529 161 630 
485 0 305 102 858 168 
826 305 0 412 791 922 
529 102 412 0 922 84 
161 858 791 922 0 871 
630 168 922 84 871 0 
0 316 890 453 353 741 
316 0 86 122 859 74 
890 86 0 153 876 824 
453 122 153 0 885 311 
353 859 876 885 0 888 
741 74 824 311 888 0 
