15 3
0 751 933 594 572 672 656 602 971 148 639 557 935 720 38 
751 0 256 115 619 1000 878 547 519 77 545 6 489 950 597 
933 256 0 601 896 623 998 290 74 40 622 589 445 373 685 
594 115 601 0 14 204 102 987 799 176 876 130 837 412 11 
572 619 896 14 0 70 715 773 966 381 73 534 186 685 919 
672 1000 623 204 70 0 215 904 114 405 87 322 984 7 661 
656 878 998 102 715 215 0 213 99 342 668 517 881 227 28 
602 547 290 987 773 904 213 0 151 607 445 270 654 435 831 
971 519 74 799 966 114 99 151 0 527 448 839 779 190 715 
148 77 40 176 381 405 342 607 527 0 941 873 112 299 994 
639 545 622 876 73 87 668 445 448 941 0 926 312 264 584 
557 6 589 130 534 322 517 270 839 873 926 0 212 579 698 
935 489 445 837 186 984 881 654 779 112 312 212 0 834 449 
720 950 373 412 685 7 227 435 190 299 264 579 834 0 140 
38 597 685 11 919 661 28 831 715 994 584 698 449 140 0 
0 687 4 949 924 203 425 896 521 148 92 945 706 774 806 
687 0 472 495 472 405 844 467 726 122 572 949 816 488 416 
4 472 0 483 848 691 103 431 548 745 879 299 595 757 5 
949 495 483 0 315 589 353 593 965 356 316 404 308 705 249 
924 472 848 315 0 278 74 125 452 58 940 340 41 505 365 
203 405 691 589 278 0 938 100 507 756 109 638 774 365 65 
425 844 103 353 74 938 0 147 651 250 27 56 114 564 681 
896 467 431 593 125 100 147 0 564 116 933 331 930 311 362 
521 726 548 965 452 507 651 564 0 266 686 8 145 832 24 
148 122 745 356 58 756 250 116 266 0 170 600 656 827 243 
92 572 879 316 940 109 27 933 686 170 0 293 810 562 513 
945 949 299 404 340 638 56 331 8 600 293 0 966 655 921 
706 816 595 308 41 774 114 930 145 656 810 966 0 791 220 
774 488 757 705 505 365 564 311 832 827 562 655 791 0 185 
806 416 5 249 365 65 681 362 24 243 513 921 220 185 0 
0 892 833 147 580 195 902 234 445 376 26 88 157 132 671 
892 0 674 291 881 100 907 933 948 786 728 488 562 935 885 
833 674 0 111 881 995 702 121 732 133 2 694 763 671 545 
147 291 111 0 112 392 393 687 229 149 168 516 213 230 188 
580 881 881 112 0 478 19 16 735 690 826 42 907 662 390 
195 100 995 392 478 0 406 15 463 791 954 812 904 622 977 
902 907 702 393 19 406 0 147 3 929 819 539 499 432 75 
234 933 121 687 16 15 147 0 682 557 767 76 276 936 765 
445 948 732 229 735 463 3 682 0 100 90 954 909 723 591 
376 786 133 149 690 791 929 557 100 0 457 696 532 77 184 
26 728 2 168 826 954 819 767 90 457 0 897 457 38 209 
88 488 694 516 42 812 539 76 954 696 897 0 316 850 354 
157 562 763 213 907 904 499 276 909 532 457 316 0 360 439 
132 935 671 230 662 622 432 936 723 77 38 850 360 0 110 
671 885 545 188 390 977 75 765 591 184 209 354 439 110 0 
0 756 826 725 575 545 537 853 109 154 423 815 186 969 827 
756 0 758 796 823 968 811 202 428 108 430 178 714 211 18 
826 758 0 605 40 533 811 857 609 864 308 634 669 200 111 
725 796 605 0 471 977 840 717 66 917 234 72 809 666 741 
575 823 40 471 0 848 211 597 555 165 243 820 380 423 349 
545 968 533 977 848 0 310 445 817 875 90 266 136 17 670 
537 811 811 840 211 310 0 483 260 182 146 832 895 880 612 
853 202 857 717 597 445 483 0 729 525 461 302 788 683 691 
109 428 609 66 555 817 260 729 0 230 77 269 644 447 484 
154 108 864 917 165 875 182 525 230 0 495 418 799 259 822 
423 430 308 234 243 90 146 461 77 495 0 530 307 621 795 
815 178 634 72 820 266 832 302 269 418 530 0 432 29 393 
186 714 669 809 380 136 895 788 644 799 307 432 0 7 847 
969 211 200 666 423 17 880 683 447 259 621 29 7 0 800 
827 18 111 741 349 670 612 691 484 822 795 393 847 800 0 
