8 4
0 910 804 8 349 683 316 804 
910 0 397 493 958 590 868 986 
804 397 0 420 748 566 252 249 
8 493 420 0 892 694 165 297 
349 958 748 892 0 517 341 540 
683 590 566 694 517 0 207 543 
316 868 252 165 341 207 0 575 
804 986 249 297 540 543 575 0 
0 524 526 230 883 989 24 306 
524 0 126 56 278 608 320 51 
526 126 0 700 32 567 824 658 
230 56 700 0 745 553 295 8 
883 278 32 745 0 79 184 792 
989 608 567 553 79 0 532 223 
24 320 824 295 184 532 0 379 
306 51 658 8 792 223 379 0 
0 524 526 230 883 989 24 306 
524 0 126 56 278 608 320 51 
526 126 0 700 32 567 824 658 
230 56 700 0 745 553 295 8 
883 278 32 745 0 79 184 792 
989 608 567 553 79 0 532 223 
24 320 824 295 184 532 0 379 
306 51 658 8 792 223 379 0 
0 524 526 230 883 989 24 306 
524 0 126 56 278 608 320 51 
526 126 0 700 32 567 824 658 
230 56 700 0 745 553 295 8 
883 278 32 745 0 79 184 792 
989 608 567 553 79 0 532 223 
24 320 824 295 184 532 0 379 
306 51 658 8 792 223 379 0 
0 524 526 230 883 989 24 306 
524 0 126 56 278 608 320 51 
526 126 0 700 32 567 824 658 
230 56 700 0 745 553 295 8 
883 278 32 745 0 79 184 792 
989 608 567 553 79 0 532 223 
24 320 824 295 184 532 0 379 
306 51 658 8 792 223 379 0 
