9 2
0 183 334 649 968 210 944 572 200 
183 0 169 851 820 189 368 619 856 
334 169 0 333 663 594 220 896 51 
649 851 333 0 355 115 772 14 785 
968 820 663 355 0 601 59 571 818 
210 189 594 115 601 0 265 29 164 
944 368 220 772 59 265 0 877 672 
572 619 896 14 571 29 877 0 1000 
200 856 51 785 818 164 672 1000 0 
0 634 73 834 80 515 119 542 895 
634 0 589 919 195 892 136 16 111 
73 589 0 474 885 31 74 731 721 
834 919 474 0 650 147 118 262 868 
80 195 885 650 0 174 341 976 77 
515 892 31 147 174 0 163 536 345 
119 136 74 118 341 163 0 207 342 
542 16 731 262 976 536 207 0 406 
895 111 721 868 77 345 342 406 0 
0 30 444 316 699 314 923 947 518 
30 0 467 552 834 245 672 520 941 
444 467 0 362 609 571 644 122 729 
316 552 362 0 468 625 684 583 720 
699 834 609 468 0 679 722 112 949 
314 245 571 625 679 0 997 446 636 
923 672 644 684 722 997 0 52 610 
947 520 122 583 112 446 52 0 771 
518 941 729 720 949 636 610 771 0 
