6 3
0 555 650 868 523 851 
555 0 135 334 321 333 
650 135 0 169 904 551 
868 334 169 0 490 933 
523 321 904 490 0 256 
851 333 551 933 256 0 
0 93 571 938 86 902 
93 0 557 434 192 306 
571 557 0 581 960 629 
938 434 581 0 547 74 
86 192 960 547 0 114 
902 306 629 74 114 0 
0 908 430 63 915 99 
908 0 444 567 809 695 
430 444 0 420 41 372 
63 567 420 0 454 927 
915 809 41 454 0 887 
99 695 372 927 887 0 
0 908 430 63 915 99 
908 0 444 567 809 695 
430 444 0 420 41 372 
63 567 420 0 454 927 
915 809 41 454 0 887 
99 695 372 927 887 0 
