6 3
0 555 650 868 523 851 
555 0 135 334 321 333 
650 135 0 169 904 551 
868 334 169 0 490 933 
523 321 904 490 0 256 
851 333 551 933 256 0 
0 785 971 516 474 719 
785 0 590 312 693 385 
971 590 0 7 121 239 
516 312 7 0 761 430 
474 693 121 761 0 226 
719 385 239 430 226 0 
0 1 35 512 362 254 
1 0 924 605 643 290 
35 924 0 566 956 505 
512 605 566 0 327 854 
362 643 956 327 0 826 
254 290 505 854 826 0 
0 409 950 222 434 757 
409 0 620 589 456 338 
950 620 0 737 858 970 
222 589 737 0 116 521 
434 456 858 116 0 679 
757 338 970 521 679 0 
