10 4
0 100 728 205 590 165 543 876 900 706 
100 0 463 349 566 341 575 186 118 714 
728 463 0 958 694 207 58 350 600 287 
205 349 958 0 517 217 517 317 403 524 
590 566 694 517 0 804 805 876 533 508 
165 341 207 217 804 0 75 766 903 735 
543 575 58 517 805 75 0 238 195 827 
876 186 350 317 876 766 238 0 917 714 
900 118 600 403 533 903 195 917 0 104 
706 714 287 524 508 735 827 714 104 0 
0 937 375 711 491 412 280 841 851 182 
937 0 804 130 724 130 351 162 388 310 
375 804 0 164 588 377 737 536 821 92 
711 130 164 0 675 477 401 981 8 927 
491 724 588 675 0 384 457 348 607 571 
412 130 377 477 384 0 512 367 113 111 
280 351 737 401 457 512 0 730 906 512 
841 162 536 981 348 367 730 0 320 657 
851 388 821 8 607 113 906 320 0 189 
182 310 92 927 571 111 512 657 189 0 
0 881 277 747 582 504 340 635 921 165 
881 0 828 176 626 211 420 131 467 273 
277 828 0 270 623 466 648 682 780 322 
747 176 270 0 644 393 387 847 92 656 
582 626 623 644 0 277 503 262 526 659 
504 211 466 393 277 0 497 455 132 179 
340 420 648 387 503 497 0 773 821 464 
635 131 682 847 262 455 773 0 414 696 
921 467 780 92 526 132 821 414 0 36 
165 273 322 656 659 179 464 696 36 0 
0 891 458 598 448 353 208 792 792 239 
891 0 796 261 711 120 464 122 428 158 
458 796 0 13 553 297 924 540 579 274 
598 261 13 0 774 425 445 979 59 840 
448 711 553 774 0 489 416 370 541 581 
353 120 297 425 489 0 604 269 38 95 
208 464 924 445 416 604 0 672 920 493 
792 122 540 979 370 269 672 0 341 796 
792 428 579 59 541 38 920 341 0 254 
239 158 274 840 581 95 493 796 254 0 
0 975 339 865 522 455 161 812 793 370 
975 0 667 11 732 93 506 227 501 365 
339 667 0 126 687 447 751 610 778 108 
865 11 126 0 698 718 432 944 152 746 
522 732 687 698 0 301 294 456 552 447 
455 93 447 718 301 0 441 354 78 161 
161 506 751 432 294 441 0 726 920 617 
812 227 610 944 456 354 726 0 376 701 
793 501 778 152 552 78 920 376 0 93 
370 365 108 746 447 161 617 701 93 0 
