50 3
0 804 871 10 989 964 407 983 342 597 424 458 53 774 855 609 77 497 529 285 294 698 64 864 330 295 925 906 191 676 550 947 700 889 893 129 55 740 920 695 27 66 170 839 289 467 890 938 557 331 
804 0 963 700 229 884 328 999 969 400 898 74 678 603 406 299 346 164 368 341 670 736 985 165 165 642 97 292 470 301 299 806 556 955 919 138 646 633 749 428 234 8 445 514 286 320 724 879 437 677 
871 963 0 430 124 536 213 843 282 194 251 996 232 959 438 174 66 134 900 131 752 298 136 827 661 279 368 760 466 47 518 182 792 790 937 191 635 632 628 288 30 234 892 760 637 478 832 497 161 714 
10 700 430 0 835 23 810 624 25 307 879 947 408 100 899 956 653 40 856 85 73 989 811 333 155 594 263 958 457 531 531 529 751 889 914 639 113 227 784 519 41 851 200 590 537 74 537 41 274 447 
989 229 124 835 0 620 30 117 941 375 332 251 774 113 269 871 747 677 811 341 684 504 687 132 164 550 177 426 484 982 187 839 297 841 503 525 159 413 969 325 776 440 501 388 470 784 596 712 6 434 
964 884 536 23 620 0 789 303 188 842 508 3 60 170 680 618 717 625 659 608 391 522 305 579 454 818 199 504 297 749 367 179 485 439 737 161 588 536 51 789 771 396 59 390 223 414 183 364 501 111 
407 328 213 810 30 789 0 839 111 651 258 144 718 557 613 133 760 594 39 327 333 515 675 732 622 247 981 560 434 421 629 648 681 395 763 829 895 502 273 672 51 755 821 722 924 556 182 710 554 322 
983 999 843 624 117 303 839 0 926 633 103 763 472 502 192 562 270 270 478 919 765 724 649 315 20 923 947 297 199 145 814 557 91 534 416 295 27 682 925 304 769 637 659 152 946 841 664 529 874 679 
342 969 282 25 941 188 111 926 0 814 110 97 676 168 237 251 550 469 380 164 312 100 582 497 210 150 343 13 447 684 692 232 726 834 219 446 854 347 700 61 323 522 342 2 556 341 255 454 586 630 
597 400 194 307 375 842 651 633 814 0 475 751 882 842 489 924 598 519 626 230 295 855 857 413 7 138 530 141 44 387 660 680 602 648 400 923 313 958 871 12 899 512 262 607 123 432 808 385 429 179 
424 898 251 879 332 508 258 103 110 475 0 955 730 966 519 242 474 556 589 925 715 487 711 249 602 887 475 871 477 367 723 498 323 222 294 421 734 360 458 124 746 657 780 602 231 437 165 536 108 337 
458 74 996 947 251 3 144 763 97 751 955 0 718 312 167 651 408 862 122 650 2 572 945 216 924 314 189 284 691 575 240 100 172 817 298 534 324 591 697 152 408 921 179 783 788 622 11 370 422 94 
53 678 232 408 774 60 718 472 676 882 730 718 0 785 1000 663 442 360 152 389 656 435 437 780 31 210 415 616 393 760 279 70 835 34 512 461 700 540 377 50 674 126 545 912 679 498 479 42 927 526 
774 603 959 100 113 170 557 502 168 842 966 312 785 0 492 781 634 524 360 986 493 626 443 400 771 162 94 253 468 41 837 717 915 664 924 310 792 700 669 374 791 242 176 526 999 893 465 310 710 300 
855 406 438 899 269 680 613 192 237 489 519 167 1000 492 0 338 235 762 953 226 160 534 132 949 4 29 694 720 340 581 43 793 979 944 497 131 355 136 31 67 432 792 312 132 682 190 923 431 656 728 
609 299 174 956 871 618 133 562 251 924 242 651 663 781 338 0 849 806 431 470 940 834 867 8 517 155 470 332 278 290 612 990 208 751 935 577 979 592 370 909 292 774 376 645 351 758 755 871 5 275 
77 346 66 653 747 717 760 270 550 598 474 408 442 634 235 849 0 790 787 125 874 466 48 544 752 979 261 604 360 122 847 316 51 549 465 73 383 883 248 707 921 214 996 974 860 758 340 634 470 853 
497 164 134 40 677 625 594 270 469 519 556 862 360 524 762 806 790 0 195 42 446 117 543 638 290 585 543 972 425 267 292 274 683 596 719 12 125 59 770 356 29 793 424 409 205 647 896 928 67 899 
529 368 900 856 811 659 39 478 380 626 589 122 152 360 953 431 787 195 0 51 443 961 886 696 980 147 188 272 675 398 371 407 161 369 968 994 812 782 540 45 317 181 574 541 946 787 797 254 756 95 
285 341 131 85 341 608 327 919 164 230 925 650 389 986 226 470 125 42 51 0 315 200 874 380 536 244 795 547 510 789 974 795 146 231 21 358 95 769 630 580 342 388 579 642 212 659 30 661 124 915 
294 670 752 73 684 391 333 765 312 295 715 2 656 493 160 940 874 446 443 315 0 711 254 536 185 58 321 353 105 962 611 911 351 924 360 153 162 507 21 493 499 40 60 940 78 9 940 144 364 452 
698 736 298 989 504 522 515 724 100 855 487 572 435 626 534 834 466 117 961 200 711 0 499 130 829 285 306 472 197 496 635 20 358 176 604 212 639 910 96 873 754 964 691 63 917 124 239 919 840 719 
64 985 136 811 687 305 675 649 582 857 711 945 437 443 132 867 48 543 886 874 254 499 0 410 736 896 165 774 751 941 263 452 825 154 327 543 434 900 96 666 922 127 249 459 906 628 585 104 668 438 
864 165 827 333 132 579 732 315 497 413 249 216 780 400 949 8 544 638 696 380 536 130 410 0 78 515 602 853 267 617 657 947 849 579 730 641 147 610 780 409 428 587 121 79 397 863 221 273 352 753 
330 165 661 155 164 454 622 20 210 7 602 924 31 771 4 517 752 290 980 536 185 829 736 78 0 279 52 585 129 223 749 503 582 854 441 559 615 357 456 138 934 689 566 197 821 734 660 697 746 203 
295 642 279 594 550 818 247 923 150 138 887 314 210 162 29 155 979 585 147 244 58 285 896 515 279 0 70 455 846 321 208 219 383 751 770 649 892 981 409 806 721 558 146 101 343 581 495 847 9 980 
925 97 368 263 177 199 981 947 343 530 475 189 415 94 694 470 261 543 188 795 321 306 165 602 52 70 0 521 108 443 252 158 420 251 80 3 544 398 367 904 228 345 386 919 259 485 377 158 571 574 
906 292 760 958 426 504 560 297 13 141 871 284 616 253 720 332 604 972 272 547 353 472 774 853 585 455 521 0 219 157 824 731 70 401 904 796 510 492 597 961 606 647 162 133 244 615 825 322 930 161 
191 470 466 457 484 297 434 199 447 44 477 691 393 468 340 278 360 425 675 510 105 197 751 267 129 846 108 219 0 253 825 807 713 278 173 560 131 552 323 737 609 90 778 161 917 139 332 504 659 727 
676 301 47 531 982 749 421 145 684 387 367 575 760 41 581 290 122 267 398 789 962 496 941 617 223 321 443 157 253 0 749 79 655 387 410 188 656 432 981 726 115 838 227 552 653 808 439 510 147 512 
550 299 518 531 187 367 629 814 692 660 723 240 279 837 43 612 847 292 371 974 611 635 263 657 749 208 252 824 825 749 0 850 891 194 375 932 825 944 115 807 117 167 8 492 861 595 820 680 437 351 
947 806 182 529 839 179 648 557 232 680 498 100 70 717 793 990 316 274 407 795 911 20 452 947 503 219 158 731 807 79 850 0 464 157 794 265 901 624 266 194 992 975 352 113 99 168 444 39 427 258 
700 556 792 751 297 485 681 91 726 602 323 172 835 915 979 208 51 683 161 146 351 358 825 849 582 383 420 70 713 655 891 464 0 445 316 385 215 890 767 468 464 40 92 724 545 634 670 859 431 923 
889 955 790 889 841 439 395 534 834 648 222 817 34 664 944 751 549 596 369 231 924 176 154 579 854 751 251 401 278 387 194 157 445 0 164 158 573 847 959 765 625 923 630 832 920 376 876 703 814 231 
893 919 937 914 503 737 763 416 219 400 294 298 512 924 497 935 465 719 968 21 360 604 327 730 441 770 80 904 173 410 375 794 316 164 0 275 983 357 445 217 488 798 989 454 440 412 465 74 990 896 
129 138 191 639 525 161 829 295 446 923 421 534 461 310 131 577 73 12 994 358 153 212 543 641 559 649 3 796 560 188 932 265 385 158 275 0 872 811 842 27 586 467 414 547 848 469 648 365 823 269 
55 646 635 113 159 588 895 27 854 313 734 324 700 792 355 979 383 125 812 95 162 639 434 147 615 892 544 510 131 656 825 901 215 573 983 872 0 979 928 216 170 449 500 741 407 808 114 801 964 240 
740 633 632 227 413 536 502 682 347 958 360 591 540 700 136 592 883 59 782 769 507 910 900 610 357 981 398 492 552 432 944 624 890 847 357 811 979 0 853 230 880 385 102 389 640 973 935 92 581 881 
920 749 628 784 969 51 273 925 700 871 458 697 377 669 31 370 248 770 540 630 21 96 96 780 456 409 367 597 323 981 115 266 767 959 445 842 928 853 0 78 947 428 955 88 417 555 328 733 815 883 
695 428 288 519 325 789 672 304 61 12 124 152 50 374 67 909 707 356 45 580 493 873 666 409 138 806 904 961 737 726 807 194 468 765 217 27 216 230 78 0 272 903 411 471 666 864 857 519 272 117 
27 234 30 41 776 771 51 769 323 899 746 408 674 791 432 292 921 29 317 342 499 754 922 428 934 721 228 606 609 115 117 992 464 625 488 586 170 880 947 272 0 185 295 365 815 232 582 301 992 480 
66 8 234 851 440 396 755 637 522 512 657 921 126 242 792 774 214 793 181 388 40 964 127 587 689 558 345 647 90 838 167 975 40 923 798 467 449 385 428 903 185 0 446 556 937 483 661 586 316 702 
170 445 892 200 501 59 821 659 342 262 780 179 545 176 312 376 996 424 574 579 60 691 249 121 566 146 386 162 778 227 8 352 92 630 989 414 500 102 955 411 295 446 0 540 576 516 674 488 651 916 
839 514 760 590 388 390 722 152 2 607 602 783 912 526 132 645 974 409 541 642 940 63 459 79 197 101 919 133 161 552 492 113 724 832 454 547 741 389 88 471 365 556 540 0 587 117 462 322 763 147 
289 286 637 537 470 223 924 946 556 123 231 788 679 999 682 351 860 205 946 212 78 917 906 397 821 343 259 244 917 653 861 99 545 920 440 848 407 640 417 666 815 937 576 587 0 434 309 45 766 576 
467 320 478 74 784 414 556 841 341 432 437 622 498 893 190 758 758 647 787 659 9 124 628 863 734 581 485 615 139 808 595 168 634 376 412 469 808 973 555 864 232 483 516 117 434 0 833 503 563 464 
890 724 832 537 596 183 182 664 255 808 165 11 479 465 923 755 340 896 797 30 940 239 585 221 660 495 377 825 332 439 820 444 670 876 465 648 114 935 328 857 582 661 674 462 309 833 0 872 691 100 
938 879 497 41 712 364 710 529 454 385 536 370 42 310 431 871 634 928 254 661 144 919 104 273 697 847 158 322 504 510 680 39 859 703 74 365 801 92 733 519 301 586 488 322 45 503 872 0 579 225 
557 437 161 274 6 501 554 874 586 429 108 422 927 710 656 5 470 67 756 124 364 840 668 352 746 9 571 930 659 147 437 427 431 814 990 823 964 581 815 272 992 316 651 763 766 563 691 579 0 45 
331 677 714 447 434 111 322 679 630 179 337 94 526 300 728 275 853 899 95 915 452 719 438 753 203 980 574 161 727 512 351 258 923 231 896 269 240 881 883 117 480 702 916 147 576 464 100 225 45 0 
0 244 910 52 785 867 955 853 655 678 986 500 607 48 133 291 18 593 487 531 669 998 593 342 961 738 178 370 576 650 361 547 515 203 850 644 174 726 616 12 918 863 729 332 695 13 749 804 119 602 
244 0 390 810 992 64 683 639 305 614 603 820 951 886 638 343 939 940 655 871 784 42 187 362 217 690 477 893 305 859 185 949 189 860 476 655 226 544 341 98 152 497 670 415 224 506 790 45 374 776 
910 390 0 378 483 304 810 741 513 333 945 368 255 663 992 518 989 326 668 888 724 296 879 299 33 181 69 81 86 865 206 848 290 216 93 792 651 717 921 615 968 370 862 55 523 293 679 415 796 202 
52 810 378 0 470 217 548 686 77 721 865 584 397 13 249 237 67 750 787 148 706 76 138 664 140 409 603 971 458 816 195 891 269 748 44 451 640 854 817 313 290 561 634 355 182 579 87 153 915 217 
785 992 483 470 0 425 312 531 723 881 81 656 191 539 890 755 413 664 91 638 1000 840 737 564 78 246 282 489 354 663 404 568 577 550 619 274 988 569 548 700 952 249 270 133 260 992 864 629 308 836 
867 64 304 217 425 0 178 201 718 549 900 805 214 235 370 385 509 323 29 883 237 172 282 105 23 164 554 305 984 287 653 516 908 873 368 146 798 4 19 230 665 466 296 162 553 115 825 199 126 433 
955 683 810 548 312 178 0 407 291 934 724 695 215 73 970 898 790 871 641 98 403 501 525 619 492 853 12 118 727 552 507 598 170 935 614 444 205 193 885 617 94 200 242 496 876 728 826 872 615 127 
853 639 741 686 531 201 407 0 587 544 757 806 127 913 823 957 974 439 893 405 93 436 217 559 916 335 127 376 426 66 746 986 668 586 905 628 181 770 981 826 344 382 147 780 164 84 790 338 61 57 
655 305 513 77 723 718 291 587 0 886 978 137 289 728 724 596 352 217 374 519 353 407 124 971 761 405 220 690 84 490 135 367 205 71 77 529 616 757 700 855 286 339 64 495 644 356 831 248 616 926 
678 614 333 721 881 549 934 544 886 0 921 80 775 595 18 408 17 942 960 601 152 430 77 640 61 966 322 257 478 260 42 770 536 450 493 773 67 799 436 702 284 426 536 781 663 319 785 147 50 750 
986 603 945 865 81 900 724 757 978 921 0 399 175 522 8 234 77 782 543 674 260 577 34 447 280 196 117 623 903 393 266 818 449 986 638 182 788 612 920 720 527 859 344 107 301 383 473 429 146 827 
500 820 368 584 656 805 695 806 137 80 399 0 560 577 409 336 174 98 266 921 99 449 904 478 603 950 446 350 57 777 735 670 874 348 309 102 357 826 848 554 781 242 64 764 597 41 684 184 180 541 
607 951 255 397 191 214 215 127 289 775 175 560 0 835 276 566 833 799 281 738 606 128 604 578 358 597 872 573 937 421 219 157 741 606 632 980 178 787 700 331 999 914 156 967 325 931 351 909 11 371 
48 886 663 13 539 235 73 913 728 595 522 577 835 0 207 520 532 933 57 38 568 946 455 257 715 785 77 603 728 91 26 510 229 651 748 2 175 974 380 655 330 442 506 682 40 254 141 540 584 347 
133 638 992 249 890 370 970 823 724 18 8 409 276 207 0 285 136 940 313 345 241 518 114 815 530 807 533 623 198 230 46 306 255 750 93 912 194 901 797 17 141 673 778 405 568 913 562 720 734 181 
291 343 518 237 755 385 898 957 596 408 234 336 566 520 285 0 384 236 643 906 495 633 884 717 427 274 75 340 584 662 289 810 654 442 985 727 741 143 962 975 66 181 140 762 986 91 190 893 280 475 
18 939 989 67 413 509 790 974 352 17 77 174 833 532 136 384 0 548 358 961 523 422 624 362 209 498 238 918 580 244 469 55 125 719 675 251 227 192 990 332 202 412 222 912 65 496 539 367 750 943 
593 940 326 750 664 323 871 439 217 942 782 98 799 933 940 236 548 0 747 828 825 713 1 125 204 499 825 306 102 674 340 791 799 541 805 790 241 780 553 699 241 216 994 581 689 727 569 218 500 249 
487 655 668 787 91 29 641 893 374 960 543 266 281 57 313 643 358 747 0 435 840 956 860 482 524 315 852 299 799 387 946 824 704 346 921 496 288 78 949 196 836 805 522 661 118 361 856 504 763 752 
531 871 888 148 638 883 98 405 519 601 674 921 738 38 345 906 961 828 435 0 631 176 244 669 880 203 471 269 555 479 73 73 611 254 270 42 687 708 531 739 997 20 802 478 625 50 725 359 453 657 
669 784 724 706 1000 237 403 93 353 152 260 99 606 568 241 495 523 825 840 631 0 184 534 808 415 388 36 988 329 4 562 306 173 225 801 545 200 701 462 227 121 371 437 791 91 148 809 532 856 667 
998 42 296 76 840 172 501 436 407 430 577 449 128 946 518 633 422 713 956 176 184 0 880 489 51 184 824 888 441 861 530 771 715 915 972 92 768 957 990 982 17 833 836 729 186 336 133 110 209 819 
593 187 879 138 737 282 525 217 124 77 34 904 604 455 114 884 624 1 860 244 534 880 0 298 948 28 571 381 137 283 668 883 842 102 52 610 120 870 42 999 957 324 897 112 757 981 518 707 186 366 
342 362 299 664 564 105 619 559 971 640 447 478 578 257 815 717 362 125 482 669 808 489 298 0 994 806 228 434 694 81 753 266 438 76 496 950 502 789 832 736 418 760 555 777 517 641 196 452 435 526 
961 217 33 140 78 23 492 916 761 61 280 603 358 715 530 427 209 204 524 880 415 51 948 994 0 968 179 493 614 269 217 198 618 149 307 366 865 978 161 740 351 727 151 723 119 892 138 638 271 735 
738 690 181 409 246 164 853 335 405 966 196 950 597 785 807 274 498 499 315 203 388 184 28 806 968 0 806 86 826 120 411 491 207 379 789 95 447 61 269 970 132 890 807 734 69 681 893 742 468 874 
178 477 69 603 282 554 12 127 220 322 117 446 872 77 533 75 238 825 852 471 36 824 571 228 179 806 0 39 761 383 132 522 994 387 637 490 414 137 446 397 354 292 991 301 418 519 123 585 782 702 
370 893 81 971 489 305 118 376 690 257 623 350 573 603 623 340 918 306 299 269 988 888 381 434 493 86 39 0 975 7 490 472 369 477 772 362 119 162 68 165 98 41 434 502 619 921 784 297 310 113 
576 305 86 458 354 984 727 426 84 478 903 57 937 728 198 584 580 102 799 555 329 441 137 694 614 826 761 975 0 768 24 425 130 662 972 218 21 686 572 911 46 290 240 244 609 38 266 93 578 588 
650 859 865 816 663 287 552 66 490 260 393 777 421 91 230 662 244 674 387 479 4 861 283 81 269 120 383 7 768 0 284 341 15 506 731 962 313 593 906 71 561 976 563 644 179 23 893 972 232 719 
361 185 206 195 404 653 507 746 135 42 266 735 219 26 46 289 469 340 946 73 562 530 668 753 217 411 132 490 24 284 0 266 716 97 870 533 221 495 161 638 909 721 866 823 607 906 586 226 19 170 
547 949 848 891 568 516 598 986 367 770 818 670 157 510 306 810 55 791 824 73 306 771 883 266 198 491 522 472 425 341 266 0 289 898 668 54 65 211 772 583 176 64 772 673 951 896 514 747 588 457 
515 189 290 269 577 908 170 668 205 536 449 874 741 229 255 654 125 799 704 611 173 715 842 438 618 207 994 369 130 15 716 289 0 211 230 385 57 143 785 111 217 674 105 968 245 722 869 236 579 421 
203 860 216 748 550 873 935 586 71 450 986 348 606 651 750 442 719 541 346 254 225 915 102 76 149 379 387 477 662 506 97 898 211 0 373 209 361 534 362 396 939 646 677 498 654 45 83 90 6 805 
850 476 93 44 619 368 614 905 77 493 638 309 632 748 93 985 675 805 921 270 801 972 52 496 307 789 637 772 972 731 870 668 230 373 0 378 915 476 542 494 717 33 651 554 532 76 809 464 6 662 
644 655 792 451 274 146 444 628 529 773 182 102 980 2 912 727 251 790 496 42 545 92 610 950 366 95 490 362 218 962 533 54 385 209 378 0 838 510 15 777 83 431 667 755 686 722 367 827 305 464 
174 226 651 640 988 798 205 181 616 67 788 357 178 175 194 741 227 241 288 687 200 768 120 502 865 447 414 119 21 313 221 65 57 361 915 838 0 661 507 61 967 143 430 110 722 782 747 526 985 605 
726 544 717 854 569 4 193 770 757 799 612 826 787 974 901 143 192 780 78 708 701 957 870 789 978 61 137 162 686 593 495 211 143 534 476 510 661 0 801 192 115 442 965 350 355 938 616 516 514 939 
616 341 921 817 548 19 885 981 700 436 920 848 700 380 797 962 990 553 949 531 462 990 42 832 161 269 446 68 572 906 161 772 785 362 542 15 507 801 0 782 97 644 182 592 30 861 755 583 625 130 
12 98 615 313 700 230 617 826 855 702 720 554 331 655 17 975 332 699 196 739 227 982 999 736 740 970 397 165 911 71 638 583 111 396 494 777 61 192 782 0 257 516 41 127 41 607 719 194 584 631 
918 152 968 290 952 665 94 344 286 284 527 781 999 330 141 66 202 241 836 997 121 17 957 418 351 132 354 98 46 561 909 176 217 939 717 83 967 115 97 257 0 353 489 841 475 762 171 680 319 170 
863 497 370 561 249 466 200 382 339 426 859 242 914 442 673 181 412 216 805 20 371 833 324 760 727 890 292 41 290 976 721 64 674 646 33 431 143 442 644 516 353 0 373 272 54 586 221 759 662 422 
729 670 862 634 270 296 242 147 64 536 344 64 156 506 778 140 222 994 522 802 437 836 897 555 151 807 991 434 240 563 866 772 105 677 651 667 430 965 182 41 489 373 0 922 642 130 996 840 453 596 
332 415 55 355 133 162 496 780 495 781 107 764 967 682 405 762 912 581 661 478 791 729 112 777 723 734 301 502 244 644 823 673 968 498 554 755 110 350 592 127 841 272 922 0 386 634 436 149 432 640 
695 224 523 182 260 553 876 164 644 663 301 597 325 40 568 986 65 689 118 625 91 186 757 517 119 69 418 619 609 179 607 951 245 654 532 686 722 355 30 41 475 54 642 386 0 935 77 303 433 681 
13 506 293 579 992 115 728 84 356 319 383 41 931 254 913 91 496 727 361 50 148 336 981 641 892 681 519 921 38 23 906 896 722 45 76 722 782 938 861 607 762 586 130 634 935 0 364 633 542 188 
749 790 679 87 864 825 826 790 831 785 473 684 351 141 562 190 539 569 856 725 809 133 518 196 138 893 123 784 266 893 586 514 869 83 809 367 747 616 755 719 171 221 996 436 77 364 0 770 888 430 
804 45 415 153 629 199 872 338 248 147 429 184 909 540 720 893 367 218 504 359 532 110 707 452 638 742 585 297 93 972 226 747 236 90 464 827 526 516 583 194 680 759 840 149 303 633 770 0 213 544 
119 374 796 915 308 126 615 61 616 50 146 180 11 584 734 280 750 500 763 453 856 209 186 435 271 468 782 310 578 232 19 588 579 6 6 305 985 514 625 584 319 662 453 432 433 542 888 213 0 143 
602 776 202 217 836 433 127 57 926 750 827 541 371 347 181 475 943 249 752 657 667 819 366 526 735 874 702 113 588 719 170 457 421 805 662 464 605 939 130 631 170 422 596 640 681 188 430 544 143 0 
0 779 129 739 385 98 263 98 322 635 355 218 120 909 918 211 624 978 956 930 387 62 313 922 733 675 756 34 308 164 638 928 114 246 143 439 884 100 345 778 222 268 504 535 127 755 160 82 898 53 
779 0 767 537 494 237 213 352 388 608 132 261 405 183 995 991 141 44 362 158 323 358 693 258 583 446 761 295 780 493 721 304 557 414 796 636 961 597 899 965 722 624 14 755 705 877 275 694 591 299 
129 767 0 629 780 657 421 124 441 193 89 334 224 931 969 296 351 585 308 516 254 441 341 778 287 974 489 545 770 807 620 566 787 813 827 265 545 732 638 681 220 787 442 608 418 420 517 971 459 531 
739 537 629 0 496 647 89 156 221 44 31 447 794 629 931 683 925 990 345 788 256 915 935 598 989 950 90 2 893 394 589 39 737 160 630 876 524 482 44 417 406 874 97 652 870 63 516 976 362 512 
385 494 780 496 0 698 126 483 54 297 497 519 504 338 597 222 593 619 985 760 361 26 99 468 713 916 836 910 923 223 901 751 75 802 375 921 9 470 559 316 56 353 562 422 914 163 511 101 758 699 
98 237 657 647 698 0 865 519 82 609 258 801 342 51 270 360 151 415 871 654 599 836 301 672 906 470 230 856 743 899 497 643 184 334 690 391 479 967 460 479 564 581 939 559 414 401 252 95 770 545 
263 213 421 89 126 865 0 784 375 419 489 659 706 923 15 143 210 259 464 767 668 794 103 168 176 674 420 458 216 898 618 470 836 420 217 533 868 737 479 627 488 619 563 351 413 217 165 240 942 391 
98 352 124 156 483 519 784 0 326 532 195 515 594 576 638 378 101 214 184 176 104 563 254 447 217 281 613 800 983 663 627 46 423 451 153 653 967 652 792 224 551 858 591 536 931 752 294 718 739 962 
322 388 441 221 54 82 375 326 0 90 474 489 805 780 893 248 92 857 470 207 723 302 602 280 720 191 428 329 623 814 982 666 497 467 532 126 265 134 332 497 250 546 744 557 413 864 126 986 973 157 
635 608 193 44 297 609 419 532 90 0 471 937 66 361 645 844 839 299 273 503 936 536 807 840 811 261 891 184 93 937 799 39 161 773 897 798 704 362 467 705 602 481 156 35 267 477 628 253 607 396 
355 132 89 31 497 258 489 195 474 471 0 12 803 298 946 920 984 632 266 721 764 427 951 670 821 959 380 208 189 285 785 248 490 147 298 423 305 390 534 346 445 534 284 879 804 574 972 397 571 111 
218 261 334 447 519 801 659 515 489 937 12 0 650 708 376 213 769 482 631 66 612 218 410 368 669 368 977 817 677 838 508 146 325 976 763 596 168 32 335 359 199 823 186 85 467 739 593 852 724 57 
120 405 224 794 504 342 706 594 805 66 803 650 0 927 629 37 566 317 434 59 769 738 615 316 531 504 104 701 605 671 626 549 545 175 60 416 554 1000 470 515 268 108 566 717 268 61 989 224 248 600 
909 183 931 629 338 51 923 576 780 361 298 708 927 0 245 61 707 58 987 881 830 664 966 99 349 310 797 139 910 66 813 470 443 334 470 616 846 543 607 555 912 395 955 527 856 368 820 643 895 764 
918 995 969 931 597 270 15 638 893 645 946 376 629 245 0 934 511 311 775 837 474 625 429 367 463 76 314 454 116 210 539 700 512 512 884 50 685 122 525 374 822 24 191 394 448 50 109 62 67 228 
211 991 296 683 222 360 143 378 248 844 920 213 37 61 934 0 168 723 392 232 646 287 197 614 637 359 704 441 517 351 270 4 498 55 81 431 639 778 330 5 938 940 408 554 564 729 821 246 719 781 
624 141 351 925 593 151 210 101 92 839 984 769 566 707 511 168 0 174 885 164 730 680 200 101 208 584 372 211 449 840 91 982 744 575 480 527 339 637 196 751 702 514 858 590 466 963 705 119 622 589 
978 44 585 990 619 415 259 214 857 299 632 482 317 58 311 723 174 0 244 254 556 196 800 849 541 64 31 828 906 183 699 707 287 459 210 5 470 198 825 671 664 892 314 90 341 559 418 834 926 871 
956 362 308 345 985 871 464 184 470 273 266 631 434 987 775 392 885 244 0 688 68 464 797 661 583 814 246 709 767 514 616 942 656 924 23 594 663 705 27 387 306 97 237 873 892 731 179 942 39 214 
930 158 516 788 760 654 767 176 207 503 721 66 59 881 837 232 164 254 688 0 296 943 618 606 3 675 931 271 769 512 667 704 402 571 276 928 473 347 758 472 855 998 513 634 45 852 542 511 107 852 
387 323 254 256 361 599 668 104 723 936 764 612 769 830 474 646 730 556 68 296 0 12 709 435 853 689 998 428 966 627 434 356 649 726 404 737 867 581 301 943 521 355 95 410 543 782 673 227 156 758 
62 358 441 915 26 836 794 563 302 536 427 218 738 664 625 287 680 196 464 943 12 0 198 9 201 484 373 439 33 368 909 45 353 635 24 540 402 277 467 81 932 40 580 206 700 929 512 870 270 816 
313 693 341 935 99 301 103 254 602 807 951 410 615 966 429 197 200 800 797 618 709 198 0 285 200 440 860 754 985 533 94 782 54 812 747 211 794 35 741 682 115 498 711 616 189 290 903 925 492 991 
922 258 778 598 468 672 168 447 280 840 670 368 316 99 367 614 101 849 661 606 435 9 285 0 928 430 538 194 588 826 550 287 735 931 294 91 105 336 345 185 511 133 415 542 734 231 974 351 125 236 
733 583 287 989 713 906 176 217 720 811 821 669 531 349 463 637 208 541 583 3 853 201 200 928 0 285 804 744 606 632 161 909 547 641 888 406 119 334 944 353 515 698 741 191 954 290 872 577 908 636 
675 446 974 950 916 470 674 281 191 261 959 368 504 310 76 359 584 64 814 675 689 484 440 430 285 0 105 948 324 865 816 564 596 900 542 835 679 742 921 426 472 174 803 253 557 452 207 215 660 520 
756 761 489 90 836 230 420 613 428 891 380 977 104 797 314 704 372 31 246 931 998 373 860 538 804 105 0 800 211 513 729 794 64 484 61 338 356 262 165 183 880 200 502 712 553 179 923 322 61 94 
34 295 545 2 910 856 458 800 329 184 208 817 701 139 454 441 211 828 709 271 428 439 754 194 744 948 800 0 54 677 487 292 439 186 411 641 259 943 752 304 784 709 529 675 978 553 611 604 133 681 
308 780 770 893 923 743 216 983 623 93 189 677 605 910 116 517 449 906 767 769 966 33 985 588 606 324 211 54 0 259 718 565 967 356 139 567 619 322 828 604 758 801 656 588 86 133 302 872 341 148 
164 493 807 394 223 899 898 663 814 937 285 838 671 66 210 351 840 183 514 512 627 368 533 826 632 865 513 677 259 0 439 660 785 589 105 278 828 89 711 702 343 550 490 436 974 876 459 369 963 304 
638 721 620 589 901 497 618 627 982 799 785 508 626 813 539 270 91 699 616 667 434 909 94 550 161 816 729 487 718 439 0 633 385 785 29 606 188 375 598 386 279 780 429 256 752 245 745 636 802 617 
928 304 566 39 751 643 470 46 666 39 248 146 549 470 700 4 982 707 942 704 356 45 782 287 909 564 794 292 565 660 633 0 999 90 9 724 687 786 308 220 480 218 271 309 26 486 525 632 101 509 
114 557 787 737 75 184 836 423 497 161 490 325 545 443 512 498 744 287 656 402 649 353 54 735 547 596 64 439 967 785 385 999 0 28 242 169 568 649 382 888 64 587 918 254 790 229 139 976 706 814 
246 414 813 160 802 334 420 451 467 773 147 976 175 334 512 55 575 459 924 571 726 635 812 931 641 900 484 186 356 589 785 90 28 0 212 85 688 740 204 686 536 85 8 626 144 993 722 451 832 456 
143 796 827 630 375 690 217 153 532 897 298 763 60 470 884 81 480 210 23 276 404 24 747 294 888 542 61 411 139 105 29 9 242 212 0 770 150 819 358 708 292 843 456 355 130 322 607 301 303 154 
439 636 265 876 921 391 533 653 126 798 423 596 416 616 50 431 527 5 594 928 737 540 211 91 406 835 338 641 567 278 606 724 169 85 770 0 158 375 631 74 703 216 496 269 518 432 901 338 600 585 
884 961 545 524 9 479 868 967 265 704 305 168 554 846 685 639 339 470 663 473 867 402 794 105 119 679 356 259 619 828 188 687 568 688 150 158 0 453 460 377 316 887 226 723 718 653 695 350 481 696 
100 597 732 482 470 967 737 652 134 362 390 32 1000 543 122 778 637 198 705 347 581 277 35 336 334 742 262 943 322 89 375 786 649 740 819 375 453 0 551 915 833 277 141 536 633 225 247 54 595 501 
345 899 638 44 559 460 479 792 332 467 534 335 470 607 525 330 196 825 27 758 301 467 741 345 944 921 165 752 828 711 598 308 382 204 358 631 460 551 0 65 803 316 845 984 972 371 289 406 255 979 
778 965 681 417 316 479 627 224 497 705 346 359 515 555 374 5 751 671 387 472 943 81 682 185 353 426 183 304 604 702 386 220 888 686 708 74 377 915 65 0 467 123 342 492 994 764 367 148 549 315 
222 722 220 406 56 564 488 551 250 602 445 199 268 912 822 938 702 664 306 855 521 932 115 511 515 472 880 784 758 343 279 480 64 536 292 703 316 833 803 467 0 795 355 149 321 182 651 414 229 619 
268 624 787 874 353 581 619 858 546 481 534 823 108 395 24 940 514 892 97 998 355 40 498 133 698 174 200 709 801 550 780 218 587 85 843 216 887 277 316 123 795 0 514 277 683 25 349 336 381 483 
504 14 442 97 562 939 563 591 744 156 284 186 566 955 191 408 858 314 237 513 95 580 711 415 741 803 502 529 656 490 429 271 918 8 456 496 226 141 845 342 355 514 0 436 285 692 4 129 543 236 
535 755 608 652 422 559 351 536 557 35 879 85 717 527 394 554 590 90 873 634 410 206 616 542 191 253 712 675 588 436 256 309 254 626 355 269 723 536 984 492 149 277 436 0 566 529 763 809 69 561 
127 705 418 870 914 414 413 931 413 267 804 467 268 856 448 564 466 341 892 45 543 700 189 734 954 557 553 978 86 974 752 26 790 144 130 518 718 633 972 994 321 683 285 566 0 74 709 686 825 233 
755 877 420 63 163 401 217 752 864 477 574 739 61 368 50 729 963 559 731 852 782 929 290 231 290 452 179 553 133 876 245 486 229 993 322 432 653 225 371 764 182 25 692 529 74 0 289 542 784 537 
160 275 517 516 511 252 165 294 126 628 972 593 989 820 109 821 705 418 179 542 673 512 903 974 872 207 923 611 302 459 745 525 139 722 607 901 695 247 289 367 651 349 4 763 709 289 0 230 342 130 
82 694 971 976 101 95 240 718 986 253 397 852 224 643 62 246 119 834 942 511 227 870 925 351 577 215 322 604 872 369 636 632 976 451 301 338 350 54 406 148 414 336 129 809 686 542 230 0 672 930 
898 591 459 362 758 770 942 739 973 607 571 724 248 895 67 719 622 926 39 107 156 270 492 125 908 660 61 133 341 963 802 101 706 832 303 600 481 595 255 549 229 381 543 69 825 784 342 672 0 765 
53 299 531 512 699 545 391 962 157 396 111 57 600 764 228 781 589 871 214 852 758 816 991 236 636 520 94 681 148 304 617 509 814 456 154 585 696 501 979 315 619 483 236 561 233 537 130 930 765 0 
0 756 858 982 504 58 344 128 319 758 465 785 734 706 721 886 950 147 191 574 741 23 613 677 367 608 693 623 21 568 507 417 524 390 136 83 754 670 769 76 303 248 606 142 74 989 196 137 799 41 
756 0 228 445 390 785 805 60 699 248 564 162 78 252 535 286 32 75 109 677 312 759 614 286 864 245 209 219 596 146 609 397 749 267 384 65 886 176 659 527 646 547 336 460 554 465 65 125 38 200 
858 228 0 902 666 670 49 7 716 965 749 347 771 743 145 626 74 548 210 622 486 343 488 150 798 498 582 599 545 370 622 4 507 345 694 354 556 60 244 546 594 617 858 715 334 336 441 272 242 700 
982 445 902 0 633 657 343 443 909 708 465 646 256 728 429 484 718 676 281 863 531 924 76 58 44 431 137 170 730 114 555 155 841 378 459 686 742 556 298 596 378 517 662 610 499 609 718 524 226 728 
504 390 666 633 0 722 967 486 261 427 549 649 865 273 349 776 166 343 259 362 250 880 235 97 940 252 196 220 533 378 800 432 605 785 416 374 49 589 407 578 21 758 875 905 716 632 228 198 799 191 
58 785 670 657 722 0 990 919 106 2 9 405 688 744 867 652 287 979 345 373 376 451 143 154 374 908 465 479 866 454 136 39 566 400 533 846 130 631 946 696 461 808 508 511 384 789 22 911 916 105 
344 805 49 343 967 990 0 746 781 87 595 68 643 831 160 25 475 593 789 614 469 484 375 427 498 398 799 918 785 338 443 333 559 396 464 207 863 624 578 526 217 887 428 641 344 117 7 436 336 414 
128 60 7 443 486 919 746 0 490 617 483 34 118 258 316 714 15 118 212 273 936 211 744 686 662 949 576 407 833 409 214 437 335 468 246 325 375 774 357 256 6 712 969 310 592 584 388 16 975 883 
319 699 716 909 261 106 781 490 0 609 413 726 727 584 43 664 231 522 943 62 497 298 705 341 797 512 122 61 994 661 706 860 727 904 721 619 168 438 289 234 767 129 893 927 214 80 775 817 977 210 
758 248 965 708 427 2 87 617 609 0 63 678 416 746 505 887 974 645 49 934 860 162 723 629 462 284 911 647 205 563 925 737 420 810 46 485 780 130 841 174 972 434 638 487 186 823 585 808 790 641 
465 564 749 465 549 9 595 483 413 63 0 732 835 866 539 860 538 287 829 687 501 810 981 585 348 217 900 107 338 585 541 291 678 468 819 910 239 368 687 570 525 197 431 679 110 870 430 789 826 58 
785 162 347 646 649 405 68 34 726 678 732 0 647 551 610 847 565 91 686 152 380 559 516 634 325 291 116 522 520 186 458 482 403 729 345 603 852 663 123 90 842 828 688 282 184 480 382 870 430 666 
734 78 771 256 865 688 643 118 727 416 835 647 0 517 797 552 742 45 677 896 196 825 532 320 766 215 257 315 130 640 873 574 195 239 716 377 309 301 162 727 144 308 784 159 889 487 139 586 382 683 
706 252 743 728 273 744 831 258 584 746 866 551 517 0 982 886 901 764 392 882 581 124 406 787 579 112 727 718 66 981 974 614 713 960 447 752 241 205 747 317 346 279 473 746 450 666 493 501 319 522 
721 535 145 429 349 867 160 316 43 505 539 610 797 982 0 156 765 472 593 480 401 438 944 196 296 510 111 77 516 727 741 658 921 473 575 61 403 262 236 890 799 741 170 577 901 391 856 18 352 572 
886 286 626 484 776 652 25 714 664 887 860 847 552 886 156 0 800 547 740 22 980 203 187 354 772 907 768 592 617 350 411 347 330 235 204 611 128 998 114 675 401 515 626 373 212 699 910 601 341 299 
950 32 74 718 166 287 475 15 231 974 538 565 742 901 765 800 0 299 528 352 616 651 318 768 663 494 890 682 657 544 462 607 613 581 102 720 160 642 14 771 814 300 704 74 220 613 759 475 274 232 
147 75 548 676 343 979 593 118 522 645 287 91 45 764 472 547 299 0 390 214 899 718 947 658 648 734 66 601 807 78 493 447 291 214 365 583 885 94 147 358 740 639 201 506 636 949 332 351 407 604 
191 109 210 281 259 345 789 212 943 49 829 686 677 392 593 740 528 390 0 785 524 844 306 155 507 639 690 904 435 894 376 775 519 731 463 244 859 527 754 849 9 235 363 367 528 595 97 772 371 170 
574 677 622 863 362 373 614 273 62 934 687 152 896 882 480 22 352 214 785 0 716 238 310 343 444 456 40 489 131 492 680 531 314 838 970 812 291 586 754 2 345 959 40 784 291 851 165 348 473 103 
741 312 486 531 250 376 469 936 497 860 501 380 196 581 401 980 616 899 524 716 0 925 26 507 451 815 143 315 968 898 261 25 927 858 208 521 537 87 106 730 729 538 109 702 873 309 135 913 383 458 
23 759 343 924 880 451 484 211 298 162 810 559 825 124 438 203 651 718 844 238 925 0 682 573 779 874 176 308 663 187 598 396 243 3 79 412 333 920 384 287 893 147 306 22 504 685 891 930 924 72 
613 614 488 76 235 143 375 744 705 723 981 516 532 406 944 187 318 947 306 310 26 682 0 548 147 412 590 791 800 760 256 73 600 995 923 159 828 204 992 529 387 594 512 418 43 193 708 697 681 518 
677 286 150 58 97 154 427 686 341 629 585 634 320 787 196 354 768 658 155 343 507 573 548 0 451 692 999 379 392 654 100 367 470 969 934 228 727 987 747 628 455 940 586 522 97 449 186 474 396 80 
367 864 798 44 940 374 498 662 797 462 348 325 766 579 296 772 663 648 507 444 451 779 147 451 0 224 549 588 473 422 967 861 231 489 294 519 140 16 940 307 854 589 860 966 949 562 543 393 370 963 
608 245 498 431 252 908 398 949 512 284 217 291 215 112 510 907 494 734 639 456 815 874 412 692 224 0 409 344 566 824 5 660 908 729 528 979 417 980 57 328 478 42 222 74 828 555 473 363 600 164 
693 209 582 137 196 465 799 576 122 911 900 116 257 727 111 768 890 66 690 40 143 176 590 999 549 409 0 202 289 292 917 800 35 707 497 94 646 243 854 458 546 385 178 328 574 879 726 476 21 87 
623 219 599 170 220 479 918 407 61 647 107 522 315 718 77 592 682 601 904 489 315 308 791 379 588 344 202 0 459 527 131 400 729 344 355 771 298 944 903 453 650 249 636 433 559 91 297 371 806 628 
21 596 545 730 533 866 785 833 994 205 338 520 130 66 516 617 657 807 435 131 968 663 800 392 473 566 289 459 0 383 912 801 784 145 520 511 867 392 48 252 961 127 825 869 116 565 270 947 621 613 
568 146 370 114 378 454 338 409 661 563 585 186 640 981 727 350 544 78 894 492 898 187 760 654 422 824 292 527 383 0 430 848 678 86 566 115 545 649 116 877 840 933 308 92 403 836 149 184 709 692 
507 609 622 555 800 136 443 214 706 925 541 458 873 974 741 411 462 493 376 680 261 598 256 100 967 5 917 131 912 430 0 633 515 395 63 773 483 530 642 430 286 332 202 452 785 465 444 511 956 840 
417 397 4 155 432 39 333 437 860 737 291 482 574 614 658 347 607 447 775 531 25 396 73 367 861 660 800 400 801 848 633 0 291 801 287 873 782 367 723 642 948 807 246 955 274 444 435 929 696 137 
524 749 507 841 605 566 559 335 727 420 678 403 195 713 921 330 613 291 519 314 927 243 600 470 231 908 35 729 784 678 515 291 0 581 747 925 755 733 37 504 920 415 728 574 277 818 600 891 472 818 
390 267 345 378 785 400 396 468 904 810 468 729 239 960 473 235 581 214 731 838 858 3 995 969 489 729 707 344 145 86 395 801 581 0 221 258 548 276 423 440 102 267 775 324 260 371 969 718 633 182 
136 384 694 459 416 533 464 246 721 46 819 345 716 447 575 204 102 365 463 970 208 79 923 934 294 528 497 355 520 566 63 287 747 221 0 978 236 504 450 136 944 897 498 551 342 844 28 34 732 218 
83 65 354 686 374 846 207 325 619 485 910 603 377 752 61 611 720 583 244 812 521 412 159 228 519 979 94 771 511 115 773 873 925 258 978 0 95 591 321 927 773 473 494 499 400 247 827 377 354 898 
754 886 556 742 49 130 863 375 168 780 239 852 309 241 403 128 160 885 859 291 537 333 828 727 140 417 646 298 867 545 483 782 755 548 236 95 0 941 225 990 254 915 753 494 276 46 214 338 175 549 
670 176 60 556 589 631 624 774 438 130 368 663 301 205 262 998 642 94 527 586 87 920 204 987 16 980 243 944 392 649 530 367 733 276 504 591 941 0 380 790 21 439 505 282 368 168 784 610 164 319 
769 659 244 298 407 946 578 357 289 841 687 123 162 747 236 114 14 147 754 754 106 384 992 747 940 57 854 903 48 116 642 723 37 423 450 321 225 380 0 485 617 447 801 568 991 368 657 946 498 349 
76 527 546 596 578 696 526 256 234 174 570 90 727 317 890 675 771 358 849 2 730 287 529 628 307 328 458 453 252 877 430 642 504 440 136 927 990 790 485 0 698 136 636 345 518 362 427 935 707 896 
303 646 594 378 21 461 217 6 767 972 525 842 144 346 799 401 814 740 9 345 729 893 387 455 854 478 546 650 961 840 286 948 920 102 944 773 254 21 617 698 0 177 923 227 405 413 780 596 52 539 
248 547 617 517 758 808 887 712 129 434 197 828 308 279 741 515 300 639 235 959 538 147 594 940 589 42 385 249 127 933 332 807 415 267 897 473 915 439 447 136 177 0 681 769 915 485 650 299 196 816 
606 336 858 662 875 508 428 969 893 638 431 688 784 473 170 626 704 201 363 40 109 306 512 586 860 222 178 636 825 308 202 246 728 775 498 494 753 505 801 636 923 681 0 58 726 810 688 23 899 166 
142 460 715 610 905 511 641 310 927 487 679 282 159 746 577 373 74 506 367 784 702 22 418 522 966 74 328 433 869 92 452 955 574 324 551 499 494 282 568 345 227 769 58 0 905 323 825 699 758 930 
74 554 334 499 716 384 344 592 214 186 110 184 889 450 901 212 220 636 528 291 873 504 43 97 949 828 574 559 116 403 785 274 277 260 342 400 276 368 991 518 405 915 726 905 0 443 521 899 616 250 
989 465 336 609 632 789 117 584 80 823 870 480 487 666 391 699 613 949 595 851 309 685 193 449 562 555 879 91 565 836 465 444 818 371 844 247 46 168 368 362 413 485 810 323 443 0 429 549 580 759 
196 65 441 718 228 22 7 388 775 585 430 382 139 493 856 910 759 332 97 165 135 891 708 186 543 473 726 297 270 149 444 435 600 969 28 827 214 784 657 427 780 650 688 825 521 429 0 86 265 910 
137 125 272 524 198 911 436 16 817 808 789 870 586 501 18 601 475 351 772 348 913 930 697 474 393 363 476 371 947 184 511 929 891 718 34 377 338 610 946 935 596 299 23 699 899 549 86 0 528 549 
799 38 242 226 799 916 336 975 977 790 826 430 382 319 352 341 274 407 371 473 383 924 681 396 370 600 21 806 621 709 956 696 472 633 732 354 175 164 498 707 52 196 899 758 616 580 265 528 0 978 
41 200 700 728 191 105 414 883 210 641 58 666 683 522 572 299 232 604 170 103 458 72 518 80 963 164 87 628 613 692 840 137 818 182 218 898 549 319 349 896 539 816 166 930 250 759 910 549 978 0 
