70 2
0 238 188 213 379 843 385 88 339 674 269 203 753 431 249 515 572 411 585 698 447 253 385 146 279 421 825 749 873 903 545 724 74 221 322 728 371 147 104 208 758 449 151 660 200 389 129 807 332 813 33 506 404 730 651 969 1 957 879 182 952 591 478 802 893 91 406 498 806 194 
238 0 10 553 23 624 5 346 12 753 680 387 261 787 779 724 136 873 147 880 44 950 947 351 723 534 901 628 666 142 176 832 784 660 45 275 796 958 5 897 878 186 387 174 143 539 166 772 561 617 537 134 510 807 184 688 923 485 39 219 490 127 892 515 538 757 451 991 477 812 
188 10 0 554 937 117 626 930 804 678 613 498 40 195 263 100 467 267 244 926 477 432 806 358 471 461 215 784 409 896 312 454 414 495 503 853 36 723 655 712 982 596 577 456 578 101 144 611 129 839 342 42 616 715 166 841 182 104 510 120 920 174 193 38 291 321 160 149 743 359 
213 553 554 0 45 303 93 797 984 956 192 333 668 522 851 855 389 330 58 100 691 44 182 825 878 310 573 969 138 795 376 547 556 377 872 899 722 290 496 846 939 1 369 220 103 563 686 996 781 450 553 531 354 877 802 364 430 572 901 128 906 253 552 123 743 511 480 518 902 881 
379 23 937 45 0 839 930 595 828 571 237 233 11 640 390 487 698 165 285 926 393 343 529 849 784 131 983 51 806 562 996 741 841 825 622 95 974 983 626 500 271 692 624 133 895 44 98 557 851 467 111 523 400 912 999 34 77 404 54 576 768 686 617 216 914 748 501 318 897 212 
843 624 117 303 839 0 30 821 869 777 489 557 497 842 437 572 182 661 896 222 468 267 839 582 588 577 872 273 904 346 424 389 341 332 732 915 430 75 300 756 90 759 511 890 107 950 363 209 895 910 896 484 506 90 867 189 330 259 335 623 61 757 852 656 828 977 764 275 461 115 
385 5 626 93 930 30 0 27 165 915 519 401 164 661 204 435 971 155 515 694 340 565 179 383 432 73 961 925 961 849 574 88 432 439 557 452 117 290 583 610 573 352 646 936 608 612 747 551 526 455 803 931 183 423 659 535 377 376 354 534 169 112 503 562 69 376 182 8 230 891 
88 346 930 797 595 821 27 0 796 804 167 616 134 833 838 626 960 164 279 458 278 585 648 420 768 12 853 700 737 724 579 471 437 820 437 719 996 642 952 856 196 925 383 998 662 125 904 523 128 872 425 385 883 333 630 467 542 571 770 359 777 615 345 315 583 168 445 173 867 785 
339 12 804 984 828 869 165 796 0 701 1000 86 40 909 212 534 316 454 302 19 360 100 557 70 457 994 898 871 726 66 60 365 622 444 161 438 362 82 844 338 427 390 907 71 737 935 974 813 388 46 757 872 591 412 260 17 596 123 875 545 779 896 785 621 641 24 793 89 776 232 
674 753 678 956 571 777 915 804 701 0 492 193 677 31 986 834 477 622 332 412 425 884 232 713 799 358 889 458 807 8 691 556 498 670 274 753 896 553 266 758 460 113 394 343 512 913 982 499 115 930 533 260 293 245 759 81 879 218 155 653 955 330 222 642 127 111 138 667 178 212 
269 680 613 192 237 489 519 167 1000 492 0 412 625 432 53 466 757 20 540 172 675 824 680 655 893 153 106 697 194 234 249 540 893 876 6 203 701 406 67 806 422 122 67 487 296 801 163 545 898 143 372 512 415 334 520 774 934 328 619 125 871 321 616 757 148 149 788 911 484 920 
203 387 498 333 233 557 401 616 86 193 412 0 594 25 333 117 811 210 153 176 510 195 498 891 919 212 567 377 468 851 121 132 190 465 501 980 747 368 682 906 444 266 738 491 454 253 335 774 356 62 790 40 92 979 350 381 332 946 982 499 256 429 99 436 757 250 273 796 903 377 
753 261 40 668 11 497 164 134 40 677 625 594 0 235 297 961 401 7 688 906 105 96 100 464 937 543 77 669 765 440 566 766 758 648 554 574 189 193 986 914 897 474 274 338 23 89 451 365 7 390 175 120 880 752 472 154 634 649 41 21 89 289 874 359 696 778 720 289 800 718 
431 787 195 522 640 842 661 833 909 31 432 25 235 0 250 200 637 602 98 292 197 781 70 340 914 641 122 31 217 396 146 693 758 114 874 161 237 678 162 254 423 989 612 5 760 961 409 898 77 74 685 73 825 642 423 594 433 242 640 12 292 107 505 903 556 618 872 121 427 656 
249 779 263 851 390 437 204 838 212 986 53 333 297 250 0 711 503 924 522 760 751 613 717 969 503 559 122 370 27 755 386 819 647 935 586 727 855 450 878 1000 904 889 630 743 236 953 131 921 522 234 41 965 590 55 725 831 893 267 14 231 886 965 813 726 465 842 249 553 943 338 
515 724 100 855 487 572 435 626 534 834 466 117 961 200 711 0 125 31 80 958 267 71 793 113 737 649 256 248 216 637 162 531 787 328 429 512 413 775 932 52 785 26 937 543 818 323 235 55 181 277 470 774 965 341 704 139 140 899 78 51 38 409 72 143 597 795 621 36 901 547 
572 136 467 389 698 182 971 960 316 477 757 811 401 637 503 125 0 771 642 426 129 393 990 797 763 3 920 770 230 522 778 38 659 857 108 351 614 635 593 66 418 213 573 536 767 310 721 331 495 853 650 638 671 478 354 817 346 233 416 613 344 540 864 58 74 437 653 634 64 621 
411 873 267 330 165 661 155 164 454 622 20 210 7 602 924 31 771 0 598 504 846 408 316 566 416 796 136 540 78 512 227 289 9 582 422 258 610 685 620 896 770 384 386 789 760 293 396 36 681 773 559 47 502 60 143 249 543 82 82 695 502 336 497 918 63 117 847 44 358 227 
585 147 244 58 285 896 515 279 302 332 540 153 688 98 522 80 642 598 0 560 108 76 274 817 219 560 819 630 804 657 8 286 124 661 927 923 108 370 141 569 259 228 293 695 142 108 930 850 790 80 853 640 426 485 47 572 168 653 90 974 574 106 389 565 500 168 497 370 764 82 
698 880 926 100 926 222 694 458 19 412 172 176 906 292 760 958 426 504 560 0 219 488 407 18 400 188 740 21 432 921 352 637 628 674 710 231 786 884 567 705 440 821 975 639 301 185 584 928 214 189 167 256 930 677 270 851 494 297 309 60 866 904 992 91 600 293 431 275 133 649 
447 44 477 691 393 468 340 278 360 425 675 510 105 197 751 267 129 846 108 219 0 986 795 403 294 932 633 96 927 126 92 537 863 462 656 896 430 929 578 127 715 854 253 1000 922 664 929 508 408 381 811 911 467 928 105 194 337 41 322 86 990 660 87 102 80 270 104 702 856 952 
253 950 432 44 343 267 565 585 100 884 824 195 96 781 613 71 393 408 76 488 986 0 911 86 298 265 632 96 333 242 630 470 734 309 5 269 378 74 672 809 308 415 44 453 271 791 911 409 932 951 529 972 202 452 809 216 488 161 210 350 883 967 507 663 345 418 593 950 740 662 
385 947 806 182 529 839 179 648 557 232 680 498 100 70 717 793 990 316 274 407 795 911 0 592 512 385 227 780 416 792 989 223 581 833 470 240 855 409 58 72 349 692 337 672 365 736 624 792 207 385 188 607 479 551 201 920 627 277 694 521 769 1 58 728 685 668 214 49 407 253 
146 351 358 825 849 582 383 420 70 713 655 891 464 340 969 113 797 566 817 18 403 86 592 0 924 158 413 456 865 774 414 924 485 824 67 881 599 898 164 572 937 616 599 880 785 174 115 747 281 57 911 822 436 238 909 582 883 37 749 410 654 531 2 53 917 669 408 415 499 358 
279 723 471 878 784 588 432 768 457 799 893 919 937 914 503 737 763 416 219 400 294 298 512 924 0 275 536 409 524 214 500 946 615 109 756 883 873 404 647 971 434 236 223 349 146 908 582 220 217 45 326 669 433 366 576 807 171 1000 368 670 643 247 517 143 769 545 515 856 877 278 
421 534 461 310 131 577 73 12 994 358 153 212 543 641 559 649 3 796 560 188 932 265 385 158 275 0 502 367 332 793 102 556 139 830 124 117 727 58 663 163 354 726 417 582 463 827 543 529 121 275 564 920 740 621 463 708 386 206 190 35 800 676 493 352 161 84 695 982 216 676 
825 901 215 573 983 872 961 853 898 889 106 567 77 122 122 256 920 136 819 740 633 632 227 413 536 502 0 597 57 181 955 123 808 938 364 480 36 399 582 377 453 642 683 64 87 972 821 486 113 243 781 289 214 817 360 871 826 544 294 518 600 887 611 24 363 861 659 983 859 460 
749 628 784 969 51 273 925 700 871 458 697 377 669 31 370 248 770 540 630 21 96 96 780 456 409 367 597 0 843 388 411 231 595 879 840 702 259 190 601 517 139 726 553 660 521 770 627 270 28 403 271 50 49 596 635 5 54 326 73 984 824 931 447 673 773 335 784 864 304 627 
873 666 409 138 806 904 961 737 726 807 194 468 765 217 27 216 230 78 804 432 927 333 416 865 524 332 57 843 0 40 295 788 168 497 668 916 21 813 988 750 578 205 874 720 709 974 298 872 432 785 615 616 411 566 800 579 785 454 79 19 248 722 483 800 42 486 868 981 24 736 
903 142 896 795 562 346 849 724 66 8 234 851 440 396 755 637 522 512 657 921 126 242 792 774 214 793 181 388 40 0 446 679 634 41 352 147 899 674 353 824 796 431 62 624 855 288 740 910 258 334 333 493 268 226 59 831 924 117 503 719 52 885 701 845 613 202 453 120 344 452 
545 176 312 376 996 424 574 579 60 691 249 121 566 146 386 162 778 227 8 352 92 630 989 414 500 102 955 411 295 446 0 999 376 712 746 576 902 344 490 469 495 863 983 309 490 489 151 535 323 860 196 461 438 527 263 466 197 262 625 637 899 1000 221 226 375 579 943 585 348 328 
724 832 454 547 741 389 88 471 365 556 540 132 766 693 819 531 38 289 286 637 537 470 223 924 946 556 123 231 788 679 999 0 412 364 9 464 839 41 659 367 210 489 227 965 965 382 132 350 5 517 971 298 784 51 289 783 309 562 437 705 339 763 141 118 774 735 437 447 106 366 
74 784 414 556 841 341 432 437 622 498 893 190 758 758 647 787 659 9 124 628 863 734 581 485 615 139 808 595 168 634 376 412 0 710 571 100 651 772 83 975 163 507 434 90 470 820 822 91 142 41 349 712 650 770 494 486 492 446 950 119 205 721 583 514 987 724 478 606 331 532 
221 660 495 377 825 332 439 820 444 670 876 465 648 114 935 328 857 582 661 674 462 309 833 824 109 830 938 879 497 41 712 364 710 0 930 225 91 762 332 685 728 759 908 429 469 336 486 566 376 589 343 321 695 202 952 482 702 520 610 563 65 715 335 611 78 693 460 470 742 299 
322 45 503 872 622 732 557 437 161 274 6 501 554 874 586 429 108 422 927 710 656 5 470 67 756 124 364 840 668 352 746 9 571 930 0 45 974 338 291 746 1 840 557 956 426 438 332 87 7 792 238 234 357 616 862 52 835 325 524 931 616 488 193 667 253 499 945 303 217 487 
728 275 853 899 95 915 452 719 438 753 203 980 574 161 727 512 351 258 923 231 896 269 240 881 883 117 480 702 916 147 576 464 100 225 45 0 881 583 168 391 82 830 83 703 808 631 443 867 990 252 307 641 438 26 831 847 469 529 739 530 724 481 470 334 825 726 449 197 797 404 
371 796 36 722 974 430 117 996 362 896 701 747 189 237 855 413 614 610 108 786 430 378 855 599 873 727 36 259 21 899 902 839 651 91 974 881 0 514 186 799 112 354 279 760 151 266 93 641 628 190 519 825 853 414 912 973 396 444 334 33 12 727 952 490 230 232 669 201 965 858 
147 958 723 290 983 75 290 642 82 553 406 368 193 678 450 775 635 685 370 884 929 74 409 898 404 58 399 190 813 674 344 41 772 762 338 583 514 0 232 270 819 702 78 173 107 346 228 763 800 694 960 149 167 546 269 509 248 148 742 37 589 19 936 689 943 656 543 248 536 744 
104 5 655 496 626 300 583 952 844 266 67 682 986 162 878 932 593 620 141 567 578 672 58 164 647 663 582 601 988 353 490 659 83 332 291 168 186 232 0 913 130 524 301 37 772 811 933 496 731 377 664 30 215 87 114 262 557 117 119 933 320 188 718 457 2 788 482 308 354 58 
208 897 712 846 500 756 610 856 338 758 806 906 914 254 1000 52 66 896 569 705 127 809 72 572 971 163 377 517 750 824 469 367 975 685 746 391 799 270 913 0 43 818 879 527 722 266 659 766 961 921 972 181 46 590 164 596 319 756 39 30 169 112 957 280 194 597 174 567 169 334 
758 878 982 939 271 90 573 196 427 460 422 444 897 423 904 785 418 770 259 440 715 308 349 937 434 354 453 139 578 796 495 210 163 728 1 82 112 819 130 43 0 992 361 520 145 464 893 907 418 586 980 532 11 272 587 610 390 632 658 809 940 153 733 219 182 497 835 549 44 383 
449 186 596 1 692 759 352 925 390 113 122 266 474 989 889 26 213 384 228 821 854 415 692 616 236 726 642 726 205 431 863 489 507 759 840 830 354 702 524 818 992 0 244 962 370 681 390 271 2 32 780 685 63 541 341 434 283 262 267 462 445 723 505 92 41 780 570 831 344 612 
151 387 577 369 624 511 646 383 907 394 67 738 274 612 630 937 573 386 293 975 253 44 337 599 223 417 683 553 874 62 983 227 434 908 557 83 279 78 301 879 361 244 0 385 976 281 843 960 526 781 216 82 558 193 972 605 87 261 963 409 10 879 414 895 426 228 720 64 432 974 
660 174 456 220 133 890 936 998 71 343 487 491 338 5 743 543 536 789 695 639 1000 453 672 880 349 582 64 660 720 624 309 965 90 429 956 703 760 173 37 527 520 962 385 0 651 658 40 209 942 307 996 522 357 653 875 19 98 603 310 461 174 60 683 516 692 404 767 806 425 485 
200 143 578 103 895 107 608 662 737 512 296 454 23 760 236 818 767 760 142 301 922 271 365 785 146 463 87 521 709 855 490 965 470 469 426 808 151 107 772 722 145 370 976 651 0 241 929 194 20 414 779 536 615 546 871 218 787 814 907 630 404 811 368 429 118 294 599 769 978 664 
389 539 101 563 44 950 612 125 935 913 801 253 89 961 953 323 310 293 108 185 664 791 736 174 908 827 972 770 974 288 489 382 820 336 438 631 266 346 811 266 464 681 281 658 241 0 353 637 370 865 666 670 409 459 695 810 132 456 604 350 51 648 689 527 132 136 155 144 697 856 
129 166 144 686 98 363 747 904 974 982 163 335 451 409 131 235 721 396 930 584 929 911 624 115 582 543 821 627 298 740 151 132 822 486 332 443 93 228 933 659 893 390 843 40 929 353 0 342 439 701 364 833 409 978 757 823 392 755 723 558 435 382 795 355 955 323 360 166 784 870 
807 772 611 996 557 209 551 523 813 499 545 774 365 898 921 55 331 36 850 928 508 409 792 747 220 529 486 270 872 910 535 350 91 566 87 867 641 763 496 766 907 271 960 209 194 637 342 0 367 224 143 26 400 388 355 464 889 327 494 676 554 886 130 928 278 389 148 529 83 432 
332 561 129 781 851 895 526 128 388 115 898 356 7 77 522 181 495 681 790 214 408 932 207 281 217 121 113 28 432 258 323 5 142 376 7 990 628 800 731 961 418 2 526 942 20 370 439 367 0 200 567 522 948 509 187 31 541 339 650 421 462 822 760 438 438 362 188 711 871 262 
813 617 839 450 467 910 455 872 46 930 143 62 390 74 234 277 853 773 80 189 381 951 385 57 45 275 243 403 785 334 860 517 41 589 792 252 190 694 377 921 586 32 781 307 414 865 701 224 200 0 787 783 406 534 400 523 791 702 21 179 47 340 271 889 912 281 170 75 303 803 
33 537 342 553 111 896 803 425 757 533 372 790 175 685 41 470 650 559 853 167 811 529 188 911 326 564 781 271 615 333 196 971 349 343 238 307 519 960 664 972 980 780 216 996 779 666 364 143 567 787 0 925 180 211 720 556 788 727 117 943 722 349 421 525 2 404 523 315 772 713 
506 134 42 531 523 484 931 385 872 260 512 40 120 73 965 774 638 47 640 256 911 972 607 822 669 920 289 50 616 493 461 298 712 321 234 641 825 149 30 181 532 685 82 522 536 670 833 26 522 783 925 0 806 731 960 459 321 786 275 732 613 350 148 706 733 52 393 912 485 650 
404 510 616 354 400 506 183 883 591 293 415 92 880 825 590 965 671 502 426 930 467 202 479 436 433 740 214 49 411 268 438 784 650 695 357 438 853 167 215 46 11 63 558 357 615 409 409 400 948 406 180 806 0 873 117 378 175 297 580 838 233 655 528 919 487 409 283 797 279 337 
730 807 715 877 912 90 423 333 412 245 334 979 752 642 55 341 478 60 485 677 928 452 551 238 366 621 817 596 566 226 527 51 770 202 616 26 414 546 87 590 272 541 193 653 546 459 978 388 509 534 211 731 873 0 796 299 506 1 932 829 47 898 512 874 160 939 75 926 55 343 
651 184 166 802 999 867 659 630 260 759 520 350 472 423 725 704 354 143 47 270 105 809 201 909 576 463 360 635 800 59 263 289 494 952 862 831 912 269 114 164 587 341 972 875 871 695 757 355 187 400 720 960 117 796 0 372 390 770 889 124 467 79 749 881 414 423 454 823 83 786 
969 688 841 364 34 189 535 467 17 81 774 381 154 594 831 139 817 249 572 851 194 216 920 582 807 708 871 5 579 831 466 783 486 482 52 847 973 509 262 596 610 434 605 19 218 810 823 464 31 523 556 459 378 299 372 0 301 831 272 704 580 605 940 674 335 806 987 999 940 460 
1 923 182 430 77 330 377 542 596 879 934 332 634 433 893 140 346 543 168 494 337 488 627 883 171 386 826 54 785 924 197 309 492 702 835 469 396 248 557 319 390 283 87 98 787 132 392 889 541 791 788 321 175 506 390 301 0 540 912 94 355 328 170 548 806 435 24 450 27 770 
957 485 104 572 404 259 376 571 123 218 328 946 649 242 267 899 233 82 653 297 41 161 277 37 1000 206 544 326 454 117 262 562 446 520 325 529 444 148 117 756 632 262 261 603 814 456 755 327 339 702 727 786 297 1 770 831 540 0 74 374 927 384 219 516 784 220 285 722 217 218 
879 39 510 901 54 335 354 770 875 155 619 982 41 640 14 78 416 82 90 309 322 210 694 749 368 190 294 73 79 503 625 437 950 610 524 739 334 742 119 39 658 267 963 310 907 604 723 494 650 21 117 275 580 932 889 272 912 74 0 503 826 795 74 310 977 409 1 941 419 201 
182 219 120 128 576 623 534 359 545 653 125 499 21 12 231 51 613 695 974 60 86 350 521 410 670 35 518 984 19 719 637 705 119 563 931 530 33 37 933 30 809 462 409 461 630 350 558 676 421 179 943 732 838 829 124 704 94 374 503 0 717 380 643 394 210 413 85 28 30 251 
952 490 920 906 768 61 169 777 779 955 871 256 89 292 886 38 344 502 574 866 990 883 769 654 643 800 600 824 248 52 899 339 205 65 616 724 12 589 320 169 940 445 10 174 404 51 435 554 462 47 722 613 233 47 467 580 355 927 826 717 0 937 380 183 537 19 916 480 174 576 
591 127 174 253 686 757 112 615 896 330 321 429 289 107 965 409 540 336 106 904 660 967 1 531 247 676 887 931 722 885 1000 763 721 715 488 481 727 19 188 112 153 723 879 60 811 648 382 886 822 340 349 350 655 898 79 605 328 384 795 380 937 0 698 626 951 937 486 49 528 962 
478 892 193 552 617 852 503 345 785 222 616 99 874 505 813 72 864 497 389 992 87 507 58 2 517 493 611 447 483 701 221 141 583 335 193 470 952 936 718 957 733 505 414 683 368 689 795 130 760 271 421 148 528 512 749 940 170 219 74 643 380 698 0 619 466 219 942 267 184 79 
802 515 38 123 216 656 562 315 621 642 757 436 359 903 726 143 58 918 565 91 102 663 728 53 143 352 24 673 800 845 226 118 514 611 667 334 490 689 457 280 219 92 895 516 429 527 355 928 438 889 525 706 919 874 881 674 548 516 310 394 183 626 619 0 966 15 222 58 461 325 
893 538 291 743 914 828 69 583 641 127 148 757 696 556 465 597 74 63 500 600 80 345 685 917 769 161 363 773 42 613 375 774 987 78 253 825 230 943 2 194 182 41 426 692 118 132 955 278 438 912 2 733 487 160 414 335 806 784 977 210 537 951 466 966 0 836 465 127 503 955 
91 757 321 511 748 977 376 168 24 111 149 250 778 618 842 795 437 117 168 293 270 418 668 669 545 84 861 335 486 202 579 735 724 693 499 726 232 656 788 597 497 780 228 404 294 136 323 389 362 281 404 52 409 939 423 806 435 220 409 413 19 937 219 15 836 0 702 556 509 533 
406 451 160 480 501 764 182 445 793 138 788 273 720 872 249 621 653 847 497 431 104 593 214 408 515 695 659 784 868 453 943 437 478 460 945 449 669 543 482 174 835 570 720 767 599 155 360 148 188 170 523 393 283 75 454 987 24 285 1 85 916 486 942 222 465 702 0 139 532 310 
498 991 149 518 318 275 8 173 89 667 911 796 289 121 553 36 634 44 370 275 702 950 49 415 856 982 983 864 981 120 585 447 606 470 303 197 201 248 308 567 549 831 64 806 769 144 166 529 711 75 315 912 797 926 823 999 450 722 941 28 480 49 267 58 127 556 139 0 597 708 
806 477 743 902 897 461 230 867 776 178 484 903 800 427 943 901 64 358 764 133 856 740 407 499 877 216 859 304 24 344 348 106 331 742 217 797 965 536 354 169 44 344 432 425 978 697 784 83 871 303 772 485 279 55 83 940 27 217 419 30 174 528 184 461 503 509 532 597 0 221 
194 812 359 881 212 115 891 785 232 212 920 377 718 656 338 547 621 227 82 649 952 662 253 358 278 676 460 627 736 452 328 366 532 299 487 404 858 744 58 334 383 612 974 485 664 856 870 432 262 803 713 650 337 343 786 460 770 218 201 251 576 962 79 325 955 533 310 708 221 0 
0 823 455 835 892 361 332 272 611 798 580 974 720 981 406 977 383 791 918 783 905 721 881 890 67 369 755 7 663 816 871 106 151 908 817 70 412 156 724 579 727 100 483 671 904 833 340 847 65 29 645 260 589 231 758 959 211 206 267 121 956 350 404 733 431 888 898 700 252 237 
823 0 403 496 942 320 489 870 888 901 736 639 582 904 204 413 201 9 353 786 474 300 695 511 993 568 279 578 355 579 340 262 328 590 249 489 980 239 121 315 533 788 43 978 366 622 432 251 930 388 802 507 20 160 838 52 268 131 263 7 873 217 90 124 476 16 548 863 335 299 
455 403 0 352 754 403 753 453 208 547 387 430 489 772 702 516 614 802 270 301 914 843 535 729 530 486 350 621 68 433 752 732 884 805 932 925 867 825 180 717 228 423 920 641 905 307 888 489 705 220 835 856 883 312 543 185 304 204 538 590 336 272 429 51 817 955 842 489 42 980 
835 496 352 0 233 480 80 236 1000 659 272 83 889 816 161 271 886 746 637 133 724 773 471 381 350 676 960 261 911 649 996 132 184 631 975 306 757 213 115 96 527 984 623 65 511 181 390 453 673 144 24 994 719 561 850 811 958 301 225 576 247 756 605 779 581 999 459 955 891 800 
892 942 754 233 0 503 213 574 719 123 34 432 950 603 776 946 3 281 221 503 270 259 480 270 166 216 997 115 43 72 175 863 350 919 303 3 449 97 470 294 36 371 319 894 537 112 172 513 576 41 845 60 365 66 917 908 757 278 205 681 543 646 445 195 668 831 998 733 447 637 
361 320 403 480 503 0 675 708 515 195 698 992 785 307 892 105 952 491 341 626 547 591 21 585 983 634 121 40 412 189 943 368 880 736 787 357 321 790 388 97 38 622 4 498 919 744 515 387 612 750 613 960 681 378 522 695 243 341 622 39 631 966 400 797 107 347 380 679 172 919 
332 489 753 80 213 675 0 376 562 330 378 697 440 497 26 781 570 618 870 213 985 496 957 540 186 6 857 698 615 132 396 18 597 232 314 598 776 969 163 237 405 290 738 286 2 864 137 94 776 255 149 654 312 581 742 614 998 209 162 545 334 687 799 329 366 749 646 553 888 469 
272 870 453 236 574 708 376 0 320 910 604 381 491 497 952 457 867 107 794 755 14 299 285 962 627 89 893 92 308 611 840 565 66 242 675 731 47 23 18 300 452 562 468 939 767 846 552 914 868 393 944 384 172 208 405 960 363 216 229 357 987 712 854 271 462 154 446 397 438 24 
611 888 208 1000 719 515 562 320 0 306 539 268 9 837 329 206 468 587 627 124 758 455 486 448 887 401 15 437 838 507 788 865 561 894 198 110 425 714 98 306 249 385 13 276 961 384 134 809 444 265 656 552 313 344 930 47 922 872 594 25 812 239 85 873 152 431 383 545 831 19 
798 901 547 659 123 195 330 910 306 0 265 895 919 415 15 875 609 748 117 83 561 640 350 778 209 91 43 912 770 366 423 960 334 24 106 171 271 242 967 784 477 809 212 43 19 459 130 630 286 683 24 159 263 978 70 348 16 850 131 144 70 428 388 394 119 672 206 212 544 974 
580 736 387 272 34 698 378 604 539 265 0 7 806 43 364 453 531 331 454 696 436 520 121 158 783 388 303 255 434 904 455 979 996 417 363 212 139 764 178 659 937 435 355 741 113 492 565 385 272 982 620 148 421 805 267 273 822 651 156 570 93 247 396 417 423 520 719 916 487 580 
974 639 430 83 432 992 697 381 268 895 7 0 927 960 650 383 94 247 260 771 211 745 851 516 684 59 283 253 658 848 568 806 811 773 223 283 986 134 575 426 308 321 581 447 640 722 167 867 9 280 650 241 848 903 924 408 956 79 760 347 933 131 996 263 201 267 773 614 156 889 
720 582 489 889 950 785 440 491 9 919 806 927 0 378 310 617 465 873 39 6 99 589 802 222 564 982 620 805 184 309 700 628 618 14 405 177 284 338 928 213 251 955 871 565 481 673 729 475 546 742 472 967 154 129 611 203 926 677 353 934 679 683 444 890 628 843 15 738 535 471 
981 904 772 816 603 307 497 497 837 415 43 960 378 0 609 26 99 904 309 178 679 475 722 441 58 15 26 943 801 19 142 189 944 43 831 661 572 554 756 824 54 761 181 871 75 316 172 205 618 857 705 850 350 583 614 122 694 281 678 838 677 947 560 705 367 66 986 261 329 181 
406 204 702 161 776 892 26 952 329 15 364 650 310 609 0 651 164 171 52 76 261 767 377 800 212 22 423 243 255 479 525 285 438 353 311 157 548 817 321 642 609 842 598 502 217 689 146 368 866 387 84 391 525 698 225 791 656 916 488 993 106 306 813 991 34 303 506 719 224 49 
977 413 516 271 946 105 781 457 206 875 453 383 617 26 651 0 757 450 235 316 510 569 703 222 447 951 962 697 847 921 387 357 109 318 899 891 740 905 561 821 47 639 869 222 525 919 2 934 997 733 415 324 866 6 221 51 917 422 136 231 965 657 216 186 492 291 603 618 743 917 
383 201 614 886 3 952 570 867 468 609 531 94 465 99 164 757 0 575 102 61 591 140 717 222 342 448 154 70 30 614 624 157 74 552 853 321 934 605 712 1000 306 416 277 417 743 15 893 204 427 259 989 461 593 637 431 704 199 429 184 499 210 95 747 237 609 173 398 265 436 800 
791 9 802 746 281 491 618 107 587 748 331 247 873 904 171 450 575 0 761 694 97 186 85 131 502 466 507 960 739 615 57 664 108 884 426 853 728 268 464 543 311 587 669 212 408 573 860 735 102 779 816 754 526 541 227 135 986 139 329 205 517 138 856 241 521 331 540 590 771 696 
918 353 270 637 221 341 870 794 627 117 454 260 39 309 52 235 102 761 0 116 910 9 599 828 807 23 158 161 585 403 337 424 178 518 57 46 437 304 758 834 452 412 594 880 554 406 312 129 462 113 472 707 991 275 705 566 988 8 8 56 723 581 751 43 334 954 469 720 787 953 
783 786 301 133 503 626 213 755 124 83 696 771 6 178 76 316 61 694 116 0 586 975 228 260 617 322 376 582 908 408 977 894 372 928 867 243 169 33 484 180 200 987 102 876 306 876 163 949 651 125 932 732 70 958 452 812 307 807 479 152 518 84 701 316 38 259 303 373 378 373 
905 474 914 724 270 547 985 14 758 561 436 211 99 679 261 510 591 97 910 586 0 879 685 779 557 84 554 327 512 908 72 155 282 269 924 784 743 730 838 894 748 231 752 299 274 119 670 349 173 395 755 777 178 774 655 909 66 445 354 134 7 78 308 613 826 849 755 555 120 617 
721 300 843 773 259 591 496 299 455 640 520 745 589 475 767 569 140 186 9 975 879 0 984 39 757 183 490 39 257 89 173 664 67 169 142 614 103 541 782 110 464 394 259 529 821 358 377 94 69 287 159 219 214 875 165 901 757 606 706 849 215 448 274 918 702 236 707 942 913 199 
881 695 535 471 480 21 957 285 486 350 121 851 802 722 377 703 717 85 599 228 685 984 0 239 409 642 159 928 605 609 6 325 14 632 14 934 208 956 838 86 275 561 384 214 939 686 533 725 319 875 213 803 553 816 520 158 972 402 484 166 390 516 759 876 947 692 199 600 438 210 
890 511 729 381 270 585 540 962 448 778 158 516 222 441 800 222 222 131 828 260 779 39 239 0 648 8 110 601 629 427 582 525 301 547 816 841 922 885 768 615 457 517 477 692 200 617 26 974 874 360 658 58 628 880 459 837 365 923 693 464 111 230 771 458 116 348 232 308 745 671 
67 993 530 350 166 983 186 627 887 209 783 684 564 58 212 447 342 502 807 617 557 757 409 648 0 722 985 248 761 892 777 203 339 648 539 605 296 758 737 901 505 505 527 268 360 909 725 176 581 458 688 462 808 436 959 371 748 535 66 461 30 625 987 554 764 127 669 444 588 577 
369 568 486 676 216 634 6 89 401 91 388 59 982 15 22 951 448 466 23 322 84 183 642 8 722 0 417 464 975 197 606 687 175 187 88 92 237 245 646 888 998 738 968 149 65 65 526 937 139 580 770 436 834 867 50 879 237 959 699 841 126 941 990 752 717 111 199 944 742 601 
755 279 350 960 997 121 857 893 15 43 303 283 620 26 423 962 154 507 158 376 554 490 159 110 985 417 0 861 915 110 896 742 976 370 217 478 630 256 514 859 804 419 4 191 402 302 435 97 919 943 532 626 94 842 585 160 926 479 766 288 903 118 198 962 528 816 622 505 858 445 
7 578 621 261 115 40 698 92 437 912 255 253 805 943 243 697 70 960 161 582 327 39 928 601 248 464 861 0 689 259 135 706 802 245 666 462 175 159 678 334 893 257 166 218 722 177 15 936 567 495 965 730 141 89 606 245 209 989 455 701 288 769 488 401 553 192 252 132 12 537 
663 355 68 911 43 412 615 308 838 770 434 658 184 801 255 847 30 739 585 908 512 257 605 629 761 975 915 689 0 433 761 712 360 571 74 514 986 326 820 424 163 243 638 401 940 675 139 506 722 935 481 960 658 220 393 96 263 381 391 23 355 19 884 72 393 183 472 917 751 378 
816 579 433 649 72 189 132 611 507 366 904 848 309 19 479 921 614 615 403 408 908 89 609 427 892 197 110 259 433 0 293 835 563 550 836 717 764 531 350 120 997 294 668 687 319 946 592 614 505 139 151 509 911 820 374 84 53 154 745 153 780 439 465 452 857 345 225 510 669 602 
871 340 752 996 175 943 396 840 788 423 455 568 700 142 525 387 624 57 337 977 72 173 6 582 777 606 896 135 761 293 0 949 257 490 473 19 216 133 689 916 762 675 907 503 830 951 250 166 823 131 432 597 704 596 231 559 260 827 400 32 95 412 964 820 10 384 240 382 405 336 
106 262 732 132 863 368 18 565 865 960 979 806 628 189 285 357 157 664 424 894 155 664 325 525 203 687 742 706 712 835 949 0 243 108 529 949 505 945 994 729 564 174 476 628 459 655 575 857 576 758 684 156 891 888 681 578 818 558 106 328 979 359 856 164 404 762 540 749 301 697 
151 328 884 184 350 880 597 66 561 334 996 811 618 944 438 109 74 108 178 372 282 67 14 301 339 175 976 802 360 563 257 243 0 538 441 720 450 523 293 326 828 760 280 142 821 586 616 350 769 697 51 721 203 966 456 526 79 231 91 957 584 115 730 62 229 243 135 471 826 770 
908 590 805 631 919 736 232 242 894 24 417 773 14 43 353 318 552 884 518 928 269 169 632 547 648 187 370 245 571 550 490 108 538 0 900 559 673 418 295 562 695 6 727 674 647 789 564 281 78 296 843 728 833 56 385 43 17 342 131 763 514 958 228 876 2 952 656 997 470 9 
817 249 932 975 303 787 314 675 198 106 363 223 405 831 311 899 853 426 57 867 924 142 14 816 539 88 217 666 74 836 473 529 441 900 0 158 297 69 302 904 674 371 948 610 239 600 916 106 723 347 366 314 646 977 463 739 423 372 175 82 287 237 50 918 963 919 617 537 353 639 
70 489 925 306 3 357 598 731 110 171 212 283 177 661 157 891 321 853 46 243 784 614 934 841 605 92 478 462 514 717 19 949 720 559 158 0 451 444 390 103 206 717 876 887 509 546 757 164 149 639 76 92 339 544 370 45 275 265 301 362 645 294 836 377 429 395 982 759 166 819 
412 980 867 757 449 321 776 47 425 271 139 986 284 572 548 740 934 728 437 169 743 103 208 922 296 237 630 175 986 764 216 505 450 673 297 451 0 66 330 109 920 3 73 424 758 329 398 482 374 178 162 387 239 420 450 506 815 780 71 295 827 603 49 764 350 95 587 369 828 818 
156 239 825 213 97 790 969 23 714 242 764 134 338 554 817 905 605 268 304 33 730 541 956 885 758 245 256 159 326 531 133 945 523 418 69 444 66 0 629 840 547 444 974 640 653 911 779 799 719 622 269 484 423 82 345 788 837 987 808 845 728 213 1 149 400 615 679 719 569 895 
724 121 180 115 470 388 163 18 98 967 178 575 928 756 321 561 712 464 758 484 838 782 838 768 737 646 514 678 820 350 689 994 293 295 302 390 330 629 0 746 504 465 718 63 311 361 394 925 417 5 483 219 609 24 95 3 694 7 969 989 35 706 437 561 649 483 965 292 56 298 
579 315 717 96 294 97 237 300 306 784 659 426 213 824 642 821 1000 543 834 180 894 110 86 615 901 888 859 334 424 120 916 729 326 562 904 103 109 840 746 0 130 124 552 366 551 214 669 603 882 116 994 703 405 530 550 8 739 785 77 40 864 747 775 380 267 526 227 631 116 338 
727 533 228 527 36 38 405 452 249 477 937 308 251 54 609 47 306 311 452 200 748 464 275 457 505 998 804 893 163 997 762 564 828 695 674 206 920 547 504 130 0 988 721 407 263 196 150 610 442 15 979 564 306 300 252 705 356 338 399 375 485 110 399 857 434 75 158 74 86 628 
100 788 423 984 371 622 290 562 385 809 435 321 955 761 842 639 416 587 412 987 231 394 561 517 505 738 419 257 243 294 675 174 760 6 371 717 3 444 465 124 988 0 127 36 218 635 154 134 334 783 334 490 91 339 980 60 79 501 349 768 975 725 912 423 672 499 674 315 983 477 
483 43 920 623 319 4 738 468 13 212 355 581 871 181 598 869 277 669 594 102 752 259 384 477 527 968 4 166 638 668 907 476 280 727 948 876 73 974 718 552 721 127 0 921 787 532 55 756 379 316 547 288 660 193 921 909 422 608 48 537 332 939 224 463 216 458 961 978 626 759 
671 978 641 65 894 498 286 939 276 43 741 447 565 871 502 222 417 212 880 876 299 529 214 692 268 149 191 218 401 687 503 628 142 674 610 887 424 640 63 366 407 36 921 0 344 717 698 609 868 228 195 460 95 921 34 356 579 469 384 100 926 201 249 41 728 504 100 629 152 604 
904 366 905 511 537 919 2 767 961 19 113 640 481 75 217 525 743 408 554 306 274 821 939 200 360 65 402 722 940 319 830 459 821 647 239 509 758 653 311 551 263 218 787 344 0 801 118 745 731 147 599 636 746 63 728 280 869 302 815 217 859 398 937 972 460 882 619 208 817 196 
833 622 307 181 112 744 864 846 384 459 492 722 673 316 689 919 15 573 406 876 119 358 686 617 909 65 302 177 675 946 951 655 586 789 600 546 329 911 361 214 196 635 532 717 801 0 46 906 738 396 435 246 92 785 100 594 333 160 212 817 780 269 643 61 790 222 834 856 252 578 
340 432 888 390 172 515 137 552 134 130 565 167 729 172 146 2 893 860 312 163 670 377 533 26 725 526 435 15 139 592 250 575 616 564 916 757 398 779 394 669 150 154 55 698 118 46 0 959 731 874 174 538 699 742 685 652 504 228 770 334 898 525 448 790 154 445 981 256 618 79 
847 251 489 453 513 387 94 914 809 630 385 867 475 205 368 934 204 735 129 949 349 94 725 974 176 937 97 936 506 614 166 857 350 281 106 164 482 799 925 603 610 134 756 609 745 906 959 0 775 341 33 636 772 110 754 706 615 652 34 243 885 94 829 73 764 665 636 653 210 19 
65 930 705 673 576 612 776 868 444 286 272 9 546 618 866 997 427 102 462 651 173 69 319 874 581 139 919 567 722 505 823 576 769 78 723 149 374 719 417 882 442 334 379 868 731 738 731 775 0 729 267 583 911 250 292 469 108 920 373 834 657 58 394 302 779 332 197 898 466 462 
29 388 220 144 41 750 255 393 265 683 982 280 742 857 387 733 259 779 113 125 395 287 875 360 458 580 943 495 935 139 131 758 697 296 347 639 178 622 5 116 15 783 316 228 147 396 874 341 729 0 586 382 616 47 505 470 644 761 147 477 914 982 525 356 440 481 77 154 882 925 
645 802 835 24 845 613 149 944 656 24 620 650 472 705 84 415 989 816 472 932 755 159 213 658 688 770 532 965 481 151 432 684 51 843 366 76 162 269 483 994 979 334 547 195 599 435 174 33 267 586 0 11 213 902 1000 592 870 881 756 407 586 908 130 423 952 425 303 844 202 521 
260 507 856 994 60 960 654 384 552 159 148 241 967 850 391 324 461 754 707 732 777 219 803 58 462 436 626 730 960 509 597 156 721 728 314 92 387 484 219 703 564 490 288 460 636 246 538 636 583 382 11 0 18 180 157 280 116 196 94 146 457 848 466 377 518 928 733 258 535 103 
589 20 883 719 365 681 312 172 313 263 421 848 154 350 525 866 593 526 991 70 178 214 553 628 808 834 94 141 658 911 704 891 203 833 646 339 239 423 609 405 306 91 660 95 746 92 699 772 911 616 213 18 0 216 184 812 877 16 370 861 593 728 915 79 32 528 711 83 385 20 
231 160 312 561 66 378 581 208 344 978 805 903 129 583 698 6 637 541 275 958 774 875 816 880 436 867 842 89 220 820 596 888 966 56 977 544 420 82 24 530 300 339 193 921 63 785 742 110 250 47 902 180 216 0 379 606 286 557 130 914 993 891 97 2 171 978 853 278 809 958 
758 838 543 850 917 522 742 405 930 70 267 924 611 614 225 221 431 227 705 452 655 165 520 459 959 50 585 606 393 374 231 681 456 385 463 370 450 345 95 550 252 980 921 34 728 100 685 754 292 505 1000 157 184 379 0 814 701 8 657 503 489 102 942 678 195 273 707 147 36 328 
959 52 185 811 908 695 614 960 47 348 273 408 203 122 791 51 704 135 566 812 909 901 158 837 371 879 160 245 96 84 559 578 526 43 739 45 506 788 3 8 705 60 909 356 280 594 652 706 469 470 592 280 812 606 814 0 491 550 714 190 194 979 734 491 439 705 200 767 871 686 
211 268 304 958 757 243 998 363 922 16 822 956 926 694 656 917 199 986 988 307 66 757 972 365 748 237 926 209 263 53 260 818 79 17 423 275 815 837 694 739 356 79 422 579 869 333 504 615 108 644 870 116 877 286 701 491 0 685 449 247 922 525 145 395 450 963 766 786 90 861 
206 131 204 301 278 341 209 216 872 850 651 79 677 281 916 422 429 139 8 807 445 606 402 923 535 959 479 989 381 154 827 558 231 342 372 265 780 987 7 785 338 501 608 469 302 160 228 652 920 761 881 196 16 557 8 550 685 0 940 176 827 335 522 733 769 102 680 649 10 150 
267 263 538 225 205 622 162 229 594 131 156 760 353 678 488 136 184 329 8 479 354 706 484 693 66 699 766 455 391 745 400 106 91 131 175 301 71 808 969 77 399 349 48 384 815 212 770 34 373 147 756 94 370 130 657 714 449 940 0 913 901 633 349 23 140 676 509 716 231 87 
121 7 590 576 681 39 545 357 25 144 570 347 934 838 993 231 499 205 56 152 134 849 166 464 461 841 288 701 23 153 32 328 957 763 82 362 295 845 989 40 375 768 537 100 217 817 334 243 834 477 407 146 861 914 503 190 247 176 913 0 333 214 366 509 590 547 214 923 109 596 
956 873 336 247 543 631 334 987 812 70 93 933 679 677 106 965 210 517 723 518 7 215 390 111 30 126 903 288 355 780 95 979 584 514 287 645 827 728 35 864 485 975 332 926 859 780 898 885 657 914 586 457 593 993 489 194 922 827 901 333 0 424 70 818 794 537 729 170 654 605 
350 217 272 756 646 966 687 712 239 428 247 131 683 947 306 657 95 138 581 84 78 448 516 230 625 941 118 769 19 439 412 359 115 958 237 294 603 213 706 747 110 725 939 201 398 269 525 94 58 982 908 848 728 891 102 979 525 335 633 214 424 0 963 525 375 108 481 534 112 662 
404 90 429 605 445 400 799 854 85 388 396 996 444 560 813 216 747 856 751 701 308 274 759 771 987 990 198 488 884 465 964 856 730 228 50 836 49 1 437 775 399 912 224 249 937 643 448 829 394 525 130 466 915 97 942 734 145 522 349 366 70 963 0 492 437 182 544 638 986 93 
733 124 51 779 195 797 329 271 873 394 417 263 890 705 991 186 237 241 43 316 613 918 876 458 554 752 962 401 72 452 820 164 62 876 918 377 764 149 561 380 857 423 463 41 972 61 790 73 302 356 423 377 79 2 678 491 395 733 23 509 818 525 492 0 452 717 208 403 717 246 
431 476 817 581 668 107 366 462 152 119 423 201 628 367 34 492 609 521 334 38 826 702 947 116 764 717 528 553 393 857 10 404 229 2 963 429 350 400 649 267 434 672 216 728 460 790 154 764 779 440 952 518 32 171 195 439 450 769 140 590 794 375 437 452 0 604 62 777 40 865 
888 16 955 999 831 347 749 154 431 672 520 267 843 66 303 291 173 331 954 259 849 236 692 348 127 111 816 192 183 345 384 762 243 952 919 395 95 615 483 526 75 499 458 504 882 222 445 665 332 481 425 928 528 978 273 705 963 102 676 547 537 108 182 717 604 0 239 824 664 496 
898 548 842 459 998 380 646 446 383 206 719 773 15 986 506 603 398 540 469 303 755 707 199 232 669 199 622 252 472 225 240 540 135 656 617 982 587 679 965 227 158 674 961 100 619 834 981 636 197 77 303 733 711 853 707 200 766 680 509 214 729 481 544 208 62 239 0 197 891 370 
700 863 489 955 733 679 553 397 545 212 916 614 738 261 719 618 265 590 720 373 555 942 600 308 444 944 505 132 917 510 382 749 471 997 537 759 369 719 292 631 74 315 978 629 208 856 256 653 898 154 844 258 83 278 147 767 786 649 716 923 170 534 638 403 777 824 197 0 299 675 
252 335 42 891 447 172 888 438 831 544 487 156 535 329 224 743 436 771 787 378 120 913 438 745 588 742 858 12 751 669 405 301 826 470 353 166 828 569 56 116 86 983 626 152 817 252 618 210 466 882 202 535 385 809 36 871 90 10 231 109 654 112 986 717 40 664 891 299 0 560 
237 299 980 800 637 919 469 24 19 974 580 889 471 181 49 917 800 696 953 373 617 199 210 671 577 601 445 537 378 602 336 697 770 9 639 819 818 895 298 338 628 477 759 604 196 578 79 19 462 925 521 103 20 958 328 686 861 150 87 596 605 662 93 246 865 496 370 675 560 0 
0 94 564 94 375 657 529 737 389 35 602 12 106 164 580 32 489 343 113 195 203 376 165 19 877 601 289 806 387 49 189 977 970 42 156 884 500 900 345 462 305 958 327 446 181 262 658 247 810 907 112 632 580 732 271 187 707 622 497 833 41 736 508 305 652 119 160 255 806 727 
94 0 506 524 120 466 597 243 124 2 205 338 556 124 658 552 775 695 765 299 377 611 317 444 145 270 830 341 607 304 800 912 594 478 700 432 16 908 758 563 492 233 894 14 716 441 570 782 44 512 284 583 887 843 188 922 654 855 702 755 271 910 848 838 472 911 620 93 461 544 
564 506 0 583 381 589 173 619 957 347 578 508 442 33 449 615 247 178 528 796 44 231 381 343 494 477 588 422 839 477 153 218 203 303 103 72 79 115 787 340 647 680 149 556 147 812 95 466 327 811 246 50 27 722 312 894 561 770 538 264 663 774 499 906 122 123 182 397 968 36 
94 524 583 0 682 725 783 678 13 259 723 997 217 239 803 802 318 242 575 969 263 219 527 662 707 148 5 706 207 251 25 890 751 508 40 940 19 930 895 889 552 83 276 984 406 802 532 551 494 834 916 16 164 616 166 210 12 698 585 486 801 259 331 73 403 90 526 9 2 263 
375 120 381 682 0 581 833 415 140 786 951 588 215 473 116 305 869 741 762 693 760 781 594 903 874 664 229 750 960 962 872 216 758 186 842 677 620 936 400 629 987 734 753 64 526 958 801 312 443 860 209 972 775 742 3 265 479 713 888 284 509 224 479 717 452 87 107 329 453 331 
657 466 589 725 581 0 339 261 479 822 392 15 310 558 166 852 78 472 566 385 591 470 893 284 58 386 956 995 638 841 23 749 388 124 225 593 659 168 401 830 833 281 996 620 49 185 590 801 338 300 85 123 146 732 475 335 512 573 216 950 477 98 808 240 993 734 412 380 731 13 
529 597 173 783 833 339 0 664 287 481 516 348 739 584 845 289 212 454 29 666 210 594 96 441 821 882 87 285 343 881 503 799 182 758 559 411 246 77 625 748 482 679 187 733 913 90 716 990 232 827 854 395 712 405 171 285 53 662 904 76 703 206 180 675 636 185 300 389 180 646 
