15 3
0 804 349 316 58 173 524 871 526 86 230 876 883 529 989 
804 0 958 868 517 384 508 963 410 317 500 635 899 882 229 
349 958 0 252 805 900 735 828 699 221 179 715 576 25 124 
316 868 252 0 75 118 827 455 641 494 24 781 722 628 835 
58 517 805 75 0 600 714 60 126 268 56 156 278 364 608 
173 384 900 118 600 0 104 82 327 57 495 125 147 916 363 
524 508 735 827 714 104 0 367 814 492 810 765 952 477 15 
871 963 828 455 60 82 367 0 282 288 10 746 19 296 785 
526 410 699 641 126 327 814 282 0 912 700 229 32 662 567 
86 317 221 494 268 57 492 288 912 0 430 76 247 805 283 
230 500 179 24 56 495 810 10 700 430 0 954 96 864 122 
876 635 715 781 156 125 765 746 229 76 954 0 668 396 213 
883 899 576 722 278 147 952 19 32 247 96 668 0 590 553 
529 882 25 628 364 916 477 296 662 805 864 396 590 0 554 
989 229 124 835 608 363 15 785 567 283 122 213 553 554 0 
0 881 521 1000 424 286 657 507 577 270 97 294 833 256 4 
881 0 622 645 508 621 811 909 701 360 836 391 598 869 536 
521 622 0 164 465 935 100 482 711 654 927 715 732 333 834 
1000 645 164 0 481 48 168 701 346 430 982 940 813 497 848 
424 508 465 481 0 544 895 60 760 799 356 281 318 400 778 
286 621 935 48 544 0 35 797 408 836 341 834 897 696 736 
657 811 100 168 895 35 0 681 454 84 230 895 136 294 903 
507 909 482 701 60 797 681 0 150 691 226 446 649 253 295 
577 701 711 346 760 408 454 150 0 648 55 582 437 608 818 
270 360 654 430 799 836 84 691 648 0 221 262 543 262 887 
97 836 927 982 356 341 230 226 55 221 0 736 644 188 155 
294 391 715 940 281 834 895 446 582 262 736 0 136 267 58 
833 598 732 813 318 897 136 649 437 543 644 136 0 164 302 
256 869 333 497 400 696 294 253 608 262 188 267 164 0 98 
4 536 834 848 778 736 903 295 818 887 155 58 302 98 0 
0 83 235 604 251 667 333 729 930 519 408 752 14 389 752 
83 0 18 124 103 628 774 436 440 762 562 765 522 864 829 
235 18 0 168 106 258 170 442 790 992 379 656 588 579 346 
604 124 168 0 272 187 966 239 653 633 963 446 332 249 242 
251 103 106 272 0 903 60 529 550 990 341 168 299 8 498 
667 628 258 187 903 0 429 502 634 200 327 648 553 536 215 
333 774 170 966 60 429 0 752 865 59 650 930 687 310 76 
729 436 442 239 529 502 752 0 494 142 125 752 857 288 279 
930 440 790 653 550 634 865 494 0 529 718 305 132 216 923 
519 762 992 633 990 200 59 142 529 0 53 756 874 426 210 
408 562 379 963 341 327 650 125 718 53 0 989 306 196 585 
752 765 656 446 168 648 930 752 305 756 989 0 389 165 896 
14 522 588 332 299 553 687 857 132 874 306 389 0 622 540 
389 864 579 249 8 536 310 288 216 426 196 165 622 0 80 
752 829 346 242 498 215 76 279 923 210 585 896 540 80 0 
0 1000 813 172 332 650 524 442 223 862 768 684 193 251 980 
1000 0 281 374 475 832 959 234 232 790 64 295 287 827 78 
813 281 0 148 693 614 502 102 77 293 64 160 325 315 511 
172 374 148 0 133 980 785 328 717 417 522 315 478 780 553 
332 475 693 133 0 811 321 248 474 275 85 707 623 638 216 
650 832 614 980 811 0 166 156 849 838 164 889 985 410 260 
524 959 502 785 321 166 0 186 130 521 986 500 675 223 22 
442 234 102 328 248 156 186 0 668 893 51 756 945 255 550 
223 232 77 717 474 849 130 668 0 900 483 640 48 90 138 
862 790 293 417 275 838 521 893 900 0 360 698 499 178 29 
768 64 64 522 85 164 986 51 483 360 0 522 572 873 244 
684 295 160 315 707 889 500 756 640 698 522 0 182 155 279 
193 287 325 478 623 985 675 945 48 499 572 182 0 210 688 
251 827 315 780 638 410 223 255 90 178 873 155 210 0 598 
980 78 511 553 216 260 22 550 138 29 244 279 688 598 0 
