50 4
0 368 602 445 38 752 174 254 906 858 924 298 882 907 936 79 609 601 100 965 945 418 863 935 476 362 939 298 716 498 706 946 645 221 339 613 722 817 96 954 676 368 515 165 899 598 906 592 960 213 
368 0 547 448 597 885 226 279 963 721 149 556 72 292 804 360 965 285 219 826 135 293 136 401 850 620 960 303 359 103 49 833 367 934 650 651 49 741 880 233 509 662 610 327 638 314 112 499 314 294 
602 547 0 941 685 383 993 898 698 657 580 891 168 811 714 938 182 648 230 412 88 121 114 211 52 765 910 962 473 379 784 81 817 971 820 840 855 381 116 72 58 80 467 163 839 286 825 534 727 663 
445 448 941 0 11 392 175 163 506 272 197 105 61 103 379 542 229 927 860 243 750 897 705 757 29 217 574 403 908 857 692 211 986 512 753 781 126 475 34 498 805 335 759 233 474 762 556 212 154 323 
38 597 685 11 0 3 334 177 875 252 575 882 482 474 778 274 334 299 113 109 815 607 499 776 791 691 898 280 786 464 764 883 427 299 148 113 204 729 970 486 635 875 69 567 489 558 69 613 610 387 
752 885 383 392 3 0 994 982 644 868 472 580 550 702 519 835 66 243 257 143 949 530 944 671 321 24 790 397 170 426 659 829 452 470 929 141 765 68 634 28 534 700 1000 967 631 904 539 232 367 947 
174 226 993 175 334 994 0 378 721 463 28 817 893 625 637 213 452 907 189 954 415 921 895 534 360 637 241 36 959 954 223 482 163 648 497 913 118 28 62 453 250 66 438 670 962 738 554 606 893 528 
254 279 898 163 177 982 378 0 710 281 881 49 637 811 618 881 210 148 659 869 488 691 930 200 894 591 916 51 140 824 288 572 716 741 224 336 340 473 521 884 947 829 15 307 615 620 473 744 453 333 
906 963 698 506 875 644 721 710 0 200 548 520 949 353 964 429 735 392 587 90 361 409 915 705 7 526 39 441 2 591 166 116 756 75 804 878 12 841 591 790 922 63 823 863 692 797 970 660 913 349 
858 721 657 272 252 868 463 281 200 0 823 879 553 301 957 396 700 376 252 27 178 368 276 715 257 484 337 807 127 517 568 639 409 195 752 925 685 60 509 335 31 776 53 683 872 240 636 605 171 337 
924 149 580 197 575 472 28 881 548 823 0 197 927 393 820 11 555 79 579 359 299 917 360 230 531 243 662 192 38 922 319 537 94 815 764 21 966 525 361 288 144 496 42 746 758 254 721 156 635 114 
298 556 891 105 882 580 817 49 520 879 197 0 86 153 500 507 507 154 642 819 166 676 788 468 465 55 915 214 833 427 458 315 575 573 225 946 927 632 493 101 369 593 490 963 629 978 82 19 852 964 
882 72 168 61 482 550 893 637 949 553 927 86 0 840 903 763 671 122 513 967 694 1 145 666 68 184 697 771 396 108 14 849 938 332 42 655 114 567 990 428 919 114 32 890 808 605 334 902 147 18 
907 292 811 103 474 702 625 811 353 301 393 153 840 0 943 530 463 133 713 146 160 937 274 505 536 175 686 377 919 99 529 616 366 451 545 902 372 782 845 740 304 802 809 551 284 398 68 67 523 37 
936 804 714 379 778 519 637 618 964 957 820 500 903 943 0 686 663 786 308 933 634 330 909 294 806 822 909 388 216 699 858 539 894 283 399 87 554 987 132 609 453 986 810 857 642 910 51 335 423 428 
79 360 938 542 274 835 213 881 429 396 11 507 763 530 686 0 817 177 632 289 404 353 196 662 833 513 747 186 431 629 855 553 431 344 442 32 501 329 404 800 937 841 252 909 279 619 559 846 851 990 
609 965 182 229 334 66 452 210 735 700 555 507 671 463 663 817 0 108 409 767 56 194 644 162 671 418 684 860 169 918 226 73 280 273 333 943 692 487 431 982 191 651 581 875 69 407 584 513 836 742 
601 285 648 927 299 243 907 148 392 376 79 154 122 133 786 177 108 0 838 108 516 170 656 423 436 209 910 310 761 97 647 992 975 253 503 437 312 287 353 338 864 226 610 580 19 464 95 225 467 388 
100 219 230 860 113 257 189 659 587 252 579 642 513 713 308 632 409 838 0 461 780 717 306 365 827 27 390 869 18 382 44 858 109 68 530 25 261 11 723 632 438 605 545 759 905 94 929 541 270 949 
965 826 412 243 109 143 954 869 90 27 359 819 967 146 933 289 767 108 461 0 72 247 532 362 416 795 795 962 537 624 819 913 262 543 668 677 800 994 905 42 31 400 39 630 974 576 206 572 27 935 
945 135 88 750 815 949 415 488 361 178 299 166 694 160 634 404 56 516 780 72 0 234 816 622 376 921 693 798 647 853 427 59 279 970 366 946 575 52 563 390 821 311 945 142 396 966 611 564 333 629 
418 293 121 897 607 530 921 691 409 368 917 676 1 937 330 353 194 170 717 247 234 0 799 344 885 699 959 978 37 134 180 350 363 398 712 648 164 492 681 233 603 853 958 458 724 764 668 988 497 813 
863 136 114 705 499 944 895 930 915 276 360 788 145 274 909 196 644 656 306 532 816 799 0 17 690 354 693 159 611 379 730 894 555 251 977 713 535 263 503 230 634 616 617 442 255 384 982 517 883 750 
935 401 211 757 776 671 534 200 705 715 230 468 666 505 294 662 162 423 365 362 622 344 17 0 18 32 110 928 984 653 495 189 349 557 290 348 718 963 176 381 521 142 571 532 53 567 137 683 435 444 
476 850 52 29 791 321 360 894 7 257 531 465 68 536 806 833 671 436 827 416 376 885 690 18 0 393 523 971 156 978 823 601 895 880 639 253 355 615 789 896 912 214 55 571 548 163 854 702 333 977 
362 620 765 217 691 24 637 591 526 484 243 55 184 175 822 513 418 209 27 795 921 699 354 32 393 0 752 199 248 297 799 366 634 697 788 671 428 152 422 476 129 13 440 72 26 197 386 271 77 316 
939 960 910 574 898 790 241 916 39 337 662 915 697 686 909 747 684 910 390 795 693 959 693 110 523 752 0 481 255 413 221 398 475 841 779 18 544 126 627 272 284 760 874 607 236 134 960 94 306 411 
298 303 962 403 280 397 36 51 441 807 192 214 771 377 388 186 860 310 869 962 798 978 159 928 971 199 481 0 156 271 656 498 381 237 328 212 852 712 593 586 777 499 441 556 264 749 81 49 684 962 
716 359 473 908 786 170 959 140 2 127 38 833 396 919 216 431 169 761 18 537 647 37 611 984 156 248 255 156 0 366 260 809 801 482 621 227 39 371 697 193 41 364 802 840 689 850 9 128 252 28 
498 103 379 857 464 426 954 824 591 517 922 427 108 99 699 629 918 97 382 624 853 134 379 653 978 297 413 271 366 0 763 818 484 376 267 666 94 312 851 957 904 313 521 901 990 890 779 253 347 401 
706 49 784 692 764 659 223 288 166 568 319 458 14 529 858 855 226 647 44 819 427 180 730 495 823 799 221 656 260 763 0 475 75 592 869 850 146 156 219 728 86 821 62 677 640 274 317 442 295 269 
946 833 81 211 883 829 482 572 116 639 537 315 849 616 539 553 73 992 858 913 59 350 894 189 601 366 398 498 809 818 475 0 181 235 294 458 233 633 589 431 410 387 970 377 170 421 937 228 840 220 
645 367 817 986 427 452 163 716 756 409 94 575 938 366 894 431 280 975 109 262 279 363 555 349 895 634 475 381 801 484 75 181 0 335 587 704 470 813 438 420 822 7 462 987 484 972 772 876 838 795 
221 934 971 512 299 470 648 741 75 195 815 573 332 451 283 344 273 253 68 543 970 398 251 557 880 697 841 237 482 376 592 235 335 0 82 563 921 422 722 580 470 14 446 146 134 582 700 428 3 45 
339 650 820 753 148 929 497 224 804 752 764 225 42 545 399 442 333 503 530 668 366 712 977 290 639 788 779 328 621 267 869 294 587 82 0 71 1 516 993 747 420 40 500 325 152 478 12 940 309 662 
613 651 840 781 113 141 913 336 878 925 21 946 655 902 87 32 943 437 25 677 946 648 713 348 253 671 18 212 227 666 850 458 704 563 71 0 592 178 162 189 278 959 110 793 196 952 380 320 307 422 
722 49 855 126 204 765 118 340 12 685 966 927 114 372 554 501 692 312 261 800 575 164 535 718 355 428 544 852 39 94 146 233 470 921 1 592 0 34 669 877 596 39 813 425 23 13 705 160 141 382 
817 741 381 475 729 68 28 473 841 60 525 632 567 782 987 329 487 287 11 994 52 492 263 963 615 152 126 712 371 312 156 633 813 422 516 178 34 0 707 862 511 922 401 386 459 164 480 513 922 590 
96 880 116 34 970 634 62 521 591 509 361 493 990 845 132 404 431 353 723 905 563 681 503 176 789 422 627 593 697 851 219 589 438 722 993 162 669 707 0 224 737 265 106 984 676 248 374 77 263 515 
954 233 72 498 486 28 453 884 790 335 288 101 428 740 609 800 982 338 632 42 390 233 230 381 896 476 272 586 193 957 728 431 420 580 747 189 877 862 224 0 237 209 921 902 409 286 898 983 889 639 
676 509 58 805 635 534 250 947 922 31 144 369 919 304 453 937 191 864 438 31 821 603 634 521 912 129 284 777 41 904 86 410 822 470 420 278 596 511 737 237 0 150 495 481 281 909 100 950 237 279 
368 662 80 335 875 700 66 829 63 776 496 593 114 802 986 841 651 226 605 400 311 853 616 142 214 13 760 499 364 313 821 387 7 14 40 959 39 922 265 209 150 0 267 344 913 383 486 667 122 37 
515 610 467 759 69 1000 438 15 823 53 42 490 32 809 810 252 581 610 545 39 945 958 617 571 55 440 874 441 802 521 62 970 462 446 500 110 813 401 106 921 495 267 0 924 293 457 988 609 524 226 
165 327 163 233 567 967 670 307 863 683 746 963 890 551 857 909 875 580 759 630 142 458 442 532 571 72 607 556 840 901 677 377 987 146 325 793 425 386 984 902 481 344 924 0 103 426 946 244 204 103 
899 638 839 474 489 631 962 615 692 872 758 629 808 284 642 279 69 19 905 974 396 724 255 53 548 26 236 264 689 990 640 170 484 134 152 196 23 459 676 409 281 913 293 103 0 239 403 874 194 812 
598 314 286 762 558 904 738 620 797 240 254 978 605 398 910 619 407 464 94 576 966 764 384 567 163 197 134 749 850 890 274 421 972 582 478 952 13 164 248 286 909 383 457 426 239 0 236 651 861 236 
906 112 825 556 69 539 554 473 970 636 721 82 334 68 51 559 584 95 929 206 611 668 982 137 854 386 960 81 9 779 317 937 772 700 12 380 705 480 374 898 100 486 988 946 403 236 0 389 84 87 
592 499 534 212 613 232 606 744 660 605 156 19 902 67 335 846 513 225 541 572 564 988 517 683 702 271 94 49 128 253 442 228 876 428 940 320 160 513 77 983 950 667 609 244 874 651 389 0 315 342 
960 314 727 154 610 367 893 453 913 171 635 852 147 523 423 851 836 467 270 27 333 497 883 435 333 77 306 684 252 347 295 840 838 3 309 307 141 922 263 889 237 122 524 204 194 861 84 315 0 809 
213 294 663 323 387 947 528 333 349 337 114 964 18 37 428 990 742 388 949 935 629 813 750 444 977 316 411 962 28 401 269 220 795 45 662 422 382 590 515 639 279 37 226 103 812 236 87 342 809 0 
0 3 843 910 174 834 307 567 527 57 850 998 232 753 224 111 133 665 356 119 227 843 965 840 785 76 462 796 155 335 882 242 103 699 292 891 925 302 222 1000 452 405 715 991 96 479 661 705 854 768 
3 0 594 767 182 556 639 178 173 141 239 519 949 175 214 645 76 871 48 217 936 156 622 892 72 966 20 783 796 911 117 804 899 332 816 933 6 29 627 271 384 153 271 248 537 421 485 41 569 889 
843 594 0 387 844 953 391 845 681 294 560 13 386 462 659 832 703 298 558 917 28 432 968 216 339 571 316 689 229 700 2 440 26 95 759 772 708 583 181 255 200 882 936 403 812 433 450 99 481 320 
910 767 387 0 393 436 674 656 386 546 88 866 177 225 214 765 146 262 311 554 567 413 711 667 629 127 493 270 22 155 493 227 393 439 819 258 126 900 900 211 462 454 535 683 945 196 868 657 158 970 
174 182 844 393 0 32 926 690 465 667 246 172 374 662 835 731 772 919 219 678 371 595 11 965 276 517 766 739 373 253 352 298 683 657 513 634 567 862 474 254 943 311 980 792 802 211 538 15 190 504 
834 556 953 436 32 0 602 693 347 121 25 253 361 999 995 45 967 348 912 389 96 197 32 565 926 93 310 532 735 227 350 540 642 308 727 638 588 159 844 985 813 917 16 161 779 310 859 475 291 179 
307 639 391 674 926 602 0 128 50 641 81 471 357 424 957 659 474 58 876 326 393 605 552 719 492 873 841 887 951 730 595 378 894 298 62 787 331 897 259 839 848 114 757 307 272 122 885 411 477 472 
567 178 845 656 690 693 128 0 397 641 331 803 604 626 72 411 977 652 621 17 793 867 549 572 513 930 963 461 332 26 415 769 639 572 373 938 543 757 102 997 911 123 356 627 924 64 464 161 289 489 
527 173 681 386 465 347 50 397 0 779 927 982 548 600 59 402 325 718 110 152 788 828 596 232 710 835 238 96 290 615 555 594 255 829 300 965 226 970 807 939 857 188 503 679 646 453 607 988 594 659 
57 141 294 546 667 121 641 641 779 0 868 444 22 398 927 180 926 988 721 322 164 836 959 334 627 592 106 133 12 498 736 514 152 937 624 604 118 993 396 732 547 426 599 327 289 565 152 292 157 500 
850 239 560 88 246 25 81 331 927 868 0 202 5 534 480 218 88 237 81 398 66 292 789 798 905 335 233 604 837 169 318 221 568 447 34 760 193 486 806 518 409 453 184 717 17 349 866 939 881 412 
998 519 13 866 172 253 471 803 982 444 202 0 141 468 427 578 397 968 903 630 846 646 896 248 553 605 398 736 298 689 265 438 161 947 377 691 134 303 808 270 523 852 903 38 712 162 366 263 989 427 
232 949 386 177 374 361 357 604 548 22 5 141 0 474 770 477 769 561 749 565 26 274 162 344 749 455 859 836 445 967 999 869 509 945 428 324 968 383 807 509 487 582 327 257 863 815 191 937 39 987 
753 175 462 225 662 999 424 626 600 398 534 468 474 0 994 251 546 435 19 198 521 5 866 648 405 77 918 503 439 633 423 21 178 119 306 929 693 396 89 48 94 417 266 809 426 438 487 362 177 578 
224 214 659 214 835 995 957 72 59 927 480 427 770 994 0 971 989 974 158 285 695 90 558 19 67 863 932 118 709 371 396 91 593 236 85 603 38 955 340 337 654 356 655 494 84 434 942 481 768 478 
111 645 832 765 731 45 659 411 402 180 218 578 477 251 971 0 562 277 691 747 863 143 310 640 249 113 531 154 734 224 832 432 708 429 745 518 415 905 279 808 814 743 316 92 292 206 108 116 332 360 
133 76 703 146 772 967 474 977 325 926 88 397 769 546 989 562 0 55 613 125 568 814 981 102 61 261 965 11 937 903 833 553 234 18 440 417 95 478 353 40 939 904 821 949 733 191 361 280 623 708 
665 871 298 262 919 348 58 652 718 988 237 968 561 435 974 277 55 0 864 810 339 340 710 559 611 431 327 301 254 529 904 228 983 754 572 52 13 871 177 384 565 226 356 782 603 490 48 907 206 672 
356 48 558 311 219 912 876 621 110 721 81 903 749 19 158 691 613 864 0 874 442 800 537 650 236 743 149 759 441 496 743 688 14 526 300 616 676 445 581 78 436 142 411 741 942 762 571 201 667 528 
119 217 917 554 678 389 326 17 152 322 398 630 565 198 285 747 125 810 874 0 767 19 493 320 149 910 97 112 909 168 570 332 657 648 105 229 772 999 960 528 635 250 696 553 761 862 650 165 543 480 
227 936 28 567 371 96 393 793 788 164 66 846 26 521 695 863 568 339 442 767 0 16 335 476 400 457 511 333 693 195 423 824 316 746 265 450 601 820 534 481 410 947 826 34 910 505 122 368 807 608 
843 156 432 413 595 197 605 867 828 836 292 646 274 5 90 143 814 340 800 19 16 0 288 100 617 540 34 235 773 290 368 386 80 911 348 351 778 632 270 421 127 849 875 768 50 912 246 240 671 545 
965 622 968 711 11 32 552 549 596 959 789 896 162 866 558 310 981 710 537 493 335 288 0 44 780 357 581 158 745 600 386 849 869 305 903 620 929 605 535 598 911 156 653 427 267 338 187 59 761 813 
840 892 216 667 965 565 719 572 232 334 798 248 344 648 19 640 102 559 650 320 476 100 44 0 385 780 792 8 818 179 638 529 330 1000 351 937 527 310 847 432 303 897 577 65 226 221 334 55 639 430 
785 72 339 629 276 926 492 513 710 627 905 553 749 405 67 249 61 611 236 149 400 617 780 385 0 361 422 743 620 50 342 23 962 241 18 981 790 595 331 639 266 299 556 963 33 262 370 295 455 898 
76 966 571 127 517 93 873 930 835 592 335 605 455 77 863 113 261 431 743 910 457 540 357 780 361 0 438 196 17 295 522 781 246 649 495 461 349 493 749 406 425 646 439 998 834 825 851 451 349 716 
462 20 316 493 766 310 841 963 238 106 233 398 859 918 932 531 965 327 149 97 511 34 581 792 422 438 0 848 514 382 542 738 234 902 458 595 16 290 363 914 652 408 270 869 875 628 363 820 680 100 
796 783 689 270 739 532 887 461 96 133 604 736 836 503 118 154 11 301 759 112 333 235 158 8 743 196 848 0 429 764 352 373 823 248 521 250 159 877 496 405 413 590 195 94 101 615 341 305 206 564 
155 796 229 22 373 735 951 332 290 12 837 298 445 439 709 734 937 254 441 909 693 773 745 818 620 17 514 429 0 480 642 488 635 817 242 600 12 119 193 238 357 109 336 255 95 97 259 843 2 709 
335 911 700 155 253 227 730 26 615 498 169 689 967 633 371 224 903 529 496 168 195 290 600 179 50 295 382 764 480 0 200 333 623 515 97 50 650 248 743 928 583 199 200 17 404 786 653 361 545 148 
882 117 2 493 352 350 595 415 555 736 318 265 999 423 396 832 833 904 743 570 423 368 386 638 342 522 542 352 642 200 0 861 145 49 520 109 281 309 531 66 650 650 440 394 270 421 266 641 107 285 
242 804 440 227 298 540 378 769 594 514 221 438 869 21 91 432 553 228 688 332 824 386 849 529 23 781 738 373 488 333 861 0 343 994 987 824 265 494 685 778 14 980 206 987 179 453 56 539 212 627 
103 899 26 393 683 642 894 639 255 152 568 161 509 178 593 708 234 983 14 657 316 80 869 330 962 246 234 823 635 623 145 343 0 273 996 390 497 83 565 472 29 165 391 40 960 631 125 958 208 81 
699 332 95 439 657 308 298 572 829 937 447 947 945 119 236 429 18 754 526 648 746 911 305 1000 241 649 902 248 817 515 49 994 273 0 309 412 468 516 466 276 153 680 71 779 896 291 435 828 735 252 
292 816 759 819 513 727 62 373 300 624 34 377 428 306 85 745 440 572 300 105 265 348 903 351 18 495 458 521 242 97 520 987 996 309 0 987 709 835 731 615 149 120 539 913 14 848 107 297 423 731 
891 933 772 258 634 638 787 938 965 604 760 691 324 929 603 518 417 52 616 229 450 351 620 937 981 461 595 250 600 50 109 824 390 412 987 0 930 331 492 354 130 955 14 871 4 189 461 326 169 882 
925 6 708 126 567 588 331 543 226 118 193 134 968 693 38 415 95 13 676 772 601 778 929 527 790 349 16 159 12 650 281 265 497 468 709 930 0 448 801 150 974 442 618 19 85 769 19 934 7 111 
302 29 583 900 862 159 897 757 970 993 486 303 383 396 955 905 478 871 445 999 820 632 605 310 595 493 290 877 119 248 309 494 83 516 835 331 448 0 393 992 331 895 715 786 277 232 27 895 420 859 
222 627 181 900 474 844 259 102 807 396 806 808 807 89 340 279 353 177 581 960 534 270 535 847 331 749 363 496 193 743 531 685 565 466 731 492 801 393 0 400 792 908 64 797 96 754 670 493 725 320 
1000 271 255 211 254 985 839 997 939 732 518 270 509 48 337 808 40 384 78 528 481 421 598 432 639 406 914 405 238 928 66 778 472 276 615 354 150 992 400 0 9 510 420 626 961 744 223 525 273 172 
452 384 200 462 943 813 848 911 857 547 409 523 487 94 654 814 939 565 436 635 410 127 911 303 266 425 652 413 357 583 650 14 29 153 149 130 974 331 792 9 0 225 16 755 903 739 962 212 724 48 
405 153 882 454 311 917 114 123 188 426 453 852 582 417 356 743 904 226 142 250 947 849 156 897 299 646 408 590 109 199 650 980 165 680 120 955 442 895 908 510 225 0 617 863 61 155 741 139 886 576 
715 271 936 535 980 16 757 356 503 599 184 903 327 266 655 316 821 356 411 696 826 875 653 577 556 439 270 195 336 200 440 206 391 71 539 14 618 715 64 420 16 617 0 790 73 70 755 442 903 194 
991 248 403 683 792 161 307 627 679 327 717 38 257 809 494 92 949 782 741 553 34 768 427 65 963 998 869 94 255 17 394 987 40 779 913 871 19 786 797 626 755 863 790 0 194 539 448 555 921 788 
96 537 812 945 802 779 272 924 646 289 17 712 863 426 84 292 733 603 942 761 910 50 267 226 33 834 875 101 95 404 270 179 960 896 14 4 85 277 96 961 903 61 73 194 0 174 289 843 872 774 
479 421 433 196 211 310 122 64 453 565 349 162 815 438 434 206 191 490 762 862 505 912 338 221 262 825 628 615 97 786 421 453 631 291 848 189 769 232 754 744 739 155 70 539 174 0 312 1000 184 142 
661 485 450 868 538 859 885 464 607 152 866 366 191 487 942 108 361 48 571 650 122 246 187 334 370 851 363 341 259 653 266 56 125 435 107 461 19 27 670 223 962 741 755 448 289 312 0 460 396 22 
705 41 99 657 15 475 411 161 988 292 939 263 937 362 481 116 280 907 201 165 368 240 59 55 295 451 820 305 843 361 641 539 958 828 297 326 934 895 493 525 212 139 442 555 843 1000 460 0 640 107 
854 569 481 158 190 291 477 289 594 157 881 989 39 177 768 332 623 206 667 543 807 671 761 639 455 349 680 206 2 545 107 212 208 735 423 169 7 420 725 273 724 886 903 921 872 184 396 640 0 192 
768 889 320 970 504 179 472 489 659 500 412 427 987 578 478 360 708 672 528 480 608 545 813 430 898 716 100 564 709 148 285 627 81 252 731 882 111 859 320 172 48 576 194 788 774 142 22 107 192 0 
0 207 811 825 95 740 809 939 170 395 657 436 425 474 467 592 34 253 47 282 29 875 443 908 536 314 750 496 218 256 776 445 494 886 134 845 611 517 496 993 154 158 376 879 313 774 397 827 810 300 
207 0 469 898 574 733 546 255 392 786 925 93 957 345 394 594 10 367 78 520 538 423 933 790 17 692 468 762 960 301 312 306 581 886 770 770 213 413 333 646 158 498 266 154 143 484 421 15 364 771 
811 469 0 516 622 368 317 849 835 12 372 165 620 579 104 488 850 351 648 477 368 637 571 557 934 847 374 660 306 368 263 245 401 56 970 915 290 79 450 69 387 862 664 49 450 346 627 191 818 131 
825 898 516 0 187 482 164 608 523 330 134 999 215 233 209 594 452 158 493 713 602 269 457 302 379 722 697 727 349 255 677 290 367 919 810 376 391 892 631 254 37 852 478 980 993 315 620 583 500 556 
95 574 622 187 0 100 264 638 714 464 487 235 538 435 690 775 445 804 154 21 157 783 444 405 458 819 198 867 136 351 504 291 989 537 461 785 337 491 93 216 582 157 853 536 836 223 270 226 676 270 
740 733 368 482 100 0 515 601 139 886 86 218 199 770 968 248 499 639 338 48 144 428 264 406 766 777 485 258 608 658 859 311 453 471 558 768 365 171 884 814 973 254 466 938 867 724 490 930 587 423 
809 546 317 164 264 515 0 24 180 934 125 289 161 92 924 919 226 284 675 671 200 20 322 259 756 661 271 739 339 324 690 523 664 223 311 735 174 799 59 538 305 52 256 855 463 277 974 665 485 122 
939 255 849 608 638 601 24 0 256 501 220 760 188 105 149 984 926 955 862 164 723 626 667 296 409 303 781 44 978 313 812 347 613 202 758 850 89 711 26 604 969 48 829 239 680 21 590 193 157 843 
170 392 835 523 714 139 180 256 0 445 815 927 108 313 386 315 377 221 150 410 651 98 80 240 789 439 289 394 196 255 412 6 336 437 530 959 464 993 861 216 614 463 760 531 449 34 114 876 818 413 
395 786 12 330 464 886 934 501 445 0 996 69 112 224 541 369 708 865 537 652 532 745 904 276 590 192 187 99 442 673 848 402 223 829 35 664 421 658 777 823 770 651 621 620 745 808 29 503 315 413 
657 925 372 134 487 86 125 220 815 996 0 609 128 550 514 669 613 517 255 913 10 924 620 639 839 363 367 622 991 338 752 813 529 54 261 934 261 309 310 749 152 603 554 479 454 234 527 854 929 400 
436 93 165 999 235 218 289 760 927 69 609 0 190 925 729 49 830 692 953 794 999 270 843 189 732 42 511 254 168 296 442 585 176 464 434 278 784 185 999 319 383 435 311 160 881 567 373 465 894 121 
425 957 620 215 538 199 161 188 108 112 128 190 0 733 422 458 269 442 409 631 936 650 376 778 489 545 167 960 343 661 352 462 915 758 309 508 706 562 585 610 154 661 37 570 947 702 131 691 360 547 
474 345 579 233 435 770 92 105 313 224 550 925 733 0 738 436 551 639 34 616 781 5 735 631 594 23 595 201 990 508 700 149 544 151 509 723 978 493 399 493 426 228 129 415 88 299 403 473 378 273 
467 394 104 209 690 968 924 149 386 541 514 729 422 738 0 457 841 804 474 347 225 241 628 635 196 523 917 189 740 476 852 85 774 668 606 807 539 971 762 426 943 191 261 57 760 445 534 236 286 903 
592 594 488 594 775 248 919 984 315 369 669 49 458 436 457 0 623 144 350 795 502 12 300 574 429 389 557 674 669 495 978 175 404 440 404 877 289 272 798 785 968 955 340 610 871 440 581 187 411 8 
34 10 850 452 445 499 226 926 377 708 613 830 269 551 841 623 0 362 925 165 111 520 630 286 376 201 836 286 787 885 607 629 205 505 484 513 655 322 302 386 670 384 506 438 949 286 423 405 358 63 
253 367 351 158 804 639 284 955 221 865 517 692 442 639 804 144 362 0 948 844 540 252 669 604 929 303 267 208 619 693 565 439 711 820 61 37 106 905 206 160 546 615 67 411 279 624 720 783 360 800 
47 78 648 493 154 338 675 862 150 537 255 953 409 34 474 350 925 948 0 857 424 900 566 769 332 639 222 587 472 503 668 868 75 215 293 456 947 803 268 555 208 251 308 523 762 753 111 588 576 415 
282 520 477 713 21 48 671 164 410 652 913 794 631 616 347 795 165 844 857 0 834 52 579 66 543 777 458 178 771 640 632 674 733 426 282 282 769 411 729 347 838 779 454 554 932 753 295 397 357 396 
29 538 368 602 157 144 200 723 651 532 10 999 936 781 225 502 111 540 424 834 0 94 371 284 438 278 511 417 962 76 987 824 861 754 886 700 372 661 61 12 520 935 535 100 468 783 181 236 935 487 
875 423 637 269 783 428 20 626 98 745 924 270 650 5 241 12 520 252 900 52 94 0 216 534 227 996 225 335 229 40 870 410 367 132 457 543 292 205 527 667 292 836 977 592 789 795 429 626 829 745 
443 933 571 457 444 264 322 667 80 904 620 843 376 735 628 300 630 669 566 579 371 216 0 187 413 357 600 58 525 494 251 789 44 767 776 533 258 800 925 617 684 416 577 429 574 100 346 665 582 472 
908 790 557 302 405 406 259 296 240 276 639 189 778 631 635 574 286 604 769 66 284 534 187 0 774 708 804 395 368 250 737 955 267 934 868 811 615 391 509 381 434 550 464 120 174 72 614 76 795 593 
536 17 934 379 458 766 756 409 789 590 839 732 489 594 196 429 376 929 332 543 438 227 413 774 0 149 580 968 330 338 448 437 806 533 155 736 537 133 581 696 759 656 445 925 200 302 282 205 834 931 
314 692 847 722 819 777 661 303 439 192 363 42 545 23 523 389 201 303 639 777 278 996 357 708 149 0 883 476 151 628 657 798 296 519 410 448 443 882 775 301 462 781 134 753 583 550 780 946 435 896 
750 468 374 697 198 485 271 781 289 187 367 511 167 595 917 557 836 267 222 458 511 225 600 804 580 883 0 991 138 599 562 837 112 634 415 690 128 127 570 553 487 103 353 921 671 599 275 234 345 559 
496 762 660 727 867 258 739 44 394 99 622 254 960 201 189 674 286 208 587 178 417 335 58 395 968 476 991 0 664 688 175 413 941 374 276 697 126 498 508 228 161 252 390 158 367 177 820 186 585 388 
218 960 306 349 136 608 339 978 196 442 991 168 343 990 740 669 787 619 472 771 962 229 525 368 330 151 138 664 0 35 509 716 593 661 133 498 156 283 985 62 782 126 170 297 286 108 186 885 838 344 
256 301 368 255 351 658 324 313 255 673 338 296 661 508 476 495 885 693 503 640 76 40 494 250 338 628 599 688 35 0 657 348 644 605 503 455 504 717 741 654 269 56 140 85 49 667 492 443 542 501 
776 312 263 677 504 859 690 812 412 848 752 442 352 700 852 978 607 565 668 632 987 870 251 737 448 657 562 175 509 657 0 679 353 99 339 6 179 529 353 301 247 36 134 742 376 874 496 502 266 17 
445 306 245 290 291 311 523 347 6 402 813 585 462 149 85 175 629 439 868 674 824 410 789 955 437 798 837 413 716 348 679 0 986 970 779 604 213 29 901 716 124 943 19 591 594 563 438 733 622 411 
494 581 401 367 989 453 664 613 336 223 529 176 915 544 774 404 205 711 75 733 861 367 44 267 806 296 112 941 593 644 353 986 0 918 901 716 374 53 541 160 420 54 698 750 771 714 391 346 560 134 
886 886 56 919 537 471 223 202 437 829 54 464 758 151 668 440 505 820 215 426 754 132 767 934 533 519 634 374 661 605 99 970 918 0 485 890 154 894 533 518 731 334 87 133 655 51 528 336 129 729 
134 770 970 810 461 558 311 758 530 35 261 434 309 509 606 404 484 61 293 282 886 457 776 868 155 410 415 276 133 503 339 779 901 485 0 990 971 453 86 478 344 111 511 514 589 524 26 652 65 406 
845 770 915 376 785 768 735 850 959 664 934 278 508 723 807 877 513 37 456 282 700 543 533 811 736 448 690 697 498 455 6 604 716 890 990 0 485 980 390 392 46 861 738 676 143 376 305 301 924 686 
611 213 290 391 337 365 174 89 464 421 261 784 706 978 539 289 655 106 947 769 372 292 258 615 537 443 128 126 156 504 179 213 374 154 971 485 0 240 385 451 429 336 697 298 490 585 164 688 78 80 
517 413 79 892 491 171 799 711 993 658 309 185 562 493 971 272 322 905 803 411 661 205 800 391 133 882 127 498 283 717 529 29 53 894 453 980 240 0 303 792 267 680 836 788 205 173 293 347 579 775 
496 333 450 631 93 884 59 26 861 777 310 999 585 399 762 798 302 206 268 729 61 527 925 509 581 775 570 508 985 741 353 901 541 533 86 390 385 303 0 442 913 831 481 802 264 812 705 213 550 278 
993 646 69 254 216 814 538 604 216 823 749 319 610 493 426 785 386 160 555 347 12 667 617 381 696 301 553 228 62 654 301 716 160 518 478 392 451 792 442 0 317 485 397 622 650 623 113 273 339 408 
154 158 387 37 582 973 305 969 614 770 152 383 154 426 943 968 670 546 208 838 520 292 684 434 759 462 487 161 782 269 247 124 420 731 344 46 429 267 913 317 0 147 519 494 959 241 401 590 173 343 
158 498 862 852 157 254 52 48 463 651 603 435 661 228 191 955 384 615 251 779 935 836 416 550 656 781 103 252 126 56 36 943 54 334 111 861 336 680 831 485 147 0 505 940 202 275 518 337 983 264 
376 266 664 478 853 466 256 829 760 621 554 311 37 129 261 340 506 67 308 454 535 977 577 464 445 134 353 390 170 140 134 19 698 87 511 738 697 836 481 397 519 505 0 514 441 145 671 335 948 873 
879 154 49 980 536 938 855 239 531 620 479 160 570 415 57 610 438 411 523 554 100 592 429 120 925 753 921 158 297 85 742 591 750 133 514 676 298 788 802 622 494 940 514 0 602 330 54 503 634 786 
313 143 450 993 836 867 463 680 449 745 454 881 947 88 760 871 949 279 762 932 468 789 574 174 200 583 671 367 286 49 376 594 771 655 589 143 490 205 264 650 959 202 441 602 0 353 245 685 556 608 
774 484 346 315 223 724 277 21 34 808 234 567 702 299 445 440 286 624 753 753 783 795 100 72 302 550 599 177 108 667 874 563 714 51 524 376 585 173 812 623 241 275 145 330 353 0 411 926 84 112 
397 421 627 620 270 490 974 590 114 29 527 373 131 403 534 581 423 720 111 295 181 429 346 614 282 780 275 820 186 492 496 438 391 528 26 305 164 293 705 113 401 518 671 54 245 411 0 214 207 244 
827 15 191 583 226 930 665 193 876 503 854 465 691 473 236 187 405 783 588 397 236 626 665 76 205 946 234 186 885 443 502 733 346 336 652 301 688 347 213 273 590 337 335 503 685 926 214 0 264 18 
810 364 818 500 676 587 485 157 818 315 929 894 360 378 286 411 358 360 576 357 935 829 582 795 834 435 345 585 838 542 266 622 560 129 65 924 78 579 550 339 173 983 948 634 556 84 207 264 0 196 
300 771 131 556 270 423 122 843 413 413 400 121 547 273 903 8 63 800 415 396 487 745 472 593 931 896 559 388 344 501 17 411 134 729 406 686 80 775 278 408 343 264 873 786 608 112 244 18 196 0 
0 552 420 998 481 892 41 953 815 1 223 992 766 889 216 585 293 290 679 122 215 869 442 531 819 78 6 963 539 136 537 167 242 799 320 622 574 478 419 915 477 512 628 435 368 602 178 789 474 758 
552 0 776 537 705 228 359 447 154 137 228 309 868 657 134 252 388 829 699 460 738 195 267 925 782 491 542 442 791 697 329 159 642 656 249 806 332 6 326 175 134 610 317 719 355 478 622 424 861 845 
420 776 0 684 263 890 982 690 759 102 478 440 234 265 761 919 534 322 154 881 288 200 851 508 634 719 729 367 293 229 444 100 294 471 636 630 994 224 664 492 574 836 630 504 792 606 402 244 616 360 
998 537 684 0 645 123 517 775 523 445 163 757 110 629 410 646 307 335 541 732 730 91 395 361 800 38 351 298 13 851 154 692 62 627 535 507 118 772 888 433 5 395 644 1000 928 522 379 914 270 680 
481 705 263 645 0 129 648 255 218 554 342 194 78 449 990 859 551 750 782 537 505 810 216 918 127 562 937 136 243 257 241 309 971 665 543 300 167 768 622 380 897 481 752 642 437 283 833 283 830 414 
892 228 890 123 129 0 390 500 5 1 178 936 631 816 703 12 318 450 811 788 585 130 66 650 645 177 489 528 615 112 528 460 737 358 464 442 723 525 728 251 720 963 132 75 228 271 930 204 635 451 
41 359 982 517 648 390 0 49 8 617 22 632 805 818 336 329 762 318 956 198 95 492 253 708 976 711 589 886 808 473 436 81 224 304 434 720 579 774 196 620 733 455 888 868 129 329 106 971 448 427 
953 447 690 775 255 500 49 0 654 629 59 15 566 781 550 346 566 325 678 71 820 728 995 461 216 824 724 693 204 166 427 992 999 413 482 941 416 789 344 655 765 801 682 845 712 279 381 182 205 328 
815 154 759 523 218 5 8 654 0 684 552 847 861 56 574 583 309 384 27 678 979 339 394 84 628 635 38 243 592 592 678 556 247 479 688 745 508 864 827 354 746 874 568 267 424 684 26 899 747 516 
1 137 102 445 554 1 617 629 684 0 636 31 106 764 927 34 860 407 593 587 44 895 893 225 473 739 94 59 733 225 432 145 652 968 879 904 297 337 644 308 849 665 152 514 422 671 121 363 250 513 
223 228 478 163 342 178 22 59 552 636 0 511 203 668 413 940 432 563 478 638 607 106 915 915 845 403 431 847 969 299 560 413 13 730 73 337 683 485 827 672 383 155 264 135 291 278 497 512 685 272 
992 309 440 757 194 936 632 15 847 31 511 0 345 433 315 992 400 677 913 198 347 705 160 321 739 597 707 865 311 904 62 527 401 585 780 740 80 434 482 720 801 43 776 438 734 330 680 565 650 153 
766 868 234 110 78 631 805 566 861 106 203 345 0 368 613 66 905 468 498 839 49 437 369 429 473 384 660 814 22 726 538 656 192 235 682 524 616 711 765 636 41 330 226 50 846 686 313 849 554 992 
889 657 265 629 449 816 818 781 56 764 668 433 368 0 634 409 146 21 292 138 911 109 994 281 616 148 451 355 926 754 220 293 755 388 254 933 583 982 17 259 170 603 482 960 378 102 696 490 275 208 
216 134 761 410 990 703 336 550 574 927 413 315 613 634 0 846 895 630 330 327 867 540 958 345 454 852 269 179 654 594 87 314 233 449 620 619 227 569 505 224 168 688 727 517 178 398 976 696 605 673 
585 252 919 646 859 12 329 346 583 34 940 992 66 409 846 0 351 366 435 595 327 275 56 712 307 211 488 265 54 773 617 505 791 912 921 304 120 552 87 962 789 943 639 516 309 290 159 443 373 379 
293 388 534 307 551 318 762 566 309 860 432 400 905 146 895 351 0 11 318 364 443 19 820 747 254 680 606 377 744 816 792 724 327 153 886 523 676 741 735 110 187 357 733 680 712 683 234 511 767 245 
290 829 322 335 750 450 318 325 384 407 563 677 468 21 630 366 11 0 921 224 283 206 342 619 908 412 306 581 392 985 826 507 978 724 936 785 603 916 121 563 747 183 191 916 444 77 275 856 472 375 
679 699 154 541 782 811 956 678 27 593 478 913 498 292 330 435 318 921 0 685 386 731 676 790 254 878 293 832 54 71 608 565 70 805 232 334 675 305 365 134 686 240 436 590 91 330 666 680 388 533 
122 460 881 732 537 788 198 71 678 587 638 198 839 138 327 595 364 224 685 0 427 288 635 285 29 75 256 266 583 919 925 329 489 212 54 325 770 949 783 443 681 795 558 200 501 262 538 167 645 717 
215 738 288 730 505 585 95 820 979 44 607 347 49 911 867 327 443 283 386 427 0 341 855 609 44 957 56 302 299 248 336 576 224 552 600 277 536 320 229 513 222 638 869 330 939 487 94 65 805 332 
869 195 200 91 810 130 492 728 339 895 106 705 437 109 540 275 19 206 731 288 341 0 592 731 769 746 127 414 968 146 603 253 745 468 386 7 614 709 193 390 131 913 662 532 430 631 558 238 823 183 
442 267 851 395 216 66 253 995 394 893 915 160 369 994 958 56 820 342 676 635 855 592 0 476 880 126 96 646 165 469 145 746 738 605 820 809 675 607 954 937 857 792 992 685 283 584 560 260 538 346 
531 925 508 361 918 650 708 461 84 225 915 321 429 281 345 712 747 619 790 285 609 731 476 0 938 240 862 603 903 205 353 887 529 770 443 519 554 687 893 639 572 917 765 123 258 661 285 659 916 456 
819 782 634 800 127 645 976 216 628 473 845 739 473 616 454 307 254 908 254 29 44 769 880 938 0 526 440 369 691 69 215 47 780 129 324 99 592 185 302 740 643 280 536 730 176 396 797 943 608 591 
78 491 719 38 562 177 711 824 635 739 403 597 384 148 852 211 680 412 878 75 957 746 126 240 526 0 524 49 199 224 575 900 757 528 420 687 530 233 610 507 162 854 264 792 964 787 378 23 452 717 
6 542 729 351 937 489 589 724 38 94 431 707 660 451 269 488 606 306 293 256 56 127 96 862 440 524 0 408 791 690 356 192 751 985 95 742 862 436 6 825 995 26 298 241 978 524 917 597 418 654 
963 442 367 298 136 528 886 693 243 59 847 865 814 355 179 265 377 581 832 266 302 414 646 603 369 49 408 0 645 841 416 571 432 131 603 282 576 829 920 619 498 176 113 568 162 344 381 584 257 847 
539 791 293 13 243 615 808 204 592 733 969 311 22 926 654 54 744 392 54 583 299 968 165 903 691 199 791 645 0 817 105 703 844 618 748 361 25 518 874 425 188 611 315 621 778 159 182 373 460 654 
136 697 229 851 257 112 473 166 592 225 299 904 726 754 594 773 816 985 71 919 248 146 469 205 69 224 690 841 817 0 15 454 505 301 57 91 617 123 667 862 729 602 488 71 797 927 147 972 34 156 
537 329 444 154 241 528 436 427 678 432 560 62 538 220 87 617 792 826 608 925 336 603 145 353 215 575 356 416 105 15 0 897 429 216 641 321 344 387 747 171 481 507 369 121 114 41 421 833 675 683 
167 159 100 692 309 460 81 992 556 145 413 527 656 293 314 505 724 507 565 329 576 253 746 887 47 900 192 571 703 454 897 0 634 13 472 770 186 103 376 745 146 774 692 311 364 838 284 279 159 278 
242 642 294 62 971 737 224 999 247 652 13 401 192 755 233 791 327 978 70 489 224 745 738 529 780 757 751 432 844 505 429 634 0 33 758 799 186 108 477 439 496 814 469 135 643 460 401 786 307 378 
799 656 471 627 665 358 304 413 479 968 730 585 235 388 449 912 153 724 805 212 552 468 605 770 129 528 985 131 618 301 216 13 33 0 513 336 317 820 704 992 247 468 300 917 95 661 125 575 412 867 
320 249 636 535 543 464 434 482 688 879 73 780 682 254 620 921 886 936 232 54 600 386 820 443 324 420 95 603 748 57 641 472 758 513 0 970 549 643 836 540 251 830 503 952 438 681 320 70 423 906 
622 806 630 507 300 442 720 941 745 904 337 740 524 933 619 304 523 785 334 325 277 7 809 519 99 687 742 282 361 91 321 770 799 336 970 0 765 84 311 350 912 995 125 815 70 180 597 647 561 42 
574 332 994 118 167 723 579 416 508 297 683 80 616 583 227 120 676 603 675 770 536 614 675 554 592 530 862 576 25 617 344 186 186 317 549 765 0 178 517 224 883 599 692 15 330 827 182 735 161 763 
478 6 224 772 768 525 774 789 864 337 485 434 711 982 569 552 741 916 305 949 320 709 607 687 185 233 436 829 518 123 387 103 108 820 643 84 178 0 579 510 12 760 547 752 474 306 242 420 62 266 
419 326 664 888 622 728 196 344 827 644 827 482 765 17 505 87 735 121 365 783 229 193 954 893 302 610 6 920 874 667 747 376 477 704 836 311 517 579 0 236 277 698 130 977 190 773 352 525 95 408 
915 175 492 433 380 251 620 655 354 308 672 720 636 259 224 962 110 563 134 443 513 390 937 639 740 507 825 619 425 862 171 745 439 992 540 350 224 510 236 0 592 700 237 759 713 525 260 604 170 105 
477 134 574 5 897 720 733 765 746 849 383 801 41 170 168 789 187 747 686 681 222 131 857 572 643 162 995 498 188 729 481 146 496 247 251 912 883 12 277 592 0 419 47 565 481 328 575 367 944 259 
512 610 836 395 481 963 455 801 874 665 155 43 330 603 688 943 357 183 240 795 638 913 792 917 280 854 26 176 611 602 507 774 814 468 830 995 599 760 698 700 419 0 396 821 149 163 297 399 985 920 
628 317 630 644 752 132 888 682 568 152 264 776 226 482 727 639 733 191 436 558 869 662 992 765 536 264 298 113 315 488 369 692 469 300 503 125 692 547 130 237 47 396 0 509 250 28 639 338 822 290 
435 719 504 1000 642 75 868 845 267 514 135 438 50 960 517 516 680 916 590 200 330 532 685 123 730 792 241 568 621 71 121 311 135 917 952 815 15 752 977 759 565 821 509 0 323 261 255 289 662 939 
368 355 792 928 437 228 129 712 424 422 291 734 846 378 178 309 712 444 91 501 939 430 283 258 176 964 978 162 778 797 114 364 643 95 438 70 330 474 190 713 481 149 250 323 0 50 276 839 428 342 
602 478 606 522 283 271 329 279 684 671 278 330 686 102 398 290 683 77 330 262 487 631 584 661 396 787 524 344 159 927 41 838 460 661 681 180 827 306 773 525 328 163 28 261 50 0 504 870 561 112 
178 622 402 379 833 930 106 381 26 121 497 680 313 696 976 159 234 275 666 538 94 558 560 285 797 378 917 381 182 147 421 284 401 125 320 597 182 242 352 260 575 297 639 255 276 504 0 489 817 41 
789 424 244 914 283 204 971 182 899 363 512 565 849 490 696 443 511 856 680 167 65 238 260 659 943 23 597 584 373 972 833 279 786 575 70 647 735 420 525 604 367 399 338 289 839 870 489 0 508 105 
474 861 616 270 830 635 448 205 747 250 685 650 554 275 605 373 767 472 388 645 805 823 538 916 608 452 418 257 460 34 675 159 307 412 423 561 161 62 95 170 944 985 822 662 428 561 817 508 0 299 
758 845 360 680 414 451 427 328 516 513 272 153 992 208 673 379 245 375 533 717 332 183 346 456 591 717 654 847 654 156 683 278 378 867 906 42 763 266 408 105 259 920 290 939 342 112 41 105 299 0 
0 395 554 538 252 452 597 529 497 249 396 827 445 753 914 394 99 592 137 27 511 816 623 891 877 198 572 579 559 387 439 278 67 686 608 290 876 238 603 739 256 186 696 705 271 538 102 926 435 612 
395 0 303 921 167 348 749 824 305 42 177 249 586 670 304 418 498 928 634 236 944 634 556 892 656 936 403 936 749 264 275 656 759 500 905 219 603 298 97 202 495 120 233 305 93 415 108 606 123 792 
554 303 0 519 678 819 328 178 390 234 400 433 244 478 702 521 871 679 107 531 544 772 855 498 942 164 518 211 193 945 104 464 77 253 783 549 278 656 209 259 426 220 805 298 496 308 780 100 899 333 
538 921 519 0 244 601 787 486 403 630 763 633 180 679 744 745 152 685 181 825 261 592 577 277 805 106 795 812 93 218 446 302 457 112 414 520 405 849 748 516 609 351 220 595 171 292 996 742 304 396 
252 167 678 244 0 180 892 387 944 949 310 234 296 481 817 180 989 959 804 357 306 687 162 777 339 367 308 651 646 148 933 336 95 523 894 818 603 911 707 295 509 460 997 966 444 4 900 586 70 27 
