7 3
0 813 105 728 495 748 590 
813 0 377 463 378 892 566 
105 377 0 940 425 230 694 
728 463 940 0 205 867 517 
495 378 425 205 0 399 457 
748 892 230 867 399 0 171 
590 566 694 517 457 171 0 
0 765 881 626 277 237 484 
765 0 264 124 621 328 633 
881 264 0 636 273 956 529 
626 124 636 0 557 346 235 
277 621 273 557 0 442 608 
237 328 956 346 442 0 221 
484 633 529 235 608 221 0 
0 952 878 604 339 193 519 
952 0 117 194 628 306 838 
878 117 0 698 269 924 589 
604 194 698 0 509 270 285 
339 628 269 509 0 454 650 
193 306 924 270 454 0 360 
519 838 589 285 650 360 0 
0 882 960 645 290 239 430 
882 0 235 155 614 299 648 
960 235 0 595 113 807 432 
645 155 595 0 321 474 85 
290 614 113 321 0 494 594 
239 299 807 474 494 0 249 
430 648 432 85 594 249 0 
