20 2
0 73 210 990 346 883 441 81 758 547 110 911 96 831 147 156 657 379 607 8 
73 0 245 902 607 625 111 746 545 255 126 193 361 69 495 536 476 926 327 623 
210 245 0 345 317 755 754 797 116 905 285 434 668 903 169 415 596 14 921 857 
990 902 345 0 508 414 815 319 615 790 544 842 752 683 886 486 60 169 860 92 
346 607 317 508 0 394 408 518 558 747 405 828 197 14 858 997 336 749 501 812 
883 625 755 414 394 0 325 896 948 698 51 659 972 67 780 706 800 631 886 680 
441 111 754 815 408 325 0 671 724 543 363 459 706 300 275 388 362 572 668 536 
81 746 797 319 518 896 671 0 491 386 397 893 558 709 615 713 235 152 702 204 
758 545 116 615 558 948 724 491 0 254 848 53 934 706 1 624 555 952 447 235 
547 255 905 790 747 698 543 386 254 0 369 764 292 906 285 22 239 945 805 840 
110 126 285 544 405 51 363 397 848 369 0 617 948 150 329 816 71 395 934 374 
911 193 434 842 828 659 459 893 53 764 617 0 981 433 352 61 594 248 399 782 
96 361 668 752 197 972 706 558 934 292 948 981 0 57 750 85 602 578 84 469 
831 69 903 683 14 67 300 709 706 906 150 433 57 0 282 614 276 719 743 741 
147 495 169 886 858 780 275 615 1 285 329 352 750 282 0 706 682 906 712 423 
156 536 415 486 997 706 388 713 624 22 816 61 85 614 706 0 456 454 584 899 
657 476 596 60 336 800 362 235 555 239 71 594 602 276 682 456 0 924 193 249 
379 926 14 169 749 631 572 152 952 945 395 248 578 719 906 454 924 0 512 359 
607 327 921 860 501 886 668 702 447 805 934 399 84 743 712 584 193 512 0 80 
8 623 857 92 812 680 536 204 235 840 374 782 469 741 423 899 249 359 80 0 
0 121 773 77 375 390 894 789 713 462 516 70 642 348 460 717 910 729 171 434 
121 0 755 184 957 937 410 774 768 940 582 140 650 624 353 519 253 589 178 268 
773 755 0 763 386 800 23 308 363 630 123 792 314 730 275 774 381 213 670 106 
77 184 763 0 580 351 97 745 854 984 359 35 270 264 3 911 305 897 740 416 
375 957 386 580 0 833 741 354 275 175 175 149 88 113 212 793 286 340 907 512 
390 937 800 351 833 0 621 566 1000 400 860 546 556 895 758 270 997 138 993 663 
894 410 23 97 741 621 0 210 479 126 83 577 400 836 694 275 518 627 589 394 
789 774 308 745 354 566 210 0 517 938 240 46 948 636 319 689 336 805 720 186 
713 768 363 854 275 1000 479 517 0 174 113 55 361 729 304 589 451 511 849 208 
462 940 630 984 175 400 126 938 174 0 669 401 662 976 562 682 335 623 699 60 
516 582 123 359 175 860 83 240 113 669 0 145 216 717 960 102 89 438 528 117 
70 140 792 35 149 546 577 46 55 401 145 0 87 889 91 98 131 379 941 36 
642 650 314 270 88 556 400 948 361 662 216 87 0 457 230 23 287 39 486 712 
348 624 730 264 113 895 836 636 729 976 717 889 457 0 151 154 112 118 807 155 
460 353 275 3 212 758 694 319 304 562 960 91 230 151 0 971 182 381 19 908 
717 519 774 911 793 270 275 689 589 682 102 98 23 154 971 0 690 180 412 26 
910 253 381 305 286 997 518 336 451 335 89 131 287 112 182 690 0 786 813 929 
729 589 213 897 340 138 627 805 511 623 438 379 39 118 381 180 786 0 674 624 
171 178 670 740 907 993 589 720 849 699 528 941 486 807 19 412 813 674 0 263 
434 268 106 416 512 663 394 186 208 60 117 36 712 155 908 26 929 624 263 0 
0 492 683 831 443 549 795 258 290 160 680 642 675 712 685 343 380 34 615 382 
492 0 505 521 294 213 723 330 30 83 729 520 623 300 118 448 757 335 374 430 
683 505 0 358 529 785 742 562 467 293 385 335 543 175 821 377 268 995 708 676 
831 521 358 0 596 950 874 71 204 306 598 901 324 366 588 816 880 602 164 581 
443 294 529 596 0 29 385 224 568 347 999 974 755 402 795 340 185 598 782 664 
549 213 785 950 29 0 98 327 298 840 787 479 782 112 234 572 21 857 520 110 
795 723 742 874 385 98 0 789 522 757 790 638 570 364 146 421 620 431 665 539 
258 330 562 71 224 327 789 0 659 614 367 434 82 777 774 721 727 203 560 980 
290 30 467 204 568 298 522 659 0 913 735 727 916 655 317 631 725 687 243 946 
160 83 293 306 347 840 757 614 913 0 422 93 640 272 141 219 225 565 173 345 
680 729 385 598 999 787 790 367 735 422 0 756 883 58 455 723 535 679 824 739 
642 520 335 901 974 479 638 434 727 93 756 0 870 117 991 538 765 853 415 832 
675 623 543 324 755 782 570 82 916 640 883 870 0 494 416 943 244 538 754 340 
712 300 175 366 402 112 364 777 655 272 58 117 494 0 730 593 826 880 121 831 
685 118 821 588 795 234 146 774 317 141 455 991 416 730 0 377 712 478 825 195 
343 448 377 816 340 572 421 721 631 219 723 538 943 593 377 0 515 975 376 811 
380 757 268 880 185 21 620 727 725 225 535 765 244 826 712 515 0 490 415 137 
34 335 995 602 598 857 431 203 687 565 679 853 538 880 478 975 490 0 43 335 
615 374 708 164 782 520 665 560 243 173 824 415 754 121 825 376 415 43 0 554 
382 430 676 581 664 110 539 980 946 345 739 832 340 831 195 811 137 335 554 0 
