7 4
0 766 274 345 649 838 958 
766 0 343 397 851 130 809 
274 343 0 523 333 968 703 
345 397 523 0 551 820 151 
649 851 333 551 0 663 210 
838 130 968 820 663 0 189 
958 809 703 151 210 189 0 
0 656 148 935 474 533 174 
656 0 607 654 193 54 769 
148 607 0 720 310 385 846 
935 654 720 0 801 808 930 
474 193 310 801 0 687 119 
533 54 385 808 687 0 875 
174 769 846 930 119 875 0 
0 998 40 445 639 154 993 
998 0 472 112 567 747 335 
40 472 0 373 545 711 420 
445 112 373 0 316 663 383 
639 567 545 316 0 892 483 
154 747 711 663 892 0 589 
993 335 420 383 483 589 0 
0 715 381 186 850 369 334 
715 0 403 212 693 939 575 
381 403 0 685 121 489 90 
186 212 685 0 143 239 143 
850 693 121 143 0 756 78 
369 939 489 239 756 0 817 
334 575 90 143 78 817 0 
0 86 342 881 853 144 555 
86 0 164 882 358 80 527 
342 164 0 227 45 833 940 
881 882 227 0 761 763 696 
853 358 45 761 0 31 136 
144 80 833 763 31 0 247 
555 527 940 696 136 247 0 
