40 2
0 517 195 327 715 90 387 78 644 92 45 374 501 272 763 488 956 842 729 133 711 836 449 431 608 986 500 648 132 132 188 553 515 94 958 120 302 941 279 182 
517 0 917 814 781 989 132 624 487 235 241 164 635 858 97 269 571 515 782 562 457 757 417 787 327 53 446 193 867 579 839 778 279 694 426 404 284 617 837 529 
195 917 0 282 156 229 295 947 269 695 342 580 344 133 751 424 777 70 442 251 790 620 799 195 919 333 710 598 48 732 196 526 302 470 504 295 808 223 43 839 
327 814 282 0 125 124 207 379 633 813 969 168 433 498 955 53 915 586 909 924 807 329 803 522 164 297 752 138 543 315 411 498 332 261 560 93 875 321 612 179 
715 781 156 125 0 835 898 23 878 622 282 749 698 251 654 678 804 179 918 242 77 517 990 640 230 250 491 522 886 497 873 773 540 543 297 700 718 443 847 648 
90 989 229 124 835 0 189 937 545 527 25 148 266 963 872 232 701 860 436 651 346 137 432 842 925 294 756 155 874 413 267 216 153 188 13 377 19 157 292 557 
387 132 295 207 898 189 0 45 474 18 941 990 81 349 339 408 657 358 193 663 66 987 275 661 650 670 582 287 254 249 330 736 688 795 141 871 384 253 371 232 
78 624 947 379 23 937 45 0 3 941 188 730 428 832 12 774 585 63 234 781 653 169 836 833 389 752 375 732 499 216 165 447 98 321 871 191 40 950 974 680 
644 487 269 633 878 545 474 3 0 281 111 723 594 917 804 60 333 984 482 338 747 612 837 909 986 73 305 515 644 780 661 215 522 306 284 470 277 432 611 498 
92 235 695 813 622 527 18 941 281 0 926 834 995 611 984 718 899 643 498 404 717 753 200 31 226 684 448 588 862 400 155 731 80 165 616 466 98 44 635 100 
45 241 342 969 282 25 941 188 111 926 0 342 36 478 828 472 524 656 442 763 760 261 126 432 470 391 640 607 306 949 164 260 642 602 253 457 494 343 263 70 
374 164 580 168 749 148 990 730 723 834 342 0 211 88 869 676 811 149 520 560 270 40 838 25 125 333 262 325 774 8 454 903 598 52 720 484 489 267 657 717 
501 635 344 433 698 266 81 428 594 995 36 211 0 905 165 882 619 602 102 218 550 668 84 235 42 765 733 813 572 544 622 594 911 70 332 297 80 565 749 793 
272 858 133 498 251 963 349 832 917 611 478 88 905 0 796 730 774 159 701 245 598 11 188 97 51 312 756 345 136 638 20 76 622 31 604 434 136 585 208 990 
763 97 751 955 654 872 339 12 804 984 828 869 165 796 0 718 603 116 51 273 474 497 59 831 55 295 321 332 467 696 210 668 786 40 972 199 165 100 252 316 
488 269 424 53 678 232 408 774 60 718 472 676 882 730 718 0 959 224 239 7 408 164 967 408 102 715 698 906 389 380 7 22 215 523 272 447 509 884 824 274 
956 571 777 915 804 701 657 585 333 899 524 811 619 774 603 959 0 491 690 71 442 134 521 676 718 2 736 478 698 536 602 295 566 152 547 44 935 824 825 407 
842 515 70 586 179 860 358 63 984 643 656 149 602 159 116 224 491 0 328 68 634 40 691 768 594 656 298 318 182 130 924 642 432 962 353 477 676 195 749 795 
729 782 442 909 918 436 193 234 482 498 442 520 102 701 51 239 690 328 0 203 235 677 198 836 483 493 989 652 971 410 31 279 238 818 472 691 301 96 700 911 
133 562 251 924 242 651 663 781 338 404 763 560 218 245 273 7 71 68 203 0 849 625 142 193 221 160 504 299 960 294 771 594 371 551 774 393 47 781 315 20 
711 457 790 807 77 346 66 653 747 717 760 270 550 598 474 408 442 634 235 849 0 594 139 562 815 940 522 307 316 376 4 550 919 258 853 468 531 613 709 452 
836 757 620 329 517 137 987 169 612 753 261 40 668 11 497 164 134 40 677 625 594 0 893 589 53 874 515 623 477 310 517 818 335 919 585 340 982 71 831 947 
449 417 799 803 990 432 275 836 837 200 126 838 84 188 59 967 521 691 198 142 139 893 0 64 485 446 724 897 757 214 752 247 218 934 455 278 749 393 113 503 
431 787 195 522 640 842 661 833 909 31 432 25 235 97 831 408 676 768 836 193 562 589 64 0 360 443 100 933 811 223 290 923 408 343 521 360 421 408 671 219 
608 327 919 164 230 925 650 389 986 226 470 125 42 51 55 102 718 594 483 221 815 53 485 360 0 315 855 553 401 253 980 150 101 698 130 425 145 76 648 158 
986 53 333 297 250 294 670 752 73 684 391 333 765 312 295 715 2 656 493 160 940 874 446 443 315 0 487 64 637 413 536 138 940 880 7 675 684 488 303 731 
500 446 710 752 491 756 582 375 305 448 640 262 733 756 321 698 736 298 989 504 522 515 724 100 855 487 0 985 503 288 185 887 925 926 211 510 387 986 441 807 
648 193 598 138 522 155 287 732 515 588 607 325 813 345 332 906 478 318 652 299 307 623 897 933 553 64 985 0 125 8 829 314 97 100 345 105 367 550 646 79 
132 867 48 543 886 874 254 499 644 862 306 774 572 136 467 389 698 182 971 960 316 477 757 811 401 637 503 125 0 255 736 210 368 926 342 197 575 299 149 850 
132 579 732 315 497 413 249 216 780 400 949 8 544 638 696 380 536 130 410 294 376 310 214 223 253 413 288 8 255 0 78 162 263 222 818 751 760 518 481 134 
188 839 196 411 873 267 330 165 661 155 164 454 622 20 210 7 602 924 31 771 4 517 752 290 980 536 185 829 736 78 0 29 177 694 887 267 41 531 975 770 
553 778 526 498 773 216 736 447 215 731 260 903 594 76 668 22 295 642 279 594 550 818 247 923 150 138 887 314 210 162 29 0 199 458 548 129 581 187 304 79 
515 279 302 332 540 153 688 98 522 80 642 598 911 622 786 215 566 432 238 371 919 335 218 408 101 940 925 97 368 263 177 199 0 19 77 846 290 367 995 243 
94 694 470 261 543 188 795 321 306 165 602 52 70 31 40 523 152 962 818 551 258 919 934 343 698 880 926 100 926 222 694 458 19 0 914 108 122 629 334 497 
958 426 504 560 297 13 141 871 284 616 253 720 332 604 972 272 547 353 472 774 853 585 455 521 130 7 211 345 342 818 887 548 77 914 0 219 267 814 223 305 
120 404 295 93 700 377 871 191 470 466 457 484 297 434 199 447 44 477 691 393 468 340 278 360 425 675 510 105 197 751 267 129 846 108 219 0 398 692 940 280 
302 284 808 875 718 19 384 40 277 98 494 489 80 136 165 509 935 676 301 47 531 982 749 421 145 684 387 367 575 760 41 581 290 122 267 398 0 660 385 511 
941 617 223 321 443 157 253 950 432 44 343 267 565 585 100 884 824 195 96 781 613 71 393 408 76 488 986 550 299 518 531 187 367 629 814 692 660 0 947 828 
279 837 43 612 847 292 371 974 611 635 263 657 749 208 252 824 825 749 700 315 709 831 113 671 648 303 441 646 149 481 975 304 995 334 223 940 385 947 0 415 
182 529 839 179 648 557 232 680 498 100 70 717 793 990 316 274 407 795 911 20 452 947 503 219 158 731 807 79 850 134 770 79 243 497 305 280 511 828 415 0 
0 176 138 825 458 804 388 740 917 255 92 899 189 74 490 983 514 449 71 608 323 582 566 526 729 978 404 245 47 5 396 456 889 376 253 874 663 375 597 188 
176 0 639 215 377 927 964 514 861 165 519 915 855 898 83 628 191 193 463 737 293 821 867 20 35 250 616 979 105 831 557 327 912 12 757 813 53 987 780 523 
138 639 0 983 31 416 587 590 545 479 586 719 614 58 291 593 519 145 174 296 185 298 763 439 251 18 400 642 201 783 390 702 892 662 615 864 352 253 404 283 
825 215 983 0 248 524 558 390 440 923 322 753 108 190 186 176 698 870 220 23 791 151 766 632 68 860 183 341 576 482 87 786 970 952 330 389 673 230 136 454 
458 377 31 248 0 57 647 152 407 340 503 980 430 674 629 169 198 975 890 236 174 822 271 524 828 654 591 60 360 847 787 1 101 920 429 87 845 2 389 24 
804 927 416 524 57 0 838 607 417 797 622 161 855 41 288 681 867 842 998 767 827 332 209 640 168 134 415 677 800 509 392 831 387 768 107 58 118 182 281 1 
388 964 587 558 647 838 0 783 815 940 557 512 873 762 981 446 155 151 343 142 770 93 637 993 428 531 880 452 263 596 541 127 889 169 409 517 611 426 52 916 
740 514 590 390 152 607 783 0 576 585 161 258 36 583 149 898 213 577 491 922 288 933 422 497 410 484 590 238 494 434 788 10 627 779 336 611 334 118 939 942 
917 861 545 440 407 417 815 576 0 660 6 231 21 990 503 636 780 624 5 365 382 893 637 389 38 385 671 621 862 19 175 761 219 871 904 483 689 955 806 465 
255 165 479 923 340 797 940 585 660 0 554 269 902 196 92 940 314 646 543 146 336 843 411 807 33 260 426 596 912 810 390 3 128 89 967 221 280 438 220 465 
92 519 586 322 503 622 557 161 6 554 0 881 651 619 649 890 31 907 789 87 631 929 431 196 342 40 467 226 114 464 395 269 623 886 531 583 92 2 413 590 
899 915 719 753 980 161 512 258 231 269 881 0 974 77 119 428 186 67 639 709 346 756 742 560 111 73 479 51 587 523 952 667 359 344 676 193 516 487 937 991 
189 855 614 108 430 855 873 36 21 902 651 974 0 111 97 946 1 274 453 490 266 480 714 723 803 774 433 202 972 459 760 879 653 574 931 952 527 414 15 518 
74 898 58 190 674 41 762 583 990 196 619 77 111 0 815 171 759 630 880 470 681 661 957 263 757 47 214 26 871 299 452 510 499 990 885 718 928 806 733 275 
490 83 291 186 629 288 981 149 503 92 649 119 97 815 0 698 925 573 582 426 658 325 548 617 372 256 411 546 757 813 133 54 12 769 763 733 889 977 26 173 
983 628 593 176 169 681 446 898 636 940 890 428 946 171 698 0 113 293 660 151 844 152 119 450 175 972 438 590 187 99 903 354 51 643 715 414 706 537 406 667 
514 191 519 698 198 867 155 213 780 314 31 186 1 759 925 113 0 253 624 772 58 23 12 910 41 822 650 541 720 917 525 875 695 600 481 368 874 466 160 796 
449 193 145 870 975 842 151 577 624 646 907 67 274 630 573 293 253 0 965 145 553 644 467 872 650 920 357 653 117 336 485 619 60 248 19 795 674 241 501 121 
71 463 174 220 890 998 343 491 5 543 789 639 453 880 582 660 624 965 0 976 770 207 332 930 853 50 853 459 79 426 572 41 350 899 112 760 516 463 182 36 
608 737 296 23 236 767 142 922 365 146 87 709 490 470 426 151 772 145 976 0 611 292 129 62 811 493 215 388 920 305 259 14 410 205 723 421 394 363 793 44 
323 293 185 791 174 827 770 288 382 336 631 346 266 681 658 844 58 553 770 611 0 11 851 74 188 298 11 534 420 994 571 416 35 616 60 528 626 757 788 275 
582 821 298 151 822 332 93 933 893 843 929 756 480 661 325 152 23 644 207 292 11 0 526 277 326 321 558 731 936 1 218 90 984 12 648 749 300 511 720 950 
566 867 763 766 271 209 637 422 637 411 431 742 714 957 548 119 12 467 332 129 851 526 0 773 781 641 615 946 937 182 946 322 719 320 886 170 61 977 249 415 
526 20 439 632 524 640 993 497 389 807 196 560 723 263 617 450 910 872 930 62 74 277 773 0 615 149 409 697 120 77 242 694 705 940 340 74 485 168 653 982 
729 35 251 68 828 168 428 410 38 33 342 111 803 757 372 175 41 650 853 811 188 326 781 615 0 181 948 265 20 377 899 368 563 10 350 380 893 111 497 864 
978 250 18 860 654 134 531 484 385 260 40 73 774 47 256 972 822 920 50 493 298 321 641 149 181 0 180 733 957 596 82 294 530 404 898 63 291 250 104 120 
404 616 400 183 591 415 880 590 671 426 467 479 433 214 411 438 650 357 853 215 11 558 615 409 948 180 0 705 688 934 297 79 37 435 605 338 914 618 214 447 
245 979 642 341 60 677 452 238 621 596 226 51 202 26 546 590 541 653 459 388 534 731 946 697 265 733 705 0 364 634 161 625 30 462 384 822 69 795 515 470 
47 105 201 576 360 800 263 494 862 912 114 587 972 871 757 187 720 117 79 920 420 936 937 120 20 957 688 364 0 893 37 950 462 722 380 131 641 117 659 197 
5 831 783 482 847 509 596 434 19 810 464 523 459 299 813 99 917 336 426 305 994 1 182 77 377 596 934 634 893 0 206 524 461 233 383 515 148 293 868 248 
396 557 390 87 787 392 541 788 175 390 395 952 760 452 133 903 525 485 572 259 571 218 946 242 899 82 297 161 37 206 0 334 350 467 299 123 696 418 943 567 
456 327 702 786 1 831 127 10 761 3 269 667 879 510 54 354 875 619 41 14 416 90 322 694 368 294 79 625 950 524 334 0 676 355 80 656 465 669 478 831 
889 912 892 970 101 387 889 627 219 128 623 359 653 499 12 51 695 60 350 410 35 984 719 705 563 530 37 30 462 461 350 676 0 826 378 315 74 84 945 806 
376 12 662 952 920 768 169 779 871 89 886 344 574 990 769 643 600 248 899 205 616 12 320 940 10 404 435 462 722 233 467 355 826 0 478 642 500 335 669 144 
253 757 615 330 429 107 409 336 904 967 531 676 931 885 763 715 481 19 112 723 60 648 886 340 350 898 605 384 380 383 299 80 378 478 0 436 80 202 482 529 
874 813 864 389 87 58 517 611 483 221 583 193 952 718 733 414 368 795 760 421 528 749 170 74 380 63 338 822 131 515 123 656 315 642 436 0 685 735 835 75 
663 53 352 673 845 118 611 334 689 280 92 516 527 928 889 706 874 674 516 394 626 300 61 485 893 291 914 69 641 148 696 465 74 500 80 685 0 693 720 912 
375 987 253 230 2 182 426 118 955 438 2 487 414 806 977 537 466 241 463 363 757 511 977 168 111 250 618 795 117 293 418 669 84 335 202 735 693 0 599 926 
597 780 404 136 389 281 52 939 806 220 413 937 15 733 26 406 160 501 182 793 788 720 249 653 497 104 214 515 659 868 943 478 945 669 482 835 720 599 0 999 
188 523 283 454 24 1 916 942 465 465 590 991 518 275 173 667 796 121 36 44 275 950 415 982 864 120 447 470 197 248 567 831 806 144 529 75 912 926 999 0 
0 825 863 176 543 197 613 261 84 746 909 102 812 927 511 18 487 552 930 393 678 419 435 475 272 23 597 756 954 996 605 545 112 625 748 127 338 626 404 813 
825 0 362 786 624 74 37 487 140 836 482 86 146 103 918 373 810 808 538 264 708 180 134 981 966 751 385 22 896 170 444 674 89 989 244 188 948 14 221 478 
863 362 0 18 970 585 414 411 456 522 415 282 387 943 710 408 482 856 827 705 816 703 238 562 750 983 601 359 800 218 611 299 109 339 386 137 649 748 597 718 
176 786 18 0 753 477 443 611 561 78 679 248 893 811 815 825 303 131 781 978 210 850 235 369 933 141 818 660 425 519 914 215 31 49 671 612 328 771 865 547 
543 624 970 753 0 944 354 849 594 661 498 21 571 327 372 832 803 26 111 765 827 179 730 477 173 347 410 941 641 154 214 1000 900 81 572 914 156 999 612 977 
197 74 585 477 944 0 163 394 584 204 379 840 146 960 713 320 134 159 3 234 174 669 792 361 833 867 586 324 201 492 609 170 614 233 894 943 883 819 720 1000 
613 37 414 443 354 163 0 218 186 61 444 489 128 239 20 555 846 850 658 859 231 908 364 8 573 470 121 549 738 405 460 874 112 832 592 484 390 575 949 85 
261 487 411 611 849 394 218 0 425 416 840 743 965 418 852 103 788 424 510 79 713 68 579 504 591 517 411 763 507 567 213 991 374 222 665 390 667 883 62 59 
84 140 456 561 594 584 186 425 0 341 995 770 980 11 498 365 221 377 996 636 619 108 364 612 963 616 330 380 139 982 826 240 782 130 97 518 312 46 195 536 
746 836 522 78 661 204 61 416 341 0 447 732 99 805 909 61 687 355 458 855 665 158 590 194 968 741 575 405 89 191 611 998 873 912 34 780 721 563 781 536 
909 482 415 679 498 379 444 840 995 447 0 120 350 382 352 111 970 94 212 914 370 72 570 805 659 961 534 775 887 537 606 732 378 115 470 418 909 999 588 411 
102 86 282 248 21 840 489 743 770 732 120 0 27 924 882 573 815 934 362 292 655 245 259 441 890 928 522 950 414 478 49 334 642 657 325 808 485 514 64 10 
812 146 387 893 571 146 128 965 980 99 350 27 0 890 904 55 1000 727 548 511 735 521 287 278 198 227 568 799 29 542 241 122 348 427 70 49 474 587 986 483 
927 103 943 811 327 960 239 418 11 805 382 924 890 0 186 830 242 371 121 531 320 340 44 738 244 954 787 975 130 702 549 491 502 11 116 283 73 195 268 726 
511 918 710 815 372 713 20 852 498 909 352 882 904 186 0 303 76 428 419 575 343 676 453 384 629 745 590 455 244 188 868 947 989 232 238 268 112 24 975 828 
18 373 408 825 832 320 555 103 365 61 111 573 55 830 303 0 888 708 341 850 157 849 882 551 826 29 563 411 814 902 98 647 950 358 286 587 295 464 595 334 
487 810 482 303 803 134 846 788 221 687 970 815 1000 242 76 888 0 748 377 229 943 978 989 91 960 179 351 460 281 84 476 126 306 401 520 633 127 535 841 205 
552 808 856 131 26 159 850 424 377 355 94 934 727 371 428 708 748 0 36 856 448 357 534 129 351 81 644 348 884 665 516 382 941 753 982 206 327 760 500 880 
930 538 827 781 111 3 658 510 996 458 212 362 548 121 419 341 377 36 0 25 231 794 669 71 148 951 148 542 922 575 429 960 651 102 889 241 485 538 819 965 
393 264 705 978 765 234 859 79 636 855 914 292 511 531 575 850 229 856 25 0 390 709 872 939 190 508 786 613 81 696 742 987 591 796 278 580 607 638 208 957 
678 708 816 210 827 174 231 713 619 665 370 655 735 320 343 157 943 448 231 390 0 990 150 927 813 703 990 467 581 7 430 585 966 385 941 473 375 244 213 726 
419 180 703 850 179 669 908 68 108 158 72 245 521 340 676 849 978 357 794 709 990 0 475 724 675 680 443 270 65 1000 783 911 17 989 353 252 701 490 281 51 
435 134 238 235 730 792 364 579 364 590 570 259 287 44 453 882 989 534 669 872 150 475 0 228 220 360 386 55 64 819 55 679 282 681 115 831 940 24 752 586 
475 981 562 369 477 361 8 504 612 194 805 441 278 738 384 551 91 129 71 939 927 724 228 0 386 852 592 304 881 924 759 307 296 61 661 927 516 833 348 19 
272 966 750 933 173 833 573 591 963 968 659 890 198 244 629 826 960 351 148 190 813 675 220 386 0 820 53 736 981 624 102 633 438 991 651 621 108 890 504 137 
23 751 983 141 347 867 470 517 616 741 961 928 227 954 745 29 179 81 951 508 703 680 360 852 820 0 821 268 44 405 919 707 471 597 103 938 710 751 897 881 
597 385 601 818 410 586 121 411 330 575 534 522 568 787 590 563 351 644 148 786 990 443 386 592 53 821 0 296 313 67 704 922 964 566 396 663 87 383 787 554 
756 22 359 660 941 324 549 763 380 405 775 950 799 975 455 411 460 348 542 613 467 270 55 304 736 268 296 0 637 367 840 376 971 539 617 179 932 206 486 531 
954 896 800 425 641 201 738 507 139 89 887 414 29 130 244 814 281 884 922 81 581 65 64 881 981 44 313 637 0 108 964 51 539 279 621 870 360 884 342 804 
996 170 218 519 154 492 405 567 982 191 537 478 542 702 188 902 84 665 575 696 7 1000 819 924 624 405 67 367 108 0 795 477 540 768 618 486 853 708 133 753 
605 444 611 914 214 609 460 213 826 611 606 49 241 549 868 98 476 516 429 742 430 783 55 759 102 919 704 840 964 795 0 667 651 534 702 878 305 583 58 434 
545 674 299 215 1000 170 874 991 240 998 732 334 122 491 947 647 126 382 960 987 585 911 679 307 633 707 922 376 51 477 667 0 325 646 921 345 536 332 523 170 
112 89 109 31 900 614 112 374 782 873 378 642 348 502 989 950 306 941 651 591 966 17 282 296 438 471 964 971 539 540 651 325 0 175 623 686 927 917 56 195 
625 989 339 49 81 233 832 222 130 912 115 657 427 11 232 358 401 753 102 796 385 989 681 61 991 597 566 539 279 768 534 646 175 0 523 359 501 666 332 857 
748 244 386 671 572 894 592 665 97 34 470 325 70 116 238 286 520 982 889 278 941 353 115 661 651 103 396 617 621 618 702 921 623 523 0 565 921 799 519 472 
127 188 137 612 914 943 484 390 518 780 418 808 49 283 268 587 633 206 241 580 473 252 831 927 621 938 663 179 870 486 878 345 686 359 565 0 316 266 166 926 
338 948 649 328 156 883 390 667 312 721 909 485 474 73 112 295 127 327 485 607 375 701 940 516 108 710 87 932 360 853 305 536 927 501 921 316 0 308 281 89 
626 14 748 771 999 819 575 883 46 563 999 514 587 195 24 464 535 760 538 638 244 490 24 833 890 751 383 206 884 708 583 332 917 666 799 266 308 0 402 75 
404 221 597 865 612 720 949 62 195 781 588 64 986 268 975 595 841 500 819 208 213 281 752 348 504 897 787 486 342 133 58 523 56 332 519 166 281 402 0 2 
813 478 718 547 977 1000 85 59 536 536 411 10 483 726 828 334 205 880 965 957 726 51 586 19 137 881 554 531 804 753 434 170 195 857 472 926 89 75 2 0 
