8 3
0 910 804 8 349 683 316 804 
910 0 397 493 958 590 868 986 
804 397 0 420 748 566 252 249 
8 493 420 0 892 694 165 297 
349 958 748 892 0 517 341 540 
683 590 566 694 517 0 207 543 
316 868 252 165 341 207 0 575 
804 986 249 297 540 543 575 0 
0 288 881 124 273 346 608 389 
288 0 264 636 557 442 221 579 
881 264 0 27 166 668 263 696 
124 636 27 0 491 484 250 164 
273 557 166 491 0 633 715 553 
346 442 668 484 633 0 135 731 
608 221 263 250 715 135 0 210 
389 579 696 164 553 731 210 0 
0 430 878 194 269 270 650 257 
430 0 117 698 509 454 360 413 
878 117 0 103 149 581 390 536 
194 698 103 0 508 519 391 210 
269 509 149 508 0 838 656 526 
270 454 581 519 838 0 174 642 
650 360 390 391 656 174 0 29 
257 413 536 210 526 642 29 0 
0 156 960 155 113 474 594 333 
156 0 235 595 321 494 249 544 
960 235 0 106 116 763 333 661 
155 595 106 0 613 430 312 242 
113 321 116 613 0 648 549 447 
474 494 763 430 648 0 117 887 
594 249 333 312 549 117 0 244 
333 544 661 242 447 887 244 0 
