7 2
0 813 105 728 495 748 590 
813 0 377 463 378 892 566 
105 377 0 940 425 230 694 
728 463 940 0 205 867 517 
495 378 425 205 0 399 457 
748 892 230 867 399 0 171 
590 566 694 517 457 171 0 
0 600 871 39 224 662 24 
600 0 60 221 765 590 320 
871 60 0 492 954 124 295 
39 221 492 0 883 15 184 
224 765 954 883 0 122 532 
662 590 124 15 122 0 23 
24 320 295 184 532 23 0 
0 468 173 915 845 137 788 
468 0 634 733 772 12 614 
173 634 0 668 499 393 103 
915 733 668 0 723 434 339 
845 772 499 723 0 950 117 
137 12 393 434 950 0 695 
788 614 103 339 117 695 0 
