9 2
0 862 5 495 230 457 217 58 186 
862 0 177 378 867 171 804 517 350 
5 177 0 425 399 316 986 805 317 
495 378 425 0 683 868 249 75 876 
230 867 399 683 0 252 297 476 766 
457 171 316 868 252 0 540 533 238 
217 804 986 249 297 540 0 393 173 
58 517 805 75 476 533 393 0 384 
186 350 317 876 766 238 173 384 0 
0 714 367 256 333 952 883 25 608 
714 0 344 416 188 876 576 364 15 
367 344 0 39 230 715 278 477 567 
256 416 39 0 179 156 952 662 122 
333 188 230 179 0 765 32 864 553 
952 876 715 156 765 0 96 590 51 
883 576 278 952 32 96 0 989 79 
25 364 477 662 864 590 989 0 719 
608 15 567 122 553 51 79 719 0 
0 287 634 745 668 49 118 976 393 
287 0 657 585 813 125 425 637 986 
634 657 0 962 771 286 723 524 434 
745 585 962 0 822 845 49 339 879 
668 813 771 822 0 236 969 137 448 
49 125 286 845 236 0 905 411 950 
118 425 723 49 969 905 0 12 922 
976 637 524 339 137 411 12 0 282 
393 986 434 879 448 950 922 282 0 
