8 3
0 910 804 8 349 683 316 804 
910 0 397 493 958 590 868 986 
804 397 0 420 748 566 252 249 
8 493 420 0 892 694 165 297 
349 958 748 892 0 517 341 540 
683 590 566 694 517 0 207 543 
316 868 252 165 341 207 0 575 
804 986 249 297 540 543 575 0 
0 870 883 423 213 201 168 103 
870 0 247 910 846 880 597 693 
883 247 0 536 269 723 633 478 
423 910 536 0 314 941 200 541 
213 846 269 314 0 689 344 364 
201 880 723 941 689 0 995 3 
168 597 633 200 344 995 0 984 
103 693 478 541 364 3 984 0 
0 360 723 72 971 864 853 526 
360 0 667 177 543 343 807 82 
723 667 0 381 527 814 316 990 
72 177 381 0 528 197 576 229 
971 543 527 528 0 687 303 543 
864 343 814 197 687 0 71 238 
853 807 316 576 303 71 0 132 
526 82 990 229 543 238 132 0 
0 187 982 681 828 719 659 895 
187 0 976 37 357 743 159 84 
982 976 0 695 748 719 224 120 
681 37 695 0 347 166 500 135 
828 357 748 347 0 102 573 54 
719 743 719 166 102 0 180 989 
659 159 224 500 573 180 0 715 
895 84 120 135 54 989 715 0 
