7 4
0 766 274 345 649 838 958 
766 0 343 397 851 130 809 
274 343 0 523 333 968 703 
345 397 523 0 551 820 151 
649 851 333 551 0 663 210 
838 130 968 820 663 0 189 
958 809 703 151 210 189 0 
0 534 846 818 16 165 293 
534 0 329 473 319 189 706 
846 329 0 40 334 423 114 
818 473 40 0 787 1 969 
16 319 334 787 0 780 948 
165 189 423 1 780 0 376 
293 706 114 969 948 376 0 
0 517 735 950 147 182 676 
517 0 357 482 349 132 595 
735 357 0 24 452 465 145 
950 482 24 0 683 27 880 
147 349 452 683 0 820 791 
182 132 465 27 820 0 545 
676 595 145 880 791 545 0 
0 516 696 589 79 130 330 
516 0 279 533 428 242 809 
696 279 0 49 371 270 196 
589 533 49 0 833 149 936 
79 428 371 833 0 812 894 
130 242 270 149 812 0 494 
330 809 196 936 894 494 0 
0 685 915 848 116 113 247 
685 0 163 533 182 26 863 
915 163 0 103 260 308 132 
848 533 103 0 927 56 898 
116 182 260 927 0 832 827 
113 26 308 56 832 0 349 
247 863 132 898 827 349 0 
