6 4
0 598 743 1 484 832 
598 0 703 248 94 391 
743 703 0 593 298 516 
1 248 593 0 664 813 
484 94 298 664 0 822 
832 391 516 813 822 0 
0 377 211 912 179 166 
377 0 206 979 441 746 
211 206 0 414 408 896 
912 979 414 0 578 210 
179 441 408 578 0 468 
166 746 896 210 468 0 
0 624 790 89 822 835 
624 0 795 22 560 255 
790 795 0 587 593 105 
89 22 587 0 423 791 
822 560 593 423 0 533 
835 255 105 791 533 0 
0 624 790 89 822 835 
624 0 795 22 560 255 
790 795 0 587 593 105 
89 22 587 0 423 791 
822 560 593 423 0 533 
835 255 105 791 533 0 
0 624 790 89 822 835 
624 0 795 22 560 255 
790 795 0 587 593 105 
89 22 587 0 423 791 
822 560 593 423 0 533 
835 255 105 791 533 0 
