8 4
0 910 804 8 349 683 316 804 
910 0 397 493 958 590 868 986 
804 397 0 420 748 566 252 249 
8 493 420 0 892 694 165 297 
349 958 748 892 0 517 341 540 
683 590 566 694 517 0 207 543 
316 868 252 165 341 207 0 575 
804 986 249 297 540 543 575 0 
0 56 651 303 605 751 166 562 
56 0 600 816 101 667 586 560 
651 600 0 61 444 258 224 333 
303 816 61 0 251 53 613 930 
605 101 444 251 0 288 442 760 
751 667 258 53 288 0 690 130 
166 586 224 613 442 690 0 763 
562 560 333 930 760 130 763 0 
0 810 306 521 702 654 734 924 
810 0 599 601 344 650 860 245 
306 599 0 96 909 614 366 557 
521 601 96 0 332 232 237 711 
702 344 909 332 0 232 193 550 
654 650 614 232 232 0 529 176 
734 860 366 237 193 529 0 484 
924 245 557 711 550 176 484 0 
0 430 149 622 777 869 702 663 
430 0 890 660 266 628 656 71 
149 890 0 187 595 187 406 86 
622 660 187 0 103 60 492 807 
777 266 595 103 0 816 498 408 
869 628 187 60 816 0 797 668 
702 656 406 492 498 797 0 836 
663 71 86 807 408 668 836 0 
0 156 658 537 636 286 515 404 
156 0 223 658 36 935 159 387 
658 223 0 42 424 269 269 577 
537 658 42 0 465 222 729 747 
636 36 424 465 0 132 51 865 
286 935 269 222 132 0 982 44 
515 159 269 729 51 982 0 753 
404 387 577 747 865 44 753 0 
