10 4
0 574 433 516 753 90 943 104 862 476 
574 0 73 813 412 449 566 465 464 571 
433 73 0 822 210 981 330 25 206 464 
516 813 822 0 245 943 990 689 483 409 
753 412 210 245 0 370 902 776 346 503 
90 449 981 943 370 0 345 945 607 491 
943 566 330 990 902 345 0 220 317 999 
104 465 25 689 776 945 220 0 508 685 
862 464 206 483 346 607 317 508 0 86 
476 571 464 409 503 491 999 685 86 0 
0 896 245 376 676 161 579 46 589 76 
896 0 279 126 774 231 996 3 403 169 
245 279 0 51 777 126 145 493 314 929 
376 126 51 0 278 422 870 788 379 38 
676 774 777 278 0 927 361 700 647 344 
161 231 126 422 927 0 198 370 837 263 
579 996 145 870 361 198 0 971 199 178 
46 3 493 788 700 370 971 0 807 901 
589 403 314 379 647 837 199 807 0 300 
76 169 929 38 344 263 178 901 300 0 
0 7 761 539 305 852 505 851 335 980 
7 0 739 804 330 741 93 795 863 846 
761 739 0 910 327 757 962 542 565 137 
539 804 910 0 730 779 351 284 538 929 
305 330 327 730 0 339 640 421 249 525 
852 741 757 779 339 0 769 903 94 748 
505 93 962 351 640 769 0 127 824 908 
851 795 542 284 421 903 127 0 121 131 
335 863 565 538 249 94 824 121 0 571 
980 846 137 929 525 748 908 131 571 0 
0 176 801 597 518 843 414 915 181 922 
176 0 875 828 187 946 10 982 508 939 
801 875 0 971 372 969 935 547 663 164 
597 828 971 0 758 729 145 223 489 889 
518 187 372 758 0 95 815 292 234 623 
843 946 969 729 95 0 662 511 186 701 
414 10 935 145 815 662 0 131 675 867 
915 982 547 223 292 511 131 0 293 275 
181 508 663 489 234 186 675 293 0 564 
922 939 164 889 623 701 867 275 564 0 
0 54 754 743 258 862 546 821 661 965 
54 0 831 910 163 840 93 910 490 811 
754 831 0 836 137 913 775 705 679 27 
743 910 836 0 772 658 82 124 490 990 
258 163 137 772 0 85 596 412 261 719 
862 840 913 658 85 0 919 593 152 823 
546 93 775 82 596 919 0 91 754 758 
821 910 705 124 412 593 91 0 258 87 
661 490 679 490 261 152 754 258 0 774 
965 811 27 990 719 823 758 87 774 0 
