15 3
0 691 813 340 330 211 409 414 473 732 95 116 47 212 363 
691 0 822 549 990 128 503 394 510 272 92 615 56 192 397 
813 822 0 434 902 862 491 842 441 990 210 558 660 213 848 
340 549 434 0 345 464 999 723 111 641 24 948 547 251 369 
330 990 902 345 0 206 685 569 754 166 154 724 255 62 813 
211 128 862 464 206 0 86 712 815 268 569 491 905 998 282 
409 503 491 999 685 86 0 668 408 610 468 149 790 984 321 
414 394 842 723 569 712 668 0 325 81 515 473 747 783 323 
473 510 441 111 754 815 408 325 0 746 315 252 698 110 535 
732 272 990 641 166 268 610 81 746 0 810 52 543 126 906 
95 92 210 24 154 569 468 515 315 810 0 486 386 285 143 
116 615 558 948 724 491 149 473 252 52 486 0 254 544 992 
47 56 660 547 255 905 790 747 698 543 386 254 0 405 138 
212 192 213 251 62 998 984 783 110 126 285 544 405 0 911 
363 397 848 369 813 282 321 323 535 906 143 992 138 911 0 
0 964 375 21 645 145 493 570 666 361 573 630 975 946 666 
964 0 626 623 45 900 88 541 662 239 334 746 728 927 329 
375 626 0 696 572 349 793 438 777 331 289 433 448 690 862 
21 623 696 0 555 32 423 93 742 741 333 660 398 132 257 
645 45 572 555 0 662 278 786 977 54 444 560 588 991 436 
145 900 349 32 662 0 249 114 816 816 987 148 218 158 915 
493 88 793 423 278 249 0 310 667 849 937 319 549 6 598 
570 541 438 93 786 114 310 0 630 405 607 445 97 571 920 
666 662 777 742 977 816 667 630 0 217 51 94 822 470 843 
361 239 331 741 54 816 849 405 217 0 87 680 900 446 378 
573 334 289 333 444 987 937 607 51 87 0 710 908 373 566 
630 746 433 660 560 148 319 445 94 680 710 0 119 595 952 
975 728 448 398 588 218 549 97 822 900 908 119 0 627 339 
946 927 690 132 991 158 6 571 470 446 373 595 627 0 939 
666 329 862 257 436 915 598 920 843 378 566 952 339 939 0 
0 976 558 74 652 39 459 805 811 498 604 667 813 925 669 
976 0 690 600 6 715 49 377 771 227 222 666 786 926 434 
558 690 0 789 714 378 877 322 832 350 280 413 811 699 653 
74 600 789 0 601 69 525 125 812 759 381 653 369 49 312 
652 6 714 601 0 361 98 783 931 151 454 628 707 859 387 
39 715 378 69 361 0 225 14 834 848 938 138 120 43 818 
459 49 877 525 98 225 0 293 625 926 947 209 575 182 406 
805 377 322 125 783 14 293 0 612 422 627 445 2 715 782 
811 771 832 812 931 834 625 612 0 64 40 113 947 485 681 
498 227 350 759 151 848 926 422 64 0 102 882 985 312 602 
604 222 280 381 454 938 947 627 40 102 0 600 907 426 456 
667 666 413 653 628 138 209 445 113 882 600 0 126 514 949 
813 786 811 369 707 120 575 2 947 985 907 126 0 594 224 
925 926 699 49 859 43 182 715 485 312 426 514 594 0 864 
669 434 653 312 387 818 406 782 681 602 456 949 224 864 0 
0 952 316 118 492 66 454 451 593 411 753 674 946 948 666 
952 0 470 676 29 650 185 436 534 87 249 742 605 990 353 
316 470 0 483 663 365 725 315 779 307 387 303 493 854 932 
118 676 483 0 616 85 502 26 686 727 464 777 414 187 233 
492 29 663 616 0 803 490 829 979 345 421 725 393 840 554 
66 650 365 85 803 0 302 178 845 715 866 179 412 202 914 
454 185 725 502 490 302 0 461 767 914 656 314 504 1 518 
451 436 315 26 829 178 461 0 584 295 480 375 15 487 695 
593 534 779 686 979 845 767 584 0 349 78 69 833 397 772 
411 87 307 727 345 715 914 295 349 0 89 739 874 433 365 
753 249 387 464 421 866 656 480 78 89 0 817 972 403 619 
674 742 303 777 725 179 314 375 69 739 817 0 285 521 984 
946 605 493 414 393 412 504 15 833 874 972 285 0 573 351 
948 990 854 187 840 202 1 487 397 433 403 521 573 0 787 
666 353 932 233 554 914 518 695 772 365 619 984 351 787 0 
