40 2
0 151 434 114 589 628 937 808 90 430 262 796 384 112 49 354 432 143 234 213 548 763 998 632 143 149 832 430 909 776 562 741 32 686 403 795 842 379 14 81 
151 0 147 99 130 38 143 932 899 833 494 483 426 811 520 473 540 492 210 881 298 47 917 409 954 219 331 186 196 671 95 365 393 909 280 719 853 653 529 211 
434 147 0 151 534 597 80 663 940 89 906 249 231 471 879 477 24 878 853 429 732 741 58 838 869 673 710 816 644 534 38 494 220 747 397 731 941 978 858 883 
114 99 151 0 322 685 761 602 930 826 963 111 886 373 197 882 323 915 467 396 657 969 871 132 90 566 76 88 656 200 635 390 969 684 36 222 677 297 855 829 
589 130 534 322 0 11 583 239 735 472 698 762 692 302 818 72 982 833 767 11 609 427 690 306 27 606 862 562 306 705 621 799 439 910 51 168 333 413 226 482 
628 38 597 685 11 0 674 515 383 857 506 605 90 479 172 168 372 793 933 507 965 976 286 149 359 945 302 514 532 715 655 349 853 390 441 402 260 271 647 572 
937 143 80 761 583 674 0 763 989 674 875 988 482 728 950 61 425 218 462 763 182 570 165 516 819 135 8 714 816 230 476 65 847 795 807 811 570 366 44 116 
808 932 663 602 239 515 763 0 143 399 644 874 996 918 77 482 49 142 202 530 229 72 756 541 967 88 343 595 799 468 850 613 185 693 192 716 368 37 819 639 
90 899 940 930 735 383 989 143 0 758 721 694 512 899 198 550 902 762 431 686 334 937 865 242 146 750 954 386 810 666 52 977 695 959 214 359 555 884 427 537 
430 833 89 826 472 857 674 399 758 0 710 457 308 18 621 893 496 263 976 399 66 190 791 176 933 815 593 763 70 505 29 15 110 693 771 473 415 872 180 315 
262 494 906 963 698 506 875 644 721 710 0 853 661 756 288 637 537 70 121 827 452 448 888 118 289 949 269 105 457 294 791 670 828 110 377 908 180 856 730 849 
796 483 249 111 762 605 988 874 694 457 853 0 375 591 414 949 844 982 485 285 210 161 875 881 767 415 600 669 492 662 321 681 800 523 388 786 320 453 495 616 
384 426 231 886 692 90 482 996 512 308 661 375 0 851 763 553 769 576 857 359 735 899 250 633 108 488 156 308 307 162 360 366 71 752 186 170 392 628 823 539 
112 811 471 373 302 479 728 918 899 18 756 591 851 0 556 927 907 468 593 966 700 376 990 92 461 361 696 819 966 423 894 75 173 173 860 959 215 2 799 553 
49 520 879 197 818 172 950 77 198 621 288 414 763 556 0 86 292 354 668 321 555 601 929 910 686 178 577 213 934 365 7 220 144 902 310 140 999 551 221 73 
354 473 477 882 72 168 61 482 550 893 637 949 553 927 86 0 811 510 687 500 507 285 770 26 639 299 418 3 316 362 257 612 521 124 869 2 505 413 656 992 
432 540 24 323 982 372 425 49 902 496 537 844 769 907 292 811 0 414 93 948 671 648 182 159 90 166 293 809 699 622 531 362 750 765 962 127 759 71 260 858 
143 492 878 915 833 793 218 142 762 263 70 982 576 468 354 510 414 0 717 651 463 927 116 423 649 694 121 41 432 344 465 620 964 115 798 38 498 863 763 913 
234 210 853 467 767 933 462 202 431 976 121 485 857 593 668 687 93 717 0 500 663 299 758 572 77 160 897 265 849 17 68 765 45 762 978 833 103 924 560 59 
213 881 429 396 11 507 763 530 686 399 827 285 359 966 321 500 948 651 500 0 817 243 557 902 170 634 607 907 795 564 536 217 969 94 159 396 379 268 981 350 
548 298 732 657 609 965 182 229 334 66 452 210 735 700 555 507 671 463 663 817 0 907 706 728 371 404 530 476 891 545 806 691 989 493 928 919 857 233 400 894 
763 47 741 969 427 976 570 72 937 190 448 161 899 376 601 285 648 927 299 243 907 0 525 465 457 56 921 380 704 432 833 24 868 627 971 216 464 243 476 189 
998 917 58 871 690 286 165 756 865 791 888 875 250 990 929 770 182 116 758 557 706 525 0 430 737 516 691 774 544 85 671 637 839 972 199 431 426 426 950 601 
632 409 838 132 306 149 516 541 242 176 118 881 633 92 910 26 159 423 572 902 728 465 430 0 495 780 409 205 377 880 436 591 891 343 481 169 954 403 349 366 
143 954 869 90 27 359 819 967 146 933 289 767 108 461 686 639 90 649 77 170 371 457 737 495 0 72 368 904 368 311 827 526 873 699 510 761 824 774 268 398 
149 219 673 566 606 945 135 88 750 815 949 415 488 361 178 299 166 694 160 634 404 56 516 780 72 0 917 863 708 50 416 484 41 138 663 18 591 34 662 498 
832 331 710 76 862 302 8 343 954 593 269 600 156 696 577 418 293 121 897 607 530 921 691 409 368 917 0 136 397 936 376 243 939 576 186 537 517 95 839 809 
430 186 816 88 562 514 714 595 386 763 105 669 308 819 213 3 809 41 265 907 476 380 774 205 904 863 136 0 859 927 885 55 960 303 174 647 922 706 608 818 
909 196 644 656 306 532 816 799 810 70 457 492 307 966 934 316 699 432 849 795 891 704 544 377 368 708 397 859 0 683 690 184 910 727 731 37 427 49 814 475 
776 671 534 200 705 715 230 468 666 505 294 662 162 423 365 362 622 344 17 564 545 432 85 880 311 50 936 927 683 0 18 175 574 621 394 611 108 784 403 835 
562 95 38 635 621 655 476 850 52 29 791 321 360 894 7 257 531 465 68 536 806 833 671 436 827 416 376 885 690 18 0 822 898 151 318 984 99 692 431 24 
741 365 494 390 799 349 65 613 977 15 670 681 366 75 220 612 362 620 765 217 691 24 637 591 526 484 243 55 184 175 822 0 790 206 818 156 699 764 813 88 
32 393 220 969 439 853 847 185 695 110 828 800 71 173 144 521 750 964 45 969 989 868 839 891 873 41 939 960 910 574 898 790 0 817 703 248 629 659 707 477 
686 909 747 684 910 390 795 693 959 693 110 523 752 173 902 124 765 115 762 94 493 627 972 343 699 138 576 303 727 621 151 206 817 0 548 255 918 223 81 69 
403 280 397 36 51 441 807 192 214 771 377 388 186 860 310 869 962 798 978 159 928 971 199 481 510 663 186 174 731 394 318 818 703 548 0 156 97 288 783 663 
795 719 731 222 168 402 811 716 359 473 908 786 170 959 140 2 127 38 833 396 919 216 431 169 761 18 537 647 37 611 984 156 248 255 156 0 382 166 281 817 
842 853 941 677 333 260 570 368 555 415 180 320 392 215 999 505 759 498 103 379 857 464 426 954 824 591 517 922 427 108 99 699 629 918 97 382 0 568 59 408 
379 653 978 297 413 271 366 37 884 872 856 453 628 2 551 413 71 863 924 268 233 243 426 403 774 34 95 706 49 784 692 764 659 223 288 166 568 0 946 646 
14 529 858 855 226 647 44 819 427 180 730 495 823 799 221 656 260 763 560 981 400 476 950 349 268 662 839 608 814 403 431 813 707 81 783 281 59 946 0 552 
81 211 883 829 482 572 116 639 537 315 849 616 539 553 73 992 858 913 59 350 894 189 601 366 398 498 809 818 475 835 24 88 477 69 663 817 408 646 552 0 
0 563 586 839 727 26 544 462 586 888 324 959 884 925 239 619 464 308 982 267 693 962 291 680 173 457 123 131 145 744 122 173 139 245 641 857 381 721 79 108 
563 0 580 962 893 488 989 848 738 579 555 385 812 166 793 989 455 92 345 659 494 180 68 49 211 658 495 656 514 846 527 129 277 933 508 143 487 246 67 223 
586 580 0 808 635 77 82 595 494 888 923 693 639 323 633 296 73 911 761 34 416 836 787 163 317 316 838 495 855 816 482 494 384 400 363 831 951 842 644 967 
839 962 808 0 270 936 649 430 412 773 878 800 819 36 279 347 479 563 668 52 575 833 140 960 967 318 796 486 649 859 497 869 490 442 501 819 384 503 270 826 
727 893 635 270 0 210 481 532 181 293 171 18 433 346 591 364 346 88 812 228 666 764 510 811 674 349 209 638 763 218 943 558 197 120 647 300 966 25 769 554 
26 488 77 936 210 0 220 986 493 444 477 280 20 200 801 658 910 610 818 442 521 796 470 110 379 309 137 458 698 955 697 950 846 736 779 826 695 719 461 396 
544 989 82 649 481 220 0 811 476 124 337 587 426 950 904 493 303 669 481 718 992 629 816 774 787 282 362 693 230 583 392 785 36 660 643 822 302 348 130 896 
462 848 595 430 532 986 811 0 235 253 543 554 560 216 395 180 368 415 55 432 400 296 789 543 235 95 564 504 826 376 605 671 17 386 887 15 676 81 332 362 
586 738 494 412 181 493 476 235 0 46 46 469 519 94 637 237 956 624 406 602 103 956 985 983 658 911 663 974 232 633 828 845 214 159 211 147 507 252 38 211 
888 579 888 773 293 444 124 253 46 0 363 770 988 641 401 151 432 280 456 990 988 368 631 601 227 550 505 523 69 844 835 646 26 61 171 711 11 490 221 782 
324 555 923 878 171 477 337 543 46 363 0 303 529 557 732 986 101 46 512 410 61 706 36 690 848 590 543 972 750 784 390 966 550 56 310 819 548 439 526 338 
959 385 693 800 18 280 587 554 469 770 303 0 500 711 669 277 292 481 638 411 74 491 692 300 892 130 138 625 646 635 523 349 974 69 535 166 198 220 280 198 
884 812 639 819 433 20 426 560 519 988 529 500 0 201 483 621 584 878 97 954 236 742 829 567 515 857 872 841 739 973 809 386 252 609 286 42 324 633 629 726 
925 166 323 36 346 200 950 216 94 641 557 711 201 0 639 546 495 629 134 734 767 349 695 596 82 256 41 160 94 265 714 685 986 778 150 587 440 927 958 969 
239 793 633 279 591 801 904 395 637 401 732 669 483 639 0 919 584 927 104 61 520 252 519 789 285 735 658 828 680 641 629 505 108 480 339 411 688 177 408 123 
619 989 296 347 364 658 493 180 237 151 986 277 621 546 919 0 884 131 717 257 173 505 944 225 560 772 747 38 94 194 347 125 438 828 104 845 197 301 327 838 
464 455 73 479 346 910 303 368 956 432 101 292 584 495 584 884 0 255 116 585 560 139 357 278 118 133 574 85 510 933 265 198 715 488 743 400 387 868 757 946 
308 92 911 563 88 610 669 415 624 280 46 481 878 629 927 131 255 0 598 203 160 672 603 372 713 174 470 78 490 827 215 171 914 411 797 299 261 988 156 683 
982 345 761 668 812 818 481 55 406 456 512 638 97 134 104 717 116 598 0 641 760 862 284 380 592 36 780 142 742 366 50 775 973 747 897 756 481 302 32 910 
267 659 34 52 228 442 718 432 602 990 410 411 954 734 61 257 585 203 641 0 169 213 915 365 545 63 561 523 870 713 956 871 15 545 861 590 625 292 835 63 
693 494 416 575 666 521 992 400 103 988 61 74 236 767 520 173 560 160 760 169 0 839 384 381 60 508 427 867 906 272 573 144 490 256 331 96 89 172 266 895 
962 180 836 833 764 796 629 296 956 368 706 491 742 349 252 505 139 672 862 213 839 0 923 546 234 540 773 249 662 208 858 511 213 676 555 291 890 277 73 806 
291 68 787 140 510 470 816 789 985 631 36 692 829 695 519 944 357 603 284 915 384 923 0 219 546 288 742 869 538 219 397 921 955 909 584 973 828 358 496 910 
680 49 163 960 811 110 774 543 983 601 690 300 567 596 789 225 278 372 380 365 381 546 219 0 483 82 377 740 644 561 748 156 400 395 896 274 55 472 642 141 
173 211 317 967 674 379 787 235 658 227 848 892 515 82 285 560 118 713 592 545 60 234 546 483 0 712 962 309 918 88 674 264 308 284 802 701 380 737 53 652 
457 658 316 318 349 309 282 95 911 550 590 130 857 256 735 772 133 174 36 63 508 540 288 82 712 0 85 458 6 843 853 931 464 141 120 13 796 34 429 1 
123 495 838 796 209 137 362 564 663 505 543 138 872 41 658 747 574 470 780 561 427 773 742 377 962 85 0 913 188 494 283 208 556 804 489 221 575 111 572 728 
131 656 495 486 638 458 693 504 974 523 972 625 841 160 828 38 85 78 142 523 867 249 869 740 309 458 913 0 976 157 384 49 306 652 43 851 850 779 215 784 
145 514 855 649 763 698 230 826 232 69 750 646 739 94 680 94 510 490 742 870 906 662 538 644 918 6 188 976 0 566 239 340 547 137 599 713 267 745 860 396 
744 846 816 859 218 955 583 376 633 844 784 635 973 265 641 194 933 827 366 713 272 208 219 561 88 843 494 157 566 0 642 87 2 546 340 813 152 406 34 740 
122 527 482 497 943 697 392 605 828 835 390 523 809 714 629 347 265 215 50 956 573 858 397 748 674 853 283 384 239 642 0 709 709 475 632 545 396 804 590 942 
173 129 494 869 558 950 785 671 845 646 966 349 386 685 505 125 198 171 775 871 144 511 921 156 264 931 208 49 340 87 709 0 166 630 577 411 805 1000 495 201 
139 277 384 490 197 846 36 17 214 26 550 974 252 986 108 438 715 914 973 15 490 213 955 400 308 464 556 306 547 2 709 166 0 64 380 992 390 750 354 683 
245 933 400 442 120 736 660 386 159 61 56 69 609 778 480 828 488 411 747 545 256 676 909 395 284 141 804 652 137 546 475 630 64 0 796 100 47 719 536 608 
641 508 363 501 647 779 643 887 211 171 310 535 286 150 339 104 743 797 897 861 331 555 584 896 802 120 489 43 599 340 632 577 380 796 0 121 560 917 131 113 
857 143 831 819 300 826 822 15 147 711 819 166 42 587 411 845 400 299 756 590 96 291 973 274 701 13 221 851 713 813 545 411 992 100 121 0 305 297 302 625 
381 487 951 384 966 695 302 676 507 11 548 198 324 440 688 197 387 261 481 625 89 890 828 55 380 796 575 850 267 152 396 805 390 47 560 305 0 940 427 880 
721 246 842 503 25 719 348 81 252 490 439 220 633 927 177 301 868 988 302 292 172 277 358 472 737 34 111 779 745 406 804 1000 750 719 917 297 940 0 568 535 
79 67 644 270 769 461 130 332 38 221 526 280 629 958 408 327 757 156 32 835 266 73 496 642 53 429 572 215 860 34 590 495 354 536 131 302 427 568 0 436 
108 223 967 826 554 396 896 362 211 782 338 198 726 969 123 838 946 683 910 63 895 806 910 141 652 1 728 784 396 740 942 201 683 608 113 625 880 535 436 0 
0 843 570 512 391 984 466 596 377 69 588 249 290 585 596 489 721 188 55 269 428 145 729 65 953 902 959 823 875 126 620 248 440 426 67 374 781 238 880 740 
843 0 139 243 88 387 246 457 15 785 382 739 61 36 412 21 476 994 540 170 793 897 717 586 610 684 177 393 333 270 831 355 913 575 345 694 464 514 656 993 
570 139 0 359 165 762 963 725 270 201 542 315 774 596 958 980 811 794 315 776 521 811 149 744 918 638 260 375 17 47 859 479 804 442 360 236 498 542 586 765 
512 243 359 0 668 432 427 831 269 521 439 158 290 735 838 925 588 407 622 802 157 216 701 311 673 263 159 311 407 45 828 101 151 140 658 462 454 691 240 735 
391 88 165 668 0 363 232 89 931 347 452 810 311 374 420 177 340 917 414 440 148 10 150 156 837 960 950 773 190 469 118 757 473 473 188 186 402 915 1000 772 
984 387 762 432 363 0 901 458 405 505 745 345 751 268 283 862 156 223 103 999 709 644 530 889 839 306 671 614 609 226 475 80 214 473 556 297 423 97 880 884 
466 246 963 427 232 901 0 67 305 918 367 901 289 484 265 539 692 18 940 580 337 910 611 62 75 495 966 400 937 381 988 139 948 913 680 110 584 756 318 586 
596 457 725 831 89 458 67 0 845 993 395 407 856 919 502 933 203 524 720 177 43 379 715 354 764 482 762 159 247 300 450 93 943 504 619 983 434 876 171 484 
377 15 270 269 931 405 305 845 0 704 695 218 614 513 452 778 33 376 295 514 785 119 395 20 737 52 544 361 520 113 320 176 883 921 965 609 646 379 3 756 
69 785 201 521 347 505 918 993 704 0 940 365 374 586 413 397 345 773 326 602 627 585 329 326 161 881 655 683 690 779 569 182 915 934 617 362 937 140 714 324 
588 382 542 439 452 745 367 395 695 940 0 808 757 569 304 343 814 378 823 163 633 657 271 836 834 678 286 41 751 263 615 340 727 58 235 3 732 670 291 904 
249 739 315 158 810 345 901 407 218 365 808 0 721 261 620 830 109 60 471 496 343 327 141 465 399 176 194 727 235 519 745 807 367 944 844 668 963 236 395 846 
290 61 774 290 311 751 289 856 614 374 757 721 0 323 446 35 377 136 333 16 302 482 422 708 95 110 847 760 487 472 536 106 813 230 719 539 852 682 315 621 
585 36 596 735 374 268 484 919 513 586 569 261 323 0 650 781 68 144 814 768 390 634 611 912 736 442 437 768 930 492 802 936 281 218 614 232 642 186 348 619 
596 412 958 838 420 283 265 502 452 413 304 620 446 650 0 615 910 109 439 788 45 833 787 234 967 481 352 209 851 353 57 528 717 492 616 805 819 910 632 914 
489 21 980 925 177 862 539 933 778 397 343 830 35 781 615 0 486 489 317 436 864 53 380 647 107 49 741 742 971 428 862 905 289 237 551 87 575 336 901 449 
721 476 811 588 340 156 692 203 33 345 814 109 377 68 910 486 0 155 511 166 711 894 992 345 681 725 361 664 106 575 857 522 22 863 116 457 583 5 489 9 
188 994 794 407 917 223 18 524 376 773 378 60 136 144 109 489 155 0 498 704 312 517 181 967 262 937 189 691 507 162 458 607 70 460 130 906 900 387 943 801 
55 540 315 622 414 103 940 720 295 326 823 471 333 814 439 317 511 498 0 689 39 447 311 867 359 207 348 360 153 794 821 109 593 265 236 219 571 51 841 414 
269 170 776 802 440 999 580 177 514 602 163 496 16 768 788 436 166 704 689 0 860 718 280 757 783 410 724 960 267 911 39 528 241 297 255 13 274 602 189 975 
428 793 521 157 148 709 337 43 785 627 633 343 302 390 45 864 711 312 39 860 0 508 934 339 939 280 169 549 553 249 501 331 973 397 981 681 481 502 104 78 
145 897 811 216 10 644 910 379 119 585 657 327 482 634 833 53 894 517 447 718 508 0 690 842 548 761 247 167 869 131 620 9 629 651 114 617 168 453 603 103 
729 717 149 701 150 530 611 715 395 329 271 141 422 611 787 380 992 181 311 280 934 690 0 983 308 386 503 114 836 372 745 466 749 203 553 1 422 720 394 25 
65 586 744 311 156 889 62 354 20 326 836 465 708 912 234 647 345 967 867 757 339 842 983 0 425 412 576 536 21 977 129 598 528 546 255 142 795 260 87 845 
953 610 918 673 837 839 75 764 737 161 834 399 95 736 967 107 681 262 359 783 939 548 308 425 0 283 96 953 174 889 130 530 521 752 497 59 549 490 427 789 
902 684 638 263 960 306 495 482 52 881 678 176 110 442 481 49 725 937 207 410 280 761 386 412 283 0 941 906 612 386 215 41 666 215 382 957 684 870 652 433 
959 177 260 159 950 671 966 762 544 655 286 194 847 437 352 741 361 189 348 724 169 247 503 576 96 941 0 676 607 701 592 830 54 124 307 328 630 259 499 480 
823 393 375 311 773 614 400 159 361 683 41 727 760 768 209 742 664 691 360 960 549 167 114 536 953 906 676 0 171 604 453 495 625 354 435 310 344 116 332 458 
875 333 17 407 190 609 937 247 520 690 751 235 487 930 851 971 106 507 153 267 553 869 836 21 174 612 607 171 0 586 413 522 489 767 543 730 972 509 202 155 
126 270 47 45 469 226 381 300 113 779 263 519 472 492 353 428 575 162 794 911 249 131 372 977 889 386 701 604 586 0 316 223 955 671 298 825 777 628 542 540 
620 831 859 828 118 475 988 450 320 569 615 745 536 802 57 862 857 458 821 39 501 620 745 129 130 215 592 453 413 316 0 326 146 985 496 415 762 420 217 196 
248 355 479 101 757 80 139 93 176 182 340 807 106 936 528 905 522 607 109 528 331 9 466 598 530 41 830 495 522 223 326 0 296 334 256 183 76 49 442 564 
440 913 804 151 473 214 948 943 883 915 727 367 813 281 717 289 22 70 593 241 973 629 749 528 521 666 54 625 489 955 146 296 0 926 760 219 585 593 578 287 
426 575 442 140 473 473 913 504 921 934 58 944 230 218 492 237 863 460 265 297 397 651 203 546 752 215 124 354 767 671 985 334 926 0 185 610 824 903 301 389 
67 345 360 658 188 556 680 619 965 617 235 844 719 614 616 551 116 130 236 255 981 114 553 255 497 382 307 435 543 298 496 256 760 185 0 507 629 501 291 618 
374 694 236 462 186 297 110 983 609 362 3 668 539 232 805 87 457 906 219 13 681 617 1 142 59 957 328 310 730 825 415 183 219 610 507 0 282 747 46 661 
781 464 498 454 402 423 584 434 646 937 732 963 852 642 819 575 583 900 571 274 481 168 422 795 549 684 630 344 972 777 762 76 585 824 629 282 0 214 824 365 
238 514 542 691 915 97 756 876 379 140 670 236 682 186 910 336 5 387 51 602 502 453 720 260 490 870 259 116 509 628 420 49 593 903 501 747 214 0 715 629 
880 656 586 240 1000 880 318 171 3 714 291 395 315 348 632 901 489 943 841 189 104 603 394 87 427 652 499 332 202 542 217 442 578 301 291 46 824 715 0 843 
740 993 765 735 772 884 586 484 756 324 904 846 621 619 914 449 9 801 414 975 78 103 25 845 789 433 480 458 155 540 196 564 287 389 618 661 365 629 843 0 
