15 4
0 804 349 316 58 173 524 871 526 86 230 876 883 529 989 
804 0 958 868 517 384 508 963 410 317 500 635 899 882 229 
349 958 0 252 805 900 735 828 699 221 179 715 576 25 124 
316 868 252 0 75 118 827 455 641 494 24 781 722 628 835 
58 517 805 75 0 600 714 60 126 268 56 156 278 364 608 
173 384 900 118 600 0 104 82 327 57 495 125 147 916 363 
524 508 735 827 714 104 0 367 814 492 810 765 952 477 15 
871 963 828 455 60 82 367 0 282 288 10 746 19 296 785 
526 410 699 641 126 327 814 282 0 912 700 229 32 662 567 
86 317 221 494 268 57 492 288 912 0 430 76 247 805 283 
230 500 179 24 56 495 810 10 700 430 0 954 96 864 122 
876 635 715 781 156 125 765 746 229 76 954 0 668 396 213 
883 899 576 722 278 147 952 19 32 247 96 668 0 590 553 
529 882 25 628 364 916 477 296 662 805 864 396 590 0 554 
989 229 124 835 608 363 15 785 567 283 122 213 553 554 0 
0 650 483 477 310 607 881 343 694 785 760 358 491 450 989 
650 0 656 384 841 113 638 527 757 175 131 612 658 214 154 
483 656 0 531 162 906 553 895 615 571 352 708 765 517 761 
477 384 531 0 536 320 41 824 134 456 626 360 957 873 679 
310 841 162 536 0 469 655 174 181 90 363 631 54 461 560 
607 113 906 320 469 0 58 681 591 580 118 916 767 841 536 
881 638 553 41 655 58 0 844 479 499 293 973 117 681 599 
343 527 895 824 174 681 844 0 615 563 136 286 945 802 476 
694 757 615 134 181 591 479 615 0 179 501 979 538 748 294 
785 175 571 456 90 580 499 563 179 0 659 449 878 57 204 
760 131 352 626 363 118 293 136 501 659 0 571 613 553 451 
358 612 708 360 631 916 973 286 979 449 571 0 492 24 300 
491 658 765 957 54 767 117 945 538 878 613 492 0 491 509 
450 214 517 873 461 841 681 802 748 57 553 24 491 0 130 
989 154 761 679 560 536 599 476 294 204 451 300 509 130 0 
0 387 451 608 643 475 176 510 272 166 252 549 421 777 146 
387 0 294 724 366 869 465 649 351 868 878 351 414 861 848 
451 294 0 614 870 180 633 79 434 439 667 371 230 497 313 
608 724 614 0 319 587 805 130 961 674 360 494 31 7 267 
643 366 870 319 0 518 375 713 951 707 626 432 945 746 391 
475 869 180 587 518 0 918 343 586 614 833 198 168 221 508 
176 465 633 805 375 918 0 231 568 591 666 7 969 115 312 
510 649 79 130 713 343 231 0 359 471 949 741 25 272 359 
272 351 434 961 951 586 568 359 0 832 504 154 422 201 743 
166 868 439 674 707 614 591 471 832 0 332 604 210 770 917 
252 878 667 360 626 833 666 949 504 332 0 371 490 343 609 
549 351 371 494 432 198 7 741 154 604 371 0 417 964 452 
421 414 230 31 945 168 969 25 422 210 490 417 0 541 454 
777 861 497 7 746 221 115 272 201 770 343 964 541 0 967 
146 848 313 267 391 508 312 359 743 917 609 452 454 967 0 
0 300 564 576 616 460 43 652 406 112 358 514 509 581 44 
300 0 353 512 209 963 278 533 90 815 899 231 584 810 940 
564 353 0 241 879 81 366 216 459 557 544 400 134 611 399 
576 512 241 0 461 660 872 389 712 704 445 685 231 130 388 
616 209 879 461 0 567 381 735 935 962 807 161 921 573 221 
460 963 81 660 567 0 833 380 499 425 852 50 204 47 543 
43 278 366 872 381 833 0 315 563 483 769 2 827 355 300 
652 533 216 389 735 380 315 0 523 371 782 930 212 272 476 
406 90 459 712 935 499 563 523 0 745 408 5 331 130 736 
112 815 557 704 962 425 483 371 745 0 716 651 256 980 842 
358 899 544 445 807 852 769 782 408 716 0 430 406 453 557 
514 231 400 685 161 50 2 930 5 651 430 0 549 993 705 
509 584 134 231 921 204 827 212 331 256 406 549 0 551 432 
581 810 611 130 573 47 355 272 130 980 453 993 551 0 773 
44 940 399 388 221 543 300 476 736 842 557 705 432 773 0 
0 227 286 283 642 449 262 828 198 213 179 667 511 480 186 
227 0 291 700 189 923 359 423 220 742 948 468 277 784 946 
286 291 0 505 774 81 327 25 347 398 607 211 199 386 346 
283 700 505 0 391 625 897 210 852 585 232 634 67 139 488 
642 189 774 391 0 405 423 735 818 884 575 503 854 599 375 
449 923 81 625 405 0 852 240 534 348 884 147 334 175 524 
262 359 327 897 423 852 0 280 443 296 597 61 850 447 314 
828 423 25 210 735 240 280 0 380 325 841 436 199 167 477 
198 220 347 852 818 534 443 380 0 753 486 17 380 248 741 
213 742 398 585 884 348 296 325 753 0 411 506 229 996 690 
179 948 607 232 575 884 597 841 486 411 0 565 505 522 687 
667 468 211 634 503 147 61 436 17 506 565 0 530 904 571 
511 277 199 67 854 334 850 199 380 229 505 530 0 679 498 
480 784 386 139 599 175 447 167 248 996 522 904 679 0 911 
186 946 346 488 375 524 314 477 741 690 687 571 498 911 0 
