40 3
0 151 434 114 589 628 937 808 90 430 262 796 384 112 49 354 432 143 234 213 548 763 998 632 143 149 832 430 909 776 562 741 32 686 403 795 842 379 14 81 
151 0 147 99 130 38 143 932 899 833 494 483 426 811 520 473 540 492 210 881 298 47 917 409 954 219 331 186 196 671 95 365 393 909 280 719 853 653 529 211 
434 147 0 151 534 597 80 663 940 89 906 249 231 471 879 477 24 878 853 429 732 741 58 838 869 673 710 816 644 534 38 494 220 747 397 731 941 978 858 883 
114 99 151 0 322 685 761 602 930 826 963 111 886 373 197 882 323 915 467 396 657 969 871 132 90 566 76 88 656 200 635 390 969 684 36 222 677 297 855 829 
589 130 534 322 0 11 583 239 735 472 698 762 692 302 818 72 982 833 767 11 609 427 690 306 27 606 862 562 306 705 621 799 439 910 51 168 333 413 226 482 
628 38 597 685 11 0 674 515 383 857 506 605 90 479 172 168 372 793 933 507 965 976 286 149 359 945 302 514 532 715 655 349 853 390 441 402 260 271 647 572 
937 143 80 761 583 674 0 763 989 674 875 988 482 728 950 61 425 218 462 763 182 570 165 516 819 135 8 714 816 230 476 65 847 795 807 811 570 366 44 116 
808 932 663 602 239 515 763 0 143 399 644 874 996 918 77 482 49 142 202 530 229 72 756 541 967 88 343 595 799 468 850 613 185 693 192 716 368 37 819 639 
90 899 940 930 735 383 989 143 0 758 721 694 512 899 198 550 902 762 431 686 334 937 865 242 146 750 954 386 810 666 52 977 695 959 214 359 555 884 427 537 
430 833 89 826 472 857 674 399 758 0 710 457 308 18 621 893 496 263 976 399 66 190 791 176 933 815 593 763 70 505 29 15 110 693 771 473 415 872 180 315 
262 494 906 963 698 506 875 644 721 710 0 853 661 756 288 637 537 70 121 827 452 448 888 118 289 949 269 105 457 294 791 670 828 110 377 908 180 856 730 849 
796 483 249 111 762 605 988 874 694 457 853 0 375 591 414 949 844 982 485 285 210 161 875 881 767 415 600 669 492 662 321 681 800 523 388 786 320 453 495 616 
384 426 231 886 692 90 482 996 512 308 661 375 0 851 763 553 769 576 857 359 735 899 250 633 108 488 156 308 307 162 360 366 71 752 186 170 392 628 823 539 
112 811 471 373 302 479 728 918 899 18 756 591 851 0 556 927 907 468 593 966 700 376 990 92 461 361 696 819 966 423 894 75 173 173 860 959 215 2 799 553 
49 520 879 197 818 172 950 77 198 621 288 414 763 556 0 86 292 354 668 321 555 601 929 910 686 178 577 213 934 365 7 220 144 902 310 140 999 551 221 73 
354 473 477 882 72 168 61 482 550 893 637 949 553 927 86 0 811 510 687 500 507 285 770 26 639 299 418 3 316 362 257 612 521 124 869 2 505 413 656 992 
432 540 24 323 982 372 425 49 902 496 537 844 769 907 292 811 0 414 93 948 671 648 182 159 90 166 293 809 699 622 531 362 750 765 962 127 759 71 260 858 
143 492 878 915 833 793 218 142 762 263 70 982 576 468 354 510 414 0 717 651 463 927 116 423 649 694 121 41 432 344 465 620 964 115 798 38 498 863 763 913 
234 210 853 467 767 933 462 202 431 976 121 485 857 593 668 687 93 717 0 500 663 299 758 572 77 160 897 265 849 17 68 765 45 762 978 833 103 924 560 59 
213 881 429 396 11 507 763 530 686 399 827 285 359 966 321 500 948 651 500 0 817 243 557 902 170 634 607 907 795 564 536 217 969 94 159 396 379 268 981 350 
548 298 732 657 609 965 182 229 334 66 452 210 735 700 555 507 671 463 663 817 0 907 706 728 371 404 530 476 891 545 806 691 989 493 928 919 857 233 400 894 
763 47 741 969 427 976 570 72 937 190 448 161 899 376 601 285 648 927 299 243 907 0 525 465 457 56 921 380 704 432 833 24 868 627 971 216 464 243 476 189 
998 917 58 871 690 286 165 756 865 791 888 875 250 990 929 770 182 116 758 557 706 525 0 430 737 516 691 774 544 85 671 637 839 972 199 431 426 426 950 601 
632 409 838 132 306 149 516 541 242 176 118 881 633 92 910 26 159 423 572 902 728 465 430 0 495 780 409 205 377 880 436 591 891 343 481 169 954 403 349 366 
143 954 869 90 27 359 819 967 146 933 289 767 108 461 686 639 90 649 77 170 371 457 737 495 0 72 368 904 368 311 827 526 873 699 510 761 824 774 268 398 
149 219 673 566 606 945 135 88 750 815 949 415 488 361 178 299 166 694 160 634 404 56 516 780 72 0 917 863 708 50 416 484 41 138 663 18 591 34 662 498 
832 331 710 76 862 302 8 343 954 593 269 600 156 696 577 418 293 121 897 607 530 921 691 409 368 917 0 136 397 936 376 243 939 576 186 537 517 95 839 809 
430 186 816 88 562 514 714 595 386 763 105 669 308 819 213 3 809 41 265 907 476 380 774 205 904 863 136 0 859 927 885 55 960 303 174 647 922 706 608 818 
909 196 644 656 306 532 816 799 810 70 457 492 307 966 934 316 699 432 849 795 891 704 544 377 368 708 397 859 0 683 690 184 910 727 731 37 427 49 814 475 
776 671 534 200 705 715 230 468 666 505 294 662 162 423 365 362 622 344 17 564 545 432 85 880 311 50 936 927 683 0 18 175 574 621 394 611 108 784 403 835 
562 95 38 635 621 655 476 850 52 29 791 321 360 894 7 257 531 465 68 536 806 833 671 436 827 416 376 885 690 18 0 822 898 151 318 984 99 692 431 24 
741 365 494 390 799 349 65 613 977 15 670 681 366 75 220 612 362 620 765 217 691 24 637 591 526 484 243 55 184 175 822 0 790 206 818 156 699 764 813 88 
32 393 220 969 439 853 847 185 695 110 828 800 71 173 144 521 750 964 45 969 989 868 839 891 873 41 939 960 910 574 898 790 0 817 703 248 629 659 707 477 
686 909 747 684 910 390 795 693 959 693 110 523 752 173 902 124 765 115 762 94 493 627 972 343 699 138 576 303 727 621 151 206 817 0 548 255 918 223 81 69 
403 280 397 36 51 441 807 192 214 771 377 388 186 860 310 869 962 798 978 159 928 971 199 481 510 663 186 174 731 394 318 818 703 548 0 156 97 288 783 663 
795 719 731 222 168 402 811 716 359 473 908 786 170 959 140 2 127 38 833 396 919 216 431 169 761 18 537 647 37 611 984 156 248 255 156 0 382 166 281 817 
842 853 941 677 333 260 570 368 555 415 180 320 392 215 999 505 759 498 103 379 857 464 426 954 824 591 517 922 427 108 99 699 629 918 97 382 0 568 59 408 
379 653 978 297 413 271 366 37 884 872 856 453 628 2 551 413 71 863 924 268 233 243 426 403 774 34 95 706 49 784 692 764 659 223 288 166 568 0 946 646 
14 529 858 855 226 647 44 819 427 180 730 495 823 799 221 656 260 763 560 981 400 476 950 349 268 662 839 608 814 403 431 813 707 81 783 281 59 946 0 552 
81 211 883 829 482 572 116 639 537 315 849 616 539 553 73 992 858 913 59 350 894 189 601 366 398 498 809 818 475 835 24 88 477 69 663 817 408 646 552 0 
0 248 482 329 939 616 529 399 552 620 131 38 448 98 477 930 409 292 441 360 284 698 998 417 965 738 999 473 336 263 742 87 196 950 790 363 420 830 411 297 
248 0 727 150 917 742 582 690 632 639 521 837 978 337 564 708 549 282 433 452 971 869 830 346 592 177 432 216 91 989 425 647 416 432 829 632 20 695 346 985 
482 727 0 768 722 933 647 550 340 496 236 750 789 359 971 462 440 543 515 786 873 444 276 913 542 961 991 528 619 275 1000 893 624 208 534 905 130 645 771 571 
329 150 768 0 410 217 272 5 744 782 693 553 224 20 482 952 393 925 594 71 140 891 410 628 835 47 249 722 936 639 462 331 733 912 725 62 152 109 355 947 
939 917 722 410 0 411 596 304 72 701 338 852 389 157 120 898 500 356 844 897 179 507 427 831 969 727 6 511 859 664 596 868 128 716 847 260 711 513 92 917 
616 742 933 217 411 0 92 85 98 851 321 417 56 650 639 543 280 771 49 331 156 667 736 606 56 713 493 148 631 152 354 920 477 955 728 301 695 225 960 319 
529 582 647 272 596 92 0 771 810 644 355 947 140 441 563 448 679 162 436 595 790 798 590 878 581 252 737 788 884 980 133 241 326 234 387 118 792 875 292 655 
399 690 550 5 304 85 771 0 960 871 634 219 322 616 866 538 350 174 407 987 869 572 116 402 29 773 325 165 328 234 985 272 397 530 6 424 146 764 812 32 
552 632 340 744 72 98 810 960 0 995 63 1000 188 983 698 445 323 940 181 61 440 883 753 608 843 738 151 662 91 7 42 941 862 989 928 796 187 530 966 129 
620 639 496 782 701 851 644 871 995 0 884 657 199 623 941 812 332 374 598 917 224 798 4 361 932 442 942 220 817 611 136 959 28 775 440 608 21 140 28 880 
131 521 236 693 338 321 355 634 63 884 0 170 815 607 317 82 687 695 741 686 809 782 543 102 963 549 871 593 456 490 283 221 795 530 458 591 893 608 679 816 
38 837 750 553 852 417 947 219 1000 657 170 0 90 352 609 511 926 195 566 614 614 671 745 691 420 758 534 570 724 316 1 801 15 29 704 319 736 416 37 454 
448 978 789 224 389 56 140 322 188 199 815 90 0 353 633 829 154 978 683 621 965 639 304 46 226 342 737 391 385 855 348 636 237 735 86 672 217 768 513 437 
98 337 359 20 157 650 441 616 983 623 607 352 353 0 591 559 919 969 961 189 323 574 106 865 416 211 565 386 446 134 893 324 285 458 759 509 512 147 438 88 
477 564 971 482 120 639 563 866 698 941 317 609 633 591 0 795 1 331 369 566 556 980 220 816 385 125 947 810 16 780 928 739 920 643 451 280 728 752 160 178 
930 708 462 952 898 543 448 538 445 812 82 511 829 559 795 0 972 391 53 212 544 320 95 10 996 813 789 809 400 256 107 603 683 627 393 623 367 846 138 292 
409 549 440 393 500 280 679 350 323 332 687 926 154 919 1 972 0 482 529 679 11 373 164 786 193 446 807 59 671 624 283 919 326 643 558 122 311 97 277 712 
292 282 543 925 356 771 162 174 940 374 695 195 978 969 331 391 482 0 810 601 912 44 596 804 661 307 52 522 458 593 264 282 195 836 714 485 698 171 545 900 
441 433 515 594 844 49 436 407 181 598 741 566 683 961 369 53 529 810 0 892 770 365 313 617 516 675 495 924 889 18 815 596 332 634 190 672 431 140 25 463 
360 452 786 71 897 331 595 987 61 917 686 614 621 189 566 212 679 601 892 0 609 301 170 573 149 120 125 14 571 196 433 96 468 950 746 446 954 311 563 574 
284 971 873 140 179 156 790 869 440 224 809 614 965 323 556 544 11 912 770 609 0 920 214 841 539 285 296 155 716 784 34 519 213 843 298 897 268 883 128 592 
698 869 444 891 507 667 798 572 883 798 782 671 639 574 980 320 373 44 365 301 920 0 320 83 506 819 146 812 563 373 972 820 538 782 491 29 397 316 238 301 
998 830 276 410 427 736 590 116 753 4 543 745 304 106 220 95 164 596 313 170 214 320 0 801 609 51 585 990 861 180 327 101 559 526 1000 218 188 931 963 266 
417 346 913 628 831 606 878 402 608 361 102 691 46 865 816 10 786 804 617 573 841 83 801 0 273 685 2 486 262 90 540 244 232 258 475 361 982 308 643 883 
965 592 542 835 969 56 581 29 843 932 963 420 226 416 385 996 193 661 516 149 539 506 609 273 0 351 272 904 638 282 668 282 348 148 254 383 191 162 858 672 
738 177 961 47 727 713 252 773 738 442 549 758 342 211 125 813 446 307 675 120 285 819 51 685 351 0 826 792 738 979 595 134 659 698 921 29 879 788 151 592 
999 432 991 249 6 493 737 325 151 942 871 534 737 565 947 789 807 52 495 125 296 146 585 2 272 826 0 645 570 652 160 962 589 401 122 990 384 658 910 189 
473 216 528 722 511 148 788 165 662 220 593 570 391 386 810 809 59 522 924 14 155 812 990 486 904 792 645 0 200 385 26 716 187 627 212 751 366 799 824 50 
336 91 619 936 859 631 884 328 91 817 456 724 385 446 16 400 671 458 889 571 716 563 861 262 638 738 570 200 0 942 495 263 763 138 270 789 712 938 913 70 
263 989 275 639 664 152 980 234 7 611 490 316 855 134 780 256 624 593 18 196 784 373 180 90 282 979 652 385 942 0 274 720 2 939 753 49 842 220 771 832 
742 425 1000 462 596 354 133 985 42 136 283 1 348 893 928 107 283 264 815 433 34 972 327 540 668 595 160 26 495 274 0 749 626 426 785 578 758 935 871 757 
87 647 893 331 868 920 241 272 941 959 221 801 636 324 739 603 919 282 596 96 519 820 101 244 282 134 962 716 263 720 749 0 488 777 394 973 945 493 751 903 
196 416 624 733 128 477 326 397 862 28 795 15 237 285 920 683 326 195 332 468 213 538 559 232 348 659 589 187 763 2 626 488 0 557 735 980 550 792 695 878 
950 432 208 912 716 955 234 530 989 775 530 29 735 458 643 627 643 836 634 950 843 782 526 258 148 698 401 627 138 939 426 777 557 0 579 650 802 554 424 441 
790 829 534 725 847 728 387 6 928 440 458 704 86 759 451 393 558 714 190 746 298 491 1000 475 254 921 122 212 270 753 785 394 735 579 0 997 116 628 622 848 
363 632 905 62 260 301 118 424 796 608 591 319 672 509 280 623 122 485 672 446 897 29 218 361 383 29 990 751 789 49 578 973 980 650 997 0 102 715 521 862 
420 20 130 152 711 695 792 146 187 21 893 736 217 512 728 367 311 698 431 954 268 397 188 982 191 879 384 366 712 842 758 945 550 802 116 102 0 22 863 240 
830 695 645 109 513 225 875 764 530 140 608 416 768 147 752 846 97 171 140 311 883 316 931 308 162 788 658 799 938 220 935 493 792 554 628 715 22 0 260 566 
411 346 771 355 92 960 292 812 966 28 679 37 513 438 160 138 277 545 25 563 128 238 963 643 858 151 910 824 913 771 871 751 695 424 622 521 863 260 0 62 
297 985 571 947 917 319 655 32 129 880 816 454 437 88 178 292 712 900 463 574 592 301 266 883 672 592 189 50 70 832 757 903 878 441 848 862 240 566 62 0 
0 762 606 901 145 239 495 650 331 217 699 977 621 875 543 166 457 792 654 633 840 282 124 726 165 101 22 606 690 939 150 721 817 164 41 536 547 152 545 607 
762 0 371 696 142 284 230 363 202 232 472 203 122 707 592 3 533 862 406 287 176 243 64 546 363 901 539 651 892 10 547 175 518 539 218 448 859 411 573 33 
606 371 0 1 248 261 400 410 590 454 735 172 231 872 90 573 651 566 587 204 39 575 662 288 399 37 162 429 407 727 67 92 256 664 506 127 955 300 179 487 
901 696 1 0 485 560 757 841 384 411 306 284 913 942 617 62 635 48 186 885 868 109 645 478 142 979 772 189 37 388 636 657 456 24 47 925 747 765 725 134 
145 142 248 485 0 462 266 791 862 555 803 50 577 933 843 68 605 468 326 267 965 493 622 247 20 281 948 337 138 212 352 195 725 290 280 821 209 465 816 207 
239 284 261 560 462 0 901 923 904 288 760 569 942 521 552 348 792 353 825 828 812 224 186 366 874 537 565 984 349 778 493 200 735 30 370 680 340 854 36 551 
495 230 400 757 266 901 0 227 157 435 617 170 931 548 431 596 227 716 603 362 279 342 527 293 401 837 298 321 202 99 758 687 703 889 638 812 364 114 687 410 
650 363 410 841 791 923 227 0 39 134 469 833 633 294 230 353 504 688 581 190 207 348 728 756 921 233 630 664 607 796 52 871 686 556 921 550 631 238 268 729 
331 202 590 384 862 904 157 39 0 151 975 4 699 61 159 399 759 1 897 912 625 219 288 438 453 156 751 313 916 974 861 125 321 27 260 144 616 407 63 767 
217 232 454 411 555 288 435 134 151 0 117 293 518 312 71 105 791 512 282 190 717 362 938 530 128 752 155 789 332 494 900 112 881 117 625 364 873 813 954 191 
699 472 735 306 803 760 617 469 975 117 0 782 40 302 694 889 299 223 334 427 225 112 367 960 182 318 124 393 448 512 773 861 346 409 535 296 146 274 470 162 
977 203 172 284 50 569 170 833 4 293 782 0 905 759 510 669 122 823 453 493 355 353 382 265 520 229 463 369 328 634 992 310 831 809 234 579 292 625 866 473 
621 122 231 913 577 942 931 633 699 518 40 905 0 776 467 261 774 46 319 516 113 377 588 820 567 602 301 398 478 30 686 401 639 139 896 391 998 243 411 633 
875 707 872 942 933 521 548 294 61 312 302 759 776 0 348 334 99 62 259 610 689 325 990 113 586 843 150 750 533 899 47 713 660 494 358 246 347 781 542 917 
543 592 90 617 843 552 431 230 159 71 694 510 467 348 0 155 863 609 637 621 430 175 817 173 431 805 38 276 961 227 222 198 211 359 531 573 119 365 892 748 
166 3 573 62 68 348 596 353 399 105 889 669 261 334 155 0 19 546 996 561 606 637 994 974 19 130 96 181 669 688 812 483 324 325 564 579 606 155 926 748 
457 533 651 635 605 792 227 504 759 791 299 122 774 99 863 19 0 390 417 390 967 699 941 278 778 496 155 786 343 493 870 218 683 396 392 839 747 805 391 24 
792 862 566 48 468 353 716 688 1 512 223 823 46 62 609 546 390 0 276 330 18 895 301 34 337 549 994 344 528 494 670 761 970 140 163 506 247 817 355 249 
654 406 587 186 326 825 603 581 897 282 334 453 319 259 637 996 417 276 0 168 97 774 575 564 527 263 642 148 164 975 213 292 711 454 821 427 534 749 937 571 
633 287 204 885 267 828 362 190 912 190 427 493 516 610 621 561 390 330 168 0 426 689 773 305 849 795 874 911 463 931 634 871 439 65 251 576 127 662 427 310 
840 176 39 868 965 812 279 207 625 717 225 355 113 689 430 606 967 18 97 426 0 143 785 204 385 618 779 751 401 181 974 370 761 379 648 163 645 28 810 453 
282 243 575 109 493 224 342 348 219 362 112 353 377 325 175 637 699 895 774 689 143 0 698 891 588 355 802 118 371 629 133 305 398 350 619 950 630 661 519 804 
124 64 662 645 622 186 527 728 288 938 367 382 588 990 817 994 941 301 575 773 785 698 0 206 508 975 587 263 322 778 701 905 510 410 8 805 852 68 76 890 
726 546 288 478 247 366 293 756 438 530 960 265 820 113 173 974 278 34 564 305 204 891 206 0 822 254 923 491 931 822 352 751 658 737 529 562 143 652 209 140 
165 363 399 142 20 874 401 921 453 128 182 520 567 586 431 19 778 337 527 849 385 588 508 822 0 573 483 275 373 557 406 646 466 983 785 683 873 824 340 336 
101 901 37 979 281 537 837 233 156 752 318 229 602 843 805 130 496 549 263 795 618 355 975 254 573 0 58 218 333 26 610 892 592 452 172 847 58 74 983 430 
22 539 162 772 948 565 298 630 751 155 124 463 301 150 38 96 155 994 642 874 779 802 587 923 483 58 0 529 326 241 724 231 238 582 909 116 537 210 251 764 
606 651 429 189 337 984 321 664 313 789 393 369 398 750 276 181 786 344 148 911 751 118 263 491 275 218 529 0 826 727 846 111 965 428 647 140 543 98 165 750 
690 892 407 37 138 349 202 607 916 332 448 328 478 533 961 669 343 528 164 463 401 371 322 931 373 333 326 826 0 46 411 586 349 839 682 421 222 146 47 829 
939 10 727 388 212 778 99 796 974 494 512 634 30 899 227 688 493 494 975 931 181 629 778 822 557 26 241 727 46 0 818 97 996 157 312 903 180 764 314 119 
150 547 67 636 352 493 758 52 861 900 773 992 686 47 222 812 870 670 213 634 974 133 701 352 406 610 724 846 411 818 0 29 426 540 218 273 152 256 69 350 
721 175 92 657 195 200 687 871 125 112 861 310 401 713 198 483 218 761 292 871 370 305 905 751 646 892 231 111 586 97 29 0 863 240 368 163 88 523 295 124 
817 518 256 456 725 735 703 686 321 881 346 831 639 660 211 324 683 970 711 439 761 398 510 658 466 592 238 965 349 996 426 863 0 519 157 104 464 260 215 40 
164 539 664 24 290 30 889 556 27 117 409 809 139 494 359 325 396 140 454 65 379 350 410 737 983 452 582 428 839 157 540 240 519 0 293 430 189 263 590 458 
41 218 506 47 280 370 638 921 260 625 535 234 896 358 531 564 392 163 821 251 648 619 8 529 785 172 909 647 682 312 218 368 157 293 0 48 898 309 321 355 
536 448 127 925 821 680 812 550 144 364 296 579 391 246 573 579 839 506 427 576 163 950 805 562 683 847 116 140 421 903 273 163 104 430 48 0 773 115 436 27 
547 859 955 747 209 340 364 631 616 873 146 292 998 347 119 606 747 247 534 127 645 630 852 143 873 58 537 543 222 180 152 88 464 189 898 773 0 937 61 566 
152 411 300 765 465 854 114 238 407 813 274 625 243 781 365 155 805 817 749 662 28 661 68 652 824 74 210 98 146 764 256 523 260 263 309 115 937 0 562 505 
545 573 179 725 816 36 687 268 63 954 470 866 411 542 892 926 391 355 937 427 810 519 76 209 340 983 251 165 47 314 69 295 215 590 321 436 61 562 0 881 
607 33 487 134 207 551 410 729 767 191 162 473 633 917 748 748 24 249 571 310 453 804 890 140 336 430 764 750 829 119 350 124 40 458 355 27 566 505 881 0 
0 569 695 555 85 311 509 515 565 290 929 962 370 981 643 75 505 527 674 566 651 201 219 610 42 305 86 526 541 687 268 872 708 31 133 529 754 140 625 783 
569 0 134 842 130 343 458 381 495 250 511 239 154 665 247 252 362 576 556 419 204 77 196 617 430 952 532 886 821 67 550 400 537 509 136 234 909 173 585 51 
695 134 0 326 133 62 596 376 503 245 791 360 185 599 170 311 663 388 605 301 201 576 828 89 628 131 48 311 499 585 123 97 524 703 437 140 756 267 140 392 
555 842 326 0 588 789 708 817 299 214 324 369 870 925 667 96 639 64 445 933 782 76 592 319 130 621 695 431 191 176 468 685 193 39 258 945 734 874 436 115 
85 130 133 588 0 519 548 742 880 328 620 135 689 786 723 160 598 607 251 398 784 503 477 142 81 308 945 589 248 428 473 86 778 296 108 935 234 326 876 161 
311 343 62 789 519 0 967 857 965 230 626 469 777 261 84 512 716 390 882 569 946 351 374 499 989 65 555 737 563 730 564 7 409 260 219 618 292 582 21 617 
509 458 596 708 548 967 0 293 48 507 706 100 835 581 404 525 362 977 362 549 364 239 425 5 298 785 289 249 129 17 769 522 789 799 529 897 351 76 705 222 
515 381 376 817 742 857 293 0 15 174 414 613 711 392 251 455 614 934 762 124 206 450 934 504 937 221 808 781 722 674 54 644 341 292 907 572 727 46 90 923 
565 495 503 299 880 965 48 15 0 56 782 14 773 60 450 416 746 65 566 925 600 280 188 385 75 271 968 388 780 885 988 36 284 114 32 343 886 484 133 793 
290 250 245 214 328 230 507 174 56 0 79 409 833 226 73 177 809 464 389 189 644 86 852 652 218 636 78 758 221 378 826 97 906 229 460 491 940 837 867 79 
929 511 791 324 620 626 706 414 782 79 0 769 247 364 825 918 327 642 310 207 159 223 423 990 28 506 145 599 433 520 577 811 325 507 631 318 302 658 237 103 
962 239 360 369 135 469 100 613 14 409 769 0 723 627 487 368 30 670 502 167 518 433 277 420 790 222 700 519 230 663 926 261 895 893 270 711 187 777 963 758 
370 154 185 870 689 777 835 711 773 833 247 723 0 575 375 57 982 24 201 375 154 361 719 855 953 658 382 818 672 128 553 509 649 238 826 57 793 337 463 575 
981 665 599 925 786 261 581 392 60 226 364 627 575 0 451 625 202 24 127 529 649 254 990 148 662 831 650 574 576 895 249 777 743 596 223 773 503 826 507 987 
643 247 170 667 723 84 404 251 450 73 825 487 375 451 0 103 934 815 833 492 460 237 497 164 715 918 14 264 975 148 151 281 117 363 464 724 165 144 796 788 
75 252 311 96 160 512 525 455 416 177 918 368 57 625 103 0 105 677 781 716 424 843 885 827 216 206 328 89 564 626 981 480 326 538 676 429 650 113 944 566 
505 362 663 639 598 716 362 614 746 809 327 30 982 202 934 105 0 606 452 154 922 489 757 189 694 417 189 743 385 366 676 75 425 392 396 843 767 832 718 228 
527 576 388 64 607 390 977 934 65 464 642 670 24 24 815 677 606 0 139 350 160 975 341 84 275 717 777 426 555 327 523 659 845 176 260 661 469 737 478 92 
674 556 605 445 251 882 362 762 566 389 310 502 201 127 833 781 452 139 0 217 107 822 642 347 439 323 506 103 191 989 155 458 657 329 686 333 413 812 950 734 
566 419 301 933 398 569 549 124 925 189 207 167 375 529 492 716 154 350 217 0 411 892 869 346 887 774 781 986 513 842 593 854 736 253 239 468 25 698 409 534 
651 204 201 782 784 946 364 206 600 644 159 518 154 649 460 424 922 160 107 411 0 56 722 202 435 556 629 756 407 172 817 337 815 80 757 28 958 172 990 566 
201 77 576 76 503 351 239 450 280 86 223 433 361 254 237 843 489 975 822 892 56 0 743 894 461 193 848 184 628 701 52 314 486 259 410 900 340 634 719 839 
219 196 828 592 477 374 425 934 188 852 423 277 719 990 497 885 757 341 642 869 722 743 0 180 222 767 258 8 104 894 769 843 407 642 86 790 635 42 25 715 
610 617 89 319 142 499 5 504 385 652 990 420 855 148 164 827 189 84 347 346 202 894 180 0 769 543 790 441 658 953 507 866 926 795 485 686 61 671 211 238 
42 430 628 130 81 989 298 937 75 218 28 790 953 662 715 216 694 275 439 887 435 461 222 769 0 703 813 66 445 926 351 546 571 829 621 628 832 894 212 230 
305 952 131 621 308 65 785 221 271 636 506 222 658 831 918 206 417 717 323 774 556 193 767 543 703 0 240 538 428 21 225 615 223 302 237 960 97 128 937 307 
86 532 48 695 945 555 289 808 968 78 145 700 382 650 14 328 189 777 506 781 629 848 258 790 813 240 0 288 259 420 852 14 630 398 902 58 538 354 258 890 
526 886 311 431 589 737 249 781 388 758 599 519 818 574 264 89 743 426 103 986 756 184 8 441 66 538 288 0 957 606 1000 302 829 255 734 272 750 244 221 991 
541 821 499 191 248 563 129 722 780 221 433 230 672 576 975 564 385 555 191 513 407 628 104 658 445 428 259 957 0 10 458 739 275 908 411 282 206 92 77 905 
687 67 585 176 428 730 17 674 885 378 520 663 128 895 148 626 366 327 989 842 172 701 894 953 926 21 420 606 10 0 725 529 959 273 193 924 66 674 117 47 
268 550 123 468 473 564 769 54 988 826 577 926 553 249 151 981 676 523 155 593 817 52 769 507 351 225 852 1000 458 725 0 268 332 605 39 432 339 87 54 411 
872 400 97 685 86 7 522 644 36 97 811 261 509 777 281 480 75 659 458 854 337 314 843 866 546 615 14 302 739 529 268 0 519 190 615 196 104 361 108 78 
708 537 524 193 778 409 789 341 284 906 325 895 649 743 117 326 425 845 657 736 815 486 407 926 571 223 630 829 275 959 332 519 0 190 272 82 413 62 264 84 
31 509 703 39 296 260 799 292 114 229 507 893 238 596 363 538 392 176 329 253 80 259 642 795 829 302 398 255 908 273 605 190 190 0 473 251 345 449 375 521 
133 136 437 258 108 219 529 907 32 460 631 270 826 223 464 676 396 260 686 239 757 410 86 485 621 237 902 734 411 193 39 615 272 473 0 95 975 330 352 312 
529 234 140 945 935 618 897 572 343 491 318 711 57 773 724 429 843 661 333 468 28 900 790 686 628 960 58 272 282 924 432 196 82 251 95 0 873 85 468 240 
754 909 756 734 234 292 351 727 886 940 302 187 793 503 165 650 767 469 413 25 958 340 635 61 832 97 538 750 206 66 339 104 413 345 975 873 0 985 180 948 
140 173 267 874 326 582 76 46 484 837 658 777 337 826 144 113 832 737 812 698 172 634 42 671 894 128 354 244 92 674 87 361 62 449 330 85 985 0 852 588 
625 585 140 436 876 21 705 90 133 867 237 963 463 507 796 944 718 478 950 409 990 719 25 211 212 937 258 221 77 117 54 108 264 375 352 468 180 852 0 956 
783 51 392 115 161 617 222 923 793 79 103 758 575 987 788 566 228 92 734 534 566 839 715 238 230 307 890 991 905 47 411 78 84 521 312 240 948 588 956 0 
