50 4
0 368 602 445 38 752 174 254 906 858 924 298 882 907 936 79 609 601 100 965 945 418 863 935 476 362 939 298 716 498 706 946 645 221 339 613 722 817 96 954 676 368 515 165 899 598 906 592 960 213 
368 0 547 448 597 885 226 279 963 721 149 556 72 292 804 360 965 285 219 826 135 293 136 401 850 620 960 303 359 103 49 833 367 934 650 651 49 741 880 233 509 662 610 327 638 314 112 499 314 294 
602 547 0 941 685 383 993 898 698 657 580 891 168 811 714 938 182 648 230 412 88 121 114 211 52 765 910 962 473 379 784 81 817 971 820 840 855 381 116 72 58 80 467 163 839 286 825 534 727 663 
445 448 941 0 11 392 175 163 506 272 197 105 61 103 379 542 229 927 860 243 750 897 705 757 29 217 574 403 908 857 692 211 986 512 753 781 126 475 34 498 805 335 759 233 474 762 556 212 154 323 
38 597 685 11 0 3 334 177 875 252 575 882 482 474 778 274 334 299 113 109 815 607 499 776 791 691 898 280 786 464 764 883 427 299 148 113 204 729 970 486 635 875 69 567 489 558 69 613 610 387 
752 885 383 392 3 0 994 982 644 868 472 580 550 702 519 835 66 243 257 143 949 530 944 671 321 24 790 397 170 426 659 829 452 470 929 141 765 68 634 28 534 700 1000 967 631 904 539 232 367 947 
174 226 993 175 334 994 0 378 721 463 28 817 893 625 637 213 452 907 189 954 415 921 895 534 360 637 241 36 959 954 223 482 163 648 497 913 118 28 62 453 250 66 438 670 962 738 554 606 893 528 
254 279 898 163 177 982 378 0 710 281 881 49 637 811 618 881 210 148 659 869 488 691 930 200 894 591 916 51 140 824 288 572 716 741 224 336 340 473 521 884 947 829 15 307 615 620 473 744 453 333 
906 963 698 506 875 644 721 710 0 200 548 520 949 353 964 429 735 392 587 90 361 409 915 705 7 526 39 441 2 591 166 116 756 75 804 878 12 841 591 790 922 63 823 863 692 797 970 660 913 349 
858 721 657 272 252 868 463 281 200 0 823 879 553 301 957 396 700 376 252 27 178 368 276 715 257 484 337 807 127 517 568 639 409 195 752 925 685 60 509 335 31 776 53 683 872 240 636 605 171 337 
924 149 580 197 575 472 28 881 548 823 0 197 927 393 820 11 555 79 579 359 299 917 360 230 531 243 662 192 38 922 319 537 94 815 764 21 966 525 361 288 144 496 42 746 758 254 721 156 635 114 
298 556 891 105 882 580 817 49 520 879 197 0 86 153 500 507 507 154 642 819 166 676 788 468 465 55 915 214 833 427 458 315 575 573 225 946 927 632 493 101 369 593 490 963 629 978 82 19 852 964 
882 72 168 61 482 550 893 637 949 553 927 86 0 840 903 763 671 122 513 967 694 1 145 666 68 184 697 771 396 108 14 849 938 332 42 655 114 567 990 428 919 114 32 890 808 605 334 902 147 18 
907 292 811 103 474 702 625 811 353 301 393 153 840 0 943 530 463 133 713 146 160 937 274 505 536 175 686 377 919 99 529 616 366 451 545 902 372 782 845 740 304 802 809 551 284 398 68 67 523 37 
936 804 714 379 778 519 637 618 964 957 820 500 903 943 0 686 663 786 308 933 634 330 909 294 806 822 909 388 216 699 858 539 894 283 399 87 554 987 132 609 453 986 810 857 642 910 51 335 423 428 
79 360 938 542 274 835 213 881 429 396 11 507 763 530 686 0 817 177 632 289 404 353 196 662 833 513 747 186 431 629 855 553 431 344 442 32 501 329 404 800 937 841 252 909 279 619 559 846 851 990 
609 965 182 229 334 66 452 210 735 700 555 507 671 463 663 817 0 108 409 767 56 194 644 162 671 418 684 860 169 918 226 73 280 273 333 943 692 487 431 982 191 651 581 875 69 407 584 513 836 742 
601 285 648 927 299 243 907 148 392 376 79 154 122 133 786 177 108 0 838 108 516 170 656 423 436 209 910 310 761 97 647 992 975 253 503 437 312 287 353 338 864 226 610 580 19 464 95 225 467 388 
100 219 230 860 113 257 189 659 587 252 579 642 513 713 308 632 409 838 0 461 780 717 306 365 827 27 390 869 18 382 44 858 109 68 530 25 261 11 723 632 438 605 545 759 905 94 929 541 270 949 
965 826 412 243 109 143 954 869 90 27 359 819 967 146 933 289 767 108 461 0 72 247 532 362 416 795 795 962 537 624 819 913 262 543 668 677 800 994 905 42 31 400 39 630 974 576 206 572 27 935 
945 135 88 750 815 949 415 488 361 178 299 166 694 160 634 404 56 516 780 72 0 234 816 622 376 921 693 798 647 853 427 59 279 970 366 946 575 52 563 390 821 311 945 142 396 966 611 564 333 629 
418 293 121 897 607 530 921 691 409 368 917 676 1 937 330 353 194 170 717 247 234 0 799 344 885 699 959 978 37 134 180 350 363 398 712 648 164 492 681 233 603 853 958 458 724 764 668 988 497 813 
863 136 114 705 499 944 895 930 915 276 360 788 145 274 909 196 644 656 306 532 816 799 0 17 690 354 693 159 611 379 730 894 555 251 977 713 535 263 503 230 634 616 617 442 255 384 982 517 883 750 
935 401 211 757 776 671 534 200 705 715 230 468 666 505 294 662 162 423 365 362 622 344 17 0 18 32 110 928 984 653 495 189 349 557 290 348 718 963 176 381 521 142 571 532 53 567 137 683 435 444 
476 850 52 29 791 321 360 894 7 257 531 465 68 536 806 833 671 436 827 416 376 885 690 18 0 393 523 971 156 978 823 601 895 880 639 253 355 615 789 896 912 214 55 571 548 163 854 702 333 977 
362 620 765 217 691 24 637 591 526 484 243 55 184 175 822 513 418 209 27 795 921 699 354 32 393 0 752 199 248 297 799 366 634 697 788 671 428 152 422 476 129 13 440 72 26 197 386 271 77 316 
939 960 910 574 898 790 241 916 39 337 662 915 697 686 909 747 684 910 390 795 693 959 693 110 523 752 0 481 255 413 221 398 475 841 779 18 544 126 627 272 284 760 874 607 236 134 960 94 306 411 
298 303 962 403 280 397 36 51 441 807 192 214 771 377 388 186 860 310 869 962 798 978 159 928 971 199 481 0 156 271 656 498 381 237 328 212 852 712 593 586 777 499 441 556 264 749 81 49 684 962 
716 359 473 908 786 170 959 140 2 127 38 833 396 919 216 431 169 761 18 537 647 37 611 984 156 248 255 156 0 366 260 809 801 482 621 227 39 371 697 193 41 364 802 840 689 850 9 128 252 28 
498 103 379 857 464 426 954 824 591 517 922 427 108 99 699 629 918 97 382 624 853 134 379 653 978 297 413 271 366 0 763 818 484 376 267 666 94 312 851 957 904 313 521 901 990 890 779 253 347 401 
706 49 784 692 764 659 223 288 166 568 319 458 14 529 858 855 226 647 44 819 427 180 730 495 823 799 221 656 260 763 0 475 75 592 869 850 146 156 219 728 86 821 62 677 640 274 317 442 295 269 
946 833 81 211 883 829 482 572 116 639 537 315 849 616 539 553 73 992 858 913 59 350 894 189 601 366 398 498 809 818 475 0 181 235 294 458 233 633 589 431 410 387 970 377 170 421 937 228 840 220 
645 367 817 986 427 452 163 716 756 409 94 575 938 366 894 431 280 975 109 262 279 363 555 349 895 634 475 381 801 484 75 181 0 335 587 704 470 813 438 420 822 7 462 987 484 972 772 876 838 795 
221 934 971 512 299 470 648 741 75 195 815 573 332 451 283 344 273 253 68 543 970 398 251 557 880 697 841 237 482 376 592 235 335 0 82 563 921 422 722 580 470 14 446 146 134 582 700 428 3 45 
339 650 820 753 148 929 497 224 804 752 764 225 42 545 399 442 333 503 530 668 366 712 977 290 639 788 779 328 621 267 869 294 587 82 0 71 1 516 993 747 420 40 500 325 152 478 12 940 309 662 
613 651 840 781 113 141 913 336 878 925 21 946 655 902 87 32 943 437 25 677 946 648 713 348 253 671 18 212 227 666 850 458 704 563 71 0 592 178 162 189 278 959 110 793 196 952 380 320 307 422 
722 49 855 126 204 765 118 340 12 685 966 927 114 372 554 501 692 312 261 800 575 164 535 718 355 428 544 852 39 94 146 233 470 921 1 592 0 34 669 877 596 39 813 425 23 13 705 160 141 382 
817 741 381 475 729 68 28 473 841 60 525 632 567 782 987 329 487 287 11 994 52 492 263 963 615 152 126 712 371 312 156 633 813 422 516 178 34 0 707 862 511 922 401 386 459 164 480 513 922 590 
96 880 116 34 970 634 62 521 591 509 361 493 990 845 132 404 431 353 723 905 563 681 503 176 789 422 627 593 697 851 219 589 438 722 993 162 669 707 0 224 737 265 106 984 676 248 374 77 263 515 
954 233 72 498 486 28 453 884 790 335 288 101 428 740 609 800 982 338 632 42 390 233 230 381 896 476 272 586 193 957 728 431 420 580 747 189 877 862 224 0 237 209 921 902 409 286 898 983 889 639 
676 509 58 805 635 534 250 947 922 31 144 369 919 304 453 937 191 864 438 31 821 603 634 521 912 129 284 777 41 904 86 410 822 470 420 278 596 511 737 237 0 150 495 481 281 909 100 950 237 279 
368 662 80 335 875 700 66 829 63 776 496 593 114 802 986 841 651 226 605 400 311 853 616 142 214 13 760 499 364 313 821 387 7 14 40 959 39 922 265 209 150 0 267 344 913 383 486 667 122 37 
515 610 467 759 69 1000 438 15 823 53 42 490 32 809 810 252 581 610 545 39 945 958 617 571 55 440 874 441 802 521 62 970 462 446 500 110 813 401 106 921 495 267 0 924 293 457 988 609 524 226 
165 327 163 233 567 967 670 307 863 683 746 963 890 551 857 909 875 580 759 630 142 458 442 532 571 72 607 556 840 901 677 377 987 146 325 793 425 386 984 902 481 344 924 0 103 426 946 244 204 103 
899 638 839 474 489 631 962 615 692 872 758 629 808 284 642 279 69 19 905 974 396 724 255 53 548 26 236 264 689 990 640 170 484 134 152 196 23 459 676 409 281 913 293 103 0 239 403 874 194 812 
598 314 286 762 558 904 738 620 797 240 254 978 605 398 910 619 407 464 94 576 966 764 384 567 163 197 134 749 850 890 274 421 972 582 478 952 13 164 248 286 909 383 457 426 239 0 236 651 861 236 
906 112 825 556 69 539 554 473 970 636 721 82 334 68 51 559 584 95 929 206 611 668 982 137 854 386 960 81 9 779 317 937 772 700 12 380 705 480 374 898 100 486 988 946 403 236 0 389 84 87 
592 499 534 212 613 232 606 744 660 605 156 19 902 67 335 846 513 225 541 572 564 988 517 683 702 271 94 49 128 253 442 228 876 428 940 320 160 513 77 983 950 667 609 244 874 651 389 0 315 342 
960 314 727 154 610 367 893 453 913 171 635 852 147 523 423 851 836 467 270 27 333 497 883 435 333 77 306 684 252 347 295 840 838 3 309 307 141 922 263 889 237 122 524 204 194 861 84 315 0 809 
213 294 663 323 387 947 528 333 349 337 114 964 18 37 428 990 742 388 949 935 629 813 750 444 977 316 411 962 28 401 269 220 795 45 662 422 382 590 515 639 279 37 226 103 812 236 87 342 809 0 
0 526 178 95 108 380 500 451 703 543 249 570 162 718 490 273 300 79 949 42 150 52 138 975 210 795 723 476 612 500 113 990 84 657 581 829 641 828 692 845 815 204 816 367 463 140 543 881 404 913 
526 0 104 130 213 562 677 325 621 852 924 574 471 343 158 530 380 625 803 127 514 625 149 555 263 886 659 395 351 242 350 145 302 901 921 602 797 398 731 491 390 320 225 847 557 537 995 264 815 139 
178 104 0 689 556 63 474 993 471 97 927 604 303 62 985 274 49 993 381 109 599 189 503 520 262 923 900 176 169 250 884 631 753 399 255 844 110 455 478 929 801 592 484 635 179 435 355 391 249 219 
95 130 689 0 512 652 579 75 333 762 99 320 51 155 578 151 772 206 632 237 40 769 723 320 484 92 10 947 590 583 133 398 910 121 311 992 703 265 481 983 484 647 358 822 680 276 336 955 538 937 
108 213 556 512 0 543 662 926 370 866 143 558 933 306 690 187 620 487 995 72 310 377 921 172 452 747 635 71 209 700 310 184 963 45 77 893 459 656 936 158 910 921 733 640 11 600 418 486 152 950 
380 562 63 652 543 0 237 262 858 272 443 44 467 649 386 234 818 220 792 955 134 623 358 635 356 478 370 343 607 351 235 689 965 766 824 663 532 25 997 465 853 162 179 374 296 106 875 831 410 104 
500 677 474 579 662 237 0 709 138 520 86 680 284 146 848 180 850 553 206 764 142 219 587 509 34 982 548 351 491 55 262 625 893 692 963 943 285 110 774 744 706 491 98 746 415 759 55 944 288 317 
451 325 993 75 926 262 709 0 922 420 718 173 696 685 481 134 604 391 683 642 60 636 248 22 249 642 557 390 291 164 208 814 362 742 255 896 737 308 663 408 99 178 295 314 879 549 640 24 792 529 
703 621 471 333 370 858 138 922 0 554 334 780 799 837 396 70 324 306 884 645 49 397 594 192 579 638 260 143 615 851 102 55 945 5 386 255 90 943 976 659 103 72 310 646 946 601 82 709 214 268 
543 852 97 762 866 272 520 420 554 0 543 297 913 578 765 991 720 127 531 412 270 778 178 779 901 668 870 826 774 426 815 923 68 345 575 102 914 627 188 332 437 30 807 457 198 560 732 925 164 665 
249 924 927 99 143 443 86 718 334 543 0 345 621 734 993 26 877 887 100 844 339 626 231 829 593 876 864 163 562 327 305 677 445 239 871 400 482 759 811 765 358 153 366 742 856 849 401 841 922 598 
570 574 604 320 558 44 680 173 780 297 345 0 472 628 549 453 306 137 865 535 93 304 768 94 501 209 147 503 671 910 395 626 458 280 609 535 11 596 48 26 709 435 784 830 757 112 549 615 89 974 
162 471 303 51 933 467 284 696 799 913 621 472 0 644 509 172 616 309 507 857 431 464 920 299 346 584 932 405 821 386 366 846 824 171 269 951 808 406 530 423 788 734 283 768 679 638 104 353 345 275 
718 343 62 155 306 649 146 685 837 578 734 628 644 0 487 853 6 516 291 356 287 279 320 593 354 353 309 738 366 666 698 894 862 403 602 325 713 760 944 684 542 602 987 566 179 792 910 749 429 189 
490 158 985 578 690 386 848 481 396 765 993 549 509 487 0 592 407 687 681 350 924 866 507 797 136 35 277 954 220 765 556 689 986 471 951 220 706 174 640 724 249 843 728 906 134 594 651 636 349 696 
273 530 274 151 187 234 180 134 70 991 26 453 172 853 592 0 438 638 661 549 745 605 807 517 843 87 183 246 646 974 198 217 218 434 794 877 833 215 387 699 727 691 81 417 497 760 606 346 918 67 
300 380 49 772 620 818 850 604 324 720 877 306 616 6 407 438 0 886 547 549 881 108 829 761 424 652 993 49 204 644 941 775 76 493 156 355 420 621 471 735 569 128 917 711 292 642 919 421 500 69 
79 625 993 206 487 220 553 391 306 127 887 137 309 516 687 638 886 0 409 522 426 482 210 329 723 546 950 623 547 835 804 35 793 494 262 164 300 698 660 798 711 891 954 789 116 640 834 121 361 256 
949 803 381 632 995 792 206 683 884 531 100 865 507 291 681 661 547 409 0 487 871 516 779 72 376 1000 400 918 781 659 344 201 343 368 792 816 421 514 944 80 871 918 301 288 557 27 228 9 51 39 
42 127 109 237 72 955 764 642 645 412 844 535 857 356 350 549 549 522 487 0 949 111 662 138 914 448 491 245 330 377 288 481 382 55 416 345 767 567 186 459 69 760 143 616 90 663 319 737 461 253 
150 514 599 40 310 134 142 60 49 270 339 93 431 287 924 745 881 426 871 949 0 608 838 795 794 509 918 106 363 387 572 963 157 3 592 532 31 917 778 218 791 668 681 390 946 6 120 858 945 235 
52 625 189 769 377 623 219 636 397 778 626 304 464 279 866 605 108 482 516 111 608 0 1 187 373 134 213 735 734 633 243 400 525 207 119 637 704 48 20 888 382 821 220 141 685 834 965 175 122 439 
138 149 503 723 921 358 587 248 594 178 231 768 920 320 507 807 829 210 779 662 838 1 0 21 125 503 62 936 390 502 674 270 783 535 844 352 225 797 57 568 913 330 20 359 114 883 511 979 276 511 
975 555 520 320 172 635 509 22 192 779 829 94 299 593 797 517 761 329 72 138 795 187 21 0 845 911 466 125 958 3 523 130 636 766 350 37 223 551 145 581 336 566 33 140 187 101 847 481 984 381 
210 263 262 484 452 356 34 249 579 901 593 501 346 354 136 843 424 723 376 914 794 373 125 845 0 344 852 599 830 757 851 229 963 617 982 449 28 931 317 258 995 344 156 955 9 121 799 516 597 457 
795 886 923 92 747 478 982 642 638 668 876 209 584 353 35 87 652 546 1000 448 509 134 503 911 344 0 481 418 314 584 214 357 496 727 337 463 564 619 631 638 783 222 740 228 96 121 220 97 386 636 
723 659 900 10 635 370 548 557 260 870 864 147 932 309 277 183 993 950 400 491 918 213 62 466 852 481 0 154 968 249 157 94 885 154 657 235 196 53 400 865 592 548 131 944 71 986 383 656 13 733 
476 395 176 947 71 343 351 390 143 826 163 503 405 738 954 246 49 623 918 245 106 735 936 125 599 418 154 0 708 684 176 574 398 368 617 91 741 871 989 253 357 577 936 70 407 878 739 307 289 13 
612 351 169 590 209 607 491 291 615 774 562 671 821 366 220 646 204 547 781 330 363 734 390 958 830 314 968 708 0 403 342 937 856 789 276 164 330 990 602 441 358 387 670 730 807 266 381 320 247 934 
500 242 250 583 700 351 55 164 851 426 327 910 386 666 765 974 644 835 659 377 387 633 502 3 757 584 249 684 403 0 36 381 93 407 911 127 46 228 323 913 109 154 741 990 315 347 593 869 273 163 
113 350 884 133 310 235 262 208 102 815 305 395 366 698 556 198 941 804 344 288 572 243 674 523 851 214 157 176 342 36 0 108 158 852 464 783 775 859 507 413 654 649 546 879 99 394 177 505 297 590 
990 145 631 398 184 689 625 814 55 923 677 626 846 894 689 217 775 35 201 481 963 400 270 130 229 357 94 574 937 381 108 0 661 432 643 741 866 697 596 242 164 990 442 554 325 49 547 542 436 269 
84 302 753 910 963 965 893 362 945 68 445 458 824 862 986 218 76 793 343 382 157 525 783 636 963 496 885 398 856 93 158 661 0 281 475 631 344 826 579 741 956 498 478 728 702 374 641 931 762 350 
657 901 399 121 45 766 692 742 5 345 239 280 171 403 471 434 493 494 368 55 3 207 535 766 617 727 154 368 789 407 852 432 281 0 814 458 46 471 510 782 736 406 754 775 91 126 383 131 8 418 
581 921 255 311 77 824 963 255 386 575 871 609 269 602 951 794 156 262 792 416 592 119 844 350 982 337 657 617 276 911 464 643 475 814 0 812 771 642 44 622 112 630 628 394 225 294 157 744 336 273 
829 602 844 992 893 663 943 896 255 102 400 535 951 325 220 877 355 164 816 345 532 637 352 37 449 463 235 91 164 127 783 741 631 458 812 0 859 367 998 524 236 477 233 92 439 743 30 305 400 623 
641 797 110 703 459 532 285 737 90 914 482 11 808 713 706 833 420 300 421 767 31 704 225 223 28 564 196 741 330 46 775 866 344 46 771 859 0 896 773 714 135 569 801 392 964 113 813 875 952 908 
828 398 455 265 656 25 110 308 943 627 759 596 406 760 174 215 621 698 514 567 917 48 797 551 931 619 53 871 990 228 859 697 826 471 642 367 896 0 842 439 529 721 903 197 720 735 38 854 200 156 
692 731 478 481 936 997 774 663 976 188 811 48 530 944 640 387 471 660 944 186 778 20 57 145 317 631 400 989 602 323 507 596 579 510 44 998 773 842 0 628 481 598 193 49 954 363 36 304 798 169 
845 491 929 983 158 465 744 408 659 332 765 26 423 684 724 699 735 798 80 459 218 888 568 581 258 638 865 253 441 913 413 242 741 782 622 524 714 439 628 0 800 626 718 737 958 163 75 736 529 907 
815 390 801 484 910 853 706 99 103 437 358 709 788 542 249 727 569 711 871 69 791 382 913 336 995 783 592 357 358 109 654 164 956 736 112 236 135 529 481 800 0 994 660 374 915 180 889 805 90 837 
204 320 592 647 921 162 491 178 72 30 153 435 734 602 843 691 128 891 918 760 668 821 330 566 344 222 548 577 387 154 649 990 498 406 630 477 569 721 598 626 994 0 730 696 624 928 702 667 331 653 
816 225 484 358 733 179 98 295 310 807 366 784 283 987 728 81 917 954 301 143 681 220 20 33 156 740 131 936 670 741 546 442 478 754 628 233 801 903 193 718 660 730 0 47 331 332 791 981 625 583 
367 847 635 822 640 374 746 314 646 457 742 830 768 566 906 417 711 789 288 616 390 141 359 140 955 228 944 70 730 990 879 554 728 775 394 92 392 197 49 737 374 696 47 0 853 342 816 535 873 877 
463 557 179 680 11 296 415 879 946 198 856 757 679 179 134 497 292 116 557 90 946 685 114 187 9 96 71 407 807 315 99 325 702 91 225 439 964 720 954 958 915 624 331 853 0 190 19 505 828 966 
140 537 435 276 600 106 759 549 601 560 849 112 638 792 594 760 642 640 27 663 6 834 883 101 121 121 986 878 266 347 394 49 374 126 294 743 113 735 363 163 180 928 332 342 190 0 179 126 643 172 
543 995 355 336 418 875 55 640 82 732 401 549 104 910 651 606 919 834 228 319 120 965 511 847 799 220 383 739 381 593 177 547 641 383 157 30 813 38 36 75 889 702 791 816 19 179 0 546 563 114 
881 264 391 955 486 831 944 24 709 925 841 615 353 749 636 346 421 121 9 737 858 175 979 481 516 97 656 307 320 869 505 542 931 131 744 305 875 854 304 736 805 667 981 535 505 126 546 0 20 601 
404 815 249 538 152 410 288 792 214 164 922 89 345 429 349 918 500 361 51 461 945 122 276 984 597 386 13 289 247 273 297 436 762 8 336 400 952 200 798 529 90 331 625 873 828 643 563 20 0 641 
913 139 219 937 950 104 317 529 268 665 598 974 275 189 696 67 69 256 39 253 235 439 511 381 457 636 733 13 934 163 590 269 350 418 273 623 908 156 169 907 837 653 583 877 966 172 114 601 641 0 
0 362 4 108 210 382 448 424 814 648 338 598 314 765 289 234 363 34 885 111 206 113 132 856 131 912 892 560 274 649 185 896 194 629 522 634 619 754 598 735 822 312 876 378 530 89 650 930 396 609 
362 0 116 256 252 509 740 389 553 599 849 676 649 254 147 478 412 763 822 76 512 524 71 622 243 715 822 355 330 199 283 69 415 870 934 621 873 397 716 486 395 210 165 747 588 767 924 282 980 172 
4 116 0 794 306 26 340 936 372 140 816 650 172 10 798 316 91 857 458 126 582 29 417 467 185 895 791 87 97 129 903 666 656 420 332 894 129 283 334 906 721 658 459 653 222 364 436 362 319 193 
108 256 794 0 705 568 478 111 310 791 90 364 146 218 504 178 915 272 553 208 133 540 854 278 680 59 51 888 590 561 103 405 827 246 244 837 784 181 505 850 578 639 371 743 685 240 359 938 645 768 
210 252 306 705 0 461 620 943 295 845 12 591 951 206 722 134 668 428 878 201 295 299 899 254 406 733 827 208 226 830 341 129 904 98 195 778 481 635 966 30 981 934 978 538 147 575 618 512 243 879 
382 509 26 568 461 0 165 418 866 282 502 106 444 445 412 256 638 14 658 885 220 637 375 585 288 424 459 404 795 496 367 618 995 787 856 627 369 154 929 519 841 270 131 421 156 158 959 705 521 179 
448 740 340 478 620 165 0 745 174 628 218 651 269 376 897 302 795 613 149 763 246 174 477 581 258 951 527 279 471 147 355 658 629 745 946 951 441 141 772 813 955 238 69 632 406 927 44 982 204 406 
424 389 936 111 943 418 745 0 935 477 729 146 630 747 389 179 664 437 674 533 112 753 289 107 240 482 538 410 356 236 291 742 334 662 287 937 718 315 712 443 200 417 208 175 985 598 633 148 799 654 
814 553 372 310 295 866 174 935 0 586 372 640 821 991 274 81 288 493 793 617 120 357 818 196 618 604 387 193 499 789 55 150 887 15 443 213 180 824 921 761 114 64 164 781 829 616 281 720 211 91 
648 599 140 791 845 282 628 477 586 0 601 220 821 632 748 922 603 234 716 290 336 780 196 790 909 729 937 587 811 471 937 769 93 247 701 266 820 691 398 414 121 66 830 371 264 501 758 910 167 848 
338 849 816 90 12 502 218 729 372 601 0 382 692 669 987 75 831 775 121 664 231 538 39 835 524 834 895 134 551 260 257 866 463 59 803 372 458 908 727 856 440 91 181 818 901 836 454 644 945 629 
598 676 650 364 591 106 651 146 640 220 382 0 473 440 454 391 52 94 963 478 171 404 737 94 251 321 211 607 601 824 210 643 511 86 691 390 110 690 95 58 790 383 732 762 751 139 450 730 258 842 
314 649 172 146 951 444 269 630 821 821 692 473 0 756 475 141 456 390 426 846 444 403 943 416 412 715 923 373 727 235 275 722 856 200 149 992 838 468 636 370 669 858 259 786 549 618 109 231 341 394 
765 254 10 218 206 445 376 747 991 632 669 440 756 0 289 826 96 458 345 290 272 269 243 650 190 266 390 649 283 570 772 906 1000 499 613 286 471 855 823 693 514 724 925 458 155 982 966 720 425 161 
289 147 798 504 722 412 897 389 274 748 987 454 475 289 0 657 461 684 681 191 753 923 543 698 169 27 121 952 234 842 719 563 889 618 866 225 794 125 593 672 219 917 846 887 320 568 676 587 512 714 
234 478 316 178 134 256 302 179 81 922 75 391 141 826 657 0 272 627 857 632 858 677 854 546 617 161 44 42 618 908 136 190 146 372 883 786 727 401 432 605 854 749 46 375 402 673 650 292 965 91 
363 412 91 915 668 638 795 664 288 603 831 52 456 96 461 272 0 609 770 655 876 48 896 707 400 750 972 88 122 609 961 767 20 417 132 433 236 568 298 789 594 35 883 820 215 652 884 244 374 80 
34 763 857 272 428 14 613 437 493 234 775 94 390 458 684 627 609 0 383 506 469 491 115 566 796 611 976 573 577 765 707 110 729 379 162 291 249 614 623 821 538 653 853 691 115 637 854 4 304 45 
885 822 458 553 878 658 149 674 793 716 121 963 426 345 681 857 770 383 0 411 701 479 788 6 589 986 235 928 844 707 364 276 257 282 627 682 382 502 868 58 872 932 389 132 568 179 456 329 121 187 
111 76 126 208 201 885 763 533 617 290 664 478 846 290 191 632 655 506 411 0 961 202 776 237 826 555 369 260 322 366 272 461 400 75 295 326 788 529 201 495 147 568 62 721 32 936 430 653 447 267 
206 512 582 133 295 220 246 112 120 336 231 171 444 272 753 858 876 469 701 961 0 632 959 860 682 455 913 108 296 462 551 947 46 79 588 534 215 897 633 331 676 669 558 122 934 60 136 703 920 220 
113 524 29 540 299 637 174 753 357 780 538 404 403 269 923 677 48 491 479 202 632 0 107 44 286 102 156 888 810 633 142 422 571 206 212 784 671 106 20 886 203 750 135 138 594 695 946 298 182 418 
132 71 417 854 899 375 477 289 818 196 39 737 943 243 543 854 896 115 788 776 959 107 0 66 29 561 23 923 462 601 790 269 652 477 761 283 261 923 152 488 827 149 36 159 155 871 458 789 438 483 
856 622 467 278 254 585 581 107 196 790 835 94 416 650 698 546 707 566 6 237 860 44 66 0 825 842 520 257 836 62 524 179 799 603 308 55 179 537 113 582 375 531 108 17 133 169 733 354 880 293 
131 243 185 680 406 288 258 240 618 909 524 251 412 190 169 617 400 796 589 826 682 286 29 825 0 353 837 552 830 759 900 147 913 721 978 389 109 905 432 85 929 331 199 786 112 61 825 498 550 431 
912 715 895 59 733 424 951 482 604 729 834 321 715 266 27 161 750 611 986 555 455 102 561 842 353 0 547 482 186 681 332 465 487 534 412 515 439 489 460 796 964 229 709 443 151 234 325 72 505 424 
892 822 791 51 827 459 527 538 387 937 895 211 923 390 121 44 972 976 235 369 913 156 23 520 837 547 0 75 826 416 139 189 936 162 567 162 208 232 334 984 594 549 178 968 146 912 611 597 19 687 
560 355 87 888 208 404 279 410 193 587 134 607 373 649 952 42 88 573 928 260 108 888 923 257 552 482 75 0 623 668 126 492 544 417 862 196 613 828 965 444 205 560 926 125 482 914 894 178 214 2 
274 330 97 590 226 795 471 356 499 811 551 601 727 283 234 618 122 577 844 322 296 810 462 836 830 186 826 623 0 382 298 836 850 806 333 85 244 876 575 510 85 231 623 615 902 380 492 296 209 880 
649 199 129 561 830 496 147 236 789 471 260 824 235 570 842 908 609 765 707 366 462 633 601 62 759 681 416 668 382 0 17 401 74 374 927 165 218 419 458 980 83 56 651 936 199 358 458 953 413 198 
185 283 903 103 341 367 355 291 55 937 257 210 275 772 719 136 961 707 364 272 551 142 790 524 900 332 139 126 298 17 0 99 28 868 521 843 579 852 642 554 777 816 684 847 166 232 286 425 284 697 
896 69 666 405 129 618 658 742 150 769 866 643 722 906 563 190 767 110 276 461 947 422 269 179 147 465 189 492 836 401 99 0 725 378 782 842 882 657 707 171 72 860 318 494 130 16 306 538 388 149 
194 415 656 827 904 995 629 334 887 93 463 511 856 1000 889 146 20 729 257 400 46 571 652 799 913 487 936 544 850 74 28 725 0 303 408 785 291 816 575 665 975 512 394 832 600 538 763 929 642 530 
629 870 420 246 98 787 745 662 15 247 59 86 200 499 618 372 417 379 282 75 79 206 477 603 721 534 162 417 806 374 868 378 303 0 568 430 24 552 601 775 827 279 588 826 142 186 160 114 42 407 
522 934 332 244 195 856 946 287 443 701 803 691 149 613 866 883 132 162 627 295 588 212 761 308 978 412 567 862 333 927 521 782 408 568 0 881 666 581 41 650 109 644 645 348 326 354 232 807 235 184 
634 621 894 837 778 627 951 937 213 266 372 390 992 286 225 786 433 291 682 326 534 784 283 55 389 515 162 196 85 165 843 842 785 430 881 0 845 469 759 388 126 476 272 164 539 680 52 353 354 503 
619 873 129 784 481 369 441 718 180 820 458 110 838 471 794 727 236 249 382 788 215 671 261 179 109 439 208 613 244 218 579 882 291 24 666 845 0 849 561 811 3 698 931 294 895 128 891 757 780 811 
754 397 283 181 635 154 141 315 824 691 908 690 468 855 125 401 568 614 502 529 897 106 923 537 905 489 232 828 876 419 852 657 816 552 581 469 849 0 824 460 660 796 982 216 660 778 66 727 146 263 
598 716 334 505 966 929 772 712 921 398 727 95 636 823 593 432 298 623 868 201 633 20 152 113 432 460 334 965 575 458 642 707 575 601 41 759 561 824 0 526 425 722 130 101 937 488 37 283 675 84 
735 486 906 850 30 519 813 443 761 414 856 58 370 693 672 605 789 821 58 495 331 886 488 582 85 796 984 444 510 980 554 171 665 775 650 388 811 460 526 0 720 696 674 628 984 337 16 590 799 864 
822 395 721 578 981 841 955 200 114 121 440 790 669 514 219 854 594 538 872 147 676 203 827 375 929 964 594 205 85 83 777 72 975 827 109 126 3 660 425 720 0 920 830 366 834 149 915 835 170 873 
312 210 658 639 934 270 238 417 64 66 91 383 858 724 917 749 35 653 932 568 669 750 149 531 331 229 549 560 231 56 816 860 512 279 644 476 698 796 722 696 920 0 728 659 644 866 740 862 369 675 
876 165 459 371 978 131 69 208 164 830 181 732 259 925 846 46 883 853 389 62 558 135 36 108 199 709 178 926 623 651 684 318 394 588 645 272 931 982 130 674 830 728 0 76 284 246 701 919 567 622 
378 747 653 743 538 421 632 175 781 371 818 762 786 458 887 375 820 691 132 721 122 138 159 17 786 443 968 125 615 936 847 494 832 826 348 164 294 216 101 628 366 659 76 0 896 282 886 437 937 903 
530 588 222 685 147 156 406 985 829 264 901 751 549 155 320 402 215 115 568 32 934 594 155 133 112 151 146 482 902 199 166 130 600 142 326 539 895 660 937 984 834 644 284 896 0 338 84 704 769 995 
89 767 364 240 575 158 927 598 616 501 836 139 618 982 568 673 652 637 179 936 60 695 871 169 61 234 912 914 380 358 232 16 538 186 354 680 128 778 488 337 149 866 246 282 338 0 105 44 569 175 
650 924 436 359 618 959 44 633 281 758 454 450 109 966 676 650 884 854 456 430 136 946 458 733 825 325 611 894 492 458 286 306 763 160 232 52 891 66 37 16 915 740 701 886 84 105 0 524 467 1 
930 282 362 938 512 705 982 148 720 910 644 730 231 720 587 292 244 4 329 653 703 298 789 354 498 72 597 178 296 953 425 538 929 114 807 353 757 727 283 590 835 862 919 437 704 44 524 0 188 540 
396 980 319 645 243 521 204 799 211 167 945 258 341 425 512 965 374 304 121 447 920 182 438 880 550 505 19 214 209 413 284 388 642 42 235 354 780 146 675 799 170 369 567 937 769 569 467 188 0 557 
609 172 193 768 879 179 406 654 91 848 629 842 394 161 714 91 80 45 187 267 220 418 483 293 431 424 687 2 880 198 697 149 530 407 184 503 811 263 84 864 873 675 622 903 995 175 1 540 557 0 
0 568 145 83 221 559 427 542 666 528 118 580 121 634 588 458 400 117 996 88 123 121 142 800 207 613 872 609 596 370 131 975 105 863 561 719 870 946 783 823 769 30 705 390 393 99 417 933 258 753 
568 0 83 249 348 532 631 532 710 987 859 747 522 390 184 394 334 649 681 228 541 681 118 465 246 846 622 415 157 397 376 322 219 866 799 663 785 386 828 499 483 225 444 924 687 796 988 319 874 232 
145 83 0 659 668 219 659 920 416 39 892 825 202 43 828 245 55 962 465 114 478 180 409 685 189 999 918 18 324 304 970 524 909 518 226 922 187 612 576 830 670 659 332 727 111 499 289 331 255 103 
83 249 659 0 438 733 519 75 266 837 126 158 5 193 528 133 661 75 767 353 190 955 681 408 379 42 8 871 577 692 244 275 866 42 164 920 811 501 469 930 263 704 306 834 657 111 320 931 527 806 
221 348 668 438 0 426 687 786 442 775 58 731 869 227 816 243 574 531 866 150 39 379 842 315 414 575 684 4 106 767 311 114 941 27 14 997 488 719 938 261 988 923 812 569 58 417 525 226 304 938 
559 532 219 733 426 0 88 228 874 214 278 26 461 457 678 382 720 209 777 840 285 587 412 584 503 782 246 202 668 411 281 470 979 603 811 377 515 134 905 492 746 134 118 358 351 223 899 785 534 164 
427 631 659 519 687 88 0 679 139 470 9 748 319 88 820 18 745 574 72 955 154 308 657 342 222 944 359 316 493 27 336 627 668 690 986 889 348 96 582 713 749 448 253 653 543 635 44 888 183 257 
542 532 920 75 786 228 679 0 884 429 634 217 841 458 413 26 636 251 518 700 119 784 205 6 156 596 528 309 405 131 393 825 359 931 270 643 742 286 729 328 292 196 183 432 988 489 411 99 869 660 
666 710 416 266 442 874 139 884 0 290 302 821 606 969 312 62 224 233 748 560 49 693 747 299 581 663 371 232 602 691 252 123 995 63 339 314 140 889 821 526 141 107 311 767 876 712 202 782 317 153 
528 987 39 837 775 214 470 429 290 0 521 255 942 654 593 994 930 190 487 549 117 767 173 725 915 823 916 918 669 487 945 793 67 473 542 32 884 671 197 365 389 248 702 374 51 459 994 957 163 806 
118 859 892 126 58 278 9 634 302 521 0 435 937 692 971 110 919 859 144 740 243 833 275 979 645 937 776 120 673 153 116 608 433 98 926 301 455 746 997 701 163 57 278 681 881 743 472 587 949 492 
580 747 825 158 731 26 748 217 821 255 435 0 513 566 542 342 341 133 990 593 26 106 605 316 430 222 221 453 800 912 261 714 743 70 766 629 56 641 153 310 824 562 831 967 789 106 496 501 190 931 
121 522 202 5 869 461 319 841 606 942 937 513 0 829 415 18 652 256 398 888 401 344 767 99 306 685 947 320 640 472 385 913 740 29 278 922 862 250 321 412 824 800 273 900 747 553 112 284 439 309 
634 390 43 193 227 457 88 458 969 654 692 566 829 0 502 1000 88 532 313 196 78 21 388 395 397 372 226 662 307 673 663 834 703 240 341 296 874 879 939 427 463 716 890 560 284 785 760 825 314 280 
588 184 828 528 816 678 820 413 312 593 971 542 415 502 0 665 435 642 726 303 922 914 645 754 184 60 344 831 334 691 496 819 903 410 869 232 717 364 478 835 278 960 917 879 241 437 612 621 388 647 
458 394 245 133 243 382 18 26 62 994 110 342 18 1000 665 0 355 600 746 676 575 665 900 551 898 271 395 348 754 894 158 104 257 462 865 955 862 206 428 734 896 754 29 303 618 825 441 356 894 31 
400 334 55 661 574 720 745 636 224 930 919 341 652 88 435 355 0 724 668 561 846 108 861 752 371 690 820 122 91 655 967 598 12 330 156 350 366 500 537 776 677 106 874 549 244 563 743 336 496 25 
117 649 962 75 531 209 574 251 233 190 859 133 256 532 642 600 724 0 578 516 507 538 362 264 824 560 806 632 525 847 967 220 858 547 76 172 128 867 555 813 636 763 857 923 97 629 835 330 444 47 
996 681 465 767 866 777 72 518 748 487 144 990 398 313 726 746 668 578 0 715 762 529 626 191 312 792 433 998 952 593 428 177 395 362 926 860 361 561 866 114 919 881 359 377 455 29 153 1 168 81 
88 228 114 353 150 840 955 700 560 549 740 593 888 196 303 676 561 516 715 0 977 219 455 230 929 399 488 113 382 472 238 527 407 103 351 291 741 706 101 565 107 662 101 433 19 699 133 742 575 249 
123 541 478 190 39 285 154 119 49 117 243 26 401 78 922 575 846 507 762 977 0 759 999 837 732 705 966 161 399 404 554 972 87 325 648 412 33 772 557 193 907 811 686 518 963 5 286 863 927 243 
121 681 180 955 379 587 308 784 693 767 833 106 344 21 914 665 108 538 529 219 759 0 106 205 306 46 105 731 680 494 97 366 419 244 5 496 629 137 14 896 425 813 148 40 721 796 895 312 109 463 
142 118 409 681 842 412 657 205 747 173 275 605 767 388 645 900 861 362 626 455 999 106 0 127 222 364 102 744 687 605 620 156 696 718 797 430 216 863 90 686 963 228 76 350 45 883 468 903 307 527 
800 465 685 408 315 584 342 6 299 725 979 316 99 395 754 551 752 264 191 230 837 205 127 0 727 884 481 194 917 102 463 214 621 767 432 143 283 561 250 571 60 392 258 107 71 23 798 401 977 440 
207 246 189 379 414 503 222 156 581 915 645 430 306 397 184 898 371 824 312 929 732 306 222 727 0 361 545 623 794 805 896 114 979 578 820 376 139 928 326 244 935 318 213 905 116 360 870 537 464 322 
613 846 999 42 575 782 944 596 663 823 937 222 685 372 60 271 690 560 792 399 705 46 364 884 361 0 485 469 226 568 262 387 461 664 296 471 599 558 353 656 702 282 710 376 207 99 322 131 343 610 
872 622 918 8 684 246 359 528 371 916 776 221 947 226 344 395 820 806 433 488 966 105 102 481 545 485 0 130 789 403 149 71 697 217 740 451 283 153 412 665 545 774 180 881 185 979 339 532 43 933 
609 415 18 871 4 202 316 309 232 918 120 453 320 662 831 348 122 632 998 113 161 731 744 194 623 469 130 0 747 616 100 638 269 265 496 149 670 871 936 303 378 457 775 44 366 817 841 200 104 109 
596 157 324 577 106 668 493 405 602 669 673 800 640 307 334 754 91 525 952 382 399 680 687 917 794 226 789 747 0 375 279 949 535 874 346 124 463 987 580 649 341 395 615 882 849 356 363 269 94 956 
370 397 304 692 767 411 27 131 691 487 153 912 472 673 691 894 655 847 593 472 404 494 605 102 805 568 403 616 375 0 182 469 244 410 899 94 156 199 400 987 87 162 711 915 212 227 723 848 253 255 
131 376 970 244 311 281 336 393 252 945 116 261 385 663 496 158 967 967 428 238 554 97 620 463 896 262 149 100 279 182 0 178 151 837 487 956 751 781 346 364 641 611 439 844 335 575 93 657 272 531 
975 322 524 275 114 470 627 825 123 793 608 714 913 834 819 104 598 220 177 527 972 366 156 214 114 387 71 638 949 469 178 0 537 589 361 892 752 767 474 197 175 908 480 515 388 62 643 442 505 272 
105 219 909 866 941 979 668 359 995 67 433 743 740 703 903 257 12 858 395 407 87 419 696 621 979 461 697 269 535 244 151 537 0 134 595 523 260 766 687 816 818 317 444 684 886 471 664 983 866 344 
863 866 518 42 27 603 690 931 63 473 98 70 29 240 410 462 330 547 362 103 325 244 718 767 578 664 217 265 874 410 837 589 134 0 684 291 152 461 721 782 729 524 623 705 91 206 390 404 89 432 
561 799 226 164 14 811 986 270 339 542 926 766 278 341 869 865 156 76 926 351 648 5 797 432 820 296 740 496 346 899 487 361 595 684 0 770 748 543 232 447 118 562 663 342 58 199 169 716 338 245 
719 663 922 920 997 377 889 643 314 32 301 629 922 296 232 955 350 172 860 291 412 496 430 143 376 471 451 149 124 94 956 892 523 291 770 0 830 466 994 594 8 427 107 75 248 771 84 211 299 549 
870 785 187 811 488 515 348 742 140 884 455 56 862 874 717 862 366 128 361 741 33 629 216 283 139 599 283 670 463 156 751 752 260 152 748 830 0 896 693 634 159 611 702 377 997 310 859 946 904 886 
946 386 612 501 719 134 96 286 889 671 746 641 250 879 364 206 500 867 561 706 772 137 863 561 928 558 153 871 987 199 781 767 766 461 543 466 896 0 864 489 606 731 762 139 592 866 110 860 252 80 
783 828 576 469 938 905 582 729 821 197 997 153 321 939 478 428 537 555 866 101 557 14 90 250 326 353 412 936 580 400 346 474 687 721 232 994 693 864 0 517 556 506 321 32 967 458 1 241 961 160 
823 499 830 930 261 492 713 328 526 365 701 310 412 427 835 734 776 813 114 565 193 896 686 571 244 656 665 303 649 987 364 197 816 782 447 594 634 489 517 0 777 600 546 760 955 180 81 793 553 723 
769 483 670 263 988 746 749 292 141 389 163 824 824 463 278 896 677 636 919 107 907 425 963 60 935 702 545 378 341 87 641 175 818 729 118 8 159 606 556 777 0 898 499 259 932 76 794 823 12 983 
30 225 659 704 923 134 448 196 107 248 57 562 800 716 960 754 106 763 881 662 811 813 228 392 318 282 774 457 395 162 611 908 317 524 562 427 611 731 506 600 898 0 780 663 674 779 563 413 338 691 
705 444 332 306 812 118 253 183 311 702 278 831 273 890 917 29 874 857 359 101 686 148 76 258 213 710 180 775 615 711 439 480 444 623 663 107 702 762 321 546 499 780 0 32 144 479 838 982 640 779 
390 924 727 834 569 358 653 432 767 374 681 967 900 560 879 303 549 923 377 433 518 40 350 107 905 376 881 44 882 915 844 515 684 705 342 75 377 139 32 760 259 663 32 0 884 350 793 588 847 810 
393 687 111 657 58 351 543 988 876 51 881 789 747 284 241 618 244 97 455 19 963 721 45 71 116 207 185 366 849 212 335 388 886 91 58 248 997 592 967 955 932 674 144 884 0 47 84 677 841 953 
99 796 499 111 417 223 635 489 712 459 743 106 553 785 437 825 563 629 29 699 5 796 883 23 360 99 979 817 356 227 575 62 471 206 199 771 310 866 458 180 76 779 479 350 47 0 279 109 723 303 
417 988 289 320 525 899 44 411 202 994 472 496 112 760 612 441 743 835 153 133 286 895 468 798 870 322 339 841 363 723 93 643 664 390 169 84 859 110 1 81 794 563 838 793 84 279 0 405 509 145 
933 319 331 931 226 785 888 99 782 957 587 501 284 825 621 356 336 330 1 742 863 312 903 401 537 131 532 200 269 848 657 442 983 404 716 211 946 860 241 793 823 413 982 588 677 109 405 0 20 665 
258 874 255 527 304 534 183 869 317 163 949 190 439 314 388 894 496 444 168 575 927 109 307 977 464 343 43 104 94 253 272 505 866 89 338 299 904 252 961 553 12 338 640 847 841 723 509 20 0 568 
753 232 103 806 938 164 257 660 153 806 492 931 309 280 647 31 25 47 81 249 243 463 527 440 322 610 933 109 956 255 531 272 344 432 245 549 886 80 160 723 983 691 779 810 953 303 145 665 568 0 
0 656 187 323 28 419 467 381 818 532 292 640 83 813 470 357 263 159 881 103 297 272 294 877 128 864 709 459 573 556 155 864 203 589 703 735 755 758 575 765 780 222 758 282 510 118 468 979 156 805 
656 0 46 174 335 587 753 457 639 828 940 559 422 464 184 733 344 462 696 128 661 645 152 686 137 982 460 279 352 2 366 36 332 783 832 643 777 494 702 604 555 308 219 825 611 591 945 346 930 115 
187 46 0 591 547 156 462 850 456 217 946 764 68 54 997 367 219 955 472 56 469 381 438 468 163 969 943 250 227 118 975 578 737 397 148 847 93 455 572 868 879 730 638 752 220 479 359 493 238 255 
323 174 591 0 590 784 679 194 259 790 141 100 10 229 595 44 786 322 405 300 52 754 818 297 400 53 39 815 741 518 210 342 901 248 430 942 784 113 533 958 310 726 290 676 710 270 479 956 430 813 
28 335 547 590 0 608 770 882 575 817 73 512 937 349 812 218 653 609 992 67 298 341 889 343 496 679 596 32 236 661 255 132 695 92 247 899 332 709 806 304 852 848 825 555 93 501 314 594 174 974 
