15 4
0 751 933 594 572 672 656 602 971 148 639 557 935 720 38 
751 0 256 115 619 1000 878 547 519 77 545 6 489 950 597 
933 256 0 601 896 623 998 290 74 40 622 589 445 373 685 
594 115 601 0 14 204 102 987 799 176 876 130 837 412 11 
572 619 896 14 0 70 715 773 966 381 73 534 186 685 919 
672 1000 623 204 70 0 215 904 114 405 87 322 984 7 661 
656 878 998 102 715 215 0 213 99 342 668 517 881 227 28 
602 547 290 987 773 904 213 0 151 607 445 270 654 435 831 
971 519 74 799 966 114 99 151 0 527 448 839 779 190 715 
148 77 40 176 381 405 342 607 527 0 941 873 112 299 994 
639 545 622 876 73 87 668 445 448 941 0 926 312 264 584 
557 6 589 130 534 322 517 270 839 873 926 0 212 579 698 
935 489 445 837 186 984 881 654 779 112 312 212 0 834 449 
720 950 373 412 685 7 227 435 190 299 264 579 834 0 140 
38 597 685 11 919 661 28 831 715 994 584 698 449 140 0 
0 889 359 349 737 505 377 835 946 57 440 572 250 828 358 
889 0 932 334 622 564 186 711 348 101 683 253 795 351 135 
359 932 0 663 361 447 265 94 563 586 458 651 158 822 534 
349 334 663 0 780 476 959 801 405 17 793 270 602 939 610 
737 622 361 780 0 531 126 714 12 635 937 252 119 935 929 
505 564 447 476 531 0 180 934 535 821 642 263 614 80 310 
377 186 265 959 126 180 0 344 470 420 548 625 569 574 170 
835 711 94 801 714 934 344 0 475 421 23 964 653 809 712 
946 348 563 405 12 535 470 475 0 829 978 444 849 8 182 
57 101 586 17 635 821 420 421 829 0 197 45 897 890 370 
440 683 458 793 937 642 548 23 978 197 0 236 232 403 559 
572 253 651 270 252 263 625 964 444 45 236 0 886 286 527 
250 795 158 602 119 614 569 653 849 897 232 886 0 702 233 
828 351 822 939 935 80 574 809 8 890 403 286 702 0 332 
358 135 534 610 929 310 170 712 182 370 559 527 233 332 0 
0 949 373 768 1000 662 186 817 902 233 282 988 89 521 851 
949 0 633 452 566 432 318 222 671 338 551 228 399 382 704 
373 633 0 651 299 898 222 109 158 431 532 665 207 796 661 
768 452 651 0 820 52 647 858 879 112 902 333 563 558 644 
1000 566 299 820 0 671 387 749 114 922 899 295 26 426 893 
662 432 898 52 671 0 392 512 355 634 69 237 586 82 544 
186 318 222 647 387 392 0 253 179 596 236 294 638 481 475 
817 222 109 858 749 512 253 0 68 101 293 990 522 902 543 
902 671 158 879 114 355 179 68 0 776 619 316 786 391 307 
233 338 431 112 922 634 596 101 776 0 582 422 263 713 635 
282 551 532 902 899 69 236 293 619 582 0 342 663 501 585 
988 228 665 333 295 237 294 990 316 422 342 0 789 750 648 
89 399 207 563 26 586 638 522 786 263 663 789 0 598 661 
521 382 796 558 426 82 481 902 391 713 501 750 598 0 383 
851 704 661 644 893 544 475 543 307 635 585 648 661 383 0 
0 796 336 298 650 365 971 552 943 486 163 702 523 996 250 
796 0 697 700 135 311 548 986 227 390 875 160 507 173 598 
336 697 0 869 160 259 359 363 469 747 607 852 548 930 337 
298 700 869 0 812 321 984 398 126 150 924 435 147 919 679 
650 135 160 812 0 416 260 693 312 304 872 3 935 652 851 
365 311 259 321 416 0 498 815 852 777 974 204 976 328 786 
971 548 359 984 260 498 0 251 518 237 170 528 712 563 452 
552 986 363 398 693 815 251 0 841 80 286 949 583 852 66 
943 227 469 126 312 852 518 841 0 986 966 28 951 220 186 
486 390 747 150 304 777 237 80 986 0 13 279 899 12 60 
163 875 607 924 872 974 170 286 966 13 0 244 287 951 558 
702 160 852 435 3 204 528 949 28 279 244 0 309 197 516 
523 507 548 147 935 976 712 583 951 899 287 309 0 707 377 
996 173 930 919 652 328 563 852 220 12 951 197 707 0 264 
250 598 337 679 851 786 452 66 186 60 558 516 377 264 0 
0 874 547 182 925 344 510 986 648 335 307 49 521 755 723 
874 0 982 671 415 723 545 756 458 476 630 244 290 30 4 
547 982 0 787 56 621 786 475 806 862 146 836 287 1000 391 
182 671 787 0 539 7 255 808 118 58 604 306 904 955 913 
925 415 56 539 0 690 555 410 575 438 808 141 488 544 848 
344 723 621 7 690 0 427 451 146 822 255 84 936 182 430 
510 545 786 255 555 427 0 237 741 867 152 337 356 100 192 
986 756 475 808 410 451 237 0 632 700 240 813 509 221 307 
648 458 806 118 575 146 741 632 0 400 567 220 711 113 454 
335 476 862 58 438 822 867 700 400 0 286 103 551 647 943 
307 630 146 604 808 255 152 240 567 286 0 703 900 527 262 
49 244 836 306 141 84 337 813 220 103 703 0 301 379 96 
521 290 287 904 488 936 356 509 711 551 900 301 0 736 166 
755 30 1000 955 544 182 100 221 113 647 527 379 736 0 437 
723 4 391 913 848 430 192 307 454 943 262 96 166 437 0 
