7 3
0 354 977 433 188 905 753 
354 0 244 73 832 51 412 
977 244 0 484 391 403 210 
433 73 484 0 516 430 245 
188 832 391 516 0 147 797 
905 51 403 430 147 0 229 
753 412 210 245 797 229 0 
0 862 569 610 252 285 298 
862 0 655 518 121 397 100 
569 655 0 210 255 321 197 
610 518 210 0 543 992 292 
252 121 255 543 0 842 909 
285 397 321 992 842 0 831 
298 100 197 292 909 831 0 
0 206 668 746 486 405 548 
206 0 221 671 56 369 361 
668 221 0 154 790 535 706 
746 671 154 0 254 911 981 
486 56 790 254 0 659 251 
405 369 535 911 659 0 903 
548 361 706 981 251 903 0 
0 346 674 319 533 363 267 
346 0 785 92 547 282 752 
674 785 0 468 698 143 934 
319 92 468 0 759 434 814 
533 547 698 759 0 893 836 
363 282 143 434 893 0 14 
267 752 934 814 836 14 0 
