8 2
0 910 804 8 349 683 316 804 
910 0 397 493 958 590 868 986 
804 397 0 420 748 566 252 249 
8 493 420 0 892 694 165 297 
349 958 748 892 0 517 341 540 
683 590 566 694 517 0 207 543 
316 868 252 165 341 207 0 575 
804 986 249 297 540 543 575 0 
0 700 553 407 601 842 654 229 
700 0 295 691 61 887 650 170 
553 295 0 389 652 346 273 321 
407 691 389 0 672 258 53 515 
601 61 652 672 0 566 288 860 
842 887 346 258 566 0 535 438 
654 650 273 53 288 535 0 237 
229 170 321 515 860 438 237 0 
0 715 387 474 658 702 667 100 
715 0 184 618 96 909 614 60 
387 184 0 488 635 332 269 270 
474 618 488 0 385 277 222 586 
658 96 635 385 0 664 232 855 
702 909 332 277 664 0 259 613 
667 614 269 222 232 259 0 193 
100 60 270 586 855 613 193 0 
