8 2
0 231 751 321 933 355 594 368 
231 0 868 904 256 958 115 220 
751 868 0 490 838 809 601 772 
321 904 490 0 130 703 93 59 
933 256 838 130 0 151 709 265 
355 958 809 703 151 0 322 183 
594 115 601 93 709 322 0 408 
368 220 772 59 265 183 408 0 
0 852 602 151 639 270 720 831 
852 0 987 413 876 926 412 584 
602 987 0 590 668 309 227 140 
151 413 590 0 941 445 299 639 
639 876 668 941 0 984 834 99 
270 926 309 445 984 0 597 970 
720 412 227 299 834 597 0 693 
831 584 140 639 99 970 693 0 
0 147 290 212 622 873 373 994 
147 0 904 12 87 76 7 449 
290 904 0 77 448 489 190 223 
212 12 77 0 257 186 579 850 
622 87 448 257 0 654 38 193 
873 76 489 186 654 0 11 97 
373 7 190 579 38 11 0 358 
994 449 223 850 193 97 358 0 
