10 4
0 166 345 551 958 93 183 557 623 581 
166 0 397 933 809 709 408 200 204 698 
345 397 0 256 703 322 572 856 70 599 
551 933 256 0 151 944 619 51 938 656 
958 809 703 151 0 368 896 785 592 878 
93 709 322 944 368 0 14 818 852 998 
183 408 572 619 896 14 0 164 434 102 
557 200 856 51 785 818 164 0 147 715 
623 204 70 938 592 852 434 147 0 215 
581 698 599 656 878 998 102 715 215 0 
0 474 341 661 482 767 562 1 247 447 
474 0 826 580 359 668 867 819 514 476 
341 826 0 40 932 502 243 737 907 531 
661 580 40 0 425 835 177 622 915 5 
482 359 932 425 0 500 690 361 810 390 
767 668 502 835 500 0 182 780 368 75 
562 867 243 177 690 182 0 832 757 513 
1 819 737 622 361 780 832 0 505 847 
247 514 907 915 810 368 757 505 0 45 
447 476 531 5 390 75 513 847 45 0 
0 639 279 321 927 462 683 505 706 898 
639 0 857 575 373 125 969 686 595 52 
279 857 0 175 633 147 148 1000 863 671 
321 575 175 0 537 881 133 566 909 545 
927 373 633 537 0 651 865 299 457 349 
462 125 147 881 651 0 266 820 397 217 
683 969 148 133 865 266 0 710 671 209 
505 686 1000 566 299 820 710 0 662 695 
706 595 863 909 457 397 671 662 0 873 
898 52 671 545 349 217 209 695 873 0 
0 567 378 345 533 976 349 412 430 259 
567 0 758 881 336 819 570 649 308 321 
378 758 0 471 697 354 79 650 705 416 
345 881 471 0 907 763 356 135 656 188 
533 336 697 907 0 390 875 160 795 977 
976 819 354 763 390 0 219 812 76 243 
349 570 79 356 875 219 0 302 705 354 
412 649 650 135 160 812 302 0 365 800 
430 308 705 656 795 76 705 365 0 916 
259 321 416 188 977 243 354 800 916 0 
0 815 833 924 160 857 741 27 88 621 
815 0 542 881 547 480 927 371 41 7 
833 542 0 18 982 542 133 925 895 690 
924 881 18 0 103 966 58 415 816 365 
160 547 982 103 0 116 929 56 544 681 
857 480 542 966 116 0 113 539 401 175 
741 927 133 58 929 113 0 954 468 439 
27 371 925 415 56 539 954 0 344 750 
88 41 895 816 544 401 468 344 0 693 
621 7 690 365 681 175 439 750 693 0 
