9 3
0 544 248 188 403 797 943 330 465 
544 0 593 832 430 229 370 990 25 
248 593 0 391 147 340 377 902 689 
188 832 391 0 407 549 47 345 776 
403 430 147 407 0 434 137 327 945 
797 229 340 549 434 0 385 778 220 
943 370 377 47 137 385 0 273 211 
330 990 902 345 327 778 273 0 128 
465 25 689 776 945 220 211 128 0 
0 619 994 60 375 778 696 609 359 
619 0 397 469 626 569 707 614 124 
994 397 0 314 907 727 262 708 483 
60 469 314 0 336 947 432 476 136 
375 626 907 336 0 707 864 645 579 
778 569 727 947 707 0 656 45 867 
696 707 262 432 864 656 0 572 980 
609 614 708 476 645 45 572 0 644 
359 124 483 136 579 867 980 644 0 
0 405 909 87 558 808 789 503 403 
405 0 502 482 690 579 725 665 131 
909 502 0 555 831 796 354 695 634 
87 482 555 0 373 792 575 474 261 
558 690 831 373 0 633 961 652 496 
808 579 796 792 633 0 773 6 926 
789 725 354 575 961 773 0 714 1000 
503 665 695 474 652 6 714 0 741 
403 131 634 261 496 926 1000 741 0 
0 617 825 109 316 556 483 684 421 
617 0 440 567 470 557 745 630 83 
825 440 0 582 841 594 229 495 567 
109 567 582 0 376 903 156 222 156 
316 470 841 376 0 881 912 492 587 
556 557 594 903 881 0 703 29 908 
483 745 229 156 912 703 0 663 991 
684 630 495 222 492 29 663 0 481 
421 83 567 156 587 908 991 481 0 
