30 2
0 822 902 999 754 569 790 323 197 326 706 456 668 249 214 79 623 689 60 661 914 582 430 856 241 434 307 866 498 617 
822 0 345 685 815 468 747 535 972 705 388 607 702 359 397 964 179 197 237 348 703 16 972 439 187 895 705 355 792 258 
902 345 0 86 408 515 698 906 706 434 713 322 447 80 356 308 729 472 791 515 864 191 971 957 261 792 375 899 20 349 
999 685 86 0 325 315 543 143 558 265 624 764 805 399 731 222 710 709 927 507 789 245 647 803 124 890 711 786 886 126 
754 815 408 325 0 810 386 992 934 707 22 379 934 825 403 783 796 73 799 536 839 952 446 953 487 520 558 556 613 213 
569 468 515 315 810 0 254 138 292 147 816 926 399 190 775 749 952 491 71 961 726 683 881 170 606 528 136 8 373 636 
790 747 698 543 386 254 0 911 948 495 61 14 84 432 189 500 483 717 957 443 245 442 803 301 466 363 957 887 221 460 
323 535 906 143 992 138 911 0 981 169 85 169 743 896 502 84 970 762 55 856 510 967 200 184 647 451 316 410 771 760 
197 972 706 558 934 292 948 981 0 886 614 749 712 417 302 152 26 389 860 780 296 360 85 24 242 760 707 518 104 574 
326 705 434 265 707 147 495 169 886 0 706 631 584 994 990 229 769 245 303 773 402 618 897 480 740 168 626 528 90 723 
706 388 713 624 22 816 61 85 614 706 0 572 193 331 440 990 447 976 988 770 677 21 910 283 84 256 386 71 735 812 
456 607 322 764 379 926 14 169 749 631 572 0 512 849 747 403 751 956 611 175 173 733 828 763 559 964 8 127 369 390 
668 702 447 805 934 399 84 743 712 584 193 512 0 458 14 818 49 441 379 938 567 445 247 666 687 886 658 74 833 904 
249 359 80 399 825 190 432 896 417 994 331 849 458 0 69 604 116 101 132 318 581 757 901 643 943 284 998 24 494 452 
214 397 356 731 403 775 189 502 302 990 440 747 14 69 0 977 303 899 364 306 314 527 279 862 269 135 472 857 376 399 
79 964 308 222 783 749 500 84 152 229 990 403 818 604 977 0 366 431 595 755 526 240 963 569 690 900 273 147 45 937 
623 179 729 710 796 952 483 970 26 769 447 751 49 116 303 366 0 880 87 109 904 280 262 930 757 827 580 545 134 762 
689 197 472 709 73 491 717 762 389 245 976 956 441 101 899 431 880 0 102 7 672 449 248 680 413 363 34 831 165 788 
60 237 791 927 799 71 957 55 860 303 988 611 379 132 364 595 87 102 0 469 42 860 180 395 340 594 136 93 462 399 
661 348 515 507 536 961 443 856 780 773 770 175 938 318 306 755 109 7 469 0 833 241 639 494 488 404 690 393 214 800 
914 703 864 789 839 726 245 510 296 402 677 173 567 581 314 526 904 672 42 833 0 498 54 895 731 676 405 114 312 177 
582 16 191 245 952 683 442 967 360 618 21 733 445 757 527 240 280 449 860 241 498 0 438 525 37 410 315 82 909 197 
430 972 971 647 446 881 803 200 85 897 910 828 247 901 279 963 262 248 180 639 54 438 0 943 937 237 903 841 598 327 
856 439 957 803 953 170 301 184 24 480 283 763 666 643 862 569 930 680 395 494 895 525 943 0 328 358 999 192 404 216 
241 187 261 124 487 606 466 647 242 740 84 559 687 943 269 690 757 413 340 488 731 37 937 328 0 519 975 336 146 173 
434 895 792 890 520 528 363 451 760 168 256 964 886 284 135 900 827 363 594 404 676 410 237 358 519 0 698 474 61 351 
307 705 375 711 558 136 957 316 707 626 386 8 658 998 472 273 580 34 136 690 405 315 903 999 975 698 0 421 287 241 
866 355 899 786 556 8 887 410 518 528 71 127 74 24 857 147 545 831 93 393 114 82 841 192 336 474 421 0 723 1 
498 792 20 886 613 373 221 771 104 90 735 369 833 494 376 45 134 165 462 214 312 909 598 404 146 61 287 723 0 849 
617 258 349 126 213 636 460 760 574 723 812 390 904 452 399 937 762 788 399 800 177 197 327 216 173 351 241 1 849 0 
0 280 275 115 546 198 694 562 805 674 424 870 843 573 213 840 94 139 246 112 281 582 846 349 666 210 925 474 904 789 
280 0 1000 49 577 232 319 593 511 743 507 914 623 684 943 754 348 414 350 555 497 627 860 117 758 931 578 916 514 140 
275 1000 0 29 46 916 304 642 623 434 577 583 479 616 727 546 750 672 459 487 415 313 148 220 335 316 520 10 900 38 
115 49 29 0 55 299 562 910 438 268 258 296 453 450 660 960 7 961 180 60 71 122 77 262 45 311 220 137 374 216 
546 577 46 55 0 348 960 253 379 106 72 901 54 249 499 102 978 369 908 841 930 64 212 991 193 984 572 342 542 639 
198 232 916 299 348 0 91 381 39 416 686 478 178 110 860 474 807 857 732 747 950 365 39 44 737 244 741 415 160 991 
694 319 304 562 960 91 0 305 118 512 39 479 372 392 289 129 799 473 924 411 284 456 714 432 547 929 995 866 894 25 
562 593 642 910 253 381 305 0 381 663 56 712 448 473 600 179 812 708 890 359 756 113 498 2 743 185 144 553 412 905 
805 511 623 438 379 39 118 381 0 394 441 675 151 153 835 873 575 744 444 208 152 123 895 106 732 274 677 519 568 870 
674 743 434 268 106 416 512 663 394 0 421 297 22 819 543 31 749 49 730 6 984 520 722 738 40 581 858 7 898 877 
424 507 577 258 72 686 39 56 441 421 0 951 849 838 402 413 653 571 270 182 680 224 629 694 606 938 96 503 548 64 
870 914 583 296 901 478 479 712 675 297 951 0 202 444 994 188 544 735 954 514 862 853 138 53 357 226 846 123 511 669 
843 623 479 453 54 178 372 448 151 22 849 202 0 454 980 845 292 954 29 595 653 84 918 98 337 304 124 7 702 499 
573 684 616 450 249 110 392 473 153 819 838 444 454 0 836 179 594 676 395 752 48 192 363 826 393 231 16 1000 255 62 
213 943 727 660 499 860 289 600 835 543 402 994 980 836 0 195 227 754 668 923 292 862 322 896 883 908 678 269 243 141 
840 754 546 960 102 474 129 179 873 31 413 188 845 179 195 0 512 173 639 133 692 734 221 91 853 591 338 596 35 251 
94 348 750 7 978 807 799 812 575 749 653 544 292 594 227 512 0 549 275 12 791 726 617 447 254 870 715 735 243 173 
139 414 672 961 369 857 473 708 744 49 571 735 954 676 754 173 549 0 593 80 486 398 304 445 390 572 912 705 88 486 
246 350 459 180 908 732 924 890 444 730 270 954 29 395 668 639 275 593 0 433 632 293 21 512 106 224 599 821 564 962 
112 555 487 60 841 747 411 359 208 6 182 514 595 752 923 133 12 80 433 0 914 776 223 485 403 579 734 944 760 54 
281 497 415 71 930 950 284 756 152 984 680 862 653 48 292 692 791 486 632 914 0 428 28 96 759 879 500 85 20 924 
582 627 313 122 64 365 456 113 123 520 224 853 84 192 862 734 726 398 293 776 428 0 238 864 570 215 222 933 965 278 
846 860 148 77 212 39 714 498 895 722 629 138 918 363 322 221 617 304 21 223 28 238 0 69 179 456 831 738 926 450 
349 117 220 262 991 44 432 2 106 738 694 53 98 826 896 91 447 445 512 485 96 864 69 0 825 134 648 777 504 220 
666 758 335 45 193 737 547 743 732 40 606 357 337 393 883 853 254 390 106 403 759 570 179 825 0 110 901 569 673 439 
210 931 316 311 984 244 929 185 274 581 938 226 304 231 908 591 870 572 224 579 879 215 456 134 110 0 677 757 90 181 
925 578 520 220 572 741 995 144 677 858 96 846 124 16 678 338 715 912 599 734 500 222 831 648 901 677 0 16 54 371 
474 916 10 137 342 415 866 553 519 7 503 123 7 1000 269 596 735 705 821 944 85 933 738 777 569 757 16 0 810 566 
904 514 900 374 542 160 894 412 568 898 548 511 702 255 243 35 243 88 564 760 20 965 926 504 673 90 54 810 0 129 
789 140 38 216 639 991 25 905 870 877 64 669 499 62 141 251 173 486 962 54 924 278 450 220 439 181 371 566 129 0 
0 522 433 662 522 654 855 878 798 958 509 674 906 604 334 836 113 3 178 192 89 508 465 341 428 319 755 232 961 926 
522 0 703 197 363 13 227 302 314 794 832 430 818 357 857 630 444 588 303 520 666 598 864 36 941 911 860 158 539 146 
433 703 0 183 567 930 684 452 436 619 424 631 105 639 574 521 844 931 458 351 189 23 409 74 506 557 315 290 992 165 
662 197 183 0 274 82 860 621 322 571 672 68 727 197 917 667 323 707 76 354 402 220 37 468 128 392 540 231 820 104 
522 363 567 274 0 289 546 244 148 325 235 950 553 289 431 26 907 125 987 695 901 6 535 451 219 793 441 698 605 387 
654 13 930 82 289 0 10 733 463 420 977 510 671 280 614 229 712 858 707 243 669 566 581 537 933 845 895 957 101 306 
855 227 684 860 546 10 0 121 121 337 56 227 182 285 162 164 932 804 867 227 274 756 920 186 804 210 974 455 958 542 
878 302 452 621 244 733 121 0 523 891 101 873 699 760 105 433 865 913 622 297 574 537 485 127 618 311 82 893 4 543 
798 314 436 322 148 463 121 523 0 462 734 873 654 409 641 856 409 137 1000 202 116 35 712 766 956 223 647 485 124 750 
958 794 619 571 325 420 337 891 462 0 670 663 715 720 590 195 667 120 925 195 863 339 928 580 391 614 791 35 900 895 
509 832 424 672 235 977 56 101 734 670 0 639 578 464 245 757 211 572 850 520 353 497 579 487 429 895 194 609 845 59 
674 430 631 68 950 510 227 873 873 663 639 0 132 164 766 356 317 565 792 580 572 188 167 17 173 155 968 55 414 674 
906 818 105 727 553 671 182 699 654 715 578 132 0 744 769 862 349 753 248 509 1 787 686 284 429 146 298 619 335 261 
604 357 639 197 289 280 285 760 409 720 464 164 744 0 742 249 519 578 556 797 135 88 724 366 64 664 20 790 312 589 
334 857 574 917 431 614 162 105 641 590 245 766 769 742 0 339 402 564 858 485 560 321 377 733 592 352 943 348 247 545 
836 630 521 667 26 229 164 433 856 195 757 356 862 249 339 0 151 412 903 81 648 576 704 561 682 91 487 917 463 304 
113 444 844 323 907 712 932 865 409 667 211 317 349 519 402 151 0 458 243 104 724 525 18 536 742 695 784 654 414 215 
3 588 931 707 125 858 804 913 137 120 572 565 753 578 564 412 458 0 632 141 282 611 387 917 17 578 965 276 270 189 
178 303 458 76 987 707 867 622 1000 925 850 792 248 556 858 903 243 632 0 373 322 643 103 954 160 153 305 424 982 794 
192 520 351 354 695 243 227 297 202 195 520 580 509 797 485 81 104 141 373 0 598 859 689 282 749 989 931 699 924 277 
89 666 189 402 901 669 274 574 116 863 353 572 1 135 560 648 724 282 322 598 0 568 100 95 814 856 290 314 153 649 
508 598 23 220 6 566 756 537 35 339 497 188 787 88 321 576 525 611 643 859 568 0 437 503 904 824 862 657 713 748 
465 864 409 37 535 581 920 485 712 928 579 167 686 724 377 704 18 387 103 689 100 437 0 17 249 282 694 662 745 991 
341 36 74 468 451 537 186 127 766 580 487 17 284 366 733 561 536 917 954 282 95 503 17 0 172 79 980 559 358 941 
428 941 506 128 219 933 804 618 956 391 429 173 429 64 592 682 742 17 160 749 814 904 249 172 0 524 412 691 51 329 
319 911 557 392 793 845 210 311 223 614 895 155 146 664 352 91 695 578 153 989 856 824 282 79 524 0 944 591 2 314 
755 860 315 540 441 895 974 82 647 791 194 968 298 20 943 487 784 965 305 931 290 862 694 980 412 944 0 628 215 516 
232 158 290 231 698 957 455 893 485 35 609 55 619 790 348 917 654 276 424 699 314 657 662 559 691 591 628 0 560 45 
961 539 992 820 605 101 958 4 124 900 845 414 335 312 247 463 414 270 982 924 153 713 745 358 51 2 215 560 0 474 
926 146 165 104 387 306 542 543 750 895 59 674 261 589 545 304 215 189 794 277 649 748 991 941 329 314 516 45 474 0 
