60 4
0 75 814 247 295 328 813 605 698 49 232 785 193 86 169 856 986 135 588 869 164 29 52 548 80 367 990 383 247 833 895 883 367 216 346 659 409 244 973 109 586 95 657 541 77 332 572 423 1 202 245 385 470 736 451 611 548 631 32 971 
75 0 282 96 207 213 622 385 266 872 408 895 234 193 612 811 226 707 607 389 454 155 70 77 136 629 316 420 896 354 27 59 597 230 849 342 541 917 555 830 429 915 482 696 908 291 971 904 692 870 915 977 469 174 409 996 415 640 781 349 
814 282 0 668 898 810 527 5 81 866 774 509 482 412 753 659 470 834 325 257 622 979 31 914 165 814 274 70 85 372 854 782 323 78 724 262 642 653 864 938 108 452 452 157 111 168 163 785 759 546 974 299 426 908 131 557 119 139 307 343 
247 96 668 0 189 30 18 626 428 277 60 60 498 577 261 39 125 221 813 251 20 585 40 804 509 692 407 713 126 190 313 769 981 804 66 780 940 861 232 879 422 719 268 201 514 186 377 418 352 975 952 857 808 827 235 209 359 993 414 238 
295 207 898 189 0 789 941 93 594 364 718 408 442 82 40 478 42 648 345 869 210 147 523 676 935 660 795 655 279 129 734 507 115 432 8 179 63 99 483 497 927 438 696 181 570 232 517 770 925 102 920 976 151 972 721 551 12 828 865 307 
328 213 810 30 789 0 281 930 995 566 472 321 520 930 668 380 51 409 332 723 7 244 152 128 676 723 911 891 723 138 324 910 266 927 234 545 459 545 516 41 710 753 380 420 815 629 750 259 390 842 583 129 107 770 396 523 169 497 701 519 
813 622 527 18 941 281 0 30 36 907 676 35 102 756 11 626 55 889 906 864 602 58 962 577 301 240 20 464 471 191 700 900 767 333 851 176 79 920 117 712 656 203 371 958 89 934 824 440 113 351 821 503 772 974 930 813 467 313 224 960 
605 385 5 626 93 930 30 0 211 664 882 166 701 223 497 589 102 895 478 165 924 285 818 376 47 279 452 340 878 639 792 610 959 416 440 312 197 440 434 364 5 980 796 641 226 288 469 715 122 151 109 352 722 288 584 499 556 389 200 664 
698 266 81 428 594 995 36 211 0 458 730 429 51 701 164 122 718 641 318 827 31 896 551 120 531 837 947 969 784 525 355 357 445 865 396 376 101 848 60 710 470 574 36 92 817 628 367 308 266 387 561 204 145 489 929 545 332 630 239 972 
49 872 866 277 364 566 907 664 458 0 718 734 239 214 134 152 594 930 652 333 771 515 258 404 982 43 503 113 588 161 979 981 842 524 755 996 919 407 436 529 67 161 722 133 852 981 975 349 474 577 859 335 370 382 911 774 561 807 28 980 
232 408 774 60 718 472 676 882 730 718 0 166 690 440 40 360 483 174 299 132 4 279 919 295 749 612 219 797 432 829 383 398 928 332 637 424 133 640 755 454 756 727 974 661 600 426 685 937 989 369 440 237 976 820 624 365 129 983 729 780 
785 895 509 60 408 321 35 166 429 734 166 0 328 135 677 953 221 500 307 579 517 302 934 93 421 847 158 566 768 295 125 492 853 57 522 574 161 417 615 385 124 512 430 739 954 149 746 434 889 624 188 487 651 336 115 898 781 196 274 216 
193 234 482 498 442 520 102 701 51 239 690 328 0 232 625 431 815 446 623 732 752 332 343 700 145 292 731 817 457 446 812 552 455 843 512 579 552 666 890 536 364 351 117 248 188 186 391 354 26 511 239 468 824 438 582 921 851 853 35 996 
86 193 412 577 82 930 756 223 701 214 440 135 232 0 594 787 53 710 897 315 290 540 698 377 684 371 807 18 799 923 95 432 156 27 657 60 492 815 724 370 840 258 996 638 988 503 799 453 213 646 414 441 203 631 543 55 895 560 595 779 
169 612 753 261 40 668 11 497 164 134 40 677 625 594 0 195 485 752 933 497 980 153 880 871 387 974 79 403 893 421 162 944 710 234 921 691 113 937 832 42 668 923 362 35 891 118 270 139 384 383 71 42 972 266 821 331 526 444 251 666 
856 811 659 39 478 380 626 589 122 152 360 953 431 787 195 0 360 491 553 413 536 688 926 191 367 611 850 86 919 534 639 624 269 30 126 249 724 576 537 310 352 231 896 536 432 92 913 578 228 907 213 869 984 346 627 36 128 723 543 364 
986 226 470 125 42 51 55 102 718 594 483 221 815 53 485 360 0 756 64 249 185 98 100 470 575 635 134 592 937 461 434 890 135 41 242 121 832 587 596 431 746 896 701 147 393 744 983 796 821 394 463 17 747 811 298 850 388 591 68 143 
135 707 834 221 648 409 889 895 641 930 174 500 446 710 752 491 756 0 985 216 829 522 926 466 760 263 770 556 914 310 147 847 726 776 792 566 454 596 183 871 9 269 747 958 339 649 616 495 854 67 660 133 898 266 740 928 115 263 730 567 
588 607 325 813 345 332 906 478 318 652 299 307 623 897 933 553 64 985 0 780 736 80 222 457 41 657 79 947 503 131 615 357 354 771 774 146 547 955 182 634 571 240 189 723 456 226 628 210 415 738 174 83 470 464 151 508 898 813 828 787 
869 389 257 251 869 723 864 165 827 333 132 579 732 315 497 413 249 216 780 0 78 642 694 484 581 749 243 506 737 577 892 811 665 51 214 386 741 437 664 928 930 881 237 290 488 119 139 163 692 274 456 848 891 681 132 409 356 617 896 356 
164 454 622 20 210 7 602 924 31 771 4 517 752 290 980 536 185 829 736 78 0 598 458 297 290 208 497 29 763 73 544 979 730 769 793 162 389 733 255 254 659 883 855 983 199 449 593 728 616 612 220 905 148 281 822 792 7 839 168 4 
29 155 979 585 147 244 58 285 896 515 279 302 332 540 153 688 98 522 80 642 598 0 19 434 122 252 305 737 416 12 510 945 434 323 181 778 88 920 808 661 147 117 413 75 129 97 415 1 236 630 133 166 838 658 486 747 77 450 309 722 
52 70 31 40 523 152 962 818 551 258 919 934 343 698 880 926 100 926 222 694 458 19 0 199 267 824 280 338 219 994 131 477 773 899 388 227 471 467 165 144 437 480 614 290 95 217 176 82 726 937 890 325 510 241 332 220 522 467 428 808 
548 77 914 804 676 128 577 376 120 404 295 93 700 377 871 191 470 466 457 484 297 434 199 0 398 825 511 17 400 358 656 539 695 746 40 8 365 320 11 919 427 702 610 642 415 815 158 112 642 573 936 876 676 844 443 529 181 910 677 795 
80 136 165 509 935 676 301 47 531 982 749 421 145 684 387 367 575 760 41 581 290 122 267 398 0 749 828 889 294 153 825 217 428 408 964 352 556 478 479 104 431 916 108 82 680 215 169 819 726 386 998 812 522 966 93 486 495 455 410 738 
367 629 814 692 660 723 240 279 837 43 612 847 292 371 974 611 635 263 657 749 208 252 824 825 749 0 415 955 298 212 901 944 288 674 127 92 540 74 465 273 814 147 786 553 220 825 245 130 205 293 71 271 858 58 228 270 681 872 996 839 
990 316 274 407 795 911 20 452 947 503 219 158 731 807 79 850 134 770 79 243 497 305 280 511 828 415 0 790 512 543 215 661 519 791 587 630 132 784 923 697 990 576 430 406 104 354 681 43 431 975 343 991 67 997 933 872 790 46 38 542 
383 420 70 713 655 891 464 340 969 113 797 566 817 18 403 86 592 556 947 506 29 737 338 17 889 955 790 0 924 641 573 348 325 432 689 989 766 414 755 847 823 464 378 368 5 969 129 123 863 253 487 200 230 553 659 910 214 930 958 361 
247 896 85 126 279 723 471 878 784 588 432 768 457 799 893 919 937 914 503 737 763 416 219 400 294 298 512 924 0 559 983 566 789 292 558 414 693 556 340 158 964 100 855 193 655 856 446 134 489 44 491 143 982 621 893 535 408 143 33 283 
833 354 372 190 129 138 191 639 525 161 829 295 446 923 421 534 461 310 131 577 73 12 994 358 153 212 543 641 559 0 872 856 672 921 345 500 819 841 896 322 581 225 599 678 496 583 392 411 507 337 338 578 719 770 390 350 932 62 537 978 
895 27 854 313 734 324 700 792 355 979 383 125 812 95 162 639 434 147 615 892 544 510 131 656 825 901 215 573 983 872 0 934 304 29 647 102 531 341 797 504 815 45 873 450 626 52 898 497 759 599 5 103 969 833 843 91 207 390 342 872 
883 59 782 769 507 910 900 610 357 981 398 492 552 432 944 624 890 847 357 811 979 945 477 539 217 944 661 348 566 856 934 0 61 317 90 955 38 432 30 510 272 528 727 775 300 11 269 805 840 223 743 895 774 611 40 566 281 74 553 250 
367 597 323 981 115 266 767 959 445 842 928 853 455 156 710 269 135 726 354 665 730 434 773 695 428 288 519 325 789 672 304 61 0 342 838 411 289 437 940 680 992 682 36 635 583 886 636 187 830 417 543 107 537 962 929 87 217 234 111 377 
216 230 78 804 432 927 333 416 865 524 332 57 843 27 234 30 41 776 771 51 769 323 899 746 408 674 791 432 292 921 29 317 342 0 167 295 286 622 239 39 316 998 259 685 952 592 381 953 354 683 536 608 948 472 353 867 121 277 896 18 
346 849 724 66 8 234 851 440 396 755 637 522 512 657 921 126 242 792 774 214 793 181 388 40 964 127 587 689 558 345 647 90 838 167 0 446 637 498 585 859 651 120 21 370 844 719 940 814 702 553 789 662 871 416 756 641 113 853 803 384 
659 342 262 780 179 545 176 312 376 996 424 574 579 60 691 249 121 566 146 386 162 778 227 8 352 92 630 989 414 500 102 955 411 295 446 0 537 893 221 703 763 947 899 884 266 952 70 514 524 874 695 737 833 761 402 763 28 773 425 860 
409 541 642 940 63 459 79 197 101 919 133 161 552 492 113 724 832 454 547 741 389 88 471 365 556 540 132 766 693 819 531 38 289 286 637 537 0 190 660 74 766 56 902 929 67 208 890 301 818 62 639 512 915 509 480 496 432 80 757 900 
244 917 653 861 99 545 920 440 848 407 640 417 666 815 937 576 587 596 955 437 733 920 467 320 478 74 784 414 556 841 341 432 437 622 498 893 190 0 495 365 563 273 839 74 682 897 544 191 992 983 1000 296 389 844 360 766 258 189 533 654 
973 555 864 232 483 516 117 434 60 436 755 615 890 724 832 537 596 183 182 664 255 808 165 11 479 465 923 755 340 896 797 30 940 239 585 221 660 495 0 801 691 18 651 409 986 712 428 805 928 227 453 454 539 608 661 907 323 381 372 506 
109 830 938 879 497 41 712 364 710 529 454 385 536 370 42 310 431 871 634 928 254 661 144 919 104 273 697 847 158 322 504 510 680 39 859 703 74 365 801 0 579 855 91 898 162 846 577 519 561 434 672 23 101 346 862 271 5 951 790 134 
586 429 108 422 927 710 656 5 470 67 756 124 364 840 668 352 746 9 571 930 659 147 437 427 431 814 990 823 964 581 815 272 992 316 651 763 766 563 691 579 0 27 974 404 878 500 946 855 335 908 880 760 563 703 325 960 142 385 175 42 
95 915 452 719 438 753 203 980 574 161 727 512 351 258 923 231 896 269 240 881 883 117 480 702 916 147 576 464 100 225 45 528 682 998 120 947 56 273 18 855 27 0 881 58 932 756 523 698 497 557 349 236 44 406 518 209 376 57 685 531 
657 482 452 268 696 380 371 796 36 722 974 430 117 996 362 896 701 747 189 237 855 413 614 610 108 786 430 378 855 599 873 727 36 259 21 899 902 839 651 91 974 881 0 399 593 610 171 986 1000 83 582 818 950 800 152 194 7 45 41 523 
541 696 157 201 181 420 958 641 92 133 661 739 248 638 35 536 147 958 723 290 983 75 290 642 82 553 406 368 193 678 450 775 635 685 370 884 929 74 409 898 404 58 399 0 620 856 803 198 617 279 64 767 612 770 787 637 990 275 470 484 
77 908 111 514 570 815 89 226 817 852 600 954 188 988 891 432 393 339 456 488 199 129 95 415 680 220 104 5 655 496 626 300 583 952 844 266 67 682 986 162 878 932 593 620 0 338 698 920 39 78 660 760 125 652 23 342 628 243 650 931 
332 291 168 186 232 629 934 288 628 981 426 149 186 503 118 92 744 649 226 119 449 97 217 815 215 825 354 969 856 583 52 11 886 592 719 952 208 897 712 846 500 756 610 856 338 0 874 867 186 301 720 142 935 496 654 422 800 403 559 385 
572 971 163 377 517 750 824 469 367 975 685 746 391 799 270 913 983 616 628 139 593 415 176 158 169 245 681 129 446 392 898 269 636 381 940 70 890 544 428 577 946 523 171 803 698 874 0 881 647 879 624 301 913 334 644 171 731 785 853 872 
423 904 785 418 770 259 440 715 308 349 937 434 354 453 139 578 796 495 210 163 728 1 82 112 819 130 43 123 134 411 497 805 187 953 814 514 301 191 805 519 855 698 986 198 920 867 881 0 830 361 309 922 801 129 462 637 961 334 167 260 
1 692 759 352 925 390 113 122 266 474 989 889 26 213 384 228 821 854 415 692 616 236 726 642 726 205 431 863 489 507 759 840 830 354 702 524 818 992 928 561 335 497 1000 617 39 186 647 830 0 244 965 271 253 166 207 143 418 860 811 512 
202 870 546 975 102 842 351 151 387 577 369 624 511 646 383 907 394 67 738 274 612 630 937 573 386 293 975 253 44 337 599 223 417 683 553 874 62 983 227 434 908 557 83 279 78 301 879 361 244 0 90 365 89 144 691 411 2 517 529 40 
245 915 974 952 920 583 821 109 561 859 440 188 239 414 71 213 463 660 174 456 220 133 890 936 998 71 343 487 491 338 5 743 543 536 789 695 639 1000 453 672 880 349 582 64 660 720 624 309 965 90 0 785 961 686 292 739 526 41 188 120 
385 977 299 857 976 129 503 352 204 335 237 487 468 441 42 869 17 133 83 848 905 166 325 876 812 271 991 200 143 578 103 895 107 608 662 737 512 296 454 23 760 236 818 767 760 142 301 922 271 365 785 0 953 98 604 431 942 589 911 73 
470 469 426 808 151 107 772 722 145 370 976 651 824 203 972 984 747 898 470 891 148 838 510 676 522 858 67 230 982 719 969 774 537 948 871 833 915 389 539 101 563 44 950 612 125 935 913 801 253 89 961 953 0 363 11 583 20 792 326 965 
736 174 908 827 972 770 974 288 489 382 820 336 438 631 266 346 811 266 464 681 281 658 241 844 966 58 997 553 621 770 833 611 962 472 416 761 509 844 608 346 703 406 800 770 652 496 334 129 166 144 686 98 363 0 761 742 370 252 564 774 
451 409 131 235 721 396 930 584 929 911 624 115 582 543 821 627 298 740 151 132 822 486 332 443 93 228 933 659 893 390 843 40 929 353 756 402 480 360 661 862 325 518 152 787 23 654 644 462 207 691 292 604 11 761 0 380 439 190 781 638 
611 996 557 209 551 523 813 499 545 774 365 898 921 55 331 36 850 928 508 409 792 747 220 529 486 270 872 910 535 350 91 566 87 867 641 763 496 766 907 271 960 209 194 637 342 422 171 637 143 411 739 431 583 742 380 0 367 694 271 47 
548 415 119 359 12 169 467 556 332 561 129 781 851 895 526 128 388 115 898 356 7 77 522 181 495 681 790 214 408 932 207 281 217 121 113 28 432 258 323 5 142 376 7 990 628 800 731 961 418 2 526 942 20 370 439 367 0 377 615 640 
631 640 139 993 828 497 313 389 630 807 983 196 853 560 444 723 591 263 813 617 839 450 467 910 455 872 46 930 143 62 390 74 234 277 853 773 80 189 381 951 385 57 45 275 243 403 785 334 860 517 41 589 792 252 190 694 377 0 333 256 
32 781 307 414 865 701 224 200 239 28 729 274 35 595 251 543 68 730 828 896 168 309 428 677 410 996 38 958 33 537 342 553 111 896 803 425 757 533 372 790 175 685 41 470 650 559 853 167 811 529 188 911 326 564 781 271 615 333 0 911 
971 349 343 238 307 519 960 664 972 980 780 216 996 779 666 364 143 567 787 356 4 722 808 795 738 839 542 361 283 978 872 250 377 18 384 860 900 654 506 134 42 531 523 484 931 385 872 260 512 40 120 73 965 774 638 47 640 256 911 0 
0 538 91 892 439 638 300 280 995 344 996 147 489 917 596 723 482 657 412 590 65 599 940 552 906 785 199 836 874 393 812 473 641 734 131 716 517 599 934 362 723 531 929 662 340 981 212 230 823 720 215 878 474 787 880 397 769 503 384 802 
538 0 938 633 568 386 605 860 229 776 271 19 592 776 358 100 60 464 779 87 613 764 895 99 814 713 247 733 484 609 474 694 954 189 13 68 231 928 568 638 899 876 117 252 849 295 205 412 853 961 4 453 658 416 96 658 327 595 814 140 
91 938 0 310 378 195 693 746 300 237 736 708 37 533 873 539 857 288 483 776 510 836 285 596 695 160 556 276 32 383 856 995 579 625 664 952 963 873 915 247 667 99 951 845 743 441 942 165 457 237 277 800 307 636 777 162 592 448 494 325 
892 633 310 0 583 123 369 668 608 988 970 852 90 48 368 928 125 400 761 765 360 998 961 221 47 341 522 407 716 916 797 42 750 753 937 509 245 692 828 923 22 795 822 453 306 167 426 197 525 515 17 58 268 299 769 811 643 310 172 53 
439 568 378 583 0 714 794 768 676 205 926 828 194 923 565 245 158 994 185 167 65 957 239 160 298 363 359 749 769 261 795 432 147 688 775 130 517 86 677 603 651 567 796 193 830 295 242 473 626 842 515 909 972 770 885 318 591 986 834 819 
638 386 195 123 714 0 135 430 800 626 996 136 317 961 902 383 615 986 44 476 212 392 908 378 935 857 244 742 362 750 229 189 643 406 57 138 880 635 834 775 123 553 441 434 204 527 69 288 859 340 383 467 609 535 886 835 717 158 920 986 
300 605 693 369 794 135 0 204 747 541 566 166 247 909 690 1000 920 341 715 227 229 541 821 596 190 904 247 238 761 308 671 552 160 1 188 281 259 492 978 263 957 550 528 304 445 122 138 338 76 732 480 188 194 167 656 520 501 610 711 698 
280 860 746 668 768 430 204 0 762 933 642 183 37 266 737 198 289 655 621 265 977 286 74 224 837 145 800 488 599 404 68 256 830 857 347 815 880 972 960 924 797 828 300 940 46 903 799 441 217 749 450 912 599 37 366 645 456 788 118 211 
995 229 300 608 676 800 747 762 0 227 440 616 537 597 824 779 269 118 630 451 749 687 708 214 160 614 756 81 785 391 402 534 90 45 866 696 520 957 884 434 120 551 756 771 662 499 591 886 363 662 215 496 147 144 177 49 489 605 243 893 
344 776 237 988 205 626 541 933 227 0 816 564 670 558 599 1000 745 275 693 305 645 102 12 52 96 319 853 830 888 394 433 396 933 649 861 873 558 610 702 122 824 337 173 208 51 309 971 129 264 721 17 446 148 996 62 80 444 958 564 497 
996 271 736 970 926 996 566 642 440 816 0 523 59 951 742 452 404 439 145 286 172 69 170 384 906 251 70 123 999 749 454 84 313 94 743 174 544 820 465 913 131 315 385 827 990 853 362 312 255 914 496 996 589 241 340 8 671 417 372 43 
147 19 708 852 828 136 166 183 616 564 523 0 360 922 712 902 281 629 932 11 552 367 362 475 595 987 20 566 779 537 255 255 726 489 469 197 129 431 448 321 688 706 525 355 964 573 139 698 112 627 616 524 857 147 927 594 517 222 907 724 
489 592 37 90 194 317 247 37 537 670 59 360 0 53 757 609 922 130 918 43 738 97 5 265 169 9 281 148 66 244 874 352 520 168 23 256 884 663 690 297 736 349 210 673 42 319 693 798 2 663 433 541 711 473 65 547 735 894 161 350 
917 776 533 48 923 961 909 266 597 558 951 922 53 0 97 499 469 278 513 252 88 385 159 20 8 622 924 85 772 460 61 853 306 960 917 183 884 438 769 139 362 165 283 170 56 357 490 409 674 138 423 294 251 847 747 554 565 967 929 365 
596 358 873 368 565 902 690 737 824 599 742 712 757 97 0 609 450 600 14 96 146 769 718 541 1 662 540 942 259 383 510 944 548 393 706 973 749 48 802 556 950 676 558 939 171 708 627 35 680 842 139 942 964 903 952 36 555 966 653 420 
723 100 539 928 245 383 1000 198 779 1000 452 902 609 499 609 0 811 821 447 529 324 146 573 879 193 864 344 570 982 177 496 254 921 73 497 188 928 855 497 959 475 767 128 581 991 112 868 451 703 498 835 141 5 483 317 897 115 926 706 968 
482 60 857 125 158 615 920 289 269 745 404 281 922 469 450 811 0 829 443 73 895 374 570 596 254 749 231 152 347 10 712 337 487 742 999 643 900 698 636 138 254 60 245 232 435 192 727 333 215 80 396 207 851 277 161 857 345 447 943 336 
657 464 288 400 994 986 341 655 118 275 439 629 130 278 600 821 829 0 523 218 377 882 986 865 814 551 469 752 111 596 694 506 199 284 970 135 7 296 624 187 730 842 73 64 290 906 57 826 37 305 942 877 885 420 231 207 366 798 595 211 
412 779 483 761 185 44 715 621 630 693 145 932 918 513 14 447 443 523 0 243 713 937 219 48 915 508 878 163 462 83 846 434 877 133 796 979 624 346 831 165 165 238 716 26 5 432 446 696 52 622 158 127 345 894 279 659 377 757 76 987 
590 87 776 765 167 476 227 265 451 305 286 11 43 252 96 529 73 218 243 0 699 731 739 280 869 437 7 797 222 183 193 743 129 67 935 657 991 165 193 798 64 450 750 898 818 220 306 534 639 449 645 765 257 321 280 713 540 976 537 967 
65 613 510 360 65 212 229 977 749 645 172 552 738 88 146 324 895 377 713 699 0 775 122 641 577 528 864 354 917 807 232 831 293 411 356 981 650 45 208 71 935 190 930 778 198 929 84 507 189 556 205 337 421 597 521 775 481 823 432 537 
599 764 836 998 957 392 541 286 687 102 69 367 97 385 769 146 374 882 937 731 775 0 537 353 702 514 332 263 395 716 212 109 450 870 569 217 301 699 808 753 954 815 307 339 216 405 123 976 668 957 555 107 571 21 539 262 284 507 628 872 
940 895 285 961 239 908 821 74 708 12 170 362 5 159 718 573 570 986 219 739 122 537 0 300 527 353 237 575 310 454 597 758 29 825 110 356 84 247 137 608 275 772 50 537 486 721 683 496 893 58 185 610 287 104 634 682 293 249 605 364 
552 99 596 221 160 378 596 224 214 52 384 475 265 20 541 879 596 865 48 280 641 353 300 0 304 323 758 391 519 294 579 184 759 905 361 938 631 58 307 72 1000 711 794 528 379 959 43 910 482 665 21 388 763 424 668 861 385 70 694 347 
906 814 695 47 298 935 190 837 160 96 906 595 169 8 1 193 254 814 915 869 577 702 527 304 0 414 657 118 458 510 464 164 575 132 130 151 636 242 32 125 662 334 509 691 255 745 638 81 135 503 732 952 70 378 192 284 787 920 522 432 
785 713 160 341 363 857 904 145 614 319 251 987 9 622 662 864 749 551 508 437 528 514 353 323 414 0 391 379 960 42 685 195 803 114 665 741 55 664 412 244 798 758 284 159 634 107 139 53 326 205 894 808 572 476 529 671 529 337 698 857 
199 247 556 522 359 244 247 800 756 853 70 20 281 924 540 344 231 469 878 7 864 332 237 758 657 391 0 622 332 224 479 251 374 627 214 446 731 57 118 465 659 238 849 670 640 169 872 541 744 792 443 978 625 546 259 711 33 133 577 997 
836 733 276 407 749 742 238 488 81 830 123 566 148 85 942 570 152 752 163 797 354 263 575 391 118 379 622 0 48 888 649 153 318 136 872 324 546 759 205 711 604 73 178 261 931 621 110 575 7 806 417 339 619 245 406 466 556 496 977 688 
874 484 32 716 769 362 761 599 785 888 999 779 66 772 259 982 347 111 462 222 917 395 310 519 458 960 332 48 0 460 870 795 99 771 21 130 230 812 845 490 537 943 840 661 981 289 670 734 848 570 642 161 132 119 888 712 380 140 234 451 
393 609 383 916 261 750 308 404 391 394 749 537 244 460 383 177 10 596 83 183 807 716 454 294 510 42 224 888 460 0 220 782 214 310 468 314 460 637 317 568 956 705 122 850 763 77 588 505 722 11 455 583 761 644 489 851 447 354 212 873 
812 474 856 797 795 229 671 68 402 433 454 255 874 61 510 496 712 694 846 193 232 212 597 579 464 685 479 649 870 220 0 540 837 377 440 207 762 982 478 251 451 792 351 909 286 404 638 614 538 205 158 962 830 817 587 166 837 733 760 159 
473 694 995 42 432 189 552 256 534 396 84 255 352 853 944 254 337 506 434 743 831 109 758 184 164 195 251 153 795 782 540 0 219 772 794 46 549 446 254 346 86 410 956 614 527 266 34 494 130 915 881 202 709 998 646 842 544 673 830 807 
641 954 579 750 147 643 160 830 90 933 313 726 520 306 548 921 487 199 877 129 293 450 29 759 575 803 374 318 99 214 837 219 0 213 467 846 452 461 946 802 106 971 762 172 357 12 470 46 359 963 76 814 723 61 24 890 752 762 525 188 
734 189 625 753 688 406 1 857 45 649 94 489 168 960 393 73 742 284 133 67 411 870 825 905 132 114 627 136 771 310 377 772 213 0 759 791 717 721 406 179 793 234 562 1000 781 537 952 659 282 446 192 423 275 97 710 816 817 376 455 994 
131 13 664 937 775 57 188 347 866 861 743 469 23 917 706 497 999 970 796 935 356 569 110 361 130 665 214 872 21 468 440 794 467 759 0 934 221 548 742 760 413 218 115 28 738 953 337 636 173 89 684 113 892 338 262 522 34 555 760 576 
716 68 952 509 130 138 281 815 696 873 174 197 256 183 973 188 643 135 979 657 981 217 356 938 151 741 446 324 130 314 207 46 846 791 934 0 468 645 786 975 51 394 79 349 380 421 171 790 795 965 378 806 232 398 604 76 376 668 523 378 
517 231 963 245 517 880 259 880 520 558 544 129 884 884 749 928 900 7 624 991 650 301 84 631 636 55 731 546 230 460 762 549 452 717 221 468 0 141 905 527 259 94 831 824 982 708 249 20 414 984 745 963 267 531 795 715 170 206 165 319 
599 928 873 692 86 635 492 972 957 610 820 431 663 438 48 855 698 296 346 165 45 699 247 58 242 664 57 759 812 637 982 446 461 721 548 645 141 0 384 504 106 894 963 76 249 906 314 679 324 66 297 8 348 205 204 882 511 192 766 585 
934 568 915 828 677 834 978 960 884 702 465 448 690 769 802 497 636 624 831 193 208 808 137 307 32 412 118 205 845 317 478 254 946 406 742 786 905 384 0 575 976 377 396 636 4 302 789 453 795 493 226 824 997 474 126 984 378 466 707 908 
362 638 247 923 603 775 263 924 434 122 913 321 297 139 556 959 138 187 165 798 71 753 608 72 125 244 465 711 490 568 251 346 802 179 760 975 527 504 575 0 746 283 114 435 494 162 480 627 716 702 277 472 57 805 494 587 115 805 796 425 
723 899 667 22 651 123 957 797 120 824 131 688 736 362 950 475 254 730 165 64 935 954 275 1000 662 798 659 604 537 956 451 86 106 793 413 51 259 106 976 746 0 30 951 734 875 806 790 411 607 230 143 935 872 96 731 384 733 69 55 425 
531 876 99 795 567 553 550 828 551 337 315 706 349 165 676 767 60 842 238 450 190 815 772 711 334 758 238 73 943 705 792 410 971 234 218 394 94 894 377 283 30 0 977 223 371 164 232 970 859 917 347 111 917 839 908 249 89 852 991 994 
929 117 951 822 796 441 528 300 756 173 385 525 210 283 558 128 245 73 716 750 930 307 50 794 509 284 849 178 840 122 351 956 762 562 115 79 831 963 396 114 951 977 0 681 557 175 93 486 494 943 872 995 765 554 83 464 337 607 330 300 
662 252 845 453 193 434 304 940 771 208 827 355 673 170 939 581 232 64 26 898 778 339 537 528 691 159 670 261 661 850 909 614 172 1000 28 349 824 76 636 435 734 223 681 0 652 101 518 429 437 795 354 895 766 418 984 164 118 124 484 293 
340 849 743 306 830 204 445 46 662 51 990 964 42 56 171 991 435 290 5 818 198 216 486 379 255 634 640 931 981 763 286 527 357 781 738 380 982 249 4 494 875 371 557 652 0 800 668 155 407 165 759 59 884 602 941 69 677 88 957 622 
981 295 441 167 295 527 122 903 499 309 853 573 319 357 708 112 192 906 432 220 929 405 721 959 745 107 169 621 289 77 404 266 12 537 953 421 708 906 302 162 806 164 175 101 800 0 319 888 107 207 539 640 269 846 944 9 19 636 563 397 
212 205 942 426 242 69 138 799 591 971 362 139 693 490 627 868 727 57 446 306 84 123 683 43 638 139 872 110 670 588 638 34 470 952 337 171 249 314 789 480 790 232 93 518 668 319 0 154 651 749 494 664 638 586 898 578 97 410 793 467 
230 412 165 197 473 288 338 441 886 129 312 698 798 409 35 451 333 826 696 534 507 976 496 910 81 53 541 575 734 505 614 494 46 659 636 790 20 679 453 627 411 970 486 429 155 888 154 0 218 795 302 450 516 116 346 269 949 823 123 851 
823 853 457 525 626 859 76 217 363 264 255 112 2 674 680 703 215 37 52 639 189 668 893 482 135 326 744 7 848 722 538 130 359 282 173 795 414 324 795 716 607 859 494 437 407 107 651 218 0 487 933 451 183 889 849 584 80 494 954 658 
720 961 237 515 842 340 732 749 662 721 914 627 663 138 842 498 80 305 622 449 556 957 58 665 503 205 792 806 570 11 205 915 963 446 89 965 984 66 493 702 230 917 943 795 165 207 749 795 487 0 725 838 176 969 275 461 58 250 968 759 
215 4 277 17 515 383 480 450 215 17 496 616 433 423 139 835 396 942 158 645 205 555 185 21 732 894 443 417 642 455 158 881 76 192 684 378 745 297 226 277 143 347 872 354 759 539 494 302 933 725 0 151 646 268 854 623 384 285 61 135 
878 453 800 58 909 467 188 912 496 446 996 524 541 294 942 141 207 877 127 765 337 107 610 388 952 808 978 339 161 583 962 202 814 423 113 806 963 8 824 472 935 111 995 895 59 640 664 450 451 838 151 0 764 19 615 439 338 524 886 936 
474 658 307 268 972 609 194 599 147 148 589 857 711 251 964 5 851 885 345 257 421 571 287 763 70 572 625 619 132 761 830 709 723 275 892 232 267 348 997 57 872 917 765 766 884 269 638 516 183 176 646 764 0 276 218 595 798 976 678 901 
787 416 636 299 770 535 167 37 144 996 241 147 473 847 903 483 277 420 894 321 597 21 104 424 378 476 546 245 119 644 817 998 61 97 338 398 531 205 474 805 96 839 554 418 602 846 586 116 889 969 268 19 276 0 631 764 187 797 382 937 
880 96 777 769 885 886 656 366 177 62 340 927 65 747 952 317 161 231 279 280 521 539 634 668 192 529 259 406 888 489 587 646 24 710 262 604 795 204 126 494 731 908 83 984 941 944 898 346 849 275 854 615 218 631 0 42 962 23 509 689 
397 658 162 811 318 835 520 645 49 80 8 594 547 554 36 897 857 207 659 713 775 262 682 861 284 671 711 466 712 851 166 842 890 816 522 76 715 882 984 587 384 249 464 164 69 9 578 269 584 461 623 439 595 764 42 0 50 482 57 401 
769 327 592 643 591 717 501 456 489 444 671 517 735 565 555 115 345 366 377 540 481 284 293 385 787 529 33 556 380 447 837 544 752 817 34 376 170 511 378 115 733 89 337 118 677 19 97 949 80 58 384 338 798 187 962 50 0 598 623 492 
503 595 448 310 986 158 610 788 605 958 417 222 894 967 966 926 447 798 757 976 823 507 249 70 920 337 133 496 140 354 733 673 762 376 555 668 206 192 466 805 69 852 607 124 88 636 410 823 494 250 285 524 976 797 23 482 598 0 193 777 
384 814 494 172 834 920 711 118 243 564 372 907 161 929 653 706 943 595 76 537 432 628 605 694 522 698 577 977 234 212 760 830 525 455 760 523 165 766 707 796 55 991 330 484 957 563 793 123 954 968 61 886 678 382 509 57 623 193 0 452 
802 140 325 53 819 986 698 211 893 497 43 724 350 365 420 968 336 211 987 967 537 872 364 347 432 857 997 688 451 873 159 807 188 994 576 378 319 585 908 425 425 994 300 293 622 397 467 851 658 759 135 936 901 937 689 401 492 777 452 0 
0 422 853 110 754 233 674 730 213 792 122 723 476 330 304 289 459 499 510 371 858 269 20 448 193 307 694 224 146 479 329 557 281 442 842 290 547 312 186 778 226 573 364 268 822 117 741 919 123 175 717 220 707 349 145 469 34 322 661 124 
422 0 159 225 507 751 224 121 639 197 736 702 491 223 596 939 996 484 43 991 366 232 81 936 190 267 823 129 483 456 548 270 74 849 901 923 669 232 363 393 60 141 954 868 110 850 805 485 248 57 993 636 533 463 751 189 573 350 323 897 
853 159 0 652 754 940 333 158 755 886 185 300 837 339 138 483 258 608 435 281 523 84 835 329 335 917 472 715 855 550 163 50 396 352 439 104 95 168 43 648 379 928 82 233 203 668 134 740 574 599 577 306 555 362 170 774 422 647 654 677 
110 225 652 0 386 825 551 337 397 9 119 151 916 956 749 109 828 525 219 320 567 22 25 770 994 726 463 509 291 28 256 957 224 468 172 534 683 216 117 81 980 137 31 542 730 905 453 766 291 225 978 865 538 881 233 67 472 885 894 996 
754 507 754 386 0 311 379 195 255 868 155 304 798 104 509 695 699 89 667 668 868 54 790 843 593 819 641 250 344 648 264 631 655 468 144 867 397 904 365 383 395 444 303 740 175 712 759 668 350 174 642 244 162 219 184 625 393 73 207 142 
233 751 940 825 311 0 751 619 291 385 22 877 683 95 57 451 214 219 915 511 876 612 112 732 58 7 590 230 816 253 564 676 339 614 650 823 134 495 158 313 815 594 450 520 894 534 839 678 106 761 505 554 213 529 76 122 356 647 71 170 
674 224 333 551 379 751 0 723 310 376 383 874 793 2 288 108 3 488 276 796 970 270 173 306 723 376 801 803 242 667 173 475 855 956 836 717 669 410 85 832 353 381 463 734 724 876 679 535 782 322 414 784 513 923 342 475 555 368 421 485 
730 121 158 337 195 619 723 0 53 241 456 815 882 871 337 613 816 346 170 724 201 707 891 794 274 753 391 506 339 496 947 823 213 87 745 58 155 99 153 147 221 184 743 20 957 55 364 657 663 307 345 58 353 974 532 323 537 214 823 772 
213 639 755 397 255 291 310 53 0 837 566 352 561 372 97 327 656 984 252 691 351 290 403 764 930 405 297 977 227 550 723 538 850 841 63 332 586 168 237 555 872 479 243 236 521 451 488 131 694 315 689 604 847 751 873 690 371 563 581 162 
792 197 886 9 868 385 376 241 837 0 219 306 275 432 497 61 273 615 578 556 611 904 827 995 869 631 242 110 119 619 362 515 143 307 152 5 406 373 335 883 149 704 919 785 967 820 200 905 930 388 936 636 781 104 916 935 603 128 419 451 
122 736 185 119 155 22 383 456 566 219 0 418 820 44 216 534 505 597 871 733 801 976 810 666 118 737 940 620 90 201 619 857 798 655 65 780 490 135 552 194 909 635 457 116 137 247 792 673 890 136 312 18 367 710 563 951 67 716 705 972 
723 702 300 151 304 877 874 815 352 306 418 0 771 45 371 135 737 511 3 983 348 626 574 476 254 183 895 454 297 463 703 603 172 686 647 797 904 570 591 511 194 377 375 440 16 270 866 368 930 342 370 615 226 991 135 466 557 822 147 241 
476 491 837 916 798 683 793 882 561 275 820 771 0 929 52 340 135 793 206 854 312 789 817 903 871 966 791 749 894 927 242 782 591 728 890 773 142 226 374 864 226 749 671 163 936 607 246 2 995 172 528 416 436 490 843 455 320 33 790 821 
330 223 339 956 104 95 2 871 372 432 44 45 929 0 711 463 496 823 610 789 829 746 786 927 942 216 201 904 162 575 961 158 854 64 268 799 82 418 135 993 801 855 308 611 974 470 559 653 278 748 448 707 612 146 162 487 291 3 258 580 
304 596 138 749 509 57 288 337 97 497 216 371 52 711 0 126 392 478 964 823 796 472 274 489 941 298 430 16 610 680 397 19 356 695 406 218 373 825 256 503 30 378 385 28 835 371 490 975 326 86 891 181 167 152 14 900 487 21 145 370 
289 939 483 109 695 451 108 613 327 61 534 135 340 463 126 0 151 246 440 594 703 824 552 225 532 170 533 370 98 793 639 666 163 839 449 841 48 244 579 238 569 324 872 349 162 927 117 712 315 498 245 815 993 444 667 70 964 58 385 54 
459 996 258 828 699 214 3 816 656 273 505 737 135 496 392 151 0 103 557 852 61 448 367 390 721 367 710 937 553 943 204 765 671 207 70 309 120 240 304 731 684 879 713 707 577 872 170 952 675 931 502 659 2 672 818 149 670 489 82 653 
499 484 608 525 89 219 488 346 984 615 597 511 793 823 478 246 103 0 326 834 594 304 87 153 393 648 486 297 922 172 480 417 870 684 118 833 973 624 267 732 274 153 760 884 770 60 919 166 985 659 109 88 44 429 862 678 730 72 190 900 
510 43 435 219 667 915 276 170 252 578 871 3 206 610 964 440 557 326 0 768 101 133 548 733 89 662 96 950 378 976 37 505 154 950 54 197 449 752 62 685 819 775 385 837 832 512 230 165 965 397 928 710 711 228 721 240 724 185 774 13 
371 991 281 320 668 511 796 724 691 556 733 983 854 789 823 594 852 834 768 0 325 354 34 547 116 589 900 240 656 793 751 315 903 807 141 471 44 712 599 263 876 470 138 81 158 803 837 504 198 568 564 237 806 844 722 463 716 97 484 57 
858 366 523 567 868 876 970 201 351 611 801 348 312 829 796 703 61 594 101 325 0 282 813 280 524 436 52 607 82 2 673 55 734 584 568 138 312 924 669 789 59 892 118 138 698 126 843 354 699 314 792 488 636 307 697 142 597 133 583 543 
269 232 84 22 54 612 270 707 290 904 976 626 789 746 472 824 448 304 133 354 282 0 457 698 297 562 535 884 623 162 858 781 487 189 488 748 582 423 156 461 48 228 565 718 853 690 866 87 291 81 429 916 546 996 375 799 611 337 344 79 
20 81 835 25 790 112 173 891 403 827 810 574 817 786 274 552 367 87 548 34 813 457 0 782 585 517 754 470 675 549 396 137 934 131 762 635 845 708 947 497 801 250 891 663 263 311 325 486 174 930 944 186 796 792 337 56 742 690 508 755 
448 936 329 770 843 732 306 794 764 995 666 476 903 927 489 225 390 153 733 547 280 698 782 0 561 639 214 760 586 804 441 772 386 150 547 170 316 961 884 930 88 395 105 414 530 86 946 132 457 392 878 676 159 475 323 169 679 908 394 734 
193 190 335 994 593 58 723 274 930 869 118 254 871 942 941 532 721 393 89 116 524 297 585 561 0 610 319 882 360 516 456 807 534 728 833 918 390 872 805 976 555 583 525 461 750 292 459 989 849 447 88 64 919 703 751 601 309 101 622 585 
307 267 917 726 819 7 376 753 405 631 737 183 966 216 298 170 367 648 662 589 436 562 517 639 610 0 592 712 29 968 481 991 213 848 337 237 936 285 552 726 302 211 660 761 439 782 912 858 897 673 133 195 504 310 487 189 638 645 163 93 
694 823 472 463 641 590 801 391 297 242 940 895 791 201 430 533 710 486 96 900 52 535 754 214 319 592 0 238 546 686 454 672 525 483 741 459 331 689 775 529 233 842 49 230 219 900 163 364 68 121 447 3 441 490 968 297 915 905 339 144 
224 129 715 509 250 230 803 506 977 110 620 454 749 904 16 370 937 297 950 240 607 884 470 760 882 712 238 0 965 180 276 892 621 832 103 678 502 283 975 284 406 831 640 697 19 513 960 484 886 144 623 761 486 739 653 624 536 471 53 424 
146 483 855 291 344 816 242 339 227 119 90 297 894 162 610 98 553 922 378 656 82 623 675 586 360 29 546 965 0 608 24 142 804 149 967 861 653 121 312 669 544 135 103 534 96 633 419 304 189 478 381 743 896 839 104 242 550 921 685 659 
479 456 550 28 648 253 667 496 550 619 201 463 927 575 680 793 943 172 976 793 2 162 549 804 516 968 686 180 608 0 989 225 814 646 581 705 604 263 772 333 35 359 795 155 396 984 599 557 413 969 469 296 393 379 488 151 739 656 746 189 
329 548 163 256 264 564 173 947 723 362 619 703 242 961 397 639 204 480 37 751 673 858 396 441 456 481 454 276 24 989 0 337 52 602 543 748 260 69 534 592 575 254 512 32 534 599 369 294 496 910 874 83 357 122 365 927 89 311 194 780 
557 270 50 957 631 676 475 823 538 515 857 603 782 158 19 666 765 417 505 315 55 781 137 772 807 991 672 892 142 225 337 0 805 135 256 857 426 474 612 749 813 639 95 452 425 949 772 318 975 160 38 825 174 96 392 276 564 358 351 185 
281 74 396 224 655 339 855 213 850 143 798 172 591 854 356 163 671 870 154 903 734 487 934 386 534 213 525 621 804 814 52 805 0 728 691 284 555 563 169 346 630 61 170 871 768 958 472 966 876 109 857 261 121 923 960 184 325 227 658 893 
442 849 352 468 468 614 956 87 841 307 655 686 728 64 695 839 207 684 950 807 584 189 131 150 728 848 483 832 149 646 602 135 728 0 374 31 343 363 679 896 81 594 398 216 128 437 39 371 593 594 913 305 681 989 17 268 68 852 325 72 
842 901 439 172 144 650 836 745 63 152 65 647 890 268 406 449 70 118 54 141 568 488 762 547 833 337 741 103 967 581 543 256 691 374 0 273 859 315 247 203 549 582 915 919 171 156 716 361 824 890 374 770 77 720 770 552 937 453 343 426 
290 923 104 534 867 823 717 58 332 5 780 797 773 799 218 841 309 833 197 471 138 748 635 170 918 237 459 678 861 705 748 857 284 31 273 0 541 196 241 154 890 526 895 626 501 468 772 446 282 256 655 367 768 765 425 968 549 154 543 771 
547 669 95 683 397 134 669 155 586 406 490 904 142 82 373 48 120 973 449 44 312 582 845 316 390 936 331 502 653 604 260 426 555 343 859 541 0 807 157 734 773 855 164 202 5 331 887 924 540 41 290 133 484 579 280 305 932 847 757 807 
312 232 168 216 904 495 410 99 168 373 135 570 226 418 825 244 240 624 752 712 924 423 708 961 872 285 689 283 121 263 69 474 563 363 315 196 807 0 544 676 828 45 18 884 850 57 680 459 431 865 701 901 678 628 833 188 387 953 124 573 
186 363 43 117 365 158 85 153 237 335 552 591 374 135 256 579 304 267 62 599 669 156 947 884 805 552 775 975 312 772 534 612 169 679 247 241 157 544 0 310 276 714 699 301 907 780 175 507 145 526 634 292 3 403 947 120 622 518 265 7 
778 393 648 81 383 313 832 147 555 883 194 511 864 993 503 238 731 732 685 263 789 461 497 930 976 726 529 284 669 333 592 749 346 896 203 154 734 676 310 0 233 985 855 526 441 702 746 244 160 307 839 596 948 227 507 338 954 196 279 660 
226 60 379 980 395 815 353 221 872 149 909 194 226 801 30 569 684 274 819 876 59 48 801 88 555 302 233 406 544 35 575 813 630 81 549 890 773 828 276 233 0 960 152 227 233 321 93 451 214 772 895 169 105 996 235 713 321 994 987 585 
573 141 928 137 444 594 381 184 479 704 635 377 749 855 378 324 879 153 775 470 892 228 250 395 583 211 842 831 135 359 254 639 61 594 582 526 855 45 714 985 960 0 44 750 681 777 859 23 168 5 799 742 224 48 178 939 833 98 56 139 
364 954 82 31 303 450 463 743 243 919 457 375 671 308 385 872 713 760 385 138 118 565 891 105 525 660 49 640 103 795 512 95 170 398 915 895 164 18 699 855 152 44 0 321 533 983 669 660 520 71 179 127 340 497 935 538 674 246 665 586 
268 868 233 542 740 520 734 20 236 785 116 440 163 611 28 349 707 884 837 81 138 718 663 414 461 761 230 697 534 155 32 452 871 216 919 626 202 884 301 526 227 750 321 0 242 986 460 658 484 121 541 144 177 490 60 845 812 910 690 605 
822 110 203 730 175 894 724 957 521 967 137 16 936 974 835 162 577 770 832 158 698 853 263 530 750 439 219 19 96 396 534 425 768 128 171 501 5 850 907 441 233 681 533 242 0 253 332 803 533 886 366 837 82 544 351 896 343 917 166 452 
117 850 668 905 712 534 876 55 451 820 247 270 607 470 371 927 872 60 512 803 126 690 311 86 292 782 900 513 633 984 599 949 958 437 156 468 331 57 780 702 321 777 983 986 253 0 571 151 943 950 459 223 711 91 185 987 964 144 367 617 
741 805 134 453 759 839 679 364 488 200 792 866 246 559 490 117 170 919 230 837 843 866 325 946 459 912 163 960 419 599 369 772 472 39 716 772 887 680 175 746 93 859 669 460 332 571 0 690 500 149 675 495 363 503 240 501 821 854 138 665 
919 485 740 766 668 678 535 657 131 905 673 368 2 653 975 712 952 166 165 504 354 87 486 132 989 858 364 484 304 557 294 318 966 371 361 446 924 459 507 244 451 23 660 658 803 151 690 0 831 379 832 491 382 987 634 897 127 29 850 197 
123 248 574 291 350 106 782 663 694 930 890 930 995 278 326 315 675 985 965 198 699 291 174 457 849 897 68 886 189 413 496 975 876 593 824 282 540 431 145 160 214 168 520 484 533 943 500 831 0 680 84 608 718 110 240 324 838 476 20 357 
175 57 599 225 174 761 322 307 315 388 136 342 172 748 86 498 931 659 397 568 314 81 930 392 447 673 121 144 478 969 910 160 109 594 890 256 41 865 526 307 772 5 71 121 886 950 149 379 680 0 458 255 743 101 729 567 931 664 28 121 
717 993 577 978 642 505 414 345 689 936 312 370 528 448 891 245 502 109 928 564 792 429 944 878 88 133 447 623 381 469 874 38 857 913 374 655 290 701 634 839 895 799 179 541 366 459 675 832 84 458 0 879 370 717 14 396 621 777 819 786 
