5 3
0 1 862 105 5 
1 0 100 377 177 
862 100 0 804 728 
105 377 804 0 463 
5 177 728 463 0 
0 543 524 256 952 
543 0 864 317 125 
524 864 0 912 883 
256 317 912 0 247 
952 125 883 247 0 
0 805 735 416 876 
805 0 705 494 746 
735 705 0 188 278 
416 494 188 0 334 
876 746 278 334 0 
0 533 104 300 781 
533 0 372 492 502 
104 372 0 500 19 
300 492 500 0 25 
781 502 19 25 0 
