10 3
0 100 728 205 590 165 543 876 900 706 
100 0 463 349 566 341 575 186 118 714 
728 463 0 958 694 207 58 350 600 287 
205 349 958 0 517 217 517 317 403 524 
590 566 694 517 0 804 805 876 533 508 
165 341 207 217 804 0 75 766 903 735 
543 575 58 517 805 75 0 238 195 827 
876 186 350 317 876 766 238 0 917 714 
900 118 600 403 533 903 195 917 0 104 
706 714 287 524 508 735 827 714 104 0 
0 964 636 491 529 389 177 136 766 129 
964 0 27 237 235 579 602 387 485 295 
636 27 0 328 608 696 176 962 825 994 
491 237 328 0 221 164 353 44 797 854 
529 235 608 221 0 553 342 986 17 979 
389 579 696 164 553 0 700 371 445 961 
177 602 176 353 342 700 0 940 784 782 
136 387 962 44 986 371 940 0 770 273 
766 485 825 797 17 445 784 770 0 780 
129 295 994 854 979 961 782 273 780 0 
0 34 303 493 412 744 740 954 301 810 
34 0 898 808 716 588 307 711 399 691 
303 898 0 695 351 465 704 60 110 69 
493 808 695 0 641 791 480 806 184 267 
412 716 351 641 0 475 625 164 825 109 
744 588 465 791 475 0 130 560 606 81 
740 307 704 480 625 130 0 54 238 340 
954 711 60 806 164 560 54 0 97 753 
301 399 110 184 825 606 238 97 0 20 
810 691 69 267 109 81 340 753 20 0 
0 64 406 388 569 668 695 856 250 840 
64 0 895 762 916 457 589 603 650 928 
406 895 0 702 407 340 729 51 32 106 
388 762 702 0 752 759 790 925 264 209 
569 916 407 752 0 554 706 154 807 18 
668 457 340 759 554 0 554 667 530 118 
695 589 729 790 706 554 0 11 271 32 
856 603 51 925 154 667 11 0 393 905 
250 650 32 264 807 530 271 393 0 234 
840 928 106 209 18 118 32 905 234 0 
