5 4
0 468 183 274 334 
468 0 166 343 169 
183 166 0 751 345 
274 343 751 0 397 
334 169 345 397 0 
0 51 40 685 937 
51 0 668 38 949 
40 668 0 474 932 
685 38 474 0 756 
937 949 932 756 0 
0 623 381 227 885 
623 0 760 685 244 
381 760 0 639 602 
227 685 639 0 430 
885 244 602 430 0 
0 147 403 299 966 
147 0 559 661 750 
403 559 0 567 763 
299 661 567 0 712 
966 750 763 712 0 
0 86 73 834 144 
86 0 589 449 833 
73 589 0 815 892 
834 449 815 0 174 
144 833 892 174 0 
