8 2
0 569 691 94 813 407 340 370 
569 0 1 298 822 753 549 377 
691 1 0 664 905 412 434 47 
94 298 664 0 51 210 90 137 
813 822 905 51 0 245 449 385 
407 753 412 210 245 0 981 943 
340 549 434 90 449 981 0 566 
370 377 47 137 385 943 566 0 
0 912 732 149 813 934 1 336 
912 0 166 486 535 785 750 555 
732 166 0 47 842 251 442 682 
149 486 47 0 893 67 536 764 
813 535 842 893 0 940 713 169 
934 785 251 67 940 0 614 945 
1 750 442 536 713 614 0 921 
336 555 682 764 169 945 921 0 
0 22 11 749 680 53 672 639 
22 0 391 468 808 92 646 399 
11 391 0 615 342 318 822 394 
749 468 615 0 237 568 295 75 
680 808 342 237 0 296 940 849 
53 92 318 568 296 0 153 394 
672 646 822 295 940 153 0 333 
639 399 394 75 849 394 333 0 
