20 2
0 463 694 517 533 200 699 288 952 722 662 554 320 536 599 891 610 314 855 201 
463 0 517 805 903 372 641 912 759 278 805 51 862 23 963 167 173 618 983 816 
694 517 0 75 195 313 126 860 876 147 864 99 910 620 792 915 338 473 999 137 
517 805 75 0 917 871 327 333 635 952 396 79 691 651 890 31 846 389 843 601 
533 903 195 917 0 963 814 551 715 19 590 421 824 967 441 446 545 990 624 248 
200 372 313 871 963 0 282 188 781 32 90 719 456 306 613 975 458 654 117 282 
699 641 126 327 814 282 0 10 156 247 989 815 387 23 223 870 183 306 303 151 
288 912 860 333 551 188 10 0 125 96 229 654 132 474 78 364 824 174 839 880 
952 759 876 635 715 781 156 125 0 668 124 900 295 149 624 737 644 960 521 660 
722 278 147 952 19 32 247 96 668 0 835 712 207 51 947 407 487 722 92 363 
662 805 864 396 590 90 989 229 124 835 0 586 898 400 379 328 269 264 235 764 
554 51 99 79 421 719 815 654 900 712 586 0 189 349 23 213 633 550 695 658 
320 862 910 691 824 456 387 132 295 207 898 189 0 890 937 810 878 635 813 277 
536 23 620 651 967 306 23 474 149 51 400 349 890 0 45 30 545 637 622 61 
599 963 792 890 441 613 223 78 624 947 379 23 937 45 0 789 474 680 527 247 
891 167 915 31 446 975 870 364 737 407 328 213 810 30 789 0 3 488 18 676 
610 173 338 846 545 458 183 824 644 487 269 633 878 545 474 3 0 212 941 670 
314 618 473 389 990 654 306 174 960 722 264 550 635 637 680 488 212 0 281 908 
855 983 999 843 624 117 303 839 521 92 235 695 813 622 527 18 941 281 0 488 
201 816 137 601 248 282 151 880 660 363 764 658 277 61 247 676 670 908 488 0 
0 930 887 332 872 935 578 842 358 529 387 235 40 521 408 55 312 733 325 306 
930 0 616 258 277 258 232 312 855 248 333 454 625 198 768 718 715 321 345 572 
887 616 0 110 566 614 535 895 438 888 557 865 270 139 193 483 656 736 906 467 
332 258 110 0 664 273 259 60 269 982 616 130 519 648 589 815 160 989 318 698 
872 277 566 664 0 504 132 321 613 681 193 176 862 529 927 485 874 522 299 971 
935 258 614 273 504 0 69 166 237 752 577 87 524 900 379 131 443 724 623 316 
578 232 535 259 132 69 0 734 519 186 930 103 806 811 64 483 281 855 933 757 
842 312 895 60 321 166 734 0 1000 299 223 44 654 39 12 550 168 572 64 401 
358 855 438 269 613 237 519 1000 0 956 214 763 992 380 66 249 707 626 136 503 
529 248 888 982 681 752 186 299 956 0 135 484 293 589 356 263 221 834 687 256 
387 333 557 616 193 577 930 223 214 135 0 747 11 152 341 390 409 117 675 389 
235 454 865 130 176 87 103 44 763 484 747 0 449 953 85 204 895 200 582 251 
40 625 270 519 862 524 806 654 992 293 11 449 0 787 608 212 930 833 711 723 
521 198 139 648 529 900 811 39 380 589 152 953 787 0 919 53 500 14 437 165 
408 768 193 589 927 379 64 12 66 356 341 85 608 919 0 297 710 193 132 333 
55 718 483 815 485 131 483 550 249 263 390 204 212 53 297 0 491 138 48 579 
312 715 656 160 874 443 281 168 707 221 409 895 930 500 710 491 0 155 886 315 
733 321 736 989 522 724 855 572 626 834 117 200 833 14 193 138 155 0 254 413 
325 345 906 318 299 623 933 64 136 687 675 582 711 437 132 48 886 254 0 216 
306 572 467 698 971 316 757 401 503 256 389 251 723 165 333 579 315 413 216 0 
0 930 887 332 872 935 578 842 358 529 387 235 40 521 408 55 312 733 325 306 
930 0 616 258 277 258 232 312 855 248 333 454 625 198 768 718 715 321 345 572 
887 616 0 110 566 614 535 895 438 888 557 865 270 139 193 483 656 736 906 467 
332 258 110 0 664 273 259 60 269 982 616 130 519 648 589 815 160 989 318 698 
872 277 566 664 0 504 132 321 613 681 193 176 862 529 927 485 874 522 299 971 
935 258 614 273 504 0 69 166 237 752 577 87 524 900 379 131 443 724 623 316 
578 232 535 259 132 69 0 734 519 186 930 103 806 811 64 483 281 855 933 757 
842 312 895 60 321 166 734 0 1000 299 223 44 654 39 12 550 168 572 64 401 
358 855 438 269 613 237 519 1000 0 956 214 763 992 380 66 249 707 626 136 503 
529 248 888 982 681 752 186 299 956 0 135 484 293 589 356 263 221 834 687 256 
387 333 557 616 193 577 930 223 214 135 0 747 11 152 341 390 409 117 675 389 
235 454 865 130 176 87 103 44 763 484 747 0 449 953 85 204 895 200 582 251 
40 625 270 519 862 524 806 654 992 293 11 449 0 787 608 212 930 833 711 723 
521 198 139 648 529 900 811 39 380 589 152 953 787 0 919 53 500 14 437 165 
408 768 193 589 927 379 64 12 66 356 341 85 608 919 0 297 710 193 132 333 
55 718 483 815 485 131 483 550 249 263 390 204 212 53 297 0 491 138 48 579 
312 715 656 160 874 443 281 168 707 221 409 895 930 500 710 491 0 155 886 315 
733 321 736 989 522 724 855 572 626 834 117 200 833 14 193 138 155 0 254 413 
325 345 906 318 299 623 933 64 136 687 675 582 711 437 132 48 886 254 0 216 
306 572 467 698 971 316 757 401 503 256 389 251 723 165 333 579 315 413 216 0 
