50 4
0 370 414 515 363 386 22 327 909 500 422 102 296 620 494 256 355 909 721 598 169 791 930 4 479 677 161 739 860 296 100 37 660 912 826 954 20 586 429 680 980 749 570 268 336 408 21 616 832 674 
370 0 394 315 397 836 816 921 312 84 358 30 402 430 895 964 899 598 402 128 553 637 814 425 153 855 495 733 417 996 818 331 796 131 422 408 868 789 676 971 400 724 537 647 271 674 792 416 83 375 
414 394 0 810 848 831 61 860 861 152 534 676 677 972 525 886 786 404 91 965 616 824 354 121 517 8 126 876 43 134 149 628 458 27 264 192 767 167 275 922 518 573 805 984 720 837 208 495 577 477 
515 315 810 0 369 69 85 501 22 229 689 392 173 971 943 284 556 146 607 555 538 947 511 429 954 925 476 916 131 952 867 721 73 264 642 997 396 857 289 624 748 715 35 877 942 920 526 811 779 101 
363 397 848 369 0 903 614 886 551 990 197 153 567 647 773 135 8 61 507 864 621 955 838 374 342 964 244 347 214 926 27 437 270 98 635 784 694 344 877 640 381 975 798 719 441 975 55 88 424 985 
386 836 831 69 903 0 706 668 565 403 472 894 581 446 397 900 887 287 407 719 279 113 797 603 652 687 300 282 168 213 625 39 231 803 386 263 19 814 594 874 610 3 248 238 185 958 917 533 742 11 
22 816 61 85 614 706 0 702 156 818 709 814 314 881 324 827 410 723 900 488 903 600 777 419 763 158 938 844 83 638 546 580 677 694 113 276 855 94 700 477 336 960 511 523 849 725 60 348 258 197 
327 921 860 501 886 668 702 0 581 604 73 294 526 803 207 363 518 844 733 622 705 506 486 476 826 841 635 598 404 469 235 774 365 372 766 109 94 954 725 995 173 251 451 783 835 743 994 946 640 344 
909 312 861 22 551 565 156 581 0 977 491 242 904 200 993 594 528 617 223 152 707 410 566 218 162 846 756 881 483 741 72 520 88 804 599 153 319 692 580 679 977 299 314 491 199 702 656 343 961 756 
500 84 152 229 990 403 818 604 977 0 717 833 672 85 186 404 71 258 836 162 626 164 229 114 536 447 933 197 615 391 603 942 32 122 401 809 225 437 423 562 765 263 541 503 661 794 79 511 352 640 
422 358 534 689 197 472 709 73 491 717 0 900 42 897 241 676 127 349 108 499 179 231 674 234 433 684 387 521 211 404 522 390 665 186 895 49 227 454 689 260 274 395 623 829 758 322 117 62 672 389 
102 30 676 392 153 894 814 294 242 833 900 0 833 910 187 410 74 126 30 553 166 941 432 606 706 306 32 29 51 555 476 505 407 6 232 267 743 361 709 878 495 624 377 71 366 434 165 327 199 116 
296 402 677 173 567 581 314 526 904 672 42 833 0 828 261 237 24 213 661 207 633 899 210 965 47 614 174 226 240 971 577 971 246 957 889 4 304 88 280 682 451 799 264 114 699 755 262 593 72 966 
620 430 972 971 647 446 881 803 200 85 897 910 828 0 124 358 857 636 271 321 471 810 575 728 444 462 160 572 130 908 461 196 587 211 388 354 475 296 142 593 128 37 995 171 596 619 924 452 812 476 
494 895 525 943 773 397 324 207 993 186 241 187 261 124 0 519 147 460 778 50 574 504 212 299 670 248 88 652 51 228 31 540 556 647 836 475 642 166 589 785 276 288 436 14 828 281 36 662 235 886 
256 964 886 284 135 900 827 363 594 404 676 410 237 358 519 0 545 760 579 255 881 847 120 686 450 841 474 183 979 980 469 616 165 732 571 31 778 788 525 823 475 161 57 386 238 268 334 185 342 639 
355 899 786 556 8 887 410 518 528 71 127 74 24 857 147 545 0 574 165 431 51 178 906 194 144 236 422 784 634 133 363 439 690 474 637 98 684 293 370 870 335 643 438 330 528 754 169 168 686 808 
909 598 404 146 61 287 723 844 617 258 349 126 213 636 460 760 574 0 509 484 660 261 414 251 419 940 722 714 300 466 141 534 936 126 396 46 61 717 279 302 942 414 338 178 243 571 168 937 500 476 
721 402 91 607 507 407 900 733 223 836 108 30 661 271 778 579 165 509 0 879 239 153 171 586 218 665 312 22 113 266 46 66 966 648 636 332 562 395 682 338 776 266 147 779 177 221 712 771 977 15 
598 128 965 555 864 719 488 622 152 162 499 553 207 321 50 255 431 484 879 0 449 676 334 340 26 496 810 138 62 721 302 439 858 405 90 150 14 658 778 642 99 729 769 310 56 106 540 456 371 845 
169 553 616 538 621 279 903 705 707 626 179 166 633 471 574 881 51 660 239 449 0 466 865 912 878 495 222 348 816 853 567 900 219 456 25 342 860 49 782 15 89 376 322 998 941 339 661 441 39 861 
791 637 824 947 955 113 600 506 410 164 231 941 899 810 504 847 178 261 153 676 466 0 279 545 816 918 13 154 801 1000 216 226 69 198 780 661 252 519 511 452 874 967 267 752 326 592 69 198 378 667 
930 814 354 511 838 797 777 486 566 229 674 432 210 575 212 120 906 414 171 334 865 279 0 656 194 197 645 957 266 242 55 563 400 878 224 400 960 261 102 198 466 712 379 389 82 805 155 837 56 568 
4 425 121 429 374 603 419 476 218 114 234 606 965 728 299 686 194 251 586 340 912 545 656 0 332 630 182 793 567 664 428 870 836 748 444 456 326 553 361 910 390 589 804 627 995 891 770 113 871 412 
479 153 517 954 342 652 763 826 162 536 433 706 47 444 670 450 144 419 218 26 878 816 194 332 0 156 652 737 669 480 740 211 697 463 729 86 650 425 502 232 131 327 148 46 586 550 170 445 56 414 
677 855 8 925 964 687 158 841 846 447 684 306 614 462 248 841 236 940 665 496 495 918 197 630 156 0 272 300 136 610 297 302 798 654 807 460 950 774 731 621 674 987 315 670 462 325 389 974 299 853 
161 495 126 476 244 300 938 635 756 933 387 32 174 160 88 474 422 722 312 810 222 13 645 182 652 272 0 663 127 65 936 182 431 389 346 188 546 94 278 23 236 945 39 767 486 444 908 648 931 378 
739 733 876 916 347 282 844 598 881 197 521 29 226 572 652 183 784 714 22 138 348 154 957 793 737 300 663 0 614 10 857 365 314 232 43 316 46 624 824 253 390 666 93 293 171 416 7 38 185 891 
860 417 43 131 214 168 83 404 483 615 211 51 240 130 51 979 634 300 113 62 816 801 266 567 669 136 127 614 0 116 339 715 948 264 976 535 91 294 98 148 287 273 463 474 247 760 806 801 641 473 
296 996 134 952 926 213 638 469 741 391 404 555 971 908 228 980 133 466 266 721 853 1000 242 664 480 610 65 10 116 0 962 189 901 13 145 353 21 911 10 244 528 213 313 740 410 420 62 374 349 491 
100 818 149 867 27 625 546 235 72 603 522 476 577 461 31 469 363 141 46 302 567 216 55 428 740 297 936 857 339 962 0 102 919 702 729 382 493 480 504 69 757 807 118 463 807 915 26 557 101 798 
37 331 628 721 437 39 580 774 520 942 390 505 971 196 540 616 439 534 66 439 900 226 563 870 211 302 182 365 715 189 102 0 736 916 785 883 953 185 869 381 427 716 991 837 260 512 811 802 112 282 
660 796 458 73 270 231 677 365 88 32 665 407 246 587 556 165 690 936 966 858 219 69 400 836 697 798 431 314 948 901 919 736 0 381 717 195 459 62 496 74 112 820 121 525 880 406 190 934 441 789 
912 131 27 264 98 803 694 372 804 122 186 6 957 211 647 732 474 126 648 405 456 198 878 748 463 654 389 232 264 13 702 916 381 0 625 275 806 793 748 733 998 6 586 907 377 243 369 534 654 263 
826 422 264 642 635 386 113 766 599 401 895 232 889 388 836 571 637 396 636 90 25 780 224 444 729 807 346 43 976 145 729 785 717 625 0 299 10 778 823 615 175 707 381 461 19 844 929 317 734 539 
954 408 192 997 784 263 276 109 153 809 49 267 4 354 475 31 98 46 332 150 342 661 400 456 86 460 188 316 535 353 382 883 195 275 299 0 975 22 603 305 192 897 837 276 15 337 121 777 711 18 
20 868 767 396 694 19 855 94 319 225 227 743 304 475 642 778 684 61 562 14 860 252 960 326 650 950 546 46 91 21 493 953 459 806 10 975 0 999 905 492 182 542 589 815 176 739 195 452 421 556 
586 789 167 857 344 814 94 954 692 437 454 361 88 296 166 788 293 717 395 658 49 519 261 553 425 774 94 624 294 911 480 185 62 793 778 22 999 0 737 121 785 399 914 563 423 663 485 346 160 583 
429 676 275 289 877 594 700 725 580 423 689 709 280 142 589 525 370 279 682 778 782 511 102 361 502 731 278 824 98 10 504 869 496 748 823 603 905 737 0 183 289 205 825 710 412 162 864 138 587 789 
680 971 922 624 640 874 477 995 679 562 260 878 682 593 785 823 870 302 338 642 15 452 198 910 232 621 23 253 148 244 69 381 74 733 615 305 492 121 183 0 161 340 885 219 554 76 638 424 979 966 
980 400 518 748 381 610 336 173 977 765 274 495 451 128 276 475 335 942 776 99 89 874 466 390 131 674 236 390 287 528 757 427 112 998 175 192 182 785 289 161 0 57 523 90 625 669 624 261 749 339 
749 724 573 715 975 3 960 251 299 263 395 624 799 37 288 161 643 414 266 729 376 967 712 589 327 987 945 666 273 213 807 716 820 6 707 897 542 399 205 340 57 0 125 993 249 891 67 245 816 625 
570 537 805 35 798 248 511 451 314 541 623 377 264 995 436 57 438 338 147 769 322 267 379 804 148 315 39 93 463 313 118 991 121 586 381 837 589 914 825 885 523 125 0 811 813 712 666 973 551 157 
268 647 984 877 719 238 523 783 491 503 829 71 114 171 14 386 330 178 779 310 998 752 389 627 46 670 767 293 474 740 463 837 525 907 461 276 815 563 710 219 90 993 811 0 708 394 315 509 983 498 
336 271 720 942 441 185 849 835 199 661 758 366 699 596 828 238 528 243 177 56 941 326 82 995 586 462 486 171 247 410 807 260 880 377 19 15 176 423 412 554 625 249 813 708 0 964 263 311 670 812 
408 674 837 920 975 958 725 743 702 794 322 434 755 619 281 268 754 571 221 106 339 592 805 891 550 325 444 416 760 420 915 512 406 243 844 337 739 663 162 76 669 891 712 394 964 0 50 507 459 760 
21 792 208 526 55 917 60 994 656 79 117 165 262 924 36 334 169 168 712 540 661 69 155 770 170 389 908 7 806 62 26 811 190 369 929 121 195 485 864 638 624 67 666 315 263 50 0 977 500 809 
616 416 495 811 88 533 348 946 343 511 62 327 593 452 662 185 168 937 771 456 441 198 837 113 445 974 648 38 801 374 557 802 934 534 317 777 452 346 138 424 261 245 973 509 311 507 977 0 834 900 
832 83 577 779 424 742 258 640 961 352 672 199 72 812 235 342 686 500 977 371 39 378 56 871 56 299 931 185 641 349 101 112 441 654 734 711 421 160 587 979 749 816 551 983 670 459 500 834 0 767 
674 375 477 101 985 11 197 344 756 640 389 116 966 476 886 639 808 476 15 845 861 667 568 412 414 853 378 891 473 491 798 282 789 263 539 18 556 583 789 966 339 625 157 498 812 760 809 900 767 0 
0 818 464 570 901 858 275 76 64 287 917 695 858 821 713 909 192 600 607 535 284 312 69 94 903 329 578 917 592 441 874 39 198 201 615 797 69 32 68 73 254 552 210 90 9 633 556 360 585 261 
818 0 164 667 141 804 593 667 365 579 954 804 96 944 745 573 961 581 50 764 73 799 250 350 802 145 881 128 984 297 476 95 442 187 44 118 304 609 995 321 461 466 40 558 895 130 261 449 342 968 
464 164 0 338 375 264 946 280 456 678 18 763 846 302 358 152 891 266 13 467 153 310 781 867 182 457 859 980 162 342 416 454 104 559 677 490 915 140 333 734 514 964 515 904 27 756 758 772 235 26 
570 667 338 0 113 744 409 373 161 918 96 319 968 699 51 875 979 892 781 328 402 964 521 158 306 497 498 6 463 391 879 430 235 893 515 862 123 869 895 974 488 983 501 836 822 722 202 443 65 182 
901 141 375 113 0 49 99 491 113 686 95 911 298 837 2 453 886 990 208 396 549 691 327 639 210 404 754 194 198 94 274 317 885 92 285 458 416 938 982 36 943 775 240 443 344 151 130 334 245 127 
858 804 264 744 49 0 692 281 123 19 503 557 975 933 814 20 750 991 505 949 405 470 156 793 896 200 155 155 5 15 28 398 465 193 2 615 741 883 812 395 210 303 35 63 319 385 981 680 994 978 
275 593 946 409 99 692 0 89 968 322 17 392 20 738 596 14 285 679 246 175 496 280 267 785 253 94 729 576 93 757 512 661 912 761 134 890 258 74 593 100 229 162 380 622 141 953 156 189 857 43 
76 667 280 373 491 281 89 0 35 221 781 415 943 31 215 819 965 459 21 998 253 255 249 970 617 450 258 283 133 890 509 38 270 111 139 352 800 627 120 784 713 797 532 645 56 157 881 600 806 128 
64 365 456 161 113 123 968 35 0 704 75 244 487 777 28 376 145 809 656 736 990 23 322 418 211 546 229 960 545 308 195 752 562 206 51 586 538 4 143 186 466 513 876 809 758 395 306 730 276 648 
287 579 678 918 686 19 322 221 704 0 222 929 315 569 560 441 374 274 735 663 177 268 632 599 629 642 455 370 96 600 67 46 848 839 868 868 518 375 27 831 586 978 450 923 705 636 475 236 348 823 
917 954 18 96 95 503 17 781 75 222 0 185 784 691 753 442 23 168 596 611 355 33 278 730 19 433 446 399 547 621 640 734 956 398 514 326 21 531 977 48 7 178 876 207 72 757 191 320 30 545 
695 804 763 319 911 557 392 415 244 929 185 0 965 71 926 13 63 347 554 563 333 451 239 989 243 580 510 450 401 946 512 942 994 944 380 735 634 510 445 485 282 42 67 117 683 91 518 434 781 122 
858 96 846 968 298 975 20 943 487 315 784 965 0 16 146 554 38 505 727 566 183 516 733 291 698 319 467 798 220 900 675 601 609 279 875 883 628 910 759 46 615 921 58 557 52 63 738 733 670 279 
821 944 302 699 837 933 738 31 777 569 691 71 16 0 757 889 621 593 212 244 794 892 730 246 801 851 22 290 40 478 136 152 192 845 532 131 748 772 785 448 733 877 409 817 35 230 742 590 616 224 
713 745 358 51 2 814 596 215 28 560 753 926 146 757 0 979 305 61 780 708 717 717 976 543 836 931 349 465 863 298 563 595 973 449 627 670 312 167 522 696 396 952 45 273 755 222 706 219 350 21 
909 573 152 875 453 20 14 819 376 441 442 13 554 889 979 0 165 993 603 882 564 692 271 700 369 821 224 660 269 682 831 777 839 500 999 171 704 133 748 558 486 396 191 950 876 99 518 123 157 31 
192 961 891 979 886 750 285 965 145 374 23 63 38 621 305 165 0 3 53 743 765 519 609 806 755 860 532 483 832 433 822 842 109 247 702 432 798 128 16 191 986 945 351 940 222 928 709 270 306 916 
600 581 266 892 990 991 679 459 809 274 168 347 505 593 61 993 3 0 633 926 349 234 821 467 216 100 989 20 406 479 346 86 109 341 295 315 29 217 925 148 727 628 8 362 358 333 41 522 598 801 
607 50 13 781 208 505 246 21 656 735 596 554 727 212 780 603 53 633 0 527 263 29 212 390 276 893 149 722 635 641 565 194 123 126 871 693 494 509 613 814 722 661 456 801 448 721 518 342 254 814 
535 764 467 328 396 949 175 998 736 663 611 563 566 244 708 882 743 926 527 0 32 311 349 750 65 681 424 973 503 880 243 50 498 450 536 452 948 943 499 346 545 346 83 768 460 761 66 790 828 815 
284 73 153 402 549 405 496 253 990 177 355 333 183 794 717 564 765 349 263 32 0 73 259 571 831 812 320 785 980 980 576 127 721 995 48 237 985 708 152 921 439 503 903 216 748 985 143 15 313 555 
312 799 310 964 691 470 280 255 23 268 33 451 516 892 717 692 519 234 29 311 73 0 545 898 289 105 482 452 46 568 15 684 509 426 750 132 168 118 359 858 768 100 800 510 275 241 599 150 997 144 
69 250 781 521 327 156 267 249 322 632 278 239 733 730 976 271 609 821 212 349 259 545 0 390 968 10 736 746 771 629 208 824 807 28 973 73 425 619 828 813 379 881 99 448 174 94 771 662 253 121 
94 350 867 158 639 793 785 970 418 599 730 989 291 246 543 700 806 467 390 750 571 898 390 0 903 902 186 795 3 91 336 885 757 569 993 880 559 550 718 979 934 775 695 829 242 524 260 166 975 273 
903 802 182 306 210 896 253 617 211 629 19 243 698 801 836 369 755 216 276 65 831 289 968 903 0 814 65 984 349 202 673 351 755 726 199 38 646 51 18 593 555 988 799 991 116 185 526 85 266 299 
329 145 457 497 404 200 94 450 546 642 433 580 319 851 931 821 860 100 893 681 812 105 10 902 814 0 359 455 925 650 944 870 634 687 390 844 550 796 452 440 981 588 337 684 132 424 993 589 9 980 
578 881 859 498 754 155 729 258 229 455 446 510 467 22 349 224 532 989 149 424 320 482 736 186 65 359 0 74 230 773 992 669 444 834 392 10 90 567 728 727 396 417 859 892 893 45 883 376 995 940 
917 128 980 6 194 155 576 283 960 370 399 450 798 290 465 660 483 20 722 973 785 452 746 795 984 455 74 0 941 465 45 891 933 363 577 604 843 9 11 464 551 386 17 923 991 244 864 411 56 739 
592 984 162 463 198 5 93 133 545 96 547 401 220 40 863 269 832 406 635 503 980 46 771 3 349 925 230 941 0 852 957 208 296 239 825 60 282 60 158 519 49 359 293 591 129 605 960 674 953 24 
441 297 342 391 94 15 757 890 308 600 621 946 900 478 298 682 433 479 641 880 980 568 629 91 202 650 773 465 852 0 347 620 612 122 986 167 204 65 124 450 91 533 719 410 207 265 666 454 558 538 
874 476 416 879 274 28 512 509 195 67 640 512 675 136 563 831 822 346 565 243 576 15 208 336 673 944 992 45 957 347 0 263 799 359 897 652 316 739 72 406 840 517 669 460 373 240 214 226 984 580 
39 95 454 430 317 398 661 38 752 46 734 942 601 152 595 777 842 86 194 50 127 684 824 885 351 870 669 891 208 620 263 0 376 356 150 908 692 722 592 686 410 4 997 547 752 927 226 280 762 833 
198 442 104 235 885 465 912 270 562 848 956 994 609 192 973 839 109 109 123 498 721 509 807 757 755 634 444 933 296 612 799 376 0 284 253 337 6 929 497 764 531 778 994 936 192 126 190 804 747 953 
201 187 559 893 92 193 761 111 206 839 398 944 279 845 449 500 247 341 126 450 995 426 28 569 726 687 834 363 239 122 359 356 284 0 700 463 175 136 408 620 163 541 81 995 700 679 116 366 787 623 
615 44 677 515 285 2 134 139 51 868 514 380 875 532 627 999 702 295 871 536 48 750 973 993 199 390 392 577 825 986 897 150 253 700 0 337 342 772 808 941 623 543 728 629 649 96 950 940 583 48 
797 118 490 862 458 615 890 352 586 868 326 735 883 131 670 171 432 315 693 452 237 132 73 880 38 844 10 604 60 167 652 908 337 463 337 0 838 698 51 390 659 332 344 409 246 431 746 609 228 867 
69 304 915 123 416 741 258 800 538 518 21 634 628 748 312 704 798 29 494 948 985 168 425 559 646 550 90 843 282 204 316 692 6 175 342 838 0 892 275 949 154 755 985 884 223 257 635 90 549 466 
32 609 140 869 938 883 74 627 4 375 531 510 910 772 167 133 128 217 509 943 708 118 619 550 51 796 567 9 60 65 739 722 929 136 772 698 892 0 637 616 529 804 693 707 79 465 529 868 670 197 
68 995 333 895 982 812 593 120 143 27 977 445 759 785 522 748 16 925 613 499 152 359 828 718 18 452 728 11 158 124 72 592 497 408 808 51 275 637 0 267 238 40 64 480 778 471 538 702 538 209 
73 321 734 974 36 395 100 784 186 831 48 485 46 448 696 558 191 148 814 346 921 858 813 979 593 440 727 464 519 450 406 686 764 620 941 390 949 616 267 0 250 44 668 908 64 502 281 398 507 492 
254 461 514 488 943 210 229 713 466 586 7 282 615 733 396 486 986 727 722 545 439 768 379 934 555 981 396 551 49 91 840 410 531 163 623 659 154 529 238 250 0 489 636 927 901 931 507 296 723 714 
552 466 964 983 775 303 162 797 513 978 178 42 921 877 952 396 945 628 661 346 503 100 881 775 988 588 417 386 359 533 517 4 778 541 543 332 755 804 40 44 489 0 850 774 207 279 226 438 392 885 
210 40 515 501 240 35 380 532 876 450 876 67 58 409 45 191 351 8 456 83 903 800 99 695 799 337 859 17 293 719 669 997 994 81 728 344 985 693 64 668 636 850 0 851 740 425 768 204 651 904 
90 558 904 836 443 63 622 645 809 923 207 117 557 817 273 950 940 362 801 768 216 510 448 829 991 684 892 923 591 410 460 547 936 995 629 409 884 707 480 908 927 774 851 0 954 337 33 879 530 784 
9 895 27 822 344 319 141 56 758 705 72 683 52 35 755 876 222 358 448 460 748 275 174 242 116 132 893 991 129 207 373 752 192 700 649 246 223 79 778 64 901 207 740 954 0 928 38 25 819 700 
633 130 756 722 151 385 953 157 395 636 757 91 63 230 222 99 928 333 721 761 985 241 94 524 185 424 45 244 605 265 240 927 126 679 96 431 257 465 471 502 931 279 425 337 928 0 184 150 564 474 
556 261 758 202 130 981 156 881 306 475 191 518 738 742 706 518 709 41 518 66 143 599 771 260 526 993 883 864 960 666 214 226 190 116 950 746 635 529 538 281 507 226 768 33 38 184 0 276 86 79 
360 449 772 443 334 680 189 600 730 236 320 434 733 590 219 123 270 522 342 790 15 150 662 166 85 589 376 411 674 454 226 280 804 366 940 609 90 868 702 398 296 438 204 879 25 150 276 0 446 35 
585 342 235 65 245 994 857 806 276 348 30 781 670 616 350 157 306 598 254 828 313 997 253 975 266 9 995 56 953 558 984 762 747 787 583 228 549 670 538 507 723 392 651 530 819 564 86 446 0 963 
261 968 26 182 127 978 43 128 648 823 545 122 279 224 21 31 916 801 814 815 555 144 121 273 299 980 940 739 24 538 580 833 953 623 48 867 466 197 209 492 714 885 904 784 700 474 79 35 963 0 
0 818 464 570 901 858 275 76 64 287 917 695 858 821 713 909 192 600 607 535 284 312 69 94 903 329 578 917 592 441 874 39 198 201 615 797 69 32 68 73 254 552 210 90 9 633 556 360 585 261 
818 0 164 667 141 804 593 667 365 579 954 804 96 944 745 573 961 581 50 764 73 799 250 350 802 145 881 128 984 297 476 95 442 187 44 118 304 609 995 321 461 466 40 558 895 130 261 449 342 968 
464 164 0 338 375 264 946 280 456 678 18 763 846 302 358 152 891 266 13 467 153 310 781 867 182 457 859 980 162 342 416 454 104 559 677 490 915 140 333 734 514 964 515 904 27 756 758 772 235 26 
570 667 338 0 113 744 409 373 161 918 96 319 968 699 51 875 979 892 781 328 402 964 521 158 306 497 498 6 463 391 879 430 235 893 515 862 123 869 895 974 488 983 501 836 822 722 202 443 65 182 
901 141 375 113 0 49 99 491 113 686 95 911 298 837 2 453 886 990 208 396 549 691 327 639 210 404 754 194 198 94 274 317 885 92 285 458 416 938 982 36 943 775 240 443 344 151 130 334 245 127 
858 804 264 744 49 0 692 281 123 19 503 557 975 933 814 20 750 991 505 949 405 470 156 793 896 200 155 155 5 15 28 398 465 193 2 615 741 883 812 395 210 303 35 63 319 385 981 680 994 978 
275 593 946 409 99 692 0 89 968 322 17 392 20 738 596 14 285 679 246 175 496 280 267 785 253 94 729 576 93 757 512 661 912 761 134 890 258 74 593 100 229 162 380 622 141 953 156 189 857 43 
76 667 280 373 491 281 89 0 35 221 781 415 943 31 215 819 965 459 21 998 253 255 249 970 617 450 258 283 133 890 509 38 270 111 139 352 800 627 120 784 713 797 532 645 56 157 881 600 806 128 
64 365 456 161 113 123 968 35 0 704 75 244 487 777 28 376 145 809 656 736 990 23 322 418 211 546 229 960 545 308 195 752 562 206 51 586 538 4 143 186 466 513 876 809 758 395 306 730 276 648 
287 579 678 918 686 19 322 221 704 0 222 929 315 569 560 441 374 274 735 663 177 268 632 599 629 642 455 370 96 600 67 46 848 839 868 868 518 375 27 831 586 978 450 923 705 636 475 236 348 823 
917 954 18 96 95 503 17 781 75 222 0 185 784 691 753 442 23 168 596 611 355 33 278 730 19 433 446 399 547 621 640 734 956 398 514 326 21 531 977 48 7 178 876 207 72 757 191 320 30 545 
695 804 763 319 911 557 392 415 244 929 185 0 965 71 926 13 63 347 554 563 333 451 239 989 243 580 510 450 401 946 512 942 994 944 380 735 634 510 445 485 282 42 67 117 683 91 518 434 781 122 
858 96 846 968 298 975 20 943 487 315 784 965 0 16 146 554 38 505 727 566 183 516 733 291 698 319 467 798 220 900 675 601 609 279 875 883 628 910 759 46 615 921 58 557 52 63 738 733 670 279 
821 944 302 699 837 933 738 31 777 569 691 71 16 0 757 889 621 593 212 244 794 892 730 246 801 851 22 290 40 478 136 152 192 845 532 131 748 772 785 448 733 877 409 817 35 230 742 590 616 224 
713 745 358 51 2 814 596 215 28 560 753 926 146 757 0 979 305 61 780 708 717 717 976 543 836 931 349 465 863 298 563 595 973 449 627 670 312 167 522 696 396 952 45 273 755 222 706 219 350 21 
909 573 152 875 453 20 14 819 376 441 442 13 554 889 979 0 165 993 603 882 564 692 271 700 369 821 224 660 269 682 831 777 839 500 999 171 704 133 748 558 486 396 191 950 876 99 518 123 157 31 
192 961 891 979 886 750 285 965 145 374 23 63 38 621 305 165 0 3 53 743 765 519 609 806 755 860 532 483 832 433 822 842 109 247 702 432 798 128 16 191 986 945 351 940 222 928 709 270 306 916 
600 581 266 892 990 991 679 459 809 274 168 347 505 593 61 993 3 0 633 926 349 234 821 467 216 100 989 20 406 479 346 86 109 341 295 315 29 217 925 148 727 628 8 362 358 333 41 522 598 801 
607 50 13 781 208 505 246 21 656 735 596 554 727 212 780 603 53 633 0 527 263 29 212 390 276 893 149 722 635 641 565 194 123 126 871 693 494 509 613 814 722 661 456 801 448 721 518 342 254 814 
535 764 467 328 396 949 175 998 736 663 611 563 566 244 708 882 743 926 527 0 32 311 349 750 65 681 424 973 503 880 243 50 498 450 536 452 948 943 499 346 545 346 83 768 460 761 66 790 828 815 
284 73 153 402 549 405 496 253 990 177 355 333 183 794 717 564 765 349 263 32 0 73 259 571 831 812 320 785 980 980 576 127 721 995 48 237 985 708 152 921 439 503 903 216 748 985 143 15 313 555 
312 799 310 964 691 470 280 255 23 268 33 451 516 892 717 692 519 234 29 311 73 0 545 898 289 105 482 452 46 568 15 684 509 426 750 132 168 118 359 858 768 100 800 510 275 241 599 150 997 144 
69 250 781 521 327 156 267 249 322 632 278 239 733 730 976 271 609 821 212 349 259 545 0 390 968 10 736 746 771 629 208 824 807 28 973 73 425 619 828 813 379 881 99 448 174 94 771 662 253 121 
94 350 867 158 639 793 785 970 418 599 730 989 291 246 543 700 806 467 390 750 571 898 390 0 903 902 186 795 3 91 336 885 757 569 993 880 559 550 718 979 934 775 695 829 242 524 260 166 975 273 
903 802 182 306 210 896 253 617 211 629 19 243 698 801 836 369 755 216 276 65 831 289 968 903 0 814 65 984 349 202 673 351 755 726 199 38 646 51 18 593 555 988 799 991 116 185 526 85 266 299 
329 145 457 497 404 200 94 450 546 642 433 580 319 851 931 821 860 100 893 681 812 105 10 902 814 0 359 455 925 650 944 870 634 687 390 844 550 796 452 440 981 588 337 684 132 424 993 589 9 980 
578 881 859 498 754 155 729 258 229 455 446 510 467 22 349 224 532 989 149 424 320 482 736 186 65 359 0 74 230 773 992 669 444 834 392 10 90 567 728 727 396 417 859 892 893 45 883 376 995 940 
917 128 980 6 194 155 576 283 960 370 399 450 798 290 465 660 483 20 722 973 785 452 746 795 984 455 74 0 941 465 45 891 933 363 577 604 843 9 11 464 551 386 17 923 991 244 864 411 56 739 
592 984 162 463 198 5 93 133 545 96 547 401 220 40 863 269 832 406 635 503 980 46 771 3 349 925 230 941 0 852 957 208 296 239 825 60 282 60 158 519 49 359 293 591 129 605 960 674 953 24 
441 297 342 391 94 15 757 890 308 600 621 946 900 478 298 682 433 479 641 880 980 568 629 91 202 650 773 465 852 0 347 620 612 122 986 167 204 65 124 450 91 533 719 410 207 265 666 454 558 538 
874 476 416 879 274 28 512 509 195 67 640 512 675 136 563 831 822 346 565 243 576 15 208 336 673 944 992 45 957 347 0 263 799 359 897 652 316 739 72 406 840 517 669 460 373 240 214 226 984 580 
39 95 454 430 317 398 661 38 752 46 734 942 601 152 595 777 842 86 194 50 127 684 824 885 351 870 669 891 208 620 263 0 376 356 150 908 692 722 592 686 410 4 997 547 752 927 226 280 762 833 
198 442 104 235 885 465 912 270 562 848 956 994 609 192 973 839 109 109 123 498 721 509 807 757 755 634 444 933 296 612 799 376 0 284 253 337 6 929 497 764 531 778 994 936 192 126 190 804 747 953 
201 187 559 893 92 193 761 111 206 839 398 944 279 845 449 500 247 341 126 450 995 426 28 569 726 687 834 363 239 122 359 356 284 0 700 463 175 136 408 620 163 541 81 995 700 679 116 366 787 623 
615 44 677 515 285 2 134 139 51 868 514 380 875 532 627 999 702 295 871 536 48 750 973 993 199 390 392 577 825 986 897 150 253 700 0 337 342 772 808 941 623 543 728 629 649 96 950 940 583 48 
797 118 490 862 458 615 890 352 586 868 326 735 883 131 670 171 432 315 693 452 237 132 73 880 38 844 10 604 60 167 652 908 337 463 337 0 838 698 51 390 659 332 344 409 246 431 746 609 228 867 
69 304 915 123 416 741 258 800 538 518 21 634 628 748 312 704 798 29 494 948 985 168 425 559 646 550 90 843 282 204 316 692 6 175 342 838 0 892 275 949 154 755 985 884 223 257 635 90 549 466 
32 609 140 869 938 883 74 627 4 375 531 510 910 772 167 133 128 217 509 943 708 118 619 550 51 796 567 9 60 65 739 722 929 136 772 698 892 0 637 616 529 804 693 707 79 465 529 868 670 197 
68 995 333 895 982 812 593 120 143 27 977 445 759 785 522 748 16 925 613 499 152 359 828 718 18 452 728 11 158 124 72 592 497 408 808 51 275 637 0 267 238 40 64 480 778 471 538 702 538 209 
73 321 734 974 36 395 100 784 186 831 48 485 46 448 696 558 191 148 814 346 921 858 813 979 593 440 727 464 519 450 406 686 764 620 941 390 949 616 267 0 250 44 668 908 64 502 281 398 507 492 
254 461 514 488 943 210 229 713 466 586 7 282 615 733 396 486 986 727 722 545 439 768 379 934 555 981 396 551 49 91 840 410 531 163 623 659 154 529 238 250 0 489 636 927 901 931 507 296 723 714 
552 466 964 983 775 303 162 797 513 978 178 42 921 877 952 396 945 628 661 346 503 100 881 775 988 588 417 386 359 533 517 4 778 541 543 332 755 804 40 44 489 0 850 774 207 279 226 438 392 885 
210 40 515 501 240 35 380 532 876 450 876 67 58 409 45 191 351 8 456 83 903 800 99 695 799 337 859 17 293 719 669 997 994 81 728 344 985 693 64 668 636 850 0 851 740 425 768 204 651 904 
90 558 904 836 443 63 622 645 809 923 207 117 557 817 273 950 940 362 801 768 216 510 448 829 991 684 892 923 591 410 460 547 936 995 629 409 884 707 480 908 927 774 851 0 954 337 33 879 530 784 
9 895 27 822 344 319 141 56 758 705 72 683 52 35 755 876 222 358 448 460 748 275 174 242 116 132 893 991 129 207 373 752 192 700 649 246 223 79 778 64 901 207 740 954 0 928 38 25 819 700 
633 130 756 722 151 385 953 157 395 636 757 91 63 230 222 99 928 333 721 761 985 241 94 524 185 424 45 244 605 265 240 927 126 679 96 431 257 465 471 502 931 279 425 337 928 0 184 150 564 474 
556 261 758 202 130 981 156 881 306 475 191 518 738 742 706 518 709 41 518 66 143 599 771 260 526 993 883 864 960 666 214 226 190 116 950 746 635 529 538 281 507 226 768 33 38 184 0 276 86 79 
360 449 772 443 334 680 189 600 730 236 320 434 733 590 219 123 270 522 342 790 15 150 662 166 85 589 376 411 674 454 226 280 804 366 940 609 90 868 702 398 296 438 204 879 25 150 276 0 446 35 
585 342 235 65 245 994 857 806 276 348 30 781 670 616 350 157 306 598 254 828 313 997 253 975 266 9 995 56 953 558 984 762 747 787 583 228 549 670 538 507 723 392 651 530 819 564 86 446 0 963 
261 968 26 182 127 978 43 128 648 823 545 122 279 224 21 31 916 801 814 815 555 144 121 273 299 980 940 739 24 538 580 833 953 623 48 867 466 197 209 492 714 885 904 784 700 474 79 35 963 0 
0 818 464 570 901 858 275 76 64 287 917 695 858 821 713 909 192 600 607 535 284 312 69 94 903 329 578 917 592 441 874 39 198 201 615 797 69 32 68 73 254 552 210 90 9 633 556 360 585 261 
818 0 164 667 141 804 593 667 365 579 954 804 96 944 745 573 961 581 50 764 73 799 250 350 802 145 881 128 984 297 476 95 442 187 44 118 304 609 995 321 461 466 40 558 895 130 261 449 342 968 
464 164 0 338 375 264 946 280 456 678 18 763 846 302 358 152 891 266 13 467 153 310 781 867 182 457 859 980 162 342 416 454 104 559 677 490 915 140 333 734 514 964 515 904 27 756 758 772 235 26 
570 667 338 0 113 744 409 373 161 918 96 319 968 699 51 875 979 892 781 328 402 964 521 158 306 497 498 6 463 391 879 430 235 893 515 862 123 869 895 974 488 983 501 836 822 722 202 443 65 182 
901 141 375 113 0 49 99 491 113 686 95 911 298 837 2 453 886 990 208 396 549 691 327 639 210 404 754 194 198 94 274 317 885 92 285 458 416 938 982 36 943 775 240 443 344 151 130 334 245 127 
858 804 264 744 49 0 692 281 123 19 503 557 975 933 814 20 750 991 505 949 405 470 156 793 896 200 155 155 5 15 28 398 465 193 2 615 741 883 812 395 210 303 35 63 319 385 981 680 994 978 
275 593 946 409 99 692 0 89 968 322 17 392 20 738 596 14 285 679 246 175 496 280 267 785 253 94 729 576 93 757 512 661 912 761 134 890 258 74 593 100 229 162 380 622 141 953 156 189 857 43 
76 667 280 373 491 281 89 0 35 221 781 415 943 31 215 819 965 459 21 998 253 255 249 970 617 450 258 283 133 890 509 38 270 111 139 352 800 627 120 784 713 797 532 645 56 157 881 600 806 128 
64 365 456 161 113 123 968 35 0 704 75 244 487 777 28 376 145 809 656 736 990 23 322 418 211 546 229 960 545 308 195 752 562 206 51 586 538 4 143 186 466 513 876 809 758 395 306 730 276 648 
287 579 678 918 686 19 322 221 704 0 222 929 315 569 560 441 374 274 735 663 177 268 632 599 629 642 455 370 96 600 67 46 848 839 868 868 518 375 27 831 586 978 450 923 705 636 475 236 348 823 
917 954 18 96 95 503 17 781 75 222 0 185 784 691 753 442 23 168 596 611 355 33 278 730 19 433 446 399 547 621 640 734 956 398 514 326 21 531 977 48 7 178 876 207 72 757 191 320 30 545 
695 804 763 319 911 557 392 415 244 929 185 0 965 71 926 13 63 347 554 563 333 451 239 989 243 580 510 450 401 946 512 942 994 944 380 735 634 510 445 485 282 42 67 117 683 91 518 434 781 122 
858 96 846 968 298 975 20 943 487 315 784 965 0 16 146 554 38 505 727 566 183 516 733 291 698 319 467 798 220 900 675 601 609 279 875 883 628 910 759 46 615 921 58 557 52 63 738 733 670 279 
821 944 302 699 837 933 738 31 777 569 691 71 16 0 757 889 621 593 212 244 794 892 730 246 801 851 22 290 40 478 136 152 192 845 532 131 748 772 785 448 733 877 409 817 35 230 742 590 616 224 
713 745 358 51 2 814 596 215 28 560 753 926 146 757 0 979 305 61 780 708 717 717 976 543 836 931 349 465 863 298 563 595 973 449 627 670 312 167 522 696 396 952 45 273 755 222 706 219 350 21 
909 573 152 875 453 20 14 819 376 441 442 13 554 889 979 0 165 993 603 882 564 692 271 700 369 821 224 660 269 682 831 777 839 500 999 171 704 133 748 558 486 396 191 950 876 99 518 123 157 31 
192 961 891 979 886 750 285 965 145 374 23 63 38 621 305 165 0 3 53 743 765 519 609 806 755 860 532 483 832 433 822 842 109 247 702 432 798 128 16 191 986 945 351 940 222 928 709 270 306 916 
600 581 266 892 990 991 679 459 809 274 168 347 505 593 61 993 3 0 633 926 349 234 821 467 216 100 989 20 406 479 346 86 109 341 295 315 29 217 925 148 727 628 8 362 358 333 41 522 598 801 
607 50 13 781 208 505 246 21 656 735 596 554 727 212 780 603 53 633 0 527 263 29 212 390 276 893 149 722 635 641 565 194 123 126 871 693 494 509 613 814 722 661 456 801 448 721 518 342 254 814 
535 764 467 328 396 949 175 998 736 663 611 563 566 244 708 882 743 926 527 0 32 311 349 750 65 681 424 973 503 880 243 50 498 450 536 452 948 943 499 346 545 346 83 768 460 761 66 790 828 815 
284 73 153 402 549 405 496 253 990 177 355 333 183 794 717 564 765 349 263 32 0 73 259 571 831 812 320 785 980 980 576 127 721 995 48 237 985 708 152 921 439 503 903 216 748 985 143 15 313 555 
312 799 310 964 691 470 280 255 23 268 33 451 516 892 717 692 519 234 29 311 73 0 545 898 289 105 482 452 46 568 15 684 509 426 750 132 168 118 359 858 768 100 800 510 275 241 599 150 997 144 
69 250 781 521 327 156 267 249 322 632 278 239 733 730 976 271 609 821 212 349 259 545 0 390 968 10 736 746 771 629 208 824 807 28 973 73 425 619 828 813 379 881 99 448 174 94 771 662 253 121 
94 350 867 158 639 793 785 970 418 599 730 989 291 246 543 700 806 467 390 750 571 898 390 0 903 902 186 795 3 91 336 885 757 569 993 880 559 550 718 979 934 775 695 829 242 524 260 166 975 273 
903 802 182 306 210 896 253 617 211 629 19 243 698 801 836 369 755 216 276 65 831 289 968 903 0 814 65 984 349 202 673 351 755 726 199 38 646 51 18 593 555 988 799 991 116 185 526 85 266 299 
329 145 457 497 404 200 94 450 546 642 433 580 319 851 931 821 860 100 893 681 812 105 10 902 814 0 359 455 925 650 944 870 634 687 390 844 550 796 452 440 981 588 337 684 132 424 993 589 9 980 
578 881 859 498 754 155 729 258 229 455 446 510 467 22 349 224 532 989 149 424 320 482 736 186 65 359 0 74 230 773 992 669 444 834 392 10 90 567 728 727 396 417 859 892 893 45 883 376 995 940 
917 128 980 6 194 155 576 283 960 370 399 450 798 290 465 660 483 20 722 973 785 452 746 795 984 455 74 0 941 465 45 891 933 363 577 604 843 9 11 464 551 386 17 923 991 244 864 411 56 739 
592 984 162 463 198 5 93 133 545 96 547 401 220 40 863 269 832 406 635 503 980 46 771 3 349 925 230 941 0 852 957 208 296 239 825 60 282 60 158 519 49 359 293 591 129 605 960 674 953 24 
441 297 342 391 94 15 757 890 308 600 621 946 900 478 298 682 433 479 641 880 980 568 629 91 202 650 773 465 852 0 347 620 612 122 986 167 204 65 124 450 91 533 719 410 207 265 666 454 558 538 
874 476 416 879 274 28 512 509 195 67 640 512 675 136 563 831 822 346 565 243 576 15 208 336 673 944 992 45 957 347 0 263 799 359 897 652 316 739 72 406 840 517 669 460 373 240 214 226 984 580 
39 95 454 430 317 398 661 38 752 46 734 942 601 152 595 777 842 86 194 50 127 684 824 885 351 870 669 891 208 620 263 0 376 356 150 908 692 722 592 686 410 4 997 547 752 927 226 280 762 833 
198 442 104 235 885 465 912 270 562 848 956 994 609 192 973 839 109 109 123 498 721 509 807 757 755 634 444 933 296 612 799 376 0 284 253 337 6 929 497 764 531 778 994 936 192 126 190 804 747 953 
201 187 559 893 92 193 761 111 206 839 398 944 279 845 449 500 247 341 126 450 995 426 28 569 726 687 834 363 239 122 359 356 284 0 700 463 175 136 408 620 163 541 81 995 700 679 116 366 787 623 
615 44 677 515 285 2 134 139 51 868 514 380 875 532 627 999 702 295 871 536 48 750 973 993 199 390 392 577 825 986 897 150 253 700 0 337 342 772 808 941 623 543 728 629 649 96 950 940 583 48 
797 118 490 862 458 615 890 352 586 868 326 735 883 131 670 171 432 315 693 452 237 132 73 880 38 844 10 604 60 167 652 908 337 463 337 0 838 698 51 390 659 332 344 409 246 431 746 609 228 867 
69 304 915 123 416 741 258 800 538 518 21 634 628 748 312 704 798 29 494 948 985 168 425 559 646 550 90 843 282 204 316 692 6 175 342 838 0 892 275 949 154 755 985 884 223 257 635 90 549 466 
32 609 140 869 938 883 74 627 4 375 531 510 910 772 167 133 128 217 509 943 708 118 619 550 51 796 567 9 60 65 739 722 929 136 772 698 892 0 637 616 529 804 693 707 79 465 529 868 670 197 
68 995 333 895 982 812 593 120 143 27 977 445 759 785 522 748 16 925 613 499 152 359 828 718 18 452 728 11 158 124 72 592 497 408 808 51 275 637 0 267 238 40 64 480 778 471 538 702 538 209 
73 321 734 974 36 395 100 784 186 831 48 485 46 448 696 558 191 148 814 346 921 858 813 979 593 440 727 464 519 450 406 686 764 620 941 390 949 616 267 0 250 44 668 908 64 502 281 398 507 492 
254 461 514 488 943 210 229 713 466 586 7 282 615 733 396 486 986 727 722 545 439 768 379 934 555 981 396 551 49 91 840 410 531 163 623 659 154 529 238 250 0 489 636 927 901 931 507 296 723 714 
552 466 964 983 775 303 162 797 513 978 178 42 921 877 952 396 945 628 661 346 503 100 881 775 988 588 417 386 359 533 517 4 778 541 543 332 755 804 40 44 489 0 850 774 207 279 226 438 392 885 
210 40 515 501 240 35 380 532 876 450 876 67 58 409 45 191 351 8 456 83 903 800 99 695 799 337 859 17 293 719 669 997 994 81 728 344 985 693 64 668 636 850 0 851 740 425 768 204 651 904 
90 558 904 836 443 63 622 645 809 923 207 117 557 817 273 950 940 362 801 768 216 510 448 829 991 684 892 923 591 410 460 547 936 995 629 409 884 707 480 908 927 774 851 0 954 337 33 879 530 784 
9 895 27 822 344 319 141 56 758 705 72 683 52 35 755 876 222 358 448 460 748 275 174 242 116 132 893 991 129 207 373 752 192 700 649 246 223 79 778 64 901 207 740 954 0 928 38 25 819 700 
633 130 756 722 151 385 953 157 395 636 757 91 63 230 222 99 928 333 721 761 985 241 94 524 185 424 45 244 605 265 240 927 126 679 96 431 257 465 471 502 931 279 425 337 928 0 184 150 564 474 
556 261 758 202 130 981 156 881 306 475 191 518 738 742 706 518 709 41 518 66 143 599 771 260 526 993 883 864 960 666 214 226 190 116 950 746 635 529 538 281 507 226 768 33 38 184 0 276 86 79 
360 449 772 443 334 680 189 600 730 236 320 434 733 590 219 123 270 522 342 790 15 150 662 166 85 589 376 411 674 454 226 280 804 366 940 609 90 868 702 398 296 438 204 879 25 150 276 0 446 35 
585 342 235 65 245 994 857 806 276 348 30 781 670 616 350 157 306 598 254 828 313 997 253 975 266 9 995 56 953 558 984 762 747 787 583 228 549 670 538 507 723 392 651 530 819 564 86 446 0 963 
261 968 26 182 127 978 43 128 648 823 545 122 279 224 21 31 916 801 814 815 555 144 121 273 299 980 940 739 24 538 580 833 953 623 48 867 466 197 209 492 714 885 904 784 700 474 79 35 963 0 
0 818 464 570 901 858 275 76 64 287 917 695 858 821 713 909 192 600 607 535 284 312 69 94 903 329 578 917 592 441 874 39 198 201 615 797 69 32 68 73 254 552 210 90 9 633 556 360 585 261 
818 0 164 667 141 804 593 667 365 579 954 804 96 944 745 573 961 581 50 764 73 799 250 350 802 145 881 128 984 297 476 95 442 187 44 118 304 609 995 321 461 466 40 558 895 130 261 449 342 968 
464 164 0 338 375 264 946 280 456 678 18 763 846 302 358 152 891 266 13 467 153 310 781 867 182 457 859 980 162 342 416 454 104 559 677 490 915 140 333 734 514 964 515 904 27 756 758 772 235 26 
570 667 338 0 113 744 409 373 161 918 96 319 968 699 51 875 979 892 781 328 402 964 521 158 306 497 498 6 463 391 879 430 235 893 515 862 123 869 895 974 488 983 501 836 822 722 202 443 65 182 
901 141 375 113 0 49 99 491 113 686 95 911 298 837 2 453 886 990 208 396 549 691 327 639 210 404 754 194 198 94 274 317 885 92 285 458 416 938 982 36 943 775 240 443 344 151 130 334 245 127 
858 804 264 744 49 0 692 281 123 19 503 557 975 933 814 20 750 991 505 949 405 470 156 793 896 200 155 155 5 15 28 398 465 193 2 615 741 883 812 395 210 303 35 63 319 385 981 680 994 978 
275 593 946 409 99 692 0 89 968 322 17 392 20 738 596 14 285 679 246 175 496 280 267 785 253 94 729 576 93 757 512 661 912 761 134 890 258 74 593 100 229 162 380 622 141 953 156 189 857 43 
