5 4
0 1 862 105 5 
1 0 100 377 177 
862 100 0 804 728 
105 377 804 0 463 
5 177 728 463 0 
0 765 937 61 698 
765 0 364 45 375 
937 364 0 306 804 
61 45 306 0 650 
698 375 804 650 0 
0 49 120 905 92 
49 0 594 719 724 
120 594 0 616 173 
905 719 616 0 387 
92 724 173 387 0 
0 119 110 814 523 
119 0 543 813 543 
110 543 0 627 205 
814 813 627 0 300 
523 543 205 300 0 
0 137 26 959 180 
137 0 732 847 662 
26 732 0 601 334 
959 847 601 0 227 
180 662 334 227 0 
