10 4
0 574 433 516 753 90 943 104 862 476 
574 0 73 813 412 449 566 465 464 571 
433 73 0 822 210 981 330 25 206 464 
516 813 822 0 245 943 990 689 483 409 
753 412 210 245 0 370 902 776 346 503 
90 449 981 943 370 0 345 945 607 491 
943 566 330 990 902 345 0 220 317 999 
104 465 25 689 776 945 220 0 508 685 
862 464 206 483 346 607 317 508 0 86 
476 571 464 409 503 491 999 685 86 0 
0 896 245 376 676 161 579 46 589 76 
896 0 279 126 774 231 996 3 403 169 
245 279 0 51 777 126 145 493 314 929 
376 126 51 0 278 422 870 788 379 38 
676 774 777 278 0 927 361 700 647 344 
161 231 126 422 927 0 198 370 837 263 
579 996 145 870 361 198 0 971 199 178 
46 3 493 788 700 370 971 0 807 901 
589 403 314 379 647 837 199 807 0 300 
76 169 929 38 344 263 178 901 300 0 
0 994 240 462 696 149 496 150 666 21 
994 0 262 197 671 260 908 206 138 155 
240 262 0 91 674 244 39 459 436 864 
462 197 91 0 271 222 650 717 463 72 
696 671 674 271 0 662 361 580 752 476 
149 260 244 222 662 0 232 98 907 253 
496 908 39 650 361 232 0 874 177 93 
150 206 459 717 580 98 874 0 880 870 
666 138 436 463 752 907 177 880 0 430 
21 155 864 72 476 253 93 870 430 0 
0 825 200 404 483 158 587 86 820 79 
825 0 126 173 814 55 991 19 493 62 
200 126 0 30 629 32 66 454 338 837 
404 173 30 0 243 272 856 778 512 112 
483 814 629 243 0 906 186 709 767 378 
158 55 32 272 906 0 339 490 815 300 
587 991 66 856 186 339 0 870 326 134 
86 19 454 778 709 490 870 0 708 726 
820 493 338 512 767 815 326 708 0 437 
79 62 837 112 378 300 134 726 437 0 
0 947 247 258 743 139 455 180 340 36 
947 0 170 91 838 161 908 91 511 190 
247 170 0 165 864 88 226 296 322 974 
258 91 165 0 229 343 919 877 511 11 
743 838 864 229 0 916 405 589 740 282 
139 161 88 343 916 0 82 408 849 178 
455 908 226 919 405 82 0 910 247 243 
180 91 296 877 589 408 910 0 743 914 
340 511 322 511 740 849 247 743 0 227 
36 190 974 11 282 178 243 914 227 0 
