40 2
0 245 317 815 558 51 706 615 555 805 327 574 796 899 294 726 240 558 466 827 470 771 788 579 719 189 536 388 212 374 1000 418 630 160 916 685 156 242 577 628 
245 0 508 408 948 363 558 1 239 934 562 947 952 431 242 245 280 746 647 363 75 104 399 165 488 127 689 571 120 603 47 111 156 88 347 403 548 664 461 721 
317 508 0 325 724 397 934 285 71 399 909 463 483 880 833 510 449 437 242 594 907 90 800 509 622 967 712 852 906 419 703 245 708 474 282 750 579 480 31 437 
815 408 325 0 491 848 292 329 594 84 312 272 970 245 900 296 860 820 740 404 866 735 177 555 152 741 259 860 414 476 338 333 912 422 844 175 601 610 469 39 
558 948 724 491 0 369 948 352 602 743 861 41 26 505 830 402 241 856 84 676 355 369 197 692 162 973 443 365 171 218 479 395 984 722 598 421 496 65 363 580 
51 363 397 848 369 0 981 750 276 712 22 437 769 109 661 677 498 439 559 410 899 833 327 296 499 169 302 789 334 114 319 41 310 312 881 2 16 10 141 774 
706 558 934 292 948 981 0 282 682 584 551 79 447 885 348 173 190 957 687 237 786 494 216 485 553 553 597 251 865 234 479 974 139 810 197 124 353 116 46 520 
615 1 285 329 352 750 282 0 456 193 565 964 751 189 515 567 558 803 943 358 556 376 173 575 207 616 118 135 279 606 153 503 400 222 521 860 368 264 302 942 
555 239 71 594 602 276 682 456 0 512 156 308 49 886 507 581 586 953 269 519 8 45 351 919 321 538 280 483 695 965 517 79 231 13 29 417 242 991 567 390 
805 934 399 84 743 712 584 193 512 0 581 222 116 663 536 314 692 170 690 664 887 134 241 166 50 621 623 118 629 728 954 446 476 645 226 43 1000 363 216 505 
327 562 909 312 861 22 551 565 156 581 0 783 303 459 961 526 840 301 757 304 410 165 1 426 255 279 665 707 156 299 342 104 559 182 572 131 449 644 55 971 
574 947 463 272 41 437 79 964 308 222 783 0 366 903 443 904 24 184 413 429 518 462 849 808 431 903 979 743 14 686 652 920 683 652 652 214 587 246 428 196 
796 952 483 970 26 769 447 751 49 116 303 366 0 805 856 672 548 24 340 591 528 214 91 757 484 705 860 86 864 194 763 893 260 272 183 168 234 141 740 540 
899 431 880 245 505 109 885 189 886 663 459 903 805 0 780 42 620 480 488 307 71 312 884 399 879 707 994 774 314 251 826 161 853 359 784 83 867 70 297 616 
294 242 833 900 830 661 348 515 507 536 961 443 856 780 0 833 430 283 731 705 127 909 51 556 983 626 522 725 278 586 162 850 459 492 714 404 116 741 936 439 
726 245 510 296 402 677 173 567 581 314 526 904 672 42 833 0 972 763 37 375 74 598 567 33 107 179 791 671 341 340 536 149 687 77 22 483 715 359 857 534 
240 280 449 860 241 498 190 558 586 692 840 24 548 620 430 972 0 666 937 711 24 404 833 569 621 166 637 598 630 912 433 677 617 45 138 615 455 505 339 66 
558 746 437 820 856 439 957 803 953 170 301 184 24 480 283 763 666 0 328 558 857 146 778 368 594 633 824 308 691 545 706 855 716 669 348 211 296 140 962 439 
466 647 242 740 84 559 687 943 269 690 757 413 340 488 731 37 937 328 0 136 147 61 972 99 396 471 947 534 571 656 47 8 695 849 154 51 996 409 274 900 
827 363 594 404 676 410 237 358 519 664 304 429 591 307 705 375 711 558 136 0 545 287 769 907 947 574 955 439 848 713 444 925 55 223 957 240 134 481 328 226 
470 75 907 866 355 899 786 556 8 887 410 518 528 71 127 74 24 857 147 545 0 723 514 579 837 881 113 186 271 280 670 964 175 597 793 130 952 156 401 563 
771 104 90 735 369 833 494 376 45 134 165 462 214 312 909 598 404 146 61 287 723 0 776 306 233 51 600 745 230 711 450 687 564 714 737 51 926 792 964 870 
788 399 800 177 197 327 216 173 351 241 1 849 91 884 51 567 833 778 972 769 514 776 0 334 894 660 506 563 290 213 144 158 654 878 300 979 213 613 908 211 
579 165 509 555 692 296 485 575 919 166 426 808 757 399 556 33 569 368 99 907 579 306 334 0 25 239 410 262 243 768 419 841 359 343 663 634 638 666 67 302 
719 488 622 152 162 499 553 207 321 50 255 431 484 879 983 107 621 594 396 947 837 233 894 25 0 449 164 549 187 125 218 846 400 649 649 300 469 351 145 182 
189 127 967 741 973 169 553 616 538 621 279 903 705 707 626 179 166 633 471 574 881 51 660 239 449 0 231 930 820 971 26 447 500 927 555 113 741 35 938 365 
536 689 712 259 443 302 597 118 280 623 665 979 860 994 522 791 637 824 947 955 113 600 506 410 164 231 0 814 229 299 878 684 161 814 516 62 391 70 966 715 
388 571 852 860 365 789 251 135 483 118 707 743 86 774 725 671 598 308 534 439 186 745 563 262 549 930 814 0 505 363 816 306 495 115 601 816 404 100 681 189 
212 120 906 414 171 334 865 279 695 629 156 14 864 314 278 341 630 691 571 848 271 230 290 243 187 820 229 505 0 137 194 614 126 672 321 801 555 818 245 102 
374 603 419 476 218 114 234 606 965 728 299 686 194 251 586 340 912 545 656 713 280 711 213 768 125 971 299 363 137 0 332 462 476 662 706 266 971 149 705 307 
1000 47 703 338 479 319 479 153 517 954 342 652 763 826 162 536 433 706 47 444 670 450 144 419 218 26 878 816 194 332 0 248 244 6 582 567 908 867 352 28 
418 111 245 333 395 41 974 503 79 446 104 920 893 161 850 149 677 855 8 925 964 687 158 841 846 447 684 306 614 462 248 0 300 49 988 669 228 27 825 639 
630 156 708 912 984 310 139 400 231 476 559 683 260 853 459 687 617 716 695 55 175 564 654 359 400 500 161 495 126 476 244 300 0 906 272 136 980 625 540 624 
160 88 474 422 722 312 810 222 13 645 182 652 272 359 492 77 45 669 849 223 597 714 878 343 649 927 814 115 672 662 6 49 906 0 658 127 133 546 981 642 
916 347 282 844 598 881 197 521 29 226 572 652 183 784 714 22 138 348 154 957 793 737 300 663 649 555 516 601 321 706 582 988 272 658 0 614 466 235 946 955 
685 403 750 175 421 2 124 860 417 43 131 214 168 83 404 483 615 211 51 240 130 51 979 634 300 113 62 816 801 266 567 669 136 127 614 0 266 72 505 326 
156 548 579 601 496 16 353 368 242 1000 449 587 234 867 116 715 455 296 996 134 952 926 213 638 469 741 391 404 555 971 908 228 980 133 466 266 0 603 966 44 
242 664 480 610 65 10 116 264 991 363 644 246 141 70 741 359 505 140 409 481 156 792 613 666 351 35 70 100 818 149 867 27 625 546 235 72 603 0 37 650 
577 461 31 469 363 141 46 302 567 216 55 428 740 297 936 857 339 962 274 328 401 964 908 67 145 938 966 681 245 705 352 825 540 981 946 505 966 37 0 36 
628 721 437 39 580 774 520 942 390 505 971 196 540 616 439 534 66 439 900 226 563 870 211 302 182 365 715 189 102 307 28 639 624 642 955 326 44 650 36 0 
0 198 408 493 689 286 729 511 247 656 346 476 901 321 453 64 639 712 574 667 474 319 323 97 473 937 730 749 514 76 572 843 224 719 629 455 738 222 429 815 
198 0 997 459 280 953 967 647 807 117 424 845 220 35 727 684 450 317 660 542 229 498 978 149 804 781 925 36 580 594 653 146 497 198 287 510 92 404 357 750 
408 997 0 10 589 902 589 877 880 262 245 667 604 719 54 527 37 866 917 338 129 865 309 332 708 340 270 799 595 667 1 560 853 436 124 581 580 621 173 695 
493 459 10 0 370 816 987 238 19 36 509 412 870 594 553 668 197 937 499 624 690 209 601 462 264 683 850 247 509 167 48 329 578 269 579 144 694 767 337 766 
689 280 589 370 0 997 666 783 176 169 507 853 493 455 178 85 249 947 89 66 164 300 242 813 913 947 954 31 752 280 135 681 188 143 138 94 487 677 980 804 
286 953 902 816 997 0 213 503 412 712 277 891 68 30 671 97 289 434 431 216 179 154 907 440 744 913 285 816 797 350 292 983 84 846 678 951 53 998 429 210 
729 967 589 987 666 213 0 71 625 661 832 491 450 631 372 209 110 501 860 54 742 593 807 936 137 917 78 427 923 373 560 346 787 465 167 544 942 890 393 763 
511 647 877 238 783 503 71 0 813 155 577 282 553 846 182 480 280 19 71 802 433 177 529 849 49 663 792 4 170 998 692 713 192 860 918 941 696 917 64 964 
247 807 880 19 176 412 625 813 0 170 424 263 674 271 448 594 392 45 614 471 873 160 712 733 339 714 29 988 69 491 911 272 333 506 566 83 17 521 883 319 
656 117 262 36 169 712 661 155 170 0 258 18 914 414 699 627 285 450 289 331 856 477 799 944 120 467 273 187 3 718 648 949 88 224 686 283 98 58 448 931 
346 424 245 509 507 277 832 577 424 258 0 583 300 880 151 199 473 580 162 188 31 931 932 333 571 408 550 991 487 281 791 758 862 864 363 280 284 364 275 911 
476 845 667 412 853 891 491 282 263 18 583 0 430 300 729 131 760 500 600 789 195 499 812 751 572 591 248 423 470 952 524 582 321 148 19 217 826 666 592 316 
901 220 604 870 493 68 450 553 674 914 300 430 0 475 654 9 153 642 91 368 413 133 865 265 735 394 395 655 61 89 233 508 734 806 724 427 366 428 853 557 
321 35 719 594 455 30 631 846 271 414 880 300 475 0 22 395 409 48 105 40 766 100 575 303 565 704 556 624 188 497 436 627 576 882 322 65 896 758 206 311 
453 727 54 553 178 671 372 182 448 699 151 729 654 22 0 526 819 309 835 57 757 827 262 605 954 695 668 112 239 787 387 598 726 992 377 402 355 941 682 392 
64 684 527 668 85 97 209 480 594 627 199 131 9 395 526 0 720 73 99 226 188 689 782 448 63 246 858 192 357 666 724 313 525 409 221 349 733 335 254 984 
639 450 37 197 249 289 110 280 392 285 473 760 153 409 819 720 0 294 641 674 982 350 45 811 753 558 639 555 485 415 486 824 398 77 704 341 91 506 647 415 
712 317 866 937 947 434 501 19 45 450 580 500 642 48 309 73 294 0 543 400 356 909 409 833 676 874 242 520 133 189 888 23 611 961 704 117 561 45 868 793 
574 660 917 499 89 431 860 71 614 289 162 600 91 105 835 99 641 543 0 105 845 901 749 126 578 908 903 487 81 71 131 122 293 37 617 941 447 128 742 244 
667 542 338 624 66 216 54 802 471 331 188 789 368 40 57 226 674 400 105 0 862 56 127 852 754 907 275 351 12 402 282 220 643 212 18 36 536 193 390 845 
474 229 129 690 164 179 742 433 873 856 31 195 413 766 757 188 982 356 845 862 0 141 667 558 564 178 243 60 763 930 632 64 776 535 304 220 445 486 17 929 
319 498 865 209 300 154 593 177 160 477 931 499 133 100 827 689 350 909 901 56 141 0 653 258 173 350 593 859 104 901 482 6 859 39 387 74 917 790 106 210 
323 978 309 601 242 907 807 529 712 799 932 812 865 575 262 782 45 409 749 127 667 653 0 785 412 303 632 354 80 950 322 365 428 218 21 262 512 453 160 185 
97 149 332 462 813 440 936 849 733 944 333 751 265 303 605 448 811 833 126 852 558 258 785 0 549 459 946 841 141 503 914 566 4 581 972 468 954 970 403 311 
473 804 708 264 913 744 137 49 339 120 571 572 735 565 954 63 753 676 578 754 564 173 412 549 0 458 925 695 433 669 598 456 568 714 957 991 485 927 749 274 
937 781 340 683 947 913 917 663 714 467 408 591 394 704 695 246 558 874 908 907 178 350 303 459 458 0 409 747 373 284 406 699 695 920 747 591 18 219 759 223 
730 925 270 850 954 285 78 792 29 273 550 248 395 556 668 858 639 242 903 275 243 593 632 946 925 409 0 243 426 274 114 161 685 498 103 754 282 737 70 581 
749 36 799 247 31 816 427 4 988 187 991 423 655 624 112 192 555 520 487 351 60 859 354 841 695 747 243 0 500 756 60 756 712 485 223 451 96 67 814 614 
514 580 595 509 752 797 923 170 69 3 487 470 61 188 239 357 485 133 81 12 763 104 80 141 433 373 426 500 0 574 481 113 260 895 689 44 753 110 570 938 
76 594 667 167 280 350 373 998 491 718 281 952 89 497 787 666 415 189 71 402 930 901 950 503 669 284 274 756 574 0 60 537 112 216 28 579 95 933 904 456 
572 653 1 48 135 292 560 692 911 648 791 524 233 436 387 724 486 888 131 282 632 482 322 914 598 406 114 60 481 60 0 123 733 387 535 458 864 547 179 895 
843 146 560 329 681 983 346 713 272 949 758 582 508 627 598 313 824 23 122 220 64 6 365 566 456 699 161 756 113 537 123 0 217 328 782 992 503 804 249 226 
224 497 853 578 188 84 787 192 333 88 862 321 734 576 726 525 398 611 293 643 776 859 428 4 568 695 685 712 260 112 733 217 0 135 838 537 69 743 825 155 
719 198 436 269 143 846 465 860 506 224 864 148 806 882 992 409 77 961 37 212 535 39 218 581 714 920 498 485 895 216 387 328 135 0 742 432 17 618 172 304 
629 287 124 579 138 678 167 918 566 686 363 19 724 322 377 221 704 704 617 18 304 387 21 972 957 747 103 223 689 28 535 782 838 742 0 186 336 732 243 775 
455 510 581 144 94 951 544 941 83 283 280 217 427 65 402 349 341 117 941 36 220 74 262 468 991 591 754 451 44 579 458 992 537 432 186 0 781 956 185 146 
738 92 580 694 487 53 942 696 17 98 284 826 366 896 355 733 91 561 447 536 445 917 512 954 485 18 282 96 753 95 864 503 69 17 336 781 0 40 49 231 
222 404 621 767 677 998 890 917 521 58 364 666 428 758 941 335 506 45 128 193 486 790 453 970 927 219 737 67 110 933 547 804 743 618 732 956 40 0 32 664 
429 357 173 337 980 429 393 64 883 448 275 592 853 206 682 254 647 868 742 390 17 106 160 403 749 759 70 814 570 904 179 249 825 172 243 185 49 32 0 908 
815 750 695 766 804 210 763 964 319 931 911 316 557 311 392 984 415 793 244 845 929 210 185 311 274 223 581 614 938 456 895 226 155 304 775 146 231 664 908 0 
0 803 593 508 312 715 272 490 754 345 655 525 100 680 548 937 362 289 427 334 527 682 678 904 528 64 271 252 487 925 429 158 777 282 372 546 263 779 572 186 
803 0 4 542 721 48 34 354 194 884 577 156 781 966 274 317 551 684 341 459 772 503 23 852 197 220 76 965 421 407 348 855 504 803 714 491 909 597 644 251 
593 4 0 991 412 99 412 124 121 739 756 334 397 282 947 474 964 135 84 663 872 136 692 669 293 661 731 202 406 334 1000 441 148 565 877 420 421 380 828 306 
508 542 991 0 631 185 14 763 982 965 492 589 131 407 448 333 804 64 502 377 311 792 400 539 737 318 151 754 492 834 953 672 423 732 422 857 307 234 664 235 
312 721 412 631 0 4 335 218 825 832 494 148 508 546 823 916 752 54 912 935 837 701 759 188 88 54 47 970 249 721 866 320 813 858 863 907 514 324 21 197 
715 48 99 185 4 0 788 498 589 289 724 110 933 971 330 904 712 567 570 785 822 847 94 561 257 88 716 185 204 651 709 18 917 155 323 50 948 3 572 791 
272 34 412 14 335 788 0 930 376 340 169 510 551 370 629 792 891 500 141 947 259 408 194 65 864 84 923 574 78 628 441 655 214 536 834 457 59 111 608 238 
490 354 124 763 218 498 930 0 188 846 424 719 448 155 819 521 721 982 930 199 568 824 472 152 952 338 209 997 831 3 309 288 809 141 83 60 305 84 937 37 
754 194 121 982 825 589 376 188 0 831 577 738 327 730 553 407 609 956 387 530 128 841 289 268 662 287 972 13 932 510 90 729 668 495 435 918 984 480 118 682 
345 884 739 965 832 289 340 846 831 0 743 983 87 587 302 374 716 551 712 670 145 524 202 57 881 534 728 814 998 283 353 52 913 777 315 718 903 943 553 70 
655 577 756 492 494 724 169 424 577 743 0 418 701 121 850 802 528 421 839 813 970 70 69 668 430 593 451 10 514 720 210 243 139 137 638 721 717 637 726 90 
525 156 334 589 148 110 510 719 738 983 418 0 571 701 272 870 241 501 401 212 806 502 189 250 429 410 753 578 531 49 477 419 680 853 982 784 175 335 409 685 
100 781 397 131 508 933 551 448 327 87 701 571 0 526 347 992 848 359 910 633 588 868 136 736 266 607 606 346 940 912 768 493 267 195 277 574 635 573 148 444 
680 966 282 407 546 971 370 155 730 587 121 701 526 0 979 606 592 953 896 961 235 901 426 698 436 297 445 377 813 504 565 374 425 119 679 936 105 243 795 690 
548 274 947 448 823 330 629 819 553 302 850 272 347 979 0 475 182 692 166 944 244 174 739 396 47 306 333 889 762 214 614 403 275 9 624 599 646 60 319 609 
937 317 474 333 916 904 792 521 407 374 802 870 992 606 475 0 281 928 902 775 813 312 219 553 938 755 143 809 644 335 277 688 476 592 780 652 268 666 747 17 
362 551 964 804 752 712 891 721 609 716 528 241 848 592 182 281 0 707 360 327 19 651 956 190 248 443 362 446 516 586 515 177 603 924 297 660 910 495 354 586 
289 684 135 64 54 567 500 982 956 551 421 501 359 953 692 928 707 0 458 601 645 92 592 168 325 127 759 481 868 812 113 978 390 40 297 884 440 956 133 208 
427 341 84 502 912 570 141 930 387 712 839 401 910 896 166 902 360 458 0 896 156 100 252 875 423 93 98 514 920 930 870 879 708 964 384 60 554 873 259 757 
334 459 663 377 935 785 947 199 530 670 813 212 633 961 944 775 327 601 896 0 139 945 874 149 247 94 726 650 989 599 719 781 358 789 983 965 465 808 611 156 
527 772 872 311 837 822 259 568 128 145 970 806 588 235 244 813 19 645 156 139 0 860 334 443 437 823 758 941 238 71 369 937 225 466 697 781 556 515 984 72 
682 503 136 792 701 847 408 824 841 524 70 502 868 901 174 312 651 92 100 945 860 0 348 743 828 651 408 142 897 100 519 995 142 962 614 927 84 211 895 791 
678 23 692 400 759 94 194 472 289 202 69 189 136 426 739 219 956 592 252 874 334 348 0 216 589 698 369 647 921 51 679 636 573 783 980 739 489 548 841 816 
904 852 669 539 188 561 65 152 268 57 668 250 736 698 396 553 190 168 875 149 443 743 216 0 452 542 55 160 860 498 87 435 997 420 29 533 47 31 598 690 
528 197 293 737 88 257 864 952 662 881 430 429 266 436 47 938 248 325 423 247 437 828 589 452 0 543 76 306 568 332 403 545 433 287 44 10 516 74 252 727 
64 220 661 318 54 88 84 338 287 534 593 410 607 297 306 755 443 127 93 94 823 651 698 542 543 0 592 254 628 717 595 302 306 81 254 410 983 782 242 778 
271 76 731 151 47 716 923 209 972 728 451 753 606 445 333 143 362 759 98 726 758 408 369 55 76 592 0 758 575 727 887 840 316 503 898 247 719 264 931 420 
252 965 202 754 970 185 574 997 13 814 10 578 346 377 889 809 446 481 514 650 941 142 647 160 306 254 758 0 501 245 941 245 289 516 778 550 905 934 187 387 
487 421 406 492 249 204 78 831 932 998 514 531 940 813 762 644 516 868 920 989 238 897 921 860 568 628 575 501 0 427 520 888 741 106 312 957 248 891 431 63 
925 407 334 834 721 651 628 3 510 283 720 49 912 504 214 335 586 812 930 599 71 100 51 498 332 717 727 245 427 0 941 464 889 785 973 422 906 68 97 545 
429 348 1000 953 866 709 441 309 90 353 210 477 768 565 614 277 515 113 870 719 369 519 679 87 403 595 887 941 520 941 0 878 268 614 466 543 137 454 822 106 
158 855 441 672 320 18 655 288 729 52 243 419 493 374 403 688 177 978 879 781 937 995 636 435 545 302 840 245 888 464 878 0 784 673 219 9 498 197 752 775 
777 504 148 423 813 917 214 809 668 913 139 680 267 425 275 476 603 390 708 358 225 142 573 997 433 306 316 289 741 889 268 784 0 866 163 464 932 258 176 846 
282 803 565 732 858 155 536 141 495 777 137 853 195 119 9 592 924 40 964 789 466 962 783 420 287 81 503 516 106 785 614 673 866 0 259 569 984 383 829 697 
372 714 877 422 863 323 834 83 435 315 638 982 277 679 624 780 297 297 384 983 697 614 980 29 44 254 898 778 312 973 466 219 163 259 0 815 665 269 758 226 
546 491 420 857 907 50 457 60 918 718 721 784 574 936 599 652 660 884 60 965 781 927 739 533 10 410 247 550 957 422 543 9 464 569 815 0 220 45 816 855 
263 909 421 307 514 948 59 305 984 903 717 175 635 105 646 268 910 440 554 465 556 84 489 47 516 983 719 905 248 906 137 498 932 984 665 220 0 961 952 770 
779 597 380 234 324 3 111 84 480 943 637 335 573 243 60 666 495 956 873 808 515 211 548 31 74 782 264 934 891 68 454 197 258 383 269 45 961 0 969 337 
572 644 828 664 21 572 608 937 118 553 726 409 148 795 319 747 354 133 259 611 984 895 841 598 252 242 931 187 431 97 822 752 176 829 758 816 952 969 0 93 
186 251 306 235 197 791 238 37 682 70 90 685 444 690 609 17 586 208 757 156 72 791 816 690 727 778 420 387 63 545 106 775 846 697 226 855 770 337 93 0 
