8 4
0 231 751 321 933 355 594 368 
231 0 868 904 256 958 115 220 
751 868 0 490 838 809 601 772 
321 904 490 0 130 703 93 59 
933 256 838 130 0 151 709 265 
355 958 809 703 151 0 322 183 
594 115 601 93 709 322 0 408 
368 220 772 59 265 183 408 0 
0 656 971 639 935 38 310 533 
656 0 966 73 186 919 121 369 
971 966 0 448 779 715 280 949 
639 73 448 0 396 449 80 244 
935 186 779 396 0 639 302 711 
38 919 715 449 639 0 167 833 
310 121 280 80 302 167 0 602 
533 369 949 244 711 833 602 0 
0 656 971 639 935 38 310 533 
656 0 966 73 186 919 121 369 
971 966 0 448 779 715 280 949 
639 73 448 0 396 449 80 244 
935 186 779 396 0 639 302 711 
38 919 715 449 639 0 167 833 
310 121 280 80 302 167 0 602 
533 369 949 244 711 833 602 0 
0 656 971 639 935 38 310 533 
656 0 966 73 186 919 121 369 
971 966 0 448 779 715 280 949 
639 73 448 0 396 449 80 244 
935 186 779 396 0 639 302 711 
38 919 715 449 639 0 167 833 
310 121 280 80 302 167 0 602 
533 369 949 244 711 833 602 0 
0 656 971 639 935 38 310 533 
656 0 966 73 186 919 121 369 
971 966 0 448 779 715 280 949 
639 73 448 0 396 449 80 244 
935 186 779 396 0 639 302 711 
38 919 715 449 639 0 167 833 
310 121 280 80 302 167 0 602 
533 369 949 244 711 833 602 0 
