50 3
0 368 602 445 38 752 174 254 906 858 924 298 882 907 936 79 609 601 100 965 945 418 863 935 476 362 939 298 716 498 706 946 645 221 339 613 722 817 96 954 676 368 515 165 899 598 906 592 960 213 
368 0 547 448 597 885 226 279 963 721 149 556 72 292 804 360 965 285 219 826 135 293 136 401 850 620 960 303 359 103 49 833 367 934 650 651 49 741 880 233 509 662 610 327 638 314 112 499 314 294 
602 547 0 941 685 383 993 898 698 657 580 891 168 811 714 938 182 648 230 412 88 121 114 211 52 765 910 962 473 379 784 81 817 971 820 840 855 381 116 72 58 80 467 163 839 286 825 534 727 663 
445 448 941 0 11 392 175 163 506 272 197 105 61 103 379 542 229 927 860 243 750 897 705 757 29 217 574 403 908 857 692 211 986 512 753 781 126 475 34 498 805 335 759 233 474 762 556 212 154 323 
38 597 685 11 0 3 334 177 875 252 575 882 482 474 778 274 334 299 113 109 815 607 499 776 791 691 898 280 786 464 764 883 427 299 148 113 204 729 970 486 635 875 69 567 489 558 69 613 610 387 
752 885 383 392 3 0 994 982 644 868 472 580 550 702 519 835 66 243 257 143 949 530 944 671 321 24 790 397 170 426 659 829 452 470 929 141 765 68 634 28 534 700 1000 967 631 904 539 232 367 947 
174 226 993 175 334 994 0 378 721 463 28 817 893 625 637 213 452 907 189 954 415 921 895 534 360 637 241 36 959 954 223 482 163 648 497 913 118 28 62 453 250 66 438 670 962 738 554 606 893 528 
254 279 898 163 177 982 378 0 710 281 881 49 637 811 618 881 210 148 659 869 488 691 930 200 894 591 916 51 140 824 288 572 716 741 224 336 340 473 521 884 947 829 15 307 615 620 473 744 453 333 
906 963 698 506 875 644 721 710 0 200 548 520 949 353 964 429 735 392 587 90 361 409 915 705 7 526 39 441 2 591 166 116 756 75 804 878 12 841 591 790 922 63 823 863 692 797 970 660 913 349 
858 721 657 272 252 868 463 281 200 0 823 879 553 301 957 396 700 376 252 27 178 368 276 715 257 484 337 807 127 517 568 639 409 195 752 925 685 60 509 335 31 776 53 683 872 240 636 605 171 337 
924 149 580 197 575 472 28 881 548 823 0 197 927 393 820 11 555 79 579 359 299 917 360 230 531 243 662 192 38 922 319 537 94 815 764 21 966 525 361 288 144 496 42 746 758 254 721 156 635 114 
298 556 891 105 882 580 817 49 520 879 197 0 86 153 500 507 507 154 642 819 166 676 788 468 465 55 915 214 833 427 458 315 575 573 225 946 927 632 493 101 369 593 490 963 629 978 82 19 852 964 
882 72 168 61 482 550 893 637 949 553 927 86 0 840 903 763 671 122 513 967 694 1 145 666 68 184 697 771 396 108 14 849 938 332 42 655 114 567 990 428 919 114 32 890 808 605 334 902 147 18 
907 292 811 103 474 702 625 811 353 301 393 153 840 0 943 530 463 133 713 146 160 937 274 505 536 175 686 377 919 99 529 616 366 451 545 902 372 782 845 740 304 802 809 551 284 398 68 67 523 37 
936 804 714 379 778 519 637 618 964 957 820 500 903 943 0 686 663 786 308 933 634 330 909 294 806 822 909 388 216 699 858 539 894 283 399 87 554 987 132 609 453 986 810 857 642 910 51 335 423 428 
79 360 938 542 274 835 213 881 429 396 11 507 763 530 686 0 817 177 632 289 404 353 196 662 833 513 747 186 431 629 855 553 431 344 442 32 501 329 404 800 937 841 252 909 279 619 559 846 851 990 
609 965 182 229 334 66 452 210 735 700 555 507 671 463 663 817 0 108 409 767 56 194 644 162 671 418 684 860 169 918 226 73 280 273 333 943 692 487 431 982 191 651 581 875 69 407 584 513 836 742 
601 285 648 927 299 243 907 148 392 376 79 154 122 133 786 177 108 0 838 108 516 170 656 423 436 209 910 310 761 97 647 992 975 253 503 437 312 287 353 338 864 226 610 580 19 464 95 225 467 388 
100 219 230 860 113 257 189 659 587 252 579 642 513 713 308 632 409 838 0 461 780 717 306 365 827 27 390 869 18 382 44 858 109 68 530 25 261 11 723 632 438 605 545 759 905 94 929 541 270 949 
965 826 412 243 109 143 954 869 90 27 359 819 967 146 933 289 767 108 461 0 72 247 532 362 416 795 795 962 537 624 819 913 262 543 668 677 800 994 905 42 31 400 39 630 974 576 206 572 27 935 
945 135 88 750 815 949 415 488 361 178 299 166 694 160 634 404 56 516 780 72 0 234 816 622 376 921 693 798 647 853 427 59 279 970 366 946 575 52 563 390 821 311 945 142 396 966 611 564 333 629 
418 293 121 897 607 530 921 691 409 368 917 676 1 937 330 353 194 170 717 247 234 0 799 344 885 699 959 978 37 134 180 350 363 398 712 648 164 492 681 233 603 853 958 458 724 764 668 988 497 813 
863 136 114 705 499 944 895 930 915 276 360 788 145 274 909 196 644 656 306 532 816 799 0 17 690 354 693 159 611 379 730 894 555 251 977 713 535 263 503 230 634 616 617 442 255 384 982 517 883 750 
935 401 211 757 776 671 534 200 705 715 230 468 666 505 294 662 162 423 365 362 622 344 17 0 18 32 110 928 984 653 495 189 349 557 290 348 718 963 176 381 521 142 571 532 53 567 137 683 435 444 
476 850 52 29 791 321 360 894 7 257 531 465 68 536 806 833 671 436 827 416 376 885 690 18 0 393 523 971 156 978 823 601 895 880 639 253 355 615 789 896 912 214 55 571 548 163 854 702 333 977 
362 620 765 217 691 24 637 591 526 484 243 55 184 175 822 513 418 209 27 795 921 699 354 32 393 0 752 199 248 297 799 366 634 697 788 671 428 152 422 476 129 13 440 72 26 197 386 271 77 316 
939 960 910 574 898 790 241 916 39 337 662 915 697 686 909 747 684 910 390 795 693 959 693 110 523 752 0 481 255 413 221 398 475 841 779 18 544 126 627 272 284 760 874 607 236 134 960 94 306 411 
298 303 962 403 280 397 36 51 441 807 192 214 771 377 388 186 860 310 869 962 798 978 159 928 971 199 481 0 156 271 656 498 381 237 328 212 852 712 593 586 777 499 441 556 264 749 81 49 684 962 
716 359 473 908 786 170 959 140 2 127 38 833 396 919 216 431 169 761 18 537 647 37 611 984 156 248 255 156 0 366 260 809 801 482 621 227 39 371 697 193 41 364 802 840 689 850 9 128 252 28 
498 103 379 857 464 426 954 824 591 517 922 427 108 99 699 629 918 97 382 624 853 134 379 653 978 297 413 271 366 0 763 818 484 376 267 666 94 312 851 957 904 313 521 901 990 890 779 253 347 401 
706 49 784 692 764 659 223 288 166 568 319 458 14 529 858 855 226 647 44 819 427 180 730 495 823 799 221 656 260 763 0 475 75 592 869 850 146 156 219 728 86 821 62 677 640 274 317 442 295 269 
946 833 81 211 883 829 482 572 116 639 537 315 849 616 539 553 73 992 858 913 59 350 894 189 601 366 398 498 809 818 475 0 181 235 294 458 233 633 589 431 410 387 970 377 170 421 937 228 840 220 
645 367 817 986 427 452 163 716 756 409 94 575 938 366 894 431 280 975 109 262 279 363 555 349 895 634 475 381 801 484 75 181 0 335 587 704 470 813 438 420 822 7 462 987 484 972 772 876 838 795 
221 934 971 512 299 470 648 741 75 195 815 573 332 451 283 344 273 253 68 543 970 398 251 557 880 697 841 237 482 376 592 235 335 0 82 563 921 422 722 580 470 14 446 146 134 582 700 428 3 45 
339 650 820 753 148 929 497 224 804 752 764 225 42 545 399 442 333 503 530 668 366 712 977 290 639 788 779 328 621 267 869 294 587 82 0 71 1 516 993 747 420 40 500 325 152 478 12 940 309 662 
613 651 840 781 113 141 913 336 878 925 21 946 655 902 87 32 943 437 25 677 946 648 713 348 253 671 18 212 227 666 850 458 704 563 71 0 592 178 162 189 278 959 110 793 196 952 380 320 307 422 
722 49 855 126 204 765 118 340 12 685 966 927 114 372 554 501 692 312 261 800 575 164 535 718 355 428 544 852 39 94 146 233 470 921 1 592 0 34 669 877 596 39 813 425 23 13 705 160 141 382 
817 741 381 475 729 68 28 473 841 60 525 632 567 782 987 329 487 287 11 994 52 492 263 963 615 152 126 712 371 312 156 633 813 422 516 178 34 0 707 862 511 922 401 386 459 164 480 513 922 590 
96 880 116 34 970 634 62 521 591 509 361 493 990 845 132 404 431 353 723 905 563 681 503 176 789 422 627 593 697 851 219 589 438 722 993 162 669 707 0 224 737 265 106 984 676 248 374 77 263 515 
954 233 72 498 486 28 453 884 790 335 288 101 428 740 609 800 982 338 632 42 390 233 230 381 896 476 272 586 193 957 728 431 420 580 747 189 877 862 224 0 237 209 921 902 409 286 898 983 889 639 
676 509 58 805 635 534 250 947 922 31 144 369 919 304 453 937 191 864 438 31 821 603 634 521 912 129 284 777 41 904 86 410 822 470 420 278 596 511 737 237 0 150 495 481 281 909 100 950 237 279 
368 662 80 335 875 700 66 829 63 776 496 593 114 802 986 841 651 226 605 400 311 853 616 142 214 13 760 499 364 313 821 387 7 14 40 959 39 922 265 209 150 0 267 344 913 383 486 667 122 37 
515 610 467 759 69 1000 438 15 823 53 42 490 32 809 810 252 581 610 545 39 945 958 617 571 55 440 874 441 802 521 62 970 462 446 500 110 813 401 106 921 495 267 0 924 293 457 988 609 524 226 
165 327 163 233 567 967 670 307 863 683 746 963 890 551 857 909 875 580 759 630 142 458 442 532 571 72 607 556 840 901 677 377 987 146 325 793 425 386 984 902 481 344 924 0 103 426 946 244 204 103 
899 638 839 474 489 631 962 615 692 872 758 629 808 284 642 279 69 19 905 974 396 724 255 53 548 26 236 264 689 990 640 170 484 134 152 196 23 459 676 409 281 913 293 103 0 239 403 874 194 812 
598 314 286 762 558 904 738 620 797 240 254 978 605 398 910 619 407 464 94 576 966 764 384 567 163 197 134 749 850 890 274 421 972 582 478 952 13 164 248 286 909 383 457 426 239 0 236 651 861 236 
906 112 825 556 69 539 554 473 970 636 721 82 334 68 51 559 584 95 929 206 611 668 982 137 854 386 960 81 9 779 317 937 772 700 12 380 705 480 374 898 100 486 988 946 403 236 0 389 84 87 
592 499 534 212 613 232 606 744 660 605 156 19 902 67 335 846 513 225 541 572 564 988 517 683 702 271 94 49 128 253 442 228 876 428 940 320 160 513 77 983 950 667 609 244 874 651 389 0 315 342 
960 314 727 154 610 367 893 453 913 171 635 852 147 523 423 851 836 467 270 27 333 497 883 435 333 77 306 684 252 347 295 840 838 3 309 307 141 922 263 889 237 122 524 204 194 861 84 315 0 809 
213 294 663 323 387 947 528 333 349 337 114 964 18 37 428 990 742 388 949 935 629 813 750 444 977 316 411 962 28 401 269 220 795 45 662 422 382 590 515 639 279 37 226 103 812 236 87 342 809 0 
0 153 721 527 473 144 345 113 631 997 570 951 871 461 24 229 13 632 335 668 196 586 578 600 870 711 809 807 319 219 719 544 440 387 570 57 161 173 57 126 946 277 737 471 848 737 789 573 489 618 
153 0 900 512 233 574 522 416 793 693 1000 816 759 804 430 769 598 359 829 925 748 734 926 484 505 534 912 675 942 8 639 827 263 339 816 437 786 443 407 587 347 901 749 92 191 866 294 718 213 361 
721 900 0 421 493 152 587 91 695 517 73 762 921 379 411 561 866 153 540 577 132 397 730 895 892 704 649 991 905 718 766 60 46 938 443 981 208 32 76 138 394 478 424 690 265 230 574 593 855 941 
527 512 421 0 843 753 688 521 430 564 775 955 331 137 74 890 818 964 727 442 804 987 762 365 658 968 283 606 66 15 49 123 497 251 636 198 170 747 907 510 847 364 57 506 372 926 326 63 130 607 
473 233 493 843 0 854 481 698 9 959 255 456 351 774 121 917 172 947 143 85 353 23 800 642 674 729 410 331 747 979 628 267 677 609 102 726 850 898 498 579 321 26 136 511 389 476 996 401 95 828 
144 574 152 753 854 0 547 216 866 910 920 633 804 667 730 280 4 675 783 963 64 860 321 542 597 812 327 186 300 214 567 19 186 444 980 743 228 722 991 854 646 290 820 497 220 41 919 915 510 20 
345 522 587 688 481 547 0 243 399 640 656 321 479 123 743 432 662 22 176 877 646 14 381 976 877 591 995 786 165 443 711 318 352 560 650 910 870 878 538 98 988 545 603 350 852 571 738 582 954 33 
113 416 91 521 698 216 243 0 752 41 157 90 673 722 631 770 729 168 868 267 614 377 941 102 161 63 160 601 777 324 158 87 279 308 302 17 744 457 7 735 893 439 571 863 688 290 364 7 426 283 
631 793 695 430 9 866 399 752 0 860 458 962 875 975 537 367 803 704 708 670 664 674 266 293 274 630 119 350 874 719 85 522 542 683 685 738 200 688 626 368 409 552 636 805 613 91 413 233 886 757 
997 693 517 564 959 910 640 41 860 0 308 933 744 508 654 562 45 800 546 981 102 841 82 10 656 144 56 642 396 554 367 55 583 315 158 359 795 402 724 775 408 983 461 785 875 237 978 146 777 757 
570 1000 73 775 255 920 656 157 458 308 0 893 616 245 384 756 27 997 520 521 109 642 884 563 515 386 20 266 314 640 452 281 444 544 637 937 642 734 732 844 940 829 773 520 782 557 716 920 664 1 
951 816 762 955 456 633 321 90 962 933 893 0 190 813 959 128 31 54 44 422 533 321 866 955 640 396 131 320 62 96 826 194 203 796 546 276 778 298 570 587 380 709 20 486 791 333 986 119 932 342 
871 759 921 331 351 804 479 673 875 744 616 190 0 163 676 281 401 430 797 333 304 346 698 377 678 872 311 740 931 504 934 103 845 708 832 264 555 196 446 508 890 492 217 245 993 167 749 27 537 691 
461 804 379 137 774 667 123 722 975 508 245 813 163 0 757 642 601 336 550 405 761 503 334 363 432 854 308 252 361 393 524 372 419 358 747 766 647 4 248 979 252 669 856 886 925 306 897 212 665 661 
24 430 411 74 121 730 743 631 537 654 384 959 676 757 0 532 317 363 943 464 209 314 857 994 567 90 608 154 739 854 473 264 475 830 494 674 864 173 398 297 965 321 899 799 987 286 228 823 950 586 
229 769 561 890 917 280 432 770 367 562 756 128 281 642 532 0 686 86 420 278 32 513 39 20 879 87 150 756 759 96 121 601 995 751 299 513 999 373 418 953 840 628 61 700 391 170 804 274 759 661 
13 598 866 818 172 4 662 729 803 45 27 31 401 601 317 686 0 243 861 433 817 890 385 566 746 138 99 921 742 179 831 521 841 754 208 830 853 822 193 273 486 147 225 675 183 708 570 224 403 142 
632 359 153 964 947 675 22 168 704 800 997 54 430 336 363 86 243 0 954 627 703 990 423 508 769 755 826 673 86 674 418 132 564 295 365 789 883 807 660 280 935 191 391 511 145 264 190 151 85 546 
335 829 540 727 143 783 176 868 708 546 520 44 797 550 943 420 861 954 0 135 294 663 849 905 353 255 621 482 830 71 509 703 431 631 905 815 744 878 465 915 413 54 155 115 152 540 461 133 746 534 
668 925 577 442 85 963 877 267 670 981 521 422 333 405 464 278 433 627 135 0 336 469 679 575 200 192 195 963 695 66 679 399 151 814 923 412 959 120 329 399 438 396 539 611 642 302 232 873 380 711 
196 748 132 804 353 64 646 614 664 102 109 533 304 761 209 32 817 703 294 336 0 444 12 156 703 855 469 368 142 880 912 838 494 698 583 845 886 992 353 602 4 379 947 540 342 780 968 884 880 225 
586 734 397 987 23 860 14 377 674 841 642 321 346 503 314 513 890 990 663 469 444 0 133 839 284 971 27 186 96 200 346 403 67 151 792 732 38 398 290 510 834 888 112 257 452 336 614 962 590 697 
578 926 730 762 800 321 381 941 266 82 884 866 698 334 857 39 385 423 849 679 12 133 0 888 621 108 789 79 500 34 163 567 376 94 823 283 327 245 531 210 908 629 710 501 657 200 97 85 237 424 
600 484 895 365 642 542 976 102 293 10 563 955 377 363 994 20 566 508 905 575 156 839 888 0 910 1 790 273 839 521 200 580 575 966 420 641 369 619 530 964 923 337 596 75 173 378 735 474 457 506 
870 505 892 658 674 597 877 161 274 656 515 640 678 432 567 879 746 769 353 200 703 284 621 910 0 910 695 837 792 806 959 277 590 748 452 229 979 207 735 724 659 33 569 607 940 101 195 892 145 64 
711 534 704 968 729 812 591 63 630 144 386 396 872 854 90 87 138 755 255 192 855 971 108 1 910 0 861 790 9 695 258 797 809 721 632 513 833 406 306 142 163 593 342 3 801 109 736 570 600 961 
809 912 649 283 410 327 995 160 119 56 20 131 311 308 608 150 99 826 621 195 469 27 789 790 695 861 0 552 181 556 457 800 558 55 593 320 196 163 542 992 103 879 700 857 509 142 890 624 119 631 
807 675 991 606 331 186 786 601 350 642 266 320 740 252 154 756 921 673 482 963 368 186 79 273 837 790 552 0 961 454 335 219 798 503 246 713 686 798 750 655 547 17 928 490 180 316 570 180 186 584 
319 942 905 66 747 300 165 777 874 396 314 62 931 361 739 759 742 86 830 695 142 96 500 839 792 9 181 961 0 62 500 936 300 284 600 298 808 786 547 632 289 283 936 37 487 145 254 844 876 189 
219 8 718 15 979 214 443 324 719 554 640 96 504 393 854 96 179 674 71 66 880 200 34 521 806 695 556 454 62 0 660 535 381 688 40 789 418 976 256 532 133 86 812 470 795 813 704 466 593 816 
719 639 766 49 628 567 711 158 85 367 452 826 934 524 473 121 831 418 509 679 912 346 163 200 959 258 457 335 500 660 0 970 85 164 253 4 85 617 275 58 519 791 967 693 399 194 616 373 680 863 
544 827 60 123 267 19 318 87 522 55 281 194 103 372 264 601 521 132 703 399 838 403 567 580 277 797 800 219 936 535 970 0 342 892 235 231 719 31 795 570 283 664 669 908 140 799 57 418 340 672 
440 263 46 497 677 186 352 279 542 583 444 203 845 419 475 995 841 564 431 151 494 67 376 575 590 809 558 798 300 381 85 342 0 668 16 547 772 429 526 315 27 484 482 851 113 603 337 634 978 607 
387 339 938 251 609 444 560 308 683 315 544 796 708 358 830 751 754 295 631 814 698 151 94 966 748 721 55 503 284 688 164 892 668 0 295 543 761 77 353 96 679 376 433 1 432 21 519 224 342 644 
570 816 443 636 102 980 650 302 685 158 637 546 832 747 494 299 208 365 905 923 583 792 823 420 452 632 593 246 600 40 253 235 16 295 0 905 819 379 275 863 343 34 224 178 460 21 946 784 11 646 
57 437 981 198 726 743 910 17 738 359 937 276 264 766 674 513 830 789 815 412 845 732 283 641 229 513 320 713 298 789 4 231 547 543 905 0 607 110 187 287 869 655 164 776 686 385 715 307 589 859 
161 786 208 170 850 228 870 744 200 795 642 778 555 647 864 999 853 883 744 959 886 38 327 369 979 833 196 686 808 418 85 719 772 761 819 607 0 661 255 947 932 889 228 381 798 314 549 298 851 128 
173 443 32 747 898 722 878 457 688 402 734 298 196 4 173 373 822 807 878 120 992 398 245 619 207 406 163 798 786 976 617 31 429 77 379 110 661 0 794 254 89 789 875 751 779 806 455 211 425 478 
57 407 76 907 498 991 538 7 626 724 732 570 446 248 398 418 193 660 465 329 353 290 531 530 735 306 542 750 547 256 275 795 526 353 275 187 255 794 0 622 62 249 242 741 598 174 190 467 911 658 
126 587 138 510 579 854 98 735 368 775 844 587 508 979 297 953 273 280 915 399 602 510 210 964 724 142 992 655 632 532 58 570 315 96 863 287 947 254 622 0 430 962 71 380 904 500 24 156 581 373 
946 347 394 847 321 646 988 893 409 408 940 380 890 252 965 840 486 935 413 438 4 834 908 923 659 163 103 547 289 133 519 283 27 679 343 869 932 89 62 430 0 794 990 165 658 434 26 880 305 846 
277 901 478 364 26 290 545 439 552 983 829 709 492 669 321 628 147 191 54 396 379 888 629 337 33 593 879 17 283 86 791 664 484 376 34 655 889 789 249 962 794 0 372 446 640 868 177 478 649 805 
737 749 424 57 136 820 603 571 636 461 773 20 217 856 899 61 225 391 155 539 947 112 710 596 569 342 700 928 936 812 967 669 482 433 224 164 228 875 242 71 990 372 0 241 792 378 705 697 129 858 
471 92 690 506 511 497 350 863 805 785 520 486 245 886 799 700 675 511 115 611 540 257 501 75 607 3 857 490 37 470 693 908 851 1 178 776 381 751 741 380 165 446 241 0 1 332 664 383 770 34 
848 191 265 372 389 220 852 688 613 875 782 791 993 925 987 391 183 145 152 642 342 452 657 173 940 801 509 180 487 795 399 140 113 432 460 686 798 779 598 904 658 640 792 1 0 446 989 331 241 265 
737 866 230 926 476 41 571 290 91 237 557 333 167 306 286 170 708 264 540 302 780 336 200 378 101 109 142 316 145 813 194 799 603 21 21 385 314 806 174 500 434 868 378 332 446 0 275 404 840 434 
789 294 574 326 996 919 738 364 413 978 716 986 749 897 228 804 570 190 461 232 968 614 97 735 195 736 890 570 254 704 616 57 337 519 946 715 549 455 190 24 26 177 705 664 989 275 0 741 902 959 
573 718 593 63 401 915 582 7 233 146 920 119 27 212 823 274 224 151 133 873 884 962 85 474 892 570 624 180 844 466 373 418 634 224 784 307 298 211 467 156 880 478 697 383 331 404 741 0 123 411 
489 213 855 130 95 510 954 426 886 777 664 932 537 665 950 759 403 85 746 380 880 590 237 457 145 600 119 186 876 593 680 340 978 342 11 589 851 425 911 581 305 649 129 770 241 840 902 123 0 184 
618 361 941 607 828 20 33 283 757 757 1 342 691 661 586 661 142 546 534 711 225 697 424 506 64 961 631 584 189 816 863 672 607 644 646 859 128 478 658 373 846 805 858 34 265 434 959 411 184 0 
0 664 442 886 580 389 540 947 329 427 223 483 528 366 947 947 836 149 496 235 784 96 952 970 565 594 395 670 719 424 298 970 225 618 403 948 341 121 429 895 159 788 118 498 104 629 154 823 840 533 
664 0 435 904 664 181 272 521 378 518 533 47 623 124 230 1000 536 834 418 159 593 241 643 784 729 764 17 395 162 984 437 187 355 800 586 182 208 612 666 290 498 355 105 801 441 754 114 702 899 396 
442 435 0 100 355 624 660 745 611 640 788 179 466 373 183 191 2 630 589 251 554 301 727 281 312 438 44 489 560 489 633 481 518 190 886 166 484 374 598 892 446 860 53 447 559 737 564 259 420 581 
886 904 100 0 505 646 178 709 259 795 48 226 948 767 435 171 371 569 951 813 408 42 571 821 243 309 698 513 674 971 940 983 369 209 289 76 519 570 381 113 244 662 884 491 327 437 670 840 606 271 
580 664 355 505 0 636 940 866 311 362 788 255 793 556 507 38 766 804 317 773 68 497 436 749 120 505 428 828 206 943 84 270 751 430 715 552 216 62 659 271 843 856 877 19 578 261 159 366 717 198 
389 181 624 646 636 0 465 748 755 553 602 113 37 537 693 395 855 581 268 157 170 506 170 613 537 407 594 610 560 490 800 949 689 411 364 186 482 258 325 724 137 805 200 418 339 708 101 718 279 728 
540 272 660 178 940 465 0 773 690 454 393 311 223 449 425 521 530 370 653 640 173 922 667 150 568 807 4 519 587 431 425 745 445 666 232 155 387 926 364 241 33 217 607 686 161 714 164 447 8 900 
947 521 745 709 866 748 773 0 94 814 809 366 295 254 137 674 369 767 388 495 232 522 65 868 674 891 997 76 777 633 970 146 603 710 943 746 228 723 926 275 93 192 100 617 308 415 580 948 893 249 
329 378 611 259 311 755 690 94 0 112 614 648 189 6 50 432 241 498 747 617 58 533 563 715 687 663 954 803 144 517 806 699 384 684 871 828 438 284 38 276 253 32 366 384 781 714 480 638 148 592 
427 518 640 795 362 553 454 814 112 0 501 575 508 345 468 187 749 548 781 768 865 778 806 431 472 990 195 225 407 740 351 647 787 648 628 59 141 756 421 604 789 920 95 125 502 697 463 728 530 277 
223 533 788 48 788 602 393 809 614 501 0 719 854 561 454 119 829 401 837 705 87 334 431 626 858 618 799 623 253 496 23 830 292 400 901 275 119 949 517 849 705 213 251 245 230 987 530 543 748 992 
483 47 179 226 255 113 311 366 648 575 719 0 362 222 182 735 654 758 492 928 155 812 230 229 39 630 847 376 186 857 146 888 245 204 699 543 226 293 874 421 274 261 817 801 408 759 488 599 374 728 
528 623 466 948 793 37 223 295 189 508 854 362 0 797 434 398 380 345 130 746 342 194 837 585 536 721 508 247 51 406 161 642 58 264 489 625 365 294 768 848 308 331 972 477 599 663 309 607 142 709 
366 124 373 767 556 537 449 254 6 345 561 222 797 0 385 87 96 293 326 184 143 255 702 925 809 166 924 298 927 801 615 672 309 636 31 370 614 285 570 161 837 841 467 27 113 704 931 733 161 272 
947 230 183 435 507 693 425 137 50 468 454 182 434 385 0 653 753 11 349 766 361 620 185 451 111 924 226 756 62 295 375 871 452 101 365 25 348 962 490 161 361 309 90 282 452 842 849 378 252 106 
947 1000 191 171 38 395 521 674 432 187 119 735 398 87 653 0 375 771 906 832 823 239 497 896 80 227 104 260 140 348 352 235 1 10 668 592 206 702 132 508 602 290 631 62 901 935 192 520 697 169 
836 536 2 371 766 855 530 369 241 749 829 654 380 96 753 375 0 799 157 436 6 327 333 224 637 822 112 473 804 884 187 494 231 806 580 180 173 301 811 822 953 857 737 698 615 164 326 621 429 300 
149 834 630 569 804 581 370 767 498 548 401 758 345 293 11 771 799 0 76 585 461 17 192 655 400 162 371 836 362 238 617 572 609 818 774 621 258 829 634 798 221 560 772 42 374 768 968 823 925 134 
496 418 589 951 317 268 653 388 747 781 837 492 130 326 349 906 157 76 0 503 804 89 637 641 759 669 139 959 356 957 789 649 766 256 341 192 419 61 622 560 483 172 746 746 192 263 512 30 22 366 
235 159 251 813 773 157 640 495 617 768 705 928 746 184 766 832 436 585 503 0 642 221 825 225 679 314 469 173 386 991 172 516 848 150 60 162 569 265 402 425 272 754 818 535 235 703 954 115 411 237 
784 593 554 408 68 170 173 232 58 865 87 155 342 143 361 823 6 461 804 642 0 914 768 864 187 75 734 611 762 292 341 717 158 195 448 294 434 420 84 784 149 447 343 169 553 19 29 472 7 553 
96 241 301 42 497 506 922 522 533 778 334 812 194 255 620 239 327 17 89 221 914 0 920 402 335 356 790 809 565 683 732 378 841 777 419 560 701 658 632 95 190 228 440 139 119 461 270 195 63 386 
952 643 727 571 436 170 667 65 563 806 431 230 837 702 185 497 333 192 637 825 768 920 0 771 619 434 645 935 400 974 946 953 474 876 48 528 557 680 444 383 795 45 787 303 653 541 206 758 537 144 
970 784 281 821 749 613 150 868 715 431 626 229 585 925 451 896 224 655 641 225 864 402 771 0 291 837 126 607 461 220 607 396 523 201 923 596 637 424 572 538 179 612 560 888 513 478 821 783 416 823 
565 729 312 243 120 537 568 674 687 472 858 39 536 809 111 80 637 400 759 679 187 335 619 291 0 266 495 159 633 205 8 749 107 659 623 616 82 250 213 216 451 836 62 269 547 785 837 250 391 890 
594 764 438 309 505 407 807 891 663 990 618 630 721 166 924 227 822 162 669 314 75 356 434 837 266 0 333 135 835 776 307 128 505 822 387 534 91 375 363 532 641 152 499 854 585 909 475 688 401 222 
395 17 44 698 428 594 4 997 954 195 799 847 508 924 226 104 112 371 139 469 734 790 645 126 495 333 0 382 967 530 872 406 373 621 749 418 397 741 213 510 683 310 328 235 526 499 483 302 850 251 
670 395 489 513 828 610 519 76 803 225 623 376 247 298 756 260 473 836 959 173 611 809 935 607 159 135 382 0 259 9 593 822 199 520 547 25 438 197 482 471 571 850 698 748 586 191 334 494 397 548 
719 162 560 674 206 560 587 777 144 407 253 186 51 927 62 140 804 362 356 386 762 565 400 461 633 835 967 259 0 891 185 50 379 529 240 953 35 659 543 778 449 834 98 319 712 248 610 327 706 681 
424 984 489 971 943 490 431 633 517 740 496 857 406 801 295 348 884 238 957 991 292 683 974 220 205 776 530 9 891 0 183 965 204 161 213 375 809 189 775 743 893 487 97 843 327 93 219 824 214 231 
298 437 633 940 84 800 425 970 806 351 23 146 161 615 375 352 187 617 789 172 341 732 946 607 8 307 872 593 185 183 0 17 714 936 77 93 430 25 490 752 939 482 340 699 938 931 552 172 179 220 
970 187 481 983 270 949 745 146 699 647 830 888 642 672 871 235 494 572 649 516 717 378 953 396 749 128 406 822 50 965 17 0 174 444 999 593 972 428 299 540 138 2 508 314 408 185 947 424 363 870 
225 355 518 369 751 689 445 603 384 787 292 245 58 309 452 1 231 609 766 848 158 841 474 523 107 505 373 199 379 204 714 174 0 94 309 747 279 346 420 308 672 936 436 379 685 345 958 447 175 211 
618 800 190 209 430 411 666 710 684 648 400 204 264 636 101 10 806 818 256 150 195 777 876 201 659 822 621 520 529 161 936 444 94 0 828 326 609 596 573 607 367 702 407 740 562 852 125 24 764 210 
403 586 886 289 715 364 232 943 871 628 901 699 489 31 365 668 580 774 341 60 448 419 48 923 623 387 749 547 240 213 77 999 309 828 0 972 224 186 615 620 402 825 506 605 649 398 637 278 786 528 
948 182 166 76 552 186 155 746 828 59 275 543 625 370 25 592 180 621 192 162 294 560 528 596 616 534 418 25 953 375 93 593 747 326 972 0 17 430 617 923 561 60 876 315 808 916 411 920 500 51 
341 208 484 519 216 482 387 228 438 141 119 226 365 614 348 206 173 258 419 569 434 701 557 637 82 91 397 438 35 809 430 972 279 609 224 17 0 535 582 154 240 148 996 891 215 563 961 835 519 493 
121 612 374 570 62 258 926 723 284 756 949 293 294 285 962 702 301 829 61 265 420 658 680 424 250 375 741 197 659 189 25 428 346 596 186 430 535 0 477 245 611 162 22 452 126 498 939 429 449 186 
429 666 598 381 659 325 364 926 38 421 517 874 768 570 490 132 811 634 622 402 84 632 444 572 213 363 213 482 543 775 490 299 420 573 615 617 582 477 0 345 991 924 332 154 643 433 763 590 869 627 
895 290 892 113 271 724 241 275 276 604 849 421 848 161 161 508 822 798 560 425 784 95 383 538 216 532 510 471 778 743 752 540 308 607 620 923 154 245 345 0 423 173 999 578 897 773 870 627 154 243 
159 498 446 244 843 137 33 93 253 789 705 274 308 837 361 602 953 221 483 272 149 190 795 179 451 641 683 571 449 893 939 138 672 367 402 561 240 611 991 423 0 467 304 887 798 499 600 419 234 568 
788 355 860 662 856 805 217 192 32 920 213 261 331 841 309 290 857 560 172 754 447 228 45 612 836 152 310 850 834 487 482 2 936 702 825 60 148 162 924 173 467 0 77 649 426 210 275 365 502 81 
118 105 53 884 877 200 607 100 366 95 251 817 972 467 90 631 737 772 746 818 343 440 787 560 62 499 328 698 98 97 340 508 436 407 506 876 996 22 332 999 304 77 0 738 1 143 634 419 929 98 
498 801 447 491 19 418 686 617 384 125 245 801 477 27 282 62 698 42 746 535 169 139 303 888 269 854 235 748 319 843 699 314 379 740 605 315 891 452 154 578 887 649 738 0 116 327 602 866 123 740 
104 441 559 327 578 339 161 308 781 502 230 408 599 113 452 901 615 374 192 235 553 119 653 513 547 585 526 586 712 327 938 408 685 562 649 808 215 126 643 897 798 426 1 116 0 436 10 676 468 353 
629 754 737 437 261 708 714 415 714 697 987 759 663 704 842 935 164 768 263 703 19 461 541 478 785 909 499 191 248 93 931 185 345 852 398 916 563 498 433 773 499 210 143 327 436 0 727 727 220 592 
154 114 564 670 159 101 164 580 480 463 530 488 309 931 849 192 326 968 512 954 29 270 206 821 837 475 483 334 610 219 552 947 958 125 637 411 961 939 763 870 600 275 634 602 10 727 0 518 367 808 
823 702 259 840 366 718 447 948 638 728 543 599 607 733 378 520 621 823 30 115 472 195 758 783 250 688 302 494 327 824 172 424 447 24 278 920 835 429 590 627 419 365 419 866 676 727 518 0 639 165 
840 899 420 606 717 279 8 893 148 530 748 374 142 161 252 697 429 925 22 411 7 63 537 416 391 401 850 397 706 214 179 363 175 764 786 500 519 449 869 154 234 502 929 123 468 220 367 639 0 744 
533 396 581 271 198 728 900 249 592 277 992 728 709 272 106 169 300 134 366 237 553 386 144 823 890 222 251 548 681 231 220 870 211 210 528 51 493 186 627 243 568 81 98 740 353 592 808 165 744 0 
0 610 480 345 992 776 347 793 498 455 312 270 370 215 903 240 561 408 51 533 310 601 9 225 283 451 602 592 380 597 76 302 387 320 208 415 890 888 977 731 449 614 441 171 181 633 260 778 721 486 
610 0 113 875 866 421 189 567 422 790 555 459 9 301 415 873 568 568 403 222 535 525 565 212 344 357 79 274 385 989 336 982 878 117 76 599 544 790 810 385 422 544 27 654 664 382 913 21 951 700 
480 113 0 268 662 760 72 148 509 718 832 469 575 354 677 669 244 949 594 437 719 586 94 323 453 158 747 48 525 223 535 749 983 278 876 205 642 800 272 517 958 625 235 483 939 938 954 402 400 550 
345 875 268 0 349 15 103 690 644 333 823 139 70 937 610 228 368 469 428 573 263 108 90 758 223 324 85 24 591 852 874 933 546 993 154 857 531 566 304 366 68 950 701 324 520 294 508 490 860 220 
992 866 662 349 0 519 339 495 940 74 911 300 501 371 845 291 807 343 722 728 197 482 155 392 10 153 834 368 406 972 134 596 328 518 254 241 478 19 369 586 661 687 992 459 588 970 725 492 983 178 
776 421 760 15 519 0 545 487 78 78 823 465 661 447 313 722 907 780 364 676 375 271 657 921 479 586 301 870 876 978 420 713 832 741 770 182 338 499 18 522 62 409 59 366 605 914 429 99 429 974 
347 189 72 103 339 545 0 927 679 421 226 217 648 115 201 593 80 365 774 40 114 813 565 551 164 651 140 621 959 476 559 340 932 327 211 134 698 454 745 635 384 559 313 526 45 597 809 457 202 826 
793 567 148 690 495 487 927 0 927 616 773 603 590 406 514 390 736 585 26 411 203 601 479 476 785 953 865 858 306 713 828 812 544 460 935 961 453 44 861 733 525 573 863 832 727 1 628 617 465 801 
498 422 509 644 940 78 679 927 0 370 432 428 503 67 653 845 986 600 671 136 622 530 644 332 776 299 322 658 316 281 892 624 606 470 750 40 867 5 792 527 408 498 701 440 384 751 30 597 714 38 
455 790 718 333 74 78 421 616 370 0 873 270 55 611 498 248 596 1 47 49 576 380 438 728 190 108 923 973 538 374 232 992 351 828 784 479 704 423 712 88 163 77 856 293 212 79 513 667 175 577 
312 555 832 823 911 823 226 773 432 873 0 249 183 354 935 593 753 402 95 533 961 277 404 131 358 802 919 473 20 695 528 660 785 232 481 196 426 576 617 153 358 369 59 375 175 502 46 471 108 790 
270 459 469 139 300 465 217 603 428 270 249 0 713 317 584 953 856 935 910 726 770 448 251 372 316 219 894 726 897 416 493 707 737 156 861 874 69 761 542 224 330 347 905 60 333 424 146 736 344 696 
370 9 575 70 501 661 648 590 503 55 183 713 0 849 242 394 215 817 14 557 830 416 688 827 434 732 460 82 112 681 380 159 18 170 208 712 252 852 220 773 65 546 815 577 206 716 671 926 727 304 
215 301 354 937 371 447 115 406 67 611 354 317 849 0 453 390 932 803 995 740 787 509 159 473 865 193 847 848 480 906 778 699 690 796 51 275 251 703 958 347 398 947 105 398 578 610 363 709 530 153 
903 415 677 610 845 313 201 514 653 498 935 584 242 453 0 427 644 603 485 784 978 363 348 66 287 534 380 901 26 208 722 458 883 256 676 451 309 352 294 865 84 214 309 691 519 830 333 268 150 37 
240 873 669 228 291 722 593 390 845 248 593 953 394 390 427 0 418 631 637 250 902 645 879 330 269 651 663 264 565 539 991 656 489 134 273 785 94 510 142 222 623 558 645 517 938 643 428 756 184 263 
561 568 244 368 807 907 80 736 986 596 753 856 215 932 644 418 0 846 749 861 14 471 427 518 450 702 970 149 202 837 292 646 607 464 975 291 437 100 895 140 42 663 684 671 593 756 282 634 588 653 
408 568 949 469 343 780 365 585 600 1 402 935 817 803 603 631 846 0 812 684 44 175 694 350 452 467 105 864 631 212 654 840 194 396 321 265 243 423 406 689 47 936 56 790 663 561 944 556 564 428 
51 403 594 428 722 364 774 26 671 47 95 910 14 995 485 637 749 812 0 254 369 278 396 514 504 697 323 324 802 807 716 121 706 386 121 889 555 310 321 217 996 635 150 481 648 668 401 814 943 467 
533 222 437 573 728 676 40 411 136 49 533 726 557 740 784 250 861 684 254 0 663 568 607 413 646 524 851 397 307 394 67 614 607 455 30 728 377 583 564 788 902 702 650 113 868 267 683 232 324 123 
310 535 719 263 197 375 114 203 622 576 961 770 830 787 978 902 14 44 369 663 0 673 842 186 205 306 522 779 853 2 390 198 547 668 382 448 132 95 769 493 486 941 248 195 786 74 635 899 257 511 
601 525 586 108 482 271 813 601 530 380 277 448 416 509 363 645 471 175 278 568 673 0 826 638 183 82 464 905 897 931 42 190 839 850 733 689 766 583 478 546 168 269 677 900 479 336 405 221 54 913 
9 565 94 90 155 657 565 479 644 438 404 251 688 159 348 879 427 694 396 607 842 826 0 435 662 202 156 705 273 734 677 769 937 491 243 717 865 671 513 479 126 772 650 129 77 164 964 705 655 935 
225 212 323 758 392 921 551 476 332 728 131 372 827 473 66 330 518 350 514 413 186 638 435 0 362 526 320 819 56 90 619 379 648 261 344 385 284 240 384 38 777 782 633 918 439 920 403 772 940 296 
283 344 453 223 10 479 164 785 776 190 358 316 434 865 287 269 450 452 504 646 205 183 662 362 0 34 24 49 375 197 236 821 343 243 901 805 131 628 737 239 98 633 697 319 459 690 800 309 825 751 
451 357 158 324 153 586 651 953 299 108 802 219 732 193 534 651 702 467 697 524 306 82 202 526 34 0 48 852 833 134 487 733 479 325 221 547 231 608 430 659 626 40 722 701 359 578 181 626 609 287 
602 79 747 85 834 301 140 865 322 923 919 894 460 847 380 663 970 105 323 851 522 464 156 320 24 48 0 823 201 499 363 672 43 119 592 572 212 534 708 274 850 318 776 370 896 599 238 686 613 434 
592 274 48 24 368 870 621 858 658 973 473 726 82 848 901 264 149 864 324 397 779 905 705 819 49 852 823 0 411 716 843 649 691 680 968 699 589 827 300 926 32 802 155 124 344 766 306 732 333 515 
380 385 525 591 406 876 959 306 316 538 20 897 112 480 26 565 202 631 802 307 853 897 273 56 375 833 201 411 0 906 629 113 213 870 584 479 31 166 356 350 346 582 568 680 285 780 794 357 24 393 
597 989 223 852 972 978 476 713 281 374 695 416 681 906 208 539 837 212 807 394 2 931 734 90 197 134 499 716 906 0 382 314 371 470 761 188 418 84 320 473 956 941 244 556 281 294 104 116 561 752 
76 336 535 874 134 420 559 828 892 232 528 493 380 778 722 991 292 654 716 67 390 42 677 619 236 487 363 843 629 382 0 264 873 697 142 917 731 289 945 453 959 572 275 627 751 554 651 362 881 31 
302 982 749 933 596 713 340 812 624 992 660 707 159 699 458 656 646 840 121 614 198 190 769 379 821 733 672 649 113 314 264 0 708 493 295 450 874 699 499 119 843 245 493 95 189 47 702 932 478 245 
387 878 983 546 328 832 932 544 606 351 785 737 18 690 883 489 607 194 706 607 547 839 937 648 343 479 43 691 213 371 873 708 0 334 823 852 294 644 268 718 876 437 268 16 916 307 882 931 418 852 
320 117 278 993 518 741 327 460 470 828 232 156 170 796 256 134 464 396 386 455 668 850 491 261 243 325 119 680 870 470 697 493 334 0 633 376 484 206 287 758 188 268 675 856 829 708 298 842 259 466 
208 76 876 154 254 770 211 935 750 784 481 861 208 51 676 273 975 321 121 30 382 733 243 344 901 221 592 968 584 761 142 295 823 633 0 574 447 475 490 134 637 920 228 849 313 910 158 535 196 540 
415 599 205 857 241 182 134 961 40 479 196 874 712 275 451 785 291 265 889 728 448 689 717 385 805 547 572 699 479 188 917 450 852 376 574 0 128 802 823 853 67 185 592 173 563 615 436 939 575 48 
890 544 642 531 478 338 698 453 867 704 426 69 252 251 309 94 437 243 555 377 132 766 865 284 131 231 212 589 31 418 731 874 294 484 447 128 0 144 334 265 260 250 263 689 47 569 423 629 268 521 
888 790 800 566 19 499 454 44 5 423 576 761 852 703 352 510 100 423 310 583 95 583 671 240 628 608 534 827 166 84 289 699 644 206 475 802 144 0 36 840 537 48 308 305 441 230 507 821 558 135 
977 810 272 304 369 18 745 861 792 712 617 542 220 958 294 142 895 406 321 564 769 478 513 384 737 430 708 300 356 320 945 499 268 287 490 823 334 36 0 41 958 461 640 738 441 989 79 477 533 246 
731 385 517 366 586 522 635 733 527 88 153 224 773 347 865 222 140 689 217 788 493 546 479 38 239 659 274 926 350 473 453 119 718 758 134 853 265 840 41 0 636 365 189 216 93 494 242 697 113 519 
449 422 958 68 661 62 384 525 408 163 358 330 65 398 84 623 42 47 996 902 486 168 126 777 98 626 850 32 346 956 959 843 876 188 637 67 260 537 958 636 0 184 82 968 18 800 707 546 396 471 
614 544 625 950 687 409 559 573 498 77 369 347 546 947 214 558 663 936 635 702 941 269 772 782 633 40 318 802 582 941 572 245 437 268 920 185 250 48 461 365 184 0 925 957 66 436 608 910 521 623 
441 27 235 701 992 59 313 863 701 856 59 905 815 105 309 645 684 56 150 650 248 677 650 633 697 722 776 155 568 244 275 493 268 675 228 592 263 308 640 189 82 925 0 142 54 661 939 822 649 593 
171 654 483 324 459 366 526 832 440 293 375 60 577 398 691 517 671 790 481 113 195 900 129 918 319 701 370 124 680 556 627 95 16 856 849 173 689 305 738 216 968 957 142 0 939 672 687 657 440 928 
181 664 939 520 588 605 45 727 384 212 175 333 206 578 519 938 593 663 648 868 786 479 77 439 459 359 896 344 285 281 751 189 916 829 313 563 47 441 441 93 18 66 54 939 0 183 67 855 872 624 
633 382 938 294 970 914 597 1 751 79 502 424 716 610 830 643 756 561 668 267 74 336 164 920 690 578 599 766 780 294 554 47 307 708 910 615 569 230 989 494 800 436 661 672 183 0 944 623 351 287 
260 913 954 508 725 429 809 628 30 513 46 146 671 363 333 428 282 944 401 683 635 405 964 403 800 181 238 306 794 104 651 702 882 298 158 436 423 507 79 242 707 608 939 687 67 944 0 204 16 492 
778 21 402 490 492 99 457 617 597 667 471 736 926 709 268 756 634 556 814 232 899 221 705 772 309 626 686 732 357 116 362 932 931 842 535 939 629 821 477 697 546 910 822 657 855 623 204 0 906 178 
721 951 400 860 983 429 202 465 714 175 108 344 727 530 150 184 588 564 943 324 257 54 655 940 825 609 613 333 24 561 881 478 418 259 196 575 268 558 533 113 396 521 649 440 872 351 16 906 0 829 
486 700 550 220 178 974 826 801 38 577 790 696 304 153 37 263 653 428 467 123 511 913 935 296 751 287 434 515 393 752 31 245 852 466 540 48 521 135 246 519 471 623 593 928 624 287 492 178 829 0 
