6 4
0 598 743 1 484 832 
598 0 703 248 94 391 
743 703 0 593 298 516 
1 248 593 0 664 813 
484 94 298 664 0 822 
832 391 516 813 822 0 
0 660 555 303 37 937 
660 0 152 709 245 284 
555 152 0 903 279 375 
303 709 903 0 184 658 
37 245 279 184 0 907 
937 284 375 658 907 0 
0 698 602 235 42 895 
698 0 248 762 240 363 
602 248 0 670 262 558 
235 762 670 0 324 580 
42 240 262 324 0 831 
895 363 558 580 831 0 
0 759 456 358 71 760 
759 0 249 880 200 237 
456 249 0 927 126 316 
358 880 927 0 186 690 
71 200 126 186 0 841 
760 237 316 690 841 0 
0 405 631 197 16 964 
405 0 190 663 247 307 
631 190 0 957 170 386 
197 663 957 0 261 470 
16 247 170 261 0 833 
964 307 386 470 833 0 
