15 4
0 751 933 594 572 672 656 602 971 148 639 557 935 720 38 
751 0 256 115 619 1000 878 547 519 77 545 6 489 950 597 
933 256 0 601 896 623 998 290 74 40 622 589 445 373 685 
594 115 601 0 14 204 102 987 799 176 876 130 837 412 11 
572 619 896 14 0 70 715 773 966 381 73 534 186 685 919 
672 1000 623 204 70 0 215 904 114 405 87 322 984 7 661 
656 878 998 102 715 215 0 213 99 342 668 517 881 227 28 
602 547 290 987 773 904 213 0 151 607 445 270 654 435 831 
971 519 74 799 966 114 99 151 0 527 448 839 779 190 715 
148 77 40 176 381 405 342 607 527 0 941 873 112 299 994 
639 545 622 876 73 87 668 445 448 941 0 926 312 264 584 
557 6 589 130 534 322 517 270 839 873 926 0 212 579 698 
935 489 445 837 186 984 881 654 779 112 312 212 0 834 449 
720 950 373 412 685 7 227 435 190 299 264 579 834 0 140 
38 597 685 11 919 661 28 831 715 994 584 698 449 140 0 
0 846 338 40 336 896 663 308 634 909 806 909 216 858 894 
846 0 829 302 687 933 564 516 952 799 885 959 37 180 363 
338 829 0 591 932 857 295 92 806 934 111 124 126 260 801 
40 302 591 0 644 111 763 728 331 704 494 972 677 349 398 
336 687 932 644 0 502 72 308 954 774 15 621 180 431 749 
896 933 857 111 502 0 601 965 418 935 362 298 498 946 221 
663 564 295 763 72 601 0 869 691 200 591 51 824 572 741 
308 516 92 728 308 965 869 0 330 294 822 388 699 539 283 
634 952 806 331 954 418 691 330 0 344 699 978 134 350 398 
909 799 934 704 774 935 200 294 344 0 853 663 366 809 482 
806 885 111 494 15 362 591 822 699 853 0 703 2 69 690 
909 959 124 972 621 298 51 388 978 663 703 0 233 653 179 
216 37 126 677 180 498 824 699 134 366 2 233 0 645 339 
858 180 260 349 431 946 572 539 350 809 69 653 645 0 224 
894 363 801 398 749 221 741 283 398 482 690 179 339 224 0 
0 420 620 175 160 234 651 409 56 644 671 684 169 226 280 
420 0 949 728 336 202 682 242 888 70 18 110 984 495 349 
620 949 0 380 633 668 425 26 56 699 931 115 387 560 75 
175 728 380 0 540 819 741 430 76 377 799 699 260 662 914 
160 336 633 540 0 147 190 1 269 132 681 206 392 707 847 
234 202 668 819 147 0 648 412 121 211 765 962 379 81 971 
651 682 425 741 190 648 0 27 368 715 484 807 517 639 195 
409 242 26 430 1 412 27 0 194 162 418 860 918 73 273 
56 888 56 76 269 121 368 194 0 564 32 928 653 189 557 
644 70 699 377 132 211 715 162 564 0 185 174 884 475 592 
671 18 931 799 681 765 484 418 32 185 0 428 413 817 603 
684 110 115 699 206 962 807 860 928 174 428 0 426 227 577 
169 984 387 260 392 379 517 918 653 884 413 426 0 817 820 
226 495 560 662 707 81 639 73 189 475 817 227 817 0 752 
280 349 75 914 847 971 195 273 557 592 603 577 820 752 0 
0 90 889 811 359 853 3 132 780 306 827 390 18 44 109 
90 0 932 899 554 976 729 118 638 492 523 752 248 799 634 
889 932 0 604 368 93 741 423 539 849 688 94 842 400 858 
811 899 604 0 323 100 427 270 302 708 65 576 368 608 855 
359 554 368 323 0 147 161 505 156 969 75 836 999 783 215 
853 976 93 100 147 0 299 109 607 776 691 280 464 883 299 
3 729 741 427 161 299 0 819 676 468 55 214 427 315 573 
132 118 423 270 505 109 819 0 717 365 27 869 382 858 68 
780 638 539 302 156 607 676 717 0 432 220 199 297 366 697 
306 492 849 708 969 776 468 365 432 0 110 394 856 24 335 
827 523 688 65 75 691 55 27 220 110 0 545 863 646 871 
390 752 94 576 836 280 214 869 199 394 545 0 774 154 380 
18 248 842 368 999 464 427 382 297 856 863 774 0 427 148 
44 799 400 608 783 883 315 858 366 24 646 154 427 0 225 
109 634 858 855 215 299 573 68 697 335 871 380 148 225 0 
0 940 536 373 373 767 260 149 340 816 376 693 647 427 279 
940 0 733 756 632 485 1 633 812 966 67 902 156 656 381 
536 733 0 438 309 125 867 902 832 891 365 627 941 950 410 
373 756 438 0 372 15 570 829 343 859 977 727 415 403 329 
373 632 309 372 0 483 376 940 577 514 612 428 759 59 410 
767 485 125 15 483 0 907 954 921 534 637 36 954 482 648 
260 1 867 570 376 907 0 146 937 505 175 377 99 616 451 
149 633 902 829 940 954 146 0 234 622 921 798 853 59 970 
340 812 832 343 577 921 937 234 0 880 439 510 271 498 237 
816 966 891 859 514 534 505 622 880 0 800 818 628 477 322 
376 67 365 977 612 637 175 921 439 800 0 265 268 665 530 
693 902 627 727 428 36 377 798 510 818 265 0 95 294 234 
647 156 941 415 759 954 99 853 271 628 268 95 0 163 497 
427 656 950 403 59 482 616 59 498 477 665 294 163 0 545 
279 381 410 329 410 648 451 970 237 322 530 234 497 545 0 
