20 2
0 463 694 517 533 200 699 288 952 722 662 554 320 536 599 891 610 314 855 201 
463 0 517 805 903 372 641 912 759 278 805 51 862 23 963 167 173 618 983 816 
694 517 0 75 195 313 126 860 876 147 864 99 910 620 792 915 338 473 999 137 
517 805 75 0 917 871 327 333 635 952 396 79 691 651 890 31 846 389 843 601 
533 903 195 917 0 963 814 551 715 19 590 421 824 967 441 446 545 990 624 248 
200 372 313 871 963 0 282 188 781 32 90 719 456 306 613 975 458 654 117 282 
699 641 126 327 814 282 0 10 156 247 989 815 387 23 223 870 183 306 303 151 
288 912 860 333 551 188 10 0 125 96 229 654 132 474 78 364 824 174 839 880 
952 759 876 635 715 781 156 125 0 668 124 900 295 149 624 737 644 960 521 660 
722 278 147 952 19 32 247 96 668 0 835 712 207 51 947 407 487 722 92 363 
662 805 864 396 590 90 989 229 124 835 0 586 898 400 379 328 269 264 235 764 
554 51 99 79 421 719 815 654 900 712 586 0 189 349 23 213 633 550 695 658 
320 862 910 691 824 456 387 132 295 207 898 189 0 890 937 810 878 635 813 277 
536 23 620 651 967 306 23 474 149 51 400 349 890 0 45 30 545 637 622 61 
599 963 792 890 441 613 223 78 624 947 379 23 937 45 0 789 474 680 527 247 
891 167 915 31 446 975 870 364 737 407 328 213 810 30 789 0 3 488 18 676 
610 173 338 846 545 458 183 824 644 487 269 633 878 545 474 3 0 212 941 670 
314 618 473 389 990 654 306 174 960 722 264 550 635 637 680 488 212 0 281 908 
855 983 999 843 624 117 303 839 521 92 235 695 813 622 527 18 941 281 0 488 
201 816 137 601 248 282 151 880 660 363 764 658 277 61 247 676 670 908 488 0 
0 132 760 707 90 376 709 534 580 599 821 927 881 367 67 681 632 26 972 218 
132 0 130 491 188 93 441 12 806 821 861 470 696 270 337 844 993 334 420 899 
760 130 0 305 873 466 680 359 27 545 320 571 133 169 683 844 872 404 189 1 
707 491 305 0 210 434 990 383 804 60 841 437 642 698 983 496 62 183 81 10 
90 188 873 210 0 477 219 615 416 566 758 990 368 427 920 131 277 411 249 269 
376 93 466 434 477 0 497 131 57 778 124 815 619 897 561 822 951 650 582 90 
709 441 680 990 219 497 0 983 30 709 376 691 89 418 239 843 32 615 847 79 
534 12 359 383 615 131 983 0 323 514 117 447 95 453 463 756 729 341 464 658 
580 806 27 804 416 57 30 323 0 390 755 258 655 163 491 207 757 238 459 650 
599 821 545 60 566 778 709 514 390 0 596 269 583 112 789 11 853 51 305 219 
821 861 320 841 758 124 376 117 755 596 0 225 141 123 582 36 188 546 77 623 
927 470 571 437 990 815 691 447 258 269 225 0 647 519 624 637 349 541 337 499 
881 696 133 642 368 619 89 95 655 583 141 647 0 821 962 411 519 459 492 35 
367 270 169 698 427 897 418 453 163 112 123 519 821 0 857 742 567 534 557 30 
67 337 683 983 920 561 239 463 491 789 582 624 962 857 0 957 722 705 87 662 
681 844 844 496 131 822 843 756 207 11 36 637 411 742 957 0 839 166 390 169 
632 993 872 62 277 951 32 729 757 853 188 349 519 567 722 839 0 47 952 886 
26 334 404 183 411 650 615 341 238 51 546 541 459 534 705 166 47 0 452 205 
972 420 189 81 249 582 847 464 459 305 77 337 492 557 87 390 952 452 0 940 
218 899 1 10 269 90 79 658 650 219 623 499 35 30 662 169 886 205 940 0 
0 69 865 710 229 404 648 577 409 501 917 656 825 391 253 658 640 50 920 242 
69 0 176 582 196 191 557 158 765 780 920 746 641 176 223 761 910 299 364 786 
865 176 0 321 622 484 717 355 230 574 414 659 75 171 874 770 930 400 467 127 
710 582 321 0 185 447 947 434 927 249 893 431 553 573 974 451 74 214 139 3 
229 196 622 185 0 393 79 544 524 386 659 964 196 422 821 151 189 438 216 416 
404 191 484 447 393 0 340 215 27 759 168 766 570 904 440 893 921 558 482 294 
648 557 717 947 79 340 0 961 51 740 483 677 199 434 71 929 239 642 810 119 
577 158 355 434 544 215 961 0 432 590 60 512 104 495 343 644 803 452 523 723 
409 765 230 927 524 27 51 432 0 152 832 231 626 1 543 292 650 226 426 627 
501 780 574 249 386 759 740 590 152 0 479 464 593 130 880 55 811 26 182 128 
917 920 414 893 659 168 483 60 832 479 0 273 58 191 660 209 196 590 168 653 
656 746 659 431 964 766 677 512 231 464 273 0 582 384 527 637 238 653 197 410 
825 641 75 553 196 570 199 104 626 593 58 582 0 726 977 431 364 388 396 37 
391 176 171 573 422 904 434 495 1 130 191 384 726 0 869 714 356 733 390 12 
253 223 874 974 821 440 71 343 543 880 660 527 977 869 0 898 795 651 175 768 
658 761 770 451 151 893 929 644 292 55 209 637 431 714 898 0 860 354 395 89 
640 910 930 74 189 921 239 803 650 811 196 238 364 356 795 860 0 105 760 899 
50 299 400 214 438 558 642 452 226 26 590 653 388 733 651 354 105 0 485 320 
920 364 467 139 216 482 810 523 426 182 168 197 396 390 175 395 760 485 0 757 
242 786 127 3 416 294 119 723 627 128 653 410 37 12 768 89 899 320 757 0 
