7 4
0 813 105 728 495 748 590 
813 0 377 463 378 892 566 
105 377 0 940 425 230 694 
728 463 940 0 205 867 517 
495 378 425 205 0 399 457 
748 892 230 867 399 0 171 
590 566 694 517 457 171 0 
0 524 86 883 51 306 407 
524 0 288 19 900 890 522 
86 288 0 529 24 599 545 
883 19 529 0 691 78 633 
51 900 24 691 0 881 858 
306 890 599 78 881 0 306 
407 522 545 633 858 306 0 
0 735 221 576 79 474 213 
735 0 860 247 586 576 968 
221 860 0 25 213 792 183 
576 247 25 0 456 947 545 
79 586 213 456 0 83 618 
474 576 792 947 83 0 960 
213 968 183 545 618 960 0 
0 714 268 278 719 51 30 
714 0 551 668 218 20 173 
268 551 0 364 320 441 644 
278 668 364 0 132 23 3 
719 218 320 132 0 1000 389 
51 20 441 23 1000 0 264 
30 173 644 3 389 264 0 
0 320 492 952 654 349 251 
320 0 10 334 423 710 846 
492 10 0 477 910 223 269 
952 334 477 0 207 45 253 
654 423 910 207 0 167 654 
349 710 223 45 167 0 635 
251 846 269 253 654 635 0 
