9 3
0 862 5 495 230 457 217 58 186 
862 0 177 378 867 171 804 517 350 
5 177 0 425 399 316 986 805 317 
495 378 425 0 683 868 249 75 876 
230 867 399 683 0 252 297 476 766 
457 171 316 868 252 0 540 533 238 
217 804 986 249 297 540 0 393 173 
58 517 805 75 476 533 393 0 384 
186 350 317 876 766 238 173 384 0 
0 526 952 864 824 223 644 235 342 
526 0 781 229 207 23 545 18 188 
952 781 0 15 662 83 858 816 635 
864 229 15 0 536 915 990 151 314 
824 207 662 536 0 364 722 658 57 
223 23 83 915 364 0 680 670 93 
644 545 858 990 722 680 0 96 604 
235 18 816 151 658 670 96 0 124 
342 188 635 314 57 93 604 124 0 
0 699 876 590 387 624 269 813 282 
699 0 125 835 189 45 3 281 926 
876 125 0 567 532 1000 618 601 672 
590 835 567 0 620 446 306 660 982 
387 189 532 620 0 407 550 61 385 
624 45 1000 446 407 0 212 488 30 
269 3 618 306 550 212 0 652 172 
813 281 601 660 61 488 652 0 374 
282 926 672 982 385 30 172 374 0 
0 126 715 989 295 379 878 527 941 
126 0 746 363 69 582 253 201 860 
715 746 0 122 884 167 389 282 154 
989 363 122 0 967 870 960 764 170 
295 69 884 967 0 213 637 676 626 
379 582 167 870 213 0 955 258 518 
878 253 389 960 637 955 0 226 935 
527 201 282 764 676 258 226 0 580 
941 860 154 170 626 518 935 580 0 
