5 3
0 771 544 977 248 
771 0 574 244 593 
544 574 0 691 433 
977 244 691 0 73 
248 593 433 73 0 
0 403 434 330 945 
403 0 981 345 128 
434 981 0 273 206 
330 345 273 0 607 
945 128 206 607 0 
0 598 567 671 56 
598 0 20 656 873 
567 20 0 728 795 
671 656 728 0 394 
56 873 795 394 0 
0 598 567 671 56 
598 0 20 656 873 
567 20 0 728 795 
671 656 728 0 394 
56 873 795 394 0 
