7 3
0 766 274 345 649 838 958 
766 0 343 397 851 130 809 
274 343 0 523 333 968 703 
345 397 523 0 551 820 151 
649 851 333 551 0 663 210 
838 130 968 820 663 0 189 
958 809 703 151 210 189 0 
0 290 826 474 385 877 864 
290 0 516 693 239 247 776 
826 516 0 121 430 341 721 
474 693 121 0 226 430 409 
385 239 430 226 0 708 949 
877 247 341 430 708 0 249 
864 776 721 409 949 249 0 
0 213 557 639 711 915 817 
213 0 489 358 496 602 963 
557 489 0 45 147 279 418 
639 358 45 0 175 472 67 
711 496 147 175 0 542 725 
915 602 279 472 542 0 694 
817 963 418 67 725 694 0 
0 837 873 567 663 817 935 
837 0 779 545 31 317 875 
873 779 0 143 480 378 126 
567 545 143 0 322 399 207 
663 31 480 322 0 330 796 
817 317 378 399 330 0 60 
935 875 126 207 796 60 0 
