15 3
0 751 933 594 572 672 656 602 971 148 639 557 935 720 38 
751 0 256 115 619 1000 878 547 519 77 545 6 489 950 597 
933 256 0 601 896 623 998 290 74 40 622 589 445 373 685 
594 115 601 0 14 204 102 987 799 176 876 130 837 412 11 
572 619 896 14 0 70 715 773 966 381 73 534 186 685 919 
672 1000 623 204 70 0 215 904 114 405 87 322 984 7 661 
656 878 998 102 715 215 0 213 99 342 668 517 881 227 28 
602 547 290 987 773 904 213 0 151 607 445 270 654 435 831 
971 519 74 799 966 114 99 151 0 527 448 839 779 190 715 
148 77 40 176 381 405 342 607 527 0 941 873 112 299 994 
639 545 622 876 73 87 668 445 448 941 0 926 312 264 584 
557 6 589 130 534 322 517 270 839 873 926 0 212 579 698 
935 489 445 837 186 984 881 654 779 112 312 212 0 834 449 
720 950 373 412 685 7 227 435 190 299 264 579 834 0 140 
38 597 685 11 919 661 28 831 715 994 584 698 449 140 0 
0 341 321 160 480 133 422 644 32 842 913 820 470 740 301 
341 0 345 554 354 871 673 70 173 320 663 225 663 390 198 
321 345 0 368 835 888 361 368 939 857 986 530 68 586 823 
160 554 368 0 686 130 404 43 916 108 452 788 11 877 39 
480 354 835 686 0 189 42 715 684 653 938 349 712 676 462 
133 871 888 130 189 0 970 622 902 884 262 823 516 369 921 
422 673 361 404 42 970 0 50 206 863 801 141 306 438 282 
644 70 368 43 715 622 50 0 36 774 914 943 880 777 863 
32 173 939 916 684 902 206 36 0 166 847 671 361 420 580 
842 320 857 108 653 884 863 774 166 0 299 704 905 838 571 
913 663 986 452 938 262 801 914 847 299 0 795 627 335 793 
820 225 530 788 349 823 141 943 671 704 795 0 722 114 888 
470 663 68 11 712 516 306 880 361 905 627 722 0 853 692 
740 390 586 877 676 369 438 777 420 838 335 114 853 0 19 
301 198 823 39 462 921 282 863 580 571 793 888 692 19 0 
0 722 122 642 499 489 76 695 306 60 183 504 822 201 653 
722 0 743 369 922 715 395 509 37 496 593 456 184 771 391 
122 743 0 692 120 72 702 604 91 177 290 635 941 570 191 
642 369 692 0 174 782 485 790 86 619 285 919 949 777 430 
499 922 120 174 0 414 943 533 308 704 107 629 689 366 501 
489 715 72 782 414 0 699 456 236 145 638 388 470 697 360 
76 395 702 485 943 699 0 439 573 733 143 76 239 367 674 
695 509 604 790 533 456 439 0 809 309 146 55 367 97 111 
306 37 91 86 308 236 573 809 0 682 591 789 869 405 371 
60 496 177 619 704 145 733 309 682 0 926 930 320 119 394 
183 593 290 285 107 638 143 146 591 926 0 195 304 301 99 
504 456 635 919 629 388 76 55 789 930 195 0 294 350 527 
822 184 941 949 689 470 239 367 869 320 304 294 0 502 243 
201 771 570 777 366 697 367 97 405 119 301 350 502 0 948 
653 391 191 430 501 360 674 111 371 394 99 527 243 948 0 
0 623 841 665 854 84 852 202 201 586 524 249 483 369 898 
623 0 421 368 459 136 586 457 128 898 336 668 526 525 563 
841 421 0 461 238 476 841 925 211 79 15 711 514 254 391 
665 368 461 0 35 888 661 801 92 867 907 657 849 499 939 
854 459 238 35 0 288 735 636 249 635 26 419 188 970 600 
84 136 476 888 288 0 47 121 380 588 526 220 304 810 164 
852 586 841 661 735 47 0 151 721 575 603 914 778 872 331 
202 457 925 801 636 121 151 0 624 778 252 653 410 179 92 
201 128 211 92 249 380 721 624 0 354 30 151 648 764 559 
586 898 79 867 635 588 575 778 354 0 428 441 212 339 855 
524 336 15 907 26 526 603 252 30 428 0 236 412 505 77 
249 668 711 657 419 220 914 653 151 441 236 0 56 601 39 
483 526 514 849 188 304 778 410 648 212 412 56 0 180 722 
369 525 254 499 970 810 872 179 764 339 505 601 180 0 765 
898 563 391 939 600 164 331 92 559 855 77 39 722 765 0 
