60 3
0 14 99 112 80 226 826 829 692 877 168 840 462 329 72 860 146 888 763 76 791 822 523 818 392 659 553 634 690 582 118 487 627 877 992 15 580 264 164 366 913 949 160 147 962 650 310 927 702 197 912 23 997 15 986 836 535 715 260 582 
14 0 151 312 761 993 472 164 90 499 61 74 202 854 937 113 933 820 105 132 321 513 752 703 215 223 73 475 513 70 340 287 593 862 882 823 759 689 248 850 171 935 141 261 168 573 361 33 624 610 427 559 30 507 717 124 333 496 861 699 
99 151 0 212 583 175 857 949 482 926 482 353 431 81 190 257 289 638 669 43 360 418 173 548 999 288 992 381 603 823 12 11 697 224 101 53 630 990 286 592 635 629 70 831 512 449 138 852 598 380 986 478 81 208 168 825 792 377 325 1 
112 312 212 0 674 334 674 555 996 312 550 19 976 521 448 189 767 58 308 969 894 209 902 428 505 166 858 801 735 471 685 994 851 17 368 42 142 640 909 499 852 813 901 904 583 402 849 594 868 105 187 916 135 802 15 503 978 124 436 799 
80 761 583 674 0 994 399 932 512 109 893 64 121 509 161 659 108 812 819 488 7 27 124 589 759 568 913 484 871 613 966 52 219 154 662 490 458 170 383 534 147 750 68 270 356 972 558 325 112 548 475 662 132 187 74 140 770 318 953 99 
226 993 175 334 994 0 758 207 308 496 637 211 485 445 899 587 461 806 213 514 257 795 765 545 498 319 59 75 164 651 927 492 589 112 80 32 442 484 457 212 523 444 655 119 754 230 383 221 707 16 555 585 555 511 219 701 533 83 886 111 
826 472 857 674 399 758 0 733 661 783 949 938 857 553 376 252 686 266 3 935 531 921 115 159 103 458 350 181 530 840 114 263 438 630 335 809 532 134 426 613 423 977 436 447 509 936 891 169 620 375 162 169 459 116 26 999 524 357 527 146 
829 164 949 555 932 207 733 0 375 138 553 648 593 109 601 579 639 56 809 401 465 699 762 265 379 14 894 858 179 781 372 963 722 518 875 810 571 152 239 232 851 316 23 26 864 133 919 8 981 644 452 455 315 156 773 656 362 253 336 23 
692 90 482 996 512 308 661 375 0 298 927 406 668 726 285 642 90 970 41 211 68 354 94 795 857 529 189 58 194 113 554 615 993 994 700 252 72 196 627 606 836 411 35 942 849 431 405 158 736 697 394 558 363 699 81 21 899 850 820 536 
877 499 926 312 109 496 783 138 298 0 86 173 687 349 648 513 649 539 265 757 536 32 493 719 464 858 601 410 577 141 501 152 162 112 66 581 607 23 920 744 467 962 855 882 677 863 679 391 566 957 750 805 875 262 665 373 501 8 118 930 
168 61 482 550 893 637 949 553 927 86 0 310 93 948 927 713 77 302 907 776 806 393 627 731 426 855 366 398 149 913 692 126 669 150 829 610 556 459 432 660 270 28 469 719 786 270 955 70 555 679 192 868 436 358 614 778 517 29 697 496 
840 74 353 19 64 211 938 648 406 173 310 0 717 768 299 308 170 832 476 671 833 220 972 222 954 226 398 398 380 336 312 712 707 502 63 545 840 676 72 605 27 401 9 755 689 315 168 823 659 598 409 262 356 586 548 456 189 46 644 990 
462 202 431 976 121 485 857 593 668 687 93 717 0 428 243 632 371 331 380 534 671 969 343 168 824 647 498 914 711 878 261 371 752 312 776 39 901 409 906 156 333 269 724 745 284 125 935 417 555 240 712 315 269 933 124 184 984 299 539 633 
329 854 81 521 509 445 553 109 726 349 948 768 428 0 907 409 457 710 774 200 436 439 699 402 591 44 809 808 234 925 800 312 557 676 496 945 677 281 112 19 497 220 341 737 424 226 612 636 964 465 970 527 339 624 278 316 9 297 764 476 
72 937 190 448 161 899 376 601 285 648 927 299 243 907 0 838 737 76 205 705 827 853 138 811 517 819 818 855 339 21 575 156 19 509 593 958 377 913 825 902 883 795 824 545 842 499 99 220 573 962 543 996 598 754 308 60 728 533 983 153 
860 113 257 189 659 587 252 579 642 513 713 308 632 409 838 0 495 862 904 715 416 847 576 716 922 427 475 714 650 946 164 633 195 58 114 617 987 293 556 67 435 45 272 534 951 507 142 629 9 913 59 648 650 738 180 77 313 954 978 176 
146 933 289 767 108 461 686 639 90 649 77 170 371 457 737 495 0 302 863 230 376 185 303 359 427 180 835 329 820 655 535 813 255 805 802 571 146 103 69 335 333 662 320 871 402 393 426 761 531 160 811 409 595 794 399 108 335 180 564 804 
888 820 638 58 812 806 266 56 970 539 302 832 331 710 76 862 302 0 136 468 885 695 727 473 108 730 24 749 753 902 718 422 523 635 986 55 325 662 539 846 77 422 274 958 639 696 67 113 201 929 66 907 32 986 687 241 320 170 950 320 
763 105 669 308 819 213 3 809 41 265 907 476 380 774 205 904 863 136 0 666 690 110 621 908 99 495 88 711 148 87 355 516 137 534 841 440 793 988 554 513 306 382 250 819 338 868 293 38 207 317 30 516 482 31 779 83 812 358 826 949 
76 132 43 969 488 514 935 401 211 757 776 671 534 200 705 715 230 468 666 0 18 828 151 786 699 823 477 847 929 32 428 178 932 250 651 874 425 850 473 225 684 590 467 265 675 626 113 890 466 82 621 665 781 494 218 996 213 191 370 560 
791 321 360 894 7 257 531 465 68 536 806 833 671 436 827 416 376 885 690 18 0 800 206 170 629 799 69 693 497 943 544 34 945 947 226 441 386 848 970 541 252 515 89 935 711 302 112 444 298 509 307 488 874 344 294 947 600 106 880 468 
822 513 418 209 27 795 921 699 354 32 393 220 969 439 853 847 185 695 110 828 800 0 817 959 918 221 663 215 224 437 852 515 475 922 605 802 984 574 636 572 347 639 149 17 127 828 652 713 145 289 531 983 823 731 855 711 861 802 680 266 
523 752 173 902 124 765 115 762 94 493 627 972 343 699 138 576 303 727 621 151 206 817 0 140 97 656 817 885 804 25 39 531 57 31 400 521 902 598 721 564 295 279 837 388 897 697 204 538 358 506 182 692 930 462 299 107 444 675 618 423 
818 703 548 428 589 545 159 265 795 719 731 222 168 402 811 716 359 473 908 786 170 959 140 0 382 260 408 410 752 677 94 741 954 144 311 62 481 314 82 988 840 37 523 488 345 237 673 881 634 893 736 96 805 412 467 639 871 246 614 810 
392 215 999 505 759 498 103 379 857 464 426 954 824 591 517 922 427 108 99 699 629 918 97 382 0 763 646 221 764 946 146 840 233 369 853 970 344 286 334 517 838 226 445 547 263 352 337 817 851 924 934 116 902 472 29 802 721 834 602 654 
659 223 288 166 568 319 458 14 529 858 855 226 647 44 819 427 180 730 495 823 799 221 656 260 763 0 552 934 225 648 233 697 72 919 616 462 924 762 68 683 3 103 220 614 220 521 461 991 343 982 583 233 765 986 874 858 72 577 584 672 
553 73 992 858 913 59 350 894 189 601 366 398 498 809 818 475 835 24 88 477 69 663 817 408 646 552 0 971 42 713 470 833 498 304 142 446 891 558 51 702 309 812 521 100 999 400 544 12 233 343 963 745 263 916 392 585 559 495 496 431 
634 475 381 801 484 75 181 858 58 410 398 398 914 808 855 714 329 749 711 847 693 215 885 410 221 934 971 0 545 348 921 306 486 453 214 500 888 904 559 271 307 236 75 77 32 957 100 14 172 864 786 661 320 927 811 44 243 945 291 179 
690 513 603 735 871 164 530 179 194 577 149 380 711 234 339 650 820 753 148 929 497 224 804 752 764 225 42 545 0 253 1 337 28 937 13 110 604 738 584 94 141 87 795 827 230 996 80 520 994 286 647 311 3 676 443 286 854 459 532 15 
582 70 823 471 613 651 840 781 113 141 913 336 878 925 21 946 655 902 87 32 943 437 25 677 946 648 713 348 253 0 592 762 453 191 760 813 442 620 95 49 922 342 457 586 899 358 534 214 250 862 929 115 961 732 429 648 46 825 178 90 
118 340 12 685 966 927 114 372 554 501 692 312 261 800 575 164 535 718 355 428 544 852 39 94 146 233 470 921 1 592 0 72 884 864 499 401 937 797 929 128 263 809 399 489 710 145 535 345 239 177 753 457 761 125 387 430 644 641 394 314 
487 287 11 994 52 492 263 963 615 152 126 712 371 312 156 633 813 422 516 178 34 515 531 741 840 697 833 306 337 762 72 0 790 438 364 106 234 240 206 253 889 813 8 330 985 755 539 647 893 579 843 930 924 181 182 144 521 65 44 499 
627 593 697 851 219 589 438 722 993 162 669 707 752 557 19 195 255 523 137 932 945 475 57 954 233 72 498 486 28 453 884 790 0 31 313 921 899 254 611 442 237 498 27 976 551 936 989 576 723 851 307 377 365 453 910 68 582 636 787 477 
877 862 224 17 154 112 630 518 994 112 150 502 312 676 509 58 805 635 534 250 947 922 31 144 369 919 304 453 937 191 864 438 31 0 821 495 638 978 668 228 122 935 507 239 149 351 48 403 73 613 361 699 953 70 485 254 900 907 269 734 
992 882 101 368 662 80 335 875 700 66 829 63 776 496 593 114 802 986 841 651 226 605 400 311 853 616 142 214 13 760 499 364 313 821 0 267 839 605 982 876 524 244 398 786 232 817 593 431 135 120 23 327 207 337 909 159 888 28 878 483 
15 823 53 42 490 32 809 810 252 581 610 545 39 945 958 617 571 55 440 874 441 802 521 62 970 462 446 500 110 813 401 106 921 495 267 0 474 398 137 428 204 307 834 936 38 836 831 919 325 408 772 166 486 493 396 438 611 588 475 696 
580 759 630 142 458 442 532 571 72 607 556 840 901 677 377 987 146 325 793 425 386 984 902 481 344 924 891 888 604 442 937 234 899 638 839 474 0 910 854 940 194 1 290 412 663 841 755 848 704 459 824 547 143 142 375 371 932 871 279 660 
264 689 990 640 170 484 134 152 196 23 459 676 409 281 913 293 103 662 988 850 848 574 598 314 286 762 558 904 738 620 797 240 254 978 605 398 910 0 386 320 861 703 147 569 415 382 732 501 91 367 441 332 158 596 7 251 154 524 101 908 
164 248 286 909 383 457 426 239 627 920 432 72 906 112 825 556 69 539 554 473 970 636 721 82 334 68 51 559 584 95 929 206 611 668 982 137 854 386 0 160 84 81 158 37 517 695 82 75 78 752 904 862 983 236 653 502 579 480 843 694 
366 850 592 499 534 212 613 232 606 744 660 605 156 19 902 67 335 846 513 225 541 572 564 988 517 683 702 271 94 49 128 253 442 228 876 428 940 320 160 0 315 922 95 210 960 433 476 213 950 462 186 383 552 476 235 846 566 336 742 324 
913 171 635 852 147 523 423 851 836 467 270 27 333 497 883 435 333 77 306 684 252 347 295 840 838 3 309 307 141 922 263 889 237 122 524 204 194 861 84 315 0 142 207 866 498 173 38 713 328 677 839 733 249 529 667 478 216 79 48 211 
949 935 629 813 750 444 977 316 411 962 28 401 269 220 795 45 662 422 382 590 515 639 279 37 226 103 812 236 87 342 809 813 498 935 244 307 1 703 81 922 142 0 299 638 287 475 328 800 669 405 817 739 955 924 774 419 594 337 971 413 
160 141 70 901 68 655 436 23 35 855 469 9 724 341 824 272 320 274 250 467 89 149 837 523 445 220 521 75 795 457 399 8 27 507 398 834 290 147 158 95 207 299 0 354 607 27 649 879 775 568 800 264 395 704 512 860 888 718 768 91 
147 261 831 904 270 119 447 26 942 882 719 755 745 737 545 534 871 958 819 265 935 17 388 488 547 614 100 77 827 586 489 330 976 239 786 936 412 569 37 210 866 638 354 0 34 30 571 567 598 848 471 18 413 696 530 782 215 502 336 555 
962 168 512 583 356 754 509 864 849 677 786 689 284 424 842 951 402 639 338 675 711 127 897 345 263 220 999 32 230 899 710 985 551 149 232 38 663 415 517 960 498 287 607 34 0 408 182 951 185 99 745 470 726 697 424 292 800 778 891 191 
650 573 449 402 972 230 936 133 431 863 270 315 125 226 499 507 393 696 868 626 302 828 697 237 352 521 400 957 996 358 145 755 936 351 817 836 841 382 695 433 173 475 27 30 408 0 670 266 296 310 562 755 5 235 169 420 753 273 771 619 
310 361 138 849 558 383 891 919 405 679 955 168 935 612 99 142 426 67 293 113 112 652 204 673 337 461 544 100 80 534 535 539 989 48 593 831 755 732 82 476 38 328 649 571 182 670 0 749 4 453 586 804 780 945 602 771 773 644 6 654 
927 33 852 594 325 221 169 8 158 391 70 823 417 636 220 629 761 113 38 890 444 713 538 881 817 991 12 14 520 214 345 647 576 403 431 919 848 501 75 213 713 800 879 567 951 266 749 0 188 544 590 480 306 935 320 80 145 125 715 923 
702 624 598 868 112 707 620 981 736 566 555 659 555 964 573 9 531 201 207 466 298 145 358 634 851 343 233 172 994 250 239 893 723 73 135 325 704 91 78 950 328 669 775 598 185 296 4 188 0 574 454 968 153 555 454 533 241 39 127 924 
197 610 380 105 548 16 375 644 697 957 679 598 240 465 962 913 160 929 317 82 509 289 506 893 924 982 343 864 286 862 177 579 851 613 120 408 459 367 752 462 677 405 568 848 99 310 453 544 574 0 683 437 727 156 199 589 440 662 318 459 
912 427 986 187 475 555 162 452 394 750 192 409 712 970 543 59 811 66 30 621 307 531 182 736 934 583 963 786 647 929 753 843 307 361 23 772 824 441 904 186 839 817 800 471 745 562 586 590 454 683 0 777 386 488 389 311 404 764 848 253 
23 559 478 916 662 585 169 455 558 805 868 262 315 527 996 648 409 907 516 665 488 983 692 96 116 233 745 661 311 115 457 930 377 699 327 166 547 332 862 383 733 739 264 18 470 755 804 480 968 437 777 0 198 523 308 70 866 801 455 878 
997 30 81 135 132 555 459 315 363 875 436 356 269 339 598 650 595 32 482 781 874 823 930 805 902 765 263 320 3 961 761 924 365 953 207 486 143 158 983 552 249 955 395 413 726 5 780 306 153 727 386 198 0 909 138 156 480 921 754 282 
15 507 208 802 187 511 116 156 699 262 358 586 933 624 754 738 794 986 31 494 344 731 462 412 472 986 916 927 676 732 125 181 453 70 337 493 142 596 236 476 529 924 704 696 697 235 945 935 555 156 488 523 909 0 793 944 102 569 760 188 
986 717 168 15 74 219 26 773 81 665 614 548 124 278 308 180 399 687 779 218 294 855 299 467 29 874 392 811 443 429 387 182 910 485 909 396 375 7 653 235 667 774 512 530 424 169 602 320 454 199 389 308 138 793 0 280 293 402 862 190 
836 124 825 503 140 701 999 656 21 373 778 456 184 316 60 77 108 241 83 996 947 711 107 639 802 858 585 44 286 648 430 144 68 254 159 438 371 251 502 846 478 419 860 782 292 420 771 80 533 589 311 70 156 944 280 0 788 949 108 54 
535 333 792 978 770 533 524 362 899 501 517 189 984 9 728 313 335 320 812 213 600 861 444 871 721 72 559 243 854 46 644 521 582 900 888 611 932 154 579 566 216 594 888 215 800 753 773 145 241 440 404 866 480 102 293 788 0 143 42 460 
715 496 377 124 318 83 357 253 850 8 29 46 299 297 533 954 180 170 358 191 106 802 675 246 834 577 495 945 459 825 641 65 636 907 28 588 871 524 480 336 79 337 718 502 778 273 644 125 39 662 764 801 921 569 402 949 143 0 340 562 
260 861 325 436 953 886 527 336 820 118 697 644 539 764 983 978 564 950 826 370 880 680 618 614 602 584 496 291 532 178 394 44 787 269 878 475 279 101 843 742 48 971 768 336 891 771 6 715 127 318 848 455 754 760 862 108 42 340 0 342 
582 699 1 799 99 111 146 23 536 930 496 990 633 476 153 176 804 320 949 560 468 266 423 810 654 672 431 179 15 90 314 499 477 734 483 696 660 908 694 324 211 413 91 555 191 619 654 923 924 459 253 878 282 188 190 54 460 562 342 0 
0 868 856 547 556 143 330 840 479 648 372 906 353 868 627 14 882 53 274 255 19 401 130 367 399 381 572 57 642 992 275 746 901 20 257 140 868 593 537 424 354 393 898 366 627 283 276 465 537 787 951 675 214 42 859 911 696 665 903 322 
868 0 6 945 936 233 868 842 673 387 329 141 947 708 135 117 548 903 656 192 809 25 219 452 838 85 587 437 778 398 795 744 478 217 501 113 378 63 665 506 587 109 171 116 998 741 545 701 354 181 276 871 548 362 110 411 309 680 627 412 
856 6 0 274 953 238 505 162 875 227 134 348 553 546 277 634 745 600 515 855 282 409 8 826 403 342 314 981 555 245 526 257 364 856 75 432 332 401 950 64 670 679 644 318 631 290 306 814 849 385 154 947 834 347 97 650 251 241 475 842 
547 945 274 0 921 780 545 509 744 450 590 346 632 520 722 820 209 484 640 971 736 512 718 934 567 537 821 198 647 619 353 537 26 899 607 460 446 915 759 961 315 390 287 377 324 659 857 640 656 350 680 19 513 579 381 265 544 920 93 31 
556 936 953 921 0 62 872 951 616 683 503 187 359 44 185 942 801 895 678 108 350 980 15 524 580 185 367 726 864 207 275 708 290 61 3 686 270 582 403 631 352 406 749 432 707 238 400 481 530 714 792 285 766 887 218 796 58 912 520 145 
143 233 238 780 62 0 730 816 190 861 554 200 153 797 81 206 11 365 432 1 984 164 979 473 277 541 558 743 999 406 187 615 545 225 857 798 458 7 85 584 673 890 311 396 728 960 705 429 969 339 302 788 990 490 746 201 95 838 206 187 
330 868 505 545 872 730 0 762 625 508 81 778 964 550 865 983 984 642 567 910 864 51 214 121 797 855 445 910 853 163 255 780 439 391 490 779 866 233 746 189 129 263 358 63 79 131 324 536 550 770 305 779 484 342 152 650 164 194 231 374 
840 842 162 509 951 816 762 0 401 584 258 683 947 943 456 623 533 542 879 49 143 998 443 831 800 216 336 17 883 798 794 208 552 155 37 598 811 146 380 816 233 239 108 651 159 974 275 201 895 110 504 222 797 409 758 728 421 912 358 407 
479 673 875 744 616 190 625 401 0 606 220 688 675 420 851 96 242 976 746 27 626 76 324 418 219 399 648 738 744 786 300 19 983 539 470 904 789 920 880 863 117 832 918 102 807 475 260 247 299 365 980 154 903 601 923 539 138 812 174 149 
648 387 227 450 683 861 508 584 606 0 164 636 22 861 638 519 687 102 769 890 619 998 719 509 936 274 349 359 959 976 840 946 829 947 693 658 294 119 590 672 893 862 112 955 340 646 672 344 303 727 733 680 672 225 847 719 278 212 144 975 
372 329 134 590 503 554 81 258 220 164 0 760 168 954 959 875 852 293 353 281 208 278 554 679 535 566 570 937 886 617 393 347 709 112 908 640 574 27 237 607 571 655 159 234 115 568 552 972 353 808 161 521 787 239 131 76 377 480 927 738 
906 141 348 346 187 200 778 683 688 636 760 0 704 281 764 234 158 10 200 896 992 319 640 912 970 122 816 276 38 31 672 394 492 710 851 792 326 212 457 644 479 128 195 910 811 58 305 991 26 316 795 664 991 446 856 657 441 710 334 790 
353 947 553 632 359 153 964 947 675 22 168 704 0 127 571 820 578 563 703 910 716 942 96 346 637 124 443 264 327 429 301 847 669 596 1 1 996 823 145 646 206 749 332 844 811 433 187 934 590 367 882 748 896 631 241 804 183 307 898 906 
868 708 546 520 44 797 550 943 420 861 954 281 127 0 209 954 926 955 284 72 181 905 504 163 756 777 636 766 369 77 57 321 321 569 178 403 919 274 600 859 446 506 776 670 428 216 993 249 439 737 449 320 938 788 976 970 721 735 340 101 
627 135 277 722 185 81 865 456 851 638 959 764 571 209 0 158 730 377 621 507 117 66 393 200 315 442 102 674 979 379 783 646 628 342 776 246 738 224 119 128 361 223 394 320 807 383 531 604 729 933 457 922 666 412 108 930 71 611 677 945 
14 117 634 820 942 206 983 623 96 519 875 234 820 954 158 0 762 363 910 806 1000 747 854 959 189 713 980 513 833 110 420 988 147 700 381 972 364 151 186 478 741 308 665 613 612 811 659 9 245 487 275 705 971 888 713 411 919 949 602 559 
882 548 745 209 801 11 984 533 242 687 852 158 578 926 730 762 0 994 471 43 482 300 96 258 790 645 650 830 196 661 910 893 191 928 751 406 413 133 876 658 933 173 723 271 89 35 159 130 56 888 652 252 70 396 235 577 578 663 559 337 
53 903 600 484 895 365 642 542 976 102 293 10 563 955 377 363 994 0 416 565 461 165 179 457 864 224 302 789 686 342 494 409 54 936 741 172 978 873 593 373 937 980 16 890 652 806 909 404 178 682 996 363 879 553 756 678 937 7 389 329 
274 656 515 640 678 432 567 879 746 769 353 200 703 284 621 910 471 416 0 489 195 777 674 335 799 365 685 815 808 327 339 408 396 812 380 737 716 884 680 846 801 698 408 818 657 258 100 366 980 558 479 206 463 879 720 629 872 557 388 22 
255 192 855 971 108 1 910 49 27 890 281 896 910 72 507 806 43 565 489 0 938 874 71 500 24 286 158 412 418 239 126 940 379 967 165 866 986 962 340 805 438 556 664 988 586 216 312 528 466 535 911 386 761 463 763 982 70 579 534 687 
19 809 282 736 350 984 864 143 626 619 208 992 716 181 117 1000 482 461 195 938 0 396 66 660 13 387 637 845 85 846 587 380 888 669 446 230 749 85 978 858 520 451 388 717 983 264 154 77 612 177 160 560 264 142 710 363 75 928 726 926 
401 25 409 512 980 164 51 998 76 998 278 319 942 905 66 747 300 165 777 874 396 0 880 634 223 339 546 732 719 839 138 890 629 482 241 926 897 474 342 34 340 147 603 234 623 414 134 22 473 757 292 509 462 392 281 702 95 645 868 564 
130 219 8 718 15 979 214 443 324 719 554 640 96 504 393 854 96 179 674 71 66 880 0 692 791 938 832 283 772 402 510 252 337 433 499 476 228 892 11 265 638 199 709 974 206 948 495 485 948 830 580 631 650 739 122 333 352 700 892 594 
367 452 826 934 524 473 121 831 418 509 679 912 346 163 200 959 258 457 335 500 660 634 692 0 259 251 747 641 761 849 579 965 33 224 572 41 804 570 589 434 10 390 313 775 679 880 300 187 830 464 415 336 907 108 505 158 965 220 683 674 
399 838 403 567 580 277 797 800 219 936 535 970 637 756 315 189 790 864 799 24 13 223 791 259 0 609 494 229 819 495 854 840 593 164 651 571 570 624 851 959 130 148 470 859 400 816 759 21 322 491 395 590 877 429 516 652 103 768 411 921 
381 85 342 537 185 541 855 216 399 274 566 122 124 777 442 713 645 224 365 286 387 339 938 251 609 0 299 513 607 259 98 486 879 228 278 290 190 180 425 411 941 930 228 396 868 610 406 307 994 788 75 231 133 645 216 691 616 886 40 66 
572 587 314 821 367 558 445 336 648 349 570 816 443 636 102 980 650 302 685 158 637 546 832 747 494 299 0 320 326 214 735 935 17 875 555 91 461 844 911 184 965 418 504 530 865 689 509 837 71 303 625 211 656 756 480 849 717 452 405 316 
57 437 981 198 726 743 910 17 738 359 937 276 264 766 674 513 830 789 815 412 845 732 283 641 229 513 320 0 766 662 368 413 283 242 380 237 232 466 581 394 461 280 343 13 733 985 720 463 977 174 558 812 252 867 260 832 390 49 800 292 
642 778 555 647 864 999 853 883 744 959 886 38 327 369 979 833 196 686 808 418 85 719 772 761 819 607 326 766 0 815 775 438 86 71 848 557 968 373 305 426 388 908 824 524 495 316 938 736 872 377 660 951 1000 824 370 255 813 912 731 644 
992 398 245 619 207 406 163 798 786 976 617 31 429 77 379 110 661 342 327 239 846 839 402 849 495 259 214 662 815 0 844 4 791 990 191 333 614 418 649 440 983 708 184 571 725 266 86 814 698 832 516 431 300 291 528 243 149 921 579 66 
275 795 526 353 275 187 255 794 300 840 393 672 301 57 783 420 910 494 339 126 587 138 510 579 854 98 735 368 775 844 0 834 664 372 265 167 97 634 129 233 691 544 615 862 656 33 661 875 485 113 412 26 763 58 781 659 587 816 882 181 
746 744 257 537 708 615 780 208 19 946 347 394 847 321 646 988 893 409 408 940 380 890 252 965 840 486 935 413 438 4 834 0 484 771 372 306 735 224 770 116 636 156 295 894 748 780 746 585 191 842 680 168 356 524 917 914 657 556 810 171 
901 478 364 26 290 545 439 552 983 829 709 492 669 321 628 147 191 54 396 379 888 629 337 33 593 879 17 283 86 791 664 484 0 844 389 286 195 784 241 440 324 60 968 532 331 231 927 504 176 321 411 401 595 563 632 511 289 629 80 852 
20 217 856 899 61 225 391 155 539 947 112 710 596 569 342 700 928 936 812 967 669 482 433 224 164 228 875 242 71 990 372 771 844 0 220 170 736 307 840 979 344 588 187 684 563 844 668 915 887 561 165 336 435 29 759 462 750 84 619 435 
257 501 75 607 3 857 490 37 470 693 908 851 1 178 776 381 751 741 380 165 446 241 499 572 651 278 555 380 848 191 265 372 389 220 0 708 890 298 902 558 723 389 539 84 79 4 194 654 925 514 553 72 816 738 440 858 157 139 628 814 
140 113 432 460 686 798 779 598 904 658 640 792 1 403 246 972 406 172 737 866 230 926 476 41 571 290 91 237 557 333 167 306 286 170 708 0 570 211 123 211 803 196 507 240 519 528 76 328 73 220 403 924 223 232 36 796 648 76 339 805 
868 378 332 446 270 458 866 811 789 294 574 326 996 919 738 364 413 978 716 986 749 897 228 804 570 190 461 232 968 614 97 735 195 736 890 570 0 467 947 386 209 950 623 820 439 570 29 367 193 430 967 179 973 955 266 538 559 251 164 173 
593 63 401 915 582 7 233 146 920 119 27 212 823 274 224 151 133 873 884 962 85 474 892 570 624 180 844 466 373 418 634 224 784 307 298 211 467 0 618 160 681 266 111 100 920 152 41 851 955 698 264 621 287 618 410 741 826 913 177 378 
537 665 950 759 403 85 746 380 880 590 237 457 145 600 119 186 876 593 680 340 978 342 11 589 851 425 911 581 305 649 129 770 241 840 902 123 947 618 0 961 635 815 145 643 618 390 728 970 341 745 655 816 538 223 56 65 360 668 48 381 
424 506 64 961 631 584 189 816 863 672 607 644 646 859 128 478 658 373 846 805 858 34 265 434 959 411 184 394 426 440 233 116 440 979 558 211 386 160 961 0 557 603 119 232 360 242 256 254 645 478 815 868 198 454 741 369 746 889 965 411 
354 587 670 315 352 673 129 233 117 893 571 479 206 446 361 741 933 937 801 438 520 340 638 10 130 941 965 461 388 983 691 636 324 344 723 803 209 681 635 557 0 507 626 32 539 937 281 698 533 741 65 781 433 739 223 239 563 411 576 113 
393 109 679 390 406 890 263 239 832 862 655 128 749 506 223 308 173 980 698 556 451 147 199 390 148 930 418 280 908 708 544 156 60 588 389 196 950 266 815 603 507 0 436 547 969 381 697 532 523 554 516 881 475 944 401 717 667 848 641 144 
898 171 644 287 749 311 358 108 918 112 159 195 332 776 394 665 723 16 408 664 388 603 709 313 470 228 504 343 824 184 615 295 968 187 539 507 623 111 145 119 626 436 0 480 206 807 140 338 156 57 279 291 586 40 808 260 763 580 509 933 
366 116 318 377 432 396 63 651 102 955 234 910 844 670 320 613 271 890 818 988 717 234 974 775 859 396 530 13 524 571 862 894 532 684 84 240 820 100 643 232 32 547 480 0 376 48 187 196 608 682 376 164 702 539 343 55 72 396 586 7 
627 998 631 324 707 728 79 159 807 340 115 811 811 428 807 612 89 652 657 586 983 623 206 679 400 868 865 733 495 725 656 748 331 563 79 519 439 920 618 360 539 969 206 376 0 124 835 874 142 33 951 355 952 562 807 63 972 69 788 376 
283 741 290 659 238 960 131 974 475 646 568 58 433 216 383 811 35 806 258 216 264 414 948 880 816 610 689 985 316 266 33 780 231 844 4 528 570 152 390 242 937 381 807 48 124 0 728 457 699 960 597 760 355 983 782 856 624 132 880 430 
276 545 306 857 400 705 324 275 260 672 552 305 187 993 531 659 159 909 100 312 154 134 495 300 759 406 509 720 938 86 661 746 927 668 194 76 29 41 728 256 281 697 140 187 835 728 0 48 376 22 94 253 509 761 631 484 854 727 608 239 
465 701 814 640 481 429 536 201 247 344 972 991 934 249 604 9 130 404 366 528 77 22 485 187 21 307 837 463 736 814 875 585 504 915 654 328 367 851 970 254 698 532 338 196 874 457 48 0 768 911 433 292 404 617 980 380 920 885 186 287 
537 354 849 656 530 969 550 895 299 303 353 26 590 439 729 245 56 178 980 466 612 473 948 830 322 994 71 977 872 698 485 191 176 887 925 73 193 955 341 645 533 523 156 608 142 699 376 768 0 864 401 127 363 583 27 54 667 328 16 52 
787 181 385 350 714 339 770 110 365 727 808 316 367 737 933 487 888 682 558 535 177 757 830 464 491 788 303 174 377 832 113 842 321 561 514 220 430 698 745 478 741 554 57 682 33 960 22 911 864 0 621 961 368 677 39 234 837 413 292 539 
951 276 154 680 792 302 305 504 980 733 161 795 882 449 457 275 652 996 479 911 160 292 580 415 395 75 625 558 660 516 412 680 411 165 553 403 967 264 655 815 65 516 279 376 951 597 94 433 401 621 0 607 453 30 670 397 357 872 547 206 
675 871 947 19 285 788 779 222 154 680 521 664 748 320 922 705 252 363 206 386 560 509 631 336 590 231 211 812 951 431 26 168 401 336 72 924 179 621 816 868 781 881 291 164 355 760 253 292 127 961 607 0 605 194 352 603 821 58 254 423 
214 548 834 513 766 990 484 797 903 672 787 991 896 938 666 971 70 879 463 761 264 462 650 907 877 133 656 252 1000 300 763 356 595 435 816 223 973 287 538 198 433 475 586 702 952 355 509 404 363 368 453 605 0 902 494 577 295 577 712 70 
42 362 347 579 887 490 342 409 601 225 239 446 631 788 412 888 396 553 879 463 142 392 739 108 429 645 756 867 824 291 58 524 563 29 738 232 955 618 223 454 739 944 40 539 562 983 761 617 583 677 30 194 902 0 125 361 823 412 877 398 
859 110 97 381 218 746 152 758 923 847 131 856 241 976 108 713 235 756 720 763 710 281 122 505 516 216 480 260 370 528 781 917 632 759 440 36 266 410 56 741 223 401 808 343 807 782 631 980 27 39 670 352 494 125 0 587 761 107 937 60 
911 411 650 265 796 201 650 728 539 719 76 657 804 970 930 411 577 678 629 982 363 702 333 158 652 691 849 832 255 243 659 914 511 462 858 796 538 741 65 369 239 717 260 55 63 856 484 380 54 234 397 603 577 361 587 0 449 475 718 119 
696 309 251 544 58 95 164 421 138 278 377 441 183 721 71 919 578 937 872 70 75 95 352 965 103 616 717 390 813 149 587 657 289 750 157 648 559 826 360 746 563 667 763 72 972 624 854 920 667 837 357 821 295 823 761 449 0 291 211 138 
665 680 241 920 912 838 194 912 812 212 480 710 307 735 611 949 663 7 557 579 928 645 700 220 768 886 452 49 912 921 816 556 629 84 139 76 251 913 668 889 411 848 580 396 69 132 727 885 328 413 872 58 577 412 107 475 291 0 263 798 
903 627 475 93 520 206 231 358 174 144 927 334 898 340 677 602 559 389 388 534 726 868 892 683 411 40 405 800 731 579 882 810 80 619 628 339 164 177 48 965 576 641 509 586 788 880 608 186 16 292 547 254 712 877 937 718 211 263 0 65 
322 412 842 31 145 187 374 407 149 975 738 790 906 101 945 559 337 329 22 687 926 564 594 674 921 66 316 292 644 66 181 171 852 435 814 805 173 378 381 411 113 144 933 7 376 430 239 287 52 539 206 423 70 398 60 119 138 798 65 0 
0 722 278 465 268 483 639 809 223 387 696 332 987 388 585 686 583 855 687 669 967 321 905 351 516 204 705 948 119 420 490 818 355 817 139 408 210 259 142 144 966 538 296 667 668 163 897 375 673 361 145 97 922 990 511 494 476 549 190 753 
722 0 969 326 158 912 91 79 295 662 734 845 82 747 503 83 294 27 472 314 442 206 424 23 717 714 857 182 226 658 299 315 860 972 303 685 143 840 161 823 383 995 660 575 255 821 389 414 363 832 588 325 415 795 997 295 806 656 622 218 
278 969 0 760 633 609 655 967 189 691 315 576 284 781 750 736 270 970 858 75 385 358 984 146 378 174 621 166 365 680 420 772 662 467 888 562 327 366 252 890 587 760 72 462 874 995 604 401 165 563 816 250 418 379 584 794 787 499 293 710 
465 326 760 0 244 345 185 253 508 258 221 480 149 837 303 162 965 784 39 356 32 724 489 161 953 435 376 76 614 424 573 847 856 90 269 649 436 718 697 222 947 285 680 618 763 473 491 351 15 810 41 703 223 251 802 385 354 339 756 717 
268 158 633 244 0 656 847 483 854 391 691 827 834 492 883 590 753 281 536 434 485 20 971 615 396 333 774 552 348 250 615 736 805 631 854 808 721 447 429 251 474 656 926 290 157 757 559 726 585 438 729 926 226 209 539 207 885 211 329 826 
483 912 609 345 656 0 40 47 362 255 823 704 630 130 629 294 985 821 809 837 683 414 943 375 749 666 316 186 206 375 617 360 217 737 235 215 252 948 925 548 319 350 391 508 801 342 74 715 209 768 890 277 223 377 43 302 534 42 626 928 
639 91 655 185 847 40 0 179 762 40 876 148 569 326 287 61 505 749 111 266 53 610 490 352 128 494 515 155 173 741 582 431 192 772 748 126 31 638 22 681 700 272 681 533 899 965 956 426 464 413 598 407 597 663 972 546 654 2 586 814 
809 79 967 253 483 47 179 0 788 553 635 287 804 349 865 91 426 613 80 464 468 196 431 187 406 792 572 746 258 197 477 773 32 746 319 643 11 728 411 231 700 506 324 380 657 61 449 547 413 964 638 463 48 269 330 144 824 293 293 408 
223 295 189 508 854 362 762 788 0 600 236 378 581 906 595 362 821 150 637 623 138 963 633 617 822 7 370 828 419 659 232 651 920 818 843 897 154 543 7 220 986 413 326 926 140 529 813 981 345 352 209 659 682 666 125 577 623 326 316 708 
387 662 691 258 391 255 40 553 600 0 81 466 370 157 924 793 967 868 400 24 890 88 517 789 50 758 433 59 569 189 496 159 213 343 699 798 114 599 63 870 428 166 139 523 775 927 821 747 934 510 359 246 539 745 747 278 351 379 955 204 
696 734 315 221 691 823 876 635 236 81 0 731 767 76 224 226 130 715 759 59 874 164 740 172 965 379 403 275 434 25 588 498 261 440 314 426 564 607 537 211 556 642 875 976 753 422 849 223 593 834 63 383 499 793 659 757 869 459 256 735 
332 845 576 480 827 704 148 287 378 466 731 0 498 306 95 819 61 431 679 396 405 719 496 341 17 839 586 543 701 428 75 446 331 787 379 1 670 733 416 210 904 498 970 471 444 742 986 91 899 661 976 468 358 89 206 418 506 150 545 484 
987 82 284 149 834 630 569 804 581 370 767 498 0 816 553 404 952 626 187 178 514 162 857 732 416 804 886 625 557 346 425 244 841 560 740 116 159 378 391 528 670 450 711 58 339 540 658 523 749 845 877 649 346 359 898 98 707 547 70 209 
388 747 781 837 492 130 326 349 906 157 76 306 816 0 865 46 643 229 335 735 46 560 406 946 644 102 289 370 637 596 645 843 309 62 605 918 101 520 401 51 944 659 336 131 519 627 773 767 845 322 690 889 863 638 336 415 574 872 368 705 
585 503 750 303 883 629 287 865 595 924 224 95 553 865 0 512 727 585 619 424 659 674 801 607 627 379 715 25 82 186 38 137 290 499 315 898 164 621 850 493 554 165 497 301 416 750 721 724 325 48 867 107 165 389 420 263 818 977 637 82 
686 83 736 162 590 294 61 91 362 793 226 819 404 46 512 0 571 925 291 25 15 206 295 8 968 778 364 592 91 430 487 33 857 328 891 288 580 823 397 186 379 979 262 308 379 162 330 684 441 278 734 439 563 739 9 336 433 73 313 993 
583 294 270 965 753 985 505 426 821 967 130 61 952 643 727 571 0 451 143 946 627 560 348 307 483 259 232 180 397 535 790 93 560 698 452 510 480 30 706 627 231 836 111 394 602 867 779 869 764 286 381 188 536 428 640 895 584 440 668 662 
855 27 970 784 281 821 749 613 150 868 715 431 626 229 585 925 451 0 903 90 321 587 884 872 456 630 943 621 438 842 586 253 172 98 154 526 463 115 214 243 199 87 908 691 491 276 184 954 494 305 199 719 311 451 734 270 169 923 37 876 
687 472 858 39 536 809 111 80 637 400 759 679 187 335 619 291 143 903 0 614 512 777 238 593 81 206 871 192 35 72 616 789 754 97 578 629 530 472 179 568 452 462 135 314 490 108 579 620 58 36 994 672 287 425 271 69 163 101 645 297 
669 314 75 356 434 837 266 464 623 24 59 396 178 735 424 25 946 90 614 0 534 144 957 185 718 998 628 162 809 629 895 705 447 340 887 754 488 195 363 81 213 874 257 406 567 887 688 370 648 355 226 778 591 379 134 379 963 100 512 739 
967 442 385 32 485 683 53 468 138 890 874 405 514 46 659 15 627 321 512 534 0 407 991 183 838 618 901 294 430 69 290 274 228 508 649 737 309 758 175 98 367 492 547 702 468 791 745 664 929 515 963 532 790 983 56 433 643 339 233 792 
321 206 358 724 20 414 610 196 963 88 164 719 162 560 674 206 560 587 777 144 407 0 292 569 906 800 699 560 972 893 892 308 45 436 738 437 931 783 764 740 701 925 684 217 521 647 867 983 533 348 377 881 47 633 836 76 970 408 370 430 
905 424 984 489 971 943 490 431 633 517 740 496 857 406 801 295 348 884 238 957 991 292 0 801 294 190 489 528 279 553 113 837 612 407 840 261 849 250 786 353 233 988 30 172 628 86 801 720 881 431 431 192 434 392 820 168 147 661 375 810 
351 23 146 161 615 375 352 187 617 789 172 341 732 946 607 8 307 872 593 185 183 569 801 0 485 209 31 596 609 380 271 361 836 506 415 708 192 688 500 592 747 699 361 73 790 734 833 616 152 295 658 348 15 260 78 820 462 599 412 135 
516 717 378 953 396 749 128 406 822 50 965 17 416 644 627 968 483 456 81 718 838 906 294 485 0 430 365 616 224 64 724 602 152 876 509 714 326 302 519 808 512 913 516 483 403 281 333 777 614 189 445 574 450 899 180 211 878 57 60 54 
204 714 174 435 333 666 494 792 7 758 379 839 804 102 379 778 259 630 206 998 618 800 190 209 430 0 668 534 17 225 241 953 310 996 574 415 968 494 449 165 125 184 863 492 172 648 468 478 50 521 76 730 906 580 472 244 790 18 463 764 
705 857 621 376 774 316 515 572 370 433 403 586 886 289 715 364 232 943 871 628 901 699 489 31 365 668 0 418 396 837 275 221 850 22 589 714 512 327 869 744 42 459 968 409 467 345 512 317 665 983 395 646 751 495 301 409 112 111 395 784 
948 182 166 76 552 186 155 746 828 59 275 543 625 370 25 592 180 621 192 162 294 560 528 596 616 534 418 0 811 845 276 483 834 332 665 697 954 824 154 412 296 742 257 972 800 428 173 190 70 731 280 551 822 22 716 201 500 639 134 970 
119 226 365 614 348 206 173 258 419 569 434 701 557 637 82 91 397 438 35 809 430 972 279 609 224 17 396 811 0 448 604 272 487 999 104 987 29 172 234 787 427 669 139 142 859 352 320 434 116 473 368 394 26 108 719 672 325 179 595 876 
420 658 680 424 250 375 741 197 659 189 25 428 346 596 186 430 535 842 72 629 69 893 553 380 64 225 837 845 448 0 849 149 482 304 441 759 270 424 502 517 664 711 791 37 524 499 829 115 132 331 17 527 521 950 782 890 507 367 536 867 
490 299 420 573 615 617 582 477 232 496 588 75 425 645 38 487 790 586 616 895 290 892 113 271 724 241 275 276 604 849 0 190 2 77 559 663 206 447 929 762 723 655 366 253 466 668 144 174 267 796 563 914 856 927 393 246 752 85 315 616 
818 315 772 847 736 360 431 773 651 159 498 446 244 843 137 33 93 253 789 705 274 308 837 361 602 953 221 483 272 149 190 0 936 779 327 704 821 24 123 674 401 596 592 238 108 4 136 626 161 354 221 699 991 187 92 245 553 328 158 765 
355 860 662 856 805 217 192 32 920 213 261 331 841 309 290 857 560 172 754 447 228 45 612 836 152 310 850 834 487 482 2 936 0 266 578 842 837 278 468 84 493 834 223 866 420 278 231 315 800 244 832 686 644 609 638 553 844 940 799 204 
817 972 467 90 631 737 772 746 818 343 440 787 560 62 499 328 698 98 97 340 508 436 407 506 876 996 22 332 999 304 77 779 266 0 339 935 475 920 220 507 949 636 888 823 259 446 45 86 403 386 411 714 685 620 61 409 254 871 565 415 
139 303 888 269 854 235 748 319 843 699 314 379 740 605 315 891 452 154 578 887 649 738 840 415 509 574 589 665 104 441 559 327 578 339 0 164 483 835 367 803 383 678 571 969 906 999 849 532 237 199 447 923 151 174 348 321 686 564 6 786 
408 685 562 649 808 215 126 643 897 798 426 1 116 918 898 288 510 526 629 754 737 437 261 708 714 415 714 697 987 759 663 704 842 935 164 0 334 429 639 653 91 575 603 103 529 654 683 139 874 764 941 321 983 828 854 604 327 710 578 564 
210 143 327 436 721 252 31 11 154 114 564 670 159 101 164 580 480 463 530 488 309 931 849 192 326 968 512 954 29 270 206 821 837 475 483 334 0 590 184 610 194 599 349 345 505 465 514 930 464 309 293 857 375 236 505 394 381 885 704 540 
259 840 366 718 447 948 638 728 543 599 607 733 378 520 621 823 30 115 472 195 758 783 250 688 302 494 327 824 172 424 447 24 278 920 835 429 590 0 533 794 728 479 787 664 620 580 707 397 471 86 427 217 583 702 279 667 351 483 896 399 
142 161 252 697 429 925 22 411 7 63 537 416 391 401 850 397 706 214 179 363 175 764 786 500 519 449 869 154 234 502 929 123 468 220 367 639 184 533 0 558 584 552 360 396 73 626 347 520 484 654 457 732 580 295 563 649 916 243 658 260 
144 823 890 222 251 548 681 231 220 870 211 210 528 51 493 186 627 243 568 81 98 740 353 592 808 165 744 412 787 517 762 674 84 507 803 653 610 794 558 0 745 580 564 392 85 384 833 639 565 688 316 103 523 759 126 38 280 230 270 832 
966 383 587 947 474 319 700 700 986 428 556 904 670 944 554 379 231 199 452 213 367 701 233 747 512 125 42 296 427 664 723 401 493 949 383 91 194 728 584 745 0 704 689 463 270 208 905 651 181 577 881 710 655 29 876 707 325 181 737 273 
538 995 760 285 656 350 272 506 413 166 642 498 450 659 165 979 836 87 462 874 492 925 988 699 913 184 459 742 669 711 655 596 834 636 678 575 599 479 552 580 704 0 513 231 561 374 176 570 605 723 412 125 296 143 186 151 174 668 556 727 
296 660 72 680 926 391 681 324 326 139 875 970 711 336 497 262 111 908 135 257 547 684 30 361 516 863 968 257 139 791 366 592 223 888 571 603 349 787 360 564 689 513 0 601 316 202 707 200 640 872 516 758 580 973 906 564 674 113 647 437 
667 575 462 618 290 508 533 380 926 523 976 471 58 131 301 308 394 691 314 406 702 217 172 73 483 492 409 972 142 37 253 238 866 823 969 103 345 664 396 392 463 231 601 0 689 809 881 813 274 419 358 913 450 671 797 925 912 731 289 833 
668 255 874 763 157 801 899 657 140 775 753 444 339 519 416 379 602 491 490 567 468 521 628 790 403 172 467 800 859 524 466 108 420 259 906 529 505 620 73 85 270 561 316 689 0 536 264 232 711 935 132 47 140 797 5 418 335 611 215 406 
163 821 995 473 757 342 965 61 529 927 422 742 540 627 750 162 867 276 108 887 791 647 86 734 281 648 345 428 352 499 668 4 278 446 999 654 465 580 626 384 208 374 202 809 536 0 186 645 193 39 760 723 528 254 263 56 493 711 238 739 
897 389 604 491 559 74 956 449 813 821 849 986 658 773 721 330 779 184 579 688 745 867 801 833 333 468 512 173 320 829 144 136 231 45 849 683 514 707 347 833 905 176 707 881 264 186 0 312 276 733 843 494 502 283 441 620 514 470 397 842 
375 414 401 351 726 715 426 547 981 747 223 91 523 767 724 684 869 954 620 370 664 983 720 616 777 478 317 190 434 115 174 626 315 86 532 139 930 397 520 639 651 570 200 813 232 645 312 0 627 547 184 130 190 670 838 547 350 512 413 133 
673 363 165 15 585 209 464 413 345 934 593 899 749 845 325 441 764 494 58 648 929 533 881 152 614 50 665 70 116 132 267 161 800 403 237 874 464 471 484 565 181 605 640 274 711 193 276 627 0 764 746 239 879 274 708 591 425 672 796 952 
361 832 563 810 438 768 413 964 352 510 834 661 845 322 48 278 286 305 36 355 515 348 431 295 189 521 983 731 473 331 796 354 244 386 199 764 309 86 654 688 577 723 872 419 935 39 733 547 764 0 381 447 722 4 951 476 444 11 797 865 
145 588 816 41 729 890 598 638 209 359 63 976 877 690 867 734 381 199 994 226 963 377 431 658 445 76 395 280 368 17 563 221 832 411 447 941 293 427 457 316 881 412 516 358 132 760 843 184 746 381 0 383 967 115 296 68 642 257 80 806 
