10 2
0 100 728 205 590 165 543 876 900 706 
100 0 463 349 566 341 575 186 118 714 
728 463 0 958 694 207 58 350 600 287 
205 349 958 0 517 217 517 317 403 524 
590 566 694 517 0 804 805 876 533 508 
165 341 207 217 804 0 75 766 903 735 
543 575 58 517 805 75 0 238 195 827 
876 186 350 317 876 766 238 0 917 714 
900 118 600 403 533 903 195 917 0 104 
706 714 287 524 508 735 827 714 104 0 
0 841 86 56 229 745 124 654 387 306 
841 0 221 810 954 529 608 712 295 474 
86 221 0 700 502 25 15 983 898 51 
56 810 700 0 883 364 567 278 184 349 
229 954 502 883 0 477 122 24 662 658 
745 529 25 364 477 0 553 213 532 600 
124 608 15 567 122 553 0 320 884 8 
654 712 983 278 24 213 320 0 23 599 
387 295 898 184 662 532 884 23 0 792 
306 474 51 349 658 600 8 599 792 0 
0 841 86 56 229 745 124 654 387 306 
841 0 221 810 954 529 608 712 295 474 
86 221 0 700 502 25 15 983 898 51 
56 810 700 0 883 364 567 278 184 349 
229 954 502 883 0 477 122 24 662 658 
745 529 25 364 477 0 553 213 532 600 
124 608 15 567 122 553 0 320 884 8 
654 712 983 278 24 213 320 0 23 599 
387 295 898 184 662 532 884 23 0 792 
306 474 51 349 658 600 8 599 792 0 
