20 4
0 73 210 990 346 883 441 81 758 547 110 911 96 831 147 156 657 379 607 8 
73 0 245 902 607 625 111 746 545 255 126 193 361 69 495 536 476 926 327 623 
210 245 0 345 317 755 754 797 116 905 285 434 668 903 169 415 596 14 921 857 
990 902 345 0 508 414 815 319 615 790 544 842 752 683 886 486 60 169 860 92 
346 607 317 508 0 394 408 518 558 747 405 828 197 14 858 997 336 749 501 812 
883 625 755 414 394 0 325 896 948 698 51 659 972 67 780 706 800 631 886 680 
441 111 754 815 408 325 0 671 724 543 363 459 706 300 275 388 362 572 668 536 
81 746 797 319 518 896 671 0 491 386 397 893 558 709 615 713 235 152 702 204 
758 545 116 615 558 948 724 491 0 254 848 53 934 706 1 624 555 952 447 235 
547 255 905 790 747 698 543 386 254 0 369 764 292 906 285 22 239 945 805 840 
110 126 285 544 405 51 363 397 848 369 0 617 948 150 329 816 71 395 934 374 
911 193 434 842 828 659 459 893 53 764 617 0 981 433 352 61 594 248 399 782 
96 361 668 752 197 972 706 558 934 292 948 981 0 57 750 85 602 578 84 469 
831 69 903 683 14 67 300 709 706 906 150 433 57 0 282 614 276 719 743 741 
147 495 169 886 858 780 275 615 1 285 329 352 750 282 0 706 682 906 712 423 
156 536 415 486 997 706 388 713 624 22 816 61 85 614 706 0 456 454 584 899 
657 476 596 60 336 800 362 235 555 239 71 594 602 276 682 456 0 924 193 249 
379 926 14 169 749 631 572 152 952 945 395 248 578 719 906 454 924 0 512 359 
607 327 921 860 501 886 668 702 447 805 934 399 84 743 712 584 193 512 0 80 
8 623 857 92 812 680 536 204 235 840 374 782 469 741 423 899 249 359 80 0 
0 885 85 698 33 178 517 649 664 32 710 480 335 984 663 871 450 741 912 47 
885 0 963 786 334 301 536 49 991 690 192 184 390 503 964 101 159 479 420 309 
85 963 0 71 635 251 144 876 359 836 809 910 757 330 208 160 631 187 834 420 
698 786 71 0 965 774 332 197 613 919 98 275 785 627 79 670 305 671 443 242 
33 334 635 965 0 186 967 784 149 552 456 423 3 463 169 477 479 551 43 934 
178 301 251 774 186 0 395 793 603 87 382 370 573 563 770 640 540 654 757 965 
517 536 144 332 967 395 0 601 363 27 3 361 263 190 26 808 297 300 249 87 
649 49 876 197 784 793 601 0 428 122 9 504 643 720 485 412 531 202 184 439 
664 991 359 613 149 603 363 428 0 474 767 737 589 661 263 798 110 93 760 390 
32 690 836 919 552 87 27 122 474 0 225 58 807 528 495 583 889 106 286 499 
710 192 809 98 456 382 3 9 767 225 0 922 399 995 511 812 719 23 444 296 
480 184 910 275 423 370 361 504 737 58 922 0 5 807 168 404 424 295 880 162 
335 390 757 785 3 573 263 643 589 807 399 5 0 423 113 844 414 936 142 108 
984 503 330 627 463 563 190 720 661 528 995 807 423 0 557 541 817 684 543 543 
663 964 208 79 169 770 26 485 263 495 511 168 113 557 0 959 554 602 707 802 
871 101 160 670 477 640 808 412 798 583 812 404 844 541 959 0 111 594 501 641 
450 159 631 305 479 540 297 531 110 889 719 424 414 817 554 111 0 68 712 197 
741 479 187 671 551 654 300 202 93 106 23 295 936 684 602 594 68 0 529 354 
912 420 834 443 43 757 249 184 760 286 444 880 142 543 707 501 712 529 0 410 
47 309 420 242 934 965 87 439 390 499 296 162 108 543 802 641 197 354 410 0 
0 886 910 75 368 153 342 814 610 407 694 62 776 719 76 299 553 207 893 499 
886 0 248 8 462 571 706 496 644 966 784 661 674 71 293 441 878 105 719 73 
910 248 0 74 355 483 218 347 140 798 267 451 112 779 55 979 296 35 129 992 
75 8 74 0 864 671 288 29 351 361 332 877 161 670 165 500 291 372 926 934 
368 462 355 864 0 563 938 22 27 15 460 709 486 525 712 985 138 746 357 857 
153 571 483 671 563 0 974 300 476 932 195 682 975 219 389 116 232 22 222 40 
342 706 218 288 938 974 0 706 46 98 413 731 624 175 190 15 663 44 289 261 
814 496 347 29 22 300 706 0 297 6 524 496 266 441 638 853 12 689 387 593 
610 644 140 351 27 476 46 297 0 648 694 490 987 366 447 789 632 562 153 536 
407 966 798 361 15 932 98 6 648 0 743 154 820 177 88 966 844 255 755 89 
694 784 267 332 460 195 413 524 694 743 0 640 340 462 327 809 594 866 164 428 
62 661 451 877 709 682 731 496 490 154 640 0 208 880 771 512 414 217 169 600 
776 674 112 161 486 975 624 266 987 820 340 208 0 554 974 300 880 905 238 113 
719 71 779 670 525 219 175 441 366 177 462 880 554 0 934 351 116 527 274 590 
76 293 55 165 712 389 190 638 447 88 327 771 974 934 0 586 1000 708 135 523 
299 441 979 500 985 116 15 853 789 966 809 512 300 351 586 0 411 627 938 499 
553 878 296 291 138 232 663 12 632 844 594 414 880 116 1000 411 0 34 317 741 
207 105 35 372 746 22 44 689 562 255 866 217 905 527 708 627 34 0 994 742 
893 719 129 926 357 222 289 387 153 755 164 169 238 274 135 938 317 994 0 259 
499 73 992 934 857 40 261 593 536 89 428 600 113 590 523 499 741 742 259 0 
0 459 247 866 907 466 763 672 10 587 10 778 89 523 891 185 674 652 355 133 
459 0 639 410 402 860 444 552 141 219 276 270 390 171 950 734 300 453 925 294 
247 639 0 857 796 707 878 844 481 314 354 728 175 998 60 816 68 245 899 925 
866 410 857 0 488 308 579 572 70 85 342 700 425 293 924 981 346 182 753 745 
907 402 796 488 0 549 111 348 546 803 316 142 327 461 661 197 227 592 616 414 
466 860 707 308 549 0 79 649 461 788 299 782 960 993 7 476 534 252 537 836 
763 444 878 579 111 79 0 988 567 694 212 824 37 443 929 861 951 201 110 250 
672 552 844 572 348 649 988 0 857 211 796 823 376 849 67 891 972 132 333 857 
10 141 481 70 546 461 567 857 0 456 855 249 666 596 774 539 823 914 409 735 
587 219 314 85 803 788 694 211 456 0 475 408 707 941 348 625 492 298 473 431 
10 276 354 342 316 299 212 796 855 475 0 477 403 171 452 767 455 962 454 375 
778 270 728 700 142 782 824 823 249 408 477 0 493 19 441 63 763 331 69 91 
89 390 175 425 327 960 37 376 666 707 403 493 0 249 38 618 300 564 807 267 
523 171 998 293 461 993 443 849 596 941 171 19 249 0 317 178 822 668 694 402 
891 950 60 924 661 7 929 67 774 348 452 441 38 317 0 146 498 730 135 911 
185 734 816 981 197 476 861 891 539 625 767 63 618 178 146 0 239 199 747 766 
674 300 68 346 227 534 951 972 823 492 455 763 300 822 498 239 0 339 866 559 
652 453 245 182 592 252 201 132 914 298 962 331 564 668 730 199 339 0 25 80 
355 925 899 753 616 537 110 333 409 473 454 69 807 694 135 747 866 25 0 39 
133 294 925 745 414 836 250 857 735 431 375 91 267 402 911 766 559 80 39 0 
0 805 279 899 306 21 162 6 264 165 408 999 466 491 394 349 914 759 918 197 
805 0 438 528 944 789 450 733 741 400 153 594 528 386 792 421 127 727 743 948 
279 438 0 545 128 86 194 881 792 901 31 676 182 389 656 983 901 780 573 627 
899 528 545 0 152 439 205 183 818 662 400 580 508 740 334 375 741 448 334 556 
306 944 128 152 0 814 333 957 72 682 353 525 724 815 155 756 712 357 639 619 
21 789 86 439 814 0 104 516 469 131 137 102 299 144 62 639 419 618 781 151 
162 450 194 205 333 104 0 658 55 804 206 10 161 271 195 568 639 418 280 102 
6 733 881 183 957 516 658 0 962 732 868 905 712 199 315 491 938 926 24 727 
264 741 792 818 72 469 55 962 0 878 319 686 213 238 416 556 813 405 819 543 
165 400 901 662 682 131 804 732 878 0 778 971 542 82 343 498 483 787 338 860 
408 153 31 400 353 137 206 868 319 778 0 679 138 410 185 630 30 882 684 978 
999 594 676 580 525 102 10 905 686 971 679 0 537 176 837 253 305 87 742 105 
466 528 182 508 724 299 161 712 213 542 138 537 0 708 374 945 475 234 644 110 
491 386 389 740 815 144 271 199 238 82 410 176 708 0 452 178 346 85 529 114 
394 792 656 334 155 62 195 315 416 343 185 837 374 452 0 887 949 697 336 618 
349 421 983 375 756 639 568 491 556 498 630 253 945 178 887 0 227 131 524 980 
914 127 901 741 712 419 639 938 813 483 30 305 475 346 949 227 0 895 937 841 
759 727 780 448 357 618 418 926 405 787 882 87 234 85 697 131 895 0 656 10 
918 743 573 334 639 781 280 24 819 338 684 742 644 529 336 524 937 656 0 979 
197 948 627 556 619 151 102 727 543 860 978 105 110 114 618 980 841 10 979 0 
