6 4
0 774 34 397 940 378 
774 0 654 5 8 425 
34 654 0 177 493 205 
397 5 177 0 420 349 
940 8 493 420 0 958 
378 425 205 349 958 0 
0 714 765 295 338 61 
714 0 576 651 691 45 
765 576 0 600 174 306 
295 651 600 0 303 930 
338 691 174 303 0 834 
61 45 306 930 834 0 
0 58 229 898 545 96 
58 0 278 306 858 282 
229 278 0 599 722 899 
898 306 599 0 521 1000 
545 858 722 521 0 636 
96 282 899 1000 636 0 
0 455 417 69 487 187 
455 0 19 149 473 188 
417 19 0 890 212 605 
69 149 890 0 622 374 
487 473 212 622 0 651 
187 188 605 374 651 0 
0 367 883 23 474 42 
367 0 745 658 654 154 
883 745 0 223 624 626 
23 658 223 0 537 730 
474 654 624 537 0 685 
42 154 626 730 685 0 
