40 4
0 245 317 815 558 51 706 615 555 805 327 574 796 899 294 726 240 558 466 827 470 771 788 579 719 189 536 388 212 374 1000 418 630 160 916 685 156 242 577 628 
245 0 508 408 948 363 558 1 239 934 562 947 952 431 242 245 280 746 647 363 75 104 399 165 488 127 689 571 120 603 47 111 156 88 347 403 548 664 461 721 
317 508 0 325 724 397 934 285 71 399 909 463 483 880 833 510 449 437 242 594 907 90 800 509 622 967 712 852 906 419 703 245 708 474 282 750 579 480 31 437 
815 408 325 0 491 848 292 329 594 84 312 272 970 245 900 296 860 820 740 404 866 735 177 555 152 741 259 860 414 476 338 333 912 422 844 175 601 610 469 39 
558 948 724 491 0 369 948 352 602 743 861 41 26 505 830 402 241 856 84 676 355 369 197 692 162 973 443 365 171 218 479 395 984 722 598 421 496 65 363 580 
51 363 397 848 369 0 981 750 276 712 22 437 769 109 661 677 498 439 559 410 899 833 327 296 499 169 302 789 334 114 319 41 310 312 881 2 16 10 141 774 
706 558 934 292 948 981 0 282 682 584 551 79 447 885 348 173 190 957 687 237 786 494 216 485 553 553 597 251 865 234 479 974 139 810 197 124 353 116 46 520 
615 1 285 329 352 750 282 0 456 193 565 964 751 189 515 567 558 803 943 358 556 376 173 575 207 616 118 135 279 606 153 503 400 222 521 860 368 264 302 942 
555 239 71 594 602 276 682 456 0 512 156 308 49 886 507 581 586 953 269 519 8 45 351 919 321 538 280 483 695 965 517 79 231 13 29 417 242 991 567 390 
805 934 399 84 743 712 584 193 512 0 581 222 116 663 536 314 692 170 690 664 887 134 241 166 50 621 623 118 629 728 954 446 476 645 226 43 1000 363 216 505 
327 562 909 312 861 22 551 565 156 581 0 783 303 459 961 526 840 301 757 304 410 165 1 426 255 279 665 707 156 299 342 104 559 182 572 131 449 644 55 971 
574 947 463 272 41 437 79 964 308 222 783 0 366 903 443 904 24 184 413 429 518 462 849 808 431 903 979 743 14 686 652 920 683 652 652 214 587 246 428 196 
796 952 483 970 26 769 447 751 49 116 303 366 0 805 856 672 548 24 340 591 528 214 91 757 484 705 860 86 864 194 763 893 260 272 183 168 234 141 740 540 
899 431 880 245 505 109 885 189 886 663 459 903 805 0 780 42 620 480 488 307 71 312 884 399 879 707 994 774 314 251 826 161 853 359 784 83 867 70 297 616 
294 242 833 900 830 661 348 515 507 536 961 443 856 780 0 833 430 283 731 705 127 909 51 556 983 626 522 725 278 586 162 850 459 492 714 404 116 741 936 439 
726 245 510 296 402 677 173 567 581 314 526 904 672 42 833 0 972 763 37 375 74 598 567 33 107 179 791 671 341 340 536 149 687 77 22 483 715 359 857 534 
240 280 449 860 241 498 190 558 586 692 840 24 548 620 430 972 0 666 937 711 24 404 833 569 621 166 637 598 630 912 433 677 617 45 138 615 455 505 339 66 
558 746 437 820 856 439 957 803 953 170 301 184 24 480 283 763 666 0 328 558 857 146 778 368 594 633 824 308 691 545 706 855 716 669 348 211 296 140 962 439 
466 647 242 740 84 559 687 943 269 690 757 413 340 488 731 37 937 328 0 136 147 61 972 99 396 471 947 534 571 656 47 8 695 849 154 51 996 409 274 900 
827 363 594 404 676 410 237 358 519 664 304 429 591 307 705 375 711 558 136 0 545 287 769 907 947 574 955 439 848 713 444 925 55 223 957 240 134 481 328 226 
470 75 907 866 355 899 786 556 8 887 410 518 528 71 127 74 24 857 147 545 0 723 514 579 837 881 113 186 271 280 670 964 175 597 793 130 952 156 401 563 
771 104 90 735 369 833 494 376 45 134 165 462 214 312 909 598 404 146 61 287 723 0 776 306 233 51 600 745 230 711 450 687 564 714 737 51 926 792 964 870 
788 399 800 177 197 327 216 173 351 241 1 849 91 884 51 567 833 778 972 769 514 776 0 334 894 660 506 563 290 213 144 158 654 878 300 979 213 613 908 211 
579 165 509 555 692 296 485 575 919 166 426 808 757 399 556 33 569 368 99 907 579 306 334 0 25 239 410 262 243 768 419 841 359 343 663 634 638 666 67 302 
719 488 622 152 162 499 553 207 321 50 255 431 484 879 983 107 621 594 396 947 837 233 894 25 0 449 164 549 187 125 218 846 400 649 649 300 469 351 145 182 
189 127 967 741 973 169 553 616 538 621 279 903 705 707 626 179 166 633 471 574 881 51 660 239 449 0 231 930 820 971 26 447 500 927 555 113 741 35 938 365 
536 689 712 259 443 302 597 118 280 623 665 979 860 994 522 791 637 824 947 955 113 600 506 410 164 231 0 814 229 299 878 684 161 814 516 62 391 70 966 715 
388 571 852 860 365 789 251 135 483 118 707 743 86 774 725 671 598 308 534 439 186 745 563 262 549 930 814 0 505 363 816 306 495 115 601 816 404 100 681 189 
212 120 906 414 171 334 865 279 695 629 156 14 864 314 278 341 630 691 571 848 271 230 290 243 187 820 229 505 0 137 194 614 126 672 321 801 555 818 245 102 
374 603 419 476 218 114 234 606 965 728 299 686 194 251 586 340 912 545 656 713 280 711 213 768 125 971 299 363 137 0 332 462 476 662 706 266 971 149 705 307 
1000 47 703 338 479 319 479 153 517 954 342 652 763 826 162 536 433 706 47 444 670 450 144 419 218 26 878 816 194 332 0 248 244 6 582 567 908 867 352 28 
418 111 245 333 395 41 974 503 79 446 104 920 893 161 850 149 677 855 8 925 964 687 158 841 846 447 684 306 614 462 248 0 300 49 988 669 228 27 825 639 
630 156 708 912 984 310 139 400 231 476 559 683 260 853 459 687 617 716 695 55 175 564 654 359 400 500 161 495 126 476 244 300 0 906 272 136 980 625 540 624 
160 88 474 422 722 312 810 222 13 645 182 652 272 359 492 77 45 669 849 223 597 714 878 343 649 927 814 115 672 662 6 49 906 0 658 127 133 546 981 642 
916 347 282 844 598 881 197 521 29 226 572 652 183 784 714 22 138 348 154 957 793 737 300 663 649 555 516 601 321 706 582 988 272 658 0 614 466 235 946 955 
685 403 750 175 421 2 124 860 417 43 131 214 168 83 404 483 615 211 51 240 130 51 979 634 300 113 62 816 801 266 567 669 136 127 614 0 266 72 505 326 
156 548 579 601 496 16 353 368 242 1000 449 587 234 867 116 715 455 296 996 134 952 926 213 638 469 741 391 404 555 971 908 228 980 133 466 266 0 603 966 44 
242 664 480 610 65 10 116 264 991 363 644 246 141 70 741 359 505 140 409 481 156 792 613 666 351 35 70 100 818 149 867 27 625 546 235 72 603 0 37 650 
577 461 31 469 363 141 46 302 567 216 55 428 740 297 936 857 339 962 274 328 401 964 908 67 145 938 966 681 245 705 352 825 540 981 946 505 966 37 0 36 
628 721 437 39 580 774 520 942 390 505 971 196 540 616 439 534 66 439 900 226 563 870 211 302 182 365 715 189 102 307 28 639 624 642 955 326 44 650 36 0 
0 49 511 185 453 925 319 946 514 430 455 621 715 84 516 752 851 549 335 944 13 202 155 562 556 292 245 650 259 365 910 156 757 76 636 125 923 705 828 384 
49 0 523 734 245 745 475 549 1 566 477 403 494 958 867 115 432 242 85 191 471 499 298 74 38 28 196 193 682 57 788 408 910 259 645 52 433 111 512 714 
511 523 0 816 182 414 177 564 170 842 941 645 305 615 408 475 47 149 174 499 750 433 71 7 448 887 57 698 392 391 555 785 210 239 917 532 679 832 976 172 
185 734 816 0 592 836 213 452 617 123 592 179 721 548 62 86 783 566 945 60 548 867 890 119 614 243 98 483 683 893 414 755 831 417 444 376 880 680 642 408 
453 245 182 592 0 250 827 2 239 949 402 171 222 684 20 823 664 578 341 247 751 16 467 460 308 672 520 978 573 959 943 651 422 144 268 863 424 90 995 821 
925 745 414 836 250 0 179 822 397 984 138 32 195 112 483 959 155 582 583 156 793 240 729 984 470 432 705 279 27 115 433 839 302 350 396 460 785 821 258 35 
319 475 177 213 827 179 0 971 104 351 74 357 980 724 565 643 533 950 290 598 784 938 335 392 15 221 879 842 700 357 435 870 615 800 195 642 931 42 604 825 
946 549 564 452 2 822 971 0 42 84 993 210 907 247 624 570 64 792 821 682 464 860 832 483 260 992 621 27 971 741 417 360 894 541 956 277 479 733 535 87 
514 1 170 617 239 397 104 42 0 996 44 786 490 910 554 511 514 817 540 917 132 69 424 388 879 223 637 513 995 122 567 24 703 331 63 587 754 481 787 999 
430 566 842 123 949 984 351 84 996 0 653 557 340 88 622 449 217 136 850 733 407 60 713 509 209 742 816 450 278 334 300 656 537 313 793 893 786 647 456 360 
455 477 941 592 402 138 74 993 44 653 0 931 916 695 7 356 505 988 629 727 596 103 560 362 900 439 693 779 621 478 728 741 545 190 120 411 44 789 994 46 
621 403 645 179 171 32 357 210 786 557 931 0 131 924 347 653 968 400 835 215 616 200 304 184 819 902 512 17 833 628 412 98 46 489 305 584 353 790 895 230 
715 494 305 721 222 195 980 907 490 340 916 131 0 116 934 827 382 444 692 454 621 705 807 432 82 61 465 444 30 504 136 428 516 55 557 41 790 156 723 221 
84 958 615 548 684 112 724 247 910 88 695 924 116 0 941 546 766 182 990 349 705 695 167 440 484 626 852 834 591 709 37 395 300 919 432 700 677 551 424 587 
516 867 408 62 20 483 565 624 554 622 7 347 934 941 0 374 727 660 862 296 346 567 239 740 880 479 360 669 251 286 161 487 396 613 912 680 981 172 185 453 
752 115 475 86 823 959 643 570 511 449 356 653 827 546 374 0 855 772 573 364 267 319 85 323 125 215 381 885 821 948 438 267 592 56 701 933 728 376 159 129 
851 432 47 783 664 155 533 64 514 217 505 968 382 766 727 855 0 608 470 21 510 564 824 672 753 530 609 156 131 913 626 113 57 213 768 469 927 231 446 476 
549 242 149 566 578 582 950 792 817 136 988 400 444 182 660 772 608 0 96 722 440 936 567 5 953 132 55 952 80 327 806 46 15 646 56 901 651 879 846 483 
335 85 174 945 341 583 290 821 540 850 629 835 692 990 862 573 470 96 0 843 247 853 549 28 773 658 783 178 615 536 680 80 163 357 354 504 738 283 367 504 
944 191 499 60 247 156 598 682 917 733 727 215 454 349 296 364 21 722 843 0 888 681 220 863 901 28 589 548 596 90 790 621 963 35 302 434 845 366 664 502 
13 471 750 548 751 793 784 464 132 407 596 616 621 705 346 267 510 440 247 888 0 195 289 147 488 302 498 492 92 765 996 977 604 600 892 475 229 45 978 29 
202 499 433 867 16 240 938 860 69 60 103 200 705 695 567 319 564 936 853 681 195 0 252 220 321 186 774 767 921 730 933 346 818 775 94 783 656 563 631 988 
155 298 71 890 467 729 335 832 424 713 560 304 807 167 239 85 824 567 549 220 289 252 0 122 805 957 517 716 883 536 491 923 981 347 34 325 66 312 74 789 
562 74 7 119 460 984 392 483 388 509 362 184 432 440 740 323 672 5 28 863 147 220 122 0 463 398 467 764 552 175 871 833 119 58 958 934 24 296 263 43 
556 38 448 614 308 470 15 260 879 209 900 819 82 484 880 125 753 953 773 901 488 321 805 463 0 779 444 442 266 890 812 522 465 716 995 817 626 592 279 297 
292 28 887 243 672 432 221 992 223 742 439 902 61 626 479 215 530 132 658 28 302 186 957 398 779 0 840 516 591 489 525 727 723 962 402 385 175 407 685 626 
245 196 57 98 520 705 879 621 637 816 693 512 465 852 360 381 609 55 783 589 498 774 517 467 444 840 0 508 452 795 714 942 689 69 570 965 883 480 687 240 
650 193 698 483 978 279 842 27 513 450 779 17 444 834 669 885 156 952 178 548 492 767 716 764 442 516 508 0 706 876 919 886 161 83 205 516 786 952 771 927 
259 682 392 683 573 27 700 971 995 278 621 833 30 591 251 821 131 80 615 596 92 921 883 552 266 591 452 706 0 394 759 63 243 50 927 895 466 100 815 9 
365 57 391 893 959 115 357 741 122 334 478 628 504 709 286 948 913 327 536 90 765 730 536 175 890 489 795 876 394 0 119 620 924 530 641 63 314 260 809 672 
910 788 555 414 943 433 435 417 567 300 728 412 136 37 161 438 626 806 680 790 996 933 491 871 812 525 714 919 759 119 0 319 303 243 990 677 116 48 65 167 
156 408 785 755 651 839 870 360 24 656 741 98 428 395 487 267 113 46 80 621 977 346 923 833 522 727 942 886 63 620 319 0 159 859 801 535 570 994 466 249 
757 910 210 831 422 302 615 894 703 537 545 46 516 300 396 592 57 15 163 963 604 818 981 119 465 723 689 161 243 924 303 159 0 277 120 979 934 844 940 613 
76 259 239 417 144 350 800 541 331 313 190 489 55 919 613 56 213 646 357 35 600 775 347 58 716 962 69 83 50 530 243 859 277 0 587 761 424 194 568 98 
636 645 917 444 268 396 195 956 63 793 120 305 557 432 912 701 768 56 354 302 892 94 34 958 995 402 570 205 927 641 990 801 120 587 0 115 507 362 922 387 
125 52 532 376 863 460 642 277 587 893 411 584 41 700 680 933 469 901 504 434 475 783 325 934 817 385 965 516 895 63 677 535 979 761 115 0 959 670 878 80 
923 433 679 880 424 785 931 479 754 786 44 353 790 677 981 728 927 651 738 845 229 656 66 24 626 175 883 786 466 314 116 570 934 424 507 959 0 191 623 405 
705 111 832 680 90 821 42 733 481 647 789 790 156 551 172 376 231 879 283 366 45 563 312 296 592 407 480 952 100 260 48 994 844 194 362 670 191 0 387 525 
828 512 976 642 995 258 604 535 787 456 994 895 723 424 185 159 446 846 367 664 978 631 74 263 279 685 687 771 815 809 65 466 940 568 922 878 623 387 0 917 
384 714 172 408 821 35 825 87 999 360 46 230 221 587 453 129 476 483 504 502 29 988 789 43 297 626 240 927 9 672 167 249 613 98 387 80 405 525 917 0 
0 261 647 349 727 627 498 553 580 509 510 553 315 459 566 946 882 247 516 836 806 387 231 406 720 787 75 841 993 138 222 193 514 605 874 312 240 553 644 751 
261 0 491 421 780 556 543 914 571 456 524 749 380 412 964 331 484 663 860 959 12 878 239 432 992 822 94 306 45 808 8 423 883 775 270 201 947 772 807 56 
647 491 0 983 448 619 160 879 69 619 83 447 734 303 152 804 114 840 424 300 726 483 455 56 722 928 160 78 65 634 128 639 693 58 666 629 120 817 975 175 
349 421 983 0 357 151 759 177 763 577 468 249 816 845 436 3 985 911 819 781 350 720 630 148 75 596 807 839 769 22 381 637 93 411 263 222 678 695 388 700 
727 780 448 357 0 102 689 902 357 593 349 307 717 674 545 562 243 129 558 725 176 760 600 790 342 52 258 410 897 537 971 94 586 607 595 278 465 182 649 498 
627 556 619 151 102 0 245 193 446 339 159 544 191 335 569 103 669 743 597 913 675 250 992 241 593 336 397 714 69 915 430 253 354 517 776 792 189 236 399 974 
498 543 160 759 689 245 0 35 80 939 262 989 901 406 441 93 85 64 231 452 730 783 532 78 743 975 319 302 192 24 550 343 415 942 904 399 517 152 984 251 
553 914 879 177 902 193 35 0 689 787 762 763 525 35 933 574 845 481 618 632 456 932 497 630 886 70 6 247 565 572 161 853 362 770 40 242 90 368 602 695 
580 571 69 763 357 446 80 689 0 285 579 619 235 144 806 26 13 417 637 780 893 155 569 489 600 882 606 417 70 657 542 359 986 851 193 436 928 504 339 950 
509 456 619 577 593 339 939 787 285 0 168 311 768 514 45 800 523 433 109 56 304 457 330 921 272 69 537 333 522 518 742 692 640 804 88 593 736 270 70 606 
510 524 83 468 349 159 262 762 579 168 0 537 462 505 291 849 616 703 739 306 107 490 186 254 310 407 104 369 859 441 739 276 464 666 923 168 823 179 670 961 
553 749 447 249 307 544 989 763 619 311 537 0 731 20 315 448 70 841 114 609 987 725 737 831 985 39 23 569 980 521 773 734 542 972 604 373 17 317 943 32 
315 380 734 816 717 191 901 525 235 768 462 731 0 633 755 734 735 199 285 792 199 797 364 191 433 986 396 567 998 431 56 251 934 353 351 555 758 986 509 613 
459 412 303 845 674 335 406 35 144 514 505 20 633 0 653 104 108 604 964 301 115 642 97 860 626 447 957 799 490 798 494 224 37 174 432 827 884 166 147 195 
566 964 152 436 545 569 441 933 806 45 291 315 755 653 0 52 516 820 310 709 820 154 41 103 139 74 848 667 908 710 18 119 23 618 940 128 988 283 819 106 
946 331 804 3 562 103 93 574 26 800 849 448 734 104 52 0 305 310 159 377 259 461 910 162 903 356 695 359 194 294 929 831 409 43 783 79 416 275 281 983 
882 484 114 985 243 669 85 845 13 523 616 70 735 108 516 305 0 15 992 156 788 812 754 14 91 431 419 727 490 47 710 567 840 177 846 824 475 176 5 595 
247 663 840 911 129 743 64 481 417 433 703 841 199 604 820 310 15 0 818 562 440 860 406 479 713 160 877 698 675 559 190 599 171 515 315 118 705 226 516 424 
516 860 424 819 558 597 231 618 637 109 739 114 285 964 310 159 992 818 0 479 733 728 532 885 245 75 109 557 297 507 48 624 123 635 829 251 844 93 26 934 
836 959 300 781 725 913 452 632 780 56 306 609 792 301 709 377 156 562 479 0 873 676 126 96 787 664 748 193 129 415 393 191 518 129 468 415 302 389 414 268 
806 12 726 350 176 675 730 456 893 304 107 987 199 115 820 259 788 440 733 873 0 131 463 495 931 597 714 60 868 269 580 508 529 695 348 64 709 821 308 546 
387 878 483 720 760 250 783 932 155 457 490 725 797 642 154 461 812 860 728 676 131 0 359 77 532 454 750 666 398 316 771 672 880 450 282 255 114 868 531 758 
231 239 455 630 600 992 532 497 569 330 186 737 364 97 41 910 754 406 532 126 463 359 0 807 975 502 757 341 362 681 333 422 456 853 460 581 73 882 823 274 
406 432 56 148 790 241 78 630 489 921 254 831 191 860 103 162 14 479 885 96 495 77 807 0 708 27 190 281 306 18 215 979 712 878 674 756 576 636 363 187 
720 992 722 75 342 593 743 886 600 272 310 985 433 626 139 903 91 713 245 787 931 532 975 708 0 217 721 474 432 861 421 212 597 808 584 140 260 689 967 125 
787 822 928 596 52 336 975 70 882 69 407 39 986 447 74 356 431 160 75 664 597 454 502 27 217 0 229 98 866 520 550 159 575 351 794 710 155 25 860 982 
75 94 160 807 258 397 319 6 606 537 104 23 396 957 848 695 419 877 109 748 714 750 757 190 721 229 0 461 88 801 27 115 746 369 707 972 506 255 916 664 
841 306 78 839 410 714 302 247 417 333 369 569 567 799 667 359 727 698 557 193 60 666 341 281 474 98 461 0 23 486 476 406 717 399 586 636 336 446 612 789 
993 45 65 769 897 69 192 565 70 522 859 980 998 490 908 194 490 675 297 129 868 398 362 306 432 866 88 23 0 975 573 141 964 1000 31 590 214 438 638 80 
138 808 634 22 537 915 24 572 657 518 441 521 431 798 710 294 47 559 507 415 269 316 681 18 861 520 801 486 975 0 28 367 900 695 216 795 784 235 407 996 
222 8 128 381 971 430 550 161 542 742 739 773 56 494 18 929 710 190 48 393 580 771 333 215 421 550 27 476 573 28 0 749 537 705 692 808 224 949 273 766 
193 423 639 637 94 253 343 853 359 692 276 734 251 224 119 831 567 599 624 191 508 672 422 979 212 159 115 406 141 367 749 0 40 718 484 928 219 221 260 612 
514 883 693 93 586 354 415 362 986 640 464 542 934 37 23 409 840 171 123 518 529 880 456 712 597 575 746 717 964 900 537 40 0 395 660 746 529 19 265 969 
605 775 58 411 607 517 942 770 851 804 666 972 353 174 618 43 177 515 635 129 695 450 853 878 808 351 369 399 1000 695 705 718 395 0 651 26 704 348 687 320 
874 270 666 263 595 776 904 40 193 88 923 604 351 432 940 783 846 315 829 468 348 282 460 674 584 794 707 586 31 216 692 484 660 651 0 521 645 723 580 489 
312 201 629 222 278 792 399 242 436 593 168 373 555 827 128 79 824 118 251 415 64 255 581 756 140 710 972 636 590 795 808 928 746 26 521 0 115 364 920 980 
240 947 120 678 465 189 517 90 928 736 823 17 758 884 988 416 475 705 844 302 709 114 73 576 260 155 506 336 214 784 224 219 529 704 645 115 0 484 109 750 
553 772 817 695 182 236 152 368 504 270 179 317 986 166 283 275 176 226 93 389 821 868 882 636 689 25 255 446 438 235 949 221 19 348 723 364 484 0 454 638 
644 807 975 388 649 399 984 602 339 70 670 943 509 147 819 281 5 516 26 414 308 531 823 363 967 860 916 612 638 407 273 260 265 687 580 920 109 454 0 873 
751 56 175 700 498 974 251 695 950 606 961 32 613 195 106 983 595 424 934 268 546 758 274 187 125 982 664 789 80 996 766 612 969 320 489 980 750 638 873 0 
0 425 877 112 54 885 865 957 595 813 581 32 256 468 45 853 263 817 365 505 88 572 729 177 612 517 115 93 383 401 772 808 714 993 850 176 421 713 313 620 
425 0 829 587 247 810 135 458 330 699 894 759 397 4 227 534 26 967 427 820 303 421 846 406 596 743 71 761 197 514 58 808 427 502 966 35 744 814 788 885 
877 829 0 459 699 152 477 504 3 952 283 717 931 196 918 293 768 414 493 279 571 610 480 345 609 622 230 445 577 156 823 951 229 388 950 347 96 189 789 964 
112 587 459 0 345 213 445 482 717 968 819 825 440 511 46 36 341 244 768 544 86 950 479 891 365 576 914 615 662 765 554 365 93 386 648 421 879 189 271 959 
54 247 699 345 0 581 350 596 485 203 341 944 27 579 14 555 980 295 668 487 928 794 22 50 142 936 649 815 954 808 708 111 324 274 107 564 909 769 56 374 
885 810 152 213 581 0 562 937 364 224 373 815 687 255 435 80 784 915 484 267 995 511 948 289 200 758 623 845 297 457 239 101 421 247 469 748 56 742 843 963 
865 135 477 445 350 562 0 831 141 864 468 881 412 598 763 274 799 626 469 770 51 159 902 89 757 970 231 299 149 931 458 711 733 754 747 964 279 385 407 971 
957 458 504 482 596 937 831 0 691 192 955 964 832 644 540 809 134 863 70 436 967 622 105 644 343 45 625 522 246 258 724 387 424 543 921 272 671 590 70 194 
595 330 3 717 485 364 141 691 0 922 458 225 323 851 889 160 815 157 138 825 33 857 320 930 920 622 838 539 377 477 9 467 733 248 622 726 277 614 583 918 
813 699 952 968 203 224 864 192 922 0 885 392 711 303 436 849 459 445 73 730 946 42 620 216 842 990 289 995 509 353 472 356 126 723 238 991 569 257 345 519 
581 894 283 819 341 373 468 955 458 885 0 179 158 122 278 995 246 471 568 78 988 422 589 924 478 59 639 340 348 671 392 405 439 576 220 445 663 771 370 844 
32 759 717 825 944 815 881 964 225 392 179 0 426 153 82 871 290 333 666 271 240 94 187 358 672 737 628 483 900 748 23 277 715 123 945 418 893 15 46 747 
256 397 931 440 27 687 412 832 323 711 158 426 0 940 404 5 395 105 822 471 176 290 911 292 769 904 912 319 643 82 772 203 87 392 817 797 115 744 392 685 
468 4 196 511 579 255 598 644 851 303 122 153 940 0 96 450 187 60 884 259 753 679 514 968 206 352 396 363 182 331 356 100 774 918 357 649 93 961 905 355 
45 227 918 46 14 435 763 540 889 436 278 82 404 96 0 293 212 173 893 303 564 409 666 803 980 362 728 237 426 2 795 209 551 72 98 453 156 139 110 721 
853 534 293 36 555 80 274 809 160 849 995 871 5 450 293 0 46 849 595 327 295 851 627 961 776 637 234 807 502 985 870 986 494 554 932 106 550 411 169 858 
263 26 768 341 980 784 799 134 815 459 246 290 395 187 212 46 0 9 280 711 472 817 636 508 487 91 192 701 87 807 887 410 78 977 216 206 523 802 326 298 
817 967 414 244 295 915 626 863 157 445 471 333 105 60 173 849 9 0 103 678 450 815 308 93 207 164 245 674 267 874 746 448 660 608 703 207 600 323 384 931 
365 427 493 768 668 484 469 70 138 73 568 666 822 884 893 595 280 103 0 865 245 843 275 478 465 822 196 338 890 111 365 360 623 806 96 903 742 552 309 81 
505 820 279 544 487 267 770 436 825 730 78 271 471 259 303 327 711 678 865 0 735 812 115 886 131 664 432 724 736 843 994 520 558 380 633 817 932 940 738 31 
88 303 571 86 928 995 51 967 33 946 988 240 176 753 564 295 472 450 245 735 0 39 482 235 738 451 721 892 671 925 847 473 768 24 923 598 727 211 43 492 
572 421 610 950 794 511 159 622 857 42 422 94 290 679 409 851 817 815 843 812 39 0 537 40 974 833 475 366 201 34 355 921 103 517 685 826 466 666 491 30 
729 846 480 479 22 948 902 105 320 620 589 187 911 514 666 627 636 308 275 115 482 537 0 245 999 235 119 127 131 782 942 777 578 746 516 227 143 773 225 789 
177 406 345 891 50 289 89 644 930 216 924 358 292 968 803 961 508 93 478 886 235 40 245 0 454 661 707 878 354 342 408 885 398 409 280 275 628 438 769 893 
612 596 609 365 142 200 757 343 920 842 478 672 769 206 980 776 487 207 465 131 738 974 999 454 0 305 933 514 342 801 593 301 149 406 629 43 729 581 224 523 
517 743 622 576 936 758 970 45 622 990 59 737 904 352 362 637 91 164 822 664 451 833 235 661 305 0 909 779 238 961 444 464 33 222 787 953 747 617 459 520 
115 71 230 914 649 623 231 625 838 289 639 628 912 396 728 234 192 245 196 432 721 475 119 707 933 909 0 988 237 811 740 911 34 939 982 824 864 362 815 889 
93 761 445 615 815 845 299 522 539 995 340 483 319 363 237 807 701 674 338 724 892 366 127 878 514 779 988 0 989 735 970 874 643 903 391 192 701 958 24 582 
383 197 577 662 954 297 149 246 377 509 348 900 643 182 426 502 87 267 890 736 671 201 131 354 342 238 237 989 0 296 785 259 545 913 774 48 521 389 555 995 
401 514 156 765 808 457 931 258 477 353 671 748 82 331 2 985 807 874 111 843 925 34 782 342 801 961 811 735 296 0 513 941 288 836 551 230 110 90 650 912 
772 58 823 554 708 239 458 724 9 472 392 23 772 356 795 870 887 746 365 994 847 355 942 408 593 444 740 970 785 513 0 228 162 806 748 764 950 335 137 289 
808 808 951 365 111 101 711 387 467 356 405 277 203 100 209 986 410 448 360 520 473 921 777 885 301 464 911 874 259 941 228 0 907 17 277 656 403 857 707 830 
714 427 229 93 324 421 733 424 733 126 439 715 87 774 551 494 78 660 623 558 768 103 578 398 149 33 34 643 545 288 162 907 0 316 182 38 660 110 739 768 
993 502 388 386 274 247 754 543 248 723 576 123 392 918 72 554 977 608 806 380 24 517 746 409 406 222 939 903 913 836 806 17 316 0 236 985 638 281 791 136 
850 966 950 648 107 469 747 921 622 238 220 945 817 357 98 932 216 703 96 633 923 685 516 280 629 787 982 391 774 551 748 277 182 236 0 221 226 405 608 327 
176 35 347 421 564 748 964 272 726 991 445 418 797 649 453 106 206 207 903 817 598 826 227 275 43 953 824 192 48 230 764 656 38 985 221 0 85 616 86 814 
421 744 96 879 909 56 279 671 277 569 663 893 115 93 156 550 523 600 742 932 727 466 143 628 729 747 864 701 521 110 950 403 660 638 226 85 0 138 48 136 
713 814 189 189 769 742 385 590 614 257 771 15 744 961 139 411 802 323 552 940 211 666 773 438 581 617 362 958 389 90 335 857 110 281 405 616 138 0 206 787 
313 788 789 271 56 843 407 70 583 345 370 46 392 905 110 169 326 384 309 738 43 491 225 769 224 459 815 24 555 650 137 707 739 791 608 86 48 206 0 940 
620 885 964 959 374 963 971 194 918 519 844 747 685 355 721 858 298 931 81 31 492 30 789 893 523 520 889 582 995 912 289 830 768 136 327 814 136 787 940 0 
0 94 238 654 553 404 209 96 509 750 144 208 784 710 129 974 6 585 328 952 467 495 885 22 341 181 654 950 199 351 963 808 488 304 671 973 927 982 277 903 
94 0 114 749 857 480 314 902 954 161 242 70 479 568 796 444 548 611 884 510 589 848 476 645 370 346 153 119 953 354 250 489 658 988 130 323 720 443 185 505 
238 114 0 834 151 474 931 97 487 283 280 567 500 527 875 716 300 759 881 864 651 534 446 159 978 443 156 704 878 625 217 878 653 714 192 535 93 82 266 510 
654 749 834 0 816 334 713 923 593 659 685 172 410 24 390 352 726 688 294 521 39 446 397 855 638 228 137 398 501 101 553 227 20 691 348 358 874 99 750 474 
553 857 151 816 0 785 909 249 133 815 117 807 862 419 706 931 59 435 21 152 531 206 922 748 391 590 474 377 150 851 144 246 7 463 492 538 471 967 568 281 
404 480 474 334 785 0 33 781 312 497 679 750 599 606 908 382 279 926 22 940 854 368 50 564 998 673 335 454 765 123 198 134 948 4 700 811 496 320 520 624 
209 314 931 713 909 33 0 346 433 41 991 687 677 685 442 599 226 842 671 154 101 468 989 451 936 581 624 791 949 429 51 616 551 693 836 872 870 140 762 679 
96 902 97 923 249 781 346 0 403 333 229 319 604 628 514 136 154 146 923 278 642 689 601 36 154 836 298 341 586 85 219 943 472 782 838 116 681 790 756 949 
509 954 487 593 133 312 433 403 0 191 992 281 425 395 451 900 781 41 106 578 346 787 965 609 621 318 315 340 95 593 484 758 727 18 436 133 513 66 761 48 
750 161 283 659 815 497 41 333 191 0 723 984 462 270 853 76 171 10 257 208 119 497 258 150 397 859 543 352 220 21 63 600 907 40 682 534 36 522 555 459 
144 242 280 685 117 679 991 229 992 723 0 320 10 236 143 398 240 843 244 454 582 459 65 640 725 658 235 201 588 162 722 350 839 842 207 707 337 755 538 975 
208 70 567 172 807 750 687 319 281 984 320 0 279 965 864 243 287 533 265 821 793 970 824 716 155 798 840 726 308 861 89 974 125 641 238 752 698 294 922 657 
784 479 500 410 862 599 677 604 425 462 10 279 0 790 11 60 596 403 777 653 237 741 367 564 479 258 514 115 774 491 704 477 555 225 744 766 202 21 227 981 
710 568 527 24 419 606 685 628 395 270 236 965 790 0 628 329 477 873 873 228 252 433 591 46 682 337 617 776 429 29 464 980 559 730 108 934 190 85 64 585 
129 796 875 390 706 908 442 514 451 853 143 864 11 628 0 159 28 266 964 976 875 797 495 571 940 678 956 825 673 172 837 247 381 817 362 788 953 57 564 155 
974 444 716 352 931 382 599 136 900 76 398 243 60 329 159 0 256 943 207 711 139 63 528 463 175 833 742 356 524 420 431 48 171 961 405 778 452 844 618 550 
6 548 300 726 59 279 226 154 781 171 240 287 596 477 28 256 0 591 242 137 722 111 740 569 202 17 162 319 862 555 713 876 410 412 134 320 191 732 11 64 
585 611 759 688 435 926 842 146 41 10 843 533 403 873 266 943 591 0 285 677 269 100 980 151 739 859 750 884 403 646 439 584 741 501 581 539 184 280 305 745 
328 884 881 294 21 22 671 923 106 257 244 265 777 873 964 207 242 285 0 627 827 965 360 184 752 134 109 701 13 512 529 608 491 539 991 189 399 141 182 166 
952 510 864 521 152 940 154 278 578 208 454 821 653 228 976 711 137 677 627 0 798 816 523 547 101 78 775 440 447 142 400 148 516 332 810 541 706 457 271 744 
467 589 651 39 531 854 101 642 346 119 582 793 237 252 875 139 722 269 827 798 0 438 277 367 601 512 393 251 326 826 917 255 238 150 698 970 41 813 139 218 
495 848 534 446 206 368 468 689 787 497 459 970 741 433 797 63 111 100 965 816 438 0 921 335 308 430 916 372 902 692 610 796 551 876 93 605 866 702 85 130 
885 476 446 397 922 50 989 601 965 258 65 824 367 591 495 528 740 980 360 523 277 921 0 468 527 645 755 474 568 180 895 967 197 30 547 931 629 281 545 320 
22 645 159 855 748 564 451 36 609 150 640 716 564 46 571 463 569 151 184 547 367 335 468 0 921 261 9 679 956 333 282 593 986 50 198 722 814 895 76 944 
341 370 978 638 391 998 936 154 621 397 725 155 479 682 940 175 202 739 752 101 601 308 527 921 0 469 761 400 315 436 676 517 491 947 901 429 526 973 436 995 
181 346 443 228 590 673 581 836 318 859 658 798 258 337 678 833 17 859 134 78 512 430 645 261 469 0 581 552 782 706 158 281 366 8 498 352 619 150 475 677 
654 153 156 137 474 335 624 298 315 543 235 840 514 617 956 742 162 750 109 775 393 916 755 9 761 581 0 831 726 677 977 753 569 23 480 771 359 316 801 364 
950 119 704 398 377 454 791 341 340 352 201 726 115 776 825 356 319 884 701 440 251 372 474 679 400 552 831 0 194 641 725 686 504 629 422 757 814 71 566 742 
199 953 878 501 150 765 949 586 95 220 588 308 774 429 673 524 862 403 13 447 326 902 568 956 315 782 726 194 0 56 882 319 983 232 604 767 226 310 880 723 
351 354 625 101 851 123 429 85 593 21 162 861 491 29 172 420 555 646 512 142 826 692 180 333 436 706 677 641 56 0 176 450 529 799 692 845 308 65 780 530 
963 250 217 553 144 198 51 219 484 63 722 89 704 464 837 431 713 439 529 400 917 610 895 282 676 158 977 725 882 176 0 280 123 733 459 938 699 672 299 105 
808 489 878 227 246 134 616 943 758 600 350 974 477 980 247 48 876 584 608 148 255 796 967 593 517 281 753 686 319 450 280 0 628 497 460 333 230 899 502 603 
488 658 653 20 7 948 551 472 727 907 839 125 555 559 381 171 410 741 491 516 238 551 197 986 491 366 569 504 983 529 123 628 0 380 374 386 538 824 36 55 
304 988 714 691 463 4 693 782 18 40 842 641 225 730 817 961 412 501 539 332 150 876 30 50 947 8 23 629 232 799 733 497 380 0 603 727 530 30 884 839 
671 130 192 348 492 700 836 838 436 682 207 238 744 108 362 405 134 581 991 810 698 93 547 198 901 498 480 422 604 692 459 460 374 603 0 744 230 306 833 175 
973 323 535 358 538 811 872 116 133 534 707 752 766 934 788 778 320 539 189 541 970 605 931 722 429 352 771 757 767 845 938 333 386 727 744 0 438 290 609 607 
927 720 93 874 471 496 870 681 513 36 337 698 202 190 953 452 191 184 399 706 41 866 629 814 526 619 359 814 226 308 699 230 538 530 230 438 0 402 644 306 
982 443 82 99 967 320 140 790 66 522 755 294 21 85 57 844 732 280 141 457 813 702 281 895 973 150 316 71 310 65 672 899 824 30 306 290 402 0 370 251 
277 185 266 750 568 520 762 756 761 555 538 922 227 64 564 618 11 305 182 271 139 85 545 76 436 475 801 566 880 780 299 502 36 884 833 609 644 370 0 465 
903 505 510 474 281 624 679 949 48 459 975 657 981 585 155 550 64 745 166 744 218 130 320 944 995 677 364 742 723 530 105 603 55 839 175 607 306 251 465 0 
