15 2
0 804 349 316 58 173 524 871 526 86 230 876 883 529 989 
804 0 958 868 517 384 508 963 410 317 500 635 899 882 229 
349 958 0 252 805 900 735 828 699 221 179 715 576 25 124 
316 868 252 0 75 118 827 455 641 494 24 781 722 628 835 
58 517 805 75 0 600 714 60 126 268 56 156 278 364 608 
173 384 900 118 600 0 104 82 327 57 495 125 147 916 363 
524 508 735 827 714 104 0 367 814 492 810 765 952 477 15 
871 963 828 455 60 82 367 0 282 288 10 746 19 296 785 
526 410 699 641 126 327 814 282 0 912 700 229 32 662 567 
86 317 221 494 268 57 492 288 912 0 430 76 247 805 283 
230 500 179 24 56 495 810 10 700 430 0 954 96 864 122 
876 635 715 781 156 125 765 746 229 76 954 0 668 396 213 
883 899 576 722 278 147 952 19 32 247 96 668 0 590 553 
529 882 25 628 364 916 477 296 662 805 864 396 590 0 554 
989 229 124 835 608 363 15 785 567 283 122 213 553 554 0 
0 618 258 515 711 483 933 210 141 321 792 359 773 346 709 
618 0 566 860 760 249 254 736 211 950 726 383 304 637 514 
258 566 0 438 130 390 572 674 376 195 420 615 374 793 390 
515 860 438 0 87 294 698 498 93 408 737 131 580 587 607 
711 760 130 87 0 312 401 731 466 518 817 983 806 647 645 
483 249 390 294 312 0 256 594 434 263 596 898 27 975 63 
933 254 572 698 401 256 0 244 477 825 751 819 804 467 101 
210 736 674 498 731 594 244 0 340 709 432 958 416 903 552 
141 211 376 93 466 434 477 340 0 441 893 610 57 599 389 
321 950 195 408 518 263 825 709 441 0 503 847 30 821 556 
792 726 420 737 817 596 751 432 893 503 0 539 323 545 289 
359 383 615 131 983 898 819 958 610 847 539 0 921 60 924 
773 304 374 580 806 27 804 416 57 30 323 921 0 566 946 
346 637 793 587 647 975 467 903 599 821 545 60 566 0 821 
709 514 390 607 645 63 101 552 389 556 289 924 946 821 0 
0 654 277 586 747 550 886 185 130 157 681 355 789 396 740 
654 0 664 855 865 263 306 586 128 884 582 434 152 774 590 
277 664 0 613 176 297 467 778 404 71 506 544 356 964 152 
586 855 613 0 103 333 757 447 191 550 648 215 409 558 526 
747 865 176 103 0 443 503 642 484 611 751 961 765 838 642 
550 263 297 333 443 0 389 585 447 252 579 920 230 923 79 
886 306 467 757 503 389 0 285 393 700 784 682 927 385 133 
185 586 778 447 642 585 285 0 360 648 457 910 524 994 547 
130 128 404 191 484 447 393 360 0 557 937 624 27 501 471 
157 884 71 550 611 252 700 648 557 0 512 945 51 780 531 
681 582 506 648 751 579 784 457 937 512 0 458 432 574 470 
355 434 544 215 961 920 682 910 624 945 458 0 922 249 860 
789 152 356 409 765 230 927 524 27 51 432 922 0 386 906 
396 774 964 558 838 923 385 994 501 780 574 249 386 0 917 
740 590 152 526 642 79 133 547 471 531 470 860 906 917 0 
