15 3
0 691 813 340 330 211 409 414 473 732 95 116 47 212 363 
691 0 822 549 990 128 503 394 510 272 92 615 56 192 397 
813 822 0 434 902 862 491 842 441 990 210 558 660 213 848 
340 549 434 0 345 464 999 723 111 641 24 948 547 251 369 
330 990 902 345 0 206 685 569 754 166 154 724 255 62 813 
211 128 862 464 206 0 86 712 815 268 569 491 905 998 282 
409 503 491 999 685 86 0 668 408 610 468 149 790 984 321 
414 394 842 723 569 712 668 0 325 81 515 473 747 783 323 
473 510 441 111 754 815 408 325 0 746 315 252 698 110 535 
732 272 990 641 166 268 610 81 746 0 810 52 543 126 906 
95 92 210 24 154 569 468 515 315 810 0 486 386 285 143 
116 615 558 948 724 491 149 473 252 52 486 0 254 544 992 
47 56 660 547 255 905 790 747 698 543 386 254 0 405 138 
212 192 213 251 62 998 984 783 110 126 285 544 405 0 911 
363 397 848 369 813 282 321 323 535 906 143 992 138 911 0 
0 355 447 732 422 773 190 487 580 844 399 169 696 287 670 
355 0 743 762 472 306 24 740 315 213 99 279 852 423 26 
447 743 0 947 762 97 971 269 470 723 557 179 135 429 639 
732 762 947 0 441 875 200 488 899 399 944 881 86 218 205 
422 472 762 441 0 914 247 563 410 800 796 118 308 728 111 
773 306 97 875 914 0 248 434 74 173 864 428 563 586 974 
190 24 971 200 247 248 0 528 831 91 162 184 354 713 920 
487 740 269 488 563 434 528 0 841 778 50 689 486 125 677 
580 315 470 899 410 74 831 841 0 293 983 597 210 534 687 
844 213 723 399 800 173 91 778 293 0 947 979 414 773 684 
399 99 557 944 796 864 162 50 983 947 0 637 695 1000 841 
169 279 179 881 118 428 184 689 597 979 637 0 314 319 495 
696 852 135 86 308 563 354 486 210 414 695 314 0 342 708 
287 423 429 218 728 586 713 125 534 773 1000 319 342 0 400 
670 26 639 205 111 974 920 677 687 684 841 495 708 400 0 
0 442 934 291 534 175 586 466 136 258 33 616 301 295 144 
442 0 584 143 73 109 620 559 999 460 579 705 365 4 816 
934 584 0 272 245 496 446 757 907 390 727 633 118 603 609 
291 143 272 0 899 136 897 37 556 762 886 660 725 234 143 
534 73 245 899 0 864 279 239 528 197 128 974 439 686 333 
175 109 496 136 864 0 639 792 857 241 488 792 549 912 79 
586 620 446 897 279 639 0 451 393 51 553 74 838 711 161 
466 559 757 37 239 792 451 0 336 769 431 259 229 299 8 
136 999 907 556 528 857 393 336 0 721 621 280 212 854 841 
258 460 390 762 197 241 51 769 721 0 233 994 334 280 614 
33 579 727 886 128 488 553 431 621 233 0 947 156 703 940 
616 705 633 660 974 792 74 259 280 994 947 0 341 153 197 
301 365 118 725 439 549 838 229 212 334 156 341 0 763 984 
295 4 603 234 686 912 711 299 854 280 703 153 763 0 476 
144 816 609 143 333 79 161 8 841 614 940 197 984 476 0 
0 179 84 282 197 318 840 242 405 126 368 621 571 504 218 
179 0 512 574 717 469 972 943 698 574 334 626 251 121 332 
84 512 0 437 956 989 803 340 355 452 881 574 743 476 68 
282 574 437 0 880 155 828 328 887 399 110 449 598 965 418 
197 717 956 880 0 839 262 354 127 216 555 590 745 251 41 
318 469 989 155 839 0 438 520 545 849 152 544 814 656 104 
840 972 803 828 262 438 0 168 82 833 321 536 777 768 149 
242 943 340 328 354 520 168 0 421 776 879 302 432 137 964 
405 698 355 887 127 545 82 421 0 91 396 665 906 797 447 
126 574 452 399 216 849 833 776 91 0 25 791 279 810 248 
368 334 881 110 555 152 321 879 396 25 0 113 864 479 496 
621 626 574 449 590 544 536 302 665 791 113 0 691 954 156 
571 251 743 598 745 814 777 432 906 279 864 691 0 162 139 
504 121 476 965 251 656 768 137 797 810 479 954 162 0 683 
218 332 68 418 41 104 149 964 447 248 496 156 139 683 0 
