30 4
0 822 902 999 754 569 790 323 197 326 706 456 668 249 214 79 623 689 60 661 914 582 430 856 241 434 307 866 498 617 
822 0 345 685 815 468 747 535 972 705 388 607 702 359 397 964 179 197 237 348 703 16 972 439 187 895 705 355 792 258 
902 345 0 86 408 515 698 906 706 434 713 322 447 80 356 308 729 472 791 515 864 191 971 957 261 792 375 899 20 349 
999 685 86 0 325 315 543 143 558 265 624 764 805 399 731 222 710 709 927 507 789 245 647 803 124 890 711 786 886 126 
754 815 408 325 0 810 386 992 934 707 22 379 934 825 403 783 796 73 799 536 839 952 446 953 487 520 558 556 613 213 
569 468 515 315 810 0 254 138 292 147 816 926 399 190 775 749 952 491 71 961 726 683 881 170 606 528 136 8 373 636 
790 747 698 543 386 254 0 911 948 495 61 14 84 432 189 500 483 717 957 443 245 442 803 301 466 363 957 887 221 460 
323 535 906 143 992 138 911 0 981 169 85 169 743 896 502 84 970 762 55 856 510 967 200 184 647 451 316 410 771 760 
197 972 706 558 934 292 948 981 0 886 614 749 712 417 302 152 26 389 860 780 296 360 85 24 242 760 707 518 104 574 
326 705 434 265 707 147 495 169 886 0 706 631 584 994 990 229 769 245 303 773 402 618 897 480 740 168 626 528 90 723 
706 388 713 624 22 816 61 85 614 706 0 572 193 331 440 990 447 976 988 770 677 21 910 283 84 256 386 71 735 812 
456 607 322 764 379 926 14 169 749 631 572 0 512 849 747 403 751 956 611 175 173 733 828 763 559 964 8 127 369 390 
668 702 447 805 934 399 84 743 712 584 193 512 0 458 14 818 49 441 379 938 567 445 247 666 687 886 658 74 833 904 
249 359 80 399 825 190 432 896 417 994 331 849 458 0 69 604 116 101 132 318 581 757 901 643 943 284 998 24 494 452 
214 397 356 731 403 775 189 502 302 990 440 747 14 69 0 977 303 899 364 306 314 527 279 862 269 135 472 857 376 399 
79 964 308 222 783 749 500 84 152 229 990 403 818 604 977 0 366 431 595 755 526 240 963 569 690 900 273 147 45 937 
623 179 729 710 796 952 483 970 26 769 447 751 49 116 303 366 0 880 87 109 904 280 262 930 757 827 580 545 134 762 
689 197 472 709 73 491 717 762 389 245 976 956 441 101 899 431 880 0 102 7 672 449 248 680 413 363 34 831 165 788 
60 237 791 927 799 71 957 55 860 303 988 611 379 132 364 595 87 102 0 469 42 860 180 395 340 594 136 93 462 399 
661 348 515 507 536 961 443 856 780 773 770 175 938 318 306 755 109 7 469 0 833 241 639 494 488 404 690 393 214 800 
914 703 864 789 839 726 245 510 296 402 677 173 567 581 314 526 904 672 42 833 0 498 54 895 731 676 405 114 312 177 
582 16 191 245 952 683 442 967 360 618 21 733 445 757 527 240 280 449 860 241 498 0 438 525 37 410 315 82 909 197 
430 972 971 647 446 881 803 200 85 897 910 828 247 901 279 963 262 248 180 639 54 438 0 943 937 237 903 841 598 327 
856 439 957 803 953 170 301 184 24 480 283 763 666 643 862 569 930 680 395 494 895 525 943 0 328 358 999 192 404 216 
241 187 261 124 487 606 466 647 242 740 84 559 687 943 269 690 757 413 340 488 731 37 937 328 0 519 975 336 146 173 
434 895 792 890 520 528 363 451 760 168 256 964 886 284 135 900 827 363 594 404 676 410 237 358 519 0 698 474 61 351 
307 705 375 711 558 136 957 316 707 626 386 8 658 998 472 273 580 34 136 690 405 315 903 999 975 698 0 421 287 241 
866 355 899 786 556 8 887 410 518 528 71 127 74 24 857 147 545 831 93 393 114 82 841 192 336 474 421 0 723 1 
498 792 20 886 613 373 221 771 104 90 735 369 833 494 376 45 134 165 462 214 312 909 598 404 146 61 287 723 0 849 
617 258 349 126 213 636 460 760 574 723 812 390 904 452 399 937 762 788 399 800 177 197 327 216 173 351 241 1 849 0 
0 903 156 446 29 264 145 637 10 624 967 219 656 931 243 498 15 464 593 674 640 782 707 695 803 188 984 508 217 19 
903 0 278 161 183 246 458 25 585 995 987 144 262 101 220 833 64 164 727 105 740 409 125 558 990 357 863 598 311 322 
156 278 0 855 138 359 677 729 271 878 213 589 169 734 870 804 527 684 660 169 319 127 858 908 699 133 353 824 487 221 
446 161 855 0 793 481 665 976 897 823 6 720 661 587 68 791 85 621 499 821 865 653 804 178 749 12 89 122 385 704 
29 183 138 793 0 666 556 717 789 642 399 849 170 551 553 87 209 142 431 830 300 544 264 303 799 104 653 64 719 18 
264 246 359 481 666 0 966 889 814 910 403 758 806 500 914 916 594 807 71 483 593 706 744 458 31 141 48 365 436 387 
145 458 677 665 556 966 0 457 437 253 144 828 190 375 430 350 199 313 289 201 160 292 49 76 427 373 292 456 143 972 
637 25 729 976 717 889 457 0 296 381 570 177 195 11 631 843 9 836 600 754 931 594 120 176 988 500 692 161 465 747 
10 585 271 897 789 814 437 296 0 305 798 82 624 640 68 906 526 135 105 546 133 227 572 732 991 74 648 113 506 223 
624 995 878 823 642 910 253 381 305 0 314 486 263 476 950 818 61 336 99 960 827 512 565 924 655 305 524 123 864 28 
967 987 213 6 399 403 144 570 798 314 0 807 774 476 510 105 656 627 543 102 350 428 63 890 112 34 436 968 806 782 
219 144 589 720 849 758 828 177 82 486 807 0 811 667 138 727 520 712 402 26 901 468 676 622 555 627 724 35 992 742 
656 262 169 661 170 806 190 195 624 263 774 811 0 853 712 553 912 866 245 229 141 97 754 1000 487 375 888 270 77 238 
931 101 734 587 551 500 375 11 640 476 476 667 853 0 675 671 355 947 586 690 375 332 173 925 60 76 282 339 37 861 
243 220 870 68 553 914 430 631 68 950 510 138 712 675 0 182 119 501 499 179 113 813 549 850 354 667 482 497 535 455 
498 833 804 791 87 916 350 843 906 818 105 727 553 671 182 0 541 45 980 433 896 936 458 285 695 280 914 578 218 581 
15 64 527 85 209 594 199 9 526 61 656 520 912 355 119 541 0 580 769 856 444 733 575 792 243 373 406 84 714 94 
464 164 684 621 142 807 313 836 135 336 627 712 866 947 501 45 580 0 354 195 990 333 680 273 930 491 60 192 498 544 
593 727 660 499 431 71 289 600 105 99 543 402 245 586 499 980 769 354 0 766 7 265 177 248 227 281 60 88 895 83 
674 105 169 821 830 483 201 754 546 960 102 26 229 690 179 433 856 195 766 0 710 605 923 556 297 89 36 321 387 280 
640 740 319 865 300 593 160 931 133 827 350 901 141 375 113 896 444 990 7 710 0 811 357 858 202 787 363 576 135 427 
782 409 127 653 544 706 292 594 227 512 428 468 97 332 813 936 733 333 265 605 811 0 822 242 195 415 646 525 225 402 
707 125 858 804 264 744 49 120 572 565 63 676 754 173 549 458 575 680 177 923 357 822 0 275 520 71 438 611 722 341 
695 558 908 178 303 458 76 176 732 924 890 622 1000 925 850 285 792 273 248 556 858 242 275 0 580 930 843 643 928 941 
803 990 699 749 799 31 427 988 991 655 112 555 487 60 354 695 243 930 227 297 202 195 520 580 0 950 560 859 287 220 
188 357 133 12 104 141 373 500 74 305 34 627 375 76 667 280 373 491 281 89 787 415 71 930 950 0 681 4 579 262 
984 863 353 89 653 48 292 692 648 524 436 724 888 282 482 914 406 60 60 36 363 646 438 843 560 681 0 695 678 991 
508 598 824 122 64 365 456 161 113 123 968 35 270 339 497 578 84 192 88 321 576 525 611 643 859 4 695 0 918 754 
217 311 487 385 719 436 143 465 506 864 806 992 77 37 535 218 714 498 895 387 135 225 722 928 287 579 678 918 0 44 
19 322 221 704 18 387 972 747 223 28 782 742 238 861 455 581 94 544 83 280 427 402 341 941 220 262 991 754 44 0 
0 903 156 446 29 264 145 637 10 624 967 219 656 931 243 498 15 464 593 674 640 782 707 695 803 188 984 508 217 19 
903 0 278 161 183 246 458 25 585 995 987 144 262 101 220 833 64 164 727 105 740 409 125 558 990 357 863 598 311 322 
156 278 0 855 138 359 677 729 271 878 213 589 169 734 870 804 527 684 660 169 319 127 858 908 699 133 353 824 487 221 
446 161 855 0 793 481 665 976 897 823 6 720 661 587 68 791 85 621 499 821 865 653 804 178 749 12 89 122 385 704 
29 183 138 793 0 666 556 717 789 642 399 849 170 551 553 87 209 142 431 830 300 544 264 303 799 104 653 64 719 18 
264 246 359 481 666 0 966 889 814 910 403 758 806 500 914 916 594 807 71 483 593 706 744 458 31 141 48 365 436 387 
145 458 677 665 556 966 0 457 437 253 144 828 190 375 430 350 199 313 289 201 160 292 49 76 427 373 292 456 143 972 
637 25 729 976 717 889 457 0 296 381 570 177 195 11 631 843 9 836 600 754 931 594 120 176 988 500 692 161 465 747 
10 585 271 897 789 814 437 296 0 305 798 82 624 640 68 906 526 135 105 546 133 227 572 732 991 74 648 113 506 223 
624 995 878 823 642 910 253 381 305 0 314 486 263 476 950 818 61 336 99 960 827 512 565 924 655 305 524 123 864 28 
967 987 213 6 399 403 144 570 798 314 0 807 774 476 510 105 656 627 543 102 350 428 63 890 112 34 436 968 806 782 
219 144 589 720 849 758 828 177 82 486 807 0 811 667 138 727 520 712 402 26 901 468 676 622 555 627 724 35 992 742 
656 262 169 661 170 806 190 195 624 263 774 811 0 853 712 553 912 866 245 229 141 97 754 1000 487 375 888 270 77 238 
931 101 734 587 551 500 375 11 640 476 476 667 853 0 675 671 355 947 586 690 375 332 173 925 60 76 282 339 37 861 
243 220 870 68 553 914 430 631 68 950 510 138 712 675 0 182 119 501 499 179 113 813 549 850 354 667 482 497 535 455 
498 833 804 791 87 916 350 843 906 818 105 727 553 671 182 0 541 45 980 433 896 936 458 285 695 280 914 578 218 581 
15 64 527 85 209 594 199 9 526 61 656 520 912 355 119 541 0 580 769 856 444 733 575 792 243 373 406 84 714 94 
464 164 684 621 142 807 313 836 135 336 627 712 866 947 501 45 580 0 354 195 990 333 680 273 930 491 60 192 498 544 
593 727 660 499 431 71 289 600 105 99 543 402 245 586 499 980 769 354 0 766 7 265 177 248 227 281 60 88 895 83 
674 105 169 821 830 483 201 754 546 960 102 26 229 690 179 433 856 195 766 0 710 605 923 556 297 89 36 321 387 280 
640 740 319 865 300 593 160 931 133 827 350 901 141 375 113 896 444 990 7 710 0 811 357 858 202 787 363 576 135 427 
782 409 127 653 544 706 292 594 227 512 428 468 97 332 813 936 733 333 265 605 811 0 822 242 195 415 646 525 225 402 
707 125 858 804 264 744 49 120 572 565 63 676 754 173 549 458 575 680 177 923 357 822 0 275 520 71 438 611 722 341 
695 558 908 178 303 458 76 176 732 924 890 622 1000 925 850 285 792 273 248 556 858 242 275 0 580 930 843 643 928 941 
803 990 699 749 799 31 427 988 991 655 112 555 487 60 354 695 243 930 227 297 202 195 520 580 0 950 560 859 287 220 
188 357 133 12 104 141 373 500 74 305 34 627 375 76 667 280 373 491 281 89 787 415 71 930 950 0 681 4 579 262 
984 863 353 89 653 48 292 692 648 524 436 724 888 282 482 914 406 60 60 36 363 646 438 843 560 681 0 695 678 991 
508 598 824 122 64 365 456 161 113 123 968 35 270 339 497 578 84 192 88 321 576 525 611 643 859 4 695 0 918 754 
217 311 487 385 719 436 143 465 506 864 806 992 77 37 535 218 714 498 895 387 135 225 722 928 287 579 678 918 0 44 
19 322 221 704 18 387 972 747 223 28 782 742 238 861 455 581 94 544 83 280 427 402 341 941 220 262 991 754 44 0 
0 903 156 446 29 264 145 637 10 624 967 219 656 931 243 498 15 464 593 674 640 782 707 695 803 188 984 508 217 19 
903 0 278 161 183 246 458 25 585 995 987 144 262 101 220 833 64 164 727 105 740 409 125 558 990 357 863 598 311 322 
156 278 0 855 138 359 677 729 271 878 213 589 169 734 870 804 527 684 660 169 319 127 858 908 699 133 353 824 487 221 
446 161 855 0 793 481 665 976 897 823 6 720 661 587 68 791 85 621 499 821 865 653 804 178 749 12 89 122 385 704 
29 183 138 793 0 666 556 717 789 642 399 849 170 551 553 87 209 142 431 830 300 544 264 303 799 104 653 64 719 18 
264 246 359 481 666 0 966 889 814 910 403 758 806 500 914 916 594 807 71 483 593 706 744 458 31 141 48 365 436 387 
145 458 677 665 556 966 0 457 437 253 144 828 190 375 430 350 199 313 289 201 160 292 49 76 427 373 292 456 143 972 
637 25 729 976 717 889 457 0 296 381 570 177 195 11 631 843 9 836 600 754 931 594 120 176 988 500 692 161 465 747 
10 585 271 897 789 814 437 296 0 305 798 82 624 640 68 906 526 135 105 546 133 227 572 732 991 74 648 113 506 223 
624 995 878 823 642 910 253 381 305 0 314 486 263 476 950 818 61 336 99 960 827 512 565 924 655 305 524 123 864 28 
967 987 213 6 399 403 144 570 798 314 0 807 774 476 510 105 656 627 543 102 350 428 63 890 112 34 436 968 806 782 
219 144 589 720 849 758 828 177 82 486 807 0 811 667 138 727 520 712 402 26 901 468 676 622 555 627 724 35 992 742 
656 262 169 661 170 806 190 195 624 263 774 811 0 853 712 553 912 866 245 229 141 97 754 1000 487 375 888 270 77 238 
931 101 734 587 551 500 375 11 640 476 476 667 853 0 675 671 355 947 586 690 375 332 173 925 60 76 282 339 37 861 
243 220 870 68 553 914 430 631 68 950 510 138 712 675 0 182 119 501 499 179 113 813 549 850 354 667 482 497 535 455 
498 833 804 791 87 916 350 843 906 818 105 727 553 671 182 0 541 45 980 433 896 936 458 285 695 280 914 578 218 581 
15 64 527 85 209 594 199 9 526 61 656 520 912 355 119 541 0 580 769 856 444 733 575 792 243 373 406 84 714 94 
464 164 684 621 142 807 313 836 135 336 627 712 866 947 501 45 580 0 354 195 990 333 680 273 930 491 60 192 498 544 
593 727 660 499 431 71 289 600 105 99 543 402 245 586 499 980 769 354 0 766 7 265 177 248 227 281 60 88 895 83 
674 105 169 821 830 483 201 754 546 960 102 26 229 690 179 433 856 195 766 0 710 605 923 556 297 89 36 321 387 280 
640 740 319 865 300 593 160 931 133 827 350 901 141 375 113 896 444 990 7 710 0 811 357 858 202 787 363 576 135 427 
782 409 127 653 544 706 292 594 227 512 428 468 97 332 813 936 733 333 265 605 811 0 822 242 195 415 646 525 225 402 
707 125 858 804 264 744 49 120 572 565 63 676 754 173 549 458 575 680 177 923 357 822 0 275 520 71 438 611 722 341 
695 558 908 178 303 458 76 176 732 924 890 622 1000 925 850 285 792 273 248 556 858 242 275 0 580 930 843 643 928 941 
803 990 699 749 799 31 427 988 991 655 112 555 487 60 354 695 243 930 227 297 202 195 520 580 0 950 560 859 287 220 
188 357 133 12 104 141 373 500 74 305 34 627 375 76 667 280 373 491 281 89 787 415 71 930 950 0 681 4 579 262 
984 863 353 89 653 48 292 692 648 524 436 724 888 282 482 914 406 60 60 36 363 646 438 843 560 681 0 695 678 991 
508 598 824 122 64 365 456 161 113 123 968 35 270 339 497 578 84 192 88 321 576 525 611 643 859 4 695 0 918 754 
217 311 487 385 719 436 143 465 506 864 806 992 77 37 535 218 714 498 895 387 135 225 722 928 287 579 678 918 0 44 
19 322 221 704 18 387 972 747 223 28 782 742 238 861 455 581 94 544 83 280 427 402 341 941 220 262 991 754 44 0 
0 903 156 446 29 264 145 637 10 624 967 219 656 931 243 498 15 464 593 674 640 782 707 695 803 188 984 508 217 19 
903 0 278 161 183 246 458 25 585 995 987 144 262 101 220 833 64 164 727 105 740 409 125 558 990 357 863 598 311 322 
156 278 0 855 138 359 677 729 271 878 213 589 169 734 870 804 527 684 660 169 319 127 858 908 699 133 353 824 487 221 
446 161 855 0 793 481 665 976 897 823 6 720 661 587 68 791 85 621 499 821 865 653 804 178 749 12 89 122 385 704 
29 183 138 793 0 666 556 717 789 642 399 849 170 551 553 87 209 142 431 830 300 544 264 303 799 104 653 64 719 18 
264 246 359 481 666 0 966 889 814 910 403 758 806 500 914 916 594 807 71 483 593 706 744 458 31 141 48 365 436 387 
145 458 677 665 556 966 0 457 437 253 144 828 190 375 430 350 199 313 289 201 160 292 49 76 427 373 292 456 143 972 
637 25 729 976 717 889 457 0 296 381 570 177 195 11 631 843 9 836 600 754 931 594 120 176 988 500 692 161 465 747 
10 585 271 897 789 814 437 296 0 305 798 82 624 640 68 906 526 135 105 546 133 227 572 732 991 74 648 113 506 223 
624 995 878 823 642 910 253 381 305 0 314 486 263 476 950 818 61 336 99 960 827 512 565 924 655 305 524 123 864 28 
967 987 213 6 399 403 144 570 798 314 0 807 774 476 510 105 656 627 543 102 350 428 63 890 112 34 436 968 806 782 
219 144 589 720 849 758 828 177 82 486 807 0 811 667 138 727 520 712 402 26 901 468 676 622 555 627 724 35 992 742 
656 262 169 661 170 806 190 195 624 263 774 811 0 853 712 553 912 866 245 229 141 97 754 1000 487 375 888 270 77 238 
931 101 734 587 551 500 375 11 640 476 476 667 853 0 675 671 355 947 586 690 375 332 173 925 60 76 282 339 37 861 
243 220 870 68 553 914 430 631 68 950 510 138 712 675 0 182 119 501 499 179 113 813 549 850 354 667 482 497 535 455 
498 833 804 791 87 916 350 843 906 818 105 727 553 671 182 0 541 45 980 433 896 936 458 285 695 280 914 578 218 581 
15 64 527 85 209 594 199 9 526 61 656 520 912 355 119 541 0 580 769 856 444 733 575 792 243 373 406 84 714 94 
464 164 684 621 142 807 313 836 135 336 627 712 866 947 501 45 580 0 354 195 990 333 680 273 930 491 60 192 498 544 
593 727 660 499 431 71 289 600 105 99 543 402 245 586 499 980 769 354 0 766 7 265 177 248 227 281 60 88 895 83 
674 105 169 821 830 483 201 754 546 960 102 26 229 690 179 433 856 195 766 0 710 605 923 556 297 89 36 321 387 280 
640 740 319 865 300 593 160 931 133 827 350 901 141 375 113 896 444 990 7 710 0 811 357 858 202 787 363 576 135 427 
782 409 127 653 544 706 292 594 227 512 428 468 97 332 813 936 733 333 265 605 811 0 822 242 195 415 646 525 225 402 
707 125 858 804 264 744 49 120 572 565 63 676 754 173 549 458 575 680 177 923 357 822 0 275 520 71 438 611 722 341 
695 558 908 178 303 458 76 176 732 924 890 622 1000 925 850 285 792 273 248 556 858 242 275 0 580 930 843 643 928 941 
803 990 699 749 799 31 427 988 991 655 112 555 487 60 354 695 243 930 227 297 202 195 520 580 0 950 560 859 287 220 
188 357 133 12 104 141 373 500 74 305 34 627 375 76 667 280 373 491 281 89 787 415 71 930 950 0 681 4 579 262 
984 863 353 89 653 48 292 692 648 524 436 724 888 282 482 914 406 60 60 36 363 646 438 843 560 681 0 695 678 991 
508 598 824 122 64 365 456 161 113 123 968 35 270 339 497 578 84 192 88 321 576 525 611 643 859 4 695 0 918 754 
217 311 487 385 719 436 143 465 506 864 806 992 77 37 535 218 714 498 895 387 135 225 722 928 287 579 678 918 0 44 
19 322 221 704 18 387 972 747 223 28 782 742 238 861 455 581 94 544 83 280 427 402 341 941 220 262 991 754 44 0 
