30 4
0 822 902 999 754 569 790 323 197 326 706 456 668 249 214 79 623 689 60 661 914 582 430 856 241 434 307 866 498 617 
822 0 345 685 815 468 747 535 972 705 388 607 702 359 397 964 179 197 237 348 703 16 972 439 187 895 705 355 792 258 
902 345 0 86 408 515 698 906 706 434 713 322 447 80 356 308 729 472 791 515 864 191 971 957 261 792 375 899 20 349 
999 685 86 0 325 315 543 143 558 265 624 764 805 399 731 222 710 709 927 507 789 245 647 803 124 890 711 786 886 126 
754 815 408 325 0 810 386 992 934 707 22 379 934 825 403 783 796 73 799 536 839 952 446 953 487 520 558 556 613 213 
569 468 515 315 810 0 254 138 292 147 816 926 399 190 775 749 952 491 71 961 726 683 881 170 606 528 136 8 373 636 
790 747 698 543 386 254 0 911 948 495 61 14 84 432 189 500 483 717 957 443 245 442 803 301 466 363 957 887 221 460 
323 535 906 143 992 138 911 0 981 169 85 169 743 896 502 84 970 762 55 856 510 967 200 184 647 451 316 410 771 760 
197 972 706 558 934 292 948 981 0 886 614 749 712 417 302 152 26 389 860 780 296 360 85 24 242 760 707 518 104 574 
326 705 434 265 707 147 495 169 886 0 706 631 584 994 990 229 769 245 303 773 402 618 897 480 740 168 626 528 90 723 
706 388 713 624 22 816 61 85 614 706 0 572 193 331 440 990 447 976 988 770 677 21 910 283 84 256 386 71 735 812 
456 607 322 764 379 926 14 169 749 631 572 0 512 849 747 403 751 956 611 175 173 733 828 763 559 964 8 127 369 390 
668 702 447 805 934 399 84 743 712 584 193 512 0 458 14 818 49 441 379 938 567 445 247 666 687 886 658 74 833 904 
249 359 80 399 825 190 432 896 417 994 331 849 458 0 69 604 116 101 132 318 581 757 901 643 943 284 998 24 494 452 
214 397 356 731 403 775 189 502 302 990 440 747 14 69 0 977 303 899 364 306 314 527 279 862 269 135 472 857 376 399 
79 964 308 222 783 749 500 84 152 229 990 403 818 604 977 0 366 431 595 755 526 240 963 569 690 900 273 147 45 937 
623 179 729 710 796 952 483 970 26 769 447 751 49 116 303 366 0 880 87 109 904 280 262 930 757 827 580 545 134 762 
689 197 472 709 73 491 717 762 389 245 976 956 441 101 899 431 880 0 102 7 672 449 248 680 413 363 34 831 165 788 
60 237 791 927 799 71 957 55 860 303 988 611 379 132 364 595 87 102 0 469 42 860 180 395 340 594 136 93 462 399 
661 348 515 507 536 961 443 856 780 773 770 175 938 318 306 755 109 7 469 0 833 241 639 494 488 404 690 393 214 800 
914 703 864 789 839 726 245 510 296 402 677 173 567 581 314 526 904 672 42 833 0 498 54 895 731 676 405 114 312 177 
582 16 191 245 952 683 442 967 360 618 21 733 445 757 527 240 280 449 860 241 498 0 438 525 37 410 315 82 909 197 
430 972 971 647 446 881 803 200 85 897 910 828 247 901 279 963 262 248 180 639 54 438 0 943 937 237 903 841 598 327 
856 439 957 803 953 170 301 184 24 480 283 763 666 643 862 569 930 680 395 494 895 525 943 0 328 358 999 192 404 216 
241 187 261 124 487 606 466 647 242 740 84 559 687 943 269 690 757 413 340 488 731 37 937 328 0 519 975 336 146 173 
434 895 792 890 520 528 363 451 760 168 256 964 886 284 135 900 827 363 594 404 676 410 237 358 519 0 698 474 61 351 
307 705 375 711 558 136 957 316 707 626 386 8 658 998 472 273 580 34 136 690 405 315 903 999 975 698 0 421 287 241 
866 355 899 786 556 8 887 410 518 528 71 127 74 24 857 147 545 831 93 393 114 82 841 192 336 474 421 0 723 1 
498 792 20 886 613 373 221 771 104 90 735 369 833 494 376 45 134 165 462 214 312 909 598 404 146 61 287 723 0 849 
617 258 349 126 213 636 460 760 574 723 812 390 904 452 399 937 762 788 399 800 177 197 327 216 173 351 241 1 849 0 
0 870 263 450 695 19 622 583 600 125 505 123 627 227 571 77 354 416 772 791 397 627 558 405 820 930 906 106 531 477 
870 0 178 865 983 677 930 544 320 258 872 589 740 471 779 75 947 578 947 548 250 353 129 518 161 782 830 607 960 119 
263 178 0 689 659 943 933 632 880 230 627 746 633 26 923 261 452 738 381 326 90 909 542 811 286 302 233 922 498 281 
450 865 689 0 576 290 824 271 636 649 735 983 192 122 517 969 949 332 929 874 716 962 833 464 620 890 853 521 547 265 
695 983 659 576 0 916 341 255 277 606 68 863 795 763 742 171 528 26 136 387 831 435 62 236 806 829 915 201 907 25 
19 677 943 290 916 0 429 545 980 396 883 787 656 833 144 325 437 460 685 495 72 274 692 157 674 377 142 339 336 721 
622 930 933 824 341 429 0 805 722 419 222 259 133 127 93 279 163 272 746 429 312 386 688 327 64 247 857 983 741 188 
583 544 632 271 255 545 805 0 201 757 823 517 244 700 202 341 787 150 657 937 455 950 953 964 793 51 396 333 264 465 
600 320 880 636 277 980 722 201 0 799 293 755 424 194 458 510 68 852 657 358 553 89 919 917 140 83 112 597 454 334 
125 258 230 649 606 396 419 757 799 0 56 243 417 377 134 615 473 600 249 966 927 382 914 181 440 995 862 814 872 514 
505 872 627 735 68 883 222 823 293 56 0 292 130 195 212 262 77 221 799 780 66 622 6 553 6 230 379 384 246 312 
123 589 746 983 863 787 259 517 755 243 292 0 709 935 429 181 937 528 887 459 553 701 276 797 977 269 972 843 100 737 
627 740 633 192 795 656 133 244 424 417 130 709 0 502 304 35 353 139 749 945 18 681 215 587 289 52 29 413 941 635 
227 471 26 122 763 833 127 700 194 377 195 935 502 0 875 381 310 536 529 423 189 93 267 196 719 426 426 740 806 203 
571 779 923 517 742 144 93 202 458 134 212 429 304 875 0 662 644 919 705 142 396 922 4 818 169 307 854 240 252 37 
77 75 261 969 171 325 279 341 510 615 262 181 35 381 662 0 689 531 287 449 361 457 933 168 36 759 819 521 592 598 
354 947 452 949 528 437 163 787 68 473 77 937 353 310 644 689 0 56 384 463 683 918 108 172 607 956 311 804 595 949 
416 578 738 332 26 460 272 150 852 600 221 528 139 536 919 531 56 0 763 395 967 999 589 743 451 132 300 763 861 454 
772 947 381 929 136 685 746 657 657 249 799 887 749 529 705 287 384 763 0 671 791 192 22 356 113 322 882 726 907 744 
791 548 326 874 387 495 429 937 358 966 780 459 945 423 142 449 463 395 671 0 570 349 189 316 530 435 90 743 603 981 
397 250 90 716 831 72 312 455 553 927 66 553 18 189 396 361 683 967 791 570 0 49 524 749 429 538 123 396 966 435 
627 353 909 962 435 274 386 950 89 382 622 701 681 93 922 457 918 999 192 349 49 0 229 937 279 461 884 883 439 236 
558 129 542 833 62 692 688 953 919 914 6 276 215 267 4 933 108 589 22 189 524 229 0 224 589 140 83 602 925 137 
405 518 811 464 236 157 327 964 917 181 553 797 587 196 818 168 172 743 356 316 749 937 224 0 528 831 280 265 490 107 
820 161 286 620 806 674 64 793 140 440 6 977 289 719 169 36 607 451 113 530 429 279 589 528 0 30 484 244 765 850 
930 782 302 890 829 377 247 51 83 995 230 269 52 426 307 759 956 132 322 435 538 461 140 831 30 0 720 182 402 786 
906 830 233 853 915 142 857 396 112 862 379 972 29 426 854 819 311 300 882 90 123 884 83 280 484 720 0 960 151 616 
106 607 922 521 201 339 983 333 597 814 384 843 413 740 240 521 804 763 726 743 396 883 602 265 244 182 960 0 74 381 
531 960 498 547 907 336 741 264 454 872 246 100 941 806 252 592 595 861 907 603 966 439 925 490 765 402 151 74 0 637 
477 119 281 265 25 721 188 465 334 514 312 737 635 203 37 598 949 454 744 981 435 236 137 107 850 786 616 381 637 0 
0 351 748 441 158 925 481 181 469 959 480 784 301 816 473 935 688 635 28 106 581 486 512 546 165 156 59 797 425 682 
351 0 908 70 52 354 194 480 815 756 127 416 184 555 226 727 109 412 71 820 691 700 932 573 785 290 128 304 230 967 
748 908 0 251 481 89 83 565 194 845 512 432 245 958 192 655 290 262 568 578 859 222 567 170 503 632 990 193 648 806 
441 70 251 0 275 589 194 786 261 377 360 204 783 777 289 87 135 753 84 179 197 60 217 524 391 164 88 761 618 928 
158 52 481 275 0 230 520 652 691 308 922 80 156 61 154 871 380 785 903 394 168 388 951 812 320 137 169 739 147 846 
925 354 89 589 230 0 564 290 41 641 67 237 280 48 894 573 685 505 79 632 935 841 153 794 147 804 796 587 676 161 
481 194 83 194 520 564 0 295 216 503 834 500 816 667 781 633 914 994 321 673 658 786 209 444 886 678 39 146 293 899 
181 480 565 786 652 290 295 0 768 246 266 460 736 38 695 501 186 835 312 81 465 100 106 15 210 961 498 620 672 664 
469 815 194 261 691 41 216 768 0 122 936 197 536 826 504 501 946 239 386 670 485 997 128 68 959 974 929 571 454 687 
959 756 845 377 308 641 503 246 122 0 840 827 664 771 931 284 582 303 629 22 58 561 1 754 530 19 152 199 91 445 
480 127 512 360 922 67 834 266 936 840 0 646 810 740 759 641 821 756 105 279 970 343 892 208 886 789 717 599 760 801 
784 416 432 204 80 237 500 460 197 827 646 0 274 70 669 729 69 576 211 483 539 352 820 228 114 600 208 224 873 253 
301 184 245 783 156 280 816 736 536 664 810 274 0 257 707 951 569 788 288 75 823 377 736 232 594 901 926 541 68 403 
816 555 958 777 61 48 667 38 826 771 740 70 257 0 89 467 653 563 763 493 739 764 635 804 279 656 394 293 56 857 
473 226 192 289 154 894 781 695 504 931 759 669 707 89 0 242 395 287 121 794 753 77 891 148 740 697 151 740 861 932 
935 727 655 87 871 573 633 501 501 284 641 729 951 467 242 0 203 444 676 399 741 638 155 680 808 262 348 524 460 267 
688 109 290 135 380 685 914 186 946 582 821 69 569 653 395 203 0 950 465 634 203 126 825 774 453 70 643 296 502 179 
635 412 262 753 785 505 994 835 239 303 756 576 788 563 287 444 950 0 54 549 22 13 552 280 706 718 842 147 170 527 
28 71 568 84 903 79 321 312 386 629 105 211 288 763 121 676 465 54 0 352 257 865 795 563 957 538 87 293 43 283 
106 820 578 179 394 632 673 81 670 22 279 483 75 493 794 399 634 549 352 0 321 473 829 547 292 600 994 334 242 4 
581 691 859 197 168 935 658 465 485 58 970 539 823 739 753 741 203 22 257 321 0 881 416 298 672 321 809 439 27 695 
486 700 222 60 388 841 786 100 997 561 343 352 377 764 77 638 126 13 865 473 881 0 753 49 699 773 169 81 501 938 
512 932 567 217 951 153 209 106 128 1 892 820 736 635 891 155 825 552 795 829 416 753 0 875 275 869 976 449 131 872 
546 573 170 524 812 794 444 15 68 754 208 228 232 804 148 680 774 280 563 547 298 49 875 0 560 64 830 538 496 941 
165 785 503 391 320 147 886 210 959 530 886 114 594 279 740 808 453 706 957 292 672 699 275 560 0 984 435 628 359 65 
156 290 632 164 137 804 678 961 974 19 789 600 901 656 697 262 70 718 538 600 321 773 869 64 984 0 157 947 548 121 
59 128 990 88 169 796 39 498 929 152 717 208 926 394 151 348 643 842 87 994 809 169 976 830 435 157 0 52 997 367 
797 304 193 761 739 587 146 620 571 199 599 224 541 293 740 524 296 147 293 334 439 81 449 538 628 947 52 0 893 517 
425 230 648 618 147 676 293 672 454 91 760 873 68 56 861 460 502 170 43 242 27 501 131 496 359 548 997 893 0 441 
682 967 806 928 846 161 899 664 687 445 801 253 403 857 932 267 179 527 283 4 695 938 872 941 65 121 367 517 441 0 
0 145 701 662 446 944 330 502 504 800 497 898 321 554 396 820 396 560 317 234 688 406 473 566 174 1 41 847 493 393 
145 0 867 242 155 426 168 514 694 805 236 426 246 485 467 880 25 352 24 521 899 478 720 235 791 227 117 447 132 786 
701 867 0 119 393 280 86 221 91 864 324 284 379 916 119 809 684 342 621 620 681 26 449 16 679 684 723 49 305 748 
662 242 119 0 493 661 205 719 478 376 189 94 953 977 625 92 34 562 98 203 180 66 194 648 307 10 321 307 419 783 
446 155 393 493 0 26 637 814 707 507 887 86 193 433 145 932 428 963 793 710 250 542 972 795 196 157 182 802 282 868 
944 426 280 661 26 0 573 522 80 620 65 253 257 331 999 873 456 377 286 505 949 806 270 899 324 591 941 694 606 139 
330 168 86 205 637 573 0 342 271 513 943 857 648 829 948 892 763 641 431 571 790 485 397 439 852 690 90 171 95 788 
502 514 221 719 814 522 342 0 842 161 331 390 568 322 732 755 181 714 270 86 600 76 236 139 313 967 648 595 785 443 
504 694 91 478 707 80 271 842 0 232 801 112 623 953 452 577 949 219 399 743 487 879 270 194 842 923 885 364 590 582 
800 805 864 376 507 620 513 161 232 0 916 869 648 663 914 458 527 344 749 80 46 603 312 830 479 136 261 112 144 412 
497 236 324 189 887 65 943 331 801 916 0 462 817 846 716 566 899 855 158 28 962 508 829 368 981 731 656 518 634 712 
898 426 284 94 86 253 857 390 112 869 462 0 345 67 659 704 28 399 25 696 360 309 671 56 31 797 104 520 903 163 
321 246 379 953 193 257 648 568 623 648 817 345 0 509 796 858 608 896 438 156 922 236 832 518 743 757 920 531 74 389 
554 485 916 977 433 331 829 322 953 663 846 67 509 0 183 535 784 447 718 588 795 929 798 750 548 694 658 253 96 956 
396 467 119 625 145 999 948 732 452 914 716 659 796 183 0 261 401 229 245 766 596 116 962 140 891 830 49 760 916 947 
820 880 809 92 932 873 892 755 577 458 566 704 858 535 261 0 482 426 730 523 720 825 28 898 894 404 128 491 306 595 
396 25 684 34 428 456 763 181 949 527 899 28 608 784 401 482 0 919 581 571 290 53 720 879 327 95 626 23 482 220 
560 352 342 562 963 377 641 714 219 344 855 399 896 447 229 426 919 0 357 701 16 8 510 288 517 964 899 325 14 332 
317 24 621 98 793 286 431 270 399 749 158 25 438 718 245 730 581 357 0 335 183 825 997 683 829 572 111 197 40 146 
234 521 620 203 710 505 571 86 743 80 28 696 156 588 766 523 571 701 335 0 461 532 841 737 309 653 935 70 562 6 
688 899 681 180 250 949 790 600 487 46 962 360 922 795 596 720 290 16 183 461 0 999 612 303 377 504 873 603 217 540 
406 478 26 66 542 806 485 76 879 603 508 309 236 929 116 825 53 8 825 532 999 0 975 263 801 414 45 249 742 807 
473 720 449 194 972 270 397 236 270 312 829 671 832 798 962 28 720 510 997 841 612 975 0 719 489 699 822 478 135 846 
566 235 16 648 795 899 439 139 194 830 368 56 518 750 140 898 879 288 683 737 303 263 719 0 430 269 700 891 458 921 
174 791 679 307 196 324 852 313 842 479 981 31 743 548 891 894 327 517 829 309 377 801 489 430 0 960 627 682 479 284 
1 227 684 10 157 591 690 967 923 136 731 797 757 694 830 404 95 964 572 653 504 414 699 269 960 0 163 538 540 143 
41 117 723 321 182 941 90 648 885 261 656 104 920 658 49 128 626 899 111 935 873 45 822 700 627 163 0 260 816 583 
847 447 49 307 802 694 171 595 364 112 518 520 531 253 760 491 23 325 197 70 603 249 478 891 682 538 260 0 879 671 
493 132 305 419 282 606 95 785 590 144 634 903 74 96 916 306 482 14 40 562 217 742 135 458 479 540 816 879 0 366 
393 786 748 783 868 139 788 443 582 412 712 163 389 956 947 595 220 332 146 6 540 807 846 921 284 143 583 671 366 0 
0 82 823 503 320 919 322 220 432 738 507 804 462 915 381 988 733 554 268 268 471 726 379 533 160 7 15 953 617 736 
82 0 758 174 33 323 8 319 642 841 163 312 396 634 196 799 57 524 125 566 691 609 884 402 714 118 230 326 93 684 
823 758 0 262 267 6 56 193 247 743 515 456 365 941 51 892 458 255 672 856 884 76 558 267 630 669 703 65 639 675 
503 174 262 0 390 769 134 789 519 364 312 23 938 857 460 154 62 592 144 47 202 174 169 374 261 74 280 378 550 636 
320 33 267 390 0 44 611 773 712 536 761 49 73 393 338 985 442 950 780 575 245 663 917 636 333 161 107 840 121 858 
919 323 6 769 44 0 615 302 64 392 91 120 477 134 759 685 560 595 152 495 884 546 448 923 344 486 965 606 608 238 
322 8 56 134 611 615 0 9 356 484 873 651 868 593 931 611 761 753 271 579 768 641 222 672 747 722 113 48 158 869 
220 319 193 789 773 302 9 0 853 420 205 323 744 306 729 817 460 687 427 107 565 126 196 125 158 764 568 704 668 705 
432 642 247 519 712 64 356 853 0 189 865 360 576 829 532 334 948 246 309 581 445 983 28 271 728 893 801 407 609 782 
738 841 743 364 536 392 484 420 189 0 953 791 564 414 854 361 647 416 681 120 14 728 118 826 531 39 250 236 302 604 
507 163 515 312 761 91 873 205 865 953 0 621 772 908 701 729 915 695 177 172 957 596 938 496 973 817 578 321 743 752 
804 312 456 23 49 120 651 323 360 791 621 0 372 149 551 659 368 671 210 606 420 195 704 230 93 644 70 381 985 236 
462 396 365 938 73 477 868 744 576 564 772 372 0 284 799 986 679 832 244 171 771 413 777 484 585 729 754 449 5 365 
915 634 941 857 393 134 593 306 829 414 908 149 284 0 124 471 748 553 495 677 794 832 610 895 197 474 753 232 48 588 
381 196 51 460 338 759 931 729 532 854 701 551 799 124 0 428 377 193 244 934 418 160 972 96 732 597 207 853 860 989 
988 799 892 154 985 685 611 817 334 361 729 659 986 471 428 0 312 566 771 691 502 534 53 604 814 394 283 468 433 536 
733 57 458 62 442 560 761 460 948 647 915 368 679 748 377 312 0 975 705 630 154 21 936 778 473 103 820 70 517 51 
554 524 255 592 950 595 753 687 246 416 695 671 832 553 193 566 975 0 215 561 131 106 249 294 558 899 701 389 201 551 
268 125 672 144 780 152 271 427 309 681 177 210 244 495 244 771 705 215 0 220 257 863 981 761 898 621 57 298 231 260 
268 566 856 47 575 495 579 107 581 120 172 606 171 677 934 691 630 561 220 0 482 674 855 597 343 587 991 50 388 42 
471 691 884 202 245 884 768 565 445 14 957 420 771 794 418 502 154 131 257 482 0 944 546 317 529 367 904 719 30 827 
726 609 76 174 663 546 641 126 983 728 596 195 413 832 160 534 21 106 863 674 944 0 613 180 707 266 154 225 483 764 
379 884 558 169 917 448 222 196 28 118 938 704 777 610 972 53 936 249 981 855 546 613 0 726 387 933 867 317 240 836 
533 402 267 374 636 923 672 125 271 826 496 230 484 895 96 604 778 294 761 597 317 180 726 0 384 245 631 941 487 919 
160 714 630 261 333 344 747 158 728 531 973 93 585 197 732 814 473 558 898 343 529 707 387 384 0 912 521 643 473 8 
7 118 669 74 161 486 722 764 893 39 817 644 729 474 597 394 103 899 621 587 367 266 933 245 912 0 310 886 586 292 
15 230 703 280 107 965 113 568 801 250 578 70 754 753 207 283 820 701 57 991 904 154 867 631 521 310 0 39 751 487 
953 326 65 378 840 606 48 704 407 236 321 381 449 232 853 468 70 389 298 50 719 225 317 941 643 886 39 0 955 586 
617 93 639 550 121 608 158 668 609 302 743 985 5 48 860 433 517 201 231 388 30 483 240 487 473 586 751 955 0 353 
736 684 675 636 858 238 869 705 782 604 752 236 365 588 989 536 51 551 260 42 827 764 836 919 8 292 487 586 353 0 
