70 2
0 164 601 698 602 898 164 8 950 697 778 500 190 632 267 921 307 635 209 699 2 366 59 262 871 21 146 880 233 838 32 987 762 137 244 428 436 871 999 841 574 216 644 66 661 158 935 88 899 358 532 694 175 724 362 492 985 173 516 433 965 345 381 367 697 644 797 799 574 379 
164 0 164 449 239 163 949 852 77 309 519 950 448 409 760 691 966 621 27 138 127 37 946 279 164 946 233 116 230 867 809 146 558 854 874 990 23 958 32 382 812 379 697 30 311 983 555 322 501 191 178 324 976 711 189 378 909 293 741 883 95 187 525 958 998 632 697 911 859 368 
601 164 0 140 515 177 555 160 198 644 637 390 161 838 342 409 934 655 795 576 38 884 833 363 530 655 470 34 381 125 810 325 904 386 651 742 35 819 230 695 481 429 957 621 115 552 156 836 517 106 394 211 277 539 959 992 1 429 453 289 323 13 46 725 18 921 76 36 820 406 
698 449 140 0 763 982 932 863 621 432 618 567 899 132 656 368 316 476 921 303 833 872 81 555 179 902 921 970 896 421 252 793 738 960 389 388 855 265 899 433 958 702 679 307 457 249 488 124 189 802 44 413 755 954 42 824 329 729 774 944 602 246 411 43 172 395 694 184 83 984 
602 239 515 763 0 378 207 345 288 540 964 133 376 306 422 917 699 850 699 727 396 856 211 349 194 87 1 634 476 259 581 425 620 81 665 949 469 935 710 173 769 624 598 531 930 955 523 825 984 675 787 91 717 874 12 676 551 654 44 859 692 738 476 128 278 437 364 885 725 721 
898 163 177 982 378 0 733 461 414 24 957 116 601 149 914 676 432 52 354 621 919 453 883 895 577 32 592 62 272 992 610 386 797 9 636 935 9 17 985 475 563 598 240 182 377 395 909 503 9 246 269 555 43 227 568 960 100 777 923 804 644 210 910 279 293 653 692 15 580 798 
164 949 555 932 207 733 0 258 763 323 820 56 285 516 925 1 849 29 32 151 216 628 829 634 149 943 178 521 586 882 545 984 240 779 960 629 724 388 551 27 220 868 465 736 699 413 577 140 728 834 878 191 708 754 56 126 38 129 984 527 405 173 652 949 124 90 838 650 294 153 
8 852 160 863 345 461 258 0 556 982 500 319 648 541 118 937 795 791 393 206 431 2 482 475 380 437 848 591 193 101 39 902 254 317 314 813 341 488 149 30 831 112 962 934 327 726 537 701 313 577 475 619 324 609 778 475 456 793 616 656 68 439 720 163 860 746 765 743 152 956 
950 77 198 621 288 414 763 556 0 372 903 329 927 242 622 330 891 321 220 817 169 551 572 381 711 25 811 509 957 368 945 481 978 937 727 750 824 547 232 408 100 707 913 583 166 5 973 999 335 495 279 654 380 714 20 421 658 166 765 459 36 193 376 796 491 181 134 154 584 671 
697 309 644 432 540 24 323 982 372 0 943 854 299 176 149 353 704 360 969 836 761 413 116 801 234 677 830 361 728 662 958 344 605 772 154 444 272 614 38 822 184 620 160 963 547 780 220 656 320 945 101 923 520 217 547 457 828 620 720 744 111 511 295 591 570 541 907 939 451 317 
778 519 637 618 964 957 820 500 903 943 0 81 243 118 219 194 544 894 439 659 18 71 639 484 339 946 179 493 431 80 617 924 398 700 610 977 320 100 663 933 809 981 929 786 332 306 818 21 812 459 843 924 807 343 752 901 446 187 815 225 266 287 836 551 538 119 617 892 871 320 
500 950 390 567 133 116 56 319 329 854 81 0 907 881 673 170 377 7 853 428 537 863 537 75 650 648 353 990 420 335 571 891 910 12 367 316 274 77 415 796 993 736 317 647 862 153 237 373 213 825 742 459 645 534 411 271 147 884 695 905 634 323 12 107 299 566 824 377 377 968 
190 448 161 899 376 601 285 648 927 299 243 907 0 633 566 717 368 257 847 298 647 924 315 181 820 713 296 845 580 875 55 888 619 380 893 411 250 827 517 997 902 566 82 929 383 727 986 778 600 641 48 253 969 448 385 92 150 134 354 417 346 562 326 685 767 693 824 451 722 514 
632 409 838 132 306 149 516 541 242 176 118 881 633 0 606 247 708 531 185 303 37 268 849 858 753 348 868 132 747 700 440 604 407 705 453 962 467 586 960 738 927 555 509 753 733 386 717 456 861 65 971 878 258 547 473 889 76 711 471 572 719 967 741 12 289 894 110 127 466 432 
267 760 342 656 422 914 925 118 622 149 219 673 566 606 0 234 397 465 695 962 611 233 616 58 148 253 835 404 189 66 874 442 464 480 913 28 89 489 498 146 33 659 289 843 739 198 168 184 444 636 768 282 327 193 809 688 306 319 140 212 627 530 281 360 93 544 658 541 241 943 
921 691 409 368 917 676 1 937 330 353 194 170 717 247 234 0 859 68 110 403 984 243 539 410 929 671 518 431 877 829 441 937 94 374 171 401 149 330 287 918 852 555 506 307 264 950 15 316 871 907 336 188 671 250 549 733 799 812 553 265 641 377 453 384 883 364 406 69 822 130 
307 966 934 316 699 432 849 795 891 704 544 377 368 708 397 859 0 536 828 280 156 426 553 398 497 18 624 353 862 63 802 234 576 898 635 269 837 976 607 930 594 964 893 361 18 630 74 60 721 28 891 190 906 393 906 18 849 622 219 152 200 452 147 947 19 448 139 473 753 750 
635 621 655 476 850 52 29 791 321 360 894 7 257 531 465 68 536 0 800 397 248 403 73 398 224 212 663 723 224 776 521 899 966 100 852 220 523 239 34 259 325 573 924 23 470 183 219 77 72 588 771 54 443 171 493 447 374 150 981 404 549 863 372 581 814 636 138 659 866 656 
209 27 795 921 699 354 32 393 220 969 439 853 847 185 695 110 828 800 0 36 255 774 992 914 804 227 909 905 17 496 62 638 764 486 147 795 445 786 900 425 221 9 982 772 755 665 26 108 559 871 6 460 633 18 798 394 875 609 776 476 996 152 560 486 898 62 493 225 15 305 
699 138 576 303 727 621 151 206 817 836 659 428 298 303 962 403 280 397 36 0 156 34 858 808 752 666 817 563 154 593 970 839 384 988 523 45 220 936 138 1000 169 531 343 824 804 260 773 241 243 524 715 562 395 378 820 522 514 79 114 420 448 281 427 801 887 393 82 856 254 101 
2 127 38 833 396 919 216 431 169 761 18 537 647 37 611 984 156 248 255 156 0 95 913 855 764 850 741 681 112 114 462 474 567 946 423 662 521 412 886 499 8 201 864 441 480 111 81 83 854 480 127 342 299 950 262 588 305 228 136 150 733 859 920 399 205 678 462 20 355 311 
366 37 884 872 856 453 628 2 551 413 71 863 924 268 233 243 426 403 774 34 95 0 59 714 225 458 381 503 630 802 446 489 163 403 851 422 75 569 458 939 158 207 286 904 968 867 665 996 46 336 318 171 363 360 84 333 18 940 163 777 89 879 173 718 537 971 560 723 32 187 
59 946 833 81 211 883 829 482 572 116 639 537 315 849 616 539 553 73 992 858 913 59 0 329 42 704 475 176 518 986 500 631 197 236 836 382 795 37 789 206 391 466 862 186 437 15 614 947 644 79 848 168 687 53 693 823 768 563 214 731 950 19 468 363 313 859 180 325 881 728 
262 279 363 555 349 895 634 475 381 801 484 75 181 858 58 410 398 398 914 808 855 714 329 0 545 563 729 789 994 841 110 962 134 424 467 590 457 210 211 310 70 298 177 839 777 507 548 711 521 337 455 549 884 909 641 12 658 639 46 906 449 553 782 904 230 537 626 660 986 292 
871 164 530 179 194 577 149 380 711 234 339 650 820 753 148 929 497 224 804 752 764 225 42 545 0 71 68 422 112 651 813 615 749 366 270 515 399 866 625 361 823 145 579 817 828 208 124 107 582 718 754 203 638 693 336 751 636 515 236 600 240 867 294 59 921 684 676 542 774 541 
21 946 655 902 87 32 943 437 25 677 946 648 713 348 253 671 18 212 227 666 850 458 704 563 71 0 28 627 150 226 401 692 850 850 27 639 8 638 309 138 417 358 851 800 710 802 278 639 900 502 760 477 472 892 990 186 65 227 17 669 536 355 257 736 65 794 958 624 854 892 
146 233 470 921 1 592 178 848 811 830 179 353 296 868 835 518 624 663 909 817 741 381 475 729 68 28 0 593 502 605 106 872 890 592 333 279 27 354 102 849 636 634 613 471 103 187 308 802 888 778 862 864 337 416 686 981 973 174 527 225 517 979 457 94 387 317 68 6 832 74 
880 116 34 970 634 62 521 591 509 361 493 990 845 132 404 431 353 723 905 563 681 503 176 789 422 627 593 0 312 400 921 758 274 499 497 37 507 386 468 558 220 851 120 745 92 511 180 858 611 273 108 256 166 419 803 263 292 819 300 542 336 139 647 395 788 126 582 208 365 584 
233 230 381 896 476 272 586 193 957 728 431 420 580 747 189 877 862 224 17 154 112 630 518 994 112 150 502 312 0 311 495 629 421 534 883 226 398 712 301 383 629 343 408 562 615 116 399 585 932 644 42 280 110 622 800 869 435 186 670 125 216 726 843 712 637 815 237 916 356 188 
838 867 125 421 259 992 882 101 368 662 80 335 875 700 66 829 63 776 496 593 114 802 986 841 651 226 605 400 311 0 267 808 972 212 435 103 834 715 132 891 761 233 459 586 850 156 687 44 154 125 340 337 439 601 110 317 159 711 756 780 61 840 34 499 961 340 933 155 520 624 
32 809 810 252 581 610 545 39 945 958 617 571 55 440 874 441 802 521 62 970 462 446 500 110 813 401 106 921 495 267 0 284 582 613 333 812 290 763 213 919 113 172 367 590 622 699 779 286 579 39 109 545 985 453 843 380 509 405 419 963 82 445 572 927 26 667 846 917 482 463 
987 146 325 793 425 386 984 902 481 344 924 891 888 604 442 937 234 899 638 839 474 489 631 962 615 692 872 758 629 808 284 0 478 232 77 236 147 356 523 405 38 994 752 454 512 262 218 648 566 662 582 634 182 81 703 952 768 433 63 681 799 882 383 637 719 731 877 445 253 495 
762 558 904 738 620 797 240 254 978 605 398 910 619 407 464 94 576 966 764 384 567 163 197 134 749 850 890 274 421 972 582 478 0 606 306 87 158 130 515 679 890 250 462 683 997 358 294 430 216 764 699 577 762 617 18 731 929 274 299 773 94 499 792 442 516 899 223 32 464 952 
137 854 386 960 81 9 779 317 937 772 700 12 380 705 480 374 898 100 486 988 946 403 236 424 366 850 592 499 534 212 613 232 606 0 684 342 95 653 650 955 444 239 677 370 30 586 855 144 594 801 1 543 812 675 364 25 311 690 252 563 318 558 126 549 121 853 346 134 157 933 
244 874 651 389 665 636 960 314 727 154 610 367 893 453 913 171 635 852 147 523 423 851 836 467 270 27 333 497 883 435 333 77 306 684 0 809 207 522 573 168 713 893 405 945 81 933 299 68 888 921 799 88 489 838 191 104 516 594 524 381 488 78 470 689 802 412 151 99 280 321 
428 990 742 388 949 935 629 813 750 444 977 316 411 962 28 401 269 220 795 45 662 422 382 590 515 639 279 37 226 103 812 236 87 342 809 0 299 522 449 935 538 723 568 635 135 624 467 254 215 569 99 314 931 829 724 339 479 20 637 601 211 199 415 401 684 917 577 72 105 584 
436 23 35 855 469 9 724 341 824 272 320 274 250 467 89 149 837 523 445 220 521 75 795 457 399 8 27 507 398 834 290 147 158 95 207 299 0 880 402 612 881 73 848 701 132 754 29 159 800 402 111 872 945 879 280 594 967 454 42 868 641 731 758 799 590 751 604 234 455 238 
871 958 819 265 935 17 388 488 547 614 100 77 827 586 489 330 976 239 786 936 412 569 37 210 866 638 354 386 712 715 763 356 130 653 522 522 880 0 972 99 817 135 99 63 555 738 874 438 753 949 146 606 889 609 584 382 1000 250 632 265 345 562 698 720 508 657 235 707 970 91 
999 32 230 899 710 985 551 149 232 38 663 415 517 960 498 287 607 34 900 138 886 458 789 211 625 309 102 468 301 132 213 523 515 650 573 449 402 972 0 142 991 325 310 60 459 794 392 371 773 143 23 646 436 850 811 844 37 408 592 160 415 135 63 764 971 608 986 448 525 333 
841 382 695 433 173 475 27 30 408 822 933 796 997 738 146 918 930 259 425 1000 499 939 206 310 361 138 849 558 383 891 919 405 679 955 168 935 612 99 142 0 12 704 453 143 315 986 811 251 145 143 536 46 275 764 414 693 751 426 658 703 357 473 462 542 733 952 968 227 477 884 
574 812 481 958 769 563 220 831 100 184 809 993 902 927 33 852 594 325 221 169 8 158 391 70 823 417 636 220 629 761 113 38 890 444 713 538 881 817 991 12 0 91 544 279 363 31 443 502 241 17 930 609 247 205 885 182 675 641 282 458 557 927 666 990 519 627 791 79 73 183 
216 379 429 702 624 598 868 112 707 620 981 736 566 555 659 555 964 573 9 531 201 207 466 298 145 358 634 851 343 233 172 994 250 239 893 723 73 135 325 704 91 0 574 943 875 494 429 846 440 260 496 306 887 448 482 479 29 73 56 780 63 421 723 588 706 270 915 972 868 515 
644 697 957 679 598 240 465 962 913 160 929 317 82 509 289 506 893 924 982 343 864 286 862 177 579 851 613 120 408 459 367 752 462 677 405 568 848 99 310 453 544 574 0 23 436 344 387 478 404 861 990 352 594 692 656 558 810 990 969 248 830 4 360 469 103 144 658 179 190 259 
66 30 621 307 531 182 736 934 583 963 786 647 929 753 843 307 361 23 772 824 441 904 186 839 817 800 471 745 562 586 590 454 683 370 945 635 701 63 60 143 279 943 23 0 356 731 182 419 866 325 633 363 4 82 138 751 465 712 20 986 973 908 251 732 311 964 488 595 410 665 
661 311 115 457 930 377 699 327 166 547 332 862 383 733 739 264 18 470 755 804 480 968 437 777 828 710 103 92 615 850 622 512 997 30 81 135 132 555 459 315 363 875 436 356 0 462 910 860 480 436 476 982 355 502 587 767 596 551 479 1 432 9 572 850 474 447 277 343 479 888 
158 983 552 249 955 395 413 726 5 780 306 153 727 386 198 950 630 183 665 260 111 867 15 507 208 802 187 511 116 156 699 262 358 586 933 624 754 738 794 986 31 494 344 731 462 0 485 782 102 953 153 684 711 940 420 682 654 560 364 194 120 393 783 697 278 799 335 196 516 351 
935 555 156 488 523 909 577 537 973 220 818 237 986 717 168 15 74 219 26 773 81 665 614 548 124 278 308 180 399 687 779 218 294 855 299 467 29 874 392 811 443 429 387 182 910 485 0 292 293 886 176 967 640 530 100 712 449 860 986 279 711 233 289 742 296 585 171 121 290 607 
88 322 836 124 825 503 140 701 999 656 21 373 778 456 184 316 60 77 108 241 83 996 947 711 107 639 802 858 585 44 286 648 430 144 68 254 159 438 371 251 502 846 478 419 860 782 292 0 788 527 804 61 405 945 5 967 715 145 981 18 575 476 223 669 706 156 378 691 923 788 
899 501 517 189 984 9 728 313 335 320 812 213 600 861 444 871 721 72 559 243 854 46 644 521 582 900 888 611 932 154 579 566 216 594 888 215 800 753 773 145 241 440 404 866 480 102 293 788 0 336 320 330 115 332 554 261 633 235 638 430 740 337 479 92 760 505 621 196 123 952 
358 191 106 802 675 246 834 577 495 945 459 825 641 65 636 907 28 588 871 524 480 336 79 337 718 502 778 273 644 125 39 662 764 801 921 569 402 949 143 143 17 260 861 325 436 953 886 527 336 0 949 612 803 450 378 348 970 519 951 714 564 218 273 381 527 278 776 332 892 932 
532 178 394 44 787 269 878 475 279 101 843 742 48 971 768 336 891 771 6 715 127 318 848 455 754 760 862 108 42 340 109 582 699 1 799 99 111 146 23 536 930 496 990 633 476 153 176 804 320 949 0 60 639 598 594 770 883 360 508 983 201 402 317 131 625 347 204 528 413 106 
694 324 211 413 91 555 191 619 654 923 924 459 253 878 282 188 190 54 460 562 342 171 168 549 203 477 864 256 280 337 545 634 577 543 88 314 872 606 646 46 609 306 352 363 982 684 967 61 330 612 60 0 672 137 473 651 616 387 728 406 61 135 681 483 189 768 746 147 230 729 
175 976 277 755 717 43 708 324 380 520 807 645 969 258 327 671 906 443 633 395 299 363 687 884 638 472 337 166 110 439 985 182 762 812 489 931 945 889 436 275 247 887 594 4 355 711 640 405 115 803 639 672 0 349 469 857 569 460 121 321 678 254 404 710 595 673 979 554 346 257 
724 711 539 954 874 227 754 609 714 217 343 534 448 547 193 250 393 171 18 378 950 360 53 909 693 892 416 419 622 601 453 81 617 675 838 829 879 609 850 764 205 448 692 82 502 940 530 945 332 450 598 137 349 0 470 55 925 988 997 331 393 493 713 555 105 252 966 338 561 998 
362 189 959 42 12 568 56 778 20 547 752 411 385 473 809 549 906 493 798 820 262 84 693 641 336 990 686 803 800 110 843 703 18 364 191 724 280 584 811 414 885 482 656 138 587 420 100 5 554 378 594 473 469 470 0 730 89 39 587 309 394 704 520 160 470 613 966 663 436 110 
492 378 992 824 676 960 126 475 421 457 901 271 92 889 688 733 18 447 394 522 588 333 823 12 751 186 981 263 869 317 380 952 731 25 104 339 594 382 844 693 182 479 558 751 767 682 712 967 261 348 770 651 857 55 730 0 158 254 367 152 428 318 905 639 964 619 507 130 995 151 
985 909 1 329 551 100 38 456 658 828 446 147 150 76 306 799 849 374 875 514 305 18 768 658 636 65 973 292 435 159 509 768 929 311 516 479 967 1000 37 751 675 29 810 465 596 654 449 715 633 970 883 616 569 925 89 158 0 577 475 240 263 933 576 445 974 879 546 467 661 68 
173 293 429 729 654 777 129 793 166 620 187 884 134 711 319 812 622 150 609 79 228 940 563 639 515 227 174 819 186 711 405 433 274 690 594 20 454 250 408 426 641 73 990 712 551 560 860 145 235 519 360 387 460 988 39 254 577 0 217 713 46 646 926 351 907 512 462 636 640 50 
516 741 453 774 44 923 984 616 765 720 815 695 354 471 140 553 219 981 776 114 136 163 214 46 236 17 527 300 670 756 419 63 299 252 524 637 42 632 592 658 282 56 969 20 479 364 986 981 638 951 508 728 121 997 587 367 475 217 0 151 987 307 585 575 570 275 220 717 910 322 
433 883 289 944 859 804 527 656 459 744 225 905 417 572 212 265 152 404 476 420 150 777 731 906 600 669 225 542 125 780 963 681 773 563 381 601 868 265 160 703 458 780 248 986 1 194 279 18 430 714 983 406 321 331 309 152 240 713 151 0 725 578 895 910 890 989 118 462 214 330 
965 95 323 602 692 644 405 68 36 111 266 634 346 719 627 641 200 549 996 448 733 89 950 449 240 536 517 336 216 61 82 799 94 318 488 211 641 345 415 357 557 63 830 973 432 120 711 575 740 564 201 61 678 393 394 428 263 46 987 725 0 339 239 732 707 434 919 144 182 597 
345 187 13 246 738 210 173 439 193 511 287 323 562 967 530 377 452 863 152 281 859 879 19 553 867 355 979 139 726 840 445 882 499 558 78 199 731 562 135 473 927 421 4 908 9 393 233 476 337 218 402 135 254 493 704 318 933 646 307 578 339 0 951 537 899 980 19 715 986 666 
381 525 46 411 476 910 652 720 376 295 836 12 326 741 281 453 147 372 560 427 920 173 468 782 294 257 457 647 843 34 572 383 792 126 470 415 758 698 63 462 666 723 360 251 572 783 289 223 479 273 317 681 404 713 520 905 576 926 585 895 239 951 0 747 650 970 386 746 232 146 
367 958 725 43 128 279 949 163 796 591 551 107 685 12 360 384 947 581 486 801 399 718 363 904 59 736 94 395 712 499 927 637 442 549 689 401 799 720 764 542 990 588 469 732 850 697 742 669 92 381 131 483 710 555 160 639 445 351 575 910 732 537 747 0 913 296 164 358 355 711 
697 998 18 172 278 293 124 860 491 570 538 299 767 289 93 883 19 814 898 887 205 537 313 230 921 65 387 788 637 961 26 719 516 121 802 684 590 508 971 733 519 706 103 311 474 278 296 706 760 527 625 189 595 105 470 964 974 907 570 890 707 899 650 913 0 79 597 612 845 869 
644 632 921 395 437 653 90 746 181 541 119 566 693 894 544 364 448 636 62 393 678 971 859 537 684 794 317 126 815 340 667 731 899 853 412 917 751 657 608 952 627 270 144 964 447 799 585 156 505 278 347 768 673 252 613 619 879 512 275 989 434 980 970 296 79 0 700 201 253 42 
797 697 76 694 364 692 838 765 134 907 617 824 824 110 658 406 139 138 493 82 462 560 180 626 676 958 68 582 237 933 846 877 223 346 151 577 604 235 986 968 791 915 658 488 277 335 171 378 621 776 204 746 979 966 966 507 546 462 220 118 919 19 386 164 597 700 0 376 303 265 
799 911 36 184 885 15 650 743 154 939 892 377 451 127 541 69 473 659 225 856 20 723 325 660 542 624 6 208 916 155 917 445 32 134 99 72 234 707 448 227 79 972 179 595 343 196 121 691 196 332 528 147 554 338 663 130 467 636 717 462 144 715 746 358 612 201 376 0 540 487 
574 859 820 83 725 580 294 152 584 451 871 377 722 466 241 822 753 866 15 254 355 32 881 986 774 854 832 365 356 520 482 253 464 157 280 105 455 970 525 477 73 868 190 410 479 516 290 923 123 892 413 230 346 561 436 995 661 640 910 214 182 986 232 355 845 253 303 540 0 776 
379 368 406 984 721 798 153 956 671 317 320 968 514 432 943 130 750 656 305 101 311 187 728 292 541 892 74 584 188 624 463 495 952 933 321 584 238 91 333 884 183 515 259 665 888 351 607 788 952 932 106 729 257 998 110 151 68 50 322 330 597 666 146 711 869 42 265 487 776 0 
0 34 947 11 818 51 520 359 343 67 601 113 564 550 904 773 640 644 852 275 832 853 198 197 855 138 887 703 988 64 719 779 45 266 543 328 939 319 804 155 365 773 943 185 165 981 406 334 626 402 623 316 373 993 775 381 916 118 573 226 626 161 963 887 204 952 644 908 19 199 
34 0 44 302 561 494 956 212 927 923 675 401 270 120 634 204 523 145 789 222 849 25 548 490 166 411 232 632 96 599 400 885 512 554 396 471 591 553 421 584 48 661 165 615 100 233 308 47 646 20 57 945 216 79 845 334 683 473 870 935 141 710 6 310 639 11 260 898 104 460 
947 44 0 171 442 402 173 357 438 399 690 379 206 590 709 72 318 940 394 784 310 786 479 850 705 541 152 970 948 695 88 745 156 229 846 97 380 56 504 445 366 335 116 797 183 85 646 657 82 728 100 423 648 936 743 120 175 581 467 20 739 688 932 491 837 167 171 911 922 384 
11 302 171 0 949 996 928 629 613 311 16 597 958 323 459 754 972 126 976 90 654 283 171 197 857 747 382 505 759 578 962 492 562 396 740 289 714 626 409 949 603 96 652 558 131 838 740 317 51 539 910 692 679 766 180 443 238 286 442 105 476 645 782 253 924 55 799 969 649 588 
818 561 442 949 0 614 760 91 139 180 165 639 697 130 61 742 960 514 830 553 612 409 394 528 423 736 211 577 320 302 712 406 814 117 217 822 121 89 866 957 901 98 831 269 389 301 891 480 398 866 983 285 569 58 45 158 550 345 371 977 538 849 370 259 761 362 1 262 957 876 
51 494 402 996 614 0 137 296 608 951 300 546 553 825 470 498 625 668 355 738 265 384 775 846 427 545 36 745 291 417 134 856 58 896 200 547 405 606 417 674 978 505 143 386 690 53 673 87 828 441 385 400 268 724 736 349 511 319 301 926 298 819 118 370 978 500 328 503 632 675 
520 956 173 928 760 137 0 622 725 469 474 173 215 857 168 377 5 855 876 635 382 934 224 787 414 704 171 380 796 676 686 373 32 115 297 265 857 575 52 589 501 188 802 411 424 468 475 828 401 59 737 734 530 609 344 522 614 114 678 102 952 810 685 952 268 199 399 878 824 368 
359 212 357 629 91 296 622 0 310 653 536 48 618 891 231 885 274 160 956 208 536 548 892 36 590 256 384 241 384 567 721 804 160 415 60 803 124 418 964 8 380 956 165 567 92 422 47 615 249 901 146 760 990 607 801 266 831 599 365 62 309 360 678 55 58 396 164 78 88 122 
343 927 438 613 139 608 725 310 0 74 567 211 927 256 712 425 841 356 714 482 744 239 871 810 867 604 310 796 973 507 956 581 835 362 107 760 793 874 432 811 315 647 364 926 838 73 944 326 73 881 689 550 315 927 248 438 519 730 180 133 889 35 3 959 1000 539 958 567 604 896 
67 923 399 311 180 951 469 653 74 0 293 749 910 559 312 962 241 984 358 973 122 588 28 53 365 676 766 462 661 355 763 1000 408 517 461 845 637 251 988 586 755 47 861 250 274 981 959 952 294 391 379 42 308 968 796 115 364 90 745 483 950 603 465 295 617 371 662 756 257 621 
601 675 690 16 165 300 474 536 567 293 0 391 177 735 88 905 160 649 514 529 381 642 423 17 477 350 535 340 1000 11 246 952 128 211 942 74 593 48 412 386 590 299 844 862 961 604 777 191 798 623 519 997 117 877 404 102 158 635 916 508 969 648 201 181 943 742 985 814 916 93 
113 401 379 597 639 546 173 48 211 749 391 0 111 62 431 85 233 164 144 265 527 685 473 58 529 909 157 816 274 64 593 750 812 245 805 34 658 348 322 620 257 767 378 748 717 156 907 598 664 386 208 12 506 822 152 69 83 97 442 346 648 723 168 94 623 209 881 354 410 862 
564 270 206 958 697 553 215 618 927 910 177 111 0 65 123 60 828 594 528 993 170 898 144 214 139 484 286 280 859 548 487 408 266 782 201 749 790 842 114 849 617 598 7 950 626 758 78 948 943 453 228 415 419 626 659 917 349 862 407 241 456 31 834 351 284 413 166 984 761 319 
550 120 590 323 130 825 857 891 256 559 735 62 65 0 42 62 52 763 743 509 482 336 552 844 391 57 282 265 701 269 842 719 760 677 437 982 840 424 658 664 685 540 461 917 105 646 336 640 11 127 444 987 157 603 919 563 973 876 609 118 510 3 134 435 395 926 706 618 573 909 
904 634 709 459 61 470 168 231 712 312 88 431 123 42 0 985 792 811 111 641 142 148 670 118 100 798 150 310 46 198 459 98 897 338 683 405 483 257 675 244 111 159 779 832 226 444 607 52 371 238 875 959 240 320 935 884 168 281 542 800 593 641 136 575 687 835 214 133 598 769 
773 204 72 754 742 498 377 885 425 962 905 85 60 62 985 0 38 698 411 648 497 215 511 26 352 395 642 92 942 523 503 917 73 97 128 27 213 312 420 177 75 412 38 149 882 405 728 940 224 927 163 974 230 718 174 272 947 904 388 325 988 667 567 858 419 485 275 960 41 110 
640 523 318 972 960 625 5 274 841 241 160 233 828 52 792 38 0 392 351 194 173 982 260 86 117 455 610 48 13 38 310 500 398 198 714 927 760 646 135 215 673 732 46 17 931 980 980 863 930 541 84 417 483 317 978 570 291 775 117 377 403 389 890 655 505 41 138 177 455 150 
644 145 940 126 514 668 855 160 356 984 649 164 594 763 811 698 392 0 787 573 943 831 992 550 613 284 387 155 44 324 25 297 496 635 608 590 485 466 82 250 979 916 508 10 600 884 571 780 657 511 945 71 230 113 411 320 671 68 80 487 49 53 987 56 652 269 967 161 965 469 
852 789 394 976 830 355 876 956 714 358 514 144 528 743 111 411 351 787 0 933 883 702 921 94 507 249 339 393 221 149 951 235 607 873 612 663 956 491 274 45 329 293 189 175 313 817 66 919 467 129 234 354 984 819 984 565 752 755 474 575 22 612 654 299 34 854 49 160 758 874 
275 222 784 90 553 738 635 208 482 973 529 265 993 509 641 648 194 573 933 0 697 749 535 274 245 141 859 261 673 440 86 547 642 155 113 629 336 199 901 180 277 311 281 470 225 514 171 216 111 731 851 559 169 319 496 684 310 73 152 776 65 898 110 178 955 835 724 279 700 267 
832 849 310 654 612 265 382 536 744 122 381 527 170 482 142 497 173 943 883 697 0 670 156 974 742 838 643 533 851 359 719 254 134 726 383 549 497 965 219 374 152 121 695 268 221 790 241 589 425 844 580 791 649 460 315 876 32 777 807 411 585 627 249 200 583 43 537 588 995 628 
853 25 786 283 409 384 934 548 239 588 642 685 898 336 148 215 982 831 702 749 670 0 861 634 818 288 385 407 691 688 904 940 28 380 625 752 838 504 825 538 264 573 642 711 964 385 448 406 109 944 445 357 604 797 348 659 574 567 715 926 812 877 732 866 382 670 26 160 154 795 
198 548 479 171 394 775 224 892 871 28 423 473 144 552 670 511 260 992 921 535 156 861 0 252 639 786 104 857 713 497 348 787 914 969 340 444 750 239 662 256 455 143 748 500 398 707 56 243 914 959 641 519 663 47 402 404 209 320 122 708 896 870 746 442 58 918 77 327 997 699 
197 490 850 197 528 846 787 36 810 53 17 58 214 844 118 26 86 550 94 274 974 634 252 0 52 804 747 627 271 182 245 277 53 382 880 172 295 338 976 377 942 684 321 448 224 217 262 469 214 215 922 860 321 714 315 750 991 758 450 210 24 436 364 604 829 285 611 849 271 942 
855 166 705 857 423 427 414 590 867 365 477 529 139 391 100 352 117 613 507 245 742 818 639 52 0 519 878 143 813 197 81 133 924 123 636 851 975 109 797 296 436 654 872 380 140 278 344 773 394 650 182 495 723 41 159 698 383 301 102 998 149 8 689 863 718 679 716 523 141 268 
138 411 541 747 736 545 704 256 604 676 350 909 484 57 798 395 455 284 249 141 838 288 786 804 519 0 994 596 24 426 125 400 981 87 535 658 140 516 785 361 974 983 778 700 427 169 944 568 379 480 823 623 469 842 955 308 355 267 133 815 151 561 647 545 221 467 20 816 356 721 
887 232 152 382 211 36 171 384 310 766 535 157 286 282 150 642 610 387 339 859 643 385 104 747 878 994 0 307 54 387 252 450 757 838 998 69 841 929 636 199 134 422 471 467 536 231 488 657 281 514 425 543 780 850 312 164 122 775 34 839 807 276 283 493 398 87 638 427 830 271 
703 632 970 505 577 745 380 241 796 462 340 816 280 265 310 92 48 155 393 261 533 407 857 627 143 596 307 0 176 418 622 79 495 163 372 98 275 639 168 684 786 514 689 677 534 220 516 705 231 886 637 720 734 75 242 301 9 133 159 599 372 765 359 169 26 774 890 63 136 903 
988 96 948 759 320 291 796 384 973 661 1000 274 859 701 46 942 13 44 221 673 851 691 713 271 813 24 54 176 0 261 490 121 574 552 436 367 174 235 234 563 823 154 815 740 550 453 822 206 304 499 352 801 864 948 180 371 169 78 528 456 788 26 69 665 354 132 977 468 119 537 
64 599 695 578 302 417 676 567 507 355 11 64 548 269 198 523 38 324 149 440 359 688 497 182 197 426 387 418 261 0 861 67 429 946 158 685 31 563 559 673 777 814 32 731 70 817 245 585 659 247 104 635 694 343 675 30 787 545 99 88 879 657 549 253 988 784 871 475 47 789 
719 400 88 962 712 134 686 721 956 763 246 593 487 842 459 503 310 25 951 86 719 904 348 245 81 125 252 622 490 861 0 946 535 419 440 202 564 861 373 120 592 637 764 813 210 140 447 844 104 427 242 545 898 364 369 359 796 836 76 613 968 892 353 991 865 594 57 410 438 356 
779 885 745 492 406 856 373 804 581 1000 952 750 408 719 98 917 500 297 235 547 254 940 787 277 133 400 450 79 121 67 946 0 349 562 400 609 29 424 172 113 510 176 854 108 159 627 68 916 893 729 764 248 734 366 501 894 694 590 826 26 170 689 897 138 833 647 264 692 785 373 
45 512 156 562 814 58 32 160 835 408 128 812 266 760 897 73 398 496 607 642 134 28 914 53 924 981 757 495 574 429 535 349 0 509 442 784 104 395 683 357 709 348 77 973 468 416 629 945 677 138 954 799 493 739 160 842 561 629 669 566 575 183 242 592 682 707 178 527 734 79 
266 554 229 396 117 896 115 415 362 517 211 245 782 677 338 97 198 635 873 155 726 380 969 382 123 87 838 163 552 946 419 562 509 0 827 682 976 820 479 161 168 144 104 753 925 608 978 811 702 996 23 188 328 915 735 857 596 371 10 351 477 117 712 871 176 437 116 201 203 385 
543 396 846 740 217 200 297 60 107 461 942 805 201 437 683 128 714 608 612 113 383 625 340 880 636 535 998 372 436 158 440 400 442 827 0 145 928 76 401 573 461 457 735 474 842 101 254 257 214 226 955 377 360 402 852 63 319 286 845 974 242 977 978 367 550 479 896 68 137 222 
328 471 97 289 822 547 265 803 760 845 74 34 749 982 405 27 927 590 663 629 549 752 444 172 851 658 69 98 367 685 202 609 784 682 145 0 385 178 800 823 118 15 747 340 490 110 567 774 209 644 385 994 857 111 871 816 751 201 268 537 241 760 651 841 534 440 605 233 48 81 
939 591 380 714 121 405 857 124 793 637 593 658 790 840 483 213 760 485 956 336 497 838 750 295 975 140 841 275 174 31 564 29 104 976 928 385 0 671 453 950 679 90 114 581 907 197 831 984 640 770 92 479 745 833 218 587 4 20 716 397 118 778 748 449 237 299 347 582 677 681 
319 553 56 626 89 606 575 418 874 251 48 348 842 424 257 312 646 466 491 199 965 504 239 338 109 516 929 639 235 563 861 424 395 820 76 178 671 0 82 53 693 975 535 821 171 747 177 490 19 422 857 737 7 438 599 182 320 645 498 830 815 674 123 836 517 755 362 207 886 695 
804 421 504 409 866 417 52 964 432 988 412 322 114 658 675 420 135 82 274 901 219 825 662 976 797 785 636 168 234 559 373 172 683 479 401 800 453 82 0 91 628 708 684 947 474 277 492 937 744 117 295 411 828 380 669 885 672 477 703 690 83 881 951 928 929 127 822 561 78 255 
155 584 445 949 957 674 589 8 811 586 386 620 849 664 244 177 215 250 45 180 374 538 256 377 296 361 199 684 563 673 120 113 357 161 573 823 950 53 91 0 183 254 615 228 733 251 446 199 835 878 495 236 85 970 732 118 484 858 850 952 511 99 63 298 480 88 185 158 20 132 
365 48 366 603 901 978 501 380 315 755 590 257 617 685 111 75 673 979 329 277 152 264 455 942 436 974 134 786 823 777 592 510 709 168 461 118 679 693 628 183 0 657 475 753 564 260 319 354 408 909 493 302 305 451 90 44 623 876 570 939 691 357 355 351 409 387 480 3 202 506 
773 661 335 96 98 505 188 956 647 47 299 767 598 540 159 412 732 916 293 311 121 573 143 684 654 983 422 514 154 814 637 176 348 144 457 15 90 975 708 254 657 0 220 175 442 7 449 429 690 918 104 67 364 592 537 83 874 112 516 949 983 2 703 964 843 323 435 315 349 189 
943 165 116 652 831 143 802 165 364 861 844 378 7 461 779 38 46 508 189 281 695 642 748 321 872 778 471 689 815 32 764 854 77 104 735 747 114 535 684 615 475 220 0 699 290 185 29 436 764 994 572 471 451 673 578 577 46 835 403 769 332 742 814 950 968 213 336 533 964 903 
185 615 797 558 269 386 411 567 926 250 862 748 950 917 832 149 17 10 175 470 268 711 500 448 380 700 467 677 740 731 813 108 973 753 474 340 581 821 947 228 753 175 699 0 188 678 426 175 99 738 881 841 424 194 49 432 504 847 412 269 785 8 294 174 8 178 18 697 634 409 
165 100 183 131 389 690 424 92 838 274 961 717 626 105 226 882 931 600 313 225 221 964 398 224 140 427 536 534 550 70 210 159 468 925 842 490 907 171 474 733 564 442 290 188 0 704 164 391 817 217 924 223 819 926 192 396 994 385 265 27 41 522 783 679 692 68 296 897 558 124 
981 233 85 838 301 53 468 422 73 981 604 156 758 646 444 405 980 884 817 514 790 385 707 217 278 169 231 220 453 817 140 627 416 608 101 110 197 747 277 251 260 7 185 678 704 0 198 196 995 177 426 780 659 191 418 451 88 400 871 884 896 877 666 262 544 242 35 643 648 74 
406 308 646 740 891 673 475 47 944 959 777 907 78 336 607 728 980 571 66 171 241 448 56 262 344 944 488 516 822 245 447 68 629 978 254 567 831 177 492 446 319 449 29 426 164 198 0 217 300 420 328 833 428 943 693 122 781 913 146 401 484 433 258 747 446 156 697 817 507 953 
334 47 657 317 480 87 828 615 326 952 191 598 948 640 52 940 863 780 919 216 589 406 243 469 773 568 657 705 206 585 844 916 945 811 257 774 984 490 937 199 354 429 436 175 391 196 217 0 968 616 70 395 42 781 477 385 415 220 452 546 911 388 818 158 561 839 72 453 500 249 
626 646 82 51 398 828 401 249 73 294 798 664 943 11 371 224 930 657 467 111 425 109 914 214 394 379 281 231 304 659 104 893 677 702 214 209 640 19 744 835 408 690 764 99 817 995 300 968 0 820 819 531 539 900 458 668 270 67 192 551 812 152 621 922 757 842 682 365 107 238 
402 20 728 539 866 441 59 901 881 391 623 386 453 127 238 927 541 511 129 731 844 944 959 215 650 480 514 886 499 247 427 729 138 996 226 644 770 422 117 878 909 918 994 738 217 177 420 616 820 0 591 759 366 449 920 928 371 197 870 832 889 871 382 935 561 154 745 929 311 926 
623 57 100 910 983 385 737 146 689 379 519 208 228 444 875 163 84 945 234 851 580 445 641 922 182 823 425 637 352 104 242 764 954 23 955 385 92 857 295 495 493 104 572 881 924 426 328 70 819 591 0 752 381 394 446 317 822 187 955 199 126 986 553 823 442 234 266 295 493 749 
316 945 423 692 285 400 734 760 550 42 997 12 415 987 959 974 417 71 354 559 791 357 519 860 495 623 543 720 801 635 545 248 799 188 377 994 479 737 411 236 302 67 471 841 223 780 833 395 531 759 752 0 325 645 152 611 611 572 135 595 587 442 283 897 848 89 695 820 525 409 
373 216 648 679 569 268 530 990 315 308 117 506 419 157 240 230 483 230 984 169 649 604 663 321 723 469 780 734 864 694 898 734 493 328 360 857 745 7 828 85 305 364 451 424 819 659 428 42 539 366 381 325 0 72 251 542 789 531 152 989 715 791 971 879 812 304 653 875 176 978 
993 79 936 766 58 724 609 607 927 968 877 822 626 603 320 718 317 113 819 319 460 797 47 714 41 842 850 75 948 343 364 366 739 915 402 111 833 438 380 970 451 592 673 194 926 191 943 781 900 449 394 645 72 0 436 307 569 298 772 226 427 216 510 685 594 192 775 987 181 263 
775 845 743 180 45 736 344 801 248 796 404 152 659 919 935 174 978 411 984 496 315 348 402 315 159 955 312 242 180 675 369 501 160 735 852 871 218 599 669 732 90 537 578 49 192 418 693 477 458 920 446 152 251 436 0 849 725 903 445 616 386 274 351 919 835 687 361 540 219 582 
381 334 120 443 158 349 522 266 438 115 102 69 917 563 884 272 570 320 565 684 876 659 404 750 698 308 164 301 371 30 359 894 842 857 63 816 587 182 885 118 44 83 577 432 396 451 122 385 668 928 317 611 542 307 849 0 497 974 638 115 587 109 460 365 435 702 526 312 859 19 
916 683 175 238 550 511 614 831 519 364 158 83 349 973 168 947 291 671 752 310 32 574 209 991 383 355 122 9 169 787 796 694 561 596 319 751 4 320 672 484 623 874 46 504 994 88 781 415 270 371 822 611 789 569 725 497 0 20 566 841 111 314 434 178 639 666 806 841 846 34 
118 473 581 286 345 319 114 599 730 90 635 97 862 876 281 904 775 68 755 73 777 567 320 758 301 267 775 133 78 545 836 590 629 371 286 201 20 645 477 858 876 112 835 847 385 400 913 220 67 197 187 572 531 298 903 974 20 0 989 543 125 751 639 326 440 293 976 131 937 576 
573 870 467 442 371 301 678 365 180 745 916 442 407 609 542 388 117 80 474 152 807 715 122 450 102 133 34 159 528 99 76 826 669 10 845 268 716 498 703 850 570 516 403 412 265 871 146 452 192 870 955 135 152 772 445 638 566 989 0 964 335 511 471 133 350 597 212 882 154 647 
226 935 20 105 977 926 102 62 133 483 508 346 241 118 800 325 377 487 575 776 411 926 708 210 998 815 839 599 456 88 613 26 566 351 974 537 397 830 690 952 939 949 769 269 27 884 401 546 551 832 199 595 989 226 616 115 841 543 964 0 859 473 858 317 63 920 268 216 608 526 
626 141 739 476 538 298 952 309 889 950 969 648 456 510 593 988 403 49 22 65 585 812 896 24 149 151 807 372 788 879 968 170 575 477 242 241 118 815 83 511 691 983 332 785 41 896 484 911 812 889 126 587 715 427 386 587 111 125 335 859 0 34 372 422 974 826 670 711 775 526 
161 710 688 645 849 819 810 360 35 603 648 723 31 3 641 667 389 53 612 898 627 877 870 436 8 561 276 765 26 657 892 689 183 117 977 760 778 674 881 99 357 2 742 8 522 877 433 388 152 871 986 442 791 216 274 109 314 751 511 473 34 0 348 697 110 695 719 159 271 105 
963 6 932 782 370 118 685 678 3 465 201 168 834 134 136 567 890 987 654 110 249 732 746 364 689 647 283 359 69 549 353 897 242 712 978 651 748 123 951 63 355 703 814 294 783 666 258 818 621 382 553 283 971 510 351 460 434 639 471 858 372 348 0 804 804 971 452 33 804 158 
887 310 491 253 259 370 952 55 959 295 181 94 351 435 575 858 655 56 299 178 200 866 442 604 863 545 493 169 665 253 991 138 592 871 367 841 449 836 928 298 351 964 950 174 679 262 747 158 922 935 823 897 879 685 919 365 178 326 133 317 422 697 804 0 357 154 828 940 912 474 
204 639 837 924 761 978 268 58 1000 617 943 623 284 395 687 419 505 652 34 955 583 382 58 829 718 221 398 26 354 988 865 833 682 176 550 534 237 517 929 480 409 843 968 8 692 544 446 561 757 561 442 848 812 594 835 435 639 440 350 63 974 110 804 357 0 227 523 809 20 282 
952 11 167 55 362 500 199 396 539 371 742 209 413 926 835 485 41 269 854 835 43 670 918 285 679 467 87 774 132 784 594 647 707 437 479 440 299 755 127 88 387 323 213 178 68 242 156 839 842 154 234 89 304 192 687 702 666 293 597 920 826 695 971 154 227 0 374 606 338 616 
644 260 171 799 1 328 399 164 958 662 985 881 166 706 214 275 138 967 49 724 537 26 77 611 716 20 638 890 977 871 57 264 178 116 896 605 347 362 822 185 480 435 336 18 296 35 697 72 682 745 266 695 653 775 361 526 806 976 212 268 670 719 452 828 523 374 0 817 99 15 
908 898 911 969 262 503 878 78 567 756 814 354 984 618 133 960 177 161 160 279 588 160 327 849 523 816 427 63 468 475 410 692 527 201 68 233 582 207 561 158 3 315 533 697 897 643 817 453 365 929 295 820 875 987 540 312 841 131 882 216 711 159 33 940 809 606 817 0 932 804 
19 104 922 649 957 632 824 88 604 257 916 410 761 573 598 41 455 965 758 700 995 154 997 271 141 356 830 136 119 47 438 785 734 203 137 48 677 886 78 20 202 349 964 634 558 648 507 500 107 311 493 525 176 181 219 859 846 937 154 608 775 271 804 912 20 338 99 932 0 871 
199 460 384 588 876 675 368 122 896 621 93 862 319 909 769 110 150 469 874 267 628 795 699 942 268 721 271 903 537 789 356 373 79 385 222 81 681 695 255 132 506 189 903 409 124 74 953 249 238 926 749 409 978 263 582 19 34 576 647 526 526 105 158 474 282 616 15 804 871 0 
0 34 947 11 818 51 520 359 343 67 601 113 564 550 904 773 640 644 852 275 832 853 198 197 855 138 887 703 988 64 719 779 45 266 543 328 939 319 804 155 365 773 943 185 165 981 406 334 626 402 623 316 373 993 775 381 916 118 573 226 626 161 963 887 204 952 644 908 19 199 
34 0 44 302 561 494 956 212 927 923 675 401 270 120 634 204 523 145 789 222 849 25 548 490 166 411 232 632 96 599 400 885 512 554 396 471 591 553 421 584 48 661 165 615 100 233 308 47 646 20 57 945 216 79 845 334 683 473 870 935 141 710 6 310 639 11 260 898 104 460 
947 44 0 171 442 402 173 357 438 399 690 379 206 590 709 72 318 940 394 784 310 786 479 850 705 541 152 970 948 695 88 745 156 229 846 97 380 56 504 445 366 335 116 797 183 85 646 657 82 728 100 423 648 936 743 120 175 581 467 20 739 688 932 491 837 167 171 911 922 384 
11 302 171 0 949 996 928 629 613 311 16 597 958 323 459 754 972 126 976 90 654 283 171 197 857 747 382 505 759 578 962 492 562 396 740 289 714 626 409 949 603 96 652 558 131 838 740 317 51 539 910 692 679 766 180 443 238 286 442 105 476 645 782 253 924 55 799 969 649 588 
818 561 442 949 0 614 760 91 139 180 165 639 697 130 61 742 960 514 830 553 612 409 394 528 423 736 211 577 320 302 712 406 814 117 217 822 121 89 866 957 901 98 831 269 389 301 891 480 398 866 983 285 569 58 45 158 550 345 371 977 538 849 370 259 761 362 1 262 957 876 
51 494 402 996 614 0 137 296 608 951 300 546 553 825 470 498 625 668 355 738 265 384 775 846 427 545 36 745 291 417 134 856 58 896 200 547 405 606 417 674 978 505 143 386 690 53 673 87 828 441 385 400 268 724 736 349 511 319 301 926 298 819 118 370 978 500 328 503 632 675 
520 956 173 928 760 137 0 622 725 469 474 173 215 857 168 377 5 855 876 635 382 934 224 787 414 704 171 380 796 676 686 373 32 115 297 265 857 575 52 589 501 188 802 411 424 468 475 828 401 59 737 734 530 609 344 522 614 114 678 102 952 810 685 952 268 199 399 878 824 368 
