9 4
0 544 248 188 403 797 943 330 465 
544 0 593 832 430 229 370 990 25 
248 593 0 391 147 340 377 902 689 
188 832 391 0 407 549 47 345 776 
403 430 147 407 0 434 137 327 945 
797 229 340 549 434 0 385 778 220 
943 370 377 47 137 385 0 273 211 
330 990 902 345 327 778 273 0 128 
465 25 689 776 945 220 211 128 0 
0 698 442 359 35 768 900 452 837 
698 0 713 909 709 967 957 351 259 
442 713 0 224 101 548 136 721 903 
359 909 224 0 957 180 410 661 590 
35 709 101 957 0 184 831 575 712 
768 967 548 180 184 0 785 907 637 
900 957 136 410 831 785 0 796 676 
452 351 721 661 575 907 796 0 789 
837 259 903 590 712 637 676 789 0 
0 386 179 399 235 555 410 788 894 
386 0 61 861 491 618 707 51 97 
179 61 0 214 245 446 405 507 707 
399 861 214 0 860 54 528 778 939 
235 491 245 860 0 480 393 166 443 
555 618 446 54 480 0 613 557 506 
410 707 405 528 393 613 0 719 696 
788 51 507 778 166 557 719 0 743 
894 97 707 939 443 506 696 743 0 
0 759 415 432 358 863 591 177 792 
759 0 706 565 389 527 998 769 553 
415 706 0 775 47 200 75 733 881 
432 565 775 0 611 126 74 509 910 
358 389 47 611 0 395 841 757 623 
863 527 200 126 395 0 771 944 504 
591 998 75 74 841 771 0 152 388 
177 769 733 509 757 944 152 0 725 
792 553 881 910 623 504 388 725 0 
0 213 706 327 197 683 558 216 647 
213 0 146 635 956 840 580 293 621 
706 146 0 440 799 262 8 108 974 
327 635 440 0 392 170 147 296 536 
197 956 799 392 0 324 474 368 522 
683 840 262 170 324 0 735 355 261 
558 580 8 147 474 735 0 553 860 
216 293 108 296 368 355 553 0 439 
647 621 974 536 522 261 860 439 0 
