10 3
0 166 345 551 958 93 183 557 623 581 
166 0 397 933 809 709 408 200 204 698 
345 397 0 256 703 322 572 856 70 599 
551 933 256 0 151 944 619 51 938 656 
958 809 703 151 0 368 896 785 592 878 
93 709 322 944 368 0 14 818 852 998 
183 408 572 619 896 14 0 164 434 102 
557 200 856 51 785 818 164 0 147 715 
623 204 70 938 592 852 434 147 0 215 
581 698 599 656 878 998 102 715 215 0 
0 7 385 430 721 643 160 959 500 907 
7 0 239 708 200 566 554 637 133 133 
385 239 0 181 913 298 368 210 521 871 
430 708 181 0 886 879 323 431 948 888 
721 200 913 886 0 414 769 687 452 130 
643 566 298 879 414 0 393 480 463 189 
160 554 368 323 769 393 0 354 787 632 
959 637 210 431 687 480 354 0 461 176 
500 133 521 948 452 463 787 461 0 572 
907 133 871 888 130 189 632 176 572 0 
0 566 290 529 729 819 642 197 350 215 
566 0 505 459 336 502 369 181 945 489 
290 505 0 693 595 110 692 534 556 715 
529 459 693 0 5 183 629 880 344 72 
729 336 595 5 0 445 299 284 266 782 
819 502 110 183 445 0 161 499 630 414 
642 369 692 629 299 161 0 922 439 163 
197 181 534 880 284 499 922 0 238 909 
350 945 556 344 266 630 439 238 0 273 
215 489 715 72 782 414 163 909 273 0 
0 737 338 602 538 571 665 223 611 256 
737 0 970 671 656 218 368 133 147 84 
338 970 0 675 575 952 461 539 275 136 
602 671 675 0 340 380 464 408 667 476 
538 656 575 340 0 806 648 404 494 888 
571 218 952 380 806 0 982 854 741 288 
665 368 461 464 648 982 0 459 652 460 
223 133 539 408 404 854 459 0 811 842 
611 147 275 667 494 741 652 811 0 122 
256 84 136 476 888 288 460 842 122 0 
