5 2
0 468 183 274 334 
468 0 166 343 169 
183 166 0 751 345 
274 343 751 0 397 
334 169 345 397 0 
0 51 74 668 227 
51 0 165 826 264 
74 165 0 589 474 
668 826 589 0 121 
227 264 474 121 0 
0 931 902 241 811 
931 0 588 444 552 
902 588 0 467 456 
241 444 467 0 721 
811 552 456 721 0 
