40 4
0 245 317 815 558 51 706 615 555 805 327 574 796 899 294 726 240 558 466 827 470 771 788 579 719 189 536 388 212 374 1000 418 630 160 916 685 156 242 577 628 
245 0 508 408 948 363 558 1 239 934 562 947 952 431 242 245 280 746 647 363 75 104 399 165 488 127 689 571 120 603 47 111 156 88 347 403 548 664 461 721 
317 508 0 325 724 397 934 285 71 399 909 463 483 880 833 510 449 437 242 594 907 90 800 509 622 967 712 852 906 419 703 245 708 474 282 750 579 480 31 437 
815 408 325 0 491 848 292 329 594 84 312 272 970 245 900 296 860 820 740 404 866 735 177 555 152 741 259 860 414 476 338 333 912 422 844 175 601 610 469 39 
558 948 724 491 0 369 948 352 602 743 861 41 26 505 830 402 241 856 84 676 355 369 197 692 162 973 443 365 171 218 479 395 984 722 598 421 496 65 363 580 
51 363 397 848 369 0 981 750 276 712 22 437 769 109 661 677 498 439 559 410 899 833 327 296 499 169 302 789 334 114 319 41 310 312 881 2 16 10 141 774 
706 558 934 292 948 981 0 282 682 584 551 79 447 885 348 173 190 957 687 237 786 494 216 485 553 553 597 251 865 234 479 974 139 810 197 124 353 116 46 520 
615 1 285 329 352 750 282 0 456 193 565 964 751 189 515 567 558 803 943 358 556 376 173 575 207 616 118 135 279 606 153 503 400 222 521 860 368 264 302 942 
555 239 71 594 602 276 682 456 0 512 156 308 49 886 507 581 586 953 269 519 8 45 351 919 321 538 280 483 695 965 517 79 231 13 29 417 242 991 567 390 
805 934 399 84 743 712 584 193 512 0 581 222 116 663 536 314 692 170 690 664 887 134 241 166 50 621 623 118 629 728 954 446 476 645 226 43 1000 363 216 505 
327 562 909 312 861 22 551 565 156 581 0 783 303 459 961 526 840 301 757 304 410 165 1 426 255 279 665 707 156 299 342 104 559 182 572 131 449 644 55 971 
574 947 463 272 41 437 79 964 308 222 783 0 366 903 443 904 24 184 413 429 518 462 849 808 431 903 979 743 14 686 652 920 683 652 652 214 587 246 428 196 
796 952 483 970 26 769 447 751 49 116 303 366 0 805 856 672 548 24 340 591 528 214 91 757 484 705 860 86 864 194 763 893 260 272 183 168 234 141 740 540 
899 431 880 245 505 109 885 189 886 663 459 903 805 0 780 42 620 480 488 307 71 312 884 399 879 707 994 774 314 251 826 161 853 359 784 83 867 70 297 616 
294 242 833 900 830 661 348 515 507 536 961 443 856 780 0 833 430 283 731 705 127 909 51 556 983 626 522 725 278 586 162 850 459 492 714 404 116 741 936 439 
726 245 510 296 402 677 173 567 581 314 526 904 672 42 833 0 972 763 37 375 74 598 567 33 107 179 791 671 341 340 536 149 687 77 22 483 715 359 857 534 
240 280 449 860 241 498 190 558 586 692 840 24 548 620 430 972 0 666 937 711 24 404 833 569 621 166 637 598 630 912 433 677 617 45 138 615 455 505 339 66 
558 746 437 820 856 439 957 803 953 170 301 184 24 480 283 763 666 0 328 558 857 146 778 368 594 633 824 308 691 545 706 855 716 669 348 211 296 140 962 439 
466 647 242 740 84 559 687 943 269 690 757 413 340 488 731 37 937 328 0 136 147 61 972 99 396 471 947 534 571 656 47 8 695 849 154 51 996 409 274 900 
827 363 594 404 676 410 237 358 519 664 304 429 591 307 705 375 711 558 136 0 545 287 769 907 947 574 955 439 848 713 444 925 55 223 957 240 134 481 328 226 
470 75 907 866 355 899 786 556 8 887 410 518 528 71 127 74 24 857 147 545 0 723 514 579 837 881 113 186 271 280 670 964 175 597 793 130 952 156 401 563 
771 104 90 735 369 833 494 376 45 134 165 462 214 312 909 598 404 146 61 287 723 0 776 306 233 51 600 745 230 711 450 687 564 714 737 51 926 792 964 870 
788 399 800 177 197 327 216 173 351 241 1 849 91 884 51 567 833 778 972 769 514 776 0 334 894 660 506 563 290 213 144 158 654 878 300 979 213 613 908 211 
579 165 509 555 692 296 485 575 919 166 426 808 757 399 556 33 569 368 99 907 579 306 334 0 25 239 410 262 243 768 419 841 359 343 663 634 638 666 67 302 
719 488 622 152 162 499 553 207 321 50 255 431 484 879 983 107 621 594 396 947 837 233 894 25 0 449 164 549 187 125 218 846 400 649 649 300 469 351 145 182 
189 127 967 741 973 169 553 616 538 621 279 903 705 707 626 179 166 633 471 574 881 51 660 239 449 0 231 930 820 971 26 447 500 927 555 113 741 35 938 365 
536 689 712 259 443 302 597 118 280 623 665 979 860 994 522 791 637 824 947 955 113 600 506 410 164 231 0 814 229 299 878 684 161 814 516 62 391 70 966 715 
388 571 852 860 365 789 251 135 483 118 707 743 86 774 725 671 598 308 534 439 186 745 563 262 549 930 814 0 505 363 816 306 495 115 601 816 404 100 681 189 
212 120 906 414 171 334 865 279 695 629 156 14 864 314 278 341 630 691 571 848 271 230 290 243 187 820 229 505 0 137 194 614 126 672 321 801 555 818 245 102 
374 603 419 476 218 114 234 606 965 728 299 686 194 251 586 340 912 545 656 713 280 711 213 768 125 971 299 363 137 0 332 462 476 662 706 266 971 149 705 307 
1000 47 703 338 479 319 479 153 517 954 342 652 763 826 162 536 433 706 47 444 670 450 144 419 218 26 878 816 194 332 0 248 244 6 582 567 908 867 352 28 
418 111 245 333 395 41 974 503 79 446 104 920 893 161 850 149 677 855 8 925 964 687 158 841 846 447 684 306 614 462 248 0 300 49 988 669 228 27 825 639 
630 156 708 912 984 310 139 400 231 476 559 683 260 853 459 687 617 716 695 55 175 564 654 359 400 500 161 495 126 476 244 300 0 906 272 136 980 625 540 624 
160 88 474 422 722 312 810 222 13 645 182 652 272 359 492 77 45 669 849 223 597 714 878 343 649 927 814 115 672 662 6 49 906 0 658 127 133 546 981 642 
916 347 282 844 598 881 197 521 29 226 572 652 183 784 714 22 138 348 154 957 793 737 300 663 649 555 516 601 321 706 582 988 272 658 0 614 466 235 946 955 
685 403 750 175 421 2 124 860 417 43 131 214 168 83 404 483 615 211 51 240 130 51 979 634 300 113 62 816 801 266 567 669 136 127 614 0 266 72 505 326 
156 548 579 601 496 16 353 368 242 1000 449 587 234 867 116 715 455 296 996 134 952 926 213 638 469 741 391 404 555 971 908 228 980 133 466 266 0 603 966 44 
242 664 480 610 65 10 116 264 991 363 644 246 141 70 741 359 505 140 409 481 156 792 613 666 351 35 70 100 818 149 867 27 625 546 235 72 603 0 37 650 
577 461 31 469 363 141 46 302 567 216 55 428 740 297 936 857 339 962 274 328 401 964 908 67 145 938 966 681 245 705 352 825 540 981 946 505 966 37 0 36 
628 721 437 39 580 774 520 942 390 505 971 196 540 616 439 534 66 439 900 226 563 870 211 302 182 365 715 189 102 307 28 639 624 642 955 326 44 650 36 0 
0 408 689 729 247 346 901 453 639 574 474 323 473 730 514 572 224 629 738 429 352 715 654 255 261 285 634 876 851 825 915 603 761 260 818 13 782 511 146 472 
408 0 589 589 880 245 604 54 37 917 129 309 708 270 595 1 853 124 580 173 91 256 276 312 589 490 694 622 263 319 155 293 471 238 562 88 139 704 720 880 
689 589 0 666 176 507 493 178 249 89 164 242 913 954 752 135 188 138 487 980 695 912 424 887 545 755 714 520 516 598 785 213 285 434 677 634 750 139 563 364 
729 589 666 0 625 832 450 372 110 860 742 807 137 78 923 560 787 167 942 393 342 599 138 35 718 11 557 458 309 356 481 794 777 765 558 621 928 932 398 367 
247 880 176 625 0 424 674 448 392 614 873 712 339 29 69 911 333 566 17 883 224 734 202 628 173 908 587 199 114 663 146 237 657 477 699 726 483 689 328 286 
346 245 507 832 424 0 300 151 473 162 31 932 571 550 487 791 862 363 284 275 153 500 85 243 486 824 9 451 300 596 887 223 862 993 34 651 185 348 428 239 
901 604 493 450 674 300 0 654 153 91 413 865 735 395 61 233 734 724 366 853 989 995 314 88 189 982 745 451 128 881 136 315 893 635 33 309 814 60 331 666 
453 54 178 372 448 151 654 0 819 835 757 262 954 668 239 387 726 377 355 682 856 222 657 303 794 67 641 184 664 942 445 715 236 672 445 751 252 42 267 167 
639 37 249 110 392 473 153 819 0 641 982 45 753 639 485 486 398 704 91 647 921 27 78 564 987 915 665 408 980 321 212 782 195 239 723 928 271 523 285 548 
574 917 89 860 614 162 91 835 641 0 845 749 578 903 81 131 293 617 447 742 456 831 662 760 924 545 644 930 716 995 243 105 992 813 706 67 720 34 973 754 
474 129 164 742 873 31 413 757 982 845 0 667 564 243 763 632 776 304 445 17 134 648 559 20 213 287 552 807 714 180 841 857 242 433 249 336 478 725 625 740 
323 309 242 807 712 932 865 262 45 749 667 0 412 632 80 322 428 21 512 160 110 901 56 965 278 510 108 455 85 161 533 963 69 219 355 730 660 970 39 555 
473 708 913 137 339 571 735 954 753 578 564 412 0 925 433 598 568 957 485 749 524 677 757 926 450 489 331 387 226 329 263 883 231 959 344 101 831 683 599 549 
730 270 954 78 29 550 395 668 639 903 243 632 925 0 426 114 685 103 282 70 491 855 591 504 991 798 444 270 149 162 182 771 866 510 29 388 415 695 40 275 
514 595 752 923 69 487 61 239 485 81 763 80 433 426 0 481 260 689 753 570 929 490 572 673 560 834 855 152 514 518 60 851 869 330 992 132 904 679 830 766 
572 1 135 560 911 791 233 387 486 131 632 322 598 114 481 0 733 535 864 179 220 323 342 90 751 135 86 617 815 994 378 60 14 60 844 33 706 424 370 324 
224 853 188 787 333 862 734 726 398 293 776 428 568 685 260 733 0 838 69 825 673 474 556 54 439 384 36 692 1 365 476 364 757 544 853 555 544 254 695 463 
629 124 138 167 566 363 724 377 704 617 304 21 957 103 689 535 838 0 336 243 818 232 294 655 181 461 486 48 92 626 310 11 83 779 582 639 249 461 584 277 
738 580 487 942 17 284 366 355 91 447 445 512 485 282 753 864 69 336 0 49 755 462 820 991 314 182 956 933 616 932 943 544 608 516 890 107 962 63 333 768 
429 173 980 393 883 275 853 682 647 742 17 160 749 70 570 179 825 243 49 0 19 10 341 810 978 46 103 752 240 549 499 193 491 913 362 582 524 958 172 426 
352 91 695 342 224 153 989 856 921 456 134 110 524 491 929 220 673 818 755 19 0 137 904 948 566 630 382 918 427 25 558 516 246 940 656 702 139 936 231 545 
715 256 912 599 734 500 995 222 27 831 648 901 677 855 490 323 474 232 462 10 137 0 514 886 129 367 151 359 382 418 205 328 59 981 110 621 186 815 885 717 
654 276 424 138 202 85 314 657 78 662 559 56 757 591 572 342 556 294 820 341 904 514 0 789 474 638 570 690 395 21 456 825 469 682 621 176 481 856 44 499 
255 312 887 35 628 243 88 303 564 760 20 965 926 504 673 90 54 655 991 810 948 886 789 0 408 434 809 202 859 367 274 174 194 436 960 146 569 987 71 882 
261 589 545 718 173 486 189 794 987 924 213 278 450 991 560 751 439 181 314 978 566 129 474 408 0 929 563 824 354 857 120 493 782 822 896 671 432 676 480 234 
285 490 755 11 908 824 982 67 915 545 287 510 489 798 834 135 384 461 182 46 630 367 638 434 929 0 298 97 516 930 844 711 544 923 400 820 503 816 322 589 
634 694 714 557 587 9 745 641 665 644 552 108 331 444 855 86 36 486 956 103 382 151 570 809 563 298 0 867 28 568 598 235 536 56 312 875 675 117 547 289 
876 622 520 458 199 451 451 184 408 930 807 455 387 270 152 617 692 48 933 752 918 359 690 202 824 97 867 0 963 706 862 558 232 208 119 161 41 199 600 529 
851 263 516 309 114 300 128 664 980 716 714 85 226 149 514 815 1 92 616 240 427 382 395 859 354 516 28 963 0 795 116 21 601 808 913 510 611 323 922 200 
825 319 598 356 663 596 881 942 321 995 180 161 329 162 518 994 365 626 932 549 25 418 21 367 857 930 568 706 795 0 68 521 629 215 908 472 464 431 506 39 
915 155 785 481 146 887 136 445 212 243 841 533 263 182 60 378 476 310 943 499 558 205 456 274 120 844 598 862 116 68 0 290 455 271 123 364 573 282 335 389 
603 293 213 794 237 223 315 715 782 105 857 963 883 771 851 60 364 11 544 193 516 328 825 174 493 711 235 558 21 521 290 0 249 513 820 704 499 361 902 89 
761 471 285 777 657 862 893 236 195 992 242 69 231 866 869 14 757 83 608 491 246 59 469 194 782 544 536 232 601 629 455 249 0 255 678 733 421 25 227 679 
260 238 434 765 477 993 635 672 239 813 433 219 959 510 330 60 544 779 516 913 940 981 682 436 822 923 56 208 808 215 271 513 255 0 857 827 189 944 167 998 
818 562 677 558 699 34 33 445 723 706 249 355 344 29 992 844 853 582 890 362 656 110 621 960 896 400 312 119 913 908 123 820 678 857 0 842 289 950 569 522 
13 88 634 621 726 651 309 751 928 67 336 730 101 388 132 33 555 639 107 582 702 621 176 146 671 820 875 161 510 472 364 704 733 827 842 0 720 29 965 105 
782 139 750 928 483 185 814 252 271 720 478 660 831 415 904 706 544 249 962 524 139 186 481 569 432 503 675 41 611 464 573 499 421 189 289 720 0 587 448 721 
511 704 139 932 689 348 60 42 523 34 725 970 683 695 679 424 254 461 63 958 936 815 856 987 676 816 117 199 323 431 282 361 25 944 950 29 587 0 560 212 
146 720 563 398 328 428 331 267 285 973 625 39 599 40 830 370 695 584 333 172 231 885 44 71 480 322 547 600 922 506 335 902 227 167 569 965 448 560 0 564 
472 880 364 367 286 239 666 167 548 754 740 555 549 275 766 324 463 277 768 426 545 717 499 882 234 589 289 529 200 39 389 89 679 998 522 105 721 212 564 0 
0 593 312 272 754 655 100 548 362 427 527 678 528 271 487 429 777 372 263 572 649 286 347 746 740 716 367 125 150 176 86 398 240 741 183 988 219 490 855 529 
593 0 412 412 121 756 397 947 964 84 872 692 293 731 406 1000 148 877 421 828 910 745 725 689 412 511 307 379 738 682 846 708 530 763 439 913 862 297 281 121 
312 412 0 335 825 494 508 823 752 912 837 759 88 47 249 866 813 863 514 21 306 89 577 114 456 246 287 481 485 403 216 788 716 567 324 367 251 862 438 637 
272 412 335 0 376 169 551 629 891 141 259 194 864 923 78 441 214 834 59 608 659 402 863 966 283 990 444 543 692 645 520 207 224 236 443 380 73 69 603 634 
754 121 825 376 0 577 327 553 609 387 128 289 662 972 932 90 668 435 984 118 777 267 799 373 828 93 414 802 887 338 855 764 344 524 302 275 518 312 673 715 
655 756 494 169 577 0 701 850 528 839 970 69 430 451 514 210 139 638 717 726 848 501 916 758 515 177 992 550 701 405 114 778 139 8 967 350 816 653 573 762 
100 397 508 551 327 701 0 347 848 910 588 136 266 606 940 768 267 277 635 148 12 6 687 913 812 19 256 550 873 120 865 686 108 366 968 692 187 941 670 335 
548 947 823 629 553 850 347 0 182 166 244 739 47 333 762 614 275 624 646 319 145 779 344 698 207 934 360 817 337 59 556 286 765 329 556 250 749 959 734 834 
362 964 752 891 609 528 848 182 0 360 19 956 248 362 516 515 603 297 910 354 80 974 923 437 14 86 336 593 21 680 789 219 806 762 278 73 730 478 716 453 
427 84 912 141 387 839 910 166 360 0 156 252 423 98 920 870 708 384 554 259 545 170 339 241 77 456 357 71 285 6 758 896 9 188 295 934 281 967 28 247 
527 872 837 259 128 970 588 244 19 156 0 334 437 758 238 369 225 697 556 984 867 353 442 981 788 714 449 194 287 821 160 144 759 568 752 665 523 276 376 261 
678 692 759 194 289 69 136 739 956 252 334 0 589 369 921 679 573 980 489 841 891 100 945 36 723 491 893 546 916 840 468 38 932 782 646 271 341 31 962 446 
528 293 88 864 662 430 266 47 248 423 437 589 0 76 568 403 433 44 516 252 477 324 244 75 551 512 670 614 775 672 738 118 770 42 657 900 170 318 402 452 
271 731 47 923 972 451 606 333 362 98 758 369 76 0 575 887 316 898 719 931 510 146 410 497 10 203 557 731 852 839 819 230 135 491 972 613 586 306 961 726 
487 406 249 78 932 514 940 762 516 920 238 921 568 575 0 520 741 312 248 431 72 511 429 328 441 167 146 849 487 483 941 150 132 671 9 869 97 322 171 235 
429 1000 866 441 90 210 768 614 515 870 369 679 403 887 520 0 268 466 137 822 781 678 659 911 250 866 915 384 186 7 623 941 987 941 157 968 295 577 631 677 
777 148 813 214 668 139 267 275 603 708 225 573 433 316 741 268 0 163 932 176 328 527 445 947 562 617 965 309 1000 636 525 637 244 457 148 446 457 747 306 538 
372 877 863 834 435 638 277 624 297 384 697 980 44 898 312 466 163 0 665 758 183 769 707 346 820 540 515 953 909 375 691 990 918 222 419 362 752 540 417 724 
263 421 514 59 984 717 635 646 910 554 556 489 516 719 248 137 932 665 0 952 246 539 181 10 687 819 45 68 385 69 58 457 393 485 111 894 39 938 668 233 
572 828 21 608 118 726 148 319 354 259 984 841 252 931 431 822 176 758 952 0 982 991 660 191 23 955 898 249 761 452 502 808 510 88 639 419 477 43 829 575 
649 910 306 659 777 848 12 145 80 545 867 891 477 510 72 781 328 183 246 982 0 864 97 53 435 371 619 83 574 976 443 485 755 61 345 299 862 65 770 456 
286 745 89 402 267 501 6 779 974 170 353 100 324 146 511 678 527 769 539 991 864 0 487 115 872 634 850 642 619 583 796 673 942 20 891 380 815 186 116 284 
347 725 577 863 799 916 687 344 923 339 442 945 244 410 429 659 445 707 181 660 97 487 0 212 527 363 431 311 606 980 545 176 532 319 380 825 520 145 957 502 
746 689 114 966 373 758 913 698 437 241 981 36 75 497 328 911 947 346 10 191 53 115 212 0 593 567 192 799 142 634 727 827 807 565 41 855 432 14 930 119 
740 412 456 283 828 515 812 207 14 77 788 723 551 10 441 250 562 820 687 23 435 872 527 593 0 72 438 177 647 144 881 508 219 179 105 330 569 325 521 767 
716 511 246 990 93 177 19 934 86 456 714 491 512 203 167 866 617 540 819 955 371 634 363 567 72 0 703 904 485 71 157 290 457 78 601 181 498 185 679 412 
367 307 287 444 414 992 256 360 336 357 449 893 670 557 146 915 965 515 45 898 619 850 431 192 438 703 0 134 973 433 403 766 465 945 689 126 326 884 454 712 
125 379 481 543 802 550 550 817 593 71 194 546 614 731 849 384 309 953 68 249 83 642 311 799 177 904 134 0 38 295 139 443 769 793 882 840 960 802 401 472 
150 738 485 692 887 701 873 337 21 285 287 916 775 852 487 186 1000 909 385 761 574 619 606 142 647 485 973 38 0 206 885 980 400 193 88 491 390 678 79 801 
176 682 403 645 338 405 120 59 680 6 821 840 672 839 483 7 636 375 69 452 976 583 980 634 144 71 433 295 206 0 933 480 372 786 93 529 537 570 495 962 
86 846 216 520 855 114 865 556 789 758 160 468 738 819 941 623 525 691 58 502 443 796 545 727 881 157 403 139 885 933 0 711 546 730 878 637 428 719 666 612 
398 708 788 207 764 778 686 286 219 896 144 38 118 230 150 941 637 990 457 808 485 673 176 827 508 290 766 443 980 480 711 0 752 488 181 297 502 640 99 912 
240 530 716 224 344 139 108 765 806 9 759 932 770 135 132 987 244 918 393 510 755 942 532 807 219 457 465 769 400 372 546 752 0 746 323 268 580 976 774 322 
741 763 567 236 524 8 366 329 762 188 568 782 42 491 671 941 457 222 485 88 61 20 319 565 179 78 945 793 193 786 730 488 746 0 144 174 812 57 834 3 
183 439 324 443 302 967 968 556 278 295 752 646 657 972 9 157 148 419 111 639 345 891 380 41 105 601 689 882 88 93 878 181 323 144 0 159 712 51 432 479 
988 913 367 380 275 350 692 250 73 934 665 271 900 613 869 968 446 362 894 419 299 380 825 855 330 181 126 840 491 529 637 297 268 174 159 0 281 972 36 896 
219 862 251 73 518 816 187 749 730 281 523 341 170 586 97 295 457 752 39 477 862 815 520 432 569 498 326 960 390 537 428 502 580 812 712 281 0 414 553 280 
490 297 862 69 312 653 941 959 478 967 276 31 318 306 322 577 747 540 938 43 65 186 145 14 325 185 884 802 678 570 719 640 976 57 51 972 414 0 441 789 
855 281 438 603 673 573 670 734 716 28 376 962 402 961 171 631 306 417 668 829 770 116 957 930 521 679 454 401 79 495 666 99 774 834 432 36 553 441 0 437 
529 121 637 634 715 762 335 834 453 247 261 446 452 726 235 677 538 724 233 575 456 284 502 119 767 412 712 472 801 962 612 912 322 3 479 896 280 789 437 0 
0 593 312 272 754 655 100 548 362 427 527 678 528 271 487 429 777 372 263 572 649 286 347 746 740 716 367 125 150 176 86 398 240 741 183 988 219 490 855 529 
593 0 412 412 121 756 397 947 964 84 872 692 293 731 406 1000 148 877 421 828 910 745 725 689 412 511 307 379 738 682 846 708 530 763 439 913 862 297 281 121 
312 412 0 335 825 494 508 823 752 912 837 759 88 47 249 866 813 863 514 21 306 89 577 114 456 246 287 481 485 403 216 788 716 567 324 367 251 862 438 637 
272 412 335 0 376 169 551 629 891 141 259 194 864 923 78 441 214 834 59 608 659 402 863 966 283 990 444 543 692 645 520 207 224 236 443 380 73 69 603 634 
754 121 825 376 0 577 327 553 609 387 128 289 662 972 932 90 668 435 984 118 777 267 799 373 828 93 414 802 887 338 855 764 344 524 302 275 518 312 673 715 
655 756 494 169 577 0 701 850 528 839 970 69 430 451 514 210 139 638 717 726 848 501 916 758 515 177 992 550 701 405 114 778 139 8 967 350 816 653 573 762 
100 397 508 551 327 701 0 347 848 910 588 136 266 606 940 768 267 277 635 148 12 6 687 913 812 19 256 550 873 120 865 686 108 366 968 692 187 941 670 335 
548 947 823 629 553 850 347 0 182 166 244 739 47 333 762 614 275 624 646 319 145 779 344 698 207 934 360 817 337 59 556 286 765 329 556 250 749 959 734 834 
362 964 752 891 609 528 848 182 0 360 19 956 248 362 516 515 603 297 910 354 80 974 923 437 14 86 336 593 21 680 789 219 806 762 278 73 730 478 716 453 
427 84 912 141 387 839 910 166 360 0 156 252 423 98 920 870 708 384 554 259 545 170 339 241 77 456 357 71 285 6 758 896 9 188 295 934 281 967 28 247 
527 872 837 259 128 970 588 244 19 156 0 334 437 758 238 369 225 697 556 984 867 353 442 981 788 714 449 194 287 821 160 144 759 568 752 665 523 276 376 261 
678 692 759 194 289 69 136 739 956 252 334 0 589 369 921 679 573 980 489 841 891 100 945 36 723 491 893 546 916 840 468 38 932 782 646 271 341 31 962 446 
528 293 88 864 662 430 266 47 248 423 437 589 0 76 568 403 433 44 516 252 477 324 244 75 551 512 670 614 775 672 738 118 770 42 657 900 170 318 402 452 
271 731 47 923 972 451 606 333 362 98 758 369 76 0 575 887 316 898 719 931 510 146 410 497 10 203 557 731 852 839 819 230 135 491 972 613 586 306 961 726 
487 406 249 78 932 514 940 762 516 920 238 921 568 575 0 520 741 312 248 431 72 511 429 328 441 167 146 849 487 483 941 150 132 671 9 869 97 322 171 235 
429 1000 866 441 90 210 768 614 515 870 369 679 403 887 520 0 268 466 137 822 781 678 659 911 250 866 915 384 186 7 623 941 987 941 157 968 295 577 631 677 
777 148 813 214 668 139 267 275 603 708 225 573 433 316 741 268 0 163 932 176 328 527 445 947 562 617 965 309 1000 636 525 637 244 457 148 446 457 747 306 538 
372 877 863 834 435 638 277 624 297 384 697 980 44 898 312 466 163 0 665 758 183 769 707 346 820 540 515 953 909 375 691 990 918 222 419 362 752 540 417 724 
263 421 514 59 984 717 635 646 910 554 556 489 516 719 248 137 932 665 0 952 246 539 181 10 687 819 45 68 385 69 58 457 393 485 111 894 39 938 668 233 
572 828 21 608 118 726 148 319 354 259 984 841 252 931 431 822 176 758 952 0 982 991 660 191 23 955 898 249 761 452 502 808 510 88 639 419 477 43 829 575 
649 910 306 659 777 848 12 145 80 545 867 891 477 510 72 781 328 183 246 982 0 864 97 53 435 371 619 83 574 976 443 485 755 61 345 299 862 65 770 456 
286 745 89 402 267 501 6 779 974 170 353 100 324 146 511 678 527 769 539 991 864 0 487 115 872 634 850 642 619 583 796 673 942 20 891 380 815 186 116 284 
347 725 577 863 799 916 687 344 923 339 442 945 244 410 429 659 445 707 181 660 97 487 0 212 527 363 431 311 606 980 545 176 532 319 380 825 520 145 957 502 
746 689 114 966 373 758 913 698 437 241 981 36 75 497 328 911 947 346 10 191 53 115 212 0 593 567 192 799 142 634 727 827 807 565 41 855 432 14 930 119 
740 412 456 283 828 515 812 207 14 77 788 723 551 10 441 250 562 820 687 23 435 872 527 593 0 72 438 177 647 144 881 508 219 179 105 330 569 325 521 767 
716 511 246 990 93 177 19 934 86 456 714 491 512 203 167 866 617 540 819 955 371 634 363 567 72 0 703 904 485 71 157 290 457 78 601 181 498 185 679 412 
367 307 287 444 414 992 256 360 336 357 449 893 670 557 146 915 965 515 45 898 619 850 431 192 438 703 0 134 973 433 403 766 465 945 689 126 326 884 454 712 
125 379 481 543 802 550 550 817 593 71 194 546 614 731 849 384 309 953 68 249 83 642 311 799 177 904 134 0 38 295 139 443 769 793 882 840 960 802 401 472 
150 738 485 692 887 701 873 337 21 285 287 916 775 852 487 186 1000 909 385 761 574 619 606 142 647 485 973 38 0 206 885 980 400 193 88 491 390 678 79 801 
176 682 403 645 338 405 120 59 680 6 821 840 672 839 483 7 636 375 69 452 976 583 980 634 144 71 433 295 206 0 933 480 372 786 93 529 537 570 495 962 
86 846 216 520 855 114 865 556 789 758 160 468 738 819 941 623 525 691 58 502 443 796 545 727 881 157 403 139 885 933 0 711 546 730 878 637 428 719 666 612 
398 708 788 207 764 778 686 286 219 896 144 38 118 230 150 941 637 990 457 808 485 673 176 827 508 290 766 443 980 480 711 0 752 488 181 297 502 640 99 912 
240 530 716 224 344 139 108 765 806 9 759 932 770 135 132 987 244 918 393 510 755 942 532 807 219 457 465 769 400 372 546 752 0 746 323 268 580 976 774 322 
741 763 567 236 524 8 366 329 762 188 568 782 42 491 671 941 457 222 485 88 61 20 319 565 179 78 945 793 193 786 730 488 746 0 144 174 812 57 834 3 
183 439 324 443 302 967 968 556 278 295 752 646 657 972 9 157 148 419 111 639 345 891 380 41 105 601 689 882 88 93 878 181 323 144 0 159 712 51 432 479 
988 913 367 380 275 350 692 250 73 934 665 271 900 613 869 968 446 362 894 419 299 380 825 855 330 181 126 840 491 529 637 297 268 174 159 0 281 972 36 896 
219 862 251 73 518 816 187 749 730 281 523 341 170 586 97 295 457 752 39 477 862 815 520 432 569 498 326 960 390 537 428 502 580 812 712 281 0 414 553 280 
490 297 862 69 312 653 941 959 478 967 276 31 318 306 322 577 747 540 938 43 65 186 145 14 325 185 884 802 678 570 719 640 976 57 51 972 414 0 441 789 
855 281 438 603 673 573 670 734 716 28 376 962 402 961 171 631 306 417 668 829 770 116 957 930 521 679 454 401 79 495 666 99 774 834 432 36 553 441 0 437 
529 121 637 634 715 762 335 834 453 247 261 446 452 726 235 677 538 724 233 575 456 284 502 119 767 412 712 472 801 962 612 912 322 3 479 896 280 789 437 0 
0 593 312 272 754 655 100 548 362 427 527 678 528 271 487 429 777 372 263 572 649 286 347 746 740 716 367 125 150 176 86 398 240 741 183 988 219 490 855 529 
593 0 412 412 121 756 397 947 964 84 872 692 293 731 406 1000 148 877 421 828 910 745 725 689 412 511 307 379 738 682 846 708 530 763 439 913 862 297 281 121 
312 412 0 335 825 494 508 823 752 912 837 759 88 47 249 866 813 863 514 21 306 89 577 114 456 246 287 481 485 403 216 788 716 567 324 367 251 862 438 637 
272 412 335 0 376 169 551 629 891 141 259 194 864 923 78 441 214 834 59 608 659 402 863 966 283 990 444 543 692 645 520 207 224 236 443 380 73 69 603 634 
754 121 825 376 0 577 327 553 609 387 128 289 662 972 932 90 668 435 984 118 777 267 799 373 828 93 414 802 887 338 855 764 344 524 302 275 518 312 673 715 
655 756 494 169 577 0 701 850 528 839 970 69 430 451 514 210 139 638 717 726 848 501 916 758 515 177 992 550 701 405 114 778 139 8 967 350 816 653 573 762 
100 397 508 551 327 701 0 347 848 910 588 136 266 606 940 768 267 277 635 148 12 6 687 913 812 19 256 550 873 120 865 686 108 366 968 692 187 941 670 335 
548 947 823 629 553 850 347 0 182 166 244 739 47 333 762 614 275 624 646 319 145 779 344 698 207 934 360 817 337 59 556 286 765 329 556 250 749 959 734 834 
362 964 752 891 609 528 848 182 0 360 19 956 248 362 516 515 603 297 910 354 80 974 923 437 14 86 336 593 21 680 789 219 806 762 278 73 730 478 716 453 
427 84 912 141 387 839 910 166 360 0 156 252 423 98 920 870 708 384 554 259 545 170 339 241 77 456 357 71 285 6 758 896 9 188 295 934 281 967 28 247 
527 872 837 259 128 970 588 244 19 156 0 334 437 758 238 369 225 697 556 984 867 353 442 981 788 714 449 194 287 821 160 144 759 568 752 665 523 276 376 261 
678 692 759 194 289 69 136 739 956 252 334 0 589 369 921 679 573 980 489 841 891 100 945 36 723 491 893 546 916 840 468 38 932 782 646 271 341 31 962 446 
528 293 88 864 662 430 266 47 248 423 437 589 0 76 568 403 433 44 516 252 477 324 244 75 551 512 670 614 775 672 738 118 770 42 657 900 170 318 402 452 
271 731 47 923 972 451 606 333 362 98 758 369 76 0 575 887 316 898 719 931 510 146 410 497 10 203 557 731 852 839 819 230 135 491 972 613 586 306 961 726 
487 406 249 78 932 514 940 762 516 920 238 921 568 575 0 520 741 312 248 431 72 511 429 328 441 167 146 849 487 483 941 150 132 671 9 869 97 322 171 235 
429 1000 866 441 90 210 768 614 515 870 369 679 403 887 520 0 268 466 137 822 781 678 659 911 250 866 915 384 186 7 623 941 987 941 157 968 295 577 631 677 
777 148 813 214 668 139 267 275 603 708 225 573 433 316 741 268 0 163 932 176 328 527 445 947 562 617 965 309 1000 636 525 637 244 457 148 446 457 747 306 538 
372 877 863 834 435 638 277 624 297 384 697 980 44 898 312 466 163 0 665 758 183 769 707 346 820 540 515 953 909 375 691 990 918 222 419 362 752 540 417 724 
263 421 514 59 984 717 635 646 910 554 556 489 516 719 248 137 932 665 0 952 246 539 181 10 687 819 45 68 385 69 58 457 393 485 111 894 39 938 668 233 
572 828 21 608 118 726 148 319 354 259 984 841 252 931 431 822 176 758 952 0 982 991 660 191 23 955 898 249 761 452 502 808 510 88 639 419 477 43 829 575 
649 910 306 659 777 848 12 145 80 545 867 891 477 510 72 781 328 183 246 982 0 864 97 53 435 371 619 83 574 976 443 485 755 61 345 299 862 65 770 456 
286 745 89 402 267 501 6 779 974 170 353 100 324 146 511 678 527 769 539 991 864 0 487 115 872 634 850 642 619 583 796 673 942 20 891 380 815 186 116 284 
347 725 577 863 799 916 687 344 923 339 442 945 244 410 429 659 445 707 181 660 97 487 0 212 527 363 431 311 606 980 545 176 532 319 380 825 520 145 957 502 
746 689 114 966 373 758 913 698 437 241 981 36 75 497 328 911 947 346 10 191 53 115 212 0 593 567 192 799 142 634 727 827 807 565 41 855 432 14 930 119 
740 412 456 283 828 515 812 207 14 77 788 723 551 10 441 250 562 820 687 23 435 872 527 593 0 72 438 177 647 144 881 508 219 179 105 330 569 325 521 767 
716 511 246 990 93 177 19 934 86 456 714 491 512 203 167 866 617 540 819 955 371 634 363 567 72 0 703 904 485 71 157 290 457 78 601 181 498 185 679 412 
367 307 287 444 414 992 256 360 336 357 449 893 670 557 146 915 965 515 45 898 619 850 431 192 438 703 0 134 973 433 403 766 465 945 689 126 326 884 454 712 
125 379 481 543 802 550 550 817 593 71 194 546 614 731 849 384 309 953 68 249 83 642 311 799 177 904 134 0 38 295 139 443 769 793 882 840 960 802 401 472 
150 738 485 692 887 701 873 337 21 285 287 916 775 852 487 186 1000 909 385 761 574 619 606 142 647 485 973 38 0 206 885 980 400 193 88 491 390 678 79 801 
176 682 403 645 338 405 120 59 680 6 821 840 672 839 483 7 636 375 69 452 976 583 980 634 144 71 433 295 206 0 933 480 372 786 93 529 537 570 495 962 
86 846 216 520 855 114 865 556 789 758 160 468 738 819 941 623 525 691 58 502 443 796 545 727 881 157 403 139 885 933 0 711 546 730 878 637 428 719 666 612 
398 708 788 207 764 778 686 286 219 896 144 38 118 230 150 941 637 990 457 808 485 673 176 827 508 290 766 443 980 480 711 0 752 488 181 297 502 640 99 912 
240 530 716 224 344 139 108 765 806 9 759 932 770 135 132 987 244 918 393 510 755 942 532 807 219 457 465 769 400 372 546 752 0 746 323 268 580 976 774 322 
741 763 567 236 524 8 366 329 762 188 568 782 42 491 671 941 457 222 485 88 61 20 319 565 179 78 945 793 193 786 730 488 746 0 144 174 812 57 834 3 
183 439 324 443 302 967 968 556 278 295 752 646 657 972 9 157 148 419 111 639 345 891 380 41 105 601 689 882 88 93 878 181 323 144 0 159 712 51 432 479 
988 913 367 380 275 350 692 250 73 934 665 271 900 613 869 968 446 362 894 419 299 380 825 855 330 181 126 840 491 529 637 297 268 174 159 0 281 972 36 896 
219 862 251 73 518 816 187 749 730 281 523 341 170 586 97 295 457 752 39 477 862 815 520 432 569 498 326 960 390 537 428 502 580 812 712 281 0 414 553 280 
490 297 862 69 312 653 941 959 478 967 276 31 318 306 322 577 747 540 938 43 65 186 145 14 325 185 884 802 678 570 719 640 976 57 51 972 414 0 441 789 
855 281 438 603 673 573 670 734 716 28 376 962 402 961 171 631 306 417 668 829 770 116 957 930 521 679 454 401 79 495 666 99 774 834 432 36 553 441 0 437 
529 121 637 634 715 762 335 834 453 247 261 446 452 726 235 677 538 724 233 575 456 284 502 119 767 412 712 472 801 962 612 912 322 3 479 896 280 789 437 0 
