40 3
0 245 317 815 558 51 706 615 555 805 327 574 796 899 294 726 240 558 466 827 470 771 788 579 719 189 536 388 212 374 1000 418 630 160 916 685 156 242 577 628 
245 0 508 408 948 363 558 1 239 934 562 947 952 431 242 245 280 746 647 363 75 104 399 165 488 127 689 571 120 603 47 111 156 88 347 403 548 664 461 721 
317 508 0 325 724 397 934 285 71 399 909 463 483 880 833 510 449 437 242 594 907 90 800 509 622 967 712 852 906 419 703 245 708 474 282 750 579 480 31 437 
815 408 325 0 491 848 292 329 594 84 312 272 970 245 900 296 860 820 740 404 866 735 177 555 152 741 259 860 414 476 338 333 912 422 844 175 601 610 469 39 
558 948 724 491 0 369 948 352 602 743 861 41 26 505 830 402 241 856 84 676 355 369 197 692 162 973 443 365 171 218 479 395 984 722 598 421 496 65 363 580 
51 363 397 848 369 0 981 750 276 712 22 437 769 109 661 677 498 439 559 410 899 833 327 296 499 169 302 789 334 114 319 41 310 312 881 2 16 10 141 774 
706 558 934 292 948 981 0 282 682 584 551 79 447 885 348 173 190 957 687 237 786 494 216 485 553 553 597 251 865 234 479 974 139 810 197 124 353 116 46 520 
615 1 285 329 352 750 282 0 456 193 565 964 751 189 515 567 558 803 943 358 556 376 173 575 207 616 118 135 279 606 153 503 400 222 521 860 368 264 302 942 
555 239 71 594 602 276 682 456 0 512 156 308 49 886 507 581 586 953 269 519 8 45 351 919 321 538 280 483 695 965 517 79 231 13 29 417 242 991 567 390 
805 934 399 84 743 712 584 193 512 0 581 222 116 663 536 314 692 170 690 664 887 134 241 166 50 621 623 118 629 728 954 446 476 645 226 43 1000 363 216 505 
327 562 909 312 861 22 551 565 156 581 0 783 303 459 961 526 840 301 757 304 410 165 1 426 255 279 665 707 156 299 342 104 559 182 572 131 449 644 55 971 
574 947 463 272 41 437 79 964 308 222 783 0 366 903 443 904 24 184 413 429 518 462 849 808 431 903 979 743 14 686 652 920 683 652 652 214 587 246 428 196 
796 952 483 970 26 769 447 751 49 116 303 366 0 805 856 672 548 24 340 591 528 214 91 757 484 705 860 86 864 194 763 893 260 272 183 168 234 141 740 540 
899 431 880 245 505 109 885 189 886 663 459 903 805 0 780 42 620 480 488 307 71 312 884 399 879 707 994 774 314 251 826 161 853 359 784 83 867 70 297 616 
294 242 833 900 830 661 348 515 507 536 961 443 856 780 0 833 430 283 731 705 127 909 51 556 983 626 522 725 278 586 162 850 459 492 714 404 116 741 936 439 
726 245 510 296 402 677 173 567 581 314 526 904 672 42 833 0 972 763 37 375 74 598 567 33 107 179 791 671 341 340 536 149 687 77 22 483 715 359 857 534 
240 280 449 860 241 498 190 558 586 692 840 24 548 620 430 972 0 666 937 711 24 404 833 569 621 166 637 598 630 912 433 677 617 45 138 615 455 505 339 66 
558 746 437 820 856 439 957 803 953 170 301 184 24 480 283 763 666 0 328 558 857 146 778 368 594 633 824 308 691 545 706 855 716 669 348 211 296 140 962 439 
466 647 242 740 84 559 687 943 269 690 757 413 340 488 731 37 937 328 0 136 147 61 972 99 396 471 947 534 571 656 47 8 695 849 154 51 996 409 274 900 
827 363 594 404 676 410 237 358 519 664 304 429 591 307 705 375 711 558 136 0 545 287 769 907 947 574 955 439 848 713 444 925 55 223 957 240 134 481 328 226 
470 75 907 866 355 899 786 556 8 887 410 518 528 71 127 74 24 857 147 545 0 723 514 579 837 881 113 186 271 280 670 964 175 597 793 130 952 156 401 563 
771 104 90 735 369 833 494 376 45 134 165 462 214 312 909 598 404 146 61 287 723 0 776 306 233 51 600 745 230 711 450 687 564 714 737 51 926 792 964 870 
788 399 800 177 197 327 216 173 351 241 1 849 91 884 51 567 833 778 972 769 514 776 0 334 894 660 506 563 290 213 144 158 654 878 300 979 213 613 908 211 
579 165 509 555 692 296 485 575 919 166 426 808 757 399 556 33 569 368 99 907 579 306 334 0 25 239 410 262 243 768 419 841 359 343 663 634 638 666 67 302 
719 488 622 152 162 499 553 207 321 50 255 431 484 879 983 107 621 594 396 947 837 233 894 25 0 449 164 549 187 125 218 846 400 649 649 300 469 351 145 182 
189 127 967 741 973 169 553 616 538 621 279 903 705 707 626 179 166 633 471 574 881 51 660 239 449 0 231 930 820 971 26 447 500 927 555 113 741 35 938 365 
536 689 712 259 443 302 597 118 280 623 665 979 860 994 522 791 637 824 947 955 113 600 506 410 164 231 0 814 229 299 878 684 161 814 516 62 391 70 966 715 
388 571 852 860 365 789 251 135 483 118 707 743 86 774 725 671 598 308 534 439 186 745 563 262 549 930 814 0 505 363 816 306 495 115 601 816 404 100 681 189 
212 120 906 414 171 334 865 279 695 629 156 14 864 314 278 341 630 691 571 848 271 230 290 243 187 820 229 505 0 137 194 614 126 672 321 801 555 818 245 102 
374 603 419 476 218 114 234 606 965 728 299 686 194 251 586 340 912 545 656 713 280 711 213 768 125 971 299 363 137 0 332 462 476 662 706 266 971 149 705 307 
1000 47 703 338 479 319 479 153 517 954 342 652 763 826 162 536 433 706 47 444 670 450 144 419 218 26 878 816 194 332 0 248 244 6 582 567 908 867 352 28 
418 111 245 333 395 41 974 503 79 446 104 920 893 161 850 149 677 855 8 925 964 687 158 841 846 447 684 306 614 462 248 0 300 49 988 669 228 27 825 639 
630 156 708 912 984 310 139 400 231 476 559 683 260 853 459 687 617 716 695 55 175 564 654 359 400 500 161 495 126 476 244 300 0 906 272 136 980 625 540 624 
160 88 474 422 722 312 810 222 13 645 182 652 272 359 492 77 45 669 849 223 597 714 878 343 649 927 814 115 672 662 6 49 906 0 658 127 133 546 981 642 
916 347 282 844 598 881 197 521 29 226 572 652 183 784 714 22 138 348 154 957 793 737 300 663 649 555 516 601 321 706 582 988 272 658 0 614 466 235 946 955 
685 403 750 175 421 2 124 860 417 43 131 214 168 83 404 483 615 211 51 240 130 51 979 634 300 113 62 816 801 266 567 669 136 127 614 0 266 72 505 326 
156 548 579 601 496 16 353 368 242 1000 449 587 234 867 116 715 455 296 996 134 952 926 213 638 469 741 391 404 555 971 908 228 980 133 466 266 0 603 966 44 
242 664 480 610 65 10 116 264 991 363 644 246 141 70 741 359 505 140 409 481 156 792 613 666 351 35 70 100 818 149 867 27 625 546 235 72 603 0 37 650 
577 461 31 469 363 141 46 302 567 216 55 428 740 297 936 857 339 962 274 328 401 964 908 67 145 938 966 681 245 705 352 825 540 981 946 505 966 37 0 36 
628 721 437 39 580 774 520 942 390 505 971 196 540 616 439 534 66 439 900 226 563 870 211 302 182 365 715 189 102 307 28 639 624 642 955 326 44 650 36 0 
0 748 416 938 294 248 692 940 941 936 56 908 892 453 409 61 51 154 5 327 570 338 421 670 135 863 22 366 844 48 79 792 985 656 413 947 898 170 736 170 
748 0 844 813 882 807 620 983 762 224 386 13 546 367 154 344 198 424 885 183 848 724 792 619 113 266 311 812 706 857 825 276 629 886 789 262 473 495 379 221 
416 844 0 424 51 632 36 162 537 299 964 347 809 849 513 926 464 330 547 35 879 246 586 417 599 290 917 797 41 110 87 377 424 594 782 952 374 76 644 846 
938 813 424 0 87 262 710 122 459 921 819 934 368 949 95 890 495 589 200 45 298 754 405 542 360 797 444 649 875 30 485 473 651 284 968 525 337 248 872 339 
294 882 51 87 0 782 423 813 738 16 164 941 692 549 629 958 848 187 863 259 442 862 560 472 520 1000 268 788 599 931 32 997 862 451 396 513 3 462 103 987 
248 807 632 262 782 0 929 699 337 862 384 523 468 967 835 621 16 356 235 512 512 552 312 722 255 921 776 778 63 157 685 647 195 174 948 157 154 150 291 654 
692 620 36 710 423 929 0 283 284 58 992 378 393 414 285 871 240 229 106 813 912 831 292 5 593 729 747 152 806 776 261 234 659 193 39 785 928 53 466 961 
940 983 162 122 813 699 283 0 769 673 817 312 214 244 117 867 468 167 424 28 110 515 351 892 517 764 838 678 305 27 628 100 352 450 731 762 377 24 109 282 
941 762 537 459 738 337 284 769 0 201 340 407 14 435 691 340 329 471 3 674 839 438 541 929 281 128 436 511 666 271 93 3 574 66 105 469 357 26 689 530 
936 224 299 921 16 862 58 673 201 0 944 135 173 527 82 599 666 11 487 208 750 219 537 887 63 100 682 677 314 953 648 720 212 199 675 852 860 683 703 608 
56 386 964 819 164 384 992 817 340 944 0 412 198 817 23 769 523 126 765 469 714 538 915 439 390 239 623 540 116 48 852 877 134 826 818 684 311 923 282 1 
908 13 347 934 941 523 378 312 407 135 412 0 364 10 209 700 464 463 678 836 750 198 429 529 419 411 291 938 403 403 765 871 822 5 889 400 464 413 8 727 
892 546 809 368 692 468 393 214 14 173 198 364 0 843 516 12 683 359 227 318 119 892 85 400 54 607 950 908 538 456 81 866 481 175 392 944 362 731 494 923 
453 367 849 949 549 967 414 244 435 527 817 10 843 0 810 651 424 705 434 799 83 419 583 917 730 517 783 416 530 538 789 242 554 529 857 592 224 635 662 940 
409 154 513 95 629 835 285 117 691 82 23 209 516 810 0 525 580 541 533 904 799 623 634 87 502 942 846 622 500 922 944 21 640 33 841 998 223 740 257 207 
61 344 926 890 958 621 871 867 340 599 769 700 12 651 525 0 745 234 71 769 769 750 277 982 214 543 581 516 662 227 995 940 944 572 489 201 64 345 870 447 
51 198 464 495 848 16 240 468 329 666 523 464 683 424 580 745 0 551 556 463 987 32 704 984 343 248 506 895 325 458 927 647 816 663 877 345 223 728 890 649 
154 424 330 589 187 356 229 167 471 11 126 463 359 705 541 234 551 0 38 653 614 577 292 143 477 298 260 230 553 549 723 454 776 235 443 402 101 706 785 477 
5 885 547 200 863 235 106 424 3 487 765 678 227 434 533 71 556 38 0 822 324 2 872 919 488 707 34 938 814 226 225 563 429 386 768 740 367 227 466 739 
327 183 35 45 259 512 813 28 674 208 469 836 318 799 904 769 463 653 822 0 285 253 913 759 658 919 198 883 82 491 759 212 803 359 764 574 154 599 222 332 
570 848 879 298 442 512 912 110 839 750 714 750 119 83 799 769 987 614 324 285 0 340 559 176 713 618 701 115 964 730 814 176 332 222 881 607 520 309 998 73 
338 724 246 754 862 552 831 515 438 219 538 198 892 419 623 750 32 577 2 253 340 0 111 537 69 961 205 499 287 127 327 79 676 760 860 45 223 237 778 735 
421 792 586 405 560 312 292 351 541 537 915 429 85 583 634 277 704 292 872 913 559 111 0 885 923 357 774 845 557 239 607 608 450 106 996 532 207 908 445 903 
670 619 417 542 472 722 5 892 929 887 439 529 400 917 87 982 984 143 919 759 176 537 885 0 362 35 692 45 30 877 6 528 879 582 150 529 429 684 733 801 
135 113 599 360 520 255 593 517 281 63 390 419 54 730 502 214 343 477 488 658 713 69 923 362 0 600 459 270 123 951 998 605 453 620 321 152 407 991 367 714 
863 266 290 797 1000 921 729 764 128 100 239 411 607 517 942 543 248 298 707 919 618 961 357 35 600 0 460 421 179 279 54 779 644 527 312 893 446 785 327 51 
22 311 917 444 268 776 747 838 436 682 623 291 950 783 846 581 506 260 34 198 701 205 774 692 459 460 0 592 294 685 79 865 532 787 130 271 744 743 443 226 
366 812 797 649 788 778 152 678 511 677 540 938 908 416 622 516 895 230 938 883 115 499 845 45 270 421 592 0 470 916 898 657 582 624 558 105 43 10 410 104 
844 706 41 875 599 63 806 305 666 314 116 403 538 530 500 662 325 553 814 82 964 287 557 30 123 179 294 470 0 612 613 625 94 340 325 570 74 158 377 883 
48 857 110 30 931 157 776 27 271 953 48 403 456 538 922 227 458 549 226 491 730 127 239 877 951 279 685 916 612 0 746 495 818 6 448 107 176 847 889 622 
79 825 87 485 32 685 261 628 93 648 852 765 81 789 944 995 927 723 225 759 814 327 607 6 998 54 79 898 613 746 0 198 153 790 368 378 606 870 775 29 
792 276 377 473 997 647 234 100 3 720 877 871 866 242 21 940 647 454 563 212 176 79 608 528 605 779 865 657 625 495 198 0 993 248 184 576 627 2 368 166 
985 629 424 651 862 195 659 352 574 212 134 822 481 554 640 944 816 776 429 803 332 676 450 879 453 644 532 582 94 818 153 993 0 570 914 951 392 515 898 448 
656 886 594 284 451 174 193 450 66 199 826 5 175 529 33 572 663 235 386 359 222 760 106 582 620 527 787 624 340 6 790 248 570 0 470 221 911 620 820 662 
413 789 782 968 396 948 39 731 105 675 818 889 392 857 841 489 877 443 768 764 881 860 996 150 321 312 130 558 325 448 368 184 914 470 0 183 944 712 541 774 
947 262 952 525 513 157 785 762 469 852 684 400 944 592 998 201 345 402 740 574 607 45 532 529 152 893 271 105 570 107 378 576 951 221 183 0 798 319 819 762 
898 473 374 337 3 154 928 377 357 860 311 464 362 224 223 64 223 101 367 154 520 223 207 429 407 446 744 43 74 176 606 627 392 911 944 798 0 395 40 782 
170 495 76 248 462 150 53 24 26 683 923 413 731 635 740 345 728 706 227 599 309 237 908 684 991 785 743 10 158 847 870 2 515 620 712 319 395 0 556 572 
736 379 644 872 103 291 466 109 689 703 282 8 494 662 257 870 890 785 466 222 998 778 445 733 367 327 443 410 377 889 775 368 898 820 541 819 40 556 0 476 
170 221 846 339 987 654 961 282 530 608 1 727 923 940 207 447 649 477 739 332 73 735 903 801 714 51 226 104 883 622 29 166 448 662 774 762 782 572 476 0 
0 398 581 16 987 235 340 446 739 72 930 158 11 334 480 893 931 504 522 486 481 300 834 568 815 36 365 661 295 666 653 146 178 372 411 88 299 501 58 897 
398 0 262 282 67 289 414 288 46 848 561 994 404 144 180 906 609 432 228 585 296 561 685 451 591 226 356 417 559 102 750 594 105 174 435 641 546 678 784 629 
581 262 0 587 961 257 754 408 569 868 373 686 731 616 461 453 859 743 564 143 377 745 538 277 553 930 335 235 937 573 807 1000 156 351 628 566 687 738 73 335 
16 282 587 0 740 956 489 781 995 177 371 246 327 206 892 183 493 936 234 806 185 237 452 517 393 488 738 67 144 785 918 334 599 343 153 206 839 725 104 737 
987 67 961 740 0 255 346 251 421 165 487 242 953 184 262 386 325 862 121 869 308 384 431 537 519 420 894 763 594 550 344 232 576 628 123 334 673 398 848 292 
235 289 257 956 255 0 140 245 612 477 299 692 393 390 335 176 241 715 588 756 161 386 799 447 571 219 532 567 771 779 20 566 529 816 192 989 852 380 771 939 
340 414 754 489 346 140 0 52 635 325 183 655 642 242 689 203 751 850 366 214 439 235 779 944 657 431 165 856 8 457 948 416 549 90 863 711 418 675 40 28 
446 288 408 781 251 245 52 0 752 183 183 491 683 293 918 362 459 453 509 758 403 702 657 206 626 56 651 47 930 748 446 841 76 432 211 695 439 564 366 122 
739 46 569 995 421 612 635 752 0 682 965 549 660 642 806 294 653 434 453 329 218 340 236 131 482 808 356 550 787 87 997 765 478 767 924 390 918 647 552 401 
72 848 868 177 165 477 325 183 682 0 386 921 968 209 905 271 195 726 986 569 253 133 193 288 860 226 757 282 217 443 289 435 286 502 820 521 690 65 95 527 
930 561 373 371 487 299 183 183 965 386 0 307 687 363 770 199 597 886 391 453 280 536 68 128 459 943 939 194 777 466 499 739 507 86 926 858 55 358 672 441 
158 994 686 246 242 692 655 491 549 921 307 0 886 789 564 195 902 519 98 44 85 469 955 295 609 615 569 67 561 662 972 293 318 986 445 342 50 560 493 406 
11 404 731 327 953 393 642 683 660 968 687 886 0 281 284 698 455 464 269 661 483 247 658 338 573 727 89 184 288 656 971 316 430 329 683 101 255 299 274 704 
334 144 616 206 184 390 242 293 642 209 363 789 281 0 61 103 370 456 359 99 772 706 685 75 259 754 69 616 651 449 681 638 200 750 880 699 989 90 353 581 
480 180 461 892 262 335 689 918 806 905 770 564 284 61 0 198 682 2 342 458 122 436 496 864 431 247 867 36 968 462 284 862 894 597 115 51 679 324 403 251 
893 906 453 183 386 176 203 362 294 271 199 195 698 103 198 0 189 412 819 4 15 28 497 22 972 219 55 365 642 350 151 89 331 872 521 248 686 612 370 423 
931 609 859 493 325 241 751 459 653 195 597 902 455 370 682 189 0 691 281 471 543 956 292 476 747 983 317 411 911 554 212 673 220 168 559 839 405 66 75 896 
504 432 743 936 862 715 850 453 434 726 886 519 464 456 2 412 691 0 631 142 564 123 715 974 448 957 907 779 288 915 396 917 716 669 865 897 689 233 46 263 
522 228 564 234 121 588 366 509 453 986 391 98 269 359 342 819 281 631 0 867 313 912 53 525 420 648 928 22 175 933 344 430 924 454 332 356 442 819 780 342 
486 585 143 806 869 756 214 758 329 569 453 44 661 99 458 4 471 142 867 0 323 864 194 216 379 83 699 240 356 33 146 515 793 850 485 428 648 633 744 375 
481 296 377 185 308 161 439 403 218 253 280 85 483 772 122 15 543 564 313 323 0 771 355 845 888 184 117 480 180 875 865 504 487 14 58 795 953 336 314 775 
300 561 745 237 384 386 235 702 340 133 536 469 247 706 436 28 956 123 912 864 771 0 489 502 588 355 610 477 959 720 826 944 659 567 721 876 696 607 52 439 
834 685 538 452 431 799 779 657 236 193 68 955 658 685 496 497 292 715 53 194 355 489 0 600 386 366 397 306 268 68 335 981 697 931 87 805 429 577 202 578 
568 451 277 517 537 447 944 206 131 288 128 295 338 75 864 22 476 974 525 216 845 502 600 0 577 872 561 868 520 353 855 354 215 267 246 232 984 790 567 123 
815 591 553 393 519 571 657 626 482 860 459 609 573 259 431 972 747 448 420 379 888 588 386 577 0 306 473 865 744 738 126 152 856 772 672 822 524 154 930 419 
36 226 930 488 420 219 431 56 808 226 943 615 727 754 247 219 983 957 648 83 184 355 366 872 306 0 665 322 899 34 906 619 176 829 778 405 392 253 460 541 
365 356 335 738 894 532 165 651 356 757 939 569 89 69 867 55 317 907 928 699 117 610 397 561 473 665 0 121 687 141 740 93 538 220 251 789 733 58 749 643 
661 417 235 67 763 567 856 47 550 282 194 67 184 616 36 365 411 779 22 240 480 477 306 868 865 322 121 0 962 186 250 196 46 824 609 142 519 876 765 750 
295 559 937 144 594 771 8 930 787 217 777 561 288 651 968 642 911 288 175 356 180 959 268 520 744 899 687 962 0 435 397 204 587 590 515 300 578 858 478 110 
666 102 573 785 550 779 457 748 87 443 466 662 656 449 462 350 554 915 933 33 875 720 68 353 738 34 141 186 435 0 431 399 468 873 873 577 834 248 13 595 
653 750 807 918 344 20 948 446 997 289 499 972 971 681 284 151 212 396 344 146 865 826 335 855 126 906 740 250 397 431 0 372 614 107 450 476 908 275 135 641 
146 594 1000 334 232 566 416 841 765 435 739 293 316 638 862 89 673 917 430 515 504 944 981 354 152 619 93 196 204 399 372 0 211 451 440 364 792 803 824 826 
178 105 156 599 576 529 549 76 478 286 507 318 430 200 894 331 220 716 924 793 487 659 697 215 856 176 538 46 587 468 614 211 0 360 501 369 270 748 398 281 
372 174 351 343 628 816 90 432 767 502 86 986 329 750 597 872 168 669 454 850 14 567 931 267 772 829 220 824 590 873 107 451 360 0 179 106 401 765 108 687 
411 435 628 153 123 192 863 211 924 820 926 445 683 880 115 521 559 865 332 485 58 721 87 246 672 778 251 609 515 873 450 440 501 179 0 663 290 112 259 298 
88 641 566 206 334 989 711 695 390 521 858 342 101 699 51 248 839 897 356 428 795 876 805 232 822 405 789 142 300 577 476 364 369 106 663 0 106 789 278 656 
299 546 687 839 673 852 418 439 918 690 55 50 255 989 679 686 405 689 442 648 953 696 429 984 524 392 733 519 578 834 908 792 270 401 290 106 0 629 967 7 
501 678 738 725 398 380 675 564 647 65 358 560 299 90 324 612 66 233 819 633 336 607 577 790 154 253 58 876 858 248 275 803 748 765 112 789 629 0 381 468 
58 784 73 104 848 771 40 366 552 95 672 493 274 353 403 370 75 46 780 744 314 52 202 567 930 460 749 765 478 13 135 824 398 108 259 278 967 381 0 3 
897 629 335 737 292 939 28 122 401 527 441 406 704 581 251 423 896 263 342 375 775 439 578 123 419 541 643 750 110 595 641 826 281 687 298 656 7 468 3 0 
0 538 595 178 597 94 75 320 8 423 372 145 429 466 979 697 780 834 973 525 157 808 486 935 490 18 787 872 69 780 998 511 209 473 896 361 42 701 431 503 
538 0 110 323 521 127 252 419 9 731 659 829 194 454 793 997 974 288 115 936 84 293 664 162 955 472 652 446 274 982 373 24 548 727 114 562 567 194 748 732 
595 110 0 730 923 426 576 978 278 786 25 511 826 295 882 370 429 815 634 489 376 569 116 434 377 878 448 174 135 720 953 545 608 821 447 61 627 586 2 370 
178 323 730 0 562 982 10 492 235 238 660 278 408 124 328 306 580 264 666 557 988 156 509 259 810 168 120 548 372 695 771 161 349 920 822 995 497 678 390 686 
597 521 923 562 0 348 700 545 445 891 704 19 697 338 346 134 489 634 533 951 507 222 455 609 528 367 605 895 187 88 388 240 286 893 373 729 993 818 977 169 
94 127 426 982 348 0 514 49 903 475 640 740 83 161 309 104 480 410 595 626 605 13 731 912 116 86 97 313 475 711 416 781 695 987 163 870 524 908 735 570 
75 252 576 10 700 514 0 481 885 815 304 714 847 90 390 601 842 506 391 170 259 548 600 785 700 605 80 261 612 4 846 605 661 921 453 106 696 554 94 754 
320 419 978 492 545 49 481 0 440 193 107 992 904 706 765 134 312 943 62 640 993 978 889 563 537 253 379 322 480 613 451 626 244 650 53 646 905 679 535 95 
8 9 278 235 445 903 885 440 0 481 369 872 651 846 649 323 214 446 584 387 46 950 42 291 606 526 763 22 501 433 512 790 452 952 779 262 800 821 257 594 
423 731 786 238 891 475 815 193 481 0 103 899 740 579 932 256 504 781 359 863 503 677 886 255 551 856 794 246 692 520 396 843 532 1000 303 577 287 499 211 747 
372 659 25 660 704 640 304 107 369 103 0 943 848 556 968 598 542 712 615 956 227 126 70 636 721 584 363 368 782 254 10 330 795 45 446 317 453 393 511 650 
145 829 511 278 19 740 714 992 872 899 943 0 540 530 987 530 551 749 804 379 244 803 743 7 54 857 207 610 341 813 12 725 907 898 131 99 371 88 558 440 
429 194 826 408 697 83 847 904 651 740 848 540 0 468 256 430 520 575 899 535 992 299 408 154 965 651 300 850 363 631 727 824 365 567 58 467 889 243 174 69 
466 454 295 124 338 161 90 706 846 579 556 530 468 0 532 90 577 206 19 15 420 460 713 391 394 201 233 573 233 955 108 305 243 425 11 336 790 238 267 744 
979 793 882 328 346 309 390 765 649 932 968 987 256 532 0 665 493 339 885 876 763 287 143 689 298 231 298 606 734 609 478 666 571 703 342 164 287 186 975 794 
697 997 370 306 134 104 601 134 323 256 598 530 430 90 665 0 180 332 860 50 189 281 82 263 934 150 10 324 439 937 54 271 116 810 709 489 800 206 427 912 
780 974 429 580 489 480 842 312 214 504 542 551 520 577 493 180 0 801 641 887 611 936 316 36 593 961 330 206 296 437 6 188 337 535 117 242 861 933 315 501 
834 288 815 264 634 410 506 943 446 781 712 749 575 206 339 332 801 0 560 926 512 500 507 909 287 819 591 237 229 383 471 747 701 250 108 669 280 642 191 309 
973 115 634 666 533 595 391 62 584 359 615 804 899 19 885 860 641 560 0 337 583 357 268 39 574 434 721 280 812 740 896 261 865 848 212 957 40 746 202 255 
525 936 489 557 951 626 170 640 387 863 956 379 535 15 876 50 887 926 337 0 482 230 674 488 348 388 592 179 401 836 328 975 151 673 655 771 721 675 60 830 
157 84 376 988 507 605 259 993 46 503 227 244 992 420 763 189 611 512 583 482 0 251 494 388 151 447 712 907 177 582 512 810 374 728 809 945 149 758 466 415 
808 293 569 156 222 13 548 978 950 677 126 803 299 460 287 281 936 500 357 230 251 0 586 573 719 354 970 197 567 912 187 657 391 125 816 506 520 554 553 562 
486 664 116 509 455 731 600 889 42 886 70 743 408 713 143 82 316 507 268 674 494 586 0 549 107 405 450 30 663 873 695 430 640 325 396 391 587 41 614 785 
935 162 434 259 609 912 785 563 291 255 636 7 154 391 689 263 36 909 39 488 388 573 549 0 268 627 253 752 995 377 947 878 116 556 515 487 299 121 757 249 
490 955 377 810 528 116 700 537 606 551 721 54 965 394 298 934 593 287 574 348 151 719 107 268 0 125 724 761 212 386 713 381 534 278 796 541 603 48 273 303 
18 472 878 168 367 86 605 253 526 856 584 857 651 201 231 150 961 819 434 388 447 354 405 627 125 0 819 381 986 544 948 467 647 195 667 143 986 78 314 631 
787 652 448 120 605 97 80 379 763 794 363 207 300 233 298 10 330 591 721 592 712 970 450 253 724 819 0 577 980 314 440 66 528 278 472 767 352 528 804 765 
872 446 174 548 895 313 261 322 22 246 368 610 850 573 606 324 206 237 280 179 907 197 30 752 761 381 577 0 912 230 436 268 426 649 985 725 795 512 249 786 
69 274 135 372 187 475 612 480 501 692 782 341 363 233 734 439 296 229 812 401 177 567 663 995 212 986 980 912 0 363 311 192 863 538 660 159 992 835 308 242 
780 982 720 695 88 711 4 613 433 520 254 813 631 955 609 937 437 383 740 836 582 912 873 377 386 544 314 230 363 0 519 970 113 753 722 612 460 353 62 651 
998 373 953 771 388 416 846 451 512 396 10 12 727 108 478 54 6 471 896 328 512 187 695 947 713 948 440 436 311 519 0 484 622 905 892 101 354 64 322 851 
511 24 545 161 240 781 605 626 790 843 330 725 824 305 666 271 188 747 261 975 810 657 430 878 381 467 66 268 192 970 484 0 343 751 426 92 997 778 894 564 
209 548 608 349 286 695 661 244 452 532 795 907 365 243 571 116 337 701 865 151 374 391 640 116 534 647 528 426 863 113 622 343 0 120 310 103 474 762 209 884 
473 727 821 920 893 987 921 650 952 1000 45 898 567 425 703 810 535 250 848 673 728 125 325 556 278 195 278 649 538 753 905 751 120 0 279 364 290 716 644 846 
896 114 447 822 373 163 453 53 779 303 446 131 58 11 342 709 117 108 212 655 809 816 396 515 796 667 472 985 660 722 892 426 310 279 0 722 364 248 532 945 
361 562 61 995 729 870 106 646 262 577 317 99 467 336 164 489 242 669 957 771 945 506 391 487 541 143 767 725 159 612 101 92 103 364 722 0 613 787 137 235 
42 567 627 497 993 524 696 905 800 287 453 371 889 790 287 800 861 280 40 721 149 520 587 299 603 986 352 795 992 460 354 997 474 290 364 613 0 648 371 260 
701 194 586 678 818 908 554 679 821 499 393 88 243 238 186 206 933 642 746 675 758 554 41 121 48 78 528 512 835 353 64 778 762 716 248 787 648 0 363 701 
431 748 2 390 977 735 94 535 257 211 511 558 174 267 975 427 315 191 202 60 466 553 614 757 273 314 804 249 308 62 322 894 209 644 532 137 371 363 0 303 
503 732 370 686 169 570 754 95 594 747 650 440 69 744 794 912 501 309 255 830 415 562 785 249 303 631 765 786 242 651 851 564 884 846 945 235 260 701 303 0 
