40 2
0 517 195 327 715 90 387 78 644 92 45 374 501 272 763 488 956 842 729 133 711 836 449 431 608 986 500 648 132 132 188 553 515 94 958 120 302 941 279 182 
517 0 917 814 781 989 132 624 487 235 241 164 635 858 97 269 571 515 782 562 457 757 417 787 327 53 446 193 867 579 839 778 279 694 426 404 284 617 837 529 
195 917 0 282 156 229 295 947 269 695 342 580 344 133 751 424 777 70 442 251 790 620 799 195 919 333 710 598 48 732 196 526 302 470 504 295 808 223 43 839 
327 814 282 0 125 124 207 379 633 813 969 168 433 498 955 53 915 586 909 924 807 329 803 522 164 297 752 138 543 315 411 498 332 261 560 93 875 321 612 179 
715 781 156 125 0 835 898 23 878 622 282 749 698 251 654 678 804 179 918 242 77 517 990 640 230 250 491 522 886 497 873 773 540 543 297 700 718 443 847 648 
90 989 229 124 835 0 189 937 545 527 25 148 266 963 872 232 701 860 436 651 346 137 432 842 925 294 756 155 874 413 267 216 153 188 13 377 19 157 292 557 
387 132 295 207 898 189 0 45 474 18 941 990 81 349 339 408 657 358 193 663 66 987 275 661 650 670 582 287 254 249 330 736 688 795 141 871 384 253 371 232 
78 624 947 379 23 937 45 0 3 941 188 730 428 832 12 774 585 63 234 781 653 169 836 833 389 752 375 732 499 216 165 447 98 321 871 191 40 950 974 680 
644 487 269 633 878 545 474 3 0 281 111 723 594 917 804 60 333 984 482 338 747 612 837 909 986 73 305 515 644 780 661 215 522 306 284 470 277 432 611 498 
92 235 695 813 622 527 18 941 281 0 926 834 995 611 984 718 899 643 498 404 717 753 200 31 226 684 448 588 862 400 155 731 80 165 616 466 98 44 635 100 
45 241 342 969 282 25 941 188 111 926 0 342 36 478 828 472 524 656 442 763 760 261 126 432 470 391 640 607 306 949 164 260 642 602 253 457 494 343 263 70 
374 164 580 168 749 148 990 730 723 834 342 0 211 88 869 676 811 149 520 560 270 40 838 25 125 333 262 325 774 8 454 903 598 52 720 484 489 267 657 717 
501 635 344 433 698 266 81 428 594 995 36 211 0 905 165 882 619 602 102 218 550 668 84 235 42 765 733 813 572 544 622 594 911 70 332 297 80 565 749 793 
272 858 133 498 251 963 349 832 917 611 478 88 905 0 796 730 774 159 701 245 598 11 188 97 51 312 756 345 136 638 20 76 622 31 604 434 136 585 208 990 
763 97 751 955 654 872 339 12 804 984 828 869 165 796 0 718 603 116 51 273 474 497 59 831 55 295 321 332 467 696 210 668 786 40 972 199 165 100 252 316 
488 269 424 53 678 232 408 774 60 718 472 676 882 730 718 0 959 224 239 7 408 164 967 408 102 715 698 906 389 380 7 22 215 523 272 447 509 884 824 274 
956 571 777 915 804 701 657 585 333 899 524 811 619 774 603 959 0 491 690 71 442 134 521 676 718 2 736 478 698 536 602 295 566 152 547 44 935 824 825 407 
842 515 70 586 179 860 358 63 984 643 656 149 602 159 116 224 491 0 328 68 634 40 691 768 594 656 298 318 182 130 924 642 432 962 353 477 676 195 749 795 
729 782 442 909 918 436 193 234 482 498 442 520 102 701 51 239 690 328 0 203 235 677 198 836 483 493 989 652 971 410 31 279 238 818 472 691 301 96 700 911 
133 562 251 924 242 651 663 781 338 404 763 560 218 245 273 7 71 68 203 0 849 625 142 193 221 160 504 299 960 294 771 594 371 551 774 393 47 781 315 20 
711 457 790 807 77 346 66 653 747 717 760 270 550 598 474 408 442 634 235 849 0 594 139 562 815 940 522 307 316 376 4 550 919 258 853 468 531 613 709 452 
836 757 620 329 517 137 987 169 612 753 261 40 668 11 497 164 134 40 677 625 594 0 893 589 53 874 515 623 477 310 517 818 335 919 585 340 982 71 831 947 
449 417 799 803 990 432 275 836 837 200 126 838 84 188 59 967 521 691 198 142 139 893 0 64 485 446 724 897 757 214 752 247 218 934 455 278 749 393 113 503 
431 787 195 522 640 842 661 833 909 31 432 25 235 97 831 408 676 768 836 193 562 589 64 0 360 443 100 933 811 223 290 923 408 343 521 360 421 408 671 219 
608 327 919 164 230 925 650 389 986 226 470 125 42 51 55 102 718 594 483 221 815 53 485 360 0 315 855 553 401 253 980 150 101 698 130 425 145 76 648 158 
986 53 333 297 250 294 670 752 73 684 391 333 765 312 295 715 2 656 493 160 940 874 446 443 315 0 487 64 637 413 536 138 940 880 7 675 684 488 303 731 
500 446 710 752 491 756 582 375 305 448 640 262 733 756 321 698 736 298 989 504 522 515 724 100 855 487 0 985 503 288 185 887 925 926 211 510 387 986 441 807 
648 193 598 138 522 155 287 732 515 588 607 325 813 345 332 906 478 318 652 299 307 623 897 933 553 64 985 0 125 8 829 314 97 100 345 105 367 550 646 79 
132 867 48 543 886 874 254 499 644 862 306 774 572 136 467 389 698 182 971 960 316 477 757 811 401 637 503 125 0 255 736 210 368 926 342 197 575 299 149 850 
132 579 732 315 497 413 249 216 780 400 949 8 544 638 696 380 536 130 410 294 376 310 214 223 253 413 288 8 255 0 78 162 263 222 818 751 760 518 481 134 
188 839 196 411 873 267 330 165 661 155 164 454 622 20 210 7 602 924 31 771 4 517 752 290 980 536 185 829 736 78 0 29 177 694 887 267 41 531 975 770 
553 778 526 498 773 216 736 447 215 731 260 903 594 76 668 22 295 642 279 594 550 818 247 923 150 138 887 314 210 162 29 0 199 458 548 129 581 187 304 79 
515 279 302 332 540 153 688 98 522 80 642 598 911 622 786 215 566 432 238 371 919 335 218 408 101 940 925 97 368 263 177 199 0 19 77 846 290 367 995 243 
94 694 470 261 543 188 795 321 306 165 602 52 70 31 40 523 152 962 818 551 258 919 934 343 698 880 926 100 926 222 694 458 19 0 914 108 122 629 334 497 
958 426 504 560 297 13 141 871 284 616 253 720 332 604 972 272 547 353 472 774 853 585 455 521 130 7 211 345 342 818 887 548 77 914 0 219 267 814 223 305 
120 404 295 93 700 377 871 191 470 466 457 484 297 434 199 447 44 477 691 393 468 340 278 360 425 675 510 105 197 751 267 129 846 108 219 0 398 692 940 280 
302 284 808 875 718 19 384 40 277 98 494 489 80 136 165 509 935 676 301 47 531 982 749 421 145 684 387 367 575 760 41 581 290 122 267 398 0 660 385 511 
941 617 223 321 443 157 253 950 432 44 343 267 565 585 100 884 824 195 96 781 613 71 393 408 76 488 986 550 299 518 531 187 367 629 814 692 660 0 947 828 
279 837 43 612 847 292 371 974 611 635 263 657 749 208 252 824 825 749 700 315 709 831 113 671 648 303 441 646 149 481 975 304 995 334 223 940 385 947 0 415 
182 529 839 179 648 557 232 680 498 100 70 717 793 990 316 274 407 795 911 20 452 947 503 219 158 731 807 79 850 134 770 79 243 497 305 280 511 828 415 0 
0 30 117 655 789 188 337 170 503 617 655 372 699 924 674 735 948 180 622 213 73 787 348 843 724 787 736 98 7 154 756 455 269 812 690 457 279 422 208 675 
30 0 755 583 582 349 492 380 949 903 74 381 69 560 19 548 160 573 882 675 73 494 360 262 385 634 387 560 22 978 969 178 577 686 456 206 836 752 925 458 
117 755 0 141 624 519 557 822 881 196 823 556 221 271 105 437 979 733 556 746 831 236 183 173 1000 430 272 905 337 925 106 915 130 406 73 875 176 342 34 706 
655 583 141 0 962 567 87 143 212 818 140 501 614 437 340 435 146 485 767 837 50 194 706 222 471 997 34 92 874 23 823 333 562 204 631 453 823 201 286 984 
789 582 624 962 0 722 390 663 649 238 26 916 725 81 978 890 601 97 374 585 275 519 641 238 241 337 698 31 682 280 623 157 525 702 637 383 813 725 716 597 
188 349 519 567 722 0 952 845 358 11 244 797 192 508 191 702 163 361 26 390 926 921 190 43 763 405 378 904 177 402 701 440 807 161 757 617 71 663 800 379 
337 492 557 87 390 952 0 889 366 724 729 521 574 920 740 631 697 320 894 527 489 715 919 558 310 633 604 857 579 59 212 149 354 776 287 26 393 641 340 948 
170 380 822 143 663 845 889 0 404 979 217 55 24 527 249 938 654 403 934 568 197 977 374 951 88 690 539 416 339 364 991 157 413 892 694 651 696 688 953 621 
503 949 881 212 649 358 366 404 0 529 183 295 914 998 938 421 65 480 303 920 542 213 440 308 798 604 265 123 444 929 749 175 612 26 66 219 127 154 691 576 
617 903 196 818 238 11 724 979 529 0 994 513 10 11 95 726 936 503 279 45 497 433 978 921 901 693 572 663 161 238 90 426 930 952 976 536 962 133 762 728 
655 74 823 140 26 244 729 217 183 994 0 276 865 706 820 366 919 892 242 219 912 261 543 702 547 805 278 407 526 202 588 944 780 329 645 249 858 214 558 983 
372 381 556 501 916 797 521 55 295 513 276 0 822 19 560 678 324 803 133 841 600 54 947 563 659 230 814 399 165 867 532 981 298 15 163 462 955 804 839 942 
699 69 221 614 725 192 574 24 914 10 865 822 0 928 735 232 857 849 975 288 116 388 633 906 123 93 233 904 99 673 872 904 263 364 361 538 225 500 486 64 
924 560 271 437 81 508 920 527 998 11 706 19 928 0 654 678 695 179 528 635 714 277 816 406 195 176 274 833 549 600 245 772 462 650 224 469 347 160 466 491 
674 19 105 340 978 191 740 249 938 95 820 560 735 654 0 892 170 413 870 811 723 539 313 866 330 887 378 233 87 693 843 816 854 310 274 806 77 88 791 646 
735 548 437 435 890 702 631 938 421 726 366 678 232 678 892 0 497 995 645 439 313 90 476 320 910 121 54 579 831 503 69 603 107 609 404 414 510 435 9 112 
948 160 979 146 601 163 697 654 65 936 919 324 857 695 170 497 0 912 29 275 995 632 849 779 306 809 66 846 957 369 628 307 414 395 691 562 766 164 802 386 
180 573 733 485 97 361 320 403 480 503 892 803 849 179 413 995 912 0 796 988 765 142 611 365 157 967 596 395 421 749 664 497 441 125 594 307 788 666 746 948 
622 882 556 767 374 26 894 934 303 279 242 133 975 528 870 645 29 796 0 639 20 572 888 885 47 815 691 438 242 393 278 497 40 880 674 342 997 953 281 156 
213 675 746 837 585 390 527 568 920 45 219 841 288 635 811 439 275 988 639 0 643 845 208 469 149 258 319 331 761 893 788 837 225 608 326 668 704 188 491 366 
73 73 831 50 275 926 489 197 542 497 912 600 116 714 723 313 995 765 20 643 0 358 1000 313 107 654 62 992 81 720 453 415 645 433 633 345 438 736 618 34 
787 494 236 194 519 921 715 977 213 433 261 54 388 277 539 90 632 142 572 845 358 0 719 79 412 75 105 664 556 582 986 43 550 361 606 840 220 627 107 374 
348 360 183 706 641 190 919 374 440 978 543 947 633 816 313 476 849 611 888 208 1000 719 0 669 437 301 688 129 358 489 621 960 50 485 495 586 491 327 587 505 
843 262 173 222 238 43 558 951 308 921 702 563 906 406 866 320 779 365 885 469 313 79 669 0 410 860 198 467 542 889 1 378 566 511 120 667 383 598 748 758 
724 385 1000 471 241 763 310 88 798 901 547 659 123 195 330 910 306 157 47 149 107 412 437 410 0 387 789 766 530 950 81 402 55 410 824 869 201 456 331 735 
787 634 430 997 337 405 633 690 604 693 805 230 93 176 887 121 809 967 815 258 654 75 301 860 387 0 742 709 55 785 566 666 555 668 478 81 614 288 247 858 
736 387 272 34 698 378 604 539 265 572 278 814 233 274 378 54 66 596 691 319 62 105 688 198 789 742 0 352 229 440 596 728 824 91 463 283 886 941 873 405 
98 560 905 92 31 904 857 416 123 663 407 399 904 833 233 579 846 395 438 331 992 664 129 467 766 709 352 0 793 491 387 728 975 961 546 163 3 623 904 177 
7 22 337 874 682 177 579 339 444 161 526 165 99 549 87 831 957 421 242 761 81 556 358 542 530 55 229 793 0 9 274 334 857 724 618 819 952 704 171 174 
154 978 925 23 280 402 59 364 929 238 202 867 673 600 693 503 369 749 393 893 720 582 489 889 950 785 440 491 9 0 354 817 576 210 35 783 570 788 450 946 
756 969 106 823 623 701 212 991 749 90 588 532 872 245 843 69 628 664 278 788 453 986 621 1 81 566 596 387 274 354 0 718 84 679 958 721 867 687 575 605 
455 178 915 333 157 440 149 157 175 426 944 981 904 772 816 603 307 497 497 837 415 43 960 378 402 666 728 728 334 817 718 0 405 326 933 551 468 734 270 792 
269 577 130 562 525 807 354 413 612 930 780 298 263 462 854 107 414 441 40 225 645 550 50 566 55 555 824 975 857 576 84 405 0 623 977 292 609 381 186 477 
812 686 406 204 702 161 776 892 26 952 329 15 364 650 310 609 395 125 880 608 433 361 485 511 410 668 91 961 724 210 679 326 623 0 413 951 531 262 25 718 
690 456 73 631 637 757 287 694 66 976 645 163 361 224 274 404 691 594 674 326 633 606 495 120 824 478 463 546 618 35 958 933 977 413 0 849 94 362 762 77 
457 206 875 453 383 617 26 651 219 536 249 462 538 469 806 414 562 307 342 668 345 840 586 667 869 81 283 163 819 783 721 551 292 951 849 0 465 467 150 549 
279 836 176 823 813 71 393 696 127 962 858 955 225 347 77 510 766 788 997 704 438 220 491 383 201 614 886 3 952 570 867 468 609 531 94 465 0 300 343 93 
422 752 342 201 725 663 641 688 154 133 214 804 500 160 88 435 164 666 953 188 736 627 327 598 456 288 941 623 704 788 687 734 381 262 362 467 300 0 541 598 
208 925 34 286 716 800 340 953 691 762 558 839 486 466 791 9 802 746 281 491 618 107 587 748 331 247 873 904 171 450 575 270 186 25 762 150 343 541 0 549 
675 458 706 984 597 379 948 621 576 728 983 942 64 491 646 112 386 948 156 366 34 374 505 758 735 858 405 177 174 946 605 792 477 718 77 549 93 598 549 0 
0 51 60 626 880 196 197 74 532 738 560 504 691 835 602 867 934 158 613 168 119 943 400 938 747 581 796 175 30 128 706 467 228 930 556 392 363 463 323 571 
51 0 832 593 660 238 396 338 812 937 31 349 51 462 24 511 215 645 872 662 78 529 137 190 470 703 423 685 64 974 857 92 595 554 422 87 840 882 952 485 
60 832 0 58 527 364 390 903 785 312 907 561 243 483 84 588 986 720 489 720 885 278 266 51 842 465 278 955 433 939 42 878 111 421 68 924 128 401 58 657 
626 593 58 0 977 356 175 91 227 875 197 571 619 536 184 473 213 671 682 712 39 124 656 347 420 946 50 5 668 37 868 177 591 343 816 507 923 271 323 849 
880 660 527 977 0 795 395 673 662 278 35 906 672 74 994 856 559 221 321 401 230 435 537 186 187 201 609 58 768 298 566 119 434 552 607 498 916 761 723 512 
196 238 364 356 795 0 760 928 452 195 240 882 175 512 182 842 95 344 3 246 961 999 259 131 840 563 485 976 257 311 807 477 736 198 623 489 265 582 710 479 
197 396 390 175 395 760 0 874 299 765 701 583 549 978 708 819 635 535 880 466 560 615 789 601 285 714 500 692 559 25 101 84 317 885 230 70 385 554 191 815 
74 338 903 91 673 928 874 0 334 957 138 95 125 484 418 963 372 412 811 836 49 858 531 871 75 750 562 478 535 300 919 29 252 835 663 543 891 498 747 601 
532 812 785 227 662 452 299 334 0 442 210 302 875 938 931 483 162 276 414 782 392 159 532 314 966 821 114 257 415 777 795 172 799 156 23 163 145 258 753 412 
738 937 312 875 278 195 765 957 442 0 990 560 21 125 216 841 818 420 220 49 531 356 952 935 999 713 605 801 418 167 195 323 944 870 956 450 816 290 948 664 
560 31 907 197 35 240 701 138 210 990 0 305 769 672 740 358 807 891 312 94 908 558 567 684 654 642 318 357 629 339 765 886 669 527 777 46 986 208 653 911 
504 349 561 571 906 882 583 95 302 560 305 0 890 197 535 695 235 806 69 827 749 3 950 521 742 304 801 387 268 785 431 837 326 16 79 604 962 798 837 963 
691 51 243 619 672 175 549 125 875 21 769 890 0 869 755 193 950 776 786 187 281 324 633 897 215 157 585 919 232 940 856 877 130 367 412 590 153 410 473 76 
835 462 483 536 74 512 978 484 938 125 672 197 869 0 554 452 754 349 523 688 670 488 609 345 179 58 409 807 714 555 127 968 417 551 53 373 408 31 557 481 
602 24 84 184 994 182 708 418 931 216 740 535 755 554 0 626 408 337 898 976 779 753 226 828 520 816 384 378 60 668 792 762 910 413 157 613 427 24 658 670 
867 511 588 473 856 842 819 963 483 841 358 695 193 452 626 0 417 917 528 417 328 103 595 216 784 76 204 571 929 596 165 528 195 614 347 321 531 416 306 290 
934 215 986 213 559 95 635 372 162 818 807 235 950 754 408 417 0 902 5 271 872 643 816 759 346 708 231 669 888 450 612 443 295 317 772 567 698 9 823 292 
158 645 720 671 221 344 535 412 276 420 891 806 776 349 337 917 902 0 680 995 592 167 612 274 141 858 629 396 584 794 581 417 347 92 457 421 810 504 759 979 
613 872 489 682 321 3 880 811 414 220 312 69 786 523 898 528 5 680 0 547 66 418 877 813 28 760 684 428 339 622 164 528 109 811 677 403 895 971 260 280 
168 662 720 712 401 246 466 836 782 49 94 827 187 688 976 417 271 995 547 0 672 916 44 557 182 47 394 489 791 982 726 832 206 552 333 639 739 236 529 184 
119 78 885 39 230 961 560 49 392 531 908 749 281 670 779 328 872 592 66 672 0 335 988 415 113 404 116 873 180 895 602 279 669 402 603 217 460 937 547 175 
943 529 278 124 435 999 615 858 159 356 558 3 324 488 753 103 643 167 418 916 335 0 861 276 494 177 141 593 676 445 904 230 589 284 721 885 140 777 144 372 
400 137 266 656 537 259 789 531 532 952 567 950 633 609 226 595 816 612 877 44 988 861 0 738 401 207 694 30 470 559 456 954 112 410 579 644 437 350 656 374 
938 190 51 347 186 131 601 871 314 935 684 521 897 345 828 216 759 274 813 557 415 276 738 0 566 735 199 635 422 784 46 239 727 470 136 450 512 741 841 722 
747 470 842 420 187 840 285 75 966 999 654 742 215 179 520 784 346 141 28 182 113 494 401 566 0 305 627 648 538 786 178 454 121 527 826 888 226 437 310 850 
581 703 465 946 201 563 714 750 821 713 642 304 157 58 816 76 708 858 760 47 404 177 207 735 305 0 858 673 30 691 690 712 580 664 428 24 754 255 216 662 
796 423 278 50 609 485 500 562 114 605 318 801 585 409 384 204 231 629 684 394 116 141 694 199 627 858 0 188 209 262 704 710 760 196 324 389 683 995 853 566 
175 685 955 5 58 976 692 478 257 801 357 387 919 807 378 571 669 396 428 489 873 593 30 635 648 673 188 0 772 642 437 807 990 969 525 61 132 710 954 93 
30 64 433 668 768 257 559 535 415 418 629 268 232 714 60 929 888 584 339 791 180 676 470 422 538 30 209 772 0 82 382 257 938 806 608 644 923 729 97 382 
128 974 939 37 298 311 25 300 777 167 339 785 940 555 668 596 450 794 622 982 895 445 559 784 786 691 262 642 82 0 490 821 693 199 49 633 789 825 478 905 
706 857 42 868 566 807 101 919 795 195 765 431 856 127 792 165 612 581 164 726 602 904 456 46 178 690 704 437 382 490 0 688 166 727 819 681 951 596 591 661 
467 92 878 177 119 477 84 29 172 323 886 837 877 968 762 528 443 417 528 832 279 230 954 239 454 712 710 807 257 821 688 0 518 299 906 523 487 534 395 784 
228 595 111 591 434 736 317 252 799 944 669 326 130 417 910 195 295 347 109 206 669 589 112 727 121 580 760 990 938 693 166 518 0 763 969 247 595 402 348 352 
930 554 421 343 552 198 885 835 156 870 527 16 367 551 413 614 317 92 811 552 402 284 410 470 527 664 196 969 806 199 727 299 763 0 449 995 371 229 143 755 
556 422 68 816 607 623 230 663 23 956 777 79 412 53 157 347 772 457 677 333 603 721 579 136 826 428 324 525 608 49 819 906 969 449 0 675 28 454 730 31 
392 87 924 507 498 489 70 543 163 450 46 604 590 373 613 321 567 421 403 639 217 885 644 450 888 24 389 61 644 633 681 523 247 995 675 0 372 332 183 554 
363 840 128 923 916 265 385 891 145 816 986 962 153 408 427 531 698 810 895 739 460 140 437 512 226 754 683 132 923 789 951 487 595 371 28 372 0 246 420 117 
463 882 401 271 761 582 554 498 258 290 208 798 410 31 24 416 9 504 971 236 937 777 350 741 437 255 995 710 729 825 596 534 402 229 454 332 246 0 542 559 
323 952 58 323 723 710 191 747 753 948 653 837 473 557 658 306 823 759 260 529 547 144 656 841 310 216 853 954 97 478 591 395 348 143 730 183 420 542 0 675 
571 485 657 849 512 479 815 601 412 664 911 963 76 481 670 290 292 979 280 184 175 372 374 722 850 662 566 93 382 905 661 784 352 755 31 554 117 559 675 0 
