40 2
0 245 317 815 558 51 706 615 555 805 327 574 796 899 294 726 240 558 466 827 470 771 788 579 719 189 536 388 212 374 1000 418 630 160 916 685 156 242 577 628 
245 0 508 408 948 363 558 1 239 934 562 947 952 431 242 245 280 746 647 363 75 104 399 165 488 127 689 571 120 603 47 111 156 88 347 403 548 664 461 721 
317 508 0 325 724 397 934 285 71 399 909 463 483 880 833 510 449 437 242 594 907 90 800 509 622 967 712 852 906 419 703 245 708 474 282 750 579 480 31 437 
815 408 325 0 491 848 292 329 594 84 312 272 970 245 900 296 860 820 740 404 866 735 177 555 152 741 259 860 414 476 338 333 912 422 844 175 601 610 469 39 
558 948 724 491 0 369 948 352 602 743 861 41 26 505 830 402 241 856 84 676 355 369 197 692 162 973 443 365 171 218 479 395 984 722 598 421 496 65 363 580 
51 363 397 848 369 0 981 750 276 712 22 437 769 109 661 677 498 439 559 410 899 833 327 296 499 169 302 789 334 114 319 41 310 312 881 2 16 10 141 774 
706 558 934 292 948 981 0 282 682 584 551 79 447 885 348 173 190 957 687 237 786 494 216 485 553 553 597 251 865 234 479 974 139 810 197 124 353 116 46 520 
615 1 285 329 352 750 282 0 456 193 565 964 751 189 515 567 558 803 943 358 556 376 173 575 207 616 118 135 279 606 153 503 400 222 521 860 368 264 302 942 
555 239 71 594 602 276 682 456 0 512 156 308 49 886 507 581 586 953 269 519 8 45 351 919 321 538 280 483 695 965 517 79 231 13 29 417 242 991 567 390 
805 934 399 84 743 712 584 193 512 0 581 222 116 663 536 314 692 170 690 664 887 134 241 166 50 621 623 118 629 728 954 446 476 645 226 43 1000 363 216 505 
327 562 909 312 861 22 551 565 156 581 0 783 303 459 961 526 840 301 757 304 410 165 1 426 255 279 665 707 156 299 342 104 559 182 572 131 449 644 55 971 
574 947 463 272 41 437 79 964 308 222 783 0 366 903 443 904 24 184 413 429 518 462 849 808 431 903 979 743 14 686 652 920 683 652 652 214 587 246 428 196 
796 952 483 970 26 769 447 751 49 116 303 366 0 805 856 672 548 24 340 591 528 214 91 757 484 705 860 86 864 194 763 893 260 272 183 168 234 141 740 540 
899 431 880 245 505 109 885 189 886 663 459 903 805 0 780 42 620 480 488 307 71 312 884 399 879 707 994 774 314 251 826 161 853 359 784 83 867 70 297 616 
294 242 833 900 830 661 348 515 507 536 961 443 856 780 0 833 430 283 731 705 127 909 51 556 983 626 522 725 278 586 162 850 459 492 714 404 116 741 936 439 
726 245 510 296 402 677 173 567 581 314 526 904 672 42 833 0 972 763 37 375 74 598 567 33 107 179 791 671 341 340 536 149 687 77 22 483 715 359 857 534 
240 280 449 860 241 498 190 558 586 692 840 24 548 620 430 972 0 666 937 711 24 404 833 569 621 166 637 598 630 912 433 677 617 45 138 615 455 505 339 66 
558 746 437 820 856 439 957 803 953 170 301 184 24 480 283 763 666 0 328 558 857 146 778 368 594 633 824 308 691 545 706 855 716 669 348 211 296 140 962 439 
466 647 242 740 84 559 687 943 269 690 757 413 340 488 731 37 937 328 0 136 147 61 972 99 396 471 947 534 571 656 47 8 695 849 154 51 996 409 274 900 
827 363 594 404 676 410 237 358 519 664 304 429 591 307 705 375 711 558 136 0 545 287 769 907 947 574 955 439 848 713 444 925 55 223 957 240 134 481 328 226 
470 75 907 866 355 899 786 556 8 887 410 518 528 71 127 74 24 857 147 545 0 723 514 579 837 881 113 186 271 280 670 964 175 597 793 130 952 156 401 563 
771 104 90 735 369 833 494 376 45 134 165 462 214 312 909 598 404 146 61 287 723 0 776 306 233 51 600 745 230 711 450 687 564 714 737 51 926 792 964 870 
788 399 800 177 197 327 216 173 351 241 1 849 91 884 51 567 833 778 972 769 514 776 0 334 894 660 506 563 290 213 144 158 654 878 300 979 213 613 908 211 
579 165 509 555 692 296 485 575 919 166 426 808 757 399 556 33 569 368 99 907 579 306 334 0 25 239 410 262 243 768 419 841 359 343 663 634 638 666 67 302 
719 488 622 152 162 499 553 207 321 50 255 431 484 879 983 107 621 594 396 947 837 233 894 25 0 449 164 549 187 125 218 846 400 649 649 300 469 351 145 182 
189 127 967 741 973 169 553 616 538 621 279 903 705 707 626 179 166 633 471 574 881 51 660 239 449 0 231 930 820 971 26 447 500 927 555 113 741 35 938 365 
536 689 712 259 443 302 597 118 280 623 665 979 860 994 522 791 637 824 947 955 113 600 506 410 164 231 0 814 229 299 878 684 161 814 516 62 391 70 966 715 
388 571 852 860 365 789 251 135 483 118 707 743 86 774 725 671 598 308 534 439 186 745 563 262 549 930 814 0 505 363 816 306 495 115 601 816 404 100 681 189 
212 120 906 414 171 334 865 279 695 629 156 14 864 314 278 341 630 691 571 848 271 230 290 243 187 820 229 505 0 137 194 614 126 672 321 801 555 818 245 102 
374 603 419 476 218 114 234 606 965 728 299 686 194 251 586 340 912 545 656 713 280 711 213 768 125 971 299 363 137 0 332 462 476 662 706 266 971 149 705 307 
1000 47 703 338 479 319 479 153 517 954 342 652 763 826 162 536 433 706 47 444 670 450 144 419 218 26 878 816 194 332 0 248 244 6 582 567 908 867 352 28 
418 111 245 333 395 41 974 503 79 446 104 920 893 161 850 149 677 855 8 925 964 687 158 841 846 447 684 306 614 462 248 0 300 49 988 669 228 27 825 639 
630 156 708 912 984 310 139 400 231 476 559 683 260 853 459 687 617 716 695 55 175 564 654 359 400 500 161 495 126 476 244 300 0 906 272 136 980 625 540 624 
160 88 474 422 722 312 810 222 13 645 182 652 272 359 492 77 45 669 849 223 597 714 878 343 649 927 814 115 672 662 6 49 906 0 658 127 133 546 981 642 
916 347 282 844 598 881 197 521 29 226 572 652 183 784 714 22 138 348 154 957 793 737 300 663 649 555 516 601 321 706 582 988 272 658 0 614 466 235 946 955 
685 403 750 175 421 2 124 860 417 43 131 214 168 83 404 483 615 211 51 240 130 51 979 634 300 113 62 816 801 266 567 669 136 127 614 0 266 72 505 326 
156 548 579 601 496 16 353 368 242 1000 449 587 234 867 116 715 455 296 996 134 952 926 213 638 469 741 391 404 555 971 908 228 980 133 466 266 0 603 966 44 
242 664 480 610 65 10 116 264 991 363 644 246 141 70 741 359 505 140 409 481 156 792 613 666 351 35 70 100 818 149 867 27 625 546 235 72 603 0 37 650 
577 461 31 469 363 141 46 302 567 216 55 428 740 297 936 857 339 962 274 328 401 964 908 67 145 938 966 681 245 705 352 825 540 981 946 505 966 37 0 36 
628 721 437 39 580 774 520 942 390 505 971 196 540 616 439 534 66 439 900 226 563 870 211 302 182 365 715 189 102 307 28 639 624 642 955 326 44 650 36 0 
0 198 408 493 689 286 729 511 247 656 346 476 901 321 453 64 639 712 574 667 474 319 323 97 473 937 730 749 514 76 572 843 224 719 629 455 738 222 429 815 
198 0 997 459 280 953 967 647 807 117 424 845 220 35 727 684 450 317 660 542 229 498 978 149 804 781 925 36 580 594 653 146 497 198 287 510 92 404 357 750 
408 997 0 10 589 902 589 877 880 262 245 667 604 719 54 527 37 866 917 338 129 865 309 332 708 340 270 799 595 667 1 560 853 436 124 581 580 621 173 695 
493 459 10 0 370 816 987 238 19 36 509 412 870 594 553 668 197 937 499 624 690 209 601 462 264 683 850 247 509 167 48 329 578 269 579 144 694 767 337 766 
689 280 589 370 0 997 666 783 176 169 507 853 493 455 178 85 249 947 89 66 164 300 242 813 913 947 954 31 752 280 135 681 188 143 138 94 487 677 980 804 
286 953 902 816 997 0 213 503 412 712 277 891 68 30 671 97 289 434 431 216 179 154 907 440 744 913 285 816 797 350 292 983 84 846 678 951 53 998 429 210 
729 967 589 987 666 213 0 71 625 661 832 491 450 631 372 209 110 501 860 54 742 593 807 936 137 917 78 427 923 373 560 346 787 465 167 544 942 890 393 763 
511 647 877 238 783 503 71 0 813 155 577 282 553 846 182 480 280 19 71 802 433 177 529 849 49 663 792 4 170 998 692 713 192 860 918 941 696 917 64 964 
247 807 880 19 176 412 625 813 0 170 424 263 674 271 448 594 392 45 614 471 873 160 712 733 339 714 29 988 69 491 911 272 333 506 566 83 17 521 883 319 
656 117 262 36 169 712 661 155 170 0 258 18 914 414 699 627 285 450 289 331 856 477 799 944 120 467 273 187 3 718 648 949 88 224 686 283 98 58 448 931 
346 424 245 509 507 277 832 577 424 258 0 583 300 880 151 199 473 580 162 188 31 931 932 333 571 408 550 991 487 281 791 758 862 864 363 280 284 364 275 911 
476 845 667 412 853 891 491 282 263 18 583 0 430 300 729 131 760 500 600 789 195 499 812 751 572 591 248 423 470 952 524 582 321 148 19 217 826 666 592 316 
901 220 604 870 493 68 450 553 674 914 300 430 0 475 654 9 153 642 91 368 413 133 865 265 735 394 395 655 61 89 233 508 734 806 724 427 366 428 853 557 
321 35 719 594 455 30 631 846 271 414 880 300 475 0 22 395 409 48 105 40 766 100 575 303 565 704 556 624 188 497 436 627 576 882 322 65 896 758 206 311 
453 727 54 553 178 671 372 182 448 699 151 729 654 22 0 526 819 309 835 57 757 827 262 605 954 695 668 112 239 787 387 598 726 992 377 402 355 941 682 392 
64 684 527 668 85 97 209 480 594 627 199 131 9 395 526 0 720 73 99 226 188 689 782 448 63 246 858 192 357 666 724 313 525 409 221 349 733 335 254 984 
639 450 37 197 249 289 110 280 392 285 473 760 153 409 819 720 0 294 641 674 982 350 45 811 753 558 639 555 485 415 486 824 398 77 704 341 91 506 647 415 
712 317 866 937 947 434 501 19 45 450 580 500 642 48 309 73 294 0 543 400 356 909 409 833 676 874 242 520 133 189 888 23 611 961 704 117 561 45 868 793 
574 660 917 499 89 431 860 71 614 289 162 600 91 105 835 99 641 543 0 105 845 901 749 126 578 908 903 487 81 71 131 122 293 37 617 941 447 128 742 244 
667 542 338 624 66 216 54 802 471 331 188 789 368 40 57 226 674 400 105 0 862 56 127 852 754 907 275 351 12 402 282 220 643 212 18 36 536 193 390 845 
474 229 129 690 164 179 742 433 873 856 31 195 413 766 757 188 982 356 845 862 0 141 667 558 564 178 243 60 763 930 632 64 776 535 304 220 445 486 17 929 
319 498 865 209 300 154 593 177 160 477 931 499 133 100 827 689 350 909 901 56 141 0 653 258 173 350 593 859 104 901 482 6 859 39 387 74 917 790 106 210 
323 978 309 601 242 907 807 529 712 799 932 812 865 575 262 782 45 409 749 127 667 653 0 785 412 303 632 354 80 950 322 365 428 218 21 262 512 453 160 185 
97 149 332 462 813 440 936 849 733 944 333 751 265 303 605 448 811 833 126 852 558 258 785 0 549 459 946 841 141 503 914 566 4 581 972 468 954 970 403 311 
473 804 708 264 913 744 137 49 339 120 571 572 735 565 954 63 753 676 578 754 564 173 412 549 0 458 925 695 433 669 598 456 568 714 957 991 485 927 749 274 
937 781 340 683 947 913 917 663 714 467 408 591 394 704 695 246 558 874 908 907 178 350 303 459 458 0 409 747 373 284 406 699 695 920 747 591 18 219 759 223 
730 925 270 850 954 285 78 792 29 273 550 248 395 556 668 858 639 242 903 275 243 593 632 946 925 409 0 243 426 274 114 161 685 498 103 754 282 737 70 581 
749 36 799 247 31 816 427 4 988 187 991 423 655 624 112 192 555 520 487 351 60 859 354 841 695 747 243 0 500 756 60 756 712 485 223 451 96 67 814 614 
514 580 595 509 752 797 923 170 69 3 487 470 61 188 239 357 485 133 81 12 763 104 80 141 433 373 426 500 0 574 481 113 260 895 689 44 753 110 570 938 
76 594 667 167 280 350 373 998 491 718 281 952 89 497 787 666 415 189 71 402 930 901 950 503 669 284 274 756 574 0 60 537 112 216 28 579 95 933 904 456 
572 653 1 48 135 292 560 692 911 648 791 524 233 436 387 724 486 888 131 282 632 482 322 914 598 406 114 60 481 60 0 123 733 387 535 458 864 547 179 895 
843 146 560 329 681 983 346 713 272 949 758 582 508 627 598 313 824 23 122 220 64 6 365 566 456 699 161 756 113 537 123 0 217 328 782 992 503 804 249 226 
224 497 853 578 188 84 787 192 333 88 862 321 734 576 726 525 398 611 293 643 776 859 428 4 568 695 685 712 260 112 733 217 0 135 838 537 69 743 825 155 
719 198 436 269 143 846 465 860 506 224 864 148 806 882 992 409 77 961 37 212 535 39 218 581 714 920 498 485 895 216 387 328 135 0 742 432 17 618 172 304 
629 287 124 579 138 678 167 918 566 686 363 19 724 322 377 221 704 704 617 18 304 387 21 972 957 747 103 223 689 28 535 782 838 742 0 186 336 732 243 775 
455 510 581 144 94 951 544 941 83 283 280 217 427 65 402 349 341 117 941 36 220 74 262 468 991 591 754 451 44 579 458 992 537 432 186 0 781 956 185 146 
738 92 580 694 487 53 942 696 17 98 284 826 366 896 355 733 91 561 447 536 445 917 512 954 485 18 282 96 753 95 864 503 69 17 336 781 0 40 49 231 
222 404 621 767 677 998 890 917 521 58 364 666 428 758 941 335 506 45 128 193 486 790 453 970 927 219 737 67 110 933 547 804 743 618 732 956 40 0 32 664 
429 357 173 337 980 429 393 64 883 448 275 592 853 206 682 254 647 868 742 390 17 106 160 403 749 759 70 814 570 904 179 249 825 172 243 185 49 32 0 908 
815 750 695 766 804 210 763 964 319 931 911 316 557 311 392 984 415 793 244 845 929 210 185 311 274 223 581 614 938 456 895 226 155 304 775 146 231 664 908 0 
0 198 408 493 689 286 729 511 247 656 346 476 901 321 453 64 639 712 574 667 474 319 323 97 473 937 730 749 514 76 572 843 224 719 629 455 738 222 429 815 
198 0 997 459 280 953 967 647 807 117 424 845 220 35 727 684 450 317 660 542 229 498 978 149 804 781 925 36 580 594 653 146 497 198 287 510 92 404 357 750 
408 997 0 10 589 902 589 877 880 262 245 667 604 719 54 527 37 866 917 338 129 865 309 332 708 340 270 799 595 667 1 560 853 436 124 581 580 621 173 695 
493 459 10 0 370 816 987 238 19 36 509 412 870 594 553 668 197 937 499 624 690 209 601 462 264 683 850 247 509 167 48 329 578 269 579 144 694 767 337 766 
689 280 589 370 0 997 666 783 176 169 507 853 493 455 178 85 249 947 89 66 164 300 242 813 913 947 954 31 752 280 135 681 188 143 138 94 487 677 980 804 
286 953 902 816 997 0 213 503 412 712 277 891 68 30 671 97 289 434 431 216 179 154 907 440 744 913 285 816 797 350 292 983 84 846 678 951 53 998 429 210 
729 967 589 987 666 213 0 71 625 661 832 491 450 631 372 209 110 501 860 54 742 593 807 936 137 917 78 427 923 373 560 346 787 465 167 544 942 890 393 763 
511 647 877 238 783 503 71 0 813 155 577 282 553 846 182 480 280 19 71 802 433 177 529 849 49 663 792 4 170 998 692 713 192 860 918 941 696 917 64 964 
247 807 880 19 176 412 625 813 0 170 424 263 674 271 448 594 392 45 614 471 873 160 712 733 339 714 29 988 69 491 911 272 333 506 566 83 17 521 883 319 
656 117 262 36 169 712 661 155 170 0 258 18 914 414 699 627 285 450 289 331 856 477 799 944 120 467 273 187 3 718 648 949 88 224 686 283 98 58 448 931 
346 424 245 509 507 277 832 577 424 258 0 583 300 880 151 199 473 580 162 188 31 931 932 333 571 408 550 991 487 281 791 758 862 864 363 280 284 364 275 911 
476 845 667 412 853 891 491 282 263 18 583 0 430 300 729 131 760 500 600 789 195 499 812 751 572 591 248 423 470 952 524 582 321 148 19 217 826 666 592 316 
901 220 604 870 493 68 450 553 674 914 300 430 0 475 654 9 153 642 91 368 413 133 865 265 735 394 395 655 61 89 233 508 734 806 724 427 366 428 853 557 
321 35 719 594 455 30 631 846 271 414 880 300 475 0 22 395 409 48 105 40 766 100 575 303 565 704 556 624 188 497 436 627 576 882 322 65 896 758 206 311 
453 727 54 553 178 671 372 182 448 699 151 729 654 22 0 526 819 309 835 57 757 827 262 605 954 695 668 112 239 787 387 598 726 992 377 402 355 941 682 392 
64 684 527 668 85 97 209 480 594 627 199 131 9 395 526 0 720 73 99 226 188 689 782 448 63 246 858 192 357 666 724 313 525 409 221 349 733 335 254 984 
639 450 37 197 249 289 110 280 392 285 473 760 153 409 819 720 0 294 641 674 982 350 45 811 753 558 639 555 485 415 486 824 398 77 704 341 91 506 647 415 
712 317 866 937 947 434 501 19 45 450 580 500 642 48 309 73 294 0 543 400 356 909 409 833 676 874 242 520 133 189 888 23 611 961 704 117 561 45 868 793 
574 660 917 499 89 431 860 71 614 289 162 600 91 105 835 99 641 543 0 105 845 901 749 126 578 908 903 487 81 71 131 122 293 37 617 941 447 128 742 244 
667 542 338 624 66 216 54 802 471 331 188 789 368 40 57 226 674 400 105 0 862 56 127 852 754 907 275 351 12 402 282 220 643 212 18 36 536 193 390 845 
474 229 129 690 164 179 742 433 873 856 31 195 413 766 757 188 982 356 845 862 0 141 667 558 564 178 243 60 763 930 632 64 776 535 304 220 445 486 17 929 
319 498 865 209 300 154 593 177 160 477 931 499 133 100 827 689 350 909 901 56 141 0 653 258 173 350 593 859 104 901 482 6 859 39 387 74 917 790 106 210 
323 978 309 601 242 907 807 529 712 799 932 812 865 575 262 782 45 409 749 127 667 653 0 785 412 303 632 354 80 950 322 365 428 218 21 262 512 453 160 185 
97 149 332 462 813 440 936 849 733 944 333 751 265 303 605 448 811 833 126 852 558 258 785 0 549 459 946 841 141 503 914 566 4 581 972 468 954 970 403 311 
473 804 708 264 913 744 137 49 339 120 571 572 735 565 954 63 753 676 578 754 564 173 412 549 0 458 925 695 433 669 598 456 568 714 957 991 485 927 749 274 
937 781 340 683 947 913 917 663 714 467 408 591 394 704 695 246 558 874 908 907 178 350 303 459 458 0 409 747 373 284 406 699 695 920 747 591 18 219 759 223 
730 925 270 850 954 285 78 792 29 273 550 248 395 556 668 858 639 242 903 275 243 593 632 946 925 409 0 243 426 274 114 161 685 498 103 754 282 737 70 581 
749 36 799 247 31 816 427 4 988 187 991 423 655 624 112 192 555 520 487 351 60 859 354 841 695 747 243 0 500 756 60 756 712 485 223 451 96 67 814 614 
514 580 595 509 752 797 923 170 69 3 487 470 61 188 239 357 485 133 81 12 763 104 80 141 433 373 426 500 0 574 481 113 260 895 689 44 753 110 570 938 
76 594 667 167 280 350 373 998 491 718 281 952 89 497 787 666 415 189 71 402 930 901 950 503 669 284 274 756 574 0 60 537 112 216 28 579 95 933 904 456 
572 653 1 48 135 292 560 692 911 648 791 524 233 436 387 724 486 888 131 282 632 482 322 914 598 406 114 60 481 60 0 123 733 387 535 458 864 547 179 895 
843 146 560 329 681 983 346 713 272 949 758 582 508 627 598 313 824 23 122 220 64 6 365 566 456 699 161 756 113 537 123 0 217 328 782 992 503 804 249 226 
224 497 853 578 188 84 787 192 333 88 862 321 734 576 726 525 398 611 293 643 776 859 428 4 568 695 685 712 260 112 733 217 0 135 838 537 69 743 825 155 
719 198 436 269 143 846 465 860 506 224 864 148 806 882 992 409 77 961 37 212 535 39 218 581 714 920 498 485 895 216 387 328 135 0 742 432 17 618 172 304 
629 287 124 579 138 678 167 918 566 686 363 19 724 322 377 221 704 704 617 18 304 387 21 972 957 747 103 223 689 28 535 782 838 742 0 186 336 732 243 775 
455 510 581 144 94 951 544 941 83 283 280 217 427 65 402 349 341 117 941 36 220 74 262 468 991 591 754 451 44 579 458 992 537 432 186 0 781 956 185 146 
738 92 580 694 487 53 942 696 17 98 284 826 366 896 355 733 91 561 447 536 445 917 512 954 485 18 282 96 753 95 864 503 69 17 336 781 0 40 49 231 
222 404 621 767 677 998 890 917 521 58 364 666 428 758 941 335 506 45 128 193 486 790 453 970 927 219 737 67 110 933 547 804 743 618 732 956 40 0 32 664 
429 357 173 337 980 429 393 64 883 448 275 592 853 206 682 254 647 868 742 390 17 106 160 403 749 759 70 814 570 904 179 249 825 172 243 185 49 32 0 908 
815 750 695 766 804 210 763 964 319 931 911 316 557 311 392 984 415 793 244 845 929 210 185 311 274 223 581 614 938 456 895 226 155 304 775 146 231 664 908 0 
