6 3
0 598 743 1 484 832 
598 0 703 248 94 391 
743 703 0 593 298 516 
1 248 593 0 664 813 
484 94 298 664 0 822 
832 391 516 813 822 0 
0 999 166 905 842 282 
999 0 92 619 568 536 
166 92 0 998 96 816 
905 619 998 0 903 657 
842 568 96 903 0 235 
282 536 816 657 235 0 
0 405 610 747 659 193 
405 0 24 212 943 706 
610 24 0 783 251 706 
747 212 783 0 434 596 
659 943 251 434 0 239 
193 706 706 596 239 0 
0 979 671 386 617 179 
979 0 468 251 267 624 
671 468 0 405 831 146 
386 251 405 0 858 800 
617 267 831 858 0 602 
179 624 146 800 602 0 
