30 2
0 822 902 999 754 569 790 323 197 326 706 456 668 249 214 79 623 689 60 661 914 582 430 856 241 434 307 866 498 617 
822 0 345 685 815 468 747 535 972 705 388 607 702 359 397 964 179 197 237 348 703 16 972 439 187 895 705 355 792 258 
902 345 0 86 408 515 698 906 706 434 713 322 447 80 356 308 729 472 791 515 864 191 971 957 261 792 375 899 20 349 
999 685 86 0 325 315 543 143 558 265 624 764 805 399 731 222 710 709 927 507 789 245 647 803 124 890 711 786 886 126 
754 815 408 325 0 810 386 992 934 707 22 379 934 825 403 783 796 73 799 536 839 952 446 953 487 520 558 556 613 213 
569 468 515 315 810 0 254 138 292 147 816 926 399 190 775 749 952 491 71 961 726 683 881 170 606 528 136 8 373 636 
790 747 698 543 386 254 0 911 948 495 61 14 84 432 189 500 483 717 957 443 245 442 803 301 466 363 957 887 221 460 
323 535 906 143 992 138 911 0 981 169 85 169 743 896 502 84 970 762 55 856 510 967 200 184 647 451 316 410 771 760 
197 972 706 558 934 292 948 981 0 886 614 749 712 417 302 152 26 389 860 780 296 360 85 24 242 760 707 518 104 574 
326 705 434 265 707 147 495 169 886 0 706 631 584 994 990 229 769 245 303 773 402 618 897 480 740 168 626 528 90 723 
706 388 713 624 22 816 61 85 614 706 0 572 193 331 440 990 447 976 988 770 677 21 910 283 84 256 386 71 735 812 
456 607 322 764 379 926 14 169 749 631 572 0 512 849 747 403 751 956 611 175 173 733 828 763 559 964 8 127 369 390 
668 702 447 805 934 399 84 743 712 584 193 512 0 458 14 818 49 441 379 938 567 445 247 666 687 886 658 74 833 904 
249 359 80 399 825 190 432 896 417 994 331 849 458 0 69 604 116 101 132 318 581 757 901 643 943 284 998 24 494 452 
214 397 356 731 403 775 189 502 302 990 440 747 14 69 0 977 303 899 364 306 314 527 279 862 269 135 472 857 376 399 
79 964 308 222 783 749 500 84 152 229 990 403 818 604 977 0 366 431 595 755 526 240 963 569 690 900 273 147 45 937 
623 179 729 710 796 952 483 970 26 769 447 751 49 116 303 366 0 880 87 109 904 280 262 930 757 827 580 545 134 762 
689 197 472 709 73 491 717 762 389 245 976 956 441 101 899 431 880 0 102 7 672 449 248 680 413 363 34 831 165 788 
60 237 791 927 799 71 957 55 860 303 988 611 379 132 364 595 87 102 0 469 42 860 180 395 340 594 136 93 462 399 
661 348 515 507 536 961 443 856 780 773 770 175 938 318 306 755 109 7 469 0 833 241 639 494 488 404 690 393 214 800 
914 703 864 789 839 726 245 510 296 402 677 173 567 581 314 526 904 672 42 833 0 498 54 895 731 676 405 114 312 177 
582 16 191 245 952 683 442 967 360 618 21 733 445 757 527 240 280 449 860 241 498 0 438 525 37 410 315 82 909 197 
430 972 971 647 446 881 803 200 85 897 910 828 247 901 279 963 262 248 180 639 54 438 0 943 937 237 903 841 598 327 
856 439 957 803 953 170 301 184 24 480 283 763 666 643 862 569 930 680 395 494 895 525 943 0 328 358 999 192 404 216 
241 187 261 124 487 606 466 647 242 740 84 559 687 943 269 690 757 413 340 488 731 37 937 328 0 519 975 336 146 173 
434 895 792 890 520 528 363 451 760 168 256 964 886 284 135 900 827 363 594 404 676 410 237 358 519 0 698 474 61 351 
307 705 375 711 558 136 957 316 707 626 386 8 658 998 472 273 580 34 136 690 405 315 903 999 975 698 0 421 287 241 
866 355 899 786 556 8 887 410 518 528 71 127 74 24 857 147 545 831 93 393 114 82 841 192 336 474 421 0 723 1 
498 792 20 886 613 373 221 771 104 90 735 369 833 494 376 45 134 165 462 214 312 909 598 404 146 61 287 723 0 849 
617 258 349 126 213 636 460 760 574 723 812 390 904 452 399 937 762 788 399 800 177 197 327 216 173 351 241 1 849 0 
0 233 847 374 446 849 816 603 145 599 460 166 624 425 118 56 656 977 18 437 498 93 454 529 593 626 742 213 782 854 
233 0 153 476 893 714 567 577 796 348 535 717 477 3 586 82 165 832 789 68 111 297 743 135 211 624 154 133 518 258 
847 153 0 234 149 649 127 469 270 626 883 49 562 81 589 462 36 779 625 305 571 405 129 264 574 724 856 713 749 369 
374 476 234 0 8 115 261 46 365 701 299 553 682 724 885 247 168 258 812 478 227 255 90 747 735 54 899 689 746 139 
446 893 149 8 0 6 156 216 665 347 3 94 823 975 180 260 661 352 900 741 791 337 604 747 499 589 413 859 653 686 
849 714 649 115 6 0 601 740 587 264 497 911 338 251 801 19 770 72 630 138 689 804 753 712 712 331 872 901 70 414 
816 567 127 261 156 601 0 857 690 386 206 62 452 395 511 423 908 342 512 365 331 962 43 876 860 667 188 562 961 146 
603 577 469 46 216 740 857 0 858 599 524 22 232 37 984 625 62 977 612 873 557 295 167 937 428 368 336 842 955 144 
145 796 270 365 665 587 690 858 0 232 20 559 253 643 238 708 190 378 909 534 350 166 639 994 289 182 845 628 292 780 
599 348 626 701 347 264 386 599 232 0 396 270 69 729 491 139 121 56 618 297 806 87 222 501 585 226 454 113 775 961 
460 535 883 299 3 497 206 524 20 396 0 910 733 712 71 408 864 185 541 36 155 905 197 607 91 724 249 735 519 479 
166 717 49 553 94 911 62 22 559 270 910 0 492 987 14 920 67 101 939 639 207 64 216 450 108 105 705 12 533 125 
624 477 562 682 823 338 452 232 253 69 733 492 0 273 178 725 263 654 178 12 818 538 110 47 99 834 450 69 512 869 
425 3 81 724 975 251 395 37 643 729 712 987 273 0 998 794 238 421 586 271 813 668 184 642 110 965 224 990 581 473 
118 586 589 885 180 801 511 984 238 491 71 14 178 998 0 755 416 979 538 985 453 602 285 197 590 839 628 882 333 448 
56 82 462 247 260 19 423 625 708 139 408 920 725 794 755 0 88 551 48 823 187 209 24 73 928 830 339 739 27 264 
656 165 36 168 661 770 908 62 190 121 864 67 263 238 416 88 0 459 891 889 553 697 153 969 245 902 925 347 97 296 
977 832 779 258 352 72 342 977 378 56 185 101 654 421 979 551 459 0 488 321 780 627 531 960 911 840 148 520 825 137 
18 789 625 812 900 630 512 612 909 618 541 939 178 586 538 48 891 488 0 483 372 392 720 925 641 639 549 990 462 234 
437 68 305 478 741 138 365 873 534 297 36 639 12 271 985 823 889 321 483 0 493 9 473 242 527 754 138 323 85 120 
498 111 571 227 791 689 331 557 350 806 155 207 818 813 453 187 553 780 372 493 0 339 444 404 980 867 760 680 936 67 
93 297 405 255 337 804 962 295 166 87 905 64 538 668 602 209 697 627 392 9 339 0 63 556 741 521 203 601 946 735 
454 743 129 90 604 753 43 167 639 222 197 216 110 184 285 24 153 531 720 473 444 63 0 857 836 345 319 1000 944 858 
529 135 264 747 747 712 876 937 994 501 607 450 47 642 197 73 969 960 925 242 404 556 857 0 742 102 737 807 786 63 
593 211 574 735 499 712 860 428 289 585 91 108 99 110 590 928 245 911 641 527 980 741 836 742 0 674 209 787 265 724 
626 624 724 54 589 331 667 368 182 226 724 105 834 965 839 830 902 840 639 754 867 521 345 102 674 0 543 799 377 578 
742 154 856 899 413 872 188 336 845 454 249 705 450 224 628 339 925 148 549 138 760 203 319 737 209 543 0 632 448 946 
213 133 713 689 859 901 562 842 628 113 735 12 69 990 882 739 347 520 990 323 680 601 1000 807 787 799 632 0 3 173 
782 518 749 746 653 70 961 955 292 775 519 533 512 581 333 27 97 825 462 85 936 946 944 786 265 377 448 3 0 96 
854 258 369 139 686 414 146 144 780 961 479 125 869 473 448 264 296 137 234 120 67 735 858 63 724 578 946 173 96 0 
0 25 261 419 920 597 266 476 660 236 316 293 874 508 121 326 117 917 583 328 949 562 541 199 857 421 433 759 45 493 
25 0 466 114 850 343 136 31 73 289 382 658 679 486 837 586 924 577 339 901 411 824 686 135 390 66 738 100 19 785 
261 466 0 965 855 814 35 141 677 189 275 261 878 749 825 171 169 742 498 291 804 145 899 501 660 431 31 698 127 27 
419 114 965 0 964 662 771 567 32 730 137 774 785 715 125 807 540 961 809 510 220 298 443 627 543 802 727 350 722 921 
920 850 855 964 0 906 579 428 246 422 413 294 302 960 26 377 155 199 116 841 616 23 684 524 89 181 766 179 211 369 
597 343 814 662 906 0 16 936 165 635 311 185 15 263 361 176 389 235 462 227 300 675 334 317 415 188 303 56 75 588 
266 136 35 771 579 16 0 962 966 766 758 778 910 799 647 554 806 500 63 540 916 882 357 499 71 160 982 33 706 1000 
476 31 141 567 428 936 962 0 69 895 796 184 23 161 719 813 811 39 844 675 84 217 456 947 375 40 653 375 554 172 
660 73 677 32 246 165 966 69 0 388 767 585 244 266 783 209 929 871 584 419 385 965 450 25 162 150 862 469 349 25 
236 289 189 730 422 635 766 895 388 0 19 594 74 967 829 586 485 931 945 663 307 15 537 19 181 674 684 348 361 707 
316 382 275 137 413 311 758 796 767 19 0 451 305 327 171 837 624 349 351 518 906 564 249 153 105 136 195 730 227 251 
293 658 261 774 294 185 778 184 585 594 451 0 183 666 330 958 315 441 164 227 652 684 6 580 113 814 100 444 861 857 
874 679 878 785 302 15 910 23 244 74 305 183 0 807 310 702 447 711 15 972 479 647 280 499 641 19 777 680 151 206 
508 486 749 715 960 263 799 161 266 967 327 666 807 0 389 434 616 587 146 110 267 85 387 48 67 821 344 844 829 804 
121 837 825 125 26 361 647 719 783 829 171 330 310 389 0 281 811 816 93 315 727 708 473 303 402 620 493 485 468 97 
326 586 171 807 377 176 554 813 209 586 837 958 702 434 281 0 348 670 549 813 35 480 629 294 802 991 885 710 326 913 
117 924 169 540 155 389 806 811 929 485 624 315 447 616 811 348 0 834 107 844 178 332 409 420 994 349 48 452 149 314 
917 577 742 961 199 235 500 39 871 931 349 441 711 587 816 670 834 0 134 35 247 199 286 449 618 201 602 685 632 49 
583 339 498 809 116 462 63 844 584 945 351 164 15 146 93 549 107 134 0 795 182 68 838 627 499 703 130 817 813 970 
328 901 291 510 841 227 540 675 419 663 518 227 972 110 315 813 844 35 795 0 551 395 338 934 69 630 948 978 297 571 
949 411 804 220 616 300 916 84 385 307 906 652 479 267 727 35 178 247 182 551 0 895 164 882 684 768 740 248 849 731 
562 824 145 298 23 675 882 217 965 15 564 684 647 85 708 480 332 199 68 395 895 0 114 810 559 960 778 242 728 565 
541 686 899 443 684 334 357 456 450 537 249 6 280 387 473 629 409 286 838 338 164 114 0 414 354 141 498 199 333 393 
199 135 501 627 524 317 499 947 25 19 153 580 499 48 303 294 420 449 627 934 882 810 414 0 409 626 598 529 624 753 
857 390 660 543 89 415 71 375 162 181 105 113 641 67 402 802 994 618 499 69 684 559 354 409 0 746 300 46 303 120 
421 66 431 802 181 188 160 40 150 674 136 814 19 821 620 991 349 201 703 630 768 960 141 626 746 0 135 932 444 754 
433 738 31 727 766 303 982 653 862 684 195 100 777 344 493 885 48 602 130 948 740 778 498 598 300 135 0 744 811 553 
759 100 698 350 179 56 33 375 469 348 730 444 680 844 485 710 452 685 817 978 248 242 199 529 46 932 744 0 749 412 
45 19 127 722 211 75 706 554 349 361 227 861 151 829 468 326 149 632 813 297 849 728 333 624 303 444 811 749 0 948 
493 785 27 921 369 588 1000 172 25 707 251 857 206 804 97 913 314 49 970 571 731 565 393 753 120 754 553 412 948 0 
