15 4
0 751 933 594 572 672 656 602 971 148 639 557 935 720 38 
751 0 256 115 619 1000 878 547 519 77 545 6 489 950 597 
933 256 0 601 896 623 998 290 74 40 622 589 445 373 685 
594 115 601 0 14 204 102 987 799 176 876 130 837 412 11 
572 619 896 14 0 70 715 773 966 381 73 534 186 685 919 
672 1000 623 204 70 0 215 904 114 405 87 322 984 7 661 
656 878 998 102 715 215 0 213 99 342 668 517 881 227 28 
602 547 290 987 773 904 213 0 151 607 445 270 654 435 831 
971 519 74 799 966 114 99 151 0 527 448 839 779 190 715 
148 77 40 176 381 405 342 607 527 0 941 873 112 299 994 
639 545 622 876 73 87 668 445 448 941 0 926 312 264 584 
557 6 589 130 534 322 517 270 839 873 926 0 212 579 698 
935 489 445 837 186 984 881 654 779 112 312 212 0 834 449 
720 950 373 412 685 7 227 435 190 299 264 579 834 0 140 
38 597 685 11 919 661 28 831 715 994 584 698 449 140 0 
0 173 293 611 255 906 8 454 249 900 760 249 104 400 284 
173 0 706 99 101 499 704 438 527 254 746 741 837 160 635 
293 706 0 413 112 988 957 482 299 140 126 226 324 407 788 
611 99 413 0 822 333 986 984 355 524 364 207 887 384 295 
255 101 112 822 0 141 839 644 171 475 151 589 864 953 367 
906 499 988 333 141 0 559 241 940 780 65 481 34 796 304 
8 704 957 986 839 559 0 83 526 950 72 800 718 742 690 
454 438 482 984 644 241 83 0 587 377 691 192 411 283 939 
249 527 299 355 171 940 526 587 0 259 725 958 61 948 636 
900 254 140 524 475 780 950 377 259 0 832 775 507 16 407 
760 746 126 364 151 65 72 691 725 832 0 403 762 711 317 
249 741 226 207 589 481 800 192 958 775 403 0 417 291 379 
104 837 324 887 864 34 718 411 61 507 762 417 0 510 828 
400 160 407 384 953 796 742 283 948 16 711 291 510 0 82 
284 635 788 295 367 304 690 939 636 407 317 379 828 82 0 
0 196 676 570 233 825 113 389 215 804 625 139 116 374 384 
196 0 595 97 42 605 775 419 717 234 541 719 834 169 575 
676 595 0 268 112 983 913 535 337 136 270 113 197 425 863 
570 97 268 0 737 306 811 812 471 592 493 84 789 452 341 
233 42 112 737 0 237 800 579 360 572 277 477 733 962 529 
825 605 983 306 237 0 585 293 945 703 15 518 225 882 415 
113 775 913 811 800 585 0 8 362 987 227 846 824 672 811 
389 419 535 812 579 293 8 0 554 558 636 190 505 290 983 
215 717 337 471 360 945 362 554 0 376 871 992 79 805 799 
804 234 136 592 572 703 987 558 376 0 910 844 328 131 594 
625 541 270 493 277 15 227 636 871 910 0 314 665 814 83 
139 719 113 84 477 518 846 190 992 844 314 0 378 272 162 
116 834 197 789 733 225 824 505 79 328 665 378 0 471 840 
374 169 425 452 962 882 672 290 805 131 814 272 471 0 34 
384 575 863 341 529 415 811 983 799 594 83 162 840 34 0 
0 143 330 498 486 779 12 585 348 860 787 189 83 551 158 
143 0 809 366 230 513 548 533 520 329 859 839 843 243 589 
330 809 0 426 31 852 764 533 275 46 79 78 246 430 956 
498 366 426 0 838 347 929 861 343 728 560 445 875 228 221 
486 230 31 838 0 204 701 594 205 476 118 444 976 950 373 
779 513 852 347 204 0 558 110 970 644 20 402 26 789 373 
12 548 764 929 701 558 0 180 568 898 179 866 600 711 891 
585 533 533 861 594 110 180 0 473 337 746 207 570 452 879 
348 520 275 343 205 970 568 473 0 453 866 975 109 967 652 
860 329 46 728 476 644 898 337 453 0 986 754 459 26 575 
787 859 79 560 118 20 179 746 866 986 0 540 801 675 412 
189 839 78 445 444 402 866 207 975 754 540 0 453 311 506 
83 843 246 875 976 26 600 570 109 459 801 453 0 263 648 
551 243 430 228 950 789 711 452 967 26 675 311 263 0 6 
158 589 956 221 373 373 891 879 652 575 412 506 648 6 0 
0 142 247 427 335 850 135 254 219 988 653 173 46 290 74 
142 0 863 2 17 572 644 229 633 354 794 783 783 143 667 
247 863 0 319 86 883 912 517 594 299 76 160 385 386 793 
427 2 319 0 662 309 904 854 250 587 223 255 751 348 219 
335 17 86 662 0 84 943 773 82 542 253 623 831 991 353 
850 572 883 309 84 0 648 124 806 733 134 255 2 674 286 
135 644 912 904 943 648 0 191 656 967 196 742 838 740 774 
254 229 517 854 773 124 191 0 783 586 820 259 233 279 907 
219 633 594 250 82 806 656 783 0 294 774 937 230 824 702 
988 354 299 587 542 733 967 586 294 0 845 913 592 2 391 
653 794 76 223 253 134 196 820 774 845 0 379 806 856 164 
173 783 160 255 623 255 742 259 937 913 379 0 433 300 227 
46 783 385 751 831 2 838 233 230 592 806 433 0 692 906 
290 143 386 348 991 674 740 279 824 2 856 300 692 0 78 
74 667 793 219 353 286 774 907 702 391 164 227 906 78 0 
