20 3
0 397 703 619 592 354 74 607 826 837 190 140 121 383 385 71 553 998 341 186 
397 0 151 896 852 960 799 527 559 186 299 474 946 392 750 31 575 483 254 542 
703 151 0 14 434 472 966 472 557 984 264 223 45 3 711 517 111 944 279 494 
619 896 14 0 147 602 114 833 6 881 579 639 801 650 501 430 527 78 898 54 
592 852 434 147 0 547 99 403 589 654 834 692 280 966 489 269 846 402 163 330 
354 960 472 602 547 0 151 601 130 779 628 850 316 533 665 147 341 136 177 16 
74 799 966 114 99 151 0 164 534 112 38 99 937 296 833 712 420 875 982 181 
607 527 472 833 403 601 164 0 322 312 597 853 143 154 808 376 298 915 378 634 
826 559 557 6 589 130 534 322 0 212 685 193 80 731 932 480 90 589 4 816 
837 186 984 881 654 779 112 312 212 0 11 970 761 369 663 174 899 329 430 669 
190 299 264 579 834 628 38 597 685 11 0 567 583 719 602 226 940 817 833 308 
140 474 223 639 692 850 99 853 193 970 567 0 674 144 239 993 930 74 89 841 
121 946 45 801 280 316 937 143 80 761 583 674 0 54 515 175 735 247 826 255 
383 392 3 650 966 533 296 154 731 369 719 144 54 0 763 334 383 357 472 900 
385 750 711 501 489 665 833 808 932 663 602 239 515 763 0 994 989 602 857 540 
71 31 517 430 269 147 712 376 480 174 226 993 175 334 994 0 143 118 674 969 
553 575 111 527 846 341 420 298 90 899 940 930 735 383 989 143 0 958 399 233 
998 483 944 78 402 136 875 915 589 329 817 74 247 357 602 118 958 0 758 326 
341 254 279 898 163 177 982 378 4 430 833 89 826 472 857 674 399 758 0 736 
186 542 494 54 330 16 181 634 816 669 308 841 255 900 540 969 233 326 736 0 
0 686 564 398 919 937 918 727 843 329 678 799 70 286 207 176 546 780 644 777 
686 0 936 934 904 499 383 507 715 150 173 939 964 257 890 923 361 85 975 966 
564 936 0 251 829 541 8 472 799 768 840 917 174 616 436 998 448 685 582 182 
398 934 251 0 605 983 520 596 211 810 135 722 705 742 1000 529 506 731 951 548 
919 904 829 605 0 523 213 15 54 158 135 410 393 933 856 582 223 399 859 103 
937 499 541 983 523 0 216 614 872 729 934 346 670 217 293 647 930 690 456 552 
918 383 8 520 213 216 0 874 708 609 326 540 686 411 622 272 506 550 208 632 
727 507 472 596 15 614 874 0 443 433 427 101 894 407 768 596 224 5 731 340 
843 715 799 211 54 872 708 443 0 460 758 259 481 978 484 92 559 304 112 744 
329 150 768 810 158 729 609 433 460 0 128 50 732 73 512 380 889 85 888 72 
678 173 840 135 135 934 326 427 758 128 0 681 134 99 108 746 540 771 889 98 
799 939 917 722 410 346 540 101 259 50 681 0 792 476 77 907 181 762 27 810 
70 964 174 705 393 670 686 894 481 732 134 792 0 698 343 161 639 651 24 960 
286 257 616 742 933 217 411 407 978 73 99 476 698 0 310 724 145 164 912 662 
207 890 436 1000 856 293 622 768 484 512 108 77 343 310 0 87 470 626 962 766 
176 923 998 529 582 647 272 596 92 380 746 907 161 724 87 0 388 166 669 490 
546 361 448 506 223 930 506 224 559 889 540 181 639 145 470 388 0 953 871 401 
780 85 685 731 399 690 550 5 304 85 771 762 651 164 626 166 953 0 487 427 
644 975 582 951 859 456 208 731 112 888 889 27 24 912 962 669 871 487 0 884 
777 966 182 548 103 552 632 340 744 72 98 810 960 662 766 490 401 427 884 0 
0 827 432 329 821 700 1000 630 768 100 542 885 87 212 149 157 483 827 649 722 
827 0 904 741 882 605 461 511 760 305 193 856 969 203 921 951 427 60 979 895 
432 904 0 322 776 517 113 453 810 1000 882 859 252 762 482 956 580 689 509 36 
329 741 322 0 616 960 576 577 191 883 9 753 614 717 908 506 385 446 845 479 
821 882 776 616 0 467 266 219 171 21 111 516 187 740 836 771 98 351 955 202 
700 605 517 960 467 0 201 779 646 777 910 232 585 441 307 601 992 638 478 670 
1000 461 113 576 266 201 0 811 807 563 281 671 668 539 674 244 519 591 194 799 
630 511 453 577 219 779 811 0 395 426 383 91 929 417 787 735 11 160 711 411 
768 760 810 191 171 646 807 395 0 577 589 257 406 873 554 100 520 210 117 617 
100 305 1000 883 21 777 563 426 577 0 59 42 921 24 450 365 835 78 828 139 
542 193 882 9 111 910 281 383 589 59 0 758 104 15 279 755 615 774 912 97 
885 856 859 753 516 232 671 91 257 42 758 0 714 521 296 907 166 817 77 844 
87 969 252 614 187 585 668 929 406 921 104 714 0 737 438 120 485 722 199 962 
212 203 762 717 740 441 539 417 873 24 15 521 737 0 595 809 238 64 992 720 
149 921 482 908 836 307 674 787 554 450 279 296 438 595 0 29 231 579 858 815 
157 951 956 506 771 601 244 735 100 365 755 907 120 809 29 0 358 94 713 473 
483 427 580 385 98 992 519 11 520 835 615 166 485 238 231 358 0 952 853 437 
827 60 689 446 351 638 591 160 210 78 774 817 722 64 579 94 952 0 563 414 
649 979 509 845 955 478 194 711 117 828 912 77 199 992 858 713 853 563 0 994 
722 895 36 479 202 670 799 411 617 139 97 844 962 720 815 473 437 414 994 0 
0 651 311 410 777 850 849 867 771 446 738 743 207 213 214 67 517 905 666 819 
651 0 898 970 700 513 221 462 699 159 139 916 992 148 819 907 348 9 983 871 
311 898 0 194 651 513 12 493 694 675 731 871 274 690 188 989 547 564 734 198 
410 970 194 0 499 852 501 717 188 925 218 868 678 658 962 492 459 690 954 586 
777 700 651 499 0 333 197 81 88 293 13 413 413 939 696 543 160 486 862 144 
850 513 513 852 333 0 298 467 717 622 836 253 761 212 296 405 991 620 635 436 
849 221 12 501 197 298 0 910 671 711 372 656 668 482 587 293 318 625 273 506 
867 462 493 717 81 467 910 0 337 360 470 183 898 357 672 453 256 184 728 498 
771 699 694 188 88 717 671 337 0 627 725 151 519 969 513 34 590 259 84 702 
446 159 675 925 293 622 711 360 627 0 18 170 668 124 569 413 721 144 878 121 
738 139 731 218 13 836 372 470 725 18 0 645 60 98 169 727 483 708 953 36 
743 916 871 868 413 253 656 183 151 170 645 0 837 311 131 887 248 942 16 953 
207 992 274 678 413 761 668 898 519 668 60 837 0 658 288 143 528 649 5 986 
213 148 690 658 939 212 482 357 969 124 98 311 658 0 312 699 61 219 956 556 
214 819 188 962 696 296 587 672 513 569 169 131 288 312 0 83 453 739 993 760 
67 907 989 492 543 405 293 453 34 413 727 887 143 699 83 0 330 208 674 358 
517 348 547 459 160 991 318 256 590 721 483 248 528 61 453 330 0 895 860 423 
905 9 564 690 486 620 625 184 259 144 708 942 649 219 739 208 895 0 430 320 
666 983 734 954 862 635 273 728 84 878 953 16 5 956 993 674 860 430 0 818 
819 871 198 586 144 436 506 498 702 121 36 953 986 556 760 358 423 320 818 0 
