7 2
0 354 977 433 188 905 753 
354 0 244 73 832 51 412 
977 244 0 484 391 403 210 
433 73 484 0 516 430 245 
188 832 391 516 0 147 797 
905 51 403 430 147 0 229 
753 412 210 245 797 229 0 
0 327 317 625 441 610 281 
327 0 476 394 815 797 545 
317 476 0 569 169 896 558 
625 394 569 0 838 92 491 
441 815 169 838 0 154 252 
610 797 896 92 154 0 108 
281 545 558 491 252 108 0 
0 273 43 414 754 746 758 
273 0 464 723 325 518 615 
43 464 0 668 578 95 724 
414 723 668 0 630 24 473 
754 325 578 630 0 468 486 
746 518 95 24 468 0 121 
758 615 724 473 486 121 0 
