20 2
0 397 703 619 592 354 74 607 826 837 190 140 121 383 385 71 553 998 341 186 
397 0 151 896 852 960 799 527 559 186 299 474 946 392 750 31 575 483 254 542 
703 151 0 14 434 472 966 472 557 984 264 223 45 3 711 517 111 944 279 494 
619 896 14 0 147 602 114 833 6 881 579 639 801 650 501 430 527 78 898 54 
592 852 434 147 0 547 99 403 589 654 834 692 280 966 489 269 846 402 163 330 
354 960 472 602 547 0 151 601 130 779 628 850 316 533 665 147 341 136 177 16 
74 799 966 114 99 151 0 164 534 112 38 99 937 296 833 712 420 875 982 181 
607 527 472 833 403 601 164 0 322 312 597 853 143 154 808 376 298 915 378 634 
826 559 557 6 589 130 534 322 0 212 685 193 80 731 932 480 90 589 4 816 
837 186 984 881 654 779 112 312 212 0 11 970 761 369 663 174 899 329 430 669 
190 299 264 579 834 628 38 597 685 11 0 567 583 719 602 226 940 817 833 308 
140 474 223 639 692 850 99 853 193 970 567 0 674 144 239 993 930 74 89 841 
121 946 45 801 280 316 937 143 80 761 583 674 0 54 515 175 735 247 826 255 
383 392 3 650 966 533 296 154 731 369 719 144 54 0 763 334 383 357 472 900 
385 750 711 501 489 665 833 808 932 663 602 239 515 763 0 994 989 602 857 540 
71 31 517 430 269 147 712 376 480 174 226 993 175 334 994 0 143 118 674 969 
553 575 111 527 846 341 420 298 90 899 940 930 735 383 989 143 0 958 399 233 
998 483 944 78 402 136 875 915 589 329 817 74 247 357 602 118 958 0 758 326 
341 254 279 898 163 177 982 378 4 430 833 89 826 472 857 674 399 758 0 736 
186 542 494 54 330 16 181 634 816 669 308 841 255 900 540 969 233 326 736 0 
0 661 222 173 881 148 243 897 200 513 428 34 665 237 212 287 42 313 386 421 
661 0 40 532 507 154 869 368 468 795 265 784 711 235 563 492 381 14 891 952 
222 40 0 915 399 177 146 937 662 32 402 223 645 530 560 712 586 301 937 627 
173 532 915 0 966 864 108 170 362 828 473 319 163 149 806 633 580 256 839 906 
881 507 399 966 0 998 77 706 564 45 959 858 938 339 879 178 17 515 962 69 
148 154 177 864 998 0 737 595 880 939 611 730 280 804 722 741 518 69 808 334 
243 869 146 108 77 737 0 669 832 898 255 221 279 42 204 306 502 823 69 584 
897 368 937 170 706 595 669 0 447 909 387 560 895 333 12 219 58 581 548 611 
200 468 662 362 564 880 832 447 0 523 570 950 801 366 554 116 144 945 689 854 
513 795 32 828 45 939 898 909 523 0 180 814 410 621 261 591 438 55 484 9 
428 265 402 473 959 611 255 387 570 180 0 783 808 587 535 990 912 462 23 705 
34 784 223 319 858 730 221 560 950 814 783 0 749 349 544 789 420 813 662 424 
665 711 645 163 938 280 279 895 801 410 808 749 0 679 146 697 737 440 574 212 
237 235 530 149 339 804 42 333 366 621 587 349 679 0 178 993 421 327 762 744 
212 563 560 806 879 722 204 12 554 261 535 544 146 178 0 19 662 967 620 19 
287 492 712 633 178 741 306 219 116 591 990 789 697 993 19 0 829 551 978 846 
42 381 586 580 17 518 502 58 144 438 912 420 737 421 662 829 0 630 464 988 
313 14 301 256 515 69 823 581 945 55 462 813 440 327 967 551 630 0 567 271 
386 891 937 839 962 808 69 548 689 484 23 662 574 762 620 978 464 567 0 253 
421 952 627 906 69 334 584 611 854 9 705 424 212 744 19 846 988 271 253 0 
0 680 468 805 605 625 858 310 286 792 456 295 15 625 543 7 768 614 657 419 
680 0 988 509 471 868 182 325 496 302 779 237 779 130 843 849 525 792 397 575 
468 988 0 208 716 868 712 648 578 306 285 835 574 807 206 689 570 653 102 569 
805 509 208 0 350 489 911 754 657 251 215 987 907 290 596 579 139 253 512 176 
605 471 716 350 0 311 630 487 569 128 354 574 107 504 109 486 889 534 243 280 
625 868 868 489 311 0 1 238 74 91 845 178 892 237 146 304 889 563 359 950 
858 182 712 911 630 1 0 182 278 304 875 741 446 602 883 239 325 191 746 72 
310 325 648 754 487 238 182 0 103 308 668 601 526 471 887 905 79 456 765 19 
286 496 578 657 569 74 278 103 0 907 446 162 143 222 309 939 810 384 361 41 
792 302 306 251 128 91 304 308 907 0 609 294 603 132 426 640 367 939 849 989 
456 779 285 215 354 845 875 668 446 609 0 168 287 657 646 498 179 501 708 598 
295 237 835 987 574 178 741 601 162 294 168 0 154 629 962 374 405 506 151 502 
15 779 574 907 107 892 446 526 143 603 287 154 0 530 1000 563 134 719 687 769 
625 130 807 290 504 237 602 471 222 132 657 629 530 0 822 249 900 768 97 396 
543 843 206 596 109 146 883 887 309 426 646 962 1000 822 0 746 301 38 761 934 
7 849 689 579 486 304 239 905 939 640 498 374 563 249 746 0 225 421 382 429 
768 525 570 139 889 889 325 79 810 367 179 405 134 900 301 225 0 543 237 318 
614 792 653 253 534 563 191 456 384 939 501 506 719 768 38 421 543 0 804 952 
657 397 102 512 243 359 746 765 361 849 708 151 687 97 761 382 237 804 0 773 
419 575 569 176 280 950 72 19 41 989 598 502 769 396 934 429 318 952 773 0 
