9 3
0 183 334 649 968 210 944 572 200 
183 0 169 851 820 189 368 619 856 
334 169 0 333 663 594 220 896 51 
649 851 333 0 355 115 772 14 785 
968 820 663 355 0 601 59 571 818 
210 189 594 115 601 0 265 29 164 
944 368 220 772 59 265 0 877 672 
572 619 896 14 571 29 877 0 1000 
200 856 51 785 818 164 672 1000 0 
0 960 165 73 935 264 853 302 244 
960 0 51 445 837 628 567 379 750 
165 51 0 760 881 685 815 885 489 
73 445 760 0 112 661 440 3 808 
935 837 881 112 0 715 121 533 602 
264 628 685 661 715 0 801 731 763 
853 567 815 440 121 801 0 144 892 
302 379 885 3 533 731 144 0 71 
244 750 489 808 602 763 892 71 0 
0 960 165 73 935 264 853 302 244 
960 0 51 445 837 628 567 379 750 
165 51 0 760 881 685 815 885 489 
73 445 760 0 112 661 440 3 808 
935 837 881 112 0 715 121 533 602 
264 628 685 661 715 0 801 731 763 
853 567 815 440 121 801 0 144 892 
302 379 885 3 533 731 144 0 71 
244 750 489 808 602 763 892 71 0 
0 960 165 73 935 264 853 302 244 
960 0 51 445 837 628 567 379 750 
165 51 0 760 881 685 815 885 489 
73 445 760 0 112 661 440 3 808 
935 837 881 112 0 715 121 533 602 
264 628 685 661 715 0 801 731 763 
853 567 815 440 121 801 0 144 892 
302 379 885 3 533 731 144 0 71 
244 750 489 808 602 763 892 71 0 
