50 4
0 368 602 445 38 752 174 254 906 858 924 298 882 907 936 79 609 601 100 965 945 418 863 935 476 362 939 298 716 498 706 946 645 221 339 613 722 817 96 954 676 368 515 165 899 598 906 592 960 213 
368 0 547 448 597 885 226 279 963 721 149 556 72 292 804 360 965 285 219 826 135 293 136 401 850 620 960 303 359 103 49 833 367 934 650 651 49 741 880 233 509 662 610 327 638 314 112 499 314 294 
602 547 0 941 685 383 993 898 698 657 580 891 168 811 714 938 182 648 230 412 88 121 114 211 52 765 910 962 473 379 784 81 817 971 820 840 855 381 116 72 58 80 467 163 839 286 825 534 727 663 
445 448 941 0 11 392 175 163 506 272 197 105 61 103 379 542 229 927 860 243 750 897 705 757 29 217 574 403 908 857 692 211 986 512 753 781 126 475 34 498 805 335 759 233 474 762 556 212 154 323 
38 597 685 11 0 3 334 177 875 252 575 882 482 474 778 274 334 299 113 109 815 607 499 776 791 691 898 280 786 464 764 883 427 299 148 113 204 729 970 486 635 875 69 567 489 558 69 613 610 387 
752 885 383 392 3 0 994 982 644 868 472 580 550 702 519 835 66 243 257 143 949 530 944 671 321 24 790 397 170 426 659 829 452 470 929 141 765 68 634 28 534 700 1000 967 631 904 539 232 367 947 
174 226 993 175 334 994 0 378 721 463 28 817 893 625 637 213 452 907 189 954 415 921 895 534 360 637 241 36 959 954 223 482 163 648 497 913 118 28 62 453 250 66 438 670 962 738 554 606 893 528 
254 279 898 163 177 982 378 0 710 281 881 49 637 811 618 881 210 148 659 869 488 691 930 200 894 591 916 51 140 824 288 572 716 741 224 336 340 473 521 884 947 829 15 307 615 620 473 744 453 333 
906 963 698 506 875 644 721 710 0 200 548 520 949 353 964 429 735 392 587 90 361 409 915 705 7 526 39 441 2 591 166 116 756 75 804 878 12 841 591 790 922 63 823 863 692 797 970 660 913 349 
858 721 657 272 252 868 463 281 200 0 823 879 553 301 957 396 700 376 252 27 178 368 276 715 257 484 337 807 127 517 568 639 409 195 752 925 685 60 509 335 31 776 53 683 872 240 636 605 171 337 
924 149 580 197 575 472 28 881 548 823 0 197 927 393 820 11 555 79 579 359 299 917 360 230 531 243 662 192 38 922 319 537 94 815 764 21 966 525 361 288 144 496 42 746 758 254 721 156 635 114 
298 556 891 105 882 580 817 49 520 879 197 0 86 153 500 507 507 154 642 819 166 676 788 468 465 55 915 214 833 427 458 315 575 573 225 946 927 632 493 101 369 593 490 963 629 978 82 19 852 964 
882 72 168 61 482 550 893 637 949 553 927 86 0 840 903 763 671 122 513 967 694 1 145 666 68 184 697 771 396 108 14 849 938 332 42 655 114 567 990 428 919 114 32 890 808 605 334 902 147 18 
907 292 811 103 474 702 625 811 353 301 393 153 840 0 943 530 463 133 713 146 160 937 274 505 536 175 686 377 919 99 529 616 366 451 545 902 372 782 845 740 304 802 809 551 284 398 68 67 523 37 
936 804 714 379 778 519 637 618 964 957 820 500 903 943 0 686 663 786 308 933 634 330 909 294 806 822 909 388 216 699 858 539 894 283 399 87 554 987 132 609 453 986 810 857 642 910 51 335 423 428 
79 360 938 542 274 835 213 881 429 396 11 507 763 530 686 0 817 177 632 289 404 353 196 662 833 513 747 186 431 629 855 553 431 344 442 32 501 329 404 800 937 841 252 909 279 619 559 846 851 990 
609 965 182 229 334 66 452 210 735 700 555 507 671 463 663 817 0 108 409 767 56 194 644 162 671 418 684 860 169 918 226 73 280 273 333 943 692 487 431 982 191 651 581 875 69 407 584 513 836 742 
601 285 648 927 299 243 907 148 392 376 79 154 122 133 786 177 108 0 838 108 516 170 656 423 436 209 910 310 761 97 647 992 975 253 503 437 312 287 353 338 864 226 610 580 19 464 95 225 467 388 
100 219 230 860 113 257 189 659 587 252 579 642 513 713 308 632 409 838 0 461 780 717 306 365 827 27 390 869 18 382 44 858 109 68 530 25 261 11 723 632 438 605 545 759 905 94 929 541 270 949 
965 826 412 243 109 143 954 869 90 27 359 819 967 146 933 289 767 108 461 0 72 247 532 362 416 795 795 962 537 624 819 913 262 543 668 677 800 994 905 42 31 400 39 630 974 576 206 572 27 935 
945 135 88 750 815 949 415 488 361 178 299 166 694 160 634 404 56 516 780 72 0 234 816 622 376 921 693 798 647 853 427 59 279 970 366 946 575 52 563 390 821 311 945 142 396 966 611 564 333 629 
418 293 121 897 607 530 921 691 409 368 917 676 1 937 330 353 194 170 717 247 234 0 799 344 885 699 959 978 37 134 180 350 363 398 712 648 164 492 681 233 603 853 958 458 724 764 668 988 497 813 
863 136 114 705 499 944 895 930 915 276 360 788 145 274 909 196 644 656 306 532 816 799 0 17 690 354 693 159 611 379 730 894 555 251 977 713 535 263 503 230 634 616 617 442 255 384 982 517 883 750 
935 401 211 757 776 671 534 200 705 715 230 468 666 505 294 662 162 423 365 362 622 344 17 0 18 32 110 928 984 653 495 189 349 557 290 348 718 963 176 381 521 142 571 532 53 567 137 683 435 444 
476 850 52 29 791 321 360 894 7 257 531 465 68 536 806 833 671 436 827 416 376 885 690 18 0 393 523 971 156 978 823 601 895 880 639 253 355 615 789 896 912 214 55 571 548 163 854 702 333 977 
362 620 765 217 691 24 637 591 526 484 243 55 184 175 822 513 418 209 27 795 921 699 354 32 393 0 752 199 248 297 799 366 634 697 788 671 428 152 422 476 129 13 440 72 26 197 386 271 77 316 
939 960 910 574 898 790 241 916 39 337 662 915 697 686 909 747 684 910 390 795 693 959 693 110 523 752 0 481 255 413 221 398 475 841 779 18 544 126 627 272 284 760 874 607 236 134 960 94 306 411 
298 303 962 403 280 397 36 51 441 807 192 214 771 377 388 186 860 310 869 962 798 978 159 928 971 199 481 0 156 271 656 498 381 237 328 212 852 712 593 586 777 499 441 556 264 749 81 49 684 962 
716 359 473 908 786 170 959 140 2 127 38 833 396 919 216 431 169 761 18 537 647 37 611 984 156 248 255 156 0 366 260 809 801 482 621 227 39 371 697 193 41 364 802 840 689 850 9 128 252 28 
498 103 379 857 464 426 954 824 591 517 922 427 108 99 699 629 918 97 382 624 853 134 379 653 978 297 413 271 366 0 763 818 484 376 267 666 94 312 851 957 904 313 521 901 990 890 779 253 347 401 
706 49 784 692 764 659 223 288 166 568 319 458 14 529 858 855 226 647 44 819 427 180 730 495 823 799 221 656 260 763 0 475 75 592 869 850 146 156 219 728 86 821 62 677 640 274 317 442 295 269 
946 833 81 211 883 829 482 572 116 639 537 315 849 616 539 553 73 992 858 913 59 350 894 189 601 366 398 498 809 818 475 0 181 235 294 458 233 633 589 431 410 387 970 377 170 421 937 228 840 220 
645 367 817 986 427 452 163 716 756 409 94 575 938 366 894 431 280 975 109 262 279 363 555 349 895 634 475 381 801 484 75 181 0 335 587 704 470 813 438 420 822 7 462 987 484 972 772 876 838 795 
221 934 971 512 299 470 648 741 75 195 815 573 332 451 283 344 273 253 68 543 970 398 251 557 880 697 841 237 482 376 592 235 335 0 82 563 921 422 722 580 470 14 446 146 134 582 700 428 3 45 
339 650 820 753 148 929 497 224 804 752 764 225 42 545 399 442 333 503 530 668 366 712 977 290 639 788 779 328 621 267 869 294 587 82 0 71 1 516 993 747 420 40 500 325 152 478 12 940 309 662 
613 651 840 781 113 141 913 336 878 925 21 946 655 902 87 32 943 437 25 677 946 648 713 348 253 671 18 212 227 666 850 458 704 563 71 0 592 178 162 189 278 959 110 793 196 952 380 320 307 422 
722 49 855 126 204 765 118 340 12 685 966 927 114 372 554 501 692 312 261 800 575 164 535 718 355 428 544 852 39 94 146 233 470 921 1 592 0 34 669 877 596 39 813 425 23 13 705 160 141 382 
817 741 381 475 729 68 28 473 841 60 525 632 567 782 987 329 487 287 11 994 52 492 263 963 615 152 126 712 371 312 156 633 813 422 516 178 34 0 707 862 511 922 401 386 459 164 480 513 922 590 
96 880 116 34 970 634 62 521 591 509 361 493 990 845 132 404 431 353 723 905 563 681 503 176 789 422 627 593 697 851 219 589 438 722 993 162 669 707 0 224 737 265 106 984 676 248 374 77 263 515 
954 233 72 498 486 28 453 884 790 335 288 101 428 740 609 800 982 338 632 42 390 233 230 381 896 476 272 586 193 957 728 431 420 580 747 189 877 862 224 0 237 209 921 902 409 286 898 983 889 639 
676 509 58 805 635 534 250 947 922 31 144 369 919 304 453 937 191 864 438 31 821 603 634 521 912 129 284 777 41 904 86 410 822 470 420 278 596 511 737 237 0 150 495 481 281 909 100 950 237 279 
368 662 80 335 875 700 66 829 63 776 496 593 114 802 986 841 651 226 605 400 311 853 616 142 214 13 760 499 364 313 821 387 7 14 40 959 39 922 265 209 150 0 267 344 913 383 486 667 122 37 
515 610 467 759 69 1000 438 15 823 53 42 490 32 809 810 252 581 610 545 39 945 958 617 571 55 440 874 441 802 521 62 970 462 446 500 110 813 401 106 921 495 267 0 924 293 457 988 609 524 226 
165 327 163 233 567 967 670 307 863 683 746 963 890 551 857 909 875 580 759 630 142 458 442 532 571 72 607 556 840 901 677 377 987 146 325 793 425 386 984 902 481 344 924 0 103 426 946 244 204 103 
899 638 839 474 489 631 962 615 692 872 758 629 808 284 642 279 69 19 905 974 396 724 255 53 548 26 236 264 689 990 640 170 484 134 152 196 23 459 676 409 281 913 293 103 0 239 403 874 194 812 
598 314 286 762 558 904 738 620 797 240 254 978 605 398 910 619 407 464 94 576 966 764 384 567 163 197 134 749 850 890 274 421 972 582 478 952 13 164 248 286 909 383 457 426 239 0 236 651 861 236 
906 112 825 556 69 539 554 473 970 636 721 82 334 68 51 559 584 95 929 206 611 668 982 137 854 386 960 81 9 779 317 937 772 700 12 380 705 480 374 898 100 486 988 946 403 236 0 389 84 87 
592 499 534 212 613 232 606 744 660 605 156 19 902 67 335 846 513 225 541 572 564 988 517 683 702 271 94 49 128 253 442 228 876 428 940 320 160 513 77 983 950 667 609 244 874 651 389 0 315 342 
960 314 727 154 610 367 893 453 913 171 635 852 147 523 423 851 836 467 270 27 333 497 883 435 333 77 306 684 252 347 295 840 838 3 309 307 141 922 263 889 237 122 524 204 194 861 84 315 0 809 
213 294 663 323 387 947 528 333 349 337 114 964 18 37 428 990 742 388 949 935 629 813 750 444 977 316 411 962 28 401 269 220 795 45 662 422 382 590 515 639 279 37 226 103 812 236 87 342 809 0 
0 444 262 340 263 536 537 246 456 991 929 942 894 131 441 27 479 163 815 422 572 146 861 128 815 654 657 71 723 907 320 382 249 723 160 425 699 817 34 827 195 269 773 605 738 942 472 714 744 299 
444 0 794 111 104 94 667 546 187 500 215 596 586 425 76 382 353 736 797 88 266 328 596 60 271 848 242 32 433 911 477 653 71 440 778 19 364 921 522 187 109 399 189 894 865 676 562 236 446 210 
262 794 0 633 479 357 657 601 4 780 884 808 99 161 175 906 411 543 147 310 487 729 318 546 747 200 811 763 734 846 545 186 359 999 816 809 648 621 832 385 769 833 958 496 818 980 849 63 624 610 
340 111 633 0 261 711 447 249 733 378 1000 225 197 51 644 482 498 909 405 763 127 803 778 978 461 838 642 57 587 344 485 623 241 385 130 158 684 85 5 1000 473 5 509 558 900 193 943 7 991 540 
263 104 479 261 0 393 768 28 104 453 438 92 738 103 734 529 946 911 846 741 559 45 766 330 719 754 354 820 828 436 20 405 978 672 527 330 165 112 911 709 222 483 187 365 597 93 516 905 653 746 
536 94 357 711 393 0 275 360 792 623 412 34 251 570 333 526 21 249 738 310 992 405 762 617 660 604 508 689 253 522 22 538 200 167 131 139 42 285 242 200 110 829 116 826 754 764 895 427 300 357 
537 667 657 447 768 275 0 323 451 15 427 781 506 1000 75 859 246 965 462 554 302 847 197 187 21 859 589 126 659 357 847 708 703 11 158 435 223 327 220 34 421 562 242 56 295 285 724 44 444 497 
246 546 601 249 28 360 323 0 83 494 784 546 464 597 955 681 856 877 8 245 779 752 392 277 828 884 408 163 542 563 630 648 284 371 173 925 623 795 8 958 485 952 12 981 631 284 34 617 251 618 
456 187 4 733 104 792 451 83 0 862 927 97 949 287 6 542 561 628 400 867 470 645 553 481 786 464 867 809 908 364 187 449 621 414 817 81 97 441 274 335 189 771 773 820 814 889 556 73 979 707 
991 500 780 378 453 623 15 494 862 0 172 497 784 343 580 755 686 234 755 439 492 367 632 134 971 278 804 641 580 876 136 22 910 41 93 209 647 992 549 25 121 73 111 745 698 591 853 770 211 751 
929 215 884 1000 438 412 427 784 927 172 0 806 857 211 830 811 850 445 988 59 236 463 359 521 178 433 353 203 482 282 623 95 460 524 987 143 868 901 682 936 831 869 42 342 820 375 770 298 292 173 
942 596 808 225 92 34 781 546 97 497 806 0 493 824 351 465 192 64 787 43 568 401 153 168 5 627 804 104 164 301 436 151 306 285 890 626 902 414 116 225 418 181 623 537 855 44 53 546 579 373 
894 586 99 197 738 251 506 464 949 784 857 493 0 402 144 654 53 554 384 703 896 601 409 681 615 135 495 709 575 346 352 272 159 681 711 470 493 42 730 471 347 267 69 676 354 725 437 141 488 822 
131 425 161 51 103 570 1000 597 287 343 211 824 402 0 389 139 989 886 994 996 948 69 221 646 715 277 573 92 659 63 594 575 643 594 584 239 498 145 748 992 1 19 903 914 795 636 981 841 367 807 
441 76 175 644 734 333 75 955 6 580 830 351 144 389 0 992 86 595 46 38 782 896 412 75 926 722 401 489 58 172 467 443 887 734 295 162 374 775 887 843 645 963 152 40 869 299 198 547 198 950 
27 382 906 482 529 526 859 681 542 755 811 465 654 139 992 0 44 987 409 399 284 810 293 120 238 422 876 881 933 83 690 511 933 755 953 849 511 435 889 415 533 42 87 386 295 728 726 635 418 383 
479 353 411 498 946 21 246 856 561 686 850 192 53 989 86 44 0 617 691 344 155 769 82 77 149 53 11 686 822 925 745 203 55 780 632 596 296 227 129 283 218 341 376 603 204 441 743 344 85 202 
163 736 543 909 911 249 965 877 628 234 445 64 554 886 595 987 617 0 158 472 241 766 885 727 549 487 884 832 920 668 755 484 867 68 303 716 182 239 732 424 45 335 401 209 12 965 478 578 270 364 
815 797 147 405 846 738 462 8 400 755 988 787 384 994 46 409 691 158 0 123 838 792 797 924 500 883 425 34 819 809 117 113 575 163 761 181 952 281 326 762 811 289 407 994 129 227 518 17 127 833 
422 88 310 763 741 310 554 245 867 439 59 43 703 996 38 399 344 472 123 0 578 608 737 174 960 1 40 747 548 364 608 427 713 89 327 819 149 556 244 623 394 55 272 243 924 905 430 220 707 146 
572 266 487 127 559 992 302 779 470 492 236 568 896 948 782 284 155 241 838 578 0 6 172 292 731 834 231 106 842 176 450 829 866 345 700 67 178 28 360 368 209 9 354 566 908 886 66 790 106 952 
146 328 729 803 45 405 847 752 645 367 463 401 601 69 896 810 769 766 792 608 6 0 650 130 666 221 171 593 525 233 525 400 477 597 332 342 729 330 87 714 258 729 614 122 164 434 173 70 562 799 
861 596 318 778 766 762 197 392 553 632 359 153 409 221 412 293 82 885 797 737 172 650 0 821 581 416 214 324 739 133 76 421 665 20 830 1000 955 176 685 797 514 80 795 739 480 948 942 418 93 828 
128 60 546 978 330 617 187 277 481 134 521 168 681 646 75 120 77 727 924 174 292 130 821 0 874 891 23 423 412 916 728 667 766 645 211 482 775 441 208 435 669 650 734 45 139 165 726 739 554 933 
815 271 747 461 719 660 21 828 786 971 178 5 615 715 926 238 149 549 500 960 731 666 581 874 0 883 690 857 970 930 498 450 841 108 203 808 636 414 17 155 875 42 652 979 671 920 805 489 873 505 
654 848 200 838 754 604 859 884 464 278 433 627 135 277 722 422 53 487 883 1 834 221 416 891 883 0 251 42 906 831 166 819 783 799 722 155 431 197 970 667 56 876 171 758 872 953 817 662 711 537 
657 242 811 642 354 508 589 408 867 804 353 804 495 573 401 876 11 884 425 40 231 171 214 23 690 251 0 536 943 67 265 531 950 724 202 537 879 86 464 486 423 376 250 71 667 858 339 34 303 869 
71 32 763 57 820 689 126 163 809 641 203 104 709 92 489 881 686 832 34 747 106 593 324 423 857 42 536 0 786 168 375 31 373 985 82 207 354 593 704 954 635 617 6 124 296 452 21 884 670 467 
723 433 734 587 828 253 659 542 908 580 482 164 575 659 58 933 822 920 819 548 842 525 739 412 970 906 943 786 0 946 135 846 935 735 500 876 282 696 911 699 764 327 352 203 28 217 492 590 822 422 
907 911 846 344 436 522 357 563 364 876 282 301 346 63 172 83 925 668 809 364 176 233 133 916 930 831 67 168 946 0 164 898 884 967 279 195 371 412 36 892 200 132 279 729 918 381 934 429 490 135 
320 477 545 485 20 22 847 630 187 136 623 436 352 594 467 690 745 755 117 608 450 525 76 728 498 166 265 375 135 164 0 569 178 349 219 978 434 420 559 34 69 703 855 745 455 49 427 585 448 461 
382 653 186 623 405 538 708 648 449 22 95 151 272 575 443 511 203 484 113 427 829 400 421 667 450 819 531 31 846 898 569 0 283 716 705 971 721 877 35 505 407 399 331 660 140 761 93 148 271 997 
249 71 359 241 978 200 703 284 621 910 460 306 159 643 887 933 55 867 575 713 866 477 665 766 841 783 950 373 935 884 178 283 0 684 271 77 392 436 936 304 592 838 577 246 719 647 380 519 609 72 
723 440 999 385 672 167 11 371 414 41 524 285 681 594 734 755 780 68 163 89 345 597 20 645 108 799 724 985 735 967 349 716 684 0 999 810 958 500 570 763 810 403 481 17 774 538 232 132 804 663 
160 778 816 130 527 131 158 173 817 93 987 890 711 584 295 953 632 303 761 327 700 332 830 211 203 722 202 82 500 279 219 705 271 999 0 498 357 728 324 812 999 567 994 490 770 570 112 279 391 319 
425 19 809 158 330 139 435 925 81 209 143 626 470 239 162 849 596 716 181 819 67 342 1000 482 808 155 537 207 876 195 978 971 77 810 498 0 116 292 388 331 731 172 79 423 551 490 116 258 83 573 
699 364 648 684 165 42 223 623 97 647 868 902 493 498 374 511 296 182 952 149 178 729 955 775 636 431 879 354 282 371 434 721 392 958 357 116 0 598 567 658 988 971 943 454 380 235 489 657 206 429 
817 921 621 85 112 285 327 795 441 992 901 414 42 145 775 435 227 239 281 556 28 330 176 441 414 197 86 593 696 412 420 877 436 500 728 292 598 0 323 719 695 207 692 548 225 706 42 1000 348 357 
34 522 832 5 911 242 220 8 274 549 682 116 730 748 887 889 129 732 326 244 360 87 685 208 17 970 464 704 911 36 559 35 936 570 324 388 567 323 0 395 20 856 549 979 111 178 749 311 912 363 
827 187 385 1000 709 200 34 958 335 25 936 225 471 992 843 415 283 424 762 623 368 714 797 435 155 667 486 954 699 892 34 505 304 763 812 331 658 719 395 0 890 962 995 964 915 621 965 12 720 177 
195 109 769 473 222 110 421 485 189 121 831 418 347 1 645 533 218 45 811 394 209 258 514 669 875 56 423 635 764 200 69 407 592 810 999 731 988 695 20 890 0 595 596 148 189 932 594 375 451 555 
269 399 833 5 483 829 562 952 771 73 869 181 267 19 963 42 341 335 289 55 9 729 80 650 42 876 376 617 327 132 703 399 838 403 567 172 971 207 856 962 595 0 187 590 889 868 229 636 880 566 
773 189 958 509 187 116 242 12 773 111 42 623 69 903 152 87 376 401 407 272 354 614 795 734 652 171 250 6 352 279 855 331 577 481 994 79 943 692 549 995 596 187 0 335 671 786 196 387 443 422 
605 894 496 558 365 826 56 981 820 745 342 537 676 914 40 386 603 209 994 243 566 122 739 45 979 758 71 124 203 729 745 660 246 17 490 423 454 548 979 964 148 590 335 0 411 23 454 314 32 910 
738 865 818 900 597 754 295 631 814 698 820 855 354 795 869 295 204 12 129 924 908 164 480 139 671 872 667 296 28 918 455 140 719 774 770 551 380 225 111 915 189 889 671 411 0 595 429 999 747 929 
942 676 980 193 93 764 285 284 889 591 375 44 725 636 299 728 441 965 227 905 886 434 948 165 920 953 858 452 217 381 49 761 647 538 570 490 235 706 178 621 932 868 786 23 595 0 302 535 692 372 
472 562 849 943 516 895 724 34 556 853 770 53 437 981 198 726 743 478 518 430 66 173 942 726 805 817 339 21 492 934 427 93 380 232 112 116 489 42 749 965 594 229 196 454 429 302 0 727 444 932 
714 236 63 7 905 427 44 617 73 770 298 546 141 841 547 635 344 578 17 220 790 70 418 739 489 662 34 884 590 429 585 148 519 132 279 258 657 1000 311 12 375 636 387 314 999 535 727 0 791 839 
744 446 624 991 653 300 444 251 979 211 292 579 488 367 198 418 85 270 127 707 106 562 93 554 873 711 303 670 822 490 448 271 609 804 391 83 206 348 912 720 451 880 443 32 747 692 444 791 0 181 
299 210 610 540 746 357 497 618 707 751 173 373 822 807 950 383 202 364 833 146 952 799 828 933 505 537 869 467 422 135 461 997 72 663 319 573 429 357 363 177 555 566 422 910 929 372 932 839 181 0 
0 538 586 582 317 336 794 384 945 452 81 499 245 780 71 442 87 294 826 478 502 936 424 152 32 439 705 502 469 762 758 710 732 415 279 498 492 278 273 789 53 989 374 131 4 580 161 654 129 496 
538 0 31 23 594 488 899 830 574 464 616 45 721 962 45 536 673 545 784 962 413 471 420 205 737 388 361 605 444 800 55 462 200 350 763 34 748 319 565 454 367 495 965 428 668 286 201 332 959 547 
586 31 0 153 751 63 952 756 530 357 279 353 658 229 895 540 875 450 392 163 799 632 797 23 114 502 257 558 493 321 836 942 69 96 427 559 595 942 872 468 452 988 659 945 596 71 819 749 886 957 
582 23 153 0 770 740 585 142 145 515 657 735 992 132 689 142 744 484 360 246 881 760 469 501 136 301 593 100 725 381 677 778 347 936 210 474 620 79 536 515 826 170 346 435 844 132 46 675 975 996 
317 594 751 770 0 428 252 648 583 873 162 723 349 329 906 809 616 467 894 973 354 252 779 542 133 90 429 96 85 941 645 357 651 802 201 368 471 138 267 342 279 288 302 958 991 825 297 29 871 282 
336 488 63 740 428 0 434 928 482 397 485 380 256 778 519 392 818 141 315 25 95 27 750 685 359 156 288 379 630 266 510 298 322 55 877 691 161 862 802 318 725 173 200 310 195 320 414 400 304 357 
794 899 952 585 252 434 0 621 490 143 384 413 95 425 165 964 585 38 587 208 955 615 562 726 91 96 66 185 428 82 385 911 814 438 3 771 860 433 529 630 763 544 974 976 183 202 932 312 886 608 
384 830 756 142 648 928 621 0 116 687 755 216 318 446 20 835 470 652 108 81 325 444 919 152 34 817 517 84 728 884 728 456 666 742 663 501 630 611 703 961 709 699 116 175 745 528 431 168 364 865 
945 574 530 145 583 482 490 116 0 399 438 769 550 169 389 573 277 438 544 22 108 897 717 269 107 235 447 780 389 597 572 546 382 564 453 937 495 217 861 984 898 277 163 919 851 142 600 769 711 121 
452 464 357 515 873 397 143 687 399 0 288 727 11 257 434 963 516 546 6 331 97 685 852 786 839 169 593 922 115 659 754 65 86 269 452 948 356 125 810 52 649 443 223 710 39 534 817 780 56 716 
81 616 279 657 162 485 384 755 438 288 0 218 891 132 355 908 197 181 96 66 826 511 167 830 994 565 512 820 711 974 408 349 434 808 540 533 348 784 168 998 814 618 791 827 333 729 460 880 882 39 
499 45 353 735 723 380 413 216 769 727 218 0 864 845 813 714 776 75 701 815 91 621 951 461 541 416 64 242 272 371 233 807 403 679 905 863 621 68 810 325 384 800 259 335 845 969 9 385 695 299 
245 721 658 992 349 256 95 318 550 11 891 864 0 690 528 288 17 123 973 489 115 905 866 36 797 498 626 934 832 464 200 326 151 16 159 619 706 777 590 349 509 731 937 185 90 532 819 938 76 700 
780 962 229 132 329 778 425 446 169 257 132 845 690 0 799 265 359 722 938 988 415 317 721 124 886 251 807 857 666 816 284 477 308 647 270 208 973 695 827 2 285 597 592 579 408 794 835 309 427 146 
71 45 895 689 906 519 165 20 389 434 355 813 528 799 0 87 550 975 942 853 677 865 322 660 250 66 249 225 724 653 442 963 310 799 585 711 217 208 579 110 114 948 876 557 410 672 925 816 966 967 
442 536 540 142 809 392 964 835 573 963 908 714 288 265 87 0 962 641 533 172 283 197 831 502 698 956 652 924 653 577 6 691 534 127 249 845 484 552 499 339 237 16 139 56 503 208 449 513 192 316 
87 673 875 744 616 818 585 470 277 516 197 776 17 359 550 962 0 749 713 343 726 358 274 622 17 309 371 410 626 895 916 139 959 646 824 100 273 424 295 30 112 175 565 651 613 472 263 105 936 562 
294 545 450 484 467 141 38 652 438 546 181 75 123 722 975 641 749 0 404 849 197 644 490 397 280 571 668 979 660 928 739 911 644 242 275 487 837 52 657 821 82 86 224 728 27 460 17 870 719 553 
826 784 392 360 894 315 587 108 544 6 96 701 973 938 942 533 713 404 0 364 163 386 785 628 448 49 109 978 319 459 80 673 858 534 573 423 790 748 534 29 991 302 365 406 353 543 325 648 772 637 
478 962 163 246 973 25 208 81 22 331 66 815 489 988 853 172 343 849 364 0 676 573 561 741 792 674 533 755 823 258 851 386 818 304 445 963 552 844 63 452 370 354 360 9 444 179 233 506 761 865 
502 413 799 881 354 95 955 325 108 97 826 91 115 415 677 283 726 197 163 676 0 47 683 72 813 457 304 377 850 609 102 351 442 477 995 940 510 889 703 427 993 281 857 622 912 781 656 504 517 917 
936 471 632 760 252 27 615 444 897 685 511 621 905 317 865 197 358 644 386 573 47 0 607 773 109 198 761 741 254 514 293 491 64 920 861 50 464 521 606 641 671 341 263 162 65 466 927 639 232 330 
424 420 797 469 779 750 562 919 717 852 167 951 866 721 322 831 274 490 785 561 683 607 0 860 821 21 209 50 915 81 826 855 253 398 136 986 193 975 288 466 457 294 30 521 862 748 629 489 777 761 
152 205 23 501 542 685 726 152 269 786 830 461 36 124 660 502 622 397 628 741 72 773 860 0 659 673 32 692 884 683 388 147 666 745 963 936 656 739 620 175 638 523 429 794 397 888 140 554 607 951 
32 737 114 136 133 359 91 34 107 839 994 541 797 886 250 698 17 280 448 792 813 109 821 659 0 652 764 983 451 293 703 621 449 902 137 461 56 439 150 83 896 62 888 588 42 276 276 103 326 685 
439 388 502 301 90 156 96 817 235 169 565 416 498 251 66 956 309 571 49 674 457 198 21 673 652 0 126 997 265 519 534 810 661 1 829 381 987 398 955 308 652 568 442 817 125 344 731 213 763 913 
705 361 257 593 429 288 66 517 447 593 512 64 626 807 249 652 371 668 109 533 304 761 209 32 764 126 0 261 781 8 871 173 174 698 349 695 763 679 198 395 611 197 100 622 302 78 926 37 170 260 
502 605 558 100 96 379 185 84 780 922 820 242 934 857 225 924 410 979 978 755 377 741 50 692 983 997 261 0 116 947 426 3 562 881 131 978 88 370 313 609 901 640 312 713 417 378 645 426 26 798 
469 444 493 725 85 630 428 728 389 115 711 272 832 666 724 653 626 660 319 823 850 254 915 884 451 265 781 116 0 999 152 66 823 995 107 1 493 13 595 255 637 507 556 645 405 100 756 464 984 204 
762 800 321 381 941 266 82 884 597 659 974 371 464 816 653 577 895 928 459 258 609 514 81 683 293 519 8 947 999 0 551 627 505 49 541 178 437 740 635 421 165 429 851 224 700 780 356 535 189 444 
758 55 836 677 645 510 385 728 572 754 408 233 200 284 442 6 916 739 80 851 102 293 826 388 703 534 871 426 152 551 0 408 326 675 859 302 236 283 95 334 269 352 711 911 777 409 633 286 909 1000 
710 462 942 778 357 298 911 456 546 65 349 807 326 477 963 691 139 911 673 386 351 491 855 147 621 810 173 3 66 627 408 0 834 20 339 886 310 663 215 471 938 485 362 371 650 33 867 943 82 967 
732 200 69 347 651 322 814 666 382 86 434 403 151 308 310 534 959 644 858 818 442 64 253 666 449 661 174 562 823 505 326 834 0 599 804 727 360 10 538 530 595 284 11 365 259 302 385 597 897 315 
415 350 96 936 802 55 438 742 564 269 808 679 16 647 799 127 646 242 534 304 477 920 398 745 902 1 698 881 995 49 675 20 599 0 54 835 467 108 313 150 692 623 747 381 279 551 241 214 275 842 
279 763 427 210 201 877 3 663 453 452 540 905 159 270 585 249 824 275 573 445 995 861 136 963 137 829 349 131 107 541 859 339 804 54 0 818 825 839 944 923 208 48 34 388 653 255 412 320 346 437 
498 34 559 474 368 691 771 501 937 948 533 863 619 208 711 845 100 487 423 963 940 50 986 936 461 381 695 978 1 178 302 886 727 835 818 0 537 945 288 886 646 232 912 681 883 603 273 864 960 66 
492 748 595 620 471 161 860 630 495 356 348 621 706 973 217 484 273 837 790 552 510 464 193 656 56 987 763 88 493 437 236 310 360 467 825 537 0 719 602 266 653 568 25 884 334 2 658 469 1000 655 
278 319 942 79 138 862 433 611 217 125 784 68 777 695 208 552 424 52 748 844 889 521 975 739 439 398 679 370 13 740 283 663 10 108 839 945 719 0 182 3 376 624 253 723 103 16 739 389 353 77 
273 565 872 536 267 802 529 703 861 810 168 810 590 827 579 499 295 657 534 63 703 606 288 620 150 955 198 313 595 635 95 215 538 313 944 288 602 182 0 501 950 99 199 60 639 295 489 80 628 795 
789 454 468 515 342 318 630 961 984 52 998 325 349 2 110 339 30 821 29 452 427 641 466 175 83 308 395 609 255 421 334 471 530 150 923 886 266 3 501 0 194 283 1000 520 782 368 998 387 784 679 
53 367 452 826 279 725 763 709 898 649 814 384 509 285 114 237 112 82 991 370 993 671 457 638 896 652 611 901 637 165 269 938 595 692 208 646 653 376 950 194 0 133 80 462 906 435 903 405 834 310 
989 495 988 170 288 173 544 699 277 443 618 800 731 597 948 16 175 86 302 354 281 341 294 523 62 568 197 640 507 429 352 485 284 623 48 232 568 624 99 283 133 0 411 439 762 122 385 755 682 844 
374 965 659 346 302 200 974 116 163 223 791 259 937 592 876 139 565 224 365 360 857 263 30 429 888 442 100 312 556 851 711 362 11 747 34 912 25 253 199 1000 80 411 0 852 383 970 513 170 389 606 
131 428 945 435 958 310 976 175 919 710 827 335 185 579 557 56 651 728 406 9 622 162 521 794 588 817 622 713 645 224 911 371 365 381 388 681 884 723 60 520 462 439 852 0 504 27 320 653 627 631 
4 668 596 844 991 195 183 745 851 39 333 845 90 408 410 503 613 27 353 444 912 65 862 397 42 125 302 417 405 700 777 650 259 279 653 883 334 103 639 782 906 762 383 504 0 394 713 795 228 237 
580 286 71 132 825 320 202 528 142 534 729 969 532 794 672 208 472 460 543 179 781 466 748 888 276 344 78 378 100 780 409 33 302 551 255 603 2 16 295 368 435 122 970 27 394 0 298 547 435 195 
161 201 819 46 297 414 932 431 600 817 460 9 819 835 925 449 263 17 325 233 656 927 629 140 276 731 926 645 756 356 633 867 385 241 412 273 658 739 489 998 903 385 513 320 713 298 0 876 988 112 
654 332 749 675 29 400 312 168 769 780 880 385 938 309 816 513 105 870 648 506 504 639 489 554 103 213 37 426 464 535 286 943 597 214 320 864 469 389 80 387 405 755 170 653 795 547 876 0 76 60 
129 959 886 975 871 304 886 364 711 56 882 695 76 427 966 192 936 719 772 761 517 232 777 607 326 763 170 26 984 189 909 82 897 275 346 960 1000 353 628 784 834 682 389 627 228 435 988 76 0 615 
496 547 957 996 282 357 608 865 121 716 39 299 700 146 967 316 562 553 637 865 917 330 761 951 685 913 260 798 204 444 1000 967 315 842 437 66 655 77 795 679 310 844 606 631 237 195 112 60 615 0 
0 817 624 1 952 61 126 745 675 60 569 512 138 727 680 752 778 202 704 407 215 717 395 710 764 590 206 883 780 430 301 113 746 591 588 553 100 837 679 71 794 566 41 80 831 695 188 746 582 75 
817 0 344 930 844 641 412 111 19 806 218 5 160 905 815 744 706 704 866 712 254 97 888 365 296 826 672 826 743 565 652 881 551 63 727 576 737 282 363 194 650 84 556 306 691 317 303 125 432 457 
624 344 0 804 682 973 270 689 97 978 948 902 317 999 490 425 812 56 711 264 34 315 694 551 535 24 774 630 328 831 590 954 549 48 63 417 258 267 79 919 978 141 55 317 563 202 45 226 79 688 
1 930 804 0 857 201 505 907 950 615 296 354 320 816 638 497 493 57 760 593 88 845 187 380 772 53 601 910 613 334 398 683 521 277 890 282 530 198 582 258 193 946 661 628 51 231 406 634 654 402 
952 844 682 857 0 46 619 86 562 813 176 100 41 1000 222 587 122 1 333 342 423 350 235 473 927 302 436 639 305 936 477 607 748 366 68 736 295 4 745 953 194 384 174 798 951 790 430 944 764 955 
61 641 973 201 46 0 970 173 609 781 972 134 447 393 202 13 190 838 344 951 212 927 829 111 551 758 750 519 65 438 146 952 83 362 825 350 142 347 245 557 834 916 940 300 814 66 487 438 497 162 
126 412 270 505 619 970 0 932 598 622 824 746 967 468 644 700 288 585 769 178 427 703 252 140 247 264 606 875 42 195 400 853 294 138 315 891 143 311 167 27 961 31 152 788 595 251 945 578 751 927 
745 111 689 907 86 173 932 0 517 208 479 46 224 73 269 391 151 42 415 125 269 172 404 264 857 514 270 945 53 272 42 510 480 209 804 953 773 169 532 515 373 827 814 630 91 746 509 499 973 314 
675 19 97 950 562 609 598 517 0 434 613 670 120 775 188 437 675 102 299 258 261 248 150 581 182 389 249 1000 587 866 531 445 553 403 365 356 340 962 190 598 934 58 843 862 595 44 31 583 919 738 
60 806 978 615 813 781 622 208 434 0 310 907 339 529 459 256 121 330 511 220 217 202 590 823 175 231 972 182 40 404 447 585 89 854 814 984 487 165 647 949 472 340 95 669 151 55 743 934 98 83 
569 218 948 296 176 972 824 479 613 310 0 887 256 447 876 706 528 274 948 164 266 812 406 163 605 622 933 99 235 820 274 469 639 90 312 267 140 837 409 301 50 206 707 620 151 946 255 56 597 349 
512 5 902 354 100 134 746 46 670 907 887 0 463 348 917 199 747 464 586 177 210 863 371 118 825 608 831 764 765 30 764 372 427 467 234 394 729 691 614 57 937 900 516 566 830 477 655 954 289 422 
138 160 317 320 41 447 967 224 120 339 256 463 0 399 743 427 58 552 661 351 415 238 417 949 558 991 646 374 457 115 776 47 617 461 33 111 640 388 157 262 212 650 795 691 196 476 507 282 554 35 
727 905 999 816 1000 393 468 73 775 529 447 348 399 0 250 144 953 747 277 566 912 248 59 158 515 260 907 295 801 587 800 242 901 707 204 924 763 874 244 675 679 946 649 53 72 996 527 665 78 344 
680 815 490 638 222 202 644 269 188 459 876 917 743 250 0 310 94 142 13 146 338 357 114 85 862 206 73 136 609 39 371 781 491 776 19 992 762 685 357 443 934 288 110 745 10 333 328 970 35 41 
752 744 425 497 587 13 700 391 437 256 706 199 427 144 310 0 318 934 22 499 784 583 423 491 4 43 62 426 54 432 436 983 789 88 457 975 920 463 155 540 611 94 657 373 131 903 13 889 227 11 
778 706 812 493 122 190 288 151 675 121 528 747 58 953 94 318 0 390 271 298 380 433 901 835 10 944 224 651 603 57 442 430 295 819 88 119 394 981 850 870 610 904 275 335 440 219 815 340 571 171 
202 704 56 57 1 838 585 42 102 330 274 464 552 747 142 934 390 0 378 741 559 63 552 639 829 860 136 838 765 317 1 812 442 156 59 1 842 104 536 381 569 349 60 243 220 186 470 907 29 68 
704 866 711 760 333 344 769 415 299 511 948 586 661 277 13 22 271 378 0 856 552 826 636 623 380 813 914 614 460 166 474 854 655 255 598 680 866 856 895 585 847 180 792 376 571 781 877 378 722 181 
407 712 264 593 342 951 178 125 258 220 164 177 351 566 146 499 298 741 856 0 873 996 416 13 155 328 846 278 290 172 2 587 151 192 407 456 619 675 644 904 818 569 42 434 201 301 566 184 38 401 
215 254 34 88 423 212 427 269 261 217 266 210 415 912 338 784 380 559 552 873 0 965 479 346 108 670 659 140 75 491 133 649 604 855 154 337 432 361 309 358 413 171 403 201 863 300 339 95 819 533 
717 97 315 845 350 927 703 172 248 202 812 863 238 248 357 583 433 63 826 996 965 0 388 661 61 289 858 139 231 633 286 128 874 826 160 757 229 739 402 65 694 194 84 293 903 264 634 409 948 619 
395 888 694 187 235 829 252 404 150 590 406 371 417 59 114 423 901 552 636 416 479 388 0 910 947 68 640 326 402 626 669 241 991 785 119 323 286 759 780 295 129 103 123 432 304 764 23 966 615 207 
710 365 551 380 473 111 140 264 581 823 163 118 949 158 85 491 835 639 623 13 346 661 910 0 107 475 851 285 843 175 793 161 215 213 855 374 881 610 803 700 335 856 607 529 989 90 800 742 984 27 
764 296 535 772 927 551 247 857 182 175 605 825 558 515 862 4 10 829 380 155 108 61 947 107 0 756 99 32 592 101 850 325 836 567 48 680 248 460 754 205 929 501 712 660 807 762 458 916 661 118 
590 826 24 53 302 758 264 514 389 231 622 608 991 260 206 43 944 860 813 328 670 289 68 475 756 0 626 12 585 364 857 360 178 328 712 195 915 1000 12 116 370 718 538 975 907 540 127 44 255 535 
206 672 774 601 436 750 606 270 249 972 933 831 646 907 73 62 224 136 914 846 659 858 640 851 99 626 0 553 900 959 146 618 679 648 964 778 723 639 778 68 740 385 623 264 147 155 289 111 598 140 
883 826 630 910 639 519 875 945 1000 182 99 764 374 295 136 426 651 838 614 278 140 139 326 285 32 12 553 0 457 291 552 641 488 166 884 108 478 830 859 558 374 706 267 223 303 146 157 457 342 804 
780 743 328 613 305 65 42 53 587 40 235 765 457 801 609 54 603 765 460 290 75 231 402 843 592 585 900 457 0 495 772 854 897 651 311 372 495 199 506 379 240 331 968 742 411 632 707 180 110 174 
430 565 831 334 936 438 195 272 866 404 820 30 115 587 39 432 57 317 166 172 491 633 626 175 101 364 959 291 495 0 811 877 492 724 308 111 442 917 873 197 83 27 398 914 905 593 25 52 888 835 
301 652 590 398 477 146 400 42 531 447 274 764 776 800 371 436 442 1 474 2 133 286 669 793 850 857 146 552 772 811 0 143 133 27 846 377 917 189 227 734 918 35 457 696 565 246 95 785 401 382 
113 881 954 683 607 952 853 510 445 585 469 372 47 242 781 983 430 812 854 587 649 128 241 161 325 360 618 641 854 877 143 0 997 638 548 977 881 937 836 129 984 452 395 863 798 600 765 451 7 575 
746 551 549 521 748 83 294 480 553 89 639 427 617 901 491 789 295 442 655 151 604 874 991 215 836 178 679 488 897 492 133 997 0 982 912 991 531 381 621 89 783 542 650 975 329 417 371 125 695 917 
591 63 48 277 366 362 138 209 403 854 90 467 461 707 776 88 819 156 255 192 855 826 785 213 567 328 648 166 651 724 27 638 982 0 443 98 732 601 738 212 475 777 830 286 159 58 809 216 597 581 
588 727 63 890 68 825 315 804 365 814 312 234 33 204 19 457 88 59 598 407 154 160 119 855 48 712 964 884 311 308 846 548 912 443 0 386 678 540 28 614 687 122 162 387 606 467 905 303 584 901 
553 576 417 282 736 350 891 953 356 984 267 394 111 924 992 975 119 1 680 456 337 757 323 374 680 195 778 108 372 111 377 977 991 98 386 0 81 792 719 881 95 580 244 339 84 499 845 275 891 373 
100 737 258 530 295 142 143 773 340 487 140 729 640 763 762 920 394 842 866 619 432 229 286 881 248 915 723 478 495 442 917 881 531 732 678 81 0 725 720 432 647 622 552 938 276 303 553 485 52 841 
837 282 267 198 4 347 311 169 962 165 837 691 388 874 685 463 981 104 856 675 361 739 759 610 460 1000 639 830 199 917 189 937 381 601 540 792 725 0 271 241 268 176 534 251 3 692 709 997 148 405 
679 363 79 582 745 245 167 532 190 647 409 614 157 244 357 155 850 536 895 644 309 402 780 803 754 12 778 859 506 873 227 836 621 738 28 719 720 271 0 80 318 154 667 8 367 173 401 820 801 379 
71 194 919 258 953 557 27 515 598 949 301 57 262 675 443 540 870 381 585 904 358 65 295 700 205 116 68 558 379 197 734 129 89 212 614 881 432 241 80 0 238 393 915 830 15 882 91 136 469 526 
794 650 978 193 194 834 961 373 934 472 50 937 212 679 934 611 610 569 847 818 413 694 129 335 929 370 740 374 240 83 918 984 783 475 687 95 647 268 318 238 0 397 512 907 307 714 902 633 803 413 
566 84 141 946 384 916 31 827 58 340 206 900 650 946 288 94 904 349 180 569 171 194 103 856 501 718 385 706 331 27 35 452 542 777 122 580 622 176 154 393 397 0 394 506 581 124 454 560 831 749 
41 556 55 661 174 940 152 814 843 95 707 516 795 649 110 657 275 60 792 42 403 84 123 607 712 538 623 267 968 398 457 395 650 830 162 244 552 534 667 915 512 394 0 590 396 658 467 891 859 107 
80 306 317 628 798 300 788 630 862 669 620 566 691 53 745 373 335 243 376 434 201 293 432 529 660 975 264 223 742 914 696 863 975 286 387 339 938 251 8 830 907 506 590 0 281 925 583 161 769 748 
831 691 563 51 951 814 595 91 595 151 151 830 196 72 10 131 440 220 571 201 863 903 304 989 807 907 147 303 411 905 565 798 329 159 606 84 276 3 367 15 307 581 396 281 0 38 976 143 326 647 
695 317 202 231 790 66 251 746 44 55 946 477 476 996 333 903 219 186 781 301 300 264 764 90 762 540 155 146 632 593 246 600 417 58 467 499 303 692 173 882 714 124 658 925 38 0 48 430 898 65 
188 303 45 406 430 487 945 509 31 743 255 655 507 527 328 13 815 470 877 566 339 634 23 800 458 127 289 157 707 25 95 765 371 809 905 845 553 709 401 91 902 454 467 583 976 48 0 871 635 942 
746 125 226 634 944 438 578 499 583 934 56 954 282 665 970 889 340 907 378 184 95 409 966 742 916 44 111 457 180 52 785 451 125 216 303 275 485 997 820 136 633 560 891 161 143 430 871 0 809 108 
582 432 79 654 764 497 751 973 919 98 597 289 554 78 35 227 571 29 722 38 819 948 615 984 661 255 598 342 110 888 401 7 695 597 584 891 52 148 801 469 803 831 859 769 326 898 635 809 0 402 
75 457 688 402 955 162 927 314 738 83 349 422 35 344 41 11 171 68 181 401 533 619 207 27 118 535 140 804 174 835 382 575 917 581 901 373 841 405 379 526 413 749 107 748 647 65 942 108 402 0 
0 12 738 99 25 799 340 383 512 897 108 143 841 827 150 901 709 705 822 329 979 821 820 534 854 670 585 609 734 264 267 895 364 194 160 209 756 11 604 865 614 867 973 994 358 646 47 512 556 708 
12 0 462 990 182 415 751 894 274 417 511 233 930 85 584 122 355 256 427 134 778 289 38 48 170 865 940 105 878 909 881 562 769 974 238 647 921 565 820 66 847 5 598 148 205 141 49 184 548 278 
738 462 0 949 967 120 964 584 922 873 165 832 316 802 494 351 324 656 639 933 459 247 39 519 684 952 984 401 360 482 629 489 353 630 468 931 532 839 909 309 458 892 790 405 385 637 236 380 792 717 
99 990 949 0 730 678 347 822 942 969 697 278 979 436 680 173 586 798 824 487 290 74 329 315 906 468 653 983 295 120 70 626 104 702 52 616 526 616 268 163 855 99 864 712 409 650 817 928 307 851 
25 182 967 730 0 725 512 189 717 352 54 898 309 459 448 672 147 561 42 381 536 395 943 350 303 275 175 761 364 945 858 817 123 933 233 969 599 32 397 838 508 659 722 802 288 302 765 867 761 578 
799 415 120 678 725 0 79 741 714 438 693 365 565 840 103 605 639 288 751 86 180 590 597 75 861 646 812 208 102 115 616 309 389 500 993 516 141 25 848 26 621 554 637 622 681 685 252 669 894 425 
