30 2
0 256 896 102 966 87 881 831 280 747 147 143 982 233 338 988 406 197 604 172 278 687 292 833 820 100 966 657 295 392 
256 0 14 715 114 668 654 715 316 505 712 877 378 326 942 874 327 575 643 950 145 533 811 793 500 480 321 609 349 376 
896 14 0 215 99 445 779 994 937 939 376 696 4 736 620 694 230 472 438 77 478 336 103 218 903 15 500 965 425 79 
102 715 215 0 151 448 112 584 143 244 480 119 430 864 672 457 108 28 182 198 514 40 474 142 943 502 948 182 461 154 
966 114 99 151 0 941 312 698 80 80 174 998 833 563 889 853 384 881 73 621 848 554 702 762 896 445 651 229 741 122 
87 668 445 448 941 0 212 449 761 385 226 483 89 817 67 60 426 548 973 288 354 547 625 263 868 147 500 334 833 133 
881 654 779 112 312 212 0 140 583 750 993 944 826 969 536 858 231 823 430 414 473 632 811 70 234 147 950 66 867 786 
831 715 994 584 698 449 140 0 674 711 175 78 472 481 829 721 886 848 175 763 477 932 353 982 210 147 390 452 763 177 
280 316 937 143 80 761 583 674 0 501 334 402 857 183 164 657 692 958 566 556 882 567 301 576 853 354 567 210 47 108 
747 505 939 244 80 385 750 711 501 0 994 136 674 731 949 272 90 881 877 203 72 633 393 468 467 483 133 735 741 745 
147 712 376 480 174 226 993 175 334 994 0 875 399 935 555 252 482 123 499 584 168 198 153 354 767 79 116 700 969 880 
143 877 696 119 998 483 944 78 402 136 875 0 758 879 932 868 996 40 926 195 61 368 840 510 933 360 56 555 427 133 
982 378 4 430 833 89 826 472 857 674 399 758 0 776 207 463 512 315 312 1 482 697 74 414 462 938 319 507 976 219 
233 326 736 864 563 817 969 481 183 731 935 879 776 0 733 281 308 175 109 545 550 309 353 204 202 542 329 671 570 864 
338 942 620 672 889 67 536 829 164 949 555 932 207 733 0 200 661 112 496 405 893 644 19 959 431 274 854 463 72 356 
988 874 694 457 853 60 858 721 657 272 252 868 463 281 200 0 375 811 783 644 637 432 64 436 976 835 81 663 937 512 
406 327 230 108 384 426 231 886 692 90 482 996 512 308 661 375 0 471 138 100 949 540 211 256 121 213 521 817 190 149 
197 575 472 28 881 548 823 848 958 881 123 40 315 175 112 811 471 0 298 222 553 24 938 852 485 881 509 651 448 998 
604 643 438 182 73 973 430 175 566 877 499 926 312 109 496 783 138 298 0 968 927 323 648 676 857 429 445 371 161 917 
172 950 77 198 621 288 414 763 556 203 584 195 1 545 405 644 100 222 968 0 86 982 406 936 593 396 553 3 899 58 
278 145 478 514 848 354 473 477 882 72 168 61 482 550 893 637 949 553 927 86 0 372 173 804 668 11 109 869 376 871 
687 533 336 40 554 547 632 932 567 633 198 368 697 309 644 432 540 24 323 982 372 0 310 714 687 507 726 260 601 690 
292 811 103 474 702 625 811 353 301 393 153 840 74 353 19 64 211 938 648 406 173 310 0 379 93 763 349 564 285 286 
833 793 218 142 762 263 70 982 576 468 354 510 414 204 959 436 256 852 676 936 804 714 379 0 717 530 948 787 648 165 
820 500 903 943 896 868 234 210 853 467 767 933 462 202 431 976 121 485 857 593 668 687 93 717 0 686 768 682 927 756 
100 480 15 502 445 147 147 147 354 483 79 360 938 542 274 835 213 881 429 396 11 507 763 530 686 0 428 562 299 865 
966 321 500 948 651 500 950 390 567 133 116 56 319 329 854 81 521 509 445 553 109 726 349 948 768 428 0 729 243 791 
657 609 965 182 229 334 66 452 210 735 700 555 507 671 463 663 817 651 371 3 869 260 564 787 682 562 729 0 907 888 
295 349 425 461 741 833 867 763 47 741 969 427 976 570 72 937 190 448 161 899 376 601 285 648 927 299 243 907 0 875 
392 376 79 154 122 133 786 177 108 745 880 133 219 864 356 512 149 998 917 58 871 690 286 165 756 865 791 888 875 0 
0 432 517 158 42 333 426 828 8 247 569 377 856 481 561 614 622 176 195 330 983 713 671 857 36 54 950 536 93 564 
432 0 99 118 810 306 112 81 297 355 92 199 660 520 548 854 742 720 60 35 180 208 845 365 384 545 511 131 86 786 
517 99 0 554 945 295 337 459 191 976 79 908 208 255 197 417 484 680 234 663 433 629 646 529 766 411 779 955 345 536 
158 118 554 0 802 141 80 269 577 227 819 326 134 830 124 515 213 811 576 346 294 24 349 100 157 391 745 490 866 201 
42 810 945 802 0 524 38 3 524 534 433 147 707 87 789 623 839 110 270 41 940 513 289 613 642 871 581 554 18 917 
333 306 295 141 524 0 809 983 337 250 73 457 196 225 113 438 581 774 958 754 160 494 96 245 387 880 408 117 234 934 
426 112 337 80 38 809 0 780 125 378 519 792 338 380 733 494 45 543 910 498 594 566 394 807 859 193 297 415 218 422 
828 81 459 269 3 983 780 0 260 909 529 63 715 741 534 575 833 983 307 962 230 428 473 920 878 487 940 211 822 927 
8 297 191 577 524 337 125 260 0 419 280 279 725 215 732 98 310 601 580 85 940 878 260 528 583 951 345 782 760 5 
247 355 976 227 534 250 378 909 419 0 140 483 722 187 34 992 168 690 452 62 676 72 264 660 743 64 270 338 74 464 
569 92 79 819 433 73 519 529 280 140 0 639 15 913 52 103 856 45 581 132 150 488 171 67 871 64 121 635 749 319 
377 199 908 326 147 457 792 63 279 483 639 0 187 630 228 988 852 233 457 570 30 912 479 943 216 324 811 380 629 575 
856 660 208 134 707 196 338 715 725 722 15 187 0 668 718 283 906 789 316 731 538 849 875 778 746 440 332 123 444 466 
481 520 255 830 87 225 380 741 215 187 913 630 668 0 602 160 470 225 318 73 144 122 616 480 584 688 241 838 685 199 
561 548 197 124 789 113 733 534 732 34 52 228 718 602 0 141 816 278 41 567 411 482 246 828 896 101 287 419 784 338 
614 854 417 515 623 438 494 575 98 992 103 988 283 160 141 0 286 380 967 608 787 173 625 488 802 520 606 355 89 395 
622 742 484 213 839 581 45 833 310 168 856 852 906 470 816 286 0 244 108 486 649 13 277 541 43 55 686 992 317 797 
176 720 680 811 110 774 543 983 601 690 45 233 789 225 278 380 244 0 949 228 842 24 197 704 48 152 408 587 222 39 
195 60 234 576 270 958 910 307 580 452 581 457 316 318 41 967 108 949 0 693 179 629 528 676 596 805 100 26 583 197 
330 35 663 346 41 754 498 962 85 62 132 570 731 73 567 608 486 228 693 0 295 50 94 284 300 390 45 652 826 641 
983 180 433 294 940 160 594 230 940 676 150 30 538 144 411 787 649 842 179 295 0 588 974 141 392 47 562 728 766 150 
713 208 629 24 513 494 566 428 878 72 488 912 849 122 482 173 13 24 629 50 588 0 662 294 42 962 642 543 63 643 
671 845 646 349 289 96 394 473 260 264 171 479 875 616 246 625 277 197 528 94 974 662 0 234 845 763 495 942 405 359 
857 365 529 100 613 245 807 920 528 660 67 943 778 480 828 488 541 704 676 284 141 294 234 0 400 904 429 201 658 875 
36 384 766 157 642 387 859 878 583 743 871 216 746 584 896 802 43 48 596 300 392 42 845 400 0 490 215 383 840 417 
54 545 411 391 871 880 193 487 951 64 64 324 440 688 101 520 55 152 805 390 47 962 763 904 490 0 487 880 485 988 
950 511 779 745 581 408 297 940 345 270 121 811 332 241 287 606 686 408 100 45 562 642 495 429 215 487 0 535 838 219 
536 131 955 490 554 117 415 211 782 338 635 380 123 838 419 355 992 587 26 652 728 543 942 201 383 880 535 0 295 234 
93 86 345 866 18 234 218 822 760 74 749 629 444 685 784 89 317 222 583 826 766 63 405 658 840 485 838 295 0 683 
564 786 536 201 917 934 422 927 5 464 319 575 466 199 338 395 797 39 197 641 150 643 359 875 417 988 219 234 683 0 
0 447 427 204 32 333 293 997 46 594 369 558 723 518 529 710 674 304 218 362 915 752 908 867 171 176 737 700 165 747 
447 0 97 114 545 252 204 132 170 471 150 421 624 512 636 806 672 645 62 239 143 219 825 477 310 586 742 302 11 761 
427 97 0 692 874 309 544 436 246 954 227 836 445 192 165 378 554 690 483 505 538 561 661 391 535 390 885 967 433 540 
204 114 692 0 813 237 82 263 588 217 711 281 72 724 231 433 283 845 564 154 145 88 386 117 150 494 804 266 999 140 
32 545 874 813 0 625 100 143 336 547 426 294 595 190 712 781 880 112 206 72 855 615 125 507 610 867 750 396 89 895 
333 252 309 237 625 0 823 726 273 171 145 572 147 222 205 573 568 939 927 742 164 397 171 120 339 945 500 115 253 869 
293 204 544 82 100 823 0 867 143 360 627 758 462 292 677 480 16 647 902 425 392 544 423 706 747 220 254 517 289 487 
997 132 436 263 143 726 867 0 325 892 500 43 820 574 267 666 725 981 248 905 232 458 511 847 994 537 946 245 803 895 
46 170 246 588 336 273 143 325 0 448 354 381 871 393 831 292 312 675 631 60 814 889 403 528 450 966 415 677 845 153 
594 471 954 217 547 171 360 892 448 0 136 555 753 244 225 958 145 596 400 51 680 113 208 575 797 11 461 198 34 461 
369 150 227 711 426 145 627 500 354 136 0 534 101 877 199 216 787 5 424 141 94 504 340 56 897 38 130 726 663 606 
558 421 836 281 294 572 758 43 381 555 534 0 292 686 2 767 941 89 317 564 132 832 411 771 134 149 683 382 752 646 
723 624 445 72 595 147 462 820 871 753 101 292 0 587 824 290 851 767 363 446 514 744 946 783 887 359 383 87 367 491 
518 512 192 724 190 222 292 574 393 244 877 686 587 0 487 169 471 354 349 213 111 170 547 509 448 757 221 946 609 239 
529 636 165 231 712 205 677 267 831 225 199 2 824 487 0 143 789 34 95 656 351 497 288 764 746 89 280 375 664 424 
710 806 378 433 781 573 480 666 292 958 216 767 290 169 143 0 390 365 911 626 834 392 561 411 694 579 629 384 69 318 
674 672 554 283 880 568 16 725 312 145 787 941 851 471 789 390 0 159 63 638 672 16 384 545 92 29 653 910 248 694 
304 645 690 845 112 939 647 981 675 596 5 89 767 354 34 365 159 0 825 387 922 199 197 604 143 239 327 558 197 14 
218 62 483 564 206 927 902 248 631 400 424 317 363 349 95 911 63 825 0 601 257 543 550 455 539 925 214 156 611 229 
362 239 505 154 72 742 425 905 60 51 141 564 446 213 656 626 638 387 601 0 218 239 274 249 147 416 156 568 884 717 
915 143 538 145 855 164 392 232 814 680 94 132 514 111 351 834 672 922 257 218 0 642 986 42 333 88 607 784 644 248 
752 219 561 88 615 397 544 458 889 113 504 832 744 170 497 392 16 199 543 239 642 0 720 137 196 956 757 461 121 593 
908 825 661 386 125 171 423 511 403 208 340 411 946 547 288 561 384 197 550 274 986 720 0 121 914 719 574 805 593 406 
867 477 391 117 507 120 706 847 528 575 56 771 783 509 764 411 545 604 455 249 42 137 121 0 299 622 502 113 790 866 
171 310 535 150 610 339 747 994 450 797 897 134 887 448 746 694 92 143 539 147 333 196 914 299 0 439 211 340 760 432 
176 586 390 494 867 945 220 537 966 11 38 149 359 757 89 579 29 239 925 416 88 956 719 622 439 0 459 636 497 901 
737 742 885 804 750 500 254 946 415 461 130 683 383 221 280 629 653 327 214 156 607 757 574 502 211 459 0 436 750 168 
700 302 967 266 396 115 517 245 677 198 726 382 87 946 375 384 910 558 156 568 784 461 805 113 340 636 436 0 275 172 
165 11 433 999 89 253 289 803 845 34 663 752 367 609 664 69 248 197 611 884 644 121 593 790 760 497 750 275 0 599 
747 761 540 140 895 869 487 895 153 461 606 646 491 239 424 318 694 14 229 717 248 593 406 866 432 901 168 172 599 0 
