7 3
0 354 977 433 188 905 753 
354 0 244 73 832 51 412 
977 244 0 484 391 403 210 
433 73 484 0 516 430 245 
188 832 391 516 0 147 797 
905 51 403 430 147 0 229 
753 412 210 245 797 229 0 
0 732 67 994 709 190 907 
732 0 574 397 505 558 336 
67 574 0 14 60 937 134 
994 397 14 0 469 256 213 
709 505 60 469 0 375 351 
190 558 937 256 375 0 607 
907 336 134 213 351 607 0 
0 610 147 909 762 262 831 
610 0 624 502 459 606 373 
147 624 0 272 87 895 146 
909 502 272 0 482 237 177 
762 459 87 482 0 558 293 
262 606 895 237 558 0 733 
831 373 146 177 293 733 0 
0 797 193 825 880 126 841 
797 0 614 440 670 731 376 
193 614 0 152 109 760 349 
825 440 152 0 567 307 216 
880 670 109 567 0 316 402 
126 731 760 307 316 0 661 
841 376 349 216 402 661 0 
