50 2
0 370 414 515 363 386 22 327 909 500 422 102 296 620 494 256 355 909 721 598 169 791 930 4 479 677 161 739 860 296 100 37 660 912 826 954 20 586 429 680 980 749 570 268 336 408 21 616 832 674 
370 0 394 315 397 836 816 921 312 84 358 30 402 430 895 964 899 598 402 128 553 637 814 425 153 855 495 733 417 996 818 331 796 131 422 408 868 789 676 971 400 724 537 647 271 674 792 416 83 375 
414 394 0 810 848 831 61 860 861 152 534 676 677 972 525 886 786 404 91 965 616 824 354 121 517 8 126 876 43 134 149 628 458 27 264 192 767 167 275 922 518 573 805 984 720 837 208 495 577 477 
515 315 810 0 369 69 85 501 22 229 689 392 173 971 943 284 556 146 607 555 538 947 511 429 954 925 476 916 131 952 867 721 73 264 642 997 396 857 289 624 748 715 35 877 942 920 526 811 779 101 
363 397 848 369 0 903 614 886 551 990 197 153 567 647 773 135 8 61 507 864 621 955 838 374 342 964 244 347 214 926 27 437 270 98 635 784 694 344 877 640 381 975 798 719 441 975 55 88 424 985 
386 836 831 69 903 0 706 668 565 403 472 894 581 446 397 900 887 287 407 719 279 113 797 603 652 687 300 282 168 213 625 39 231 803 386 263 19 814 594 874 610 3 248 238 185 958 917 533 742 11 
22 816 61 85 614 706 0 702 156 818 709 814 314 881 324 827 410 723 900 488 903 600 777 419 763 158 938 844 83 638 546 580 677 694 113 276 855 94 700 477 336 960 511 523 849 725 60 348 258 197 
327 921 860 501 886 668 702 0 581 604 73 294 526 803 207 363 518 844 733 622 705 506 486 476 826 841 635 598 404 469 235 774 365 372 766 109 94 954 725 995 173 251 451 783 835 743 994 946 640 344 
909 312 861 22 551 565 156 581 0 977 491 242 904 200 993 594 528 617 223 152 707 410 566 218 162 846 756 881 483 741 72 520 88 804 599 153 319 692 580 679 977 299 314 491 199 702 656 343 961 756 
500 84 152 229 990 403 818 604 977 0 717 833 672 85 186 404 71 258 836 162 626 164 229 114 536 447 933 197 615 391 603 942 32 122 401 809 225 437 423 562 765 263 541 503 661 794 79 511 352 640 
422 358 534 689 197 472 709 73 491 717 0 900 42 897 241 676 127 349 108 499 179 231 674 234 433 684 387 521 211 404 522 390 665 186 895 49 227 454 689 260 274 395 623 829 758 322 117 62 672 389 
102 30 676 392 153 894 814 294 242 833 900 0 833 910 187 410 74 126 30 553 166 941 432 606 706 306 32 29 51 555 476 505 407 6 232 267 743 361 709 878 495 624 377 71 366 434 165 327 199 116 
296 402 677 173 567 581 314 526 904 672 42 833 0 828 261 237 24 213 661 207 633 899 210 965 47 614 174 226 240 971 577 971 246 957 889 4 304 88 280 682 451 799 264 114 699 755 262 593 72 966 
620 430 972 971 647 446 881 803 200 85 897 910 828 0 124 358 857 636 271 321 471 810 575 728 444 462 160 572 130 908 461 196 587 211 388 354 475 296 142 593 128 37 995 171 596 619 924 452 812 476 
494 895 525 943 773 397 324 207 993 186 241 187 261 124 0 519 147 460 778 50 574 504 212 299 670 248 88 652 51 228 31 540 556 647 836 475 642 166 589 785 276 288 436 14 828 281 36 662 235 886 
256 964 886 284 135 900 827 363 594 404 676 410 237 358 519 0 545 760 579 255 881 847 120 686 450 841 474 183 979 980 469 616 165 732 571 31 778 788 525 823 475 161 57 386 238 268 334 185 342 639 
355 899 786 556 8 887 410 518 528 71 127 74 24 857 147 545 0 574 165 431 51 178 906 194 144 236 422 784 634 133 363 439 690 474 637 98 684 293 370 870 335 643 438 330 528 754 169 168 686 808 
909 598 404 146 61 287 723 844 617 258 349 126 213 636 460 760 574 0 509 484 660 261 414 251 419 940 722 714 300 466 141 534 936 126 396 46 61 717 279 302 942 414 338 178 243 571 168 937 500 476 
721 402 91 607 507 407 900 733 223 836 108 30 661 271 778 579 165 509 0 879 239 153 171 586 218 665 312 22 113 266 46 66 966 648 636 332 562 395 682 338 776 266 147 779 177 221 712 771 977 15 
598 128 965 555 864 719 488 622 152 162 499 553 207 321 50 255 431 484 879 0 449 676 334 340 26 496 810 138 62 721 302 439 858 405 90 150 14 658 778 642 99 729 769 310 56 106 540 456 371 845 
169 553 616 538 621 279 903 705 707 626 179 166 633 471 574 881 51 660 239 449 0 466 865 912 878 495 222 348 816 853 567 900 219 456 25 342 860 49 782 15 89 376 322 998 941 339 661 441 39 861 
791 637 824 947 955 113 600 506 410 164 231 941 899 810 504 847 178 261 153 676 466 0 279 545 816 918 13 154 801 1000 216 226 69 198 780 661 252 519 511 452 874 967 267 752 326 592 69 198 378 667 
930 814 354 511 838 797 777 486 566 229 674 432 210 575 212 120 906 414 171 334 865 279 0 656 194 197 645 957 266 242 55 563 400 878 224 400 960 261 102 198 466 712 379 389 82 805 155 837 56 568 
4 425 121 429 374 603 419 476 218 114 234 606 965 728 299 686 194 251 586 340 912 545 656 0 332 630 182 793 567 664 428 870 836 748 444 456 326 553 361 910 390 589 804 627 995 891 770 113 871 412 
479 153 517 954 342 652 763 826 162 536 433 706 47 444 670 450 144 419 218 26 878 816 194 332 0 156 652 737 669 480 740 211 697 463 729 86 650 425 502 232 131 327 148 46 586 550 170 445 56 414 
677 855 8 925 964 687 158 841 846 447 684 306 614 462 248 841 236 940 665 496 495 918 197 630 156 0 272 300 136 610 297 302 798 654 807 460 950 774 731 621 674 987 315 670 462 325 389 974 299 853 
161 495 126 476 244 300 938 635 756 933 387 32 174 160 88 474 422 722 312 810 222 13 645 182 652 272 0 663 127 65 936 182 431 389 346 188 546 94 278 23 236 945 39 767 486 444 908 648 931 378 
739 733 876 916 347 282 844 598 881 197 521 29 226 572 652 183 784 714 22 138 348 154 957 793 737 300 663 0 614 10 857 365 314 232 43 316 46 624 824 253 390 666 93 293 171 416 7 38 185 891 
860 417 43 131 214 168 83 404 483 615 211 51 240 130 51 979 634 300 113 62 816 801 266 567 669 136 127 614 0 116 339 715 948 264 976 535 91 294 98 148 287 273 463 474 247 760 806 801 641 473 
296 996 134 952 926 213 638 469 741 391 404 555 971 908 228 980 133 466 266 721 853 1000 242 664 480 610 65 10 116 0 962 189 901 13 145 353 21 911 10 244 528 213 313 740 410 420 62 374 349 491 
100 818 149 867 27 625 546 235 72 603 522 476 577 461 31 469 363 141 46 302 567 216 55 428 740 297 936 857 339 962 0 102 919 702 729 382 493 480 504 69 757 807 118 463 807 915 26 557 101 798 
37 331 628 721 437 39 580 774 520 942 390 505 971 196 540 616 439 534 66 439 900 226 563 870 211 302 182 365 715 189 102 0 736 916 785 883 953 185 869 381 427 716 991 837 260 512 811 802 112 282 
660 796 458 73 270 231 677 365 88 32 665 407 246 587 556 165 690 936 966 858 219 69 400 836 697 798 431 314 948 901 919 736 0 381 717 195 459 62 496 74 112 820 121 525 880 406 190 934 441 789 
912 131 27 264 98 803 694 372 804 122 186 6 957 211 647 732 474 126 648 405 456 198 878 748 463 654 389 232 264 13 702 916 381 0 625 275 806 793 748 733 998 6 586 907 377 243 369 534 654 263 
826 422 264 642 635 386 113 766 599 401 895 232 889 388 836 571 637 396 636 90 25 780 224 444 729 807 346 43 976 145 729 785 717 625 0 299 10 778 823 615 175 707 381 461 19 844 929 317 734 539 
954 408 192 997 784 263 276 109 153 809 49 267 4 354 475 31 98 46 332 150 342 661 400 456 86 460 188 316 535 353 382 883 195 275 299 0 975 22 603 305 192 897 837 276 15 337 121 777 711 18 
20 868 767 396 694 19 855 94 319 225 227 743 304 475 642 778 684 61 562 14 860 252 960 326 650 950 546 46 91 21 493 953 459 806 10 975 0 999 905 492 182 542 589 815 176 739 195 452 421 556 
586 789 167 857 344 814 94 954 692 437 454 361 88 296 166 788 293 717 395 658 49 519 261 553 425 774 94 624 294 911 480 185 62 793 778 22 999 0 737 121 785 399 914 563 423 663 485 346 160 583 
429 676 275 289 877 594 700 725 580 423 689 709 280 142 589 525 370 279 682 778 782 511 102 361 502 731 278 824 98 10 504 869 496 748 823 603 905 737 0 183 289 205 825 710 412 162 864 138 587 789 
680 971 922 624 640 874 477 995 679 562 260 878 682 593 785 823 870 302 338 642 15 452 198 910 232 621 23 253 148 244 69 381 74 733 615 305 492 121 183 0 161 340 885 219 554 76 638 424 979 966 
980 400 518 748 381 610 336 173 977 765 274 495 451 128 276 475 335 942 776 99 89 874 466 390 131 674 236 390 287 528 757 427 112 998 175 192 182 785 289 161 0 57 523 90 625 669 624 261 749 339 
749 724 573 715 975 3 960 251 299 263 395 624 799 37 288 161 643 414 266 729 376 967 712 589 327 987 945 666 273 213 807 716 820 6 707 897 542 399 205 340 57 0 125 993 249 891 67 245 816 625 
570 537 805 35 798 248 511 451 314 541 623 377 264 995 436 57 438 338 147 769 322 267 379 804 148 315 39 93 463 313 118 991 121 586 381 837 589 914 825 885 523 125 0 811 813 712 666 973 551 157 
268 647 984 877 719 238 523 783 491 503 829 71 114 171 14 386 330 178 779 310 998 752 389 627 46 670 767 293 474 740 463 837 525 907 461 276 815 563 710 219 90 993 811 0 708 394 315 509 983 498 
336 271 720 942 441 185 849 835 199 661 758 366 699 596 828 238 528 243 177 56 941 326 82 995 586 462 486 171 247 410 807 260 880 377 19 15 176 423 412 554 625 249 813 708 0 964 263 311 670 812 
408 674 837 920 975 958 725 743 702 794 322 434 755 619 281 268 754 571 221 106 339 592 805 891 550 325 444 416 760 420 915 512 406 243 844 337 739 663 162 76 669 891 712 394 964 0 50 507 459 760 
21 792 208 526 55 917 60 994 656 79 117 165 262 924 36 334 169 168 712 540 661 69 155 770 170 389 908 7 806 62 26 811 190 369 929 121 195 485 864 638 624 67 666 315 263 50 0 977 500 809 
616 416 495 811 88 533 348 946 343 511 62 327 593 452 662 185 168 937 771 456 441 198 837 113 445 974 648 38 801 374 557 802 934 534 317 777 452 346 138 424 261 245 973 509 311 507 977 0 834 900 
832 83 577 779 424 742 258 640 961 352 672 199 72 812 235 342 686 500 977 371 39 378 56 871 56 299 931 185 641 349 101 112 441 654 734 711 421 160 587 979 749 816 551 983 670 459 500 834 0 767 
674 375 477 101 985 11 197 344 756 640 389 116 966 476 886 639 808 476 15 845 861 667 568 412 414 853 378 891 473 491 798 282 789 263 539 18 556 583 789 966 339 625 157 498 812 760 809 900 767 0 
0 849 943 498 954 60 35 322 737 109 735 905 434 459 229 943 474 56 784 446 547 233 141 675 620 854 285 351 415 995 448 516 313 268 222 971 645 663 24 168 100 464 532 171 752 893 171 209 494 354 
849 0 727 209 676 841 438 221 547 486 705 870 929 809 379 499 692 976 51 240 600 119 341 856 263 165 2 88 106 333 696 87 298 492 358 605 500 857 538 98 708 402 48 251 185 196 659 202 301 180 
943 727 0 154 754 747 843 617 743 220 821 877 322 347 101 762 822 271 597 511 224 891 679 28 654 794 134 726 730 982 558 890 12 558 448 265 191 806 608 136 188 536 172 585 887 341 610 928 495 847 
498 209 154 0 173 411 329 304 732 673 944 64 390 505 988 274 312 609 132 551 532 331 609 596 174 38 834 609 34 812 191 569 641 747 460 421 967 867 953 374 326 807 575 686 373 914 769 929 146 447 
954 676 754 173 0 359 983 21 40 925 85 669 439 593 12 631 893 821 346 860 149 689 307 228 245 802 906 382 400 120 148 381 407 110 748 120 325 290 623 980 720 955 717 957 718 487 813 876 470 663 
60 841 747 411 359 0 272 223 606 578 933 499 266 61 407 598 236 259 383 622 424 771 308 614 654 464 508 672 18 714 814 250 919 193 275 93 856 913 644 607 631 98 889 53 757 902 747 415 338 478 
35 438 843 329 983 272 0 28 357 520 738 62 624 993 875 862 470 545 596 329 320 460 142 336 820 66 29 844 489 977 346 57 730 436 277 424 814 598 127 749 8 854 877 572 179 722 757 360 796 913 
322 221 617 304 21 223 28 0 337 220 777 141 865 3 306 116 280 421 678 145 448 630 291 673 57 998 532 10 961 445 593 410 9 601 272 909 334 254 334 525 671 242 153 413 878 117 460 223 248 2 
737 547 743 732 40 606 357 337 0 572 569 251 905 918 356 314 255 377 840 457 560 36 375 992 230 337 602 604 817 785 440 531 43 120 6 502 680 828 435 787 708 575 88 515 39 510 596 224 768 780 
109 486 220 673 925 578 520 220 572 0 757 173 405 359 482 840 23 711 199 497 589 190 743 957 765 125 419 60 486 522 727 163 961 207 766 931 189 313 822 54 953 220 929 499 345 964 137 653 447 631 
735 705 821 944 85 933 738 777 569 757 0 486 886 690 624 284 268 663 237 404 472 509 936 347 520 306 251 167 641 47 464 623 515 62 593 279 600 997 375 17 177 637 466 235 771 271 215 721 183 15 
905 870 877 64 669 499 62 141 251 173 486 0 778 202 604 73 33 722 712 200 880 216 403 69 474 119 812 652 34 941 949 217 501 817 534 417 236 975 56 642 363 823 626 49 105 615 962 219 939 239 
434 929 322 390 439 266 624 865 905 405 886 778 0 14 995 535 516 678 346 94 364 946 879 799 305 263 601 123 689 756 406 604 240 273 812 754 320 995 904 566 590 811 428 347 66 367 784 152 853 236 
459 809 347 505 593 61 993 3 918 359 690 202 14 0 180 631 608 246 875 424 356 184 920 39 231 483 750 586 768 537 686 768 35 950 373 277 434 953 408 527 58 161 595 153 583 357 848 267 994 262 
229 379 101 988 12 407 875 306 356 482 624 604 995 180 0 895 491 805 161 254 571 716 183 504 600 615 259 777 79 336 764 430 380 940 752 473 733 604 472 680 999 424 652 151 175 717 842 520 96 61 
943 499 762 274 631 598 862 116 314 840 284 73 535 631 895 0 246 969 788 461 41 301 478 385 637 944 199 759 918 359 620 456 532 846 192 44 590 407 348 251 940 29 74 51 698 646 237 861 24 212 
474 692 822 312 893 236 470 280 255 23 268 33 516 608 491 246 0 529 364 936 167 440 682 447 838 279 390 560 628 828 941 197 876 510 700 556 219 327 624 718 612 652 750 734 13 480 384 732 770 669 
56 976 271 609 821 259 545 421 377 711 663 722 678 246 805 969 529 0 247 815 824 145 433 337 693 449 65 326 883 718 390 585 450 448 649 790 123 403 21 228 541 425 313 930 274 28 155 481 890 633 
784 51 597 132 346 383 596 678 840 199 237 712 346 875 161 788 364 247 0 893 636 961 162 769 235 500 878 803 4 18 949 597 876 829 246 115 522 583 695 565 813 643 999 174 743 268 900 507 5 51 
446 240 511 551 860 622 329 145 457 497 404 200 94 424 254 461 936 815 893 0 424 198 515 215 885 522 906 408 934 452 616 857 67 506 933 437 342 228 949 399 315 306 410 158 699 262 557 259 683 289 
547 600 224 532 149 424 320 448 560 589 472 880 364 356 571 41 167 824 636 424 0 479 139 637 465 837 573 292 659 267 267 127 58 637 383 976 790 994 360 135 180 452 516 855 79 944 943 354 957 58 
233 119 891 331 689 771 460 630 36 190 509 216 946 184 716 301 440 145 961 198 479 0 753 583 912 333 954 804 222 807 947 569 50 348 434 988 150 538 459 945 486 458 49 757 849 71 221 199 608 322 
141 341 679 609 307 308 142 291 375 743 936 403 879 920 183 478 682 433 162 515 139 753 0 653 360 426 644 57 652 348 428 454 371 591 207 881 662 507 230 184 451 13 994 834 32 181 920 407 441 348 
675 856 28 596 228 614 336 673 992 957 347 69 799 39 504 385 447 337 769 215 637 583 653 0 728 28 137 354 555 554 310 243 222 34 740 475 166 723 747 911 675 523 227 520 877 272 552 816 337 477 
620 263 654 174 245 654 820 57 230 765 520 474 305 231 600 637 838 693 235 885 465 912 360 728 0 569 149 541 823 354 273 983 374 936 954 191 85 392 46 798 57 479 766 582 20 12 279 744 758 928 
854 165 794 38 802 464 66 998 337 125 306 119 263 483 615 944 279 449 500 522 837 333 426 28 569 0 34 101 509 445 502 481 443 995 541 518 589 651 867 583 784 925 528 364 945 35 530 947 911 611 
285 2 134 834 906 508 29 532 602 419 251 812 601 750 259 199 390 65 878 906 573 954 644 137 149 34 0 478 943 328 379 537 399 629 677 738 376 530 195 522 3 134 350 270 893 18 461 420 701 153 
351 88 726 609 382 672 844 10 604 60 167 652 123 586 777 759 560 326 803 408 292 804 57 354 541 101 478 0 708 423 575 123 800 409 783 742 411 819 585 443 44 592 116 527 450 219 532 468 240 624 
415 106 730 34 400 18 489 961 817 486 641 34 689 768 79 918 628 883 4 934 659 222 652 555 823 509 943 708 0 489 405 75 99 707 605 835 674 549 53 312 284 70 180 887 806 485 489 206 815 798 
995 333 982 812 120 714 977 445 785 522 47 941 756 537 336 359 828 718 18 452 267 807 348 554 354 445 328 423 489 0 343 978 695 480 938 727 879 471 129 717 187 481 658 836 113 739 780 423 190 726 
448 696 558 191 148 814 346 593 440 727 464 949 406 686 764 620 941 390 949 616 267 947 428 310 273 502 379 575 405 343 0 178 799 908 756 518 804 5 93 722 779 147 417 624 346 480 857 748 134 466 
516 87 890 569 381 250 57 410 531 163 623 217 604 768 430 456 197 585 597 857 127 569 454 243 983 481 537 123 75 978 178 0 337 31 950 66 366 11 483 321 775 242 891 1 943 103 702 869 68 591 
313 298 12 641 407 919 730 9 43 961 515 501 240 35 380 532 876 450 876 67 58 50 371 222 374 443 399 800 99 695 799 337 0 990 416 143 940 491 931 981 35 758 185 623 109 57 415 890 545 409 
268 492 558 747 110 193 436 601 120 207 62 817 273 950 940 846 510 448 829 506 637 348 591 34 936 995 629 409 707 480 908 31 990 0 710 599 609 367 262 141 935 107 695 537 157 15 374 116 524 466 
222 358 448 460 748 275 277 272 6 766 593 534 812 373 752 192 700 649 246 933 383 434 207 740 954 541 677 783 605 938 756 950 416 710 0 771 90 182 852 524 923 841 374 96 996 627 216 541 55 449 
971 605 265 421 120 93 424 909 502 931 279 417 754 277 473 44 556 790 115 437 976 988 881 475 191 518 738 742 835 727 518 66 143 599 771 0 868 127 268 903 642 595 21 697 924 534 153 93 574 679 
645 500 191 967 325 856 814 334 680 189 600 236 320 434 733 590 219 123 522 342 790 150 662 166 85 589 376 411 674 879 804 366 940 609 90 868 0 978 744 562 495 152 450 799 825 302 773 313 697 282 
663 857 806 867 290 913 598 254 828 313 997 975 995 953 604 407 327 403 583 228 994 538 507 723 392 651 530 819 549 471 5 11 491 367 182 127 978 0 81 498 81 408 777 578 321 554 3 680 368 58 
24 538 608 953 623 644 127 334 435 822 375 56 904 408 472 348 624 21 695 949 360 459 230 747 46 867 195 585 53 129 93 483 931 262 852 268 744 81 0 237 379 321 833 518 787 584 811 4 562 387 
168 98 136 374 980 607 749 525 787 54 17 642 566 527 680 251 718 228 565 399 135 945 184 911 798 583 522 443 312 717 722 321 981 141 524 903 562 498 237 0 950 429 450 685 384 201 947 320 1000 558 
100 708 188 326 720 631 8 671 708 953 177 363 590 58 999 940 612 541 813 315 180 486 451 675 57 784 3 44 284 187 779 775 35 935 923 642 495 81 379 950 0 680 499 837 171 883 583 944 865 494 
464 402 536 807 955 98 854 242 575 220 637 823 811 161 424 29 652 425 643 306 452 458 13 523 479 925 134 592 70 481 147 242 758 107 841 595 152 408 321 429 680 0 746 752 130 662 567 422 733 773 
532 48 172 575 717 889 877 153 88 929 466 626 428 595 652 74 750 313 999 410 516 49 994 227 766 528 350 116 180 658 417 891 185 695 374 21 450 777 833 450 499 746 0 767 471 402 115 302 40 409 
171 251 585 686 957 53 572 413 515 499 235 49 347 153 151 51 734 930 174 158 855 757 834 520 582 364 270 527 887 836 624 1 623 537 96 697 799 578 518 685 837 752 767 0 375 720 951 388 211 369 
752 185 887 373 718 757 179 878 39 345 771 105 66 583 175 698 13 274 743 699 79 849 32 877 20 945 893 450 806 113 346 943 109 157 996 924 825 321 787 384 171 130 471 375 0 688 977 543 251 257 
893 196 341 914 487 902 722 117 510 964 271 615 367 357 717 646 480 28 268 262 944 71 181 272 12 35 18 219 485 739 480 103 57 15 627 534 302 554 584 201 883 662 402 720 688 0 311 405 670 636 
171 659 610 769 813 747 757 460 596 137 215 962 784 848 842 237 384 155 900 557 943 221 920 552 279 530 461 532 489 780 857 702 415 374 216 153 773 3 811 947 583 567 115 951 977 311 0 51 785 640 
209 202 928 929 876 415 360 223 224 653 721 219 152 267 520 861 732 481 507 259 354 199 407 816 744 947 420 468 206 423 748 869 890 116 541 93 313 680 4 320 944 422 302 388 543 405 51 0 977 574 
494 301 495 146 470 338 796 248 768 447 183 939 853 994 96 24 770 890 5 683 957 608 441 337 758 911 701 240 815 190 134 68 545 524 55 574 697 368 562 1000 865 733 40 211 251 670 785 977 0 926 
354 180 847 447 663 478 913 2 780 631 15 239 236 262 61 212 669 633 51 289 58 322 348 477 928 611 153 624 798 726 466 591 409 466 449 679 282 58 387 558 494 773 409 369 257 636 640 574 926 0 
0 578 857 865 753 354 588 377 933 491 654 543 448 807 327 723 471 208 730 521 467 22 612 136 509 688 726 452 282 491 584 934 40 107 421 618 768 221 197 814 160 154 463 218 471 417 385 578 480 77 
578 0 574 300 578 695 695 704 804 491 276 750 909 270 97 558 285 808 101 250 506 148 547 831 258 396 112 237 204 312 813 555 44 102 743 838 33 899 580 320 269 158 111 638 80 390 449 54 300 166 
857 574 0 593 564 243 560 18 618 186 424 895 953 152 744 825 777 215 317 704 335 855 722 243 794 519 139 132 316 979 621 981 123 904 678 240 38 781 664 634 422 639 69 446 782 575 529 913 323 753 
865 300 593 0 412 227 681 387 956 818 699 59 754 617 928 120 310 271 33 139 227 116 441 576 155 488 868 73 6 676 520 551 243 836 792 679 562 616 787 80 211 224 414 944 393 500 226 322 76 695 
753 578 564 412 0 297 713 103 391 755 314 674 421 692 825 757 964 301 555 932 167 564 297 15 115 810 514 880 175 143 482 49 567 63 811 96 90 350 48 814 566 340 912 943 958 619 543 304 431 846 
354 695 243 227 297 0 758 689 429 860 657 261 488 48 319 947 195 228 639 689 569 157 342 432 764 963 380 560 198 740 667 91 918 622 174 257 772 752 867 666 340 381 391 298 643 524 714 325 72 424 
588 695 560 681 713 758 0 100 173 315 662 589 672 933 598 410 992 36 582 348 482 483 391 758 576 201 198 946 520 884 885 78 445 645 242 465 826 617 466 452 65 513 888 129 396 729 277 201 415 937 
377 704 18 387 103 689 100 0 429 540 559 545 961 91 356 68 242 364 702 60 736 644 94 445 160 893 627 63 806 573 344 699 56 809 116 679 166 239 197 638 871 93 387 285 838 184 893 596 276 198 
933 804 618 956 391 429 173 429 0 441 691 304 891 393 663 751 69 327 621 42 186 89 15 836 156 92 702 625 876 882 469 770 554 220 132 486 695 644 209 907 933 756 596 547 138 500 518 639 551 721 
491 491 186 818 755 860 315 540 441 0 591 215 478 23 596 992 231 733 176 523 65 202 757 618 570 193 295 421 735 748 159 123 646 117 893 517 99 277 492 181 577 280 658 466 148 737 87 308 676 720 
654 276 424 699 314 657 662 559 691 591 0 189 750 827 942 893 866 818 146 34 359 921 890 742 649 761 871 338 553 16 519 659 608 351 991 425 821 976 714 16 242 985 708 332 948 667 69 559 150 564 
543 750 895 59 674 261 589 545 304 215 189 0 965 97 783 153 14 562 671 725 807 150 308 466 150 111 536 908 572 925 886 154 355 744 129 337 742 963 505 397 527 881 165 226 77 243 859 1 851 620 
448 909 953 754 421 488 672 961 891 478 750 965 0 341 930 402 717 677 564 433 367 719 600 902 319 206 714 337 613 613 874 529 596 794 584 928 210 568 784 995 193 814 514 32 289 229 504 371 621 148 
807 270 152 617 692 48 933 91 393 23 827 97 341 0 161 549 692 699 454 580 286 358 621 798 644 839 973 463 723 499 505 250 129 912 418 513 557 558 474 261 686 453 97 359 340 144 770 280 878 188 
327 97 744 928 825 319 598 356 663 596 942 783 930 161 0 620 519 445 510 319 239 428 310 615 163 418 383 337 32 790 822 981 332 768 627 857 368 984 79 617 335 845 945 172 254 657 669 48 447 319 
723 558 825 120 757 947 410 68 751 992 893 153 402 549 620 0 234 723 722 821 495 586 418 626 606 877 370 492 869 642 367 578 128 134 306 337 790 762 963 476 912 280 314 367 818 579 424 859 437 452 
471 285 777 310 964 195 992 242 69 231 866 14 717 692 519 234 0 706 704 860 548 592 82 352 442 454 392 570 240 932 450 277 775 793 827 261 6 747 557 906 537 862 881 547 75 435 68 361 64 413 
208 808 215 271 301 228 36 364 327 733 818 562 677 699 445 723 706 0 733 856 754 162 479 125 639 469 577 270 419 451 542 465 517 354 934 758 257 339 87 169 11 202 543 760 604 86 478 207 662 432 
730 101 317 33 555 639 582 702 621 176 146 671 564 454 510 722 704 733 0 987 740 257 641 997 123 247 825 429 375 219 625 491 798 991 223 202 57 761 194 613 788 592 957 434 970 640 637 572 180 325 
521 250 704 139 932 689 348 60 42 523 34 725 433 580 319 821 860 856 987 0 555 5 880 356 986 341 986 270 531 728 511 704 542 684 778 130 559 549 994 215 602 659 557 191 777 360 113 514 936 736 
467 506 335 227 167 569 482 736 186 65 359 807 367 286 239 495 548 754 740 555 0 151 629 833 396 450 897 222 910 11 68 34 409 892 64 981 294 370 519 165 212 272 912 996 318 907 898 676 540 937 
22 148 855 116 564 157 483 644 89 202 921 150 719 358 428 586 592 162 257 5 151 0 575 114 562 352 150 739 167 158 978 552 45 698 118 953 314 552 377 482 258 497 290 368 957 272 895 702 413 310 
612 547 722 441 297 342 391 94 15 757 890 308 600 621 310 418 82 479 641 880 629 575 0 859 848 119 253 514 133 124 369 466 351 410 539 927 551 383 32 605 662 574 734 675 292 886 491 477 581 920 
136 831 243 576 15 432 758 445 836 618 742 466 902 798 615 626 352 125 997 356 833 114 859 0 956 17 192 112 128 72 494 545 8 73 678 523 961 509 657 770 79 346 664 676 442 157 397 15 431 644 
509 258 794 155 115 764 576 160 156 570 649 150 319 644 163 606 442 639 123 986 396 562 848 956 0 483 750 765 735 592 607 775 456 677 817 142 89 227 179 979 198 192 51 734 913 342 348 268 635 411 
688 396 519 488 810 963 201 893 92 193 761 111 206 839 418 877 454 469 247 341 450 352 119 17 483 0 70 69 688 497 570 303 83 584 979 956 205 653 587 694 548 469 886 433 804 50 176 676 982 103 
726 112 139 868 514 380 198 627 702 295 871 536 714 973 383 370 392 577 825 986 897 150 253 192 750 70 0 304 971 408 341 162 629 901 719 844 275 185 355 462 794 494 4 723 669 306 258 589 714 95 
452 237 132 73 880 560 946 63 625 421 338 908 337 463 337 492 570 270 429 270 222 739 514 112 765 69 304 0 619 808 382 797 837 570 826 706 844 564 261 469 418 611 981 172 851 287 808 713 15 689 
282 204 316 6 175 198 520 806 876 735 553 572 613 723 32 869 240 419 375 531 910 167 133 128 735 688 971 619 0 755 67 314 530 982 633 709 454 86 688 611 229 94 284 470 424 582 269 74 389 857 
491 312 979 676 143 740 884 573 882 748 16 925 613 499 790 642 932 451 219 728 11 158 124 72 592 497 408 808 755 0 254 863 836 526 934 64 591 446 550 722 620 571 478 723 49 852 744 109 468 266 
584 813 621 520 482 667 885 344 469 159 519 886 874 505 822 367 450 542 625 511 68 978 369 494 607 570 341 382 67 254 0 512 607 927 722 641 273 326 4 673 382 212 397 177 29 844 898 892 541 961 
934 555 981 551 49 91 78 699 770 123 659 154 529 250 981 578 277 465 491 704 34 552 466 545 775 303 162 797 314 863 512 0 559 71 151 73 389 261 424 284 731 25 944 6 690 439 424 906 706 323 
40 44 123 243 567 918 445 56 554 646 608 355 596 129 332 128 775 517 798 542 409 45 351 8 456 83 629 837 530 836 607 559 0 692 385 629 457 968 745 853 236 640 484 679 181 114 434 508 768 4 
107 102 904 836 63 622 645 809 220 117 351 744 794 912 768 134 793 354 991 684 892 698 410 73 677 584 901 570 982 526 927 71 692 0 953 407 923 309 605 291 805 426 930 393 185 381 314 149 430 689 
421 743 678 792 811 174 242 116 132 893 991 129 584 418 627 306 827 934 223 778 64 118 539 678 817 979 719 826 633 934 722 151 385 953 0 626 563 419 502 604 795 817 491 248 914 952 627 606 200 511 
618 838 240 679 96 257 465 679 486 517 425 337 928 513 857 337 261 758 202 130 981 953 927 523 142 956 844 706 709 64 641 73 629 407 626 0 666 281 31 881 809 696 80 550 402 592 750 280 857 790 
768 33 38 562 90 772 826 166 695 99 821 742 210 557 368 790 6 257 57 559 294 314 551 961 89 205 275 844 454 591 273 389 457 923 563 666 0 877 989 602 602 436 569 512 486 142 504 157 599 329 
221 899 781 616 350 752 617 239 644 277 976 963 568 558 984 762 747 339 761 549 370 552 383 509 227 653 185 564 86 446 326 261 968 309 419 281 877 0 30 915 354 206 317 881 329 751 328 271 401 405 
197 580 664 787 48 867 466 197 209 492 714 505 784 474 79 963 557 87 194 994 519 377 32 657 179 587 355 261 688 550 4 424 745 605 502 31 989 30 0 490 440 300 805 588 734 837 198 187 408 314 
814 320 634 80 814 666 452 638 907 181 16 397 995 261 617 476 906 169 613 215 165 482 605 770 979 694 462 469 611 722 673 284 853 291 604 881 602 915 490 0 517 77 199 705 847 753 928 711 582 443 
160 269 422 211 566 340 65 871 933 577 242 527 193 686 335 912 537 11 788 602 212 258 662 79 198 548 794 418 229 620 382 731 236 805 795 809 602 354 440 517 0 47 674 708 334 530 184 711 664 727 
154 158 639 224 340 381 513 93 756 280 985 881 814 453 845 280 862 202 592 659 272 497 574 346 192 469 494 611 94 571 212 25 640 426 817 696 436 206 300 77 47 0 590 935 750 759 377 279 897 561 
463 111 69 414 912 391 888 387 596 658 708 165 514 97 945 314 881 543 957 557 912 290 734 664 51 886 4 981 284 478 397 944 484 930 491 80 569 317 805 199 674 590 0 389 699 104 249 235 684 410 
218 638 446 944 943 298 129 285 547 466 332 226 32 359 172 367 547 760 434 191 996 368 675 676 734 433 723 172 470 723 177 6 679 393 248 550 512 881 588 705 708 935 389 0 639 745 836 389 320 734 
471 80 782 393 958 643 396 838 138 148 948 77 289 340 254 818 75 604 970 777 318 957 292 442 913 804 669 851 424 49 29 690 181 185 914 402 486 329 734 847 334 750 699 639 0 560 714 306 142 598 
417 390 575 500 619 524 729 184 500 737 667 243 229 144 657 579 435 86 640 360 907 272 886 157 342 50 306 287 582 852 844 439 114 381 952 592 142 751 837 753 530 759 104 745 560 0 946 866 953 639 
385 449 529 226 543 714 277 893 518 87 69 859 504 770 669 424 68 478 637 113 898 895 491 397 348 176 258 808 269 744 898 424 434 314 627 750 504 328 198 928 184 377 249 836 714 946 0 274 748 633 
578 54 913 322 304 325 201 596 639 308 559 1 371 280 48 859 361 207 572 514 676 702 477 15 268 676 589 713 74 109 892 906 508 149 606 280 157 271 187 711 711 279 235 389 306 866 274 0 978 890 
480 300 323 76 431 72 415 276 551 676 150 851 621 878 447 437 64 662 180 936 540 413 581 431 635 982 714 15 389 468 541 706 768 430 200 857 599 401 408 582 664 897 684 320 142 953 748 978 0 923 
77 166 753 695 846 424 937 198 721 720 564 620 148 188 319 452 413 432 325 736 937 310 920 644 411 103 95 689 857 266 961 323 4 689 511 790 329 405 314 443 727 561 410 734 598 639 633 890 923 0 
