70 4
0 220 896 992 329 860 302 427 348 445 773 136 134 579 278 600 864 338 940 649 483 116 966 858 348 49 493 676 452 425 264 525 920 770 509 886 891 36 791 56 650 24 501 735 325 867 628 628 749 377 120 346 730 36 227 689 901 285 508 608 269 896 742 323 485 247 254 225 342 184 
220 0 671 138 352 501 990 35 515 757 397 957 165 165 801 506 314 479 665 927 615 264 37 219 915 267 953 275 198 11 995 907 975 170 311 639 549 951 519 689 446 760 656 917 39 546 160 94 782 605 882 913 341 990 882 426 705 888 162 333 845 928 742 579 670 486 182 316 895 793 
896 671 0 911 750 886 440 479 507 527 324 316 462 509 23 410 278 319 496 814 211 991 331 69 289 4 459 289 910 508 436 461 958 389 507 808 107 518 616 616 61 629 19 543 570 768 493 469 127 444 571 937 925 190 359 691 950 554 627 996 143 836 100 922 18 906 647 281 578 811 
992 138 911 0 282 668 747 235 536 240 207 707 214 555 363 164 341 479 495 115 51 363 628 400 626 354 806 877 232 3 57 276 725 908 977 476 488 639 689 132 922 153 607 499 979 521 339 113 746 448 67 917 691 690 847 500 877 131 718 88 308 629 200 458 589 790 907 557 138 315 
329 352 750 282 0 702 14 104 961 280 993 626 312 692 647 231 630 153 918 672 240 644 721 836 624 475 10 594 621 917 438 815 743 7 277 15 273 531 87 185 403 381 45 654 992 869 142 62 667 214 572 833 270 949 297 403 503 915 598 285 846 851 238 956 282 533 868 722 224 717 
860 501 886 668 702 0 69 242 443 449 186 386 909 296 683 941 691 517 197 662 130 246 437 697 189 31 975 700 23 486 338 563 702 806 917 845 134 227 300 926 571 409 153 89 501 960 885 348 722 811 731 663 507 699 43 531 746 282 593 862 567 287 726 992 719 453 640 311 31 220 
302 990 440 747 14 69 0 559 856 860 241 8 598 485 259 899 571 954 630 6 51 141 39 798 701 98 230 725 253 81 147 710 794 62 832 861 340 12 331 93 656 531 450 712 667 345 925 735 653 3 735 900 850 587 208 595 669 700 313 922 465 842 437 653 96 802 742 300 739 750 
427 35 479 235 104 242 559 0 780 241 187 658 404 575 707 810 848 342 156 49 979 70 580 431 686 46 133 580 148 327 769 219 322 26 83 667 379 982 349 474 886 819 112 431 746 667 725 896 152 833 711 714 27 424 633 74 182 632 85 321 42 124 118 537 643 970 129 392 452 540 
348 515 507 536 961 443 856 780 0 498 261 998 146 919 97 504 271 652 708 906 634 741 774 314 730 332 585 423 244 749 322 90 434 811 577 568 413 972 916 562 76 286 580 415 542 141 48 730 211 749 565 687 954 116 202 187 284 818 824 191 860 824 861 168 753 540 390 560 153 530 
445 757 527 240 280 449 860 241 498 0 124 472 61 166 189 847 230 763 912 496 300 359 520 948 347 150 86 689 69 724 267 993 755 190 779 412 589 271 557 297 399 720 47 860 626 102 148 12 70 126 858 467 57 749 216 787 666 482 602 734 558 579 259 432 209 927 621 984 471 572 
773 397 324 207 993 186 241 187 261 124 0 273 287 426 127 178 290 826 984 915 113 505 942 901 826 342 151 709 381 573 379 811 619 369 424 414 243 938 880 914 520 755 500 296 338 517 770 862 544 99 954 274 285 854 6 915 274 956 23 755 506 104 718 885 95 796 17 931 579 347 
136 957 316 707 626 386 8 658 998 472 273 0 723 808 967 261 243 162 310 552 62 140 390 919 422 661 159 280 74 715 804 144 281 929 742 853 300 110 84 824 840 838 499 71 421 626 602 444 75 852 393 408 241 36 73 305 329 322 496 576 853 138 798 186 464 219 553 415 270 441 
134 165 462 214 312 909 598 404 146 61 287 723 0 757 741 153 187 536 139 739 816 409 505 736 264 400 271 142 733 975 148 190 268 121 258 378 901 985 350 405 616 473 642 428 624 674 549 69 961 854 63 985 78 132 195 514 756 465 122 633 224 542 455 723 864 346 106 537 989 752 
579 165 509 555 692 296 485 575 919 166 426 808 757 0 973 676 820 433 400 733 801 481 971 361 642 456 819 589 615 3 315 481 754 195 640 891 805 632 87 106 218 464 133 614 207 26 779 750 718 558 218 591 449 799 711 665 742 914 742 726 246 678 777 2 993 737 32 793 299 741 
278 801 23 363 647 683 259 707 97 189 127 967 741 973 0 466 229 706 231 876 266 156 196 155 635 86 598 525 305 960 39 175 571 485 961 473 220 315 385 145 912 338 48 375 66 746 130 680 706 493 753 803 792 602 182 569 574 443 220 256 864 478 510 459 503 953 160 179 879 687 
600 506 410 164 231 941 899 810 504 847 178 261 153 676 466 0 505 47 476 916 567 792 540 85 386 460 117 370 492 251 93 589 221 864 352 491 655 823 806 255 160 444 197 289 724 474 138 990 955 258 724 394 843 247 75 34 594 598 430 525 501 167 499 127 130 67 208 244 133 76 
864 314 278 341 630 691 571 848 271 230 290 243 187 820 229 505 0 444 559 347 669 613 616 360 113 188 897 279 121 299 463 443 106 638 672 798 604 249 843 422 893 646 309 978 216 60 640 988 317 398 676 803 29 49 520 944 152 226 64 508 148 267 581 6 69 847 403 320 856 670 
338 479 319 479 153 517 954 342 652 763 826 162 536 433 706 47 444 0 683 282 136 666 439 662 766 316 688 682 183 263 313 336 339 624 199 282 358 813 307 298 842 164 303 162 431 229 948 844 554 785 120 704 689 31 294 521 708 406 509 398 985 918 244 106 518 110 126 845 941 103 
940 665 496 495 918 197 630 156 708 912 984 310 139 400 231 476 559 683 0 844 127 351 534 552 599 535 957 778 286 395 118 271 592 67 72 789 870 889 155 337 355 63 73 585 54 35 760 882 292 369 578 349 273 685 514 189 982 50 6 872 806 621 144 836 17 916 749 198 215 993 
649 927 814 115 672 662 6 49 906 496 915 552 739 733 876 916 347 282 844 0 614 35 66 361 401 353 586 782 475 624 991 720 805 666 812 263 357 100 741 787 38 454 134 600 166 129 389 7 622 90 585 695 821 816 608 627 434 114 813 611 428 566 477 766 116 933 293 929 599 233 
483 615 211 51 240 130 51 979 634 300 113 62 816 801 266 567 669 136 127 614 0 70 439 15 895 382 789 511 953 799 121 942 891 315 235 539 493 844 906 23 918 114 294 181 802 515 740 485 349 27 754 662 550 743 580 924 116 911 365 605 882 926 94 69 336 195 759 536 921 547 
116 264 991 363 644 246 141 70 741 359 505 140 409 481 156 792 613 666 351 35 70 0 900 216 232 883 167 102 313 37 586 441 550 263 342 18 726 321 207 804 420 684 969 91 589 690 203 739 775 139 946 246 494 427 961 887 837 60 750 293 733 686 524 738 17 547 373 210 989 326 
966 37 331 628 721 437 39 580 774 520 942 390 505 971 196 540 616 439 534 66 439 900 0 803 889 195 857 361 902 288 381 185 325 50 686 556 68 492 623 866 119 880 948 932 471 666 179 396 594 899 564 313 248 425 595 165 984 837 566 226 992 37 951 440 781 352 70 124 824 601 
858 219 69 400 836 697 798 431 314 948 901 919 736 361 155 85 360 662 552 361 15 216 803 0 388 275 344 502 865 161 837 849 444 447 500 583 247 35 652 675 719 744 420 105 181 164 778 710 361 921 553 558 249 4 377 375 994 481 733 643 746 363 894 92 22 804 645 185 175 895 
348 915 289 626 624 189 701 686 730 347 826 422 264 642 635 386 113 766 599 401 895 232 889 388 0 299 814 731 816 643 589 835 416 238 977 789 450 483 818 962 454 169 960 108 331 686 319 347 519 686 173 786 395 710 509 832 63 205 456 436 409 756 544 653 531 14 814 809 456 41 
49 267 4 354 475 31 98 46 332 150 342 661 400 456 86 460 188 316 535 353 382 883 195 275 299 0 94 278 159 414 914 199 760 774 371 966 588 719 759 478 925 621 992 835 142 179 839 600 58 3 957 874 230 988 1 875 703 60 558 776 27 19 242 580 334 743 447 311 763 995 
493 953 459 806 10 975 230 133 585 86 151 159 271 819 598 117 897 688 957 586 789 167 857 344 814 94 0 824 997 266 825 661 420 616 39 339 553 795 479 882 541 69 449 113 188 345 498 452 227 369 412 281 556 512 752 959 863 518 699 333 77 919 941 220 75 240 570 742 282 273 
676 275 289 877 594 700 725 580 423 689 709 280 142 589 525 370 279 682 778 782 511 102 361 502 731 278 824 0 513 729 885 758 915 416 378 625 879 594 813 295 743 982 925 99 667 742 737 520 533 414 96 908 753 187 571 76 187 727 846 859 176 724 624 694 945 618 717 274 16 974 
452 198 910 232 621 23 253 148 244 69 381 74 733 615 305 492 121 183 286 475 953 313 902 865 816 159 997 513 0 376 523 366 512 495 56 157 674 236 105 577 834 742 14 267 789 338 865 407 402 387 549 724 668 541 797 875 680 920 161 293 961 478 83 556 905 705 904 483 134 365 
425 11 508 3 917 486 81 327 749 724 573 715 975 3 960 251 299 263 395 624 799 37 288 161 643 414 266 729 376 0 125 699 406 811 871 498 383 455 267 217 686 142 627 641 160 433 598 685 861 588 948 907 3 991 330 594 245 36 842 428 580 322 749 487 802 732 567 223 836 144 
264 995 436 57 438 338 147 769 322 267 379 804 148 315 39 93 463 313 118 991 121 586 381 837 589 914 825 885 523 125 0 596 243 88 56 812 914 678 453 166 129 190 242 110 368 154 209 990 512 146 914 897 858 511 923 69 353 539 756 82 37 987 283 337 222 834 179 667 79 57 
525 907 461 276 815 563 710 219 90 993 811 144 190 481 175 589 443 336 271 720 942 441 185 849 835 199 661 758 366 699 596 0 844 533 299 760 159 30 48 331 509 238 885 543 414 873 475 262 745 672 980 178 247 423 954 667 526 508 619 4 500 377 89 53 745 956 682 581 140 399 
920 975 958 725 743 702 794 322 434 755 619 281 268 754 571 221 106 339 592 805 891 550 325 444 416 760 420 915 512 406 243 844 0 348 931 809 300 424 727 965 899 421 934 67 40 738 300 817 151 1000 458 972 639 74 170 299 862 734 113 802 212 686 280 389 404 232 249 583 110 892 
770 170 389 908 7 806 62 26 811 190 369 929 121 195 485 864 638 624 67 666 315 263 50 447 238 774 616 416 495 811 88 533 348 0 185 900 878 631 187 87 90 807 404 590 182 856 543 323 581 144 793 350 362 655 715 167 845 363 952 568 397 221 592 942 747 40 605 614 354 82 
509 311 507 977 277 917 832 83 577 779 424 742 258 640 961 352 672 199 72 812 235 342 686 500 977 371 39 378 56 871 56 299 931 185 0 767 430 414 54 936 573 987 745 550 57 693 154 114 428 838 902 119 242 665 69 236 89 782 537 615 535 652 217 491 621 186 825 356 862 461 
886 639 808 476 15 845 861 667 568 412 414 853 378 891 473 491 798 282 789 263 539 18 556 583 789 966 339 625 157 498 812 760 809 900 767 0 300 846 35 15 443 644 882 402 150 31 135 978 829 172 564 303 803 624 613 280 940 35 283 695 401 704 468 696 419 391 577 938 159 677 
891 549 107 488 273 134 340 379 413 589 243 300 901 805 220 655 604 358 870 357 493 726 68 247 450 588 553 879 674 383 914 159 300 878 430 300 0 763 553 905 604 543 556 928 226 899 593 680 333 780 575 279 903 301 3 430 572 901 123 968 39 510 427 802 767 228 172 410 524 329 
36 951 518 639 531 227 12 982 972 271 938 110 985 632 315 823 249 813 889 100 844 321 492 35 483 719 795 594 236 455 678 30 424 631 414 846 763 0 245 529 926 313 934 114 914 195 314 309 341 931 879 459 174 112 251 350 664 646 701 685 784 704 819 17 433 606 171 456 103 44 
791 519 616 689 87 300 331 349 916 557 880 84 350 87 385 806 843 307 155 741 906 207 623 652 818 759 479 813 105 267 453 48 727 187 54 35 553 245 0 564 684 274 810 802 674 727 177 248 468 25 240 750 275 929 487 810 653 407 577 700 218 53 65 894 677 513 243 758 109 251 
56 689 616 132 185 926 93 474 562 297 914 824 405 106 145 255 422 298 337 787 23 804 866 675 962 478 882 295 577 217 166 331 965 87 936 15 905 529 564 0 753 958 857 245 724 413 445 601 27 961 504 458 659 192 617 373 2 588 600 712 972 617 685 98 116 429 307 895 526 647 
650 446 61 922 403 571 656 886 76 399 520 840 616 218 912 160 893 842 355 38 918 420 119 719 454 925 541 743 834 686 129 509 899 90 573 443 604 926 684 753 0 694 480 523 400 897 160 766 975 324 680 372 243 861 470 730 1 180 968 790 581 334 402 633 998 495 185 925 491 208 
24 760 629 153 381 409 531 819 286 720 755 838 473 464 338 444 646 164 63 454 114 684 880 744 169 621 69 982 742 142 190 238 421 807 987 644 543 313 274 958 694 0 414 994 136 766 291 242 326 707 97 180 583 555 763 998 3 438 673 260 53 18 733 284 153 357 944 226 58 858 
501 656 19 607 45 153 450 112 580 47 500 499 642 133 48 197 309 303 73 134 294 969 948 420 960 992 449 925 14 627 242 885 934 404 745 882 556 934 810 857 480 414 0 911 105 872 477 1000 97 479 452 502 593 244 61 128 48 899 659 82 714 116 349 870 890 776 49 861 486 590 
735 917 543 499 654 89 712 431 415 860 296 71 428 614 375 289 978 162 585 600 181 91 932 105 108 835 113 99 267 641 110 543 67 590 550 402 928 114 802 245 523 994 911 0 580 757 387 907 34 369 632 76 401 520 717 491 271 695 949 112 5 304 47 826 234 173 807 155 262 791 
325 39 570 979 992 501 667 746 542 626 338 421 624 207 66 724 216 431 54 166 802 589 471 181 331 142 188 667 789 160 368 414 40 182 57 150 226 914 674 724 400 136 105 580 0 303 931 199 149 251 177 426 632 948 188 573 135 2 35 643 920 113 341 680 917 60 32 754 929 575 
867 546 768 521 869 960 345 667 141 102 517 626 674 26 746 474 60 229 35 129 515 690 666 164 686 179 345 742 338 433 154 873 738 856 693 31 899 195 727 413 897 766 872 757 303 0 213 807 825 125 362 908 122 487 593 718 932 843 593 733 349 387 647 366 269 337 411 304 502 96 
628 160 493 339 142 885 925 725 48 148 770 602 549 779 130 138 640 948 760 389 740 203 179 778 319 839 498 737 865 598 209 475 300 543 154 135 593 314 177 445 160 291 477 387 931 213 0 48 332 695 482 607 946 183 239 817 292 88 520 632 498 428 117 427 521 164 544 594 491 106 
628 94 469 113 62 348 735 896 730 12 862 444 69 750 680 990 988 844 882 7 485 739 396 710 347 600 452 520 407 685 990 262 817 323 114 978 680 309 248 601 766 242 1000 907 199 807 48 0 632 857 464 176 143 351 275 281 257 146 203 217 442 21 138 896 179 980 699 775 676 194 
749 782 127 746 667 722 653 152 211 70 544 75 961 718 706 955 317 554 292 622 349 775 594 361 519 58 227 533 402 861 512 745 151 581 428 829 333 341 468 27 975 326 97 34 149 825 332 632 0 869 923 923 925 110 357 610 560 940 270 979 485 63 941 116 58 648 815 509 220 1 
377 605 444 448 214 811 3 833 749 126 99 852 854 558 493 258 398 785 369 90 27 139 899 921 686 3 369 414 387 588 146 672 1000 144 838 172 780 931 25 961 324 707 479 369 251 125 695 857 869 0 2 987 932 60 625 952 149 560 815 288 119 972 159 355 737 429 454 146 515 846 
120 882 571 67 572 731 735 711 565 858 954 393 63 218 753 724 676 120 578 585 754 946 564 553 173 957 412 96 549 948 914 980 458 793 902 564 575 879 240 504 680 97 452 632 177 362 482 464 923 2 0 665 409 303 485 950 692 555 984 821 895 497 36 769 364 483 750 789 186 527 
346 913 937 917 833 663 900 714 687 467 274 408 985 591 803 394 803 704 349 695 662 246 313 558 786 874 281 908 724 907 897 178 972 350 119 303 279 459 750 458 372 180 502 76 426 908 607 176 923 987 665 0 47 859 273 89 397 329 839 311 437 957 373 733 76 393 357 231 246 400 
730 341 925 691 270 507 850 27 954 57 285 241 78 449 792 843 29 689 273 821 550 494 248 249 395 230 556 753 668 3 858 247 639 362 242 803 903 174 275 659 243 583 593 401 632 122 946 143 925 932 409 47 0 116 133 524 911 526 339 725 216 324 220 249 666 149 695 966 673 689 
36 990 190 690 949 699 587 424 116 749 854 36 132 799 602 247 49 31 685 816 743 427 425 4 710 988 512 187 541 991 511 423 74 655 665 624 301 112 929 192 861 555 244 520 948 487 183 351 110 60 303 859 116 0 397 497 846 681 415 737 367 747 679 91 99 64 989 664 767 968 
227 882 359 847 297 43 208 633 202 216 6 73 195 711 182 75 520 294 514 608 580 961 595 377 509 1 752 571 797 330 923 954 170 715 69 613 3 251 487 617 470 763 61 717 188 593 239 275 357 625 485 273 133 397 0 17 648 236 224 150 387 334 74 832 428 155 766 459 66 322 
689 426 691 500 403 531 595 74 187 787 915 305 514 665 569 34 944 521 189 627 924 887 165 375 832 875 959 76 875 594 69 667 299 167 236 280 430 350 810 373 730 998 128 491 573 718 817 281 610 952 950 89 524 497 17 0 4 983 152 487 737 103 831 561 332 883 881 908 943 124 
901 705 950 877 503 746 669 182 284 666 274 329 756 742 574 594 152 708 982 434 116 837 984 994 63 703 863 187 680 245 353 526 862 845 89 940 572 664 653 2 1 3 48 271 135 932 292 257 560 149 692 397 911 846 648 4 0 538 497 211 328 626 262 78 758 501 804 580 818 654 
285 888 554 131 915 282 700 632 818 482 956 322 465 914 443 598 226 406 50 114 911 60 837 481 205 60 518 727 920 36 539 508 734 363 782 35 901 646 407 588 180 438 899 695 2 843 88 146 940 560 555 329 526 681 236 983 538 0 351 55 462 223 51 447 134 448 687 352 378 298 
508 162 627 718 598 593 313 85 824 602 23 496 122 742 220 430 64 509 6 813 365 750 566 733 456 558 699 846 161 842 756 619 113 952 537 283 123 701 577 600 968 673 659 949 35 593 520 203 270 815 984 839 339 415 224 152 497 351 0 519 135 150 468 24 941 601 210 26 925 633 
608 333 996 88 285 862 922 321 191 734 755 576 633 726 256 525 508 398 872 611 605 293 226 643 436 776 333 859 293 428 82 4 802 568 615 695 968 685 700 712 790 260 82 112 643 733 632 217 979 288 821 311 725 737 150 487 211 55 519 0 263 689 46 536 495 275 321 591 144 16 
269 845 143 308 846 567 465 42 860 558 506 853 224 246 864 501 148 985 806 428 882 733 992 746 409 27 77 176 961 580 37 500 212 397 535 401 39 784 218 972 581 53 714 5 920 349 498 442 485 119 895 437 216 367 387 737 328 462 135 263 0 232 991 583 335 566 763 602 755 420 
896 928 836 629 851 287 842 124 824 579 104 138 542 678 478 167 267 918 621 566 926 686 37 363 756 19 919 724 478 322 987 377 686 221 652 704 510 704 53 617 334 18 116 304 113 387 428 21 63 972 497 957 324 747 334 103 626 223 150 689 232 0 993 445 749 592 716 91 808 975 
742 742 100 200 238 726 437 118 861 259 718 798 455 777 510 499 581 244 144 477 94 524 951 894 544 242 941 624 83 749 283 89 280 592 217 468 427 819 65 685 402 733 349 47 341 647 117 138 941 159 36 373 220 679 74 831 262 51 468 46 991 993 0 709 506 612 964 379 578 482 
323 579 922 458 956 992 653 537 168 432 885 186 723 2 459 127 6 106 836 766 69 738 440 92 653 580 220 694 556 487 337 53 389 942 491 696 802 17 894 98 633 284 870 826 680 366 427 896 116 355 769 733 249 91 832 561 78 447 24 536 583 445 709 0 809 853 338 870 201 477 
485 670 18 589 282 719 96 643 753 209 95 464 864 993 503 130 69 518 17 116 336 17 781 22 531 334 75 945 905 802 222 745 404 747 621 419 767 433 677 116 998 153 890 234 917 269 521 179 58 737 364 76 666 99 428 332 758 134 941 495 335 749 506 809 0 684 319 936 19 577 
247 486 906 790 533 453 802 970 540 927 796 219 346 737 953 67 847 110 916 933 195 547 352 804 14 743 240 618 705 732 834 956 232 40 186 391 228 606 513 429 495 357 776 173 60 337 164 980 648 429 483 393 149 64 155 883 501 448 601 275 566 592 612 853 684 0 786 695 319 20 
254 182 647 907 868 640 742 129 390 621 17 553 106 32 160 208 403 126 749 293 759 373 70 645 814 447 570 717 904 567 179 682 249 605 825 577 172 171 243 307 185 944 49 807 32 411 544 699 815 454 750 357 695 989 766 881 804 687 210 321 763 716 964 338 319 786 0 323 860 782 
225 316 281 557 722 311 300 392 560 984 931 415 537 793 179 244 320 845 198 929 536 210 124 185 809 311 742 274 483 223 667 581 583 614 356 938 410 456 758 895 925 226 861 155 754 304 594 775 509 146 789 231 966 664 459 908 580 352 26 591 602 91 379 870 936 695 323 0 681 678 
342 895 578 138 224 31 739 452 153 471 579 270 989 299 879 133 856 941 215 599 921 989 824 175 456 763 282 16 134 836 79 140 110 354 862 159 524 103 109 526 491 58 486 262 929 502 491 676 220 515 186 246 673 767 66 943 818 378 925 144 755 808 578 201 19 319 860 681 0 237 
184 793 811 315 717 220 750 540 530 572 347 441 752 741 687 76 670 103 993 233 547 326 601 895 41 995 273 974 365 144 57 399 892 82 461 677 329 44 251 647 208 858 590 791 575 96 106 194 1 846 527 400 689 968 322 124 654 298 633 16 420 975 482 477 577 20 782 678 237 0 
0 930 434 666 70 343 840 795 46 717 287 721 289 287 749 996 905 980 839 51 526 3 14 599 999 580 44 220 59 216 161 526 413 11 544 202 792 65 311 459 126 507 905 596 440 624 30 869 922 379 313 250 62 668 208 279 162 630 539 876 959 31 78 469 205 313 213 944 787 52 
930 0 592 824 620 21 123 928 585 877 480 239 640 70 548 409 584 283 490 552 979 544 254 769 488 45 621 38 415 669 997 64 716 115 190 359 549 176 326 481 141 73 291 505 755 369 623 871 157 333 228 438 234 415 430 169 351 588 406 35 907 159 370 844 35 26 63 471 679 8 
434 592 0 11 794 748 447 883 858 929 400 932 835 424 815 478 504 947 286 27 73 740 1000 642 279 479 382 716 904 549 381 49 946 512 144 864 479 175 662 820 877 596 419 862 479 385 187 726 552 76 435 400 998 715 225 93 582 369 237 696 852 663 180 163 310 961 252 974 951 139 
666 824 11 0 764 331 197 94 424 428 627 669 639 775 444 84 376 179 295 995 75 597 563 339 583 592 944 829 949 438 451 407 540 791 125 779 483 958 576 765 304 114 772 326 407 694 752 230 541 633 274 575 408 217 895 817 471 866 618 199 627 827 519 994 438 515 920 787 330 448 
70 620 794 764 0 948 491 244 60 44 584 51 999 627 921 217 754 288 371 342 843 305 658 781 552 974 119 58 674 109 792 631 527 917 974 228 649 355 795 891 364 707 215 413 263 361 967 874 95 977 101 488 623 970 283 852 425 914 409 929 280 746 85 195 765 387 354 911 900 387 
343 21 748 331 948 0 746 923 745 750 530 310 211 105 517 163 382 738 321 286 331 488 957 565 743 163 528 457 903 234 143 204 925 1000 653 608 41 623 375 454 277 493 473 622 213 270 693 282 334 377 898 961 540 952 501 175 658 338 560 794 890 19 40 694 887 572 756 140 324 41 
840 123 447 197 491 746 0 120 944 279 402 644 342 781 258 576 360 582 745 777 536 447 907 872 223 473 375 650 560 531 123 319 203 726 644 747 841 252 271 369 747 601 140 574 122 878 157 226 330 957 313 280 206 882 743 479 9 675 673 409 745 175 312 88 764 998 89 536 272 316 
795 928 883 94 244 923 120 0 520 912 897 411 676 970 99 215 95 405 657 212 943 145 507 500 521 185 995 396 260 524 549 111 700 242 968 614 89 883 955 60 755 155 183 778 145 496 147 590 12 386 659 216 656 165 50 442 110 483 603 296 482 507 406 729 828 480 652 951 101 103 
46 585 858 424 60 745 944 520 0 766 274 624 110 729 784 148 516 890 138 79 731 447 636 181 721 331 868 957 675 933 666 66 115 533 779 299 524 992 110 617 329 971 846 983 375 644 834 445 269 900 232 822 992 750 190 661 199 820 358 258 76 613 462 394 926 560 826 402 812 928 
717 877 929 428 44 750 279 912 766 0 171 726 891 677 493 248 948 94 121 401 911 666 759 198 118 429 319 17 25 712 651 808 377 244 141 373 415 446 345 875 109 372 87 563 975 548 91 651 121 312 287 912 318 718 880 510 221 89 142 928 167 629 62 389 407 604 577 615 612 841 
287 480 400 627 584 530 402 897 274 171 0 4 947 353 988 72 917 948 498 52 944 915 483 960 940 874 153 770 861 619 431 709 476 243 551 558 915 733 756 476 14 451 758 145 6 296 7 278 932 390 225 578 36 137 386 15 376 418 277 994 165 113 951 951 93 440 456 713 142 665 
721 239 932 669 51 310 644 411 624 726 4 0 733 773 616 894 168 316 491 305 530 533 283 731 142 761 644 807 681 682 270 414 871 88 184 495 563 519 710 941 683 740 302 569 232 287 926 300 604 360 726 473 130 807 321 979 820 133 45 280 53 520 12 6 741 54 620 892 679 675 
289 640 835 639 999 211 342 676 110 891 947 733 0 740 806 353 226 916 637 239 533 578 3 937 358 249 604 325 937 693 458 872 851 531 1000 667 548 515 703 441 912 206 583 416 788 307 863 119 529 677 753 411 900 794 910 137 814 585 484 115 502 531 416 239 291 926 629 102 292 811 
287 70 424 775 627 105 781 970 729 677 353 773 740 0 787 579 105 52 979 88 332 291 155 963 678 333 730 299 270 812 441 56 404 672 788 973 285 487 286 917 406 906 331 503 185 954 422 597 316 4 419 61 478 903 645 557 840 774 155 475 626 455 51 328 834 634 97 973 981 740 
749 548 815 444 921 517 258 99 784 493 988 616 806 787 0 180 748 627 322 263 358 339 500 682 696 241 297 645 427 441 73 731 235 482 333 68 966 685 206 626 288 705 903 902 44 167 753 179 4 225 175 406 263 334 936 236 568 500 190 549 434 843 574 701 987 925 389 618 718 991 
996 409 478 84 217 163 576 215 148 248 72 894 353 579 180 0 457 401 147 920 300 83 925 680 981 771 157 549 402 880 860 96 359 421 501 834 47 760 283 476 385 768 3 823 472 226 624 3 56 457 602 448 628 699 798 397 793 42 21 480 819 806 976 550 892 929 765 727 66 376 
905 584 504 376 754 382 360 95 516 948 917 168 226 105 748 457 0 157 791 735 538 60 639 10 742 973 841 807 732 593 533 430 321 712 501 320 855 863 89 660 987 557 453 496 195 569 329 111 733 678 582 434 963 989 813 975 377 567 27 175 108 250 216 53 599 145 329 224 790 948 
980 283 947 179 288 738 582 405 890 94 948 316 916 52 627 401 157 0 24 404 751 463 646 223 649 135 281 564 15 234 987 751 235 822 535 468 874 424 781 454 360 246 387 524 388 309 34 444 651 213 713 343 411 317 264 209 883 877 202 526 666 259 657 257 461 40 68 303 304 393 
839 490 286 295 371 321 745 657 138 121 498 491 637 979 322 147 791 24 0 498 90 112 761 47 643 909 307 737 214 713 459 144 595 596 403 479 940 551 908 323 54 913 140 185 559 771 139 896 412 976 590 452 868 599 874 290 122 323 380 629 542 359 735 281 660 877 198 253 418 687 
51 552 27 995 342 286 777 212 79 401 52 305 239 88 263 920 735 404 498 0 332 111 765 861 295 930 122 749 194 484 597 536 37 784 633 299 91 39 763 59 326 531 918 876 526 289 787 523 84 669 749 276 232 357 857 324 693 18 494 140 576 139 640 857 845 776 597 695 438 415 
526 979 73 75 843 331 536 943 731 911 944 530 533 332 358 300 538 751 90 332 0 559 822 194 424 812 742 933 272 75 439 990 25 783 267 597 847 957 299 700 266 286 439 909 744 345 239 384 893 370 842 885 155 815 763 720 443 927 558 776 447 674 81 609 50 64 482 401 846 145 
3 544 740 597 305 488 447 145 447 666 915 533 578 291 339 83 60 463 112 111 559 0 288 223 55 748 259 988 850 536 836 181 909 805 3 819 819 390 290 977 613 200 398 262 655 694 594 564 84 949 130 989 972 33 277 782 22 468 275 509 759 31 182 194 821 883 159 519 529 350 
14 254 1000 563 658 957 907 507 636 759 483 283 3 155 500 925 639 646 761 765 822 288 0 840 790 272 842 684 949 823 974 986 14 4 139 365 851 487 944 450 265 840 870 902 781 422 932 376 767 450 258 390 431 84 806 860 185 532 460 375 532 418 80 930 409 939 717 189 196 434 
599 769 642 339 781 565 872 500 181 198 960 731 937 963 682 680 10 223 47 861 194 223 840 0 275 375 678 508 908 870 33 63 226 179 979 892 685 681 172 382 60 334 290 904 423 242 242 659 222 425 365 100 99 792 131 679 35 515 223 395 901 727 12 103 889 113 115 118 741 981 
999 488 279 583 552 743 223 521 721 118 940 142 358 678 696 981 742 649 643 295 424 55 790 275 0 197 416 316 293 570 80 703 766 200 932 403 394 22 484 906 992 654 405 852 82 844 781 151 837 615 439 416 572 446 910 514 777 847 593 330 16 17 583 828 610 943 14 336 96 919 
580 45 479 592 974 163 473 185 331 429 874 761 249 333 241 771 973 135 909 930 812 748 272 375 197 0 71 399 615 63 426 970 272 141 983 365 307 380 92 480 499 975 913 948 632 168 224 75 139 515 16 813 35 842 181 694 87 959 501 921 475 393 51 154 136 704 201 876 38 282 
44 621 382 944 119 528 375 995 868 319 153 644 604 730 297 157 841 281 307 122 742 259 842 678 416 71 0 545 757 284 756 628 201 885 469 789 215 904 294 173 364 474 18 741 158 35 159 624 782 352 317 197 275 68 370 442 953 285 343 160 672 845 605 831 221 769 651 36 602 355 
220 38 716 829 58 457 650 396 957 17 770 807 325 299 645 549 807 564 737 749 933 988 684 508 316 399 545 0 601 537 330 458 678 155 9 1000 929 231 237 719 159 777 192 56 895 887 242 960 806 389 970 338 742 249 616 983 854 656 594 931 941 386 13 755 231 588 766 393 64 20 
59 415 904 949 674 903 560 260 675 25 861 681 937 270 427 402 732 15 214 194 272 850 949 908 293 615 757 601 0 531 859 857 259 889 715 777 390 602 58 97 784 417 235 78 592 110 449 217 473 482 639 415 276 957 8 99 887 74 24 323 804 368 920 674 386 357 374 270 38 648 
216 669 549 438 109 234 531 524 933 712 619 682 693 812 441 880 593 234 713 484 75 536 823 870 570 63 284 537 531 0 753 288 268 6 315 927 840 92 785 203 127 71 593 378 789 228 968 984 304 330 257 933 562 710 633 14 24 745 421 777 740 961 119 976 904 817 898 360 985 96 
161 997 381 451 792 143 123 549 666 651 431 270 458 441 73 860 533 987 459 597 439 836 974 33 80 426 756 330 859 753 0 21 482 283 271 101 502 445 500 390 816 489 217 722 782 994 307 716 476 343 986 153 550 206 409 58 923 737 192 164 72 834 446 226 228 361 58 25 760 929 
526 64 49 407 631 204 319 111 66 808 709 414 872 56 731 96 430 751 144 536 990 181 986 63 703 970 628 458 857 288 21 0 99 669 295 528 368 355 824 941 915 8 65 493 938 769 948 634 111 267 953 921 251 52 34 323 195 29 271 91 361 570 145 449 611 8 333 111 398 809 
413 716 946 540 527 925 203 700 115 377 476 871 851 404 235 359 321 235 595 37 25 909 14 226 766 272 201 678 259 268 482 99 0 162 352 556 394 750 564 332 133 701 250 200 693 2 143 233 15 586 101 442 945 271 550 48 953 453 786 158 101 81 834 741 408 173 777 699 200 589 
11 115 512 791 917 1000 726 242 533 244 243 88 531 672 482 421 712 822 596 784 783 805 4 179 200 141 885 155 889 6 283 669 162 0 776 859 805 104 977 959 131 116 703 150 733 674 834 136 541 630 442 881 899 256 370 216 352 453 65 211 854 40 413 665 277 123 118 820 755 748 
544 190 144 125 974 653 644 968 779 141 551 184 1000 788 333 501 501 535 403 633 267 3 139 979 932 983 469 9 715 315 271 295 352 776 0 957 645 254 220 404 461 255 156 446 359 817 683 343 595 895 315 211 94 846 542 748 271 99 865 761 285 93 808 23 757 706 993 969 248 583 
202 359 864 779 228 608 747 614 299 373 558 495 667 973 68 834 320 468 479 299 597 819 365 892 403 365 789 1000 777 927 101 528 556 859 957 0 738 907 428 278 431 782 219 128 227 148 898 789 891 416 868 940 987 604 261 733 564 528 152 167 421 162 570 732 847 937 538 144 991 401 
792 549 479 483 649 41 841 89 524 415 915 563 548 285 966 47 855 874 940 91 847 819 851 685 394 307 215 929 390 840 502 368 394 805 645 738 0 168 435 530 414 293 304 405 528 4 938 681 633 99 665 361 648 749 485 135 988 502 282 177 302 137 352 160 752 290 39 772 755 100 
65 176 175 958 355 623 252 883 992 446 733 519 515 487 685 760 863 424 551 39 957 390 487 681 22 380 904 231 602 92 445 355 750 104 254 907 168 0 839 773 627 653 946 130 70 478 881 635 893 85 544 446 611 650 729 374 74 677 643 676 539 702 156 518 381 55 760 882 883 480 
311 326 662 576 795 375 271 955 110 345 756 710 703 286 206 283 89 781 908 763 299 290 944 172 484 92 294 237 58 785 500 824 564 977 220 428 435 839 0 455 735 954 112 63 503 577 900 890 730 164 394 635 788 856 370 755 235 386 914 918 18 757 168 712 404 189 336 121 792 379 
459 481 820 765 891 454 369 60 617 875 476 941 441 917 626 476 660 454 323 59 700 977 450 382 906 480 173 719 97 203 390 941 332 959 404 278 530 773 455 0 588 948 259 506 791 881 245 688 802 244 557 528 621 591 44 477 56 51 897 553 970 341 161 150 111 524 172 228 519 950 
126 141 877 304 364 277 747 755 329 109 14 683 912 406 288 385 987 360 54 326 266 613 265 60 992 499 364 159 784 127 816 915 133 131 461 431 414 627 735 588 0 316 409 275 54 961 117 359 468 183 269 499 61 701 963 176 13 654 983 573 767 995 307 953 995 138 674 726 654 178 
507 73 596 114 707 493 601 155 971 372 451 740 206 906 705 768 557 246 913 531 286 200 840 334 654 975 474 777 417 71 489 8 701 116 255 782 293 653 954 948 316 0 78 291 380 311 98 312 765 954 152 246 462 45 72 391 675 105 605 445 937 182 610 59 119 431 944 720 136 611 
905 291 419 772 215 473 140 183 846 87 758 302 583 331 903 3 453 387 140 918 439 398 870 290 405 913 18 192 235 593 217 65 250 703 156 219 304 946 112 259 409 78 0 895 103 251 210 57 552 399 732 993 935 251 759 217 758 63 873 215 92 132 962 430 983 195 118 164 274 612 
596 505 862 326 413 622 574 778 983 563 145 569 416 503 902 823 496 524 185 876 909 262 902 904 852 948 741 56 78 378 722 493 200 150 446 128 405 130 63 506 275 291 895 0 198 920 768 223 302 728 827 74 527 467 365 388 628 61 198 423 53 614 18 921 641 516 990 226 987 504 
440 755 479 407 263 213 122 145 375 975 6 232 788 185 44 472 195 388 559 526 744 655 781 423 82 632 158 895 592 789 782 938 693 733 359 227 528 70 503 791 54 380 103 198 0 249 499 753 146 761 995 776 162 835 110 824 63 943 556 329 157 612 976 690 438 413 19 589 205 709 
624 369 385 694 361 270 878 496 644 548 296 287 307 954 167 226 569 309 771 289 345 694 422 242 844 168 35 887 110 228 994 769 2 674 817 148 4 478 577 881 961 311 251 920 249 0 568 911 515 546 654 577 64 161 107 296 761 960 566 929 790 981 776 828 999 707 357 713 498 478 
30 623 187 752 967 693 157 147 834 91 7 926 863 422 753 624 329 34 139 787 239 594 932 242 781 224 159 242 449 968 307 948 143 834 683 898 938 881 900 245 117 98 210 768 499 568 0 105 145 624 345 533 481 148 308 338 414 124 766 666 519 369 511 526 294 817 634 563 268 894 
869 871 726 230 874 282 226 590 445 651 278 300 119 597 179 3 111 444 896 523 384 564 376 659 151 75 624 960 217 984 716 634 233 136 343 789 681 635 890 688 359 312 57 223 753 911 105 0 562 497 843 533 189 116 503 3 932 203 386 585 709 794 889 464 44 942 443 210 374 836 
922 157 552 541 95 334 330 12 269 121 932 604 529 316 4 56 733 651 412 84 893 84 767 222 837 139 782 806 473 304 476 111 15 541 595 891 633 893 730 802 468 765 552 302 146 515 145 562 0 884 663 528 559 996 451 792 620 709 798 209 941 941 454 777 576 999 870 600 564 882 
379 333 76 633 977 377 957 386 900 312 390 360 677 4 225 457 678 213 976 669 370 949 450 425 615 515 352 389 482 330 343 267 586 630 895 416 99 85 164 244 183 954 399 728 761 546 624 497 884 0 656 352 841 967 740 861 526 214 576 698 475 912 131 490 879 545 641 562 582 691 
313 228 435 274 101 898 313 659 232 287 225 726 753 419 175 602 582 713 590 749 842 130 258 365 439 16 317 970 639 257 986 953 101 442 315 868 665 544 394 557 269 152 732 827 995 654 345 843 663 656 0 855 37 217 313 55 236 604 183 449 763 634 975 6 609 754 897 417 704 37 
250 438 400 575 488 961 280 216 822 912 578 473 411 61 406 448 434 343 452 276 885 989 390 100 416 813 197 338 415 933 153 921 442 881 211 940 361 446 635 528 499 246 993 74 776 577 533 533 528 352 855 0 619 253 757 901 410 834 252 20 324 973 313 163 18 813 555 677 800 250 
62 234 998 408 623 540 206 656 992 318 36 130 900 478 263 628 963 411 868 232 155 972 431 99 572 35 275 742 276 562 550 251 945 899 94 987 648 611 788 621 61 462 935 527 162 64 481 189 559 841 37 619 0 522 995 178 38 311 463 954 444 602 727 920 548 428 573 501 987 359 
668 415 715 217 970 952 882 165 750 718 137 807 794 903 334 699 989 317 599 357 815 33 84 792 446 842 68 249 957 710 206 52 271 256 846 604 749 650 856 591 701 45 251 467 835 161 148 116 996 967 217 253 522 0 8 774 706 829 177 314 421 217 529 561 876 780 443 345 160 64 
208 430 225 895 283 501 743 50 190 880 386 321 910 645 936 798 813 264 874 857 763 277 806 131 910 181 370 616 8 633 409 34 550 370 542 261 485 729 370 44 963 72 759 365 110 107 308 503 451 740 313 757 995 8 0 763 674 583 674 249 922 833 911 149 124 877 828 895 172 718 
279 169 93 817 852 175 479 442 661 510 15 979 137 557 236 397 975 209 290 324 720 782 860 679 514 694 442 983 99 14 58 323 48 216 748 733 135 374 755 477 176 391 217 388 824 296 338 3 792 861 55 901 178 774 763 0 197 373 461 567 548 774 12 811 290 982 926 382 349 394 
162 351 582 471 425 658 9 110 199 221 376 820 814 840 568 793 377 883 122 693 443 22 185 35 777 87 953 854 887 24 923 195 953 352 271 564 988 74 235 56 13 675 758 628 63 761 414 932 620 526 236 410 38 706 674 197 0 406 671 640 757 492 82 920 800 633 548 570 461 837 
630 588 369 866 914 338 675 483 820 89 418 133 585 774 500 42 567 877 323 18 927 468 532 515 847 959 285 656 74 745 737 29 453 453 99 528 502 677 386 51 654 105 63 61 943 960 124 203 709 214 604 834 311 829 583 373 406 0 877 852 422 86 323 418 505 733 916 276 969 155 
539 406 237 618 409 560 673 603 358 142 277 45 484 155 190 21 27 202 380 494 558 275 460 223 593 501 343 594 24 421 192 271 786 65 865 152 282 643 914 897 983 605 873 198 556 566 766 386 798 576 183 252 463 177 674 461 671 877 0 990 244 194 451 318 627 937 822 564 139 95 
876 35 696 199 929 794 409 296 258 928 994 280 115 475 549 480 175 526 629 140 776 509 375 395 330 921 160 931 323 777 164 91 158 211 761 167 177 676 918 553 573 445 215 423 329 929 666 585 209 698 449 20 954 314 249 567 640 852 990 0 128 910 803 437 150 404 66 679 145 200 
959 907 852 627 280 890 745 482 76 167 165 53 502 626 434 819 108 666 542 576 447 759 532 901 16 475 672 941 804 740 72 361 101 854 285 421 302 539 18 970 767 937 92 53 157 790 519 709 941 475 763 324 444 421 922 548 757 422 244 128 0 525 783 649 269 149 125 737 300 768 
31 159 663 827 746 19 175 507 613 629 113 520 531 455 843 806 250 259 359 139 674 31 418 727 17 393 845 386 368 961 834 570 81 40 93 162 137 702 757 341 995 182 132 614 612 981 369 794 941 912 634 973 602 217 833 774 492 86 194 910 525 0 285 222 355 369 328 186 602 907 
78 370 180 519 85 40 312 406 462 62 951 12 416 51 574 976 216 657 735 640 81 182 80 12 583 51 605 13 920 119 446 145 834 413 808 570 352 156 168 161 307 610 962 18 976 776 511 889 454 131 975 313 727 529 911 12 82 323 451 803 783 285 0 999 933 681 45 661 852 75 
469 844 163 994 195 694 88 729 394 389 951 6 239 328 701 550 53 257 281 857 609 194 930 103 828 154 831 755 674 976 226 449 741 665 23 732 160 518 712 150 953 59 430 921 690 828 526 464 777 490 6 163 920 561 149 811 920 418 318 437 649 222 999 0 396 472 515 175 971 511 
205 35 310 438 765 887 764 828 926 407 93 741 291 834 987 892 599 461 660 845 50 821 409 889 610 136 221 231 386 904 228 611 408 277 757 847 752 381 404 111 995 119 983 641 438 999 294 44 576 879 609 18 548 876 124 290 800 505 627 150 269 355 933 396 0 107 778 542 262 59 
313 26 961 515 387 572 998 480 560 604 440 54 926 634 925 929 145 40 877 776 64 883 939 113 943 704 769 588 357 817 361 8 173 123 706 937 290 55 189 524 138 431 195 516 413 707 817 942 999 545 754 813 428 780 877 982 633 733 937 404 149 369 681 472 107 0 586 973 666 828 
213 63 252 920 354 756 89 652 826 577 456 620 629 97 389 765 329 68 198 597 482 159 717 115 14 201 651 766 374 898 58 333 777 118 993 538 39 760 336 172 674 944 118 990 19 357 634 443 870 641 897 555 573 443 828 926 548 916 822 66 125 328 45 515 778 586 0 723 41 924 
944 471 974 787 911 140 536 951 402 615 713 892 102 973 618 727 224 303 253 695 401 519 189 118 336 876 36 393 270 360 25 111 699 820 969 144 772 882 121 228 726 720 164 226 589 713 563 210 600 562 417 677 501 345 895 382 570 276 564 679 737 186 661 175 542 973 723 0 306 714 
787 679 951 330 900 324 272 101 812 612 142 679 292 981 718 66 790 304 418 438 846 529 196 741 96 38 602 64 38 985 760 398 200 755 248 991 755 883 792 519 654 136 274 987 205 498 268 374 564 582 704 800 987 160 172 349 461 969 139 145 300 602 852 971 262 666 41 306 0 594 
52 8 139 448 387 41 316 103 928 841 665 675 811 740 991 376 948 393 687 415 145 350 434 981 919 282 355 20 648 96 929 809 589 748 583 401 100 480 379 950 178 611 612 504 709 478 894 836 882 691 37 250 359 64 718 394 837 155 95 200 768 907 75 511 59 828 924 714 594 0 
0 542 269 506 759 463 591 156 822 89 516 370 444 987 511 47 55 331 275 352 437 381 616 244 181 276 709 512 756 758 701 304 506 410 777 621 404 396 285 24 970 744 573 538 214 232 572 614 520 137 200 563 701 532 961 661 519 275 583 89 228 765 584 307 748 264 251 116 56 619 
542 0 8 247 492 713 784 345 740 113 157 381 670 728 17 456 849 382 651 113 486 521 433 915 573 677 664 924 992 526 709 899 405 431 633 538 984 701 73 745 865 929 350 283 445 584 771 957 886 828 389 349 713 623 801 274 719 741 892 621 848 683 466 647 496 433 963 663 840 953 
269 8 0 726 756 140 751 240 451 343 342 248 475 699 774 455 865 71 503 913 208 580 502 144 487 493 884 39 118 513 867 815 356 350 858 125 956 588 544 644 549 457 509 46 510 943 420 249 382 896 732 361 150 211 907 788 444 769 871 971 376 373 595 305 459 554 660 114 677 700 
506 247 726 0 181 972 724 477 256 487 49 588 47 210 838 916 853 829 648 19 636 392 769 152 262 338 98 282 519 690 644 898 578 134 864 784 234 52 499 245 723 450 458 918 933 645 59 471 394 46 973 481 905 580 338 201 447 432 192 601 106 558 910 317 771 109 415 548 489 483 
759 492 756 181 0 16 144 383 920 697 164 676 193 774 202 835 863 471 381 617 537 919 170 547 210 463 732 926 293 547 432 620 730 20 20 589 63 891 184 799 667 623 284 413 591 424 12 174 630 146 474 139 664 232 669 153 790 512 382 447 222 410 740 826 194 660 858 80 151 695 
463 713 140 972 16 0 432 74 145 120 339 653 474 815 636 367 26 975 542 731 353 78 10 37 17 448 49 946 349 357 519 423 120 181 746 522 867 661 930 267 229 370 135 213 825 987 942 811 542 334 297 247 389 224 891 719 558 164 248 706 157 796 257 321 862 568 752 462 639 800 
591 784 751 724 144 432 0 905 284 591 897 73 365 161 822 342 655 780 261 903 959 484 403 25 260 175 369 799 441 813 901 751 818 283 382 408 119 324 969 818 738 335 461 430 224 28 342 945 458 181 109 622 927 321 406 793 668 429 89 512 483 767 296 841 227 548 738 481 469 866 
