50 4
0 370 414 515 363 386 22 327 909 500 422 102 296 620 494 256 355 909 721 598 169 791 930 4 479 677 161 739 860 296 100 37 660 912 826 954 20 586 429 680 980 749 570 268 336 408 21 616 832 674 
370 0 394 315 397 836 816 921 312 84 358 30 402 430 895 964 899 598 402 128 553 637 814 425 153 855 495 733 417 996 818 331 796 131 422 408 868 789 676 971 400 724 537 647 271 674 792 416 83 375 
414 394 0 810 848 831 61 860 861 152 534 676 677 972 525 886 786 404 91 965 616 824 354 121 517 8 126 876 43 134 149 628 458 27 264 192 767 167 275 922 518 573 805 984 720 837 208 495 577 477 
515 315 810 0 369 69 85 501 22 229 689 392 173 971 943 284 556 146 607 555 538 947 511 429 954 925 476 916 131 952 867 721 73 264 642 997 396 857 289 624 748 715 35 877 942 920 526 811 779 101 
363 397 848 369 0 903 614 886 551 990 197 153 567 647 773 135 8 61 507 864 621 955 838 374 342 964 244 347 214 926 27 437 270 98 635 784 694 344 877 640 381 975 798 719 441 975 55 88 424 985 
386 836 831 69 903 0 706 668 565 403 472 894 581 446 397 900 887 287 407 719 279 113 797 603 652 687 300 282 168 213 625 39 231 803 386 263 19 814 594 874 610 3 248 238 185 958 917 533 742 11 
22 816 61 85 614 706 0 702 156 818 709 814 314 881 324 827 410 723 900 488 903 600 777 419 763 158 938 844 83 638 546 580 677 694 113 276 855 94 700 477 336 960 511 523 849 725 60 348 258 197 
327 921 860 501 886 668 702 0 581 604 73 294 526 803 207 363 518 844 733 622 705 506 486 476 826 841 635 598 404 469 235 774 365 372 766 109 94 954 725 995 173 251 451 783 835 743 994 946 640 344 
909 312 861 22 551 565 156 581 0 977 491 242 904 200 993 594 528 617 223 152 707 410 566 218 162 846 756 881 483 741 72 520 88 804 599 153 319 692 580 679 977 299 314 491 199 702 656 343 961 756 
500 84 152 229 990 403 818 604 977 0 717 833 672 85 186 404 71 258 836 162 626 164 229 114 536 447 933 197 615 391 603 942 32 122 401 809 225 437 423 562 765 263 541 503 661 794 79 511 352 640 
422 358 534 689 197 472 709 73 491 717 0 900 42 897 241 676 127 349 108 499 179 231 674 234 433 684 387 521 211 404 522 390 665 186 895 49 227 454 689 260 274 395 623 829 758 322 117 62 672 389 
102 30 676 392 153 894 814 294 242 833 900 0 833 910 187 410 74 126 30 553 166 941 432 606 706 306 32 29 51 555 476 505 407 6 232 267 743 361 709 878 495 624 377 71 366 434 165 327 199 116 
296 402 677 173 567 581 314 526 904 672 42 833 0 828 261 237 24 213 661 207 633 899 210 965 47 614 174 226 240 971 577 971 246 957 889 4 304 88 280 682 451 799 264 114 699 755 262 593 72 966 
620 430 972 971 647 446 881 803 200 85 897 910 828 0 124 358 857 636 271 321 471 810 575 728 444 462 160 572 130 908 461 196 587 211 388 354 475 296 142 593 128 37 995 171 596 619 924 452 812 476 
494 895 525 943 773 397 324 207 993 186 241 187 261 124 0 519 147 460 778 50 574 504 212 299 670 248 88 652 51 228 31 540 556 647 836 475 642 166 589 785 276 288 436 14 828 281 36 662 235 886 
256 964 886 284 135 900 827 363 594 404 676 410 237 358 519 0 545 760 579 255 881 847 120 686 450 841 474 183 979 980 469 616 165 732 571 31 778 788 525 823 475 161 57 386 238 268 334 185 342 639 
355 899 786 556 8 887 410 518 528 71 127 74 24 857 147 545 0 574 165 431 51 178 906 194 144 236 422 784 634 133 363 439 690 474 637 98 684 293 370 870 335 643 438 330 528 754 169 168 686 808 
909 598 404 146 61 287 723 844 617 258 349 126 213 636 460 760 574 0 509 484 660 261 414 251 419 940 722 714 300 466 141 534 936 126 396 46 61 717 279 302 942 414 338 178 243 571 168 937 500 476 
721 402 91 607 507 407 900 733 223 836 108 30 661 271 778 579 165 509 0 879 239 153 171 586 218 665 312 22 113 266 46 66 966 648 636 332 562 395 682 338 776 266 147 779 177 221 712 771 977 15 
598 128 965 555 864 719 488 622 152 162 499 553 207 321 50 255 431 484 879 0 449 676 334 340 26 496 810 138 62 721 302 439 858 405 90 150 14 658 778 642 99 729 769 310 56 106 540 456 371 845 
169 553 616 538 621 279 903 705 707 626 179 166 633 471 574 881 51 660 239 449 0 466 865 912 878 495 222 348 816 853 567 900 219 456 25 342 860 49 782 15 89 376 322 998 941 339 661 441 39 861 
791 637 824 947 955 113 600 506 410 164 231 941 899 810 504 847 178 261 153 676 466 0 279 545 816 918 13 154 801 1000 216 226 69 198 780 661 252 519 511 452 874 967 267 752 326 592 69 198 378 667 
930 814 354 511 838 797 777 486 566 229 674 432 210 575 212 120 906 414 171 334 865 279 0 656 194 197 645 957 266 242 55 563 400 878 224 400 960 261 102 198 466 712 379 389 82 805 155 837 56 568 
4 425 121 429 374 603 419 476 218 114 234 606 965 728 299 686 194 251 586 340 912 545 656 0 332 630 182 793 567 664 428 870 836 748 444 456 326 553 361 910 390 589 804 627 995 891 770 113 871 412 
479 153 517 954 342 652 763 826 162 536 433 706 47 444 670 450 144 419 218 26 878 816 194 332 0 156 652 737 669 480 740 211 697 463 729 86 650 425 502 232 131 327 148 46 586 550 170 445 56 414 
677 855 8 925 964 687 158 841 846 447 684 306 614 462 248 841 236 940 665 496 495 918 197 630 156 0 272 300 136 610 297 302 798 654 807 460 950 774 731 621 674 987 315 670 462 325 389 974 299 853 
161 495 126 476 244 300 938 635 756 933 387 32 174 160 88 474 422 722 312 810 222 13 645 182 652 272 0 663 127 65 936 182 431 389 346 188 546 94 278 23 236 945 39 767 486 444 908 648 931 378 
739 733 876 916 347 282 844 598 881 197 521 29 226 572 652 183 784 714 22 138 348 154 957 793 737 300 663 0 614 10 857 365 314 232 43 316 46 624 824 253 390 666 93 293 171 416 7 38 185 891 
860 417 43 131 214 168 83 404 483 615 211 51 240 130 51 979 634 300 113 62 816 801 266 567 669 136 127 614 0 116 339 715 948 264 976 535 91 294 98 148 287 273 463 474 247 760 806 801 641 473 
296 996 134 952 926 213 638 469 741 391 404 555 971 908 228 980 133 466 266 721 853 1000 242 664 480 610 65 10 116 0 962 189 901 13 145 353 21 911 10 244 528 213 313 740 410 420 62 374 349 491 
100 818 149 867 27 625 546 235 72 603 522 476 577 461 31 469 363 141 46 302 567 216 55 428 740 297 936 857 339 962 0 102 919 702 729 382 493 480 504 69 757 807 118 463 807 915 26 557 101 798 
37 331 628 721 437 39 580 774 520 942 390 505 971 196 540 616 439 534 66 439 900 226 563 870 211 302 182 365 715 189 102 0 736 916 785 883 953 185 869 381 427 716 991 837 260 512 811 802 112 282 
660 796 458 73 270 231 677 365 88 32 665 407 246 587 556 165 690 936 966 858 219 69 400 836 697 798 431 314 948 901 919 736 0 381 717 195 459 62 496 74 112 820 121 525 880 406 190 934 441 789 
912 131 27 264 98 803 694 372 804 122 186 6 957 211 647 732 474 126 648 405 456 198 878 748 463 654 389 232 264 13 702 916 381 0 625 275 806 793 748 733 998 6 586 907 377 243 369 534 654 263 
826 422 264 642 635 386 113 766 599 401 895 232 889 388 836 571 637 396 636 90 25 780 224 444 729 807 346 43 976 145 729 785 717 625 0 299 10 778 823 615 175 707 381 461 19 844 929 317 734 539 
954 408 192 997 784 263 276 109 153 809 49 267 4 354 475 31 98 46 332 150 342 661 400 456 86 460 188 316 535 353 382 883 195 275 299 0 975 22 603 305 192 897 837 276 15 337 121 777 711 18 
20 868 767 396 694 19 855 94 319 225 227 743 304 475 642 778 684 61 562 14 860 252 960 326 650 950 546 46 91 21 493 953 459 806 10 975 0 999 905 492 182 542 589 815 176 739 195 452 421 556 
586 789 167 857 344 814 94 954 692 437 454 361 88 296 166 788 293 717 395 658 49 519 261 553 425 774 94 624 294 911 480 185 62 793 778 22 999 0 737 121 785 399 914 563 423 663 485 346 160 583 
429 676 275 289 877 594 700 725 580 423 689 709 280 142 589 525 370 279 682 778 782 511 102 361 502 731 278 824 98 10 504 869 496 748 823 603 905 737 0 183 289 205 825 710 412 162 864 138 587 789 
680 971 922 624 640 874 477 995 679 562 260 878 682 593 785 823 870 302 338 642 15 452 198 910 232 621 23 253 148 244 69 381 74 733 615 305 492 121 183 0 161 340 885 219 554 76 638 424 979 966 
980 400 518 748 381 610 336 173 977 765 274 495 451 128 276 475 335 942 776 99 89 874 466 390 131 674 236 390 287 528 757 427 112 998 175 192 182 785 289 161 0 57 523 90 625 669 624 261 749 339 
749 724 573 715 975 3 960 251 299 263 395 624 799 37 288 161 643 414 266 729 376 967 712 589 327 987 945 666 273 213 807 716 820 6 707 897 542 399 205 340 57 0 125 993 249 891 67 245 816 625 
570 537 805 35 798 248 511 451 314 541 623 377 264 995 436 57 438 338 147 769 322 267 379 804 148 315 39 93 463 313 118 991 121 586 381 837 589 914 825 885 523 125 0 811 813 712 666 973 551 157 
268 647 984 877 719 238 523 783 491 503 829 71 114 171 14 386 330 178 779 310 998 752 389 627 46 670 767 293 474 740 463 837 525 907 461 276 815 563 710 219 90 993 811 0 708 394 315 509 983 498 
336 271 720 942 441 185 849 835 199 661 758 366 699 596 828 238 528 243 177 56 941 326 82 995 586 462 486 171 247 410 807 260 880 377 19 15 176 423 412 554 625 249 813 708 0 964 263 311 670 812 
408 674 837 920 975 958 725 743 702 794 322 434 755 619 281 268 754 571 221 106 339 592 805 891 550 325 444 416 760 420 915 512 406 243 844 337 739 663 162 76 669 891 712 394 964 0 50 507 459 760 
21 792 208 526 55 917 60 994 656 79 117 165 262 924 36 334 169 168 712 540 661 69 155 770 170 389 908 7 806 62 26 811 190 369 929 121 195 485 864 638 624 67 666 315 263 50 0 977 500 809 
616 416 495 811 88 533 348 946 343 511 62 327 593 452 662 185 168 937 771 456 441 198 837 113 445 974 648 38 801 374 557 802 934 534 317 777 452 346 138 424 261 245 973 509 311 507 977 0 834 900 
832 83 577 779 424 742 258 640 961 352 672 199 72 812 235 342 686 500 977 371 39 378 56 871 56 299 931 185 641 349 101 112 441 654 734 711 421 160 587 979 749 816 551 983 670 459 500 834 0 767 
674 375 477 101 985 11 197 344 756 640 389 116 966 476 886 639 808 476 15 845 861 667 568 412 414 853 378 891 473 491 798 282 789 263 539 18 556 583 789 966 339 625 157 498 812 760 809 900 767 0 
0 226 133 864 511 930 857 596 721 769 677 118 890 908 123 520 452 238 943 953 248 900 105 459 695 180 756 420 596 295 102 347 533 189 895 288 769 710 558 874 163 271 749 766 394 531 666 38 264 235 
226 0 80 781 255 347 922 237 465 833 2 449 381 692 559 927 757 237 491 967 735 131 781 945 376 92 932 509 868 371 919 466 332 814 997 942 642 495 17 761 938 603 933 59 615 577 651 721 336 595 
133 80 0 767 644 692 364 875 20 387 219 60 840 653 150 912 109 471 530 166 409 666 970 716 950 941 812 4 181 321 70 374 358 180 877 682 339 504 885 249 978 718 988 415 412 315 431 953 135 37 
864 781 767 0 88 91 335 364 306 664 380 722 123 9 961 249 494 718 973 913 634 127 729 465 772 826 595 282 676 745 883 371 300 402 702 108 781 127 138 333 540 783 684 904 728 608 270 420 997 25 
511 255 644 88 0 690 424 182 201 833 627 704 447 822 674 98 94 396 744 721 650 267 677 508 52 845 904 55 601 657 750 68 538 787 962 112 565 711 782 241 692 218 508 949 322 962 458 988 125 909 
930 347 692 91 690 0 558 896 891 752 419 795 197 141 280 374 758 537 415 239 667 550 353 324 553 418 155 334 399 138 812 208 751 181 349 491 872 803 135 771 37 241 316 674 529 165 441 608 944 14 
857 922 364 335 424 558 0 211 984 398 48 626 491 705 389 452 152 783 627 932 622 129 773 77 18 731 905 703 505 121 193 756 90 545 120 697 500 181 628 973 686 633 399 903 706 744 73 928 637 226 
596 237 875 364 182 896 211 0 216 909 199 928 746 35 868 17 300 210 642 669 227 963 740 149 958 832 584 272 988 498 627 997 332 543 309 46 181 108 849 135 544 11 545 560 784 655 860 462 27 766 
721 465 20 306 201 891 984 216 0 435 65 580 243 222 296 79 47 583 259 51 520 224 487 492 541 699 504 218 180 491 674 617 192 3 400 808 198 203 802 909 503 894 89 260 81 896 533 586 986 272 
769 833 387 664 833 752 398 909 435 0 644 995 537 792 5 718 448 818 567 310 662 287 132 798 229 203 376 158 133 637 836 897 223 544 995 477 960 273 71 930 101 861 723 675 934 411 987 40 176 201 
677 2 219 380 627 419 48 199 65 644 0 979 314 174 986 613 956 699 951 644 56 519 387 957 196 826 754 996 769 979 825 291 57 740 393 319 731 613 614 812 44 836 625 25 678 185 459 957 158 678 
118 449 60 722 704 795 626 928 580 995 979 0 42 6 372 241 917 298 630 411 533 5 644 671 512 103 382 456 470 322 927 12 527 597 333 754 937 781 60 748 621 993 866 861 218 561 597 183 601 259 
890 381 840 123 447 197 491 746 243 537 314 42 0 812 65 167 111 886 202 624 698 183 872 39 693 673 360 82 474 147 864 917 238 305 935 24 963 570 138 272 382 683 389 681 602 608 439 526 282 268 
908 692 653 9 822 141 705 35 222 792 174 6 812 0 194 462 717 202 223 726 383 598 590 561 740 670 95 686 197 791 840 613 232 488 906 625 682 863 687 375 944 945 850 937 255 506 836 64 890 482 
123 559 150 961 674 280 389 868 296 5 986 372 65 194 0 717 877 913 792 4 221 246 1000 712 361 893 516 61 684 24 11 800 220 447 273 451 680 66 679 197 119 661 314 270 951 333 974 49 777 99 
520 927 912 249 98 374 452 17 79 718 613 241 167 462 717 0 929 768 224 329 528 59 895 749 683 191 948 276 990 285 247 198 134 145 264 593 10 26 987 349 528 190 563 427 434 525 33 407 759 659 
452 757 109 494 94 758 152 300 47 448 956 917 111 717 877 929 0 806 367 558 846 929 548 548 97 660 917 247 818 273 424 241 228 447 454 919 223 333 880 391 375 167 572 402 581 518 80 631 674 557 
238 237 471 718 396 537 783 210 583 818 699 298 886 202 913 768 806 0 371 773 549 852 733 815 377 648 168 132 905 70 51 913 392 666 144 581 47 382 684 104 995 430 777 732 537 936 426 204 659 488 
943 491 530 973 744 415 627 642 259 567 951 630 202 223 792 224 367 371 0 734 9 96 901 444 770 879 226 982 820 392 552 494 559 915 392 162 861 65 166 941 868 51 422 15 844 23 756 319 375 454 
953 967 166 913 721 239 932 669 51 310 644 411 624 726 4 329 558 773 734 0 618 298 204 921 302 178 105 682 172 1 27 155 29 533 561 588 194 999 968 721 319 341 2 214 49 222 330 111 730 271 
248 735 409 634 650 667 622 227 520 662 56 533 698 383 221 528 846 549 9 618 0 888 423 517 231 701 748 71 181 28 995 66 208 578 495 405 223 488 733 765 153 215 194 194 808 626 859 66 358 683 
900 131 666 127 267 550 129 963 224 287 519 5 183 598 246 59 929 852 96 298 888 0 145 258 870 96 457 389 989 81 342 219 738 291 707 877 840 279 672 109 644 577 867 272 216 504 753 808 156 983 
105 781 970 729 677 353 773 740 487 132 387 644 872 590 1000 895 548 733 901 204 423 145 0 99 430 230 655 774 328 936 286 50 53 339 37 825 192 583 693 849 604 955 74 850 669 603 535 709 707 362 
459 945 716 465 508 324 77 149 492 798 957 671 39 561 712 749 548 815 444 921 517 258 99 0 45 593 944 558 986 621 777 859 457 83 887 947 980 552 772 586 730 176 542 949 549 845 869 414 727 228 
695 376 950 772 52 553 18 958 541 229 196 512 693 740 361 683 97 377 770 302 231 870 430 45 0 107 56 570 424 169 212 721 697 60 781 296 512 743 681 354 297 940 232 908 438 585 315 872 878 532 
180 92 941 826 845 418 731 832 699 203 826 103 673 670 893 191 660 648 879 178 701 96 230 593 107 0 68 448 599 718 79 142 833 463 996 314 259 223 154 327 157 579 322 293 109 702 3 56 413 178 
756 932 812 595 904 155 905 584 504 376 754 382 360 95 516 948 917 168 226 105 748 457 655 944 56 68 0 980 381 461 401 944 512 112 252 514 353 521 711 985 841 756 330 615 234 842 82 731 682 597 
420 509 4 282 55 334 703 272 218 158 996 456 82 686 61 276 247 132 982 682 71 389 774 558 570 448 980 0 821 548 52 713 393 111 724 194 723 721 258 592 281 944 217 757 531 92 417 96 551 807 
596 868 181 676 601 399 505 988 180 133 769 470 474 197 684 990 818 905 820 172 181 989 328 986 424 599 381 821 0 382 305 148 388 559 14 397 622 118 436 24 307 849 172 601 524 511 188 430 503 509 
295 371 321 745 657 138 121 498 491 637 979 322 147 791 24 285 273 70 392 1 28 81 936 621 169 718 461 548 382 0 239 699 937 396 254 831 732 940 926 48 122 567 935 123 933 227 577 751 558 890 
102 919 70 883 750 812 193 627 674 836 825 927 864 840 11 247 424 51 552 27 995 342 286 777 212 79 401 52 305 239 0 396 106 706 1000 88 382 142 495 237 742 220 473 967 712 596 135 144 990 155 
347 466 374 371 68 208 756 997 617 897 291 12 917 613 800 198 241 913 494 155 66 219 50 859 721 142 944 713 148 699 396 0 419 295 563 249 332 358 320 930 259 38 195 527 619 56 18 536 787 905 
533 332 358 300 538 751 90 332 192 223 57 527 238 232 220 134 228 392 559 29 208 738 53 457 697 833 512 393 388 937 106 419 0 214 658 765 404 678 329 782 842 716 313 530 682 537 475 990 413 682 
189 814 180 402 787 181 545 543 3 544 740 597 305 488 447 145 447 666 915 533 578 291 339 83 60 463 112 111 559 396 706 295 214 0 957 598 623 696 695 348 678 829 297 315 693 645 628 181 716 694 
895 997 877 702 962 349 120 309 400 995 393 333 935 906 273 264 454 144 392 561 495 707 37 887 781 996 252 724 14 254 1000 563 658 957 0 268 795 981 189 668 416 58 185 349 812 766 410 986 946 731 
288 942 682 108 112 491 697 46 808 477 319 754 24 625 451 593 919 581 162 588 405 877 825 947 296 314 514 194 397 831 88 249 765 598 268 0 318 742 123 614 71 457 392 117 441 724 308 63 540 940 
769 642 339 781 565 872 500 181 198 960 731 937 963 682 680 10 223 47 861 194 223 840 192 980 512 259 353 723 622 732 382 332 404 623 795 318 0 649 12 952 775 650 105 514 880 897 824 703 527 810 
710 495 504 127 711 803 181 108 203 273 613 781 570 863 66 26 333 382 65 999 488 279 583 552 743 223 521 721 118 940 142 358 678 696 981 742 649 0 75 145 575 396 574 266 593 775 218 970 925 204 
558 17 885 138 782 135 628 849 802 71 614 60 138 687 679 987 880 684 166 968 733 672 693 772 681 154 711 258 436 926 495 320 329 695 189 123 12 75 0 548 17 957 78 569 234 43 253 628 203 103 
874 761 249 333 241 771 973 135 909 930 812 748 272 375 197 349 391 104 941 721 765 109 849 586 354 327 985 592 24 48 237 930 782 348 668 614 952 145 548 0 891 17 719 38 713 228 610 458 700 147 
163 938 978 540 692 37 686 544 503 101 44 621 382 944 119 528 375 995 868 319 153 644 604 730 297 157 841 281 307 122 742 259 842 678 416 71 775 575 17 891 0 770 772 180 484 768 443 857 115 58 
271 603 718 783 218 241 633 11 894 861 836 993 683 945 661 190 167 430 51 341 215 577 955 176 940 579 756 944 849 567 220 38 716 829 58 457 650 396 957 17 770 0 515 372 75 161 68 288 377 860 
749 933 988 684 508 316 399 545 89 723 625 866 389 850 314 563 572 777 422 2 194 867 74 542 232 322 330 217 172 935 473 195 313 297 185 392 105 574 78 719 772 515 0 78 536 997 44 21 476 54 
766 59 415 904 949 674 903 560 260 675 25 861 681 937 270 427 402 732 15 214 194 272 850 949 908 293 615 757 601 123 967 527 530 315 349 117 514 266 569 38 180 372 78 0 823 381 55 360 871 483 
394 615 412 728 322 529 706 784 81 934 678 218 602 255 951 434 581 537 844 49 808 216 669 549 438 109 234 531 524 933 712 619 682 693 812 441 880 593 234 713 484 75 536 823 0 451 649 232 851 714 
531 577 315 608 962 165 744 655 896 411 185 561 608 506 333 525 518 936 23 222 626 504 603 845 585 702 842 92 511 227 596 56 537 645 766 724 897 775 43 228 768 161 997 381 451 0 906 931 404 841 
666 651 431 270 458 441 73 860 533 987 459 597 439 836 974 33 80 426 756 330 859 753 535 869 315 3 82 417 188 577 135 18 475 628 410 308 824 218 253 610 443 68 44 55 649 906 0 358 235 685 
38 721 953 420 988 608 928 462 586 40 957 183 526 64 49 407 631 204 319 111 66 808 709 414 872 56 731 96 430 751 144 536 990 181 986 63 703 970 628 458 857 288 21 360 232 931 358 0 359 300 
264 336 135 997 125 944 637 27 986 176 158 601 282 890 777 759 674 659 375 730 358 156 707 727 878 413 682 551 503 558 990 787 413 716 946 540 527 925 203 700 115 377 476 871 851 404 235 359 0 815 
235 595 37 25 909 14 226 766 272 201 678 259 268 482 99 659 557 488 454 271 683 983 362 228 532 178 597 807 509 890 155 905 682 694 731 940 810 204 103 147 58 860 54 483 714 841 685 300 815 0 
0 601 920 498 587 542 38 419 203 4 548 935 20 74 744 324 729 505 103 253 823 378 815 483 485 709 381 55 266 648 718 699 892 571 470 800 915 549 788 98 951 840 223 454 906 489 294 778 633 929 
601 0 860 470 689 849 150 855 341 418 889 708 952 253 211 212 427 488 449 440 439 991 161 504 645 713 47 573 59 381 538 670 866 199 257 465 144 626 785 698 272 844 541 756 623 599 843 348 581 269 
920 860 0 324 373 953 343 547 621 797 133 566 591 881 687 471 809 114 825 554 975 99 165 168 667 375 205 891 943 542 563 869 154 617 617 101 152 9 107 444 281 177 196 992 67 761 638 670 992 789 
498 470 324 0 731 83 485 297 927 587 126 447 784 723 412 389 409 43 193 64 303 640 188 275 14 641 476 363 118 261 321 530 842 715 230 499 547 864 344 775 672 48 575 118 389 430 704 886 363 614 
587 689 373 731 0 174 508 695 768 684 399 303 751 57 547 681 854 123 144 370 141 693 967 323 550 836 64 223 460 216 316 867 133 621 681 891 37 88 860 673 606 698 240 519 293 88 720 564 523 369 
542 849 953 83 174 0 333 219 146 2 706 164 724 612 410 921 361 163 567 381 122 825 670 859 539 640 628 609 192 333 590 668 87 148 979 869 25 300 487 269 646 690 655 293 434 613 793 264 427 860 
38 150 343 485 508 333 0 518 437 930 251 291 144 929 544 476 565 47 848 248 595 760 441 934 522 199 55 461 204 147 219 746 666 598 589 165 396 426 249 442 322 229 384 349 328 674 498 72 184 661 
419 855 547 297 695 219 518 0 851 466 631 295 432 678 335 985 572 896 673 588 753 347 640 662 307 227 849 936 228 344 206 3 670 420 550 549 980 478 182 838 414 567 964 441 497 652 38 862 594 677 
203 341 621 927 768 146 437 851 0 915 424 154 456 580 365 740 812 661 524 676 326 869 612 402 555 506 865 552 509 786 201 379 762 381 589 275 542 997 696 47 161 295 782 359 744 366 585 217 86 758 
4 418 797 587 684 2 930 466 915 0 748 510 839 253 594 95 36 926 624 653 687 818 304 134 428 964 853 828 724 248 411 210 904 521 89 700 292 876 886 509 916 124 111 109 35 702 80 849 770 652 
548 889 133 126 399 706 251 631 424 748 0 189 23 724 49 397 171 224 165 73 656 928 242 630 447 239 863 223 394 206 440 676 719 580 260 405 148 205 220 614 709 417 984 851 345 830 574 646 304 533 
935 708 566 447 303 164 291 295 154 510 189 0 367 869 659 519 126 953 255 390 796 598 402 62 504 692 26 719 143 747 172 475 429 392 825 168 102 334 773 739 664 209 367 431 743 900 273 621 680 888 
20 952 591 784 751 724 144 432 456 839 23 367 0 417 756 706 829 146 947 312 168 498 225 804 924 87 655 297 180 570 852 194 656 919 154 736 69 258 936 812 884 668 212 345 503 729 474 304 511 712 
74 253 881 723 57 612 929 678 580 253 724 869 417 0 720 558 89 740 679 735 636 786 579 690 753 276 605 415 881 8 326 491 918 78 221 675 517 433 402 669 98 187 206 407 443 759 54 899 404 785 
744 211 687 412 547 410 544 335 365 594 49 659 756 720 0 279 113 56 676 535 756 646 288 37 741 656 932 244 355 780 804 359 152 484 705 684 522 503 311 564 732 290 791 181 443 549 480 815 534 864 
324 212 471 389 681 921 476 985 740 95 397 519 706 558 279 0 343 332 362 943 124 620 277 511 874 983 212 548 544 990 116 514 721 995 672 163 461 902 116 618 49 884 134 804 932 480 764 898 101 342 
729 427 809 409 854 361 565 572 812 36 171 126 829 89 113 343 0 577 442 558 207 380 384 17 653 561 280 545 790 561 512 794 560 311 454 928 350 978 404 658 369 980 400 860 79 549 823 620 208 608 
505 488 114 43 123 163 47 896 661 926 224 953 146 740 56 332 577 0 734 440 753 614 820 774 154 812 507 855 96 934 352 294 631 853 231 477 877 232 94 482 670 967 408 218 622 440 428 423 731 722 
103 449 825 193 144 567 848 673 524 624 165 255 947 679 676 362 442 734 0 744 788 766 146 838 513 728 216 810 652 173 113 59 842 314 558 846 140 627 741 489 341 712 120 333 229 272 756 751 540 597 
253 440 554 64 370 381 248 588 676 653 73 390 312 735 535 943 558 440 744 0 218 897 782 202 921 343 792 190 774 337 913 572 238 197 609 557 342 181 956 703 656 748 585 804 915 354 793 648 540 572 
823 439 975 303 141 122 595 753 326 687 656 796 168 636 756 124 207 753 788 218 0 903 199 636 307 352 10 677 778 314 19 999 982 325 841 161 894 573 230 27 466 741 404 635 947 444 630 830 701 36 
378 991 99 640 693 825 760 347 869 818 928 598 498 786 646 620 380 614 766 897 903 0 949 822 210 777 492 911 294 511 617 979 107 308 302 33 83 487 513 643 421 705 768 751 758 583 336 540 576 397 
815 161 165 188 967 670 441 640 612 304 242 402 225 579 288 277 384 820 146 782 199 949 0 932 835 788 951 122 999 143 731 703 385 372 743 425 426 262 58 550 444 458 892 95 526 666 585 156 654 800 
483 504 168 275 323 859 934 662 402 134 630 62 804 690 37 511 17 774 838 202 636 822 932 0 928 729 343 385 470 175 903 280 235 888 101 636 387 210 221 186 934 373 51 421 513 138 470 533 892 827 
485 645 667 14 550 539 522 307 555 428 447 504 924 753 741 874 653 154 513 921 307 210 835 928 0 658 601 324 567 406 413 169 565 389 389 667 895 17 340 873 590 541 784 463 690 187 525 607 19 284 
709 713 375 641 836 640 199 227 506 964 239 692 87 276 656 983 561 812 728 343 352 777 788 729 658 0 957 809 597 46 516 796 264 293 56 383 217 260 553 900 190 496 411 738 547 299 458 745 479 691 
381 47 205 476 64 628 55 849 865 853 863 26 655 605 932 212 280 507 216 792 10 492 951 343 601 957 0 331 655 981 282 64 371 740 544 579 619 279 45 87 231 749 844 201 357 96 605 675 438 614 
55 573 891 363 223 609 461 936 552 828 223 719 297 415 244 548 545 855 810 190 677 911 122 385 324 809 331 0 447 610 901 505 538 768 390 883 385 514 951 687 935 153 604 125 813 676 161 473 734 265 
266 59 943 118 460 192 204 228 509 724 394 143 180 881 355 544 790 96 652 774 778 294 999 470 567 597 655 447 0 902 678 849 258 858 616 689 82 548 587 854 784 416 945 642 557 65 762 291 336 353 
648 381 542 261 216 333 147 344 786 248 206 747 570 8 780 990 561 934 173 337 314 511 143 175 406 46 981 610 902 0 729 254 569 884 433 102 313 79 117 759 464 439 346 547 270 523 733 237 899 90 
718 538 563 321 316 590 219 206 201 411 440 172 852 326 804 116 512 352 113 913 19 617 731 903 413 516 282 901 678 729 0 498 672 228 502 926 552 42 72 752 440 512 22 550 962 218 864 845 134 446 
699 670 869 530 867 668 746 3 379 210 676 475 194 491 359 514 794 294 59 572 999 979 703 280 169 796 64 505 849 254 498 0 739 897 769 253 465 762 737 558 328 924 232 598 437 941 699 395 662 333 
892 866 154 842 133 87 666 670 762 904 719 429 656 918 152 721 560 631 842 238 982 107 385 235 565 264 371 538 258 569 672 739 0 592 170 366 961 72 645 197 774 39 463 29 98 738 669 323 506 449 
571 199 617 715 621 148 598 420 381 521 580 392 919 78 484 995 311 853 314 197 325 308 372 888 389 293 740 768 858 884 228 897 592 0 10 691 856 454 31 193 991 282 453 611 483 542 359 903 405 42 
470 257 617 230 681 979 589 550 589 89 260 825 154 221 705 672 454 231 558 609 841 302 743 101 389 56 544 390 616 433 502 769 170 10 0 365 341 165 634 311 455 926 820 788 73 620 989 391 356 132 
800 465 101 499 891 869 165 549 275 700 405 168 736 675 684 163 928 477 846 557 161 33 425 636 667 383 579 883 689 102 926 253 366 691 365 0 895 527 822 660 416 946 473 611 295 528 986 978 578 109 
915 144 152 547 37 25 396 980 542 292 148 102 69 517 522 461 350 877 140 342 894 83 426 387 895 217 619 385 82 313 552 465 961 856 341 895 0 575 334 205 310 799 917 640 147 260 366 373 730 606 
549 626 9 864 88 300 426 478 997 876 205 334 258 433 503 902 978 232 627 181 573 487 262 210 17 260 279 514 548 79 42 762 72 454 165 527 575 0 591 659 98 710 746 858 583 715 338 383 120 579 
788 785 107 344 860 487 249 182 696 886 220 773 936 402 311 116 404 94 741 956 230 513 58 221 340 553 45 951 587 117 72 737 645 31 634 822 334 591 0 432 341 83 604 309 820 931 617 473 818 997 
98 698 444 775 673 269 442 838 47 509 614 739 812 669 564 618 658 482 489 703 27 643 550 186 873 900 87 687 854 759 752 558 197 193 311 660 205 659 432 0 597 741 306 745 485 816 196 494 446 313 
951 272 281 672 606 646 322 414 161 916 709 664 884 98 732 49 369 670 341 656 466 421 444 934 590 190 231 935 784 464 440 328 774 991 455 416 310 98 341 597 0 520 375 663 329 167 262 328 647 419 
840 844 177 48 698 690 229 567 295 124 417 209 668 187 290 884 980 967 712 748 741 705 458 373 541 496 749 153 416 439 512 924 39 282 926 946 799 710 83 741 520 0 266 705 551 701 965 735 907 399 
223 541 196 575 240 655 384 964 782 111 984 367 212 206 791 134 400 408 120 585 404 768 892 51 784 411 844 604 945 346 22 232 463 453 820 473 917 746 604 306 375 266 0 870 575 709 713 642 688 824 
454 756 992 118 519 293 349 441 359 109 851 431 345 407 181 804 860 218 333 804 635 751 95 421 463 738 201 125 642 547 550 598 29 611 788 611 640 858 309 745 663 705 870 0 568 867 559 674 169 652 
906 623 67 389 293 434 328 497 744 35 345 743 503 443 443 932 79 622 229 915 947 758 526 513 690 547 357 813 557 270 962 437 98 483 73 295 147 583 820 485 329 551 575 568 0 644 225 980 32 110 
489 599 761 430 88 613 674 652 366 702 830 900 729 759 549 480 549 440 272 354 444 583 666 138 187 299 96 676 65 523 218 941 738 542 620 528 260 715 931 816 167 701 709 867 644 0 695 518 654 24 
294 843 638 704 720 793 498 38 585 80 574 273 474 54 480 764 823 428 756 793 630 336 585 470 525 458 605 161 762 733 864 699 669 359 989 986 366 338 617 196 262 965 713 559 225 695 0 366 384 685 
778 348 670 886 564 264 72 862 217 849 646 621 304 899 815 898 620 423 751 648 830 540 156 533 607 745 675 473 291 237 845 395 323 903 391 978 373 383 473 494 328 735 642 674 980 518 366 0 183 622 
633 581 992 363 523 427 184 594 86 770 304 680 511 404 534 101 208 731 540 540 701 576 654 892 19 479 438 734 336 899 134 662 506 405 356 578 730 120 818 446 647 907 688 169 32 654 384 183 0 550 
929 269 789 614 369 860 661 677 758 652 533 888 712 785 864 342 608 722 597 572 36 397 800 827 284 691 614 265 353 90 446 333 449 42 132 109 606 579 997 313 419 399 824 652 110 24 685 622 550 0 
0 167 637 483 422 168 226 208 233 50 298 803 442 450 212 337 649 975 159 78 775 276 909 696 280 724 537 336 221 611 646 993 461 751 213 940 458 476 354 84 265 511 200 475 275 440 41 564 613 819 
167 0 959 56 316 327 885 749 127 168 479 575 507 200 332 6 141 523 430 843 562 741 537 281 822 780 84 404 226 692 129 516 879 112 493 525 155 495 730 507 165 378 877 303 844 402 354 916 876 519 
637 959 0 822 857 697 557 288 579 867 677 938 341 305 980 235 736 509 530 738 249 496 132 156 641 623 543 962 332 500 729 424 550 556 417 966 903 937 75 726 306 390 778 620 51 403 452 512 667 299 
483 56 822 0 879 822 916 999 501 489 226 912 693 154 306 388 179 153 37 251 466 850 363 632 66 940 765 557 548 161 114 342 899 703 387 637 354 132 176 828 252 114 506 193 264 732 445 473 22 489 
422 316 857 879 0 404 233 555 842 356 247 537 756 62 918 991 447 373 543 486 675 838 198 588 670 378 62 773 498 196 620 999 219 43 172 561 784 160 882 627 166 408 383 461 107 293 88 308 516 438 
168 327 697 822 404 0 418 476 211 672 460 72 519 729 449 907 57 443 314 487 118 687 645 77 360 947 554 446 161 518 54 798 111 990 566 70 284 212 457 445 443 946 127 736 591 618 237 673 287 710 
226 885 557 916 233 418 0 950 285 780 602 195 968 28 790 848 225 299 106 388 651 475 270 905 613 62 88 720 424 500 836 193 797 703 385 316 322 797 552 319 444 497 836 507 158 336 263 867 537 307 
208 749 288 999 555 476 950 0 747 311 804 7 284 372 119 906 550 245 993 15 861 167 388 660 103 899 449 481 34 343 431 347 4 526 444 669 698 445 155 443 439 609 993 394 472 531 260 134 997 3 
233 127 579 501 842 211 285 747 0 440 999 68 713 723 641 440 644 189 411 606 281 895 175 965 569 59 245 510 680 489 233 881 103 466 272 72 884 730 178 180 714 371 274 603 449 272 309 194 40 601 
50 168 867 489 356 672 780 311 440 0 236 130 961 359 870 465 132 446 624 784 846 395 503 228 801 795 538 614 705 690 555 712 954 145 606 895 256 849 660 571 838 285 639 364 138 803 112 830 493 46 
298 479 677 226 247 460 602 804 999 236 0 263 168 380 264 311 356 609 537 2 822 688 471 14 574 63 492 118 51 457 528 691 198 788 227 861 583 519 466 199 557 56 585 996 690 880 917 426 806 765 
803 575 938 912 537 72 195 7 68 130 263 0 822 868 809 473 504 880 97 833 525 303 258 674 98 990 388 340 868 833 279 993 376 538 625 2 197 649 575 391 500 72 73 336 642 550 378 450 203 732 
442 507 341 693 756 519 968 284 713 961 168 822 0 446 982 697 667 61 989 977 183 611 105 876 925 460 693 684 344 925 157 30 627 579 508 797 533 505 523 559 708 308 757 304 200 56 551 639 995 286 
450 200 305 154 62 729 28 372 723 359 380 868 446 0 639 78 863 585 287 94 379 357 540 37 596 363 608 460 546 313 738 409 717 942 749 89 426 391 252 65 463 463 416 66 514 411 532 822 138 535 
212 332 980 306 918 449 790 119 641 870 264 809 982 639 0 692 561 262 681 883 855 792 243 517 720 269 180 955 399 850 591 445 629 850 431 915 357 945 389 470 694 975 306 549 126 417 32 674 115 659 
337 6 235 388 991 907 848 906 440 465 311 473 697 78 692 0 91 212 689 993 69 894 113 389 112 703 559 975 178 828 760 720 544 941 785 763 471 723 977 794 594 846 6 839 90 806 884 686 894 364 
649 141 736 179 447 57 225 550 644 132 356 504 667 863 561 91 0 412 40 400 522 839 608 345 614 603 84 817 784 989 690 608 528 760 703 90 980 500 179 968 883 498 617 739 524 88 624 222 353 381 
975 523 509 153 373 443 299 245 189 446 609 880 61 585 262 212 412 0 906 339 946 240 293 254 559 607 673 568 145 737 805 286 482 154 411 48 656 88 767 587 344 540 98 36 556 220 535 794 799 972 
159 430 530 37 543 314 106 993 411 624 537 97 989 287 681 689 40 906 0 530 601 707 521 176 16 441 269 189 131 668 159 375 839 250 470 593 123 676 293 424 235 448 237 845 392 827 108 409 544 234 
78 843 738 251 486 487 388 15 606 784 2 833 977 94 883 993 400 339 530 0 777 378 675 412 584 508 836 891 238 981 923 663 635 239 811 634 638 237 200 1 857 896 537 975 820 685 912 615 770 938 
775 562 249 466 675 118 651 861 281 846 822 525 183 379 855 69 522 946 601 777 0 201 493 453 993 309 724 875 495 941 313 526 627 538 167 139 699 272 149 97 784 803 655 295 223 111 369 631 134 230 
276 741 496 850 838 687 475 167 895 395 688 303 611 357 792 894 839 240 707 378 201 0 720 932 379 587 662 896 370 369 814 723 117 23 814 78 159 638 329 946 569 687 45 597 477 485 707 787 614 312 
909 537 132 363 198 645 270 388 175 503 471 258 105 540 243 113 608 293 521 675 493 720 0 858 734 739 972 555 941 361 776 508 906 498 834 154 326 79 246 132 365 51 624 430 616 938 624 564 642 504 
696 281 156 632 588 77 905 660 965 228 14 674 876 37 517 389 345 254 176 412 453 932 858 0 678 389 147 377 147 113 337 482 494 747 80 293 207 423 14 354 347 454 361 220 330 333 333 542 305 772 
280 822 641 66 670 360 613 103 569 801 574 98 925 596 720 112 614 559 16 584 993 379 734 678 0 574 592 310 737 255 794 270 206 467 413 967 386 664 267 666 905 97 476 513 824 764 665 368 199 782 
724 780 623 940 378 947 62 899 59 795 63 990 460 363 269 703 603 607 441 508 309 587 739 389 574 0 296 365 473 622 800 941 696 599 96 582 825 382 439 265 623 46 638 878 330 704 763 882 530 661 
537 84 543 765 62 554 88 449 245 538 492 388 693 608 180 559 84 673 269 836 724 662 972 147 592 296 0 123 962 736 101 936 315 848 759 91 872 551 470 391 358 637 600 507 478 718 765 74 346 548 
336 404 962 557 773 446 720 481 510 614 118 340 684 460 955 975 817 568 189 891 875 896 555 377 310 365 123 0 303 859 523 46 597 935 144 953 261 217 342 14 875 129 458 25 521 824 497 652 693 159 
221 226 332 548 498 161 424 34 680 705 51 868 344 546 399 178 784 145 131 238 495 370 941 147 737 473 962 303 0 327 692 994 404 641 162 404 995 699 74 664 460 362 686 701 558 301 370 668 318 961 
611 692 500 161 196 518 500 343 489 690 457 833 925 313 850 828 989 737 668 981 941 369 361 113 255 622 736 859 327 0 139 382 430 787 704 481 416 39 461 726 942 729 178 849 525 337 214 358 373 63 
646 129 729 114 620 54 836 431 233 555 528 279 157 738 591 760 690 805 159 923 313 814 776 337 794 800 101 523 692 139 0 254 759 603 165 802 60 866 637 805 282 994 709 333 346 489 612 633 397 846 
993 516 424 342 999 798 193 347 881 712 691 993 30 409 445 720 608 286 375 663 526 723 508 482 270 941 936 46 994 382 254 0 517 676 171 512 619 137 537 103 678 756 523 386 370 901 608 576 474 272 
461 879 550 899 219 111 797 4 103 954 198 376 627 717 629 544 528 482 839 635 627 117 906 494 206 696 315 597 404 430 759 517 0 503 556 332 150 35 121 310 448 228 873 740 92 205 377 502 228 869 
751 112 556 703 43 990 703 526 466 145 788 538 579 942 850 941 760 154 250 239 538 23 498 747 467 599 848 935 641 787 603 676 503 0 150 375 16 147 337 872 230 341 718 897 80 878 393 508 391 448 
213 493 417 387 172 566 385 444 272 606 227 625 508 749 431 785 703 411 470 811 167 814 834 80 413 96 759 144 162 704 165 171 556 150 0 781 47 433 226 396 570 946 362 882 265 239 527 441 373 802 
940 525 966 637 561 70 316 669 72 895 861 2 797 89 915 763 90 48 593 634 139 78 154 293 967 582 91 953 404 481 802 512 332 375 781 0 449 342 119 717 661 367 437 698 460 799 528 541 193 67 
458 155 903 354 784 284 322 698 884 256 583 197 533 426 357 471 980 656 123 638 699 159 326 207 386 825 872 261 995 416 60 619 150 16 47 449 0 369 759 512 341 457 493 528 433 45 392 93 721 313 
476 495 937 132 160 212 797 445 730 849 519 649 505 391 945 723 500 88 676 237 272 638 79 423 664 382 551 217 699 39 866 137 35 147 433 342 369 0 615 444 606 710 479 987 347 196 279 557 98 570 
354 730 75 176 882 457 552 155 178 660 466 575 523 252 389 977 179 767 293 200 149 329 246 14 267 439 470 342 74 461 637 537 121 337 226 119 759 615 0 634 673 529 875 835 754 587 118 97 639 648 
84 507 726 828 627 445 319 443 180 571 199 391 559 65 470 794 968 587 424 1 97 946 132 354 666 265 391 14 664 726 805 103 310 872 396 717 512 444 634 0 435 719 398 817 93 737 339 595 295 372 
265 165 306 252 166 443 444 439 714 838 557 500 708 463 694 594 883 344 235 857 784 569 365 347 905 623 358 875 460 942 282 678 448 230 570 661 341 606 673 435 0 668 358 658 586 213 287 366 936 988 
511 378 390 114 408 946 497 609 371 285 56 72 308 463 975 846 498 540 448 896 803 687 51 454 97 46 637 129 362 729 994 756 228 341 946 367 457 710 529 719 668 0 351 400 546 154 914 304 702 194 
200 877 778 506 383 127 836 993 274 639 585 73 757 416 306 6 617 98 237 537 655 45 624 361 476 638 600 458 686 178 709 523 873 718 362 437 493 479 875 398 358 351 0 631 618 5 393 734 182 912 
475 303 620 193 461 736 507 394 603 364 996 336 304 66 549 839 739 36 845 975 295 597 430 220 513 878 507 25 701 849 333 386 740 897 882 698 528 987 835 817 658 400 631 0 505 754 694 260 399 237 
275 844 51 264 107 591 158 472 449 138 690 642 200 514 126 90 524 556 392 820 223 477 616 330 824 330 478 521 558 525 346 370 92 80 265 460 433 347 754 93 586 546 618 505 0 357 133 491 175 798 
440 402 403 732 293 618 336 531 272 803 880 550 56 411 417 806 88 220 827 685 111 485 938 333 764 704 718 824 301 337 489 901 205 878 239 799 45 196 587 737 213 154 5 754 357 0 421 159 932 39 
41 354 452 445 88 237 263 260 309 112 917 378 551 532 32 884 624 535 108 912 369 707 624 333 665 763 765 497 370 214 612 608 377 393 527 528 392 279 118 339 287 914 393 694 133 421 0 960 828 605 
564 916 512 473 308 673 867 134 194 830 426 450 639 822 674 686 222 794 409 615 631 787 564 542 368 882 74 652 668 358 633 576 502 508 441 541 93 557 97 595 366 304 734 260 491 159 960 0 367 393 
613 876 667 22 516 287 537 997 40 493 806 203 995 138 115 894 353 799 544 770 134 614 642 305 199 530 346 693 318 373 397 474 228 391 373 193 721 98 639 295 936 702 182 399 175 932 828 367 0 472 
819 519 299 489 438 710 307 3 601 46 765 732 286 535 659 364 381 972 234 938 230 312 504 772 782 661 548 159 961 63 846 272 869 448 802 67 313 570 648 372 988 194 912 237 798 39 605 393 472 0 
0 518 897 665 666 731 230 825 437 364 275 950 450 11 659 54 277 526 81 23 415 33 396 606 571 952 188 931 814 464 372 326 567 407 425 777 824 553 697 301 491 388 514 381 391 374 625 475 356 700 
518 0 501 380 966 408 322 437 913 142 950 517 944 730 707 5 522 994 653 821 366 909 67 149 553 818 148 610 271 612 509 339 372 457 186 400 65 895 929 149 117 871 147 436 288 700 400 526 933 120 
897 501 0 637 587 249 808 279 546 337 493 609 838 627 835 611 867 608 469 577 839 239 484 565 668 39 370 676 760 765 926 94 820 461 457 29 504 831 247 203 286 359 5 454 28 492 986 90 824 964 
665 380 637 0 981 978 827 414 356 547 928 229 763 142 157 187 931 822 221 221 106 668 419 199 323 645 576 155 11 320 155 679 456 681 249 898 412 487 675 664 517 212 109 193 27 847 512 709 375 693 
666 966 587 981 0 177 660 729 853 400 299 983 423 199 678 367 976 770 577 437 181 503 274 747 957 110 900 803 582 31 65 589 721 432 854 823 816 352 670 418 970 781 914 752 273 22 418 341 513 642 
