5 4
0 1 862 105 5 
1 0 100 377 177 
862 100 0 804 728 
105 377 804 0 463 
5 177 728 463 0 
0 590 297 766 524 
590 0 58 900 714 
297 58 0 533 117 
766 900 533 0 372 
524 714 117 372 0 
0 411 704 235 477 
411 0 943 101 287 
704 943 0 468 884 
235 101 468 0 629 
477 287 884 629 0 
0 411 704 235 477 
411 0 943 101 287 
704 943 0 468 884 
235 101 468 0 629 
477 287 884 629 0 
0 411 704 235 477 
411 0 943 101 287 
704 943 0 468 884 
235 101 468 0 629 
477 287 884 629 0 
