50 3
0 804 871 10 989 964 407 983 342 597 424 458 53 774 855 609 77 497 529 285 294 698 64 864 330 295 925 906 191 676 550 947 700 889 893 129 55 740 920 695 27 66 170 839 289 467 890 938 557 331 
804 0 963 700 229 884 328 999 969 400 898 74 678 603 406 299 346 164 368 341 670 736 985 165 165 642 97 292 470 301 299 806 556 955 919 138 646 633 749 428 234 8 445 514 286 320 724 879 437 677 
871 963 0 430 124 536 213 843 282 194 251 996 232 959 438 174 66 134 900 131 752 298 136 827 661 279 368 760 466 47 518 182 792 790 937 191 635 632 628 288 30 234 892 760 637 478 832 497 161 714 
10 700 430 0 835 23 810 624 25 307 879 947 408 100 899 956 653 40 856 85 73 989 811 333 155 594 263 958 457 531 531 529 751 889 914 639 113 227 784 519 41 851 200 590 537 74 537 41 274 447 
989 229 124 835 0 620 30 117 941 375 332 251 774 113 269 871 747 677 811 341 684 504 687 132 164 550 177 426 484 982 187 839 297 841 503 525 159 413 969 325 776 440 501 388 470 784 596 712 6 434 
964 884 536 23 620 0 789 303 188 842 508 3 60 170 680 618 717 625 659 608 391 522 305 579 454 818 199 504 297 749 367 179 485 439 737 161 588 536 51 789 771 396 59 390 223 414 183 364 501 111 
407 328 213 810 30 789 0 839 111 651 258 144 718 557 613 133 760 594 39 327 333 515 675 732 622 247 981 560 434 421 629 648 681 395 763 829 895 502 273 672 51 755 821 722 924 556 182 710 554 322 
983 999 843 624 117 303 839 0 926 633 103 763 472 502 192 562 270 270 478 919 765 724 649 315 20 923 947 297 199 145 814 557 91 534 416 295 27 682 925 304 769 637 659 152 946 841 664 529 874 679 
342 969 282 25 941 188 111 926 0 814 110 97 676 168 237 251 550 469 380 164 312 100 582 497 210 150 343 13 447 684 692 232 726 834 219 446 854 347 700 61 323 522 342 2 556 341 255 454 586 630 
597 400 194 307 375 842 651 633 814 0 475 751 882 842 489 924 598 519 626 230 295 855 857 413 7 138 530 141 44 387 660 680 602 648 400 923 313 958 871 12 899 512 262 607 123 432 808 385 429 179 
424 898 251 879 332 508 258 103 110 475 0 955 730 966 519 242 474 556 589 925 715 487 711 249 602 887 475 871 477 367 723 498 323 222 294 421 734 360 458 124 746 657 780 602 231 437 165 536 108 337 
458 74 996 947 251 3 144 763 97 751 955 0 718 312 167 651 408 862 122 650 2 572 945 216 924 314 189 284 691 575 240 100 172 817 298 534 324 591 697 152 408 921 179 783 788 622 11 370 422 94 
53 678 232 408 774 60 718 472 676 882 730 718 0 785 1000 663 442 360 152 389 656 435 437 780 31 210 415 616 393 760 279 70 835 34 512 461 700 540 377 50 674 126 545 912 679 498 479 42 927 526 
774 603 959 100 113 170 557 502 168 842 966 312 785 0 492 781 634 524 360 986 493 626 443 400 771 162 94 253 468 41 837 717 915 664 924 310 792 700 669 374 791 242 176 526 999 893 465 310 710 300 
855 406 438 899 269 680 613 192 237 489 519 167 1000 492 0 338 235 762 953 226 160 534 132 949 4 29 694 720 340 581 43 793 979 944 497 131 355 136 31 67 432 792 312 132 682 190 923 431 656 728 
609 299 174 956 871 618 133 562 251 924 242 651 663 781 338 0 849 806 431 470 940 834 867 8 517 155 470 332 278 290 612 990 208 751 935 577 979 592 370 909 292 774 376 645 351 758 755 871 5 275 
77 346 66 653 747 717 760 270 550 598 474 408 442 634 235 849 0 790 787 125 874 466 48 544 752 979 261 604 360 122 847 316 51 549 465 73 383 883 248 707 921 214 996 974 860 758 340 634 470 853 
497 164 134 40 677 625 594 270 469 519 556 862 360 524 762 806 790 0 195 42 446 117 543 638 290 585 543 972 425 267 292 274 683 596 719 12 125 59 770 356 29 793 424 409 205 647 896 928 67 899 
529 368 900 856 811 659 39 478 380 626 589 122 152 360 953 431 787 195 0 51 443 961 886 696 980 147 188 272 675 398 371 407 161 369 968 994 812 782 540 45 317 181 574 541 946 787 797 254 756 95 
285 341 131 85 341 608 327 919 164 230 925 650 389 986 226 470 125 42 51 0 315 200 874 380 536 244 795 547 510 789 974 795 146 231 21 358 95 769 630 580 342 388 579 642 212 659 30 661 124 915 
294 670 752 73 684 391 333 765 312 295 715 2 656 493 160 940 874 446 443 315 0 711 254 536 185 58 321 353 105 962 611 911 351 924 360 153 162 507 21 493 499 40 60 940 78 9 940 144 364 452 
698 736 298 989 504 522 515 724 100 855 487 572 435 626 534 834 466 117 961 200 711 0 499 130 829 285 306 472 197 496 635 20 358 176 604 212 639 910 96 873 754 964 691 63 917 124 239 919 840 719 
64 985 136 811 687 305 675 649 582 857 711 945 437 443 132 867 48 543 886 874 254 499 0 410 736 896 165 774 751 941 263 452 825 154 327 543 434 900 96 666 922 127 249 459 906 628 585 104 668 438 
864 165 827 333 132 579 732 315 497 413 249 216 780 400 949 8 544 638 696 380 536 130 410 0 78 515 602 853 267 617 657 947 849 579 730 641 147 610 780 409 428 587 121 79 397 863 221 273 352 753 
330 165 661 155 164 454 622 20 210 7 602 924 31 771 4 517 752 290 980 536 185 829 736 78 0 279 52 585 129 223 749 503 582 854 441 559 615 357 456 138 934 689 566 197 821 734 660 697 746 203 
295 642 279 594 550 818 247 923 150 138 887 314 210 162 29 155 979 585 147 244 58 285 896 515 279 0 70 455 846 321 208 219 383 751 770 649 892 981 409 806 721 558 146 101 343 581 495 847 9 980 
925 97 368 263 177 199 981 947 343 530 475 189 415 94 694 470 261 543 188 795 321 306 165 602 52 70 0 521 108 443 252 158 420 251 80 3 544 398 367 904 228 345 386 919 259 485 377 158 571 574 
906 292 760 958 426 504 560 297 13 141 871 284 616 253 720 332 604 972 272 547 353 472 774 853 585 455 521 0 219 157 824 731 70 401 904 796 510 492 597 961 606 647 162 133 244 615 825 322 930 161 
191 470 466 457 484 297 434 199 447 44 477 691 393 468 340 278 360 425 675 510 105 197 751 267 129 846 108 219 0 253 825 807 713 278 173 560 131 552 323 737 609 90 778 161 917 139 332 504 659 727 
676 301 47 531 982 749 421 145 684 387 367 575 760 41 581 290 122 267 398 789 962 496 941 617 223 321 443 157 253 0 749 79 655 387 410 188 656 432 981 726 115 838 227 552 653 808 439 510 147 512 
550 299 518 531 187 367 629 814 692 660 723 240 279 837 43 612 847 292 371 974 611 635 263 657 749 208 252 824 825 749 0 850 891 194 375 932 825 944 115 807 117 167 8 492 861 595 820 680 437 351 
947 806 182 529 839 179 648 557 232 680 498 100 70 717 793 990 316 274 407 795 911 20 452 947 503 219 158 731 807 79 850 0 464 157 794 265 901 624 266 194 992 975 352 113 99 168 444 39 427 258 
700 556 792 751 297 485 681 91 726 602 323 172 835 915 979 208 51 683 161 146 351 358 825 849 582 383 420 70 713 655 891 464 0 445 316 385 215 890 767 468 464 40 92 724 545 634 670 859 431 923 
889 955 790 889 841 439 395 534 834 648 222 817 34 664 944 751 549 596 369 231 924 176 154 579 854 751 251 401 278 387 194 157 445 0 164 158 573 847 959 765 625 923 630 832 920 376 876 703 814 231 
893 919 937 914 503 737 763 416 219 400 294 298 512 924 497 935 465 719 968 21 360 604 327 730 441 770 80 904 173 410 375 794 316 164 0 275 983 357 445 217 488 798 989 454 440 412 465 74 990 896 
129 138 191 639 525 161 829 295 446 923 421 534 461 310 131 577 73 12 994 358 153 212 543 641 559 649 3 796 560 188 932 265 385 158 275 0 872 811 842 27 586 467 414 547 848 469 648 365 823 269 
55 646 635 113 159 588 895 27 854 313 734 324 700 792 355 979 383 125 812 95 162 639 434 147 615 892 544 510 131 656 825 901 215 573 983 872 0 979 928 216 170 449 500 741 407 808 114 801 964 240 
740 633 632 227 413 536 502 682 347 958 360 591 540 700 136 592 883 59 782 769 507 910 900 610 357 981 398 492 552 432 944 624 890 847 357 811 979 0 853 230 880 385 102 389 640 973 935 92 581 881 
920 749 628 784 969 51 273 925 700 871 458 697 377 669 31 370 248 770 540 630 21 96 96 780 456 409 367 597 323 981 115 266 767 959 445 842 928 853 0 78 947 428 955 88 417 555 328 733 815 883 
695 428 288 519 325 789 672 304 61 12 124 152 50 374 67 909 707 356 45 580 493 873 666 409 138 806 904 961 737 726 807 194 468 765 217 27 216 230 78 0 272 903 411 471 666 864 857 519 272 117 
27 234 30 41 776 771 51 769 323 899 746 408 674 791 432 292 921 29 317 342 499 754 922 428 934 721 228 606 609 115 117 992 464 625 488 586 170 880 947 272 0 185 295 365 815 232 582 301 992 480 
66 8 234 851 440 396 755 637 522 512 657 921 126 242 792 774 214 793 181 388 40 964 127 587 689 558 345 647 90 838 167 975 40 923 798 467 449 385 428 903 185 0 446 556 937 483 661 586 316 702 
170 445 892 200 501 59 821 659 342 262 780 179 545 176 312 376 996 424 574 579 60 691 249 121 566 146 386 162 778 227 8 352 92 630 989 414 500 102 955 411 295 446 0 540 576 516 674 488 651 916 
839 514 760 590 388 390 722 152 2 607 602 783 912 526 132 645 974 409 541 642 940 63 459 79 197 101 919 133 161 552 492 113 724 832 454 547 741 389 88 471 365 556 540 0 587 117 462 322 763 147 
289 286 637 537 470 223 924 946 556 123 231 788 679 999 682 351 860 205 946 212 78 917 906 397 821 343 259 244 917 653 861 99 545 920 440 848 407 640 417 666 815 937 576 587 0 434 309 45 766 576 
467 320 478 74 784 414 556 841 341 432 437 622 498 893 190 758 758 647 787 659 9 124 628 863 734 581 485 615 139 808 595 168 634 376 412 469 808 973 555 864 232 483 516 117 434 0 833 503 563 464 
890 724 832 537 596 183 182 664 255 808 165 11 479 465 923 755 340 896 797 30 940 239 585 221 660 495 377 825 332 439 820 444 670 876 465 648 114 935 328 857 582 661 674 462 309 833 0 872 691 100 
938 879 497 41 712 364 710 529 454 385 536 370 42 310 431 871 634 928 254 661 144 919 104 273 697 847 158 322 504 510 680 39 859 703 74 365 801 92 733 519 301 586 488 322 45 503 872 0 579 225 
557 437 161 274 6 501 554 874 586 429 108 422 927 710 656 5 470 67 756 124 364 840 668 352 746 9 571 930 659 147 437 427 431 814 990 823 964 581 815 272 992 316 651 763 766 563 691 579 0 45 
331 677 714 447 434 111 322 679 630 179 337 94 526 300 728 275 853 899 95 915 452 719 438 753 203 980 574 161 727 512 351 258 923 231 896 269 240 881 883 117 480 702 916 147 576 464 100 225 45 0 
0 630 363 139 425 163 871 291 54 331 365 785 245 322 486 599 307 913 640 324 529 130 59 425 825 556 266 517 457 361 878 840 690 870 948 94 528 819 344 703 732 369 512 697 776 94 362 362 777 137 
630 0 41 276 699 12 962 941 919 897 492 418 823 274 468 618 371 742 527 550 819 134 729 90 299 788 997 850 933 269 681 350 726 842 138 36 408 564 664 943 75 796 682 319 693 807 75 87 12 651 
363 41 0 177 87 454 919 517 137 521 917 984 282 6 869 207 221 757 767 914 226 249 583 457 480 281 612 398 883 392 571 391 13 863 234 251 376 194 629 30 347 350 776 431 957 348 719 168 131 342 
139 276 177 0 171 896 257 337 983 266 685 110 860 952 89 608 992 903 39 976 371 606 566 700 850 499 200 529 173 929 952 155 320 529 482 342 788 547 743 758 705 895 664 347 5 789 79 571 488 816 
425 699 87 171 0 884 497 114 889 831 458 964 299 349 118 898 446 381 111 893 310 699 658 824 614 879 642 42 315 393 885 274 482 256 671 17 670 739 339 315 32 919 865 852 416 51 15 360 554 437 
163 12 454 896 884 0 703 336 527 346 515 421 110 367 112 518 906 444 677 733 468 916 93 609 580 712 155 891 920 82 425 100 535 394 848 83 434 808 514 201 50 563 886 34 180 331 638 380 646 464 
871 962 919 257 497 703 0 960 627 709 21 241 46 324 812 654 717 441 529 981 260 57 962 650 797 582 843 673 375 947 330 501 354 407 364 622 887 630 674 262 159 903 704 911 936 192 287 442 924 93 
291 941 517 337 114 336 960 0 585 639 845 791 890 435 494 753 858 739 465 334 553 309 246 355 45 100 23 100 842 916 844 629 367 523 459 577 985 887 641 15 3 94 424 418 956 714 766 725 312 525 
54 919 137 983 889 527 627 585 0 241 278 175 690 176 923 853 903 3 74 984 876 807 548 19 561 900 9 842 490 93 161 185 937 79 180 195 361 27 444 946 727 672 82 363 396 445 719 854 448 514 
331 897 521 266 831 346 709 639 241 0 1 676 773 880 854 6 613 679 838 653 673 475 468 412 630 293 879 953 420 542 474 924 657 982 994 86 572 739 377 155 872 911 321 432 721 154 223 882 82 260 
365 492 917 685 458 515 21 845 278 1 0 427 968 503 71 371 106 801 232 987 164 571 69 133 955 381 766 392 698 541 852 561 448 103 208 491 532 105 61 894 267 270 339 518 589 242 99 283 851 874 
785 418 984 110 964 421 241 791 175 676 427 0 562 266 280 131 789 789 543 559 40 296 340 669 950 99 624 547 484 476 786 926 847 124 272 138 118 301 566 801 557 762 927 628 375 342 62 298 331 734 
245 823 282 860 299 110 46 890 690 773 968 562 0 466 357 976 655 2 914 573 789 904 518 206 191 170 855 350 848 442 382 329 860 686 185 244 831 454 612 179 466 167 719 435 131 717 657 87 439 638 
322 274 6 952 349 367 324 435 176 880 503 266 466 0 335 746 999 432 451 540 868 836 902 801 736 425 733 670 976 927 460 554 460 104 221 726 705 122 626 471 104 149 493 662 326 513 789 653 869 94 
486 468 869 89 118 112 812 494 923 854 71 280 357 335 0 206 918 676 662 64 812 292 994 460 69 869 66 57 432 131 640 222 414 248 147 793 115 972 232 343 228 980 785 467 842 817 914 491 795 496 
599 618 207 608 898 518 654 753 853 6 371 131 976 746 206 0 951 446 453 748 619 531 883 573 865 412 450 10 463 615 737 167 984 787 586 210 230 539 193 966 604 92 479 637 906 987 869 185 798 739 
307 371 221 992 446 906 717 858 903 613 106 789 655 999 918 951 0 182 67 673 93 329 183 71 88 984 506 179 255 648 507 53 843 542 374 105 959 964 367 408 219 904 551 696 810 288 471 813 466 253 
913 742 757 903 381 444 441 739 3 679 801 789 2 432 676 446 182 0 492 522 234 704 432 97 672 283 27 475 429 905 7 112 752 681 812 883 887 760 751 436 832 616 82 479 246 951 391 677 176 450 
640 527 767 39 111 677 529 465 74 838 232 543 914 451 662 453 67 492 0 812 74 893 277 883 811 808 310 269 941 494 252 925 163 999 333 888 372 771 376 931 967 163 299 662 103 182 222 507 314 910 
324 550 914 976 893 733 981 334 984 653 987 559 573 540 64 748 673 522 812 0 951 343 459 761 465 104 66 830 980 103 383 253 589 851 884 781 697 713 574 468 309 253 31 584 385 804 160 391 73 388 
529 819 226 371 310 468 260 553 876 673 164 40 789 868 812 619 93 234 74 951 0 83 972 700 497 193 108 349 389 735 819 992 590 305 588 147 769 924 823 253 240 648 157 955 516 402 590 784 298 119 
130 134 249 606 699 916 57 309 807 475 571 296 904 836 292 531 329 704 893 343 83 0 81 743 95 245 593 779 192 866 595 1000 84 801 306 92 33 717 992 483 615 306 863 438 551 383 397 875 619 890 
59 729 583 566 658 93 962 246 548 468 69 340 518 902 994 883 183 432 277 459 972 81 0 178 925 510 107 648 634 218 517 900 555 627 277 480 487 712 422 808 730 439 164 377 323 738 219 784 913 78 
425 90 457 700 824 609 650 355 19 412 133 669 206 801 460 573 71 97 883 761 700 743 178 0 665 596 124 478 724 505 656 180 715 31 761 40 383 306 886 613 642 173 255 723 677 685 94 635 789 237 
825 299 480 850 614 580 797 45 561 630 955 950 191 736 69 865 88 672 811 465 497 95 925 665 0 534 116 947 863 865 122 961 39 232 416 556 525 277 355 413 1 919 490 69 35 157 750 320 698 668 
556 788 281 499 879 712 582 100 900 293 381 99 170 425 869 412 984 283 808 104 193 245 510 596 534 0 876 452 461 622 485 489 684 915 98 758 480 949 109 205 494 497 288 122 380 611 386 111 945 716 
266 997 612 200 642 155 843 23 9 879 766 624 855 733 66 450 506 27 310 66 108 593 107 124 116 876 0 117 714 765 469 682 770 426 67 20 520 626 559 393 540 556 818 521 640 128 745 812 848 284 
517 850 398 529 42 891 673 100 842 953 392 547 350 670 57 10 179 475 269 830 349 779 648 478 947 452 117 0 693 482 513 648 405 641 528 22 78 178 20 705 714 747 357 592 14 873 862 224 328 613 
457 933 883 173 315 920 375 842 490 420 698 484 848 976 432 463 255 429 941 980 389 192 634 724 863 461 714 693 0 290 893 415 605 353 889 779 340 14 223 464 952 772 421 778 990 249 995 453 667 419 
361 269 392 929 393 82 947 916 93 542 541 476 442 927 131 615 648 905 494 103 735 866 218 505 865 622 765 482 290 0 640 545 299 782 544 800 31 188 497 989 579 402 595 158 884 267 652 469 773 554 
878 681 571 952 885 425 330 844 161 474 852 786 382 460 640 737 507 7 252 383 819 595 517 656 122 485 469 513 893 640 0 483 892 573 684 568 58 793 622 383 490 836 850 933 867 444 571 994 881 131 
840 350 391 155 274 100 501 629 185 924 561 926 329 554 222 167 53 112 925 253 992 1000 900 180 961 489 682 648 415 545 483 0 269 569 207 362 427 369 483 858 502 532 114 425 844 826 389 462 704 205 
690 726 13 320 482 535 354 367 937 657 448 847 860 460 414 984 843 752 163 589 590 84 555 715 39 684 770 405 605 299 892 269 0 479 840 760 16 502 555 630 673 849 717 736 286 835 425 296 457 757 
870 842 863 529 256 394 407 523 79 982 103 124 686 104 248 787 542 681 999 851 305 801 627 31 232 915 426 641 353 782 573 569 479 0 39 866 49 869 512 688 405 862 339 219 374 638 680 284 527 124 
948 138 234 482 671 848 364 459 180 994 208 272 185 221 147 586 374 812 333 884 588 306 277 761 416 98 67 528 889 544 684 207 840 39 0 612 233 496 787 806 937 736 118 442 151 54 443 216 969 42 
94 36 251 342 17 83 622 577 195 86 491 138 244 726 793 210 105 883 888 781 147 92 480 40 556 758 20 22 779 800 568 362 760 866 612 0 756 200 544 532 226 105 905 598 146 622 409 273 884 25 
528 408 376 788 670 434 887 985 361 572 532 118 831 705 115 230 959 887 372 697 769 33 487 383 525 480 520 78 340 31 58 427 16 49 233 756 0 270 251 640 737 112 400 972 359 182 260 700 153 609 
819 564 194 547 739 808 630 887 27 739 105 301 454 122 972 539 964 760 771 713 924 717 712 306 277 949 626 178 14 188 793 369 502 869 496 200 270 0 859 684 156 797 874 788 310 594 898 859 528 41 
344 664 629 743 339 514 674 641 444 377 61 566 612 626 232 193 367 751 376 574 823 992 422 886 355 109 559 20 223 497 622 483 555 512 787 544 251 859 0 425 672 563 927 841 209 780 475 559 400 487 
703 943 30 758 315 201 262 15 946 155 894 801 179 471 343 966 408 436 931 468 253 483 808 613 413 205 393 705 464 989 383 858 630 688 806 532 640 684 425 0 985 134 542 264 283 749 354 657 180 414 
732 75 347 705 32 50 159 3 727 872 267 557 466 104 228 604 219 832 967 309 240 615 730 642 1 494 540 714 952 579 490 502 673 405 937 226 737 156 672 985 0 651 203 55 854 968 276 7 388 198 
369 796 350 895 919 563 903 94 672 911 270 762 167 149 980 92 904 616 163 253 648 306 439 173 919 497 556 747 772 402 836 532 849 862 736 105 112 797 563 134 651 0 496 193 810 778 244 106 236 356 
512 682 776 664 865 886 704 424 82 321 339 927 719 493 785 479 551 82 299 31 157 863 164 255 490 288 818 357 421 595 850 114 717 339 118 905 400 874 927 542 203 496 0 830 339 975 45 488 199 71 
697 319 431 347 852 34 911 418 363 432 518 628 435 662 467 637 696 479 662 584 955 438 377 723 69 122 521 592 778 158 933 425 736 219 442 598 972 788 841 264 55 193 830 0 465 784 500 502 988 508 
776 693 957 5 416 180 936 956 396 721 589 375 131 326 842 906 810 246 103 385 516 551 323 677 35 380 640 14 990 884 867 844 286 374 151 146 359 310 209 283 854 810 339 465 0 921 407 758 751 11 
94 807 348 789 51 331 192 714 445 154 242 342 717 513 817 987 288 951 182 804 402 383 738 685 157 611 128 873 249 267 444 826 835 638 54 622 182 594 780 749 968 778 975 784 921 0 559 969 820 943 
362 75 719 79 15 638 287 766 719 223 99 62 657 789 914 869 471 391 222 160 590 397 219 94 750 386 745 862 995 652 571 389 425 680 443 409 260 898 475 354 276 244 45 500 407 559 0 806 771 423 
362 87 168 571 360 380 442 725 854 882 283 298 87 653 491 185 813 677 507 391 784 875 784 635 320 111 812 224 453 469 994 462 296 284 216 273 700 859 559 657 7 106 488 502 758 969 806 0 225 721 
777 12 131 488 554 646 924 312 448 82 851 331 439 869 795 798 466 176 314 73 298 619 913 789 698 945 848 328 667 773 881 704 457 527 969 884 153 528 400 180 388 236 199 988 751 820 771 225 0 850 
137 651 342 816 437 464 93 525 514 260 874 734 638 94 496 739 253 450 910 388 119 890 78 237 668 716 284 613 419 554 131 205 757 124 42 25 609 41 487 414 198 356 71 508 11 943 423 721 850 0 
0 410 626 966 687 817 65 791 998 601 614 352 874 749 415 286 685 122 479 656 277 778 820 450 326 572 620 530 585 603 396 184 389 6 66 975 430 120 585 253 13 607 431 184 431 648 546 724 98 867 
410 0 841 783 262 998 73 121 262 217 566 475 155 803 394 547 497 271 256 295 157 963 304 867 849 168 193 107 96 955 278 714 399 150 915 938 723 550 233 47 939 135 314 889 486 245 686 825 884 165 
626 841 0 922 958 470 194 391 851 499 27 125 836 934 113 704 762 83 89 249 911 498 287 535 513 856 253 674 83 598 649 421 833 106 798 511 575 811 165 969 829 533 181 553 36 440 357 886 736 589 
966 783 922 0 779 48 771 593 71 733 398 864 55 131 859 397 212 231 984 139 854 322 553 354 353 385 901 481 748 84 99 883 672 414 737 713 215 447 192 143 326 6 255 694 957 269 876 460 371 119 
687 262 958 779 0 328 584 767 255 198 533 76 576 677 709 61 340 774 834 169 789 308 341 216 364 113 202 870 517 699 112 672 535 878 261 938 346 334 469 749 996 77 153 133 725 880 894 773 462 527 
817 998 470 48 328 0 412 774 651 716 641 417 874 450 809 201 161 697 358 164 334 165 926 338 396 117 764 281 109 874 646 866 233 554 104 828 534 276 406 823 786 374 166 871 972 520 460 798 442 435 
65 73 194 771 584 412 0 50 410 244 983 832 920 473 119 330 155 505 344 44 914 775 145 148 118 224 206 213 725 150 675 428 471 343 685 332 272 339 328 712 786 118 194 144 72 650 534 548 52 860 
791 121 391 593 767 774 50 0 578 604 317 224 224 594 575 239 138 271 628 822 414 752 666 607 910 939 910 939 167 193 332 511 675 326 599 286 157 104 371 978 975 825 525 496 126 244 212 128 611 460 
998 262 851 71 255 651 410 578 0 693 640 946 297 853 188 71 47 923 965 212 244 281 396 892 408 311 859 110 464 844 868 871 215 986 939 713 592 993 456 141 221 224 888 832 747 864 261 147 472 350 
601 217 499 733 198 716 244 604 693 0 999 471 111 190 50 932 266 377 90 272 519 482 475 638 537 603 53 184 403 475 633 118 413 107 4 635 321 255 361 785 184 176 685 632 262 978 686 94 917 904 
614 566 27 398 533 641 983 317 640 999 0 637 179 387 736 795 599 131 765 127 700 498 806 806 156 613 117 581 353 392 218 529 543 741 619 404 476 909 926 90 853 787 548 523 543 883 907 549 232 132 
352 475 125 864 76 417 832 224 946 471 637 0 447 591 698 992 357 336 477 562 981 757 621 343 137 785 541 612 463 377 367 226 431 939 702 999 853 718 458 189 593 355 55 206 692 593 869 770 655 239 
874 155 836 55 576 874 920 224 297 111 179 447 0 534 597 159 414 980 75 194 258 276 490 954 660 912 218 921 7 555 671 679 189 335 781 709 75 306 197 839 634 761 249 703 799 189 355 926 471 334 
749 803 934 131 677 450 473 594 853 190 387 591 534 0 788 242 23 839 377 441 221 192 101 311 225 708 213 430 94 21 658 564 573 941 830 374 396 918 493 750 836 762 583 308 774 366 253 405 174 849 
415 394 113 859 709 809 119 575 188 50 736 698 597 788 0 886 128 375 485 819 208 759 16 557 1000 18 844 999 342 999 359 741 537 850 811 208 875 57 743 508 781 72 284 463 307 141 210 556 309 546 
286 547 704 397 61 201 330 239 71 932 795 992 159 242 886 0 68 733 400 202 314 448 124 390 157 566 605 900 666 214 129 766 187 280 441 926 770 403 888 21 396 909 632 414 27 201 279 814 167 271 
685 497 762 212 340 161 155 138 47 266 599 357 414 23 128 68 0 858 783 314 828 675 543 985 693 128 577 738 680 306 654 941 3 397 481 835 5 19 626 540 548 141 342 422 35 670 511 100 417 624 
122 271 83 231 774 697 505 271 923 377 131 336 980 839 375 733 858 0 396 466 811 302 573 960 50 846 870 607 509 261 950 881 232 502 224 258 71 142 206 257 244 308 981 603 807 136 647 229 637 717 
479 256 89 984 834 358 344 628 965 90 765 477 75 377 485 400 783 396 0 109 915 98 931 181 382 257 729 518 95 554 715 139 760 57 723 107 644 164 632 97 6 954 668 322 882 824 976 325 745 179 
656 295 249 139 169 164 44 822 212 272 127 562 194 441 819 202 314 466 109 0 26 497 523 420 686 882 901 360 39 737 527 701 400 117 105 245 298 244 373 469 519 754 899 408 757 81 805 712 879 584 
277 157 911 854 789 334 914 414 244 519 700 981 258 221 208 314 828 811 915 26 0 901 155 261 539 810 857 611 312 239 74 47 306 640 482 836 242 72 241 721 691 498 656 39 616 533 264 221 603 953 
778 963 498 322 308 165 775 752 281 482 498 757 276 192 759 448 675 302 98 497 901 0 945 362 1000 794 500 327 584 90 433 199 843 159 629 802 757 454 22 514 543 614 100 386 370 430 614 92 237 44 
820 304 287 553 341 926 145 666 396 475 806 621 490 101 16 124 543 573 931 523 155 945 0 825 19 552 987 424 184 737 541 52 497 355 776 610 455 407 559 217 464 290 878 572 857 232 864 225 185 985 
450 867 535 354 216 338 148 607 892 638 806 343 954 311 557 390 985 960 181 420 261 362 825 0 286 304 960 671 294 384 187 855 278 943 223 925 609 797 174 85 267 671 755 374 480 376 999 524 376 796 
326 849 513 353 364 396 118 910 408 537 156 137 660 225 1000 157 693 50 382 686 539 1000 19 286 0 254 781 198 76 237 777 161 918 996 550 364 561 718 647 552 996 243 476 768 741 652 431 587 293 433 
572 168 856 385 113 117 224 939 311 603 613 785 912 708 18 566 128 846 257 882 810 794 552 304 254 0 288 534 540 507 499 728 405 168 964 156 431 70 871 855 634 611 641 765 727 387 522 998 184 422 
620 193 253 901 202 764 206 910 859 53 117 541 218 213 844 605 577 870 729 901 857 500 987 960 781 288 0 879 380 250 345 375 241 615 936 985 623 408 399 674 507 507 262 613 421 857 355 140 169 577 
530 107 674 481 870 281 213 939 110 184 581 612 921 430 999 900 738 607 518 360 611 327 424 671 198 534 879 0 237 586 532 208 617 421 463 941 932 907 948 254 441 144 854 417 902 88 198 853 716 151 
585 96 83 748 517 109 725 167 464 403 353 463 7 94 342 666 680 509 95 39 312 584 184 294 76 540 380 237 0 541 92 446 537 612 370 220 658 889 657 637 88 177 739 138 33 830 104 467 564 515 
603 955 598 84 699 874 150 193 844 475 392 377 555 21 999 214 306 261 554 737 239 90 737 384 237 507 250 586 541 0 372 403 834 210 423 262 825 904 472 38 277 447 394 580 126 497 451 486 202 583 
396 278 649 99 112 646 675 332 868 633 218 367 671 658 359 129 654 950 715 527 74 433 541 187 777 499 345 532 92 372 0 411 69 591 157 478 716 160 479 715 654 258 166 191 277 498 309 161 2 959 
184 714 421 883 672 866 428 511 871 118 529 226 679 564 741 766 941 881 139 701 47 199 52 855 161 728 375 208 446 403 411 0 769 573 640 493 364 681 442 143 456 405 958 756 177 108 673 535 260 671 
389 399 833 672 535 233 471 675 215 413 543 431 189 573 537 187 3 232 760 400 306 843 497 278 918 405 241 617 537 834 69 769 0 554 264 93 834 633 413 354 375 274 259 404 626 292 590 599 481 230 
6 150 106 414 878 554 343 326 986 107 741 939 335 941 850 280 397 502 57 117 640 159 355 943 996 168 615 421 612 210 591 573 554 0 805 159 962 17 512 316 309 32 657 869 571 382 448 647 327 938 
66 915 798 737 261 104 685 599 939 4 619 702 781 830 811 441 481 224 723 105 482 629 776 223 550 964 936 463 370 423 157 640 264 805 0 537 796 410 278 146 216 298 933 450 908 892 506 834 113 891 
975 938 511 713 938 828 332 286 713 635 404 999 709 374 208 926 835 258 107 245 836 802 610 925 364 156 985 941 220 262 478 493 93 159 537 0 452 837 399 666 771 793 226 362 663 216 561 676 162 870 
430 723 575 215 346 534 272 157 592 321 476 853 75 396 875 770 5 71 644 298 242 757 455 609 561 431 623 932 658 825 716 364 834 962 796 452 0 590 770 479 245 979 734 23 599 751 715 317 861 346 
120 550 811 447 334 276 339 104 993 255 909 718 306 918 57 403 19 142 164 244 72 454 407 797 718 70 408 907 889 904 160 681 633 17 410 837 590 0 130 373 814 241 158 301 662 565 94 83 519 850 
585 233 165 192 469 406 328 371 456 361 926 458 197 493 743 888 626 206 632 373 241 22 559 174 647 871 399 948 657 472 479 442 413 512 278 399 770 130 0 398 288 590 30 225 734 309 544 319 808 462 
253 47 969 143 749 823 712 978 141 785 90 189 839 750 508 21 540 257 97 469 721 514 217 85 552 855 674 254 637 38 715 143 354 316 146 666 479 373 398 0 39 787 344 645 740 367 707 319 800 674 
13 939 829 326 996 786 786 975 221 184 853 593 634 836 781 396 548 244 6 519 691 543 464 267 996 634 507 441 88 277 654 456 375 309 216 771 245 814 288 39 0 504 869 821 139 7 665 962 595 852 
607 135 533 6 77 374 118 825 224 176 787 355 761 762 72 909 141 308 954 754 498 614 290 671 243 611 507 144 177 447 258 405 274 32 298 793 979 241 590 787 504 0 517 532 224 10 837 874 846 720 
431 314 181 255 153 166 194 525 888 685 548 55 249 583 284 632 342 981 668 899 656 100 878 755 476 641 262 854 739 394 166 958 259 657 933 226 734 158 30 344 869 517 0 190 785 255 842 373 785 795 
184 889 553 694 133 871 144 496 832 632 523 206 703 308 463 414 422 603 322 408 39 386 572 374 768 765 613 417 138 580 191 756 404 869 450 362 23 301 225 645 821 532 190 0 509 246 493 512 245 449 
431 486 36 957 725 972 72 126 747 262 543 692 799 774 307 27 35 807 882 757 616 370 857 480 741 727 421 902 33 126 277 177 626 571 908 663 599 662 734 740 139 224 785 509 0 172 599 145 197 971 
648 245 440 269 880 520 650 244 864 978 883 593 189 366 141 201 670 136 824 81 533 430 232 376 652 387 857 88 830 497 498 108 292 382 892 216 751 565 309 367 7 10 255 246 172 0 442 100 177 21 
546 686 357 876 894 460 534 212 261 686 907 869 355 253 210 279 511 647 976 805 264 614 864 999 431 522 355 198 104 451 309 673 590 448 506 561 715 94 544 707 665 837 842 493 599 442 0 145 387 542 
724 825 886 460 773 798 548 128 147 94 549 770 926 405 556 814 100 229 325 712 221 92 225 524 587 998 140 853 467 486 161 535 599 647 834 676 317 83 319 319 962 874 373 512 145 100 145 0 627 183 
98 884 736 371 462 442 52 611 472 917 232 655 471 174 309 167 417 637 745 879 603 237 185 376 293 184 169 716 564 202 2 260 481 327 113 162 861 519 808 800 595 846 785 245 197 177 387 627 0 155 
867 165 589 119 527 435 860 460 350 904 132 239 334 849 546 271 624 717 179 584 953 44 985 796 433 422 577 151 515 583 959 671 230 938 891 870 346 850 462 674 852 720 795 449 971 21 542 183 155 0 
0 384 807 890 705 878 164 991 1000 548 626 157 761 605 484 470 608 131 364 635 436 918 656 484 178 483 643 411 530 766 271 219 261 92 129 971 479 231 709 308 220 651 436 288 211 837 685 648 385 871 
384 0 833 726 299 913 183 129 156 164 542 491 137 705 551 231 575 159 565 656 218 777 299 948 835 236 195 227 123 583 296 693 207 146 848 964 601 508 395 210 922 264 452 628 297 231 895 830 911 457 
807 833 0 805 712 471 39 503 893 472 174 95 444 845 410 793 804 147 346 127 627 799 486 572 438 596 286 769 72 673 455 346 975 161 723 687 499 714 289 741 493 621 197 501 200 599 317 956 809 622 
890 726 805 0 967 164 593 700 217 471 326 866 213 83 985 439 65 105 992 219 642 215 357 321 158 382 770 472 927 68 144 847 773 542 571 593 172 504 355 288 289 81 418 642 805 290 826 526 535 244 
705 299 712 967 0 213 479 860 79 59 466 113 679 637 936 325 333 665 751 148 605 311 228 124 419 80 353 993 641 460 112 573 678 810 361 869 275 100 816 748 825 193 22 202 676 970 959 384 527 602 
878 913 471 164 213 0 214 619 431 613 341 526 1000 588 936 602 2 711 262 296 499 211 995 414 452 317 778 248 59 932 510 814 397 709 183 791 630 180 603 804 986 499 201 981 856 596 320 646 359 618 
164 183 39 593 479 214 0 69 340 263 924 720 823 721 357 518 337 559 682 123 716 801 117 387 234 491 163 317 756 185 717 432 669 582 772 449 177 303 234 769 882 24 276 183 23 819 695 452 191 749 
991 129 503 700 860 619 69 0 474 524 355 157 104 580 440 144 214 347 783 621 384 578 862 519 975 915 924 826 218 207 174 414 521 497 557 422 136 179 270 984 941 887 360 516 79 293 96 418 781 504 
1000 156 893 217 79 431 340 474 0 909 885 862 380 909 131 162 111 991 860 111 114 96 370 960 405 129 994 117 566 859 872 871 145 995 913 776 630 848 523 127 500 476 806 652 571 554 368 122 692 656 
548 164 472 471 59 613 263 524 909 0 768 296 333 1 85 885 499 284 119 331 353 506 607 612 392 881 59 7 390 685 585 184 352 84 39 754 328 140 621 804 211 134 645 653 354 749 854 316 883 803 
626 542 174 326 466 341 924 355 885 768 0 558 31 490 932 612 934 204 708 139 889 462 946 912 26 636 119 489 359 555 146 462 484 744 927 464 310 714 863 233 894 841 698 622 385 818 788 803 119 16 
157 491 95 866 113 526 720 157 862 296 558 0 547 710 811 862 83 334 507 261 840 597 785 342 27 802 373 607 564 659 277 125 35 808 679 844 887 741 290 92 539 399 110 251 642 639 983 619 844 337 
761 137 444 213 679 1000 823 104 380 333 31 547 0 589 634 178 349 987 139 284 143 76 189 810 756 724 315 631 308 762 767 515 171 254 834 931 303 616 351 911 633 748 302 605 921 263 407 749 438 370 
605 705 845 83 637 588 721 580 909 1 490 710 589 0 776 248 32 525 570 431 244 160 303 127 341 604 182 121 9 32 542 359 617 926 864 243 129 838 314 324 945 776 732 272 607 362 288 369 144 864 
484 551 410 985 936 936 357 440 131 85 932 811 634 776 0 894 89 322 192 843 45 836 171 598 988 234 628 893 608 891 374 779 747 762 758 361 969 161 688 844 762 49 209 577 258 218 73 532 171 475 
470 231 793 439 325 602 518 144 162 885 612 862 178 248 894 0 239 525 810 101 336 355 154 537 99 361 490 962 715 542 133 767 66 151 472 883 837 445 862 213 214 912 477 295 84 139 313 907 18 345 
608 575 804 65 333 2 337 214 111 499 934 83 349 32 89 239 0 904 989 201 978 609 899 913 772 5 542 976 636 345 355 905 201 516 516 894 262 174 559 524 710 74 579 228 204 663 403 269 632 647 
131 159 147 105 665 711 559 347 991 284 204 334 987 525 322 525 904 0 561 456 579 270 653 862 357 675 861 400 387 105 933 748 81 394 129 76 179 117 195 556 262 634 997 606 778 102 710 302 821 448 
364 565 346 992 751 262 682 783 860 119 708 507 139 570 192 810 989 561 0 306 785 132 788 172 328 360 574 833 115 280 717 93 889 62 724 42 476 222 543 86 51 652 719 398 842 764 962 562 610 155 
635 656 127 219 148 296 123 621 111 331 139 261 284 431 843 101 201 456 306 0 274 600 638 186 398 858 974 298 12 812 702 783 428 271 130 265 340 260 616 548 813 724 1000 507 502 351 755 629 800 667 
436 218 627 642 605 499 716 384 114 353 889 840 143 244 45 336 978 579 785 274 0 827 53 387 392 941 815 675 595 352 7 109 336 657 506 841 294 104 71 784 860 418 820 41 481 458 522 201 814 884 
918 777 799 215 311 211 801 578 96 506 462 597 76 160 836 355 609 270 132 600 827 0 980 256 829 647 447 31 931 115 203 70 742 136 736 914 913 488 160 542 546 820 235 559 315 782 465 189 475 106 
656 299 486 357 228 995 117 862 370 607 946 785 189 303 171 154 899 653 788 638 53 980 0 691 95 576 953 358 195 693 445 151 301 350 861 542 638 429 554 209 233 546 771 532 747 324 857 91 121 877 
484 948 572 321 124 414 387 519 960 612 912 342 810 127 598 537 913 862 172 186 387 256 691 0 333 228 911 561 169 510 422 908 261 998 67 828 502 756 133 307 225 873 648 270 386 167 976 304 239 699 
178 835 438 158 419 452 234 975 405 392 26 27 756 341 988 99 772 357 328 398 392 829 95 333 0 389 877 110 132 52 657 24 911 839 585 328 402 611 744 656 957 3 531 707 961 838 104 657 278 345 
483 236 596 382 80 317 491 915 129 881 636 802 724 604 234 361 5 675 360 858 941 647 576 228 389 0 252 501 511 464 624 459 407 34 904 272 550 142 744 621 481 653 640 661 654 210 690 911 231 388 
643 195 286 770 353 778 163 924 994 59 119 373 315 182 628 490 542 861 574 974 815 447 953 911 877 252 0 962 122 1 416 577 194 569 824 914 379 391 422 580 415 322 60 435 466 884 437 387 114 882 
411 227 769 472 993 248 317 826 117 7 489 607 631 121 893 962 976 400 833 298 675 31 358 561 110 501 962 0 677 427 380 226 729 264 450 936 923 966 990 188 469 297 629 495 893 85 55 751 661 232 
530 123 72 927 641 59 756 218 566 390 359 564 308 9 608 715 636 387 115 12 595 931 195 169 132 511 122 677 0 825 143 563 313 570 26 295 589 923 845 708 134 173 659 88 109 678 2 689 375 399 
766 583 673 68 460 932 185 207 859 685 555 659 762 32 891 542 345 105 280 812 352 115 693 510 52 464 1 427 825 0 413 411 848 186 499 95 864 958 482 146 268 537 312 811 131 603 300 533 224 461 
271 296 455 144 112 510 717 174 872 585 146 277 767 542 374 133 355 933 717 702 7 203 445 422 657 624 416 380 143 413 0 382 172 588 404 532 985 218 396 571 361 225 332 141 242 614 408 97 209 880 
219 693 346 847 573 814 432 414 871 184 462 125 515 359 779 767 905 748 93 783 109 70 151 908 24 459 577 226 563 411 382 0 755 337 789 678 652 525 645 265 528 490 815 670 174 174 562 692 278 847 
261 207 975 773 678 397 669 521 145 352 484 35 171 617 747 66 201 81 889 428 336 742 301 261 911 407 194 729 313 848 172 755 0 531 237 240 910 534 384 390 369 182 296 152 826 336 630 513 595 289 
92 146 161 542 810 709 582 497 995 84 744 808 254 926 762 151 516 394 62 271 657 136 350 998 839 34 569 264 570 186 588 337 531 0 752 192 855 353 449 443 504 121 837 797 729 376 294 775 463 814 
129 848 723 571 361 183 772 557 913 39 927 679 834 864 758 472 516 129 724 130 506 736 861 67 585 904 824 450 26 499 404 789 237 752 0 544 622 682 145 81 127 98 838 643 826 888 626 826 35 852 
971 964 687 593 869 791 449 422 776 754 464 844 931 243 361 883 894 76 42 265 841 914 542 828 328 272 914 936 295 95 532 678 240 192 544 0 322 896 346 566 883 861 44 410 954 405 626 709 114 934 
479 601 499 172 275 630 177 136 630 328 310 887 303 129 969 837 262 179 476 340 294 913 638 502 402 550 379 923 589 864 985 652 910 855 622 322 0 813 728 467 333 788 516 254 858 837 855 205 866 484 
231 508 714 504 100 180 303 179 848 140 714 741 616 838 161 445 174 117 222 260 104 488 429 756 611 142 391 966 923 958 218 525 534 353 682 896 813 0 367 385 831 254 296 75 735 282 232 125 479 715 
709 395 289 355 816 603 234 270 523 621 863 290 351 314 688 862 559 195 543 616 71 160 554 133 744 744 422 990 845 482 396 645 384 449 145 346 728 367 0 580 265 418 73 128 900 142 709 418 472 551 
308 210 741 288 748 804 769 984 127 804 233 92 911 324 844 213 524 556 86 548 784 542 209 307 656 621 580 188 708 146 571 265 390 443 81 566 467 385 580 0 133 788 388 725 719 128 431 327 840 646 
220 922 493 289 825 986 882 941 500 211 894 539 633 945 762 214 710 262 51 813 860 546 233 225 957 481 415 469 134 268 361 528 369 504 127 883 333 831 265 133 0 418 745 865 260 25 636 932 599 866 
651 264 621 81 193 499 24 887 476 134 841 399 748 776 49 912 74 634 652 724 418 820 546 873 3 653 322 297 173 537 225 490 182 121 98 861 788 254 418 788 418 0 568 910 227 139 675 852 627 385 
436 452 197 418 22 201 276 360 806 645 698 110 302 732 209 477 579 997 719 1000 820 235 771 648 531 640 60 629 659 312 332 815 296 837 838 44 516 296 73 388 745 568 0 189 889 63 891 598 780 922 
288 628 501 642 202 981 183 516 652 653 622 251 605 272 577 295 228 606 398 507 41 559 532 270 707 661 435 495 88 811 141 670 152 797 643 410 254 75 128 725 865 910 189 0 483 130 455 505 252 547 
211 297 200 805 676 856 23 79 571 354 385 642 921 607 258 84 204 778 842 502 481 315 747 386 961 654 466 893 109 131 242 174 826 729 826 954 858 735 900 719 260 227 889 483 0 10 432 174 226 869 
837 231 599 290 970 596 819 293 554 749 818 639 263 362 218 139 663 102 764 351 458 782 324 167 838 210 884 85 678 603 614 174 336 376 888 405 837 282 142 128 25 139 63 130 10 0 394 49 259 76 
685 895 317 826 959 320 695 96 368 854 788 983 407 288 73 313 403 710 962 755 522 465 857 976 104 690 437 55 2 300 408 562 630 294 626 626 855 232 709 431 636 675 891 455 432 394 0 209 115 492 
648 830 956 526 384 646 452 418 122 316 803 619 749 369 532 907 269 302 562 629 201 189 91 304 657 911 387 751 689 533 97 692 513 775 826 709 205 125 418 327 932 852 598 505 174 49 209 0 803 463 
385 911 809 535 527 359 191 781 692 883 119 844 438 144 171 18 632 821 610 800 814 475 121 239 278 231 114 661 375 224 209 278 595 463 35 114 866 479 472 840 599 627 780 252 226 259 115 803 0 138 
871 457 622 244 602 618 749 504 656 803 16 337 370 864 475 345 647 448 155 667 884 106 877 699 345 388 882 232 399 461 880 847 289 814 852 934 484 715 551 646 866 385 922 547 869 76 492 463 138 0 
