8 4
0 910 804 8 349 683 316 804 
910 0 397 493 958 590 868 986 
804 397 0 420 748 566 252 249 
8 493 420 0 892 694 165 297 
349 958 748 892 0 517 341 540 
683 590 566 694 517 0 207 543 
316 868 252 165 341 207 0 575 
804 986 249 297 540 543 575 0 
0 937 307 63 84 724 694 617 
937 0 698 482 380 588 412 488 
307 698 0 248 768 675 130 441 
63 482 248 0 230 971 377 280 
84 380 768 230 0 185 477 351 
724 588 675 971 185 0 384 737 
694 412 130 377 477 384 0 401 
617 488 441 280 351 737 401 0 
0 120 846 852 942 375 478 416 
120 0 92 559 412 378 497 451 
846 92 0 815 412 357 790 444 
852 559 815 0 959 128 535 661 
942 412 412 959 0 655 608 581 
375 378 357 128 655 0 724 353 
478 497 790 535 608 724 0 614 
416 451 444 661 581 353 614 0 
0 110 576 885 859 290 303 388 
110 0 523 300 641 448 648 470 
576 523 0 750 273 227 881 503 
885 300 750 0 780 77 704 793 
859 641 273 780 0 759 576 537 
290 448 227 77 759 0 512 77 
303 648 881 704 576 512 0 556 
388 470 503 793 537 77 556 0 
0 26 657 808 962 269 543 593 
26 0 180 472 593 314 546 353 
657 180 0 756 82 303 908 504 
808 472 756 0 870 21 554 840 
962 593 82 870 0 785 283 495 
269 314 303 21 785 0 700 250 
543 546 908 554 283 700 0 569 
593 353 504 840 495 250 569 0 
