5 4
0 771 544 977 248 
771 0 574 244 593 
544 574 0 691 433 
977 244 691 0 73 
248 593 433 73 0 
0 166 67 896 709 
166 0 536 272 903 
67 536 0 229 860 
896 272 229 0 856 
709 903 860 856 0 
0 906 854 7 239 
906 0 387 564 331 
854 387 0 802 107 
7 564 802 0 246 
239 331 107 246 0 
0 977 808 176 121 
977 0 525 693 74 
808 525 0 822 101 
176 693 822 0 59 
121 74 101 59 0 
0 720 822 54 338 
720 0 639 917 44 
822 639 0 952 40 
54 917 952 0 153 
338 44 40 153 0 
