20 3
0 463 694 517 533 200 699 288 952 722 662 554 320 536 599 891 610 314 855 201 
463 0 517 805 903 372 641 912 759 278 805 51 862 23 963 167 173 618 983 816 
694 517 0 75 195 313 126 860 876 147 864 99 910 620 792 915 338 473 999 137 
517 805 75 0 917 871 327 333 635 952 396 79 691 651 890 31 846 389 843 601 
533 903 195 917 0 963 814 551 715 19 590 421 824 967 441 446 545 990 624 248 
200 372 313 871 963 0 282 188 781 32 90 719 456 306 613 975 458 654 117 282 
699 641 126 327 814 282 0 10 156 247 989 815 387 23 223 870 183 306 303 151 
288 912 860 333 551 188 10 0 125 96 229 654 132 474 78 364 824 174 839 880 
952 759 876 635 715 781 156 125 0 668 124 900 295 149 624 737 644 960 521 660 
722 278 147 952 19 32 247 96 668 0 835 712 207 51 947 407 487 722 92 363 
662 805 864 396 590 90 989 229 124 835 0 586 898 400 379 328 269 264 235 764 
554 51 99 79 421 719 815 654 900 712 586 0 189 349 23 213 633 550 695 658 
320 862 910 691 824 456 387 132 295 207 898 189 0 890 937 810 878 635 813 277 
536 23 620 651 967 306 23 474 149 51 400 349 890 0 45 30 545 637 622 61 
599 963 792 890 441 613 223 78 624 947 379 23 937 45 0 789 474 680 527 247 
891 167 915 31 446 975 870 364 737 407 328 213 810 30 789 0 3 488 18 676 
610 173 338 846 545 458 183 824 644 487 269 633 878 545 474 3 0 212 941 670 
314 618 473 389 990 654 306 174 960 722 264 550 635 637 680 488 212 0 281 908 
855 983 999 843 624 117 303 839 521 92 235 695 813 622 527 18 941 281 0 488 
201 816 137 601 248 282 151 880 660 363 764 658 277 61 247 676 670 908 488 0 
0 984 387 728 64 332 302 556 796 707 390 221 881 232 616 325 893 591 522 299 
984 0 86 341 649 642 98 726 419 961 912 820 137 92 863 578 518 910 925 999 
387 86 0 164 132 371 935 683 284 216 113 935 505 217 818 512 207 390 118 350 
728 341 164 0 389 368 421 713 588 57 540 309 268 11 186 142 551 189 167 47 
64 649 132 389 0 189 41 797 355 771 289 712 974 72 449 521 898 785 183 635 
332 642 371 368 189 0 443 737 639 674 946 370 786 593 387 426 220 252 825 114 
302 98 935 421 41 443 0 395 122 754 860 144 651 392 907 370 566 781 479 400 
556 726 683 713 797 737 395 0 540 117 397 322 962 890 44 522 907 729 268 920 
796 419 284 588 355 639 122 540 0 880 545 801 181 874 983 948 422 677 215 593 
707 961 216 57 771 674 754 117 880 0 666 322 958 573 244 563 583 111 409 467 
390 912 113 540 289 946 860 397 545 666 0 274 553 423 974 310 548 529 701 817 
221 820 935 309 712 370 144 322 801 322 274 0 635 715 188 827 556 615 442 708 
881 137 505 268 974 786 651 962 181 958 553 635 0 210 174 820 388 960 807 52 
232 92 217 11 72 593 392 890 874 573 423 715 210 0 487 658 181 364 412 810 
616 863 818 186 449 387 907 44 983 244 974 188 174 487 0 962 217 283 60 378 
325 578 512 142 521 426 370 522 948 563 310 827 820 658 962 0 5 860 817 917 
893 518 207 551 898 220 566 907 422 583 548 556 388 181 217 5 0 931 590 923 
591 910 390 189 785 252 781 729 677 111 529 615 960 364 283 860 931 0 978 634 
522 925 118 167 183 825 479 268 215 409 701 442 807 412 60 817 590 978 0 494 
299 999 350 47 635 114 400 920 593 467 817 708 52 810 378 917 923 634 494 0 
0 869 333 985 136 153 718 751 359 666 152 495 464 426 726 812 843 813 670 300 
869 0 412 85 857 911 489 323 410 726 974 670 158 649 840 895 787 872 966 659 
333 412 0 226 48 335 301 849 55 78 389 857 687 215 928 454 292 234 122 423 
985 85 226 0 477 177 684 891 313 27 766 824 380 52 180 365 813 57 510 105 
136 857 48 477 0 94 290 817 383 769 637 710 701 377 193 855 928 860 591 59 
153 911 335 177 94 0 432 955 892 432 788 310 599 176 369 151 486 694 965 587 
718 489 301 684 290 432 0 222 227 721 946 104 863 269 573 891 867 701 433 960 
751 323 849 891 817 955 222 0 883 464 343 510 173 946 599 67 960 828 695 420 
359 410 55 313 383 892 227 883 0 903 440 733 696 878 557 833 637 996 11 841 
666 726 78 27 769 432 721 464 903 0 937 503 723 427 222 253 380 175 400 381 
152 974 389 766 637 788 946 343 440 937 0 501 368 785 920 108 119 911 457 194 
495 670 857 824 710 310 104 510 733 503 501 0 929 434 414 770 561 349 883 831 
464 158 687 380 701 599 863 173 696 723 368 929 0 728 220 811 898 972 877 262 
426 649 215 52 377 176 269 946 878 427 785 434 728 0 338 553 214 567 752 464 
726 840 928 180 193 369 573 599 557 222 920 414 220 338 0 608 113 872 452 372 
812 895 454 365 855 151 891 67 833 253 108 770 811 553 608 0 376 654 566 426 
843 787 292 813 928 486 867 960 637 380 119 561 898 214 113 376 0 872 541 430 
813 872 234 57 860 694 701 828 996 175 911 349 972 567 872 654 872 0 873 893 
670 966 122 510 591 965 433 695 11 400 457 883 877 752 452 566 541 873 0 488 
300 659 423 105 59 587 960 420 841 381 194 831 262 464 372 426 430 893 488 0 
0 286 401 356 305 522 40 681 667 806 602 332 916 503 205 200 862 450 522 166 
286 0 223 327 437 432 165 208 640 217 552 648 657 449 702 662 644 143 796 759 
401 223 0 42 136 925 982 420 113 524 365 674 482 583 617 767 557 773 66 354 
356 327 42 0 401 530 575 969 700 41 531 497 36 127 849 463 774 243 400 463 
305 437 136 401 0 261 223 506 95 746 223 385 610 628 351 470 792 589 92 912 
522 432 925 530 261 0 267 841 77 342 682 254 902 129 646 722 350 586 467 355 
40 165 982 575 223 267 0 751 360 609 917 847 254 940 975 510 496 239 49 79 
681 208 420 969 506 841 751 0 769 586 861 74 881 803 874 774 637 309 853 807 
667 640 113 700 95 77 360 769 0 795 640 586 181 271 879 539 739 342 357 189 
806 217 524 41 746 342 609 586 795 0 596 437 642 444 245 953 957 167 180 831 
602 552 365 531 223 682 917 861 640 596 0 586 450 259 859 174 169 781 714 582 
332 648 674 497 385 254 847 74 586 437 586 0 898 796 463 489 526 307 437 486 
916 657 482 36 610 902 254 881 181 642 450 898 0 112 71 681 77 779 423 19 
503 449 583 127 628 129 940 803 271 444 259 796 112 0 543 833 207 542 341 556 
205 702 617 849 351 646 975 874 879 245 859 463 71 543 0 770 258 18 366 99 
200 662 767 463 470 722 510 774 539 953 174 489 681 833 770 0 418 523 546 841 
862 644 557 774 792 350 496 637 739 957 169 526 77 207 258 418 0 774 546 934 
450 143 773 243 589 586 239 309 342 167 781 307 779 542 18 523 774 0 697 543 
522 796 66 400 92 467 49 853 357 180 714 437 423 341 366 546 546 697 0 171 
166 759 354 463 912 355 79 807 189 831 582 486 19 556 99 841 934 543 171 0 
