60 4
0 75 814 247 295 328 813 605 698 49 232 785 193 86 169 856 986 135 588 869 164 29 52 548 80 367 990 383 247 833 895 883 367 216 346 659 409 244 973 109 586 95 657 541 77 332 572 423 1 202 245 385 470 736 451 611 548 631 32 971 
75 0 282 96 207 213 622 385 266 872 408 895 234 193 612 811 226 707 607 389 454 155 70 77 136 629 316 420 896 354 27 59 597 230 849 342 541 917 555 830 429 915 482 696 908 291 971 904 692 870 915 977 469 174 409 996 415 640 781 349 
814 282 0 668 898 810 527 5 81 866 774 509 482 412 753 659 470 834 325 257 622 979 31 914 165 814 274 70 85 372 854 782 323 78 724 262 642 653 864 938 108 452 452 157 111 168 163 785 759 546 974 299 426 908 131 557 119 139 307 343 
247 96 668 0 189 30 18 626 428 277 60 60 498 577 261 39 125 221 813 251 20 585 40 804 509 692 407 713 126 190 313 769 981 804 66 780 940 861 232 879 422 719 268 201 514 186 377 418 352 975 952 857 808 827 235 209 359 993 414 238 
295 207 898 189 0 789 941 93 594 364 718 408 442 82 40 478 42 648 345 869 210 147 523 676 935 660 795 655 279 129 734 507 115 432 8 179 63 99 483 497 927 438 696 181 570 232 517 770 925 102 920 976 151 972 721 551 12 828 865 307 
328 213 810 30 789 0 281 930 995 566 472 321 520 930 668 380 51 409 332 723 7 244 152 128 676 723 911 891 723 138 324 910 266 927 234 545 459 545 516 41 710 753 380 420 815 629 750 259 390 842 583 129 107 770 396 523 169 497 701 519 
813 622 527 18 941 281 0 30 36 907 676 35 102 756 11 626 55 889 906 864 602 58 962 577 301 240 20 464 471 191 700 900 767 333 851 176 79 920 117 712 656 203 371 958 89 934 824 440 113 351 821 503 772 974 930 813 467 313 224 960 
605 385 5 626 93 930 30 0 211 664 882 166 701 223 497 589 102 895 478 165 924 285 818 376 47 279 452 340 878 639 792 610 959 416 440 312 197 440 434 364 5 980 796 641 226 288 469 715 122 151 109 352 722 288 584 499 556 389 200 664 
698 266 81 428 594 995 36 211 0 458 730 429 51 701 164 122 718 641 318 827 31 896 551 120 531 837 947 969 784 525 355 357 445 865 396 376 101 848 60 710 470 574 36 92 817 628 367 308 266 387 561 204 145 489 929 545 332 630 239 972 
49 872 866 277 364 566 907 664 458 0 718 734 239 214 134 152 594 930 652 333 771 515 258 404 982 43 503 113 588 161 979 981 842 524 755 996 919 407 436 529 67 161 722 133 852 981 975 349 474 577 859 335 370 382 911 774 561 807 28 980 
232 408 774 60 718 472 676 882 730 718 0 166 690 440 40 360 483 174 299 132 4 279 919 295 749 612 219 797 432 829 383 398 928 332 637 424 133 640 755 454 756 727 974 661 600 426 685 937 989 369 440 237 976 820 624 365 129 983 729 780 
785 895 509 60 408 321 35 166 429 734 166 0 328 135 677 953 221 500 307 579 517 302 934 93 421 847 158 566 768 295 125 492 853 57 522 574 161 417 615 385 124 512 430 739 954 149 746 434 889 624 188 487 651 336 115 898 781 196 274 216 
193 234 482 498 442 520 102 701 51 239 690 328 0 232 625 431 815 446 623 732 752 332 343 700 145 292 731 817 457 446 812 552 455 843 512 579 552 666 890 536 364 351 117 248 188 186 391 354 26 511 239 468 824 438 582 921 851 853 35 996 
86 193 412 577 82 930 756 223 701 214 440 135 232 0 594 787 53 710 897 315 290 540 698 377 684 371 807 18 799 923 95 432 156 27 657 60 492 815 724 370 840 258 996 638 988 503 799 453 213 646 414 441 203 631 543 55 895 560 595 779 
169 612 753 261 40 668 11 497 164 134 40 677 625 594 0 195 485 752 933 497 980 153 880 871 387 974 79 403 893 421 162 944 710 234 921 691 113 937 832 42 668 923 362 35 891 118 270 139 384 383 71 42 972 266 821 331 526 444 251 666 
856 811 659 39 478 380 626 589 122 152 360 953 431 787 195 0 360 491 553 413 536 688 926 191 367 611 850 86 919 534 639 624 269 30 126 249 724 576 537 310 352 231 896 536 432 92 913 578 228 907 213 869 984 346 627 36 128 723 543 364 
986 226 470 125 42 51 55 102 718 594 483 221 815 53 485 360 0 756 64 249 185 98 100 470 575 635 134 592 937 461 434 890 135 41 242 121 832 587 596 431 746 896 701 147 393 744 983 796 821 394 463 17 747 811 298 850 388 591 68 143 
135 707 834 221 648 409 889 895 641 930 174 500 446 710 752 491 756 0 985 216 829 522 926 466 760 263 770 556 914 310 147 847 726 776 792 566 454 596 183 871 9 269 747 958 339 649 616 495 854 67 660 133 898 266 740 928 115 263 730 567 
588 607 325 813 345 332 906 478 318 652 299 307 623 897 933 553 64 985 0 780 736 80 222 457 41 657 79 947 503 131 615 357 354 771 774 146 547 955 182 634 571 240 189 723 456 226 628 210 415 738 174 83 470 464 151 508 898 813 828 787 
869 389 257 251 869 723 864 165 827 333 132 579 732 315 497 413 249 216 780 0 78 642 694 484 581 749 243 506 737 577 892 811 665 51 214 386 741 437 664 928 930 881 237 290 488 119 139 163 692 274 456 848 891 681 132 409 356 617 896 356 
164 454 622 20 210 7 602 924 31 771 4 517 752 290 980 536 185 829 736 78 0 598 458 297 290 208 497 29 763 73 544 979 730 769 793 162 389 733 255 254 659 883 855 983 199 449 593 728 616 612 220 905 148 281 822 792 7 839 168 4 
29 155 979 585 147 244 58 285 896 515 279 302 332 540 153 688 98 522 80 642 598 0 19 434 122 252 305 737 416 12 510 945 434 323 181 778 88 920 808 661 147 117 413 75 129 97 415 1 236 630 133 166 838 658 486 747 77 450 309 722 
52 70 31 40 523 152 962 818 551 258 919 934 343 698 880 926 100 926 222 694 458 19 0 199 267 824 280 338 219 994 131 477 773 899 388 227 471 467 165 144 437 480 614 290 95 217 176 82 726 937 890 325 510 241 332 220 522 467 428 808 
548 77 914 804 676 128 577 376 120 404 295 93 700 377 871 191 470 466 457 484 297 434 199 0 398 825 511 17 400 358 656 539 695 746 40 8 365 320 11 919 427 702 610 642 415 815 158 112 642 573 936 876 676 844 443 529 181 910 677 795 
80 136 165 509 935 676 301 47 531 982 749 421 145 684 387 367 575 760 41 581 290 122 267 398 0 749 828 889 294 153 825 217 428 408 964 352 556 478 479 104 431 916 108 82 680 215 169 819 726 386 998 812 522 966 93 486 495 455 410 738 
367 629 814 692 660 723 240 279 837 43 612 847 292 371 974 611 635 263 657 749 208 252 824 825 749 0 415 955 298 212 901 944 288 674 127 92 540 74 465 273 814 147 786 553 220 825 245 130 205 293 71 271 858 58 228 270 681 872 996 839 
990 316 274 407 795 911 20 452 947 503 219 158 731 807 79 850 134 770 79 243 497 305 280 511 828 415 0 790 512 543 215 661 519 791 587 630 132 784 923 697 990 576 430 406 104 354 681 43 431 975 343 991 67 997 933 872 790 46 38 542 
383 420 70 713 655 891 464 340 969 113 797 566 817 18 403 86 592 556 947 506 29 737 338 17 889 955 790 0 924 641 573 348 325 432 689 989 766 414 755 847 823 464 378 368 5 969 129 123 863 253 487 200 230 553 659 910 214 930 958 361 
247 896 85 126 279 723 471 878 784 588 432 768 457 799 893 919 937 914 503 737 763 416 219 400 294 298 512 924 0 559 983 566 789 292 558 414 693 556 340 158 964 100 855 193 655 856 446 134 489 44 491 143 982 621 893 535 408 143 33 283 
833 354 372 190 129 138 191 639 525 161 829 295 446 923 421 534 461 310 131 577 73 12 994 358 153 212 543 641 559 0 872 856 672 921 345 500 819 841 896 322 581 225 599 678 496 583 392 411 507 337 338 578 719 770 390 350 932 62 537 978 
895 27 854 313 734 324 700 792 355 979 383 125 812 95 162 639 434 147 615 892 544 510 131 656 825 901 215 573 983 872 0 934 304 29 647 102 531 341 797 504 815 45 873 450 626 52 898 497 759 599 5 103 969 833 843 91 207 390 342 872 
883 59 782 769 507 910 900 610 357 981 398 492 552 432 944 624 890 847 357 811 979 945 477 539 217 944 661 348 566 856 934 0 61 317 90 955 38 432 30 510 272 528 727 775 300 11 269 805 840 223 743 895 774 611 40 566 281 74 553 250 
367 597 323 981 115 266 767 959 445 842 928 853 455 156 710 269 135 726 354 665 730 434 773 695 428 288 519 325 789 672 304 61 0 342 838 411 289 437 940 680 992 682 36 635 583 886 636 187 830 417 543 107 537 962 929 87 217 234 111 377 
216 230 78 804 432 927 333 416 865 524 332 57 843 27 234 30 41 776 771 51 769 323 899 746 408 674 791 432 292 921 29 317 342 0 167 295 286 622 239 39 316 998 259 685 952 592 381 953 354 683 536 608 948 472 353 867 121 277 896 18 
346 849 724 66 8 234 851 440 396 755 637 522 512 657 921 126 242 792 774 214 793 181 388 40 964 127 587 689 558 345 647 90 838 167 0 446 637 498 585 859 651 120 21 370 844 719 940 814 702 553 789 662 871 416 756 641 113 853 803 384 
659 342 262 780 179 545 176 312 376 996 424 574 579 60 691 249 121 566 146 386 162 778 227 8 352 92 630 989 414 500 102 955 411 295 446 0 537 893 221 703 763 947 899 884 266 952 70 514 524 874 695 737 833 761 402 763 28 773 425 860 
409 541 642 940 63 459 79 197 101 919 133 161 552 492 113 724 832 454 547 741 389 88 471 365 556 540 132 766 693 819 531 38 289 286 637 537 0 190 660 74 766 56 902 929 67 208 890 301 818 62 639 512 915 509 480 496 432 80 757 900 
244 917 653 861 99 545 920 440 848 407 640 417 666 815 937 576 587 596 955 437 733 920 467 320 478 74 784 414 556 841 341 432 437 622 498 893 190 0 495 365 563 273 839 74 682 897 544 191 992 983 1000 296 389 844 360 766 258 189 533 654 
973 555 864 232 483 516 117 434 60 436 755 615 890 724 832 537 596 183 182 664 255 808 165 11 479 465 923 755 340 896 797 30 940 239 585 221 660 495 0 801 691 18 651 409 986 712 428 805 928 227 453 454 539 608 661 907 323 381 372 506 
109 830 938 879 497 41 712 364 710 529 454 385 536 370 42 310 431 871 634 928 254 661 144 919 104 273 697 847 158 322 504 510 680 39 859 703 74 365 801 0 579 855 91 898 162 846 577 519 561 434 672 23 101 346 862 271 5 951 790 134 
586 429 108 422 927 710 656 5 470 67 756 124 364 840 668 352 746 9 571 930 659 147 437 427 431 814 990 823 964 581 815 272 992 316 651 763 766 563 691 579 0 27 974 404 878 500 946 855 335 908 880 760 563 703 325 960 142 385 175 42 
95 915 452 719 438 753 203 980 574 161 727 512 351 258 923 231 896 269 240 881 883 117 480 702 916 147 576 464 100 225 45 528 682 998 120 947 56 273 18 855 27 0 881 58 932 756 523 698 497 557 349 236 44 406 518 209 376 57 685 531 
657 482 452 268 696 380 371 796 36 722 974 430 117 996 362 896 701 747 189 237 855 413 614 610 108 786 430 378 855 599 873 727 36 259 21 899 902 839 651 91 974 881 0 399 593 610 171 986 1000 83 582 818 950 800 152 194 7 45 41 523 
541 696 157 201 181 420 958 641 92 133 661 739 248 638 35 536 147 958 723 290 983 75 290 642 82 553 406 368 193 678 450 775 635 685 370 884 929 74 409 898 404 58 399 0 620 856 803 198 617 279 64 767 612 770 787 637 990 275 470 484 
77 908 111 514 570 815 89 226 817 852 600 954 188 988 891 432 393 339 456 488 199 129 95 415 680 220 104 5 655 496 626 300 583 952 844 266 67 682 986 162 878 932 593 620 0 338 698 920 39 78 660 760 125 652 23 342 628 243 650 931 
332 291 168 186 232 629 934 288 628 981 426 149 186 503 118 92 744 649 226 119 449 97 217 815 215 825 354 969 856 583 52 11 886 592 719 952 208 897 712 846 500 756 610 856 338 0 874 867 186 301 720 142 935 496 654 422 800 403 559 385 
572 971 163 377 517 750 824 469 367 975 685 746 391 799 270 913 983 616 628 139 593 415 176 158 169 245 681 129 446 392 898 269 636 381 940 70 890 544 428 577 946 523 171 803 698 874 0 881 647 879 624 301 913 334 644 171 731 785 853 872 
423 904 785 418 770 259 440 715 308 349 937 434 354 453 139 578 796 495 210 163 728 1 82 112 819 130 43 123 134 411 497 805 187 953 814 514 301 191 805 519 855 698 986 198 920 867 881 0 830 361 309 922 801 129 462 637 961 334 167 260 
1 692 759 352 925 390 113 122 266 474 989 889 26 213 384 228 821 854 415 692 616 236 726 642 726 205 431 863 489 507 759 840 830 354 702 524 818 992 928 561 335 497 1000 617 39 186 647 830 0 244 965 271 253 166 207 143 418 860 811 512 
202 870 546 975 102 842 351 151 387 577 369 624 511 646 383 907 394 67 738 274 612 630 937 573 386 293 975 253 44 337 599 223 417 683 553 874 62 983 227 434 908 557 83 279 78 301 879 361 244 0 90 365 89 144 691 411 2 517 529 40 
245 915 974 952 920 583 821 109 561 859 440 188 239 414 71 213 463 660 174 456 220 133 890 936 998 71 343 487 491 338 5 743 543 536 789 695 639 1000 453 672 880 349 582 64 660 720 624 309 965 90 0 785 961 686 292 739 526 41 188 120 
385 977 299 857 976 129 503 352 204 335 237 487 468 441 42 869 17 133 83 848 905 166 325 876 812 271 991 200 143 578 103 895 107 608 662 737 512 296 454 23 760 236 818 767 760 142 301 922 271 365 785 0 953 98 604 431 942 589 911 73 
470 469 426 808 151 107 772 722 145 370 976 651 824 203 972 984 747 898 470 891 148 838 510 676 522 858 67 230 982 719 969 774 537 948 871 833 915 389 539 101 563 44 950 612 125 935 913 801 253 89 961 953 0 363 11 583 20 792 326 965 
736 174 908 827 972 770 974 288 489 382 820 336 438 631 266 346 811 266 464 681 281 658 241 844 966 58 997 553 621 770 833 611 962 472 416 761 509 844 608 346 703 406 800 770 652 496 334 129 166 144 686 98 363 0 761 742 370 252 564 774 
451 409 131 235 721 396 930 584 929 911 624 115 582 543 821 627 298 740 151 132 822 486 332 443 93 228 933 659 893 390 843 40 929 353 756 402 480 360 661 862 325 518 152 787 23 654 644 462 207 691 292 604 11 761 0 380 439 190 781 638 
611 996 557 209 551 523 813 499 545 774 365 898 921 55 331 36 850 928 508 409 792 747 220 529 486 270 872 910 535 350 91 566 87 867 641 763 496 766 907 271 960 209 194 637 342 422 171 637 143 411 739 431 583 742 380 0 367 694 271 47 
548 415 119 359 12 169 467 556 332 561 129 781 851 895 526 128 388 115 898 356 7 77 522 181 495 681 790 214 408 932 207 281 217 121 113 28 432 258 323 5 142 376 7 990 628 800 731 961 418 2 526 942 20 370 439 367 0 377 615 640 
631 640 139 993 828 497 313 389 630 807 983 196 853 560 444 723 591 263 813 617 839 450 467 910 455 872 46 930 143 62 390 74 234 277 853 773 80 189 381 951 385 57 45 275 243 403 785 334 860 517 41 589 792 252 190 694 377 0 333 256 
32 781 307 414 865 701 224 200 239 28 729 274 35 595 251 543 68 730 828 896 168 309 428 677 410 996 38 958 33 537 342 553 111 896 803 425 757 533 372 790 175 685 41 470 650 559 853 167 811 529 188 911 326 564 781 271 615 333 0 911 
971 349 343 238 307 519 960 664 972 980 780 216 996 779 666 364 143 567 787 356 4 722 808 795 738 839 542 361 283 978 872 250 377 18 384 860 900 654 506 134 42 531 523 484 931 385 872 260 512 40 120 73 965 774 638 47 640 256 911 0 
0 41 91 82 20 802 561 952 479 98 496 89 595 810 859 811 600 521 727 559 241 894 595 833 293 800 198 721 40 340 546 864 562 484 591 368 647 300 845 308 181 74 354 31 131 808 611 47 909 457 542 102 424 252 266 222 210 891 58 199 
41 0 24 676 245 824 843 977 35 418 733 367 255 331 650 642 1 417 383 12 484 201 679 554 382 202 588 922 500 467 742 869 827 965 861 614 315 806 885 747 185 37 455 387 954 529 895 853 397 835 404 64 424 30 334 524 773 743 38 20 
91 24 0 532 238 380 154 478 56 313 414 918 135 848 796 999 714 632 979 361 465 376 265 315 441 502 580 21 396 907 608 99 217 9 533 905 831 352 115 263 667 813 989 865 722 447 568 416 616 650 119 510 745 899 980 989 874 827 835 474 
82 676 532 0 417 429 131 578 855 128 895 351 940 890 534 549 44 358 552 469 631 633 2 294 61 409 15 603 389 707 741 562 598 596 272 10 105 702 269 822 879 431 615 643 807 458 100 615 905 123 882 348 671 174 164 197 967 595 909 496 
20 245 238 417 0 390 721 698 213 972 749 698 261 370 194 825 750 154 946 395 88 798 605 50 627 326 392 570 569 367 765 421 700 648 762 177 514 133 854 759 608 782 851 381 991 425 789 204 60 417 940 237 321 35 661 712 151 4 159 468 
802 824 380 429 390 0 473 878 21 264 9 444 459 970 200 363 292 591 18 120 866 827 406 692 489 393 979 880 745 668 806 197 446 842 41 860 340 503 85 111 646 516 105 983 823 19 781 254 790 750 208 153 714 97 354 259 758 857 604 231 
561 843 154 131 721 473 0 728 353 753 252 698 762 823 804 216 658 158 580 195 999 659 624 702 382 629 707 394 550 467 511 744 597 438 528 629 592 833 271 406 892 807 909 70 365 315 211 913 25 236 645 736 16 139 631 230 88 777 509 941 
952 977 478 578 698 878 728 0 662 718 110 537 543 724 740 191 250 262 140 49 219 642 683 821 102 668 247 497 743 358 302 204 266 230 766 302 2 335 918 518 672 638 176 451 380 13 575 894 695 755 146 696 116 232 56 929 1000 315 234 806 
479 35 56 855 213 21 353 662 0 193 60 594 72 18 941 761 324 527 275 487 763 824 184 439 435 69 733 333 320 172 644 396 368 112 123 610 85 489 34 905 95 821 217 221 938 345 721 606 309 656 900 478 981 977 264 150 662 320 944 309 
98 418 313 128 972 264 753 718 193 0 55 699 256 419 989 377 238 92 649 277 185 887 985 801 176 450 979 415 665 724 762 320 655 246 482 872 651 83 264 321 769 269 504 862 750 6 523 978 807 948 495 210 814 103 822 399 837 208 200 996 
496 733 414 895 749 9 252 110 60 55 0 649 490 503 237 718 871 350 749 757 693 989 66 848 556 215 245 905 12 833 318 838 923 439 797 736 659 384 227 943 625 25 224 674 572 392 458 373 763 183 85 81 544 130 642 13 731 199 233 1 
89 367 918 351 698 444 698 537 594 699 649 0 221 472 872 621 541 879 36 164 711 57 398 387 977 893 240 744 680 679 689 472 629 994 904 93 598 6 757 679 148 500 24 586 282 405 128 59 957 237 665 702 143 648 723 491 865 885 841 565 
595 255 135 940 261 459 762 543 72 256 490 221 0 409 459 567 951 536 953 477 84 418 292 862 956 826 511 481 555 886 722 913 212 505 393 985 624 511 799 472 782 229 146 560 40 927 497 52 235 108 482 470 23 740 373 421 201 467 13 675 
810 331 848 890 370 970 823 724 18 419 503 472 409 0 834 542 669 591 695 657 854 815 803 741 715 893 603 230 784 727 649 247 756 925 949 797 249 76 480 55 976 566 852 921 560 850 958 718 613 154 699 489 55 614 583 791 187 237 350 719 
859 650 796 534 194 200 804 740 941 989 237 872 459 834 0 781 450 661 115 717 157 107 513 967 530 405 864 934 470 57 199 50 951 772 38 106 546 428 980 189 890 902 865 193 619 879 45 642 892 404 28 82 840 310 952 308 635 773 84 100 
811 642 999 549 825 363 216 191 761 377 718 621 567 542 781 0 568 113 340 999 955 976 876 42 372 489 498 954 326 694 578 410 898 477 517 483 185 1 500 9 369 388 632 837 644 940 167 618 190 507 394 810 898 367 470 596 905 842 954 642 
600 1 714 44 750 292 658 250 324 238 871 541 951 669 450 568 0 366 319 991 824 561 403 46 713 590 612 149 456 116 489 397 23 841 984 527 597 581 36 100 106 596 714 192 545 413 892 278 91 405 211 896 759 791 524 185 402 513 503 397 
521 417 632 358 154 591 158 262 527 92 350 879 536 591 661 113 366 0 609 770 960 97 713 438 897 889 557 484 325 121 721 882 562 286 521 299 483 943 561 635 633 642 446 933 505 132 444 544 242 175 778 327 278 973 986 24 229 475 150 386 
727 383 979 552 946 18 580 140 275 649 749 36 953 695 115 340 319 609 0 762 107 122 789 798 793 290 278 655 693 228 547 494 371 387 70 725 961 582 458 551 640 605 616 235 430 905 418 500 244 888 583 808 326 900 526 505 720 85 894 442 
559 12 361 469 395 120 195 49 487 277 757 164 477 657 717 999 991 770 762 0 15 843 301 148 338 811 636 454 305 559 600 369 685 341 918 198 202 993 901 836 767 667 948 555 965 528 619 419 765 838 515 980 880 456 339 39 145 353 167 111 
241 484 465 631 88 866 999 219 763 185 693 711 84 854 157 955 824 960 107 15 0 970 198 805 727 416 569 204 405 808 598 426 28 693 709 793 762 507 442 258 520 772 650 395 182 102 609 657 102 855 623 753 205 953 132 465 15 5 431 961 
894 201 376 633 798 827 659 642 824 887 989 57 418 815 107 976 561 97 122 843 970 0 892 411 266 641 322 512 903 690 858 823 946 117 149 922 264 495 820 878 901 779 287 251 200 993 179 681 493 490 680 587 952 473 85 585 398 619 717 692 
595 679 265 2 605 406 624 683 184 985 66 398 292 803 513 876 403 713 789 301 198 892 0 166 867 109 90 522 562 78 525 34 164 106 379 78 817 206 628 842 876 717 223 984 365 165 607 450 445 774 296 617 46 651 614 167 649 179 469 608 
833 554 315 294 50 692 702 821 439 801 848 387 862 741 967 42 46 438 798 148 805 411 166 0 516 922 254 848 694 422 858 813 777 483 272 67 610 207 155 230 172 541 87 230 78 657 190 563 489 131 984 15 184 671 914 772 598 150 90 435 
293 382 441 61 627 489 382 102 435 176 556 977 956 715 530 372 713 897 793 338 727 266 867 516 0 94 81 71 13 887 742 496 961 131 90 302 950 896 173 454 905 924 377 814 320 646 555 139 98 76 934 912 201 201 30 79 289 367 488 479 
800 202 502 409 326 393 629 668 69 450 215 893 826 893 405 489 590 889 290 811 416 641 109 922 94 0 890 843 456 419 255 181 685 209 718 918 876 75 907 376 969 125 150 591 612 755 572 764 27 830 282 248 255 313 170 664 154 283 533 168 
198 588 580 15 392 979 707 247 733 979 245 240 511 603 864 498 612 557 278 636 569 322 90 254 81 890 0 46 176 2 149 650 342 200 576 393 299 844 666 671 296 812 275 608 746 110 211 757 773 638 379 890 134 311 848 385 691 478 959 635 
721 922 21 603 570 880 394 497 333 415 905 744 481 230 934 954 149 484 655 454 204 512 522 848 71 843 46 0 267 757 272 265 705 322 857 940 349 857 44 887 312 952 623 659 952 507 654 711 893 310 75 541 466 805 958 606 189 704 620 950 
40 500 396 389 569 745 550 743 320 665 12 680 555 784 470 326 456 325 693 305 405 903 562 694 13 456 176 267 0 720 381 541 761 915 412 772 955 220 912 627 431 679 424 319 662 719 49 290 123 934 763 371 700 578 19 122 823 744 537 738 
340 467 907 707 367 668 467 358 172 724 833 679 886 727 57 694 116 121 228 559 808 690 78 422 887 419 2 757 720 0 775 385 355 616 97 398 581 328 97 809 816 732 909 653 915 433 275 251 275 489 630 318 680 694 785 117 643 104 786 376 
546 742 608 741 765 806 511 302 644 762 318 689 722 649 199 578 489 721 547 600 598 858 525 858 742 255 149 272 381 775 0 854 950 206 768 848 776 742 294 176 864 414 704 504 43 336 1000 533 704 761 528 479 186 164 317 212 66 536 965 931 
864 869 99 562 421 197 744 204 396 320 838 472 913 247 50 410 397 882 494 369 426 823 34 813 496 181 650 265 541 385 854 0 902 97 177 239 390 382 966 949 535 41 733 221 532 755 634 750 731 397 175 55 437 962 650 324 131 219 674 891 
562 827 217 598 700 446 597 266 368 655 923 629 212 756 951 898 23 562 371 685 28 946 164 777 961 685 342 705 761 355 950 902 0 997 731 448 951 724 665 414 631 297 966 391 409 80 975 42 485 695 542 976 400 59 706 50 947 567 473 569 
484 965 9 596 648 842 438 230 112 246 439 994 505 925 772 477 841 286 387 341 693 117 106 483 131 209 200 322 915 616 206 97 997 0 26 86 4 441 978 706 298 852 454 655 619 183 725 45 71 592 622 688 343 706 583 124 756 772 717 845 
591 861 533 272 762 41 528 766 123 482 797 904 393 949 38 517 984 521 70 918 709 149 379 272 90 718 576 857 412 97 768 177 731 26 0 71 660 213 410 356 879 623 773 675 907 762 43 559 256 428 186 963 33 283 479 451 276 929 948 879 
368 614 905 10 177 860 629 302 610 872 736 93 985 797 106 483 527 299 725 198 793 922 78 67 302 918 393 940 772 398 848 239 448 86 71 0 106 697 889 878 677 900 248 19 202 262 138 783 891 937 320 323 641 542 823 128 232 183 89 506 
647 315 831 105 514 340 592 2 85 651 659 598 624 249 546 185 597 483 961 202 762 264 817 610 950 876 299 349 955 581 776 390 951 4 660 106 0 314 14 193 330 781 224 715 551 513 577 651 869 683 605 63 925 66 139 405 301 116 346 221 
300 806 352 702 133 503 833 335 489 83 384 6 511 76 428 1 581 943 582 993 507 495 206 207 896 75 844 857 220 328 742 382 724 441 213 697 314 0 118 891 787 159 767 585 749 266 961 142 296 37 182 880 670 45 629 93 429 593 214 275 
845 885 115 269 854 85 271 918 34 264 227 757 799 480 980 500 36 561 458 901 442 820 628 155 173 907 666 44 912 97 294 966 665 978 410 889 14 118 0 354 739 274 426 853 960 133 680 782 774 770 498 839 911 123 163 336 144 786 523 860 
308 747 263 822 759 111 406 518 905 321 943 679 472 55 189 9 100 635 551 836 258 878 842 230 454 376 671 887 627 809 176 949 414 706 356 878 193 891 354 0 227 324 901 226 366 90 828 955 825 666 316 819 467 135 189 317 918 454 512 184 
181 185 667 879 608 646 892 672 95 769 625 148 782 976 890 369 106 633 640 767 520 901 876 172 905 969 296 312 431 816 864 535 631 298 879 677 330 787 739 227 0 89 888 763 345 713 86 55 992 709 140 579 897 605 524 277 220 449 870 437 
74 37 813 431 782 516 807 638 821 269 25 500 229 566 902 388 596 642 605 667 772 779 717 541 924 125 812 952 679 732 414 41 297 852 623 900 781 159 274 324 89 0 4 257 776 111 275 308 664 90 340 665 67 116 348 864 890 963 949 628 
354 455 989 615 851 105 909 176 217 504 224 24 146 852 865 632 714 446 616 948 650 287 223 87 377 150 275 623 424 909 704 733 966 454 773 248 224 767 426 901 888 4 0 845 656 420 96 861 306 464 325 595 446 752 33 179 831 389 526 658 
31 387 865 643 381 983 70 451 221 862 674 586 560 921 193 837 192 933 235 555 395 251 984 230 814 591 608 659 319 653 504 221 391 655 675 19 715 585 853 226 763 257 845 0 496 874 835 607 754 957 859 171 995 865 338 69 202 769 163 880 
131 954 722 807 991 823 365 380 938 750 572 282 40 560 619 644 545 505 430 965 182 200 365 78 320 612 746 952 662 915 43 532 409 619 907 202 551 749 960 366 345 776 656 496 0 296 334 762 755 826 19 133 41 75 763 825 627 773 735 311 
808 529 447 458 425 19 315 13 345 6 392 405 927 850 879 940 413 132 905 528 102 993 165 657 646 755 110 507 719 433 336 755 80 183 762 262 513 266 133 90 713 111 420 874 296 0 486 588 344 218 588 409 980 444 582 909 268 72 78 745 
611 895 568 100 789 781 211 575 721 523 458 128 497 958 45 167 892 444 418 619 609 179 607 190 555 572 211 654 49 275 1000 634 975 725 43 138 577 961 680 828 86 275 96 835 334 486 0 516 481 452 305 386 615 430 711 858 6 131 874 995 
47 853 416 615 204 254 913 894 606 978 373 59 52 718 642 618 278 544 500 419 657 681 450 563 139 764 757 711 290 251 533 750 42 45 559 783 651 142 782 955 55 308 861 607 762 588 516 0 270 393 293 580 728 47 305 276 23 664 650 561 
909 397 616 905 60 790 25 695 309 807 763 957 235 613 892 190 91 242 244 765 102 493 445 489 98 27 773 893 123 275 704 731 485 71 256 891 869 296 774 825 992 664 306 754 755 344 481 270 0 911 637 905 718 541 908 220 632 998 629 662 
457 835 650 123 417 750 236 755 656 948 183 237 108 154 404 507 405 175 888 838 855 490 774 131 76 830 638 310 934 489 761 397 695 592 428 937 683 37 770 666 709 90 464 957 826 218 452 393 911 0 125 669 296 75 45 859 888 31 292 388 
542 404 119 882 940 208 645 146 900 495 85 665 482 699 28 394 211 778 583 515 623 680 296 984 934 282 379 75 763 630 528 175 542 622 186 320 605 182 498 316 140 340 325 859 19 588 305 293 637 125 0 541 381 64 561 752 67 669 738 840 
102 64 510 348 237 153 736 696 478 210 81 702 470 489 82 810 896 327 808 980 753 587 617 15 912 248 890 541 371 318 479 55 976 688 963 323 63 880 839 819 579 665 595 171 133 409 386 580 905 669 541 0 354 736 688 819 912 89 728 929 
424 424 745 671 321 714 16 116 981 814 544 143 23 55 840 898 759 278 326 880 205 952 46 184 201 255 134 466 700 680 186 437 400 343 33 641 925 670 911 467 897 67 446 995 41 980 615 728 718 296 381 354 0 991 381 862 463 696 739 655 
252 30 899 174 35 97 139 232 977 103 130 648 740 614 310 367 791 973 900 456 953 473 651 671 201 313 311 805 578 694 164 962 59 706 283 542 66 45 123 135 605 116 752 865 75 444 430 47 541 75 64 736 991 0 18 185 42 111 9 901 
266 334 980 164 661 354 631 56 264 822 642 723 373 583 952 470 524 986 526 339 132 85 614 914 30 170 848 958 19 785 317 650 706 583 479 823 139 629 163 189 524 348 33 338 763 582 711 305 908 45 561 688 381 18 0 698 53 91 426 250 
222 524 989 197 712 259 230 929 150 399 13 491 421 791 308 596 185 24 505 39 465 585 167 772 79 664 385 606 122 117 212 324 50 124 451 128 405 93 336 317 277 864 179 69 825 909 858 276 220 859 752 819 862 185 698 0 689 327 624 531 
210 773 874 967 151 758 88 1000 662 837 731 865 201 187 635 905 402 229 720 145 15 398 649 598 289 154 691 189 823 643 66 131 947 756 276 232 301 429 144 918 220 890 831 202 627 268 6 23 632 888 67 912 463 42 53 689 0 139 86 184 
891 743 827 595 4 857 777 315 320 208 199 885 467 237 773 842 513 475 85 353 5 619 179 150 367 283 478 704 744 104 536 219 567 772 929 183 116 593 786 454 449 963 389 769 773 72 131 664 998 31 669 89 696 111 91 327 139 0 23 855 
58 38 835 909 159 604 509 234 944 200 233 841 13 350 84 954 503 150 894 167 431 717 469 90 488 533 959 620 537 786 965 674 473 717 948 89 346 214 523 512 870 949 526 163 735 78 874 650 629 292 738 728 739 9 426 624 86 23 0 551 
199 20 474 496 468 231 941 806 309 996 1 565 675 719 100 642 397 386 442 111 961 692 608 435 479 168 635 950 738 376 931 891 569 845 879 506 221 275 860 184 437 628 658 880 311 745 995 561 662 388 840 929 655 901 250 531 184 855 551 0 
0 277 663 952 733 938 501 692 82 170 59 984 303 612 560 444 119 849 777 133 102 396 485 853 170 520 765 196 676 44 886 607 140 398 270 311 451 445 19 632 488 61 121 61 536 33 454 690 810 421 921 432 652 340 569 449 704 387 883 372 
277 0 800 627 292 904 279 495 827 115 22 934 522 541 588 207 825 720 392 112 900 405 469 686 3 339 501 971 508 24 792 888 185 280 318 784 274 786 489 937 162 11 98 412 523 958 473 216 698 15 689 853 34 447 368 341 832 606 4 817 
663 800 0 487 587 477 803 64 797 291 435 499 577 70 700 462 496 662 344 652 932 944 595 971 288 158 382 574 561 131 35 186 637 851 348 395 627 826 730 994 9 612 351 959 260 760 553 671 690 670 719 753 471 290 537 994 26 690 206 43 
952 627 487 0 791 89 50 494 368 405 963 54 589 404 330 107 418 616 927 77 705 189 657 660 23 940 50 427 514 410 826 694 599 734 606 56 155 301 842 809 842 662 789 231 198 634 986 6 715 303 202 277 152 583 379 384 244 146 869 99 
733 292 587 791 0 853 153 914 870 507 318 592 43 731 602 618 760 914 932 764 75 422 278 372 492 558 136 40 206 719 49 532 226 727 651 390 794 717 519 508 629 936 735 43 499 217 65 412 920 937 963 195 816 561 191 861 824 310 915 650 
938 904 477 89 853 0 672 472 106 222 199 729 159 986 747 492 356 169 189 827 114 821 804 416 665 690 321 817 227 905 245 61 667 947 750 280 676 308 25 272 195 26 658 138 434 189 689 633 57 4 759 659 696 270 295 828 757 78 74 96 
501 279 803 50 153 672 0 660 824 56 190 449 716 363 673 477 308 194 302 360 547 15 801 542 914 756 578 962 419 376 906 838 341 890 442 374 382 920 995 232 840 91 722 167 240 101 33 61 613 242 440 213 607 883 786 783 508 22 180 856 
692 495 64 494 914 472 660 0 183 100 880 92 665 108 210 744 908 746 118 137 480 230 1 570 361 503 907 528 179 233 554 644 368 531 719 438 516 755 821 357 932 985 521 669 176 173 370 832 226 841 558 473 235 605 489 660 486 129 983 612 
82 827 797 368 870 106 824 183 0 754 469 772 316 805 227 678 681 303 569 217 647 71 409 994 777 570 785 136 589 787 294 80 132 770 420 436 91 380 136 543 385 22 993 183 723 736 950 22 249 15 669 302 851 668 164 43 756 15 806 325 
170 115 291 405 507 222 56 100 754 0 481 974 586 531 705 461 817 623 504 276 412 816 485 407 518 749 37 279 864 768 37 285 538 182 787 31 776 159 514 495 525 355 64 783 734 708 858 568 63 184 231 846 800 60 671 923 998 942 489 220 
59 22 435 963 318 199 190 880 469 481 0 539 671 569 773 51 58 391 947 459 574 772 231 126 312 93 408 98 214 108 465 458 570 732 807 844 969 485 349 48 300 30 337 116 532 18 463 813 287 193 615 594 71 135 181 865 871 170 270 653 
984 934 499 54 592 729 449 92 772 974 539 0 556 55 517 452 648 622 549 986 659 596 663 904 761 281 823 698 663 800 78 16 869 937 209 117 69 219 867 471 518 443 448 646 799 252 186 402 719 212 61 21 236 223 609 902 597 277 231 442 
303 522 577 589 43 159 716 665 316 586 671 556 0 41 614 434 707 751 148 241 784 466 145 88 470 308 512 921 778 725 572 72 796 555 571 920 2 177 27 654 259 771 599 734 755 301 757 361 208 131 755 546 631 243 892 669 752 356 285 689 
612 541 70 404 731 986 363 108 805 531 569 55 41 0 302 983 850 79 340 928 479 979 667 807 652 802 911 960 648 326 106 951 36 95 824 675 912 485 871 885 631 893 666 104 18 673 517 406 891 453 673 31 820 743 651 185 911 12 221 903 
560 588 700 330 602 747 673 210 227 705 773 517 614 302 0 784 169 585 340 44 141 324 281 864 538 934 282 370 205 641 946 65 468 310 257 899 940 692 575 423 650 24 984 528 380 365 904 150 786 478 360 151 638 37 579 841 42 397 452 573 
444 207 462 107 618 492 477 744 678 461 51 452 434 983 784 0 565 802 925 161 512 998 139 571 76 966 828 378 478 441 935 590 584 601 156 347 390 306 323 644 700 218 168 86 216 828 52 568 807 516 560 433 98 932 328 284 838 33 964 175 
119 825 496 418 760 356 308 908 681 817 58 648 707 850 169 565 0 802 1000 772 723 810 416 142 564 717 664 782 91 66 348 226 896 767 791 795 281 784 96 442 407 669 980 562 417 668 919 728 539 583 146 127 707 269 649 229 936 878 385 887 
849 720 662 616 914 169 194 746 303 623 391 622 751 79 585 802 802 0 904 30 679 802 344 611 631 784 860 176 530 430 450 828 523 18 378 219 418 164 34 795 191 545 953 58 52 644 744 966 569 376 408 393 499 86 298 644 155 614 312 93 
777 392 344 927 932 189 302 118 569 504 947 549 148 340 340 925 1000 904 0 521 892 209 609 538 443 710 164 553 84 26 375 933 94 372 140 357 42 745 279 212 310 74 78 5 775 909 448 216 75 383 714 262 7 670 554 318 735 449 700 236 
133 112 652 77 764 827 360 137 217 276 459 986 241 928 44 161 772 30 521 0 339 741 904 603 204 850 176 666 869 443 867 956 70 723 973 132 527 110 879 513 421 440 863 805 860 549 23 1 404 388 566 473 107 675 736 619 81 719 729 949 
102 900 932 705 75 114 547 480 647 412 574 659 784 479 141 512 723 679 892 339 0 212 199 716 353 376 726 560 86 599 59 700 465 203 853 972 192 607 739 666 562 760 657 599 156 46 915 748 579 969 774 546 791 226 717 997 978 554 541 237 
396 405 944 189 422 821 15 230 71 816 772 596 466 979 324 998 810 802 209 741 212 0 985 557 494 864 110 712 456 213 704 204 293 191 360 52 802 138 265 700 305 264 291 885 41 249 27 350 49 183 262 57 514 914 625 526 916 143 125 666 
485 469 595 657 278 804 801 1 409 485 231 663 145 667 281 139 416 344 609 904 199 985 0 305 593 225 117 118 271 799 221 682 273 344 101 496 461 509 826 680 745 382 312 348 489 118 86 446 572 431 65 746 490 147 507 347 247 796 236 752 
853 686 971 660 372 416 542 570 994 407 126 904 88 807 864 571 142 611 538 603 716 557 305 0 534 876 101 83 468 73 358 144 736 753 387 307 790 945 565 171 241 355 697 868 373 283 216 122 494 985 729 928 152 945 360 625 799 471 315 333 
170 3 288 23 492 665 914 361 777 518 312 761 470 652 538 76 564 631 443 204 353 494 593 534 0 498 885 594 135 803 696 595 463 22 294 707 449 654 803 711 436 367 96 802 419 681 633 220 92 792 644 572 236 755 516 609 87 577 325 414 
520 339 158 940 558 690 756 503 570 749 93 281 308 802 934 966 717 784 710 850 376 864 225 876 498 0 201 940 344 289 374 199 612 25 446 888 773 86 78 585 957 5 1 271 20 732 993 321 54 650 323 973 297 333 155 909 525 519 918 98 
765 501 382 50 136 321 578 907 785 37 408 823 512 911 282 828 664 860 164 176 726 110 117 101 885 201 0 354 618 71 781 141 600 297 960 371 482 952 905 850 653 854 436 794 868 278 840 845 129 543 858 465 123 549 84 1 319 326 599 380 
196 971 574 427 40 817 962 528 136 279 98 698 921 960 370 378 782 176 553 666 560 712 118 83 594 940 354 0 945 488 959 393 52 411 738 884 849 624 391 990 655 945 395 610 598 350 857 436 794 608 1000 944 727 776 168 832 227 679 247 501 
676 508 561 514 206 227 419 179 589 864 214 663 778 648 205 478 91 530 84 869 86 456 271 468 135 344 618 945 0 788 87 696 663 608 728 48 150 924 10 594 554 980 179 789 903 592 741 183 78 564 6 796 90 444 378 237 617 20 477 487 
44 24 131 410 719 905 376 233 787 768 108 800 725 326 641 441 66 430 26 443 599 213 799 73 803 289 71 488 788 0 412 696 158 473 216 646 456 560 131 627 911 540 125 94 686 127 659 84 784 200 453 347 824 323 373 984 161 763 538 285 
886 792 35 826 49 245 906 554 294 37 465 78 572 106 946 935 348 450 375 867 59 704 221 358 696 374 781 959 87 412 0 134 302 678 606 814 651 765 44 648 274 784 109 701 509 656 291 909 266 374 856 181 877 821 680 311 525 755 125 311 
607 888 186 694 532 61 838 644 80 285 458 16 72 951 65 590 226 828 933 956 700 204 682 144 595 199 141 393 696 696 134 0 33 584 605 341 537 794 130 381 684 995 178 557 708 774 983 871 893 326 7 923 203 162 974 681 201 160 250 909 
140 185 637 599 226 667 341 368 132 538 570 869 796 36 468 584 896 523 94 70 465 293 273 736 463 612 600 52 663 158 302 33 0 164 65 46 766 134 47 247 212 234 377 395 862 232 882 772 927 630 875 469 258 680 494 715 575 780 630 795 
398 280 851 734 727 947 890 531 770 182 732 937 555 95 310 601 767 18 372 723 203 191 344 753 22 25 297 411 608 473 678 584 164 0 766 905 80 456 325 247 39 29 370 62 332 943 355 999 903 20 731 291 854 859 262 668 237 60 536 698 
270 318 348 606 651 750 442 719 420 787 807 209 571 824 257 156 791 378 140 973 853 360 101 387 294 446 960 738 728 216 606 605 65 766 0 591 888 671 985 895 167 945 384 26 919 343 633 894 120 675 957 693 254 725 293 701 745 582 908 506 
311 784 395 56 390 280 374 438 436 31 844 117 920 675 899 347 795 219 357 132 972 52 496 307 707 888 371 884 48 646 814 341 46 905 591 0 824 772 597 432 357 841 484 665 509 616 495 36 476 737 435 976 798 304 299 436 762 367 12 245 
451 274 627 155 794 676 382 516 91 776 969 69 2 912 940 390 281 418 42 527 192 802 461 790 449 773 482 849 150 456 651 537 766 80 888 824 0 262 432 367 110 802 243 772 825 215 566 472 343 581 271 410 55 152 804 569 977 727 380 849 
445 786 826 301 717 308 920 755 380 159 485 219 177 485 692 306 784 164 745 110 607 138 509 945 654 86 952 624 924 560 765 794 134 456 671 772 262 0 19 624 614 999 193 900 676 783 664 569 258 223 631 438 132 356 327 979 672 899 794 90 
19 489 730 842 519 25 995 821 136 514 349 867 27 871 575 323 96 34 279 879 739 265 826 565 803 78 905 391 10 131 44 130 47 325 985 597 432 19 0 248 529 275 282 41 286 856 90 242 650 391 401 753 746 523 40 884 40 877 863 610 
632 937 994 809 508 272 232 357 543 495 48 471 654 885 423 644 442 795 212 513 666 700 680 171 711 585 850 990 594 627 648 381 247 247 895 432 367 624 248 0 58 848 237 376 142 667 318 938 885 164 980 185 366 923 195 143 584 959 526 512 
488 162 9 842 629 195 840 932 385 525 300 518 259 631 650 700 407 191 310 421 562 305 745 241 436 957 653 655 554 911 274 684 212 39 167 357 110 614 529 58 0 967 611 807 11 374 642 18 68 25 195 429 811 762 551 475 982 244 435 460 
61 11 612 662 936 26 91 985 22 355 30 443 771 893 24 218 669 545 74 440 760 264 382 355 367 5 854 945 980 540 784 995 234 29 945 841 802 999 275 848 967 0 992 965 249 22 386 396 514 550 41 266 19 778 727 422 447 666 516 855 
121 98 351 789 735 658 722 521 993 64 337 448 599 666 984 168 980 953 78 863 657 291 312 697 96 1 436 395 179 125 109 178 377 370 384 484 243 193 282 237 611 992 0 897 628 966 752 630 809 946 216 746 388 191 843 650 264 161 253 205 
61 412 959 231 43 138 167 669 183 783 116 646 734 104 528 86 562 58 5 805 599 885 348 868 802 271 794 610 789 94 701 557 395 62 26 665 772 900 41 376 807 965 897 0 206 394 51 237 875 967 890 777 409 961 198 230 147 373 729 340 
536 523 260 198 499 434 240 176 723 734 532 799 755 18 380 216 417 52 775 860 156 41 489 373 419 20 868 598 903 686 509 708 862 332 919 509 825 676 286 142 11 249 628 206 0 396 782 819 712 114 199 363 412 514 403 207 274 534 746 34 
33 958 760 634 217 189 101 173 736 708 18 252 301 673 365 828 668 644 909 549 46 249 118 283 681 732 278 350 592 127 656 774 232 943 343 616 215 783 856 667 374 22 966 394 396 0 836 586 719 85 243 682 340 906 580 712 184 612 170 126 
454 473 553 986 65 689 33 370 950 858 463 186 757 517 904 52 919 744 448 23 915 27 86 216 633 993 840 857 741 659 291 983 882 355 633 495 566 664 90 318 642 386 752 51 782 836 0 130 574 121 579 230 808 901 788 724 412 935 68 95 
690 216 671 6 412 633 61 832 22 568 813 402 361 406 150 568 728 966 216 1 748 350 446 122 220 321 845 436 183 84 909 871 772 999 894 36 472 569 242 938 18 396 630 237 819 586 130 0 221 550 529 757 771 984 991 345 887 148 306 307 
810 698 690 715 920 57 613 226 249 63 287 719 208 891 786 807 539 569 75 404 579 49 572 494 92 54 129 794 78 784 266 893 927 903 120 476 343 258 650 885 68 514 809 875 712 719 574 221 0 185 368 250 770 267 738 433 807 188 122 373 
421 15 670 303 937 4 242 841 15 184 193 212 131 453 478 516 583 376 383 388 969 183 431 985 792 650 543 608 564 200 374 326 630 20 675 737 581 223 391 164 25 550 946 967 114 85 121 550 185 0 269 383 789 414 91 931 388 106 288 553 
921 689 719 202 963 759 440 558 669 231 615 61 755 673 360 560 146 408 714 566 774 262 65 729 644 323 858 1000 6 453 856 7 875 731 957 435 271 631 401 980 195 41 216 890 199 243 579 529 368 269 0 967 782 824 908 47 921 313 948 550 
432 853 753 277 195 659 213 473 302 846 594 21 546 31 151 433 127 393 262 473 546 57 746 928 572 973 465 944 796 347 181 923 469 291 693 976 410 438 753 185 429 266 746 777 363 682 230 757 250 383 967 0 659 628 938 232 563 732 784 811 
