50 3
0 368 602 445 38 752 174 254 906 858 924 298 882 907 936 79 609 601 100 965 945 418 863 935 476 362 939 298 716 498 706 946 645 221 339 613 722 817 96 954 676 368 515 165 899 598 906 592 960 213 
368 0 547 448 597 885 226 279 963 721 149 556 72 292 804 360 965 285 219 826 135 293 136 401 850 620 960 303 359 103 49 833 367 934 650 651 49 741 880 233 509 662 610 327 638 314 112 499 314 294 
602 547 0 941 685 383 993 898 698 657 580 891 168 811 714 938 182 648 230 412 88 121 114 211 52 765 910 962 473 379 784 81 817 971 820 840 855 381 116 72 58 80 467 163 839 286 825 534 727 663 
445 448 941 0 11 392 175 163 506 272 197 105 61 103 379 542 229 927 860 243 750 897 705 757 29 217 574 403 908 857 692 211 986 512 753 781 126 475 34 498 805 335 759 233 474 762 556 212 154 323 
38 597 685 11 0 3 334 177 875 252 575 882 482 474 778 274 334 299 113 109 815 607 499 776 791 691 898 280 786 464 764 883 427 299 148 113 204 729 970 486 635 875 69 567 489 558 69 613 610 387 
752 885 383 392 3 0 994 982 644 868 472 580 550 702 519 835 66 243 257 143 949 530 944 671 321 24 790 397 170 426 659 829 452 470 929 141 765 68 634 28 534 700 1000 967 631 904 539 232 367 947 
174 226 993 175 334 994 0 378 721 463 28 817 893 625 637 213 452 907 189 954 415 921 895 534 360 637 241 36 959 954 223 482 163 648 497 913 118 28 62 453 250 66 438 670 962 738 554 606 893 528 
254 279 898 163 177 982 378 0 710 281 881 49 637 811 618 881 210 148 659 869 488 691 930 200 894 591 916 51 140 824 288 572 716 741 224 336 340 473 521 884 947 829 15 307 615 620 473 744 453 333 
906 963 698 506 875 644 721 710 0 200 548 520 949 353 964 429 735 392 587 90 361 409 915 705 7 526 39 441 2 591 166 116 756 75 804 878 12 841 591 790 922 63 823 863 692 797 970 660 913 349 
858 721 657 272 252 868 463 281 200 0 823 879 553 301 957 396 700 376 252 27 178 368 276 715 257 484 337 807 127 517 568 639 409 195 752 925 685 60 509 335 31 776 53 683 872 240 636 605 171 337 
924 149 580 197 575 472 28 881 548 823 0 197 927 393 820 11 555 79 579 359 299 917 360 230 531 243 662 192 38 922 319 537 94 815 764 21 966 525 361 288 144 496 42 746 758 254 721 156 635 114 
298 556 891 105 882 580 817 49 520 879 197 0 86 153 500 507 507 154 642 819 166 676 788 468 465 55 915 214 833 427 458 315 575 573 225 946 927 632 493 101 369 593 490 963 629 978 82 19 852 964 
882 72 168 61 482 550 893 637 949 553 927 86 0 840 903 763 671 122 513 967 694 1 145 666 68 184 697 771 396 108 14 849 938 332 42 655 114 567 990 428 919 114 32 890 808 605 334 902 147 18 
907 292 811 103 474 702 625 811 353 301 393 153 840 0 943 530 463 133 713 146 160 937 274 505 536 175 686 377 919 99 529 616 366 451 545 902 372 782 845 740 304 802 809 551 284 398 68 67 523 37 
936 804 714 379 778 519 637 618 964 957 820 500 903 943 0 686 663 786 308 933 634 330 909 294 806 822 909 388 216 699 858 539 894 283 399 87 554 987 132 609 453 986 810 857 642 910 51 335 423 428 
79 360 938 542 274 835 213 881 429 396 11 507 763 530 686 0 817 177 632 289 404 353 196 662 833 513 747 186 431 629 855 553 431 344 442 32 501 329 404 800 937 841 252 909 279 619 559 846 851 990 
609 965 182 229 334 66 452 210 735 700 555 507 671 463 663 817 0 108 409 767 56 194 644 162 671 418 684 860 169 918 226 73 280 273 333 943 692 487 431 982 191 651 581 875 69 407 584 513 836 742 
601 285 648 927 299 243 907 148 392 376 79 154 122 133 786 177 108 0 838 108 516 170 656 423 436 209 910 310 761 97 647 992 975 253 503 437 312 287 353 338 864 226 610 580 19 464 95 225 467 388 
100 219 230 860 113 257 189 659 587 252 579 642 513 713 308 632 409 838 0 461 780 717 306 365 827 27 390 869 18 382 44 858 109 68 530 25 261 11 723 632 438 605 545 759 905 94 929 541 270 949 
965 826 412 243 109 143 954 869 90 27 359 819 967 146 933 289 767 108 461 0 72 247 532 362 416 795 795 962 537 624 819 913 262 543 668 677 800 994 905 42 31 400 39 630 974 576 206 572 27 935 
945 135 88 750 815 949 415 488 361 178 299 166 694 160 634 404 56 516 780 72 0 234 816 622 376 921 693 798 647 853 427 59 279 970 366 946 575 52 563 390 821 311 945 142 396 966 611 564 333 629 
418 293 121 897 607 530 921 691 409 368 917 676 1 937 330 353 194 170 717 247 234 0 799 344 885 699 959 978 37 134 180 350 363 398 712 648 164 492 681 233 603 853 958 458 724 764 668 988 497 813 
863 136 114 705 499 944 895 930 915 276 360 788 145 274 909 196 644 656 306 532 816 799 0 17 690 354 693 159 611 379 730 894 555 251 977 713 535 263 503 230 634 616 617 442 255 384 982 517 883 750 
935 401 211 757 776 671 534 200 705 715 230 468 666 505 294 662 162 423 365 362 622 344 17 0 18 32 110 928 984 653 495 189 349 557 290 348 718 963 176 381 521 142 571 532 53 567 137 683 435 444 
476 850 52 29 791 321 360 894 7 257 531 465 68 536 806 833 671 436 827 416 376 885 690 18 0 393 523 971 156 978 823 601 895 880 639 253 355 615 789 896 912 214 55 571 548 163 854 702 333 977 
362 620 765 217 691 24 637 591 526 484 243 55 184 175 822 513 418 209 27 795 921 699 354 32 393 0 752 199 248 297 799 366 634 697 788 671 428 152 422 476 129 13 440 72 26 197 386 271 77 316 
939 960 910 574 898 790 241 916 39 337 662 915 697 686 909 747 684 910 390 795 693 959 693 110 523 752 0 481 255 413 221 398 475 841 779 18 544 126 627 272 284 760 874 607 236 134 960 94 306 411 
298 303 962 403 280 397 36 51 441 807 192 214 771 377 388 186 860 310 869 962 798 978 159 928 971 199 481 0 156 271 656 498 381 237 328 212 852 712 593 586 777 499 441 556 264 749 81 49 684 962 
716 359 473 908 786 170 959 140 2 127 38 833 396 919 216 431 169 761 18 537 647 37 611 984 156 248 255 156 0 366 260 809 801 482 621 227 39 371 697 193 41 364 802 840 689 850 9 128 252 28 
498 103 379 857 464 426 954 824 591 517 922 427 108 99 699 629 918 97 382 624 853 134 379 653 978 297 413 271 366 0 763 818 484 376 267 666 94 312 851 957 904 313 521 901 990 890 779 253 347 401 
706 49 784 692 764 659 223 288 166 568 319 458 14 529 858 855 226 647 44 819 427 180 730 495 823 799 221 656 260 763 0 475 75 592 869 850 146 156 219 728 86 821 62 677 640 274 317 442 295 269 
946 833 81 211 883 829 482 572 116 639 537 315 849 616 539 553 73 992 858 913 59 350 894 189 601 366 398 498 809 818 475 0 181 235 294 458 233 633 589 431 410 387 970 377 170 421 937 228 840 220 
645 367 817 986 427 452 163 716 756 409 94 575 938 366 894 431 280 975 109 262 279 363 555 349 895 634 475 381 801 484 75 181 0 335 587 704 470 813 438 420 822 7 462 987 484 972 772 876 838 795 
221 934 971 512 299 470 648 741 75 195 815 573 332 451 283 344 273 253 68 543 970 398 251 557 880 697 841 237 482 376 592 235 335 0 82 563 921 422 722 580 470 14 446 146 134 582 700 428 3 45 
339 650 820 753 148 929 497 224 804 752 764 225 42 545 399 442 333 503 530 668 366 712 977 290 639 788 779 328 621 267 869 294 587 82 0 71 1 516 993 747 420 40 500 325 152 478 12 940 309 662 
613 651 840 781 113 141 913 336 878 925 21 946 655 902 87 32 943 437 25 677 946 648 713 348 253 671 18 212 227 666 850 458 704 563 71 0 592 178 162 189 278 959 110 793 196 952 380 320 307 422 
722 49 855 126 204 765 118 340 12 685 966 927 114 372 554 501 692 312 261 800 575 164 535 718 355 428 544 852 39 94 146 233 470 921 1 592 0 34 669 877 596 39 813 425 23 13 705 160 141 382 
817 741 381 475 729 68 28 473 841 60 525 632 567 782 987 329 487 287 11 994 52 492 263 963 615 152 126 712 371 312 156 633 813 422 516 178 34 0 707 862 511 922 401 386 459 164 480 513 922 590 
96 880 116 34 970 634 62 521 591 509 361 493 990 845 132 404 431 353 723 905 563 681 503 176 789 422 627 593 697 851 219 589 438 722 993 162 669 707 0 224 737 265 106 984 676 248 374 77 263 515 
954 233 72 498 486 28 453 884 790 335 288 101 428 740 609 800 982 338 632 42 390 233 230 381 896 476 272 586 193 957 728 431 420 580 747 189 877 862 224 0 237 209 921 902 409 286 898 983 889 639 
676 509 58 805 635 534 250 947 922 31 144 369 919 304 453 937 191 864 438 31 821 603 634 521 912 129 284 777 41 904 86 410 822 470 420 278 596 511 737 237 0 150 495 481 281 909 100 950 237 279 
368 662 80 335 875 700 66 829 63 776 496 593 114 802 986 841 651 226 605 400 311 853 616 142 214 13 760 499 364 313 821 387 7 14 40 959 39 922 265 209 150 0 267 344 913 383 486 667 122 37 
515 610 467 759 69 1000 438 15 823 53 42 490 32 809 810 252 581 610 545 39 945 958 617 571 55 440 874 441 802 521 62 970 462 446 500 110 813 401 106 921 495 267 0 924 293 457 988 609 524 226 
165 327 163 233 567 967 670 307 863 683 746 963 890 551 857 909 875 580 759 630 142 458 442 532 571 72 607 556 840 901 677 377 987 146 325 793 425 386 984 902 481 344 924 0 103 426 946 244 204 103 
899 638 839 474 489 631 962 615 692 872 758 629 808 284 642 279 69 19 905 974 396 724 255 53 548 26 236 264 689 990 640 170 484 134 152 196 23 459 676 409 281 913 293 103 0 239 403 874 194 812 
598 314 286 762 558 904 738 620 797 240 254 978 605 398 910 619 407 464 94 576 966 764 384 567 163 197 134 749 850 890 274 421 972 582 478 952 13 164 248 286 909 383 457 426 239 0 236 651 861 236 
906 112 825 556 69 539 554 473 970 636 721 82 334 68 51 559 584 95 929 206 611 668 982 137 854 386 960 81 9 779 317 937 772 700 12 380 705 480 374 898 100 486 988 946 403 236 0 389 84 87 
592 499 534 212 613 232 606 744 660 605 156 19 902 67 335 846 513 225 541 572 564 988 517 683 702 271 94 49 128 253 442 228 876 428 940 320 160 513 77 983 950 667 609 244 874 651 389 0 315 342 
960 314 727 154 610 367 893 453 913 171 635 852 147 523 423 851 836 467 270 27 333 497 883 435 333 77 306 684 252 347 295 840 838 3 309 307 141 922 263 889 237 122 524 204 194 861 84 315 0 809 
213 294 663 323 387 947 528 333 349 337 114 964 18 37 428 990 742 388 949 935 629 813 750 444 977 316 411 962 28 401 269 220 795 45 662 422 382 590 515 639 279 37 226 103 812 236 87 342 809 0 
0 168 535 197 115 237 854 340 436 5 833 801 210 360 537 32 515 911 937 83 782 991 141 672 272 241 546 966 894 181 483 775 817 955 844 27 548 70 86 440 877 858 815 855 380 38 221 779 899 146 
168 0 48 105 377 168 521 699 887 594 477 302 193 581 317 72 888 610 614 302 41 407 129 519 910 132 984 82 967 895 34 486 621 918 321 612 45 552 236 639 700 797 478 121 894 950 963 286 606 94 
535 48 0 375 166 219 888 99 355 470 804 289 323 399 340 448 788 774 844 882 421 897 785 768 787 822 159 342 841 166 649 192 703 841 222 901 642 239 274 891 294 951 822 984 796 158 710 675 568 821 
197 105 375 0 862 81 154 23 405 770 21 804 530 904 899 972 106 3 754 837 147 464 504 252 814 169 769 285 721 475 179 228 942 389 189 536 927 260 962 575 438 216 784 871 90 172 982 108 163 471 
115 377 166 862 0 548 216 496 639 527 526 459 863 94 917 343 998 866 44 527 602 660 425 11 941 174 354 737 457 483 574 346 433 390 553 601 336 7 252 717 137 194 18 730 371 127 629 588 521 921 
237 168 219 81 548 0 215 476 340 193 429 905 859 499 608 691 68 983 672 1 984 138 841 771 441 989 590 560 263 343 607 693 925 789 680 381 466 535 955 400 301 134 161 438 16 548 432 8 134 822 
854 521 888 154 216 215 0 804 787 933 777 212 553 442 270 528 330 922 187 666 990 978 464 857 510 119 907 374 317 421 812 308 294 459 208 425 982 632 986 909 330 405 711 995 267 298 653 217 396 315 
340 699 99 23 496 476 804 0 363 97 166 404 979 401 447 338 146 477 645 580 600 378 430 139 704 120 806 320 197 906 883 842 775 830 527 482 421 802 741 559 445 686 405 743 223 472 301 236 174 803 
436 887 355 405 639 340 787 363 0 992 884 150 840 764 156 467 42 782 244 884 410 246 834 281 851 530 392 6 363 757 89 620 145 897 529 213 749 426 108 970 630 508 998 534 29 854 369 477 217 689 
5 594 470 770 527 193 933 97 992 0 319 906 499 588 347 462 776 280 185 834 299 969 701 484 933 176 161 195 979 122 419 24 267 956 962 173 487 264 975 861 683 973 824 311 516 737 189 554 813 74 
833 477 804 21 526 429 777 166 884 319 0 225 199 850 252 746 586 122 877 541 505 873 386 636 816 283 799 613 349 940 277 49 514 813 509 809 58 417 438 376 75 780 894 631 396 364 757 91 60 252 
801 302 289 804 459 905 212 404 150 906 225 0 135 669 879 201 681 623 670 275 570 433 528 554 304 720 652 592 571 485 616 523 822 514 511 697 859 351 93 706 278 584 340 381 66 358 367 117 778 982 
210 193 323 530 863 859 553 979 840 499 199 135 0 131 989 321 246 178 276 782 985 827 452 189 286 686 404 529 695 258 897 745 160 69 194 880 743 799 979 981 701 528 886 202 925 82 512 695 942 415 
360 581 399 904 94 499 442 401 764 588 850 669 131 0 970 820 758 878 301 733 17 781 69 740 139 466 749 419 447 509 415 960 621 743 162 13 675 171 556 528 552 896 344 537 228 955 9 415 317 927 
537 317 340 899 917 608 270 447 156 347 252 879 989 970 0 580 291 666 314 566 61 15 207 513 606 582 925 121 506 238 204 319 649 389 426 859 635 804 931 405 886 606 462 71 47 40 814 948 437 847 
32 72 448 972 343 691 528 338 467 462 746 201 321 820 580 0 848 857 780 168 651 314 936 493 858 936 641 62 782 379 382 274 444 351 273 828 196 506 965 528 1 515 283 292 775 885 753 211 771 629 
515 888 788 106 998 68 330 146 42 776 586 681 246 758 291 848 0 385 134 193 257 113 29 766 672 232 407 529 519 708 742 779 763 855 611 786 77 100 210 104 643 273 411 533 372 701 160 206 714 758 
911 610 774 3 866 983 922 477 782 280 122 623 178 878 666 857 385 0 540 324 203 687 70 81 503 361 966 546 318 634 780 160 570 834 65 835 139 87 221 386 975 504 108 376 478 406 342 677 246 444 
937 614 844 754 44 672 187 645 244 185 877 670 276 301 314 780 134 540 0 401 835 697 368 452 730 549 484 883 63 820 885 519 392 772 207 759 129 28 604 885 640 977 914 439 400 616 128 914 113 910 
83 302 882 837 527 1 666 580 884 834 541 275 782 733 566 168 193 324 401 0 756 480 214 471 179 257 123 576 936 61 117 52 875 989 282 390 777 89 904 80 21 489 343 547 267 804 465 198 107 658 
782 41 421 147 602 984 990 600 410 299 505 570 985 17 61 651 257 203 835 756 0 434 632 218 829 556 709 517 120 266 905 210 826 497 272 437 494 706 490 770 934 930 299 66 712 815 760 784 340 248 
991 407 897 464 660 138 978 378 246 969 873 433 827 781 15 314 113 687 697 480 434 0 241 884 192 690 640 241 784 231 161 259 832 672 178 755 256 411 210 67 617 43 755 599 310 952 48 155 460 367 
141 129 785 504 425 841 464 430 834 701 386 528 452 69 207 936 29 70 368 214 632 241 0 178 390 404 37 749 130 702 62 383 940 975 962 523 900 818 372 60 363 146 782 819 721 20 398 381 535 694 
672 519 768 252 11 771 857 139 281 484 636 554 189 740 513 493 766 81 452 471 218 884 178 0 492 110 989 270 103 88 802 78 626 179 48 809 407 324 456 69 245 566 8 302 933 719 895 969 599 609 
272 910 787 814 941 441 510 704 851 933 816 304 286 139 606 858 672 503 730 179 829 192 390 492 0 300 307 263 891 453 132 415 311 162 629 908 950 744 252 903 343 285 96 114 246 74 642 197 436 511 
241 132 822 169 174 989 119 120 530 176 283 720 686 466 582 936 232 361 549 257 556 690 404 110 300 0 115 697 221 42 914 142 810 891 711 403 561 655 775 609 230 458 248 567 780 500 758 87 376 145 
546 984 159 769 354 590 907 806 392 161 799 652 404 749 925 641 407 966 484 123 709 640 37 989 307 115 0 639 735 497 621 144 646 468 88 451 862 57 308 573 779 449 320 759 842 79 914 587 400 128 
966 82 342 285 737 560 374 320 6 195 613 592 529 419 121 62 529 546 883 576 517 241 749 270 263 697 639 0 463 824 1000 41 556 509 963 199 684 122 242 771 176 632 586 11 342 547 148 552 434 863 
894 967 841 721 457 263 317 197 363 979 349 571 695 447 506 782 519 318 63 936 120 784 130 103 891 221 735 463 0 904 570 67 739 8 112 654 845 21 335 695 643 699 384 3 310 428 981 578 519 601 
181 895 166 475 483 343 421 906 757 122 940 485 258 509 238 379 708 634 820 61 266 231 702 88 453 42 497 824 904 0 495 249 479 16 901 347 444 72 733 480 163 577 264 269 69 787 348 562 431 664 
483 34 649 179 574 607 812 883 89 419 277 616 897 415 204 382 742 780 885 117 905 161 62 802 132 914 621 1000 570 495 0 20 514 231 615 838 646 639 306 635 232 167 1000 893 86 557 574 755 591 523 
775 486 192 228 346 693 308 842 620 24 49 523 745 960 319 274 779 160 519 52 210 259 383 78 415 142 144 41 67 249 20 0 512 875 888 265 754 585 668 764 890 241 938 38 208 400 975 355 739 317 
817 621 703 942 433 925 294 775 145 267 514 822 160 621 649 444 763 570 392 875 826 832 940 626 311 810 646 556 739 479 514 512 0 308 18 912 661 708 547 203 211 585 701 861 348 439 349 840 748 21 
955 918 841 389 390 789 459 830 897 956 813 514 69 743 389 351 855 834 772 989 497 672 975 179 162 891 468 509 8 16 231 875 308 0 981 543 20 239 358 411 357 340 726 440 586 121 815 683 353 770 
844 321 222 189 553 680 208 527 529 962 509 511 194 162 426 273 611 65 207 282 272 178 962 48 629 711 88 963 112 901 615 888 18 981 0 310 194 151 46 202 384 275 13 372 125 518 215 990 838 357 
27 612 901 536 601 381 425 482 213 173 809 697 880 13 859 828 786 835 759 390 437 755 523 809 908 403 451 199 654 347 838 265 912 543 310 0 57 561 437 736 567 265 409 497 867 345 266 200 440 810 
548 45 642 927 336 466 982 421 749 487 58 859 743 675 635 196 77 139 129 777 494 256 900 407 950 561 862 684 845 444 646 754 661 20 194 57 0 213 166 529 535 984 673 162 490 575 860 634 345 259 
70 552 239 260 7 535 632 802 426 264 417 351 799 171 804 506 100 87 28 89 706 411 818 324 744 655 57 122 21 72 639 585 708 239 151 561 213 0 89 256 166 48 185 426 366 415 778 63 465 485 
86 236 274 962 252 955 986 741 108 975 438 93 979 556 931 965 210 221 604 904 490 210 372 456 252 775 308 242 335 733 306 668 547 358 46 437 166 89 0 450 282 953 713 327 331 478 799 778 433 358 
440 639 891 575 717 400 909 559 970 861 376 706 981 528 405 528 104 386 885 80 770 67 60 69 903 609 573 771 695 480 635 764 203 411 202 736 529 256 450 0 614 261 315 261 819 761 896 895 242 884 
877 700 294 438 137 301 330 445 630 683 75 278 701 552 886 1 643 975 640 21 934 617 363 245 343 230 779 176 643 163 232 890 211 357 384 567 535 166 282 614 0 131 24 486 633 379 590 708 18 994 
858 797 951 216 194 134 405 686 508 973 780 584 528 896 606 515 273 504 977 489 930 43 146 566 285 458 449 632 699 577 167 241 585 340 275 265 984 48 953 261 131 0 378 481 164 461 88 806 757 63 
815 478 822 784 18 161 711 405 998 824 894 340 886 344 462 283 411 108 914 343 299 755 782 8 96 248 320 586 384 264 1000 938 701 726 13 409 673 185 713 315 24 378 0 266 43 561 559 474 383 792 
855 121 984 871 730 438 995 743 534 311 631 381 202 537 71 292 533 376 439 547 66 599 819 302 114 567 759 11 3 269 893 38 861 440 372 497 162 426 327 261 486 481 266 0 562 811 143 898 902 563 
380 894 796 90 371 16 267 223 29 516 396 66 925 228 47 775 372 478 400 267 712 310 721 933 246 780 842 342 310 69 86 208 348 586 125 867 490 366 331 819 633 164 43 562 0 32 536 669 172 910 
38 950 158 172 127 548 298 472 854 737 364 358 82 955 40 885 701 406 616 804 815 952 20 719 74 500 79 547 428 787 557 400 439 121 518 345 575 415 478 761 379 461 561 811 32 0 95 976 307 573 
221 963 710 982 629 432 653 301 369 189 757 367 512 9 814 753 160 342 128 465 760 48 398 895 642 758 914 148 981 348 574 975 349 815 215 266 860 778 799 896 590 88 559 143 536 95 0 884 855 642 
779 286 675 108 588 8 217 236 477 554 91 117 695 415 948 211 206 677 914 198 784 155 381 969 197 87 587 552 578 562 755 355 840 683 990 200 634 63 778 895 708 806 474 898 669 976 884 0 4 723 
899 606 568 163 521 134 396 174 217 813 60 778 942 317 437 771 714 246 113 107 340 460 535 599 436 376 400 434 519 431 591 739 748 353 838 440 345 465 433 242 18 757 383 902 172 307 855 4 0 965 
146 94 821 471 921 822 315 803 689 74 252 982 415 927 847 629 758 444 910 658 248 367 694 609 511 145 128 863 601 664 523 317 21 770 357 810 259 485 358 884 994 63 792 563 910 573 642 723 965 0 
0 168 535 197 115 237 854 340 436 5 833 801 210 360 537 32 515 911 937 83 782 991 141 672 272 241 546 966 894 181 483 775 817 955 844 27 548 70 86 440 877 858 815 855 380 38 221 779 899 146 
168 0 48 105 377 168 521 699 887 594 477 302 193 581 317 72 888 610 614 302 41 407 129 519 910 132 984 82 967 895 34 486 621 918 321 612 45 552 236 639 700 797 478 121 894 950 963 286 606 94 
535 48 0 375 166 219 888 99 355 470 804 289 323 399 340 448 788 774 844 882 421 897 785 768 787 822 159 342 841 166 649 192 703 841 222 901 642 239 274 891 294 951 822 984 796 158 710 675 568 821 
197 105 375 0 862 81 154 23 405 770 21 804 530 904 899 972 106 3 754 837 147 464 504 252 814 169 769 285 721 475 179 228 942 389 189 536 927 260 962 575 438 216 784 871 90 172 982 108 163 471 
115 377 166 862 0 548 216 496 639 527 526 459 863 94 917 343 998 866 44 527 602 660 425 11 941 174 354 737 457 483 574 346 433 390 553 601 336 7 252 717 137 194 18 730 371 127 629 588 521 921 
237 168 219 81 548 0 215 476 340 193 429 905 859 499 608 691 68 983 672 1 984 138 841 771 441 989 590 560 263 343 607 693 925 789 680 381 466 535 955 400 301 134 161 438 16 548 432 8 134 822 
854 521 888 154 216 215 0 804 787 933 777 212 553 442 270 528 330 922 187 666 990 978 464 857 510 119 907 374 317 421 812 308 294 459 208 425 982 632 986 909 330 405 711 995 267 298 653 217 396 315 
340 699 99 23 496 476 804 0 363 97 166 404 979 401 447 338 146 477 645 580 600 378 430 139 704 120 806 320 197 906 883 842 775 830 527 482 421 802 741 559 445 686 405 743 223 472 301 236 174 803 
436 887 355 405 639 340 787 363 0 992 884 150 840 764 156 467 42 782 244 884 410 246 834 281 851 530 392 6 363 757 89 620 145 897 529 213 749 426 108 970 630 508 998 534 29 854 369 477 217 689 
5 594 470 770 527 193 933 97 992 0 319 906 499 588 347 462 776 280 185 834 299 969 701 484 933 176 161 195 979 122 419 24 267 956 962 173 487 264 975 861 683 973 824 311 516 737 189 554 813 74 
833 477 804 21 526 429 777 166 884 319 0 225 199 850 252 746 586 122 877 541 505 873 386 636 816 283 799 613 349 940 277 49 514 813 509 809 58 417 438 376 75 780 894 631 396 364 757 91 60 252 
801 302 289 804 459 905 212 404 150 906 225 0 135 669 879 201 681 623 670 275 570 433 528 554 304 720 652 592 571 485 616 523 822 514 511 697 859 351 93 706 278 584 340 381 66 358 367 117 778 982 
210 193 323 530 863 859 553 979 840 499 199 135 0 131 989 321 246 178 276 782 985 827 452 189 286 686 404 529 695 258 897 745 160 69 194 880 743 799 979 981 701 528 886 202 925 82 512 695 942 415 
360 581 399 904 94 499 442 401 764 588 850 669 131 0 970 820 758 878 301 733 17 781 69 740 139 466 749 419 447 509 415 960 621 743 162 13 675 171 556 528 552 896 344 537 228 955 9 415 317 927 
537 317 340 899 917 608 270 447 156 347 252 879 989 970 0 580 291 666 314 566 61 15 207 513 606 582 925 121 506 238 204 319 649 389 426 859 635 804 931 405 886 606 462 71 47 40 814 948 437 847 
32 72 448 972 343 691 528 338 467 462 746 201 321 820 580 0 848 857 780 168 651 314 936 493 858 936 641 62 782 379 382 274 444 351 273 828 196 506 965 528 1 515 283 292 775 885 753 211 771 629 
515 888 788 106 998 68 330 146 42 776 586 681 246 758 291 848 0 385 134 193 257 113 29 766 672 232 407 529 519 708 742 779 763 855 611 786 77 100 210 104 643 273 411 533 372 701 160 206 714 758 
911 610 774 3 866 983 922 477 782 280 122 623 178 878 666 857 385 0 540 324 203 687 70 81 503 361 966 546 318 634 780 160 570 834 65 835 139 87 221 386 975 504 108 376 478 406 342 677 246 444 
937 614 844 754 44 672 187 645 244 185 877 670 276 301 314 780 134 540 0 401 835 697 368 452 730 549 484 883 63 820 885 519 392 772 207 759 129 28 604 885 640 977 914 439 400 616 128 914 113 910 
83 302 882 837 527 1 666 580 884 834 541 275 782 733 566 168 193 324 401 0 756 480 214 471 179 257 123 576 936 61 117 52 875 989 282 390 777 89 904 80 21 489 343 547 267 804 465 198 107 658 
782 41 421 147 602 984 990 600 410 299 505 570 985 17 61 651 257 203 835 756 0 434 632 218 829 556 709 517 120 266 905 210 826 497 272 437 494 706 490 770 934 930 299 66 712 815 760 784 340 248 
991 407 897 464 660 138 978 378 246 969 873 433 827 781 15 314 113 687 697 480 434 0 241 884 192 690 640 241 784 231 161 259 832 672 178 755 256 411 210 67 617 43 755 599 310 952 48 155 460 367 
141 129 785 504 425 841 464 430 834 701 386 528 452 69 207 936 29 70 368 214 632 241 0 178 390 404 37 749 130 702 62 383 940 975 962 523 900 818 372 60 363 146 782 819 721 20 398 381 535 694 
672 519 768 252 11 771 857 139 281 484 636 554 189 740 513 493 766 81 452 471 218 884 178 0 492 110 989 270 103 88 802 78 626 179 48 809 407 324 456 69 245 566 8 302 933 719 895 969 599 609 
272 910 787 814 941 441 510 704 851 933 816 304 286 139 606 858 672 503 730 179 829 192 390 492 0 300 307 263 891 453 132 415 311 162 629 908 950 744 252 903 343 285 96 114 246 74 642 197 436 511 
241 132 822 169 174 989 119 120 530 176 283 720 686 466 582 936 232 361 549 257 556 690 404 110 300 0 115 697 221 42 914 142 810 891 711 403 561 655 775 609 230 458 248 567 780 500 758 87 376 145 
546 984 159 769 354 590 907 806 392 161 799 652 404 749 925 641 407 966 484 123 709 640 37 989 307 115 0 639 735 497 621 144 646 468 88 451 862 57 308 573 779 449 320 759 842 79 914 587 400 128 
966 82 342 285 737 560 374 320 6 195 613 592 529 419 121 62 529 546 883 576 517 241 749 270 263 697 639 0 463 824 1000 41 556 509 963 199 684 122 242 771 176 632 586 11 342 547 148 552 434 863 
894 967 841 721 457 263 317 197 363 979 349 571 695 447 506 782 519 318 63 936 120 784 130 103 891 221 735 463 0 904 570 67 739 8 112 654 845 21 335 695 643 699 384 3 310 428 981 578 519 601 
181 895 166 475 483 343 421 906 757 122 940 485 258 509 238 379 708 634 820 61 266 231 702 88 453 42 497 824 904 0 495 249 479 16 901 347 444 72 733 480 163 577 264 269 69 787 348 562 431 664 
483 34 649 179 574 607 812 883 89 419 277 616 897 415 204 382 742 780 885 117 905 161 62 802 132 914 621 1000 570 495 0 20 514 231 615 838 646 639 306 635 232 167 1000 893 86 557 574 755 591 523 
775 486 192 228 346 693 308 842 620 24 49 523 745 960 319 274 779 160 519 52 210 259 383 78 415 142 144 41 67 249 20 0 512 875 888 265 754 585 668 764 890 241 938 38 208 400 975 355 739 317 
817 621 703 942 433 925 294 775 145 267 514 822 160 621 649 444 763 570 392 875 826 832 940 626 311 810 646 556 739 479 514 512 0 308 18 912 661 708 547 203 211 585 701 861 348 439 349 840 748 21 
955 918 841 389 390 789 459 830 897 956 813 514 69 743 389 351 855 834 772 989 497 672 975 179 162 891 468 509 8 16 231 875 308 0 981 543 20 239 358 411 357 340 726 440 586 121 815 683 353 770 
844 321 222 189 553 680 208 527 529 962 509 511 194 162 426 273 611 65 207 282 272 178 962 48 629 711 88 963 112 901 615 888 18 981 0 310 194 151 46 202 384 275 13 372 125 518 215 990 838 357 
27 612 901 536 601 381 425 482 213 173 809 697 880 13 859 828 786 835 759 390 437 755 523 809 908 403 451 199 654 347 838 265 912 543 310 0 57 561 437 736 567 265 409 497 867 345 266 200 440 810 
548 45 642 927 336 466 982 421 749 487 58 859 743 675 635 196 77 139 129 777 494 256 900 407 950 561 862 684 845 444 646 754 661 20 194 57 0 213 166 529 535 984 673 162 490 575 860 634 345 259 
70 552 239 260 7 535 632 802 426 264 417 351 799 171 804 506 100 87 28 89 706 411 818 324 744 655 57 122 21 72 639 585 708 239 151 561 213 0 89 256 166 48 185 426 366 415 778 63 465 485 
86 236 274 962 252 955 986 741 108 975 438 93 979 556 931 965 210 221 604 904 490 210 372 456 252 775 308 242 335 733 306 668 547 358 46 437 166 89 0 450 282 953 713 327 331 478 799 778 433 358 
440 639 891 575 717 400 909 559 970 861 376 706 981 528 405 528 104 386 885 80 770 67 60 69 903 609 573 771 695 480 635 764 203 411 202 736 529 256 450 0 614 261 315 261 819 761 896 895 242 884 
877 700 294 438 137 301 330 445 630 683 75 278 701 552 886 1 643 975 640 21 934 617 363 245 343 230 779 176 643 163 232 890 211 357 384 567 535 166 282 614 0 131 24 486 633 379 590 708 18 994 
858 797 951 216 194 134 405 686 508 973 780 584 528 896 606 515 273 504 977 489 930 43 146 566 285 458 449 632 699 577 167 241 585 340 275 265 984 48 953 261 131 0 378 481 164 461 88 806 757 63 
815 478 822 784 18 161 711 405 998 824 894 340 886 344 462 283 411 108 914 343 299 755 782 8 96 248 320 586 384 264 1000 938 701 726 13 409 673 185 713 315 24 378 0 266 43 561 559 474 383 792 
855 121 984 871 730 438 995 743 534 311 631 381 202 537 71 292 533 376 439 547 66 599 819 302 114 567 759 11 3 269 893 38 861 440 372 497 162 426 327 261 486 481 266 0 562 811 143 898 902 563 
380 894 796 90 371 16 267 223 29 516 396 66 925 228 47 775 372 478 400 267 712 310 721 933 246 780 842 342 310 69 86 208 348 586 125 867 490 366 331 819 633 164 43 562 0 32 536 669 172 910 
38 950 158 172 127 548 298 472 854 737 364 358 82 955 40 885 701 406 616 804 815 952 20 719 74 500 79 547 428 787 557 400 439 121 518 345 575 415 478 761 379 461 561 811 32 0 95 976 307 573 
221 963 710 982 629 432 653 301 369 189 757 367 512 9 814 753 160 342 128 465 760 48 398 895 642 758 914 148 981 348 574 975 349 815 215 266 860 778 799 896 590 88 559 143 536 95 0 884 855 642 
779 286 675 108 588 8 217 236 477 554 91 117 695 415 948 211 206 677 914 198 784 155 381 969 197 87 587 552 578 562 755 355 840 683 990 200 634 63 778 895 708 806 474 898 669 976 884 0 4 723 
899 606 568 163 521 134 396 174 217 813 60 778 942 317 437 771 714 246 113 107 340 460 535 599 436 376 400 434 519 431 591 739 748 353 838 440 345 465 433 242 18 757 383 902 172 307 855 4 0 965 
146 94 821 471 921 822 315 803 689 74 252 982 415 927 847 629 758 444 910 658 248 367 694 609 511 145 128 863 601 664 523 317 21 770 357 810 259 485 358 884 994 63 792 563 910 573 642 723 965 0 
0 168 535 197 115 237 854 340 436 5 833 801 210 360 537 32 515 911 937 83 782 991 141 672 272 241 546 966 894 181 483 775 817 955 844 27 548 70 86 440 877 858 815 855 380 38 221 779 899 146 
168 0 48 105 377 168 521 699 887 594 477 302 193 581 317 72 888 610 614 302 41 407 129 519 910 132 984 82 967 895 34 486 621 918 321 612 45 552 236 639 700 797 478 121 894 950 963 286 606 94 
535 48 0 375 166 219 888 99 355 470 804 289 323 399 340 448 788 774 844 882 421 897 785 768 787 822 159 342 841 166 649 192 703 841 222 901 642 239 274 891 294 951 822 984 796 158 710 675 568 821 
197 105 375 0 862 81 154 23 405 770 21 804 530 904 899 972 106 3 754 837 147 464 504 252 814 169 769 285 721 475 179 228 942 389 189 536 927 260 962 575 438 216 784 871 90 172 982 108 163 471 
115 377 166 862 0 548 216 496 639 527 526 459 863 94 917 343 998 866 44 527 602 660 425 11 941 174 354 737 457 483 574 346 433 390 553 601 336 7 252 717 137 194 18 730 371 127 629 588 521 921 
237 168 219 81 548 0 215 476 340 193 429 905 859 499 608 691 68 983 672 1 984 138 841 771 441 989 590 560 263 343 607 693 925 789 680 381 466 535 955 400 301 134 161 438 16 548 432 8 134 822 
854 521 888 154 216 215 0 804 787 933 777 212 553 442 270 528 330 922 187 666 990 978 464 857 510 119 907 374 317 421 812 308 294 459 208 425 982 632 986 909 330 405 711 995 267 298 653 217 396 315 
340 699 99 23 496 476 804 0 363 97 166 404 979 401 447 338 146 477 645 580 600 378 430 139 704 120 806 320 197 906 883 842 775 830 527 482 421 802 741 559 445 686 405 743 223 472 301 236 174 803 
436 887 355 405 639 340 787 363 0 992 884 150 840 764 156 467 42 782 244 884 410 246 834 281 851 530 392 6 363 757 89 620 145 897 529 213 749 426 108 970 630 508 998 534 29 854 369 477 217 689 
5 594 470 770 527 193 933 97 992 0 319 906 499 588 347 462 776 280 185 834 299 969 701 484 933 176 161 195 979 122 419 24 267 956 962 173 487 264 975 861 683 973 824 311 516 737 189 554 813 74 
833 477 804 21 526 429 777 166 884 319 0 225 199 850 252 746 586 122 877 541 505 873 386 636 816 283 799 613 349 940 277 49 514 813 509 809 58 417 438 376 75 780 894 631 396 364 757 91 60 252 
801 302 289 804 459 905 212 404 150 906 225 0 135 669 879 201 681 623 670 275 570 433 528 554 304 720 652 592 571 485 616 523 822 514 511 697 859 351 93 706 278 584 340 381 66 358 367 117 778 982 
210 193 323 530 863 859 553 979 840 499 199 135 0 131 989 321 246 178 276 782 985 827 452 189 286 686 404 529 695 258 897 745 160 69 194 880 743 799 979 981 701 528 886 202 925 82 512 695 942 415 
360 581 399 904 94 499 442 401 764 588 850 669 131 0 970 820 758 878 301 733 17 781 69 740 139 466 749 419 447 509 415 960 621 743 162 13 675 171 556 528 552 896 344 537 228 955 9 415 317 927 
537 317 340 899 917 608 270 447 156 347 252 879 989 970 0 580 291 666 314 566 61 15 207 513 606 582 925 121 506 238 204 319 649 389 426 859 635 804 931 405 886 606 462 71 47 40 814 948 437 847 
32 72 448 972 343 691 528 338 467 462 746 201 321 820 580 0 848 857 780 168 651 314 936 493 858 936 641 62 782 379 382 274 444 351 273 828 196 506 965 528 1 515 283 292 775 885 753 211 771 629 
515 888 788 106 998 68 330 146 42 776 586 681 246 758 291 848 0 385 134 193 257 113 29 766 672 232 407 529 519 708 742 779 763 855 611 786 77 100 210 104 643 273 411 533 372 701 160 206 714 758 
911 610 774 3 866 983 922 477 782 280 122 623 178 878 666 857 385 0 540 324 203 687 70 81 503 361 966 546 318 634 780 160 570 834 65 835 139 87 221 386 975 504 108 376 478 406 342 677 246 444 
937 614 844 754 44 672 187 645 244 185 877 670 276 301 314 780 134 540 0 401 835 697 368 452 730 549 484 883 63 820 885 519 392 772 207 759 129 28 604 885 640 977 914 439 400 616 128 914 113 910 
83 302 882 837 527 1 666 580 884 834 541 275 782 733 566 168 193 324 401 0 756 480 214 471 179 257 123 576 936 61 117 52 875 989 282 390 777 89 904 80 21 489 343 547 267 804 465 198 107 658 
782 41 421 147 602 984 990 600 410 299 505 570 985 17 61 651 257 203 835 756 0 434 632 218 829 556 709 517 120 266 905 210 826 497 272 437 494 706 490 770 934 930 299 66 712 815 760 784 340 248 
991 407 897 464 660 138 978 378 246 969 873 433 827 781 15 314 113 687 697 480 434 0 241 884 192 690 640 241 784 231 161 259 832 672 178 755 256 411 210 67 617 43 755 599 310 952 48 155 460 367 
141 129 785 504 425 841 464 430 834 701 386 528 452 69 207 936 29 70 368 214 632 241 0 178 390 404 37 749 130 702 62 383 940 975 962 523 900 818 372 60 363 146 782 819 721 20 398 381 535 694 
672 519 768 252 11 771 857 139 281 484 636 554 189 740 513 493 766 81 452 471 218 884 178 0 492 110 989 270 103 88 802 78 626 179 48 809 407 324 456 69 245 566 8 302 933 719 895 969 599 609 
272 910 787 814 941 441 510 704 851 933 816 304 286 139 606 858 672 503 730 179 829 192 390 492 0 300 307 263 891 453 132 415 311 162 629 908 950 744 252 903 343 285 96 114 246 74 642 197 436 511 
241 132 822 169 174 989 119 120 530 176 283 720 686 466 582 936 232 361 549 257 556 690 404 110 300 0 115 697 221 42 914 142 810 891 711 403 561 655 775 609 230 458 248 567 780 500 758 87 376 145 
546 984 159 769 354 590 907 806 392 161 799 652 404 749 925 641 407 966 484 123 709 640 37 989 307 115 0 639 735 497 621 144 646 468 88 451 862 57 308 573 779 449 320 759 842 79 914 587 400 128 
966 82 342 285 737 560 374 320 6 195 613 592 529 419 121 62 529 546 883 576 517 241 749 270 263 697 639 0 463 824 1000 41 556 509 963 199 684 122 242 771 176 632 586 11 342 547 148 552 434 863 
894 967 841 721 457 263 317 197 363 979 349 571 695 447 506 782 519 318 63 936 120 784 130 103 891 221 735 463 0 904 570 67 739 8 112 654 845 21 335 695 643 699 384 3 310 428 981 578 519 601 
181 895 166 475 483 343 421 906 757 122 940 485 258 509 238 379 708 634 820 61 266 231 702 88 453 42 497 824 904 0 495 249 479 16 901 347 444 72 733 480 163 577 264 269 69 787 348 562 431 664 
483 34 649 179 574 607 812 883 89 419 277 616 897 415 204 382 742 780 885 117 905 161 62 802 132 914 621 1000 570 495 0 20 514 231 615 838 646 639 306 635 232 167 1000 893 86 557 574 755 591 523 
775 486 192 228 346 693 308 842 620 24 49 523 745 960 319 274 779 160 519 52 210 259 383 78 415 142 144 41 67 249 20 0 512 875 888 265 754 585 668 764 890 241 938 38 208 400 975 355 739 317 
817 621 703 942 433 925 294 775 145 267 514 822 160 621 649 444 763 570 392 875 826 832 940 626 311 810 646 556 739 479 514 512 0 308 18 912 661 708 547 203 211 585 701 861 348 439 349 840 748 21 
955 918 841 389 390 789 459 830 897 956 813 514 69 743 389 351 855 834 772 989 497 672 975 179 162 891 468 509 8 16 231 875 308 0 981 543 20 239 358 411 357 340 726 440 586 121 815 683 353 770 
844 321 222 189 553 680 208 527 529 962 509 511 194 162 426 273 611 65 207 282 272 178 962 48 629 711 88 963 112 901 615 888 18 981 0 310 194 151 46 202 384 275 13 372 125 518 215 990 838 357 
27 612 901 536 601 381 425 482 213 173 809 697 880 13 859 828 786 835 759 390 437 755 523 809 908 403 451 199 654 347 838 265 912 543 310 0 57 561 437 736 567 265 409 497 867 345 266 200 440 810 
548 45 642 927 336 466 982 421 749 487 58 859 743 675 635 196 77 139 129 777 494 256 900 407 950 561 862 684 845 444 646 754 661 20 194 57 0 213 166 529 535 984 673 162 490 575 860 634 345 259 
70 552 239 260 7 535 632 802 426 264 417 351 799 171 804 506 100 87 28 89 706 411 818 324 744 655 57 122 21 72 639 585 708 239 151 561 213 0 89 256 166 48 185 426 366 415 778 63 465 485 
86 236 274 962 252 955 986 741 108 975 438 93 979 556 931 965 210 221 604 904 490 210 372 456 252 775 308 242 335 733 306 668 547 358 46 437 166 89 0 450 282 953 713 327 331 478 799 778 433 358 
440 639 891 575 717 400 909 559 970 861 376 706 981 528 405 528 104 386 885 80 770 67 60 69 903 609 573 771 695 480 635 764 203 411 202 736 529 256 450 0 614 261 315 261 819 761 896 895 242 884 
877 700 294 438 137 301 330 445 630 683 75 278 701 552 886 1 643 975 640 21 934 617 363 245 343 230 779 176 643 163 232 890 211 357 384 567 535 166 282 614 0 131 24 486 633 379 590 708 18 994 
858 797 951 216 194 134 405 686 508 973 780 584 528 896 606 515 273 504 977 489 930 43 146 566 285 458 449 632 699 577 167 241 585 340 275 265 984 48 953 261 131 0 378 481 164 461 88 806 757 63 
815 478 822 784 18 161 711 405 998 824 894 340 886 344 462 283 411 108 914 343 299 755 782 8 96 248 320 586 384 264 1000 938 701 726 13 409 673 185 713 315 24 378 0 266 43 561 559 474 383 792 
855 121 984 871 730 438 995 743 534 311 631 381 202 537 71 292 533 376 439 547 66 599 819 302 114 567 759 11 3 269 893 38 861 440 372 497 162 426 327 261 486 481 266 0 562 811 143 898 902 563 
380 894 796 90 371 16 267 223 29 516 396 66 925 228 47 775 372 478 400 267 712 310 721 933 246 780 842 342 310 69 86 208 348 586 125 867 490 366 331 819 633 164 43 562 0 32 536 669 172 910 
38 950 158 172 127 548 298 472 854 737 364 358 82 955 40 885 701 406 616 804 815 952 20 719 74 500 79 547 428 787 557 400 439 121 518 345 575 415 478 761 379 461 561 811 32 0 95 976 307 573 
221 963 710 982 629 432 653 301 369 189 757 367 512 9 814 753 160 342 128 465 760 48 398 895 642 758 914 148 981 348 574 975 349 815 215 266 860 778 799 896 590 88 559 143 536 95 0 884 855 642 
779 286 675 108 588 8 217 236 477 554 91 117 695 415 948 211 206 677 914 198 784 155 381 969 197 87 587 552 578 562 755 355 840 683 990 200 634 63 778 895 708 806 474 898 669 976 884 0 4 723 
899 606 568 163 521 134 396 174 217 813 60 778 942 317 437 771 714 246 113 107 340 460 535 599 436 376 400 434 519 431 591 739 748 353 838 440 345 465 433 242 18 757 383 902 172 307 855 4 0 965 
146 94 821 471 921 822 315 803 689 74 252 982 415 927 847 629 758 444 910 658 248 367 694 609 511 145 128 863 601 664 523 317 21 770 357 810 259 485 358 884 994 63 792 563 910 573 642 723 965 0 
