40 3
0 245 317 815 558 51 706 615 555 805 327 574 796 899 294 726 240 558 466 827 470 771 788 579 719 189 536 388 212 374 1000 418 630 160 916 685 156 242 577 628 
245 0 508 408 948 363 558 1 239 934 562 947 952 431 242 245 280 746 647 363 75 104 399 165 488 127 689 571 120 603 47 111 156 88 347 403 548 664 461 721 
317 508 0 325 724 397 934 285 71 399 909 463 483 880 833 510 449 437 242 594 907 90 800 509 622 967 712 852 906 419 703 245 708 474 282 750 579 480 31 437 
815 408 325 0 491 848 292 329 594 84 312 272 970 245 900 296 860 820 740 404 866 735 177 555 152 741 259 860 414 476 338 333 912 422 844 175 601 610 469 39 
558 948 724 491 0 369 948 352 602 743 861 41 26 505 830 402 241 856 84 676 355 369 197 692 162 973 443 365 171 218 479 395 984 722 598 421 496 65 363 580 
51 363 397 848 369 0 981 750 276 712 22 437 769 109 661 677 498 439 559 410 899 833 327 296 499 169 302 789 334 114 319 41 310 312 881 2 16 10 141 774 
706 558 934 292 948 981 0 282 682 584 551 79 447 885 348 173 190 957 687 237 786 494 216 485 553 553 597 251 865 234 479 974 139 810 197 124 353 116 46 520 
615 1 285 329 352 750 282 0 456 193 565 964 751 189 515 567 558 803 943 358 556 376 173 575 207 616 118 135 279 606 153 503 400 222 521 860 368 264 302 942 
555 239 71 594 602 276 682 456 0 512 156 308 49 886 507 581 586 953 269 519 8 45 351 919 321 538 280 483 695 965 517 79 231 13 29 417 242 991 567 390 
805 934 399 84 743 712 584 193 512 0 581 222 116 663 536 314 692 170 690 664 887 134 241 166 50 621 623 118 629 728 954 446 476 645 226 43 1000 363 216 505 
327 562 909 312 861 22 551 565 156 581 0 783 303 459 961 526 840 301 757 304 410 165 1 426 255 279 665 707 156 299 342 104 559 182 572 131 449 644 55 971 
574 947 463 272 41 437 79 964 308 222 783 0 366 903 443 904 24 184 413 429 518 462 849 808 431 903 979 743 14 686 652 920 683 652 652 214 587 246 428 196 
796 952 483 970 26 769 447 751 49 116 303 366 0 805 856 672 548 24 340 591 528 214 91 757 484 705 860 86 864 194 763 893 260 272 183 168 234 141 740 540 
899 431 880 245 505 109 885 189 886 663 459 903 805 0 780 42 620 480 488 307 71 312 884 399 879 707 994 774 314 251 826 161 853 359 784 83 867 70 297 616 
294 242 833 900 830 661 348 515 507 536 961 443 856 780 0 833 430 283 731 705 127 909 51 556 983 626 522 725 278 586 162 850 459 492 714 404 116 741 936 439 
726 245 510 296 402 677 173 567 581 314 526 904 672 42 833 0 972 763 37 375 74 598 567 33 107 179 791 671 341 340 536 149 687 77 22 483 715 359 857 534 
240 280 449 860 241 498 190 558 586 692 840 24 548 620 430 972 0 666 937 711 24 404 833 569 621 166 637 598 630 912 433 677 617 45 138 615 455 505 339 66 
558 746 437 820 856 439 957 803 953 170 301 184 24 480 283 763 666 0 328 558 857 146 778 368 594 633 824 308 691 545 706 855 716 669 348 211 296 140 962 439 
466 647 242 740 84 559 687 943 269 690 757 413 340 488 731 37 937 328 0 136 147 61 972 99 396 471 947 534 571 656 47 8 695 849 154 51 996 409 274 900 
827 363 594 404 676 410 237 358 519 664 304 429 591 307 705 375 711 558 136 0 545 287 769 907 947 574 955 439 848 713 444 925 55 223 957 240 134 481 328 226 
470 75 907 866 355 899 786 556 8 887 410 518 528 71 127 74 24 857 147 545 0 723 514 579 837 881 113 186 271 280 670 964 175 597 793 130 952 156 401 563 
771 104 90 735 369 833 494 376 45 134 165 462 214 312 909 598 404 146 61 287 723 0 776 306 233 51 600 745 230 711 450 687 564 714 737 51 926 792 964 870 
788 399 800 177 197 327 216 173 351 241 1 849 91 884 51 567 833 778 972 769 514 776 0 334 894 660 506 563 290 213 144 158 654 878 300 979 213 613 908 211 
579 165 509 555 692 296 485 575 919 166 426 808 757 399 556 33 569 368 99 907 579 306 334 0 25 239 410 262 243 768 419 841 359 343 663 634 638 666 67 302 
719 488 622 152 162 499 553 207 321 50 255 431 484 879 983 107 621 594 396 947 837 233 894 25 0 449 164 549 187 125 218 846 400 649 649 300 469 351 145 182 
189 127 967 741 973 169 553 616 538 621 279 903 705 707 626 179 166 633 471 574 881 51 660 239 449 0 231 930 820 971 26 447 500 927 555 113 741 35 938 365 
536 689 712 259 443 302 597 118 280 623 665 979 860 994 522 791 637 824 947 955 113 600 506 410 164 231 0 814 229 299 878 684 161 814 516 62 391 70 966 715 
388 571 852 860 365 789 251 135 483 118 707 743 86 774 725 671 598 308 534 439 186 745 563 262 549 930 814 0 505 363 816 306 495 115 601 816 404 100 681 189 
212 120 906 414 171 334 865 279 695 629 156 14 864 314 278 341 630 691 571 848 271 230 290 243 187 820 229 505 0 137 194 614 126 672 321 801 555 818 245 102 
374 603 419 476 218 114 234 606 965 728 299 686 194 251 586 340 912 545 656 713 280 711 213 768 125 971 299 363 137 0 332 462 476 662 706 266 971 149 705 307 
1000 47 703 338 479 319 479 153 517 954 342 652 763 826 162 536 433 706 47 444 670 450 144 419 218 26 878 816 194 332 0 248 244 6 582 567 908 867 352 28 
418 111 245 333 395 41 974 503 79 446 104 920 893 161 850 149 677 855 8 925 964 687 158 841 846 447 684 306 614 462 248 0 300 49 988 669 228 27 825 639 
630 156 708 912 984 310 139 400 231 476 559 683 260 853 459 687 617 716 695 55 175 564 654 359 400 500 161 495 126 476 244 300 0 906 272 136 980 625 540 624 
160 88 474 422 722 312 810 222 13 645 182 652 272 359 492 77 45 669 849 223 597 714 878 343 649 927 814 115 672 662 6 49 906 0 658 127 133 546 981 642 
916 347 282 844 598 881 197 521 29 226 572 652 183 784 714 22 138 348 154 957 793 737 300 663 649 555 516 601 321 706 582 988 272 658 0 614 466 235 946 955 
685 403 750 175 421 2 124 860 417 43 131 214 168 83 404 483 615 211 51 240 130 51 979 634 300 113 62 816 801 266 567 669 136 127 614 0 266 72 505 326 
156 548 579 601 496 16 353 368 242 1000 449 587 234 867 116 715 455 296 996 134 952 926 213 638 469 741 391 404 555 971 908 228 980 133 466 266 0 603 966 44 
242 664 480 610 65 10 116 264 991 363 644 246 141 70 741 359 505 140 409 481 156 792 613 666 351 35 70 100 818 149 867 27 625 546 235 72 603 0 37 650 
577 461 31 469 363 141 46 302 567 216 55 428 740 297 936 857 339 962 274 328 401 964 908 67 145 938 966 681 245 705 352 825 540 981 946 505 966 37 0 36 
628 721 437 39 580 774 520 942 390 505 971 196 540 616 439 534 66 439 900 226 563 870 211 302 182 365 715 189 102 307 28 639 624 642 955 326 44 650 36 0 
0 540 431 571 127 437 606 214 6 614 458 251 962 692 42 875 471 409 759 338 442 589 455 608 399 438 970 763 872 256 38 959 861 600 992 378 874 419 973 32 
540 0 928 470 440 674 673 867 322 398 626 100 17 226 80 453 213 926 140 96 767 365 595 646 234 31 501 885 434 841 112 24 952 987 236 931 409 881 825 444 
431 928 0 446 896 737 367 871 564 546 564 523 193 85 320 680 368 963 852 15 548 471 29 281 215 762 157 185 699 694 627 28 614 576 649 444 548 28 585 104 
571 470 446 0 78 54 498 312 771 777 306 321 213 203 175 94 940 957 232 685 920 414 546 895 114 19 658 780 213 793 339 174 222 195 256 337 412 194 276 554 
127 440 896 78 0 771 998 261 201 325 432 608 557 705 17 558 362 574 755 448 423 852 279 416 988 309 967 485 112 546 120 78 382 437 359 749 167 466 690 558 
437 674 737 54 771 0 64 621 745 71 333 148 180 814 105 881 297 68 818 726 175 309 371 985 597 799 884 172 551 992 829 155 740 795 356 119 461 233 133 706 
606 673 367 498 998 64 0 675 331 763 167 942 923 921 604 779 219 223 563 563 497 918 26 879 930 25 993 865 727 406 847 215 168 597 108 287 641 178 538 311 
214 867 871 312 261 621 675 0 78 764 331 406 958 317 208 49 233 77 479 657 822 239 261 219 98 359 528 42 820 534 699 102 724 765 321 375 799 778 359 181 
6 322 564 771 201 745 331 78 0 914 803 436 973 230 981 56 57 648 851 801 387 348 559 432 589 318 334 201 73 784 264 428 532 703 241 544 296 327 224 844 
614 398 546 777 325 71 763 764 914 0 344 949 801 589 238 284 590 720 32 433 774 945 485 620 710 167 970 100 889 765 285 438 743 742 340 518 287 655 364 881 
458 626 564 306 432 333 167 331 803 344 0 612 693 344 602 295 152 285 113 628 324 104 163 454 22 347 407 15 464 736 144 302 660 829 903 185 628 378 367 847 
251 100 523 321 608 148 942 406 436 949 612 0 434 366 977 833 262 212 394 589 276 482 900 475 521 666 392 466 954 929 411 556 915 84 193 319 532 656 497 416 
962 17 193 213 557 180 923 958 973 801 693 434 0 45 525 467 574 863 56 916 418 482 8 630 928 365 372 811 911 434 707 651 89 210 726 564 845 149 545 599 
692 226 85 203 705 814 921 317 230 589 344 366 45 0 608 106 971 620 639 472 884 2 969 921 751 793 955 83 862 581 587 340 676 25 33 94 58 655 699 134 
42 80 320 175 17 105 604 208 981 238 602 977 525 608 0 563 917 168 955 23 13 402 238 913 757 129 187 411 311 636 142 199 858 744 427 173 220 805 251 643 
875 453 680 94 558 881 779 49 56 284 295 833 467 106 563 0 271 466 368 139 374 768 61 263 321 64 250 739 451 480 907 598 970 933 531 811 644 662 160 34 
471 213 368 940 362 297 219 233 57 590 152 262 574 971 917 271 0 142 823 563 352 117 87 509 138 631 884 520 955 495 612 67 192 592 340 637 936 58 885 20 
409 926 963 957 574 68 223 77 648 720 285 212 863 620 168 466 142 0 643 297 858 312 54 360 866 328 462 800 731 305 397 98 554 611 466 537 40 878 819 517 
759 140 852 232 755 818 563 479 851 32 113 394 56 639 955 368 823 643 0 262 420 174 810 205 826 743 113 5 31 760 212 761 171 86 535 680 838 166 811 654 
338 96 15 685 448 726 563 657 801 433 628 589 916 472 23 139 563 297 262 0 569 797 493 516 747 981 290 377 501 487 456 788 929 326 218 918 259 625 848 272 
442 767 548 920 423 175 497 822 387 774 324 276 418 884 13 374 352 858 420 569 0 692 386 1000 324 930 503 147 57 241 42 569 597 643 208 416 650 915 45 464 
589 365 471 414 852 309 918 239 348 945 104 482 482 2 402 768 117 312 174 797 692 0 904 117 621 224 566 277 997 889 47 846 340 962 681 644 555 314 727 123 
455 595 29 546 279 371 26 261 559 485 163 900 8 969 238 61 87 54 810 493 386 904 0 180 402 403 497 769 680 705 122 799 870 305 826 467 17 38 20 497 
608 646 281 895 416 985 879 219 432 620 454 475 630 921 913 263 509 360 205 516 1000 117 180 0 77 41 245 907 838 137 968 718 367 493 438 915 246 330 516 18 
399 234 215 114 988 597 930 98 589 710 22 521 928 751 757 321 138 866 826 747 324 621 402 77 0 451 460 908 505 534 923 650 711 464 322 901 971 963 567 249 
438 31 762 19 309 799 25 359 318 167 347 666 365 793 129 64 631 328 743 981 930 224 403 41 451 0 861 662 135 743 259 57 776 523 430 404 360 641 609 385 
970 501 157 658 967 884 993 528 334 970 407 392 372 955 187 250 884 462 113 290 503 566 497 245 460 861 0 975 441 431 168 908 730 517 48 947 807 123 122 185 
763 885 185 780 485 172 865 42 201 100 15 466 811 83 411 739 520 800 5 377 147 277 769 907 908 662 975 0 749 117 645 252 119 633 898 331 446 414 863 511 
872 434 699 213 112 551 727 820 73 889 464 954 911 862 311 451 955 731 31 501 57 997 680 838 505 135 441 749 0 498 490 543 813 835 891 146 487 808 222 840 
256 841 694 793 546 992 406 534 784 765 736 929 434 581 636 480 495 305 760 487 241 889 705 137 534 743 431 117 498 0 272 857 349 684 893 74 124 708 614 414 
38 112 627 339 120 829 847 699 264 285 144 411 707 587 142 907 612 397 212 456 42 47 122 968 923 259 168 645 490 272 0 923 125 381 796 47 507 365 165 192 
959 24 28 174 78 155 215 102 428 438 302 556 651 340 199 598 67 98 761 788 569 846 799 718 650 57 908 252 543 857 923 0 286 19 69 670 931 675 22 498 
861 952 614 222 382 740 168 724 532 743 660 915 89 676 858 970 192 554 171 929 597 340 870 367 711 776 730 119 813 349 125 286 0 88 23 705 902 665 945 305 
600 987 576 195 437 795 597 765 703 742 829 84 210 25 744 933 592 611 86 326 643 962 305 493 464 523 517 633 835 684 381 19 88 0 721 824 714 869 776 595 
992 236 649 256 359 356 108 321 241 340 903 193 726 33 427 531 340 466 535 218 208 681 826 438 322 430 48 898 891 893 796 69 23 721 0 148 866 121 824 351 
378 931 444 337 749 119 287 375 544 518 185 319 564 94 173 811 637 537 680 918 416 644 467 915 901 404 947 331 146 74 47 670 705 824 148 0 631 277 501 580 
874 409 548 412 167 461 641 799 296 287 628 532 845 58 220 644 936 40 838 259 650 555 17 246 971 360 807 446 487 124 507 931 902 714 866 631 0 133 669 901 
419 881 28 194 466 233 178 778 327 655 378 656 149 655 805 662 58 878 166 625 915 314 38 330 963 641 123 414 808 708 365 675 665 869 121 277 133 0 888 623 
973 825 585 276 690 133 538 359 224 364 367 497 545 699 251 160 885 819 811 848 45 727 20 516 567 609 122 863 222 614 165 22 945 776 824 501 669 888 0 247 
32 444 104 554 558 706 311 181 844 881 847 416 599 134 643 34 20 517 654 272 464 123 497 18 249 385 185 511 840 414 192 498 305 595 351 580 901 623 247 0 
0 516 401 286 895 552 335 792 962 499 649 798 202 297 887 122 626 576 283 687 766 483 534 459 651 552 121 302 149 882 893 104 116 615 132 547 165 659 12 988 
516 0 199 516 445 412 103 176 749 754 276 866 961 771 822 647 866 233 714 904 113 743 382 363 671 933 452 352 447 269 803 736 69 210 679 161 612 90 40 685 
401 199 0 689 268 113 673 203 518 527 639 490 881 734 865 419 584 146 239 972 820 321 986 706 736 327 951 592 435 326 236 895 297 439 175 431 396 859 430 969 
286 516 689 0 977 724 433 710 271 159 647 553 696 676 907 924 34 90 822 79 204 635 318 59 726 826 460 357 648 53 566 928 854 853 865 604 638 826 724 308 
895 445 268 977 0 304 34 838 768 768 549 521 491 288 985 616 729 575 303 635 488 146 751 831 5 616 73 495 929 499 940 818 473 531 670 192 980 604 165 461 
552 412 113 724 304 0 844 251 207 931 516 842 699 175 848 2 870 946 344 294 876 685 651 178 382 192 45 809 370 57 227 908 304 42 660 871 477 729 836 434 
335 103 673 433 34 844 0 359 885 95 878 90 303 34 519 217 714 800 473 500 604 75 857 137 68 947 158 137 250 583 293 634 981 285 934 742 418 974 301 644 
792 176 203 710 838 251 359 0 912 181 734 496 104 707 618 774 766 821 585 386 203 604 642 936 862 509 592 903 263 407 302 884 339 227 560 685 219 312 608 619 
962 749 518 271 768 207 885 912 0 157 197 682 11 962 148 727 859 275 313 201 394 472 488 450 552 515 530 885 972 181 672 627 597 316 673 551 738 677 636 169 
499 754 527 159 768 931 95 181 157 0 449 149 305 327 779 523 489 437 984 499 284 209 624 303 226 805 174 926 4 246 810 393 138 234 749 667 757 411 882 178 
649 276 639 647 549 516 878 734 197 449 0 448 142 718 503 808 923 657 964 232 581 987 824 679 795 536 648 985 754 180 820 625 257 97 92 897 308 600 613 147 
798 866 490 553 521 842 90 496 682 149 448 0 621 612 4 196 669 782 713 418 794 700 205 508 340 406 664 433 29 6 410 604 261 945 680 656 399 354 528 717 
202 961 881 696 491 699 303 104 11 305 142 621 0 790 813 359 428 140 950 140 579 480 929 486 131 664 736 59 151 656 302 268 879 865 280 507 127 784 466 541 
297 771 734 676 288 175 34 707 962 327 718 612 790 0 166 830 20 395 349 431 312 806 13 96 283 181 44 835 98 269 334 669 220 991 920 679 773 462 416 847 
887 822 865 907 985 848 519 618 148 779 503 4 813 166 0 416 232 977 35 966 874 606 821 210 260 939 698 664 643 466 873 662 187 279 626 973 512 337 629 336 
122 647 419 924 616 2 217 774 727 523 808 196 359 830 416 0 789 678 657 863 451 274 960 648 841 820 715 310 631 449 80 365 87 126 434 149 510 262 946 848 
626 866 584 34 729 870 714 766 859 489 923 669 428 20 232 789 0 883 145 485 798 949 836 388 869 223 306 475 199 488 478 956 795 492 513 140 39 913 138 975 
576 233 146 90 575 946 800 821 275 437 657 782 140 395 977 678 883 0 204 763 320 658 950 655 71 761 498 103 407 761 560 964 371 415 697 385 989 15 271 561 
283 714 239 822 303 344 473 585 313 984 964 713 950 349 35 657 145 204 0 676 580 817 169 854 50 245 957 964 911 314 866 297 931 988 599 282 157 702 80 282 
687 904 972 79 635 294 500 386 201 499 232 418 140 431 966 863 485 763 676 0 648 73 513 444 475 25 590 621 620 554 598 179 6 747 724 206 832 413 105 759 
766 113 820 204 488 876 604 203 394 284 581 794 579 312 874 451 798 320 580 648 0 516 786 4 588 263 575 931 891 567 852 220 433 410 880 548 326 212 972 534 
483 743 321 635 146 685 75 604 472 209 987 700 480 806 606 274 949 658 817 73 516 0 63 896 431 875 460 773 45 151 943 24 646 136 384 323 438 516 51 793 
534 382 986 318 751 651 857 642 488 624 824 205 929 13 821 960 836 950 169 513 786 63 0 714 711 665 529 327 287 325 781 305 9 687 208 643 762 891 923 482 
459 363 706 59 831 178 137 936 450 303 679 508 486 96 210 648 388 655 854 444 4 896 714 0 894 855 853 92 58 941 244 260 579 455 628 95 668 664 544 997 
651 671 736 726 5 382 68 862 552 226 795 340 131 283 260 841 869 71 50 475 588 431 711 894 0 430 586 9 532 393 30 187 352 575 553 5 81 29 431 693 
552 933 327 826 616 192 947 509 515 805 536 406 664 181 939 820 223 761 245 25 263 875 665 855 430 0 247 328 954 334 765 920 166 330 627 670 461 292 315 732 
121 452 951 460 73 45 158 592 530 174 648 664 736 44 698 715 306 498 957 590 575 460 529 853 586 247 0 263 459 641 745 212 547 366 759 2 217 925 920 824 
302 352 592 357 495 809 137 903 885 926 985 433 59 835 664 310 475 103 964 621 931 773 327 92 9 328 263 0 196 868 670 764 797 447 103 544 431 759 166 641 
149 447 435 648 929 370 250 263 972 4 754 29 151 98 643 631 199 407 911 620 891 45 287 58 532 954 459 196 0 608 496 456 88 276 193 651 541 262 783 38 
882 269 326 53 499 57 583 407 181 246 180 6 656 269 466 449 488 761 314 554 567 151 325 941 393 334 641 868 608 0 690 94 730 421 132 812 908 441 535 464 
893 803 236 566 940 227 293 302 672 810 820 410 302 334 873 80 478 560 866 598 852 943 781 244 30 765 745 670 496 690 0 284 727 470 256 998 576 536 897 861 
104 736 895 928 818 908 634 884 627 393 625 604 268 669 662 365 956 964 297 179 220 24 305 260 187 920 212 764 456 94 284 0 566 956 824 378 47 136 890 580 
116 69 297 854 473 304 981 339 597 138 257 261 879 220 187 87 795 371 931 6 433 646 9 579 352 166 547 797 88 730 727 566 0 698 812 378 115 102 79 631 
615 210 439 853 531 42 285 227 316 234 97 945 865 991 279 126 492 415 988 747 410 136 687 455 575 330 366 447 276 421 470 956 698 0 448 197 76 128 277 363 
132 679 175 865 670 660 934 560 673 749 92 680 280 920 626 434 513 697 599 724 880 384 208 628 553 627 759 103 193 132 256 824 812 448 0 825 301 914 19 807 
547 161 431 604 192 871 742 685 551 667 897 656 507 679 973 149 140 385 282 206 548 323 643 95 5 670 2 544 651 812 998 378 378 197 825 0 455 731 457 433 
165 612 396 638 980 477 418 219 738 757 308 399 127 773 512 510 39 989 157 832 326 438 762 668 81 461 217 431 541 908 576 47 115 76 301 455 0 851 513 98 
659 90 859 826 604 729 974 312 677 411 600 354 784 462 337 262 913 15 702 413 212 516 891 664 29 292 925 759 262 441 536 136 102 128 914 731 851 0 221 343 
12 40 430 724 165 836 301 608 636 882 613 528 466 416 629 946 138 271 80 105 972 51 923 544 431 315 920 166 783 535 897 890 79 277 19 457 513 221 0 816 
988 685 969 308 461 434 644 619 169 178 147 717 541 847 336 848 975 561 282 759 534 793 482 997 693 732 824 641 38 464 861 580 631 363 807 433 98 343 816 0 
0 377 451 514 932 332 423 891 869 392 554 777 43 356 992 116 609 411 53 645 687 484 418 448 732 378 26 289 271 761 984 109 123 449 86 646 282 579 168 966 
377 0 235 604 635 341 466 104 711 514 266 754 938 886 903 504 722 58 687 996 268 825 348 674 704 920 503 159 521 153 829 797 21 37 656 224 668 161 52 547 
451 235 0 568 169 207 616 134 568 466 449 516 757 883 674 426 755 65 219 780 521 355 997 849 832 325 767 913 192 430 348 973 349 508 360 380 463 963 540 847 
514 604 568 0 983 884 405 818 356 91 735 641 939 781 820 988 57 324 796 286 198 612 630 221 734 986 510 99 568 354 618 783 648 915 535 500 461 878 771 466 
932 635 169 983 0 250 51 611 842 650 412 481 420 229 906 251 515 460 205 330 620 173 602 519 32 707 23 617 885 620 841 839 841 682 670 215 935 576 331 560 
332 341 207 884 250 0 865 208 146 956 580 705 653 248 866 186 695 949 54 431 949 632 643 71 234 161 210 766 600 201 66 868 197 284 698 983 712 610 836 173 
423 466 616 405 51 865 0 446 609 347 724 115 88 211 473 89 762 647 576 427 553 195 993 171 28 858 101 175 260 571 95 813 849 340 959 850 396 619 333 767 
891 104 134 818 611 208 446 0 965 194 731 682 150 531 717 855 562 899 463 399 47 531 847 767 936 680 337 875 29 580 158 788 177 329 664 525 183 199 598 641 
869 711 568 356 842 146 609 965 0 84 205 459 53 912 166 821 979 370 323 66 710 581 476 517 510 531 879 949 920 263 785 636 442 230 627 670 932 791 740 221 
392 514 466 91 650 956 347 194 84 0 697 64 106 385 765 524 339 487 988 292 245 216 610 291 249 750 65 739 158 414 569 582 206 369 759 516 825 319 611 17 
554 266 449 735 412 580 724 731 205 697 0 287 281 728 430 684 829 682 759 547 632 977 932 406 997 683 743 913 716 148 696 627 405 141 23 696 276 604 573 176 
777 754 516 641 481 705 115 682 459 64 287 0 612 556 121 142 957 938 566 378 673 613 83 543 297 366 533 647 76 209 440 404 146 862 654 752 496 237 515 801 
43 938 757 939 420 653 88 150 53 106 281 612 0 996 493 396 394 73 919 105 705 459 998 480 98 595 602 376 49 458 303 338 863 726 199 421 304 792 283 391 
356 886 883 781 229 248 211 531 912 385 728 556 996 0 293 968 140 401 365 552 81 791 92 181 206 131 56 847 283 520 420 737 519 768 850 925 900 452 357 763 
992 903 674 820 906 866 473 717 166 765 430 121 493 293 0 429 143 735 193 933 923 640 780 1 54 774 847 699 626 457 903 973 82 446 467 844 637 231 959 346 
116 504 426 988 251 186 89 855 821 524 684 142 396 968 429 0 767 366 630 869 570 249 720 857 545 816 706 404 842 518 220 606 90 275 482 193 455 321 747 960 
609 722 755 57 515 695 762 562 979 339 829 957 394 140 143 767 0 943 166 472 504 884 957 443 923 563 124 621 125 424 373 894 770 289 464 387 22 917 112 979 
411 58 65 324 460 949 647 899 370 487 682 938 73 401 735 366 943 0 123 718 151 790 851 693 186 816 558 286 250 417 616 946 338 474 489 399 943 22 357 475 
53 687 219 796 205 54 576 463 323 988 759 566 919 365 193 630 166 123 0 765 744 715 132 872 189 252 829 864 797 85 760 267 909 981 304 328 168 801 37 393 
645 996 780 286 330 431 427 399 66 292 547 378 105 552 933 869 472 718 765 0 549 238 546 401 276 52 619 653 366 394 502 242 140 882 899 57 644 487 92 630 
687 268 521 198 620 949 553 47 710 245 632 673 705 81 923 570 504 151 744 549 0 229 485 6 508 180 442 853 939 698 882 547 413 373 946 567 297 122 844 542 
484 825 355 612 173 632 195 531 581 216 977 613 459 791 640 249 884 790 715 238 229 0 51 836 385 719 511 766 12 23 874 204 626 155 143 280 553 682 273 846 
418 348 997 630 602 643 993 847 476 610 932 83 998 92 780 720 957 851 132 546 485 51 0 930 551 610 418 410 410 454 762 257 102 657 344 310 896 911 965 354 
448 674 849 221 519 71 171 767 517 291 406 543 480 181 1 857 443 693 872 401 6 836 930 0 809 820 637 147 254 829 27 62 487 466 687 270 809 592 472 938 
732 704 832 734 32 234 28 936 510 249 997 297 98 206 54 545 923 186 189 276 508 385 551 809 0 611 567 70 510 298 111 415 53 585 865 110 9 37 375 661 
378 920 325 986 707 161 858 680 531 750 683 366 595 131 774 816 563 816 252 52 180 719 610 820 611 0 93 390 773 70 869 964 300 473 502 758 575 280 497 718 
26 503 767 510 23 210 101 337 879 65 743 533 602 56 847 706 124 558 829 619 442 511 418 637 567 93 0 64 700 605 976 136 296 435 912 82 107 992 858 757 
289 159 913 99 617 766 175 875 949 739 913 647 376 847 699 404 621 286 864 653 853 766 410 147 70 390 64 0 268 907 240 846 893 211 197 720 584 750 1 575 
271 521 192 568 885 600 260 29 920 158 716 76 49 283 626 842 125 250 797 366 939 12 410 254 510 773 700 268 0 449 458 359 164 246 48 816 532 327 642 373 
761 153 430 354 620 201 571 580 263 414 148 209 458 520 457 518 424 417 85 394 698 23 454 829 298 70 605 907 449 0 713 25 728 485 49 861 937 394 443 395 
984 829 348 618 841 66 95 158 785 569 696 440 303 420 903 220 373 616 760 502 882 874 762 27 111 869 976 240 458 713 0 8 736 546 444 820 414 660 721 550 
109 797 973 783 839 868 813 788 636 582 627 404 338 737 973 606 894 946 267 242 547 204 257 62 415 964 136 846 359 25 8 0 623 927 986 381 108 488 932 565 
123 21 349 648 841 197 849 177 442 206 405 146 863 519 82 90 770 338 909 140 413 626 102 487 53 300 296 893 164 728 736 623 0 743 885 283 274 431 162 714 
449 37 508 915 682 284 340 329 230 369 141 862 726 768 446 275 289 474 981 882 373 155 657 466 585 473 435 211 246 485 546 927 743 0 340 390 321 101 229 462 
86 656 360 535 670 698 959 664 627 759 23 654 199 850 467 482 464 489 304 899 946 143 344 687 865 502 912 197 48 49 444 986 885 340 0 783 161 894 237 659 
646 224 380 500 215 983 850 525 670 516 696 752 421 925 844 193 387 399 328 57 567 280 310 270 110 758 82 720 816 861 820 381 283 390 783 0 151 623 398 308 
282 668 463 461 935 712 396 183 932 825 276 496 304 900 637 455 22 943 168 644 297 553 896 809 9 575 107 584 532 937 414 108 274 321 161 151 0 860 330 126 
579 161 963 878 576 610 619 199 791 319 604 237 792 452 231 321 917 22 801 487 122 682 911 592 37 280 992 750 327 394 660 488 431 101 894 623 860 0 2 402 
168 52 540 771 331 836 333 598 740 611 573 515 283 357 959 747 112 357 37 92 844 273 965 472 375 497 858 1 642 443 721 932 162 229 237 398 330 2 0 799 
966 547 847 466 560 173 767 641 221 17 176 801 391 763 346 960 979 475 393 630 542 846 354 938 661 718 757 575 373 395 550 565 714 462 659 308 126 402 799 0 
