5 3
0 1 862 105 5 
1 0 100 377 177 
862 100 0 804 728 
105 377 804 0 463 
5 177 728 463 0 
0 590 765 295 813 
590 0 628 964 277 
765 628 0 881 42 
295 964 881 0 188 
813 277 42 188 0 
0 475 49 817 474 
475 0 638 34 754 
49 638 0 123 956 
817 34 123 0 687 
474 754 956 687 0 
0 360 119 815 237 
360 0 434 64 775 
119 434 0 41 976 
815 64 41 0 616 
237 775 976 616 0 
