30 3
0 958 805 827 126 495 952 785 824 576 975 3 303 670 154 990 101 879 375 872 544 776 603 179 519 797 245 807 44 469 
958 0 75 714 327 810 19 567 456 600 870 691 839 908 314 730 779 332 708 339 810 232 959 860 167 888 273 77 230 519 
805 75 0 104 814 10 32 283 387 20 364 253 521 488 306 723 494 508 881 12 903 42 100 358 1000 502 7 346 763 556 
827 714 104 0 282 700 247 122 132 8 737 858 92 856 982 834 773 258 159 804 701 535 113 63 492 982 71 66 650 862 
126 327 814 282 0 430 96 213 295 710 407 314 235 258 899 342 501 103 541 984 811 816 170 984 507 156 68 653 484 360 
495 810 10 700 430 0 668 553 207 599 328 618 695 96 170 636 635 110 302 828 488 259 557 643 536 681 203 747 552 524 
952 19 32 247 96 668 0 554 898 963 213 473 813 723 57 597 344 475 876 869 269 10 502 656 729 424 387 717 747 762 
785 567 283 122 213 553 554 0 189 792 810 389 622 652 605 400 433 465 919 165 424 132 168 149 782 752 498 760 836 806 
824 456 387 132 295 207 898 189 0 890 30 990 527 187 385 194 698 330 772 796 53 799 842 602 442 634 333 270 757 790 
576 600 20 8 710 599 963 792 890 0 789 654 18 226 5 307 266 106 49 286 678 69 966 159 909 186 233 550 620 654 
975 870 364 737 407 328 213 810 30 789 0 306 941 15 626 375 81 357 872 5 232 668 312 116 918 609 557 598 329 243 
3 691 253 858 314 618 473 389 990 654 306 0 281 42 93 842 428 693 866 667 408 229 785 224 436 299 401 474 517 992 
303 839 521 92 235 695 813 622 527 18 941 281 0 680 930 651 594 481 277 290 774 674 895 491 193 174 616 408 137 13 
670 908 488 856 258 96 723 652 187 226 15 42 680 0 30 633 995 919 364 650 60 753 509 794 234 956 86 442 987 293 
154 314 306 982 899 170 57 605 385 5 626 93 930 30 0 814 36 272 566 621 718 678 60 884 482 871 193 634 169 430 
990 730 723 834 342 636 597 400 194 307 375 842 651 633 814 0 211 858 907 446 472 956 408 366 498 618 412 235 612 11 
101 779 494 773 501 635 344 433 698 266 81 428 594 995 36 211 0 133 664 628 676 571 321 686 442 133 577 849 753 633 
879 332 508 258 103 110 475 465 330 106 357 693 481 919 272 858 133 0 458 890 882 777 35 358 520 562 82 454 261 449 
375 708 881 159 541 302 876 919 772 49 872 866 277 364 566 907 664 458 0 832 730 915 166 508 102 251 930 894 40 417 
872 339 12 804 984 828 869 165 796 286 5 667 290 650 621 446 628 890 832 0 718 804 429 855 701 924 756 865 668 799 
544 810 903 701 811 488 269 424 53 678 232 408 774 60 718 472 676 882 730 718 0 701 734 406 51 242 223 146 11 803 
776 232 42 535 816 259 10 132 799 69 668 229 674 753 678 956 571 777 915 804 701 0 166 438 239 651 701 130 497 990 
603 959 100 113 170 557 502 168 842 966 312 785 895 509 60 408 321 35 166 429 734 166 0 899 690 663 214 150 164 432 
179 860 358 63 984 643 656 149 602 159 116 224 491 794 884 366 686 358 508 855 406 438 899 0 328 781 440 176 134 275 
519 167 1000 492 507 536 729 782 442 909 918 436 193 234 482 498 442 520 102 701 51 239 690 328 0 338 135 494 40 836 
797 888 502 982 156 681 424 752 634 186 609 299 174 956 871 618 133 562 251 924 242 651 663 781 338 0 232 87 677 837 
245 273 7 71 68 203 387 498 333 233 557 401 616 86 193 412 577 82 930 756 223 701 214 440 135 232 0 668 625 200 
807 77 346 66 653 747 717 760 270 550 598 474 408 442 634 235 849 454 894 865 146 130 150 176 494 87 668 0 594 126 
44 230 763 650 484 552 747 836 757 620 329 517 137 987 169 612 753 261 40 668 11 497 164 134 40 677 625 594 0 838 
469 519 556 862 360 524 762 806 790 654 243 992 13 293 430 11 633 449 417 799 803 990 432 275 836 837 200 126 838 0 
0 53 834 132 731 818 105 660 766 896 649 136 519 903 8 212 255 872 269 254 891 610 434 561 561 512 770 353 119 390 
53 0 961 315 594 919 267 279 556 279 560 59 672 795 630 906 11 557 883 711 339 758 139 1000 188 23 489 480 169 277 
834 961 0 249 22 698 108 612 297 878 265 507 12 849 500 343 923 274 702 209 199 914 495 186 71 818 336 862 332 80 
132 315 249 0 279 100 994 371 91 432 275 610 50 8 411 917 896 554 576 181 415 52 728 538 660 142 266 152 781 951 
731 594 22 279 0 694 302 635 323 799 841 398 909 440 890 99 940 429 225 514 104 569 112 660 220 271 266 654 526 45 
818 919 698 100 694 0 875 749 915 937 419 432 45 637 306 440 221 927 682 696 496 809 43 449 936 146 281 207 115 403 
105 267 108 994 302 875 0 824 51 737 565 890 873 657 740 640 377 5 947 181 583 971 411 646 343 521 844 604 7 860 
660 279 612 371 635 749 824 0 146 219 603 811 138 242 760 815 439 756 18 641 266 517 187 870 338 490 997 848 181 589 
766 556 297 91 323 915 51 146 0 298 55 477 961 214 390 587 670 840 486 661 986 469 514 102 543 469 770 807 790 190 
896 279 878 432 799 937 737 219 298 0 113 944 807 388 2 437 648 746 137 638 932 685 805 151 695 151 962 996 932 921 
649 560 265 275 841 419 565 603 55 113 0 566 765 127 783 467 328 930 665 147 141 799 698 369 453 722 761 551 217 781 
136 59 507 610 398 432 890 811 477 944 566 0 216 558 132 74 661 437 164 290 672 983 920 646 349 976 608 499 28 865 
519 672 12 50 909 45 873 138 961 807 765 216 0 90 409 556 309 814 256 290 647 139 155 394 660 203 406 365 323 200 
903 795 849 8 440 637 657 242 214 388 127 558 90 0 940 432 109 964 673 553 601 176 980 274 309 747 652 55 376 729 
8 630 500 411 890 306 740 760 390 2 783 132 409 940 0 498 879 272 657 193 490 245 314 937 429 891 129 850 628 595 
212 906 343 917 99 440 640 815 587 437 467 74 556 432 498 0 712 651 268 775 332 446 449 293 760 510 686 409 961 68 
255 11 923 896 940 221 377 439 670 648 328 661 309 109 879 712 0 563 371 370 186 269 1 44 527 858 747 220 526 896 
872 557 274 554 429 927 5 756 840 746 930 437 814 964 272 651 563 0 722 74 934 940 352 223 385 982 982 270 370 428 
269 883 702 576 225 682 947 18 486 137 665 164 256 673 657 268 371 722 0 404 981 544 113 553 857 774 451 535 632 996 
254 711 209 181 514 696 181 641 661 638 147 290 290 553 193 775 370 74 404 0 186 946 474 983 503 871 235 566 631 33 
891 339 199 415 104 496 583 266 986 932 141 672 647 601 490 332 186 934 981 186 0 803 26 908 335 389 930 641 993 553 
610 758 914 52 569 809 971 517 469 685 799 983 139 176 245 446 269 940 544 946 803 0 228 279 468 563 911 766 313 803 
434 139 495 728 112 43 411 187 514 805 698 920 155 980 314 449 1 352 113 474 26 228 0 879 869 612 582 960 807 533 
561 1000 186 538 660 449 646 870 102 151 369 646 394 274 937 293 44 223 553 983 908 279 879 0 83 913 627 637 853 175 
561 188 71 660 220 936 343 338 543 695 453 349 660 309 429 760 527 385 857 503 335 468 869 83 0 89 151 171 723 470 
512 23 818 142 271 146 521 490 469 151 722 976 203 747 891 510 858 982 774 871 389 563 612 913 89 0 486 411 813 853 
770 489 336 266 266 281 844 997 770 962 761 608 406 652 129 686 747 982 451 235 930 911 582 627 151 486 0 583 450 529 
353 480 862 152 654 207 604 848 807 996 551 499 365 55 850 409 220 270 535 566 641 766 960 637 171 411 583 0 455 326 
119 169 332 781 526 115 7 181 790 932 217 28 323 376 628 961 526 370 632 631 993 313 807 853 723 813 450 455 0 271 
390 277 80 951 45 403 860 589 190 921 781 865 200 729 595 68 896 428 996 33 553 803 533 175 470 853 529 326 271 0 
0 53 834 132 731 818 105 660 766 896 649 136 519 903 8 212 255 872 269 254 891 610 434 561 561 512 770 353 119 390 
53 0 961 315 594 919 267 279 556 279 560 59 672 795 630 906 11 557 883 711 339 758 139 1000 188 23 489 480 169 277 
834 961 0 249 22 698 108 612 297 878 265 507 12 849 500 343 923 274 702 209 199 914 495 186 71 818 336 862 332 80 
132 315 249 0 279 100 994 371 91 432 275 610 50 8 411 917 896 554 576 181 415 52 728 538 660 142 266 152 781 951 
731 594 22 279 0 694 302 635 323 799 841 398 909 440 890 99 940 429 225 514 104 569 112 660 220 271 266 654 526 45 
818 919 698 100 694 0 875 749 915 937 419 432 45 637 306 440 221 927 682 696 496 809 43 449 936 146 281 207 115 403 
105 267 108 994 302 875 0 824 51 737 565 890 873 657 740 640 377 5 947 181 583 971 411 646 343 521 844 604 7 860 
660 279 612 371 635 749 824 0 146 219 603 811 138 242 760 815 439 756 18 641 266 517 187 870 338 490 997 848 181 589 
766 556 297 91 323 915 51 146 0 298 55 477 961 214 390 587 670 840 486 661 986 469 514 102 543 469 770 807 790 190 
896 279 878 432 799 937 737 219 298 0 113 944 807 388 2 437 648 746 137 638 932 685 805 151 695 151 962 996 932 921 
649 560 265 275 841 419 565 603 55 113 0 566 765 127 783 467 328 930 665 147 141 799 698 369 453 722 761 551 217 781 
136 59 507 610 398 432 890 811 477 944 566 0 216 558 132 74 661 437 164 290 672 983 920 646 349 976 608 499 28 865 
519 672 12 50 909 45 873 138 961 807 765 216 0 90 409 556 309 814 256 290 647 139 155 394 660 203 406 365 323 200 
903 795 849 8 440 637 657 242 214 388 127 558 90 0 940 432 109 964 673 553 601 176 980 274 309 747 652 55 376 729 
8 630 500 411 890 306 740 760 390 2 783 132 409 940 0 498 879 272 657 193 490 245 314 937 429 891 129 850 628 595 
212 906 343 917 99 440 640 815 587 437 467 74 556 432 498 0 712 651 268 775 332 446 449 293 760 510 686 409 961 68 
255 11 923 896 940 221 377 439 670 648 328 661 309 109 879 712 0 563 371 370 186 269 1 44 527 858 747 220 526 896 
872 557 274 554 429 927 5 756 840 746 930 437 814 964 272 651 563 0 722 74 934 940 352 223 385 982 982 270 370 428 
269 883 702 576 225 682 947 18 486 137 665 164 256 673 657 268 371 722 0 404 981 544 113 553 857 774 451 535 632 996 
254 711 209 181 514 696 181 641 661 638 147 290 290 553 193 775 370 74 404 0 186 946 474 983 503 871 235 566 631 33 
891 339 199 415 104 496 583 266 986 932 141 672 647 601 490 332 186 934 981 186 0 803 26 908 335 389 930 641 993 553 
610 758 914 52 569 809 971 517 469 685 799 983 139 176 245 446 269 940 544 946 803 0 228 279 468 563 911 766 313 803 
434 139 495 728 112 43 411 187 514 805 698 920 155 980 314 449 1 352 113 474 26 228 0 879 869 612 582 960 807 533 
561 1000 186 538 660 449 646 870 102 151 369 646 394 274 937 293 44 223 553 983 908 279 879 0 83 913 627 637 853 175 
561 188 71 660 220 936 343 338 543 695 453 349 660 309 429 760 527 385 857 503 335 468 869 83 0 89 151 171 723 470 
512 23 818 142 271 146 521 490 469 151 722 976 203 747 891 510 858 982 774 871 389 563 612 913 89 0 486 411 813 853 
770 489 336 266 266 281 844 997 770 962 761 608 406 652 129 686 747 982 451 235 930 911 582 627 151 486 0 583 450 529 
353 480 862 152 654 207 604 848 807 996 551 499 365 55 850 409 220 270 535 566 641 766 960 637 171 411 583 0 455 326 
119 169 332 781 526 115 7 181 790 932 217 28 323 376 628 961 526 370 632 631 993 313 807 853 723 813 450 455 0 271 
390 277 80 951 45 403 860 589 190 921 781 865 200 729 595 68 896 428 996 33 553 803 533 175 470 853 529 326 271 0 
0 53 834 132 731 818 105 660 766 896 649 136 519 903 8 212 255 872 269 254 891 610 434 561 561 512 770 353 119 390 
53 0 961 315 594 919 267 279 556 279 560 59 672 795 630 906 11 557 883 711 339 758 139 1000 188 23 489 480 169 277 
834 961 0 249 22 698 108 612 297 878 265 507 12 849 500 343 923 274 702 209 199 914 495 186 71 818 336 862 332 80 
132 315 249 0 279 100 994 371 91 432 275 610 50 8 411 917 896 554 576 181 415 52 728 538 660 142 266 152 781 951 
731 594 22 279 0 694 302 635 323 799 841 398 909 440 890 99 940 429 225 514 104 569 112 660 220 271 266 654 526 45 
818 919 698 100 694 0 875 749 915 937 419 432 45 637 306 440 221 927 682 696 496 809 43 449 936 146 281 207 115 403 
105 267 108 994 302 875 0 824 51 737 565 890 873 657 740 640 377 5 947 181 583 971 411 646 343 521 844 604 7 860 
660 279 612 371 635 749 824 0 146 219 603 811 138 242 760 815 439 756 18 641 266 517 187 870 338 490 997 848 181 589 
766 556 297 91 323 915 51 146 0 298 55 477 961 214 390 587 670 840 486 661 986 469 514 102 543 469 770 807 790 190 
896 279 878 432 799 937 737 219 298 0 113 944 807 388 2 437 648 746 137 638 932 685 805 151 695 151 962 996 932 921 
649 560 265 275 841 419 565 603 55 113 0 566 765 127 783 467 328 930 665 147 141 799 698 369 453 722 761 551 217 781 
136 59 507 610 398 432 890 811 477 944 566 0 216 558 132 74 661 437 164 290 672 983 920 646 349 976 608 499 28 865 
519 672 12 50 909 45 873 138 961 807 765 216 0 90 409 556 309 814 256 290 647 139 155 394 660 203 406 365 323 200 
903 795 849 8 440 637 657 242 214 388 127 558 90 0 940 432 109 964 673 553 601 176 980 274 309 747 652 55 376 729 
8 630 500 411 890 306 740 760 390 2 783 132 409 940 0 498 879 272 657 193 490 245 314 937 429 891 129 850 628 595 
212 906 343 917 99 440 640 815 587 437 467 74 556 432 498 0 712 651 268 775 332 446 449 293 760 510 686 409 961 68 
255 11 923 896 940 221 377 439 670 648 328 661 309 109 879 712 0 563 371 370 186 269 1 44 527 858 747 220 526 896 
872 557 274 554 429 927 5 756 840 746 930 437 814 964 272 651 563 0 722 74 934 940 352 223 385 982 982 270 370 428 
269 883 702 576 225 682 947 18 486 137 665 164 256 673 657 268 371 722 0 404 981 544 113 553 857 774 451 535 632 996 
254 711 209 181 514 696 181 641 661 638 147 290 290 553 193 775 370 74 404 0 186 946 474 983 503 871 235 566 631 33 
891 339 199 415 104 496 583 266 986 932 141 672 647 601 490 332 186 934 981 186 0 803 26 908 335 389 930 641 993 553 
610 758 914 52 569 809 971 517 469 685 799 983 139 176 245 446 269 940 544 946 803 0 228 279 468 563 911 766 313 803 
434 139 495 728 112 43 411 187 514 805 698 920 155 980 314 449 1 352 113 474 26 228 0 879 869 612 582 960 807 533 
561 1000 186 538 660 449 646 870 102 151 369 646 394 274 937 293 44 223 553 983 908 279 879 0 83 913 627 637 853 175 
561 188 71 660 220 936 343 338 543 695 453 349 660 309 429 760 527 385 857 503 335 468 869 83 0 89 151 171 723 470 
512 23 818 142 271 146 521 490 469 151 722 976 203 747 891 510 858 982 774 871 389 563 612 913 89 0 486 411 813 853 
770 489 336 266 266 281 844 997 770 962 761 608 406 652 129 686 747 982 451 235 930 911 582 627 151 486 0 583 450 529 
353 480 862 152 654 207 604 848 807 996 551 499 365 55 850 409 220 270 535 566 641 766 960 637 171 411 583 0 455 326 
119 169 332 781 526 115 7 181 790 932 217 28 323 376 628 961 526 370 632 631 993 313 807 853 723 813 450 455 0 271 
390 277 80 951 45 403 860 589 190 921 781 865 200 729 595 68 896 428 996 33 553 803 533 175 470 853 529 326 271 0 
