6 3
0 774 34 397 940 378 
774 0 654 5 8 425 
34 654 0 177 493 205 
397 5 177 0 420 349 
940 8 493 420 0 958 
378 425 205 349 958 0 
0 575 341 474 268 635 
575 0 508 590 860 765 
341 508 0 641 230 417 
474 590 641 0 495 576 
268 860 230 495 0 19 
635 765 417 576 19 0 
0 517 714 870 492 781 
517 0 827 526 551 229 
714 827 0 327 179 451 
870 526 327 0 10 278 
492 551 179 10 0 247 
781 229 451 278 247 0 
0 75 524 303 912 125 
75 0 104 699 10 954 
524 104 0 282 56 899 
303 699 282 0 430 952 
912 10 56 430 0 668 
125 954 899 952 668 0 
