9 2
0 862 5 495 230 457 217 58 186 
862 0 177 378 867 171 804 517 350 
5 177 0 425 399 316 986 805 317 
495 378 425 0 683 868 249 75 876 
230 867 399 683 0 252 297 476 766 
457 171 316 868 252 0 540 533 238 
217 804 986 249 297 540 0 393 173 
58 517 805 75 476 533 393 0 384 
186 350 317 876 766 238 173 384 0 
0 32 51 235 168 654 170 690 711 
32 0 599 941 842 650 321 248 760 
51 599 0 601 887 273 515 299 130 
235 941 601 0 346 53 860 7 87 
168 842 887 346 0 288 438 387 44 
654 650 273 53 288 0 237 557 11 
170 321 515 860 438 237 0 193 40 
690 248 299 7 387 557 193 0 449 
711 760 130 87 44 11 40 449 0 
0 905 993 474 694 334 941 472 254 
905 0 377 185 299 387 731 815 136 
993 377 0 343 92 732 415 756 825 
474 185 343 0 669 779 146 933 898 
694 299 92 669 0 769 388 668 961 
334 387 732 779 769 0 808 385 837 
941 731 415 146 388 808 0 778 990 
472 815 756 933 668 385 778 0 480 
254 136 825 898 961 837 990 480 0 
