8 4
0 231 751 321 933 355 594 368 
231 0 868 904 256 958 115 220 
751 868 0 490 838 809 601 772 
321 904 490 0 130 703 93 59 
933 256 838 130 0 151 709 265 
355 958 809 703 151 0 322 183 
594 115 601 93 709 322 0 408 
368 220 772 59 265 183 408 0 
0 668 937 341 345 105 425 668 
668 0 949 826 230 288 702 502 
937 949 0 54 661 222 211 835 
341 826 54 0 580 478 492 500 
345 230 661 580 0 482 510 319 
105 288 222 478 482 0 637 349 
425 702 211 492 510 637 0 334 
668 502 835 500 319 349 334 0 
0 760 885 279 365 49 537 125 
760 0 244 857 384 203 811 147 
885 244 0 16 321 533 648 881 
279 857 16 0 575 848 793 651 
365 384 321 575 0 927 436 854 
49 203 533 848 927 0 820 768 
537 811 648 793 436 820 0 452 
125 147 881 651 854 768 452 0 
0 559 966 378 302 197 907 819 
559 0 750 758 90 1 393 354 
966 750 0 233 345 392 310 763 
378 758 233 0 881 477 762 390 
302 90 345 881 0 533 804 509 
197 1 392 477 533 0 868 298 
907 393 310 762 804 868 0 700 
819 354 763 390 509 298 700 0 
0 589 144 833 406 198 103 480 
589 0 833 542 512 644 19 542 
144 833 0 481 924 278 532 966 
833 542 481 0 881 168 468 116 
406 512 924 881 0 160 778 109 
198 644 278 168 160 0 853 182 
103 19 532 468 778 853 0 671 
480 542 966 116 109 182 671 0 
