9 4
0 544 248 188 403 797 943 330 465 
544 0 593 832 430 229 370 990 25 
248 593 0 391 147 340 377 902 689 
188 832 391 0 407 549 47 345 776 
403 430 147 407 0 434 137 327 945 
797 229 340 549 434 0 385 778 220 
943 370 377 47 137 385 0 273 211 
330 990 902 345 327 778 273 0 128 
465 25 689 776 945 220 211 128 0 
0 990 213 785 61 934 356 623 670 
990 0 126 831 174 512 990 970 71 
213 126 0 709 362 680 291 303 379 
785 831 709 0 276 469 574 479 676 
61 174 362 276 0 399 964 534 833 
934 512 680 469 399 0 152 717 536 
356 990 291 574 964 152 0 101 175 
623 970 303 479 534 717 101 0 469 
670 71 379 676 833 536 175 469 0 
0 166 62 909 614 84 403 729 60 
166 0 544 903 476 8 747 769 55 
62 544 0 906 555 204 282 121 364 
909 903 906 0 456 423 463 104 153 
614 476 555 456 0 190 222 197 830 
84 8 204 423 190 0 990 389 443 
403 747 282 463 222 990 0 431 318 
729 769 121 104 197 389 431 0 942 
60 55 364 153 830 443 318 942 0 
0 610 984 251 848 712 189 796 791 
610 0 51 14 60 857 69 751 303 
984 51 0 433 71 840 376 509 87 
251 14 433 0 322 249 41 559 814 
848 60 71 322 0 896 749 709 348 
712 857 840 249 896 0 818 976 780 
189 69 376 41 749 818 0 245 755 
796 751 509 559 709 976 245 0 482 
791 303 87 814 348 780 755 482 0 
0 746 110 836 146 193 302 483 799 
746 0 397 300 800 812 319 116 611 
110 397 0 940 602 782 155 35 30 
836 300 940 0 379 80 79 358 242 
146 800 602 379 0 994 84 491 507 
193 812 782 80 994 0 977 441 770 
302 319 155 79 84 977 0 109 7 
483 116 35 358 491 441 109 0 875 
799 611 30 242 507 770 7 875 0 
