5 4
0 771 544 977 248 
771 0 574 244 593 
544 574 0 691 433 
977 244 691 0 73 
248 593 433 73 0 
0 689 441 533 659 
689 0 732 698 267 
441 732 0 62 836 
533 698 62 0 940 
659 267 836 940 0 
0 945 408 47 893 
945 0 990 386 96 
408 990 0 110 683 
47 386 110 0 705 
893 96 683 705 0 
0 464 315 547 617 
464 0 797 759 752 
315 797 0 544 706 
547 759 544 0 707 
617 752 706 707 0 
0 346 490 790 548 
346 0 896 213 251 
490 896 0 363 433 
790 213 363 0 858 
548 251 433 858 0 
