20 2
0 397 703 619 592 354 74 607 826 837 190 140 121 383 385 71 553 998 341 186 
397 0 151 896 852 960 799 527 559 186 299 474 946 392 750 31 575 483 254 542 
703 151 0 14 434 472 966 472 557 984 264 223 45 3 711 517 111 944 279 494 
619 896 14 0 147 602 114 833 6 881 579 639 801 650 501 430 527 78 898 54 
592 852 434 147 0 547 99 403 589 654 834 692 280 966 489 269 846 402 163 330 
354 960 472 602 547 0 151 601 130 779 628 850 316 533 665 147 341 136 177 16 
74 799 966 114 99 151 0 164 534 112 38 99 937 296 833 712 420 875 982 181 
607 527 472 833 403 601 164 0 322 312 597 853 143 154 808 376 298 915 378 634 
826 559 557 6 589 130 534 322 0 212 685 193 80 731 932 480 90 589 4 816 
837 186 984 881 654 779 112 312 212 0 11 970 761 369 663 174 899 329 430 669 
190 299 264 579 834 628 38 597 685 11 0 567 583 719 602 226 940 817 833 308 
140 474 223 639 692 850 99 853 193 970 567 0 674 144 239 993 930 74 89 841 
121 946 45 801 280 316 937 143 80 761 583 674 0 54 515 175 735 247 826 255 
383 392 3 650 966 533 296 154 731 369 719 144 54 0 763 334 383 357 472 900 
385 750 711 501 489 665 833 808 932 663 602 239 515 763 0 994 989 602 857 540 
71 31 517 430 269 147 712 376 480 174 226 993 175 334 994 0 143 118 674 969 
553 575 111 527 846 341 420 298 90 899 940 930 735 383 989 143 0 958 399 233 
998 483 944 78 402 136 875 915 589 329 817 74 247 357 602 118 958 0 758 326 
341 254 279 898 163 177 982 378 4 430 833 89 826 472 857 674 399 758 0 736 
186 542 494 54 330 16 181 634 816 669 308 841 255 900 540 969 233 326 736 0 
0 661 222 173 881 148 243 897 200 513 428 34 665 237 212 287 42 313 386 421 
661 0 40 532 507 154 869 368 468 795 265 784 711 235 563 492 381 14 891 952 
222 40 0 915 399 177 146 937 662 32 402 223 645 530 560 712 586 301 937 627 
173 532 915 0 966 864 108 170 362 828 473 319 163 149 806 633 580 256 839 906 
881 507 399 966 0 998 77 706 564 45 959 858 938 339 879 178 17 515 962 69 
148 154 177 864 998 0 737 595 880 939 611 730 280 804 722 741 518 69 808 334 
243 869 146 108 77 737 0 669 832 898 255 221 279 42 204 306 502 823 69 584 
897 368 937 170 706 595 669 0 447 909 387 560 895 333 12 219 58 581 548 611 
200 468 662 362 564 880 832 447 0 523 570 950 801 366 554 116 144 945 689 854 
513 795 32 828 45 939 898 909 523 0 180 814 410 621 261 591 438 55 484 9 
428 265 402 473 959 611 255 387 570 180 0 783 808 587 535 990 912 462 23 705 
34 784 223 319 858 730 221 560 950 814 783 0 749 349 544 789 420 813 662 424 
665 711 645 163 938 280 279 895 801 410 808 749 0 679 146 697 737 440 574 212 
237 235 530 149 339 804 42 333 366 621 587 349 679 0 178 993 421 327 762 744 
212 563 560 806 879 722 204 12 554 261 535 544 146 178 0 19 662 967 620 19 
287 492 712 633 178 741 306 219 116 591 990 789 697 993 19 0 829 551 978 846 
42 381 586 580 17 518 502 58 144 438 912 420 737 421 662 829 0 630 464 988 
313 14 301 256 515 69 823 581 945 55 462 813 440 327 967 551 630 0 567 271 
386 891 937 839 962 808 69 548 689 484 23 662 574 762 620 978 464 567 0 253 
421 952 627 906 69 334 584 611 854 9 705 424 212 744 19 846 988 271 253 0 
0 321 533 196 396 376 143 691 715 209 545 706 986 376 458 994 233 387 344 582 
321 0 13 492 530 133 819 676 505 699 222 764 222 871 158 152 476 209 604 426 
533 13 0 793 285 133 289 353 423 695 716 166 427 194 795 312 431 348 899 432 
196 492 793 0 651 512 90 247 344 750 786 14 94 711 405 422 862 748 489 825 
396 530 285 651 0 690 371 514 432 873 647 427 894 497 892 515 112 467 758 721 
376 133 133 512 690 0 1000 763 927 910 156 823 109 764 855 697 112 438 642 51 
143 819 289 90 371 1000 0 819 723 697 126 260 555 399 118 762 676 810 255 929 
691 676 353 247 514 763 819 0 898 693 333 400 475 530 114 96 922 545 236 982 
715 505 423 344 432 927 723 898 0 94 555 839 858 779 692 62 191 617 640 960 
209 699 695 750 873 910 697 693 94 0 392 707 398 869 575 361 634 62 152 12 
545 222 716 786 647 156 126 333 555 392 0 833 714 344 355 503 822 500 293 403 
706 764 166 14 427 823 260 400 839 707 833 0 847 372 39 627 596 495 850 499 
986 222 427 94 894 109 555 475 858 398 714 847 0 471 1 438 867 282 314 232 
376 871 194 711 497 764 399 530 779 869 344 372 471 0 179 752 101 233 904 605 
458 158 795 405 892 855 118 114 692 575 355 39 1 179 0 255 700 963 240 67 
994 152 312 422 515 697 762 96 62 361 503 627 438 752 255 0 776 580 619 572 
233 476 431 862 112 112 676 922 191 634 822 596 867 101 700 776 0 458 764 683 
387 209 348 748 467 438 810 545 617 62 500 495 282 233 963 580 458 0 197 49 
344 604 899 489 758 642 255 236 640 152 293 850 314 904 240 619 764 197 0 228 
582 426 432 825 721 51 929 982 960 12 403 499 232 605 67 572 683 49 228 0 
