10 2
0 100 728 205 590 165 543 876 900 706 
100 0 463 349 566 341 575 186 118 714 
728 463 0 958 694 207 58 350 600 287 
205 349 958 0 517 217 517 317 403 524 
590 566 694 517 0 804 805 876 533 508 
165 341 207 217 804 0 75 766 903 735 
543 575 58 517 805 75 0 238 195 827 
876 186 350 317 876 766 238 0 917 714 
900 118 600 403 533 903 195 917 0 104 
706 714 287 524 508 735 827 714 104 0 
0 221 952 320 223 691 282 385 616 611 
221 0 529 295 937 618 658 930 636 375 
952 529 0 184 83 174 676 604 501 541 
320 295 184 0 31 550 856 591 698 872 
223 937 83 31 0 488 226 834 909 74 
691 618 174 550 488 0 45 400 821 763 
282 658 676 856 226 45 0 842 110 654 
385 930 604 591 834 400 842 0 106 804 
616 636 501 698 909 821 110 106 0 165 
611 375 541 872 74 763 654 804 165 0 
0 268 745 387 379 858 363 626 155 821 
268 0 477 898 881 654 61 1000 494 881 
745 477 0 662 167 722 908 935 344 772 
387 898 662 0 407 637 652 730 444 664 
379 881 167 407 0 624 42 636 797 3 
858 654 722 637 624 0 282 307 258 751 
363 61 908 652 42 282 0 633 465 339 
626 1000 935 730 636 307 633 0 498 828 
155 494 344 444 797 258 465 498 0 286 
821 881 772 664 3 751 339 828 286 0 
