9 4
0 862 5 495 230 457 217 58 186 
862 0 177 378 867 171 804 517 350 
5 177 0 425 399 316 986 805 317 
495 378 425 0 683 868 249 75 876 
230 867 399 683 0 252 297 476 766 
457 171 316 868 252 0 540 533 238 
217 804 986 249 297 540 0 393 173 
58 517 805 75 476 533 393 0 384 
186 350 317 876 766 238 173 384 0 
0 320 306 63 380 675 377 351 841 
320 0 307 482 768 971 477 737 162 
306 307 0 248 230 185 384 401 536 
63 482 248 0 483 447 531 457 981 
380 768 230 483 0 642 617 512 348 
675 971 185 447 642 0 488 80 367 
377 477 384 531 617 488 0 608 730 
351 737 401 457 512 80 608 0 194 
841 162 536 981 348 367 730 194 0 
0 387 385 149 589 644 466 420 635 
387 0 155 442 589 873 393 648 131 
385 155 0 186 42 346 277 387 682 
149 442 186 0 550 314 387 503 847 
589 589 42 550 0 786 585 497 262 
644 873 346 314 786 0 550 173 455 
466 393 277 387 585 550 0 643 773 
420 648 387 503 497 173 643 0 27 
635 131 682 847 262 455 773 27 0 
0 189 374 116 360 774 297 464 792 
189 0 425 701 728 924 425 924 122 
374 425 0 251 221 242 489 445 540 
116 701 251 0 437 332 760 416 979 
360 728 221 437 0 530 613 604 370 
774 924 242 332 530 0 531 164 269 
297 425 489 760 613 531 0 525 672 
464 924 445 416 604 164 525 0 333 
792 122 540 979 370 269 672 333 0 
0 306 400 193 408 698 447 506 812 
306 0 344 529 919 980 718 751 227 
400 344 0 245 131 216 301 432 610 
193 529 245 0 715 522 496 294 944 
408 919 131 715 0 415 408 441 456 
698 980 216 522 415 0 648 87 354 
447 718 301 496 408 648 0 534 726 
506 751 432 294 441 87 534 0 27 
812 227 610 944 456 354 726 27 0 
