9 2
0 544 248 188 403 797 943 330 465 
544 0 593 832 430 229 370 990 25 
248 593 0 391 147 340 377 902 689 
188 832 391 0 407 549 47 345 776 
403 430 147 407 0 434 137 327 945 
797 229 340 549 434 0 385 778 220 
943 370 377 47 137 385 0 273 211 
330 990 902 345 327 778 273 0 128 
465 25 689 776 945 220 211 128 0 
0 169 149 535 251 536 169 741 14 
169 0 486 842 67 713 945 359 282 
149 486 0 893 940 614 921 190 155 
535 842 893 0 265 146 447 909 437 
251 67 940 265 0 336 84 551 222 
536 713 614 146 336 0 316 224 229 
169 945 921 447 84 316 0 356 604 
741 359 190 909 551 224 356 0 459 
14 282 155 437 222 229 604 459 0 
0 490 252 193 683 706 152 899 291 
490 0 533 659 433 61 607 399 376 
252 533 0 764 705 848 668 327 272 
193 659 764 0 147 596 934 861 964 
683 433 705 147 0 362 193 635 84 
706 61 848 596 362 0 92 214 403 
152 607 668 934 193 92 0 403 496 
899 399 327 861 635 214 403 0 497 
291 376 272 964 84 403 496 497 0 
