50 4
0 368 602 445 38 752 174 254 906 858 924 298 882 907 936 79 609 601 100 965 945 418 863 935 476 362 939 298 716 498 706 946 645 221 339 613 722 817 96 954 676 368 515 165 899 598 906 592 960 213 
368 0 547 448 597 885 226 279 963 721 149 556 72 292 804 360 965 285 219 826 135 293 136 401 850 620 960 303 359 103 49 833 367 934 650 651 49 741 880 233 509 662 610 327 638 314 112 499 314 294 
602 547 0 941 685 383 993 898 698 657 580 891 168 811 714 938 182 648 230 412 88 121 114 211 52 765 910 962 473 379 784 81 817 971 820 840 855 381 116 72 58 80 467 163 839 286 825 534 727 663 
445 448 941 0 11 392 175 163 506 272 197 105 61 103 379 542 229 927 860 243 750 897 705 757 29 217 574 403 908 857 692 211 986 512 753 781 126 475 34 498 805 335 759 233 474 762 556 212 154 323 
38 597 685 11 0 3 334 177 875 252 575 882 482 474 778 274 334 299 113 109 815 607 499 776 791 691 898 280 786 464 764 883 427 299 148 113 204 729 970 486 635 875 69 567 489 558 69 613 610 387 
752 885 383 392 3 0 994 982 644 868 472 580 550 702 519 835 66 243 257 143 949 530 944 671 321 24 790 397 170 426 659 829 452 470 929 141 765 68 634 28 534 700 1000 967 631 904 539 232 367 947 
174 226 993 175 334 994 0 378 721 463 28 817 893 625 637 213 452 907 189 954 415 921 895 534 360 637 241 36 959 954 223 482 163 648 497 913 118 28 62 453 250 66 438 670 962 738 554 606 893 528 
254 279 898 163 177 982 378 0 710 281 881 49 637 811 618 881 210 148 659 869 488 691 930 200 894 591 916 51 140 824 288 572 716 741 224 336 340 473 521 884 947 829 15 307 615 620 473 744 453 333 
906 963 698 506 875 644 721 710 0 200 548 520 949 353 964 429 735 392 587 90 361 409 915 705 7 526 39 441 2 591 166 116 756 75 804 878 12 841 591 790 922 63 823 863 692 797 970 660 913 349 
858 721 657 272 252 868 463 281 200 0 823 879 553 301 957 396 700 376 252 27 178 368 276 715 257 484 337 807 127 517 568 639 409 195 752 925 685 60 509 335 31 776 53 683 872 240 636 605 171 337 
924 149 580 197 575 472 28 881 548 823 0 197 927 393 820 11 555 79 579 359 299 917 360 230 531 243 662 192 38 922 319 537 94 815 764 21 966 525 361 288 144 496 42 746 758 254 721 156 635 114 
298 556 891 105 882 580 817 49 520 879 197 0 86 153 500 507 507 154 642 819 166 676 788 468 465 55 915 214 833 427 458 315 575 573 225 946 927 632 493 101 369 593 490 963 629 978 82 19 852 964 
882 72 168 61 482 550 893 637 949 553 927 86 0 840 903 763 671 122 513 967 694 1 145 666 68 184 697 771 396 108 14 849 938 332 42 655 114 567 990 428 919 114 32 890 808 605 334 902 147 18 
907 292 811 103 474 702 625 811 353 301 393 153 840 0 943 530 463 133 713 146 160 937 274 505 536 175 686 377 919 99 529 616 366 451 545 902 372 782 845 740 304 802 809 551 284 398 68 67 523 37 
936 804 714 379 778 519 637 618 964 957 820 500 903 943 0 686 663 786 308 933 634 330 909 294 806 822 909 388 216 699 858 539 894 283 399 87 554 987 132 609 453 986 810 857 642 910 51 335 423 428 
79 360 938 542 274 835 213 881 429 396 11 507 763 530 686 0 817 177 632 289 404 353 196 662 833 513 747 186 431 629 855 553 431 344 442 32 501 329 404 800 937 841 252 909 279 619 559 846 851 990 
609 965 182 229 334 66 452 210 735 700 555 507 671 463 663 817 0 108 409 767 56 194 644 162 671 418 684 860 169 918 226 73 280 273 333 943 692 487 431 982 191 651 581 875 69 407 584 513 836 742 
601 285 648 927 299 243 907 148 392 376 79 154 122 133 786 177 108 0 838 108 516 170 656 423 436 209 910 310 761 97 647 992 975 253 503 437 312 287 353 338 864 226 610 580 19 464 95 225 467 388 
100 219 230 860 113 257 189 659 587 252 579 642 513 713 308 632 409 838 0 461 780 717 306 365 827 27 390 869 18 382 44 858 109 68 530 25 261 11 723 632 438 605 545 759 905 94 929 541 270 949 
965 826 412 243 109 143 954 869 90 27 359 819 967 146 933 289 767 108 461 0 72 247 532 362 416 795 795 962 537 624 819 913 262 543 668 677 800 994 905 42 31 400 39 630 974 576 206 572 27 935 
945 135 88 750 815 949 415 488 361 178 299 166 694 160 634 404 56 516 780 72 0 234 816 622 376 921 693 798 647 853 427 59 279 970 366 946 575 52 563 390 821 311 945 142 396 966 611 564 333 629 
418 293 121 897 607 530 921 691 409 368 917 676 1 937 330 353 194 170 717 247 234 0 799 344 885 699 959 978 37 134 180 350 363 398 712 648 164 492 681 233 603 853 958 458 724 764 668 988 497 813 
863 136 114 705 499 944 895 930 915 276 360 788 145 274 909 196 644 656 306 532 816 799 0 17 690 354 693 159 611 379 730 894 555 251 977 713 535 263 503 230 634 616 617 442 255 384 982 517 883 750 
935 401 211 757 776 671 534 200 705 715 230 468 666 505 294 662 162 423 365 362 622 344 17 0 18 32 110 928 984 653 495 189 349 557 290 348 718 963 176 381 521 142 571 532 53 567 137 683 435 444 
476 850 52 29 791 321 360 894 7 257 531 465 68 536 806 833 671 436 827 416 376 885 690 18 0 393 523 971 156 978 823 601 895 880 639 253 355 615 789 896 912 214 55 571 548 163 854 702 333 977 
362 620 765 217 691 24 637 591 526 484 243 55 184 175 822 513 418 209 27 795 921 699 354 32 393 0 752 199 248 297 799 366 634 697 788 671 428 152 422 476 129 13 440 72 26 197 386 271 77 316 
939 960 910 574 898 790 241 916 39 337 662 915 697 686 909 747 684 910 390 795 693 959 693 110 523 752 0 481 255 413 221 398 475 841 779 18 544 126 627 272 284 760 874 607 236 134 960 94 306 411 
298 303 962 403 280 397 36 51 441 807 192 214 771 377 388 186 860 310 869 962 798 978 159 928 971 199 481 0 156 271 656 498 381 237 328 212 852 712 593 586 777 499 441 556 264 749 81 49 684 962 
716 359 473 908 786 170 959 140 2 127 38 833 396 919 216 431 169 761 18 537 647 37 611 984 156 248 255 156 0 366 260 809 801 482 621 227 39 371 697 193 41 364 802 840 689 850 9 128 252 28 
498 103 379 857 464 426 954 824 591 517 922 427 108 99 699 629 918 97 382 624 853 134 379 653 978 297 413 271 366 0 763 818 484 376 267 666 94 312 851 957 904 313 521 901 990 890 779 253 347 401 
706 49 784 692 764 659 223 288 166 568 319 458 14 529 858 855 226 647 44 819 427 180 730 495 823 799 221 656 260 763 0 475 75 592 869 850 146 156 219 728 86 821 62 677 640 274 317 442 295 269 
946 833 81 211 883 829 482 572 116 639 537 315 849 616 539 553 73 992 858 913 59 350 894 189 601 366 398 498 809 818 475 0 181 235 294 458 233 633 589 431 410 387 970 377 170 421 937 228 840 220 
645 367 817 986 427 452 163 716 756 409 94 575 938 366 894 431 280 975 109 262 279 363 555 349 895 634 475 381 801 484 75 181 0 335 587 704 470 813 438 420 822 7 462 987 484 972 772 876 838 795 
221 934 971 512 299 470 648 741 75 195 815 573 332 451 283 344 273 253 68 543 970 398 251 557 880 697 841 237 482 376 592 235 335 0 82 563 921 422 722 580 470 14 446 146 134 582 700 428 3 45 
339 650 820 753 148 929 497 224 804 752 764 225 42 545 399 442 333 503 530 668 366 712 977 290 639 788 779 328 621 267 869 294 587 82 0 71 1 516 993 747 420 40 500 325 152 478 12 940 309 662 
613 651 840 781 113 141 913 336 878 925 21 946 655 902 87 32 943 437 25 677 946 648 713 348 253 671 18 212 227 666 850 458 704 563 71 0 592 178 162 189 278 959 110 793 196 952 380 320 307 422 
722 49 855 126 204 765 118 340 12 685 966 927 114 372 554 501 692 312 261 800 575 164 535 718 355 428 544 852 39 94 146 233 470 921 1 592 0 34 669 877 596 39 813 425 23 13 705 160 141 382 
817 741 381 475 729 68 28 473 841 60 525 632 567 782 987 329 487 287 11 994 52 492 263 963 615 152 126 712 371 312 156 633 813 422 516 178 34 0 707 862 511 922 401 386 459 164 480 513 922 590 
96 880 116 34 970 634 62 521 591 509 361 493 990 845 132 404 431 353 723 905 563 681 503 176 789 422 627 593 697 851 219 589 438 722 993 162 669 707 0 224 737 265 106 984 676 248 374 77 263 515 
954 233 72 498 486 28 453 884 790 335 288 101 428 740 609 800 982 338 632 42 390 233 230 381 896 476 272 586 193 957 728 431 420 580 747 189 877 862 224 0 237 209 921 902 409 286 898 983 889 639 
676 509 58 805 635 534 250 947 922 31 144 369 919 304 453 937 191 864 438 31 821 603 634 521 912 129 284 777 41 904 86 410 822 470 420 278 596 511 737 237 0 150 495 481 281 909 100 950 237 279 
368 662 80 335 875 700 66 829 63 776 496 593 114 802 986 841 651 226 605 400 311 853 616 142 214 13 760 499 364 313 821 387 7 14 40 959 39 922 265 209 150 0 267 344 913 383 486 667 122 37 
515 610 467 759 69 1000 438 15 823 53 42 490 32 809 810 252 581 610 545 39 945 958 617 571 55 440 874 441 802 521 62 970 462 446 500 110 813 401 106 921 495 267 0 924 293 457 988 609 524 226 
165 327 163 233 567 967 670 307 863 683 746 963 890 551 857 909 875 580 759 630 142 458 442 532 571 72 607 556 840 901 677 377 987 146 325 793 425 386 984 902 481 344 924 0 103 426 946 244 204 103 
899 638 839 474 489 631 962 615 692 872 758 629 808 284 642 279 69 19 905 974 396 724 255 53 548 26 236 264 689 990 640 170 484 134 152 196 23 459 676 409 281 913 293 103 0 239 403 874 194 812 
598 314 286 762 558 904 738 620 797 240 254 978 605 398 910 619 407 464 94 576 966 764 384 567 163 197 134 749 850 890 274 421 972 582 478 952 13 164 248 286 909 383 457 426 239 0 236 651 861 236 
906 112 825 556 69 539 554 473 970 636 721 82 334 68 51 559 584 95 929 206 611 668 982 137 854 386 960 81 9 779 317 937 772 700 12 380 705 480 374 898 100 486 988 946 403 236 0 389 84 87 
592 499 534 212 613 232 606 744 660 605 156 19 902 67 335 846 513 225 541 572 564 988 517 683 702 271 94 49 128 253 442 228 876 428 940 320 160 513 77 983 950 667 609 244 874 651 389 0 315 342 
960 314 727 154 610 367 893 453 913 171 635 852 147 523 423 851 836 467 270 27 333 497 883 435 333 77 306 684 252 347 295 840 838 3 309 307 141 922 263 889 237 122 524 204 194 861 84 315 0 809 
213 294 663 323 387 947 528 333 349 337 114 964 18 37 428 990 742 388 949 935 629 813 750 444 977 316 411 962 28 401 269 220 795 45 662 422 382 590 515 639 279 37 226 103 812 236 87 342 809 0 
0 3 843 910 174 834 307 567 527 57 850 998 232 753 224 111 133 665 356 119 227 843 965 840 785 76 462 796 155 335 882 242 103 699 292 891 925 302 222 1000 452 405 715 991 96 479 661 705 854 768 
3 0 594 767 182 556 639 178 173 141 239 519 949 175 214 645 76 871 48 217 936 156 622 892 72 966 20 783 796 911 117 804 899 332 816 933 6 29 627 271 384 153 271 248 537 421 485 41 569 889 
843 594 0 387 844 953 391 845 681 294 560 13 386 462 659 832 703 298 558 917 28 432 968 216 339 571 316 689 229 700 2 440 26 95 759 772 708 583 181 255 200 882 936 403 812 433 450 99 481 320 
910 767 387 0 393 436 674 656 386 546 88 866 177 225 214 765 146 262 311 554 567 413 711 667 629 127 493 270 22 155 493 227 393 439 819 258 126 900 900 211 462 454 535 683 945 196 868 657 158 970 
174 182 844 393 0 32 926 690 465 667 246 172 374 662 835 731 772 919 219 678 371 595 11 965 276 517 766 739 373 253 352 298 683 657 513 634 567 862 474 254 943 311 980 792 802 211 538 15 190 504 
834 556 953 436 32 0 602 693 347 121 25 253 361 999 995 45 967 348 912 389 96 197 32 565 926 93 310 532 735 227 350 540 642 308 727 638 588 159 844 985 813 917 16 161 779 310 859 475 291 179 
307 639 391 674 926 602 0 128 50 641 81 471 357 424 957 659 474 58 876 326 393 605 552 719 492 873 841 887 951 730 595 378 894 298 62 787 331 897 259 839 848 114 757 307 272 122 885 411 477 472 
567 178 845 656 690 693 128 0 397 641 331 803 604 626 72 411 977 652 621 17 793 867 549 572 513 930 963 461 332 26 415 769 639 572 373 938 543 757 102 997 911 123 356 627 924 64 464 161 289 489 
527 173 681 386 465 347 50 397 0 779 927 982 548 600 59 402 325 718 110 152 788 828 596 232 710 835 238 96 290 615 555 594 255 829 300 965 226 970 807 939 857 188 503 679 646 453 607 988 594 659 
57 141 294 546 667 121 641 641 779 0 868 444 22 398 927 180 926 988 721 322 164 836 959 334 627 592 106 133 12 498 736 514 152 937 624 604 118 993 396 732 547 426 599 327 289 565 152 292 157 500 
850 239 560 88 246 25 81 331 927 868 0 202 5 534 480 218 88 237 81 398 66 292 789 798 905 335 233 604 837 169 318 221 568 447 34 760 193 486 806 518 409 453 184 717 17 349 866 939 881 412 
998 519 13 866 172 253 471 803 982 444 202 0 141 468 427 578 397 968 903 630 846 646 896 248 553 605 398 736 298 689 265 438 161 947 377 691 134 303 808 270 523 852 903 38 712 162 366 263 989 427 
232 949 386 177 374 361 357 604 548 22 5 141 0 474 770 477 769 561 749 565 26 274 162 344 749 455 859 836 445 967 999 869 509 945 428 324 968 383 807 509 487 582 327 257 863 815 191 937 39 987 
753 175 462 225 662 999 424 626 600 398 534 468 474 0 994 251 546 435 19 198 521 5 866 648 405 77 918 503 439 633 423 21 178 119 306 929 693 396 89 48 94 417 266 809 426 438 487 362 177 578 
224 214 659 214 835 995 957 72 59 927 480 427 770 994 0 971 989 974 158 285 695 90 558 19 67 863 932 118 709 371 396 91 593 236 85 603 38 955 340 337 654 356 655 494 84 434 942 481 768 478 
111 645 832 765 731 45 659 411 402 180 218 578 477 251 971 0 562 277 691 747 863 143 310 640 249 113 531 154 734 224 832 432 708 429 745 518 415 905 279 808 814 743 316 92 292 206 108 116 332 360 
133 76 703 146 772 967 474 977 325 926 88 397 769 546 989 562 0 55 613 125 568 814 981 102 61 261 965 11 937 903 833 553 234 18 440 417 95 478 353 40 939 904 821 949 733 191 361 280 623 708 
665 871 298 262 919 348 58 652 718 988 237 968 561 435 974 277 55 0 864 810 339 340 710 559 611 431 327 301 254 529 904 228 983 754 572 52 13 871 177 384 565 226 356 782 603 490 48 907 206 672 
356 48 558 311 219 912 876 621 110 721 81 903 749 19 158 691 613 864 0 874 442 800 537 650 236 743 149 759 441 496 743 688 14 526 300 616 676 445 581 78 436 142 411 741 942 762 571 201 667 528 
119 217 917 554 678 389 326 17 152 322 398 630 565 198 285 747 125 810 874 0 767 19 493 320 149 910 97 112 909 168 570 332 657 648 105 229 772 999 960 528 635 250 696 553 761 862 650 165 543 480 
227 936 28 567 371 96 393 793 788 164 66 846 26 521 695 863 568 339 442 767 0 16 335 476 400 457 511 333 693 195 423 824 316 746 265 450 601 820 534 481 410 947 826 34 910 505 122 368 807 608 
843 156 432 413 595 197 605 867 828 836 292 646 274 5 90 143 814 340 800 19 16 0 288 100 617 540 34 235 773 290 368 386 80 911 348 351 778 632 270 421 127 849 875 768 50 912 246 240 671 545 
965 622 968 711 11 32 552 549 596 959 789 896 162 866 558 310 981 710 537 493 335 288 0 44 780 357 581 158 745 600 386 849 869 305 903 620 929 605 535 598 911 156 653 427 267 338 187 59 761 813 
840 892 216 667 965 565 719 572 232 334 798 248 344 648 19 640 102 559 650 320 476 100 44 0 385 780 792 8 818 179 638 529 330 1000 351 937 527 310 847 432 303 897 577 65 226 221 334 55 639 430 
785 72 339 629 276 926 492 513 710 627 905 553 749 405 67 249 61 611 236 149 400 617 780 385 0 361 422 743 620 50 342 23 962 241 18 981 790 595 331 639 266 299 556 963 33 262 370 295 455 898 
76 966 571 127 517 93 873 930 835 592 335 605 455 77 863 113 261 431 743 910 457 540 357 780 361 0 438 196 17 295 522 781 246 649 495 461 349 493 749 406 425 646 439 998 834 825 851 451 349 716 
462 20 316 493 766 310 841 963 238 106 233 398 859 918 932 531 965 327 149 97 511 34 581 792 422 438 0 848 514 382 542 738 234 902 458 595 16 290 363 914 652 408 270 869 875 628 363 820 680 100 
796 783 689 270 739 532 887 461 96 133 604 736 836 503 118 154 11 301 759 112 333 235 158 8 743 196 848 0 429 764 352 373 823 248 521 250 159 877 496 405 413 590 195 94 101 615 341 305 206 564 
155 796 229 22 373 735 951 332 290 12 837 298 445 439 709 734 937 254 441 909 693 773 745 818 620 17 514 429 0 480 642 488 635 817 242 600 12 119 193 238 357 109 336 255 95 97 259 843 2 709 
335 911 700 155 253 227 730 26 615 498 169 689 967 633 371 224 903 529 496 168 195 290 600 179 50 295 382 764 480 0 200 333 623 515 97 50 650 248 743 928 583 199 200 17 404 786 653 361 545 148 
882 117 2 493 352 350 595 415 555 736 318 265 999 423 396 832 833 904 743 570 423 368 386 638 342 522 542 352 642 200 0 861 145 49 520 109 281 309 531 66 650 650 440 394 270 421 266 641 107 285 
242 804 440 227 298 540 378 769 594 514 221 438 869 21 91 432 553 228 688 332 824 386 849 529 23 781 738 373 488 333 861 0 343 994 987 824 265 494 685 778 14 980 206 987 179 453 56 539 212 627 
103 899 26 393 683 642 894 639 255 152 568 161 509 178 593 708 234 983 14 657 316 80 869 330 962 246 234 823 635 623 145 343 0 273 996 390 497 83 565 472 29 165 391 40 960 631 125 958 208 81 
699 332 95 439 657 308 298 572 829 937 447 947 945 119 236 429 18 754 526 648 746 911 305 1000 241 649 902 248 817 515 49 994 273 0 309 412 468 516 466 276 153 680 71 779 896 291 435 828 735 252 
292 816 759 819 513 727 62 373 300 624 34 377 428 306 85 745 440 572 300 105 265 348 903 351 18 495 458 521 242 97 520 987 996 309 0 987 709 835 731 615 149 120 539 913 14 848 107 297 423 731 
891 933 772 258 634 638 787 938 965 604 760 691 324 929 603 518 417 52 616 229 450 351 620 937 981 461 595 250 600 50 109 824 390 412 987 0 930 331 492 354 130 955 14 871 4 189 461 326 169 882 
925 6 708 126 567 588 331 543 226 118 193 134 968 693 38 415 95 13 676 772 601 778 929 527 790 349 16 159 12 650 281 265 497 468 709 930 0 448 801 150 974 442 618 19 85 769 19 934 7 111 
302 29 583 900 862 159 897 757 970 993 486 303 383 396 955 905 478 871 445 999 820 632 605 310 595 493 290 877 119 248 309 494 83 516 835 331 448 0 393 992 331 895 715 786 277 232 27 895 420 859 
222 627 181 900 474 844 259 102 807 396 806 808 807 89 340 279 353 177 581 960 534 270 535 847 331 749 363 496 193 743 531 685 565 466 731 492 801 393 0 400 792 908 64 797 96 754 670 493 725 320 
1000 271 255 211 254 985 839 997 939 732 518 270 509 48 337 808 40 384 78 528 481 421 598 432 639 406 914 405 238 928 66 778 472 276 615 354 150 992 400 0 9 510 420 626 961 744 223 525 273 172 
452 384 200 462 943 813 848 911 857 547 409 523 487 94 654 814 939 565 436 635 410 127 911 303 266 425 652 413 357 583 650 14 29 153 149 130 974 331 792 9 0 225 16 755 903 739 962 212 724 48 
405 153 882 454 311 917 114 123 188 426 453 852 582 417 356 743 904 226 142 250 947 849 156 897 299 646 408 590 109 199 650 980 165 680 120 955 442 895 908 510 225 0 617 863 61 155 741 139 886 576 
715 271 936 535 980 16 757 356 503 599 184 903 327 266 655 316 821 356 411 696 826 875 653 577 556 439 270 195 336 200 440 206 391 71 539 14 618 715 64 420 16 617 0 790 73 70 755 442 903 194 
991 248 403 683 792 161 307 627 679 327 717 38 257 809 494 92 949 782 741 553 34 768 427 65 963 998 869 94 255 17 394 987 40 779 913 871 19 786 797 626 755 863 790 0 194 539 448 555 921 788 
96 537 812 945 802 779 272 924 646 289 17 712 863 426 84 292 733 603 942 761 910 50 267 226 33 834 875 101 95 404 270 179 960 896 14 4 85 277 96 961 903 61 73 194 0 174 289 843 872 774 
479 421 433 196 211 310 122 64 453 565 349 162 815 438 434 206 191 490 762 862 505 912 338 221 262 825 628 615 97 786 421 453 631 291 848 189 769 232 754 744 739 155 70 539 174 0 312 1000 184 142 
661 485 450 868 538 859 885 464 607 152 866 366 191 487 942 108 361 48 571 650 122 246 187 334 370 851 363 341 259 653 266 56 125 435 107 461 19 27 670 223 962 741 755 448 289 312 0 460 396 22 
705 41 99 657 15 475 411 161 988 292 939 263 937 362 481 116 280 907 201 165 368 240 59 55 295 451 820 305 843 361 641 539 958 828 297 326 934 895 493 525 212 139 442 555 843 1000 460 0 640 107 
854 569 481 158 190 291 477 289 594 157 881 989 39 177 768 332 623 206 667 543 807 671 761 639 455 349 680 206 2 545 107 212 208 735 423 169 7 420 725 273 724 886 903 921 872 184 396 640 0 192 
768 889 320 970 504 179 472 489 659 500 412 427 987 578 478 360 708 672 528 480 608 545 813 430 898 716 100 564 709 148 285 627 81 252 731 882 111 859 320 172 48 576 194 788 774 142 22 107 192 0 
0 794 190 176 906 261 192 62 831 606 344 565 576 527 534 409 967 748 954 719 972 126 558 93 465 687 251 505 783 745 225 556 507 115 867 156 390 484 505 8 847 843 625 122 688 227 604 174 191 701 
794 0 532 103 427 268 455 746 609 215 76 908 44 656 607 407 991 634 923 481 463 578 68 211 984 309 533 239 41 700 689 695 420 115 231 231 788 588 668 355 843 503 735 847 858 517 580 986 637 230 
190 532 0 485 379 633 684 152 166 989 629 836 381 422 897 513 151 650 353 524 633 364 430 444 67 154 627 341 695 633 738 756 600 945 31 86 711 922 551 932 614 139 337 952 551 655 374 810 183 870 
176 103 485 0 814 519 837 393 478 671 867 2 786 768 792 407 549 843 508 288 399 732 544 699 622 279 304 274 652 746 324 711 634 82 191 625 610 109 370 747 964 149 523 21 8 686 381 418 501 445 
906 427 379 814 0 901 737 363 287 537 514 766 463 566 311 226 556 197 847 980 844 218 557 596 543 182 803 134 865 650 497 710 12 464 540 216 664 510 908 785 419 844 148 465 165 778 731 775 325 731 
261 268 633 519 901 0 486 400 862 115 915 783 802 231 33 753 502 362 663 953 857 573 737 595 235 224 516 743 393 343 142 690 548 530 443 233 636 830 117 187 28 747 535 63 134 277 511 71 414 578 
192 455 684 837 737 486 0 977 821 67 876 712 840 909 77 82 775 717 326 330 801 981 679 742 245 340 730 262 662 677 311 478 337 778 690 266 827 202 942 463 696 949 745 146 538 724 27 336 516 879 
62 746 152 393 363 400 977 0 745 500 781 241 813 896 852 17 75 46 139 837 278 375 334 705 592 698 220 957 23 688 189 654 388 799 243 151 912 290 975 397 32 953 172 762 321 980 411 808 844 158 
831 609 166 478 287 862 821 745 0 556 186 74 893 688 615 686 624 780 851 591 350 903 921 761 212 562 712 607 805 746 589 995 665 564 471 42 537 8 140 785 387 538 241 470 552 967 887 125 183 588 
606 215 989 671 537 115 67 500 556 0 5 932 889 777 460 632 293 136 464 349 469 256 97 725 411 809 814 902 559 328 153 599 778 172 966 337 580 343 224 178 231 350 380 381 256 193 972 498 686 588 
344 76 629 867 514 915 876 781 186 5 0 392 873 451 487 332 388 484 746 88 991 77 381 362 162 638 634 379 10 663 249 188 472 947 740 67 740 692 691 252 849 398 447 522 547 767 474 147 72 601 
565 908 836 2 766 783 712 241 74 932 392 0 811 76 272 952 171 309 48 207 2 731 158 812 269 959 490 747 833 705 559 416 825 537 567 723 217 816 2 682 618 566 690 841 120 434 628 536 107 880 
576 44 381 786 463 802 840 813 893 889 873 811 0 268 579 543 732 559 592 370 65 351 625 223 512 456 834 41 658 340 649 539 86 243 692 493 295 439 416 391 847 340 964 431 54 299 870 310 641 454 
527 656 422 768 566 231 909 896 688 777 451 76 268 0 263 565 450 362 967 385 220 996 266 370 407 978 406 800 11 493 301 852 457 850 492 278 23 508 602 508 575 773 872 586 913 702 598 528 623 728 
534 607 897 792 311 33 77 852 615 460 487 272 579 263 0 544 160 197 527 654 776 760 373 366 805 478 84 812 261 525 149 916 227 333 395 194 462 30 239 575 58 810 740 944 241 556 467 765 715 98 
409 407 513 407 226 753 82 17 686 632 332 952 543 565 544 0 378 857 651 206 499 989 701 427 572 612 444 327 332 506 23 826 597 561 597 124 712 729 203 216 33 46 661 391 130 561 420 814 590 993 
967 991 151 549 556 502 775 75 624 293 388 171 732 450 160 378 0 639 76 836 890 481 371 715 625 800 165 715 214 116 394 372 796 496 517 488 346 679 699 615 331 617 495 563 52 715 578 596 643 938 
748 634 650 843 197 362 717 46 780 136 484 309 559 362 197 857 639 0 53 157 461 749 332 397 72 698 734 793 382 308 436 562 290 181 940 964 895 96 795 841 455 386 934 590 722 377 281 218 641 201 
954 923 353 508 847 663 326 139 851 464 746 48 592 967 527 651 76 53 0 144 577 101 435 232 669 362 779 414 529 498 333 133 926 786 708 545 54 198 733 446 793 750 693 478 239 248 890 413 425 586 
719 481 524 288 980 953 330 837 591 349 88 207 370 385 654 206 836 157 144 0 167 949 422 935 458 224 543 823 230 361 369 327 268 575 719 719 232 590 272 654 163 222 547 447 69 248 706 604 644 605 
972 463 633 399 844 857 801 278 350 469 991 2 65 220 776 499 890 461 577 167 0 907 630 717 563 723 490 584 39 925 14 177 140 247 115 301 629 340 940 989 481 66 466 901 533 218 820 765 66 514 
126 578 364 732 218 573 981 375 903 256 77 731 351 996 760 989 481 749 101 949 907 0 785 467 774 5 776 666 772 961 131 591 634 869 544 458 709 796 474 334 709 165 24 409 212 206 572 375 172 256 
558 68 430 544 557 737 679 334 921 97 381 158 625 266 373 701 371 332 435 422 630 785 0 814 588 644 401 943 476 507 750 212 957 234 225 468 743 201 76 384 317 585 424 572 427 901 655 336 419 529 
93 211 444 699 596 595 742 705 761 725 362 812 223 370 366 427 715 397 232 935 717 467 814 0 227 293 197 606 633 751 264 46 734 67 133 190 386 610 492 620 567 451 537 881 827 929 387 925 206 408 
465 984 67 622 543 235 245 592 212 411 162 269 512 407 805 572 625 72 669 458 563 774 588 227 0 852 421 33 671 663 553 564 195 468 846 265 464 868 420 305 242 345 556 76 801 699 719 796 167 70 
687 309 154 279 182 224 340 698 562 809 638 959 456 978 478 612 800 698 362 224 723 5 644 293 852 0 118 525 850 373 344 203 705 482 591 553 558 119 226 700 539 220 867 248 418 451 221 55 566 105 
251 533 627 304 803 516 730 220 712 814 634 490 834 406 84 444 165 734 779 543 490 776 401 197 421 118 0 10 863 402 439 164 889 367 586 311 873 874 431 448 514 898 648 80 330 402 726 767 656 442 
505 239 341 274 134 743 262 957 607 902 379 747 41 800 812 327 715 793 414 823 584 666 943 606 33 525 10 0 337 313 826 588 60 627 725 304 875 503 493 773 840 749 611 843 634 824 181 815 416 613 
783 41 695 652 865 393 662 23 805 559 10 833 658 11 261 332 214 382 529 230 39 772 476 633 671 850 863 337 0 966 492 285 408 340 868 503 845 718 16 939 219 875 831 704 715 893 815 116 163 657 
745 700 633 746 650 343 677 688 746 328 663 705 340 493 525 506 116 308 498 361 925 961 507 751 663 373 402 313 966 0 344 653 357 396 498 546 497 284 260 347 732 945 861 916 952 334 509 558 459 500 
225 689 738 324 497 142 311 189 589 153 249 559 649 301 149 23 394 436 333 369 14 131 750 264 553 344 439 826 492 344 0 322 648 902 662 995 822 472 648 700 754 965 867 259 625 127 505 499 735 984 
556 695 756 711 710 690 478 654 995 599 188 416 539 852 916 826 372 562 133 327 177 591 212 46 564 203 164 588 285 653 322 0 15 31 222 397 788 972 100 285 877 58 982 410 407 438 563 268 379 590 
507 420 600 634 12 548 337 388 665 778 472 825 86 457 227 597 796 290 926 268 140 634 957 734 195 705 889 60 408 357 648 15 0 83 100 285 627 948 460 841 581 947 303 251 230 287 610 655 441 867 
115 115 945 82 464 530 778 799 564 172 947 537 243 850 333 561 496 181 786 575 247 869 234 67 468 482 367 627 340 396 902 31 83 0 516 111 847 107 468 483 270 667 914 868 346 950 473 665 872 272 
867 231 31 191 540 443 690 243 471 966 740 567 692 492 395 597 517 940 708 719 115 544 225 133 846 591 586 725 868 498 662 222 100 516 0 11 30 548 915 523 657 890 490 487 412 477 975 349 936 595 
156 231 86 625 216 233 266 151 42 337 67 723 493 278 194 124 488 964 545 719 301 458 468 190 265 553 311 304 503 546 995 397 285 111 11 0 516 21 611 609 955 140 263 325 858 625 696 700 77 315 
390 788 711 610 664 636 827 912 537 580 740 217 295 23 462 712 346 895 54 232 629 709 743 386 464 558 873 875 845 497 822 788 627 847 30 516 0 761 616 550 572 665 304 703 511 416 837 313 923 921 
484 588 922 109 510 830 202 290 8 343 692 816 439 508 30 729 679 96 198 590 340 796 201 610 868 119 874 503 718 284 472 972 948 107 548 21 761 0 698 209 734 321 165 213 796 828 708 654 422 226 
505 668 551 370 908 117 942 975 140 224 691 2 416 602 239 203 699 795 733 272 940 474 76 492 420 226 431 493 16 260 648 100 460 468 915 611 616 698 0 559 88 170 520 199 737 189 296 788 451 723 
8 355 932 747 785 187 463 397 785 178 252 682 391 508 575 216 615 841 446 654 989 334 384 620 305 700 448 773 939 347 700 285 841 483 523 609 550 209 559 0 684 516 604 379 351 378 888 728 662 593 
847 843 614 964 419 28 696 32 387 231 849 618 847 575 58 33 331 455 793 163 481 709 317 567 242 539 514 840 219 732 754 877 581 270 657 955 572 734 88 684 0 854 482 507 42 760 600 411 828 658 
843 503 139 149 844 747 949 953 538 350 398 566 340 773 810 46 617 386 750 222 66 165 585 451 345 220 898 749 875 945 965 58 947 667 890 140 665 321 170 516 854 0 496 61 799 726 483 664 18 737 
625 735 337 523 148 535 745 172 241 380 447 690 964 872 740 661 495 934 693 547 466 24 424 537 556 867 648 611 831 861 867 982 303 914 490 263 304 165 520 604 482 496 0 487 560 856 330 666 53 128 
122 847 952 21 465 63 146 762 470 381 522 841 431 586 944 391 563 590 478 447 901 409 572 881 76 248 80 843 704 916 259 410 251 868 487 325 703 213 199 379 507 61 487 0 399 671 947 498 367 215 
688 858 551 8 165 134 538 321 552 256 547 120 54 913 241 130 52 722 239 69 533 212 427 827 801 418 330 634 715 952 625 407 230 346 412 858 511 796 737 351 42 799 560 399 0 648 756 316 445 393 
227 517 655 686 778 277 724 980 967 193 767 434 299 702 556 561 715 377 248 248 218 206 901 929 699 451 402 824 893 334 127 438 287 950 477 625 416 828 189 378 760 726 856 671 648 0 590 75 917 889 
604 580 374 381 731 511 27 411 887 972 474 628 870 598 467 420 578 281 890 706 820 572 655 387 719 221 726 181 815 509 505 563 610 473 975 696 837 708 296 888 600 483 330 947 756 590 0 787 794 757 
174 986 810 418 775 71 336 808 125 498 147 536 310 528 765 814 596 218 413 604 765 375 336 925 796 55 767 815 116 558 499 268 655 665 349 700 313 654 788 728 411 664 666 498 316 75 787 0 737 983 
191 637 183 501 325 414 516 844 183 686 72 107 641 623 715 590 643 641 425 644 66 172 419 206 167 566 656 416 163 459 735 379 441 872 936 77 923 422 451 662 828 18 53 367 445 917 794 737 0 805 
701 230 870 445 731 578 879 158 588 588 601 880 454 728 98 993 938 201 586 605 514 256 529 408 70 105 442 613 657 500 984 590 867 272 595 315 921 226 723 593 658 737 128 215 393 889 757 983 805 0 
0 449 581 3 520 109 960 48 186 1000 778 9 235 112 785 416 708 711 322 879 786 132 559 470 182 923 995 38 462 865 464 834 759 202 681 379 427 523 582 86 524 489 373 566 633 399 823 212 527 243 
449 0 225 464 296 773 642 554 847 864 773 692 133 344 867 749 613 172 302 541 263 806 734 76 219 510 459 559 210 304 672 842 359 345 752 195 669 995 675 826 867 391 684 282 646 523 379 577 140 156 
581 225 0 317 738 111 19 311 242 899 523 561 767 736 240 82 467 679 847 120 713 801 150 493 367 282 272 634 708 772 557 901 707 530 365 371 7 777 337 509 427 165 371 497 209 395 599 757 385 641 
3 464 317 0 356 878 484 226 478 556 838 244 891 372 591 355 694 666 460 269 271 910 606 640 201 963 650 703 988 150 847 309 939 374 466 494 883 229 113 568 996 606 357 1 73 479 622 87 731 321 
520 296 738 356 0 872 353 746 783 447 659 807 923 552 11 142 450 251 219 464 496 191 785 83 874 439 64 865 758 744 760 692 30 336 458 701 834 233 379 621 104 520 249 359 564 718 168 718 171 587 
109 773 111 878 872 0 611 501 996 1000 823 65 370 185 298 989 683 551 190 213 416 871 935 351 356 824 512 473 386 889 473 541 264 643 537 559 278 476 273 750 281 38 869 926 773 730 71 797 366 550 
960 642 19 484 353 611 0 952 993 384 979 369 196 183 665 672 239 683 45 803 906 509 748 293 25 290 412 115 193 528 565 920 777 697 567 281 422 227 805 381 268 546 113 133 872 672 895 30 553 574 
48 554 311 226 746 501 952 0 347 372 942 986 435 220 451 655 435 676 323 930 181 273 6 540 785 177 277 308 797 835 574 9 2 588 519 60 585 212 657 346 236 200 319 156 289 722 620 819 796 673 
186 847 242 478 783 996 993 347 0 317 449 154 140 945 427 418 692 617 974 323 22 662 607 917 373 366 963 758 409 409 323 445 754 522 313 256 493 137 174 647 255 127 433 734 577 317 975 102 254 485 
1000 864 899 556 447 1000 384 372 317 0 365 970 895 237 74 967 141 594 408 414 957 106 108 776 528 262 907 942 268 776 569 856 349 33 122 97 704 664 357 693 152 336 849 487 579 330 880 638 751 488 
778 773 523 838 659 823 979 942 449 365 0 490 798 333 588 61 569 438 523 363 394 895 86 86 156 598 570 154 32 702 441 588 988 271 928 664 318 516 174 329 618 846 737 866 710 723 504 489 316 729 
9 692 561 244 807 65 369 986 154 970 490 0 656 568 686 9 601 324 88 803 654 296 841 680 262 404 294 136 690 97 939 474 600 416 221 261 921 567 519 281 200 958 225 563 267 671 321 436 351 848 
235 133 767 891 923 370 196 435 140 895 798 656 0 633 388 935 96 533 503 162 952 564 632 572 528 617 341 187 979 275 463 345 809 766 319 477 385 290 236 365 960 671 775 951 155 315 688 152 447 9 
112 344 736 372 552 185 183 220 945 237 333 568 633 0 367 592 855 980 709 863 90 892 7 720 385 853 550 646 75 247 781 708 246 613 747 68 418 19 984 742 831 398 519 41 623 899 305 511 726 793 
785 867 240 591 11 298 665 451 427 74 588 686 388 367 0 155 106 371 671 674 134 461 43 656 547 149 732 822 347 407 914 687 768 552 381 382 774 432 496 777 833 313 274 484 823 603 25 305 396 328 
416 749 82 355 142 989 672 655 418 967 61 9 935 592 155 0 650 635 566 406 674 726 945 289 694 790 513 736 947 228 384 496 210 89 80 697 881 449 914 39 212 58 362 485 692 711 842 558 628 622 
708 613 467 694 450 683 239 435 692 141 569 601 96 855 106 650 0 990 683 637 558 982 181 254 747 321 395 624 257 185 209 277 674 848 115 478 325 260 266 891 814 644 268 321 289 318 767 490 234 756 
711 172 679 666 251 551 683 676 617 594 438 324 533 980 371 635 990 0 80 777 718 795 659 382 93 589 695 420 609 16 175 494 23 277 65 216 398 85 880 438 254 818 810 85 557 924 726 145 529 626 
322 302 847 460 219 190 45 323 974 408 523 88 503 709 671 566 683 80 0 316 615 270 325 211 747 123 708 169 947 930 393 436 931 196 769 667 326 696 636 867 315 761 565 411 910 671 335 321 613 468 
879 541 120 269 464 213 803 930 323 414 363 803 162 863 674 406 637 777 316 0 574 713 366 716 972 926 745 735 418 82 76 672 512 789 947 676 231 52 218 558 320 206 443 801 500 739 463 834 356 284 
786 263 713 271 496 416 906 181 22 957 394 654 952 90 134 674 558 718 615 574 0 660 146 392 957 44 945 699 702 753 665 425 777 449 401 724 465 681 772 488 779 363 132 671 62 514 907 936 196 669 
132 806 801 910 191 871 509 273 662 106 895 296 564 892 461 726 982 795 270 713 660 0 409 270 232 255 874 587 33 855 398 748 256 533 615 994 387 292 808 611 870 88 339 469 571 370 443 763 178 818 
559 734 150 606 785 935 748 6 607 108 86 841 632 7 43 945 181 659 325 366 146 409 0 525 121 875 905 355 836 532 856 255 263 396 181 192 326 394 47 64 144 209 9 316 718 417 441 741 463 655 
470 76 493 640 83 351 293 540 917 776 86 680 572 720 656 289 254 382 211 716 392 270 525 0 63 761 139 398 98 796 648 114 472 231 558 482 447 314 108 362 429 84 236 878 743 340 716 342 85 545 
182 219 367 201 874 356 25 785 373 528 156 262 528 385 547 694 747 93 747 972 957 232 121 63 0 475 561 632 310 932 786 954 221 872 677 902 409 816 699 261 358 721 465 271 825 605 204 58 393 410 
923 510 282 963 439 824 290 177 366 262 598 404 617 853 149 790 321 589 123 926 44 255 875 761 475 0 477 952 802 777 426 101 244 473 581 314 471 768 391 494 839 147 737 209 37 214 623 978 549 284 
995 459 272 650 64 512 412 277 963 907 570 294 341 550 732 513 395 695 708 745 945 874 905 139 561 477 0 593 210 311 645 809 250 16 906 259 139 565 995 176 6 975 703 760 23 477 84 404 583 347 
38 559 634 703 865 473 115 308 758 942 154 136 187 646 822 736 624 420 169 735 699 587 355 398 632 952 593 0 356 160 585 430 569 870 398 719 425 172 81 382 503 825 888 433 839 657 620 417 744 154 
462 210 708 988 758 386 193 797 409 268 32 690 979 75 347 947 257 609 947 418 702 33 836 98 310 802 210 356 0 184 896 298 157 383 253 640 976 483 127 576 813 390 686 380 223 842 819 628 541 347 
865 304 772 150 744 889 528 835 409 776 702 97 275 247 407 228 185 16 930 82 753 855 532 796 932 777 311 160 184 0 986 547 496 700 944 910 384 878 334 139 272 399 513 930 204 74 854 29 967 845 
464 672 557 847 760 473 565 574 323 569 441 939 463 781 914 384 209 175 393 76 665 398 856 648 786 426 645 585 896 986 0 104 572 785 360 680 657 614 254 830 520 494 632 880 887 960 580 168 326 318 
834 842 901 309 692 541 920 9 445 856 588 474 345 708 687 496 277 494 436 672 425 748 255 114 954 101 809 430 298 547 104 0 367 988 529 231 815 898 625 256 855 227 309 690 637 163 717 722 842 723 
759 359 707 939 30 264 777 2 754 349 988 600 809 246 768 210 674 23 931 512 777 256 263 472 221 244 250 569 157 496 572 367 0 968 243 202 815 893 524 562 505 187 532 866 358 541 600 215 694 623 
202 345 530 374 336 643 697 588 522 33 271 416 766 613 552 89 848 277 196 789 449 533 396 231 872 473 16 870 383 700 785 988 968 0 488 665 684 181 297 9 754 533 701 84 906 340 876 426 589 134 
681 752 365 466 458 537 567 519 313 122 928 221 319 747 381 80 115 65 769 947 401 615 181 558 677 581 906 398 253 944 360 529 243 488 0 31 452 358 165 461 750 171 498 49 563 320 681 931 578 95 
379 195 371 494 701 559 281 60 256 97 664 261 477 68 382 697 478 216 667 676 724 994 192 482 902 314 259 719 640 910 680 231 202 665 31 0 236 917 690 651 89 6 876 186 931 821 404 354 440 959 
427 669 7 883 834 278 422 585 493 704 318 921 385 418 774 881 325 398 326 231 465 387 326 447 409 471 139 425 976 384 657 815 815 684 452 236 0 823 484 777 118 402 309 986 671 174 819 266 840 238 
523 995 777 229 233 476 227 212 137 664 516 567 290 19 432 449 260 85 696 52 681 292 394 314 816 768 565 172 483 878 614 898 893 181 358 917 823 0 422 491 989 241 454 249 527 695 759 581 939 735 
582 675 337 113 379 273 805 657 174 357 174 519 236 984 496 914 266 880 636 218 772 808 47 108 699 391 995 81 127 334 254 625 524 297 165 690 484 422 0 765 724 303 871 24 811 228 649 476 906 593 
86 826 509 568 621 750 381 346 647 693 329 281 365 742 777 39 891 438 867 558 488 611 64 362 261 494 176 382 576 139 830 256 562 9 461 651 777 491 765 0 409 301 764 242 288 476 741 397 831 896 
524 867 427 996 104 281 268 236 255 152 618 200 960 831 833 212 814 254 315 320 779 870 144 429 358 839 6 503 813 272 520 855 505 754 750 89 118 989 724 409 0 582 954 436 520 673 426 634 57 742 
489 391 165 606 520 38 546 200 127 336 846 958 671 398 313 58 644 818 761 206 363 88 209 84 721 147 975 825 390 399 494 227 187 533 171 6 402 241 303 301 582 0 605 180 852 838 704 602 16 81 
373 684 371 357 249 869 113 319 433 849 737 225 775 519 274 362 268 810 565 443 132 339 9 236 465 737 703 888 686 513 632 309 532 701 498 876 309 454 871 764 954 605 0 492 751 973 362 663 179 711 
566 282 497 1 359 926 133 156 734 487 866 563 951 41 484 485 321 85 411 801 671 469 316 878 271 209 760 433 380 930 880 690 866 84 49 186 986 249 24 242 436 180 492 0 678 740 746 712 339 62 
633 646 209 73 564 773 872 289 577 579 710 267 155 623 823 692 289 557 910 500 62 571 718 743 825 37 23 839 223 204 887 637 358 906 563 931 671 527 811 288 520 852 751 678 0 951 725 162 573 659 
399 523 395 479 718 730 672 722 317 330 723 671 315 899 603 711 318 924 671 739 514 370 417 340 605 214 477 657 842 74 960 163 541 340 320 821 174 695 228 476 673 838 973 740 951 0 497 131 440 889 
823 379 599 622 168 71 895 620 975 880 504 321 688 305 25 842 767 726 335 463 907 443 441 716 204 623 84 620 819 854 580 717 600 876 681 404 819 759 649 741 426 704 362 746 725 497 0 512 184 960 
212 577 757 87 718 797 30 819 102 638 489 436 152 511 305 558 490 145 321 834 936 763 741 342 58 978 404 417 628 29 168 722 215 426 931 354 266 581 476 397 634 602 663 712 162 131 512 0 493 896 
527 140 385 731 171 366 553 796 254 751 316 351 447 726 396 628 234 529 613 356 196 178 463 85 393 549 583 744 541 967 326 842 694 589 578 440 840 939 906 831 57 16 179 339 573 440 184 493 0 702 
243 156 641 321 587 550 574 673 485 488 729 848 9 793 328 622 756 626 468 284 669 818 655 545 410 284 347 154 347 845 318 723 623 134 95 959 238 735 593 896 742 81 711 62 659 889 960 896 702 0 
0 606 447 463 749 549 404 472 504 752 605 174 556 248 87 607 902 409 864 974 490 185 378 110 124 803 429 422 442 614 562 723 934 315 393 711 125 763 398 262 745 815 305 296 730 463 899 75 566 389 
606 0 698 80 834 653 252 177 696 959 824 752 415 331 697 583 503 73 367 765 57 367 445 109 345 65 598 65 252 737 726 345 242 501 96 782 398 703 904 799 506 881 768 696 908 586 893 395 878 209 
447 698 0 482 323 182 673 823 611 767 601 568 757 523 299 480 130 322 894 470 457 229 146 503 59 837 483 790 808 56 897 537 924 748 218 452 723 345 792 742 575 781 196 703 505 693 221 901 102 668 
463 80 482 0 757 400 214 515 598 371 238 368 821 322 257 256 849 316 820 176 740 409 424 724 196 895 206 189 908 783 555 699 544 889 587 481 596 152 253 485 392 650 781 406 830 709 5 259 697 605 
749 834 323 757 0 821 109 614 57 52 691 767 705 520 184 821 12 42 197 644 695 314 839 224 662 634 693 350 355 853 68 665 906 478 107 183 398 90 294 706 492 541 4 35 557 997 101 415 931 974 
