30 4
0 822 902 999 754 569 790 323 197 326 706 456 668 249 214 79 623 689 60 661 914 582 430 856 241 434 307 866 498 617 
822 0 345 685 815 468 747 535 972 705 388 607 702 359 397 964 179 197 237 348 703 16 972 439 187 895 705 355 792 258 
902 345 0 86 408 515 698 906 706 434 713 322 447 80 356 308 729 472 791 515 864 191 971 957 261 792 375 899 20 349 
999 685 86 0 325 315 543 143 558 265 624 764 805 399 731 222 710 709 927 507 789 245 647 803 124 890 711 786 886 126 
754 815 408 325 0 810 386 992 934 707 22 379 934 825 403 783 796 73 799 536 839 952 446 953 487 520 558 556 613 213 
569 468 515 315 810 0 254 138 292 147 816 926 399 190 775 749 952 491 71 961 726 683 881 170 606 528 136 8 373 636 
790 747 698 543 386 254 0 911 948 495 61 14 84 432 189 500 483 717 957 443 245 442 803 301 466 363 957 887 221 460 
323 535 906 143 992 138 911 0 981 169 85 169 743 896 502 84 970 762 55 856 510 967 200 184 647 451 316 410 771 760 
197 972 706 558 934 292 948 981 0 886 614 749 712 417 302 152 26 389 860 780 296 360 85 24 242 760 707 518 104 574 
326 705 434 265 707 147 495 169 886 0 706 631 584 994 990 229 769 245 303 773 402 618 897 480 740 168 626 528 90 723 
706 388 713 624 22 816 61 85 614 706 0 572 193 331 440 990 447 976 988 770 677 21 910 283 84 256 386 71 735 812 
456 607 322 764 379 926 14 169 749 631 572 0 512 849 747 403 751 956 611 175 173 733 828 763 559 964 8 127 369 390 
668 702 447 805 934 399 84 743 712 584 193 512 0 458 14 818 49 441 379 938 567 445 247 666 687 886 658 74 833 904 
249 359 80 399 825 190 432 896 417 994 331 849 458 0 69 604 116 101 132 318 581 757 901 643 943 284 998 24 494 452 
214 397 356 731 403 775 189 502 302 990 440 747 14 69 0 977 303 899 364 306 314 527 279 862 269 135 472 857 376 399 
79 964 308 222 783 749 500 84 152 229 990 403 818 604 977 0 366 431 595 755 526 240 963 569 690 900 273 147 45 937 
623 179 729 710 796 952 483 970 26 769 447 751 49 116 303 366 0 880 87 109 904 280 262 930 757 827 580 545 134 762 
689 197 472 709 73 491 717 762 389 245 976 956 441 101 899 431 880 0 102 7 672 449 248 680 413 363 34 831 165 788 
60 237 791 927 799 71 957 55 860 303 988 611 379 132 364 595 87 102 0 469 42 860 180 395 340 594 136 93 462 399 
661 348 515 507 536 961 443 856 780 773 770 175 938 318 306 755 109 7 469 0 833 241 639 494 488 404 690 393 214 800 
914 703 864 789 839 726 245 510 296 402 677 173 567 581 314 526 904 672 42 833 0 498 54 895 731 676 405 114 312 177 
582 16 191 245 952 683 442 967 360 618 21 733 445 757 527 240 280 449 860 241 498 0 438 525 37 410 315 82 909 197 
430 972 971 647 446 881 803 200 85 897 910 828 247 901 279 963 262 248 180 639 54 438 0 943 937 237 903 841 598 327 
856 439 957 803 953 170 301 184 24 480 283 763 666 643 862 569 930 680 395 494 895 525 943 0 328 358 999 192 404 216 
241 187 261 124 487 606 466 647 242 740 84 559 687 943 269 690 757 413 340 488 731 37 937 328 0 519 975 336 146 173 
434 895 792 890 520 528 363 451 760 168 256 964 886 284 135 900 827 363 594 404 676 410 237 358 519 0 698 474 61 351 
307 705 375 711 558 136 957 316 707 626 386 8 658 998 472 273 580 34 136 690 405 315 903 999 975 698 0 421 287 241 
866 355 899 786 556 8 887 410 518 528 71 127 74 24 857 147 545 831 93 393 114 82 841 192 336 474 421 0 723 1 
498 792 20 886 613 373 221 771 104 90 735 369 833 494 376 45 134 165 462 214 312 909 598 404 146 61 287 723 0 849 
617 258 349 126 213 636 460 760 574 723 812 390 904 452 399 937 762 788 399 800 177 197 327 216 173 351 241 1 849 0 
0 630 264 251 977 131 757 176 60 44 929 88 961 848 81 592 237 973 463 274 104 957 893 580 369 247 516 244 389 109 
630 0 732 414 421 403 179 1000 438 106 755 153 186 427 631 725 875 40 479 45 396 677 457 995 502 332 629 923 868 334 
264 732 0 213 344 454 560 954 329 694 315 2 714 607 116 219 364 754 863 640 360 2 741 979 382 723 570 120 296 375 
251 414 213 0 891 573 770 248 272 366 741 948 745 781 945 69 182 258 220 279 994 219 343 120 615 243 908 502 5 904 
977 421 344 891 0 616 179 903 313 447 44 944 644 427 405 544 896 510 438 831 973 380 21 977 488 918 692 870 986 79 
131 403 454 573 616 0 154 99 6 485 846 812 246 859 293 156 211 224 635 919 123 627 748 882 693 961 653 928 372 21 
757 179 560 770 179 154 0 803 123 864 477 905 352 963 333 682 814 149 771 758 757 419 331 925 466 35 9 663 65 459 
176 1000 954 248 903 99 803 0 224 781 715 877 382 856 717 239 836 448 372 70 721 48 948 359 667 876 822 758 194 46 
60 438 329 272 313 6 123 224 0 767 931 674 574 229 857 215 660 65 406 990 581 199 559 451 733 58 141 881 616 585 
44 106 694 366 447 485 864 781 767 0 831 141 298 744 922 255 831 356 457 798 413 65 90 267 986 191 705 956 222 858 
929 755 315 741 44 846 477 715 931 831 0 173 292 835 364 545 962 666 732 769 212 644 730 124 192 456 35 835 828 424 
88 153 2 948 944 812 905 877 674 141 173 0 2 663 335 327 569 824 380 833 294 149 175 497 768 800 222 641 27 60 
961 186 714 745 644 246 352 382 574 298 292 2 0 604 424 722 70 11 592 387 489 95 520 489 890 607 792 626 568 745 
848 427 607 781 427 859 963 856 229 744 835 663 604 0 558 666 464 324 141 664 794 588 876 584 381 293 174 993 984 944 
81 631 116 945 405 293 333 717 857 922 364 335 424 558 0 445 878 4 978 833 810 497 722 227 840 997 6 699 403 520 
592 725 219 69 544 156 682 239 215 255 545 327 722 666 445 0 720 917 890 752 998 797 768 943 123 728 812 529 946 927 
237 875 364 182 896 211 814 836 660 831 962 569 70 464 878 720 0 529 621 398 119 454 609 356 447 668 827 923 538 912 
973 40 754 258 510 224 149 448 65 356 666 824 11 324 4 917 529 0 725 909 839 890 938 98 197 917 223 500 509 249 
463 479 863 220 438 635 771 372 406 457 732 380 592 141 978 890 621 725 0 435 877 671 4 209 491 268 64 184 530 98 
274 45 640 279 831 919 758 70 990 798 769 833 387 664 833 752 398 909 435 0 469 670 222 135 746 558 539 856 549 374 
104 396 360 994 973 123 757 721 581 413 212 294 489 794 810 998 119 839 877 469 0 756 128 485 243 443 817 166 11 452 
957 677 2 219 380 627 419 48 199 65 644 149 95 588 497 797 454 890 671 670 756 0 118 584 537 645 255 742 309 17 
893 457 741 343 21 748 331 948 559 90 730 175 520 876 722 768 609 938 4 222 128 118 0 191 314 220 275 368 978 79 
580 995 979 120 977 882 925 359 451 267 124 497 489 584 227 943 356 98 209 135 485 584 191 0 42 557 710 123 60 718 
369 502 382 615 488 693 466 667 733 986 192 768 890 381 840 123 447 197 491 746 243 537 314 42 0 794 192 559 436 613 
247 332 723 243 918 961 35 876 58 191 456 800 607 293 997 728 668 917 268 558 443 645 220 557 794 0 795 150 814 241 
516 629 570 908 692 653 9 822 141 705 35 222 792 174 6 812 827 223 64 539 817 255 275 710 192 795 0 961 121 167 
244 923 120 502 870 928 663 758 881 956 835 641 626 993 699 529 923 500 184 856 166 742 368 123 559 150 961 0 306 462 
389 868 296 5 986 372 65 194 616 222 828 27 568 984 403 946 538 509 530 549 11 309 978 60 436 814 121 306 0 717 
109 334 375 904 79 21 459 46 585 858 424 60 745 944 520 927 912 249 98 374 452 17 79 718 613 241 167 462 717 0 
0 708 372 263 931 9 982 732 36 537 673 270 905 664 135 993 146 777 257 149 235 779 765 847 310 4 547 618 457 48 
708 0 405 729 670 76 249 730 695 766 578 358 778 714 757 649 454 76 151 195 514 453 123 491 570 678 901 927 666 197 
372 405 0 6 640 541 628 792 681 487 220 54 557 149 68 191 704 155 886 50 848 112 572 812 405 489 707 96 636 714 
263 729 6 0 966 604 549 395 758 896 895 560 641 92 535 330 306 229 77 136 609 868 538 143 461 407 927 486 407 784 
931 670 640 966 0 639 319 593 23 536 647 913 552 656 620 521 782 547 832 822 839 875 288 884 581 730 748 425 952 348 
9 76 541 604 639 0 593 407 161 282 968 387 386 554 213 267 483 335 503 596 178 602 861 522 229 646 120 983 342 87 
982 249 628 549 319 593 0 248 35 503 678 543 486 603 223 632 698 167 939 673 755 295 29 756 422 129 278 337 245 377 
732 730 792 395 593 407 248 0 497 531 784 895 666 600 782 208 720 736 230 45 761 750 985 642 282 775 944 130 281 179 
36 695 681 758 23 161 35 497 0 677 995 499 809 327 963 609 831 359 642 859 799 370 646 219 396 409 389 927 290 261 
537 766 487 896 536 282 503 531 677 0 694 545 449 988 851 349 706 286 418 385 863 577 142 11 733 351 72 738 306 550 
673 578 220 895 647 968 678 784 995 694 0 215 711 825 658 36 139 495 819 997 458 253 316 72 545 443 323 709 644 745 
270 358 54 560 913 387 543 895 499 545 215 0 546 482 516 711 223 754 982 583 503 750 18 328 607 837 421 143 253 81 
905 778 557 641 552 386 486 666 809 449 711 546 0 783 493 562 675 275 314 204 937 25 961 755 981 559 748 260 953 856 
664 714 149 92 656 554 603 600 327 988 825 482 783 0 668 699 142 289 612 414 519 223 486 640 49 419 277 883 407 717 
135 757 68 535 620 213 223 782 963 851 658 516 493 668 0 529 848 310 441 317 464 892 572 257 410 607 132 746 339 677 
993 649 191 330 521 267 632 208 609 349 36 711 562 699 529 0 950 589 403 999 893 753 723 985 217 985 584 660 549 789 
146 454 704 306 782 483 698 720 831 706 139 223 675 142 848 950 0 200 183 71 111 458 537 600 250 22 649 507 552 530 
777 76 155 229 547 335 167 736 359 286 495 754 275 289 310 589 200 0 418 535 615 352 883 734 277 666 79 33 392 612 
257 151 886 77 832 503 939 230 642 418 819 982 314 612 441 403 183 418 0 86 714 831 375 395 857 107 434 118 185 320 
149 195 50 136 822 596 673 45 859 385 997 583 204 414 317 999 71 535 86 0 500 722 167 186 569 904 740 772 86 80 
235 514 848 609 839 178 755 761 799 863 458 503 937 519 464 893 111 615 714 500 0 693 217 321 545 63 541 189 261 525 
779 453 112 868 875 602 295 750 370 577 253 750 25 223 892 753 458 352 831 722 693 0 66 696 162 601 605 320 182 16 
765 123 572 538 288 861 29 985 646 142 316 18 961 486 572 723 537 883 375 167 217 66 0 520 978 207 950 590 877 261 
847 491 812 143 884 522 756 642 219 11 72 328 755 640 257 985 600 734 395 186 321 696 520 0 634 351 953 257 122 906 
310 570 405 461 581 229 422 282 396 733 545 607 981 49 410 217 250 277 857 569 545 162 978 634 0 950 218 790 787 604 
4 678 489 407 730 646 129 775 409 351 443 837 559 419 607 985 22 666 107 904 63 601 207 351 950 0 845 314 541 482 
547 901 707 927 748 120 278 944 389 72 323 421 748 277 132 584 649 79 434 740 541 605 950 953 218 845 0 589 65 295 
618 927 96 486 425 983 337 130 927 738 709 143 260 883 746 660 507 33 118 772 189 320 590 257 790 314 589 0 244 443 
457 666 636 407 952 342 245 281 290 306 644 253 953 407 339 549 552 392 185 86 261 182 877 122 787 541 65 244 0 722 
48 197 714 784 348 87 377 179 261 550 745 81 856 717 677 789 530 612 320 80 525 16 261 906 604 482 295 443 722 0 
0 310 186 799 349 339 653 419 782 723 943 122 731 255 496 423 252 244 508 511 23 988 959 933 742 611 280 270 211 454 
310 0 878 712 674 842 705 691 88 440 681 76 485 120 584 520 713 83 885 444 957 703 24 871 703 18 794 947 882 727 
186 878 0 542 568 686 339 689 538 491 530 193 541 228 263 437 2 995 495 388 299 522 288 738 612 182 289 27 360 232 
799 712 542 0 812 753 948 247 582 249 365 721 827 495 593 864 446 439 335 292 970 324 583 365 553 225 551 378 131 480 
349 674 568 812 0 222 598 932 742 114 575 748 853 324 739 725 525 281 51 608 953 775 162 970 427 618 801 671 737 3 
339 842 686 753 222 0 445 61 619 643 654 67 166 361 230 598 51 154 597 674 164 754 491 176 831 647 696 36 192 48 
653 705 339 948 598 445 0 949 203 518 105 843 733 429 382 168 632 198 734 970 707 541 710 682 69 374 847 893 19 82 
419 691 689 247 932 61 949 0 864 945 397 940 274 513 544 306 535 447 487 318 229 399 913 413 948 853 939 709 362 103 
782 88 538 582 742 619 203 864 0 179 410 485 511 824 775 41 867 139 753 100 435 197 507 89 424 716 272 651 484 721 
723 440 491 249 114 643 518 945 179 0 907 305 710 589 116 187 561 591 951 543 769 2 269 744 537 989 973 864 290 298 
943 681 530 365 575 654 105 397 410 907 0 888 72 284 444 976 1000 910 434 951 329 765 536 453 585 25 629 427 393 166 
122 76 193 721 748 67 843 940 485 305 888 0 455 562 85 156 194 567 243 833 263 389 801 546 399 788 278 576 388 309 
731 485 541 827 853 166 733 274 511 710 72 455 0 663 768 682 198 220 750 134 239 509 795 776 559 297 642 477 843 788 
255 120 228 495 324 361 429 513 824 589 284 562 663 0 583 167 572 742 38 512 915 392 975 411 494 380 621 701 535 523 
496 584 263 593 739 230 382 544 775 116 444 85 768 583 0 594 610 153 638 645 314 429 621 209 660 376 133 403 188 664 
423 520 437 864 725 598 168 306 41 187 976 156 682 167 594 0 760 669 606 329 841 524 642 758 308 753 555 424 946 995 
252 713 2 446 525 51 632 535 867 561 1000 194 198 572 610 760 0 635 500 221 445 403 504 276 245 645 680 301 46 766 
244 83 995 439 281 154 198 447 139 591 910 567 220 742 153 669 635 0 155 690 978 736 344 428 482 553 137 267 424 613 
508 885 495 335 51 597 734 487 753 951 434 243 750 38 638 606 500 155 0 561 868 3 11 39 33 396 688 159 447 10 
511 444 388 292 608 674 970 318 100 543 951 833 134 512 645 329 221 690 561 0 590 956 58 511 717 756 189 832 618 94 
23 957 299 970 953 164 707 229 435 769 329 263 239 915 314 841 445 978 868 590 0 782 381 768 288 627 598 90 305 153 
988 703 522 324 775 754 541 399 197 2 765 389 509 392 429 524 403 736 3 956 782 0 198 360 40 682 227 385 414 95 
959 24 288 583 162 491 710 913 507 269 536 801 795 975 621 642 504 344 11 58 381 198 0 473 833 604 43 481 624 561 
933 871 738 365 970 176 682 413 89 744 453 546 776 411 209 758 276 428 39 511 768 360 473 0 179 785 965 789 76 536 
742 703 612 553 427 831 69 948 424 537 585 399 559 494 660 308 245 482 33 717 288 40 833 179 0 776 48 669 475 690 
611 18 182 225 618 647 374 853 716 989 25 788 297 380 376 753 645 553 396 756 627 682 604 785 776 0 808 21 887 528 
280 794 289 551 801 696 847 939 272 973 629 278 642 621 133 555 680 137 688 189 598 227 43 965 48 808 0 695 650 304 
270 947 27 378 671 36 893 709 651 864 427 576 477 701 403 424 301 267 159 832 90 385 481 789 669 21 695 0 191 923 
211 882 360 131 737 192 19 362 484 290 393 388 843 535 188 946 46 424 447 618 305 414 624 76 475 887 650 191 0 309 
454 727 232 480 3 48 82 103 721 298 166 309 788 523 664 995 766 613 10 94 153 95 561 536 690 528 304 923 309 0 
0 231 211 161 734 61 862 444 588 127 925 20 886 716 120 672 564 359 5 512 465 789 915 926 607 782 584 265 563 466 
231 0 654 666 11 119 777 850 560 580 793 90 374 226 410 583 722 333 545 759 562 726 686 982 575 804 884 679 814 492 
211 654 0 340 853 899 48 550 713 826 441 28 621 815 73 510 587 885 849 675 472 51 800 676 254 641 526 679 204 505 
161 666 340 0 900 357 740 242 598 561 677 757 838 21 895 781 272 322 269 18 162 508 353 740 714 174 990 279 276 472 
734 11 853 900 0 249 300 846 64 954 194 639 444 596 253 516 750 506 106 565 948 73 521 785 210 554 271 754 585 557 
61 119 899 357 249 0 477 82 537 95 975 542 36 780 237 322 243 227 548 336 517 702 798 941 113 596 374 823 90 519 
862 777 48 740 300 477 0 424 339 336 487 750 80 633 715 822 271 482 925 992 444 601 872 790 7 128 859 790 276 657 
444 850 550 242 846 82 424 0 84 621 734 669 570 634 765 271 755 589 1000 69 612 383 327 718 415 542 802 953 364 355 
588 560 713 598 64 537 339 84 0 364 862 589 25 101 771 212 904 367 87 737 879 392 567 728 703 371 684 518 157 983 
127 580 826 561 954 95 336 621 364 0 855 304 238 556 679 228 903 41 227 125 533 150 204 348 722 374 201 706 239 483 
925 793 441 677 194 975 487 734 862 855 0 189 968 356 193 377 876 548 776 637 96 192 400 445 839 629 376 518 997 744 
20 90 28 757 639 542 750 669 589 304 189 0 329 942 174 818 503 555 659 859 542 377 489 808 555 799 460 771 56 130 
886 374 621 838 444 36 80 570 25 238 968 329 0 750 341 558 27 398 829 664 396 348 817 227 551 497 835 806 604 893 
716 226 815 21 596 780 633 634 101 556 356 942 750 0 521 348 499 277 609 454 802 774 34 467 57 557 116 950 747 982 
120 410 73 895 253 237 715 765 771 679 193 174 341 521 0 249 867 234 936 601 201 673 613 387 163 811 129 934 228 947 
672 583 510 781 516 322 822 271 212 228 377 818 558 348 249 0 521 980 920 734 761 862 918 692 238 288 700 281 370 996 
564 722 587 272 750 243 271 755 904 903 876 503 27 499 867 521 0 155 478 152 483 297 628 321 578 349 949 768 723 390 
359 333 885 322 506 227 482 589 367 41 548 555 398 277 234 980 155 0 433 842 944 868 419 36 149 881 383 967 653 814 
5 545 849 269 106 548 925 1000 87 227 776 659 829 609 936 920 478 433 0 381 449 568 910 784 689 102 207 90 564 634 
512 759 675 18 565 336 992 69 737 125 637 859 664 454 601 734 152 842 381 0 522 315 555 38 466 110 415 334 326 749 
465 562 472 162 948 517 444 612 879 533 96 542 396 802 201 761 483 944 449 522 0 88 144 448 303 436 783 236 26 181 
789 726 51 508 73 702 601 383 392 150 192 377 348 774 673 862 297 868 568 315 88 0 51 621 513 923 756 733 281 53 
915 686 800 353 521 798 872 327 567 204 400 489 817 34 613 918 628 419 910 555 144 51 0 346 512 62 385 6 545 476 
926 982 676 740 785 941 790 718 728 348 445 808 227 467 387 692 321 36 784 38 448 621 346 0 210 273 636 342 224 565 
607 575 254 714 210 113 7 415 703 722 839 555 551 57 163 238 578 149 689 466 303 513 512 210 0 801 63 294 387 945 
782 804 641 174 554 596 128 542 371 374 629 799 497 557 811 288 349 881 102 110 436 923 62 273 801 0 535 166 763 354 
584 884 526 990 271 374 859 802 684 201 376 460 835 116 129 700 949 383 207 415 783 756 385 636 63 535 0 844 299 522 
265 679 679 279 754 823 790 953 518 706 518 771 806 950 934 281 768 967 90 334 236 733 6 342 294 166 844 0 739 611 
563 814 204 276 585 90 276 364 157 239 997 56 604 747 228 370 723 653 564 326 26 281 545 224 387 763 299 739 0 766 
466 492 505 472 557 519 657 355 983 483 744 130 893 982 947 996 390 814 634 749 181 53 476 565 945 354 522 611 766 0 
