50 2
0 370 414 515 363 386 22 327 909 500 422 102 296 620 494 256 355 909 721 598 169 791 930 4 479 677 161 739 860 296 100 37 660 912 826 954 20 586 429 680 980 749 570 268 336 408 21 616 832 674 
370 0 394 315 397 836 816 921 312 84 358 30 402 430 895 964 899 598 402 128 553 637 814 425 153 855 495 733 417 996 818 331 796 131 422 408 868 789 676 971 400 724 537 647 271 674 792 416 83 375 
414 394 0 810 848 831 61 860 861 152 534 676 677 972 525 886 786 404 91 965 616 824 354 121 517 8 126 876 43 134 149 628 458 27 264 192 767 167 275 922 518 573 805 984 720 837 208 495 577 477 
515 315 810 0 369 69 85 501 22 229 689 392 173 971 943 284 556 146 607 555 538 947 511 429 954 925 476 916 131 952 867 721 73 264 642 997 396 857 289 624 748 715 35 877 942 920 526 811 779 101 
363 397 848 369 0 903 614 886 551 990 197 153 567 647 773 135 8 61 507 864 621 955 838 374 342 964 244 347 214 926 27 437 270 98 635 784 694 344 877 640 381 975 798 719 441 975 55 88 424 985 
386 836 831 69 903 0 706 668 565 403 472 894 581 446 397 900 887 287 407 719 279 113 797 603 652 687 300 282 168 213 625 39 231 803 386 263 19 814 594 874 610 3 248 238 185 958 917 533 742 11 
22 816 61 85 614 706 0 702 156 818 709 814 314 881 324 827 410 723 900 488 903 600 777 419 763 158 938 844 83 638 546 580 677 694 113 276 855 94 700 477 336 960 511 523 849 725 60 348 258 197 
327 921 860 501 886 668 702 0 581 604 73 294 526 803 207 363 518 844 733 622 705 506 486 476 826 841 635 598 404 469 235 774 365 372 766 109 94 954 725 995 173 251 451 783 835 743 994 946 640 344 
909 312 861 22 551 565 156 581 0 977 491 242 904 200 993 594 528 617 223 152 707 410 566 218 162 846 756 881 483 741 72 520 88 804 599 153 319 692 580 679 977 299 314 491 199 702 656 343 961 756 
500 84 152 229 990 403 818 604 977 0 717 833 672 85 186 404 71 258 836 162 626 164 229 114 536 447 933 197 615 391 603 942 32 122 401 809 225 437 423 562 765 263 541 503 661 794 79 511 352 640 
422 358 534 689 197 472 709 73 491 717 0 900 42 897 241 676 127 349 108 499 179 231 674 234 433 684 387 521 211 404 522 390 665 186 895 49 227 454 689 260 274 395 623 829 758 322 117 62 672 389 
102 30 676 392 153 894 814 294 242 833 900 0 833 910 187 410 74 126 30 553 166 941 432 606 706 306 32 29 51 555 476 505 407 6 232 267 743 361 709 878 495 624 377 71 366 434 165 327 199 116 
296 402 677 173 567 581 314 526 904 672 42 833 0 828 261 237 24 213 661 207 633 899 210 965 47 614 174 226 240 971 577 971 246 957 889 4 304 88 280 682 451 799 264 114 699 755 262 593 72 966 
620 430 972 971 647 446 881 803 200 85 897 910 828 0 124 358 857 636 271 321 471 810 575 728 444 462 160 572 130 908 461 196 587 211 388 354 475 296 142 593 128 37 995 171 596 619 924 452 812 476 
494 895 525 943 773 397 324 207 993 186 241 187 261 124 0 519 147 460 778 50 574 504 212 299 670 248 88 652 51 228 31 540 556 647 836 475 642 166 589 785 276 288 436 14 828 281 36 662 235 886 
256 964 886 284 135 900 827 363 594 404 676 410 237 358 519 0 545 760 579 255 881 847 120 686 450 841 474 183 979 980 469 616 165 732 571 31 778 788 525 823 475 161 57 386 238 268 334 185 342 639 
355 899 786 556 8 887 410 518 528 71 127 74 24 857 147 545 0 574 165 431 51 178 906 194 144 236 422 784 634 133 363 439 690 474 637 98 684 293 370 870 335 643 438 330 528 754 169 168 686 808 
909 598 404 146 61 287 723 844 617 258 349 126 213 636 460 760 574 0 509 484 660 261 414 251 419 940 722 714 300 466 141 534 936 126 396 46 61 717 279 302 942 414 338 178 243 571 168 937 500 476 
721 402 91 607 507 407 900 733 223 836 108 30 661 271 778 579 165 509 0 879 239 153 171 586 218 665 312 22 113 266 46 66 966 648 636 332 562 395 682 338 776 266 147 779 177 221 712 771 977 15 
598 128 965 555 864 719 488 622 152 162 499 553 207 321 50 255 431 484 879 0 449 676 334 340 26 496 810 138 62 721 302 439 858 405 90 150 14 658 778 642 99 729 769 310 56 106 540 456 371 845 
169 553 616 538 621 279 903 705 707 626 179 166 633 471 574 881 51 660 239 449 0 466 865 912 878 495 222 348 816 853 567 900 219 456 25 342 860 49 782 15 89 376 322 998 941 339 661 441 39 861 
791 637 824 947 955 113 600 506 410 164 231 941 899 810 504 847 178 261 153 676 466 0 279 545 816 918 13 154 801 1000 216 226 69 198 780 661 252 519 511 452 874 967 267 752 326 592 69 198 378 667 
930 814 354 511 838 797 777 486 566 229 674 432 210 575 212 120 906 414 171 334 865 279 0 656 194 197 645 957 266 242 55 563 400 878 224 400 960 261 102 198 466 712 379 389 82 805 155 837 56 568 
4 425 121 429 374 603 419 476 218 114 234 606 965 728 299 686 194 251 586 340 912 545 656 0 332 630 182 793 567 664 428 870 836 748 444 456 326 553 361 910 390 589 804 627 995 891 770 113 871 412 
479 153 517 954 342 652 763 826 162 536 433 706 47 444 670 450 144 419 218 26 878 816 194 332 0 156 652 737 669 480 740 211 697 463 729 86 650 425 502 232 131 327 148 46 586 550 170 445 56 414 
677 855 8 925 964 687 158 841 846 447 684 306 614 462 248 841 236 940 665 496 495 918 197 630 156 0 272 300 136 610 297 302 798 654 807 460 950 774 731 621 674 987 315 670 462 325 389 974 299 853 
161 495 126 476 244 300 938 635 756 933 387 32 174 160 88 474 422 722 312 810 222 13 645 182 652 272 0 663 127 65 936 182 431 389 346 188 546 94 278 23 236 945 39 767 486 444 908 648 931 378 
739 733 876 916 347 282 844 598 881 197 521 29 226 572 652 183 784 714 22 138 348 154 957 793 737 300 663 0 614 10 857 365 314 232 43 316 46 624 824 253 390 666 93 293 171 416 7 38 185 891 
860 417 43 131 214 168 83 404 483 615 211 51 240 130 51 979 634 300 113 62 816 801 266 567 669 136 127 614 0 116 339 715 948 264 976 535 91 294 98 148 287 273 463 474 247 760 806 801 641 473 
296 996 134 952 926 213 638 469 741 391 404 555 971 908 228 980 133 466 266 721 853 1000 242 664 480 610 65 10 116 0 962 189 901 13 145 353 21 911 10 244 528 213 313 740 410 420 62 374 349 491 
100 818 149 867 27 625 546 235 72 603 522 476 577 461 31 469 363 141 46 302 567 216 55 428 740 297 936 857 339 962 0 102 919 702 729 382 493 480 504 69 757 807 118 463 807 915 26 557 101 798 
37 331 628 721 437 39 580 774 520 942 390 505 971 196 540 616 439 534 66 439 900 226 563 870 211 302 182 365 715 189 102 0 736 916 785 883 953 185 869 381 427 716 991 837 260 512 811 802 112 282 
660 796 458 73 270 231 677 365 88 32 665 407 246 587 556 165 690 936 966 858 219 69 400 836 697 798 431 314 948 901 919 736 0 381 717 195 459 62 496 74 112 820 121 525 880 406 190 934 441 789 
912 131 27 264 98 803 694 372 804 122 186 6 957 211 647 732 474 126 648 405 456 198 878 748 463 654 389 232 264 13 702 916 381 0 625 275 806 793 748 733 998 6 586 907 377 243 369 534 654 263 
826 422 264 642 635 386 113 766 599 401 895 232 889 388 836 571 637 396 636 90 25 780 224 444 729 807 346 43 976 145 729 785 717 625 0 299 10 778 823 615 175 707 381 461 19 844 929 317 734 539 
954 408 192 997 784 263 276 109 153 809 49 267 4 354 475 31 98 46 332 150 342 661 400 456 86 460 188 316 535 353 382 883 195 275 299 0 975 22 603 305 192 897 837 276 15 337 121 777 711 18 
20 868 767 396 694 19 855 94 319 225 227 743 304 475 642 778 684 61 562 14 860 252 960 326 650 950 546 46 91 21 493 953 459 806 10 975 0 999 905 492 182 542 589 815 176 739 195 452 421 556 
586 789 167 857 344 814 94 954 692 437 454 361 88 296 166 788 293 717 395 658 49 519 261 553 425 774 94 624 294 911 480 185 62 793 778 22 999 0 737 121 785 399 914 563 423 663 485 346 160 583 
429 676 275 289 877 594 700 725 580 423 689 709 280 142 589 525 370 279 682 778 782 511 102 361 502 731 278 824 98 10 504 869 496 748 823 603 905 737 0 183 289 205 825 710 412 162 864 138 587 789 
680 971 922 624 640 874 477 995 679 562 260 878 682 593 785 823 870 302 338 642 15 452 198 910 232 621 23 253 148 244 69 381 74 733 615 305 492 121 183 0 161 340 885 219 554 76 638 424 979 966 
980 400 518 748 381 610 336 173 977 765 274 495 451 128 276 475 335 942 776 99 89 874 466 390 131 674 236 390 287 528 757 427 112 998 175 192 182 785 289 161 0 57 523 90 625 669 624 261 749 339 
749 724 573 715 975 3 960 251 299 263 395 624 799 37 288 161 643 414 266 729 376 967 712 589 327 987 945 666 273 213 807 716 820 6 707 897 542 399 205 340 57 0 125 993 249 891 67 245 816 625 
570 537 805 35 798 248 511 451 314 541 623 377 264 995 436 57 438 338 147 769 322 267 379 804 148 315 39 93 463 313 118 991 121 586 381 837 589 914 825 885 523 125 0 811 813 712 666 973 551 157 
268 647 984 877 719 238 523 783 491 503 829 71 114 171 14 386 330 178 779 310 998 752 389 627 46 670 767 293 474 740 463 837 525 907 461 276 815 563 710 219 90 993 811 0 708 394 315 509 983 498 
336 271 720 942 441 185 849 835 199 661 758 366 699 596 828 238 528 243 177 56 941 326 82 995 586 462 486 171 247 410 807 260 880 377 19 15 176 423 412 554 625 249 813 708 0 964 263 311 670 812 
408 674 837 920 975 958 725 743 702 794 322 434 755 619 281 268 754 571 221 106 339 592 805 891 550 325 444 416 760 420 915 512 406 243 844 337 739 663 162 76 669 891 712 394 964 0 50 507 459 760 
21 792 208 526 55 917 60 994 656 79 117 165 262 924 36 334 169 168 712 540 661 69 155 770 170 389 908 7 806 62 26 811 190 369 929 121 195 485 864 638 624 67 666 315 263 50 0 977 500 809 
616 416 495 811 88 533 348 946 343 511 62 327 593 452 662 185 168 937 771 456 441 198 837 113 445 974 648 38 801 374 557 802 934 534 317 777 452 346 138 424 261 245 973 509 311 507 977 0 834 900 
832 83 577 779 424 742 258 640 961 352 672 199 72 812 235 342 686 500 977 371 39 378 56 871 56 299 931 185 641 349 101 112 441 654 734 711 421 160 587 979 749 816 551 983 670 459 500 834 0 767 
674 375 477 101 985 11 197 344 756 640 389 116 966 476 886 639 808 476 15 845 861 667 568 412 414 853 378 891 473 491 798 282 789 263 539 18 556 583 789 966 339 625 157 498 812 760 809 900 767 0 
0 849 943 498 954 60 35 322 737 109 735 905 434 459 229 943 474 56 784 446 547 233 141 675 620 854 285 351 415 995 448 516 313 268 222 971 645 663 24 168 100 464 532 171 752 893 171 209 494 354 
849 0 727 209 676 841 438 221 547 486 705 870 929 809 379 499 692 976 51 240 600 119 341 856 263 165 2 88 106 333 696 87 298 492 358 605 500 857 538 98 708 402 48 251 185 196 659 202 301 180 
943 727 0 154 754 747 843 617 743 220 821 877 322 347 101 762 822 271 597 511 224 891 679 28 654 794 134 726 730 982 558 890 12 558 448 265 191 806 608 136 188 536 172 585 887 341 610 928 495 847 
498 209 154 0 173 411 329 304 732 673 944 64 390 505 988 274 312 609 132 551 532 331 609 596 174 38 834 609 34 812 191 569 641 747 460 421 967 867 953 374 326 807 575 686 373 914 769 929 146 447 
954 676 754 173 0 359 983 21 40 925 85 669 439 593 12 631 893 821 346 860 149 689 307 228 245 802 906 382 400 120 148 381 407 110 748 120 325 290 623 980 720 955 717 957 718 487 813 876 470 663 
60 841 747 411 359 0 272 223 606 578 933 499 266 61 407 598 236 259 383 622 424 771 308 614 654 464 508 672 18 714 814 250 919 193 275 93 856 913 644 607 631 98 889 53 757 902 747 415 338 478 
35 438 843 329 983 272 0 28 357 520 738 62 624 993 875 862 470 545 596 329 320 460 142 336 820 66 29 844 489 977 346 57 730 436 277 424 814 598 127 749 8 854 877 572 179 722 757 360 796 913 
322 221 617 304 21 223 28 0 337 220 777 141 865 3 306 116 280 421 678 145 448 630 291 673 57 998 532 10 961 445 593 410 9 601 272 909 334 254 334 525 671 242 153 413 878 117 460 223 248 2 
737 547 743 732 40 606 357 337 0 572 569 251 905 918 356 314 255 377 840 457 560 36 375 992 230 337 602 604 817 785 440 531 43 120 6 502 680 828 435 787 708 575 88 515 39 510 596 224 768 780 
109 486 220 673 925 578 520 220 572 0 757 173 405 359 482 840 23 711 199 497 589 190 743 957 765 125 419 60 486 522 727 163 961 207 766 931 189 313 822 54 953 220 929 499 345 964 137 653 447 631 
735 705 821 944 85 933 738 777 569 757 0 486 886 690 624 284 268 663 237 404 472 509 936 347 520 306 251 167 641 47 464 623 515 62 593 279 600 997 375 17 177 637 466 235 771 271 215 721 183 15 
905 870 877 64 669 499 62 141 251 173 486 0 778 202 604 73 33 722 712 200 880 216 403 69 474 119 812 652 34 941 949 217 501 817 534 417 236 975 56 642 363 823 626 49 105 615 962 219 939 239 
434 929 322 390 439 266 624 865 905 405 886 778 0 14 995 535 516 678 346 94 364 946 879 799 305 263 601 123 689 756 406 604 240 273 812 754 320 995 904 566 590 811 428 347 66 367 784 152 853 236 
459 809 347 505 593 61 993 3 918 359 690 202 14 0 180 631 608 246 875 424 356 184 920 39 231 483 750 586 768 537 686 768 35 950 373 277 434 953 408 527 58 161 595 153 583 357 848 267 994 262 
229 379 101 988 12 407 875 306 356 482 624 604 995 180 0 895 491 805 161 254 571 716 183 504 600 615 259 777 79 336 764 430 380 940 752 473 733 604 472 680 999 424 652 151 175 717 842 520 96 61 
943 499 762 274 631 598 862 116 314 840 284 73 535 631 895 0 246 969 788 461 41 301 478 385 637 944 199 759 918 359 620 456 532 846 192 44 590 407 348 251 940 29 74 51 698 646 237 861 24 212 
474 692 822 312 893 236 470 280 255 23 268 33 516 608 491 246 0 529 364 936 167 440 682 447 838 279 390 560 628 828 941 197 876 510 700 556 219 327 624 718 612 652 750 734 13 480 384 732 770 669 
56 976 271 609 821 259 545 421 377 711 663 722 678 246 805 969 529 0 247 815 824 145 433 337 693 449 65 326 883 718 390 585 450 448 649 790 123 403 21 228 541 425 313 930 274 28 155 481 890 633 
784 51 597 132 346 383 596 678 840 199 237 712 346 875 161 788 364 247 0 893 636 961 162 769 235 500 878 803 4 18 949 597 876 829 246 115 522 583 695 565 813 643 999 174 743 268 900 507 5 51 
446 240 511 551 860 622 329 145 457 497 404 200 94 424 254 461 936 815 893 0 424 198 515 215 885 522 906 408 934 452 616 857 67 506 933 437 342 228 949 399 315 306 410 158 699 262 557 259 683 289 
547 600 224 532 149 424 320 448 560 589 472 880 364 356 571 41 167 824 636 424 0 479 139 637 465 837 573 292 659 267 267 127 58 637 383 976 790 994 360 135 180 452 516 855 79 944 943 354 957 58 
233 119 891 331 689 771 460 630 36 190 509 216 946 184 716 301 440 145 961 198 479 0 753 583 912 333 954 804 222 807 947 569 50 348 434 988 150 538 459 945 486 458 49 757 849 71 221 199 608 322 
141 341 679 609 307 308 142 291 375 743 936 403 879 920 183 478 682 433 162 515 139 753 0 653 360 426 644 57 652 348 428 454 371 591 207 881 662 507 230 184 451 13 994 834 32 181 920 407 441 348 
675 856 28 596 228 614 336 673 992 957 347 69 799 39 504 385 447 337 769 215 637 583 653 0 728 28 137 354 555 554 310 243 222 34 740 475 166 723 747 911 675 523 227 520 877 272 552 816 337 477 
620 263 654 174 245 654 820 57 230 765 520 474 305 231 600 637 838 693 235 885 465 912 360 728 0 569 149 541 823 354 273 983 374 936 954 191 85 392 46 798 57 479 766 582 20 12 279 744 758 928 
854 165 794 38 802 464 66 998 337 125 306 119 263 483 615 944 279 449 500 522 837 333 426 28 569 0 34 101 509 445 502 481 443 995 541 518 589 651 867 583 784 925 528 364 945 35 530 947 911 611 
285 2 134 834 906 508 29 532 602 419 251 812 601 750 259 199 390 65 878 906 573 954 644 137 149 34 0 478 943 328 379 537 399 629 677 738 376 530 195 522 3 134 350 270 893 18 461 420 701 153 
351 88 726 609 382 672 844 10 604 60 167 652 123 586 777 759 560 326 803 408 292 804 57 354 541 101 478 0 708 423 575 123 800 409 783 742 411 819 585 443 44 592 116 527 450 219 532 468 240 624 
415 106 730 34 400 18 489 961 817 486 641 34 689 768 79 918 628 883 4 934 659 222 652 555 823 509 943 708 0 489 405 75 99 707 605 835 674 549 53 312 284 70 180 887 806 485 489 206 815 798 
995 333 982 812 120 714 977 445 785 522 47 941 756 537 336 359 828 718 18 452 267 807 348 554 354 445 328 423 489 0 343 978 695 480 938 727 879 471 129 717 187 481 658 836 113 739 780 423 190 726 
448 696 558 191 148 814 346 593 440 727 464 949 406 686 764 620 941 390 949 616 267 947 428 310 273 502 379 575 405 343 0 178 799 908 756 518 804 5 93 722 779 147 417 624 346 480 857 748 134 466 
516 87 890 569 381 250 57 410 531 163 623 217 604 768 430 456 197 585 597 857 127 569 454 243 983 481 537 123 75 978 178 0 337 31 950 66 366 11 483 321 775 242 891 1 943 103 702 869 68 591 
313 298 12 641 407 919 730 9 43 961 515 501 240 35 380 532 876 450 876 67 58 50 371 222 374 443 399 800 99 695 799 337 0 990 416 143 940 491 931 981 35 758 185 623 109 57 415 890 545 409 
268 492 558 747 110 193 436 601 120 207 62 817 273 950 940 846 510 448 829 506 637 348 591 34 936 995 629 409 707 480 908 31 990 0 710 599 609 367 262 141 935 107 695 537 157 15 374 116 524 466 
222 358 448 460 748 275 277 272 6 766 593 534 812 373 752 192 700 649 246 933 383 434 207 740 954 541 677 783 605 938 756 950 416 710 0 771 90 182 852 524 923 841 374 96 996 627 216 541 55 449 
971 605 265 421 120 93 424 909 502 931 279 417 754 277 473 44 556 790 115 437 976 988 881 475 191 518 738 742 835 727 518 66 143 599 771 0 868 127 268 903 642 595 21 697 924 534 153 93 574 679 
645 500 191 967 325 856 814 334 680 189 600 236 320 434 733 590 219 123 522 342 790 150 662 166 85 589 376 411 674 879 804 366 940 609 90 868 0 978 744 562 495 152 450 799 825 302 773 313 697 282 
663 857 806 867 290 913 598 254 828 313 997 975 995 953 604 407 327 403 583 228 994 538 507 723 392 651 530 819 549 471 5 11 491 367 182 127 978 0 81 498 81 408 777 578 321 554 3 680 368 58 
24 538 608 953 623 644 127 334 435 822 375 56 904 408 472 348 624 21 695 949 360 459 230 747 46 867 195 585 53 129 93 483 931 262 852 268 744 81 0 237 379 321 833 518 787 584 811 4 562 387 
168 98 136 374 980 607 749 525 787 54 17 642 566 527 680 251 718 228 565 399 135 945 184 911 798 583 522 443 312 717 722 321 981 141 524 903 562 498 237 0 950 429 450 685 384 201 947 320 1000 558 
100 708 188 326 720 631 8 671 708 953 177 363 590 58 999 940 612 541 813 315 180 486 451 675 57 784 3 44 284 187 779 775 35 935 923 642 495 81 379 950 0 680 499 837 171 883 583 944 865 494 
464 402 536 807 955 98 854 242 575 220 637 823 811 161 424 29 652 425 643 306 452 458 13 523 479 925 134 592 70 481 147 242 758 107 841 595 152 408 321 429 680 0 746 752 130 662 567 422 733 773 
532 48 172 575 717 889 877 153 88 929 466 626 428 595 652 74 750 313 999 410 516 49 994 227 766 528 350 116 180 658 417 891 185 695 374 21 450 777 833 450 499 746 0 767 471 402 115 302 40 409 
171 251 585 686 957 53 572 413 515 499 235 49 347 153 151 51 734 930 174 158 855 757 834 520 582 364 270 527 887 836 624 1 623 537 96 697 799 578 518 685 837 752 767 0 375 720 951 388 211 369 
752 185 887 373 718 757 179 878 39 345 771 105 66 583 175 698 13 274 743 699 79 849 32 877 20 945 893 450 806 113 346 943 109 157 996 924 825 321 787 384 171 130 471 375 0 688 977 543 251 257 
893 196 341 914 487 902 722 117 510 964 271 615 367 357 717 646 480 28 268 262 944 71 181 272 12 35 18 219 485 739 480 103 57 15 627 534 302 554 584 201 883 662 402 720 688 0 311 405 670 636 
171 659 610 769 813 747 757 460 596 137 215 962 784 848 842 237 384 155 900 557 943 221 920 552 279 530 461 532 489 780 857 702 415 374 216 153 773 3 811 947 583 567 115 951 977 311 0 51 785 640 
209 202 928 929 876 415 360 223 224 653 721 219 152 267 520 861 732 481 507 259 354 199 407 816 744 947 420 468 206 423 748 869 890 116 541 93 313 680 4 320 944 422 302 388 543 405 51 0 977 574 
494 301 495 146 470 338 796 248 768 447 183 939 853 994 96 24 770 890 5 683 957 608 441 337 758 911 701 240 815 190 134 68 545 524 55 574 697 368 562 1000 865 733 40 211 251 670 785 977 0 926 
354 180 847 447 663 478 913 2 780 631 15 239 236 262 61 212 669 633 51 289 58 322 348 477 928 611 153 624 798 726 466 591 409 466 449 679 282 58 387 558 494 773 409 369 257 636 640 574 926 0 
0 423 144 136 248 647 413 624 68 510 347 458 553 194 674 278 530 793 271 480 534 979 389 865 492 313 275 549 719 510 417 67 961 894 580 383 233 780 804 187 841 847 538 783 530 584 616 423 521 924 
423 0 427 701 423 306 306 297 197 510 725 251 92 731 904 443 716 193 900 751 495 853 454 170 743 605 889 764 797 689 188 446 957 899 258 163 968 102 421 681 732 843 890 363 921 611 552 947 701 835 
144 427 0 408 437 758 441 983 383 815 577 106 48 849 257 176 224 786 684 297 666 146 279 758 207 482 862 869 685 22 380 20 878 97 323 761 963 220 337 367 579 362 932 555 219 426 472 88 678 248 
136 701 408 0 589 774 320 614 45 183 302 942 247 384 73 881 691 730 968 862 774 885 560 425 846 513 133 928 995 325 481 450 758 165 209 322 439 385 214 921 790 777 587 57 608 501 775 679 925 306 
248 423 437 589 0 704 288 898 610 246 687 327 580 309 176 244 37 700 446 69 834 437 704 986 886 191 487 121 826 858 519 952 434 938 190 905 911 651 953 187 435 661 89 58 43 382 458 697 570 155 
647 306 758 774 704 0 243 312 572 141 344 740 513 953 682 54 806 773 362 312 432 844 659 569 237 38 621 441 803 261 334 910 83 379 827 744 229 249 134 335 661 620 610 703 358 477 287 676 929 577 
413 306 441 320 288 243 0 901 828 686 339 412 329 68 403 591 9 965 419 653 519 518 610 243 425 800 803 55 481 117 116 923 556 356 759 536 175 384 535 549 936 488 113 872 605 272 724 800 586 64 
624 297 983 614 898 312 901 0 572 461 442 456 40 910 645 933 759 637 299 941 265 357 907 556 841 108 374 938 195 428 657 302 945 192 885 322 835 762 804 363 130 908 614 716 163 817 108 405 725 803 
68 197 383 45 610 572 828 572 0 560 310 697 110 608 338 250 932 674 380 959 815 912 986 165 845 909 299 376 125 119 532 231 447 781 869 515 306 357 792 94 68 245 405 454 863 501 483 362 450 280 
510 510 815 183 246 141 686 461 560 0 410 786 523 978 405 9 770 268 825 478 936 799 244 383 431 808 706 580 266 253 842 878 355 884 108 484 902 724 509 820 424 721 343 535 853 264 914 693 325 281 
347 725 577 302 687 344 339 442 310 410 0 812 251 174 59 108 135 183 855 967 642 80 111 259 352 240 130 663 448 985 482 342 393 650 10 576 180 25 287 985 759 16 293 669 53 334 932 442 851 437 
458 251 106 942 327 740 412 456 697 786 812 0 36 904 218 848 987 439 330 276 194 851 693 535 851 890 465 93 429 76 115 847 646 257 872 664 259 38 496 604 474 120 836 775 924 758 142 1000 150 381 
553 92 48 247 580 513 329 40 110 523 251 36 0 660 71 599 284 324 437 568 634 282 401 99 682 795 287 664 388 388 127 472 405 207 417 73 791 433 217 6 808 187 487 969 712 772 497 630 380 853 
194 731 849 384 309 953 68 910 608 978 174 904 660 0 840 452 309 302 547 421 715 643 380 203 357 162 28 538 278 502 496 751 872 89 583 488 444 443 527 740 315 548 904 642 661 857 231 721 123 813 
674 904 257 73 176 682 403 645 338 405 59 218 71 840 0 381 482 556 491 682 762 573 691 386 838 583 618 664 969 211 179 20 669 233 374 144 633 17 922 384 666 156 56 829 747 344 332 953 554 682 
278 443 176 881 244 54 591 933 250 9 108 848 599 452 381 0 767 278 279 180 506 415 583 375 395 124 631 509 132 359 634 423 873 867 695 664 211 239 38 525 89 721 687 634 183 422 577 142 564 549 
530 716 224 691 37 806 9 759 932 770 135 987 284 309 482 767 0 295 297 141 453 409 919 649 559 547 609 431 761 69 551 724 226 208 174 740 995 254 444 95 464 139 120 454 926 566 933 640 937 588 
793 193 786 730 700 773 965 637 674 268 183 439 324 302 556 278 295 0 268 145 247 839 522 876 362 532 424 731 582 550 459 536 484 647 67 243 744 662 914 832 990 799 458 241 397 915 523 794 339 569 
271 900 684 968 446 362 419 299 380 825 855 330 437 547 491 279 297 268 0 14 261 744 360 4 878 754 176 572 626 782 376 510 203 10 778 799 944 240 807 388 213 409 44 567 31 361 364 429 821 676 
480 751 297 862 69 312 653 941 959 478 967 276 568 421 682 180 141 145 14 0 446 996 121 645 15 660 15 731 470 273 490 297 459 317 223 871 442 452 7 786 399 342 444 810 224 641 888 487 65 265 
534 495 666 774 834 432 519 265 815 936 642 194 634 715 762 506 453 247 261 446 0 850 372 168 605 551 104 779 91 990 933 967 592 109 937 20 707 631 482 836 789 729 89 5 683 94 103 325 461 64 
979 853 146 885 437 844 518 357 912 799 80 851 282 643 573 415 409 839 744 996 850 0 426 887 439 649 851 262 834 843 23 449 956 303 883 48 687 449 624 519 743 504 711 633 44 729 106 299 588 691 
389 454 279 560 704 659 610 907 986 244 111 693 401 380 691 583 919 522 360 121 372 426 0 142 153 882 748 487 868 877 632 535 650 591 462 74 450 618 969 396 339 427 267 326 709 115 510 524 420 81 
865 170 758 425 986 569 243 556 165 383 259 535 99 203 386 375 649 876 4 645 168 887 142 0 45 984 809 889 873 929 507 456 993 928 323 478 40 492 344 231 922 655 337 325 559 844 604 986 570 357 
492 743 207 846 886 237 425 841 845 431 352 851 682 357 838 395 559 362 878 15 605 439 153 45 0 518 251 236 266 409 394 226 545 324 184 859 912 774 822 22 803 809 950 267 88 659 653 733 366 590 
313 605 482 513 191 38 800 108 909 808 240 890 795 162 583 124 547 532 754 660 551 649 882 984 518 0 931 932 313 504 431 698 918 417 22 45 796 348 414 307 453 532 115 568 197 951 825 325 19 898 
275 889 862 133 487 621 803 374 299 706 130 465 287 28 618 631 609 424 176 15 104 851 748 809 251 931 0 697 30 593 660 839 372 100 282 157 726 816 646 539 207 507 997 278 332 695 743 412 287 906 
549 764 869 928 121 441 55 938 376 580 663 93 664 538 664 509 431 731 572 731 779 262 487 889 236 932 697 0 382 193 619 204 164 431 175 295 157 437 740 532 583 390 20 829 150 714 193 288 986 312 
719 797 685 995 826 803 481 195 125 266 448 429 388 278 969 132 761 582 626 470 91 834 868 873 266 313 30 382 0 246 934 687 471 19 368 292 547 915 313 390 772 907 717 531 577 419 732 927 612 144 
510 689 22 325 858 261 117 428 119 253 985 76 388 502 211 359 69 550 782 273 990 843 877 929 409 504 593 193 246 0 747 138 165 475 67 937 410 555 451 279 381 430 523 278 952 149 257 892 533 735 
417 188 380 481 519 334 116 657 532 842 482 115 127 496 179 634 551 459 376 490 933 23 632 507 394 431 660 619 934 747 0 489 394 74 279 360 728 675 997 328 619 789 604 824 972 157 103 109 460 40 
67 446 20 450 952 910 923 302 231 878 342 847 472 751 20 423 724 536 510 297 967 449 535 456 226 698 839 204 687 138 489 0 442 930 850 928 612 740 577 717 270 976 57 995 311 562 577 95 295 678 
961 957 878 758 434 83 556 945 447 355 393 646 405 872 669 873 226 484 203 459 592 956 650 993 545 918 372 164 471 165 394 442 0 309 616 372 544 33 256 148 765 361 517 322 820 887 567 493 233 997 
894 899 97 165 938 379 356 192 781 884 650 257 207 89 233 867 208 647 10 317 109 303 591 928 324 417 100 431 19 475 74 930 309 0 48 594 78 692 396 710 196 575 71 608 816 620 687 852 571 312 
580 258 323 209 190 827 759 885 869 108 10 872 417 583 374 695 174 67 778 223 937 883 462 323 184 22 282 175 368 67 279 850 616 48 0 375 438 582 499 397 206 184 510 753 87 49 374 395 801 490 
383 163 761 322 905 744 536 322 515 484 576 664 73 488 144 664 740 243 799 871 20 48 74 478 859 45 157 295 292 937 360 928 372 594 375 0 335 720 970 120 192 305 921 451 599 409 251 721 144 211 
233 968 963 439 911 229 175 835 306 902 180 259 791 444 633 211 995 744 944 442 707 687 450 40 912 796 726 157 547 410 728 612 544 78 438 335 0 124 12 399 399 565 432 489 515 859 497 844 402 672 
780 102 220 385 651 249 384 762 357 724 25 38 433 443 17 239 254 662 240 452 631 449 618 492 774 348 816 437 915 555 675 740 33 692 582 720 124 0 971 86 647 795 684 120 672 250 673 730 600 596 
804 421 337 214 953 134 535 804 792 509 287 496 217 527 922 38 444 914 807 7 482 624 969 344 822 414 646 740 313 451 997 577 256 396 499 970 12 971 0 511 561 701 196 413 267 164 803 814 593 687 
187 681 367 921 187 335 549 363 94 820 985 604 6 740 384 525 95 832 388 786 836 519 396 231 22 307 539 532 390 279 328 717 148 710 397 120 399 86 511 0 484 924 802 296 154 248 73 290 419 558 
841 732 579 790 435 661 936 130 68 424 759 474 808 315 666 89 464 990 213 399 789 743 339 922 803 453 207 583 772 381 619 270 765 196 206 192 399 647 561 484 0 954 327 293 667 471 817 290 337 274 
847 843 362 777 661 620 488 908 245 721 16 120 187 548 156 721 139 799 409 342 729 504 427 655 809 532 507 390 907 430 789 976 361 575 184 305 565 795 701 924 954 0 411 66 251 242 624 722 104 440 
538 890 932 587 89 610 113 614 405 343 293 836 487 904 56 687 120 458 44 444 89 711 267 337 950 115 997 20 717 523 604 57 517 71 510 921 432 684 196 802 327 411 0 612 302 897 752 766 317 591 
783 363 555 57 58 703 872 716 454 535 669 775 969 642 829 634 454 241 567 810 5 633 326 325 267 568 278 829 531 278 824 995 322 608 753 451 489 120 413 296 293 66 612 0 362 256 165 612 681 267 
530 921 219 608 43 358 605 163 863 853 53 924 712 661 747 183 926 397 31 224 683 44 709 559 88 197 332 150 577 952 972 311 820 816 87 599 515 672 267 154 667 251 302 362 0 441 287 695 859 403 
584 611 426 501 382 477 272 817 501 264 334 758 772 857 344 422 566 915 361 641 94 729 115 844 659 951 695 714 419 149 157 562 887 620 49 409 859 250 164 248 471 242 897 256 441 0 55 135 48 362 
616 552 472 775 458 287 724 108 483 914 932 142 497 231 332 577 933 523 364 888 103 106 510 604 653 825 743 193 732 257 103 577 567 687 374 251 497 673 803 73 817 624 752 165 287 55 0 727 253 368 
423 947 88 679 697 676 800 405 362 693 442 1000 630 721 953 142 640 794 429 487 325 299 524 986 733 325 412 288 927 892 109 95 493 852 395 721 844 730 814 290 290 722 766 612 695 135 727 0 23 111 
521 701 678 925 570 929 586 725 450 325 851 150 380 123 554 564 937 339 821 65 461 588 420 570 366 19 287 986 612 533 460 295 233 571 801 144 402 600 593 419 337 104 317 681 859 48 253 23 0 78 
924 835 248 306 155 577 64 803 280 281 437 381 853 813 682 549 588 569 676 265 64 691 81 357 590 898 906 312 144 735 40 678 997 312 490 211 672 596 687 558 274 440 591 267 403 362 368 111 78 0 
