60 4
0 14 99 112 80 226 826 829 692 877 168 840 462 329 72 860 146 888 763 76 791 822 523 818 392 659 553 634 690 582 118 487 627 877 992 15 580 264 164 366 913 949 160 147 962 650 310 927 702 197 912 23 997 15 986 836 535 715 260 582 
14 0 151 312 761 993 472 164 90 499 61 74 202 854 937 113 933 820 105 132 321 513 752 703 215 223 73 475 513 70 340 287 593 862 882 823 759 689 248 850 171 935 141 261 168 573 361 33 624 610 427 559 30 507 717 124 333 496 861 699 
99 151 0 212 583 175 857 949 482 926 482 353 431 81 190 257 289 638 669 43 360 418 173 548 999 288 992 381 603 823 12 11 697 224 101 53 630 990 286 592 635 629 70 831 512 449 138 852 598 380 986 478 81 208 168 825 792 377 325 1 
112 312 212 0 674 334 674 555 996 312 550 19 976 521 448 189 767 58 308 969 894 209 902 428 505 166 858 801 735 471 685 994 851 17 368 42 142 640 909 499 852 813 901 904 583 402 849 594 868 105 187 916 135 802 15 503 978 124 436 799 
80 761 583 674 0 994 399 932 512 109 893 64 121 509 161 659 108 812 819 488 7 27 124 589 759 568 913 484 871 613 966 52 219 154 662 490 458 170 383 534 147 750 68 270 356 972 558 325 112 548 475 662 132 187 74 140 770 318 953 99 
226 993 175 334 994 0 758 207 308 496 637 211 485 445 899 587 461 806 213 514 257 795 765 545 498 319 59 75 164 651 927 492 589 112 80 32 442 484 457 212 523 444 655 119 754 230 383 221 707 16 555 585 555 511 219 701 533 83 886 111 
826 472 857 674 399 758 0 733 661 783 949 938 857 553 376 252 686 266 3 935 531 921 115 159 103 458 350 181 530 840 114 263 438 630 335 809 532 134 426 613 423 977 436 447 509 936 891 169 620 375 162 169 459 116 26 999 524 357 527 146 
829 164 949 555 932 207 733 0 375 138 553 648 593 109 601 579 639 56 809 401 465 699 762 265 379 14 894 858 179 781 372 963 722 518 875 810 571 152 239 232 851 316 23 26 864 133 919 8 981 644 452 455 315 156 773 656 362 253 336 23 
692 90 482 996 512 308 661 375 0 298 927 406 668 726 285 642 90 970 41 211 68 354 94 795 857 529 189 58 194 113 554 615 993 994 700 252 72 196 627 606 836 411 35 942 849 431 405 158 736 697 394 558 363 699 81 21 899 850 820 536 
877 499 926 312 109 496 783 138 298 0 86 173 687 349 648 513 649 539 265 757 536 32 493 719 464 858 601 410 577 141 501 152 162 112 66 581 607 23 920 744 467 962 855 882 677 863 679 391 566 957 750 805 875 262 665 373 501 8 118 930 
168 61 482 550 893 637 949 553 927 86 0 310 93 948 927 713 77 302 907 776 806 393 627 731 426 855 366 398 149 913 692 126 669 150 829 610 556 459 432 660 270 28 469 719 786 270 955 70 555 679 192 868 436 358 614 778 517 29 697 496 
840 74 353 19 64 211 938 648 406 173 310 0 717 768 299 308 170 832 476 671 833 220 972 222 954 226 398 398 380 336 312 712 707 502 63 545 840 676 72 605 27 401 9 755 689 315 168 823 659 598 409 262 356 586 548 456 189 46 644 990 
462 202 431 976 121 485 857 593 668 687 93 717 0 428 243 632 371 331 380 534 671 969 343 168 824 647 498 914 711 878 261 371 752 312 776 39 901 409 906 156 333 269 724 745 284 125 935 417 555 240 712 315 269 933 124 184 984 299 539 633 
329 854 81 521 509 445 553 109 726 349 948 768 428 0 907 409 457 710 774 200 436 439 699 402 591 44 809 808 234 925 800 312 557 676 496 945 677 281 112 19 497 220 341 737 424 226 612 636 964 465 970 527 339 624 278 316 9 297 764 476 
72 937 190 448 161 899 376 601 285 648 927 299 243 907 0 838 737 76 205 705 827 853 138 811 517 819 818 855 339 21 575 156 19 509 593 958 377 913 825 902 883 795 824 545 842 499 99 220 573 962 543 996 598 754 308 60 728 533 983 153 
860 113 257 189 659 587 252 579 642 513 713 308 632 409 838 0 495 862 904 715 416 847 576 716 922 427 475 714 650 946 164 633 195 58 114 617 987 293 556 67 435 45 272 534 951 507 142 629 9 913 59 648 650 738 180 77 313 954 978 176 
146 933 289 767 108 461 686 639 90 649 77 170 371 457 737 495 0 302 863 230 376 185 303 359 427 180 835 329 820 655 535 813 255 805 802 571 146 103 69 335 333 662 320 871 402 393 426 761 531 160 811 409 595 794 399 108 335 180 564 804 
888 820 638 58 812 806 266 56 970 539 302 832 331 710 76 862 302 0 136 468 885 695 727 473 108 730 24 749 753 902 718 422 523 635 986 55 325 662 539 846 77 422 274 958 639 696 67 113 201 929 66 907 32 986 687 241 320 170 950 320 
763 105 669 308 819 213 3 809 41 265 907 476 380 774 205 904 863 136 0 666 690 110 621 908 99 495 88 711 148 87 355 516 137 534 841 440 793 988 554 513 306 382 250 819 338 868 293 38 207 317 30 516 482 31 779 83 812 358 826 949 
76 132 43 969 488 514 935 401 211 757 776 671 534 200 705 715 230 468 666 0 18 828 151 786 699 823 477 847 929 32 428 178 932 250 651 874 425 850 473 225 684 590 467 265 675 626 113 890 466 82 621 665 781 494 218 996 213 191 370 560 
791 321 360 894 7 257 531 465 68 536 806 833 671 436 827 416 376 885 690 18 0 800 206 170 629 799 69 693 497 943 544 34 945 947 226 441 386 848 970 541 252 515 89 935 711 302 112 444 298 509 307 488 874 344 294 947 600 106 880 468 
822 513 418 209 27 795 921 699 354 32 393 220 969 439 853 847 185 695 110 828 800 0 817 959 918 221 663 215 224 437 852 515 475 922 605 802 984 574 636 572 347 639 149 17 127 828 652 713 145 289 531 983 823 731 855 711 861 802 680 266 
523 752 173 902 124 765 115 762 94 493 627 972 343 699 138 576 303 727 621 151 206 817 0 140 97 656 817 885 804 25 39 531 57 31 400 521 902 598 721 564 295 279 837 388 897 697 204 538 358 506 182 692 930 462 299 107 444 675 618 423 
818 703 548 428 589 545 159 265 795 719 731 222 168 402 811 716 359 473 908 786 170 959 140 0 382 260 408 410 752 677 94 741 954 144 311 62 481 314 82 988 840 37 523 488 345 237 673 881 634 893 736 96 805 412 467 639 871 246 614 810 
392 215 999 505 759 498 103 379 857 464 426 954 824 591 517 922 427 108 99 699 629 918 97 382 0 763 646 221 764 946 146 840 233 369 853 970 344 286 334 517 838 226 445 547 263 352 337 817 851 924 934 116 902 472 29 802 721 834 602 654 
659 223 288 166 568 319 458 14 529 858 855 226 647 44 819 427 180 730 495 823 799 221 656 260 763 0 552 934 225 648 233 697 72 919 616 462 924 762 68 683 3 103 220 614 220 521 461 991 343 982 583 233 765 986 874 858 72 577 584 672 
553 73 992 858 913 59 350 894 189 601 366 398 498 809 818 475 835 24 88 477 69 663 817 408 646 552 0 971 42 713 470 833 498 304 142 446 891 558 51 702 309 812 521 100 999 400 544 12 233 343 963 745 263 916 392 585 559 495 496 431 
634 475 381 801 484 75 181 858 58 410 398 398 914 808 855 714 329 749 711 847 693 215 885 410 221 934 971 0 545 348 921 306 486 453 214 500 888 904 559 271 307 236 75 77 32 957 100 14 172 864 786 661 320 927 811 44 243 945 291 179 
690 513 603 735 871 164 530 179 194 577 149 380 711 234 339 650 820 753 148 929 497 224 804 752 764 225 42 545 0 253 1 337 28 937 13 110 604 738 584 94 141 87 795 827 230 996 80 520 994 286 647 311 3 676 443 286 854 459 532 15 
582 70 823 471 613 651 840 781 113 141 913 336 878 925 21 946 655 902 87 32 943 437 25 677 946 648 713 348 253 0 592 762 453 191 760 813 442 620 95 49 922 342 457 586 899 358 534 214 250 862 929 115 961 732 429 648 46 825 178 90 
118 340 12 685 966 927 114 372 554 501 692 312 261 800 575 164 535 718 355 428 544 852 39 94 146 233 470 921 1 592 0 72 884 864 499 401 937 797 929 128 263 809 399 489 710 145 535 345 239 177 753 457 761 125 387 430 644 641 394 314 
487 287 11 994 52 492 263 963 615 152 126 712 371 312 156 633 813 422 516 178 34 515 531 741 840 697 833 306 337 762 72 0 790 438 364 106 234 240 206 253 889 813 8 330 985 755 539 647 893 579 843 930 924 181 182 144 521 65 44 499 
627 593 697 851 219 589 438 722 993 162 669 707 752 557 19 195 255 523 137 932 945 475 57 954 233 72 498 486 28 453 884 790 0 31 313 921 899 254 611 442 237 498 27 976 551 936 989 576 723 851 307 377 365 453 910 68 582 636 787 477 
877 862 224 17 154 112 630 518 994 112 150 502 312 676 509 58 805 635 534 250 947 922 31 144 369 919 304 453 937 191 864 438 31 0 821 495 638 978 668 228 122 935 507 239 149 351 48 403 73 613 361 699 953 70 485 254 900 907 269 734 
992 882 101 368 662 80 335 875 700 66 829 63 776 496 593 114 802 986 841 651 226 605 400 311 853 616 142 214 13 760 499 364 313 821 0 267 839 605 982 876 524 244 398 786 232 817 593 431 135 120 23 327 207 337 909 159 888 28 878 483 
15 823 53 42 490 32 809 810 252 581 610 545 39 945 958 617 571 55 440 874 441 802 521 62 970 462 446 500 110 813 401 106 921 495 267 0 474 398 137 428 204 307 834 936 38 836 831 919 325 408 772 166 486 493 396 438 611 588 475 696 
580 759 630 142 458 442 532 571 72 607 556 840 901 677 377 987 146 325 793 425 386 984 902 481 344 924 891 888 604 442 937 234 899 638 839 474 0 910 854 940 194 1 290 412 663 841 755 848 704 459 824 547 143 142 375 371 932 871 279 660 
264 689 990 640 170 484 134 152 196 23 459 676 409 281 913 293 103 662 988 850 848 574 598 314 286 762 558 904 738 620 797 240 254 978 605 398 910 0 386 320 861 703 147 569 415 382 732 501 91 367 441 332 158 596 7 251 154 524 101 908 
164 248 286 909 383 457 426 239 627 920 432 72 906 112 825 556 69 539 554 473 970 636 721 82 334 68 51 559 584 95 929 206 611 668 982 137 854 386 0 160 84 81 158 37 517 695 82 75 78 752 904 862 983 236 653 502 579 480 843 694 
366 850 592 499 534 212 613 232 606 744 660 605 156 19 902 67 335 846 513 225 541 572 564 988 517 683 702 271 94 49 128 253 442 228 876 428 940 320 160 0 315 922 95 210 960 433 476 213 950 462 186 383 552 476 235 846 566 336 742 324 
913 171 635 852 147 523 423 851 836 467 270 27 333 497 883 435 333 77 306 684 252 347 295 840 838 3 309 307 141 922 263 889 237 122 524 204 194 861 84 315 0 142 207 866 498 173 38 713 328 677 839 733 249 529 667 478 216 79 48 211 
949 935 629 813 750 444 977 316 411 962 28 401 269 220 795 45 662 422 382 590 515 639 279 37 226 103 812 236 87 342 809 813 498 935 244 307 1 703 81 922 142 0 299 638 287 475 328 800 669 405 817 739 955 924 774 419 594 337 971 413 
160 141 70 901 68 655 436 23 35 855 469 9 724 341 824 272 320 274 250 467 89 149 837 523 445 220 521 75 795 457 399 8 27 507 398 834 290 147 158 95 207 299 0 354 607 27 649 879 775 568 800 264 395 704 512 860 888 718 768 91 
147 261 831 904 270 119 447 26 942 882 719 755 745 737 545 534 871 958 819 265 935 17 388 488 547 614 100 77 827 586 489 330 976 239 786 936 412 569 37 210 866 638 354 0 34 30 571 567 598 848 471 18 413 696 530 782 215 502 336 555 
962 168 512 583 356 754 509 864 849 677 786 689 284 424 842 951 402 639 338 675 711 127 897 345 263 220 999 32 230 899 710 985 551 149 232 38 663 415 517 960 498 287 607 34 0 408 182 951 185 99 745 470 726 697 424 292 800 778 891 191 
650 573 449 402 972 230 936 133 431 863 270 315 125 226 499 507 393 696 868 626 302 828 697 237 352 521 400 957 996 358 145 755 936 351 817 836 841 382 695 433 173 475 27 30 408 0 670 266 296 310 562 755 5 235 169 420 753 273 771 619 
310 361 138 849 558 383 891 919 405 679 955 168 935 612 99 142 426 67 293 113 112 652 204 673 337 461 544 100 80 534 535 539 989 48 593 831 755 732 82 476 38 328 649 571 182 670 0 749 4 453 586 804 780 945 602 771 773 644 6 654 
927 33 852 594 325 221 169 8 158 391 70 823 417 636 220 629 761 113 38 890 444 713 538 881 817 991 12 14 520 214 345 647 576 403 431 919 848 501 75 213 713 800 879 567 951 266 749 0 188 544 590 480 306 935 320 80 145 125 715 923 
702 624 598 868 112 707 620 981 736 566 555 659 555 964 573 9 531 201 207 466 298 145 358 634 851 343 233 172 994 250 239 893 723 73 135 325 704 91 78 950 328 669 775 598 185 296 4 188 0 574 454 968 153 555 454 533 241 39 127 924 
197 610 380 105 548 16 375 644 697 957 679 598 240 465 962 913 160 929 317 82 509 289 506 893 924 982 343 864 286 862 177 579 851 613 120 408 459 367 752 462 677 405 568 848 99 310 453 544 574 0 683 437 727 156 199 589 440 662 318 459 
912 427 986 187 475 555 162 452 394 750 192 409 712 970 543 59 811 66 30 621 307 531 182 736 934 583 963 786 647 929 753 843 307 361 23 772 824 441 904 186 839 817 800 471 745 562 586 590 454 683 0 777 386 488 389 311 404 764 848 253 
23 559 478 916 662 585 169 455 558 805 868 262 315 527 996 648 409 907 516 665 488 983 692 96 116 233 745 661 311 115 457 930 377 699 327 166 547 332 862 383 733 739 264 18 470 755 804 480 968 437 777 0 198 523 308 70 866 801 455 878 
997 30 81 135 132 555 459 315 363 875 436 356 269 339 598 650 595 32 482 781 874 823 930 805 902 765 263 320 3 961 761 924 365 953 207 486 143 158 983 552 249 955 395 413 726 5 780 306 153 727 386 198 0 909 138 156 480 921 754 282 
15 507 208 802 187 511 116 156 699 262 358 586 933 624 754 738 794 986 31 494 344 731 462 412 472 986 916 927 676 732 125 181 453 70 337 493 142 596 236 476 529 924 704 696 697 235 945 935 555 156 488 523 909 0 793 944 102 569 760 188 
986 717 168 15 74 219 26 773 81 665 614 548 124 278 308 180 399 687 779 218 294 855 299 467 29 874 392 811 443 429 387 182 910 485 909 396 375 7 653 235 667 774 512 530 424 169 602 320 454 199 389 308 138 793 0 280 293 402 862 190 
836 124 825 503 140 701 999 656 21 373 778 456 184 316 60 77 108 241 83 996 947 711 107 639 802 858 585 44 286 648 430 144 68 254 159 438 371 251 502 846 478 419 860 782 292 420 771 80 533 589 311 70 156 944 280 0 788 949 108 54 
535 333 792 978 770 533 524 362 899 501 517 189 984 9 728 313 335 320 812 213 600 861 444 871 721 72 559 243 854 46 644 521 582 900 888 611 932 154 579 566 216 594 888 215 800 753 773 145 241 440 404 866 480 102 293 788 0 143 42 460 
715 496 377 124 318 83 357 253 850 8 29 46 299 297 533 954 180 170 358 191 106 802 675 246 834 577 495 945 459 825 641 65 636 907 28 588 871 524 480 336 79 337 718 502 778 273 644 125 39 662 764 801 921 569 402 949 143 0 340 562 
260 861 325 436 953 886 527 336 820 118 697 644 539 764 983 978 564 950 826 370 880 680 618 614 602 584 496 291 532 178 394 44 787 269 878 475 279 101 843 742 48 971 768 336 891 771 6 715 127 318 848 455 754 760 862 108 42 340 0 342 
582 699 1 799 99 111 146 23 536 930 496 990 633 476 153 176 804 320 949 560 468 266 423 810 654 672 431 179 15 90 314 499 477 734 483 696 660 908 694 324 211 413 91 555 191 619 654 923 924 459 253 878 282 188 190 54 460 562 342 0 
0 837 731 796 603 987 333 410 512 680 890 690 592 906 668 493 134 605 405 86 138 548 49 968 635 46 362 494 617 306 218 976 80 358 598 507 198 663 593 736 913 913 196 514 978 95 366 960 350 574 91 335 813 678 736 609 496 217 204 784 
837 0 608 851 685 495 370 552 235 556 599 386 308 925 531 417 142 108 220 91 985 557 623 708 440 250 945 368 276 304 396 188 459 109 626 367 856 6 177 805 139 70 918 89 914 145 181 800 893 258 205 685 836 155 887 782 56 69 952 357 
731 608 0 411 777 737 858 136 7 886 48 848 223 215 565 746 60 482 973 700 264 260 918 878 17 851 68 55 911 235 828 811 218 654 994 847 757 834 547 667 219 450 397 327 134 117 976 214 767 983 484 325 166 58 486 58 255 834 193 999 
796 851 411 0 628 752 138 412 522 751 4 481 677 124 533 274 49 516 580 867 206 870 245 798 307 990 445 3 464 771 398 48 888 164 573 635 679 883 641 981 937 893 923 912 332 458 450 221 129 400 93 258 122 144 394 86 290 120 408 928 
603 685 777 628 0 783 922 108 287 852 318 396 945 976 424 779 270 111 770 168 795 864 106 46 652 145 458 207 643 75 455 530 568 956 354 822 179 101 383 535 950 86 849 210 524 369 807 142 151 226 16 298 672 773 785 112 306 363 9 519 
987 495 737 752 783 0 365 181 754 222 193 765 826 706 733 42 339 608 419 530 886 147 735 489 614 631 824 535 475 111 265 944 581 736 272 640 134 121 157 505 104 217 466 558 516 488 379 414 384 160 149 376 627 517 119 337 830 131 80 25 
333 370 858 138 922 365 0 973 209 692 718 993 265 468 478 127 93 492 673 65 923 932 936 301 151 398 862 766 814 317 656 640 258 112 900 374 497 121 30 126 317 964 242 76 81 42 477 255 1000 31 856 916 248 163 840 2 321 637 986 921 
410 552 136 412 108 181 973 0 9 894 343 549 189 676 643 109 431 56 84 359 92 309 125 790 585 184 986 617 854 692 25 387 638 236 976 746 292 986 813 546 529 852 346 818 521 670 629 178 930 208 203 742 184 97 620 87 606 455 717 78 
512 235 7 522 287 754 209 9 0 615 62 509 451 675 454 237 287 107 752 644 747 277 599 52 901 689 218 727 152 473 110 471 865 135 152 314 116 878 38 411 268 553 585 629 599 82 224 474 519 890 36 593 976 801 99 527 282 240 148 804 
680 556 886 751 852 222 692 894 615 0 155 487 561 898 1000 72 924 631 771 954 478 183 418 928 620 625 76 154 1 743 308 660 253 529 660 646 557 266 36 203 665 417 652 647 12 551 161 591 863 226 139 898 44 939 738 972 848 944 750 782 
890 599 48 4 318 193 718 343 62 155 0 63 133 69 284 955 745 362 556 137 982 993 154 178 420 814 793 368 203 102 943 944 441 481 122 457 90 347 75 404 598 807 631 352 181 97 440 629 835 991 425 902 535 236 719 835 267 629 110 885 
690 386 848 481 396 765 993 549 509 487 63 0 374 128 811 764 881 552 132 677 642 950 515 628 143 55 343 789 252 337 627 186 913 800 816 742 946 394 889 815 974 409 364 663 743 544 215 992 299 674 71 17 713 741 495 858 214 818 486 880 
592 308 223 677 945 826 265 189 451 561 133 374 0 843 114 642 426 755 535 522 638 400 651 485 445 923 382 407 257 641 759 778 413 283 225 830 685 49 702 249 275 799 691 479 664 365 769 181 520 952 488 431 37 895 123 370 260 491 807 213 
906 925 215 124 976 706 468 676 675 898 69 128 843 0 493 645 871 287 438 844 668 491 2 963 113 677 157 852 851 797 596 20 242 441 484 768 114 374 791 538 189 28 324 245 18 133 103 190 912 678 303 189 840 204 283 837 293 611 873 9 
668 531 565 533 424 733 478 643 454 1000 284 811 114 493 0 412 949 312 578 210 876 918 91 557 350 626 525 432 821 110 406 57 741 757 358 566 187 126 816 152 696 627 491 369 59 332 891 748 189 341 968 25 396 767 778 738 786 792 272 855 
493 417 746 274 779 42 127 109 237 72 955 764 642 645 412 0 468 265 513 263 209 213 345 272 884 846 783 281 69 703 760 145 782 820 733 906 9 294 19 410 67 786 516 103 525 358 265 389 175 823 565 532 491 466 972 423 707 273 63 203 
134 142 60 49 270 339 93 431 287 924 745 881 426 871 949 468 0 657 672 262 584 62 791 767 133 894 636 54 244 459 174 317 622 766 179 417 96 743 179 288 69 655 28 925 311 945 315 364 650 279 956 441 615 537 732 549 306 97 779 804 
605 108 482 516 111 608 492 56 107 631 362 552 755 287 312 265 657 0 528 484 353 466 920 712 310 689 963 411 258 532 215 631 524 761 98 711 71 113 879 792 256 145 546 219 822 827 860 641 234 921 175 808 775 419 901 600 714 414 907 943 
405 220 973 580 770 419 673 84 752 771 556 132 535 438 578 513 672 528 0 452 35 852 960 238 235 217 496 923 50 285 621 400 714 124 295 789 407 735 298 214 39 276 69 752 667 51 570 106 490 368 173 880 223 880 825 56 376 385 867 673 
86 91 700 867 168 530 65 359 644 954 137 677 522 844 210 263 262 484 452 0 87 481 871 130 262 775 885 699 607 737 698 989 439 983 310 288 807 363 422 164 253 836 500 804 703 199 718 94 342 842 336 290 88 257 97 530 954 875 655 789 
138 985 264 206 795 886 923 92 747 478 982 642 638 668 876 209 584 353 35 87 0 63 639 29 208 35 398 54 362 90 514 602 628 603 807 616 315 163 881 922 235 49 65 584 316 938 191 383 297 455 583 205 739 916 463 774 799 41 379 303 
548 557 260 870 864 147 932 309 277 183 993 950 400 491 918 213 62 466 852 481 63 0 576 31 102 201 856 436 251 914 567 323 557 204 366 390 99 180 264 89 439 427 960 157 42 85 712 968 908 128 293 866 383 545 334 798 156 49 891 912 
49 623 918 245 106 735 936 125 599 418 154 515 651 2 91 345 791 920 960 871 639 576 0 999 815 481 93 575 829 482 917 507 700 320 784 141 325 928 391 345 511 721 892 461 653 901 267 111 109 867 233 57 778 79 866 326 218 774 657 370 
968 708 878 798 46 489 301 790 52 928 178 628 485 963 557 272 767 712 238 130 29 31 999 0 305 963 158 87 602 11 48 596 731 592 283 359 702 332 955 429 381 62 151 898 200 359 438 487 774 766 315 820 799 380 825 415 994 841 596 761 
635 440 17 307 652 614 151 585 901 620 420 143 445 113 350 884 133 310 235 262 208 102 815 305 0 400 661 923 844 808 797 579 50 647 987 140 91 342 486 349 457 298 545 362 96 511 762 626 809 216 308 282 112 631 244 766 41 36 54 300 
46 250 851 990 145 631 398 184 689 625 814 55 923 677 626 846 894 689 217 775 35 201 481 963 400 0 678 743 992 713 551 510 73 921 728 955 225 190 831 918 636 639 53 252 489 68 678 251 747 169 829 335 720 725 94 773 742 845 83 537 
362 945 68 445 458 824 862 986 218 76 793 343 382 157 525 783 636 963 496 885 398 856 93 158 661 678 0 190 893 706 931 44 295 162 81 228 439 354 944 500 733 798 398 804 987 994 896 860 735 305 538 123 242 136 670 430 308 882 100 719 
494 368 55 3 207 535 766 617 727 154 368 789 407 852 432 281 54 411 923 699 54 436 575 87 923 743 190 0 663 833 619 998 388 491 917 944 964 901 24 361 13 471 254 704 701 116 778 184 896 972 563 378 127 682 567 953 160 282 346 962 
617 276 911 464 643 475 814 854 152 1 203 252 257 851 821 69 244 258 50 607 362 251 829 602 844 992 893 663 0 420 53 773 560 178 954 70 720 144 709 51 934 730 290 976 766 707 521 761 229 395 335 422 823 985 262 128 389 917 63 139 
306 304 235 771 75 111 317 692 473 743 102 337 641 797 110 703 459 532 285 737 90 914 482 11 808 713 706 833 420 0 871 842 935 72 301 730 954 495 925 461 163 352 302 530 116 722 220 130 654 400 867 777 101 748 331 11 948 824 92 30 
218 396 828 398 455 265 656 25 110 308 943 627 759 596 406 760 174 215 621 698 514 567 917 48 797 551 931 619 53 871 0 673 685 30 143 990 958 543 841 945 590 355 785 888 61 875 510 455 317 629 182 485 397 840 480 945 175 521 235 418 
976 188 811 48 530 944 640 387 471 660 944 186 778 20 57 145 317 631 400 989 602 323 507 596 579 510 44 998 773 842 673 0 815 153 681 879 915 995 615 122 269 629 903 712 248 298 169 426 960 97 382 134 507 601 66 478 912 605 42 184 
80 459 218 888 568 581 258 638 865 253 441 913 413 242 741 782 622 524 714 439 628 557 700 731 50 73 295 388 560 935 685 815 0 435 220 554 624 355 353 276 350 945 609 419 22 290 881 230 78 941 847 757 987 352 413 769 435 519 943 230 
358 109 654 164 956 736 112 236 135 529 481 800 283 441 757 820 766 761 124 983 603 204 320 592 647 921 162 491 178 72 30 153 435 0 20 728 331 336 749 984 418 148 632 349 821 111 42 957 551 869 544 995 171 612 234 564 695 27 705 611 
598 626 994 573 354 272 900 976 152 660 122 816 225 484 358 733 179 98 295 310 807 366 784 283 987 728 81 917 954 301 143 681 220 20 0 775 853 418 636 597 273 738 880 790 235 801 419 535 660 174 169 972 424 353 92 365 952 788 331 959 
507 367 847 635 822 640 374 746 314 646 457 742 830 768 566 906 417 711 789 288 616 390 141 359 140 955 228 944 70 730 990 879 554 728 775 0 757 875 346 386 623 128 658 239 131 184 147 322 938 524 376 615 486 336 190 86 803 107 923 925 
198 856 757 679 179 134 497 292 116 557 90 946 685 114 187 9 96 71 407 807 315 99 325 702 91 225 439 964 720 954 958 915 624 331 853 757 0 55 421 13 908 510 227 43 462 858 177 579 880 361 772 497 119 1 436 395 12 851 706 703 
663 6 834 883 101 121 121 986 878 266 347 394 49 374 126 294 743 113 735 363 163 180 928 332 342 190 354 901 144 495 543 995 355 336 418 875 55 0 121 289 156 738 187 581 401 742 659 986 650 797 374 450 28 633 919 358 662 925 373 857 
593 177 547 641 383 157 30 813 38 36 75 889 702 791 816 19 179 879 298 422 881 264 391 955 486 831 944 24 709 925 841 615 353 749 636 346 421 121 0 247 169 186 620 849 156 833 775 681 359 229 762 394 528 36 241 21 737 419 192 9 
736 805 667 981 535 505 126 546 411 203 404 815 249 538 152 410 288 792 214 164 922 89 345 429 349 918 500 361 51 461 945 122 276 984 597 386 13 289 247 0 907 688 126 916 211 369 976 506 338 373 137 467 617 628 859 106 727 647 593 588 
913 139 219 937 950 104 317 529 268 665 598 974 275 189 696 67 69 256 39 253 235 439 511 381 457 636 733 13 934 163 590 269 350 418 273 623 908 156 169 907 0 444 580 705 311 455 736 124 466 274 572 14 955 454 339 514 874 127 420 345 
913 70 450 893 86 217 964 852 553 417 807 409 799 28 627 786 655 145 276 836 49 427 721 62 298 639 798 471 730 352 355 629 945 148 738 128 510 738 186 688 444 0 870 742 898 892 370 986 421 200 561 22 181 551 371 923 935 94 237 54 
196 918 397 923 849 466 242 346 585 652 631 364 691 324 491 516 28 546 69 500 65 960 892 151 545 53 398 254 290 302 785 903 609 632 880 658 227 187 620 126 580 870 0 136 647 358 430 382 702 190 42 790 92 607 52 678 598 204 47 660 
514 89 327 912 210 558 76 818 629 647 352 663 479 245 369 103 925 219 752 804 584 157 461 898 362 252 804 704 976 530 888 712 419 349 790 239 43 581 849 916 705 742 136 0 196 861 655 961 825 438 746 594 142 344 902 664 495 73 493 170 
978 914 134 332 524 516 81 521 599 12 181 743 664 18 59 525 311 822 667 703 316 42 653 200 96 489 987 701 766 116 61 248 22 821 235 131 462 401 156 211 311 898 647 196 0 536 127 917 21 800 341 982 617 128 432 403 486 210 871 515 
95 145 117 458 369 488 42 670 82 551 97 544 365 133 332 358 945 827 51 199 938 85 901 359 511 68 994 116 707 722 875 298 290 111 801 184 858 742 833 369 455 892 358 861 536 0 237 708 341 260 182 660 358 794 424 819 494 952 879 382 
366 181 976 450 807 379 477 629 224 161 440 215 769 103 891 265 315 860 570 718 191 712 267 438 762 678 896 778 521 220 510 169 881 42 419 147 177 659 775 976 736 370 430 655 127 237 0 134 728 862 37 437 261 682 353 342 642 181 814 929 
960 800 214 221 142 414 255 178 474 591 629 992 181 190 748 389 364 641 106 94 383 968 111 487 626 251 860 184 761 130 455 426 230 957 535 322 579 986 681 506 124 986 382 961 917 708 134 0 608 412 733 397 362 722 166 898 848 631 139 926 
350 893 767 129 151 384 1000 930 519 863 835 299 520 912 189 175 650 234 490 342 297 908 109 774 809 747 735 896 229 654 317 960 78 551 660 938 880 650 359 338 466 421 702 825 21 341 728 608 0 263 760 48 354 546 201 135 14 74 284 77 
574 258 983 400 226 160 31 208 890 226 991 674 952 678 341 823 279 921 368 842 455 128 867 766 216 169 305 972 395 400 629 97 941 869 174 524 361 797 229 373 274 200 190 438 800 260 862 412 263 0 223 907 565 338 918 960 752 818 28 631 
91 205 484 93 16 149 856 203 36 139 425 71 488 303 968 565 956 175 173 336 583 293 233 315 308 829 538 563 335 867 182 382 847 544 169 376 772 374 762 137 572 561 42 746 341 182 37 733 760 223 0 63 71 611 592 612 126 201 300 3 
335 685 325 258 298 376 916 742 593 898 902 17 431 189 25 532 441 808 880 290 205 866 57 820 282 335 123 378 422 777 485 134 757 995 972 615 497 450 394 467 14 22 790 594 982 660 437 397 48 907 63 0 489 143 161 377 108 797 78 36 
813 836 166 122 672 627 248 184 976 44 535 713 37 840 396 491 615 775 223 88 739 383 778 799 112 720 242 127 823 101 397 507 987 171 424 486 119 28 528 617 955 181 92 142 617 358 261 362 354 565 71 489 0 461 787 964 315 75 810 265 
678 155 58 144 773 517 163 97 801 939 236 741 895 204 767 466 537 419 880 257 916 545 79 380 631 725 136 682 985 748 840 601 352 612 353 336 1 633 36 628 454 551 607 344 128 794 682 722 546 338 611 143 461 0 355 884 321 482 543 765 
736 887 486 394 785 119 840 620 99 738 719 495 123 283 778 972 732 901 825 97 463 334 866 825 244 94 670 567 262 331 480 66 413 234 92 190 436 919 241 859 339 371 52 902 432 424 353 166 201 918 592 161 787 355 0 172 233 532 900 285 
609 782 58 86 112 337 2 87 527 972 835 858 370 837 738 423 549 600 56 530 774 798 326 415 766 773 430 953 128 11 945 478 769 564 365 86 395 358 21 106 514 923 678 664 403 819 342 898 135 960 612 377 964 884 172 0 524 435 108 377 
496 56 255 290 306 830 321 606 282 848 267 214 260 293 786 707 306 714 376 954 799 156 218 994 41 742 308 160 389 948 175 912 435 695 952 803 12 662 737 727 874 935 598 495 486 494 642 848 14 752 126 108 315 321 233 524 0 414 754 951 
217 69 834 120 363 131 637 455 240 944 629 818 491 611 792 273 97 414 385 875 41 49 774 841 36 845 882 282 917 824 521 605 519 27 788 107 851 925 419 647 127 94 204 73 210 952 181 631 74 818 201 797 75 482 532 435 414 0 558 403 
204 952 193 408 9 80 986 717 148 750 110 486 807 873 272 63 779 907 867 655 379 891 657 596 54 83 100 346 63 92 235 42 943 705 331 923 706 373 192 593 420 237 47 493 871 879 814 139 284 28 300 78 810 543 900 108 754 558 0 679 
784 357 999 928 519 25 921 78 804 782 885 880 213 9 855 203 804 943 673 789 303 912 370 761 300 537 719 962 139 30 418 184 230 611 959 925 703 857 9 588 345 54 660 170 515 382 929 926 77 631 3 36 265 765 285 377 951 403 679 0 
0 834 446 859 501 959 310 445 455 675 693 722 657 840 618 582 220 677 550 34 137 527 88 826 607 184 334 379 862 374 81 921 58 85 722 415 264 936 458 590 609 914 210 553 934 80 227 950 372 488 92 134 722 664 809 578 449 265 85 729 
834 0 626 713 673 543 295 556 394 564 603 412 471 1000 685 604 246 48 402 168 967 538 573 623 419 467 887 282 333 259 471 398 495 83 696 378 901 60 286 835 172 109 956 132 951 41 416 657 703 332 160 670 823 336 887 776 154 160 935 244 
446 626 0 390 709 841 866 56 95 871 37 897 202 337 541 743 112 491 885 543 320 387 928 799 1 731 93 75 927 388 754 727 331 777 920 747 751 695 306 862 193 292 323 280 80 52 994 126 798 969 460 312 226 105 593 88 248 991 218 986 
859 713 390 0 646 724 174 239 558 829 206 389 518 174 492 251 120 479 565 855 246 937 260 898 244 896 463 79 521 795 397 95 886 72 559 653 549 871 763 919 768 851 834 903 284 427 448 151 2 211 53 389 109 83 422 8 316 154 500 979 
501 673 709 646 0 907 935 129 142 882 495 274 841 969 393 624 336 202 921 280 912 895 108 25 642 69 511 206 782 227 283 636 488 975 406 743 155 169 160 437 879 123 734 205 531 324 858 42 355 241 138 374 862 737 954 12 257 395 116 349 
959 543 841 724 907 0 326 78 844 198 45 748 754 857 748 111 231 632 272 309 715 211 888 429 766 666 856 477 408 96 181 823 582 827 249 538 320 61 232 704 179 163 542 455 488 510 393 372 453 211 173 511 550 453 61 392 675 122 141 1 
310 295 866 174 935 326 0 834 243 583 765 987 320 655 653 76 171 566 638 118 895 923 923 460 91 405 1000 603 568 320 635 593 85 109 922 421 402 234 52 44 406 944 341 112 138 87 545 187 920 124 808 897 480 47 869 52 427 682 908 1000 
445 556 56 239 129 78 834 0 189 799 254 454 101 696 609 126 444 215 130 275 59 390 257 942 761 129 889 721 793 663 154 432 796 126 870 632 215 912 891 524 654 953 111 876 245 584 544 101 911 57 316 761 166 110 662 115 587 586 670 67 
455 394 95 558 142 844 243 189 0 608 10 475 480 777 353 208 272 26 837 577 733 121 552 312 783 618 146 534 276 512 141 298 984 3 143 175 115 914 66 525 91 439 638 770 549 150 28 432 381 937 77 654 919 752 64 470 212 299 118 751 
675 564 871 829 882 198 583 799 608 0 218 289 533 929 993 201 753 560 784 742 424 44 482 794 577 658 20 162 29 786 315 623 444 660 749 781 568 380 37 352 848 283 798 684 87 483 105 505 889 268 145 838 65 845 681 895 892 991 814 943 
693 603 37 206 495 45 765 254 10 218 0 126 243 79 275 885 858 494 396 195 951 972 75 237 517 742 729 417 251 220 824 868 510 425 88 371 32 358 16 396 629 764 744 293 338 135 328 481 849 947 461 898 530 286 767 927 278 560 166 936 
722 412 897 389 274 748 987 454 475 289 126 0 367 47 839 763 876 741 122 736 482 976 628 632 185 150 257 806 342 330 691 201 980 720 876 818 934 232 915 980 842 351 267 697 542 678 9 955 146 806 117 72 652 649 479 930 52 856 521 857 
657 471 202 518 841 754 320 101 480 533 243 367 0 626 267 533 469 671 356 475 604 235 695 553 268 769 400 374 337 619 908 633 554 293 165 762 594 16 740 319 394 680 610 407 714 525 717 195 551 792 272 619 138 949 77 254 390 410 786 180 
840 1000 337 174 969 857 655 696 777 929 79 47 626 0 573 617 701 289 547 777 729 369 156 880 185 866 46 868 818 873 690 20 171 448 459 786 155 538 701 645 161 217 286 204 160 121 169 249 830 817 326 301 762 78 175 891 381 601 931 105 
618 685 541 492 393 748 653 609 353 993 275 839 267 573 0 290 961 135 639 131 834 913 145 446 283 643 571 378 840 129 468 152 665 634 371 458 133 186 886 243 714 796 427 522 80 382 947 870 67 369 863 113 481 717 726 839 877 798 181 851 
582 604 743 251 624 111 76 126 208 201 885 763 533 617 290 0 267 99 475 243 321 156 293 242 903 722 652 303 69 784 855 113 775 657 978 887 112 354 84 521 91 939 368 52 539 383 561 674 58 757 529 419 420 702 947 496 644 351 3 200 
220 246 112 120 336 231 171 444 272 753 858 876 469 701 961 267 0 583 800 185 715 23 793 810 103 906 799 125 218 481 125 432 650 772 131 375 151 680 105 204 80 603 116 985 356 920 420 591 844 311 896 479 569 547 663 477 355 178 812 803 
677 48 491 479 202 632 566 215 26 560 494 741 671 289 135 99 583 0 415 680 266 520 876 460 341 563 913 253 176 369 401 460 388 770 69 820 146 128 791 799 45 87 443 216 493 762 802 641 73 807 227 882 829 408 660 521 842 417 848 877 
550 402 885 565 921 272 638 130 837 784 396 122 356 547 639 475 800 415 0 406 27 837 896 249 367 190 487 946 141 441 568 334 811 338 208 691 482 778 256 211 187 161 95 589 665 16 438 298 542 318 253 862 58 832 720 242 346 609 953 607 
34 168 543 855 280 309 118 275 577 742 195 736 475 777 131 243 185 680 406 0 161 547 828 27 355 767 936 700 543 718 614 965 460 935 164 132 902 488 594 167 267 620 418 968 784 395 684 122 250 735 425 156 106 291 38 344 830 783 635 886 
137 967 320 246 912 715 895 59 733 424 951 482 604 729 834 321 715 266 27 161 0 292 819 151 291 110 544 248 356 180 502 575 526 492 830 721 199 337 930 945 220 111 54 261 291 830 384 381 255 530 683 207 709 952 502 831 911 170 545 391 
527 538 387 937 895 211 923 390 121 44 972 976 235 369 913 156 23 520 837 547 292 0 639 79 55 276 850 306 317 820 529 458 662 312 181 122 166 149 282 258 418 381 973 205 30 254 600 903 874 270 192 775 143 546 318 590 341 164 911 819 
88 573 928 260 108 888 923 257 552 482 75 628 695 156 145 293 793 876 896 828 819 639 0 903 937 461 74 586 634 458 897 642 810 210 732 138 130 866 362 341 483 555 696 415 679 845 393 120 104 765 174 20 795 106 611 282 235 825 660 372 
826 623 799 898 25 429 460 942 312 794 237 632 553 880 446 242 810 460 249 27 151 79 903 0 257 947 28 142 621 110 106 707 552 658 259 159 600 246 938 425 293 79 96 995 201 393 373 411 804 841 311 572 630 247 912 430 833 809 682 725 
607 419 1 244 642 766 91 761 783 577 517 185 268 185 283 903 103 341 367 355 291 55 937 257 0 422 725 804 894 838 923 575 78 639 925 17 142 282 512 512 431 227 512 291 30 353 820 598 927 303 408 134 69 671 359 837 22 176 3 286 
184 467 731 896 69 666 405 129 618 658 742 150 769 866 643 722 906 563 190 767 110 276 461 947 422 0 735 983 837 471 537 601 87 934 846 786 326 338 705 965 424 453 173 134 469 94 634 302 918 113 874 299 751 644 16 578 720 852 11 619 
334 887 93 463 511 856 1000 889 146 20 729 257 400 46 571 652 799 913 487 936 544 850 74 28 725 735 0 110 778 794 905 41 361 270 46 443 539 399 982 374 687 946 479 860 712 994 750 671 682 327 657 201 223 256 553 564 340 829 264 793 
379 282 75 79 206 477 603 721 534 162 417 806 374 868 378 303 125 253 946 700 248 306 586 142 804 983 110 0 627 727 489 759 322 238 883 968 895 873 148 304 2 411 315 700 511 129 804 100 931 948 817 404 183 609 729 959 71 323 469 973 
862 333 927 521 782 408 568 793 276 29 251 342 337 818 840 69 218 176 141 543 356 317 634 621 894 837 778 627 0 236 232 561 541 417 853 125 660 259 720 121 880 756 300 969 857 719 414 849 291 375 416 251 850 768 258 121 126 996 116 146 
374 259 388 795 227 96 320 663 512 786 220 330 619 873 129 784 481 369 441 718 180 820 458 110 838 471 794 727 236 0 828 824 951 64 389 615 937 521 910 447 198 373 276 620 164 677 112 113 684 405 803 933 78 813 438 37 852 818 135 142 
81 471 754 397 283 181 635 154 141 315 824 691 908 690 468 855 125 401 568 614 502 529 897 106 923 537 905 489 232 828 0 670 600 66 62 936 984 650 644 920 697 473 726 764 141 998 364 529 235 669 131 471 320 677 444 933 358 637 417 372 
921 398 727 95 636 823 593 432 298 623 868 201 633 20 152 113 432 460 334 965 575 458 642 707 575 601 41 759 561 824 670 0 822 91 558 847 834 924 730 182 149 583 940 801 101 289 277 443 941 164 200 111 450 449 94 554 955 446 48 217 
58 495 331 886 488 582 85 796 984 444 510 980 554 171 665 775 650 388 811 460 526 662 810 552 78 87 361 322 541 951 600 822 0 383 135 494 644 436 231 438 530 911 731 534 172 255 914 372 244 980 729 894 916 474 346 694 683 594 875 319 
85 83 777 72 975 827 109 126 3 660 425 720 293 448 634 657 772 770 338 935 492 312 210 658 639 934 270 238 417 64 66 91 383 0 36 832 284 359 720 880 407 127 559 464 615 268 183 974 576 788 387 997 11 744 201 582 682 195 566 647 
722 696 920 559 406 249 922 870 143 749 88 876 165 459 371 978 131 69 208 164 830 181 732 259 925 846 46 883 853 389 62 558 135 36 0 826 896 618 587 550 184 550 914 877 264 775 478 457 786 81 130 957 562 532 167 232 945 746 381 695 
415 378 747 653 743 538 421 632 175 781 371 818 762 786 458 887 375 820 691 132 721 122 138 159 17 786 443 968 125 615 936 847 494 832 826 0 890 959 292 505 503 10 626 159 136 145 227 250 925 562 286 508 500 291 61 145 759 41 930 934 
264 901 751 549 155 320 402 215 115 568 32 934 594 155 133 112 151 146 482 902 199 166 130 600 142 326 539 895 660 937 984 834 644 284 896 890 0 44 244 19 811 426 246 26 588 717 125 735 954 476 642 455 1 38 344 344 190 730 834 762 
936 60 695 871 169 61 234 912 914 380 358 232 16 538 186 354 680 128 778 488 337 149 866 246 282 338 399 873 259 521 650 924 436 359 618 959 44 0 4 214 263 641 232 521 349 703 763 909 633 863 350 378 50 745 990 429 452 767 335 838 
458 286 306 763 160 232 52 891 66 37 16 915 740 701 886 84 105 791 256 594 930 282 362 938 512 705 982 148 720 910 644 730 231 720 587 292 244 4 0 209 84 183 472 989 286 819 764 780 290 120 751 439 460 16 335 111 617 529 223 21 
590 835 862 919 437 704 44 524 525 352 396 980 319 645 243 521 204 799 211 167 945 258 341 425 512 965 374 304 121 447 920 182 438 880 550 505 19 214 209 0 864 750 168 905 96 282 980 594 126 366 48 566 854 426 791 156 705 500 519 508 
609 172 193 768 879 179 406 654 91 848 629 842 394 161 714 91 80 45 187 267 220 418 483 293 431 424 687 2 880 198 697 149 530 407 184 503 811 263 84 864 0 384 616 624 274 537 755 69 536 237 544 57 961 296 390 306 766 174 422 297 
914 109 292 851 123 163 944 953 439 283 764 351 680 217 796 939 603 87 161 620 111 381 555 79 227 453 946 411 756 373 473 583 911 127 550 10 426 641 183 750 384 0 779 779 885 929 278 889 352 199 433 165 46 695 396 934 800 67 128 26 
210 956 323 834 734 542 341 111 638 798 744 267 610 286 427 368 116 443 95 418 54 973 696 96 512 173 479 315 300 276 726 940 731 559 914 626 246 232 472 168 616 779 0 23 441 353 436 406 698 104 140 931 79 715 53 638 582 244 26 635 
553 132 280 903 205 455 112 876 770 684 293 697 407 204 522 52 985 216 589 968 261 205 415 995 291 134 860 700 969 620 764 801 534 464 877 159 26 521 989 905 624 779 23 0 111 937 681 955 737 358 746 624 231 375 997 645 368 112 575 196 
934 951 80 284 531 488 138 245 549 87 338 542 714 160 80 539 356 493 665 784 291 30 679 201 30 469 712 511 857 164 141 101 172 615 264 136 588 349 286 96 274 885 441 111 0 739 190 855 4 848 344 784 635 410 620 375 527 394 836 425 
80 41 52 427 324 510 87 584 150 483 135 678 525 121 382 383 920 762 16 395 830 254 845 393 353 94 994 129 719 677 998 289 255 268 775 145 717 703 819 282 537 929 353 937 739 0 348 799 254 181 91 617 410 660 458 775 427 926 980 404 
227 416 994 448 858 393 545 544 28 105 328 9 717 169 947 561 420 802 438 684 384 600 393 373 820 634 750 804 414 112 364 277 914 183 478 227 125 763 764 980 755 278 436 681 190 348 0 69 588 764 70 547 140 650 357 559 561 227 679 809 
950 657 126 151 42 372 187 101 432 505 481 955 195 249 870 674 591 641 298 122 381 903 120 411 598 302 671 100 849 113 529 443 372 974 457 250 735 909 780 594 69 889 406 955 855 799 69 0 512 318 809 267 373 687 244 895 787 653 239 845 
372 703 798 2 355 453 920 911 381 889 849 146 551 830 67 58 844 73 542 250 255 874 104 804 927 918 682 931 291 684 235 941 244 576 786 925 954 633 290 126 536 352 698 737 4 254 588 512 0 296 872 54 266 635 195 87 19 115 250 49 
488 332 969 211 241 211 124 57 937 268 947 806 792 817 369 757 311 807 318 735 530 270 765 841 303 113 327 948 375 405 669 164 980 788 81 562 476 863 120 366 237 199 104 358 848 181 764 318 296 0 378 937 606 160 992 966 610 751 152 603 
92 160 460 53 138 173 808 316 77 145 461 117 272 326 863 529 896 227 253 425 683 192 174 311 408 874 657 817 416 803 131 200 729 387 130 286 642 350 751 48 544 433 140 746 344 91 70 809 872 378 0 248 76 457 785 667 269 282 420 136 
