15 2
0 46 118 40 96 98 46 64 2 33 36 47 55 9 108 
46 0 88 10 53 127 3 66 48 60 37 19 78 48 107 
118 88 0 85 53 137 85 71 120 144 83 106 102 125 70 
40 10 85 0 56 117 8 56 42 59 26 26 68 43 98 
96 53 53 56 0 154 51 82 98 112 71 66 108 100 106 
98 127 137 117 154 0 125 72 99 127 90 138 49 106 75 
46 3 85 8 51 125 0 63 48 61 34 22 76 49 104 
64 66 71 56 82 72 63 0 66 97 32 83 30 73 44 
2 48 120 42 98 99 48 66 0 32 38 48 56 7 110 
33 60 144 59 112 127 61 97 32 0 67 48 88 24 142 
36 37 83 26 71 90 34 32 38 67 0 51 41 44 77 
47 19 106 26 66 138 22 83 48 48 51 0 90 45 125 
55 78 102 68 108 49 76 30 56 88 41 90 0 63 62 
9 48 125 43 100 106 49 73 7 24 44 45 63 0 117 
108 107 70 98 106 75 104 44 110 142 77 125 62 117 0 
0 143 0 30228 11 0 0 0 1509 0 0 1 236 0 21 
143 0 0 15 0 38747 4017 1 1080 325 0 0 55 0 0 
0 0 0 0 0 0 0 4333 0 0 0 12 1 9113 0 
30228 15 0 0 0 0 152 0 4 7 0 0 58 45903 0 
11 0 0 0 0 61 104 56 0 0 0 0 24364 6 0 
0 38747 0 0 61 0 23068 3 16588 41 401 5572 0 81080 1 
0 4017 0 152 104 23068 0 4 0 0 0 967 15 0 132 
0 1 4333 0 56 3 4 0 2 0 37 47 4 0 0 
1509 1080 0 4 0 16588 0 2 0 43010 0 743 20406 0 0 
0 325 0 7 0 41 0 0 43010 0 0 3453 0 1 1225 
0 0 0 0 0 401 0 37 0 0 0 4540 44928 0 4810 
1 0 12 0 0 5572 967 47 743 3453 4540 0 10 1187 0 
236 55 1 58 24364 0 15 4 20406 0 44928 10 0 1 0 
0 0 9113 45903 6 81080 0 0 0 1 0 1187 1 0 0 
21 0 0 0 0 1 132 0 0 1225 4810 0 0 0 0 
0 0 29245 0 0 2141 8 3 0 770 89279 0 0 12110 0 
0 0 23 0 2333 0 0 0 0 0 1 13071 0 23 1 
29245 23 0 86020 2724 673 4 0 4456 9122 459 0 0 0 2 
0 0 86020 0 9821 87656 0 4739 0 0 18 1 0 0 14 
0 2333 2724 9821 0 0 0 0 6768 2112 4 138 0 0 405 
2141 0 673 87656 0 0 0 0 0 0 0 0 21302 0 0 
8 0 4 0 0 0 0 0 13 142 81 0 0 9498 0 
3 0 0 4739 0 0 0 0 0 14011 0 0 0 173 4406 
0 0 4456 0 6768 0 13 0 0 0 3 0 0 6271 54 
770 0 9122 0 2112 0 142 14011 0 0 2 0 91 0 0 
89279 1 459 18 4 0 81 0 3 2 0 0 0 784 0 
0 13071 0 1 138 0 0 0 0 0 0 0 0 0 8970 
0 0 0 0 0 21302 0 0 0 91 0 0 0 0 1981 
12110 23 0 0 0 0 9498 173 6271 0 784 0 0 0 19 
0 1 2 14 405 0 0 4406 54 0 0 8970 1981 19 0 
