15 3
0 123 17 72 89 90 77 84 122 70 141 118 117 117 58 
123 0 116 51 121 48 96 115 59 63 25 47 40 16 64 
17 116 0 64 101 90 86 66 108 71 133 119 117 113 52 
72 51 64 0 97 39 71 77 62 33 69 64 60 49 13 
89 121 101 97 0 73 26 158 158 64 146 84 88 106 88 
90 48 90 39 73 0 47 116 91 20 73 28 27 34 42 
77 96 86 71 26 47 0 136 132 38 121 63 66 81 63 
84 115 66 77 158 116 136 0 73 105 118 141 136 120 76 
122 59 108 62 158 91 132 73 0 94 51 103 96 73 74 
70 63 71 33 64 20 38 105 94 0 87 48 47 52 29 
141 25 133 69 146 73 121 118 51 87 0 70 64 41 83 
118 47 119 64 84 28 63 141 103 48 70 0 6 30 70 
117 40 117 60 88 27 66 136 96 47 64 6 0 24 67 
117 16 113 49 106 34 81 120 73 52 41 30 24 0 60 
58 64 52 13 88 42 63 76 74 29 83 70 67 60 0 
0 2 0 0 49516 15811 26 0 4066 30123 0 0 0 1 0 
2 0 0 0 0 100 89330 154 0 0 775 354 3 0 0 
0 0 0 0 89 5 0 0 0 10 358 0 179 0 3445 
0 0 0 0 330 31205 0 2 0 0 2408 0 0 2285 5 
49516 0 89 330 0 0 0 135 136 0 0 687 0 0 0 
15811 100 5 31205 0 0 0 168 179 0 24181 0 0 0 0 
26 89330 0 0 0 0 0 0 3 10 1 0 9874 2 302 
0 154 0 2 135 168 0 0 0 0 0 0 0 55416 0 
4066 0 0 0 136 179 3 0 0 7 0 2 102 0 283 
30123 0 10 0 0 0 10 0 7 0 0 218 102 151 0 
0 775 358 2408 0 24181 1 0 0 0 0 701 0 0 0 
0 354 0 0 687 0 0 0 2 218 701 0 30296 45926 0 
0 3 179 0 0 0 9874 0 102 102 0 30296 0 35698 0 
1 0 0 2285 0 0 2 55416 0 151 0 45926 35698 0 1438 
0 0 3445 5 0 0 302 0 283 0 0 0 0 1438 0 
0 0 10816 60993 0 0 0 51899 0 0 9746 0 2 26 0 
0 0 528 7 1 0 0 0 55534 1965 0 0 0 22 261 
10816 528 0 230 0 0 4622 5 676 0 0 19353 0 4 0 
60993 7 230 0 0 0 1300 45 74205 119 0 3 1 0 0 
0 1 0 0 0 11004 33 0 0 2100 2 0 599 1159 78 
0 0 0 0 11004 0 0 0 0 2 0 0 75587 14 1 
0 0 4622 1300 33 0 0 0 0 0 0 6 0 16 0 
51899 0 5 45 0 0 0 0 8 133 44 15 3 0 23 
0 55534 676 74205 0 0 0 8 0 0 1147 0 0 38266 0 
0 1965 0 119 2100 2 0 133 0 0 5426 0 0 0 1 
9746 0 0 0 2 0 0 44 1147 5426 0 0 2473 10 45 
0 0 19353 3 0 0 6 15 0 0 0 0 0 0 9700 
2 0 0 1 599 75587 0 3 0 0 2473 0 0 0 2 
26 22 4 0 1159 14 16 0 38266 0 10 0 0 0 0 
0 261 0 0 78 1 0 23 0 1 45 9700 2 0 0 
0 0 24421 1 0 0 0 582 0 0 6801 1 41 0 24 
0 0 17169 421 583 0 0 0 10201 0 0 0 0 8181 425 
24421 17169 0 2 0 0 16764 3 84 0 0 15008 0 275 0 
1 421 2 0 0 0 36484 0 80946 24746 0 160 0 0 0 
0 583 0 0 0 242 46439 0 0 1 2 0 118 1362 8583 
0 0 0 0 242 0 37 0 0 2066 0 20 45960 4 39 
0 0 16764 36484 46439 37 0 4 0 0 11 2620 0 0 0 
582 0 3 0 0 0 4 0 40 917 3495 19 0 0 57641 
0 10201 84 80946 0 0 0 40 0 0 5 0 0 2892 0 
0 0 0 24746 1 2066 0 917 0 0 6 0 0 0 4620 
6801 0 0 0 2 0 11 3495 5 6 0 0 188 1 1 
1 0 15008 160 0 20 2620 19 0 0 0 0 0 0 3 
41 0 0 0 118 45960 0 0 0 0 188 0 0 0 65612 
0 8181 275 0 1362 4 0 0 2892 0 1 0 0 0 0 
24 425 0 0 8583 39 0 57641 0 4620 1 3 65612 0 0 
