30 4
0 123 17 72 89 90 77 84 122 70 141 118 117 117 58 85 94 145 69 99 137 99 30 139 114 56 50 94 70 158 
123 0 116 51 121 48 96 115 59 63 25 47 40 16 64 39 31 87 58 23 83 33 103 24 65 67 92 40 53 45 
17 116 0 64 101 90 86 66 108 71 133 119 117 113 52 81 90 150 68 93 122 97 14 135 118 53 57 84 66 154 
72 51 64 0 97 39 71 77 62 33 69 64 60 49 13 21 29 104 24 28 84 38 52 71 72 21 53 26 13 91 
89 121 101 97 0 73 26 158 158 64 146 84 88 106 88 88 93 82 73 107 181 88 104 121 67 78 49 121 84 131 
90 48 90 39 73 0 47 116 91 20 73 28 27 34 42 20 20 64 22 35 115 15 82 53 32 38 48 55 28 69 
77 96 86 71 26 47 0 136 132 38 121 63 66 81 63 62 67 73 47 81 155 62 85 98 49 54 29 95 58 110 
84 115 66 77 158 116 136 0 73 105 118 141 136 120 76 98 104 181 98 96 73 114 56 139 149 84 109 75 89 160 
122 59 108 62 158 91 132 73 0 94 51 103 96 73 74 71 70 145 85 56 25 79 93 83 118 83 115 37 74 101 
70 63 71 33 64 20 38 105 94 0 87 48 47 52 29 25 32 79 8 44 117 32 64 72 47 21 28 56 20 89 
141 25 133 69 146 73 121 118 51 87 0 70 64 41 83 62 55 108 81 43 71 58 119 37 89 88 115 49 74 52 
118 47 119 64 84 28 63 141 103 48 70 0 6 30 70 43 37 42 50 48 128 26 110 38 19 66 73 72 55 47 
117 40 117 60 88 27 66 136 96 47 64 6 0 24 67 39 32 48 48 42 121 22 108 32 25 64 74 66 52 44 
117 16 113 49 106 34 81 120 73 52 41 30 24 0 60 31 22 72 48 24 98 19 101 21 48 61 81 46 46 42 
58 64 52 13 88 42 63 76 74 29 83 70 67 60 0 29 38 107 21 41 95 45 41 82 74 9 41 39 15 102 
85 39 81 21 88 20 62 98 71 25 62 43 39 31 29 0 9 83 18 19 96 17 70 53 51 29 52 34 14 73 
94 31 90 29 93 20 67 104 70 32 55 37 32 22 38 9 0 79 27 14 95 10 79 44 48 38 60 36 24 64 
145 87 150 104 82 64 73 181 145 79 108 42 48 72 107 83 79 0 85 91 170 68 144 71 32 101 95 114 92 67 
69 58 68 24 73 22 47 98 85 8 81 50 48 48 21 18 27 85 0 37 108 30 60 70 52 16 34 48 11 88 
99 23 93 28 107 35 81 96 56 44 43 48 42 24 41 19 14 91 37 0 81 23 80 43 62 45 71 23 30 64 
137 83 122 84 181 115 155 73 25 117 71 128 121 98 95 96 95 170 108 81 0 104 107 106 143 104 136 61 97 123 
99 33 97 38 88 15 62 114 79 32 58 26 22 19 45 17 10 68 30 23 104 0 87 40 38 44 61 46 30 58 
30 103 14 52 104 82 85 56 93 64 119 110 108 101 41 70 79 144 60 80 107 87 0 123 111 44 56 70 56 143 
139 24 135 71 121 53 98 139 83 72 37 38 32 21 82 53 44 71 70 43 106 40 123 0 57 83 101 64 68 21 
114 65 118 72 67 32 49 149 118 47 89 19 25 48 74 51 48 32 52 62 143 38 111 57 0 68 66 84 60 63 
56 67 53 21 78 38 54 84 83 21 88 66 64 61 9 29 38 101 16 45 104 44 44 83 68 0 32 47 14 102 
50 92 57 53 49 48 29 109 115 28 115 73 74 81 41 52 60 95 34 71 136 61 56 101 66 32 0 79 42 117 
94 40 84 26 121 55 95 75 37 56 49 72 66 46 39 34 36 114 48 23 61 46 70 64 84 47 79 0 37 85 
70 53 66 13 84 28 58 89 74 20 74 55 52 46 15 14 24 92 11 30 97 30 56 68 60 14 42 37 0 88 
158 45 154 91 131 69 110 160 101 89 52 47 44 42 102 73 64 67 88 64 123 58 143 21 63 102 117 85 88 0 
0 199 0 2026 23 0 0 0 1149 17 0 5071 0 0 0 77 23799 0 0 0 45 71724 0 0 0 2492 41 2 1 0 
199 0 0 152 5704 184 146 1034 165 2257 0 0 3147 1992 0 0 0 3517 721 6 0 3 238 246 17729 14234 0 2376 0 1900 
0 0 0 31 11 0 0 0 37 85 0 0 10561 0 0 0 5172 0 313 0 0 0 0 0 114 0 0 0 642 1 
2026 152 31 0 48 2404 0 15006 0 0 0 2221 2 0 65396 0 0 569 0 1 194 49014 41 10 0 0 0 7535 14 0 
23 5704 11 48 0 194 0 1262 2428 646 1 61311 354 0 0 0 0 1 0 32530 57 89 2 11899 0 0 2 3304 42 0 
0 184 0 2404 194 0 0 0 342 201 0 0 0 0 0 45926 7631 0 0 0 2 0 0 54655 263 0 0 376 0 0 
0 146 0 0 0 0 0 0 2 57470 44 0 0 64 41631 0 0 0 46855 0 0 4 0 0 0 0 83 0 198 7 
0 1034 0 15006 1262 0 0 0 3205 0 0 651 14 0 0 62 1054 4 58141 0 12630 0 1 15250 0 0 282 1371 0 37 
1149 165 37 0 2428 342 2 3205 0 0 0 0 0 0 35377 2 5 0 73781 0 0 0 0 63300 233 0 2 7 5 21 
17 2257 85 0 646 201 57470 0 0 0 0 0 126 2241 0 545 17 0 0 4086 5 11628 15 0 150 1 678 19026 0 4 
0 0 0 0 1 0 44 0 0 0 0 0 3745 526 0 0 33225 7 0 0 0 2 11 0 60927 309 624 218 607 0 
5071 0 0 2221 61311 0 0 651 0 0 0 0 0 0 19 0 0 0 931 1 0 24219 2 490 0 0 19 0 0 0 
0 3147 10561 2 354 0 0 14 0 126 3745 0 0 0 0 6438 0 8170 77655 0 0 6259 16119 0 0 0 1252 37 0 935 
0 1992 0 0 0 0 64 0 0 2241 526 0 0 0 0 35698 6 340 0 0 0 0 0 0 86747 0 0 0 577 27 
0 0 0 65396 0 0 41631 0 35377 0 0 19 0 0 0 14 3388 145 85 0 31221 7 2 125 0 0 0 0 6356 7534 
77 0 0 0 0 45926 0 62 2 545 0 0 6438 35698 14 0 1 0 0 0 89 1 0 11 0 0 0 0 0 7185 
23799 0 5172 0 0 7631 0 1054 5 17 33225 0 0 6 3388 1 0 2120 0 27 895 4870 0 15870 17602 0 3 0 134 168 
0 3517 0 569 1 0 0 4 0 0 7 0 8170 340 145 0 2120 0 0 5 0 0 915 0 2610 15 0 0 5748 10 
0 721 313 0 0 0 46855 58141 73781 0 0 931 77655 0 85 0 0 0 0 4451 0 1002 0 0 0 16 16 0 0 0 
0 6 0 1 32530 0 0 0 0 4086 0 1 0 0 0 0 27 5 4451 0 0 1 0 0 3 8905 4 0 1 0 
45 0 0 194 57 2 0 12630 0 5 0 0 0 0 31221 89 895 0 0 0 0 0 3 34584 0 0 5800 0 0 0 
71724 3 0 49014 89 0 4 0 0 11628 2 24219 6259 0 7 1 4870 0 1002 1 0 0 221 14074 0 0 3 0 18437 0 
0 238 0 41 2 0 0 1 0 15 11 2 16119 0 2 0 0 915 0 0 3 221 0 0 0 75655 0 0 138 96 
0 246 0 10 11899 54655 0 15250 63300 0 0 490 0 0 125 11 15870 0 0 0 34584 14074 0 0 3 0 3 0 2 0 
0 17729 114 0 0 263 0 0 233 150 60927 0 0 86747 0 0 17602 2610 0 3 0 0 0 3 0 12 2 0 3 0 
2492 14234 0 0 0 0 0 0 0 1 309 0 0 0 0 0 0 15 16 8905 0 0 75655 0 12 0 0 0 245 0 
41 0 0 0 2 0 83 282 2 678 624 19 1252 0 0 0 3 0 16 4 5800 3 0 3 2 0 0 381 0 0 
2 2376 0 7535 3304 376 0 1371 7 19026 218 0 37 0 0 0 0 0 0 0 0 0 0 0 0 0 381 0 144 0 
1 0 642 14 42 0 198 0 5 0 607 0 0 577 6356 0 134 5748 0 1 0 18437 138 2 3 245 0 144 0 1077 
0 1900 1 0 0 0 7 37 21 4 0 0 935 27 7534 7185 168 10 0 0 0 0 96 0 0 0 0 0 1077 0 
0 0 68 0 0 1 9 31 0 0 9 0 159 49 10756 0 0 8 10674 195 0 0 22624 1816 429 0 0 0 0 35361 
0 0 1043 0 0 0 0 0 0 0 3082 283 0 0 34969 5 607 0 0 0 44 0 0 0 0 0 486 0 140 0 
68 1043 0 0 0 4998 17 1 0 0 310 57 0 14 1 689 0 8415 0 2967 8832 34415 1228 11184 0 17 58187 176 0 0 
0 0 0 0 0 0 20102 0 3463 76267 4185 0 0 41 0 112 271 0 62440 0 0 0 0 0 250 153 444 0 0 8598 
0 0 0 0 0 0 3310 0 0 0 0 0 0 3 34 15585 6722 0 33334 0 0 0 0 0 11 6 0 0 0 56 
1 0 4998 0 0 0 1090 34943 0 0 2661 48 37 1 8 0 0 2683 6 4097 0 177 3498 0 0 2272 48144 0 842 4 
9 0 17 20102 3310 1090 0 4 0 0 0 3834 2 0 0 8 13059 84962 0 3 10355 0 92534 3344 1 23 0 3338 0 0 
31 0 1 0 0 34943 4 0 0 1 479 0 0 63 22 0 0 0 0 3 0 17328 0 0 249 20935 0 0 246 0 
0 0 0 3463 0 0 0 0 0 98875 2066 80766 1355 80 0 0 0 4454 0 13925 17542 93 1 0 0 510 0 0 0 0 
0 0 0 76267 0 0 0 1 98875 0 24479 3947 0 0 2107 0 0 262 31 0 0 0 0 940 0 0 0 0 1401 0 
9 3082 310 4185 0 2661 0 479 2066 24479 0 2546 0 0 3 350 0 0 631 1803 124 0 0 598 0 0 0 0 0 4 
0 283 57 0 0 48 3834 0 80766 3947 2546 0 64525 2 0 1 1 24602 0 0 31 0 0 0 485 29 0 40 23 523 
159 0 0 0 0 37 2 0 1355 0 0 64525 0 126 80008 0 1 0 0 35771 3963 0 0 24 2 5316 0 0 1 0 
49 0 14 41 3 1 0 63 80 0 0 2 126 0 373 0 0 0 9720 6498 203 330 1614 3169 0 55 1 8 0 0 
10756 34969 1 0 34 8 0 22 0 2107 3 0 80008 373 0 0 0 0 0 735 0 0 0 0 18 437 25 1 0 0 
0 5 689 112 15585 0 8 0 0 0 350 1 0 0 0 0 0 552 21339 2125 0 0 118 0 484 2011 1 963 12 0 
0 607 0 271 6722 0 13059 0 0 0 0 1 1 0 0 0 0 0 69 0 0 0 36582 0 0 4 0 20816 0 0 
8 0 8415 0 0 2683 84962 0 4454 262 0 24602 0 0 0 552 0 0 127 0 37892 110 0 359 0 0 25 9 0 0 
10674 0 0 62440 33334 6 0 0 0 31 631 0 0 9720 0 21339 69 127 0 0 1 0 111 75 316 0 0 11625 226 1897 
195 0 2967 0 0 4097 3 3 13925 0 1803 0 35771 6498 735 2125 0 0 0 0 12 0 256 27 0 0 0 2 0 153 
0 44 8832 0 0 0 10355 0 17542 0 124 31 3963 203 0 0 0 37892 1 12 0 630 0 0 140 85 0 141 35072 2 
0 0 34415 0 0 177 0 17328 93 0 0 0 0 330 0 0 0 110 0 0 630 0 0 0 1807 4 0 11 0 2 
22624 0 1228 0 0 3498 92534 0 1 0 0 0 0 1614 0 118 36582 0 111 256 0 0 0 23 143 0 37 72 0 0 
1816 0 11184 0 0 0 3344 0 0 940 598 0 24 3169 0 0 0 359 75 27 0 0 23 0 0 48163 0 8557 0 33 
429 0 0 250 11 0 1 249 0 0 0 485 2 0 18 484 0 0 316 0 140 1807 143 0 0 0 0 2441 0 8 
0 0 17 153 6 2272 23 20935 510 0 0 29 5316 55 437 2011 4 0 0 0 85 4 0 48163 0 0 421 1816 0 162 
0 486 58187 444 0 48144 0 0 0 0 0 0 0 1 25 1 0 25 0 0 0 0 37 0 0 421 0 0 38 19 
0 0 176 0 0 0 3338 0 0 0 0 40 0 8 1 963 20816 9 11625 2 141 11 72 8557 2441 1816 0 0 0 7267 
0 140 0 0 0 842 0 246 0 1401 0 23 1 0 0 12 0 0 226 0 35072 0 0 0 0 0 38 0 0 0 
35361 0 0 8598 56 4 0 0 0 0 4 523 0 0 0 0 0 0 1897 153 2 2 0 33 8 162 19 7267 0 0 
0 0 689 0 0 259 7 6962 0 0 364 0 22 603 11805 0 0 479 3 246 0 0 10435 376 24328 0 0 0 0 16 
0 0 3 0 0 0 0 0 0 0 6 4196 0 0 786 2892 2 0 0 0 49 0 0 0 0 0 193 0 69044 0 
689 3 0 0 0 3 11216 1111 0 0 208 38 0 2 41 1 0 2228 0 36814 977 1 3097 4 0 3 5 38 0 0 
0 0 0 0 0 0 58 0 23421 6 15 0 0 1 0 612 1140 0 119 0 0 0 0 0 4734 64429 177 0 0 1 
0 0 0 0 0 0 354 0 0 0 0 0 0 37 335 3428 169 0 1 0 0 0 0 0 4370 586 0 0 0 544 
259 0 3 0 0 0 62150 6904 0 0 42 3879 21106 3896 27 0 0 2 9 19 0 3997 1 0 0 148 18 0 5 1454 
7 0 11216 58 354 62150 0 31 0 0 0 27 444 0 0 445 13396 2985 0 55073 278 0 16 84047 1418 931 0 5 0 0 
6962 0 1111 0 0 6904 31 0 0 5137 37 0 0 8031 426 0 0 0 0 5 0 3 0 0 3547 52358 0 0 20888 0 
0 0 0 23421 0 0 0 0 0 63 1 19385 6892 13237 0 0 0 2203 0 210 216 4344 3 0 0 2356 0 0 0 0 
0 0 0 6 0 0 0 5137 63 0 64 1063 0 0 528 0 0 21 66622 0 0 0 0 2002 0 0 0 0 6392 0 
364 6 208 15 0 42 0 37 1 64 0 202 0 0 267 1 0 0 2694 93380 68 0 0 53 0 0 0 0 0 914 
0 4196 38 0 0 3879 27 0 19385 1063 202 0 4033 17 0 1 4620 1 0 0 2196 0 0 0 3426 12491 0 1 125 4416 
22 0 0 0 0 21106 444 0 6892 0 0 4033 0 27 2290 0 2400 0 0 16 492 0 0 1 434 4006 0 0 10676 0 
603 0 2 1 37 3896 0 8031 13237 0 0 17 27 0 226 0 0 0 1213 78 39 41 48 4 0 61585 2 22987 0 0 
11805 786 41 0 335 27 0 426 0 528 267 0 2290 226 0 0 0 0 0 12750 0 0 0 0 13820 436 2 1 0 0 
0 2892 1 612 3428 0 445 0 0 0 1 1 0 0 0 0 0 15 1 6 0 0 1 0 357 35 115 1266 28 0 
0 2 0 1140 169 0 13396 0 0 0 0 4620 2400 0 0 0 0 0 13231 0 0 0 54097 0 0 229 0 4 0 0 
479 0 2228 0 0 2 2985 0 2203 21 0 1 0 0 0 15 0 0 40044 0 39 27750 0 480 0 0 295 2290 0 0 
3 0 0 119 1 9 0 0 0 66622 2694 0 0 1213 0 1 13231 40044 0 0 32 0 21 325 4270 0 0 5 11175 1 
246 0 36814 0 0 19 55073 5 210 0 93380 0 16 78 12750 6 0 0 0 0 834 0 9 3 0 0 0 182 0 63224 
0 49 977 0 0 0 278 0 216 0 68 2196 492 39 0 0 0 39 32 834 0 19746 0 0 21779 602 0 6154 1 6 
0 0 1 0 0 3997 0 3 4344 0 0 0 0 41 0 0 0 27750 0 0 19746 0 0 0 341 136 0 39304 0 29 
10435 0 3097 0 0 1 16 0 3 0 0 0 0 48 0 1 54097 0 21 9 0 0 0 12321 293 0 4056 6217 0 0 
376 0 4 0 0 0 84047 0 0 2002 53 0 1 4 0 0 0 480 325 3 0 0 12321 0 0 91 0 3922 0 1090 
24328 0 0 4734 4370 0 1418 3547 0 0 0 3426 434 0 13820 357 0 0 4270 0 21779 341 293 0 0 0 0 40299 0 647 
0 0 3 64429 586 148 931 52358 2356 0 0 12491 4006 61585 436 35 229 0 0 0 602 136 0 91 0 0 37283 10 0 2 
0 193 5 177 0 18 0 0 0 0 0 0 0 2 2 115 0 295 0 0 0 0 4056 0 0 37283 0 0 9946 412 
0 0 38 0 0 0 5 0 0 0 0 1 0 22987 1 1266 4 2290 5 182 6154 39304 6217 3922 40299 10 0 0 0 320 
0 69044 0 0 0 5 0 20888 0 6392 0 125 10676 0 0 28 0 0 11175 0 1 0 0 0 0 0 9946 0 0 0 
16 0 0 1 544 1454 0 0 0 0 914 4416 0 0 0 0 0 0 1 63224 6 29 0 1090 647 2 412 320 0 0 
0 0 1 0 0 1 7551 18565 0 0 8698 0 10 4512 3720 0 0 4010 171 1 0 0 42759 38822 5 0 0 0 0 43 
0 0 18951 0 0 0 0 0 0 0 9 15518 0 0 2 11889 24 0 0 0 13 0 0 0 0 0 45594 0 11 0 
1 18951 0 0 0 16 2 1948 0 0 800 37185 0 7411 75 24476 0 47355 0 69 37954 155 125 8 0 91 34 129 0 0 
0 0 0 0 0 0 2 0 15 60 286 0 0 1 0 10 5497 0 600 0 0 0 0 0 212 95 167 0 0 9171 
0 0 0 0 0 0 3 0 0 0 0 0 0 13 51526 1 6 0 3697 0 0 0 0 0 6221 5 0 0 0 1 
1 0 16 0 0 0 17 12355 0 0 1023 4581 259 4233 3639 0 0 371 9 1 0 6 83137 0 0 9010 9 0 845 1259 
7551 0 2 2 3 17 0 51 0 0 0 15 137 0 0 2327 157 58070 0 7246 190 0 1 9 298 11986 0 73 0 0 
18565 0 1948 0 0 12355 51 0 0 61541 4616 0 0 5148 5042 0 0 0 0 68758 0 6382 0 0 10 44533 0 0 1418 0 
0 0 0 15 0 0 0 0 0 70155 6113 19708 506 3972 0 0 0 2941 0 13 57 15 856 0 0 1 0 0 0 0 
0 0 0 60 0 0 0 61541 70155 0 5 410 0 0 442 0 0 4 8 0 0 0 0 4635 0 0 0 0 15675 0 
8698 9 800 286 0 1023 0 4616 6113 5 0 2055 0 0 1177 16 0 0 112 19486 63 0 0 6 0 0 0 0 0 189 
0 15518 37185 0 0 4581 15 0 19708 410 2055 0 4355 4719 0 214 780 123 0 0 8523 0 0 0 1422 11063 0 187 67047 4085 
10 0 0 0 0 259 137 0 506 0 0 4355 0 607 310 0 7 0 0 5 126 0 0 93 2 13 0 0 131 0 
4512 0 7411 1 13 4233 0 5148 3972 0 0 4719 607 0 110 0 0 0 7 669 10 2 1579 689 0 14 635 14 0 0 
3720 2 75 0 51526 3639 0 5042 0 442 1177 0 310 110 0 0 0 0 0 80669 0 0 0 0 71 1 3995 169 0 0 
0 11889 24476 10 1 0 2327 0 0 0 16 214 0 0 0 0 0 7821 5099 10 0 0 20 0 18 114 72 7421 42379 0 
0 24 0 5497 6 0 157 0 0 0 0 780 7 0 0 0 0 0 7 0 0 0 14 0 0 320 0 333 0 0 
4010 0 47355 0 0 371 58070 0 2941 4 0 123 0 0 0 7821 0 0 1258 0 5960 145 0 27122 0 0 269 195 0 0 
171 0 0 600 3697 9 0 0 0 8 112 0 0 7 0 5099 7 1258 0 0 972 0 2 4 568 0 0 139 16218 4603 
1 0 69 0 0 1 7246 68758 13 0 19486 0 5 669 80669 10 0 0 0 0 399 0 5 26712 0 0 0 602 0 542 
0 13 37954 0 0 0 190 0 57 0 63 8523 126 10 0 0 0 5960 972 399 0 26826 0 0 238 2403 0 1 29 2593 
0 0 155 0 0 6 0 6382 15 0 0 0 0 2 0 0 0 145 0 0 26826 0 0 0 5186 1 0 4 0 2 
42759 0 125 0 0 83137 1 0 856 0 0 0 0 1579 0 20 14 0 2 5 0 0 0 16 3716 0 16 115 0 0 
38822 0 8 0 0 0 9 0 0 4635 6 0 93 689 0 0 0 27122 4 26712 0 0 16 0 0 396 0 18 0 37995 
5 0 0 212 6221 0 298 10 0 0 0 1422 2 0 71 18 0 0 568 0 238 5186 3716 0 0 0 0 55339 0 5892 
0 0 91 95 5 9010 11986 44533 1 0 0 11063 13 14 1 114 320 0 0 0 2403 1 0 396 0 0 3 15815 0 169 
0 45594 34 167 0 9 0 0 0 0 0 0 0 635 3995 72 0 269 0 0 0 0 16 0 0 3 0 0 2544 3989 
0 0 129 0 0 0 73 0 0 0 0 187 0 14 169 7421 333 195 139 602 1 4 115 18 55339 15815 0 0 0 51944 
0 11 0 0 0 845 0 1418 0 15675 0 67047 131 0 0 42379 0 0 16218 0 29 0 0 0 0 0 2544 0 0 0 
43 0 0 9171 1 1259 0 0 0 0 189 4085 0 0 0 0 0 0 4603 542 2593 2 0 37995 5892 169 3989 51944 0 0 
