8 3
0 123 17 72 89 90 77 84 
123 0 116 51 121 48 96 115 
17 116 0 64 101 90 86 66 
72 51 64 0 97 39 71 77 
89 121 101 97 0 73 26 158 
90 48 90 39 73 0 47 116 
77 96 86 71 26 47 0 136 
84 115 66 77 158 116 136 0 
0 11 0 0 0 195 0 0 
11 0 162 227 0 0 0 0 
0 162 0 693 1787 7195 0 0 
0 227 693 0 0 0 0 0 
0 0 1787 0 0 0 0 93 
195 0 7195 0 0 0 0 0 
0 0 0 0 0 0 0 1789 
0 0 0 0 93 0 1789 0 
0 0 0 0 0 0 2 2861 
0 0 35 82 0 4585 0 402 
0 35 0 236 0 149 0 97 
0 82 236 0 0 434 60993 60 
0 0 0 0 0 0 7 12 
0 4585 149 434 0 0 230 14113 
2 0 0 60993 7 230 0 80 
2861 402 97 60 12 14113 80 0 
0 1 0 0 0 0 2463 0 
1 0 0 1739 0 0 0 0 
0 0 0 55106 0 24207 171 0 
0 1739 55106 0 24421 61 0 0 
0 0 0 24421 0 0 0 0 
0 0 24207 61 0 0 2 15 
2463 0 171 0 0 2 0 123 
0 0 0 0 0 15 123 0 
