50 3
0 59 64 103 62 95 95 48 90 88 90 112 64 139 74 53 26 148 87 89 78 107 103 6 100 177 116 85 94 32 58 33 140 154 91 89 149 95 129 136 69 115 101 157 54 90 105 87 127 110 
59 0 70 49 40 62 36 46 31 30 43 69 27 80 26 37 59 91 39 30 28 48 85 53 62 119 57 26 35 49 19 41 84 96 32 30 99 39 70 86 73 69 42 98 15 31 60 28 82 56 
64 70 0 118 33 51 89 98 88 95 64 73 48 126 97 33 87 124 64 86 63 108 150 62 58 154 114 86 89 33 53 83 147 156 86 84 168 106 127 100 125 78 97 140 80 90 70 87 153 86 
103 49 118 0 85 94 38 68 34 23 68 88 69 56 28 85 93 77 65 36 58 23 68 97 90 97 30 33 37 98 65 74 38 53 38 38 50 11 35 90 81 85 32 73 48 31 81 32 37 63 
62 40 33 85 0 33 56 78 55 62 34 51 15 94 66 8 77 96 33 53 30 75 125 57 38 126 81 53 55 32 21 66 113 123 53 51 135 74 94 77 106 55 64 110 53 57 45 54 121 57 
95 62 51 94 33 0 57 107 59 71 25 22 37 82 84 42 110 75 28 57 37 76 147 91 7 104 78 61 57 65 46 97 112 117 56 55 139 82 90 49 135 27 64 93 77 62 20 61 131 41 
95 36 89 38 56 57 0 77 6 17 31 50 41 44 39 58 95 55 29 6 25 20 100 89 52 83 25 11 1 78 40 76 58 67 4 6 82 27 38 57 100 48 8 62 47 8 43 10 75 27 
48 46 98 68 78 107 77 0 71 63 90 115 69 117 41 71 27 133 86 71 75 81 55 45 108 159 90 66 76 65 60 15 106 121 74 72 107 64 101 132 28 116 80 136 31 70 107 68 82 102 
90 31 88 34 55 59 6 71 0 12 34 55 39 49 33 57 89 61 31 2 25 20 94 84 56 89 27 5 5 75 38 70 58 68 4 4 81 23 41 63 94 53 11 67 41 3 47 3 71 33 
88 30 95 23 62 71 17 63 12 0 46 67 46 53 23 63 84 69 43 14 35 19 82 82 68 95 28 10 16 78 43 65 53 65 16 16 72 11 40 74 84 65 17 72 36 9 59 10 60 45 
90 43 64 68 34 25 31 90 34 46 0 25 25 61 61 41 99 61 3 32 15 51 124 84 22 92 53 36 32 65 32 83 87 94 30 30 114 57 66 45 116 26 39 76 58 37 17 36 106 22 
112 69 73 88 51 22 50 115 55 67 25 0 49 63 86 60 123 54 29 53 40 67 148 107 15 82 66 58 51 84 57 108 98 101 51 51 128 77 76 27 142 5 56 73 84 58 8 57 125 26 
64 27 48 69 15 37 41 69 39 46 25 49 0 81 52 17 74 86 23 37 16 60 112 58 38 116 66 37 40 40 8 60 98 108 37 36 119 58 79 71 97 51 49 98 41 41 41 38 105 47 
139 80 126 56 94 82 44 117 49 53 61 63 81 0 75 99 137 23 62 50 65 36 125 133 74 41 27 54 45 121 83 118 42 40 48 50 74 54 23 49 136 59 38 18 89 49 61 52 82 40 
74 26 97 28 66 84 39 41 33 23 61 86 52 75 0 64 65 92 58 34 47 39 62 69 83 117 49 28 38 73 45 46 66 80 37 35 76 23 59 96 61 84 40 94 20 31 77 29 56 66 
53 37 33 85 8 42 58 71 57 63 41 60 17 99 64 0 69 102 39 55 34 77 120 48 46 132 83 54 58 24 20 58 115 125 55 53 135 74 97 85 99 63 67 115 48 58 53 55 119 63 
26 59 87 93 77 110 95 27 89 84 99 123 74 137 65 69 0 150 95 88 85 103 79 26 113 178 112 83 93 54 66 19 131 145 91 89 135 88 124 144 43 125 99 156 48 88 115 85 110 115 
148 91 124 77 96 75 55 133 61 69 61 54 86 23 92 102 150 0 63 62 70 55 146 142 68 30 47 67 57 126 90 132 65 61 59 61 97 73 46 31 154 49 52 20 102 63 55 65 105 39 
87 39 64 65 33 28 29 86 31 43 3 29 23 62 58 39 95 63 0 29 11 49 121 81 25 93 52 33 29 63 29 79 86 93 27 27 112 54 65 48 113 29 37 77 55 34 20 33 103 24 
89 30 86 36 53 57 6 71 2 14 32 53 37 50 34 55 88 62 29 0 23 22 95 83 54 89 29 5 5 73 36 70 60 70 2 2 83 25 42 62 94 51 12 68 40 5 45 4 73 32 
78 28 63 58 30 37 25 75 25 35 15 40 16 65 47 34 85 70 11 23 0 45 110 72 35 100 50 25 25 56 20 68 83 92 22 21 106 47 64 59 101 41 33 81 43 28 32 26 96 31 
107 48 108 23 75 76 20 81 20 19 51 67 60 36 39 77 103 55 49 22 45 0 91 101 71 77 9 23 20 95 58 84 38 48 22 24 62 18 21 67 100 64 12 54 55 18 60 21 58 41 
103 85 150 68 125 147 100 55 94 82 124 148 112 125 62 120 79 146 121 95 110 91 0 100 146 164 99 90 98 119 104 71 95 110 98 97 80 74 102 156 39 147 97 141 72 91 140 91 53 127 
6 53 62 97 57 91 89 45 84 82 84 107 58 133 69 48 26 142 81 83 72 101 100 0 95 171 110 79 88 29 52 29 135 148 85 83 144 89 123 130 68 109 95 151 48 84 99 81 122 104 
100 62 58 90 38 7 52 108 56 68 22 15 38 74 83 46 113 68 25 54 35 71 146 95 0 97 72 58 53 70 47 99 106 111 52 52 134 79 84 42 135 19 59 86 77 59 13 58 127 35 
177 119 154 97 126 104 83 159 89 95 92 82 116 41 117 132 178 30 93 89 100 77 164 171 97 0 68 94 84 156 120 159 73 63 87 89 103 95 62 57 177 77 78 23 130 89 84 92 117 69 
116 57 114 30 81 78 25 90 27 28 53 66 66 27 49 83 112 47 52 29 50 9 99 110 72 68 0 31 25 102 65 93 34 42 28 30 62 26 13 62 109 62 16 45 64 26 60 29 61 39 
85 26 86 33 53 61 11 66 5 10 36 58 37 54 28 54 83 67 33 5 25 23 90 79 58 94 31 0 10 72 35 65 61 72 8 7 82 21 44 68 89 57 16 72 35 5 50 2 70 37 
94 35 89 37 55 57 1 76 5 16 32 51 40 45 38 58 93 57 29 5 25 20 98 88 53 84 25 10 0 78 40 75 58 67 3 5 82 26 39 58 99 49 8 63 45 7 44 8 74 28 
32 49 33 98 32 65 78 65 75 78 65 84 40 121 73 24 54 126 63 73 56 95 119 29 70 156 102 72 78 0 37 50 132 144 75 73 148 88 116 109 92 87 86 138 53 76 77 73 129 87 
58 19 53 65 21 46 40 60 38 43 32 57 8 83 45 20 66 90 29 36 20 58 104 52 47 120 65 35 40 37 0 51 96 106 37 35 115 54 79 78 89 58 48 100 32 39 48 36 100 51 
33 41 83 74 66 97 76 15 70 65 83 108 60 118 46 58 19 132 79 70 68 84 71 29 99 159 93 65 75 50 51 0 112 127 72 70 118 69 105 127 42 109 80 137 29 69 99 67 94 98 
140 84 147 38 113 112 58 106 58 53 87 98 98 42 66 115 131 65 86 60 83 38 95 135 106 73 34 61 58 132 96 112 0 15 60 62 32 45 22 90 116 94 49 51 86 56 94 59 44 72 
154 96 156 53 123 117 67 121 68 65 94 101 108 40 80 125 145 61 93 70 92 48 110 148 111 63 42 72 67 144 106 127 15 0 70 71 40 58 28 89 132 97 58 43 99 67 98 70 58 76 
91 32 86 38 53 56 4 74 4 16 30 51 37 48 37 55 91 59 27 2 22 22 98 85 52 87 28 8 3 75 37 72 60 70 0 2 84 27 42 59 97 49 11 66 43 7 43 7 75 29 
89 30 84 38 51 55 6 72 4 16 30 51 36 50 35 53 89 61 27 2 21 24 97 83 52 89 30 7 5 73 35 70 62 71 2 0 85 27 43 60 96 49 13 68 41 7 43 6 75 30 
149 99 168 50 135 139 82 107 81 72 114 128 119 74 76 135 135 97 112 83 106 62 80 144 134 103 62 82 82 148 115 118 32 40 84 85 0 61 54 122 110 124 75 83 97 78 122 81 27 101 
95 39 106 11 74 82 27 64 23 11 57 77 58 54 23 74 88 73 54 25 47 18 74 89 79 95 26 21 26 88 54 69 45 58 27 27 61 0 36 82 82 75 23 72 41 20 70 21 49 53 
129 70 127 35 94 90 38 101 41 40 66 76 79 23 59 97 124 46 65 42 64 21 102 123 84 62 13 44 39 116 79 105 22 28 42 43 54 36 0 68 117 72 30 38 76 39 71 43 59 49 
136 86 100 90 77 49 57 132 63 74 45 27 71 49 96 85 144 31 48 62 59 67 156 130 42 57 62 68 58 109 78 127 90 89 59 60 122 82 68 0 156 23 59 52 100 65 32 66 124 30 
69 73 125 81 106 135 100 28 94 84 116 142 97 136 61 99 43 154 113 94 101 100 39 68 135 177 109 89 99 92 89 42 116 132 97 96 110 82 117 156 0 142 101 154 58 92 133 90 83 126 
115 69 78 85 55 27 48 116 53 65 26 5 51 59 84 63 125 49 29 51 41 64 147 109 19 77 62 57 49 87 58 109 94 97 49 49 124 75 72 23 142 0 53 68 84 56 9 56 122 23 
101 42 97 32 64 64 8 80 11 17 39 56 49 38 40 67 99 52 37 12 33 12 97 95 59 78 16 16 8 86 48 80 49 58 11 13 75 23 30 59 101 53 0 56 51 11 49 14 69 30 
157 98 140 73 110 93 62 136 67 72 76 73 98 18 94 115 156 20 77 68 81 54 141 151 86 23 45 72 63 138 100 137 51 43 66 68 83 72 38 52 154 68 56 0 107 67 72 70 95 53 
54 15 80 48 53 77 47 31 41 36 58 84 41 89 20 48 48 102 55 40 43 55 72 48 77 130 64 35 45 53 32 29 86 99 43 41 97 41 76 100 58 84 51 107 0 40 75 37 76 70 
90 31 90 31 57 62 8 70 3 9 37 58 41 49 31 58 88 63 34 5 28 18 91 84 59 89 26 5 7 76 39 69 56 67 7 7 78 20 39 65 92 56 11 67 40 0 50 3 68 35 
105 60 70 81 45 20 43 107 47 59 17 8 41 61 77 53 115 55 20 45 32 60 140 99 13 84 60 50 44 77 48 99 94 98 43 43 122 70 71 32 133 9 49 72 75 50 0 50 118 21 
87 28 87 32 54 61 10 68 3 10 36 57 38 52 29 55 85 65 33 4 26 21 91 81 58 92 29 2 8 73 36 67 59 70 7 6 81 21 43 66 90 56 14 70 37 3 50 0 70 36 
127 82 153 37 121 131 75 82 71 60 106 125 105 82 56 119 110 105 103 73 96 58 53 122 127 117 61 70 74 129 100 94 44 58 75 75 27 49 59 124 83 122 69 95 76 68 118 70 0 99 
110 56 86 63 57 41 27 102 33 45 22 26 47 40 66 63 115 39 24 32 31 41 127 104 35 69 39 37 28 87 51 98 72 76 29 30 101 53 49 30 126 23 30 53 70 35 21 36 99 0 
0 0 2380 0 0 167 149 0 0 2625 0 0 0 1745 24 0 0 0 0 35558 0 0 0 816 0 24615 3480 0 0 0 4960 12 0 0 0 0 0 0 820 0 0 0 372 0 12 0 0 0 0 0 
0 0 67222 0 0 70 28 0 0 0 0 8071 5085 0 0 6657 41 805 96389 17076 85281 0 789 0 0 8679 21236 5286 4712 37139 0 0 42071 47314 289 62668 1286 0 0 3 41 0 0 0 0 3994 72241 0 175 0 
2380 67222 0 26228 23 1 8454 0 1 985 67578 79708 82024 918 88050 0 720 0 0 0 0 333 11 0 5 0 0 12 4220 0 0 13405 0 0 4 1 13 0 46711 277 77266 0 38054 4 8 0 0 0 481 9086 
0 0 26228 0 3 0 28606 0 0 0 403 186 0 0 2 0 241 2 0 2237 94416 0 1 0 555 0 17949 0 0 203 2660 6232 25827 166 0 0 0 46 301 3 0 54257 54289 0 0 519 0 5113 0 10 
0 0 23 3 0 0 0 86 30 1 21780 0 103 0 37 1 0 0 328 0 0 0 42083 0 325 0 0 0 1 0 10716 4 2023 1 4722 0 8681 102 2 0 0 4064 0 0 0 31734 1 127 14 0 
167 70 1 0 0 0 7540 0 0 0 261 14799 0 0 0 0 112 5141 0 0 22 0 0 0 756 0 0 82 0 8 0 8 1366 376 0 0 0 2451 0 69 0 0 0 0 57713 4 0 1285 0 0 
149 28 8454 28606 0 7540 0 47 187 0 36 3667 5169 0 0 0 176 373 918 44731 224 1330 18 0 3 0 0 9 5610 0 0 0 25760 20 0 143 5 11 135 0 0 35 14861 0 0 0 0 8707 0 0 
0 0 0 0 86 0 47 0 0 124 0 121 33 432 0 11957 0 29 0 0 9 18 0 0 0 0 0 24773 0 21943 0 8096 48483 0 10847 0 72 189 10 0 25550 81834 2352 69402 588 59 0 0 0 0 
0 0 1 0 30 0 187 0 0 54454 59 1 0 0 0 0 0 0 154 0 0 47029 0 0 0 10 6 0 24488 6 0 4 0 3694 0 0 1577 2553 48 111 1662 0 0 76 1402 9902 0 0 0 0 
2625 0 985 0 1 0 0 124 54454 0 51224 60169 9559 621 0 0 7234 0 21 0 0 0 71 0 45755 17 0 0 0 11822 0 0 316 50 4 13 0 0 0 41995 8 1 0 19 1939 0 0 0 0 0 
0 0 67578 403 21780 261 36 0 59 51224 0 0 0 0 56224 186 0 0 0 190 39 0 0 0 140 1 368 4 39 0 2890 0 0 0 86 0 0 0 0 89 0 0 3 10 93873 2 0 0 1810 0 
0 8071 79708 186 0 14799 3667 121 1 60169 0 0 1 2006 62715 0 0 0 2890 32 1633 75414 6385 8292 33292 157 0 6977 5 0 0 0 0 0 37237 2 5042 15008 0 2 1 0 11803 2 4783 0 0 11787 7738 8077 
0 5085 82024 0 103 0 5169 33 0 9559 0 1 0 0 6 0 410 0 26 28029 0 0 0 11345 0 0 15 0 0 3372 0 0 0 54553 0 0 0 8743 6557 47 0 0 268 2792 0 0 3 0 31 2699 
1745 0 918 0 0 0 0 432 0 621 0 2006 0 0 47 2 110 0 0 224 0 1481 0 0 0 0 0 10 61 0 0 0 0 4562 0 0 64 0 0 722 9015 2 52 0 35860 672 0 0 135 20703 
24 0 88050 2 37 0 0 0 0 0 56224 62715 6 47 0 0 5 0 0 1 0 438 0 0 18 29240 0 134 0 0 3 99 0 99 0 0 0 0 0 0 443 3731 0 11 0 81713 0 0 0 0 
0 6657 0 0 1 0 0 11957 0 0 186 0 0 2 0 0 1 109 32399 0 1661 0 0 2317 0 0 178 0 22 282 106 0 0 1031 7072 55740 0 19 148 0 0 21741 0 4461 0 0 851 0 20060 24423 
0 41 720 241 0 112 176 0 0 7234 0 0 410 110 5 1 0 7 1192 0 0 19969 0 0 0 0 4645 1 183 0 11 79910 0 73983 0 0 1342 0 0 0 0 0 0 525 0 1 1439 275 0 341 
0 805 0 2 0 5141 373 29 0 0 0 0 0 0 0 109 7 0 60 7163 178 9913 1 5 0 24457 0 0 15 0 0 0 0 52 0 0 18996 0 0 0 0 0 0 0 0 1 0 0 941 2344 
0 96389 0 0 328 0 918 0 154 21 0 2890 26 0 0 32399 1192 60 0 3 0 0 0 26124 0 0 0 0 24 52856 32364 1 7118 88062 5 548 0 8169 5 865 3 0 25 0 10 0 9 70005 0 41 
35558 17076 0 2237 0 0 44731 0 0 0 190 32 28029 224 1 0 0 7163 3 0 44 0 40267 19 699 1538 0 39 0 0 0 9 0 75 3 45 41 0 27011 0 0 0 51 31635 0 5968 1 0 1075 0 
0 85281 0 94416 0 22 224 9 0 0 39 1633 0 0 0 1661 0 178 0 44 0 94854 0 17927 73 0 0 0 2621 346 0 0 15 0 8836 12949 0 0 0 1925 0 0 73507 0 0 6473 3 104 25 617 
0 0 333 0 0 0 1330 18 47029 0 0 75414 0 1481 438 0 19969 9913 0 0 94854 0 0 0 1 4378 52 77089 0 2144 173 0 0 0 0 9 253 747 3 0 0 22 0 69 14208 2529 215 183 0 130 
0 789 11 1 42083 0 18 0 0 71 0 6385 0 0 0 0 0 1 0 40267 0 0 0 233 0 1 0 129 41574 463 1193 0 14 0 645 8 0 0 2915 13179 16 22826 0 0 5231 0 171 2 0 0 
816 0 0 0 0 0 0 0 0 0 0 8292 11345 0 0 2317 0 5 26124 19 17927 0 233 0 0 0 1138 2300 1560 0 0 0 13 0 16 0 0 37 0 568 70374 0 0 0 22 1564 1 0 0 0 
0 0 5 555 325 756 3 0 0 45755 140 33292 0 0 18 0 0 0 0 699 73 1 0 0 0 491 19568 44 6 0 246 2914 0 1121 640 309 0 0 131 0 8 0 0 0 0 474 0 65 0 1 
24615 8679 0 0 0 0 0 0 10 17 1 157 0 0 29240 0 0 24457 0 1538 0 4378 1 0 491 0 8 66778 0 187 3763 0 0 0 0 0 2 2736 9560 0 0 0 1 0 2 34 0 0 1 0 
3480 21236 0 17949 0 0 0 0 6 0 368 0 15 0 0 178 4645 0 0 0 0 52 0 1138 19568 8 0 2 30009 1 0 0 0 4769 0 0 0 0 0 20 0 0 437 0 7 0 7681 0 1 7507 
0 5286 12 0 0 82 9 24773 0 0 4 6977 0 10 134 0 1 0 0 39 0 77089 129 2300 44 66778 2 0 0 0 13 1 0 9 7611 0 88091 0 91143 1 78 0 6330 0 0 24 0 273 83944 3118 
0 4712 4220 0 1 0 5610 0 24488 0 39 5 0 61 0 22 183 15 24 0 2621 0 41574 1560 6 0 30009 0 0 0 0 5858 20310 72086 42160 1 79 1454 4039 1064 4723 1899 449 4899 0 2 330 0 49857 411 
0 37139 0 203 0 8 0 21943 6 11822 0 0 3372 0 0 282 0 0 52856 0 346 2144 463 0 0 187 1 0 0 0 8 0 3 214 476 0 2 0 8 61750 0 134 9 0 0 14054 0 140 0 509 
4960 0 0 2660 10716 0 0 0 0 0 2890 0 0 0 3 106 11 0 32364 0 0 173 1193 0 246 3763 0 13 0 8 0 13861 0 153 9 43114 0 1231 7 0 237 47 0 0 0 0 412 188 0 137 
12 0 13405 6232 4 8 0 8096 4 0 0 0 0 0 99 0 79910 0 1 9 0 0 0 0 2914 0 0 1 5858 0 13861 0 0 155 0 0 20665 250 10 0 0 0 5 41597 0 95 1189 1 594 3369 
0 42071 0 25827 2023 1366 25760 48483 0 316 0 0 0 0 0 0 0 0 7118 0 15 0 14 13 0 0 0 0 20310 3 0 0 0 15 0 1 0 0 1 4290 0 0 673 590 0 15 0 0 167 314 
0 47314 0 166 1 376 20 0 3694 50 0 0 54553 4562 99 1031 73983 52 88062 75 0 0 0 0 1121 0 4769 9 72086 214 153 155 15 0 22454 49 0 0 0 1245 43 1 0 11263 0 0 6440 0 0 4102 
0 289 4 0 4722 0 0 10847 0 4 86 37237 0 0 0 7072 0 0 5 3 8836 0 645 16 640 0 0 7611 42160 476 9 0 0 22454 0 0 38 0 0 0 4 674 0 0 1 83 0 0 11 0 
0 62668 1 0 0 0 143 0 0 13 0 2 0 0 0 55740 0 0 548 45 12949 9 8 0 309 0 0 0 1 0 43114 0 1 49 0 0 1007 221 1 3 195 0 68 1299 64 0 68 0 126 0 
0 1286 13 0 8681 0 5 72 1577 0 0 5042 0 64 0 0 1342 18996 0 41 0 253 0 0 0 2 0 88091 79 2 0 20665 0 0 38 1007 0 0 0 338 0 0 0 3458 2 80 0 0 34430 2856 
0 0 0 46 102 2451 11 189 2553 0 0 15008 8743 0 0 19 0 0 8169 0 0 747 0 37 0 2736 0 0 1454 0 1231 250 0 0 0 221 0 0 56303 0 11924 0 0 2154 0 0 0 238 0 2 
820 0 46711 301 2 0 135 10 48 0 0 0 6557 0 0 148 0 0 5 27011 0 3 2915 0 131 9560 0 91143 4039 8 7 10 1 0 0 1 0 56303 0 549 0 0 0 111 0 16 0 0 0 0 
0 3 277 3 0 69 0 0 111 41995 89 2 47 722 0 0 0 0 865 0 1925 0 13179 568 0 0 20 1 1064 61750 0 0 4290 1245 0 3 338 0 549 0 0 0 14 8 632 0 0 0 4 0 
0 41 77266 0 0 0 0 25550 1662 8 0 1 0 9015 443 0 0 0 3 0 0 0 16 70374 8 0 0 78 4723 0 237 0 0 43 4 195 0 11924 0 0 0 0 4 0 395 16 0 0 1120 0 
0 0 0 54257 4064 0 35 81834 0 1 0 0 0 2 3731 21741 0 0 0 0 0 22 22826 0 0 0 0 0 1899 134 47 0 0 1 674 0 0 0 0 0 0 0 0 0 14 0 4 0 37 0 
372 0 38054 54289 0 0 14861 2352 0 0 3 11803 268 52 0 0 0 0 25 51 73507 0 0 0 0 1 437 6330 449 9 0 5 673 0 0 68 0 0 0 14 4 0 0 0 49 0 5171 2 7512 10659 
0 0 4 0 0 0 0 69402 76 19 10 2 2792 0 11 4461 525 0 0 31635 0 69 0 0 0 0 0 0 4899 0 0 41597 590 11263 0 1299 3458 2154 111 8 0 0 0 0 0 32 0 389 0 8450 
12 0 8 0 0 57713 0 588 1402 1939 93873 4783 0 35860 0 0 0 0 10 0 0 14208 5231 22 0 2 7 0 0 0 0 0 0 0 1 64 2 0 0 632 395 14 49 0 0 0 2143 13 0 96828 
0 3994 0 519 31734 4 0 59 9902 0 2 0 0 672 81713 0 1 1 0 5968 6473 2529 0 1564 474 34 0 24 2 14054 0 95 15 0 83 0 80 0 16 0 16 0 0 32 0 0 70388 0 16255 481 
0 72241 0 0 1 0 0 0 0 0 0 0 3 0 0 851 1439 0 9 1 3 215 171 1 0 0 7681 0 330 0 412 1189 0 6440 0 68 0 0 0 0 0 4 5171 0 2143 70388 0 0 0 0 
0 0 0 5113 127 1285 8707 0 0 0 0 11787 0 0 0 0 275 0 70005 0 104 183 2 0 65 0 0 273 0 140 188 1 0 0 0 0 0 238 0 0 0 0 2 389 13 0 0 0 186 17 
0 175 481 0 14 0 0 0 0 0 1810 7738 31 135 0 20060 0 941 0 1075 25 0 0 0 0 1 1 83944 49857 0 0 594 167 0 11 126 34430 0 0 4 1120 37 7512 0 0 16255 0 186 0 0 
0 0 9086 10 0 0 0 0 0 0 0 8077 2699 20703 0 24423 341 2344 41 0 617 130 0 0 1 0 7507 3118 411 509 137 3369 314 4102 0 0 2856 2 0 0 0 0 10659 8450 96828 481 0 17 0 0 
0 0 0 4570 3151 0 0 189 70 0 4323 50852 33 0 0 156 103 0 1628 0 4361 44 2122 0 15 0 0 0 3470 19 0 0 6997 234 10455 2030 743 1116 0 42 84461 38 0 338 0 12703 12 43 0 11253 
0 0 0 0 42529 0 0 5610 576 10240 3 0 0 8270 5 0 0 0 0 0 0 642 0 24 5 0 0 0 0 0 0 1257 0 0 0 0 0 5299 665 0 0 3 2 1 10666 0 0 476 0 194 
0 0 0 0 0 1 0 82376 0 0 0 0 0 0 0 83508 0 86 2 350 208 0 0 74059 105 23 13893 0 0 5 39425 0 12 17 0 0 0 69413 0 0 0 39957 0 0 0 66639 5 115 0 0 
4570 0 0 0 0 1583 0 7056 0 1 0 0 12 3940 5 134 0 0 29 0 0 2419 6 80921 0 59 0 9936 6625 0 0 0 0 0 1025 739 15236 1 0 0 163 0 0 7123 10197 0 0 0 6328 0 
3151 42529 0 0 0 119 0 0 0 4 0 36 0 278 0 4 28 53 0 0 88 3046 0 1 0 15900 93377 7 9 38136 0 0 0 0 0 197 0 0 0 574 0 0 7 234 128 0 2 4 0 36 
0 0 1 1583 119 0 0 10 4935 1076 0 0 1815 0 1268 5990 0 0 135 2658 0 0 12 24 0 443 218 0 18383 0 2 0 0 0 1470 282 811 0 298 0 60328 0 1 2 0 0 149 0 3 122 
0 0 0 0 0 0 0 0 0 1402 0 0 0 516 6094 2432 0 0 0 0 0 0 0 60 22 17 5224 1 0 4192 0 7916 0 0 56795 0 0 0 0 15479 1577 0 0 16861 501 21534 93 0 474 1 
189 5610 82376 7056 0 10 0 0 398 0 2369 0 0 0 276 0 6687 0 1175 4 0 0 1949 18771 11431 647 1933 0 83 0 12455 0 0 18 0 2473 0 0 0 14 0 0 0 0 0 0 31442 2436 12 950 
70 576 0 0 0 4935 0 398 0 0 0 4 6242 5 4 10932 1739 9 0 1 411 0 0 60 0 0 0 69437 0 0 80 0 154 0 37799 664 0 0 0 0 0 5 3 0 0 0 0 1 1711 747 
0 10240 0 1 4 1076 1402 0 0 0 0 0 0 0 72 51006 0 6084 0 59 3521 36515 0 24885 0 0 50615 34 8 0 6789 7381 0 0 0 0 58 3096 2648 0 0 0 1633 0 0 1 57 218 0 47032 
4323 3 0 0 0 0 0 2369 0 0 0 9 319 19 0 0 1 75 2976 0 1 4461 17828 9197 0 0 0 0 0 1791 0 14 1097 3 0 0 54 43415 28 0 183 7007 0 0 0 0 17 5 0 16145 
50852 0 0 0 36 0 0 0 4 0 9 0 0 0 0 9202 158 97 0 0 0 0 0 0 0 0 2214 0 0 18 15 306 3348 67985 0 0 0 0 1 0 52 126 0 0 0 41 59308 0 0 0 
33 0 0 12 0 1815 0 0 6242 0 319 0 0 23 3 3949 0 2931 0 0 18 7363 358 0 0 13152 182 41 17 0 5 459 81736 0 881 156 5002 0 0 0 993 609 0 0 37 3997 8 14830 0 0 
0 8270 0 3940 278 0 516 0 5 0 19 0 23 0 0 0 0 13 53929 0 51239 0 7 9 77923 1 5255 0 0 18789 0 0 43029 0 2216 1763 0 911 1 0 0 0 0 1256 0 0 16 9 0 0 
0 5 0 5 0 1268 6094 276 4 72 0 0 3 0 0 892 0 803 33871 0 1903 0 43 37241 0 0 6 0 14615 4605 0 0 47 0 143 5 313 8 8 5157 0 0 32159 0 1362 0 34 34469 45 156 
156 0 83508 134 4 5990 2432 0 10932 51006 0 9202 3949 0 892 0 1 0 0 28 0 92 1 0 77 2977 0 8 0 0 0 4199 1754 0 0 0 30298 0 0 1258 2532 0 12 0 56354 71 0 14071 0 0 
103 0 0 0 28 0 0 6687 1739 0 1 158 0 0 0 1 0 0 0 514 20260 0 280 5 224 82 0 0 0 2 0 0 225 0 2284 0 0 0 2470 52 31 5288 17741 0 64 0 0 0 84023 0 
0 0 86 0 53 0 0 0 9 6084 75 97 2931 13 803 0 0 0 0 0 2 0 4 0 14 0 30079 1239 4 16749 348 5 5896 0 1751 597 0 6 5566 1 28 5 1013 3930 30880 0 1691 434 0 0 
1628 0 2 29 0 135 0 1175 0 0 2976 0 0 53929 33871 0 0 0 0 0 558 4330 337 0 13905 3646 6819 316 0 0 0 0 0 0 0 0 72 0 0 0 0 3 0 0 0 24 19 0 38 0 
0 0 350 0 0 2658 0 4 1 59 0 0 0 0 0 28 514 0 0 0 0 0 0 0 0 0 51876 0 32791 6 915 0 19212 0 21 0 0 46068 0 5 1393 35581 0 0 23777 0 0 8 0 788 
4361 0 208 0 88 0 0 0 411 3521 1 0 18 51239 1903 0 20260 2 558 0 0 0 192 0 0 132 72819 53874 0 0 45789 553 0 5805 0 0 0 542 6 0 0 90816 0 1640 13423 0 0 0 0 0 
44 642 0 2419 3046 0 0 0 0 36515 4461 0 7363 0 0 92 0 0 4330 0 0 0 0 35081 1 0 0 0 38 0 0 252 1778 1679 1153 2 0 0 0 3 4035 0 26186 0 0 0 0 0 672 0 
2122 0 0 6 0 12 0 1949 0 0 17828 0 358 7 43 1 280 4 337 0 192 0 0 0 2806 839 586 0 0 0 0 12 0 0 0 4 11298 0 0 0 0 0 6525 1 0 853 0 5 40 2915 
0 24 74059 80921 1 24 60 18771 60 24885 9197 0 0 9 37241 0 5 0 0 0 0 35081 0 0 0 29440 0 0 0 16 33 8 0 307 0 69 699 0 1180 0 0 0 79 2953 0 0 2 19 1081 238 
15 5 105 0 0 0 22 11431 0 0 0 0 0 77923 0 77 224 14 13905 0 0 1 2806 0 0 0 0 0 0 78352 0 0 1574 0 0 0 58 3856 0 299 0 18867 32 6 47708 0 7 0 11 0 
0 0 23 59 15900 443 17 647 0 0 0 0 13152 1 0 2977 82 0 3646 0 132 0 839 29440 0 0 0 0 588 0 0 70 31229 89 19825 1022 0 0 0 223 0 4 38 0 0 0 10314 1872 0 22813 
0 0 13893 0 93377 218 5224 1933 0 50615 0 2214 182 5255 6 0 0 30079 6819 51876 72819 0 586 0 0 0 0 0 0 0 500 25748 109 0 46 0 16204 1510 67 0 281 7881 0 20 0 10902 0 120 0 0 
0 0 0 9936 7 0 1 0 69437 34 0 0 41 0 0 8 0 1239 316 0 53874 0 0 0 0 0 0 0 102 143 0 0 492 0 0 4 0 1 0 11 0 164 0 215 131 0 462 0 0 0 
3470 0 0 6625 9 18383 0 83 0 8 0 0 17 0 14615 0 0 4 0 32791 0 38 0 0 0 588 0 102 0 1 0 0 0 0 0 11 0 0 0 0 0 0 0 0 17770 0 0 3 0 0 
19 0 5 0 38136 0 4192 0 0 0 1791 18 0 18789 4605 0 2 16749 0 6 0 0 0 16 78352 0 0 143 1 0 0 1095 0 0 0 31129 0 9 0 0 2 0 0 11336 7 0 0 0 2 0 
0 0 39425 0 0 2 0 12455 80 6789 0 15 5 0 0 0 0 348 0 915 45789 0 0 33 0 0 500 0 0 0 0 0 2 0 6 0 549 0 0 797 0 0 986 736 0 60 0 0 243 1 
0 1257 0 0 0 0 7916 0 0 7381 14 306 459 0 0 4199 0 5 0 0 553 252 12 8 0 70 25748 0 0 1095 0 0 17477 0 24258 72 0 0 0 72 11214 66 0 0 1 0 0 9 0 0 
6997 0 12 0 0 0 0 0 154 0 1097 3348 81736 43029 47 1754 225 5896 0 19212 0 1778 0 0 1574 31229 109 492 0 0 2 17477 0 0 304 0 1363 62585 55 0 63 1577 0 0 86 1 48702 398 0 0 
234 0 17 0 0 0 0 18 0 0 3 67985 0 0 0 0 0 0 0 0 5805 1679 0 307 0 89 0 0 0 0 0 0 0 0 0 0 0 7713 10 0 0 0 9343 0 7003 0 0 19586 64 0 
10455 0 0 1025 0 1470 56795 0 37799 0 0 0 881 2216 143 0 2284 1751 0 21 0 1153 0 0 0 19825 46 0 0 0 6 24258 304 0 0 41 0 21 23 782 0 0 708 9 1 0 4 1651 0 357 
2030 0 0 739 197 282 0 2473 664 0 0 0 156 1763 5 0 0 597 0 0 0 2 4 69 0 1022 0 4 11 31129 0 72 0 0 41 0 0 0 0 0 0 0 0 0 0 8 0 0 0 1452 
743 0 0 15236 0 811 0 0 0 58 54 0 5002 0 313 30298 0 0 72 0 0 0 11298 699 58 0 16204 0 0 0 549 0 1363 0 0 0 0 7574 0 0 9487 31204 1651 0 0 0 96335 2 0 0 
1116 5299 69413 1 0 0 0 0 0 3096 43415 0 0 911 8 0 0 6 0 46068 542 0 0 0 3856 0 1510 1 0 9 0 0 62585 7713 21 0 7574 0 0 35 0 3 9810 0 60 47110 128 0 11695 1 
0 665 0 0 0 298 0 0 0 2648 28 1 0 1 8 0 2470 5566 0 0 6 0 0 1180 0 0 67 0 0 0 0 0 55 10 23 0 0 0 0 0 5 23 2 0 1140 0 32 1394 2996 23 
42 0 0 0 574 0 15479 14 0 0 0 0 0 0 5157 1258 52 1 0 5 0 3 0 0 299 223 0 11 0 0 797 72 0 0 782 0 0 35 0 0 21519 6001 0 1 0 30 60 4159 0 0 
84461 0 0 163 0 60328 1577 0 0 0 183 52 993 0 0 2532 31 28 0 1393 0 4035 0 0 0 0 281 0 0 2 0 11214 63 0 0 0 9487 0 5 21519 0 6 5 508 0 0 135 96227 0 16 
38 3 39957 0 0 0 0 0 5 0 7007 126 609 0 0 0 5288 5 3 35581 90816 0 0 0 18867 4 7881 164 0 0 0 66 1577 0 0 0 31204 3 23 6001 6 0 360 2238 1 4615 0 1182 0 19258 
0 2 0 0 7 1 0 0 3 1633 0 0 0 0 32159 12 17741 1013 0 0 0 26186 6525 79 32 38 0 0 0 0 986 0 0 9343 708 0 1651 9810 2 0 5 360 0 8 0 17492 0 0 0 0 
338 1 0 7123 234 2 16861 0 0 0 0 0 0 1256 0 0 0 3930 0 0 1640 0 1 2953 6 0 20 215 0 11336 736 0 0 0 9 0 0 0 0 1 508 2238 8 0 2728 0 166 0 223 0 
0 10666 0 10197 128 0 501 0 0 0 0 0 37 0 1362 56354 64 30880 0 23777 13423 0 0 0 47708 0 0 131 17770 7 0 1 86 7003 1 0 0 60 1140 0 0 1 0 2728 0 1686 0 0 6050 0 
12703 0 66639 0 0 0 21534 0 0 1 0 41 3997 0 0 71 0 0 24 0 0 0 853 0 0 0 10902 0 0 0 60 0 1 0 0 8 0 47110 0 30 0 4615 17492 0 1686 0 0 20895 0 0 
12 0 5 0 2 149 93 31442 0 57 17 59308 8 16 34 0 0 1691 19 0 0 0 0 2 7 10314 0 462 0 0 0 0 48702 0 4 0 96335 128 32 60 135 0 0 166 0 0 0 82 16 19100 
43 476 115 0 4 0 0 2436 1 218 5 0 14830 9 34469 14071 0 434 0 8 0 0 5 19 0 1872 120 0 3 0 0 9 398 19586 1651 0 2 0 1394 4159 96227 1182 0 0 0 20895 82 0 0 0 
0 0 0 6328 0 3 474 12 1711 0 0 0 0 0 45 0 84023 0 38 0 0 672 40 1081 11 0 0 0 0 2 243 0 0 64 0 0 0 11695 2996 0 0 0 0 223 6050 0 16 0 0 0 
11253 194 0 0 36 122 1 950 747 47032 16145 0 0 0 156 0 0 0 0 788 0 0 2915 238 0 22813 0 0 0 0 1 0 0 0 357 1452 0 1 23 0 16 19258 0 0 0 0 19100 0 0 0 
0 78 0 70302 588 0 0 36 16700 0 331 67096 70 0 0 183 1173 0 83 0 1086 812 4 0 18 0 0 5 215 0 0 0 72965 10015 22569 11801 174 42 0 437 53738 143 0 6488 2279 70791 4 0 0 3833 
78 0 0 9 3521 5 0 65956 83 245 0 0 0 95649 9 0 0 0 0 0 0 9682 0 34 15 0 0 0 0 0 345 20059 0 0 0 0 0 35386 610 0 0 1 3 6 23971 0 0 294 0 82 
0 0 0 0 0 0 0 10980 3 0 0 0 0 0 0 15511 0 1346 20 187 116 0 0 17212 0 124 1395 0 0 6 5616 0 0 6 0 0 0 785 0 0 0 4344 0 1 0 84 73 974 0 0 
70302 9 0 0 1 556 0 1 185 2 0 0 1 55701 0 1506 0 0 120 0 0 16900 1 2119 0 322 0 50698 36863 0 0 0 0 0 89 6 107 0 0 8 3 0 0 12314 53 0 1 0 45924 0 
588 3521 0 1 0 327 0 0 0 0 0 4518 0 27 0 1 0 45356 0 64 429 69091 0 0 0 3825 698 13 1 36364 0 5 0 13 0 339 0 0 0 253 22 0 5 436 20915 0 0 0 2 3 
0 5 0 556 327 0 0 3 79 90 0 0 31 1 11764 31255 0 0 20 2830 0 29 43 1195 0 23137 28 0 13 0 2 0 0 0 2263 2704 34 0 39 0 330 1386 5858 4 0 0 5 0 1721 5760 
0 0 0 0 0 0 0 0 0 11210 0 0 0 1435 92 355 0 0 0 0 0 0 0 1410 0 8 2231 0 0 63132 0 12715 0 2 86953 0 0 0 0 15992 1823 0 0 64603 23424 7183 2 0 1254 0 
36 65956 10980 1 0 3 0 0 20 0 1061 0 0 0 0 0 98624 0 1 2 0 0 668 30472 1402 194 1047 0 440 0 30 0 0 2525 0 57539 0 0 0 446 0 0 0 0 0 0 3481 7082 0 1059 
16700 83 3 185 0 79 0 20 0 0 0 0 45959 8643 47 32999 2087 3860 0 7 4 0 98 60 7 0 0 9631 0 0 82 1 848 0 16772 12491 0 0 0 0 0 0 1962 0 0 0 40 1 31527 5 
0 245 0 2 0 90 11210 0 0 0 0 0 0 0 11 72635 0 1078 0 447 4996 7566 0 17618 0 0 11517 72 2 0 7232 160 0 0 1 0 245 362 32 0 0 0 37 0 0 4 38 3216 0 1737 
331 0 0 0 0 0 0 1061 0 0 0 397 549 0 0 0 15 39 4628 0 0 3217 8543 1938 0 2 0 1 0 9 0 198 14 36 0 102 64 2923 36 0 0 2 0 0 0 0 0 70 0 222 
67096 0 0 0 4518 0 0 0 0 0 397 0 0 0 0 38 1 23 0 0 0 0 0 0 0 0 96825 0 0 2381 12 395 101 62754 0 0 0 0 3 1 6 222 0 0 0 6 23555 0 0 0 
70 0 0 1 0 31 0 0 45959 0 549 0 0 0 0 23833 0 593 0 0 70 3054 5 0 4 19209 2 41 13584 0 0 1333 15377 0 15 1 22400 0 0 0 1193 19 0 0 617 1485 0 16 0 0 
0 95649 0 55701 27 1 1435 0 8643 0 0 0 0 0 0 0 0 25 1008 0 295 0 5 112 71 24 18333 2 0 626 22 0 1763 0 20 4899 0 1 119 0 0 10 0 594 0 0 128 2 0 0 
0 9 0 0 0 11764 92 0 47 11 0 0 0 0 0 17 4 30 67574 0 29 0 1228 468 0 0 280 0 23 8461 2 0 24 0 6 0 5765 1218 7 217 0 0 1582 0 1023 0 507 48548 127 11175 
183 0 15511 1506 1 31255 355 0 32999 72635 0 38 23833 0 17 0 0 0 0 20 0 591 1 0 68659 18284 0 85 0 0 2 1187 53035 0 0 0 2332 0 0 24495 4568 0 19 0 66629 535 0 609 0 0 
1173 0 0 0 0 0 0 98624 2087 0 15 1 0 0 4 0 0 0 0 2835 43577 0 7 1046 38 199 0 0 0 54 0 0 6925 0 155 25 0 0 4 593 53 5217 2336 0 2 0 0 0 19524 0 
0 0 1346 0 45356 0 0 0 3860 1078 39 23 593 25 30 0 0 0 0 0 0 0 4 0 0 0 49737 211 0 9351 57 37 1070 0 452 2447 0 0 6 77 9173 8 137 868 9205 0 62888 200 0 0 
83 0 20 120 0 20 0 1 0 0 4628 0 0 1008 67574 0 0 0 0 0 97 10 1931 0 3192 11537 4089 46 0 0 0 2 0 0 0 0 802 0 0 0 0 93 0 0 0 3123 0 0 186 0 
0 0 187 0 64 2830 0 2 7 447 0 0 0 0 0 20 2835 0 0 0 0 3 0 0 0 0 2126 0 87917 32 23 0 58 0 1 0 0 3437 0 0 5 42257 0 0 62070 0 7 0 0 22 
1086 0 116 0 429 0 0 0 4 4996 0 0 70 295 29 0 43577 0 97 0 0 0 4 0 0 553 49375 16396 0 0 24 43 0 1259 0 0 97 11 48 0 0 37752 0 1868 1076 0 0 0 0 0 
812 9682 0 16900 69091 29 0 0 0 7566 3217 0 3054 0 0 591 0 0 10 3 0 0 0 20982 0 0 0 0 2279 0 0 42 54 5541 2767 1 0 0 0 1 130 0 845 0 0 0 0 0 36272 0 
4 0 0 1 0 43 0 668 98 0 8543 0 5 5 1228 1 7 4 1931 0 4 0 0 0 79058 4 10 0 0 0 0 5 0 241 0 0 13086 217 0 0 0 0 27520 0 0 30 0 0 2416 31 
0 34 17212 2119 0 1195 1410 30472 60 17618 1938 0 0 112 468 0 1046 0 0 0 0 20982 0 0 0 97 0 0 0 10 800 27 0 12 0 12 162 0 3809 0 0 13 521 35458 0 0 0 6 8 1 
18 15 0 0 0 0 0 1402 7 0 0 0 4 71 0 68659 38 0 3192 0 0 0 79058 0 0 0 0 0 0 39440 0 0 206 0 0 0 3 36 0 5 1 2332 39 48 53593 0 4 0 665 31 
0 0 124 322 3825 23137 8 194 0 0 2 0 19209 24 0 18284 199 0 11537 0 553 0 4 97 0 0 0 0 3441 0 0 3915 33428 7650 27541 0 7 0 0 2 0 25 0 0 4 0 2383 5245 0 72945 
0 0 1395 0 698 28 2231 1047 0 11517 0 96825 2 18333 280 0 0 49737 4089 2126 49375 0 10 0 0 0 0 9 0 0 14097 22433 159 0 3 640 5707 35714 158 0 8 80641 0 20293 0 1520 0 3925 0 0 
5 0 0 50698 13 0 0 0 9631 72 1 0 41 2 0 85 0 211 46 0 16396 0 0 0 0 0 9 0 3744 805 0 1 35 0 0 0 0 18 0 0 0 1482 0 774 24 0 3320 0 0 0 
215 0 0 36863 1 13 0 440 0 2 0 0 13584 0 23 0 0 0 0 87917 0 2279 0 0 0 3441 0 3744 0 7 0 0 0 0 0 1 0 0 0 0 0 0 0 0 25490 0 0 22 0 0 
0 0 6 0 36364 0 63132 0 0 0 9 2381 0 626 8461 0 54 9351 0 32 0 0 0 10 39440 0 0 805 7 0 0 104 4 0 0 447 7 26 0 0 2549 0 0 17550 95 0 0 0 6 0 
0 345 5616 0 0 2 0 30 82 7232 0 12 0 22 2 2 0 57 0 23 24 0 0 800 0 0 14097 0 0 0 0 0 0 0 0 0 27 0 0 36 0 0 10210 7210 54 350 0 0 23 0 
0 20059 0 0 5 0 12715 0 1 160 198 395 1333 0 0 1187 0 37 2 0 43 42 5 27 0 3915 22433 1 0 104 0 0 58 0 4665 13198 0 0 0 21 8944 2348 0 0 8 0 0 0 0 0 
72965 0 0 0 0 0 0 0 848 0 14 101 15377 1763 24 53035 6925 1070 0 58 0 54 0 0 206 33428 159 35 0 4 0 58 0 0 78 68 4282 27956 0 0 877 513 0 0 0 0 37458 7875 0 0 
10015 0 6 0 13 0 2 2525 0 0 36 62754 0 0 0 0 0 0 0 0 1259 5541 241 12 0 7650 0 0 0 0 0 0 0 0 0 0 4 41071 5 0 0 0 31398 0 669 23 0 9580 2 0 
22569 0 0 89 0 2263 86953 0 16772 1 0 0 15 20 6 0 155 452 0 1 0 2767 0 0 0 27541 3 0 0 0 0 4665 78 0 0 6 0 1079 9 171 0 0 8387 15 0 0 0 215 0 7 
11801 0 0 6 339 2704 0 57539 12491 0 102 0 1 4899 0 0 25 2447 0 0 0 1 0 12 0 0 640 0 1 447 0 13198 68 0 6 0 0 0 0 0 0 1 0 0 0 2 0 0 0 158 
174 0 0 107 0 34 0 0 0 245 64 0 22400 0 5765 2332 0 0 802 0 97 0 13086 162 3 7 5707 0 0 7 27 0 4282 4 0 0 0 6418 0 0 33727 2850 5956 0 6 0 72186 3 0 0 
42 35386 785 0 0 0 0 0 0 362 2923 0 0 1 1218 0 0 0 0 3437 11 0 217 0 36 0 35714 18 0 26 0 0 27956 41071 1079 0 6418 0 0 1 0 3 75298 0 193 884 15733 0 95 0 
0 610 0 0 0 39 0 0 0 32 36 3 0 119 7 0 4 6 0 0 48 0 0 3809 0 0 158 0 0 0 0 0 0 5 9 0 0 0 0 0 2 521 1 0 13021 0 287 236 36460 142 
437 0 0 8 253 0 15992 446 0 0 0 1 0 0 217 24495 593 77 0 0 0 1 0 0 5 2 0 0 0 0 36 21 0 0 171 0 0 1 0 0 15587 1435 0 0 0 7 1129 6 0 5 
53738 0 0 3 22 330 1823 0 0 0 0 6 1193 0 0 4568 53 9173 0 5 0 130 0 0 1 0 8 0 0 2549 0 8944 877 0 0 0 33727 0 2 15587 0 0 0 5192 0 0 214 64916 0 2968 
143 1 4344 0 0 1386 0 0 0 0 2 222 19 10 0 0 5217 8 93 42257 37752 0 0 13 2332 25 80641 1482 0 0 0 2348 513 0 0 1 2850 3 521 1435 0 0 69167 247 0 23964 0 66 0 81179 
0 3 0 0 5 5858 0 0 1962 37 0 0 0 0 1582 19 2336 137 0 0 0 845 27520 521 39 0 0 0 0 0 10210 0 0 31398 8387 0 5956 75298 1 0 0 69167 0 110 3 95134 0 2 0 0 
6488 6 1 12314 436 4 64603 0 0 0 0 0 0 594 0 0 0 868 0 0 1868 0 0 35458 48 0 20293 774 0 17550 7210 0 0 0 15 0 0 0 0 0 5192 247 110 0 28 0 642 0 5429 0 
2279 23971 0 53 20915 0 23424 0 0 0 0 0 617 0 1023 66629 2 9205 0 62070 1076 0 0 0 53593 4 0 24 25490 95 54 8 0 669 0 0 6 193 13021 0 0 0 3 28 0 9044 0 0 1454 0 
70791 0 84 0 0 0 7183 0 0 4 0 6 1485 0 0 535 0 0 3123 0 0 0 30 0 0 0 1520 0 0 0 350 0 0 23 0 2 0 884 0 7 0 23964 95134 0 9044 0 0 7624 0 0 
4 0 73 1 0 5 2 3481 40 38 0 23555 0 128 507 0 0 62888 0 7 0 0 0 0 4 2383 0 3320 0 0 0 0 37458 0 0 0 72186 15733 287 1129 214 0 0 642 0 0 0 311 1196 5974 
0 294 974 0 0 0 0 7082 1 3216 70 0 16 2 48548 609 0 200 0 0 0 0 0 6 0 5245 3925 0 22 0 0 0 7875 9580 215 0 3 0 236 6 64916 66 2 0 0 7624 311 0 0 0 
0 0 0 45924 2 1721 1254 0 31527 0 0 0 0 0 127 0 19524 0 186 0 0 36272 2416 8 665 0 0 0 0 6 23 0 0 2 0 0 0 95 36460 0 0 0 0 5429 1454 0 1196 0 0 0 
3833 82 0 0 3 5760 0 1059 5 1737 222 0 0 0 11175 0 0 0 0 22 0 0 31 1 31 72945 0 0 0 0 0 0 0 0 7 158 0 0 142 5 2968 81179 0 0 0 0 5974 0 0 0 
