15 3
0 46 118 40 96 98 46 64 2 33 36 47 55 9 108 
46 0 88 10 53 127 3 66 48 60 37 19 78 48 107 
118 88 0 85 53 137 85 71 120 144 83 106 102 125 70 
40 10 85 0 56 117 8 56 42 59 26 26 68 43 98 
96 53 53 56 0 154 51 82 98 112 71 66 108 100 106 
98 127 137 117 154 0 125 72 99 127 90 138 49 106 75 
46 3 85 8 51 125 0 63 48 61 34 22 76 49 104 
64 66 71 56 82 72 63 0 66 97 32 83 30 73 44 
2 48 120 42 98 99 48 66 0 32 38 48 56 7 110 
33 60 144 59 112 127 61 97 32 0 67 48 88 24 142 
36 37 83 26 71 90 34 32 38 67 0 51 41 44 77 
47 19 106 26 66 138 22 83 48 48 51 0 90 45 125 
55 78 102 68 108 49 76 30 56 88 41 90 0 63 62 
9 48 125 43 100 106 49 73 7 24 44 45 63 0 117 
108 107 70 98 106 75 104 44 110 142 77 125 62 117 0 
0 0 0 0 853 0 1 0 52 166 689 1 0 0 6196 
0 0 0 0 0 0 0 410 625 180 0 0 0 0 0 
0 0 0 1 0 0 10309 0 2937 227 1801 3 1611 1475 7479 
0 0 1 0 0 0 250 160 154 3 0 7960 0 186 0 
853 0 0 0 0 0 1789 179 3606 0 688 103 592 39 34 
0 0 0 0 0 0 0 3582 2192 0 0 0 0 17002 0 
1 0 10309 250 1789 0 0 0 44 0 0 0 60955 13 0 
0 410 0 160 179 3582 0 0 0 0 0 0 3423 40 0 
52 625 2937 154 3606 2192 44 0 0 3710 9 1 781 31612 0 
166 180 227 3 0 0 0 0 3710 0 19239 19708 153 0 51 
689 0 1801 0 688 0 0 0 9 19239 0 0 2697 0 53 
1 0 3 7960 103 0 0 0 1 19708 0 0 0 0 0 
0 0 1611 0 592 0 60955 3423 781 153 2697 0 0 1586 0 
0 0 1475 186 39 17002 13 40 31612 0 0 0 1586 0 8 
6196 0 7479 0 34 0 0 0 0 51 53 0 0 8 0 
0 0 0 0 2269 0 0 0 6 473 1980 10 0 2 1707 
0 0 0 0 0 0 0 19 2264 5159 0 0 0 0 0 
0 0 0 0 0 0 1582 0 49 378 1064 3 25 34 12443 
0 0 0 0 0 0 8 34 52 56 0 371 0 87 0 
2269 0 0 0 0 0 429 166 11688 0 201 1282 193 85 2 
0 0 0 0 0 0 0 6657 18798 0 0 0 0 5585 0 
0 0 1582 8 429 0 0 13 2411 0 0 0 91433 139 0 
0 19 0 34 166 6657 13 0 0 0 0 0 5048 15 0 
6 2264 49 52 11688 18798 2411 0 0 2794 24 0 81 692 0 
473 5159 378 56 0 0 0 0 2794 0 6840 39235 1937 0 1049 
1980 0 1064 0 201 0 0 0 24 6840 0 0 96522 7 7 
10 0 3 371 1282 0 0 0 0 39235 0 0 0 0 0 
0 0 25 0 193 0 91433 5048 81 1937 96522 0 0 878 0 
2 0 34 87 85 5585 139 15 692 0 7 0 878 0 0 
1707 0 12443 0 2 0 0 0 0 1049 7 0 0 0 0 
0 0 0 0 472 0 5 0 296 89 39293 0 0 0 9335 
0 0 0 0 0 0 0 656 1243 66 0 0 0 0 0 
0 0 0 1 0 0 1082 0 14 151 6585 0 194 21688 7352 
0 0 1 0 0 0 1559 40 5 0 0 9035 0 84 0 
472 0 0 0 0 0 39789 107 28213 38 165 33 1396 2 152 
0 0 0 0 0 0 0 1786 4136 0 0 0 0 1211 0 
5 0 1082 1559 39789 0 0 0 491 0 0 0 8695 2 0 
0 656 0 40 107 1786 0 0 0 0 0 0 131 3 0 
296 1243 14 5 28213 4136 491 0 0 450 276 0 1 21537 0 
89 66 151 0 38 0 0 0 450 0 4569 21942 8061 0 316 
39293 0 6585 0 165 0 0 0 276 4569 0 0 98508 0 710 
0 0 0 9035 33 0 0 0 0 21942 0 0 0 0 0 
0 0 194 0 1396 0 8695 131 1 8061 98508 0 0 3678 0 
0 0 21688 84 2 1211 2 3 21537 0 0 0 3678 0 307 
9335 0 7352 0 152 0 0 0 0 316 710 0 0 307 0 
