20 4
0 46 118 40 96 98 46 64 2 33 36 47 55 9 108 78 35 54 61 95 
46 0 88 10 53 127 3 66 48 60 37 19 78 48 107 43 36 50 104 90 
118 88 0 85 53 137 85 71 120 144 83 106 102 125 70 117 84 138 148 59 
40 10 85 0 56 117 8 56 42 59 26 26 68 43 98 54 26 55 95 82 
96 53 53 56 0 154 51 82 98 112 71 66 108 100 106 67 71 96 146 90 
98 127 137 117 154 0 125 72 99 127 90 138 49 106 75 170 91 153 52 79 
46 3 85 8 51 125 0 63 48 61 34 22 76 49 104 46 34 53 103 87 
64 66 71 56 82 72 63 0 66 97 32 83 30 73 44 110 33 107 76 31 
2 48 120 42 98 99 48 66 0 32 38 48 56 7 110 78 37 54 61 97 
33 60 144 59 112 127 61 97 32 0 67 48 88 24 142 71 66 34 83 128 
36 37 83 26 71 90 34 32 38 67 0 51 41 44 77 80 1 75 74 61 
47 19 106 26 66 138 22 83 48 48 51 0 90 45 125 31 50 31 108 109 
55 78 102 68 108 49 76 30 56 88 41 90 0 63 62 121 41 107 46 54 
9 48 125 43 100 106 49 73 7 24 44 45 63 0 117 75 43 47 66 104 
108 107 70 98 106 75 104 44 110 142 77 125 62 117 0 149 78 152 105 17 
78 43 117 54 67 170 46 110 78 71 80 31 121 75 149 0 80 40 140 132 
35 36 84 26 71 91 34 33 37 66 1 50 41 43 78 80 0 74 74 62 
54 50 138 55 96 153 53 107 54 34 75 31 107 47 152 40 74 0 113 136 
61 104 148 95 146 52 103 76 61 83 74 108 46 66 105 140 74 113 0 100 
95 90 59 82 90 79 87 31 97 128 61 109 54 104 17 132 62 136 100 0 
0 27 0 0 10 18225 7692 0 61 0 0 0 727 0 4017 0 0 0 250 0 
27 0 0 0 3785 0 1 1346 3686 0 145 81 8 277 18905 15 0 8 0 0 
0 0 0 0 0 0 32 44 49 19 0 14671 394 0 0 1 14 2 0 0 
0 0 0 0 5 0 9 0 0 29 0 11922 0 47 0 3 0 22863 0 0 
10 3785 0 5 0 57 8 0 12 0 0 1416 4 6378 13 0 0 0 0 0 
18225 0 0 0 57 0 7 0 0 0 10 0 1 1554 146 3 364 0 15395 0 
7692 1 32 9 8 7 0 9738 0 11060 0 616 0 0 3887 0 15 83 2319 0 
0 1346 44 0 0 0 9738 0 0 0 177 0 13 0 0 0 0 0 3 2 
61 3686 49 0 12 0 0 0 0 8 0 12863 39 0 0 0 35530 63 429 8 
0 0 19 29 0 0 11060 0 8 0 0 11361 0 1637 0 0 1366 0 0 0 
0 145 0 0 0 10 0 177 0 0 0 1 0 244 0 20 0 0 2296 104 
0 81 14671 11922 1416 0 616 0 12863 11361 1 0 18 439 388 11274 685 0 0 11339 
727 8 394 0 4 1 0 13 39 0 0 18 0 14205 67 0 0 3 16543 3151 
0 277 0 47 6378 1554 0 0 0 1637 244 439 14205 0 1163 0 0 0 0 0 
4017 18905 0 0 13 146 3887 0 0 0 0 388 67 1163 0 4661 5 85418 61353 294 
0 15 1 3 0 3 0 0 0 0 20 11274 0 0 4661 0 70264 0 82 1 
0 0 14 0 0 364 15 0 35530 1366 0 685 0 0 5 70264 0 0 0 0 
0 8 2 22863 0 0 83 0 63 0 0 0 3 0 85418 0 0 0 2 2662 
250 0 0 0 0 15395 2319 3 429 0 2296 0 16543 0 61353 82 0 2 0 0 
0 0 0 0 0 0 0 2 8 0 104 11339 3151 0 294 1 0 2662 0 0 
0 0 11591 26219 0 0 0 444 0 27 177 15063 0 97026 0 457 8037 3925 0 3 
0 0 4 1653 0 11310 0 0 0 7662 0 0 0 0 0 0 815 0 3788 2212 
11591 4 0 2 12110 6 0 0 0 0 12315 0 0 42027 15 0 0 0 1 18 
26219 1653 2 0 0 66 0 12 2282 0 20 0 14 0 3514 0 604 0 2 17064 
0 0 12110 0 0 0 0 8475 0 49201 31939 0 0 0 0 910 46178 1155 206 2040 
0 11310 6 66 0 0 0 11027 235 3 0 4 0 0 0 0 0 6 0 27124 
0 0 0 0 0 0 0 0 2 0 18213 0 27 1 0 1189 0 0 0 2463 
444 0 0 12 8475 11027 0 0 1 16 0 23 0 5072 7623 52 535 32505 0 0 
0 0 0 2282 0 235 2 1 0 0 24559 0 0 6527 43 1 0 0 0 0 
27 7662 0 0 49201 3 0 16 0 0 3 0 33 0 47434 6356 0 23 2327 686 
177 0 12315 20 31939 0 18213 0 24559 3 0 0 344 0 348 0 10277 32108 0 0 
15063 0 0 0 0 4 0 23 0 0 0 0 0 0 0 0 0 18 91460 0 
0 0 0 14 0 0 27 0 0 33 344 0 0 0 0 2412 3 0 0 0 
97026 0 42027 0 0 0 1 5072 6527 0 0 0 0 0 0 4 61918 759 8805 5093 
0 0 15 3514 0 0 0 7623 43 47434 348 0 0 0 0 0 0 0 0 0 
457 0 0 0 910 0 1189 52 1 6356 0 0 2412 4 0 0 0 564 0 0 
8037 815 0 604 46178 0 0 535 0 0 10277 0 3 61918 0 0 0 342 16966 4646 
3925 0 0 0 1155 6 0 32505 0 23 32108 18 0 759 0 564 342 0 0 0 
0 3788 1 2 206 0 0 0 0 2327 0 91460 0 8805 0 0 16966 0 0 9984 
3 2212 18 17064 2040 27124 2463 0 0 686 0 0 0 5093 0 0 4646 0 9984 0 
0 0 1 2035 0 0 0 88171 0 2114 661 109 0 4663 0 11577 16834 11 0 137 
0 0 1 34 0 3451 0 0 0 877 0 0 0 0 0 0 5572 0 11 23 
1 1 0 459 140 32623 0 0 0 0 10 0 0 12 5 0 0 0 41 138 
2035 34 459 0 0 65197 0 14 2 0 50 0 1 0 13 0 8 0 90183 1766 
0 0 140 0 0 0 0 17180 0 10 32690 0 0 0 0 4078 4718 129 3 11 
0 3451 32623 65197 0 0 0 1686 44190 474 0 85 0 0 0 0 0 25067 0 11 
0 0 0 0 0 0 0 0 329 0 21696 0 92 24 0 3076 0 0 0 34027 
88171 0 0 14 17180 1686 0 0 1215 71122 0 67719 0 699 13168 178 67 194 0 0 
0 0 0 2 0 44190 329 1215 0 0 7 0 0 1744 284 56562 0 0 0 0 
2114 877 0 0 10 474 0 71122 0 0 45 0 5410 0 11234 5847 0 3436 226 21 
661 0 10 50 32690 0 21696 0 7 45 0 0 12245 0 1 0 791 691 0 0 
109 0 0 0 0 85 0 67719 0 0 0 0 0 0 0 0 0 913 639 0 
0 0 0 1 0 0 92 0 0 5410 12245 0 0 0 0 1 12 0 0 0 
4663 0 12 0 0 0 24 699 1744 0 0 0 0 0 0 3597 1 40 247 1975 
0 0 5 13 0 0 0 13168 284 11234 1 0 0 0 0 0 0 0 0 0 
11577 0 0 0 4078 0 3076 178 56562 5847 0 0 1 3597 0 0 0 2204 0 0 
16834 5572 0 8 4718 0 0 67 0 0 791 0 12 1 0 0 0 5234 2180 8905 
11 0 0 0 129 25067 0 194 0 3436 691 913 0 40 0 2204 5234 0 0 0 
0 11 41 90183 3 0 0 0 0 226 0 639 0 247 0 0 2180 0 0 6995 
137 23 138 1766 11 11 34027 0 0 21 0 0 0 1975 0 0 8905 0 6995 0 
0 0 3263 1273 0 0 0 4277 0 11 8828 2 0 65072 0 11787 9076 5047 0 7722 
0 0 79567 191 0 3498 0 0 0 5982 0 0 0 0 0 0 2 0 417 2516 
3263 79567 0 59 30189 41670 0 0 0 0 17653 0 0 5 20247 0 0 0 3 4 
1273 191 59 0 0 17742 0 266 3 0 790 0 9992 0 20 0 16721 0 17316 73 
0 0 30189 0 0 0 0 8062 0 3 52 0 0 0 0 12 11 444 28158 82 
0 3498 41670 17742 0 0 0 175 327 2 0 2 0 0 0 0 0 332 0 54959 
0 0 0 0 0 0 0 0 1154 0 33 0 18 2497 0 35262 0 0 0 96 
4277 0 0 266 8062 175 0 0 125 22272 0 8757 0 84 82 416 444 1666 0 0 
0 0 0 3 0 327 1154 125 0 0 14 0 0 4599 1137 1 0 0 0 0 
11 5982 0 0 3 2 0 22272 0 0 1 0 7866 0 1 7247 0 355 1089 6086 
8828 0 17653 790 52 0 33 0 14 1 0 0 440 0 47 0 45 6 0 0 
2 0 0 0 0 2 0 8757 0 0 0 0 0 0 0 0 0 1 16 0 
0 0 0 9992 0 0 18 0 0 7866 440 0 0 0 0 8 796 0 0 0 
65072 0 5 0 0 0 2497 84 4599 0 0 0 0 0 0 315 1136 334 4606 13144 
0 0 20247 20 0 0 0 82 1137 1 47 0 0 0 0 0 0 0 0 0 
11787 0 0 0 12 0 35262 416 1 7247 0 0 8 315 0 0 0 26 0 0 
9076 2 0 16721 11 0 0 444 0 0 45 0 796 1136 0 0 0 35 283 7 
5047 0 0 0 444 332 0 1666 0 355 6 1 0 334 0 26 35 0 0 0 
0 417 3 17316 28158 0 0 0 0 1089 0 16 0 4606 0 0 283 0 0 33034 
7722 2516 4 73 82 54959 96 0 0 6086 0 0 0 13144 0 0 7 0 33034 0 
