8 4
0 46 118 40 96 98 46 64 
46 0 88 10 53 127 3 66 
118 88 0 85 53 137 85 71 
40 10 85 0 56 117 8 56 
96 53 53 56 0 154 51 82 
98 127 137 117 154 0 125 72 
46 3 85 8 51 125 0 63 
64 66 71 56 82 72 63 0 
0 1 15616 9 0 0 1292 0 
1 0 17 3 0 2682 0 0 
15616 17 0 39 0 0 0 0 
9 3 39 0 0 119 4896 14702 
0 0 0 0 0 0 0 0 
0 2682 0 119 0 0 1 0 
1292 0 0 4896 0 1 0 38339 
0 0 0 14702 0 0 38339 0 
0 165 24364 0 0 0 2516 0 
165 0 44 0 0 1742 0 0 
24364 44 0 80 0 0 0 0 
0 0 80 0 0 37 4017 12981 
0 0 0 0 0 15 0 0 
0 1742 0 37 15 0 388 0 
2516 0 0 4017 0 388 0 70264 
0 0 0 12981 0 0 70264 0 
0 104 4538 60 0 0 2008 0 
104 0 0 3 0 98273 0 0 
4538 0 0 279 0 0 0 0 
60 3 279 0 0 429 18905 16521 
0 0 0 0 0 1 0 0 
0 98273 0 429 1 0 2 0 
2008 0 0 18905 0 2 0 43944 
0 0 0 16521 0 0 43944 0 
0 0 24670 122 0 0 17663 0 
0 0 1 24 0 486 0 0 
24670 1 0 44 0 0 0 0 
122 24 44 0 0 727 4099 310 
0 0 0 0 0 0 0 0 
0 486 0 727 0 0 0 0 
17663 0 0 4099 0 0 0 16819 
0 0 0 310 0 0 16819 0 
