20 4
0 123 17 72 89 90 77 84 122 70 141 118 117 117 58 85 94 145 69 99 
123 0 116 51 121 48 96 115 59 63 25 47 40 16 64 39 31 87 58 23 
17 116 0 64 101 90 86 66 108 71 133 119 117 113 52 81 90 150 68 93 
72 51 64 0 97 39 71 77 62 33 69 64 60 49 13 21 29 104 24 28 
89 121 101 97 0 73 26 158 158 64 146 84 88 106 88 88 93 82 73 107 
90 48 90 39 73 0 47 116 91 20 73 28 27 34 42 20 20 64 22 35 
77 96 86 71 26 47 0 136 132 38 121 63 66 81 63 62 67 73 47 81 
84 115 66 77 158 116 136 0 73 105 118 141 136 120 76 98 104 181 98 96 
122 59 108 62 158 91 132 73 0 94 51 103 96 73 74 71 70 145 85 56 
70 63 71 33 64 20 38 105 94 0 87 48 47 52 29 25 32 79 8 44 
141 25 133 69 146 73 121 118 51 87 0 70 64 41 83 62 55 108 81 43 
118 47 119 64 84 28 63 141 103 48 70 0 6 30 70 43 37 42 50 48 
117 40 117 60 88 27 66 136 96 47 64 6 0 24 67 39 32 48 48 42 
117 16 113 49 106 34 81 120 73 52 41 30 24 0 60 31 22 72 48 24 
58 64 52 13 88 42 63 76 74 29 83 70 67 60 0 29 38 107 21 41 
85 39 81 21 88 20 62 98 71 25 62 43 39 31 29 0 9 83 18 19 
94 31 90 29 93 20 67 104 70 32 55 37 32 22 38 9 0 79 27 14 
145 87 150 104 82 64 73 181 145 79 108 42 48 72 107 83 79 0 85 91 
69 58 68 24 73 22 47 98 85 8 81 50 48 48 21 18 27 85 0 37 
99 23 93 28 107 35 81 96 56 44 43 48 42 24 41 19 14 91 37 0 
0 0 0 2865 0 0 446 61817 0 0 0 500 0 2428 0 385 0 0 40325 10561 
0 0 7307 0 3016 1386 14227 0 0 0 0 19290 0 342 151 0 1 0 876 2 
0 7307 0 0 210 0 0 807 0 747 0 11974 0 2 326 0 0 0 0 354 
2865 0 0 0 1 2026 177 104 0 0 0 0 1264 3205 0 21705 44 0 0 0 
0 3016 210 1 0 152 93 1424 0 0 60483 0 12 2 0 0 0 4 0 0 
0 1386 0 2026 152 0 53 503 184 1664 2 0 0 0 152 0 0 2074 3 14 
446 14227 0 177 93 53 0 77 0 0 2 1034 51 0 17 1 0 0 1 0 
61817 0 807 104 1424 503 77 0 2404 0 0 0 0 0 2257 17156 3207 5071 0 126 
0 0 0 0 0 184 0 2404 0 0 5 15006 2033 0 85 30123 54617 0 4541 3745 
0 0 747 0 0 1664 0 0 0 0 0 1262 72805 129 0 259 385 0 0 0 
0 0 0 0 60483 2 2 0 5 0 0 0 0 358 646 0 2126 2221 0 0 
500 19290 11974 0 0 0 1034 0 15006 1262 0 0 0 1160 201 10 0 61311 0 0 
0 0 0 1264 12 0 51 0 2033 72805 0 0 0 1651 57470 5517 129 0 7095 3765 
2428 342 2 3205 2 0 0 0 0 129 358 1160 1651 0 0 69877 111 0 0 28535 
0 151 326 0 0 152 17 2257 85 0 646 201 57470 0 0 12 0 651 24 0 
385 0 0 21705 0 0 1 17156 30123 259 0 10 5517 69877 12 0 0 0 0 523 
0 1 0 44 0 0 0 3207 54617 385 2126 0 129 111 0 0 0 0 0 107 
0 0 0 0 4 2074 0 5071 0 0 2221 61311 0 0 651 0 0 0 0 11820 
40325 876 0 0 0 3 1 0 4541 0 0 0 7095 0 24 0 0 0 0 0 
10561 2 354 0 0 14 0 126 3745 0 0 0 3765 28535 0 523 107 11820 0 0 
0 29 2301 0 68 6 0 0 3685 46 1090 0 51899 0 18 0 4185 7 0 0 
29 0 0 14 0 0 0 5 1356 407 3 0 23834 0 0 1 0 23172 0 0 
2301 0 0 2059 0 67025 60 0 14 0 1 0 24486 0 0 11 2661 3 1 0 
0 14 2059 0 0 0 0 0 99838 6840 15920 24 0 0 1030 0 0 38 56048 37 
68 0 0 0 0 0 0 0 1 813 0 2 0 0 4 1654 479 0 44 2 
6 0 67025 0 0 0 0 0 0 0 0 31 2 8453 0 5 2066 0 0 0 
0 0 60 0 0 0 0 0 4998 96 0 0 0 1047 0 0 24479 12 0 1355 
0 5 0 0 0 0 0 0 0 13520 38996 1 3 5808 0 0 0 0 25633 0 
3685 1356 14 99838 1 0 4998 0 0 17388 0 0 0 592 0 0 0 283 0 0 
46 407 0 6840 813 0 96 13520 17388 0 33 0 0 0 76267 0 0 57 38773 64525 
1090 3 1 15920 0 0 0 38996 0 33 0 34943 21 0 0 1965 0 0 14581 3 
0 0 0 24 2 31 0 1 0 0 34943 0 41230 0 0 0 7633 0 64759 8293 
51899 23834 24486 0 0 2 0 3 0 0 21 41230 0 0 0 0 0 48 0 0 
0 0 0 0 0 8453 1047 5808 592 0 0 0 0 0 1 0 0 3834 442 0 
18 0 0 1030 4 0 0 0 0 76267 0 0 0 1 0 0 205 0 0 680 
0 1 11 0 1654 5 0 0 0 0 1965 0 0 0 0 0 59 80766 25275 0 
4185 0 2661 0 479 2066 24479 0 0 0 0 7633 0 0 205 59 0 3947 4954 0 
7 23172 3 38 0 0 12 0 283 57 0 0 48 3834 0 80766 3947 0 159 0 
0 0 1 56048 44 0 0 25633 0 38773 14581 64759 0 442 0 25275 4954 159 0 33 
0 0 0 37 2 0 1355 0 0 64525 3 8293 0 0 680 0 0 0 33 0 
0 15 3047 0 25301 1414 0 0 23 31 62150 0 582 0 1 0 15 1535 0 0 
15 0 0 5168 0 0 0 693 6 4 7 0 8111 0 0 6 0 4 0 0 
3047 0 0 23 0 81 44 0 31 0 1 0 262 0 0 201 42 8808 7 0 
0 5168 23 0 0 0 0 0 1208 35467 2 5625 0 0 29 0 0 3096 894 21106 
25301 0 0 0 0 0 0 0 259 55861 0 1 0 0 1 136 37 0 3495 444 
1414 0 81 0 0 0 0 0 0 0 0 6962 14 1 0 608 1 0 0 0 
0 0 44 0 0 0 0 0 3 5041 0 0 0 3157 0 0 64 65774 0 6892 
0 693 0 0 0 0 0 0 0 242 2 1111 4 3 0 0 0 0 3 0 
23 6 31 1208 259 0 3 0 0 11159 0 0 0 1 0 0 0 4196 0 0 
31 4 0 35467 55861 0 5041 242 11159 0 412 0 0 0 6 0 0 38 1 4033 
62150 7 1 2 0 0 0 2 0 412 0 6904 79861 0 0 114 0 0 4610 2 
0 0 0 5625 1 6962 0 1111 0 0 6904 0 3467 0 0 0 726 0 20 700 
582 8111 262 0 0 14 0 4 0 0 79861 3467 0 0 0 0 0 3879 0 0 
0 0 0 0 0 1 3157 3 1 0 0 0 0 0 5137 0 0 27 4 0 
1 0 0 29 1 0 0 0 0 6 0 0 0 5137 0 0 2 0 0 2 
0 6 201 0 136 608 0 0 0 0 114 0 0 0 0 0 17183 19385 1834 0 
15 0 42 0 37 1 64 0 0 0 0 726 0 0 2 17183 0 1063 62082 0 
1535 4 8808 3096 0 0 65774 0 4196 38 0 0 3879 27 0 19385 1063 0 22 0 
0 0 7 894 3495 0 0 3 0 1 4610 20 0 4 0 1834 62082 22 0 83 
0 0 0 21106 444 0 6892 0 0 4033 2 700 0 0 2 0 0 0 83 0 
0 12 1 0 4417 313 0 0 238 3 17 0 174 0 59 0 286 117 0 0 
12 0 0 802 0 0 0 19 15 3 213 0 799 0 0 7 0 9746 0 0 
1 0 0 9 0 8 2160 0 1424 0 25 0 16 0 0 243 1023 191 4 0 
0 802 9 0 0 0 0 0 57 4086 78734 2 0 0 3 0 0 27 34 259 
4417 0 0 0 0 0 0 0 1 1 0 112 0 0 4233 59106 4616 0 10 137 
313 0 8 0 0 0 0 0 0 0 0 18565 31 2 0 13835 6113 0 0 0 
0 0 2160 0 0 0 0 0 16 3553 0 0 0 47204 0 0 5 1 0 506 
0 19 0 0 0 0 0 0 0 20539 1 1948 45 9 0 0 0 0 48 0 
238 15 1424 57 1 0 16 0 0 16643 0 0 0 14 0 0 0 15518 0 0 
3 3 0 4086 1 0 3553 20539 16643 0 300 0 0 0 60 0 0 37185 545 4355 
17 213 25 78734 0 0 0 1 0 300 0 12355 2656 0 0 7 0 0 23 98793 
0 0 0 2 112 18565 0 1948 0 0 12355 0 4102 0 0 0 63 0 28468 60 
174 799 16 0 0 31 0 45 0 0 2656 4102 0 0 0 0 0 4581 0 0 
0 0 0 0 0 2 47204 9 14 0 0 0 0 0 61541 0 0 15 1 0 
59 0 0 3 4233 0 0 0 0 60 0 0 0 61541 0 0 47923 0 0 69 
0 7 243 0 59106 13835 0 0 0 0 7 0 0 0 0 0 144 19708 2001 0 
286 0 1023 0 4616 6113 5 0 0 0 0 63 0 0 47923 144 0 410 5915 0 
117 9746 191 27 0 0 1 0 15518 37185 0 0 4581 15 0 19708 410 0 10 0 
0 0 4 34 10 0 0 48 0 545 23 28468 0 1 0 2001 5915 10 0 4 
0 0 0 259 137 0 506 0 0 4355 98793 60 0 0 69 0 0 0 4 0 
