20 3
0 59 64 103 62 95 95 48 90 88 90 112 64 139 74 53 26 148 87 89 
59 0 70 49 40 62 36 46 31 30 43 69 27 80 26 37 59 91 39 30 
64 70 0 118 33 51 89 98 88 95 64 73 48 126 97 33 87 124 64 86 
103 49 118 0 85 94 38 68 34 23 68 88 69 56 28 85 93 77 65 36 
62 40 33 85 0 33 56 78 55 62 34 51 15 94 66 8 77 96 33 53 
95 62 51 94 33 0 57 107 59 71 25 22 37 82 84 42 110 75 28 57 
95 36 89 38 56 57 0 77 6 17 31 50 41 44 39 58 95 55 29 6 
48 46 98 68 78 107 77 0 71 63 90 115 69 117 41 71 27 133 86 71 
90 31 88 34 55 59 6 71 0 12 34 55 39 49 33 57 89 61 31 2 
88 30 95 23 62 71 17 63 12 0 46 67 46 53 23 63 84 69 43 14 
90 43 64 68 34 25 31 90 34 46 0 25 25 61 61 41 99 61 3 32 
112 69 73 88 51 22 50 115 55 67 25 0 49 63 86 60 123 54 29 53 
64 27 48 69 15 37 41 69 39 46 25 49 0 81 52 17 74 86 23 37 
139 80 126 56 94 82 44 117 49 53 61 63 81 0 75 99 137 23 62 50 
74 26 97 28 66 84 39 41 33 23 61 86 52 75 0 64 65 92 58 34 
53 37 33 85 8 42 58 71 57 63 41 60 17 99 64 0 69 102 39 55 
26 59 87 93 77 110 95 27 89 84 99 123 74 137 65 69 0 150 95 88 
148 91 124 77 96 75 55 133 61 69 61 54 86 23 92 102 150 0 63 62 
87 39 64 65 33 28 29 86 31 43 3 29 23 62 58 39 95 63 0 29 
89 30 86 36 53 57 6 71 2 14 32 53 37 50 34 55 88 62 29 0 
0 0 4194 0 65 0 1299 0 0 0 0 146 0 0 0 1142 8454 0 22 0 
0 0 0 0 3453 615 0 5668 0 0 0 5201 276 1150 2663 863 28606 43347 0 1188 
4194 0 0 875 0 1 28 177 0 8416 499 35925 209 0 0 0 0 0 735 21744 
0 0 875 0 0 1 0 0 0 1 28987 0 0 926 0 1 7540 1473 90 2694 
65 3453 0 0 0 20374 1 48016 0 90 181 0 26 1 44873 18103 2358 0 454 252 
0 615 1 1 20374 0 32529 2 26228 9706 0 0 291 0 47 0 0 16 0 0 
1299 0 28 0 1 32529 0 0 0 0 0 18494 1594 167 0 317 0 471 42 197 
0 5668 177 0 48016 2 0 0 0 0 174 0 6936 70 0 82111 0 0 0 0 
0 0 0 0 0 26228 0 0 0 0 3 0 35 1 1 0 35 3389 10 0 
0 0 8416 1 90 9706 0 0 0 0 0 784 712 0 1728 0 0 0 0 0 
0 0 499 28987 181 0 0 174 3 0 0 0 9203 0 3 280 0 0 0 395 
146 5201 35925 0 0 0 18494 0 0 784 0 0 4 0 0 0 667 0 0 117 
0 276 209 0 26 291 1594 6936 35 712 9203 4 0 284 4373 2 84417 0 0 14 
0 1150 0 926 1 0 167 70 1 0 0 0 284 0 0 0 1 0 86 1363 
0 2663 0 0 44873 47 0 0 1 1728 3 0 4373 0 0 25 1512 97688 0 993 
1142 863 0 1 18103 0 317 82111 0 0 280 0 2 0 25 0 7 0 47 0 
8454 28606 0 7540 2358 0 0 0 35 0 0 667 84417 1 1512 7 0 54477 0 0 
0 43347 0 1473 0 16 471 0 3389 0 0 0 0 0 97688 0 54477 0 0 0 
22 0 735 90 454 0 42 0 10 0 0 0 0 86 0 47 0 0 0 59 
0 1188 21744 2694 252 0 197 0 0 0 395 117 14 1363 993 0 0 0 59 0 
0 0 46078 1 452 0 582 0 3 0 0 31 0 0 0 79 9617 0 76 0 
0 0 0 0 2206 142 0 34 0 0 0 1326 34 296 46142 6082 15695 61102 0 51606 
46078 0 0 197 0 0 7 6 0 912 173 83144 195 0 0 0 1 0 4174 8785 
1 0 197 0 0 0 0 0 0 13 17133 0 0 144 0 1 16038 659 25 5532 
452 2206 0 0 0 11637 1 6559 1 181 4 0 1 0 8423 18908 4768 1 52 441 
0 142 0 0 11637 0 433 3 3508 3796 0 0 7 0 1 0 0 8 0 0 
582 0 7 0 1 433 0 0 0 0 0 79 3205 38 0 530 0 282 7 542 
0 34 6 0 6559 3 0 0 0 0 79 0 19875 86 0 26601 0 5 0 0 
3 0 0 0 1 3508 0 0 0 0 14 0 68 0 0 0 20 59449 6 0 
0 0 912 13 181 3796 0 0 0 0 2 9007 14125 0 990 0 0 0 0 0 
0 0 173 17133 4 0 0 79 14 2 0 0 1501 0 0 2039 7 0 0 508 
31 1326 83144 0 0 0 79 0 0 9007 0 0 3 0 0 0 467 0 0 3869 
0 34 195 0 1 7 3205 19875 68 14125 1501 3 0 370 8807 0 71507 0 0 5874 
0 296 0 144 0 0 38 86 0 0 0 0 370 0 0 0 1 0 2001 22 
0 46142 0 0 8423 1 0 0 0 990 0 0 8807 0 0 6 797 30800 0 120 
79 6082 0 1 18908 0 530 26601 0 0 2039 0 0 0 6 0 3 0 2565 0 
9617 15695 1 16038 4768 0 0 0 20 0 7 467 71507 1 797 3 0 1532 0 0 
0 61102 0 659 1 8 282 5 59449 0 0 0 0 0 30800 0 1532 0 0 0 
76 0 4174 25 52 0 7 0 6 0 0 0 0 2001 0 2565 0 0 0 43 
0 51606 8785 5532 441 0 542 0 0 0 508 3869 5874 22 120 0 0 0 43 0 
0 0 133 0 6 0 8 0 0 0 0 497 0 0 0 19280 12262 0 4 0 
0 0 0 0 7258 3059 0 24340 0 0 0 567 2626 227 1530 486 15770 79089 0 512 
133 0 0 210 0 1 8 220 0 319 301 69507 287 0 0 22 10 0 812 4395 
0 0 210 0 3 8 0 0 0 47 9687 0 0 95 0 0 28170 4129 52 7866 
6 7258 0 3 0 10815 25 2826 0 12 39 10 398 0 53017 51255 5201 0 97 2091 
0 3059 1 8 10815 0 3796 0 14370 2340 0 0 3673 0 151 0 0 5 0 0 
8 0 8 0 25 3796 0 0 0 0 0 21632 955 101 0 14 0 125 42 6113 
0 24340 220 0 2826 0 0 0 1 0 3652 0 14312 0 0 21017 0 92 0 0 
0 0 0 0 0 14370 0 1 0 0 3 0 173 8 0 0 81 83 981 0 
0 0 319 47 12 2340 0 0 0 0 0 190 21472 0 7656 0 0 0 0 0 
0 0 301 9687 39 0 0 3652 3 0 0 0 808 0 0 1 0 0 0 9 
497 567 69507 0 10 0 21632 0 0 190 0 0 0 0 0 0 5711 0 0 42 
0 2626 287 0 398 3673 955 14312 173 21472 808 0 0 44379 6085 50 57233 0 0 130 
0 227 0 95 0 0 101 0 8 0 0 0 44379 0 3 0 0 0 2196 1112 
0 1530 0 0 53017 151 0 0 0 7656 0 0 6085 3 0 1 116 3748 0 169 
19280 486 22 0 51255 0 14 21017 0 0 1 0 50 0 1 0 128 0 201 0 
12262 15770 10 28170 5201 0 0 0 81 0 0 5711 57233 0 116 128 0 88377 0 0 
0 79089 0 4129 0 5 125 92 83 0 0 0 0 0 3748 0 88377 0 0 0 
4 0 812 52 97 0 42 0 981 0 0 0 0 2196 0 201 0 0 0 279 
0 512 4395 7866 2091 0 6113 0 0 0 9 42 130 1112 169 0 0 0 279 0 
