10 2
0 123 17 72 89 90 77 84 122 70 
123 0 116 51 121 48 96 115 59 63 
17 116 0 64 101 90 86 66 108 71 
72 51 64 0 97 39 71 77 62 33 
89 121 101 97 0 73 26 158 158 64 
90 48 90 39 73 0 47 116 91 20 
77 96 86 71 26 47 0 136 132 38 
84 115 66 77 158 116 136 0 73 105 
122 59 108 62 158 91 132 73 0 94 
70 63 71 33 64 20 38 105 94 0 
0 0 0 0 0 2650 7226 0 0 0 
0 0 0 0 85 162 0 93 15 184 
0 0 0 12 0 1 0 36352 0 0 
0 0 12 0 0 0 152 0 0 0 
0 85 0 0 0 0 3 48 10620 4186 
2650 162 1 0 0 0 0 17 0 27218 
7226 0 0 152 3 0 0 0 37 2426 
0 93 36352 0 48 17 0 0 0 3707 
0 15 0 0 10620 0 37 0 0 12 
0 184 0 0 4186 27218 2426 3707 12 0 
0 0 2 0 0 255 37201 0 0 0 
0 0 0 0 71 13 0 12 378 336 
2 0 0 1 0 0 0 2091 1 0 
0 0 1 0 0 0 38 0 0 0 
0 71 0 0 0 0 2 1 553 4709 
255 13 0 0 0 0 0 3 0 3975 
37201 0 0 38 2 0 0 0 73 4015 
0 12 2091 0 1 3 0 0 0 15811 
0 378 1 0 553 0 73 0 0 283 
0 336 0 0 4709 3975 4015 15811 283 0 
