6 3
0 59 64 103 62 95 
59 0 70 49 40 62 
64 70 0 118 33 51 
103 49 118 0 85 94 
62 40 33 85 0 33 
95 62 51 94 33 0 
0 0 0 0 3964 128 
0 0 0 2 0 0 
0 0 0 0 0 0 
0 2 0 0 0 0 
3964 0 0 0 0 3 
128 0 0 0 3 0 
0 0 0 0 28333 63 
0 0 0 10 0 0 
0 0 0 14 0 0 
0 10 14 0 0 0 
28333 0 0 0 0 237 
63 0 0 0 237 0 
0 0 0 1 51486 255 
0 0 0 0 0 0 
0 0 0 0 0 0 
1 0 0 0 0 0 
51486 0 0 0 0 3 
255 0 0 0 3 0 
