10 4
0 46 118 40 96 98 46 64 2 33 
46 0 88 10 53 127 3 66 48 60 
118 88 0 85 53 137 85 71 120 144 
40 10 85 0 56 117 8 56 42 59 
96 53 53 56 0 154 51 82 98 112 
98 127 137 117 154 0 125 72 99 127 
46 3 85 8 51 125 0 63 48 61 
64 66 71 56 82 72 63 0 66 97 
2 48 120 42 98 99 48 66 0 32 
33 60 144 59 112 127 61 97 32 0 
0 0 8552 27 39921 0 166 0 116 4538 
0 0 53 0 0 0 1080 0 12 301 
8552 53 0 0 4 0 198 0 0 17 
27 0 0 0 61 0 27390 0 9 10 
39921 0 4 61 0 18928 0 0 0 3785 
0 0 0 0 18928 0 0 0 215 0 
166 1080 198 27390 0 0 0 0 236 5 
0 0 0 0 0 0 0 0 1 6 
116 12 0 9 0 215 236 1 0 0 
4538 301 17 10 3785 0 5 6 0 0 
0 185 0 0 0 13533 0 2033 0 0 
185 0 0 29 2141 11591 0 14011 0 0 
0 0 0 2 0 4 0 26219 7 0 
0 29 2 0 0 993 0 1653 0 0 
0 2141 0 0 0 0 13 2 40 0 
13533 11591 4 993 0 0 36159 3839 0 12110 
0 0 0 0 13 36159 0 1934 0 0 
2033 14011 26219 1653 2 3839 1934 0 0 0 
0 0 7 0 40 0 0 0 0 148 
0 0 0 0 0 12110 0 0 148 0 
0 142 0 0 0 24 0 116 0 0 
142 0 0 16345 58095 1 0 5 0 0 
0 0 0 5921 0 1 0 2035 23606 0 
0 16345 5921 0 0 365 0 34 0 0 
0 58095 0 0 0 0 1 459 40336 0 
24 1 1 365 0 0 2911 6339 0 140 
0 0 0 0 1 2911 0 39 0 0 
116 5 2035 34 459 6339 39 0 0 0 
0 0 23606 0 40336 0 0 0 0 173 
0 0 0 0 0 140 0 0 173 0 
0 4 0 0 0 150 0 142 0 0 
4 0 0 87 1 3263 0 13 0 0 
0 0 0 173 0 79567 0 1273 9836 0 
0 87 173 0 0 20816 0 191 0 0 
0 1 0 0 0 0 3 59 558 0 
150 3263 79567 20816 0 0 139 61 0 30189 
0 0 0 0 3 139 0 3 0 0 
142 13 1273 191 59 61 3 0 0 0 
0 0 9836 0 558 0 0 0 0 49 
0 0 0 0 0 30189 0 0 49 0 
