50 2
0 123 17 72 89 90 77 84 122 70 141 118 117 117 58 85 94 145 69 99 137 99 30 139 114 56 50 94 70 158 148 87 53 161 64 94 106 62 87 81 66 9 49 48 135 73 47 81 16 69 
123 0 116 51 121 48 96 115 59 63 25 47 40 16 64 39 31 87 58 23 83 33 103 24 65 67 92 40 53 45 35 36 95 46 119 29 43 89 107 43 57 113 75 95 85 58 91 43 139 54 
17 116 0 64 101 90 86 66 108 71 133 119 117 113 52 81 90 150 68 93 122 97 14 135 118 53 57 84 66 154 139 82 62 151 46 88 94 69 69 78 59 15 41 32 119 72 32 78 31 65 
72 51 64 0 97 39 71 77 62 33 69 64 60 49 13 21 29 104 24 28 84 38 52 71 72 21 53 26 13 91 77 19 58 89 74 23 41 56 72 18 5 62 23 46 83 30 41 18 88 13 
89 121 101 97 0 73 26 158 158 64 146 84 88 106 88 88 93 82 73 107 181 88 104 121 67 78 49 121 84 131 156 94 43 167 143 101 136 41 157 86 94 86 92 116 180 69 112 86 92 83 
90 48 90 39 73 0 47 116 91 20 73 28 27 34 42 20 20 64 22 35 115 15 82 53 32 38 48 55 28 69 83 26 49 95 111 30 68 42 111 21 41 81 54 82 115 17 77 21 104 28 
77 96 86 71 26 47 0 136 132 38 121 63 66 81 63 62 67 73 47 81 155 62 85 98 49 54 29 95 58 110 130 68 24 142 124 75 110 17 134 60 69 71 69 95 154 42 90 60 85 57 
84 115 66 77 158 116 136 0 73 105 118 141 136 120 76 98 104 181 98 96 73 114 56 139 149 84 109 75 89 160 120 94 114 129 22 95 74 118 9 96 75 79 67 42 70 103 46 96 96 88 
122 59 108 62 158 91 132 73 0 94 51 103 96 73 74 71 70 145 85 56 25 79 93 83 118 83 115 37 74 101 50 65 120 57 87 60 22 118 63 72 66 113 76 77 25 89 76 72 138 75 
70 63 71 33 64 20 38 105 94 0 87 48 47 52 29 25 32 79 8 44 117 32 64 72 47 21 28 56 20 89 96 31 31 108 97 38 71 26 102 23 32 61 39 67 116 5 62 23 84 19 
141 25 133 69 146 73 121 118 51 87 0 70 64 41 83 62 55 108 81 43 71 58 119 37 89 88 115 49 74 52 10 57 118 21 127 50 44 113 110 65 75 131 92 107 73 82 104 65 158 75 
118 47 119 64 84 28 63 141 103 48 70 0 6 30 70 43 37 42 50 48 128 26 110 38 19 66 73 72 55 47 80 46 73 90 138 47 82 64 135 45 67 109 82 109 128 46 104 45 132 56 
117 40 117 60 88 27 66 136 96 47 64 6 0 24 67 39 32 48 48 42 121 22 108 32 25 64 74 66 52 44 73 42 75 83 134 41 76 66 130 42 64 108 79 106 122 44 101 42 131 53 
117 16 113 49 106 34 81 120 73 52 41 30 24 0 60 31 22 72 48 24 98 19 101 21 48 61 81 46 46 42 51 31 83 62 122 26 54 76 113 35 54 107 72 95 99 47 91 35 132 48 
58 64 52 13 88 42 63 76 74 29 83 70 67 60 0 29 38 107 21 41 95 45 41 82 74 9 41 39 15 102 90 29 47 103 69 35 53 47 72 25 8 48 12 39 93 27 34 25 75 14 
85 39 81 21 88 20 62 98 71 25 62 43 39 31 29 0 9 83 18 19 96 17 70 53 51 29 52 34 14 73 71 6 56 83 95 13 49 51 92 3 25 75 41 67 95 20 62 3 101 16 
94 31 90 29 93 20 67 104 70 32 55 37 32 22 38 9 0 79 27 14 95 10 79 44 48 38 60 36 24 64 64 10 64 76 103 10 48 58 98 13 33 85 50 75 95 27 70 13 110 25 
145 87 150 104 82 64 73 181 145 79 108 42 48 72 107 83 79 0 85 91 170 68 144 71 32 101 95 114 92 67 117 88 93 125 176 89 125 84 176 85 106 138 118 146 171 79 141 85 156 93 
69 58 68 24 73 22 47 98 85 8 81 50 48 48 21 18 27 85 0 37 108 30 60 70 52 16 34 48 11 88 90 23 38 102 91 31 63 34 94 15 24 60 32 61 107 5 56 15 84 10 
99 23 93 28 107 35 81 96 56 44 43 48 42 24 41 19 14 91 37 0 81 23 80 43 62 45 71 23 30 64 52 13 75 65 98 6 34 70 89 21 33 89 51 72 81 39 68 21 115 31 
137 83 122 84 181 115 155 73 25 117 71 128 121 98 95 96 95 170 108 81 0 104 107 106 143 104 136 61 97 123 67 89 142 71 92 85 47 141 64 96 87 129 96 90 3 113 90 96 153 98 
99 33 97 38 88 15 62 114 79 32 58 26 22 19 45 17 10 68 30 23 104 0 87 40 38 44 61 46 30 58 68 19 63 79 112 20 58 56 108 20 42 90 57 84 105 28 79 20 114 32 
30 103 14 52 104 82 85 56 93 64 119 110 108 101 41 70 79 144 60 80 107 87 0 123 111 44 56 70 56 143 125 70 61 137 39 76 80 68 58 67 47 23 29 18 105 65 18 67 45 55 
139 24 135 71 121 53 98 139 83 72 37 38 32 21 82 53 44 71 70 43 106 40 123 0 57 83 101 64 68 21 46 52 103 54 142 47 68 95 131 57 76 129 94 116 107 68 112 57 154 69 
114 65 118 72 67 32 49 149 118 47 89 19 25 48 74 51 48 32 52 62 143 38 111 57 0 68 66 84 60 63 99 57 65 109 143 59 97 55 144 53 73 106 85 113 143 46 108 53 126 60 
56 67 53 21 78 38 54 84 83 21 88 66 64 61 9 29 38 101 16 45 104 44 44 83 68 0 32 47 14 102 96 31 37 109 75 39 62 37 81 25 17 46 17 45 103 21 40 25 71 13 
50 92 57 53 49 48 29 109 115 28 115 73 74 81 41 52 60 95 34 71 136 61 56 101 66 32 0 79 42 117 124 57 5 136 95 65 94 12 107 49 49 43 43 67 135 33 63 49 60 41 
94 40 84 26 121 55 95 75 37 56 49 72 66 46 39 34 36 114 48 23 61 46 70 64 84 47 79 0 37 85 55 28 84 67 79 25 15 81 67 35 30 84 45 57 60 52 54 35 111 38 
70 53 66 13 84 28 58 89 74 20 74 55 52 46 15 14 24 92 11 30 97 30 56 68 60 14 42 37 0 88 82 17 47 95 83 24 52 44 84 11 13 61 27 54 96 16 49 11 86 1 
158 45 154 91 131 69 110 160 101 89 52 47 44 42 102 73 64 67 88 64 123 58 143 21 63 102 117 85 88 0 58 73 118 62 163 68 88 110 152 76 96 148 114 137 125 86 132 76 173 89 
148 35 139 77 156 83 130 120 50 96 10 80 73 51 90 71 64 117 90 52 67 68 125 46 99 96 124 55 82 58 0 66 128 12 130 58 47 122 111 74 82 139 99 112 69 91 109 74 165 84 
87 36 82 19 94 26 68 94 65 31 57 46 42 31 29 6 10 88 23 13 89 19 70 52 57 31 57 28 17 73 66 0 61 78 93 7 42 57 88 8 23 77 41 65 89 26 60 8 103 18 
53 95 62 58 43 49 24 114 120 31 118 73 75 83 47 56 64 93 38 75 142 63 61 103 65 37 5 84 47 118 128 61 0 140 100 69 99 9 113 53 54 47 49 72 141 36 68 53 62 46 
161 46 151 89 167 95 142 129 57 108 21 90 83 62 103 83 76 125 102 65 71 79 137 54 109 109 136 67 95 62 12 78 140 0 141 71 58 134 120 86 95 151 112 124 74 103 121 86 177 96 
64 119 46 74 143 111 124 22 87 97 127 138 134 122 69 95 103 176 91 98 92 112 39 142 143 75 95 79 83 163 130 93 100 141 0 96 82 106 28 92 70 61 58 30 88 96 35 92 74 82 
94 29 88 23 101 30 75 95 60 38 50 47 41 26 35 13 10 89 31 6 85 20 76 47 59 39 65 25 24 68 58 7 69 71 96 0 38 64 89 15 29 84 47 69 85 33 64 15 110 25 
106 43 94 41 136 68 110 74 22 71 44 82 76 54 53 49 48 125 63 34 47 58 80 68 97 62 94 15 52 88 47 42 99 58 82 38 0 96 65 49 45 97 58 65 46 67 63 49 123 53 
62 89 69 56 41 42 17 118 118 26 113 64 66 76 47 51 58 84 34 70 141 56 68 95 55 37 12 81 44 110 122 57 9 134 106 64 96 0 116 49 53 55 52 77 140 31 72 49 72 43 
87 107 69 72 157 111 134 9 63 102 110 135 130 113 72 92 98 176 94 89 64 108 58 131 144 81 107 67 84 152 111 88 113 120 28 89 65 116 0 90 70 82 65 42 61 99 45 90 100 84 
81 43 78 18 86 21 60 96 72 23 65 45 42 35 25 3 13 85 15 21 96 20 67 57 53 25 49 35 11 76 74 8 53 86 92 15 49 49 90 0 22 72 37 64 96 18 59 0 97 12 
66 57 59 5 94 41 69 75 66 32 75 67 64 54 8 25 33 106 24 33 87 42 47 76 73 17 49 30 13 96 82 23 54 95 70 29 45 53 70 22 0 56 18 42 86 29 37 22 82 13 
9 113 15 62 86 81 71 79 113 61 131 109 108 107 48 75 85 138 60 89 129 90 23 129 106 46 43 84 61 148 139 77 47 151 61 84 97 55 82 72 56 0 39 41 127 63 40 72 26 59 
49 75 41 23 92 54 69 67 76 39 92 82 79 72 12 41 50 118 32 51 96 57 29 94 85 17 43 45 27 114 99 41 49 112 58 47 58 52 65 37 18 39 0 28 94 38 23 37 65 26 
48 95 32 46 116 82 95 42 77 67 107 109 106 95 39 67 75 146 61 72 90 84 18 116 113 45 67 57 54 137 112 65 72 124 30 69 65 77 42 64 42 41 28 0 87 66 5 64 63 53 
135 85 119 83 180 115 154 70 25 116 73 128 122 99 93 95 95 171 107 81 3 105 105 107 143 103 135 60 96 125 69 89 141 74 88 85 46 140 61 96 86 127 94 87 0 112 87 96 150 97 
73 58 72 30 69 17 42 103 89 5 82 46 44 47 27 20 27 79 5 39 113 28 65 68 46 21 33 52 16 86 91 26 36 103 96 33 67 31 99 18 29 63 38 66 112 0 61 18 87 16 
47 91 32 41 112 77 90 46 76 62 104 104 101 91 34 62 70 141 56 68 90 79 18 112 108 40 63 54 49 132 109 60 68 121 35 64 63 72 45 59 37 40 23 5 87 61 0 59 63 48 
81 43 78 18 86 21 60 96 72 23 65 45 42 35 25 3 13 85 15 21 96 20 67 57 53 25 49 35 11 76 74 8 53 86 92 15 49 49 90 0 22 72 37 64 96 18 59 0 97 12 
16 139 31 88 92 104 85 96 138 84 158 132 131 132 75 101 110 156 84 115 153 114 45 154 126 71 60 111 86 173 165 103 62 177 74 110 123 72 100 97 82 26 65 63 150 87 63 97 0 85 
69 54 65 13 83 28 57 88 75 19 75 56 53 48 14 16 25 93 10 31 98 32 55 69 60 13 41 38 1 89 84 18 46 96 82 25 53 43 84 12 13 59 26 53 97 16 48 12 85 0 
0 7226 0 0 1 5 12228 1 2 11220 0 15279 0 2 0 0 0 0 0 0 0 0 0 0 80174 0 2 0 0 0 2 476 0 0 3690 1746 9 32 0 0 0 0 1 25 48383 622 1114 172 0 0 
7226 0 0 5050 0 1723 0 0 40 0 0 0 376 0 15 439 1 395 0 0 0 7153 1 506 3287 0 43 0 0 0 11 6 0 0 33 28017 0 1 3 139 3 0 0 7 0 0 24 0 0 24664 
0 0 0 0 0 9766 4572 0 0 0 6 4 76 841 148 7 4855 16458 0 0 0 0 0 0 471 0 318 0 1336 0 0 399 2 309 35 0 22657 0 15725 74896 14 0 0 0 81459 0 0 13 0 0 
0 5050 0 0 151 0 131 1 0 0 0 3 0 21 3 267 0 0 0 0 80598 50 0 28 0 4426 6 75410 0 57 0 0 621 0 4 0 3336 673 0 0 0 0 163 0 0 3307 0 13893 0 196 
1 0 0 151 0 0 2 1 16223 0 32 0 0 5352 33 1320 0 16 938 0 460 0 44503 0 0 0 0 781 0 30 8496 0 17 0 0 0 74 19086 964 0 0 0 0 0 0 58635 0 669 0 0 
5 1723 9766 0 0 0 0 9060 0 2301 0 541 3705 0 54661 0 335 3265 84294 0 493 0 6 0 6 26005 1 0 7 0 0 51292 77 448 11 0 0 0 50802 5550 0 0 0 0 1 113 15 0 0 5563 
12228 0 4572 131 2 0 0 0 0 4 0 0 1 5142 569 0 0 1539 0 79 0 0 0 2 0 1030 0 4 0 0 1683 403 3 0 19835 0 4 2 0 88 0 0 27 90795 4567 0 8937 0 0 0 
1 0 0 1 1 9060 0 0 19 80 0 0 43230 19 41 241 4778 0 0 0 71 0 0 0 0 0 369 244 4 89 231 3229 0 93535 0 115 247 7 29771 65 1 0 6 0 0 1245 7 2863 3038 2837 
2 40 0 0 16223 0 0 19 0 0 11899 8 156 0 0 0 19926 0 1 35465 0 0 0 0 5280 0 0 1 0 6811 0 42 0 0 0 2395 1 0 94824 1998 0 5851 133 5 42373 2878 0 0 1448 0 
11220 0 0 0 0 2301 4 80 0 0 1 1 354 7 8 0 0 98 0 0 0 0 0 14269 10911 48850 0 0 48474 0 88962 0 0 188 0 849 99218 0 0 14883 0 14 0 15157 0 0 0 0 0 2 
0 0 6 0 32 0 0 0 11899 1 0 0 0 0 0 8258 47 0 372 0 4 0 2710 1 2186 0 0 0 2 1593 630 0 7087 0 0 0 190 0 3174 0 0 0 0 0 275 16 0 0 0 34375 
15279 0 4 3 0 541 0 0 8 1 0 0 0 0 574 0 3 0 0 0 81 5963 0 92194 3602 0 0 2 0 2093 0 3 0 0 3 5 8382 0 34501 175 2121 0 0 0 1875 0 0 638 0 0 
0 376 76 0 0 3705 1 43230 156 354 0 0 0 0 0 0 0 0 20 243 8378 5 0 68 0 38601 7990 0 0 94 52 403 0 235 0 2011 0 0 75 0 0 0 2587 0 0 0 308 113 0 0 
2 0 841 21 5352 0 5142 19 0 7 0 0 0 0 0 0 0 3 2 0 770 3613 3613 0 0 0 43 0 0 114 2765 0 1 0 0 1007 103 398 0 0 36032 0 5866 5 13 1049 0 0 1834 45 
0 15 148 3 33 54661 569 41 0 8 0 574 0 0 0 0 34052 174 5294 7484 0 10836 1 867 0 0 0 20 0 0 81397 36690 41684 5 2 137 2754 0 0 2 0 0 227 612 0 214 0 0 51613 0 
0 439 7 267 1320 0 0 241 0 0 8258 0 0 0 0 0 2 204 16 0 121 4312 279 0 0 13027 0 0 0 6 0 3 1080 58369 0 2716 0 0 326 0 30555 0 98 0 0 14024 21746 170 0 41988 
0 1 4855 0 0 335 0 4778 19926 0 47 3 0 0 34052 2 0 453 0 58837 14247 0 2949 0 101 0 44 0 2 4 3336 0 0 0 52 0 0 0 0 1680 1 2 49 69 0 23339 0 0 0 1723 
0 395 16458 0 16 3265 1539 0 0 98 0 0 0 3 174 204 453 0 473 38 0 0 0 0 1793 0 0 634 0 712 1 16280 0 0 1401 2138 0 0 5 0 86758 20 0 25 4634 0 0 0 0 0 
0 0 0 0 938 84294 0 0 1 0 372 0 20 2 5294 16 0 473 0 51480 0 798 1198 0 3954 20 19814 18 8117 0 438 602 0 0 6 0 0 0 186 5 0 0 0 1 0 65205 0 0 0 100 
0 0 0 0 0 0 79 0 35465 0 0 0 243 0 7484 0 58837 38 51480 0 15 0 1806 220 0 0 0 0 0 0 907 7689 0 122 0 0 0 0 1 23 0 0 10 0 115 2 654 0 0 2899 
0 0 0 80598 460 493 0 71 0 0 4 81 8378 770 0 121 14247 0 0 15 0 0 4568 0 0 0 6 12981 1 1 0 4545 34363 0 0 0 372 0 7459 0 38645 110 0 23 286 0 19 0 84900 0 
0 7153 0 50 0 0 0 0 0 0 0 5963 5 3613 10836 4312 0 0 798 0 0 0 0 0 0 11 95862 0 0 0 76314 4 3 14 0 28 6 0 87 36025 144 0 1607 0 21755 13941 0 0 23 460 
0 1 0 0 44503 6 0 0 0 0 2710 0 0 3613 1 279 2949 0 1198 1806 4568 0 0 0 0 0 0 0 0 4659 13912 0 105 0 0 17 1 53228 0 2 150 69 46 1 786 67 18025 0 93619 5 
0 506 0 28 0 0 2 0 0 14269 1 92194 68 0 867 0 0 0 0 220 0 0 0 0 0 0 154 36758 2 40 0 6427 0 5 1 1 0 2 9409 938 0 0 6 0 670 0 21 0 4167 0 
80174 3287 471 0 0 6 0 0 5280 10911 2186 3602 0 0 0 0 101 1793 3954 0 0 0 0 0 0 0 0 0 0 1677 0 0 0 0 45702 0 0 0 0 0 6 0 14375 0 1280 0 0 0 0 766 
0 0 0 4426 0 26005 1030 0 0 48850 0 0 38601 0 0 13027 0 0 20 0 0 11 0 0 0 0 0 0 11 0 97944 1 6428 0 0 0 5581 0 0 0 41453 3076 6059 0 0 422 11391 0 97 7 
2 43 318 6 0 1 0 369 0 0 0 0 7990 43 0 0 44 0 19814 0 6 95862 0 154 0 0 0 0 0 11179 0 73 2 7789 0 19656 0 0 0 0 23445 0 2309 10 48 0 87856 10 0 16618 
0 0 0 75410 781 0 4 244 1 0 0 2 0 0 20 0 0 634 18 0 12981 0 0 36758 0 0 0 0 0 0 3328 0 0 0 170 0 6078 22456 0 0 2 0 235 0 1087 38 5745 0 0 874 
0 0 1336 0 0 7 0 4 0 48474 2 0 0 0 0 0 2 0 8117 0 1 0 0 2 0 11 0 0 0 64 0 14 1294 47 0 0 0 9 0 1057 0 0 5774 0 0 13 0 0 0 82732 
0 0 0 57 30 0 0 89 6811 0 1593 2093 94 114 0 6 4 712 0 0 1 0 4659 40 1677 0 11179 0 64 0 17 8518 0 37080 5391 5 0 11734 0 1457 0 42 0 0 0 5209 1 17 5485 10 
2 11 0 0 8496 0 1683 231 0 88962 630 0 52 2765 81397 0 3336 1 438 907 0 76314 13912 0 0 97944 0 3328 0 17 0 0 299 0 0 1 0 23 0 60 310 0 1740 1 420 47 0 0 0 0 
476 6 399 0 0 51292 403 3229 42 0 0 3 403 0 36690 3 0 16280 602 7689 4545 4 0 6427 0 1 73 0 14 8518 0 0 3 0 4517 0 0 6 23961 42 0 2211 1046 0 0 253 44165 0 1 0 
0 0 2 621 17 77 3 0 0 0 7087 0 0 1 41684 1080 0 0 0 0 34363 3 105 0 0 6428 2 0 1294 0 299 3 0 7 0 0 0 1 981 0 41 0 0 0 10 0 0 284 0 562 
0 0 309 0 0 448 0 93535 0 188 0 0 235 0 5 58369 0 0 0 122 0 14 0 5 0 0 7789 0 47 37080 0 0 7 0 0 1105 292 0 0 8 0 18923 0 0 159 0 797 69854 2522 121 
3690 33 35 4 0 11 19835 0 0 0 0 3 0 0 2 0 52 1401 6 0 0 0 0 1 45702 0 0 170 0 5391 0 4517 0 0 0 0 0 1 1 0 1642 17985 1 7900 245 0 0 887 17220 22 
1746 28017 0 0 0 0 0 115 2395 849 0 5 2011 1007 137 2716 0 2138 0 0 0 28 17 1 0 0 19656 0 0 5 1 0 0 1105 0 0 2914 0 0 0 6862 0 0 32 1 1 1 10 0 3942 
9 0 22657 3336 74 0 4 247 1 99218 190 8382 0 103 2754 0 0 0 0 0 372 6 1 0 0 5581 0 6078 0 0 0 0 0 292 0 2914 0 0 0 1 2 0 0 29 1245 0 21 0 0 21104 
32 1 0 673 19086 0 2 7 0 0 0 0 0 398 0 0 0 0 0 0 0 0 53228 2 0 0 0 22456 9 11734 23 6 1 0 1 0 0 0 0 0 2 0 0 0 8804 27 0 0 0 0 
0 3 15725 0 964 50802 0 29771 94824 0 3174 34501 75 0 0 326 0 5 186 1 7459 87 0 9409 0 0 0 0 0 0 0 23961 981 0 1 0 0 0 0 15 30301 0 29736 0 0 572 0 1 3 0 
0 139 74896 0 0 5550 88 65 1998 14883 0 175 0 0 2 0 1680 0 5 23 0 36025 2 938 0 0 0 0 1057 1457 60 42 0 8 0 0 1 0 15 0 4448 4 33531 52 0 14 2987 0 10129 0 
0 3 14 0 0 0 0 1 0 0 0 2121 0 36032 0 30555 1 86758 0 0 38645 144 150 0 6 41453 23445 2 0 0 310 0 41 0 1642 6862 2 2 30301 4448 0 2 0 3 8 0 0 1 9111 0 
0 0 0 0 0 0 0 0 5851 14 0 0 0 0 0 0 2 20 0 0 110 0 69 0 0 3076 0 0 0 42 0 2211 0 18923 17985 0 0 0 0 4 2 0 586 0 7 368 2 0 0 0 
1 0 0 163 0 0 27 6 133 0 0 0 2587 5866 227 98 49 0 0 10 0 1607 46 6 14375 6059 2309 235 5774 0 1740 1046 0 0 1 0 0 0 29736 33531 0 586 0 2 15 0 145 0 0 13 
25 7 0 0 0 0 90795 0 5 15157 0 0 0 5 612 0 69 25 1 0 23 0 1 0 0 0 10 0 0 0 1 0 0 0 7900 32 29 0 0 52 3 0 2 0 0 834 0 265 0 0 
48383 0 81459 0 0 1 4567 0 42373 0 275 1875 0 13 0 0 0 4634 0 115 286 21755 786 670 1280 0 48 1087 0 0 420 0 10 159 245 1 1245 8804 0 0 8 7 15 0 0 1 15381 0 2150 0 
622 0 0 3307 58635 113 0 1245 2878 0 16 0 0 1049 214 14024 23339 0 65205 2 0 13941 67 0 0 422 0 38 13 5209 47 253 0 0 0 1 0 27 572 14 0 368 0 834 1 0 0 0 0 2 
1114 24 0 0 0 15 8937 7 0 0 0 0 308 0 0 21746 0 0 0 654 19 0 18025 21 0 11391 87856 5745 0 1 0 44165 0 797 0 1 21 0 0 2987 0 2 145 0 15381 0 0 0 0 0 
172 0 13 13893 669 0 0 2863 0 0 0 638 113 0 0 170 0 0 0 0 0 0 0 0 0 0 10 0 0 17 0 0 284 69854 887 10 0 0 1 0 1 0 0 265 0 0 0 0 132 0 
0 0 0 0 0 0 0 3038 1448 0 0 0 0 1834 51613 0 0 0 0 0 84900 23 93619 4167 0 97 0 0 0 5485 0 1 0 2522 17220 0 0 0 3 10129 9111 0 0 0 2150 0 0 132 0 461 
0 24664 0 196 0 5563 0 2837 0 2 34375 0 0 45 0 41988 1723 0 100 2899 0 460 5 0 766 7 16618 874 82732 10 0 0 562 121 22 3942 21104 0 0 0 0 0 13 0 0 2 0 0 461 0 
0 0 132 43920 0 0 0 0 0 0 173 0 7762 0 2 43405 15834 27611 43744 0 37 1 1583 970 0 44168 7 24072 2163 37243 5 0 22 0 0 0 0 0 16342 66 2 16 0 0 0 0 0 0 2 61 
0 0 217 0 296 0 1 279 0 120 34708 30552 0 29591 0 0 17 0 91 159 7342 0 0 0 0 3399 0 7283 43 83109 0 0 3700 33 0 0 115 0 0 0 3 47 0 0 153 110 0 3370 146 0 
132 217 0 12793 59 0 0 5670 4 609 7 0 0 0 0 0 0 0 12698 27549 5530 9 9534 12 0 35 0 36258 0 9 1593 0 0 0 0 3 0 1159 0 0 0 6194 12780 12 0 737 9622 0 7845 0 
43920 0 12793 0 0 613 0 0 513 3 141 1 3338 0 0 0 76452 387 2715 21 0 0 11 0 104 0 0 0 7412 0 24468 1 0 9680 0 1 0 0 2 182 434 937 0 3037 48 0 4 0 128 0 
0 296 59 0 0 918 0 0 0 34415 0 17 557 0 0 0 1531 0 0 202 0 7166 0 499 2 26 6998 0 549 0 0 1 0 2 31956 19857 0 0 0 259 14 220 656 5519 78 0 2675 0 4 232 
0 0 0 613 918 0 163 0 2 0 15 0 0 0 0 139 0 0 0 1981 0 1106 0 45543 0 0 0 46576 0 81080 69308 0 0 0 0 31569 10664 238 0 0 1 4157 29 401 0 0 0 448 22 0 
0 1 0 0 0 163 0 317 20 0 2 719 2 0 0 3 2914 0 23982 0 29 3268 2 0 9 0 70791 0 7 1 0 0 0 39312 0 0 0 1 1 0 2 13 0 0 0 5 0 1649 16 1 
0 279 5670 0 0 0 317 0 0 0 1614 187 0 0 0 0 0 21889 1030 16 0 47539 7872 1 30801 16 0 0 0 0 0 0 1067 0 51 0 0 0 0 0 0 14 0 23 412 0 0 0 0 0 
0 0 4 513 0 2 20 0 0 17328 0 0 0 4107 1812 379 0 12938 3 0 1 1 177 790 0 7 10741 0 3 0 115 0 1776 10031 22 0 2 2 0 0 5851 0 0 2 0 0 2141 4166 0 5096 
0 120 609 3 34415 0 0 0 17328 0 0 2 0 0 0 0 94 0 2437 1 5170 25 5495 0 0 0 83862 9 0 17576 0 1233 93 0 0 0 0 831 195 0 99865 0 4 0 180 101 13 5 2316 24 
173 34708 7 141 0 15 2 1614 0 0 0 87 139 51 8 0 0 782 0 479 1 10918 0 0 0 15370 15 25235 0 0 0 652 0 10511 42754 139 0 2149 0 1 16651 955 17 0 0 0 1 0 3 0 
0 30552 0 1 17 0 719 187 0 2 87 0 2 50581 0 1738 1 178 6 0 0 0 5 0 0 80604 4 0 2610 0 1179 0 0 17977 0 0 0 71902 0 0 0 384 5267 2411 0 1010 21 0 18 55 
7762 0 0 3338 557 0 2 0 0 0 139 2 0 4603 66048 8568 1 624 0 0 0 0 25828 0 86 0 0 790 1044 0 0 0 6 0 6 0 102 19 0 9770 10436 10 0 15 70803 0 0 0 5934 6918 
0 29591 0 0 0 0 0 0 4107 0 51 50581 4603 0 3 13 224 0 0 17101 0 0 0 376 11 80 0 1 1498 0 0 6 0 2 135 0 0 0 80 3369 0 2453 0 0 0 0 16860 61 0 0 
2 0 0 0 0 0 0 0 1812 0 8 0 66048 3 0 32 0 0 0 0 851 0 0 0 1747 216 36295 0 202 0 0 0 0 0 1 0 0 865 27 0 7752 22 0 0 3 0 163 12 0 50722 
43405 0 0 0 0 139 3 0 379 0 0 1738 8568 13 32 0 0 0 0 5303 0 0 0 35 93 0 0 72520 101 0 688 0 0 0 6 0 317 4315 0 8629 0 31563 0 3 8231 0 0 0 4252 0 
15834 17 0 76452 1531 0 2914 0 0 94 0 1 1 224 0 0 0 0 6 0 0 37 0 454 0 16013 0 19 0 0 0 120 201 7925 0 2045 7743 1 775 0 0 0 0 0 5650 0 2 64 1 0 
27611 0 0 387 0 0 0 21889 12938 0 782 178 624 0 0 0 0 0 0 0 14 0 21 7545 0 7593 29 0 9645 0 0 0 40265 23 0 0 12028 11 2 25281 0 0 246 0 0 5295 101 3 20 50501 
43744 91 12698 2715 0 0 23982 1030 3 2437 0 6 0 0 0 0 6 0 0 0 3539 0 0 0 0 0 0 0 0 85 0 0 55622 150 0 82 55 9 0 0 631 37 37 0 9 0 65 98 9138 0 
0 159 27549 21 202 1981 0 16 0 1 479 0 0 17101 0 5303 0 0 0 0 0 136 0 0 141 46 67239 61708 20165 76335 0 0 596 0 1783 137 25510 1578 0 0 6898 2 0 1301 0 4 0 2 23985 0 
37 7342 5530 0 0 0 29 0 1 5170 1 0 0 0 851 0 0 14 3539 0 0 607 0 10642 1408 256 0 0 0 0 41 0 0 36698 133 255 0 1173 0 26 0 0 0 0 0 99 0 88 0 15209 
1 0 9 0 7166 1106 3268 47539 1 25 10918 0 0 0 0 0 37 0 0 136 607 0 107 3 18 0 0 90 19 61978 0 0 0 0 1057 0 0 52410 0 0 0 16250 0 1180 0 0 9913 2 0 0 
1583 0 9534 11 0 0 2 7872 177 5495 0 5 25828 0 0 0 0 21 0 0 0 107 0 4893 143 0 60 37 8 0 0 4 0 23264 4814 0 0 0 20585 12 0 0 0 0 0 0 0 26228 0 0 
970 0 12 0 499 45543 0 1 790 0 0 0 0 376 0 35 454 7545 0 0 10642 3 4893 0 41700 418 0 0 0 3 5 0 6 0 0 0 124 0 0 0 13 8 0 6551 0 78362 0 6 0 8 
0 0 0 104 2 0 9 30801 0 0 0 0 86 11 1747 93 0 0 0 141 1408 18 143 41700 0 0 5154 3264 4351 0 5 115 69 152 0 191 0 2 2921 45 0 2356 0 162 0 194 66978 26 1208 0 
44168 3399 35 0 26 0 0 16 7 0 15370 80604 0 80 216 0 16013 7593 0 46 256 0 0 418 0 0 27525 7690 0 9 0 0 0 10747 6218 128 0 8 1013 11749 0 0 0 6 1 0 0 74003 0 0 
7 0 0 0 6998 0 70791 0 10741 83862 15 4 0 0 36295 0 0 29 0 67239 0 0 60 0 5154 27525 0 13 1359 0 12 0 0 0 63 0 3926 767 0 192 0 20 0 0 0 12 0 0 257 0 
24072 7283 36258 0 0 46576 0 0 0 9 25235 0 790 1 0 72520 19 0 0 61708 0 90 37 0 3264 7690 13 0 78382 28582 0 9 64 0 0 14 0 0 89 30339 0 123 0 2023 0 0 0 12 139 0 
2163 43 0 7412 549 0 7 0 3 0 0 2610 1044 1498 202 101 0 9645 0 20165 0 19 8 0 4351 0 1359 78382 0 0 49812 0 0 0 568 60259 538 1 0 0 84 274 0 1 802 0 92 2528 11456 0 
37243 83109 9 0 0 81080 1 0 0 17576 0 0 0 0 0 0 0 0 85 76335 0 61978 0 3 0 9 0 28582 0 0 0 0 49810 0 0 0 1494 0 1216 0 139 0 2 38659 74525 0 4 0 0 1 
5 0 1593 24468 0 69308 0 0 115 0 0 1179 0 0 0 688 0 0 0 0 41 0 0 5 5 0 12 0 49812 0 0 16 0 26 559 0 108 0 107 0 0 1 0 0 0 1 1 48306 72648 5 
0 0 0 1 1 0 0 0 0 1233 652 0 0 6 0 0 120 0 0 0 0 0 4 0 115 0 0 9 0 0 16 0 0 79635 0 10522 1 0 0 0 3403 0 0 151 2 0 0 5 0 3172 
22 3700 0 0 0 0 0 1067 1776 93 0 0 6 0 0 0 201 40265 55622 596 0 0 0 6 69 0 0 64 0 49810 0 0 0 0 31 44090 1 0 0 3 0 62396 7696 12 0 6418 939 0 106 0 
0 33 0 9680 2 0 39312 0 10031 0 10511 17977 0 2 0 0 7925 23 150 0 36698 0 23264 0 152 10747 0 0 0 0 26 79635 0 0 378 0 0 226 15332 0 1983 0 4337 3 0 96 0 0 0 0 
0 0 0 0 31956 0 0 51 22 0 42754 0 6 135 1 6 0 0 0 1783 133 1057 4814 0 0 6218 63 0 568 0 559 0 31 378 0 0 220 0 0 61749 0 0 0 0 0 308 5037 0 0 0 
0 0 3 1 19857 31569 0 0 0 0 139 0 0 0 0 0 2045 0 82 137 255 0 0 0 191 128 0 14 60259 0 0 10522 44090 0 0 0 0 8753 33737 125 0 2 163 0 0 0 1 0 1855 0 
0 115 0 0 0 10664 0 0 2 0 0 0 102 0 0 317 7743 12028 55 25510 0 0 0 124 0 0 3926 0 538 1494 108 1 1 0 220 0 0 185 16806 0 3 7045 3 0 0 51091 0 326 55488 0 
0 0 1159 0 0 238 1 0 2 831 2149 71902 19 0 865 4315 1 11 9 1578 1173 52410 0 0 2 8 767 0 1 0 0 0 0 226 0 8753 185 0 7616 134 0 3294 2 77152 0 0 2637 2643 52 2038 
16342 0 0 2 0 0 1 0 0 195 0 0 0 80 27 0 775 2 0 0 0 0 20585 0 2921 1013 0 89 0 1216 107 0 0 15332 0 33737 16806 7616 0 0 0 7846 0 100 0 0 1522 0 0 6 
66 0 0 182 259 0 0 0 0 0 1 0 9770 3369 0 8629 0 25281 0 0 26 0 12 0 45 11749 192 30339 0 0 0 0 3 0 61749 125 0 134 0 0 0 8 0 0 1406 0 0 4233 0 22853 
2 3 0 434 14 1 2 0 5851 99865 16651 0 10436 0 7752 0 0 0 631 6898 0 0 0 13 0 0 0 0 84 139 0 3403 0 1983 0 0 3 0 0 0 0 0 45510 0 0 2586 3 0 0 85 
16 47 6194 937 220 4157 13 14 0 0 955 384 10 2453 22 31563 0 0 37 2 0 16250 0 8 2356 0 20 123 274 0 1 0 62396 0 0 2 7045 3294 7846 8 0 0 0 616 0 0 1 49463 564 3860 
0 0 12780 0 656 29 0 0 0 4 17 5267 0 0 0 0 0 246 37 0 0 0 0 0 0 0 0 0 0 2 0 0 7696 4337 0 163 3 2 0 0 45510 0 0 0 0 9675 0 7 196 0 
0 0 12 3037 5519 401 0 23 2 0 0 2411 15 0 0 3 0 0 0 1301 0 1180 0 6551 162 6 0 2023 1 38659 0 151 12 3 0 0 0 77152 100 0 0 616 0 0 1835 0 108 0 3 83 
0 153 0 48 78 0 0 412 0 180 0 0 70803 0 3 8231 5650 0 9 0 0 0 0 0 0 1 0 0 802 74525 0 2 0 0 0 0 0 0 0 1406 0 0 0 1835 0 0 0 401 0 14 
0 110 737 0 0 0 5 0 0 101 0 1010 0 0 0 0 0 5295 0 4 99 0 0 78362 194 0 12 0 0 0 1 0 6418 96 308 0 51091 0 0 0 2586 0 9675 0 0 0 1 1237 2594 0 
0 0 9622 4 2675 0 0 0 2141 13 1 21 0 16860 163 0 2 101 65 0 0 9913 0 0 66978 0 0 0 92 4 1 0 939 0 5037 1 0 2637 1522 0 3 1 0 108 0 1 0 1582 29 281 
0 3370 0 0 0 448 1649 0 4166 5 0 0 0 61 12 0 64 3 98 2 88 2 26228 6 26 74003 0 12 2528 0 48306 5 0 0 0 0 326 2643 0 4233 0 49463 7 0 401 1237 1582 0 0 8969 
2 146 7845 128 4 22 16 0 0 2316 3 18 5934 0 0 4252 1 20 9138 23985 0 0 0 0 1208 0 257 139 11456 0 72648 0 106 0 0 1855 55488 52 0 0 0 564 196 3 0 2594 29 0 0 0 
61 0 0 0 232 0 1 0 5096 24 0 55 6918 0 50722 0 0 50501 0 0 15209 0 0 8 0 0 0 0 0 1 5 3172 0 0 0 0 0 2038 6 22853 85 3860 0 83 14 0 281 8969 0 0 
