50 3
0 46 118 40 96 98 46 64 2 33 36 47 55 9 108 78 35 54 61 95 45 105 61 79 70 72 108 28 39 45 38 87 44 18 35 31 32 15 62 109 41 45 37 61 89 27 39 29 62 61 
46 0 88 10 53 127 3 66 48 60 37 19 78 48 107 43 36 50 104 90 43 84 63 35 92 25 124 21 29 63 42 51 30 53 36 49 49 33 99 116 43 28 60 98 101 30 35 74 67 104 
118 88 0 85 53 137 85 71 120 144 83 106 102 125 70 117 84 138 148 59 75 25 72 92 105 80 111 92 78 92 82 118 118 110 84 135 94 113 133 90 80 73 99 135 92 90 79 133 76 148 
40 10 85 0 56 117 8 56 42 59 26 26 68 43 98 54 26 55 95 82 33 79 53 44 82 34 114 12 19 52 32 61 35 44 26 50 39 29 89 107 32 19 50 89 91 20 25 66 58 95 
96 53 53 56 0 154 51 82 98 112 71 66 108 100 106 67 71 96 146 90 69 65 81 42 118 33 138 68 62 93 74 66 78 97 71 102 86 85 136 122 73 57 95 137 116 72 68 121 86 146 
98 127 137 117 154 0 125 72 99 127 90 138 49 106 75 170 91 153 52 79 87 112 73 161 36 148 37 107 99 64 85 178 140 81 91 129 77 111 38 58 86 103 67 41 45 97 92 77 68 52 
46 3 85 8 51 125 0 63 48 61 34 22 76 49 104 46 34 53 103 87 40 81 60 36 90 26 122 20 27 60 40 53 33 52 34 51 48 34 98 113 40 25 58 97 99 28 33 73 65 103 
64 66 71 56 82 72 63 0 66 97 32 83 30 73 44 110 33 107 76 31 23 50 3 95 36 81 59 52 37 22 27 116 89 48 33 92 32 67 61 50 26 38 31 63 36 44 32 68 4 76 
2 48 120 42 98 99 48 66 0 32 38 48 56 7 110 78 37 54 61 97 47 107 63 81 71 74 110 30 42 47 41 88 44 19 37 30 34 16 62 110 43 47 38 61 91 29 41 28 64 61 
33 60 144 59 112 127 61 97 32 0 67 48 88 24 142 71 66 34 83 128 77 134 94 83 103 82 141 52 68 79 71 81 38 51 66 10 65 31 89 143 73 72 71 87 123 56 69 50 95 83 
36 37 83 26 71 90 34 32 38 67 0 51 41 44 77 80 1 75 74 61 10 68 29 70 55 58 88 20 9 26 5 88 57 27 1 61 15 36 66 82 6 14 25 66 65 11 3 52 32 74 
47 19 106 26 66 138 22 83 48 48 51 0 90 45 125 31 50 31 108 109 59 103 80 35 105 34 140 31 46 76 57 41 12 59 50 37 61 32 107 133 58 46 71 106 117 41 51 76 84 108 
55 78 102 68 108 49 76 30 56 88 41 90 0 63 62 121 41 107 46 54 39 80 29 112 15 99 53 58 50 15 36 129 93 36 41 86 28 65 31 57 36 54 19 33 36 48 43 46 26 46 
9 48 125 43 100 106 49 73 7 24 44 45 63 0 117 75 43 47 66 104 53 112 70 79 79 73 117 33 47 54 47 85 40 27 43 23 41 14 69 118 49 51 46 67 98 34 46 32 71 66 
108 107 70 98 106 75 104 44 110 142 77 125 62 117 0 149 78 152 105 17 67 45 48 131 55 116 42 96 80 64 72 155 133 92 78 137 76 112 87 20 70 79 73 90 31 88 76 107 46 105 
78 43 117 54 67 170 46 110 78 71 80 31 121 75 149 0 80 40 140 132 87 120 107 25 135 36 168 62 73 106 86 10 35 91 80 61 92 63 138 160 86 72 102 137 145 72 79 107 111 140 
35 36 84 26 71 91 34 33 37 66 1 50 41 43 78 80 0 74 74 62 11 69 30 70 55 58 89 19 9 26 6 87 56 27 0 60 15 35 66 83 7 14 25 66 66 10 4 51 33 74 
54 50 138 55 96 153 53 107 54 34 75 31 107 47 152 40 74 0 113 136 84 134 104 59 123 63 160 55 72 95 80 50 20 72 74 26 80 42 117 157 81 73 89 115 139 63 75 80 107 113 
61 104 148 95 146 52 103 76 61 83 74 108 46 66 105 140 74 113 0 100 77 126 75 139 50 129 81 83 83 56 71 149 106 51 74 87 59 76 18 94 73 88 51 15 74 75 77 33 72 0 
95 90 59 82 90 79 87 31 97 128 61 109 54 104 17 132 62 136 100 0 52 34 34 114 51 99 52 81 64 52 57 138 117 79 62 123 63 98 83 32 55 63 61 85 33 73 60 97 33 100 
45 43 75 33 69 87 40 23 47 77 10 59 39 53 67 87 11 84 77 52 0 59 20 74 51 61 81 29 13 24 7 94 66 35 11 71 19 46 67 74 5 15 26 67 58 21 8 58 24 77 
105 84 25 79 65 112 81 50 107 134 68 103 80 112 45 120 69 134 126 34 59 0 51 98 81 84 86 82 66 72 66 123 114 93 69 127 77 102 111 65 64 62 80 113 67 78 66 116 54 126 
61 63 72 53 81 73 60 3 63 94 29 80 29 70 48 107 30 104 75 34 20 51 0 93 37 79 61 49 34 20 24 114 86 45 30 89 29 64 61 53 22 35 29 62 38 40 29 65 5 75 
79 35 92 44 42 161 36 95 81 83 70 35 112 79 131 25 70 59 139 114 74 98 93 0 125 14 155 56 62 96 75 25 45 88 70 72 84 65 134 143 75 59 95 134 132 65 68 108 98 139 
70 92 105 82 118 36 90 36 71 103 55 105 15 79 55 135 55 123 50 51 51 81 37 125 0 112 38 73 63 29 50 143 108 52 55 102 44 80 32 45 50 67 34 35 24 63 57 58 32 50 
72 25 80 34 33 148 26 81 74 82 58 34 99 73 116 36 58 63 129 99 61 84 79 14 112 0 140 46 49 83 63 39 45 78 58 71 72 59 123 129 62 45 83 123 117 54 55 100 84 129 
108 124 111 114 138 37 122 59 110 141 88 140 53 117 42 168 89 160 81 52 81 86 61 155 38 140 0 108 95 65 82 175 144 90 89 140 80 118 64 22 82 97 71 67 23 98 89 96 57 81 
28 21 92 12 68 107 20 52 30 52 20 31 58 33 96 62 19 55 83 81 29 82 49 56 73 46 108 0 17 44 25 70 37 32 19 44 30 20 78 102 26 20 40 77 86 10 20 54 53 83 
39 29 78 19 62 99 27 37 42 68 9 46 50 47 80 73 9 72 83 64 13 66 34 62 63 49 95 17 0 34 13 81 53 34 9 61 24 36 75 87 13 5 34 75 72 12 6 59 38 83 
45 63 92 52 93 64 60 22 47 79 26 76 15 54 64 106 26 95 56 52 24 72 20 96 29 83 65 44 34 0 20 114 79 28 26 76 15 53 43 63 21 38 9 44 44 34 28 45 19 56 
38 42 82 32 74 85 40 27 41 71 5 57 36 47 72 86 6 80 71 57 7 66 24 75 50 63 82 25 13 20 0 94 62 27 6 65 12 40 62 77 2 18 21 62 60 16 7 51 27 71 
87 51 118 61 66 178 53 116 88 81 88 41 129 85 155 10 87 50 149 138 94 123 114 25 143 39 175 70 81 114 94 0 45 100 87 71 100 72 148 166 94 78 110 147 152 80 87 116 118 149 
44 30 118 35 78 140 33 89 44 38 57 12 93 40 133 35 56 20 106 117 66 114 86 45 108 45 144 37 53 79 62 45 0 59 56 27 65 29 106 139 64 54 74 105 123 46 57 73 90 106 
18 53 110 44 97 81 52 48 19 51 27 59 36 27 92 91 27 72 51 79 35 93 45 88 52 78 90 32 34 28 27 100 59 0 27 50 17 30 47 91 30 40 19 46 71 25 31 24 46 51 
35 36 84 26 71 91 34 33 37 66 1 50 41 43 78 80 0 74 74 62 11 69 30 70 55 58 89 19 9 26 6 87 56 27 0 60 15 35 66 83 7 14 25 66 66 10 4 51 33 74 
31 49 135 50 102 129 51 92 30 10 61 37 86 23 137 61 60 26 87 123 71 127 89 72 102 71 140 44 61 76 65 71 27 50 60 0 62 25 92 140 67 64 68 90 120 50 63 54 91 87 
32 49 94 39 86 77 48 32 34 65 15 61 28 41 76 92 15 80 59 63 19 77 29 84 44 72 80 30 24 15 12 100 65 17 15 62 0 38 51 77 14 29 10 51 59 20 18 39 30 59 
15 33 113 29 85 111 34 67 16 31 36 32 65 14 112 63 35 42 76 98 46 102 64 65 80 59 118 20 36 53 40 72 29 30 35 25 38 0 76 116 42 40 46 75 97 25 38 44 67 76 
62 99 133 89 136 38 98 61 62 89 66 107 31 69 87 138 66 117 18 83 67 111 61 134 32 123 64 78 75 43 62 148 106 47 66 92 51 76 0 76 63 80 41 3 56 69 69 39 57 18 
109 116 90 107 122 58 113 50 110 143 82 133 57 118 20 160 83 157 94 32 74 65 53 143 45 129 22 102 87 63 77 166 139 91 83 140 77 116 76 0 75 88 72 79 21 93 82 103 49 94 
41 43 80 32 73 86 40 26 43 73 6 58 36 49 70 86 7 81 73 55 5 64 22 75 50 62 82 26 13 21 2 94 64 30 7 67 14 42 63 75 0 17 22 63 59 18 7 53 26 73 
45 28 73 19 57 103 25 38 47 72 14 46 54 51 79 72 14 73 88 63 15 62 35 59 67 45 97 20 5 38 18 78 54 40 14 64 29 40 80 88 17 0 39 80 73 17 11 65 39 88 
37 60 99 50 95 67 58 31 38 71 25 71 19 46 73 102 25 89 51 61 26 80 29 95 34 83 71 40 34 9 21 110 74 19 25 68 10 46 41 72 22 39 0 41 52 30 28 36 28 51 
61 98 135 89 137 41 97 63 61 87 66 106 33 67 90 137 66 115 15 85 67 113 62 134 35 123 67 77 75 44 62 147 105 46 66 90 51 75 3 79 63 80 41 0 59 69 69 36 59 15 
89 101 92 91 116 45 99 36 91 123 65 117 36 98 31 145 66 139 74 33 58 67 38 132 24 117 23 86 72 44 60 152 123 71 66 120 59 97 56 21 59 73 52 59 0 76 66 82 34 74 
27 30 90 20 72 97 28 44 29 56 11 41 48 34 88 72 10 63 75 73 21 78 40 65 63 54 98 10 12 34 16 80 46 25 10 50 20 25 69 93 18 17 30 69 76 0 13 48 43 75 
39 35 79 25 68 92 33 32 41 69 3 51 43 46 76 79 4 75 77 60 8 66 29 68 57 55 89 20 6 28 7 87 57 31 4 63 18 38 69 82 7 11 28 69 66 13 0 55 32 77 
29 74 133 66 121 77 73 68 28 50 52 76 46 32 107 107 51 80 33 97 58 116 65 108 58 100 96 54 59 45 51 116 73 24 51 54 39 44 39 103 53 65 36 36 82 48 55 0 64 33 
62 67 76 58 86 68 65 4 64 95 32 84 26 71 46 111 33 107 72 33 24 54 5 98 32 84 57 53 38 19 27 118 90 46 33 91 30 67 57 49 26 39 28 59 34 43 32 64 0 72 
61 104 148 95 146 52 103 76 61 83 74 108 46 66 105 140 74 113 0 100 77 126 75 139 50 129 81 83 83 56 71 149 106 51 74 87 59 76 18 94 73 88 51 15 74 75 77 33 72 0 
0 10 20 144 3 176 0 1 232 0 0 1546 0 0 0 0 1 0 9 0 46 0 14695 2056 0 5197 237 10 30743 94298 150 5 3901 3 0 83221 6820 339 3597 0 26 0 67449 0 49 0 94 0 0 0 
10 0 6194 0 5159 0 1485 0 26 2410 0 0 2 0 0 48 0 88 0 1 2667 12 0 47092 31 32 0 0 0 0 87595 0 0 2042 1405 0 1 23596 0 991 18 108 0 0 260 0 0 0 0 0 
20 6194 0 20232 21893 0 0 3 4744 1176 1 153 48717 0 13051 0 0 42920 7130 0 0 1173 1 7 0 19 0 182 0 0 1034 1554 0 0 50 65 12658 10 0 228 0 7890 1702 0 0 0 14097 1650 0 26 
144 0 20232 0 35 0 0 73641 11 2 0 12071 7199 0 0 23 0 6069 0 781 0 9 41 72 59550 37 1 2 0 1 0 37244 11 1 0 434 0 0 16276 912 2 0 3635 0 0 0 4 0 0 0 
3 5159 21893 35 0 30 0 20 0 0 0 34 5 0 1292 2628 6 603 116 27 29 0 259 0 2027 1 0 48 0 0 0 0 0 737 0 3 0 10042 0 29 5557 0 0 73 0 10894 0 124 0 2 
176 0 0 0 30 0 0 50085 5 0 29 79 317 0 1 0 0 0 738 0 12335 2 622 0 172 0 9730 32 9426 2 0 0 81848 19861 0 56232 0 1 0 0 3586 0 2 784 275 0 1538 0 0 0 
0 1485 0 0 0 0 0 1 205 0 0 0 875 0 34 0 3231 0 29 3 0 50 19447 0 482 0 0 9 512 0 0 0 22 0 3045 2 2294 66 0 1153 0 0 4177 5279 0 30 6 0 71804 0 
1 0 3 73641 20 50085 1 0 22 0 12 1281 539 0 4952 0 2173 0 429 1 0 0 1422 5 0 0 0 62 4 0 4 0 2567 6 93 1 0 0 2254 21 242 197 3 0 2 0 50781 0 3 0 
232 26 4744 11 0 5 205 22 0 0 12 35665 9076 35 0 0 0 0 0 0 0 3 42359 70913 157 0 7513 0 0 0 0 0 0 7733 0 0 50 0 0 0 0 46 0 1 107 0 1 0 210 2943 
0 2410 1176 2 0 0 0 0 0 0 0 26151 1 0 0 0 0 176 252 0 0 0 483 2675 0 0 0 0 0 0 0 0 0 0 10 1 1484 1503 0 0 0 3 160 0 47827 18 22 4 0 0 
0 0 1 0 0 29 0 12 12 0 0 0 458 44 38 0 5834 82458 3331 152 94 0 0 0 0 0 0 0 0 567 13944 4818 0 0 0 2058 9447 0 0 0 0 0 0 2 470 0 0 0 0 203 
1546 0 153 12071 34 79 0 1281 35665 26151 0 0 0 0 0 0 0 88 1250 0 3 1 0 0 1 14520 12 22058 155 0 0 49114 0 0 0 13 26 13 892 0 77248 0 1 31 0 2 0 0 3270 3781 
0 2 48717 7199 5 317 875 539 9076 1 458 0 0 0 0 0 0 0 0 0 6627 0 0 0 0 3 0 99455 0 0 0 0 61437 21 3 23 0 0 15882 28893 0 0 99082 0 0 89876 125 1458 0 346 
0 0 0 0 0 0 0 0 35 0 44 0 0 0 6 0 0 10 140 0 0 0 677 0 0 0 0 5226 0 0 0 41 84 4 2 0 0 0 0 8974 0 0 0 0 0 0 0 6837 11 1 
0 0 13051 0 1292 1 34 4952 0 0 38 0 0 6 0 19 0 0 46 295 1897 17376 6335 51 10 4 0 13847 2413 0 13023 0 0 1565 0 10 2298 0 4315 48 510 0 18044 0 0 183 0 1237 0 0 
0 48 0 23 2628 0 0 0 0 0 0 0 0 0 19 0 0 125 28 0 0 0 12224 42 0 110 0 4441 26 0 0 2043 0 0 68893 226 81 456 2243 6 0 0 0 0 0 0 10 0 0 0 
1 0 0 0 6 0 3231 2173 0 0 5834 0 0 0 0 0 0 0 19 0 7 0 52284 7 93164 0 1686 0 0 3 7082 1119 1 0 3574 535 50 195 15 11088 0 0 0 0 0 17 0 0 81567 0 
0 88 42920 6069 603 0 0 0 0 176 82458 88 0 10 0 125 0 0 0 16 33178 10 0 0 4681 0 144 221 29566 1 0 173 35085 519 20 0 453 0 0 625 6 23951 13121 3604 0 28805 0 35267 0 0 
9 0 7130 0 116 738 29 429 0 252 3331 1250 0 140 46 28 19 0 0 12645 0 0 2 389 6 4443 0 0 26139 0 10 0 6367 0 10 86848 11 1 184 0 671 1842 0 124 773 0 0 0 8 30847 
0 1 0 781 27 0 3 1 0 0 152 0 0 0 295 0 0 16 12645 0 1 72239 336 0 0 0 12906 0 59 7275 0 43 0 15323 5 714 149 0 25 0 0 10 0 0 0 2401 64 3455 69 0 
46 2667 0 0 29 12335 0 0 0 0 94 3 6627 0 1897 0 7 33178 0 1 0 530 0 0 2 809 4792 0 0 12 14 17 0 1 0 0 1226 44 0 0 92254 0 25538 3355 43 733 4384 0 0 0 
0 12 1173 9 0 2 50 0 3 0 0 1 0 0 17376 0 0 10 0 72239 530 0 5 0 210 888 0 1390 131 0 3 2 9 9 133 0 7 470 90832 3 197 65492 0 10 3413 0 2033 0 83615 0 
14695 0 1 41 259 622 19447 1422 42359 483 0 0 0 677 6335 12224 52284 0 2 336 0 5 0 0 0 0 945 32 0 0 6 0 0 0 165 15477 0 18 1392 0 30050 0 40573 84 0 2304 598 0 82 316 
2056 47092 7 72 0 0 0 5 70913 2675 0 0 0 0 51 42 7 0 389 0 0 0 0 0 134 130 0 6475 0 2 74305 47 1778 0 21417 0 0 1 4334 47142 28 9 3428 1 0 1199 0 0 12112 0 
0 31 0 59550 2027 172 482 0 157 0 0 1 0 0 10 0 93164 4681 6 0 2 210 0 134 0 0 1 0 0 11 0 13 0 0 0 7509 63 8 0 0 0 5172 56921 0 4962 0 0 0 6 1 
5197 32 19 37 1 0 0 0 0 0 0 14520 3 0 4 110 0 0 4443 0 809 888 0 130 0 0 391 4 2207 0 13718 2321 0 0 42818 0 10719 0 0 0 0 1 0 0 15436 39 14 0 0 33820 
237 0 0 1 0 9730 0 0 7513 0 0 12 0 0 0 0 1686 144 0 12906 4792 0 945 0 1 391 0 0 0 0 4 0 19 0 0 22 31 2775 10 0 77 0 0 22271 0 12798 0 0 1 0 
10 0 182 2 48 32 9 62 0 0 0 22058 99455 5226 13847 4441 0 221 0 0 0 1390 32 6475 0 4 0 0 0 0 2077 0 0 84056 0 0 6 6 5 1 726 3108 15654 27 7 0 34858 12 0 49322 
30743 0 0 0 0 9426 512 4 0 0 0 155 0 0 2413 26 0 29566 26139 59 0 131 0 0 0 2207 0 0 0 1043 7480 0 4977 60293 0 1 0 171 53601 114 21 3209 1209 53918 188 1 0 55 12 8 
94298 0 0 1 0 2 0 0 0 0 567 0 0 0 0 0 3 1 0 7275 12 0 0 2 11 0 0 0 1043 0 32 0 4977 204 569 0 2602 162 71 0 47 81 0 0 0 33396 0 0 31 119 
150 87595 1034 0 0 0 0 4 0 0 13944 0 0 0 13023 0 7082 0 10 0 14 3 6 74305 0 13718 4 2077 7480 32 0 12 0 0 324 16 0 238 0 26 0 0 570 0 41 0 0 5 0 1 
5 0 1554 37244 0 0 0 0 0 0 4818 49114 0 41 0 2043 1119 173 0 43 17 2 0 47 13 2321 0 0 0 0 12 0 525 4003 62642 0 61560 33 0 0 56 111 0 7659 2440 2819 16 0 32 1 
3901 0 0 11 0 81848 22 2567 0 0 0 0 61437 84 0 0 1 35085 6367 0 0 9 0 1778 0 0 19 0 4977 4977 0 525 0 1 161 0 117 0 0 193 0 25 75 6831 35940 0 59095 747 43521 6 
3 2042 0 1 737 19861 0 6 7733 0 0 0 21 4 1565 0 0 519 0 15323 1 9 0 0 0 0 0 84056 60293 204 0 4003 1 0 51 0 11 130 0 119 0 5 525 1 0 4 0 0 26 0 
0 1405 50 0 0 0 3045 93 0 10 0 0 3 2 0 68893 3574 20 10 5 0 133 165 21417 0 42818 0 0 0 569 324 62642 161 51 0 0 0 326 0 0 19801 0 0 0 2 26924 904 4 2886 0 
83221 0 65 434 3 56232 2 1 0 1 2058 13 23 0 10 226 535 0 86848 714 0 0 15477 0 7509 0 22 0 1 0 16 0 0 0 0 0 0 0 0 76 0 51980 0 0 400 0 10 71381 99579 3 
6820 1 12658 0 0 0 2294 0 50 1484 9447 26 0 0 2298 81 50 453 11 149 1226 7 0 0 63 10719 31 6 0 2602 0 61560 117 11 0 0 0 0 6122 0 475 0 0 0 0 26 1075 0 0 98 
339 23596 10 0 10042 1 66 0 0 1503 0 13 0 0 0 456 195 0 1 0 44 470 18 1 8 0 2775 6 171 162 238 33 0 130 326 0 0 0 38009 0 215 0 5 8870 26 21 0 0 523 3 
3597 0 0 16276 0 0 0 2254 0 0 0 892 15882 0 4315 2243 15 0 184 25 0 90832 1392 4334 0 0 10 5 53601 71 0 0 0 0 0 0 6122 38009 0 37896 0 0 20365 0 541 0 0 2582 39 0 
0 991 228 912 29 0 1153 21 0 0 0 0 28893 8974 48 6 11088 625 0 0 0 3 0 47142 0 0 0 1 114 0 26 0 193 119 0 76 0 0 37896 0 20582 0 0 0 0 35818 4 94544 0 5412 
26 18 0 2 5557 3586 0 242 0 0 0 77248 0 0 510 0 0 6 671 0 92254 197 30050 28 0 0 77 726 21 47 0 56 0 0 19801 0 475 215 0 20582 0 4526 1 31 0 5 0 51 24 422 
0 108 7890 0 0 0 0 197 46 3 0 0 0 0 0 0 0 23951 1842 10 0 65492 0 9 5172 1 0 3108 3209 81 0 111 25 5 0 51980 0 0 0 0 4526 0 2 8 6 72559 0 5 0 0 
67449 0 1702 3635 0 2 4177 3 0 160 0 1 99082 0 18044 0 0 13121 0 0 25538 0 40573 3428 56921 0 0 15654 1209 0 570 0 75 525 0 0 0 5 20365 0 1 2 0 0 3439 30432 41599 0 0 0 
0 0 0 0 73 784 5279 0 1 0 2 31 0 0 0 0 0 3604 124 0 3355 10 84 1 0 0 22271 27 53918 0 0 7659 6831 1 0 0 0 8870 0 0 31 8 0 0 0 28 757 0 138 0 
49 260 0 0 0 275 0 2 107 47827 470 0 0 0 0 0 0 0 773 0 43 3413 0 0 4962 15436 0 7 188 0 41 2440 35940 0 2 400 0 26 541 0 0 6 3439 0 0 45 0 1725 7827 0 
0 0 0 0 10894 0 30 0 0 18 0 2 89876 0 183 0 17 28805 0 2401 733 0 2304 1199 0 39 12798 0 1 33396 0 2819 0 4 26924 0 26 21 0 35818 5 72559 30432 28 45 0 0 26192 3 0 
94 0 14097 4 0 1538 6 50781 1 22 0 0 125 0 0 10 0 0 0 64 4384 2033 598 0 0 14 0 34858 0 0 0 16 59095 0 904 10 1075 0 0 4 0 0 41599 757 0 0 0 0 0 0 
0 0 1650 0 124 0 0 0 0 4 0 0 1458 6837 1237 0 0 35267 0 3455 0 0 0 0 0 0 0 12 55 0 5 0 747 0 4 71381 0 0 2582 94544 51 5 0 0 1725 26192 0 0 5610 86230 
0 0 0 0 0 0 71804 3 210 0 0 3270 0 11 0 0 81567 0 8 69 0 83615 82 12112 6 0 1 0 12 31 0 32 43521 26 2886 99579 0 523 39 0 24 0 0 138 7827 3 0 5610 0 10 
0 0 26 0 2 0 0 0 2943 0 203 3781 346 1 0 0 0 0 30847 0 0 0 316 0 1 33820 0 49322 8 119 1 1 6 0 0 3 98 3 0 5412 422 0 0 0 0 0 0 86230 10 0 
0 44 13 585 0 0 2 0 3529 15 9531 0 0 7 2 3 0 0 1 0 3 0 2955 0 47270 0 807 156 12336 28788 0 2 130 0 0 0 9623 419 2694 0 0 0 0 0 121 15 0 134 0 0 
44 0 0 30059 1233 0 1241 38 5 0 0 1 0 973 0 2 0 0 0 0 0 0 0 13112 264 98 0 0 117 1103 84490 22545 97019 0 72986 0 2 0 0 0 0 0 18 2 0 57651 0 0 0 5 
13 0 0 0 151 7 0 16 15825 848 5 0 2408 2 0 2 100 0 5117 0 2 0 0 26 0 8983 0 51175 0 0 394 0 97123 0 0 15 14712 30 2467 0 3 1037 594 0 14 0 0 1285 1 292 
585 30059 0 0 0 27432 0 0 159 0 4619 0 633 0 4268 0 0 0 0 0 52 0 0 42 0 0 0 0 0 0 7 30003 0 0 0 0 105 92669 0 62250 0 0 0 21 0 0 0 0 0 0 
0 1233 151 0 0 0 0 7 54089 3 17 0 3 28 4316 0 0 0 0 0 0 12764 381 21 23059 0 0 0 2010 0 34 67 141 65 4 0 0 93847 99 0 1646 0 1443 0 0 0 5759 206 45 0 
0 0 7 27432 0 0 6 13352 1 0 2 31 10433 14995 2 0 9561 0 303 37 0 15 0 2 0 18623 11548 0 35550 1 44094 27939 0 5344 365 0 0 4 315 10 0 227 0 212 0 0 0 91040 10 1504 
2 1241 0 0 0 6 0 0 2189 2 6082 0 0 0 0 0 0 98153 0 0 110 2 0 0 0 53569 0 0 68425 0 18 5 9 0 620 0 0 0 0 2653 92 1 30581 62027 3581 224 7 0 49688 110 
0 38 16 0 7 13352 0 0 0 0 0 70 3509 6770 56275 0 3 474 7 140 25 17354 0 0 54 0 7 37 0 19106 0 2 0 0 0 0 0 0 0 223 0 0 0 0 0 7851 29857 3 0 2 
3529 5 15825 159 54089 1 2189 0 0 0 1 43603 0 0 2 0 13 25 8 1813 0 0 8468 52498 0 1 0 23073 18017 1450 60 0 0 0 157 5 0 0 22802 1666 0 0 0 4 0 3 0 0 0 0 
15 0 848 0 3 0 2 0 0 0 0 0 0 13050 0 0 12 0 0 0 0 0 0 0 0 1 0 0 66207 0 63732 0 0 0 0 6 0 52742 72 0 3 5 0 33624 0 0 760 0 18447 0 
9531 0 5 4619 17 2 6082 0 1 0 0 18 2935 0 3 0 0 3977 0 0 118 0 73440 0 0 18 2501 208 2 0 0 167 0 0 182 0 0 347 1 0 1933 247 0 12 0 0 49596 0 17 0 
0 1 0 0 0 31 0 70 43603 0 18 0 0 22500 74368 18 200 0 0 0 0 72 0 231 7 0 25 0 53 24528 14 42175 26333 33 0 0 0 0 0 0 0 128 0 4 0 0 41 0 0 3780 
0 0 2408 633 3 10433 0 3509 0 0 2935 0 0 29454 1162 3 13 89229 4 3217 3497 0 99 0 0 6 71899 8604 105 8 605 0 27118 0 0 0 1074 15 0 0 0 506 7836 0 75504 8440 0 0 0 0 
7 973 2 0 28 14995 0 6770 0 13050 0 22500 29454 0 2 28706 0 1044 0 0 3 138 15 0 4 80950 4 0 0 134 6 0 0 5 0 0 0 0 1692 11871 11166 33617 2657 855 225 3 0 0 48 0 
2 0 0 4268 4316 2 0 56275 2 0 3 74368 1162 2 0 0 4687 0 43 0 44 0 2072 0 0 14 13 0 0 92 18087 22 3661 0 3 0 2418 631 0 434 0 364 46764 49 1758 99 0 7944 0 697 
3 2 2 0 0 0 0 0 0 0 0 18 3 28706 0 0 0 22649 6 101 3 0 0 0 221 0 1 0 10 0 0 72 0 0 14793 0 0 0 7680 0 7 18 13364 7047 0 42149 21 0 0 4 
0 0 100 0 0 9561 0 3 13 12 0 200 13 0 4687 0 0 0 5 0 25 0 0 10 6879 82 865 0 44335 1 6 0 0 21195 1136 0 66 0 0 0 0 6896 0 0 0 3 483 0 17993 2842 
0 0 0 0 0 0 98153 474 25 0 3977 0 89229 1044 0 22649 0 0 122 0 0 0 0 0 6834 469 15 0 0 0 10 271 20706 0 0 369 0 0 0 448 0 0 0 3940 34235 0 2 12425 0 102 
1 0 5117 0 0 303 0 7 8 0 0 0 4 0 43 6 5 122 0 0 0 1 0 0 0 192 0 55 0 269 0 1 0 0 0 39570 0 4 0 68 2166 0 0 36 265 6 0 0 2 0 
0 0 0 0 0 37 0 140 1813 0 0 0 3217 0 0 101 0 0 0 0 0 0 6415 0 0 0 0 31068 0 13294 0 185 1 0 0 0 0 0 0 0 0 0 0 49328 0 24422 171 0 1495 12 
3 0 2 52 0 0 110 25 0 0 118 0 3497 3 44 3 25 0 0 0 0 126 3 3 4 146 1018 0 0 0 0 322 103 0 0 102 0 270 4946 9 15291 22 0 137 154 0 39611 32 30 0 
0 0 0 0 12764 15 2 17354 0 0 0 72 0 138 0 0 0 0 1 0 126 0 0 0 3120 78 332 2365 0 32648 1 0 13 0 0 1246 4 337 0 0 0 23851 17811 46 0 8 0 0 7822 651 
2955 0 0 0 381 0 0 0 8468 0 73440 0 99 15 2072 0 0 0 0 6415 3 0 0 1095 0 28 446 0 0 0 9 1753 52319 97 724 23026 3377 0 9634 0 46859 55275 0 30 0 0 0 1 19 819 
0 13112 26 42 21 2 0 0 52498 0 0 231 0 0 0 0 10 0 0 0 3 0 1095 0 164 0 11556 154 52622 0 22689 66 875 2 29494 0 2 551 538 31895 15 0 0 0 0 564 0 7886 2848 0 
47270 264 0 0 23059 0 0 54 0 0 0 7 0 4 0 221 6879 6834 0 0 4 3120 0 164 0 0 0 42462 0 0 55 0 312 480 2 5621 1031 0 0 61 0 789 0 0 0 5 0 1 0 0 
0 98 8983 0 0 18623 53569 0 1 1 18 0 6 80950 14 0 82 469 192 0 146 78 28 0 0 0 0 0 0 0 7132 312 2041 919 0 1 0 310 0 0 40 1 4 0 1875 0 4 0 1 0 
807 0 0 0 0 11548 0 7 0 0 2501 25 71899 4 13 1 865 15 0 0 1018 332 446 11556 0 0 0 149 0 0 0 0 0 0 79132 0 0 0 9 5316 0 0 2324 0 1849 16478 0 4 68 87907 
156 0 51175 0 0 0 0 37 23073 0 208 0 8604 0 0 0 0 0 55 31068 0 2365 0 154 42462 0 149 0 3 0 2303 21902 0 28464 0 0 0 2 2 0 0 2083 247 571 0 19979 0 465 2259 5367 
12336 117 0 0 2010 35550 68425 0 18017 66207 2 53 105 0 0 10 44335 0 0 0 0 0 0 52622 0 0 0 3 0 0 61 14 586 0 0 0 0 3677 0 58 0 0 0 84225 0 1 233 0 7 24 
28788 1103 0 0 0 1 0 19106 1450 0 0 24528 8 134 92 0 1 0 269 13294 0 32648 0 0 0 0 0 0 0 0 0 5247 1639 9 937 0 0 0 0 8 2043 0 51 0 0 42 0 19461 0 86 
0 84490 394 7 34 44094 18 0 60 63732 0 14 605 6 18087 0 6 10 0 0 0 1 9 22689 55 7132 0 2303 61 0 0 10 5547 375 0 24 0 1362 23 66 371 35376 0 462 85541 2 0 0 29 1 
2 22545 0 30003 67 27939 5 2 0 0 167 42175 0 0 22 72 0 271 1 185 322 0 1753 66 0 312 0 21902 14 5247 10 0 169 5887 0 1754 0 18 41 0 0 0 17 0 0 1428 0 20937 49 2 
130 97019 97123 0 141 0 9 0 0 0 0 26333 27118 0 3661 0 0 20706 0 1 103 13 52319 875 312 2041 0 0 586 1639 5547 169 0 2 0 4533 204 0 0 0 0 10 0 52429 13082 0 23752 6591 0 0 
0 0 0 0 65 5344 0 0 0 0 0 33 0 5 0 0 21195 0 0 0 0 0 97 2 480 919 0 28464 0 9 375 5887 2 0 498 0 3 0 110 461 0 0 0 1 0 0 5261 0 45 66 
0 72986 0 0 4 365 620 0 157 0 182 0 0 0 3 14793 1136 0 0 0 0 0 724 29494 2 0 79132 0 0 937 0 0 0 498 0 10 2515 20 782 0 0 1317 4922 13973 0 3054 0 0 51244 0 
0 0 15 0 0 0 0 0 5 6 0 0 0 0 0 0 0 369 39570 0 102 1246 23026 0 5621 1 0 0 0 0 24 1754 4533 0 10 0 28900 0 397 7675 579 3663 47356 0 121 0 0 0 0 0 
9623 2 14712 105 0 0 0 0 0 0 0 0 1074 0 2418 0 66 0 0 0 0 4 3377 2 1031 0 0 0 0 0 0 0 204 3 2515 28900 0 8399 898 62 1344 30 1 729 51 0 0 0 0 69 
419 0 30 92669 93847 4 0 0 0 52742 347 0 15 0 631 0 0 0 4 0 270 337 0 551 0 310 0 2 3677 0 1362 18 0 0 20 0 8399 0 0 0 0 0 9 0 11 0 0 0 0 0 
2694 0 2467 0 99 315 0 0 22802 72 1 0 0 1692 0 7680 0 0 0 0 4946 0 9634 538 0 0 9 2 0 0 23 41 0 110 782 397 898 0 0 0 41739 220 5098 14919 699 0 0 12491 98 0 
0 0 0 62250 0 10 2653 223 1666 0 0 0 0 11871 434 0 0 448 68 0 9 0 0 31895 61 0 5316 0 58 8 66 0 0 461 0 7675 62 0 0 0 6463 0 0 0 15 0 24 26600 0 6489 
0 0 3 0 1646 0 92 0 0 3 1933 0 0 11166 0 7 0 0 2166 0 15291 0 46859 15 0 40 0 0 0 2043 371 0 0 0 0 579 1344 0 41739 6463 0 0 0 0 7 0 0 0 285 631 
0 0 1037 0 0 227 1 0 0 5 247 128 506 33617 364 18 6896 0 0 0 22 23851 55275 0 789 1 0 2083 0 0 35376 0 10 0 1317 3663 30 0 220 0 0 0 0 1 0 0 6 9 65407 3 
0 18 594 0 1443 0 30581 0 0 0 0 0 7836 2657 46764 13364 0 0 0 0 0 17811 0 0 0 4 2324 247 0 51 0 17 0 0 4922 47356 1 9 5098 0 0 0 0 0 147 0 0 390 0 0 
0 2 0 21 0 212 62027 0 4 33624 12 4 0 855 49 7047 0 3940 36 49328 137 46 30 0 0 0 0 571 84225 0 462 0 52429 1 13973 0 729 0 14919 0 0 1 0 0 16881 0 0 0 600 0 
121 0 14 0 0 0 3581 0 0 0 0 0 75504 225 1758 0 0 34235 265 0 154 0 0 0 0 1875 1849 0 0 0 85541 0 13082 0 0 121 51 11 699 15 7 0 147 16881 0 0 9758 0 0 0 
15 57651 0 0 0 0 224 7851 3 0 0 0 8440 3 99 42149 3 0 6 24422 0 8 0 564 5 0 16478 19979 1 42 2 1428 0 0 3054 0 0 0 0 0 0 0 0 0 0 0 3320 13847 0 1274 
0 0 0 0 5759 0 7 29857 0 760 49596 41 0 0 0 21 483 2 0 171 39611 0 0 0 0 4 0 0 233 0 0 0 23752 5261 0 0 0 0 0 24 0 6 0 0 9758 3320 0 0 30 2874 
134 0 1285 0 206 91040 0 3 0 0 0 0 0 0 7944 0 0 12425 0 0 32 0 1 7886 1 0 4 465 0 19461 0 20937 6591 0 0 0 0 0 12491 26600 0 9 390 0 0 13847 0 0 47109 0 
0 0 1 0 45 10 49688 0 0 18447 17 0 0 48 0 0 17993 0 2 1495 30 7822 19 2848 0 1 68 2259 7 0 29 49 0 45 51244 0 0 0 98 0 285 65407 0 600 0 0 30 47109 0 3 
0 5 292 0 0 1504 110 2 0 0 0 3780 0 0 697 4 2842 102 0 12 0 651 819 0 0 0 87907 5367 24 86 1 2 0 66 0 0 69 0 0 6489 631 3 0 0 0 1274 2874 0 3 0 
0 0 0 0 0 0 0 0 0 0 93 7622 0 45 4 0 2 0 5 0 1 0 4909 7700 0 0 0 3 37130 0 0 0 0 0 0 13644 87495 15059 0 0 0 9 0 63 1048 0 0 8 0 903 
0 0 30 0 0 0 0 0 632 7117 3 0 0 7416 0 33 1402 0 0 1 0 0 7697 35073 0 49 0 2076 0 65 78285 0 28 85 19 0 51 0 35 3108 0 0 0 3 36835 2085 0 0 13 23 
0 30 0 3211 0 5 0 0 33497 140 0 1655 16424 0 0 61428 15 0 748 0 68 0 6 79 3753 0 0 0 0 51898 0 12 0 0 0 0 0 11 98904 0 46927 0 0 0 93002 0 82855 0 1 1246 
0 0 3211 0 0 70 139 1049 3 484 0 2902 0 0 78887 1 12893 0 0 0 0 0 0 0 0 0 1 0 36 14 277 0 46 0 4 11125 1 1413 9017 1093 0 0 7750 1261 0 0 6 4884 0 0 
0 0 0 0 0 70 2 0 153 0 0 0 17 1079 202 32448 0 0 0 21 708 1 41 0 0 0 0 0 0 84870 13872 6 91 0 187 0 6 2241 1 44 341 0 6371 37 67570 145 0 0 15 54 
0 0 5 70 70 0 22963 0 0 18791 188 0 130 0 0 0 0 4358 0 753 0 0 126 0 0 0 4530 15 0 2 21491 52577 0 4750 0 2661 0 0 31 5 23924 0 246 3744 1578 47545 42728 67 2 0 
0 0 0 139 2 22963 0 2 0 4773 13251 0 379 0 0 79 0 1 0 0 11 0 0 0 145 9 0 3 0 11 66 1 1174 0 0 0 0 82 18 0 43527 0 52 9 944 0 2 852 0 412 
0 0 0 1049 0 0 2 0 0 0 0 0 0 0 0 2 39888 0 0 0 2738 0 0 0 0 7910 22 0 0 1183 0 0 594 4 0 0 6367 0 883 3 0 43 0 111 3 78762 91773 0 0 8514 
0 632 33497 3 153 0 0 0 0 0 2 0 10286 7 0 0 0 0 4423 0 16824 0 0 64446 3812 55714 12108 0 1 10 0 0 8 0 0 3 417 61 18031 334 0 0 540 0 0 2116 0 2 0 0 
0 7117 140 484 0 18791 4773 0 0 0 1 0 0 0 0 22 0 471 5 0 0 5980 1535 0 0 1041 21 6075 2 0 0 314 0 0 0 0 0 7143 1514 0 0 0 29 77057 0 44 13 0 0 11 
93 3 0 0 0 188 13251 0 2 1 0 0 39398 62 0 13 0 0 2506 84 476 1216 0 9 0 0 2 0 0 0 0 0 20 0 0 38 0 0 3 0 3230 1 115 0 0 0 0 709 2703 0 
7622 0 1655 2902 0 0 0 0 0 0 0 0 0 1 2 47 0 24 3972 223 0 0 282 0 0 0 0 1102 1539 0 16 6224 0 0 0 0 12 0 0 0 19956 0 0 9580 0 0 35054 0 0 833 
0 0 16424 0 17 130 379 0 10286 0 39398 0 0 74 8 58 0 777 0 0 1367 0 742 3033 0 0 0 0 0 95987 0 0 0 23 1 269 0 0 29412 19300 0 29585 60025 0 33563 0 291 4446 6 0 
45 7416 0 0 1079 0 0 0 7 0 62 1 74 0 28 0 17 53 0 1471 974 383 762 148 2025 0 1 0 0 0 1 34 17 10 0 0 0 0 0 0 12 46 73 279 0 0 0 20163 4 0 
4 0 0 78887 202 0 0 0 0 0 0 2 8 28 0 33 27 1521 2181 164 442 0 0 410 2 0 0 0 0 10122 0 127 22 0 27 0 198 6 0 116 103 0 0 0 268 879 1 0 0 26028 
0 33 61428 1 32448 0 79 2 0 22 13 47 58 0 33 0 301 0 0 0 6 0 0 18 544 477 2841 0 0 0 11 0 0 53 0 0 0 1494 0 1 2 0 95536 3815 66898 179 0 0 1 10 
2 1402 15 12893 0 0 0 39888 0 0 0 0 0 17 27 301 0 91972 222 5138 4 738 0 0 0 30494 0 0 57768 0 149 58 0 0 0 29191 0 138 0 0 0 0 0 0 71112 1 0 10064 0 0 
0 0 0 0 0 4358 1 0 0 471 0 24 777 53 1521 0 91972 0 0 25 27531 50 0 6 52040 0 25 17 0 0 0 10 0 205 38 0 58 2 6 0 0 0 8113 0 3 53395 0 0 1907 0 
5 0 748 0 0 0 0 0 4423 5 2506 3972 0 0 2181 0 222 0 0 215 0 0 0 1197 0 288 23 0 26735 1 0 42 1896 1775 0 48753 8 0 0 563 0 2155 47 295 0 0 42523 11 0 0 
0 1 0 0 21 753 0 0 0 0 84 223 0 1471 164 0 5138 25 215 0 0 23092 16 0 25611 0 0 0 79 0 271 0 19 0 0 258 491 0 2444 0 0 1 13428 0 1 0 0 19 0 971 
1 0 68 0 708 0 11 2738 16824 0 476 0 1367 974 442 6 4 27531 0 0 0 27072 75 9 0 13 0 9691 0 0 8 0 32 2 0 0 10139 0 0 1 0 7 0 23247 162 0 0 140 1 0 
0 0 0 0 1 0 0 0 0 5980 1216 0 0 383 0 0 738 50 0 23092 27072 0 0 0 818 8 76231 0 66 10885 0 0 0 4 2173 0 0 13207 59474 0 0 0 0 0 0 114 2166 0 1139 4 
4909 7697 6 0 41 126 0 0 0 1535 0 282 742 762 0 0 0 0 0 16 75 0 0 520 233 3 402 21 0 1 21 97 0 118 0 7126 44 62 12 0 1157 8554 0 1421 0 0 0 1 0 0 
7700 35073 79 0 0 0 0 0 64446 0 9 0 3033 148 410 18 0 6 1197 0 9 0 520 0 3411 2120 145 0 1 0 0 0 0 26 57016 0 77435 11 546 0 0 0 0 0 0 195 0 584 0 1523 
0 0 3753 0 0 0 145 0 3812 0 0 0 0 2025 2 544 0 52040 0 25611 0 818 233 3411 0 0 18 32 81 9 0 0 0 0 2 0 0 14 6 0 11442 27220 3090 0 0 0 0 0 0 0 
0 49 0 0 0 0 9 7910 55714 1041 0 0 0 0 0 477 30494 0 288 0 13 8 3 2120 0 0 0 0 0 0 0 0 325 63037 44139 0 0 0 0 0 115 1 0 6914 0 12 18 165 0 0 
0 0 0 1 0 4530 0 22 12108 21 2 0 0 1 0 2841 0 25 23 0 0 76231 402 145 18 0 0 0 97529 9653 0 1179 0 0 0 19 2242 0 0 0 0 51 0 1028 8906 15068 10859 0 12 35 
3 2076 0 0 0 15 3 0 0 6075 0 1102 0 0 0 0 0 17 0 0 9691 0 21 0 32 0 0 0 972 4057 0 0 0 22821 0 2 113 0 0 1 0 187 1980 8 0 26998 98020 1 0 13850 
37130 0 0 36 0 0 0 0 1 2 0 1539 0 0 0 0 57768 0 26735 79 0 66 0 1 81 0 97529 972 0 11 27385 0 0 0 0 0 0 0 0 0 43 50304 1194 13577 0 0 3 0 2 0 
0 65 51898 14 84870 2 11 1183 10 0 0 0 95987 0 10122 0 0 0 1 0 0 10885 1 0 9 0 9653 4057 11 0 192 0 38230 93 826 0 64802 2331 1677 0 0 0 18 1509 0 4178 0 3213 0 0 
0 78285 0 277 13872 21491 66 0 0 0 0 16 0 1 0 11 149 0 0 271 8 0 21 0 0 0 0 0 27385 192 0 0 0 0 12276 24 0 0 0 12 215 0 1824 4057 0 3 4 15 0 0 
0 0 12 0 6 52577 1 0 0 314 0 6224 0 34 127 0 58 10 42 0 0 0 97 0 0 0 1179 0 0 0 0 0 0 53477 41107 102 25810 122 3 0 0 0 1915 0 0 3186 422 0 0 1 
0 28 0 46 91 0 1174 594 8 0 20 0 0 17 22 0 0 0 1896 19 32 0 0 0 0 325 0 0 0 38230 0 0 0 0 1 22934 0 0 518 0 62 20 0 0 18399 6 8875 0 0 0 
0 85 0 0 0 4750 0 4 0 0 0 0 23 10 0 53 0 205 1775 0 2 4 118 26 0 63037 0 22821 0 93 0 53477 0 0 1681 387 52 1 0 0 0 21 0 0 0 195 0 0 0 5888 
0 19 0 4 187 0 0 0 0 0 0 0 1 0 27 0 0 38 0 0 0 2173 0 57016 2 44139 0 0 0 826 12276 41107 1 1681 0 0 41 857 0 0 0 111 7 0 0 0 298 0 0 0 
13644 0 0 11125 0 2661 0 0 3 0 38 0 269 0 0 0 29191 0 48753 258 0 0 7126 0 0 0 19 2 0 0 24 102 22934 387 0 0 74713 516 0 466 5590 0 305 6863 0 0 0 0 15439 0 
87495 51 0 1 6 0 0 6367 417 0 0 12 0 0 198 0 0 58 8 491 10139 0 44 77435 0 0 2242 113 0 64802 0 25810 0 52 41 74713 0 2917 0 348 0 82506 0 2 1104 2 245 0 22275 0 
15059 0 11 1413 2241 0 82 0 61 7143 0 0 0 0 6 1494 138 2 0 0 0 13207 62 11 14 0 0 0 0 2331 0 122 0 1 857 516 2917 0 827 0 65 99 0 387 0 0 0 9111 0 2 
0 35 98904 9017 1 31 18 883 18031 1514 3 0 29412 0 0 0 0 6 0 2444 0 59474 12 546 6 0 0 0 0 1677 0 3 518 0 0 0 0 827 0 0 937 0 115 8 0 10350 1171 67790 0 0 
0 3108 0 1093 44 5 0 3 334 0 0 0 19300 0 116 1 0 0 563 0 1 0 0 0 0 0 0 1 0 0 12 0 0 0 0 466 348 0 0 0 68381 3290 746 1665 1 13281 162 0 0 14961 
0 0 46927 0 341 23924 43527 0 0 0 3230 19956 0 12 103 2 0 0 0 0 0 0 1157 0 11442 115 0 0 43 0 215 0 62 0 0 5590 0 65 937 68381 0 46845 0 0 29983 1 10 54 0 0 
9 0 0 0 0 0 0 43 0 0 1 0 29585 46 0 0 0 0 2155 1 7 0 8554 0 27220 1 51 187 50304 0 0 0 20 21 111 0 82506 99 0 3290 46845 0 5 1 0 652 99 0 0 5 
0 0 0 7750 6371 246 52 0 540 29 115 0 60025 73 0 95536 0 8113 47 13428 0 0 0 0 3090 0 0 1980 1194 18 1824 1915 0 0 7 305 0 0 115 746 0 5 0 1 0 0 14141 0 6 3178 
63 3 0 1261 37 3744 9 111 0 77057 0 9580 0 279 0 3815 0 0 295 0 23247 0 1421 0 0 6914 1028 8 13577 1509 4057 0 0 0 0 6863 2 387 8 1665 0 1 1 0 0 0 0 1066 15 1693 
1048 36835 93002 0 67570 1578 944 3 0 0 0 0 33563 0 268 66898 71112 3 0 1 162 0 0 0 0 0 8906 0 0 0 0 0 18399 0 0 0 1104 0 0 1 29983 0 0 0 0 27 6 0 3840 0 
0 2085 0 0 145 47545 0 78762 2116 44 0 0 0 0 879 179 1 53395 0 0 0 114 0 195 0 12 15068 26998 0 4178 3 3186 6 195 0 0 2 0 10350 13281 1 652 0 0 27 0 1 5640 0 0 
0 0 82855 6 0 42728 2 91773 0 13 0 35054 291 0 1 0 0 0 42523 0 0 2166 0 0 0 18 10859 98020 3 0 4 422 8875 0 298 0 245 0 1171 162 10 99 14141 0 6 1 0 67 223 4182 
8 0 0 4884 0 67 852 0 2 0 709 0 4446 20163 0 0 10064 0 11 19 140 0 1 584 0 165 0 1 0 3213 15 0 0 0 0 0 0 9111 67790 0 54 0 0 1066 0 5640 67 0 0 0 
0 13 1 0 15 2 0 0 0 0 2703 0 6 4 0 1 0 1907 0 0 1 1139 0 0 0 0 12 0 2 0 0 0 0 0 0 15439 22275 0 0 0 0 0 6 15 3840 0 223 0 0 0 
903 23 1246 0 54 0 412 8514 0 11 0 833 0 0 26028 10 0 0 0 971 0 4 0 1523 0 0 35 13850 0 0 0 1 0 5888 0 0 0 2 0 14961 0 5 3178 1693 0 0 4182 0 0 0 
