50 2
0 123 17 72 89 90 77 84 122 70 141 118 117 117 58 85 94 145 69 99 137 99 30 139 114 56 50 94 70 158 148 87 53 161 64 94 106 62 87 81 66 9 49 48 135 73 47 81 16 69 
123 0 116 51 121 48 96 115 59 63 25 47 40 16 64 39 31 87 58 23 83 33 103 24 65 67 92 40 53 45 35 36 95 46 119 29 43 89 107 43 57 113 75 95 85 58 91 43 139 54 
17 116 0 64 101 90 86 66 108 71 133 119 117 113 52 81 90 150 68 93 122 97 14 135 118 53 57 84 66 154 139 82 62 151 46 88 94 69 69 78 59 15 41 32 119 72 32 78 31 65 
72 51 64 0 97 39 71 77 62 33 69 64 60 49 13 21 29 104 24 28 84 38 52 71 72 21 53 26 13 91 77 19 58 89 74 23 41 56 72 18 5 62 23 46 83 30 41 18 88 13 
89 121 101 97 0 73 26 158 158 64 146 84 88 106 88 88 93 82 73 107 181 88 104 121 67 78 49 121 84 131 156 94 43 167 143 101 136 41 157 86 94 86 92 116 180 69 112 86 92 83 
90 48 90 39 73 0 47 116 91 20 73 28 27 34 42 20 20 64 22 35 115 15 82 53 32 38 48 55 28 69 83 26 49 95 111 30 68 42 111 21 41 81 54 82 115 17 77 21 104 28 
77 96 86 71 26 47 0 136 132 38 121 63 66 81 63 62 67 73 47 81 155 62 85 98 49 54 29 95 58 110 130 68 24 142 124 75 110 17 134 60 69 71 69 95 154 42 90 60 85 57 
84 115 66 77 158 116 136 0 73 105 118 141 136 120 76 98 104 181 98 96 73 114 56 139 149 84 109 75 89 160 120 94 114 129 22 95 74 118 9 96 75 79 67 42 70 103 46 96 96 88 
122 59 108 62 158 91 132 73 0 94 51 103 96 73 74 71 70 145 85 56 25 79 93 83 118 83 115 37 74 101 50 65 120 57 87 60 22 118 63 72 66 113 76 77 25 89 76 72 138 75 
70 63 71 33 64 20 38 105 94 0 87 48 47 52 29 25 32 79 8 44 117 32 64 72 47 21 28 56 20 89 96 31 31 108 97 38 71 26 102 23 32 61 39 67 116 5 62 23 84 19 
141 25 133 69 146 73 121 118 51 87 0 70 64 41 83 62 55 108 81 43 71 58 119 37 89 88 115 49 74 52 10 57 118 21 127 50 44 113 110 65 75 131 92 107 73 82 104 65 158 75 
118 47 119 64 84 28 63 141 103 48 70 0 6 30 70 43 37 42 50 48 128 26 110 38 19 66 73 72 55 47 80 46 73 90 138 47 82 64 135 45 67 109 82 109 128 46 104 45 132 56 
117 40 117 60 88 27 66 136 96 47 64 6 0 24 67 39 32 48 48 42 121 22 108 32 25 64 74 66 52 44 73 42 75 83 134 41 76 66 130 42 64 108 79 106 122 44 101 42 131 53 
117 16 113 49 106 34 81 120 73 52 41 30 24 0 60 31 22 72 48 24 98 19 101 21 48 61 81 46 46 42 51 31 83 62 122 26 54 76 113 35 54 107 72 95 99 47 91 35 132 48 
58 64 52 13 88 42 63 76 74 29 83 70 67 60 0 29 38 107 21 41 95 45 41 82 74 9 41 39 15 102 90 29 47 103 69 35 53 47 72 25 8 48 12 39 93 27 34 25 75 14 
85 39 81 21 88 20 62 98 71 25 62 43 39 31 29 0 9 83 18 19 96 17 70 53 51 29 52 34 14 73 71 6 56 83 95 13 49 51 92 3 25 75 41 67 95 20 62 3 101 16 
94 31 90 29 93 20 67 104 70 32 55 37 32 22 38 9 0 79 27 14 95 10 79 44 48 38 60 36 24 64 64 10 64 76 103 10 48 58 98 13 33 85 50 75 95 27 70 13 110 25 
145 87 150 104 82 64 73 181 145 79 108 42 48 72 107 83 79 0 85 91 170 68 144 71 32 101 95 114 92 67 117 88 93 125 176 89 125 84 176 85 106 138 118 146 171 79 141 85 156 93 
69 58 68 24 73 22 47 98 85 8 81 50 48 48 21 18 27 85 0 37 108 30 60 70 52 16 34 48 11 88 90 23 38 102 91 31 63 34 94 15 24 60 32 61 107 5 56 15 84 10 
99 23 93 28 107 35 81 96 56 44 43 48 42 24 41 19 14 91 37 0 81 23 80 43 62 45 71 23 30 64 52 13 75 65 98 6 34 70 89 21 33 89 51 72 81 39 68 21 115 31 
137 83 122 84 181 115 155 73 25 117 71 128 121 98 95 96 95 170 108 81 0 104 107 106 143 104 136 61 97 123 67 89 142 71 92 85 47 141 64 96 87 129 96 90 3 113 90 96 153 98 
99 33 97 38 88 15 62 114 79 32 58 26 22 19 45 17 10 68 30 23 104 0 87 40 38 44 61 46 30 58 68 19 63 79 112 20 58 56 108 20 42 90 57 84 105 28 79 20 114 32 
30 103 14 52 104 82 85 56 93 64 119 110 108 101 41 70 79 144 60 80 107 87 0 123 111 44 56 70 56 143 125 70 61 137 39 76 80 68 58 67 47 23 29 18 105 65 18 67 45 55 
139 24 135 71 121 53 98 139 83 72 37 38 32 21 82 53 44 71 70 43 106 40 123 0 57 83 101 64 68 21 46 52 103 54 142 47 68 95 131 57 76 129 94 116 107 68 112 57 154 69 
114 65 118 72 67 32 49 149 118 47 89 19 25 48 74 51 48 32 52 62 143 38 111 57 0 68 66 84 60 63 99 57 65 109 143 59 97 55 144 53 73 106 85 113 143 46 108 53 126 60 
56 67 53 21 78 38 54 84 83 21 88 66 64 61 9 29 38 101 16 45 104 44 44 83 68 0 32 47 14 102 96 31 37 109 75 39 62 37 81 25 17 46 17 45 103 21 40 25 71 13 
50 92 57 53 49 48 29 109 115 28 115 73 74 81 41 52 60 95 34 71 136 61 56 101 66 32 0 79 42 117 124 57 5 136 95 65 94 12 107 49 49 43 43 67 135 33 63 49 60 41 
94 40 84 26 121 55 95 75 37 56 49 72 66 46 39 34 36 114 48 23 61 46 70 64 84 47 79 0 37 85 55 28 84 67 79 25 15 81 67 35 30 84 45 57 60 52 54 35 111 38 
70 53 66 13 84 28 58 89 74 20 74 55 52 46 15 14 24 92 11 30 97 30 56 68 60 14 42 37 0 88 82 17 47 95 83 24 52 44 84 11 13 61 27 54 96 16 49 11 86 1 
158 45 154 91 131 69 110 160 101 89 52 47 44 42 102 73 64 67 88 64 123 58 143 21 63 102 117 85 88 0 58 73 118 62 163 68 88 110 152 76 96 148 114 137 125 86 132 76 173 89 
148 35 139 77 156 83 130 120 50 96 10 80 73 51 90 71 64 117 90 52 67 68 125 46 99 96 124 55 82 58 0 66 128 12 130 58 47 122 111 74 82 139 99 112 69 91 109 74 165 84 
87 36 82 19 94 26 68 94 65 31 57 46 42 31 29 6 10 88 23 13 89 19 70 52 57 31 57 28 17 73 66 0 61 78 93 7 42 57 88 8 23 77 41 65 89 26 60 8 103 18 
53 95 62 58 43 49 24 114 120 31 118 73 75 83 47 56 64 93 38 75 142 63 61 103 65 37 5 84 47 118 128 61 0 140 100 69 99 9 113 53 54 47 49 72 141 36 68 53 62 46 
161 46 151 89 167 95 142 129 57 108 21 90 83 62 103 83 76 125 102 65 71 79 137 54 109 109 136 67 95 62 12 78 140 0 141 71 58 134 120 86 95 151 112 124 74 103 121 86 177 96 
64 119 46 74 143 111 124 22 87 97 127 138 134 122 69 95 103 176 91 98 92 112 39 142 143 75 95 79 83 163 130 93 100 141 0 96 82 106 28 92 70 61 58 30 88 96 35 92 74 82 
94 29 88 23 101 30 75 95 60 38 50 47 41 26 35 13 10 89 31 6 85 20 76 47 59 39 65 25 24 68 58 7 69 71 96 0 38 64 89 15 29 84 47 69 85 33 64 15 110 25 
106 43 94 41 136 68 110 74 22 71 44 82 76 54 53 49 48 125 63 34 47 58 80 68 97 62 94 15 52 88 47 42 99 58 82 38 0 96 65 49 45 97 58 65 46 67 63 49 123 53 
62 89 69 56 41 42 17 118 118 26 113 64 66 76 47 51 58 84 34 70 141 56 68 95 55 37 12 81 44 110 122 57 9 134 106 64 96 0 116 49 53 55 52 77 140 31 72 49 72 43 
87 107 69 72 157 111 134 9 63 102 110 135 130 113 72 92 98 176 94 89 64 108 58 131 144 81 107 67 84 152 111 88 113 120 28 89 65 116 0 90 70 82 65 42 61 99 45 90 100 84 
81 43 78 18 86 21 60 96 72 23 65 45 42 35 25 3 13 85 15 21 96 20 67 57 53 25 49 35 11 76 74 8 53 86 92 15 49 49 90 0 22 72 37 64 96 18 59 0 97 12 
66 57 59 5 94 41 69 75 66 32 75 67 64 54 8 25 33 106 24 33 87 42 47 76 73 17 49 30 13 96 82 23 54 95 70 29 45 53 70 22 0 56 18 42 86 29 37 22 82 13 
9 113 15 62 86 81 71 79 113 61 131 109 108 107 48 75 85 138 60 89 129 90 23 129 106 46 43 84 61 148 139 77 47 151 61 84 97 55 82 72 56 0 39 41 127 63 40 72 26 59 
49 75 41 23 92 54 69 67 76 39 92 82 79 72 12 41 50 118 32 51 96 57 29 94 85 17 43 45 27 114 99 41 49 112 58 47 58 52 65 37 18 39 0 28 94 38 23 37 65 26 
48 95 32 46 116 82 95 42 77 67 107 109 106 95 39 67 75 146 61 72 90 84 18 116 113 45 67 57 54 137 112 65 72 124 30 69 65 77 42 64 42 41 28 0 87 66 5 64 63 53 
135 85 119 83 180 115 154 70 25 116 73 128 122 99 93 95 95 171 107 81 3 105 105 107 143 103 135 60 96 125 69 89 141 74 88 85 46 140 61 96 86 127 94 87 0 112 87 96 150 97 
73 58 72 30 69 17 42 103 89 5 82 46 44 47 27 20 27 79 5 39 113 28 65 68 46 21 33 52 16 86 91 26 36 103 96 33 67 31 99 18 29 63 38 66 112 0 61 18 87 16 
47 91 32 41 112 77 90 46 76 62 104 104 101 91 34 62 70 141 56 68 90 79 18 112 108 40 63 54 49 132 109 60 68 121 35 64 63 72 45 59 37 40 23 5 87 61 0 59 63 48 
81 43 78 18 86 21 60 96 72 23 65 45 42 35 25 3 13 85 15 21 96 20 67 57 53 25 49 35 11 76 74 8 53 86 92 15 49 49 90 0 22 72 37 64 96 18 59 0 97 12 
16 139 31 88 92 104 85 96 138 84 158 132 131 132 75 101 110 156 84 115 153 114 45 154 126 71 60 111 86 173 165 103 62 177 74 110 123 72 100 97 82 26 65 63 150 87 63 97 0 85 
69 54 65 13 83 28 57 88 75 19 75 56 53 48 14 16 25 93 10 31 98 32 55 69 60 13 41 38 1 89 84 18 46 96 82 25 53 43 84 12 13 59 26 53 97 16 48 12 85 0 
0 0 0 41 0 0 556 1264 0 1 949 0 8504 34 1 24 1 0 13665 1799 0 71073 0 34584 62494 0 5800 0 2 0 0 41 0 4 0 0 0 2 0 0 0 0 0 0 2123 0 0 13 49751 0 
0 0 0 2527 1233 0 6241 0 4 0 0 174 0 0 0 0 0 1 216 34 0 0 86 14074 8066 16 4 0 0 0 872 0 0 0 588 0 4 0 22 95835 265 0 55 164 0 238 0 5612 0 0 
0 0 0 0 0 0 0 0 0 10 0 7095 0 0 0 0 48741 15 105 2155 6 39 3 0 32 12 3 1033 18437 0 0 20 89 621 0 0 3977 12 7 0 0 8 0 5046 11 80153 0 30762 0 0 
41 2527 0 0 4 464 2 0 2098 5517 0 0 0 0 5011 0 0 387 406 0 1 0 16 0 1 8905 71593 2109 0 6512 29203 0 598 6939 3611 17821 0 4314 0 91071 0 38878 0 0 0 5 0 151 0 3914 
0 1233 0 4 0 0 0 0 127 69877 0 0 2 0 0 30 0 406 441 42 0 1432 221 0 268 2543 0 732 0 0 87010 0 1 0 0 0 0 0 0 0 0 0 3308 0 0 76615 73 21 0 13832 
0 0 0 464 0 0 0 18 11409 12 111 0 0 102 0 2 1 0 4008 795 0 196 53 209 0 0 0 0 2 1505 0 574 0 215 2 2 0 989 234 10975 163 4 92002 0 15 253 5963 0 0 0 
556 6241 0 2 0 0 0 0 16 0 2074 24 75 34100 0 350 1 0 0 10250 91 0 0 0 3 57 0 0 0 0 395 0 0 293 0 0 2 0 495 0 15289 0 9085 0 20 0 821 0 44057 14 
1264 0 0 0 0 18 0 0 0 0 0 20 2 30056 0 0 0 19548 16223 0 0 1 0 0 0 0 21 30624 2 21 2 0 452 0 775 0 5646 96226 0 409 0 2065 105 27148 0 508 40 0 279 0 
0 4 0 2098 127 11409 16 0 0 4 43263 0 2507 0 63334 0 0 140 66283 39 4 0 0 0 0 75655 0 0 596 0 0 909 0 72 7 1 0 0 0 358 0 0 666 0 20 0 0 13 0 3862 
1 0 10 5517 69877 12 0 0 4 0 74 33 0 6646 56 814 0 4 715 0 21267 0 0 1 0 0 13900 381 8222 0 0 78 0 0 257 0 465 46 786 897 1 2 0 0 1 36 0 1351 0 83 
949 0 0 0 0 111 2074 0 43263 74 0 40 0 0 0 30 0 117 0 4011 0 9132 0 0 0 0 0 372 1977 159 140 0 0 0 0 0 3507 2 0 0 194 9 0 0 0 0 0 238 0 7478 
0 174 7095 0 0 0 24 20 0 33 40 0 0 0 0 2483 0 2 17580 4483 0 43 75246 2937 370 0 0 0 1333 273 0 7363 82 10 0 0 0 318 20 938 15 0 7 3 0 22391 5 58290 0 14 
8504 0 0 0 2 0 75 2 2507 0 0 0 0 0 2 0 206 0 0 350 0 846 0 0 630 0 99 0 144 15 0 0 66 58 281 24945 0 0 0 84294 0 0 0 0 0 0 3613 552 0 3243 
34 0 0 0 0 102 34100 30056 0 6646 0 0 0 0 0 0 0 0 0 0 11220 50321 24 0 15419 0 0 16 0 1077 9610 7706 0 1541 68 1240 3401 0 6 0 0 0 9249 3 0 794 0 3280 49 0 
1 0 0 5011 0 0 0 0 63334 56 0 0 2 0 0 87 6473 7 0 6598 3682 0 2 0 0 0 87820 7 2 4 0 0 0 85 7871 0 0 16 0 0 0 0 47919 307 30 726 21972 0 3 0 
24 0 0 0 30 2 350 0 0 814 30 2483 0 0 87 0 0 0 925 0 39014 0 0 0 15 0 0 0 0 67 6150 51 5 0 1 492 0 3265 3754 0 0 79 11 0 13234 1496 38267 265 0 0 
1 0 48741 0 0 1 1 0 0 0 0 0 206 0 6473 0 0 0 6 0 0 0 1 5918 0 77051 0 47671 0 208 47 0 0 0 27 20 0 0 4192 0 788 0 10099 0 0 5655 0 0 3613 0 
0 1 15 387 406 0 0 19548 140 4 117 2 0 0 7 0 0 0 0 0 0 1 15071 0 0 0 0 0 1900 3 0 515 0 16192 0 496 0 0 46711 0 1927 51451 0 8140 0 0 4721 0 0 3 
13665 216 105 406 441 4008 0 16223 66283 715 0 17580 0 0 0 925 6 0 0 76601 0 2272 3 0 14234 6 0 0 1 6287 0 10232 21 8 0 0 3491 1539 1 0 0 17610 646 0 0 0 0 0 1 16842 
1799 34 2155 0 42 795 10250 0 39 0 4011 4483 350 0 6598 0 0 0 76601 0 0 238 0 0 0 4074 0 42 0 3 93174 0 1270 0 12174 0 22415 0 1001 372 0 0 0 1605 58195 0 0 9787 279 8780 
0 0 6 1 0 0 91 0 4 21267 0 0 0 11220 3682 39014 0 0 0 0 0 0 0 0 0 1392 376 88 739 0 11477 0 0 0 0 0 442 0 23 0 93 34043 0 4 1 46104 2 802 2949 0 
71073 0 39 0 1432 196 0 1 0 0 9132 43 846 50321 0 0 0 1 2272 238 0 0 27 0 125 2 76 7 841 0 0 173 300 97471 11813 15 1 98 0 20 759 76 33883 0 0 0 21716 9047 0 15 
0 86 3 16 221 53 0 0 0 0 0 75246 0 24 2 0 1 15071 3 0 0 27 0 0 0 20788 0 0 106 2 0 4736 0 2773 0 4 77 32 0 0 0 4 5 0 13379 248 0 6456 1198 728 
34584 14074 0 0 0 209 0 0 0 1 0 2937 0 0 0 0 5918 0 0 0 0 0 0 0 0 1 0 0 12 79881 0 5840 3 25 7080 1 1287 242 5723 5294 7 0 540 3 18978 118 0 1033 1806 189 
62494 8066 32 1 268 0 3 0 0 0 0 370 630 15419 0 15 0 0 14234 0 0 125 0 0 0 0 1371 0 0 10832 387 0 0 0 0 0 44930 0 1294 473 64 1435 0 7 682 1 222 0 14408 0 
0 16 12 8905 2543 0 57 0 75655 0 0 0 0 0 0 0 77051 0 6 4074 1392 2 20788 1 0 0 7 5 15 37 1105 4040 0 1118 0 3193 1 0 0 0 0 42 7 14 12 1 0 6 2649 36866 
5800 4 3 71593 0 0 0 21 0 13900 0 0 99 0 87820 0 0 0 0 0 376 76 0 0 1371 7 0 27310 261 0 0 16154 0 0 1 179 21674 3 11383 0 87560 0 5 74460 0 0 0 1 0 10 
0 0 1033 2109 732 0 0 30624 0 381 372 0 0 16 7 0 47671 0 0 42 88 7 0 0 0 5 27310 0 55 306 3 0 0 0 0 0 0 174 0 16 996 0 1044 80598 18 1258 0 0 0 0 
2 0 18437 0 0 2 0 2 596 8222 1977 1333 144 0 2 0 0 1900 1 0 739 841 106 12 0 15 261 55 0 54400 0 0 7 2 0 0 4519 39153 144 0 0 0 0 460 2 26 71 0 0 2 
0 0 0 6512 0 1505 0 21 0 0 159 273 15 1077 4 67 208 3 6287 3 0 0 2 79881 10832 37 0 306 54400 0 0 0 267 0 0 13 0 0 4 0 6636 0 2 62427 24733 2099 0 616 0 0 
0 872 0 29203 87010 0 395 2 0 0 140 0 0 9610 0 6150 47 0 0 93174 11477 0 0 0 387 1105 0 3 0 0 0 3 282 2 0 0 1 0 3732 473 68389 0 0 0 4 8602 979 635 63 24317 
41 0 20 0 0 574 0 0 909 78 0 7363 0 7706 0 51 0 515 10232 0 0 173 4736 5840 0 4040 16154 0 0 0 3 0 1 44 0 714 0 0 0 1446 0 0 5 0 0 4 0 854 0 466 
0 0 89 598 1 0 0 452 0 0 0 82 66 0 0 5 0 0 21 1270 0 300 0 3 0 0 0 0 7 267 282 1 0 46 52 0 0 1871 5385 0 34031 2 12 129 2 210 1237 0 0 10946 
4 0 621 6939 0 215 293 0 72 0 0 10 58 1541 85 0 0 16192 8 0 0 97471 2773 25 0 1118 0 0 2 0 2 44 46 0 0 98 0 28 0 3157 903 0 13918 0 0 33 28311 4049 1 0 
0 588 0 3611 0 2 0 775 7 257 0 0 281 68 7871 1 27 0 0 12174 0 11813 0 7080 0 0 1 0 0 0 0 0 52 0 0 0 17445 0 0 0 0 0 0 0 11 1780 0 0 22 7283 
0 0 0 17821 0 2 0 0 1 0 0 0 24945 1240 0 492 20 496 0 0 0 15 4 1 0 3193 179 0 0 13 0 714 0 98 0 0 0 453 302 17505 0 890 62 0 80744 3 8 799 0 0 
0 4 3977 0 0 0 2 5646 0 465 3507 0 0 3401 0 0 0 0 3491 22415 442 1 77 1287 44930 1 21674 0 4519 0 1 0 0 0 17445 0 0 20 72 0 7508 34 0 71 88754 7153 25 0 604 48510 
2 0 12 4314 0 989 0 96226 0 46 2 318 0 0 16 3265 0 0 1539 0 0 98 32 242 0 0 3 174 39153 0 0 0 1871 28 0 453 20 0 2037 0 50778 0 0 0 0 0 0 637 0 187 
0 22 7 0 0 234 495 0 0 786 0 20 0 6 0 3754 4192 46711 1 1001 23 0 0 5723 1294 0 11383 0 144 4 3732 0 5385 0 0 302 72 2037 0 0 0 71659 20 0 0 11 0 54 0 0 
0 95835 0 91071 0 10975 0 409 358 897 0 938 84294 0 0 0 0 0 0 372 0 20 0 5294 473 0 0 16 0 0 473 1446 0 3157 0 17505 0 0 0 0 0 0 0 4 10 25610 0 0 0 0 
0 265 0 0 0 163 15289 0 0 1 194 15 0 0 0 0 788 1927 0 0 93 759 0 7 64 0 87560 996 0 6636 68389 0 34031 903 0 0 7508 50778 0 0 0 579 0 8 112 0 0 0 0 28 
0 0 8 38878 0 4 0 2065 0 2 9 0 0 0 0 79 0 51451 17610 0 34043 76 4 0 1435 42 0 0 0 0 0 0 2 0 0 890 34 0 71659 0 579 0 0 33454 10032 0 7 20019 4305 0 
0 55 0 0 3308 92002 9085 105 666 0 0 7 0 9249 47919 11 10099 0 646 0 0 33883 5 540 0 7 5 1044 0 2 0 5 12 13918 0 62 0 0 20 0 0 0 0 0 2 4971 0 0 0 134 
0 164 5046 0 0 0 0 27148 0 0 0 3 0 3 307 0 0 8140 0 1605 4 0 0 3 7 14 74460 80598 460 62427 0 0 129 0 0 0 71 0 0 4 8 33454 0 0 0 513 0 72 0 570 
2123 0 11 0 0 15 20 0 20 1 0 0 0 0 30 13234 0 0 0 58195 1 0 13379 18978 682 12 0 18 2 24733 4 0 2 0 11 80744 88754 0 0 10 112 10032 2 0 0 4963 46 1307 50525 0 
0 238 80153 5 76615 253 0 508 0 36 0 22391 0 794 726 1496 5655 0 0 0 46104 0 248 118 1 1 0 1258 26 2099 8602 4 210 33 1780 3 7153 0 11 25610 0 0 4971 513 4963 0 29987 6052 0 0 
0 0 0 0 73 5963 821 40 0 0 0 5 3613 0 21972 38267 0 4721 0 0 2 21716 0 0 222 0 0 0 71 0 979 0 1237 28311 0 8 25 0 0 0 0 7 0 0 46 29987 0 0 0 0 
13 5612 30762 151 21 0 0 0 13 1351 238 58290 552 3280 0 265 0 0 0 9787 802 9047 6456 1033 0 6 1 0 0 616 635 854 0 4049 0 799 0 637 54 0 0 20019 0 72 1307 6052 0 0 41490 0 
49751 0 0 0 0 0 44057 279 0 0 0 0 0 49 3 0 3613 0 1 279 2949 0 1198 1806 14408 2649 0 0 0 0 63 0 0 1 22 0 604 0 0 0 0 4305 0 0 50525 0 0 41490 0 0 
0 0 0 3914 13832 0 14 0 3862 83 7478 14 3243 0 0 0 0 3 16842 8780 0 15 728 189 0 36866 10 0 2 0 24317 466 10946 0 7283 0 48510 187 0 0 28 0 134 570 0 0 0 0 0 0 
0 0 881 0 71 837 3 0 10 0 0 41938 0 0 5 0 0 3766 94 200 9 0 256 1 0 8374 0 328 12300 76 1 23 0 0 41941 11633 109 1 411 0 0 4763 375 0 1 0 0 0 1 12 
0 0 1 0 0 26 0 0 0 0 85 8104 54545 0 362 1191 4 0 0 26146 69230 22 0 0 1186 0 0 0 0 96 0 1 60 350 4 12638 0 1251 0 0 0 1 0 0 17215 687 0 0 0 4 
881 1 0 4217 49199 254 69437 72 101 23 0 0 0 6 26 22239 34 0 0 0 0 0 0 3300 0 0 0 0 0 0 7896 0 0 2 0 0 0 0 0 69936 26408 0 67 0 90 0 122 0 44503 7516 
0 0 4217 0 15394 0 0 0 0 0 50 63 12 15 0 137 279 0 0 150 0 60385 0 12321 0 0 0 0 3718 11 0 82327 0 0 0 1762 1779 0 0 0 63 0 0 1171 0 390 12 5 4692 0 
71 0 49199 15394 0 41240 2587 0 0 136 15302 4263 0 8 0 0 5670 0 13 0 28 0 0 0 0 0 1 0 5957 33 0 8 0 3095 11936 2583 34490 0 56 1 99094 441 0 17847 125 0 0 0 884 313 
837 26 254 0 41240 0 0 202 0 0 0 1 7 0 0 0 0 10974 0 14 9 0 1 0 138 0 7 59 0 4 0 0 1309 0 2 0 0 0 0 1 0 832 0 0 0 0 0 0 1391 955 
3 0 69437 0 2587 0 0 4 0 17776 0 0 0 0 74442 0 111 0 513 0 0 47249 69 57049 0 0 0 15 562 111 0 66048 1933 29594 21 3988 0 395 7308 0 0 5045 500 0 0 18653 0 0 0 0 
0 0 72 0 0 202 4 0 422 7 181 0 0 0 1524 0 27 0 0 0 0 1 6 173 0 0 0 32 0 0 0 0 79599 0 0 1819 0 0 4440 0 25 248 0 36137 21835 0 0 229 696 0 
10 0 101 0 0 0 0 422 0 0 5071 0 0 111 0 0 84 0 0 0 87 0 173 2 1 0 0 2501 0 28 1 0 56174 734 0 0 3390 400 45 0 311 5595 54 17417 0 21671 0 20 12927 0 
0 0 23 0 136 0 17776 7 0 0 0 0 1086 56 0 0 317 0 0 5 381 0 0 0 65004 0 0 0 0 0 0 0 119 13 1685 0 1059 0 102 0 0 0 266 7 0 0 0 0 2 0 
0 85 0 50 15302 0 0 181 5071 0 0 245 0 83 8 0 0 0 0 0 79461 68389 3 0 64584 12 18674 0 989 528 0 12 1 32 0 9840 0 0 65 2715 753 1 58 0 0 7062 5 0 7872 0 
41938 8104 0 63 4263 1 0 0 0 0 245 0 2 24 3 0 0 358 0 0 397 7 0 0 0 0 411 769 0 0 4431 0 0 20624 0 40206 4623 0 0 0 1 7589 0 119 16 0 0 0 177 0 
0 54545 0 12 0 7 0 0 0 1086 0 2 0 2 2558 0 5 21 211 0 2073 0 418 6364 0 559 244 62660 3355 0 6411 1 0 0 0 0 6 588 20 158 1537 21 153 4 7 510 62 3 0 135 
0 0 6 15 8 0 0 0 111 56 83 24 2 0 46 1 16937 8 20 3945 0 0 2793 17 541 4809 2 0 0 0 0 0 0 2507 0 0 1 387 45697 1397 9 202 0 0 9562 0 7746 0 0 0 
5 362 26 0 0 0 74442 1524 0 0 8 3 2558 46 0 0 0 0 0 0 57 0 0 160 336 11 2376 0 0 2446 1444 764 15 1 0 2 0 0 11716 0 0 1981 0 0 0 0 0 8 0 62604 
0 1191 22239 137 0 0 0 0 0 0 0 0 0 1 0 0 0 4 0 67 0 471 62 1487 0 0 0 0 115 0 0 0 0 84784 2552 0 10121 0 0 21801 738 0 860 0 0 0 0 0 25828 0 
0 4 34 279 5670 0 111 27 84 317 0 0 5 16937 0 0 0 1804 0 17 0 5118 0 0 2492 0 0 642 43 0 0 1881 7 0 0 0 6 0 0 0 0 370 0 2 4 0 67108 80347 8 3744 
3766 0 0 0 0 10974 0 0 0 0 0 358 21 8 0 4 1804 0 1 0 609 0 0 27 47 0 349 14 0 0 0 114 147 0 0 0 0 197 252 0 0 0 40563 0 27016 71653 0 0 3539 8375 
94 0 0 0 13 0 513 0 0 0 0 0 211 20 0 0 0 1 0 38 3 0 0 94 0 0 18179 31630 0 0 1 15418 1878 3 0 95914 77924 0 0 59 17 35465 0 2668 19883 5739 61 1 0 0 
200 26146 0 150 0 14 0 0 0 5 0 0 0 3945 0 67 17 0 38 0 34415 0 2 0 197 6 7762 0 966 2 49 79029 0 211 0 67969 0 21889 0 121 16489 192 7 0 0 148 34 0 0 0 
9 69230 0 0 28 9 0 0 87 381 79461 397 2073 0 57 0 0 609 3 34415 0 1167 10 4734 0 55 0 90 1382 3501 0 508 0 41 39 2 12167 12938 0 0 22 445 0 0 0 0 0 0 35081 7 
0 22 0 60385 0 0 47249 1 0 0 68389 7 0 0 0 471 5118 0 0 0 1167 0 11899 0 0 13181 0 0 0 1 0 0 0 0 0 0 0 0 0 186 0 0 0 0 6020 2229 0 0 0 1190 
256 0 0 0 0 1 69 6 173 0 3 0 418 2793 0 62 0 0 0 2 10 11899 0 0 64429 33858 3338 198 0 0 136 0 1 4 151 161 0 359 881 8514 20147 0 0 0 0 2 367 0 0 2098 
1 0 3300 12321 0 0 57049 173 2 0 0 0 6364 17 160 1487 0 27 94 0 4734 0 0 0 19 0 0 8 0 0 79 0 0 0 0 0 0 6 18 0 0 1 0 0 0 0 9 89 0 150 
0 1186 0 0 0 138 0 0 1 65004 64584 0 0 541 336 0 2492 47 0 197 0 0 64429 19 0 10167 3705 246 0 0 105 2 24 2 1867 39958 0 178 0 0 0 0 8 0 0 0 0 4 0 9 
8374 0 0 0 0 0 0 0 0 0 12 0 559 4809 11 0 0 0 0 6 55 13181 33858 0 10167 0 0 0 0 45946 0 0 439 326 15834 357 0 624 0 0 1 0 0 0 2 0 79 0 0 0 
0 0 0 0 1 7 0 0 0 0 18674 411 244 2 2376 0 0 349 18179 7762 0 0 3338 0 3705 0 0 0 37 19 0 9580 751 0 0 0 0 0 0 1 1595 0 0 0 0 0 136 0 15542 0 
328 0 0 0 0 59 15 32 2501 0 0 769 62660 0 0 0 642 14 31630 0 90 0 198 8 246 0 0 0 0 0 0 175 0 22 28030 6467 68 0 43348 0 0 19616 0 0 0 0 607 93 0 2 
12300 0 0 3718 5957 0 562 0 0 0 989 0 3355 0 0 115 43 0 0 966 1382 0 0 0 0 0 37 0 0 0 2100 3 0 0 76452 0 0 0 0 5 19 0 0 0 0 50466 0 0 2 0 
76 96 0 11 33 4 111 0 28 0 528 0 0 0 2446 0 0 0 0 2 3501 1 0 0 0 45946 19 0 0 0 2 176 0 2095 180 0 0 4 0 0 0 0 214 71 10225 0 31633 0 1306 1 
1 0 7896 0 0 0 0 0 1 0 0 4431 6411 0 1444 0 0 0 1 49 0 0 136 79 105 0 0 0 2100 2 0 217 0 0 335 0 0 0 0 20291 0 0 1142 14584 0 0 0 0 4 0 
23 1 0 82327 8 0 66048 0 0 0 12 0 1 0 764 0 1881 114 15418 79029 508 0 0 0 2 0 9580 175 3 176 217 0 0 0 0 23803 34313 47747 86 0 5024 2 6444 0 258 0 23 0 0 12342 
0 60 0 0 0 1309 1933 79599 56174 119 1 0 0 0 15 0 7 147 1878 0 0 0 1 0 24 439 751 0 0 0 0 0 0 0 0 0 1299 0 0 2 341 0 0 0 48782 0 0 0 191 78064 
0 350 2 0 3095 0 29594 0 734 13 32 20624 0 2507 1 84784 0 0 3 211 41 0 4 0 2 326 0 22 0 2095 0 0 0 0 0 2049 33508 0 36 0 90 22 0 55522 305 139 0 0 0 36008 
41941 4 0 0 11936 2 21 0 0 1685 0 0 0 0 0 2552 0 0 0 0 39 0 151 0 1867 15834 0 28030 76452 180 335 0 0 0 0 20 671 0 0 4 1547 22 38820 8 0 0 471 1 0 0 
11633 12638 0 1762 2583 0 3988 1819 0 0 9840 40206 0 0 2 0 0 0 95914 67969 2 0 161 0 39958 357 0 6467 0 0 0 23803 0 2049 20 0 1630 0 48 0 3843 0 143 0 0 0 0 0 0 1 
109 0 0 1779 34490 0 0 0 3390 1059 0 4623 6 1 0 10121 6 0 77924 0 12167 0 0 0 0 0 0 68 0 0 0 34313 1299 33508 671 1630 0 29106 1718 24477 3136 0 0 56 0 0 0 4 22 0 
1 1251 0 0 0 0 395 0 400 0 0 0 588 387 0 0 0 197 0 21889 12938 0 359 6 178 624 0 0 0 4 0 47747 0 0 0 0 29106 0 0 155 5 4612 0 0 0 0 765 0 14529 0 
411 0 0 0 56 0 7308 4440 45 102 65 0 20 45697 11716 0 0 252 0 0 0 0 881 18 0 0 0 43348 0 0 0 86 0 36 0 48 1718 0 0 2 9780 0 0 5170 106 0 60 0 200 5557 
0 0 69936 0 1 1 0 0 0 0 2715 0 158 1397 0 21801 0 0 59 121 0 186 8514 0 0 0 1 0 5 0 20291 0 2 0 4 0 24477 155 2 0 1 0 3 0 0 0 1 1 4265 12 
0 0 26408 63 99094 0 0 25 311 0 753 1 1537 9 0 738 0 0 17 16489 22 0 20147 0 0 1 1595 0 19 0 0 5024 341 90 1547 3843 3136 5 9780 1 0 0 3 0 0 50 1885 23 0 0 
4763 1 0 0 441 832 5045 248 5595 0 1 7589 21 202 1981 0 370 0 35465 192 445 0 0 1 0 0 0 19616 0 0 0 2 0 22 22 0 0 4612 0 0 0 0 1 0 0 6473 44 0 0 0 
375 0 67 0 0 0 500 0 54 266 58 0 153 0 0 860 0 40563 0 7 0 0 0 0 8 0 0 0 0 214 1142 6444 0 0 38820 143 0 0 0 3 3 1 0 81 0 334 9 0 0 0 
0 0 0 1171 17847 0 0 36137 17417 7 0 119 4 0 0 0 2 0 2668 0 0 0 0 0 0 0 0 0 0 71 14584 0 0 55522 8 0 56 0 5170 0 0 0 81 0 4 0 26235 0 28450 0 
1 17215 90 0 125 0 0 21835 0 0 0 16 7 9562 0 0 4 27016 19883 0 0 6020 0 0 0 2 0 0 0 10225 0 258 48782 305 0 0 0 0 106 0 0 0 0 4 0 0 0 265 0 2 
0 687 0 390 0 0 18653 0 21671 0 7062 0 510 0 0 0 0 71653 5739 148 0 2229 2 0 0 0 0 0 50466 0 0 0 0 139 0 0 0 0 0 0 50 6473 334 0 0 0 0 0 423 7 
0 0 122 12 0 0 0 0 0 0 5 0 62 7746 0 0 67108 0 61 34 0 0 367 9 0 79 136 607 0 31633 0 23 0 0 471 0 0 765 60 1 1885 44 9 26235 0 0 0 0 1 471 
0 0 0 5 0 0 0 229 20 0 0 0 3 0 8 0 80347 0 1 0 0 0 0 89 4 0 0 93 0 0 0 0 0 0 1 0 4 0 0 1 23 0 0 0 265 0 0 0 0 30681 
1 0 44503 4692 884 1391 0 696 12927 2 7872 177 0 0 0 25828 8 3539 0 0 35081 0 0 0 0 0 15542 0 2 1306 4 0 191 0 0 0 22 14529 200 4265 0 0 0 28450 0 423 1 0 0 0 
12 4 7516 0 313 955 0 0 0 0 0 0 135 0 62604 0 3744 8375 0 0 7 1190 2098 150 9 0 0 2 0 1 0 12342 78064 36008 0 1 0 0 5557 12 0 0 0 0 2 7 471 30681 0 0 
