7 4
0 46 118 40 96 98 46 
46 0 88 10 53 127 3 
118 88 0 85 53 137 85 
40 10 85 0 56 117 8 
96 53 53 56 0 154 51 
98 127 137 117 154 0 125 
46 3 85 8 51 125 0 
0 0 5 0 39 0 0 
0 0 0 1279 1630 0 2682 
5 0 0 23 18486 0 0 
0 1279 23 0 61 0 119 
39 1630 18486 61 0 3317 0 
0 0 0 0 3317 0 0 
0 2682 0 119 0 0 0 
0 27304 0 14940 0 63 2211 
27304 0 750 0 0 40232 0 
0 750 0 0 0 1741 14929 
14940 0 0 0 0 130 0 
0 0 0 0 0 0 0 
63 40232 1741 130 0 0 7 
2211 0 14929 0 0 7 0 
0 34 4 7231 0 610 8 
34 0 98360 0 0 15874 0 
4 98360 0 0 0 21135 15676 
7231 0 0 0 0 239 0 
0 0 0 0 0 0 0 
610 15874 21135 239 0 0 3 
8 0 15676 0 0 3 0 
0 32670 0 12452 0 120 19883 
32670 0 302 0 0 15245 0 
0 302 0 0 0 2774 2979 
12452 0 0 0 0 28 0 
0 0 0 0 0 0 134 
120 15245 2774 28 0 0 89 
19883 0 2979 0 134 89 0 
