9 2
0 59 64 103 62 95 95 48 90 
59 0 70 49 40 62 36 46 31 
64 70 0 118 33 51 89 98 88 
103 49 118 0 85 94 38 68 34 
62 40 33 85 0 33 56 78 55 
95 62 51 94 33 0 57 107 59 
95 36 89 38 56 57 0 77 6 
48 46 98 68 78 107 77 0 71 
90 31 88 34 55 59 6 71 0 
0 1173 0 13594 3 0 0 0 0 
1173 0 0 0 0 4 5 82 4879 
0 0 0 428 4 290 0 0 0 
13594 0 428 0 0 6076 0 0 7 
3 0 4 0 0 47 0 0 16814 
0 4 290 6076 47 0 5216 110 3 
0 5 0 0 0 5216 0 33 0 
0 82 0 0 0 110 33 0 0 
0 4879 0 7 16814 3 0 0 0 
0 0 81 0 123 3 0 2180 6717 
0 0 0 0 0 10 128 0 0 
81 0 0 0 1568 0 8 0 501 
0 0 0 0 68535 0 0 0 0 
123 0 1568 68535 0 0 22 7776 3940 
3 10 0 0 0 0 558 43 0 
0 128 8 0 22 558 0 23911 106 
2180 0 0 0 7776 43 23911 0 1 
6717 0 501 0 3940 0 106 1 0 
