10 2
0 46 118 40 96 98 46 64 2 33 
46 0 88 10 53 127 3 66 48 60 
118 88 0 85 53 137 85 71 120 144 
40 10 85 0 56 117 8 56 42 59 
96 53 53 56 0 154 51 82 98 112 
98 127 137 117 154 0 125 72 99 127 
46 3 85 8 51 125 0 63 48 61 
64 66 71 56 82 72 63 0 66 97 
2 48 120 42 98 99 48 66 0 32 
33 60 144 59 112 127 61 97 32 0 
0 84 0 0 0 10507 0 2 1919 38747 
84 0 0 0 6083 40 0 0 0 0 
0 0 0 0 0 1330 173 0 19 0 
0 0 0 0 0 2 0 11 1 61 
0 6083 0 0 0 0 0 0 0 8 
10507 40 1330 2 0 0 0 0 0 0 
0 0 173 0 0 0 0 0 0 136 
2 0 0 11 0 0 0 0 69 0 
1919 0 19 1 0 0 0 69 0 0 
38747 0 0 61 8 0 136 0 0 0 
0 0 5713 3780 61607 0 86020 0 0 0 
0 0 24 859 0 0 3 2 795 673 
5713 24 0 6233 29245 0 0 21 0 87656 
3780 859 6233 0 23 0 1654 0 0 0 
61607 0 29245 23 0 10 2294 2333 6 0 
0 0 0 0 10 0 29 2724 14652 1 
86020 3 0 1654 2294 29 0 9821 5702 0 
0 2 21 0 2333 2724 9821 0 0 2 
0 795 0 0 6 14652 5702 0 0 3279 
0 673 87656 0 0 1 0 2 3279 0 
