20 2
0 123 17 72 89 90 77 84 122 70 141 118 117 117 58 85 94 145 69 99 
123 0 116 51 121 48 96 115 59 63 25 47 40 16 64 39 31 87 58 23 
17 116 0 64 101 90 86 66 108 71 133 119 117 113 52 81 90 150 68 93 
72 51 64 0 97 39 71 77 62 33 69 64 60 49 13 21 29 104 24 28 
89 121 101 97 0 73 26 158 158 64 146 84 88 106 88 88 93 82 73 107 
90 48 90 39 73 0 47 116 91 20 73 28 27 34 42 20 20 64 22 35 
77 96 86 71 26 47 0 136 132 38 121 63 66 81 63 62 67 73 47 81 
84 115 66 77 158 116 136 0 73 105 118 141 136 120 76 98 104 181 98 96 
122 59 108 62 158 91 132 73 0 94 51 103 96 73 74 71 70 145 85 56 
70 63 71 33 64 20 38 105 94 0 87 48 47 52 29 25 32 79 8 44 
141 25 133 69 146 73 121 118 51 87 0 70 64 41 83 62 55 108 81 43 
118 47 119 64 84 28 63 141 103 48 70 0 6 30 70 43 37 42 50 48 
117 40 117 60 88 27 66 136 96 47 64 6 0 24 67 39 32 48 48 42 
117 16 113 49 106 34 81 120 73 52 41 30 24 0 60 31 22 72 48 24 
58 64 52 13 88 42 63 76 74 29 83 70 67 60 0 29 38 107 21 41 
85 39 81 21 88 20 62 98 71 25 62 43 39 31 29 0 9 83 18 19 
94 31 90 29 93 20 67 104 70 32 55 37 32 22 38 9 0 79 27 14 
145 87 150 104 82 64 73 181 145 79 108 42 48 72 107 83 79 0 85 91 
69 58 68 24 73 22 47 98 85 8 81 50 48 48 21 18 27 85 0 37 
99 23 93 28 107 35 81 96 56 44 43 48 42 24 41 19 14 91 37 0 
0 8 57 0 132 330 0 747 60483 0 0 0 0 0 0 108 31 63334 0 1 
8 0 2 2318 0 104 14 818 30 0 0 0 38 0 0 0 102 56 3 0 
57 2 0 10 0 2 0 0 0 0 8 0 10 74 6388 56 4 0 0 0 
0 2318 10 0 0 0 0 166 0 29 37 128 0 2408 0 0 6646 2 0 1 
132 0 0 0 0 0 0 39732 5 4234 0 3272 0 0 0 74 0 0 3806 1 
330 104 2 0 0 0 0 0 53168 34999 5485 1 0 0 194 75 0 151 5172 9060 
0 14 0 0 0 0 0 0 0 0 0 0 4 3 0 2 0 0 0 0 
747 818 0 166 39732 0 0 0 0 0 1 0 756 0 0 2507 0 116 3 0 
60483 30 0 0 5 53168 0 0 0 1884 0 151 0 3884 0 0 12228 0 6918 0 
0 0 0 29 4234 34999 0 0 1884 0 34018 0 70 0 475 0 0 3022 2 0 
0 0 8 37 0 5485 0 1 0 34018 0 0 0 24181 0 81 4572 0 0 6473 
0 0 0 128 3272 1 0 0 151 0 0 0 0 615 1 0 131 54 159 0 
0 38 10 0 0 0 4 756 0 70 0 0 0 0 0 0 2 3 0 2 
0 0 74 2408 0 0 3 0 3884 0 24181 615 0 0 0 0 0 93 362 160 
0 0 6388 0 0 194 0 0 0 475 0 1 0 0 0 0 64012 20903 3388 6 
108 0 56 0 74 75 2 2507 0 0 81 0 0 0 0 0 0 0 1901 2592 
31 102 4 6646 0 0 0 0 12228 0 4572 131 2 0 64012 0 0 0 1986 49 
63334 56 0 2 0 151 0 116 0 3022 0 54 3 93 20903 0 0 0 30 12 
0 3 0 0 3806 5172 0 3 6918 2 0 159 0 362 3388 1901 1986 30 0 1 
1 0 0 1 1 9060 0 0 0 0 6473 0 2 160 6 2592 49 12 1 0 
0 0 0 93049 0 0 1513 0 0 65 105 3 16 13 613 0 0 0 6 0 
0 0 0 0 27 0 1 0 0 4380 65 14 0 52174 918 107 0 0 0 279 
0 0 0 0 402 0 132 11243 26 51 0 14486 0 0 0 0 0 3 1 5670 
93049 0 0 0 0 0 217 0 1 0 0 0 8480 0 31 168 0 125 63789 0 
0 27 402 0 0 154 5 0 0 0 1218 0 17776 158 28 0 24 2892 0 0 
0 0 0 0 154 0 3446 64218 0 0 0 0 7 1981 0 0 2 0 0 0 
1513 1 132 217 5 3446 0 20539 33 1 5848 296 0 0 1 0 5338 689 4 317 
0 0 11243 0 0 64218 20539 0 21 191 0 59 0 28176 63 0 24 0 0 14415 
0 0 26 1 0 0 33 21 0 0 2363 0 575 0 230 1086 0 10 0 722 
65 4380 51 0 0 0 1 191 0 0 0 1 0 2 0 119 1 0 0 16937 
105 65 0 0 1218 0 5848 0 2363 0 0 3 1 0 19353 0 0 45 45 0 
3 14 14486 0 0 0 296 59 0 1 3 0 2 0 0 1 0 0 0 1427 
16 0 0 8480 17776 7 0 0 575 0 1 2 0 63502 3 555 0 0 4574 0 
13 52174 0 0 158 1981 0 28176 0 2 0 0 63502 0 37157 75587 163 0 0 0 
613 918 0 31 28 0 1 63 230 0 19353 0 3 37157 0 5 0 0 0 0 
0 107 0 168 0 0 0 0 1086 119 0 1 555 75587 5 0 5525 379 0 0 
0 0 0 0 24 2 5338 24 0 1 0 0 0 163 0 5525 0 11 0 0 
0 0 3 125 2892 0 689 0 10 0 45 0 0 0 0 379 11 0 0 0 
6 0 1 63789 0 0 4 0 0 0 45 0 4574 0 0 0 0 0 0 0 
0 279 5670 0 0 0 317 14415 722 16937 0 1427 0 0 0 0 0 0 0 0 
