9 2
0 46 118 40 96 98 46 64 2 
46 0 88 10 53 127 3 66 48 
118 88 0 85 53 137 85 71 120 
40 10 85 0 56 117 8 56 42 
96 53 53 56 0 154 51 82 98 
98 127 137 117 154 0 125 72 99 
46 3 85 8 51 125 0 63 48 
64 66 71 56 82 72 63 0 66 
2 48 120 42 98 99 48 66 0 
0 0 1 0 2 0 40 0 0 
0 0 0 341 2 0 1330 0 2 
1 0 0 143 1821 53 2 173 0 
0 341 143 0 0 0 0 0 0 
2 2 1821 0 0 1 2 0 11 
0 0 53 0 1 0 0 0 0 
40 1330 2 0 2 0 0 0 0 
0 0 173 0 0 0 0 0 0 
0 2 0 0 11 0 0 0 0 
0 271 0 2 0 29245 0 86020 5921 
271 0 7 0 0 23 0 3 0 
0 7 0 0 0 0 0 0 2 
2 0 0 0 32851 2 10 1654 21 
0 0 0 32851 0 0 0 2294 0 
29245 23 0 2 0 0 191 29 2333 
0 0 0 10 0 191 0 25071 2724 
86020 3 0 1654 2294 29 25071 0 9821 
5921 0 2 21 0 2333 2724 9821 0 
