20 3
0 123 17 72 89 90 77 84 122 70 141 118 117 117 58 85 94 145 69 99 
123 0 116 51 121 48 96 115 59 63 25 47 40 16 64 39 31 87 58 23 
17 116 0 64 101 90 86 66 108 71 133 119 117 113 52 81 90 150 68 93 
72 51 64 0 97 39 71 77 62 33 69 64 60 49 13 21 29 104 24 28 
89 121 101 97 0 73 26 158 158 64 146 84 88 106 88 88 93 82 73 107 
90 48 90 39 73 0 47 116 91 20 73 28 27 34 42 20 20 64 22 35 
77 96 86 71 26 47 0 136 132 38 121 63 66 81 63 62 67 73 47 81 
84 115 66 77 158 116 136 0 73 105 118 141 136 120 76 98 104 181 98 96 
122 59 108 62 158 91 132 73 0 94 51 103 96 73 74 71 70 145 85 56 
70 63 71 33 64 20 38 105 94 0 87 48 47 52 29 25 32 79 8 44 
141 25 133 69 146 73 121 118 51 87 0 70 64 41 83 62 55 108 81 43 
118 47 119 64 84 28 63 141 103 48 70 0 6 30 70 43 37 42 50 48 
117 40 117 60 88 27 66 136 96 47 64 6 0 24 67 39 32 48 48 42 
117 16 113 49 106 34 81 120 73 52 41 30 24 0 60 31 22 72 48 24 
58 64 52 13 88 42 63 76 74 29 83 70 67 60 0 29 38 107 21 41 
85 39 81 21 88 20 62 98 71 25 62 43 39 31 29 0 9 83 18 19 
94 31 90 29 93 20 67 104 70 32 55 37 32 22 38 9 0 79 27 14 
145 87 150 104 82 64 73 181 145 79 108 42 48 72 107 83 79 0 85 91 
69 58 68 24 73 22 47 98 85 8 81 50 48 48 21 18 27 85 0 37 
99 23 93 28 107 35 81 96 56 44 43 48 42 24 41 19 14 91 37 0 
0 0 0 0 0 0 21 0 1 0 0 24 2914 0 357 0 0 3 67108 29 
0 0 0 0 175 2 19 5 507 122 10588 0 1114 1 0 1 0 493 0 0 
0 0 0 0 0 2507 32044 0 0 11 94603 11 31 0 0 302 4 0 9724 0 
0 0 0 0 213 0 0 0 38 75611 0 528 0 0 20 0 0 6487 3716 0 
0 175 0 213 0 0 0 22714 57 49 1334 371 0 0 0 0 28 3 13 1 
0 2 2507 0 0 0 0 0 0 0 160 0 49 61 0 0 2 4315 422 0 
21 19 32044 0 0 0 0 0 0 0 0 577 11 2773 0 21801 0 0 0 2 
0 5 0 0 22714 0 0 0 0 10 0 17065 1613 0 0 101 500 0 0 0 
1 507 0 38 57 0 0 0 0 4 60 0 54661 0 77 1 7 0 1 0 
0 122 11 75611 49 0 0 10 4 0 0 966 1 57736 2 0 0 18 0 0 
0 10588 94603 0 1334 160 0 0 60 0 0 12 0 0 0 98197 214 0 124 0 
24 0 11 528 371 0 577 17065 0 966 12 0 0 0 0 1 142 923 0 3 
2914 1114 31 0 0 49 11 1613 54661 1 0 0 0 0 0 73 113 0 0 6201 
0 1 0 0 0 61 2773 0 0 57736 0 0 0 0 2 374 0 0 705 6350 
357 0 0 20 0 0 0 0 77 2 0 0 0 2 0 0 0 169 22 0 
0 1 302 0 0 0 21801 101 1 0 98197 1 73 374 0 0 29 325 34966 3784 
0 0 4 0 28 2 0 500 7 0 214 142 113 0 0 29 0 4971 2823 153 
3 493 0 6487 3 4315 0 0 0 18 0 923 0 0 169 325 4971 0 136 8993 
67108 0 9724 3716 13 422 0 0 1 0 124 0 0 705 22 34966 2823 136 0 0 
29 0 0 0 1 0 2 0 0 0 0 3 6201 6350 0 3784 153 8993 0 0 
0 26 3446 53597 0 8323 0 350 1 3 104 0 0 76 0 12 2 0 0 0 
26 0 26 48 0 24 0 0 0 0 0 14824 0 19 1 0 16 0 132 12385 
3446 26 0 3 2 0 0 1355 0 0 0 0 0 1706 92 0 0 0 0 11644 
53597 48 3 0 0 71 982 255 0 0 55 0 10755 95 0 2200 1904 0 0 6 
0 0 2 0 0 609 415 0 0 5 0 0 161 11 3546 139 3 0 0 0 
8323 24 0 71 609 0 11 78485 56 1546 0 4 0 0 6 91 0 0 0 939 
0 0 0 982 415 11 0 2851 102 51 1 0 0 0 221 0 21 3054 588 0 
350 0 1355 255 0 78485 2851 0 46 0 17259 0 0 5922 27735 0 0 5036 55119 67 
1 0 0 0 0 56 102 46 0 0 0 56131 0 1 0 0 0 87971 0 0 
3 0 0 0 5 1546 51 0 0 0 319 0 3 0 5 1837 7394 0 9534 454 
104 0 0 55 0 0 1 17259 0 319 0 4 621 302 69048 0 0 13 0 810 
0 14824 0 0 0 4 0 0 56131 0 4 0 21077 4416 0 39 0 0 8 0 
0 0 0 10755 161 0 0 0 0 3 621 21077 0 9020 7520 0 0 815 802 0 
76 19 1706 95 11 0 0 5922 1 0 302 4416 9020 0 0 0 22 94 0 0 
0 1 92 0 3546 6 221 27735 0 5 69048 0 7520 0 0 6173 5408 0 0 104 
12 0 0 2200 139 91 0 0 0 1837 0 39 0 0 6173 0 0 0 0 0 
2 16 0 1904 3 0 21 0 0 7394 0 0 0 22 5408 0 0 0 0 0 
0 0 0 0 0 0 3054 5036 87971 0 13 0 815 94 0 0 0 0 0 0 
0 132 0 0 0 0 588 55119 0 9534 0 8 802 0 0 0 0 0 0 13607 
0 12385 11644 6 0 939 0 67 0 454 810 0 0 0 104 0 0 0 13607 0 
0 74 138 455 2 4762 0 6045 0 24 9 0 0 934 0 682 10 0 0 0 
74 0 34 45 0 0 0 4 0 0 0 6161 0 5 8 44 20 0 1111 22690 
138 34 0 12 71 0 0 0 4 0 0 0 0 54813 64 0 0 0 0 737 
455 45 12 0 0 28 66 25 0 0 0 0 74 1454 0 717 369 0 0 3 
2 0 71 0 0 72 379 0 0 0 0 0 9 0 15774 313 0 0 0 0 
4762 0 0 28 72 0 129 1178 21 4413 0 4767 0 25 0 3997 0 0 0 35321 
0 0 0 66 379 129 0 9115 26 110 12 0 1 0 41 0 153 1688 46 20 
6045 4 0 25 0 1178 9115 0 0 0 4174 0 0 4 6 4 0 17337 60782 107 
0 0 4 0 0 21 26 0 0 0 0 24640 0 33 0 3 0 3451 4 35 
24 0 0 0 0 4413 110 0 0 0 368 0 2 0 20 8033 147 0 4055 0 
9 0 0 0 0 0 12 4174 0 368 0 0 12 5131 2298 0 0 0 0 213 
0 6161 0 0 0 4767 0 0 24640 0 0 0 24296 16743 2 0 0 0 3 0 
0 0 0 74 9 0 1 0 0 2 12 24296 0 2903 1393 0 0 64 10496 0 
934 5 54813 1454 0 25 0 4 33 0 5131 16743 2903 0 1 0 3215 3957 0 0 
0 8 64 0 15774 0 41 6 0 20 2298 2 1393 1 0 6975 24408 0 0 5205 
682 44 0 717 313 3997 0 4 3 8033 0 0 0 0 6975 0 0 0 0 0 
10 20 0 369 0 0 153 0 0 147 0 0 0 3215 24408 0 0 0 0 0 
0 0 0 0 0 0 1688 17337 3451 0 0 0 64 3957 0 0 0 0 0 0 
0 1111 0 0 0 0 46 60782 4 4055 0 3 10496 0 0 0 0 0 0 4315 
0 22690 737 3 0 35321 20 107 35 0 213 0 0 0 5205 0 0 0 4315 0 
