15 4
0 123 17 72 89 90 77 84 122 70 141 118 117 117 58 
123 0 116 51 121 48 96 115 59 63 25 47 40 16 64 
17 116 0 64 101 90 86 66 108 71 133 119 117 113 52 
72 51 64 0 97 39 71 77 62 33 69 64 60 49 13 
89 121 101 97 0 73 26 158 158 64 146 84 88 106 88 
90 48 90 39 73 0 47 116 91 20 73 28 27 34 42 
77 96 86 71 26 47 0 136 132 38 121 63 66 81 63 
84 115 66 77 158 116 136 0 73 105 118 141 136 120 76 
122 59 108 62 158 91 132 73 0 94 51 103 96 73 74 
70 63 71 33 64 20 38 105 94 0 87 48 47 52 29 
141 25 133 69 146 73 121 118 51 87 0 70 64 41 83 
118 47 119 64 84 28 63 141 103 48 70 0 6 30 70 
117 40 117 60 88 27 66 136 96 47 64 6 0 24 67 
117 16 113 49 106 34 81 120 73 52 41 30 24 0 60 
58 64 52 13 88 42 63 76 74 29 83 70 67 60 0 
0 1 0 0 0 0 0 1424 14 0 0 5 2 87918 646 
1 0 0 0 3016 0 93 0 0 126 661 0 7166 0 57470 
0 0 0 0 1 7802 4397 2 0 0 0 1526 0 0 0 
0 0 0 0 0 0 1991 194 1434 1 0 1 12 0 0 
0 3016 1 0 0 0 0 15 4709 0 0 0 0 0 650 
0 0 7802 0 0 0 21 0 242 0 3 0 0 4 3 
0 93 4397 1991 0 21 0 1 74 34 0 0 0 2098 0 
1424 0 2 194 15 0 1 0 0 0 0 26 658 11409 1070 
14 0 0 1434 4709 242 74 0 0 0 0 7921 5485 0 0 
0 126 0 1 0 0 34 0 0 0 0 154 1 326 0 
0 661 0 0 0 3 0 0 0 0 0 657 27094 0 902 
5 0 1526 1 0 0 0 26 7921 154 657 0 5301 152 0 
2 7166 0 12 0 0 0 658 5485 1 27094 5301 0 2257 1 
87918 0 0 0 0 4 2098 11409 0 326 0 152 2257 0 1 
646 57470 0 0 650 3 0 1070 0 0 902 0 1 1 0 
0 0 0 0 68 37201 0 0 0 26 1 0 0 0 0 
0 0 4766 0 0 8 1658 2775 0 1828 0 872 0 13903 0 
0 4766 0 0 0 31 0 0 2404 0 1300 0 79861 12849 0 
0 0 0 0 5057 0 0 0 4186 0 21 0 0 35466 70155 
68 0 0 5057 0 719 5 0 0 868 0 51492 40037 0 66 
37201 8 31 0 719 0 67094 1 3975 60 0 2 23 0 0 
0 1658 0 0 5 67094 0 6 0 18 69437 0 165 0 0 
0 2775 0 0 0 1 6 0 13 0 0 0 0 0 0 
0 0 2404 4186 0 3975 0 13 0 4041 4 26935 2428 422 52 
26 1828 0 0 868 60 18 0 4041 0 43920 0 0 490 5 
1 0 1300 21 0 0 69437 0 4 43920 0 0 0 0 17156 
0 872 0 0 51492 2 0 0 26935 0 0 0 0 0 259 
0 0 79861 0 40037 23 165 0 2428 0 0 0 0 0 0 
0 13903 12849 35466 0 0 0 0 422 490 0 0 0 0 0 
0 0 0 70155 66 0 0 0 52 5 17156 259 0 0 0 
0 56191 0 2 25301 0 4217 0 0 0 81231 0 0 0 0 
56191 0 0 1258 210 6 0 0 0 0 15207 12210 0 158 0 
0 0 0 2 0 0 0 0 5769 3878 36484 1031 2656 1 40 
2 1258 2 0 0 59489 0 0 0 0 0 0 1188 5790 1 
25301 210 0 0 0 0 2834 558 0 1967 12531 129 717 3 0 
0 6 0 59489 0 0 0 18289 3 3436 6241 6014 91561 0 385 
4217 0 0 0 2834 0 0 0 0 0 31530 34 50523 0 0 
0 0 0 0 558 18289 0 0 65 0 72962 0 119 0 21705 
0 0 5769 0 0 3 0 65 0 58 11375 0 1094 0 0 
0 0 3878 0 1967 3436 0 0 58 0 1524 0 55 10 10614 
81231 15207 36484 0 12531 6241 31530 72962 11375 1524 0 0 0 1 515 
0 12210 1031 0 129 6014 34 0 0 0 0 0 0 0 7 
0 0 2656 1188 717 91561 50523 119 1094 55 0 0 0 0 1 
0 158 1 5790 3 0 0 0 0 10 1 0 0 0 0 
0 0 40 1 0 385 0 21705 0 10614 515 7 1 0 0 
0 183 52 2143 4417 18199 0 0 0 6814 8 0 0 0 1679 
183 0 117 4424 25 152 0 500 0 4218 4 5613 0 3 0 
52 117 0 68 0 0 0 0 4408 45 0 0 16999 0 0 
2143 4424 68 0 120 12696 0 0 0 9493 4 0 0 0 17 
4417 25 0 120 0 230 0 0 0 0 0 24 0 10 0 
18199 152 0 12696 230 0 0 79 33773 91 0 0 1149 0 0 
0 0 0 0 0 0 0 10620 0 146 66 0 4 0 0 
0 500 0 0 0 79 10620 0 53 15 2117 0 0 0 0 
0 0 4408 0 0 33773 0 53 0 2 0 0 0 719 34935 
6814 4218 45 9493 0 91 146 15 2 0 1636 0 0 136 363 
8 4 0 4 0 0 66 2117 0 1636 0 5995 2 4233 0 
0 5613 0 0 24 0 0 0 0 0 5995 0 0 24990 76 
0 0 16999 0 0 1149 4 0 0 0 2 0 0 0 0 
0 3 0 0 10 0 0 0 719 136 4233 24990 0 0 0 
1679 0 0 17 0 0 0 0 34935 363 0 76 0 0 0 
