40 4
0 123 17 72 89 90 77 84 122 70 141 118 117 117 58 85 94 145 69 99 137 99 30 139 114 56 50 94 70 158 148 87 53 161 64 94 106 62 87 81 
123 0 116 51 121 48 96 115 59 63 25 47 40 16 64 39 31 87 58 23 83 33 103 24 65 67 92 40 53 45 35 36 95 46 119 29 43 89 107 43 
17 116 0 64 101 90 86 66 108 71 133 119 117 113 52 81 90 150 68 93 122 97 14 135 118 53 57 84 66 154 139 82 62 151 46 88 94 69 69 78 
72 51 64 0 97 39 71 77 62 33 69 64 60 49 13 21 29 104 24 28 84 38 52 71 72 21 53 26 13 91 77 19 58 89 74 23 41 56 72 18 
89 121 101 97 0 73 26 158 158 64 146 84 88 106 88 88 93 82 73 107 181 88 104 121 67 78 49 121 84 131 156 94 43 167 143 101 136 41 157 86 
90 48 90 39 73 0 47 116 91 20 73 28 27 34 42 20 20 64 22 35 115 15 82 53 32 38 48 55 28 69 83 26 49 95 111 30 68 42 111 21 
77 96 86 71 26 47 0 136 132 38 121 63 66 81 63 62 67 73 47 81 155 62 85 98 49 54 29 95 58 110 130 68 24 142 124 75 110 17 134 60 
84 115 66 77 158 116 136 0 73 105 118 141 136 120 76 98 104 181 98 96 73 114 56 139 149 84 109 75 89 160 120 94 114 129 22 95 74 118 9 96 
122 59 108 62 158 91 132 73 0 94 51 103 96 73 74 71 70 145 85 56 25 79 93 83 118 83 115 37 74 101 50 65 120 57 87 60 22 118 63 72 
70 63 71 33 64 20 38 105 94 0 87 48 47 52 29 25 32 79 8 44 117 32 64 72 47 21 28 56 20 89 96 31 31 108 97 38 71 26 102 23 
141 25 133 69 146 73 121 118 51 87 0 70 64 41 83 62 55 108 81 43 71 58 119 37 89 88 115 49 74 52 10 57 118 21 127 50 44 113 110 65 
118 47 119 64 84 28 63 141 103 48 70 0 6 30 70 43 37 42 50 48 128 26 110 38 19 66 73 72 55 47 80 46 73 90 138 47 82 64 135 45 
117 40 117 60 88 27 66 136 96 47 64 6 0 24 67 39 32 48 48 42 121 22 108 32 25 64 74 66 52 44 73 42 75 83 134 41 76 66 130 42 
117 16 113 49 106 34 81 120 73 52 41 30 24 0 60 31 22 72 48 24 98 19 101 21 48 61 81 46 46 42 51 31 83 62 122 26 54 76 113 35 
58 64 52 13 88 42 63 76 74 29 83 70 67 60 0 29 38 107 21 41 95 45 41 82 74 9 41 39 15 102 90 29 47 103 69 35 53 47 72 25 
85 39 81 21 88 20 62 98 71 25 62 43 39 31 29 0 9 83 18 19 96 17 70 53 51 29 52 34 14 73 71 6 56 83 95 13 49 51 92 3 
94 31 90 29 93 20 67 104 70 32 55 37 32 22 38 9 0 79 27 14 95 10 79 44 48 38 60 36 24 64 64 10 64 76 103 10 48 58 98 13 
145 87 150 104 82 64 73 181 145 79 108 42 48 72 107 83 79 0 85 91 170 68 144 71 32 101 95 114 92 67 117 88 93 125 176 89 125 84 176 85 
69 58 68 24 73 22 47 98 85 8 81 50 48 48 21 18 27 85 0 37 108 30 60 70 52 16 34 48 11 88 90 23 38 102 91 31 63 34 94 15 
99 23 93 28 107 35 81 96 56 44 43 48 42 24 41 19 14 91 37 0 81 23 80 43 62 45 71 23 30 64 52 13 75 65 98 6 34 70 89 21 
137 83 122 84 181 115 155 73 25 117 71 128 121 98 95 96 95 170 108 81 0 104 107 106 143 104 136 61 97 123 67 89 142 71 92 85 47 141 64 96 
99 33 97 38 88 15 62 114 79 32 58 26 22 19 45 17 10 68 30 23 104 0 87 40 38 44 61 46 30 58 68 19 63 79 112 20 58 56 108 20 
30 103 14 52 104 82 85 56 93 64 119 110 108 101 41 70 79 144 60 80 107 87 0 123 111 44 56 70 56 143 125 70 61 137 39 76 80 68 58 67 
139 24 135 71 121 53 98 139 83 72 37 38 32 21 82 53 44 71 70 43 106 40 123 0 57 83 101 64 68 21 46 52 103 54 142 47 68 95 131 57 
114 65 118 72 67 32 49 149 118 47 89 19 25 48 74 51 48 32 52 62 143 38 111 57 0 68 66 84 60 63 99 57 65 109 143 59 97 55 144 53 
56 67 53 21 78 38 54 84 83 21 88 66 64 61 9 29 38 101 16 45 104 44 44 83 68 0 32 47 14 102 96 31 37 109 75 39 62 37 81 25 
50 92 57 53 49 48 29 109 115 28 115 73 74 81 41 52 60 95 34 71 136 61 56 101 66 32 0 79 42 117 124 57 5 136 95 65 94 12 107 49 
94 40 84 26 121 55 95 75 37 56 49 72 66 46 39 34 36 114 48 23 61 46 70 64 84 47 79 0 37 85 55 28 84 67 79 25 15 81 67 35 
70 53 66 13 84 28 58 89 74 20 74 55 52 46 15 14 24 92 11 30 97 30 56 68 60 14 42 37 0 88 82 17 47 95 83 24 52 44 84 11 
158 45 154 91 131 69 110 160 101 89 52 47 44 42 102 73 64 67 88 64 123 58 143 21 63 102 117 85 88 0 58 73 118 62 163 68 88 110 152 76 
148 35 139 77 156 83 130 120 50 96 10 80 73 51 90 71 64 117 90 52 67 68 125 46 99 96 124 55 82 58 0 66 128 12 130 58 47 122 111 74 
87 36 82 19 94 26 68 94 65 31 57 46 42 31 29 6 10 88 23 13 89 19 70 52 57 31 57 28 17 73 66 0 61 78 93 7 42 57 88 8 
53 95 62 58 43 49 24 114 120 31 118 73 75 83 47 56 64 93 38 75 142 63 61 103 65 37 5 84 47 118 128 61 0 140 100 69 99 9 113 53 
161 46 151 89 167 95 142 129 57 108 21 90 83 62 103 83 76 125 102 65 71 79 137 54 109 109 136 67 95 62 12 78 140 0 141 71 58 134 120 86 
64 119 46 74 143 111 124 22 87 97 127 138 134 122 69 95 103 176 91 98 92 112 39 142 143 75 95 79 83 163 130 93 100 141 0 96 82 106 28 92 
94 29 88 23 101 30 75 95 60 38 50 47 41 26 35 13 10 89 31 6 85 20 76 47 59 39 65 25 24 68 58 7 69 71 96 0 38 64 89 15 
106 43 94 41 136 68 110 74 22 71 44 82 76 54 53 49 48 125 63 34 47 58 80 68 97 62 94 15 52 88 47 42 99 58 82 38 0 96 65 49 
62 89 69 56 41 42 17 118 118 26 113 64 66 76 47 51 58 84 34 70 141 56 68 95 55 37 12 81 44 110 122 57 9 134 106 64 96 0 116 49 
87 107 69 72 157 111 134 9 63 102 110 135 130 113 72 92 98 176 94 89 64 108 58 131 144 81 107 67 84 152 111 88 113 120 28 89 65 116 0 90 
81 43 78 18 86 21 60 96 72 23 65 45 42 35 25 3 13 85 15 21 96 20 67 57 53 25 49 35 11 76 74 8 53 86 92 15 49 49 90 0 
0 10 137 0 0 0 7478 29628 340 0 641 0 0 0 0 76757 1608 1389 1813 35 57671 797 0 0 0 2 0 55 0 45730 1 5414 0 53845 0 18018 260 12 0 0 
10 0 0 0 0 23 15 0 185 0 1 0 0 8 87 6683 24785 0 58 479 17939 347 62 0 7713 1 0 0 0 90 163 7 7412 0 20109 27 10 9 47 1 
137 0 0 0 15 363 1 0 0 61 0 0 1 123 0 0 5743 5 0 0 0 433 0 1 12438 547 0 941 1 835 0 860 1 11230 12 2 0 1 0 6018 
0 0 0 0 0 23110 603 0 43 3 70 0 503 0 1173 0 0 0 2 0 3 443 0 2 0 109 17780 92967 0 31 65507 26440 0 1 1 0 0 8859 20209 2653 
0 0 15 0 0 0 0 0 0 41 2229 5284 570 78 0 4393 0 0 1 238 9086 0 73 0 0 161 0 0 0 33 0 0 2 0 0 0 0 0 0 1 
0 23 363 23110 0 0 0 568 689 77537 25525 2448 21 1447 0 0 243 365 3152 0 5 0 790 43856 0 284 706 2262 7 30489 0 64 55562 43592 14 20997 147 42369 718 0 
7478 15 1 603 0 0 0 0 3 174 10 960 0 0 1 1290 2794 592 307 2526 0 1819 18 34 2 0 0 0 0 326 0 4 1 118 124 0 487 0 61046 0 
29628 0 0 0 0 568 0 0 210 0 0 6059 0 1874 5 0 0 0 0 0 0 34817 12950 93 30835 44917 2 1190 12 0 0 0 80 18488 2 1590 154 48 8473 0 
340 185 0 43 0 689 3 210 0 0 1201 162 0 46855 785 0 19842 0 0 0 130 0 0 0 24 1 0 5901 93 262 47050 0 272 1030 12375 0 49724 164 0 0 
0 0 61 3 41 77537 174 0 0 0 0 0 0 0 0 23578 0 0 0 11 6 792 14435 0 0 253 1 0 1074 0 36635 56 0 7 0 277 0 0 0 187 
641 1 0 70 2229 25525 10 0 1201 0 0 1593 1 226 0 1 0 0 0 0 0 0 2 0 1 30 0 4497 63780 0 2799 0 17986 318 27619 54870 55 1 0 0 
0 0 0 0 5284 2448 960 6059 162 0 1593 0 9636 0 62 0 69 0 0 11 40123 0 0 0 0 3 0 0 413 40766 0 0 32 1031 0 0 44984 0 0 0 
0 0 1 503 570 21 0 0 0 0 1 9636 0 520 28349 0 37 1 0 0 8709 0 0 0 141 0 2569 0 0 0 0 23 28836 0 1 0 0 15995 40972 0 
0 8 123 0 78 1447 0 1874 46855 0 226 0 520 0 0 7706 202 0 0 1 0 33572 7 0 5 0 486 0 1505 0 173 12372 88469 0 1 437 0 783 0 267 
0 87 0 1173 0 0 1 5 785 0 0 62 28349 0 0 196 0 1278 94235 0 0 2 0 11 1179 20 0 1898 0 40 2 0 600 0 43 0 3171 753 0 11 
76757 6683 0 0 4393 0 1290 0 0 23578 1 0 0 7706 196 0 0 0 0 1 0 0 2 0 222 0 6 0 54 33 0 5329 4 0 0 0 732 0 0 2183 
1608 24785 5743 0 0 243 2794 0 19842 0 0 69 37 202 0 0 0 0 0 346 645 12227 5 0 0 0 7051 0 0 0 0 3345 5 0 28581 960 0 0 0 0 
1389 0 5 0 0 365 592 0 0 0 0 0 1 0 1278 0 0 0 207 0 0 497 0 0 0 0 0 1830 0 19 897 10525 0 1425 0 0 6091 13085 11 545 
1813 58 0 2 1 3152 307 0 0 0 0 0 0 0 94235 0 0 207 0 12286 2 30 0 0 4393 30554 254 0 0 0 100 0 0 0 0 0 0 1174 0 108 
35 479 0 0 238 0 2526 0 0 11 0 11 0 1 0 1 346 0 12286 0 11 341 32742 0 0 2366 462 2002 0 6 0 0 15 0 5298 0 0 1 0 0 
57671 17939 0 3 9086 5 0 0 130 6 0 40123 8709 0 0 0 645 0 2 11 0 0 0 0 410 2081 28 0 0 36 4 0 96610 0 0 0 1 0 0 0 
797 347 433 443 0 0 1819 34817 0 792 0 0 0 33572 2 0 12227 497 30 341 0 0 0 4990 6187 0 2125 1 0 18 137 7 82 86 12938 0 0 0 331 3052 
0 62 0 0 73 790 18 12950 0 14435 2 0 0 7 0 2 5 0 0 32742 0 0 0 0 6394 10427 2267 9725 1319 0 8161 0 0 1107 0 8 11 38402 0 0 
0 0 1 2 0 43856 34 93 0 0 0 0 0 0 11 0 0 0 0 0 0 4990 0 0 0 38677 24287 0 2755 0 0 174 0 7 4 4331 0 0 591 0 
0 7713 12438 0 0 0 2 30835 24 0 1 0 141 5 1179 222 0 0 4393 0 410 6187 6394 0 0 89550 30 6 0 1036 17 0 1954 0 44244 19822 0 0 3 32739 
2 1 547 109 161 284 0 44917 1 253 30 3 0 0 20 0 0 0 30554 2366 2081 0 10427 38677 89550 0 0 6 0 0 1124 42 1 0 72 0 4216 46019 1135 554 
0 0 0 17780 0 706 0 2 0 1 0 0 2569 486 0 6 7051 0 254 462 28 2125 2267 24287 30 0 0 0 15 33 0 4 1 0 0 0 19709 1232 0 3 
55 0 941 92967 0 2262 0 1190 5901 0 4497 0 0 0 1898 0 0 1830 0 2002 0 1 9725 0 6 6 0 0 0 21922 1 0 0 105 0 27608 42 5 7 0 
0 0 1 0 0 7 0 12 93 1074 63780 413 0 1505 0 54 0 0 0 0 0 0 1319 2755 0 0 15 0 0 10349 0 34 5523 811 16 1 0 0 0 0 
45730 90 835 31 33 30489 326 0 262 0 0 40766 0 0 40 33 0 19 0 6 36 18 0 0 1036 0 33 21922 10349 0 0 0 0 0 0 0 2091 451 69599 0 
1 163 0 65507 0 0 0 0 47050 36635 2799 0 0 173 2 0 0 897 100 0 4 137 8161 0 17 1124 0 1 0 0 0 21 0 0 21931 4042 21268 0 12400 1 
5414 7 860 26440 0 64 4 0 0 56 0 0 23 12372 0 5329 3345 10525 0 0 0 7 0 174 0 42 4 0 34 0 21 0 0 0 721 62 5 0 0 851 
0 7412 1 0 2 55562 1 80 272 0 17986 32 28836 88469 600 4 5 0 0 15 96610 82 0 0 1954 1 1 0 5523 0 0 0 0 43194 0 7 0 2986 6688 0 
53845 0 11230 1 0 43592 118 18488 1030 7 318 1031 0 0 0 0 0 1425 0 0 0 86 1107 7 0 0 0 105 811 0 0 0 43194 0 16 5699 515 0 15162 0 
0 20109 12 1 0 14 124 2 12375 0 27619 0 1 1 43 0 28581 0 0 5298 0 12938 0 4 44244 72 0 0 16 0 21931 721 0 16 0 0 0 43 1891 2 
18018 27 2 0 0 20997 0 1590 0 277 54870 0 0 437 0 0 960 0 0 0 0 0 8 4331 19822 0 0 27608 1 0 4042 62 7 5699 0 0 0 2 39 0 
260 10 0 0 0 147 487 154 49724 0 55 44984 0 0 3171 732 0 6091 0 0 1 0 11 0 0 4216 19709 42 0 2091 21268 5 0 515 0 0 0 41585 118 18116 
12 9 1 8859 0 42369 0 48 164 0 1 0 15995 783 753 0 0 13085 1174 1 0 0 38402 0 0 46019 1232 5 0 451 0 0 2986 0 43 2 41585 0 0 0 
0 47 0 20209 0 718 61046 8473 0 0 0 0 40972 0 0 0 0 11 0 0 0 331 0 591 3 1135 0 7 0 69599 12400 0 6688 15162 1891 39 118 0 0 0 
0 1 6018 2653 1 0 0 0 0 187 0 0 0 267 11 2183 0 545 108 0 0 3052 0 0 32739 554 3 0 0 0 1 851 0 0 2 0 18116 0 0 0 
0 0 41 0 0 0 135 16699 1078 0 4476 0 0 0 0 48127 57423 1598 27750 421 2182 258 0 0 0 1 0 1 0 11698 0 13294 0 14327 0 188 33 201 1 0 
0 0 0 0 0 5 150 0 759 0 17 0 0 14 43 434 1115 0 2543 16 1953 14 6 0 32219 28 0 0 0 141 11 336 13614 0 55018 244 75 19 9119 0 
41 0 0 0 21 2 0 0 0 0 0 0 1 2 0 0 19 0 0 0 0 16599 0 0 888 75 0 37 0 1578 0 984 3 5163 3145 0 0 0 0 32437 
0 0 0 0 0 5595 88 0 602 19 465 0 932 0 121 7 0 0 0 0 94 5 0 1 0 18 4245 16782 0 1 17105 17943 0 8 4 0 0 39237 25158 25495 
0 0 21 0 0 0 0 0 4 804 4163 1776 15285 239 0 10505 0 0 0 150 331 0 249 0 0 592 0 0 0 354 2 0 1 0 0 0 0 0 0 98 
0 5 2 5595 0 0 0 4201 73 4700 36987 118 27 192 0 0 9687 728 8023 0 0 0 2775 70869 0 3 1866 118 0 23564 0 865 61146 4366 0 43728 120 52827 307 0 
135 150 0 88 0 0 0 0 97 60 1 6193 0 0 0 633 123 132 2281 3585 0 11726 7 10 8 0 0 0 0 767 0 0 7 117 429 0 110 0 5375 0 
16699 0 0 0 0 4201 0 0 107 0 0 401 0 2522 12 0 0 0 0 1 0 1982 2737 15 3107 27158 0 690 1 0 0 0 16 4201 0 10794 473 711 4893 11 
1078 759 0 602 4 73 97 107 0 3 136 673 0 38587 15952 0 2594 0 0 0 48 0 57 0 271 1 8 164 475 8684 18525 25 16 28 5434 0 6176 343 0 0 
0 0 0 19 804 4700 60 0 3 0 0 0 0 0 1 1942 0 0 0 14 0 35 2064 0 1 1546 1 0 134 2 56065 41 0 2 0 18 0 0 0 12 
4476 17 0 465 4163 36987 1 0 136 0 0 1046 27 0 0 1 0 0 0 0 0 0 24 0 0 181 0 17323 3812 0 542 0 385 1540 6149 2398 626 6 0 0 
0 0 0 0 1776 118 6193 401 673 0 1046 0 134 0 0 0 40 0 0 36 6641 0 0 3 0 19 0 3 22 699 0 0 10 656 0 1 11153 0 0 0 
0 0 1 932 15285 27 0 0 0 0 27 134 0 206 690 0 26 0 0 0 482 0 0 0 155 0 1782 0 0 0 0 117 78370 0 52 0 0 12643 99938 3 
0 14 2 0 239 192 0 2522 38587 0 0 0 206 0 0 2874 252 0 0 47 0 27932 17 0 428 0 1498 0 16897 0 1678 991 80720 0 4 23503 0 32 0 305 
0 43 0 121 0 0 0 12 15952 1 0 0 690 0 0 2 0 260 14917 0 0 2 0 9 447 1369 0 17060 0 6 0 0 4 122 642 0 31706 2205 0 139 
48127 434 0 7 10505 0 633 0 0 1942 1 0 0 2874 2 0 0 0 0 0 0 0 7 0 3539 0 1 0 26441 40 0 4992 1 0 0 0 875 0 0 10612 
57423 1115 19 0 0 9687 123 0 2594 0 0 40 26 252 0 0 0 0 0 203 8278 64045 59 11 0 0 473 0 0 1 0 58321 57 0 88940 25381 0 0 0 0 
1598 0 0 0 0 728 132 0 0 0 0 0 0 0 260 0 0 0 5456 0 0 504 0 1 0 0 0 190 0 50 6 913 0 2212 0 0 17308 34311 0 882 
27750 2543 0 0 0 8023 2281 0 0 0 0 0 0 0 14917 0 0 5456 0 26228 20 1 0 0 66 11694 559 0 0 0 20 0 0 2 0 0 0 2145 0 56019 
421 16 0 0 150 0 3585 1 0 14 0 36 0 47 0 0 203 0 26228 0 243 1094 35067 0 0 6818 265 20612 0 2 0 0 7 0 2231 0 0 0 0 0 
2182 1953 0 94 331 0 0 0 48 0 0 6641 482 0 0 0 8278 0 20 243 0 0 0 0 36 8919 188 53 0 622 2 0 1049 0 0 0 4 0 0 0 
258 14 16599 5 0 0 11726 1982 0 35 0 0 0 27932 2 0 64045 504 1 1094 0 0 0 38 9086 0 885 0 0 8 6205 2 7 7 1911 0 0 0 888 1572 
0 6 0 0 249 2775 7 2737 57 2064 24 0 0 17 0 7 59 0 0 35067 0 0 0 0 1037 75776 905 21036 105 0 2356 0 0 248 0 112 0 81119 0 2 
0 0 0 1 0 70869 10 15 0 0 0 3 0 0 9 0 11 1 0 0 0 38 0 0 0 20272 1940 0 4701 0 0 532 0 1 1 6665 0 0 1636 0 
0 32219 888 0 0 0 8 3107 271 1 0 0 155 428 447 3539 0 0 66 0 36 9086 1037 0 0 5159 859 11 0 25658 10 0 385 0 18124 40499 0 0 4 3708 
1 28 75 18 592 3 0 27158 1 1546 181 19 0 0 1369 0 0 0 11694 6818 8919 0 75776 20272 5159 0 0 9 5 0 1556 5631 1 0 70 0 48314 5694 47935 9520 
0 0 0 4245 0 1866 0 0 8 1 0 0 1782 1498 0 1 473 0 559 265 188 885 905 1940 859 0 0 0 68 24 0 0 0 0 0 0 4115 20052 0 22 
1 0 37 16782 0 118 0 690 164 0 17323 3 0 0 17060 0 0 190 0 20612 53 0 21036 0 11 9 0 0 0 31794 0 0 0 146 0 656 9 33 8 0 
0 0 0 0 0 0 0 1 475 134 3812 22 0 16897 0 26441 0 0 0 0 0 0 105 4701 0 5 68 0 0 1145 0 37 3934 3019 29 0 0 0 0 0 
11698 141 1578 1 354 23564 767 0 8684 2 0 699 0 0 6 40 1 50 0 2 622 8 0 0 25658 0 24 31794 1145 0 0 0 0 0 0 0 1509 969 8303 0 
0 11 0 17105 2 0 0 0 18525 56065 542 0 0 1678 0 0 0 6 20 0 2 6205 2356 0 10 1556 0 0 0 0 0 2 0 0 46333 24476 7118 0 67796 0 
13294 336 984 17943 0 865 0 0 25 41 0 0 117 991 0 4992 58321 913 0 0 0 2 0 532 0 5631 0 0 37 0 2 0 0 5 8 14195 5 0 0 9365 
0 13614 3 0 1 61146 7 16 16 0 385 10 78370 80720 4 1 57 0 0 7 1049 7 0 0 385 1 0 0 3934 0 0 0 0 72009 20 0 3 6669 33 0 
14327 0 5163 8 0 4366 117 4201 28 2 1540 656 0 0 122 0 0 2212 2 0 0 7 248 1 0 0 0 146 3019 0 0 5 72009 0 745 37 48 0 35004 0 
0 55018 3145 4 0 0 429 0 5434 0 6149 0 52 4 642 0 88940 0 0 2231 0 1911 0 1 18124 70 0 0 29 0 46333 8 20 745 0 1 0 116 1 10 
188 244 0 0 0 43728 0 10794 0 18 2398 1 0 23503 0 0 25381 0 0 0 0 0 112 6665 40499 0 0 656 0 0 24476 14195 0 37 1 0 0 38 84 0 
33 75 0 0 0 120 110 473 6176 0 626 11153 0 0 31706 875 0 17308 0 0 4 0 0 0 0 48314 4115 9 0 1509 7118 5 3 48 0 0 0 9424 52 567 
201 19 0 39237 0 52827 0 711 343 0 6 0 12643 32 2205 0 0 34311 2145 0 0 0 81119 0 0 5694 20052 33 0 969 0 0 6669 0 116 38 9424 0 6 0 
1 9119 0 25158 0 307 5375 4893 0 0 0 0 99938 0 0 0 0 0 0 0 0 888 0 1636 4 47935 0 8 0 8303 67796 0 33 35004 1 84 52 6 0 0 
0 0 32437 25495 98 0 0 11 0 12 0 0 3 305 139 10612 0 882 56019 0 0 1572 2 0 3708 9520 22 0 0 0 0 9365 0 0 10 0 567 0 0 0 
0 16 33 0 0 0 8375 65928 5463 0 5 0 0 0 0 80283 676 3 20166 2 75785 46 0 4 0 1 0 177 0 88109 0 2861 0 16857 0 23552 2147 2 0 0 
16 0 0 0 0 596 10 0 128 0 0 0 0 7 226 3792 16265 0 130 589 1632 17 5 0 1380 0 0 0 0 546 83 61 310 7 28515 366 2 1 32 0 
33 0 0 0 3 832 35 0 0 2 0 0 0 180 0 0 87129 0 0 0 0 481 0 43 47310 5 0 487 46 741 0 1367 0 793 42 26 0 3 0 45438 
0 0 0 0 0 7589 51 0 0 0 85 0 14024 0 1661 0 0 0 0 0 0 206 0 0 0 528 17174 1061 0 18 929 5516 0 0 1 0 0 255 3100 294 
0 0 3 0 0 0 0 0 0 24 2533 14615 19973 97 0 27298 0 0 8 14 64067 0 21 2 5 421 0 0 0 1 0 0 343 0 0 0 0 0 0 12 
0 596 832 7589 0 0 0 23509 790 1620 2237 2436 5 5796 0 0 344 746 112 0 3 0 130 3976 0 68 66 17 4 29582 0 0 57076 8598 11323 8602 5 85404 887 0 
8375 10 35 51 0 0 0 0 401 65 56 3 0 1 17 473 84409 95 80 64189 0 99 135 219 9 0 0 0 0 87 0 20 0 12 105 0 125 0 66237 0 
65928 0 0 0 0 23509 0 0 22 0 0 5380 0 8891 11 0 0 0 0 1 0 7703 6717 57 19472 39934 0 0 194 0 0 0 114 16626 2 2437 279 3 60999 0 
5463 128 0 0 0 790 401 22 0 0 45 118 0 18137 114 0 230 0 0 0 2071 0 1 0 44 37 0 1631 55 20921 94971 0 244 1087 4304 0 1834 381 0 0 
0 0 2 0 24 1620 65 0 0 0 0 12 0 0 1 1054 0 0 0 0 14 2 1023 0 1 375 51 2 4804 0 23045 6 0 202 0 11 0 0 0 1577 
5 0 0 85 2533 2237 56 0 45 0 0 1653 27 4 1 31 0 0 0 0 0 0 0 0 0 5 0 288 403 0 1429 0 16041 491 60084 5686 14 1 0 0 
0 0 0 0 14615 2436 3 5380 118 12 1653 0 513 0 14 0 140 0 0 1 7443 0 0 0 0 1 2 0 1 19300 0 0 30 986 0 0 3806 0 0 0 
0 0 0 14024 19973 5 0 0 0 0 27 513 0 7119 95849 0 21 4 0 0 38572 0 0 0 1 0 14243 0 0 0 0 51 10848 0 112 0 0 264 84221 0 
0 7 180 0 97 5796 1 8891 18137 0 4 0 7119 0 0 48 309 1 0 0 0 13179 27 0 2 1 38 0 435 0 1203 14173 6547 0 1003 76 0 229 0 1300 
0 226 0 1661 0 0 17 11 114 1 1 14 95849 0 0 58 0 150 45116 0 0 3 0 11 1650 557 0 3145 0 8 0 0 5325 0 72 0 53 14261 0 94 
80283 3792 0 0 27298 0 473 0 0 1054 31 0 0 48 58 0 0 0 0 4 0 0 0 0 78 1 4 5 189 142 0 15381 66 0 0 0 26 0 0 59 
676 16265 87129 0 0 344 84409 0 230 0 0 140 21 309 0 0 0 0 0 39 721 4156 0 0 0 0 1494 0 2 0 0 240 0 28 99353 37 0 0 0 0 
3 0 0 0 0 746 95 0 0 0 0 0 4 1 150 0 0 0 26 0 0 89 0 0 0 0 0 30 0 321 41 11606 1 10276 0 0 960 755 12 206 
20166 130 0 0 8 112 80 0 0 0 0 0 0 0 45116 0 0 26 0 3326 55 38 1 0 19286 9957 325 0 0 0 33 0 0 6 0 0 0 142 0 4553 
2 589 0 0 14 0 64189 1 0 0 0 1 0 0 0 4 39 0 3326 0 0 162 23035 0 0 18814 63 91 0 8 0 0 2 0 18231 0 0 12 0 0 
75785 1632 0 0 64067 3 0 0 2071 14 0 7443 38572 0 0 0 721 0 55 0 0 0 0 0 15 29 0 0 0 2582 152 0 6654 0 0 4 4 0 811 0 
46 17 481 206 0 0 99 7703 0 2 0 0 0 13179 3 0 4156 89 38 162 0 0 0 111 91410 0 29558 4 12 112 13 1 67 4 20357 58 0 0 611 1702 
0 5 0 0 21 130 135 6717 1 1023 0 0 0 27 0 0 0 0 1 23035 0 0 0 0 286 3927 77001 71595 11309 0 153 0 0 18096 0 4 37 44 0 452 
4 0 43 0 2 3976 219 57 0 0 0 0 0 0 11 0 0 0 0 0 0 111 0 0 0 25405 23237 0 645 0 1 394 1 4 1271 92647 0 0 8 0 
0 1380 47310 0 5 0 9 19472 44 1 0 0 1 2 1650 78 0 0 19286 0 15 91410 286 0 0 1235 7274 27 0 3711 0 0 91 0 7909 26520 0 0 1 47175 
1 0 5 528 421 68 0 39934 37 375 5 1 0 1 557 1 0 0 9957 18814 29 0 3927 25405 1235 0 0 96 0 0 972 143 0 0 96 0 471 4951 175 38966 
0 0 0 17174 0 66 0 0 0 51 0 2 14243 38 0 4 1494 0 325 63 0 29558 77001 23237 7274 0 0 2 0 269 0 0 0 0 0 0 54712 3619 0 1 
177 0 487 1061 0 17 0 0 1631 2 288 0 0 0 3145 5 0 30 0 91 0 4 71595 0 27 96 2 0 0 10908 0 0 0 67 0 52676 608 3 279 0 
0 0 46 0 0 4 0 194 55 4804 403 1 0 435 0 189 2 0 0 0 0 12 11309 645 0 0 0 0 0 1765 0 17 30127 5783 4 0 0 0 0 0 
88109 546 741 18 1 29582 87 0 20921 0 0 19300 0 0 8 142 0 321 0 8 2582 112 0 0 3711 0 269 10908 1765 0 0 0 2 2 0 0 833 16 83072 0 
0 83 0 929 0 0 0 0 94971 23045 1429 0 0 1203 0 0 0 41 33 0 152 13 153 1 0 972 0 0 0 0 0 54 0 0 25252 7371 220 0 2918 0 
2861 61 1367 5516 0 0 20 0 0 6 0 0 51 14173 0 15381 240 11606 0 0 0 1 0 394 0 143 0 0 17 0 54 0 0 0 403 48 1 0 0 33013 
0 310 0 0 343 57076 0 114 244 0 16041 30 10848 6547 5325 66 0 1 0 2 6654 67 0 1 91 0 0 0 30127 2 0 0 0 42404 0 96 0 1440 2190 0 
16857 7 793 0 0 8598 12 16626 1087 202 491 986 0 0 0 0 28 10276 6 0 0 4 18096 4 0 0 0 67 5783 2 0 0 42404 0 1 26563 137 0 3735 0 
0 28515 42 1 0 11323 105 2 4304 0 60084 0 112 1003 72 0 99353 0 0 18231 0 20357 0 1271 7909 96 0 0 4 0 25252 403 0 1 0 0 0 2 1132 41 
23552 366 26 0 0 8602 0 2437 0 11 5686 0 0 76 0 0 37 0 0 0 4 58 4 92647 26520 0 0 52676 0 0 7371 48 96 26563 0 0 0 0 91 2 
2147 2 0 0 0 5 125 279 1834 0 14 3806 0 0 53 26 0 960 0 0 4 0 37 0 0 471 54712 608 0 833 220 1 0 137 0 0 0 67323 2482 625 
2 1 3 255 0 85404 0 3 381 0 1 0 264 229 14261 0 0 755 142 12 0 0 44 0 0 4951 3619 3 0 16 0 0 1440 0 2 0 67323 0 0 0 
0 32 0 3100 0 887 66237 60999 0 0 0 0 84221 0 0 0 0 12 0 0 811 611 0 8 1 175 0 279 0 83072 2918 0 2190 3735 1132 91 2482 0 0 0 
0 0 45438 294 12 0 0 0 0 1577 0 0 0 1300 94 59 0 206 4553 0 0 1702 452 0 47175 38966 1 0 0 0 0 33013 0 0 41 2 625 0 0 0 
0 5 964 0 0 0 12794 5794 15 0 4326 0 0 0 0 23907 12 418 92 79 58700 46 0 0 0 29 0 34 0 55012 10 92 0 9629 0 7037 367 3 1 0 
5 0 0 0 0 1 0 0 1603 0 69 0 2 19 1 11239 36677 0 5 972 4512 506 0 0 70735 0 0 0 0 1 5 14 179 0 25806 106 2 14 470 3 
964 0 0 0 439 2065 2 0 0 5576 0 0 0 19 0 0 36234 5 0 0 0 6994 0 0 18758 2877 0 3 0 328 0 5669 0 1393 462 19 0 129 0 1315 
0 0 0 0 0 17610 240 0 54 0 5 0 1308 0 28 0 0 0 16 0 0 2184 0 161 0 65 51789 1004 0 1 7645 70146 0 414 0 0 0 4711 50763 2034 
0 0 439 0 0 0 0 1 0 4 212 1923 662 29 0 530 0 0 54 541 7320 0 11 0 0 318 0 0 0 30 0 2 0 0 0 0 4 0 0 0 
0 1 2065 17610 0 0 0 2782 8518 11972 84036 533 2 7251 0 0 89 3 911 0 49 4 79 13609 0 10588 116 14283 0 1411 0 6181 2365 76866 61 2220 134 35638 27595 0 
12794 0 2 240 0 0 0 5 10 2365 2498 529 0 0 1 16 30972 5363 320 496 0 398 10 366 16 0 0 0 0 30327 0 16 2 39 3693 0 147 0 19395 0 
5794 0 0 0 1 2782 5 0 8086 0 0 302 0 87 0 0 0 0 0 0 0 14771 39454 106 48699 25319 0 2282 31 0 0 0 157 62064 6 3349 15 11 4984 0 
15 1603 0 54 0 8518 10 8086 0 0 139 33745 0 9452 256 0 4032 0 0 90 465 0 0 0 117 0 4 363 1362 1700 1990 0 1951 7705 65424 0 3771 56 0 0 
0 0 5576 0 4 11972 2365 0 0 0 0 0 0 0 0 10413 0 0 0 1 24 190 9756 0 0 16127 0 0 40321 0 1846 11 0 261 0 182 0 0 0 316 
4326 69 0 5 212 84036 2498 0 139 0 0 47 0 9999 0 2 0 0 0 0 0 0 0 0 0 2 0 530 89243 0 54225 0 21314 771 7428 71523 12 0 0 0 
0 0 0 0 1923 533 529 302 33745 0 47 0 4197 0 17 0 1162 0 0 10 1586 0 0 0 0 0 0 0 119 28828 0 0 5 1346 0 5 32691 0 0 0 
0 2 0 1308 662 2 0 0 0 0 0 4197 0 502 5673 0 10 4 0 0 1389 0 1 0 95 1 89381 0 0 0 0 2082 47351 0 0 0 0 33908 4299 2 
0 19 19 0 29 7251 0 87 9452 0 9999 0 502 0 0 4242 246 0 17 108 0 13362 4 0 104 5 7738 119 611 0 794 944 10496 0 0 47 0 7934 0 8 
0 1 0 28 0 0 1 0 256 0 0 17 5673 0 0 837 0 768 30833 0 0 3 0 10 327 0 0 2513 0 110 12 0 5006 0 144 0 1675 735 0 0 
23907 11239 0 0 530 0 16 0 0 10413 2 0 0 4242 837 0 0 1 0 9 0 0 2 0 1342 14 0 0 1249 2345 0 878 0 0 2 0 51257 0 0 241 
12 36677 36234 0 0 89 30972 0 4032 0 0 1162 10 246 0 0 0 0 0 114 942 14530 1 0 0 0 433 4 0 0 0 1135 1 0 11207 26408 0 0 0 0 
418 0 5 0 0 3 5363 0 0 0 0 0 4 0 768 1 0 0 4 0 0 96 0 0 0 0 0 1015 0 11 2160 4446 0 289 0 0 1465 30888 103 353 
92 5 0 16 54 911 320 0 0 0 0 0 0 17 30833 0 0 4 0 91 1 734 0 0 11583 1270 4074 0 0 0 618 0 0 0 0 0 0 4056 0 305 
79 972 0 0 541 0 496 0 90 1 0 10 0 108 0 9 114 0 91 0 0 9 38216 0 0 6999 69185 10225 0 3 0 0 3 0 8320 0 0 1 0 0 
58700 4512 0 0 7320 49 0 0 465 24 0 1586 1389 0 0 0 942 0 1 0 0 0 0 0 1057 12714 1 0 0 28 2 0 63461 0 0 0 0 0 3 0 
46 506 6994 2184 0 4 398 14771 0 190 0 0 0 13362 3 0 14530 96 734 9 0 0 0 196 3571 0 8388 0 0 516 3007 2073 81 38275 44658 0 0 0 467 17729 
0 0 0 0 11 79 10 39454 0 9756 0 0 1 4 0 2 1 0 0 38216 0 0 0 0 3129 174 62689 4905 22631 0 25930 0 0 7 0 66 73 70944 0 0 
0 0 0 161 0 13609 366 106 0 0 0 0 0 0 10 0 0 0 0 0 0 196 0 0 0 39461 10696 0 138 2 0 78 0 0 34 43 0 0 73 0 
0 70735 18758 0 0 0 16 48699 117 0 0 0 95 104 327 1342 0 0 11583 0 1057 3571 3129 0 0 83255 30 122 0 816 20 0 305 0 36037 9494 0 0 174 24839 
29 0 2877 65 318 10588 0 25319 0 16127 2 0 1 5 0 14 0 0 1270 6999 12714 0 174 39461 83255 0 0 0 0 0 533 0 49 0 3847 0 1154 71172 1298 1010 
0 0 0 51789 0 116 0 0 4 0 0 0 89381 7738 0 0 433 0 4074 69185 1 8388 62689 10696 30 0 0 0 24 49 0 3 74 0 0 0 3291 282 0 186 
34 0 3 1004 0 14283 0 2282 363 0 530 0 0 119 2513 0 4 1015 0 10225 0 0 4905 0 122 0 0 0 0 45251 7 0 0 2388 0 712 3 648 25 0 
0 0 0 0 0 0 0 31 1362 40321 89243 119 0 611 0 1249 0 0 0 0 0 0 22631 138 0 0 24 0 0 336 0 19 14323 1233 3 0 0 0 0 0 
55012 1 328 1 30 1411 30327 0 1700 0 0 28828 0 0 110 2345 0 11 0 3 28 516 0 2 816 0 49 45251 336 0 0 0 4 1 0 0 522 211 47754 0 
10 5 0 7645 0 0 0 0 1990 1846 54225 0 0 794 12 0 0 2160 618 0 2 3007 25930 0 20 533 0 7 0 0 0 3 0 0 2591 1508 21036 0 26837 0 
92 14 5669 70146 2 6181 16 0 0 11 0 0 2082 944 0 878 1135 4446 0 0 0 2073 0 78 0 0 3 0 19 0 3 0 0 0 1285 8 12 0 0 88 
0 179 0 0 0 2365 2 157 1951 0 21314 5 47351 10496 5006 0 1 0 0 3 63461 81 0 0 305 49 74 0 14323 4 0 0 0 4737 0 4 0 24127 357 0 
9629 0 1393 414 0 76866 39 62064 7705 261 771 1346 0 0 0 0 0 289 0 0 0 38275 7 0 0 0 0 2388 1233 1 0 0 4737 0 7 22907 253 1 5843 0 
0 25806 462 0 0 61 3693 6 65424 0 7428 0 0 0 144 2 11207 0 0 8320 0 44658 0 34 36037 3847 0 0 3 0 2591 1285 0 7 0 0 0 52 18 287 
7037 106 19 0 0 2220 0 3349 0 182 71523 5 0 47 0 0 26408 0 0 0 0 0 66 43 9494 0 0 712 0 0 1508 8 4 22907 0 0 0 2 4 0 
367 2 0 0 4 134 147 15 3771 0 12 32691 0 0 1675 51257 0 1465 0 0 0 0 73 0 0 1154 3291 3 0 522 21036 12 0 253 0 0 0 11468 2372 316 
3 14 129 4711 0 35638 0 11 56 0 0 0 33908 7934 735 0 0 30888 4056 1 0 0 70944 0 0 71172 282 648 0 211 0 0 24127 1 52 2 11468 0 0 0 
1 470 0 50763 0 27595 19395 4984 0 0 0 0 4299 0 0 0 0 103 0 0 3 467 0 73 174 1298 0 25 0 47754 26837 0 357 5843 18 4 2372 0 0 0 
0 3 1315 2034 0 0 0 0 0 316 0 0 2 8 0 241 0 353 305 0 0 17729 0 0 24839 1010 186 0 0 0 0 88 0 0 287 0 316 0 0 0 
