10 2
0 123 17 72 89 90 77 84 122 70 
123 0 116 51 121 48 96 115 59 63 
17 116 0 64 101 90 86 66 108 71 
72 51 64 0 97 39 71 77 62 33 
89 121 101 97 0 73 26 158 158 64 
90 48 90 39 73 0 47 116 91 20 
77 96 86 71 26 47 0 136 132 38 
84 115 66 77 158 116 136 0 73 105 
122 59 108 62 158 91 132 73 0 94 
70 63 71 33 64 20 38 105 94 0 
0 0 0 45 1544 16624 14549 9 64137 44964 
0 0 0 0 0 0 0 0 2191 16353 
0 0 0 0 27805 0 0 0 0 43 
45 0 0 0 5431 32837 0 0 0 55 
1544 0 27805 5431 0 0 0 2 0 0 
16624 0 0 32837 0 0 0 0 1 6690 
14549 0 0 0 0 0 0 0 196 8 
9 0 0 0 2 0 0 0 67111 267 
64137 2191 0 0 0 1 196 67111 0 1780 
44964 16353 43 55 0 6690 8 267 1780 0 
0 113 1947 0 0 0 0 0 0 0 
113 0 74818 5732 1 45283 4277 74809 0 0 
1947 74818 0 49572 0 11605 2687 208 2614 0 
0 5732 49572 0 0 0 15 99 5867 0 
0 1 0 0 0 14079 1 0 22 18376 
0 45283 11605 0 14079 0 53 478 0 0 
0 4277 2687 15 1 53 0 784 0 0 
0 74809 208 99 0 478 784 0 0 0 
0 0 2614 5867 22 0 0 0 0 0 
0 0 0 0 18376 0 0 0 0 0 
