30 3
0 46 118 40 96 98 46 64 2 33 36 47 55 9 108 78 35 54 61 95 45 105 61 79 70 72 108 28 39 45 
46 0 88 10 53 127 3 66 48 60 37 19 78 48 107 43 36 50 104 90 43 84 63 35 92 25 124 21 29 63 
118 88 0 85 53 137 85 71 120 144 83 106 102 125 70 117 84 138 148 59 75 25 72 92 105 80 111 92 78 92 
40 10 85 0 56 117 8 56 42 59 26 26 68 43 98 54 26 55 95 82 33 79 53 44 82 34 114 12 19 52 
96 53 53 56 0 154 51 82 98 112 71 66 108 100 106 67 71 96 146 90 69 65 81 42 118 33 138 68 62 93 
98 127 137 117 154 0 125 72 99 127 90 138 49 106 75 170 91 153 52 79 87 112 73 161 36 148 37 107 99 64 
46 3 85 8 51 125 0 63 48 61 34 22 76 49 104 46 34 53 103 87 40 81 60 36 90 26 122 20 27 60 
64 66 71 56 82 72 63 0 66 97 32 83 30 73 44 110 33 107 76 31 23 50 3 95 36 81 59 52 37 22 
2 48 120 42 98 99 48 66 0 32 38 48 56 7 110 78 37 54 61 97 47 107 63 81 71 74 110 30 42 47 
33 60 144 59 112 127 61 97 32 0 67 48 88 24 142 71 66 34 83 128 77 134 94 83 103 82 141 52 68 79 
36 37 83 26 71 90 34 32 38 67 0 51 41 44 77 80 1 75 74 61 10 68 29 70 55 58 88 20 9 26 
47 19 106 26 66 138 22 83 48 48 51 0 90 45 125 31 50 31 108 109 59 103 80 35 105 34 140 31 46 76 
55 78 102 68 108 49 76 30 56 88 41 90 0 63 62 121 41 107 46 54 39 80 29 112 15 99 53 58 50 15 
9 48 125 43 100 106 49 73 7 24 44 45 63 0 117 75 43 47 66 104 53 112 70 79 79 73 117 33 47 54 
108 107 70 98 106 75 104 44 110 142 77 125 62 117 0 149 78 152 105 17 67 45 48 131 55 116 42 96 80 64 
78 43 117 54 67 170 46 110 78 71 80 31 121 75 149 0 80 40 140 132 87 120 107 25 135 36 168 62 73 106 
35 36 84 26 71 91 34 33 37 66 1 50 41 43 78 80 0 74 74 62 11 69 30 70 55 58 89 19 9 26 
54 50 138 55 96 153 53 107 54 34 75 31 107 47 152 40 74 0 113 136 84 134 104 59 123 63 160 55 72 95 
61 104 148 95 146 52 103 76 61 83 74 108 46 66 105 140 74 113 0 100 77 126 75 139 50 129 81 83 83 56 
95 90 59 82 90 79 87 31 97 128 61 109 54 104 17 132 62 136 100 0 52 34 34 114 51 99 52 81 64 52 
45 43 75 33 69 87 40 23 47 77 10 59 39 53 67 87 11 84 77 52 0 59 20 74 51 61 81 29 13 24 
105 84 25 79 65 112 81 50 107 134 68 103 80 112 45 120 69 134 126 34 59 0 51 98 81 84 86 82 66 72 
61 63 72 53 81 73 60 3 63 94 29 80 29 70 48 107 30 104 75 34 20 51 0 93 37 79 61 49 34 20 
79 35 92 44 42 161 36 95 81 83 70 35 112 79 131 25 70 59 139 114 74 98 93 0 125 14 155 56 62 96 
70 92 105 82 118 36 90 36 71 103 55 105 15 79 55 135 55 123 50 51 51 81 37 125 0 112 38 73 63 29 
72 25 80 34 33 148 26 81 74 82 58 34 99 73 116 36 58 63 129 99 61 84 79 14 112 0 140 46 49 83 
108 124 111 114 138 37 122 59 110 141 88 140 53 117 42 168 89 160 81 52 81 86 61 155 38 140 0 108 95 65 
28 21 92 12 68 107 20 52 30 52 20 31 58 33 96 62 19 55 83 81 29 82 49 56 73 46 108 0 17 44 
39 29 78 19 62 99 27 37 42 68 9 46 50 47 80 73 9 72 83 64 13 66 34 62 63 49 95 17 0 34 
45 63 92 52 93 64 60 22 47 79 26 76 15 54 64 106 26 95 56 52 24 72 20 96 29 83 65 44 34 0 
0 8 0 24364 1279 32 74 0 0 739 0 0 0 32 823 0 0 0 9862 2 0 68 0 0 0 0 0 870 5407 16456 
8 0 0 5 22 0 18486 9 61 22808 11436 0 0 63 6 1270 2 0 0 166 0 1768 0 0 45861 0 600 0 6840 0 
0 0 0 0 7127 8 28 72144 0 1 0 2008 18905 3 0 2882 0 0 0 9 15 63165 184 37928 4 0 0 0 0 0 
24364 5 0 0 10643 0 9738 0 1882 56 429 55823 134 1 37 11661 0 7357 5082 107 0 31952 58 0 429 26824 0 0 0 1002 
1279 22 7127 10643 0 0 238 0 0 29 0 0 0 8 3 0 81330 540 0 19271 0 52 0 0 0 14587 39293 410 6 1269 
32 0 8 0 0 0 0 20 10632 0 22 94140 0 0 0 1610 0 1 0 0 0 0 902 64 0 0 63836 1550 27 0 
74 18486 28 9738 238 0 0 10361 6683 0 0 5583 0 0 0 33749 11167 11578 650 0 75437 0 354 0 7733 0 0 1 1110 0 
0 9 72144 0 0 20 10361 0 0 0 0 58073 6194 94 1 6283 0 2 0 0 0 0 120 0 0 0 16 0 0 176 
0 61 0 1882 0 10632 6683 0 0 73776 0 0 0 0 15 83 0 2507 333 0 2136 11 0 0 3193 0 97042 0 7 0 
739 22808 1 56 29 0 0 0 73776 0 394 64 0 0 13 54309 2609 43 28 5956 61351 58923 0 0 0 0 1 0 5310 10 
0 11436 0 429 0 22 0 0 0 394 0 551 1733 0 2 10565 0 0 0 0 7 2 0 0 20392 520 0 0 0 49 
0 0 2008 55823 0 94140 5583 58073 0 64 551 0 0 0 118 0 56 370 7784 0 2 0 0 0 0 0 1801 0 45 0 
0 0 18905 134 0 0 0 6194 0 0 1733 0 0 525 88 0 11 0 410 1103 0 44 33 0 18428 28577 1064 13132 1075 0 
32 63 3 1 8 0 0 94 0 0 0 0 525 0 1366 118 110 45601 6 0 4744 2 2021 0 0 169 3485 0 11 0 
823 6 0 37 3 0 0 1 15 13 2 118 88 1366 0 0 0 422 0 16 775 0 10413 0 0 0 6 0 1 7 
0 1270 2882 11661 0 1610 33749 6283 83 54309 10565 0 0 118 0 0 0 18283 4 191 0 491 0 0 0 706 1663 0 0 0 
0 2 0 0 81330 0 11167 0 0 2609 0 56 11 110 0 0 0 39 0 303 151 12669 0 0 0 43 0 1 0 0 
0 0 0 7357 540 1 11578 2 2507 43 0 370 0 45601 422 18283 39 0 16311 0 0 89012 3378 9 0 3171 0 0 0 0 
9862 0 0 5082 0 0 650 0 333 28 0 7784 410 6 0 4 0 16311 0 0 0 0 0 0 16 0 6585 1 4 26 
2 166 9 107 19271 0 0 0 0 5956 0 0 1103 0 16 191 303 0 0 0 289 0 6093 180 0 0 0 23887 24876 70 
0 0 15 0 0 0 75437 0 2136 61351 7 2 0 4744 775 0 151 0 0 289 0 0 46874 0 93187 3 1 0 561 0 
68 1768 63165 31952 52 0 0 0 11 58923 2 0 44 2 0 491 12669 89012 0 0 0 0 1097 0 0 0 40987 0 5371 0 
0 0 184 58 0 902 354 120 0 0 0 0 33 2021 10413 0 0 3378 0 6093 46874 1097 0 5159 0 19627 0 666 4 0 
0 0 37928 0 0 64 0 0 0 0 0 0 0 0 0 0 0 9 0 180 0 0 5159 0 259 17308 8 276 0 7960 
0 45861 4 429 0 0 7733 0 3193 0 20392 0 18428 0 0 0 0 0 16 0 93187 0 0 259 0 0 11 18060 0 371 
0 0 0 26824 14587 0 0 0 0 0 520 0 28577 169 0 706 43 3171 0 0 3 0 19627 17308 0 0 0 1455 3 30 
0 600 0 0 39293 63836 0 16 97042 1 0 1801 1064 3485 6 1663 0 0 6585 0 1 40987 0 8 11 0 0 0 2 0 
870 0 0 0 410 1550 1 0 0 0 0 0 13132 0 0 0 1 0 1 23887 0 0 666 276 18060 1455 0 0 0 10 
5407 6840 0 0 6 27 1110 0 7 5310 0 45 1075 11 1 0 0 0 4 24876 561 5371 4 0 0 3 2 0 0 0 
16456 0 0 1002 1269 0 0 176 0 10 49 0 0 0 7 0 0 0 26 70 0 0 0 7960 371 30 0 10 0 0 
0 0 252 0 0 0 0 1 5 0 15 1 4459 0 0 910 3788 5578 0 0 12490 0 10 78577 24148 3086 1 0 0 0 
0 0 10156 0 0 24 0 0 0 0 0 1163 1434 0 0 0 0 41715 115 0 29713 0 7151 995 0 28 0 63 0 21 
252 10156 0 5492 0 0 0 0 464 0 919 0 0 0 1199 0 4 82 104 0 0 0 0 0 0 311 500 14021 49 12219 
0 0 5492 0 0 107 0 8603 0 0 0 0 0 0 0 0 174 0 0 0 17440 0 0 1 0 0 765 4072 59 0 
0 0 0 0 0 47333 0 21394 661 0 333 1 5 0 0 1155 0 0 2648 0 914 0 1 4669 55 0 0 0 0 0 
0 24 0 107 47333 0 30552 0 0 1 0 0 3514 556 3 0 206 0 219 61 129 2 0 0 16 18 0 0 0 2 
0 0 0 0 0 30552 0 0 0 33 9344 0 1168 13 1 0 0 0 0 3 0 9 0 52109 0 27 47714 0 0 368 
1 0 0 8603 21394 0 0 0 62 1918 8530 0 0 0 0 0 1262 0 1373 5065 144 53116 0 3 150 11 0 68 5 0 
5 0 464 0 661 0 0 62 0 0 9 42027 19716 52 0 0 552 0 0 10 0 0 1225 3 0 10 0 4 0 17087 
0 0 0 0 0 1 33 1918 0 0 0 0 4303 4 0 0 0 0 0 0 0 0 6 130 22397 2 0 389 0 0 
15 0 919 0 333 0 9344 8530 9 0 0 0 0 5 0 0 2 159 11112 33282 0 0 6975 65705 0 0 21546 9 81079 0 
1 1163 0 0 1 0 0 0 42027 0 0 0 43 4 0 2526 0 0 0 116 0 60768 450 2 311 26 0 21 0 8 
4459 1434 0 0 5 3514 1168 0 19716 4303 0 43 0 0 0 223 0 33673 0 0 458 0 0 20289 0 0 0 0 0 4 
0 0 0 0 0 556 13 0 52 4 5 4 0 0 0 0 0 0 0 4 0 0 0 23 4191 0 0 97812 0 244 
0 0 1199 0 0 3 1 0 0 0 0 0 0 0 0 32108 2868 0 1507 0 0 2 0 847 121 1 0 1 0 0 
910 0 0 0 1155 0 0 0 0 0 0 2526 223 0 32108 0 5663 0 0 0 199 0 9376 9 534 0 0 1 4346 2642 
3788 0 4 174 0 206 0 1262 552 0 2 0 0 0 2868 5663 0 0 2935 0 0 0 1 1 1182 0 2922 0 38 1406 
5578 41715 82 0 0 0 0 0 0 0 159 0 33673 0 0 0 0 0 0 7528 1278 0 0 0 199 0 6018 68 203 27 
0 115 104 0 2648 219 0 1373 0 0 11112 0 0 0 1507 0 2935 0 0 4 16 14840 1 605 0 38139 0 0 0 0 
0 0 0 0 0 61 3 5065 10 0 33282 116 0 4 0 0 0 7528 4 0 0 1 0 0 1869 5461 74 0 0 0 
12490 29713 0 17440 914 129 0 144 0 0 0 0 458 0 0 199 0 1278 16 0 0 12 0 20 0 0 0 461 0 31961 
0 0 0 0 0 2 9 53116 0 0 0 60768 0 0 2 0 0 0 14840 1 12 0 0 67646 19263 1357 0 132 0 570 
10 7151 0 0 1 0 0 0 1225 6 6975 450 0 0 0 9376 1 0 1 0 0 0 0 0 8 0 170 0 0 317 
78577 995 0 1 4669 0 52109 3 3 130 65705 2 20289 23 847 9 1 0 605 0 20 67646 0 0 0 0 0 0 71078 0 
24148 0 0 0 55 16 0 150 0 22397 0 311 0 4191 121 534 1182 199 0 1869 0 19263 8 0 0 3 0 0 509 0 
3086 28 311 0 0 18 27 11 10 2 0 26 0 0 1 0 0 0 38139 5461 0 1357 0 0 3 0 1088 0 0 0 
1 0 500 765 0 0 47714 0 0 0 21546 0 0 0 0 0 2922 6018 0 74 0 0 170 0 0 1088 0 1 0 29 
0 63 14021 4072 0 0 0 68 4 389 9 21 0 97812 1 1 0 68 0 0 461 132 0 0 0 0 1 0 4 0 
0 0 49 59 0 0 0 5 0 0 81079 0 0 0 0 4346 38 203 0 0 0 0 0 71078 509 0 0 4 0 51559 
0 21 12219 0 0 2 368 0 17087 0 0 8 4 244 0 2642 1406 27 0 0 31961 570 317 0 0 0 29 0 51559 0 
0 0 48 0 0 0 0 1215 1163 0 45953 2 2 0 0 25 11 1 0 0 625 0 33997 13 4 2098 1 0 0 0 
0 0 44 0 0 7809 0 0 0 0 0 82990 32 0 0 0 0 442 1823 0 51055 0 15167 412 0 1419 0 503 0 7 
48 44 0 49669 0 0 0 0 127 0 902 0 0 0 1 0 43 77 70 0 0 0 0 0 0 94793 263 27704 8413 8 
0 0 49669 0 0 84745 0 560 0 0 0 0 0 0 0 0 24420 0 0 0 232 0 0 94235 0 0 272 2 2 0 
0 0 0 0 0 233 0 3135 4333 0 207 4939 20247 0 0 129 0 0 4 0 144 0 10 310 1 0 0 0 0 0 
0 7809 0 84745 233 0 75003 0 0 21 0 0 13 68048 46178 0 3 0 481 35603 315 82948 0 0 2725 13 0 0 0 1 
0 0 0 0 0 75003 0 0 0 18686 3195 0 43501 4 6035 0 0 0 0 36 0 13 0 2 0 83 55658 0 0 343 
1215 0 0 560 3135 0 0 0 77 1615 118 0 0 0 0 0 12489 0 24216 2 78 14806 0 48 35 4 0 857 3 0 
1163 0 127 0 4333 0 0 77 0 0 15 12 2 178 0 0 9 0 0 181 0 0 31 98050 0 101 0 1303 0 586 
0 0 0 0 0 21 18686 1615 0 0 0 0 228 1 0 0 0 0 0 0 0 0 2126 397 4 72561 0 24 0 0 
45953 0 902 0 207 0 3195 118 15 0 0 0 0 191 0 0 2327 42555 8 4 0 0 57665 3 0 0 147 86032 2 0 
2 82990 0 0 4939 0 0 0 12 0 0 0 284 17 0 744 0 0 0 46679 0 1 5 95649 1 1152 0 1 0 53 
2 32 0 0 20247 13 43501 0 2 228 0 284 0 0 0 29 0 4786 0 0 3064 0 0 10 0 0 0 0 0 3 
0 0 0 0 0 68048 4 0 178 1 191 17 0 0 0 0 0 0 0 112 0 0 0 8 521 0 0 31 0 5 
0 0 1 0 0 46178 6035 0 0 0 0 0 0 0 0 691 31 0 50914 0 0 1135 0 83987 2 24 0 135 0 0 
25 0 0 0 129 0 0 0 0 0 0 744 29 0 691 0 3167 0 0 0 3920 0 212 133 4066 0 0 63216 1 7422 
11 0 43 24420 0 3 0 12489 9 0 2327 0 0 0 31 3167 0 0 1828 0 0 0 12 90 53 0 1 0 20340 7 
1 442 77 0 0 0 0 0 0 0 42555 0 4786 0 0 0 0 0 0 28220 1 0 0 0 35 0 11 10213 48630 74 
0 1823 70 0 4 481 0 24216 0 0 8 0 0 0 50914 0 1828 0 0 99 22566 11 4730 163 0 8 0 0 0 0 
0 0 0 0 0 35603 36 2 181 0 4 46679 0 112 0 0 0 28220 99 0 0 98 0 0 2 54151 87346 0 0 0 
625 51055 0 232 144 315 0 78 0 0 0 0 3064 0 0 3920 0 1 22566 0 0 150 0 9 0 0 0 144 0 5 
0 0 0 0 0 82948 13 14806 0 0 0 1 0 0 1135 0 0 0 11 98 150 0 0 1 89 20816 0 31395 0 21267 
33997 15167 0 0 10 0 0 0 31 2126 57665 5 0 0 0 212 12 0 4730 0 0 0 0 0 16717 0 4 0 0 20 
13 412 0 94235 310 0 2 48 98050 397 3 95649 10 8 83987 133 90 0 163 0 9 1 0 0 0 0 0 0 60129 0 
4 0 0 0 1 2725 0 35 0 4 0 1 0 521 2 4066 53 35 0 2 0 89 16717 0 0 65 0 0 350 0 
2098 1419 94793 0 0 13 83 4 101 72561 0 1152 0 0 24 0 0 0 8 54151 0 20816 0 0 65 0 3988 0 0 0 
1 0 263 272 0 0 55658 0 0 0 147 0 0 0 0 0 1 11 0 87346 0 0 4 0 0 3988 0 20 0 2 
0 503 27704 2 0 0 0 857 1303 24 86032 1 0 31 135 63216 0 10213 0 0 144 31395 0 0 0 0 20 0 264 0 
0 0 8413 2 0 0 0 3 0 0 2 0 0 0 0 1 20340 48630 0 0 0 0 0 60129 350 0 0 264 0 273 
0 7 8 0 0 1 343 0 586 0 0 53 3 5 0 7422 7 74 0 0 5 21267 20 0 0 0 2 0 273 0 
