7 3
0 123 17 72 89 90 77 
123 0 116 51 121 48 96 
17 116 0 64 101 90 86 
72 51 64 0 97 39 71 
89 121 101 97 0 73 26 
90 48 90 39 73 0 47 
77 96 86 71 26 47 0 
0 2530 0 0 0 245 0 
2530 0 6 1544 0 0 0 
0 6 0 27805 0 0 196 
0 1544 27805 0 0 0 833 
0 0 0 0 0 2 16353 
245 0 0 0 2 0 0 
0 0 196 833 16353 0 0 
0 9074 496 0 0 162 68 
9074 0 877 0 1982 35 22 
496 877 0 0 261 0 8711 
0 0 0 0 14549 2 0 
0 1982 261 14549 0 6 410 
162 35 0 2 6 0 3376 
68 22 8711 0 410 3376 0 
0 0 0 1658 32837 7967 344 
0 0 2335 0 64 1219 16467 
0 2335 0 0 1 208 0 
1658 0 0 0 21 11 0 
32837 64 1 21 0 84 0 
7967 1219 208 11 84 0 39488 
344 16467 0 0 0 39488 0 
