8 4
0 59 64 103 62 95 95 48 
59 0 70 49 40 62 36 46 
64 70 0 118 33 51 89 98 
103 49 118 0 85 94 38 68 
62 40 33 85 0 33 56 78 
95 62 51 94 33 0 57 107 
95 36 89 38 56 57 0 77 
48 46 98 68 78 107 77 0 
0 47 0 14634 63 8497 406 0 
47 0 0 64894 1555 1248 0 165 
0 0 0 289 0 25 0 0 
14634 64894 289 0 12049 0 166 0 
63 1555 0 12049 0 875 1 149 
8497 1248 25 0 875 0 0 14 
406 0 0 166 1 0 0 0 
0 165 0 0 149 14 0 0 
0 8692 0 35024 805 1861 25 0 
8692 0 4 6066 121 2244 0 11 
0 4 0 2845 0 0 59 0 
35024 6066 2845 0 544 0 23 1 
805 121 0 544 0 197 3 6655 
1861 2244 0 0 197 0 0 30 
25 0 59 23 3 0 0 0 
0 11 0 1 6655 30 0 0 
0 904 0 1222 4042 9326 100 0 
904 0 0 2215 2692 3312 0 61 
0 0 0 1040 0 0 0 0 
1222 2215 1040 0 6181 0 42 0 
4042 2692 0 6181 0 210 118 1985 
9326 3312 0 0 210 0 0 127 
100 0 0 42 118 0 0 0 
0 61 0 0 1985 127 0 0 
0 128 0 5365 1 2301 212 0 
128 0 0 28536 60 1083 0 452 
0 0 0 4194 0 4 0 0 
5365 28536 4194 0 145 0 7 0 
1 60 0 145 0 498 1 991 
2301 1083 4 0 498 0 0 832 
212 0 0 7 1 0 0 0 
0 452 0 0 991 832 0 0 
