50 3
0 123 17 72 89 90 77 84 122 70 141 118 117 117 58 85 94 145 69 99 137 99 30 139 114 56 50 94 70 158 148 87 53 161 64 94 106 62 87 81 66 9 49 48 135 73 47 81 16 69 
123 0 116 51 121 48 96 115 59 63 25 47 40 16 64 39 31 87 58 23 83 33 103 24 65 67 92 40 53 45 35 36 95 46 119 29 43 89 107 43 57 113 75 95 85 58 91 43 139 54 
17 116 0 64 101 90 86 66 108 71 133 119 117 113 52 81 90 150 68 93 122 97 14 135 118 53 57 84 66 154 139 82 62 151 46 88 94 69 69 78 59 15 41 32 119 72 32 78 31 65 
72 51 64 0 97 39 71 77 62 33 69 64 60 49 13 21 29 104 24 28 84 38 52 71 72 21 53 26 13 91 77 19 58 89 74 23 41 56 72 18 5 62 23 46 83 30 41 18 88 13 
89 121 101 97 0 73 26 158 158 64 146 84 88 106 88 88 93 82 73 107 181 88 104 121 67 78 49 121 84 131 156 94 43 167 143 101 136 41 157 86 94 86 92 116 180 69 112 86 92 83 
90 48 90 39 73 0 47 116 91 20 73 28 27 34 42 20 20 64 22 35 115 15 82 53 32 38 48 55 28 69 83 26 49 95 111 30 68 42 111 21 41 81 54 82 115 17 77 21 104 28 
77 96 86 71 26 47 0 136 132 38 121 63 66 81 63 62 67 73 47 81 155 62 85 98 49 54 29 95 58 110 130 68 24 142 124 75 110 17 134 60 69 71 69 95 154 42 90 60 85 57 
84 115 66 77 158 116 136 0 73 105 118 141 136 120 76 98 104 181 98 96 73 114 56 139 149 84 109 75 89 160 120 94 114 129 22 95 74 118 9 96 75 79 67 42 70 103 46 96 96 88 
122 59 108 62 158 91 132 73 0 94 51 103 96 73 74 71 70 145 85 56 25 79 93 83 118 83 115 37 74 101 50 65 120 57 87 60 22 118 63 72 66 113 76 77 25 89 76 72 138 75 
70 63 71 33 64 20 38 105 94 0 87 48 47 52 29 25 32 79 8 44 117 32 64 72 47 21 28 56 20 89 96 31 31 108 97 38 71 26 102 23 32 61 39 67 116 5 62 23 84 19 
141 25 133 69 146 73 121 118 51 87 0 70 64 41 83 62 55 108 81 43 71 58 119 37 89 88 115 49 74 52 10 57 118 21 127 50 44 113 110 65 75 131 92 107 73 82 104 65 158 75 
118 47 119 64 84 28 63 141 103 48 70 0 6 30 70 43 37 42 50 48 128 26 110 38 19 66 73 72 55 47 80 46 73 90 138 47 82 64 135 45 67 109 82 109 128 46 104 45 132 56 
117 40 117 60 88 27 66 136 96 47 64 6 0 24 67 39 32 48 48 42 121 22 108 32 25 64 74 66 52 44 73 42 75 83 134 41 76 66 130 42 64 108 79 106 122 44 101 42 131 53 
117 16 113 49 106 34 81 120 73 52 41 30 24 0 60 31 22 72 48 24 98 19 101 21 48 61 81 46 46 42 51 31 83 62 122 26 54 76 113 35 54 107 72 95 99 47 91 35 132 48 
58 64 52 13 88 42 63 76 74 29 83 70 67 60 0 29 38 107 21 41 95 45 41 82 74 9 41 39 15 102 90 29 47 103 69 35 53 47 72 25 8 48 12 39 93 27 34 25 75 14 
85 39 81 21 88 20 62 98 71 25 62 43 39 31 29 0 9 83 18 19 96 17 70 53 51 29 52 34 14 73 71 6 56 83 95 13 49 51 92 3 25 75 41 67 95 20 62 3 101 16 
94 31 90 29 93 20 67 104 70 32 55 37 32 22 38 9 0 79 27 14 95 10 79 44 48 38 60 36 24 64 64 10 64 76 103 10 48 58 98 13 33 85 50 75 95 27 70 13 110 25 
145 87 150 104 82 64 73 181 145 79 108 42 48 72 107 83 79 0 85 91 170 68 144 71 32 101 95 114 92 67 117 88 93 125 176 89 125 84 176 85 106 138 118 146 171 79 141 85 156 93 
69 58 68 24 73 22 47 98 85 8 81 50 48 48 21 18 27 85 0 37 108 30 60 70 52 16 34 48 11 88 90 23 38 102 91 31 63 34 94 15 24 60 32 61 107 5 56 15 84 10 
99 23 93 28 107 35 81 96 56 44 43 48 42 24 41 19 14 91 37 0 81 23 80 43 62 45 71 23 30 64 52 13 75 65 98 6 34 70 89 21 33 89 51 72 81 39 68 21 115 31 
137 83 122 84 181 115 155 73 25 117 71 128 121 98 95 96 95 170 108 81 0 104 107 106 143 104 136 61 97 123 67 89 142 71 92 85 47 141 64 96 87 129 96 90 3 113 90 96 153 98 
99 33 97 38 88 15 62 114 79 32 58 26 22 19 45 17 10 68 30 23 104 0 87 40 38 44 61 46 30 58 68 19 63 79 112 20 58 56 108 20 42 90 57 84 105 28 79 20 114 32 
30 103 14 52 104 82 85 56 93 64 119 110 108 101 41 70 79 144 60 80 107 87 0 123 111 44 56 70 56 143 125 70 61 137 39 76 80 68 58 67 47 23 29 18 105 65 18 67 45 55 
139 24 135 71 121 53 98 139 83 72 37 38 32 21 82 53 44 71 70 43 106 40 123 0 57 83 101 64 68 21 46 52 103 54 142 47 68 95 131 57 76 129 94 116 107 68 112 57 154 69 
114 65 118 72 67 32 49 149 118 47 89 19 25 48 74 51 48 32 52 62 143 38 111 57 0 68 66 84 60 63 99 57 65 109 143 59 97 55 144 53 73 106 85 113 143 46 108 53 126 60 
56 67 53 21 78 38 54 84 83 21 88 66 64 61 9 29 38 101 16 45 104 44 44 83 68 0 32 47 14 102 96 31 37 109 75 39 62 37 81 25 17 46 17 45 103 21 40 25 71 13 
50 92 57 53 49 48 29 109 115 28 115 73 74 81 41 52 60 95 34 71 136 61 56 101 66 32 0 79 42 117 124 57 5 136 95 65 94 12 107 49 49 43 43 67 135 33 63 49 60 41 
94 40 84 26 121 55 95 75 37 56 49 72 66 46 39 34 36 114 48 23 61 46 70 64 84 47 79 0 37 85 55 28 84 67 79 25 15 81 67 35 30 84 45 57 60 52 54 35 111 38 
70 53 66 13 84 28 58 89 74 20 74 55 52 46 15 14 24 92 11 30 97 30 56 68 60 14 42 37 0 88 82 17 47 95 83 24 52 44 84 11 13 61 27 54 96 16 49 11 86 1 
158 45 154 91 131 69 110 160 101 89 52 47 44 42 102 73 64 67 88 64 123 58 143 21 63 102 117 85 88 0 58 73 118 62 163 68 88 110 152 76 96 148 114 137 125 86 132 76 173 89 
148 35 139 77 156 83 130 120 50 96 10 80 73 51 90 71 64 117 90 52 67 68 125 46 99 96 124 55 82 58 0 66 128 12 130 58 47 122 111 74 82 139 99 112 69 91 109 74 165 84 
87 36 82 19 94 26 68 94 65 31 57 46 42 31 29 6 10 88 23 13 89 19 70 52 57 31 57 28 17 73 66 0 61 78 93 7 42 57 88 8 23 77 41 65 89 26 60 8 103 18 
53 95 62 58 43 49 24 114 120 31 118 73 75 83 47 56 64 93 38 75 142 63 61 103 65 37 5 84 47 118 128 61 0 140 100 69 99 9 113 53 54 47 49 72 141 36 68 53 62 46 
161 46 151 89 167 95 142 129 57 108 21 90 83 62 103 83 76 125 102 65 71 79 137 54 109 109 136 67 95 62 12 78 140 0 141 71 58 134 120 86 95 151 112 124 74 103 121 86 177 96 
64 119 46 74 143 111 124 22 87 97 127 138 134 122 69 95 103 176 91 98 92 112 39 142 143 75 95 79 83 163 130 93 100 141 0 96 82 106 28 92 70 61 58 30 88 96 35 92 74 82 
94 29 88 23 101 30 75 95 60 38 50 47 41 26 35 13 10 89 31 6 85 20 76 47 59 39 65 25 24 68 58 7 69 71 96 0 38 64 89 15 29 84 47 69 85 33 64 15 110 25 
106 43 94 41 136 68 110 74 22 71 44 82 76 54 53 49 48 125 63 34 47 58 80 68 97 62 94 15 52 88 47 42 99 58 82 38 0 96 65 49 45 97 58 65 46 67 63 49 123 53 
62 89 69 56 41 42 17 118 118 26 113 64 66 76 47 51 58 84 34 70 141 56 68 95 55 37 12 81 44 110 122 57 9 134 106 64 96 0 116 49 53 55 52 77 140 31 72 49 72 43 
87 107 69 72 157 111 134 9 63 102 110 135 130 113 72 92 98 176 94 89 64 108 58 131 144 81 107 67 84 152 111 88 113 120 28 89 65 116 0 90 70 82 65 42 61 99 45 90 100 84 
81 43 78 18 86 21 60 96 72 23 65 45 42 35 25 3 13 85 15 21 96 20 67 57 53 25 49 35 11 76 74 8 53 86 92 15 49 49 90 0 22 72 37 64 96 18 59 0 97 12 
66 57 59 5 94 41 69 75 66 32 75 67 64 54 8 25 33 106 24 33 87 42 47 76 73 17 49 30 13 96 82 23 54 95 70 29 45 53 70 22 0 56 18 42 86 29 37 22 82 13 
9 113 15 62 86 81 71 79 113 61 131 109 108 107 48 75 85 138 60 89 129 90 23 129 106 46 43 84 61 148 139 77 47 151 61 84 97 55 82 72 56 0 39 41 127 63 40 72 26 59 
49 75 41 23 92 54 69 67 76 39 92 82 79 72 12 41 50 118 32 51 96 57 29 94 85 17 43 45 27 114 99 41 49 112 58 47 58 52 65 37 18 39 0 28 94 38 23 37 65 26 
48 95 32 46 116 82 95 42 77 67 107 109 106 95 39 67 75 146 61 72 90 84 18 116 113 45 67 57 54 137 112 65 72 124 30 69 65 77 42 64 42 41 28 0 87 66 5 64 63 53 
135 85 119 83 180 115 154 70 25 116 73 128 122 99 93 95 95 171 107 81 3 105 105 107 143 103 135 60 96 125 69 89 141 74 88 85 46 140 61 96 86 127 94 87 0 112 87 96 150 97 
73 58 72 30 69 17 42 103 89 5 82 46 44 47 27 20 27 79 5 39 113 28 65 68 46 21 33 52 16 86 91 26 36 103 96 33 67 31 99 18 29 63 38 66 112 0 61 18 87 16 
47 91 32 41 112 77 90 46 76 62 104 104 101 91 34 62 70 141 56 68 90 79 18 112 108 40 63 54 49 132 109 60 68 121 35 64 63 72 45 59 37 40 23 5 87 61 0 59 63 48 
81 43 78 18 86 21 60 96 72 23 65 45 42 35 25 3 13 85 15 21 96 20 67 57 53 25 49 35 11 76 74 8 53 86 92 15 49 49 90 0 22 72 37 64 96 18 59 0 97 12 
16 139 31 88 92 104 85 96 138 84 158 132 131 132 75 101 110 156 84 115 153 114 45 154 126 71 60 111 86 173 165 103 62 177 74 110 123 72 100 97 82 26 65 63 150 87 63 97 0 85 
69 54 65 13 83 28 57 88 75 19 75 56 53 48 14 16 25 93 10 31 98 32 55 69 60 13 41 38 1 89 84 18 46 96 82 25 53 43 84 12 13 59 26 53 97 16 48 12 85 0 
0 3 4584 0 0 646 2074 0 6 0 3 0 119 75246 22732 2 372 0 0 1431 6934 763 46 0 4 0 0 1931 8 13832 1518 0 87070 0 0 0 5 0 5987 0 8518 4793 8 19835 0 29 32458 11 0 0 
3 0 4 0 0 0 181 67 0 0 0 0 407 24 433 2560 769 0 15 47722 0 0 593 0 0 0 121 3651 0 955 0 0 8230 0 1 0 2181 0 0 0 97 28434 0 0 28 41 1 0 1099 2 
4584 4 0 0 0 0 74 0 833 0 0 4 0 0 0 0 0 0 0 21 1 0 0 0 7 0 0 4 0 0 1395 0 0 0 0 0 0 114 231 0 0 25661 0 0 71 0 0 220 3 0 
0 0 0 0 260 37874 176 28267 27236 0 0 65076 2 1 0 28 0 47726 5031 0 588 0 16 5 51 0 11 0 802 83 57 0 0 0 0 98 0 0 113 6580 497 6428 22857 0 22333 39475 0 6747 0 4326 
0 0 0 260 0 49217 0 0 0 0 4 0 0 246 15279 0 0 0 11 0 0 98 0 0 0 5 0 1780 0 0 62120 0 1843 1 15 0 0 0 0 36 0 0 0 215 0 53 10012 0 0 0 
646 0 0 37874 49217 0 61311 0 0 0 5 0 0 0 0 0 0 0 33 1 11936 20 0 0 0 0 0 0 1033 3243 0 101 8797 0 0 2782 16 0 0 0 1344 1047 0 0 0 0 247 12 1670 2 
2074 181 74 176 0 61311 0 2 0 0 0 0 0 10 0 0 88 0 0 0 0 603 0 0 0 8 0 0 6 0 0 3954 0 0 0 96 93 0 0 3431 0 0 0 0 0 17 0 4 23 0 
0 67 0 28267 0 0 2 0 10867 0 8 0 0 0 0 5 13 1505 0 439 7 0 98 0 0 5 0 25610 43201 0 0 82568 191 26 0 1 0 42 13022 0 406 10069 5 0 225 0 0 31 22 75 
6 0 833 27236 0 0 0 10867 0 13 0 2155 138 0 0 32 0 21 4463 0 0 17 0 0 0 5 0 50 0 0 56065 44 0 958 0 16981 6108 7991 0 21 10 0 0 2 2 260 0 0 383 0 
0 0 0 0 0 0 0 0 13 0 0 42 0 0 630 0 5 28 0 267 0 51 1584 409 0 0 0 4971 635 0 583 0 2464 21101 0 0 0 2184 0 143 107 26 80 0 0 58498 0 0 0 25 
3 0 0 0 4 5 0 8 0 0 0 0 0 63300 0 598 20 0 0 32 68 0 0 0 0 5 9562 0 32222 15 0 0 0 13 0 0 3 0 955 0 10595 3 9183 52 0 70395 190 247 0 4468 
0 0 4 65076 0 0 0 0 2155 42 0 0 0 0 15 0 0 26981 0 166 20 0 174 62650 0 6359 13234 24311 0 0 0 0 2 3 0 0 0 0 0 0 22 0 0 0 0 0 0 0 41763 6 
119 407 0 2 0 0 0 0 138 0 0 0 0 0 2492 4 0 4 41 26578 27 47 5 7568 0 0 0 208 0 0 0 0 927 12 4 3 0 0 81397 51292 0 8179 11 0 7 6111 0 0 30773 0 
75246 24 0 1 246 0 10 0 0 0 63300 0 0 0 93047 308 27 3 1 0 0 97037 0 0 2 142 58195 0 54 10 0 0 1 0 4 30 0 55385 0 1099 0 65 0 11 832 27635 1 0 0 0 
22732 433 0 0 15279 0 0 0 0 630 0 15 2492 93047 0 3 0 3 0 102 0 4 28 0 0 0 0 0 0 2 3 0 87713 2 280 0 281 0 539 0 701 470 1 939 67 0 478 3851 0 0 
2 2560 0 28 0 0 0 5 32 0 598 0 4 308 3 0 0 17 574 95367 0 0 0 0 8 0 13379 30000 0 1 36979 52 0 193 0 0 0 0 0 52 98843 6 0 0 610 607 2754 3 27 0 
372 769 0 0 0 0 88 13 0 5 20 0 0 27 0 0 0 0 0 0 2 0 43 0 0 3 53892 0 1307 466 0 0 0 1 1 17173 0 0 45 63981 0 0 0 2655 0 0 0 0 77015 99519 
0 0 0 47726 0 0 0 1505 21 28 0 26981 4 3 3 17 0 0 0 0 0 0 0 0 4 0 12 13 2002 0 792 0 0 0 0 0 0 0 198 23 24623 343 0 0 2 242 2 0 20 0 
0 15 0 5031 11 33 0 0 4463 0 0 0 41 1 0 574 0 0 0 289 0 0 0 0 2065 0 0 353 1089 7283 0 24 586 30424 0 12 0 416 601 0 41 0 0 3058 27386 0 1 0 83 428 
1431 47722 21 0 0 1 0 439 0 267 32 166 26578 0 102 95367 0 0 289 0 74 465 32 2 5595 3 4 3613 0 1 61 0 56976 1 13 9721 0 2161 0 0 74 0 0 1164 0 2000 0 395 682 0 
6934 0 1 588 0 11936 0 7 0 0 68 20 27 0 0 0 2 0 0 74 0 7 0 0 9 0 4 7746 0 187 9838 0 0 398 277 32859 1089 0 0 3 0 942 0 0 0 1 62447 0 0 0 
763 0 0 0 98 20 603 0 17 51 0 0 47 97037 4 0 0 0 0 465 7 0 0 0 7589 0 2 38267 4692 0 1 89 0 888 0 0 0 52 2557 9651 0 494 0 615 352 8 6507 24 0 149 
46 593 0 16 0 0 0 98 0 1584 0 174 5 0 28 0 43 0 0 32 0 0 0 16 0 21007 11 67108 1391 0 0 0 20 27 0 0 10 0 436 0 399 0 0 0 0 0 2998 98658 159 5 
0 0 0 5 0 0 0 0 0 409 0 62650 7568 0 0 0 0 0 0 2 0 0 16 0 0 1171 6914 0 279 0 0 0 0 0 0 116 0 231 2091 40 2 38649 0 0 0 0 874 412 243 0 
4 0 7 51 0 0 0 0 0 0 0 0 0 2 0 8 0 4 2065 5595 9 7589 0 0 0 0 0 34 0 42841 3 10 0 0 0 6 0 1 0 0 43334 0 0 0 0 0 0 0 54 4163 
0 0 0 0 5 0 8 5 5 0 5 6359 0 142 0 0 3 0 0 3 0 0 21007 1171 0 0 106 21716 0 0 0 0 0 0 0 0 2185 0 0 0 77 0 2244 1 0 25 1 1 464 67 
0 121 0 11 0 0 0 0 0 0 9562 13234 0 58195 0 13379 53892 12 0 4 4 2 11 6914 0 106 0 0 0 0 10 0 0 0 97803 1336 0 0 13912 0 2 9 0 38 32313 88 14 13 240 0 
1931 3651 4 0 1780 0 0 25610 50 4971 0 24311 208 0 0 30000 0 13 353 3613 7746 38267 67108 0 34 21716 0 0 156 0 0 0 389 0 3 0 0 0 0 0 0 4605 0 0 11972 4100 3 19086 9 25525 
8 0 0 802 0 1033 6 43201 0 635 32222 0 0 54 0 0 1307 2002 1089 0 0 4692 1391 279 0 0 0 156 0 2 204 578 112 54 0 50211 2 0 1 3 0 0 0 58277 0 12228 0 0 0 36987 
13832 955 0 83 0 3243 0 0 0 0 15 0 0 10 2 1 466 0 7283 1 187 0 0 0 42841 0 0 0 2 0 0 5470 23 9 1733 0 0 418 0 0 0 0 5846 0 5 0 14 0 60 23961 
1518 0 1395 57 62120 0 0 0 56065 583 0 0 0 0 3 36979 0 792 0 61 9838 1 0 0 3 0 10 0 204 0 0 0 26 0 4 0 0 64 0 0 0 2 5 0 1 0 5581 665 0 0 
0 0 0 0 0 101 3954 82568 44 0 0 0 0 0 0 52 0 0 24 0 0 89 0 0 10 0 0 0 578 5470 0 0 0 2858 21693 0 0 1 66548 13 0 0 0 5811 9769 3470 6078 6750 6229 12 
87070 8230 0 0 1843 8797 0 191 0 2464 0 2 927 1 87713 0 0 0 586 56976 0 0 20 0 0 0 0 389 112 23 26 0 0 22 244 0 0 38 24812 20 75 0 635 85 0 0 0 2373 28050 0 
0 0 0 0 1 0 0 26 958 21101 13 3 12 0 2 193 1 0 30424 1 398 888 27 0 0 0 0 0 54 9 0 2858 22 0 44 4134 66841 74 16 0 0 0 81 4786 2365 59 12977 0 3562 0 
0 1 0 0 15 0 0 0 0 0 0 0 4 4 280 0 1 0 0 13 277 0 0 0 0 0 97803 3 0 1733 4 21693 244 44 0 0 25 0 52 7689 0 0 0 127 0 0 0 395 0 10 
0 0 0 98 0 2782 96 1 16981 0 0 0 3 30 0 0 17173 0 12 9721 32859 0 0 116 6 0 1336 0 50211 0 0 0 0 4134 0 0 10492 30 0 54 635 2258 0 80 0 3141 122 51133 0 2 
5 2181 0 0 0 16 93 0 6108 0 3 0 0 0 281 0 0 0 0 0 1089 0 10 0 0 2185 0 0 2 0 0 0 0 66841 25 10492 0 48 14 264 58770 2685 0 702 0 0 1562 12 777 0 
0 0 114 0 0 0 0 42 7991 2184 0 0 0 55385 0 0 0 0 416 2161 0 52 0 231 1 0 0 0 0 418 64 1 38 74 0 30 48 0 3342 0 0 0 0 0 7 4 0 56344 0 1 
5987 0 231 113 0 0 0 13022 0 0 955 0 81397 0 539 0 45 198 601 0 0 2557 436 2091 0 0 13912 0 1 0 0 66548 24812 16 52 0 14 3342 0 313 0 18 194 0 350 0 0 0 0 0 
0 0 0 6580 36 0 3431 0 21 143 0 0 51292 1099 0 52 63981 23 0 0 3 9651 0 40 0 0 0 0 3 0 0 13 20 0 7689 54 264 0 313 0 0 7 3 25537 3 73812 0 1 653 0 
8518 97 0 497 0 1344 0 406 10 107 10595 22 0 0 701 98843 0 24623 41 74 0 0 399 2 43334 77 2 0 0 0 0 0 75 0 0 635 58770 0 0 0 0 13074 0 1491 32849 2 304 0 3060 595 
4793 28434 25661 6428 0 1047 0 10069 0 26 3 0 8179 65 470 6 0 343 0 0 942 494 0 38649 0 0 9 4605 0 0 2 0 0 0 0 2258 2685 0 18 7 13074 0 0 0 0 0 0 0 964 5 
8 0 0 22857 0 0 0 5 0 80 9183 0 11 0 1 0 0 0 0 0 0 0 0 0 0 2244 0 0 0 5846 5 0 635 81 0 0 0 0 194 3 0 0 0 0 849 3180 0 0 59 0 
19835 0 0 0 215 0 0 0 2 0 52 0 0 11 939 0 2655 0 3058 1164 0 615 0 0 0 1 38 0 58277 0 0 5811 85 4786 127 80 702 0 0 25537 1491 0 0 0 5 0 0 0 12 66 
0 28 71 22333 0 0 0 225 2 0 0 0 7 832 67 610 0 2 27386 0 0 352 0 0 0 0 32313 11972 0 5 1 9769 0 2365 0 0 0 7 350 3 32849 0 849 5 0 9 5806 0 0 86320 
29 41 0 39475 53 0 17 0 260 58498 70395 0 6111 27635 0 607 0 242 0 2000 1 8 0 0 0 25 88 4100 12228 0 0 3470 0 59 0 3141 0 4 0 73812 2 0 3180 0 9 0 5641 196 37 45 
32458 1 0 0 10012 247 0 0 0 0 190 0 0 1 478 2754 0 2 1 0 62447 6507 2998 874 0 1 14 3 0 14 5581 6078 0 12977 0 122 1562 0 0 0 304 0 0 0 5806 5641 0 0 0 36 
11 0 220 6747 0 12 4 31 0 0 247 0 0 0 3851 3 0 0 0 395 0 24 98658 412 0 1 13 19086 0 0 665 6750 2373 0 395 51133 12 56344 0 1 0 0 0 0 0 196 0 0 10193 5 
0 1099 3 0 0 1670 23 22 383 0 0 41763 30773 0 0 27 77015 20 83 682 0 0 159 243 54 464 240 9 0 60 0 6229 28050 3562 0 0 777 0 0 653 3060 964 59 12 0 37 0 10193 0 136 
0 2 0 4326 0 2 0 75 0 25 4468 6 0 0 0 0 99519 0 428 0 0 149 5 0 4163 67 0 25525 36987 23961 0 12 0 0 10 2 0 1 0 0 595 5 0 66 86320 45 36 5 136 0 
0 0 0 254 24523 0 0 33 2247 0 90 35771 3002 0 0 0 0 0 14492 0 1018 209 0 1 0 9276 29952 0 0 313 28867 0 0 70420 16 0 0 0 0 87 0 0 0 12748 148 0 0 0 3951 0 
0 0 11 41240 0 57470 0 2 97399 24 406 422 0 2793 0 0 39263 4603 0 0 1 0 0 2407 996 40563 553 0 80347 0 239 3574 0 17873 0 8 96 784 48036 0 26 2 87 0 0 0 0 37142 0 0 
0 11 0 0 26 0 0 30639 0 7 10974 5 113 26 62494 2 13 2918 0 1878 0 0 588 2 0 7 389 0 0 0 0 1658 135 9 12817 22 4 0 0 1600 3480 0 0 7 0 0 8054 0 75500 5 
254 41240 0 0 0 97763 0 0 0 7 822 45 0 0 32 86405 0 0 0 36 4 36 0 0 252 1 90 33 0 0 33 2108 54 6771 0 32 11 2256 0 0 0 0 0 0 0 0 1137 4538 14 0 
24523 0 26 0 0 0 2221 30 0 7631 0 62185 64171 0 0 1252 10 0 0 75122 62141 2049 0 0 5841 0 2 0 1 14 0 0 2 0 0 23 0 77 18 0 85 0 4855 0 0 11606 2 0 312 1 
0 57470 0 97763 0 0 0 0 1 1705 0 276 0 2 138 1 31630 0 156 0 0 0 197 0 3 3 167 1 89 135 59017 454 0 3449 5 0 0 919 1413 2 0 0 20 47067 1 255 0 0 36658 0 
0 0 0 0 2221 0 0 0 694 601 21 857 2 0 0 8 90 3 1613 24 21 0 21889 69936 3843 0 21835 0 0 39193 1360 0 959 63472 0 0 98497 9954 250 0 3168 1207 6 1 474 0 515 0 6 29 
33 2 30639 0 30 0 0 0 0 109 0 1849 422 54655 1 159 7 4 42 9 0 1 0 1 71259 0 0 0 3620 140 2 0 0 0 122 409 7 58 0 1267 0 29102 0 6 0 0 14897 5 0 0 
2247 97399 0 0 0 1 694 0 0 0 4 0 0 3344 64584 0 8 0 0 0 12981 0 5999 17 9780 0 0 1005 0 41039 0 81 27000 0 1996 0 0 0 0 0 0 7 29 217 0 0 3 91 0 0 
0 24 7 7 7631 1705 601 109 0 0 5883 0 10 0 0 4370 0 1 2 0 173 0 0 0 0 3 7 334 0 24 0 0 0 0 13 0 2869 0 1179 0 87504 299 0 2 93735 0 2080 0 226 0 
90 406 10974 822 0 0 21 0 4 5883 0 10250 5 1 0 0 0 5230 0 0 0 26816 624 897 96857 6444 0 4963 1 1190 53429 50640 0 0 1 0 0 3260 0 929 0 0 103 0 0 0 0 0 8753 68897 
35771 422 5 45 62185 276 857 1849 0 0 10250 0 816 46741 0 6 178 0 1 0 0 1036 0 0 14 0 0 0 112 189 0 0 0 0 675 963 24 11 921 1 0 4 0 284 0 0 442 89 0 0 
3002 0 113 0 64171 0 2 422 0 10 5 816 0 10 0 0 184 2446 23 0 0 0 0 0 194 38820 27016 106 4 9 5 2 0 0 265 0 0 26303 0 0 327 0 0 487 19630 0 0 22794 0 198 
0 2793 26 0 0 2 0 54655 3344 0 1 46741 10 0 0 0 0 0 0 0 3884 6743 22798 1397 0 0 0 0 0 0 44230 0 9198 0 0 15 0 0 0 0 10531 2 1 0 0 5172 0 0 15878 2662 
0 0 62494 32 0 138 0 1 64584 0 0 0 0 0 0 0 23 0 82327 0 39 0 0 0 4763 0 0 0 23 0 0 35548 7 0 0 133 0 1 0 7 0 0 0 0 0 0 21 0 0 6056 
0 0 2 86405 1252 1 8 159 0 4370 0 6 0 0 0 0 103 0 0 60795 151 5 1365 8 0 3 0 1192 0 0 0 0 0 0 81395 2346 0 6 59893 0 0 9 36698 0 22916 19656 2 0 0 5566 
0 39263 13 0 10 31630 90 7 8 0 0 178 184 0 23 103 0 3501 0 844 2609 34490 0 13231 0 0 0 821 265 12342 121 0 0 43 0 0 85406 202 2088 9023 1 0 0 94280 0 0 4 0 6 43351 
0 4603 2918 0 0 0 3 4 0 1 5230 0 2446 0 0 0 3501 0 0 0 15834 17 18490 3488 832 4 2 181 53 88354 0 39362 1 10 3 19631 58301 1 0 0 0 80508 152 0 0 0 0 574 138 30674 
14492 0 0 0 0 156 1613 42 0 2 0 1 23 0 82327 0 0 0 0 0 4855 0 49028 137 248 58090 2 597 0 0 0 0 0 0 4 2471 28 33931 0 2 0 0 3 0 0 5 599 304 0 0 
0 0 1878 36 75122 0 24 9 0 0 0 0 0 0 0 60795 844 0 0 0 0 1059 0 0 0 0 0 62 0 0 0 1 15 0 0 0 11794 27399 607 1233 0 85545 4 0 1 0 0 0 0 0 
1018 1 0 4 62141 0 21 0 12981 173 0 0 0 3884 39 151 2609 15834 4855 0 0 213 24 473 1 0 0 0 44503 0 65 16736 13027 2 0 0 0 0 0 0 4985 0 275 23241 0 0 0 44 2290 727 
209 0 0 36 2049 0 0 1 0 0 26816 1036 0 6743 0 5 34490 17 0 1059 213 0 16805 0 0 47002 48782 0 7 12 0 0 2564 0 56 1 82 0 0 0 15 0 0 0 0 8029 0 0 0 0 
0 0 588 0 0 197 21889 0 5999 0 624 0 0 22798 0 1365 0 18490 49028 0 24 16805 0 0 1981 0 0 0 0 0 696 0 0 0 24723 13768 0 8 0 1430 0 555 86195 94 13272 277 10 0 0 0 
1 2407 2 0 0 0 69936 1 17 0 897 0 0 1397 0 8 13231 3488 137 0 473 0 0 0 370 1215 0 61 696 2 937 0 256 6998 0 0 0 0 0 0 0 40 63418 0 1 2290 0 0 0 0 
0 996 0 252 5841 3 3843 71259 9780 0 96857 14 194 0 4763 0 0 832 248 0 1 0 1981 370 0 0 0 0 2 35 0 0 2 0 0 0 60938 0 0 33 0 1 0 11 29 57 403 40 0 0 
9276 40563 7 1 0 3 0 0 0 3 6444 0 38820 0 0 3 0 4 58090 0 0 47002 0 1215 0 0 0 0 177 1 70 3 0 10741 124 16699 13870 29945 0 5 0 1 0 0 0 0 547 1 0 2533 
29952 553 389 90 2 167 21835 0 0 7 0 0 27016 0 0 0 0 2 2 0 0 48782 0 0 0 0 0 9 16464 30681 0 1028 418 15 0 6184 1148 0 0 48 1985 0 9749 0 10 4 4505 0 0 1486 
0 0 0 33 0 1 0 0 1005 334 4963 0 106 0 0 1192 821 181 597 62 0 0 0 61 0 0 9 0 7403 0 0 497 0 4754 0 7412 0 0 10 0 6 11 39588 57 0 0 0 0 41 3 
0 80347 0 0 1 89 0 3620 0 0 1 112 4 0 23 0 265 53 0 0 44503 7 0 696 2 177 16464 7403 0 0 661 0 9 0 4 1 0 26978 0 0 0 236 23387 0 2465 892 0 98128 0 0 
313 0 0 0 14 135 39193 140 41039 24 1190 189 9 0 0 0 12342 88354 0 0 0 12 0 2 35 1 30681 0 0 0 11859 0 0 0 0 0 57 0 98966 0 58805 243 1 1 0 6466 0 0 6867 0 
28867 239 0 33 0 59017 1360 2 0 0 53429 0 5 44230 0 0 121 0 0 0 65 0 696 937 0 70 0 0 661 11859 0 11610 0 36295 83 7 56598 2 0 88106 0 0 0 111 0 3126 0 0 4767 0 
0 3574 1658 2108 0 454 0 0 81 0 50640 0 2 0 35548 0 0 39362 0 1 16736 0 0 0 0 3 1028 497 0 0 11610 0 0 13 0 3 42468 470 0 5 23 0 18 0 12266 0 0 0 0 0 
0 0 135 54 2 0 959 0 27000 0 0 0 0 9198 7 0 0 1 0 15 13027 2564 0 256 2 0 418 0 9 0 0 0 0 20 198 4489 5943 0 0 43 0 0 0 1194 130 17 74 7 0 2 
70420 17873 9 6771 0 3449 63472 0 0 0 0 0 0 0 0 0 43 10 0 0 2 0 0 6998 0 10741 15 4754 0 0 36295 13 20 0 0 0 0 12661 0 80 14 126 0 6988 5 1 0 62765 0 415 
16 0 12817 0 0 5 0 122 1996 13 1 675 265 0 0 81395 0 3 4 0 0 56 24723 0 0 124 0 0 4 0 83 0 198 0 0 19 0 6364 0 0 0 25 18 38 1 0 428 0 29 0 
0 8 22 32 23 0 0 409 0 0 0 963 0 15 133 2346 0 19631 2471 0 0 1 13768 0 0 16699 6184 7412 1 0 7 3 4489 0 19 0 0 0 97 0 0 0 3596 0 1 0 0 46 0 0 
0 96 4 11 0 0 98497 7 0 2869 0 24 0 0 0 0 85406 58301 28 11794 0 82 0 0 60938 13870 1148 0 0 57 56598 42468 5943 0 0 0 0 0 0 0 0 0 0 94486 1049 0 1026 0 0 2350 
0 784 0 2256 77 919 9954 58 0 0 3260 11 26303 0 1 6 202 1 33931 27399 0 0 8 0 0 29945 0 0 26978 0 2 470 0 12661 6364 0 0 0 94 10 0 519 13702 0 59 0 12458 16 2 56 
0 48036 0 0 18 1413 250 0 0 1179 0 921 0 0 0 59893 2088 0 0 607 0 0 0 0 0 0 0 10 0 98966 0 0 0 0 0 97 0 94 0 0 2804 0 0 13075 0 0 176 0 0 592 
87 0 1600 0 0 2 0 1267 0 0 929 1 0 0 7 0 9023 0 2 1233 0 0 1430 0 33 5 48 0 0 0 88106 5 43 80 0 0 0 10 0 0 0 0 0 0 0 0 400 13122 6072 509 
0 26 3480 0 85 0 3168 0 0 87504 0 0 327 10531 0 0 1 0 0 0 4985 15 0 0 0 0 1985 6 0 58805 0 23 0 14 0 0 0 0 2804 0 0 0 14229 0 61 178 0 0 0 0 
0 2 0 0 0 0 1207 29102 7 299 0 4 0 2 0 9 0 80508 0 85545 0 0 555 40 1 1 0 11 236 243 0 0 0 126 25 0 0 519 0 0 0 0 19 468 13 4007 3 0 0 0 
0 87 0 0 4855 20 6 0 29 0 103 0 0 1 0 36698 0 152 3 4 275 0 86195 63418 0 0 9749 39588 23387 1 0 18 0 0 18 3596 0 13702 0 0 14229 19 0 155 0 0 8223 0 0 0 
12748 0 7 0 0 47067 1 6 217 2 0 284 487 0 0 0 94280 0 0 0 23241 0 94 0 11 0 0 57 0 1 111 0 1194 6988 38 0 94486 0 13075 0 0 468 155 0 33296 0 10 13 0 0 
148 0 0 0 0 1 474 0 0 93735 0 0 19630 0 0 22916 0 0 0 1 0 0 13272 1 29 0 10 0 2465 0 0 12266 130 5 1 1 1049 59 0 0 61 13 0 33296 0 6 0 1 0 0 
0 0 0 0 11606 255 0 0 0 0 0 0 0 5172 0 19656 0 0 5 0 0 8029 277 2290 57 0 4 0 892 6466 3126 0 17 1 0 0 0 0 0 0 178 4007 0 0 6 0 7636 0 0 7877 
0 0 8054 1137 2 0 515 14897 3 2080 0 442 0 0 21 2 4 0 599 0 0 0 10 0 403 547 4505 0 0 0 0 0 74 0 428 0 1026 12458 176 400 0 3 8223 10 0 7636 0 2 0 9048 
0 37142 0 4538 0 0 0 5 91 0 0 89 22794 0 0 0 0 574 304 0 44 0 0 0 40 1 0 0 98128 0 0 0 7 62765 0 46 0 16 0 13122 0 0 0 13 1 0 2 0 41 0 
3951 0 75500 14 312 36658 6 0 0 226 8753 0 0 15878 0 0 6 138 0 0 2290 0 0 0 0 0 0 41 0 6867 4767 0 0 0 29 0 0 2 0 6072 0 0 0 0 0 0 0 41 0 0 
0 0 5 0 1 0 29 0 0 0 68897 0 198 2662 6056 5566 43351 30674 0 0 727 0 0 0 0 2533 1486 3 0 0 0 0 2 415 0 0 2350 56 592 509 0 0 0 0 0 7877 9048 0 0 0 
0 0 0 3553 0 0 0 83 0 2 0 21 142 1 3 6011 0 25585 0 0 0 0 0 28633 0 478 7 0 0 216 0 0 0 0 0 85 0 8366 413 6 7133 113 1 0 2 244 3091 2914 22456 1 
0 0 0 4218 34 1 5071 218 11 3 0 0 1 0 0 0 0 0 0 0 234 1220 0 238 3 4700 0 0 0 0 13 112 0 7245 0 18 0 29 94780 60 0 0 488 19 0 0 0 0 0 0 
0 0 0 3878 11532 0 79 38 19 13 0 0 8 0 28401 8 14117 29 0 0 0 104 1 0 68389 2 2963 0 1397 97076 0 61042 69 0 22 0 0 31422 0 0 2 0 245 3 0 11526 52166 0 0 0 
3553 4218 3878 0 26935 23 43 0 0 25252 541 0 0 0 341 19 18 0 0 0 0 0 0 0 0 44 6073 139 0 0 3 4069 1 48612 0 0 18 2 4150 0 4705 0 0 1013 0 5 2 0 26314 0 
0 34 11532 26935 0 0 20463 29752 13 39 0 5 6259 0 0 208 14 96 0 22788 0 0 0 25424 7 0 1242 0 99644 0 0 93 26005 0 0 46969 27 1677 29 0 540 0 288 0 16 0 0 366 0 17 
0 1 0 23 0 0 0 0 0 0 358 383 5 0 30 2 714 33 0 0 2 0 1417 57930 1547 0 8019 13598 0 0 0 1341 20005 0 1472 507 3 0 249 1 0 0 3242 1153 21 8524 0 0 0 0 
0 5071 79 43 20463 0 0 0 8000 5 1 20 86 11899 103 25 0 33 32295 0 2408 0 1674 4856 6 0 1 27379 0 29 22077 2236 0 0 186 0 0 73 88267 0 2 108 0 4229 29 0 99218 318 0 0 
83 218 38 0 29752 0 0 0 0 65 0 26146 1 0 42255 0 0 0 44771 0 0 5135 0 13 5 0 5 27 0 33 0 11728 0 0 90303 0 0 4 0 47350 33 0 0 0 0 91338 1391 0 0 69 
0 11 19 0 13 0 8000 0 0 0 32 0 2 84047 4640 0 0 0 0 6028 9 0 2 0 0 0 0 0 466 29631 0 19 9 19 3 5 0 0 23927 2157 0 1 257 0 0 0 41 5 17 60 
2 3 13 25252 39 0 5 65 0 0 0 0 1501 37367 0 0 0 0 3 0 1 0 0 0 10241 1142 8 0 0 0 356 78405 0 0 0 0 0 0 17 23247 0 0 0 6 1398 0 362 6187 59590 1 
0 0 0 541 0 358 1 0 32 0 0 0 1 8 336 0 0 1233 7 0 0 0 581 39 7726 0 0 0 0 0 1471 2 0 0 31 185 0 197 0 919 5704 0 1 0 1590 0 0 0 1 2 
21 0 0 0 5 383 20 26146 0 0 0 0 3 35 0 76 1401 0 3596 13127 2552 504 0 0 67956 0 0 0 35 150 0 14121 0 0 0 1 0 708 84029 0 8086 111 29 3 0 14 89265 9 0 0 
142 1 8 0 6259 5 86 1 2 1501 1 3 0 0 0 0 7793 0 0 3977 0 0 68 158 0 98 3953 22599 7766 1436 28 0 53 0 0 36465 3800 0 2 0 10 9 0 384 0 0 1 2699 0 2140 
1 0 0 0 0 0 11899 0 84047 37367 8 35 0 0 140 0 0 0 0 1123 25519 0 38846 60 0 0 0 1471 0 0 12 0 398 0 0 8 48 9906 13214 0 265 0 25 131 41 29473 0 123 13 54 
3 0 28401 341 0 30 103 42255 4640 0 336 0 0 140 0 0 125 0 0 0 61379 0 2 9 0 4 6020 62 54920 44 0 1120 170 0 6832 0 0 960 0 131 0 49 0 0 548 97683 6 0 917 465 
6011 0 8 19 208 2 25 0 0 0 0 76 0 0 0 0 1 2 43624 0 28 31 1 0 0 1406 0 0 397 0 0 0 8 0 1 0 3248 34571 2854 0 3507 27 12035 0 0 0 77737 0 0 56 
0 0 14117 18 14 714 0 0 0 0 0 1401 7793 0 125 1 0 0 32 0 0 1545 0 6100 441 1461 0 2011 0 0 5002 0 4 17 140 0 456 24339 26 1078 0 0 4304 0 0 11 318 63763 0 0 
25585 0 29 0 96 33 33 0 0 0 1233 0 0 0 0 2 0 0 0 0 1 5646 28394 3 254 43012 0 0 1587 12965 0 0 0 24 1089 0 24 8 0 0 0 0 41 23052 0 0 2914 2131 970 1 
0 0 0 0 0 0 32295 44771 0 3 7 3596 0 0 0 43624 32 0 0 39 27 3390 0 0 0 2 2 791 0 1 20085 6 0 0 0 410 81 0 0 0 6489 57 31520 0 0 4 1446 0 131 10 
0 0 0 0 22788 0 0 0 6028 0 0 13127 3977 1123 0 0 0 0 39 0 0 0 0 0 0 0 10225 70600 0 0 0 295 0 0 0 0 0 1 17946 4 0 0 0 136 0 0 3 0 0 29612 
0 234 0 0 0 2 2408 0 9 1 0 2552 0 25519 61379 28 0 1 27 0 0 0 4 0 4 22 0 0 65 308 68 0 3728 366 0 105 0 487 35 0 0 0 20513 2348 12 0 0 7 62 870 
0 1220 104 0 0 0 0 5135 0 0 0 504 0 0 0 31 1545 5646 3390 0 0 0 1293 0 0 5 0 0 6464 117 0 0 576 0 0 6962 2 44 0 0 66 0 8 0 0 0 1 0 30566 0 
0 0 1 0 0 1417 1674 0 2 0 581 0 68 38846 2 1 0 28394 0 0 4 1293 0 0 854 0 0 0 0 134 0 17 0 0 37421 1 0 0 0 0 136 7568 0 3797 19 13787 0 0 0 0 
28633 238 0 0 25424 57930 4856 13 0 0 39 0 158 60 9 0 6100 3 0 0 0 0 0 0 56399 0 0 2130 1671 99 368 0 98 18530 5794 0 0 0 0 0 0 0 10156 55 12731 0 7 32 0 12 
0 3 68389 0 7 1547 6 5 0 10241 7726 67956 0 0 0 0 441 254 0 0 4 0 854 56399 0 29 0 0 619 0 0 0 5 1222 0 0 30298 0 30980 125 0 0 873 231 5 1 320 0 0 0 
478 4700 2 44 0 0 0 0 0 1142 0 0 98 0 4 1406 1461 43012 2 0 22 5 0 0 29 0 0 1 454 471 10409 4 7 70329 86839 0 74 324 104 29283 0 27196 0 0 44896 277 1 166 239 0 
7 0 2963 6073 1242 8019 1 5 0 8 0 0 3953 0 6020 0 0 0 2 10225 0 0 0 0 0 0 0 16 19 9452 2481 73 1 5097 4 0 0 3992 0 19568 2 0 1 0 0 0 0 0 0 12 
0 0 0 139 0 13598 27379 27 0 0 0 0 22599 1471 62 0 2011 0 791 70600 0 0 0 2130 0 1 16 0 0 0 0 0 0 0 65941 70511 208 7471 1699 6 11 0 909 194 0 47 0 0 63489 0 
0 0 1397 0 99644 0 0 0 466 0 0 35 7766 0 54920 397 0 1587 0 0 65 6464 0 1671 619 454 19 0 0 0 0 0 0 7990 83665 0 0 20513 22 0 0 0 811 0 6739 0 0 2472 1772 0 
216 0 97076 0 0 0 29 33 29631 0 0 150 1436 0 44 0 0 12965 1 0 308 117 134 99 0 471 9452 0 0 0 58 0 0 0 3 48645 1747 0 37 0 7 42 0 0 0 0 0 1 0 403 
0 13 0 3 0 0 22077 0 0 356 1471 0 28 12 0 0 5002 0 20085 0 68 0 0 368 0 10409 2481 0 0 58 0 6 0 0 83 40877 0 0 20 0 7087 0 0 3347 0 9205 154 0 11 22 
0 112 61042 4069 93 1341 2236 11728 19 78405 2 14121 0 0 1120 0 0 0 6 295 0 0 17 0 0 4 73 0 0 0 6 0 2389 0 0 165 2240 0 44 231 44 6 0 0 0 0 2 0 0 0 
0 0 69 1 26005 20005 0 0 9 0 0 0 53 398 170 8 4 0 0 0 3728 576 0 98 5 7 1 0 0 0 0 2389 0 0 0 3 9 477 0 0 72804 0 75689 0 33 24684 0 108 0 0 
0 7245 0 48612 0 0 0 0 19 0 0 0 0 0 0 0 17 24 0 0 366 0 0 18530 1222 70329 5097 0 7990 0 0 0 0 0 8 0 0 0 0 638 1855 4 567 0 0 239 0 6 0 1 
0 0 22 0 0 1472 186 90303 3 0 31 0 0 0 6832 1 140 1089 0 0 0 0 37421 5794 0 86839 4 65941 83665 3 83 0 0 8 0 5234 27811 0 1515 0 8137 37 27842 1 0 11 987 0 704 0 
85 18 0 0 46969 507 0 0 5 0 185 1 36465 8 0 0 0 0 410 0 105 6962 1 0 0 0 0 70511 0 48645 40877 165 3 0 5234 0 0 0 97940 0 0 0 7211 0 3943 0 0 28 56781 0 
0 0 0 18 27 3 0 0 0 0 0 0 3800 48 0 3248 456 24 81 0 0 2 0 0 30298 74 0 208 0 1747 0 2240 9 0 27811 0 0 0 0 0 83 0 4 0 1 8 0 0 142 112 
8366 29 31422 2 1677 0 73 4 0 0 197 708 0 9906 960 34571 24339 8 0 1 487 44 0 0 0 324 3992 7471 20513 0 0 0 477 0 0 0 0 0 0 19904 879 0 601 0 0 0 5968 26 39537 0 
413 94780 0 4150 29 249 88267 0 23927 17 0 84029 2 13214 0 2854 26 0 0 17946 35 0 0 0 30980 104 0 1699 22 37 20 44 0 0 1515 97940 0 0 0 0 1797 0 7481 0 0 1319 0 49 0 2498 
6 60 0 0 0 1 0 47350 2157 23247 919 0 0 0 131 0 1078 0 0 4 0 0 0 0 125 29283 19568 6 0 0 0 231 0 638 0 0 0 19904 0 0 23568 0 152 19315 0 0 37335 0 20 290 
7133 0 2 4705 540 0 2 33 0 0 5704 8086 10 265 0 3507 0 0 6489 0 0 66 136 0 0 0 2 11 0 7 7087 44 72804 1855 8137 0 83 879 1797 23568 0 0 42 0 0 0 0 96769 0 27233 
113 0 0 0 0 0 108 0 1 0 0 111 9 0 49 27 0 0 57 0 0 0 7568 0 0 27196 0 0 0 42 0 6 0 4 37 0 0 0 0 0 0 0 379 13 0 46 0 0 0 0 
1 488 245 0 288 3242 0 0 257 0 1 29 0 25 0 12035 4304 41 31520 0 20513 8 0 10156 873 0 1 909 811 0 0 0 75689 567 27842 7211 4 601 7481 152 42 379 0 2597 0 3496 292 7 0 6984 
0 19 3 1013 0 1153 4229 0 0 6 0 3 384 131 0 0 0 23052 0 136 2348 0 3797 55 231 0 0 194 0 0 3347 0 0 0 1 0 0 0 0 19315 0 13 2597 0 5 2 5995 333 0 5661 
2 0 0 0 16 21 29 0 0 1398 1590 0 0 41 548 0 0 0 0 0 12 0 19 12731 5 44896 0 0 6739 0 0 0 33 0 0 3943 1 0 0 0 0 0 0 5 0 0 0 72957 1 0 
244 0 11526 5 0 8524 0 91338 0 0 0 14 0 29473 97683 0 11 0 4 0 0 0 13787 0 1 277 0 47 0 0 9205 0 24684 239 11 0 8 0 1319 0 0 46 3496 2 0 0 0 0 0 1201 
3091 0 52166 2 0 0 99218 1391 41 362 0 89265 1 0 6 77737 318 2914 1446 3 0 1 0 7 320 1 0 0 0 0 154 2 0 0 987 0 0 5968 0 37335 0 0 292 5995 0 0 0 0 10230 0 
2914 0 0 0 366 0 318 0 5 6187 0 9 2699 123 0 0 63763 2131 0 0 7 0 0 32 0 166 0 0 2472 1 0 0 108 6 0 28 0 26 49 0 96769 0 7 333 72957 0 0 0 3174 0 
22456 0 0 26314 0 0 0 0 17 59590 1 0 0 13 917 0 0 970 131 0 62 30566 0 0 0 239 0 63489 1772 0 11 0 0 0 704 56781 142 39537 0 20 0 0 0 0 1 0 10230 3174 0 0 
1 0 0 0 17 0 0 69 60 1 2 0 2140 54 465 56 0 1 10 29612 870 0 0 12 0 0 12 0 0 403 22 0 0 1 0 0 112 0 2498 290 27233 0 6984 5661 0 1201 0 0 0 0 
