8 2
0 46 118 40 96 98 46 64 
46 0 88 10 53 127 3 66 
118 88 0 85 53 137 85 71 
40 10 85 0 56 117 8 56 
96 53 53 56 0 154 51 82 
98 127 137 117 154 0 125 72 
46 3 85 8 51 125 0 63 
64 66 71 56 82 72 63 0 
0 760 4015 5 0 47 0 6 
760 0 0 2 23692 0 0 0 
4015 0 0 0 8250 216 0 0 
5 2 0 0 5 0 0 39921 
0 23692 8250 5 0 0 76 0 
47 0 216 0 0 0 87 33750 
0 0 0 0 76 87 0 0 
6 0 0 39921 0 33750 0 0 
0 0 24 82381 1 73994 0 1 
0 0 0 0 9939 173 11 0 
24 0 0 39490 40 27 54 0 
82381 0 39490 0 2 0 0 0 
1 9939 40 2 0 2671 0 38747 
73994 173 27 0 2671 0 0 4 
0 11 54 0 0 0 0 61 
1 0 0 0 38747 4 61 0 
