8 2
0 59 64 103 62 95 95 48 
59 0 70 49 40 62 36 46 
64 70 0 118 33 51 89 98 
103 49 118 0 85 94 38 68 
62 40 33 85 0 33 56 78 
95 62 51 94 33 0 57 107 
95 36 89 38 56 57 0 77 
48 46 98 68 78 107 77 0 
0 5686 71328 16814 0 0 0 0 
5686 0 0 155 0 0 0 60513 
71328 0 0 28 3964 0 0 0 
16814 155 28 0 6953 0 0 1041 
0 0 3964 6953 0 780 378 23624 
0 0 0 0 780 0 0 57 
0 0 0 0 378 0 0 0 
0 60513 0 1041 23624 57 0 0 
0 0 0 0 42 109 96 96875 
0 0 62 0 1667 11281 4 0 
0 62 0 0 0 11 3095 15 
0 0 0 0 0 19 9885 0 
42 1667 0 0 0 0 0 0 
109 11281 11 19 0 0 2 0 
96 4 3095 9885 0 2 0 0 
96875 0 15 0 0 0 0 0 
