40 4
0 59 64 103 62 95 95 48 90 88 90 112 64 139 74 53 26 148 87 89 78 107 103 6 100 177 116 85 94 32 58 33 140 154 91 89 149 95 129 136 
59 0 70 49 40 62 36 46 31 30 43 69 27 80 26 37 59 91 39 30 28 48 85 53 62 119 57 26 35 49 19 41 84 96 32 30 99 39 70 86 
64 70 0 118 33 51 89 98 88 95 64 73 48 126 97 33 87 124 64 86 63 108 150 62 58 154 114 86 89 33 53 83 147 156 86 84 168 106 127 100 
103 49 118 0 85 94 38 68 34 23 68 88 69 56 28 85 93 77 65 36 58 23 68 97 90 97 30 33 37 98 65 74 38 53 38 38 50 11 35 90 
62 40 33 85 0 33 56 78 55 62 34 51 15 94 66 8 77 96 33 53 30 75 125 57 38 126 81 53 55 32 21 66 113 123 53 51 135 74 94 77 
95 62 51 94 33 0 57 107 59 71 25 22 37 82 84 42 110 75 28 57 37 76 147 91 7 104 78 61 57 65 46 97 112 117 56 55 139 82 90 49 
95 36 89 38 56 57 0 77 6 17 31 50 41 44 39 58 95 55 29 6 25 20 100 89 52 83 25 11 1 78 40 76 58 67 4 6 82 27 38 57 
48 46 98 68 78 107 77 0 71 63 90 115 69 117 41 71 27 133 86 71 75 81 55 45 108 159 90 66 76 65 60 15 106 121 74 72 107 64 101 132 
90 31 88 34 55 59 6 71 0 12 34 55 39 49 33 57 89 61 31 2 25 20 94 84 56 89 27 5 5 75 38 70 58 68 4 4 81 23 41 63 
88 30 95 23 62 71 17 63 12 0 46 67 46 53 23 63 84 69 43 14 35 19 82 82 68 95 28 10 16 78 43 65 53 65 16 16 72 11 40 74 
90 43 64 68 34 25 31 90 34 46 0 25 25 61 61 41 99 61 3 32 15 51 124 84 22 92 53 36 32 65 32 83 87 94 30 30 114 57 66 45 
112 69 73 88 51 22 50 115 55 67 25 0 49 63 86 60 123 54 29 53 40 67 148 107 15 82 66 58 51 84 57 108 98 101 51 51 128 77 76 27 
64 27 48 69 15 37 41 69 39 46 25 49 0 81 52 17 74 86 23 37 16 60 112 58 38 116 66 37 40 40 8 60 98 108 37 36 119 58 79 71 
139 80 126 56 94 82 44 117 49 53 61 63 81 0 75 99 137 23 62 50 65 36 125 133 74 41 27 54 45 121 83 118 42 40 48 50 74 54 23 49 
74 26 97 28 66 84 39 41 33 23 61 86 52 75 0 64 65 92 58 34 47 39 62 69 83 117 49 28 38 73 45 46 66 80 37 35 76 23 59 96 
53 37 33 85 8 42 58 71 57 63 41 60 17 99 64 0 69 102 39 55 34 77 120 48 46 132 83 54 58 24 20 58 115 125 55 53 135 74 97 85 
26 59 87 93 77 110 95 27 89 84 99 123 74 137 65 69 0 150 95 88 85 103 79 26 113 178 112 83 93 54 66 19 131 145 91 89 135 88 124 144 
148 91 124 77 96 75 55 133 61 69 61 54 86 23 92 102 150 0 63 62 70 55 146 142 68 30 47 67 57 126 90 132 65 61 59 61 97 73 46 31 
87 39 64 65 33 28 29 86 31 43 3 29 23 62 58 39 95 63 0 29 11 49 121 81 25 93 52 33 29 63 29 79 86 93 27 27 112 54 65 48 
89 30 86 36 53 57 6 71 2 14 32 53 37 50 34 55 88 62 29 0 23 22 95 83 54 89 29 5 5 73 36 70 60 70 2 2 83 25 42 62 
78 28 63 58 30 37 25 75 25 35 15 40 16 65 47 34 85 70 11 23 0 45 110 72 35 100 50 25 25 56 20 68 83 92 22 21 106 47 64 59 
107 48 108 23 75 76 20 81 20 19 51 67 60 36 39 77 103 55 49 22 45 0 91 101 71 77 9 23 20 95 58 84 38 48 22 24 62 18 21 67 
103 85 150 68 125 147 100 55 94 82 124 148 112 125 62 120 79 146 121 95 110 91 0 100 146 164 99 90 98 119 104 71 95 110 98 97 80 74 102 156 
6 53 62 97 57 91 89 45 84 82 84 107 58 133 69 48 26 142 81 83 72 101 100 0 95 171 110 79 88 29 52 29 135 148 85 83 144 89 123 130 
100 62 58 90 38 7 52 108 56 68 22 15 38 74 83 46 113 68 25 54 35 71 146 95 0 97 72 58 53 70 47 99 106 111 52 52 134 79 84 42 
177 119 154 97 126 104 83 159 89 95 92 82 116 41 117 132 178 30 93 89 100 77 164 171 97 0 68 94 84 156 120 159 73 63 87 89 103 95 62 57 
116 57 114 30 81 78 25 90 27 28 53 66 66 27 49 83 112 47 52 29 50 9 99 110 72 68 0 31 25 102 65 93 34 42 28 30 62 26 13 62 
85 26 86 33 53 61 11 66 5 10 36 58 37 54 28 54 83 67 33 5 25 23 90 79 58 94 31 0 10 72 35 65 61 72 8 7 82 21 44 68 
94 35 89 37 55 57 1 76 5 16 32 51 40 45 38 58 93 57 29 5 25 20 98 88 53 84 25 10 0 78 40 75 58 67 3 5 82 26 39 58 
32 49 33 98 32 65 78 65 75 78 65 84 40 121 73 24 54 126 63 73 56 95 119 29 70 156 102 72 78 0 37 50 132 144 75 73 148 88 116 109 
58 19 53 65 21 46 40 60 38 43 32 57 8 83 45 20 66 90 29 36 20 58 104 52 47 120 65 35 40 37 0 51 96 106 37 35 115 54 79 78 
33 41 83 74 66 97 76 15 70 65 83 108 60 118 46 58 19 132 79 70 68 84 71 29 99 159 93 65 75 50 51 0 112 127 72 70 118 69 105 127 
140 84 147 38 113 112 58 106 58 53 87 98 98 42 66 115 131 65 86 60 83 38 95 135 106 73 34 61 58 132 96 112 0 15 60 62 32 45 22 90 
154 96 156 53 123 117 67 121 68 65 94 101 108 40 80 125 145 61 93 70 92 48 110 148 111 63 42 72 67 144 106 127 15 0 70 71 40 58 28 89 
91 32 86 38 53 56 4 74 4 16 30 51 37 48 37 55 91 59 27 2 22 22 98 85 52 87 28 8 3 75 37 72 60 70 0 2 84 27 42 59 
89 30 84 38 51 55 6 72 4 16 30 51 36 50 35 53 89 61 27 2 21 24 97 83 52 89 30 7 5 73 35 70 62 71 2 0 85 27 43 60 
149 99 168 50 135 139 82 107 81 72 114 128 119 74 76 135 135 97 112 83 106 62 80 144 134 103 62 82 82 148 115 118 32 40 84 85 0 61 54 122 
95 39 106 11 74 82 27 64 23 11 57 77 58 54 23 74 88 73 54 25 47 18 74 89 79 95 26 21 26 88 54 69 45 58 27 27 61 0 36 82 
129 70 127 35 94 90 38 101 41 40 66 76 79 23 59 97 124 46 65 42 64 21 102 123 84 62 13 44 39 116 79 105 22 28 42 43 54 36 0 68 
136 86 100 90 77 49 57 132 63 74 45 27 71 49 96 85 144 31 48 62 59 67 156 130 42 57 62 68 58 109 78 127 90 89 59 60 122 82 68 0 
0 1 0 14731 59 0 31 6936 92506 1612 0 0 0 0 786 0 352 7 0 0 0 4440 0 15553 0 0 161 3 0 6029 0 0 0 0 0 4 182 0 663 1 
1 0 61 2380 613 9366 5201 0 0 19 0 0 1 0 0 0 0 54 683 0 0 0 0 241 43 6246 2 2 15228 0 0 402 372 0 2377 0 0 0 0 13010 
0 61 0 0 0 9803 567 0 50960 0 52 1363 0 5166 36 0 0 0 77 28 11 2 0 0 0 14 2 153 1 0 3 0 5157 0 7923 0 1 0 0 39831 
14731 2380 0 0 0 9706 0 342 3 2 0 19851 0 0 7020 0 0 199 1 43 0 0 3296 2964 0 0 61850 0 2 11501 0 3 0 307 118 0 0 0 7 53032 
59 613 0 0 0 0 69507 0 0 754 97 993 0 204 0 0 42 28 0 1 2 4232 3 0 244 0 0 0 2 4 101 0 0 119 0 4231 14 0 0 29 
0 9366 9803 9706 0 0 0 3 0 0 7 120 2977 0 0 52 1030 8010 169 0 0 0 814 0 56013 0 0 18466 30 9400 8326 466 2 11232 0 2167 4 33 0 5 
31 5201 567 0 69507 0 0 0 0 0 77452 169 26072 0 0 10113 115 0 0 0 0 61 8 2 453 0 1320 10 0 5604 0 52 1 2 1050 45584 2 0 0 0 
6936 0 0 342 0 3 0 0 0 0 2570 0 64 0 71832 119 3705 45249 0 6351 0 978 2737 0 0 0 0 49 0 16 0 1055 3243 0 0 969 46828 925 0 12345 
92506 0 50960 3 0 0 0 0 0 0 0 0 0 0 0 39312 0 0 0 0 0 0 0 69286 0 0 17702 0 0 0 348 26289 1039 1490 95661 3166 76 0 241 0 
1612 19 0 2 754 0 0 0 0 0 67 0 10675 1 546 15 17 0 0 6399 0 472 0 331 4 0 563 0 13 0 0 643 90234 0 3 0 24064 0 0 41237 
0 0 52 0 97 7 77452 2570 0 67 0 3307 3 2879 35 3 0 713 80 6 0 756 6 0 0 0 0 39 833 52 0 40 0 12225 0 0 16 2672 0 0 
0 0 1363 19851 993 120 169 0 0 0 3307 0 52032 1 0 0 0 11444 960 17513 0 0 0 2 0 0 21637 0 0 55 0 0 0 7 0 2069 876 0 1 0 
0 1 0 0 0 2977 26072 64 0 10675 3 52032 0 0 50280 1 0 0 0 67080 0 0 7 0 17592 2 0 139 0 0 3070 0 0 0 0 1 1 0 0 21 
0 0 5166 0 204 0 0 0 0 1 2879 1 0 0 2602 0 0 0 28 0 23255 0 6231 3039 0 12 0 62811 0 504 9913 36162 0 1463 1 0 195 0 0 0 
786 0 36 7020 0 0 0 71832 0 546 35 0 50280 2602 0 0 16 0 0 0 0 5 0 0 0 12211 0 91 226 0 0 0 0 3 473 0 14431 84 382 0 
0 0 0 0 0 52 10113 119 39312 15 3 0 1 0 0 0 0 12 0 12 0 11005 1 1 0 33309 14413 444 0 49 0 4 20467 5870 9 0 0 0 3776 0 
352 0 0 0 42 1030 115 3705 0 17 0 0 0 0 16 0 0 185 0 0 4725 0 11 299 0 0 2 500 29922 223 0 9 0 265 537 0 0 0 10 217 
7 54 0 199 28 8010 0 45249 0 0 713 11444 0 0 0 12 185 0 0 17 396 82208 125 0 0 1150 0 0 54 0 32024 94 4 228 104 3288 8 798 27 11 
0 683 77 1 0 169 0 0 0 0 80 960 0 28 0 0 0 0 0 8 0 182 0 0 0 2073 0 0 0 0 0 0 184 0 0 0 5639 0 0 659 
0 0 28 43 1 0 0 6351 0 6399 6 17513 67080 0 0 12 0 17 8 0 0 358 0 0 0 50 688 20735 1 0 41863 0 0 48 0 0 157 26 0 81 
0 0 11 0 2 0 0 0 0 0 0 0 0 23255 0 0 4725 396 0 0 0 0 0 0 27437 55 27089 556 0 641 0 0 14935 1 0 63 0 3 1 1254 
4440 0 2 0 4232 0 61 978 0 472 756 0 0 0 5 11005 0 82208 182 358 0 0 0 19009 0 1740 0 0 152 0 1520 5358 2878 0 0 32 62 0 0 0 
0 0 0 3296 3 814 8 2737 0 0 6 0 7 6231 0 1 11 125 0 0 0 0 0 8291 6 9713 0 1 0 0 0 41983 1215 5 0 0 0 5395 0 0 
15553 241 0 2964 0 0 2 0 69286 331 0 2 0 3039 0 1 299 0 0 0 0 19009 8291 0 0 0 0 30865 92428 0 260 12 3 0 328 23386 0 0 290 0 
0 43 0 0 244 56013 453 0 0 4 0 0 17592 0 0 0 0 0 0 0 27437 0 6 0 0 0 0 3415 0 0 1 0 0 320 0 0 0 0 41 15820 
0 6246 14 0 0 0 0 0 0 0 0 0 2 12 12211 33309 0 1150 2073 50 55 1740 9713 0 0 0 0 0 4057 0 32 6385 0 1707 0 17 0 0 32 0 
161 2 2 61850 0 0 1320 0 17702 563 0 21637 0 0 0 14413 2 0 0 688 27089 0 0 0 0 0 0 0 1488 0 0 0 0 970 39 0 3318 0 0 305 
3 2 153 0 0 18466 10 49 0 0 39 0 139 62811 91 444 500 0 0 20735 556 0 1 30865 3415 0 0 0 0 0 316 0 0 107 182 0 18 9761 157 129 
0 15228 1 2 2 30 0 0 0 13 833 0 0 0 226 0 29922 54 0 1 0 152 0 92428 0 4057 1488 0 0 566 0 0 0 0 69567 0 11587 8 62 23 
6029 0 0 11501 4 9400 5604 16 0 0 52 55 0 504 0 49 223 0 0 0 641 0 0 0 0 0 0 0 566 0 0 0 91548 0 0 0 0 51 24453 167 
0 0 3 0 101 8326 0 0 348 0 0 0 3070 9913 0 0 0 32024 0 41863 0 1520 0 260 1 32 0 316 0 0 0 1418 0 0 30385 27368 0 11 0 0 
0 402 0 3 0 466 52 1055 26289 643 40 0 0 36162 0 4 9 94 0 0 0 5358 41983 12 0 6385 0 0 0 0 1418 0 50 0 0 20 0 0 12 29695 
0 372 5157 0 0 2 1 3243 1039 90234 0 0 0 0 0 20467 0 4 184 0 14935 2878 1215 3 0 0 0 0 0 91548 0 50 0 8492 0 0 1667 65 13 0 
0 0 0 307 119 11232 2 0 1490 0 12225 7 0 1463 3 5870 265 228 0 48 1 0 5 0 320 1707 970 107 0 0 0 0 8492 0 0 19 14 0 0 5714 
0 2377 7923 118 0 0 1050 0 95661 3 0 0 0 1 473 9 537 104 0 0 0 0 0 328 0 0 39 182 69567 0 30385 0 0 0 0 0 0 3 0 8582 
4 0 0 0 4231 2167 45584 969 3166 0 0 2069 1 0 0 0 0 3288 0 0 63 32 0 23386 0 17 0 0 0 0 27368 20 0 19 0 0 0 0 0 0 
182 0 1 0 14 4 2 46828 76 24064 16 876 1 195 14431 0 0 8 5639 157 0 62 0 0 0 0 3318 18 11587 0 0 0 1667 14 0 0 0 0 71122 351 
0 0 0 0 0 33 0 925 0 0 2672 0 0 0 84 0 0 798 0 26 3 0 5395 0 0 0 0 9761 8 51 11 0 65 0 3 0 0 0 1316 0 
663 0 0 7 0 0 0 0 241 0 0 1 0 0 382 3776 10 27 0 0 1 0 0 290 41 32 0 157 62 24453 0 12 13 0 0 0 71122 1316 0 166 
1 13010 39831 53032 29 5 0 12345 0 41237 0 0 21 0 0 0 217 11 659 81 1254 0 0 0 15820 0 305 129 23 167 0 29695 0 5714 8582 0 351 0 166 0 
0 121 0 9797 56 526 356 19875 33318 1083 128 0 21 386 0 10 99 0 0 0 0 0 6163 0 8113 0 0 4 20 0 21151 0 3 0 2342 20 13295 14 1124 12 
121 0 0 0 10153 0 1326 2618 9654 3 0 0 0 0 0 0 171 31 3116 0 18 0 4 0 0 0 0 0 41775 0 0 0 0 53 0 2450 843 0 360 2350 
0 0 0 3 863 0 0 92136 0 22806 0 0 0 21246 0 0 47681 2639 209 0 0 0 4570 4252 0 140 45 0 0 86 0 373 0 411 871 0 0 0 0 4505 
9797 0 3 0 0 0 530 0 0 956 0 0 1232 69 3806 5108 9935 0 0 0 12 13 11200 0 12524 1348 7605 0 0 17515 0 94 0 35 0 0 9 0 0 47965 
56 10153 863 0 0 933 0 0 53 81 0 0 3189 0 0 0 0 0 2615 0 0 0 45 4 308 0 0 5 0 0 0 2 3672 0 58 34097 0 1638 0 0 
526 0 0 0 933 0 10330 0 1416 0 7 0 335 0 11 10 0 37821 0 2 15 73 0 0 0 522 806 79243 6 260 0 0 0 20128 1 861 9 0 0 0 
356 1326 0 530 0 10330 0 215 4082 176 0 40 0 15 59683 0 0 37 0 0 3 1 2 0 0 68 0 6 33203 0 0 0 0 0 249 0 0 39899 0 182 
19875 2618 92136 0 0 0 215 0 15166 5 0 0 0 0 0 0 0 82024 4 0 0 0 0 0 53 0 0 19 50082 0 0 0 0 2598 1 0 662 5382 4799 435 
33318 9654 0 0 53 1416 4082 15166 0 1 0 0 16220 0 0 0 33 0 20093 6194 0 1 8 2242 5610 7 1226 83 0 0 0 0 0 0 0 17651 929 3 24 0 
1083 3 22806 956 81 0 176 5 1 0 0 14 0 0 1072 0 7 1876 10 0 0 59 0 57 0 1 0 56992 0 20 47878 0 0 0 0 0 65 0 1 5523 
128 0 0 0 0 7 0 0 0 0 0 0 0 0 7185 0 961 0 1167 6 0 66 0 0 4095 0 937 0 0 0 1 1075 5 0 59 98438 0 2793 26 0 
0 0 0 0 0 0 40 0 0 14 0 0 3956 0 2 0 28 0 0 69239 0 0 53 0 0 51217 0 82261 0 30 63913 164 0 43 20054 0 1637 0 0 215 
21 0 0 1232 3189 335 0 0 16220 0 0 3956 0 0 2902 0 3269 0 0 0 0 0 0 3930 0 12 0 3278 18176 22 233 2 3 1127 0 0 0 1 5 15 
386 0 21246 69 0 0 15 0 0 0 0 0 0 0 0 363 0 0 2088 0 56224 74 12495 69 0 47 67151 0 14 53 0 0 0 2962 0 127 28 4 27559 1 
0 0 0 3806 0 11 59683 0 0 1072 7185 2 2902 0 0 0 1 0 33404 0 0 3 1805 27001 0 19178 0 0 2 0 27126 11 31 0 82 13 23579 60 52 2225 
10 0 0 5108 0 10 0 0 0 0 0 0 0 363 0 0 420 14 0 0 6286 19303 0 0 1479 0 1691 1253 0 0 181 13 18863 374 0 0 0 8 0 246 
99 171 47681 9935 0 0 0 0 33 7 961 28 3269 0 1 420 0 65 7 6 7610 0 1 0 0 635 9 42 52338 13 0 5164 298 139 0 0 0 246 0 0 
0 31 2639 0 0 37821 37 82024 0 1876 0 0 0 0 0 14 65 0 0 0 0 20598 0 0 0 0 0 0 0 0 0 18 69 83 385 106 0 2 0 0 
0 3116 209 0 2615 0 0 4 20093 10 1167 0 0 2088 33404 0 7 0 0 0 241 58 40 0 0 0 1328 2 63915 21 0 1 0 309 3 0 6896 0 9 0 
0 0 0 0 0 2 0 0 6194 0 6 69239 0 0 0 0 6 0 0 0 0 0 0 0 11 1207 6139 0 8 0 22944 0 0 39 0 0 0 420 12268 154 
0 18 0 12 0 15 3 0 0 0 0 0 0 56224 0 6286 7610 0 241 0 0 626 26 0 8696 0 0 7160 154 1234 90 5 3068 0 0 24 596 0 0 0 
0 0 0 13 0 73 1 0 1 59 66 0 0 74 3 19303 0 20598 58 0 626 0 40 8999 0 38088 0 6 0 0 17930 0 182 196 0 168 0 13845 3276 6 
6163 4 4570 11200 45 0 2 0 8 0 0 53 0 12495 1805 0 1 0 40 0 26 40 0 0 2 2322 0 0 0 0 0 0 981 11 14 0 2591 0 195 17 
0 0 4252 0 4 0 0 0 2242 57 0 0 3930 69 27001 0 0 0 0 0 0 8999 0 0 0 0 1 0 0 2 1551 1 0 1 20 8014 1630 114 252 9 
8113 0 0 12524 308 0 0 53 5610 0 4095 0 0 0 0 1479 0 0 0 11 8696 0 2 0 0 6 0 107 4 0 0 0 79564 0 0 31759 0 1 0 1111 
0 0 140 1348 0 522 68 0 7 1 0 51217 12 47 19178 0 635 0 0 1207 0 38088 2322 0 6 0 3240 0 0 0 6 0 0 2231 82190 0 0 0 983 2089 
0 0 45 7605 0 806 0 0 1226 0 937 0 0 67151 0 1691 9 0 1328 6139 0 0 0 1 0 3240 0 4813 0 0 45 0 2496 5518 0 45472 7591 313 1702 0 
4 0 0 0 5 79243 6 19 83 56992 0 82261 3278 0 0 1253 42 0 2 0 7160 6 0 0 107 0 4813 0 91 1847 3 0 59966 0 230 0 0 0 67 6 
20 41775 0 0 0 6 33203 50082 0 0 0 0 18176 14 2 0 52338 0 63915 8 154 0 0 0 4 0 0 91 0 1559 0 0 839 1065 5310 172 0 9 0 311 
0 0 86 17515 0 260 0 0 0 20 0 30 22 53 0 0 13 0 21 0 1234 0 0 2 0 0 0 1847 1559 0 1136 0 0 0 30 7 0 36 0 18 
21151 0 0 0 0 0 0 0 0 47878 1 63913 233 0 27126 181 0 0 0 22944 90 17930 0 1551 0 6 45 3 0 1136 0 0 0 6324 0 10855 17356 25 255 0 
0 0 373 94 2 0 0 0 0 0 1075 164 2 0 11 13 5164 18 1 0 5 0 0 1 0 0 0 0 0 0 0 0 687 577 17 1 40590 0 14 0 
3 0 0 0 3672 0 0 0 0 0 5 0 3 0 31 18863 298 69 0 0 3068 182 981 0 79564 0 2496 59966 839 0 0 687 0 12519 0 0 0 211 1 13 
0 53 411 35 0 20128 0 2598 0 0 0 43 1127 2962 0 374 139 83 309 39 0 196 11 1 0 2231 5518 0 1065 0 6324 577 12519 0 0 0 10793 1 0 0 
2342 0 871 0 58 1 249 1 0 0 59 20054 0 0 82 0 0 385 3 0 0 0 14 20 0 82190 0 230 5310 30 0 17 0 0 0 0 0 7 0 0 
20 2450 0 0 34097 861 0 0 17651 0 98438 0 0 127 13 0 0 106 0 0 24 168 0 8014 31759 0 45472 0 172 7 10855 1 0 0 0 0 0 0 0 3 
13295 843 0 9 0 9 0 662 929 65 0 1637 0 28 23579 0 0 0 6896 0 596 0 2591 1630 0 0 7591 0 0 0 17356 40590 0 10793 0 0 0 0 1247 24594 
14 0 0 0 1638 0 39899 5382 3 0 2793 0 1 4 60 8 246 2 0 420 0 13845 0 114 1 0 313 0 9 36 25 0 211 1 7 0 0 0 1577 1544 
1124 360 0 0 0 0 0 4799 24 1 26 0 5 27559 52 0 0 0 9 12268 0 3276 195 252 0 983 1702 67 0 0 255 14 1 0 0 0 1247 1577 0 1791 
12 2350 4505 47965 0 0 182 435 0 5523 0 215 15 1 2225 246 0 0 0 154 0 6 17 9 1111 2089 0 6 311 18 0 0 13 0 0 3 24594 1544 1791 0 
0 0 0 36544 0 16854 0 14312 0 0 0 0 1178 3 438 0 1144 2 44 1187 0 0 0 327 0 0 4293 16 10 11 0 181 98 13065 39462 18 0 37 954 0 
0 0 0 0 4121 4000 0 0 0 23 59287 0 1 63120 0 0 99025 0 38 0 0 0 3 948 368 37349 45 0 0 0 0 187 0 0 1822 2059 119 64 153 0 
0 0 0 0 0 15917 0 0 0 0 0 0 0 0 209 0 1 0 0 0 0 10 7 0 476 17 0 13 0 0 2 2219 434 758 1043 0 0 53 0 0 
36544 0 0 0 0 0 20 0 32 0 106 0 1167 14 0 0 0 0 0 49 91 308 735 210 0 0 3250 0 0 0 1 0 0 0 4048 0 0 1499 0 26167 
0 4121 0 0 0 2 36767 789 0 33 451 15145 1 0 1096 18 0 45 175 10 0 8759 0 73739 56 6201 0 0 0 9 0 8 0 156 1 0 0 0 0 25 
16854 4000 15917 0 2 0 0 0 97 850 0 0 2028 0 427 11 0 0 0 5087 0 0 248 212 26557 6876 0 0 0 1540 0 54 0 0 4 0 11 0 0 4 
0 0 0 20 36767 0 0 1 29023 9 0 820 2273 0 46 1730 126 0 0 0 0 0 0 10 0 616 0 19 2743 6700 0 0 0 0 0 4851 0 1749 0 0 
14312 0 0 0 789 0 1 0 9181 0 24257 0 981 0 0 7 0 15870 1 67220 0 0 0 4 0 264 5 280 11 8 2 0 5849 58 77 0 0 1109 5779 0 
0 0 0 32 0 97 29023 9181 0 23898 276 113 586 71520 0 0 0 0 0 2 0 0 3 0 0 0 90248 0 0 1 5834 4462 0 1514 691 888 0 6 20920 0 
0 23 0 0 33 850 9 0 23898 0 7 1 612 0 0 0 0 0 0 82594 0 0 18844 251 96 0 13383 0 0 163 15981 267 0 0 0 1196 0 0 0 21180 
0 59287 0 106 451 0 0 24257 276 7 0 3416 0 0 19 0 0 0 0 14 83712 0 40 0 0 0 0 7 0 4 8 0 22997 0 0 0 0 1452 0 0 
0 0 0 0 15145 0 820 0 113 1 3416 0 1559 33 0 0 0 432 588 29585 904 520 271 0 14874 0 38082 1233 12 5947 59823 3 0 0 6 0 15267 1029 0 99 
1178 1 0 1167 1 2028 2273 981 586 612 0 1559 0 0 0 0 42171 0 0 0 3 19350 0 0 5141 46 83230 3 9035 0 7824 5 5854 0 3 1 0 0 0 0 
3 63120 0 14 0 0 0 0 71520 0 0 33 0 0 0 0 195 1271 0 2903 5077 0 217 0 55 0 35522 0 138 5287 0 56139 4 533 0 0 9070 9 7519 0 
438 0 209 0 1096 427 46 0 0 0 19 0 0 0 0 0 0 61 0 67 3339 0 28 93 0 5648 0 0 0 149 0 0 4 0 5465 492 57663 30 76 55 
0 0 0 0 18 11 1730 7 0 0 0 0 0 0 0 0 28 450 13050 222 0 0 20 0 0 0 389 0 0 0 77 0 0 0 10 6 3277 10 1727 0 
1144 99025 1 0 0 0 126 0 0 0 0 0 42171 195 0 28 0 4020 5 0 0 299 0 1436 3872 466 0 0 85281 0 33189 0 3784 22 0 0 1272 611 0 0 
2 0 0 0 45 0 0 15870 0 0 0 432 0 1271 61 450 4020 0 269 3 0 0 0 0 2 0 0 0 2643 3 0 0 0 31 4 0 42 706 0 62 
44 38 0 0 175 0 0 1 0 0 0 588 0 0 0 13050 5 269 0 0 5468 6657 71081 76845 2 0 8 14 15 0 1 0 0 0 28 194 16424 28 1 31606 
1187 0 0 49 10 5087 0 67220 2 82594 14 29585 0 2903 67 222 0 3 0 0 4 0 0 19 90492 0 0 95 0 6871 0 0 72080 373 28016 10 13533 0 0 0 
0 0 0 91 0 0 0 0 0 0 83712 904 3 5077 3339 0 0 0 5468 4 0 37 447 0 2666 0 0 0 613 11008 0 0 4417 0 191 14 195 13 108 58 
0 0 10 308 8759 0 0 0 0 0 0 520 19350 0 0 0 299 0 6657 0 37 0 0 0 0 0 41 0 0 0 0 5974 0 0 2799 0 0 893 31643 741 
0 3 7 735 0 248 0 0 3 18844 40 271 0 217 28 20 0 0 71081 0 447 0 0 10578 256 0 0 1 66590 2 1 3734 74400 0 15797 0 0 762 0 0 
327 948 0 210 73739 212 10 4 0 251 0 0 0 0 93 0 1436 0 76845 19 0 0 10578 0 0 52338 15763 71537 0 0 0 378 0 0 0 7794 29 147 0 182 
0 368 476 0 56 26557 0 0 0 96 0 14874 5141 55 0 0 3872 2 2 90492 2666 0 256 0 0 0 0 0 1433 5 16 154 2 0 37 81689 475 0 1 58633 
0 37349 17 0 6201 6876 616 264 0 0 0 0 46 0 5648 0 466 0 0 0 0 0 0 52338 0 0 90074 0 0 96931 161 0 0 20392 82 0 0 470 771 1 
4293 45 0 3250 0 0 0 5 90248 13383 0 38082 83230 35522 0 389 0 0 8 0 0 41 0 15763 0 90074 0 0 87102 52 0 0 1852 0 6 12986 0 24478 57 1458 
16 0 13 0 0 0 19 280 0 0 7 1233 3 0 0 0 0 0 14 95 0 0 1 71537 0 0 0 0 1 35361 0 0 0 166 47 4 1 0 0 0 
10 0 0 0 0 0 2743 11 0 0 0 12 9035 138 0 0 85281 2643 15 0 613 0 66590 0 1433 0 87102 1 0 0 15 2420 0 220 0 1 4325 188 1371 0 
11 0 0 0 9 1540 6700 8 1 163 4 5947 0 5287 149 0 0 3 0 6871 11008 0 2 0 5 96931 52 35361 0 0 74188 0 9984 0 0 0 8736 0 0 0 
0 0 2 1 0 0 0 2 5834 15981 8 59823 7824 0 0 77 33189 0 1 0 0 0 1 0 16 161 0 0 15 74188 0 36 0 22 10938 2147 3101 0 2406 0 
181 187 2219 0 8 54 0 0 4462 267 0 3 5 56139 0 0 0 0 0 0 0 5974 3734 378 154 0 0 0 2420 0 36 0 0 556 0 0 2 0 16 30194 
98 0 434 0 0 0 0 5849 0 0 22997 0 5854 4 4 0 3784 0 0 72080 4417 0 74400 0 2 0 1852 0 0 9984 0 0 0 0 1 0 21656 9 0 18 
13065 0 758 0 156 0 0 58 1514 0 0 0 0 533 0 0 22 31 0 373 0 0 0 0 0 20392 0 166 220 0 22 556 0 0 0 148 0 16 0 0 
39462 1822 1043 4048 1 4 0 77 691 0 0 6 3 0 5465 10 0 4 28 28016 191 2799 15797 0 37 82 6 47 0 0 10938 0 1 0 0 0 17 356 22 55575 
18 2059 0 0 0 0 4851 0 888 1196 0 0 1 0 492 6 0 0 194 10 14 0 0 7794 81689 0 12986 4 1 0 2147 0 0 148 0 0 0 0 39 2 
0 119 0 0 0 11 0 0 0 0 0 15267 0 9070 57663 3277 1272 42 16424 13533 195 0 0 29 475 0 0 1 4325 8736 3101 2 21656 0 17 0 0 1 92692 0 
37 64 53 1499 0 0 1749 1109 6 0 1452 1029 0 9 30 10 611 706 28 0 13 893 762 147 0 470 24478 0 188 0 0 0 9 16 356 0 1 0 0 15871 
954 153 0 0 0 0 0 5779 20920 0 0 0 0 7519 76 1727 0 0 1 0 108 31643 0 0 1 771 57 0 1371 0 2406 16 0 0 22 39 92692 0 0 7234 
0 0 0 26167 25 4 0 0 0 21180 0 99 0 0 55 0 0 62 31606 0 58 741 0 182 58633 1 1458 0 0 0 0 30194 18 0 55575 2 0 15871 7234 0 
0 0 0 8071 0 35 497 0 871 7540 0 16 0 86962 0 19 0 0 0 20 1 2644 0 58221 0 0 347 0 0 0 32 0 61729 234 909 0 1148 1 0 0 
0 0 0 2307 0 8416 0 0 0 0 51868 32 4 0 0 1616 12 11606 19596 192 0 0 0 4712 1 0 0 71 0 0 2999 0 0 81274 3084 1122 0 1871 2184 0 
0 0 0 151 0 0 0 2 0 27 0 22 0 0 1 3 0 0 0 0 0 0 1 0 43 0 0 0 0 4593 0 0 0 305 0 35 0 0 115 47733 
8071 2307 151 0 5 3796 1 0 0 0 2 0 17 2 15900 0 3 0 0 0 1446 0 0 584 0 21648 0 487 0 0 1246 0 0 59 0 0 55467 24 0 872 
0 0 0 5 0 15300 0 46735 2 16943 0 0 0 0 33217 73 0 0 0 0 0 0 0 0 1636 0 0 0 3 1 0 7536 163 0 0 0 0 0 0 38 
35 8416 0 3796 15300 0 438 0 160 0 0 0 2856 16204 0 77 0 1247 0 7432 0 3 102 0 929 83 0 19892 0 13063 0 0 0 0 1 3950 10 0 0 0 
497 0 0 1 0 438 0 0 0 15222 0 0 0 1062 0 0 355 168 0 30696 5 335 0 0 0 122 147 2 0 711 0 0 0 20 0 0 0 1 153 0 
0 0 2 0 46735 0 0 0 72 1337 0 2891 0 0 61240 3 12934 24168 57 0 0 0 0 3 3 0 0 5 0 0 0 766 0 0 255 232 0 0 0 9763 
871 0 0 0 2 160 0 72 0 0 0 0 0 1 68738 0 0 0 0 1130 6 269 1 0 4 3242 0 0 70 226 1048 7450 1230 0 44736 0 1885 0 178 0 
7540 0 27 0 16943 0 15222 1337 0 0 0 0 0 0 2356 0 567 0 76 0 12 0 6 848 0 16564 23 0 0 0 0 0 9659 0 2 0 0 25390 22757 0 
0 51868 0 2 0 0 0 0 0 0 0 0 0 0 0 0 6286 0 0 0 0 778 19 0 20 1504 0 0 0 0 1970 0 0 0 105 7485 43 5895 0 1440 
16 32 22 0 0 0 0 2891 0 0 0 0 10809 0 0 0 7146 0 0 1852 10 4346 1 0 0 40197 1565 0 0 170 28 0 0 0 41 0 553 16036 0 0 
0 4 0 17 0 2856 0 0 0 0 0 10809 0 0 0 0 27879 20 3 0 71 0 5 93 68 0 0 880 991 815 665 1 0 0 20 0 0 0 1 0 
86962 0 0 2 0 16204 1062 0 1 0 0 0 0 0 1248 0 0 379 0 0 19982 48331 0 0 0 1 0 4957 0 0 0 42083 3 77089 1 0 0 58195 0 4581 
0 0 1 15900 33217 0 0 61240 68738 2356 0 0 0 1248 0 0 0 0 21873 0 61463 0 237 0 0 51201 0 0 1141 0 380 9 0 8 4248 4796 0 29 1138 1211 
19 1616 3 0 73 77 0 3 0 0 0 0 0 0 0 0 0 0 0 0 9 97221 173 0 206 4225 0 0 0 0 3 279 36441 0 0 9875 2925 0 1644 265 
0 12 0 3 0 0 355 12934 0 567 6286 7146 27879 0 0 0 0 0 0 1660 27441 106 2 0 21 29 0 79 0 13 30 11 0 174 0 1 1136 0 8 3045 
0 11606 0 0 0 1247 168 24168 0 0 0 0 20 379 0 0 0 0 4 1 0 0 0 5341 16850 0 4623 1196 41 0 20729 199 0 575 10 0 1 8 5 0 
0 19596 0 0 0 0 0 57 0 76 0 0 3 0 21873 0 0 4 0 5 0 268 5 81262 0 127 1244 0 0 1 0 0 0 2734 0 57 0 0 58 0 
20 192 0 0 0 7432 30696 0 1130 0 0 1852 0 0 0 0 1660 1 5 0 1294 0 30 31408 0 0 0 29435 1 1744 10998 36 0 0 1621 3425 1615 0 0 0 
1 0 0 1446 0 0 5 0 6 12 0 10 71 19982 61463 9 27441 0 0 1294 0 0 121 0 28007 7919 18252 0 0 64 37 0 2906 0 49283 0 2 0 0 4691 
2644 0 0 0 0 3 335 0 269 0 778 4346 0 48331 0 97221 106 0 268 0 0 0 12 3108 105 0 0 1 5103 0 0 2710 0 81 0 8 429 0 0 0 
0 0 1 0 0 102 0 0 1 6 19 1 5 0 237 173 2 0 5 30 121 12 0 47432 3 17 0 0 0 344 55 0 2716 8 0 3 0 0 23 0 
58221 4712 0 584 0 0 0 3 0 848 0 0 93 0 0 0 0 5341 81262 31408 0 3108 47432 0 0 34 0 0 3733 225 94 2 7 52839 508 0 0 0 5932 276 
0 1 43 0 1636 929 0 3 4 0 20 0 68 0 0 206 21 16850 0 0 28007 105 3 0 0 0 709 0 0 22130 0 0 0 1088 0 5292 0 3743 0 0 
0 0 0 21648 0 83 122 0 3242 16564 1504 40197 0 1 51201 4225 29 0 127 0 7919 0 17 34 0 0 0 0 0 2779 1 676 0 0 0 0 2 0 0 2 
347 0 0 0 0 0 147 0 0 23 0 1565 0 0 0 0 0 4623 1244 0 18252 0 0 0 709 0 0 14 0 0 47777 0 77 0 0 0 0 0 3308 15607 
0 71 0 487 0 19892 2 5 0 0 0 0 880 4957 0 0 79 1196 0 29435 0 1 0 0 0 0 14 0 536 0 912 0 16698 217 0 0 0 104 11 44 
0 0 0 0 3 0 0 0 70 0 0 0 991 0 1141 0 0 41 0 1 0 5103 0 3733 0 0 0 536 0 2118 1437 0 2 401 0 0 0 0 136 0 
0 0 4593 0 1 13063 711 0 226 0 0 170 815 0 0 0 13 0 1 1744 64 0 344 225 22130 2779 0 0 2118 0 0 0 17489 31321 0 0 0 5 56514 692 
32 2999 0 1246 0 0 0 0 1048 0 1970 28 665 0 380 3 30 20729 0 10998 37 0 55 94 0 1 47777 912 1437 0 0 0 0 0 0 0 115 1 0 0 
0 0 0 0 7536 0 0 766 7450 0 0 0 1 42083 9 279 11 199 0 36 0 2710 0 2 0 676 0 0 0 0 0 0 5 0 0 16 50 13116 0 0 
61729 0 0 0 163 0 0 0 1230 9659 0 0 0 3 0 36441 0 0 0 0 2906 0 2716 7 0 0 77 16698 2 17489 0 5 0 113 0 0 0 0 65 0 
234 81274 305 59 0 0 20 0 0 0 0 0 0 77089 8 0 174 575 2734 0 0 81 8 52839 1088 0 0 217 401 31321 0 0 113 0 11953 0 1 2796 0 0 
909 3084 0 0 0 1 0 255 44736 2 105 41 20 1 4248 0 0 10 0 1621 49283 0 0 508 0 0 0 0 0 0 0 0 0 11953 0 1 5208 0 0 10548 
0 1122 35 0 0 3950 0 232 0 0 7485 0 0 0 4796 9875 1 0 57 3425 0 8 3 0 5292 0 0 0 0 0 0 16 0 0 1 0 829 0 0 14 
1148 0 0 55467 0 10 0 0 1885 0 43 553 0 0 0 2925 1136 1 0 1615 2 429 0 0 0 2 0 0 0 0 115 50 0 1 5208 829 0 0 0 8681 
1 1871 0 24 0 0 1 0 0 25390 5895 16036 0 58195 29 0 0 8 0 0 0 0 0 0 3743 0 0 104 0 5 1 13116 0 2796 0 0 0 0 0 20293 
0 2184 115 0 0 0 153 0 178 22757 0 0 1 0 1138 1644 8 5 58 0 0 0 23 5932 0 0 3308 11 136 56514 0 0 65 0 0 0 0 0 0 0 
0 0 47733 872 38 0 0 9763 0 0 1440 0 0 4581 1211 265 3045 0 0 0 4691 0 0 276 0 2 15607 44 0 692 0 0 0 0 10548 14 8681 20293 0 0 
