30 3
0 46 118 40 96 98 46 64 2 33 36 47 55 9 108 78 35 54 61 95 45 105 61 79 70 72 108 28 39 45 
46 0 88 10 53 127 3 66 48 60 37 19 78 48 107 43 36 50 104 90 43 84 63 35 92 25 124 21 29 63 
118 88 0 85 53 137 85 71 120 144 83 106 102 125 70 117 84 138 148 59 75 25 72 92 105 80 111 92 78 92 
40 10 85 0 56 117 8 56 42 59 26 26 68 43 98 54 26 55 95 82 33 79 53 44 82 34 114 12 19 52 
96 53 53 56 0 154 51 82 98 112 71 66 108 100 106 67 71 96 146 90 69 65 81 42 118 33 138 68 62 93 
98 127 137 117 154 0 125 72 99 127 90 138 49 106 75 170 91 153 52 79 87 112 73 161 36 148 37 107 99 64 
46 3 85 8 51 125 0 63 48 61 34 22 76 49 104 46 34 53 103 87 40 81 60 36 90 26 122 20 27 60 
64 66 71 56 82 72 63 0 66 97 32 83 30 73 44 110 33 107 76 31 23 50 3 95 36 81 59 52 37 22 
2 48 120 42 98 99 48 66 0 32 38 48 56 7 110 78 37 54 61 97 47 107 63 81 71 74 110 30 42 47 
33 60 144 59 112 127 61 97 32 0 67 48 88 24 142 71 66 34 83 128 77 134 94 83 103 82 141 52 68 79 
36 37 83 26 71 90 34 32 38 67 0 51 41 44 77 80 1 75 74 61 10 68 29 70 55 58 88 20 9 26 
47 19 106 26 66 138 22 83 48 48 51 0 90 45 125 31 50 31 108 109 59 103 80 35 105 34 140 31 46 76 
55 78 102 68 108 49 76 30 56 88 41 90 0 63 62 121 41 107 46 54 39 80 29 112 15 99 53 58 50 15 
9 48 125 43 100 106 49 73 7 24 44 45 63 0 117 75 43 47 66 104 53 112 70 79 79 73 117 33 47 54 
108 107 70 98 106 75 104 44 110 142 77 125 62 117 0 149 78 152 105 17 67 45 48 131 55 116 42 96 80 64 
78 43 117 54 67 170 46 110 78 71 80 31 121 75 149 0 80 40 140 132 87 120 107 25 135 36 168 62 73 106 
35 36 84 26 71 91 34 33 37 66 1 50 41 43 78 80 0 74 74 62 11 69 30 70 55 58 89 19 9 26 
54 50 138 55 96 153 53 107 54 34 75 31 107 47 152 40 74 0 113 136 84 134 104 59 123 63 160 55 72 95 
61 104 148 95 146 52 103 76 61 83 74 108 46 66 105 140 74 113 0 100 77 126 75 139 50 129 81 83 83 56 
95 90 59 82 90 79 87 31 97 128 61 109 54 104 17 132 62 136 100 0 52 34 34 114 51 99 52 81 64 52 
45 43 75 33 69 87 40 23 47 77 10 59 39 53 67 87 11 84 77 52 0 59 20 74 51 61 81 29 13 24 
105 84 25 79 65 112 81 50 107 134 68 103 80 112 45 120 69 134 126 34 59 0 51 98 81 84 86 82 66 72 
61 63 72 53 81 73 60 3 63 94 29 80 29 70 48 107 30 104 75 34 20 51 0 93 37 79 61 49 34 20 
79 35 92 44 42 161 36 95 81 83 70 35 112 79 131 25 70 59 139 114 74 98 93 0 125 14 155 56 62 96 
70 92 105 82 118 36 90 36 71 103 55 105 15 79 55 135 55 123 50 51 51 81 37 125 0 112 38 73 63 29 
72 25 80 34 33 148 26 81 74 82 58 34 99 73 116 36 58 63 129 99 61 84 79 14 112 0 140 46 49 83 
108 124 111 114 138 37 122 59 110 141 88 140 53 117 42 168 89 160 81 52 81 86 61 155 38 140 0 108 95 65 
28 21 92 12 68 107 20 52 30 52 20 31 58 33 96 62 19 55 83 81 29 82 49 56 73 46 108 0 17 44 
39 29 78 19 62 99 27 37 42 68 9 46 50 47 80 73 9 72 83 64 13 66 34 62 63 49 95 17 0 34 
45 63 92 52 93 64 60 22 47 79 26 76 15 54 64 106 26 95 56 52 24 72 20 96 29 83 65 44 34 0 
0 0 6 0 0 0 787 0 2 0 0 5173 36928 812 0 25487 0 0 39 1937 312 0 20 0 0 42 15 18 17311 48 
0 0 1162 3 29444 0 618 0 1 0 0 0 15 0 0 4 45 0 0 0 20298 0 0 0 0 28792 0 0 151 14 
6 1162 0 0 20 0 1 0 0 0 21 4 491 0 0 0 0 0 0 0 0 2294 65 6 439 0 0 3852 31 0 
0 3 0 0 1 28 0 388 35530 15395 0 0 0 1 12111 2791 188 2906 0 96522 67148 1707 0 4 0 3458 7690 8240 2853 28032 
0 29444 20 1 0 64389 7 6 2846 1789 3575 0 0 0 0 1 4137 0 199 0 0 16 8009 12 0 0 0 0 41 441 
0 0 0 28 64389 0 14 81497 0 0 5082 0 0 0 0 0 0 0 17944 0 0 1441 58 0 303 0 0 0 2410 0 
787 618 1 0 7 14 0 0 0 6227 0 0 0 0 0 0 14889 0 1 259 411 0 0 0 0 0 0 0 0 0 
0 0 0 388 6 81497 0 0 38339 0 0 0 86 0 76 0 0 0 1 0 0 0 1 0 205 0 0 0 3 1990 
2 1 0 35530 2846 0 0 38339 0 320 333 8829 62749 0 2 0 2 0 0 0 0 0 0 9 0 2 0 0 0 9329 
0 0 0 15395 1789 0 6227 0 320 0 0 0 0 89 38 0 2 8 0 0 0 1711 2 0 0 0 37 18 0 154 
0 0 21 0 3575 5082 0 0 333 0 0 0 0 0 0 19743 0 0 235 26820 2 0 49960 1 0 0 56581 12 140 0 
5173 0 4 0 0 0 0 0 8829 0 0 0 2300 0 0 0 0 107 0 0 0 0 323 20755 0 0 17313 9627 0 289 
36928 15 491 0 0 0 0 86 62749 0 0 2300 0 66 296 0 0 0 47 0 204 9 195 0 0 519 24337 10 0 266 
812 0 0 1 0 0 0 0 0 89 0 0 66 0 0 0 1269 0 0 0 3 22 0 2 0 632 121 1253 1 0 
0 0 0 12111 0 0 0 76 2 38 0 0 296 0 0 5398 0 294 0 0 0 5266 0 0 0 25 0 0 0 0 
25487 4 0 2791 1 0 0 0 0 0 19743 0 0 0 5398 0 316 0 0 0 2 3 0 40845 68242 67425 15 0 5 0 
0 45 0 188 4137 0 14889 0 2 2 0 0 0 1269 0 316 0 0 193 34998 188 0 0 149 123 1 1130 102 0 33649 
0 0 0 2906 0 0 0 0 0 8 0 107 0 0 294 0 0 0 2504 0 553 61 0 0 726 0 0 0 0 56 
39 0 0 0 199 17944 1 1 0 0 235 0 47 0 0 0 193 2504 0 34778 21537 6 0 33 88494 153 13 2075 62253 0 
1937 0 0 96522 0 0 259 0 0 0 26820 0 0 0 0 0 34998 0 34778 0 0 0 0 0 2047 1 18170 0 3531 11 
312 20298 0 67148 0 0 411 0 0 0 2 0 204 3 0 2 188 553 21537 0 0 0 83010 0 7759 0 29 0 0 0 
0 0 2294 1707 16 1441 0 0 0 1711 0 0 9 22 5266 3 0 61 6 0 0 0 48 17494 1144 33555 0 0 2 0 
20 0 65 0 8009 58 0 1 0 2 49960 323 195 0 0 0 0 0 0 0 83010 48 0 17 0 14 0 0 0 0 
0 0 6 4 12 0 0 0 9 0 1 20755 0 2 0 40845 149 0 33 0 0 17494 17 0 0 7 0 0 0 6 
0 0 439 0 0 303 0 205 0 0 0 0 0 0 0 68242 123 726 88494 2047 7759 1144 0 0 0 1 385 43357 0 10 
42 28792 0 3458 0 0 0 0 2 0 0 0 519 632 25 67425 1 0 153 1 0 33555 14 7 1 0 89468 0 653 0 
15 0 0 7690 0 0 0 0 0 37 56581 17313 24337 121 0 15 1130 0 13 18170 29 0 0 0 385 89468 0 307 0 0 
18 0 3852 8240 0 0 0 0 0 18 12 9627 10 1253 0 0 102 0 2075 0 0 0 0 0 43357 0 307 0 479 0 
17311 151 31 2853 41 2410 0 3 0 0 140 0 0 1 0 5 0 0 62253 3531 0 2 0 0 0 653 0 479 0 19 
48 14 0 28032 441 0 0 1990 9329 154 0 289 266 0 0 0 33649 56 0 11 0 0 0 6 10 0 0 0 19 0 
0 166 1 0 473 0 0 0 222 0 0 566 44 147 259 85 195 0 100 0 84 0 797 4395 0 60414 1253 2 6127 0 
166 0 0 0 0 0 1 0 15 5963 6848 0 28 2982 11 0 1075 11028 13 0 0 1339 3 5 39761 1 0 0 29 17 
1 0 0 0 10361 3 600 0 0 0 0 0 12669 0 90339 1029 0 0 19 0 0 14 73641 0 0 42125 274 0 30 3795 
0 0 0 0 36 0 0 0 36075 15 16 6 26 43172 0 1444 0 0 2 0 65903 0 0 124 0 58 0 0 114 3 
473 0 10361 36 0 0 1060 0 1056 0 0 0 0 91488 95 969 0 0 0 98508 0 0 316 0 57765 2747 0 4 11789 0 
0 0 3 0 0 0 0 8 73 0 0 0 8234 0 20 11 1 0 511 1485 2 2542 7 1 0 54 14 0 72 0 
0 1 600 0 1060 0 0 12 1 0 0 0 0 7854 2 0 0 31 26130 1241 5585 3912 0 0 0 0 27211 4 1176 4458 
0 0 0 0 0 8 12 0 0 4 0 0 1028 0 0 0 17 31 228 16422 40345 8497 0 0 20 98924 5152 72 0 0 
222 15 0 36075 1056 73 1 0 0 0 28 15 1 0 0 29 3 0 0 0 0 0 93 32883 7 0 0 73097 1754 0 
0 5963 0 15 0 0 0 4 0 0 0 0 0 0 0 0 5 1851 69 0 0 45714 0 0 772 1128 132 0 0 31 
0 6848 0 16 0 0 0 0 28 0 0 536 0 0 0 0 6 89 1377 0 3 3943 12 1066 122 0 30 0 4390 0 
566 0 0 6 0 0 0 0 15 0 536 0 67 0 0 1037 0 194 0 8009 0 0 261 10268 0 3827 0 3 0 0 
44 28 12669 26 0 8234 0 1028 1 0 0 67 0 89 0 0 0 0 0 0 0 0 2850 31 0 0 197 0 64 0 
147 2982 0 43172 91488 0 7854 0 0 0 0 0 89 0 706 0 0 26 0 0 0 602 0 11 0 0 0 0 484 0 
259 11 90339 0 95 20 2 0 0 0 0 0 0 706 0 0 1 0 448 96768 0 0 3074 8202 292 0 183 0 3 0 
85 0 1029 1444 969 11 0 0 29 0 0 1037 0 0 0 0 0 69 0 2 11 52 121 1634 0 33497 5 1 739 6472 
195 1075 0 0 0 1 0 17 3 5 6 0 0 0 1 0 0 0 0 0 4029 0 10 12 0 159 0 0 0 20 
0 11028 0 0 0 0 31 31 0 1851 89 194 0 26 0 69 0 0 0 5 378 34 55190 34293 1017 32 0 57 2908 0 
100 13 19 2 0 511 26130 228 0 69 1377 0 0 0 448 0 0 0 0 72442 0 5 0 0 0 0 0 0 0 54594 
0 0 0 0 98508 1485 1241 16422 0 0 0 8009 0 0 96768 2 0 5 72442 0 2 33943 205 0 3939 205 9406 1 0 0 
84 0 0 65903 0 2 5585 40345 0 0 3 0 0 0 0 11 4029 378 0 2 0 9160 3270 22002 16805 0 0 0 16788 5822 
0 1339 14 0 0 2542 3912 8497 0 45714 3943 0 0 602 0 52 0 34 5 33943 9160 0 0 2102 60031 3981 613 111 793 81041 
797 3 73641 0 316 7 0 0 93 0 12 261 2850 0 3074 121 10 55190 0 205 3270 0 0 23 1 79630 0 0 0 0 
4395 5 0 124 0 1 0 0 32883 0 1066 10268 31 11 8202 1634 12 34293 0 0 22002 2102 23 0 0 0 16 5816 0 0 
0 39761 0 0 57765 0 0 20 7 772 122 0 0 0 292 0 0 1017 0 3939 16805 60031 1 0 0 1183 0 5 1153 0 
60414 1 42125 58 2747 54 0 98924 0 1128 0 3827 0 0 0 33497 159 32 0 205 0 3981 79630 0 1183 0 0 0 0 0 
1253 0 274 0 0 14 27211 5152 0 132 30 0 197 0 183 5 0 0 0 9406 0 613 0 16 0 0 0 138 2 0 
2 0 0 0 4 0 4 72 73097 0 0 3 0 0 0 1 0 57 0 1 0 111 0 5816 5 0 138 0 0 0 
6127 29 30 114 11789 72 1176 0 1754 0 4390 0 64 484 3 739 0 2908 0 0 16788 793 0 0 1153 0 2 0 0 35 
0 17 3795 3 0 0 4458 0 0 31 0 0 0 0 0 6472 20 0 54594 0 5822 81041 0 0 0 0 0 0 35 0 
0 0 8 0 740 0 0 12 364 0 0 0 2 0 0 0 0 0 0 0 33 0 0 2135 0 0 0 0 0 0 
0 0 0 8 98 0 0 0 13 2998 45463 0 12 21 211 0 11 0 0 28603 682 17621 0 0 0 0 487 0 10 0 
8 0 0 0 11 739 0 0 1 7929 6637 20 89012 0 0 0 0 0 0 0 30321 0 558 13 1813 0 6828 3 0 63189 
0 8 0 0 59125 0 0 0 0 0 0 0 0 0 0 0 0 2 4 0 0 0 6 0 0 0 10 0 0 77 
740 98 11 59125 0 1 0 0 0 0 0 0 0 4116 0 0 4 0 0 262 3 12374 0 0 135 0 5 1073 0 80785 
0 0 739 0 1 0 0 0 15287 0 1225 0 0 0 0 438 0 0 0 203 248 499 50085 0 0 0 0 71 26 0 
0 0 0 0 0 0 0 0 0 0 650 0 384 0 7251 688 0 0 94 0 0 2063 1066 61865 0 74 0 0 848 0 
12 0 0 0 0 0 0 0 0 16543 5864 0 0 3638 0 0 8 0 0 0 1211 0 0 0 0 0 112 5571 389 31 
364 13 1 0 0 15287 0 0 0 2623 0 0 14795 3 0 7675 2 9 0 262 139 0 1 310 0 1 0 593 0 10213 
0 2998 7929 0 0 0 0 16543 2623 0 3 8 0 232 0 61228 0 0 1611 0 2786 574 25305 0 7 3529 11 0 0 909 
0 45463 6637 0 0 1225 650 5864 0 3 0 0 0 0 0 0 7208 57 25 0 0 0 0 0 29223 0 8038 11926 0 346 
0 0 20 0 0 0 0 0 0 8 0 0 0 188 28577 1488 0 155 46 2 0 0 8 0 85 0 0 0 40 0 
2 12 89012 0 0 0 384 0 14795 0 0 0 0 0 0 0 0 0 0 0 166 0 72014 0 5122 0 0 17 0 0 
0 21 0 0 4116 0 0 3638 3 232 0 188 0 0 43 0 9982 2119 0 4 326 13 0 10 9 0 0 2 0 0 
0 211 0 0 0 0 7251 0 0 0 0 28577 0 43 0 0 176 26 122 2777 0 110 0 0 51524 0 0 0 0 9 
0 0 0 0 0 438 688 0 7675 61228 0 1488 0 0 0 0 3 39400 1 0 0 0 0 0 0 0 0 26 0 48908 
0 11 0 0 4 0 0 8 2 0 7208 0 0 9982 176 3 0 5264 0 8 0 0 0 0 3122 37 0 29234 63 31754 
0 0 0 2 0 0 0 0 9 0 57 155 0 2119 26 39400 5264 0 409 0 19882 0 307 3522 35740 0 5 0 0 0 
0 0 0 4 0 0 94 0 0 1611 25 46 0 0 122 1 0 409 0 0 0 0 14651 0 0 0 1596 1 913 78 
0 28603 0 0 262 203 0 0 262 0 0 2 0 4 2777 0 8 0 0 0 3935 152 1 0 0 0 29087 1 0 0 
33 682 30321 0 3 248 0 1211 139 2786 0 0 166 326 0 0 0 19882 0 3935 0 3542 0 0 18870 37906 206 21 0 0 
0 17621 0 0 12374 499 2063 0 0 574 0 0 0 13 110 0 0 0 0 152 3542 0 0 6632 200 2189 0 0 0 0 
0 0 558 6 0 50085 1066 0 1 25305 0 8 72014 0 0 0 0 307 14651 1 0 0 0 6860 0 181 0 0 0 0 
2135 0 13 0 0 0 61865 0 310 0 0 0 0 10 0 0 0 3522 0 0 0 6632 6860 0 0 0 0 7283 4 61790 
0 0 1813 0 135 0 0 0 0 7 29223 85 5122 9 51524 0 3122 35740 0 0 18870 200 0 0 0 22 12669 37448 3979 353 
0 0 0 0 0 0 74 0 1 3529 0 0 0 0 0 0 37 0 0 0 37906 2189 181 0 22 0 0 11 0 0 
0 487 6828 10 5 0 0 112 0 11 8038 0 0 0 0 0 0 5 1596 29087 206 0 0 0 12669 0 0 373 38 883 
0 0 3 0 1073 71 0 5571 593 0 11926 0 17 2 0 26 29234 0 1 1 21 0 0 7283 37448 11 373 0 0 1262 
0 10 0 0 0 26 848 389 0 0 0 40 0 0 0 0 63 0 913 0 0 0 0 4 3979 0 38 0 0 0 
0 0 63189 77 80785 0 0 31 10213 909 346 0 0 0 9 48908 31754 0 78 0 0 0 0 61790 353 0 883 1262 0 0 
