40 4
0 59 64 103 62 95 95 48 90 88 90 112 64 139 74 53 26 148 87 89 78 107 103 6 100 177 116 85 94 32 58 33 140 154 91 89 149 95 129 136 
59 0 70 49 40 62 36 46 31 30 43 69 27 80 26 37 59 91 39 30 28 48 85 53 62 119 57 26 35 49 19 41 84 96 32 30 99 39 70 86 
64 70 0 118 33 51 89 98 88 95 64 73 48 126 97 33 87 124 64 86 63 108 150 62 58 154 114 86 89 33 53 83 147 156 86 84 168 106 127 100 
103 49 118 0 85 94 38 68 34 23 68 88 69 56 28 85 93 77 65 36 58 23 68 97 90 97 30 33 37 98 65 74 38 53 38 38 50 11 35 90 
62 40 33 85 0 33 56 78 55 62 34 51 15 94 66 8 77 96 33 53 30 75 125 57 38 126 81 53 55 32 21 66 113 123 53 51 135 74 94 77 
95 62 51 94 33 0 57 107 59 71 25 22 37 82 84 42 110 75 28 57 37 76 147 91 7 104 78 61 57 65 46 97 112 117 56 55 139 82 90 49 
95 36 89 38 56 57 0 77 6 17 31 50 41 44 39 58 95 55 29 6 25 20 100 89 52 83 25 11 1 78 40 76 58 67 4 6 82 27 38 57 
48 46 98 68 78 107 77 0 71 63 90 115 69 117 41 71 27 133 86 71 75 81 55 45 108 159 90 66 76 65 60 15 106 121 74 72 107 64 101 132 
90 31 88 34 55 59 6 71 0 12 34 55 39 49 33 57 89 61 31 2 25 20 94 84 56 89 27 5 5 75 38 70 58 68 4 4 81 23 41 63 
88 30 95 23 62 71 17 63 12 0 46 67 46 53 23 63 84 69 43 14 35 19 82 82 68 95 28 10 16 78 43 65 53 65 16 16 72 11 40 74 
90 43 64 68 34 25 31 90 34 46 0 25 25 61 61 41 99 61 3 32 15 51 124 84 22 92 53 36 32 65 32 83 87 94 30 30 114 57 66 45 
112 69 73 88 51 22 50 115 55 67 25 0 49 63 86 60 123 54 29 53 40 67 148 107 15 82 66 58 51 84 57 108 98 101 51 51 128 77 76 27 
64 27 48 69 15 37 41 69 39 46 25 49 0 81 52 17 74 86 23 37 16 60 112 58 38 116 66 37 40 40 8 60 98 108 37 36 119 58 79 71 
139 80 126 56 94 82 44 117 49 53 61 63 81 0 75 99 137 23 62 50 65 36 125 133 74 41 27 54 45 121 83 118 42 40 48 50 74 54 23 49 
74 26 97 28 66 84 39 41 33 23 61 86 52 75 0 64 65 92 58 34 47 39 62 69 83 117 49 28 38 73 45 46 66 80 37 35 76 23 59 96 
53 37 33 85 8 42 58 71 57 63 41 60 17 99 64 0 69 102 39 55 34 77 120 48 46 132 83 54 58 24 20 58 115 125 55 53 135 74 97 85 
26 59 87 93 77 110 95 27 89 84 99 123 74 137 65 69 0 150 95 88 85 103 79 26 113 178 112 83 93 54 66 19 131 145 91 89 135 88 124 144 
148 91 124 77 96 75 55 133 61 69 61 54 86 23 92 102 150 0 63 62 70 55 146 142 68 30 47 67 57 126 90 132 65 61 59 61 97 73 46 31 
87 39 64 65 33 28 29 86 31 43 3 29 23 62 58 39 95 63 0 29 11 49 121 81 25 93 52 33 29 63 29 79 86 93 27 27 112 54 65 48 
89 30 86 36 53 57 6 71 2 14 32 53 37 50 34 55 88 62 29 0 23 22 95 83 54 89 29 5 5 73 36 70 60 70 2 2 83 25 42 62 
78 28 63 58 30 37 25 75 25 35 15 40 16 65 47 34 85 70 11 23 0 45 110 72 35 100 50 25 25 56 20 68 83 92 22 21 106 47 64 59 
107 48 108 23 75 76 20 81 20 19 51 67 60 36 39 77 103 55 49 22 45 0 91 101 71 77 9 23 20 95 58 84 38 48 22 24 62 18 21 67 
103 85 150 68 125 147 100 55 94 82 124 148 112 125 62 120 79 146 121 95 110 91 0 100 146 164 99 90 98 119 104 71 95 110 98 97 80 74 102 156 
6 53 62 97 57 91 89 45 84 82 84 107 58 133 69 48 26 142 81 83 72 101 100 0 95 171 110 79 88 29 52 29 135 148 85 83 144 89 123 130 
100 62 58 90 38 7 52 108 56 68 22 15 38 74 83 46 113 68 25 54 35 71 146 95 0 97 72 58 53 70 47 99 106 111 52 52 134 79 84 42 
177 119 154 97 126 104 83 159 89 95 92 82 116 41 117 132 178 30 93 89 100 77 164 171 97 0 68 94 84 156 120 159 73 63 87 89 103 95 62 57 
116 57 114 30 81 78 25 90 27 28 53 66 66 27 49 83 112 47 52 29 50 9 99 110 72 68 0 31 25 102 65 93 34 42 28 30 62 26 13 62 
85 26 86 33 53 61 11 66 5 10 36 58 37 54 28 54 83 67 33 5 25 23 90 79 58 94 31 0 10 72 35 65 61 72 8 7 82 21 44 68 
94 35 89 37 55 57 1 76 5 16 32 51 40 45 38 58 93 57 29 5 25 20 98 88 53 84 25 10 0 78 40 75 58 67 3 5 82 26 39 58 
32 49 33 98 32 65 78 65 75 78 65 84 40 121 73 24 54 126 63 73 56 95 119 29 70 156 102 72 78 0 37 50 132 144 75 73 148 88 116 109 
58 19 53 65 21 46 40 60 38 43 32 57 8 83 45 20 66 90 29 36 20 58 104 52 47 120 65 35 40 37 0 51 96 106 37 35 115 54 79 78 
33 41 83 74 66 97 76 15 70 65 83 108 60 118 46 58 19 132 79 70 68 84 71 29 99 159 93 65 75 50 51 0 112 127 72 70 118 69 105 127 
140 84 147 38 113 112 58 106 58 53 87 98 98 42 66 115 131 65 86 60 83 38 95 135 106 73 34 61 58 132 96 112 0 15 60 62 32 45 22 90 
154 96 156 53 123 117 67 121 68 65 94 101 108 40 80 125 145 61 93 70 92 48 110 148 111 63 42 72 67 144 106 127 15 0 70 71 40 58 28 89 
91 32 86 38 53 56 4 74 4 16 30 51 37 48 37 55 91 59 27 2 22 22 98 85 52 87 28 8 3 75 37 72 60 70 0 2 84 27 42 59 
89 30 84 38 51 55 6 72 4 16 30 51 36 50 35 53 89 61 27 2 21 24 97 83 52 89 30 7 5 73 35 70 62 71 2 0 85 27 43 60 
149 99 168 50 135 139 82 107 81 72 114 128 119 74 76 135 135 97 112 83 106 62 80 144 134 103 62 82 82 148 115 118 32 40 84 85 0 61 54 122 
95 39 106 11 74 82 27 64 23 11 57 77 58 54 23 74 88 73 54 25 47 18 74 89 79 95 26 21 26 88 54 69 45 58 27 27 61 0 36 82 
129 70 127 35 94 90 38 101 41 40 66 76 79 23 59 97 124 46 65 42 64 21 102 123 84 62 13 44 39 116 79 105 22 28 42 43 54 36 0 68 
136 86 100 90 77 49 57 132 63 74 45 27 71 49 96 85 144 31 48 62 59 67 156 130 42 57 62 68 58 109 78 127 90 89 59 60 122 82 68 0 
0 0 0 4 7 498 0 0 405 0 0 0 0 0 0 0 0 0 70 0 0 1 0 21472 29 31 26358 0 0 3 0 0 40 0 51244 1 0 0 0 2 
0 0 104 213 0 53 1 3854 0 4204 0 0 0 0 87 0 256 72022 22 0 0 27565 0 2 0 0 4831 5 0 1 0 0 0 0 0 0 280 21947 0 0 
0 104 0 1669 1128 0 41 3192 872 3 393 8608 20 7 0 33771 1290 4 0 0 35925 89632 1 92082 164 0 7 47229 82 3 2 56359 83 0 0 2 10 1 4 0 
4 213 1669 0 101 0 0 0 0 42 2 714 79030 56 0 3025 0 0 0 0 2 18 0 42 0 4356 13 0 3 0 0 2689 0 15 25 1870 0 0 13 5060 
7 0 1128 101 0 948 1 0 0 0 0 1211 1 613 3 503 87 6 1204 0 0 0 102 3 45519 0 0 523 9020 85189 0 215 0 0 0 383 0 0 41 1 
498 53 0 0 948 0 106 0 8 51 0 500 0 0 0 55552 22 1 448 15 38 0 0 0 0 0 32 2 64 3447 0 164 0 1 46026 431 0 3 46607 0 
0 1 41 0 1 106 0 0 0 61 8 0 69271 32 318 2132 17731 0 0 0 36767 12586 34 3564 500 0 0 0 1 0 0 0 0 26 0 161 0 0 0 9 
0 3854 3192 0 0 0 0 0 23 0 0 1500 0 0 273 6496 8444 47055 31643 0 791 1642 2626 34 0 0 0 12 0 1 44525 6 27467 0 0 0 0 1304 1720 0 
405 0 872 0 0 8 0 23 0 15 8 2 79 0 6999 0 0 12 0 0 2 0 0 82 0 0 6353 0 61283 149 35 0 606 25 0 249 337 468 0 45141 
0 4204 3 42 0 51 61 0 15 0 182 0 75695 0 4 0 12090 0 4 0 0 5 287 51594 0 50664 3147 0 0 0 126 73521 0 0 0 2 19182 5860 15 0 
0 0 393 2 0 0 8 0 8 182 0 80 0 0 0 0 0 40217 7 44 0 4 0 753 424 2315 0 14174 64 178 0 0 156 4 0 0 0 6 83776 0 
0 0 8608 714 1211 500 0 1500 2 0 80 0 34 0 1 17780 0 0 0 593 10 0 0 1 3 0 0 0 85 6010 0 0 3110 0 20 0 1346 0 166 25 
0 0 20 79030 1 0 69271 0 79 75695 0 34 0 5 65 0 0 0 0 479 0 0 1 18596 0 370 0 0 7 28 1398 0 62 0 54784 3 2 22886 0 154 
0 0 7 56 613 0 32 0 0 0 0 0 5 0 0 0 422 0 0 0 0 36 0 811 0 0 61 98 0 3517 376 0 62069 39685 0 0 0 29701 289 0 
0 87 0 0 3 0 318 273 6999 4 0 1 65 0 0 6198 3696 4035 301 0 19 41180 0 19 64 0 5321 3 0 187 0 9986 0 0 0 0 161 6139 0 0 
0 0 33771 3025 503 55552 2132 6496 0 0 0 17780 0 0 6198 0 17973 10131 42 15147 47648 0 15956 45018 10 0 0 167 33 584 41 438 0 214 7538 21744 3254 0 29 0 
0 256 1290 0 87 22 17731 8444 0 12090 0 0 0 422 3696 17973 0 0 0 0 194 0 45378 0 0 9898 0 0 89 0 0 2 0 27 0 15640 0 0 31 0 
0 72022 4 0 6 1 0 47055 12 0 40217 0 0 0 4035 10131 0 0 0 0 0 3503 0 0 4366 1 0 0 196 0 0 0 0 0 0 472 79 0 0 17 
70 22 0 0 1204 448 0 31643 0 4 7 0 0 0 301 42 0 0 0 15799 18494 0 38991 0 1 1075 24 369 0 169 0 0 0 2120 212 36301 1116 4 0 0 
0 0 0 0 0 15 0 0 0 0 44 593 479 0 0 15147 0 0 15799 0 2 0 0 14606 0 0 16 0 0 0 0 37008 0 7405 14565 0 8 0 38 0 
0 0 35925 2 0 38 36767 791 2 0 0 10 0 0 19 47648 194 0 18494 2 0 0 0 98795 95 6 0 0 64147 0 558 0 524 0 0 21 48839 0 0 0 
1 27565 89632 18 0 0 12586 1642 0 5 4 0 0 36 41180 0 0 3503 0 0 0 0 7 2 136 0 5 0 0 0 0 4129 1390 0 273 12094 120 0 0 0 
0 0 1 0 102 0 34 2626 0 287 0 0 1 0 0 15956 45378 0 38991 0 0 7 0 0 68913 123 0 0 15 15695 3 0 53 26903 3 0 169 0 0 36 
21472 2 92082 42 3 0 3564 34 82 51594 753 1 18596 811 19 45018 0 0 0 14606 98795 2 0 0 5229 3020 25635 0 0 0 0 7886 0 11804 0 5532 27333 0 1380 0 
29 0 164 0 45519 0 500 0 0 0 424 3 0 0 64 10 0 4366 1 0 95 136 68913 5229 0 84 0 1142 1 0 500 0 28460 0 3812 7 0 0 73792 36346 
31 0 0 4356 0 0 0 0 0 50664 2315 0 370 0 0 0 9898 1 1075 0 6 0 123 3020 84 0 340 478 0 0 0 67 554 0 0 252 283 49 381 0 
26358 4831 7 13 0 32 0 0 6353 3147 0 0 0 61 5321 0 0 0 24 16 0 5 0 25635 0 340 0 0 0 1612 12636 11 18628 0 5 61 0 0 0 0 
0 5 47229 0 523 2 0 12 0 0 14174 0 0 98 3 167 0 0 369 0 0 0 0 0 1142 478 0 0 0 1 75 0 747 7 0 0 0 42523 448 0 
0 0 82 3 9020 64 1 0 61283 0 64 85 7 0 0 33 89 196 0 0 64147 0 15 0 1 0 0 0 0 1215 21 0 30800 0 2 26728 0 0 0 0 
3 1 3 0 85189 3447 0 1 149 0 178 6010 28 3517 187 584 0 0 169 0 0 0 15695 0 0 0 1612 1 1215 0 188 8 3748 2570 2 0 0 457 7127 0 
0 0 2 0 0 0 0 44525 35 126 0 0 1398 376 0 41 0 0 0 0 558 0 3 0 500 0 12636 75 21 188 0 5 0 0 0 2128 45938 0 749 3 
0 0 56359 2689 215 164 0 6 0 73521 0 0 0 0 9986 438 2 0 0 37008 0 4129 0 7886 0 67 11 0 0 8 5 0 20 13295 0 0 6702 12458 87 33 
40 0 83 0 0 0 0 27467 606 0 156 3110 62 62069 0 0 0 0 0 0 524 1390 53 0 28460 554 18628 747 30800 3748 0 20 0 82840 256 84284 0 0 0 0 
0 0 0 15 0 1 26 0 25 0 4 0 0 39685 0 214 27 0 2120 7405 0 0 26903 11804 0 0 0 7 0 2570 0 13295 82840 0 10 0 2 1 2242 0 
51244 0 0 25 0 46026 0 0 0 0 0 20 54784 0 0 7538 0 0 212 14565 0 273 3 0 3812 0 5 0 2 2 0 0 256 10 0 0 279 0 57901 20303 
1 0 2 1870 383 431 161 0 249 2 0 0 3 0 0 21744 15640 472 36301 0 21 12094 0 5532 7 252 61 0 26728 0 2128 0 84284 0 0 0 1901 11 451 1 
0 280 10 0 0 0 0 0 337 19182 0 1346 2 0 161 3254 0 79 1116 8 48839 120 169 27333 0 283 0 0 0 0 45938 6702 0 2 279 1901 0 0 48852 6769 
0 21947 1 0 0 3 0 1304 468 5860 6 0 22886 29701 6139 0 0 0 4 0 0 0 0 0 0 49 0 42523 0 457 0 12458 0 1 0 11 0 0 0 0 
0 0 4 13 41 46607 0 1720 0 15 83776 166 0 289 0 29 31 0 0 38 0 0 0 1380 73792 381 0 448 0 7127 749 87 0 2242 57901 451 48852 0 0 112 
2 0 0 5060 1 0 9 0 45141 0 0 25 154 0 0 0 0 17 0 0 0 0 36 0 36346 0 0 0 0 0 3 33 0 0 20303 1 6769 0 112 0 
0 2 1106 0 0 0 8 5917 0 15063 42 987 8 18997 30689 40 3739 1 0 37197 24 0 29986 0 0 0 0 2775 286 0 364 3 0 2473 0 0 31834 1170 2616 0 
2 0 0 0 2 0 0 0 1187 0 6 6 8 270 0 9271 0 0 0 26 2 0 3 0 405 616 0 0 6 0 8382 130 5 101 8199 13 0 0 7 11 
1106 0 0 0 0 26164 0 0 0 0 0 0 0 0 18223 0 0 0 37 7 0 0 0 0 0 889 0 0 0 0 0 0 0 3 558 0 0 0 0 6310 
0 0 0 0 0 217 326 75 49980 0 0 0 0 0 12522 0 50 1782 7255 78561 0 0 14869 0 10725 0 0 5009 0 35743 99313 0 20 0 0 0 15220 41 0 0 
0 2 0 0 0 0 0 141 21 423 550 0 0 0 0 0 0 0 0 2673 331 592 0 0 0 3 1898 0 0 0 21374 0 14022 1 166 0 24379 43 0 0 
0 0 26164 217 0 0 0 1799 0 0 3688 0 14120 103 17 0 0 0 0 0 0 31 14578 215 23 31 0 0 0 0 8688 0 246 0 0 0 45 0 0 24210 
8 0 0 326 0 0 0 52 292 0 0 66 0 0 0 0 0 8 2340 14797 0 0 0 0 0 1844 856 15586 0 7 295 1849 541 0 89 0 93908 51 761 0 
5917 0 0 75 141 1799 52 0 0 2857 27892 0 3 5278 0 0 0 0 0 6363 0 0 0 0 1702 95 5805 0 7284 0 0 0 0 2 10761 2404 171 0 0 328 
0 1187 0 49980 21 0 292 0 0 0 0 0 0 11750 0 3 79 0 1 12911 0 7233 143 0 13 12 0 287 0 0 0 31250 0 0 30794 0 0 0 41521 0 
15063 0 0 0 423 0 0 2857 0 0 0 1 0 65 0 2 0 13 0 3 32348 0 0 0 74819 0 0 393 4 5 0 0 111 101 23217 0 0 0 0 1786 
42 6 0 0 550 3688 0 27892 0 0 0 0 23808 13115 81780 23 1 0 0 0 438 0 3738 0 0 0 72813 0 0 0 713 1 0 0 161 50 23 0 0 1295 
987 6 0 0 0 0 66 0 0 1 0 0 0 49120 0 0 9472 3741 1368 0 0 183 35 0 0 5331 29338 5741 0 0 1830 4 0 8 0 10902 0 604 0 0 
8 8 0 0 0 14120 0 3 0 0 23808 0 0 0 0 15849 38 2 11672 0 46445 6 0 0 15 0 1679 235 0 0 0 154 0 834 0 0 0 0 45 0 
18997 270 0 0 0 103 0 5278 11750 65 13115 49120 0 0 18924 96 0 31796 84360 23972 3581 0 10 0 67366 3 0 0 2492 0 0 17185 0 0 1 40 683 0 0 14 
30689 0 18223 12522 0 17 0 0 0 0 81780 0 0 18924 0 0 0 0 0 590 0 0 2 0 0 10244 0 0 175 0 406 0 4 1874 1867 306 0 0 177 42 
40 9271 0 0 0 0 0 0 3 2 23 0 15849 96 0 0 0 0 0 0 0 1770 0 0 0 117 38681 0 0 0 0 0 598 0 0 0 0 68 0 28 
3739 0 0 50 0 0 0 0 79 0 1 9472 38 0 0 0 0 37 1362 7 0 1283 0 828 32490 0 68 693 0 31011 80313 0 17136 0 21702 0 32 15557 0 89 
1 0 0 1782 0 0 8 0 0 13 0 3741 2 31796 0 0 37 0 407 1546 2713 0 501 879 0 0 16 323 0 1305 310 130 3445 128 8754 0 0 94 353 0 
0 0 37 7255 0 0 2340 0 1 0 0 1368 11672 84360 0 0 1362 407 0 0 0 1513 0 1143 0 0 0 0 136 0 227 8118 7722 0 0 0 0 0 41 8189 
37197 26 7 78561 2673 0 14797 6363 12911 3 0 0 0 23972 590 0 7 1546 0 0 0 3 171 0 239 27 0 973 45844 13 43 0 13 0 0 402 0 559 0 17 
24 2 0 0 331 0 0 0 0 32348 438 0 46445 3581 0 0 0 2713 0 0 0 5 32 0 0 0 1747 2 0 221 0 208 0 23 1 0 0 17 72 37949 
0 0 0 0 592 31 0 0 7233 0 0 183 6 0 0 1770 1283 0 1513 3 5 0 0 0 0 90 0 1092 94445 27 8172 0 0 38 0 0 0 4 18 12 
29986 3 0 14869 0 14578 0 0 143 0 3738 35 0 10 2 0 0 501 0 171 32 0 0 6509 0 0 46731 1170 0 0 0 4938 0 0 0 9630 0 4 36695 0 
0 0 0 0 0 215 0 0 0 0 0 0 0 0 0 0 828 879 1143 0 0 0 6509 0 0 0 0 1 42816 2 80185 0 37028 0 3 0 0 6 0 2 
0 405 0 10725 0 23 0 1702 13 74819 0 0 15 67366 0 0 32490 0 0 239 0 0 0 0 0 0 1 0 0 212 0 2500 0 66193 0 0 17 8 0 0 
0 616 889 0 3 31 1844 95 12 0 0 5331 0 3 10244 117 0 0 0 27 0 90 0 0 0 0 0 0 16 25 84562 0 0 2 14147 0 0 0 0 2 
0 0 0 0 1898 0 856 5805 0 0 72813 29338 1679 0 0 38681 68 16 0 0 1747 0 46731 0 1 0 0 19668 12024 0 0 0 0 143 0 0 4 52437 15 585 
2775 0 0 5009 0 0 15586 0 287 393 0 5741 235 0 0 0 693 323 0 973 2 1092 1170 1 0 0 19668 0 11779 0 0 5 0 0 97 71 181 0 0 20930 
286 6 0 0 0 0 0 7284 0 4 0 0 0 2492 175 0 0 0 136 45844 0 94445 0 42816 0 16 12024 11779 0 0 0 1546 0 12200 0 0 60 4 12 616 
0 0 0 35743 0 0 7 0 0 5 0 0 0 0 0 0 31011 1305 0 13 221 27 0 2 212 25 0 0 0 0 0 0 0 0 0 53519 2550 0 0 1490 
364 8382 0 99313 21374 8688 295 0 0 0 713 1830 0 0 406 0 80313 310 227 43 0 8172 0 80185 0 84562 0 0 0 0 0 0 1655 4045 125 0 0 22097 0 0 
3 130 0 0 0 0 1849 0 31250 0 1 4 154 17185 0 0 0 130 8118 0 208 0 4938 0 2500 0 0 5 1546 0 0 0 0 0 701 5474 0 0 0 0 
0 5 0 20 14022 246 541 0 0 111 0 0 0 0 4 598 17136 3445 7722 13 0 0 0 37028 0 0 0 0 0 0 1655 0 0 0 0 0 2434 59367 45966 3618 
2473 101 3 0 1 0 0 2 0 101 0 8 834 0 1874 0 0 128 0 0 23 38 0 0 66193 2 143 0 12200 0 4045 0 0 0 0 38341 0 0 0 3309 
0 8199 558 0 166 0 89 10761 30794 23217 161 0 0 1 1867 0 21702 8754 0 0 1 0 0 3 0 14147 0 97 0 0 125 701 0 0 0 4449 0 1 0 0 
0 13 0 0 0 0 0 2404 0 0 50 10902 0 40 306 0 0 0 0 402 0 0 9630 0 0 0 0 71 0 53519 0 5474 0 38341 4449 0 0 0 0 0 
31834 0 0 15220 24379 45 93908 171 0 0 23 0 0 683 0 0 32 0 0 0 0 0 0 0 17 0 4 181 60 2550 0 0 2434 0 0 0 0 6 0 0 
1170 0 0 41 43 0 51 0 0 0 0 604 0 0 0 68 15557 94 0 559 17 4 4 6 8 0 52437 0 4 0 22097 0 59367 0 1 0 6 0 2116 906 
2616 7 0 0 0 0 761 0 41521 0 0 0 45 0 177 0 0 353 41 0 72 18 36695 0 0 0 15 0 12 0 0 0 45966 0 0 0 0 2116 0 0 
0 11 6310 0 0 24210 0 328 0 1786 1295 0 0 14 42 28 89 0 8189 17 37949 12 0 2 0 2 585 20930 616 1490 0 0 3618 3309 0 0 0 906 0 0 
0 396 409 0 0 0 164 1493 0 65515 81 1 353 26 407 47197 478 53097 0 104 17 0 1026 0 0 0 0 81 788 0 7 3577 0 11547 0 0 17 39939 4750 0 
396 0 0 0 77 0 0 0 7113 0 12 27148 2248 31482 0 31 0 0 0 44207 691 0 66 0 81762 2105 0 0 1 0 286 2356 1173 16 2 463 0 0 9210 39 
409 0 0 0 0 51 0 0 0 0 0 0 0 0 51 0 0 0 123 30481 0 0 0 0 0 9241 0 0 0 0 0 0 0 560 11 0 0 0 0 37 
0 0 0 0 0 7 14259 20 5981 0 0 0 0 0 2622 0 817 40 7809 784 0 0 13109 0 743 0 0 41048 0 303 3 0 1906 0 0 0 238 51 0 0 
0 77 0 0 0 0 0 52 300 84859 195 0 0 0 0 0 0 0 0 10220 7609 35 0 0 0 4714 5 0 0 0 8 0 1 737 2898 0 11 5 0 0 
0 0 51 7 0 0 0 13 0 0 9122 0 89105 2355 5231 0 0 0 0 0 0 2762 3913 4459 15 1144 0 0 0 0 121 0 17353 0 0 0 44538 0 0 98 
164 0 0 14259 0 0 0 23746 216 0 0 36069 0 0 0 0 0 522 13293 74509 0 0 0 0 0 4556 11601 8 0 3 88 782 13 0 23 0 3 9018 59545 0 
1493 0 0 20 52 13 23746 0 0 4 5 0 11 22 0 0 0 0 0 36 0 0 0 0 550 56 2699 0 24 0 0 0 0 7862 68296 34945 31202 0 0 6 
0 7113 0 5981 300 0 216 0 0 0 0 0 0 4 0 15 5 0 45 124 0 4 741 0 44 263 0 464 0 0 0 16656 0 0 19126 0 0 0 35 0 
65515 0 0 0 84859 0 0 4 0 0 0 32 0 647 0 730 0 2838 0 10 185 0 0 0 4000 0 0 2617 4 43 0 0 3 207 23 0 0 0 0 3217 
81 12 0 0 195 9122 0 5 0 0 0 0 86797 9 62722 92 86 0 0 0 459 0 58 0 0 0 2178 0 0 0 5407 55 0 0 1 67 2 0 0 330 
1 27148 0 0 0 0 36069 0 0 32 0 0 0 900 0 0 39 28415 8 0 0 42047 1615 0 0 288 391 84510 0 0 294 1 0 60 0 24 0 31 0 0 
353 2248 0 0 0 89105 0 11 0 0 86797 0 0 0 0 20 10626 3 1394 0 2639 21 0 0 16 0 6393 457 0 0 0 141 0 63 0 0 0 0 31812 0 
26 31482 0 0 0 2355 0 22 4 647 9 900 0 0 6 4 0 1929 1 71420 2 0 3 0 147 18 0 0 3859 0 0 78167 0 0 215 71837 97 0 0 23 
407 0 51 2622 0 5231 0 0 0 0 62722 0 0 6 0 0 0 0 0 12 0 0 3 0 0 5852 0 0 18 0 63793 0 85 5270 92190 71475 0 0 10158 22074 
47197 31 0 0 0 0 0 0 15 730 92 0 20 4 0 0 0 0 0 0 0 7298 0 0 0 1337 2 0 0 0 0 0 4 0 0 0 0 6219 0 4 
478 0 0 817 0 0 0 0 5 0 86 39 10626 0 0 0 0 47 43420 34 0 2495 0 32920 15 0 23 158 0 4 11355 0 225 0 87 0 84060 10 0 12 
53097 0 0 40 0 0 522 0 0 2838 0 28415 3 1929 0 0 47 0 813 317 78792 0 1517 12 0 0 1 4431 0 9 1013 42 29 3 9 0 0 26025 119 0 
0 0 123 7809 0 0 13293 0 45 0 0 8 1394 1 0 0 43420 813 0 0 0 5254 0 466 0 0 0 0 1385 0 2 2 7 0 0 0 0 0 5 35 
104 44207 30481 784 10220 0 74509 36 124 10 0 0 0 71420 12 0 34 317 0 0 0 3186 19167 0 1612 1948 0 80 23 2584 176 0 36927 0 0 36 0 15 0 400 
17 691 0 0 7609 0 0 0 0 185 459 0 2639 2 0 0 0 78792 0 0 0 185 2999 0 0 0 1085 63 0 1 0 20247 0 10 50489 0 0 174 1 1914 
0 0 0 0 35 2762 0 0 4 0 0 42047 21 0 0 7298 2495 0 5254 3186 185 0 0 0 0 4 0 6058 1387 1 1037 0 0 7111 0 0 0 1 103 7 
1026 66 0 13109 0 3913 0 0 741 0 58 1615 0 3 3 0 0 1517 0 19167 2999 0 0 60505 0 0 2972 26173 0 0 0 8 0 0 0 93077 0 16 4231 0 
0 0 0 0 0 4459 0 0 0 0 0 0 0 0 0 0 32920 12 466 0 0 0 60505 0 0 0 0 71520 97 5 13 0 1376 0 1 0 0 1872 0 1831 
0 81762 0 743 0 15 0 550 44 4000 0 0 16 147 0 0 15 0 0 1612 0 0 0 0 0 0 251 0 0 2858 0 9747 0 241 0 0 16055 25 0 0 
0 2105 9241 0 4714 1144 4556 56 263 0 0 288 0 18 5852 1337 0 0 0 1948 0 4 0 0 0 0 0 0 274 4414 96 0 0 438 556 0 0 0 0 43813 
0 0 0 0 5 0 11601 2699 0 0 2178 391 6393 0 0 2 23 1 0 0 1085 0 2972 0 251 0 0 65 7596 0 0 0 0 6722 0 0 3732 7 6 116 
81 0 0 41048 0 0 8 0 464 2617 0 84510 457 0 0 0 158 4431 0 80 63 6058 26173 71520 0 0 65 0 1 0 0 42 0 0 45005 685 1 0 0 2 
788 1 0 0 0 0 0 24 0 4 0 0 0 3859 18 0 0 0 1385 23 0 1387 0 97 0 274 7596 1 0 0 0 3923 0 336 0 0 4 198 9321 95 
0 0 0 303 0 0 3 0 0 43 0 0 0 0 0 0 4 9 0 2584 1 1 0 5 2858 4414 0 0 0 0 0 0 0 0 0 60166 3693 0 0 1389 
7 286 0 3 8 121 88 0 0 0 5407 294 0 0 63793 0 11355 1013 2 176 0 1037 0 13 0 96 0 0 0 0 0 0 27 54 74 0 0 138 0 0 
3577 2356 0 0 0 0 782 0 16656 0 55 1 141 78167 0 0 0 42 2 0 20247 0 8 0 9747 0 0 42 3923 0 0 0 0 0 165 3 0 0 0 0 
0 1173 0 1906 1 17353 13 0 0 3 0 0 0 0 85 4 225 29 7 36927 0 0 0 1376 0 0 0 0 0 0 27 0 0 0 0 0 1 3 10 2 
11547 16 560 0 737 0 0 7862 0 207 0 60 63 0 5270 0 0 3 0 0 10 7111 0 0 241 438 6722 0 336 0 54 0 0 0 0 11545 0 0 0 416 
0 2 11 0 2898 0 23 68296 19126 23 1 0 0 215 92190 0 87 9 0 0 50489 0 0 1 0 556 0 45005 0 0 74 165 0 0 0 8752 0 14588 0 0 
0 463 0 0 0 0 0 34945 0 0 67 24 0 71837 71475 0 0 0 0 36 0 0 93077 0 0 0 0 685 0 60166 0 3 0 11545 8752 0 0 0 0 0 
17 0 0 238 11 44538 3 31202 0 0 2 0 0 97 0 0 84060 0 0 0 0 0 0 0 16055 0 3732 1 4 3693 0 0 1 0 0 0 0 24 0 0 
39939 0 0 51 5 0 9018 0 0 0 0 31 0 0 0 6219 10 26025 0 15 174 1 16 1872 25 0 7 0 198 0 138 0 3 0 14588 0 24 0 4 166 
4750 9210 0 0 0 0 59545 0 35 0 0 0 31812 0 10158 0 0 119 5 0 1 103 4231 0 0 0 6 0 9321 0 0 0 10 0 0 0 0 4 0 0 
0 39 37 0 0 98 0 6 0 3217 330 0 0 23 22074 4 12 0 35 400 1914 7 0 1831 0 43813 116 2 95 1389 0 0 2 416 0 0 0 166 0 0 
0 48408 48 0 0 0 2 11376 0 29580 244 23 5433 22 11067 64465 89 250 0 2004 38 0 2027 0 0 0 0 16 12 0 66 1 0 782 0 0 12 1066 4610 0 
48408 0 0 0 3 0 0 0 88024 0 39331 13 121 82977 0 7404 0 0 0 14843 1839 0 20 0 14 30205 0 0 56 0 27 74638 29537 12 20779 2421 0 0 1 27295 
48 0 0 0 0 29185 0 0 0 0 0 0 0 0 61030 0 0 0 7 3 0 0 0 0 0 7 0 0 0 0 0 0 0 11 810 0 0 0 0 42181 
0 0 0 0 0 3646 1 1 39 0 0 0 0 0 8437 0 6 233 4 3 0 0 33 0 41 0 0 58118 0 26349 74909 0 131 0 0 0 251 807 0 0 
0 3 0 0 0 0 0 54072 16841 1 31952 0 0 0 0 0 0 0 0 15705 52799 80 0 0 0 64119 261 0 0 0 140 0 669 3955 20774 0 12 319 0 0 
0 0 29185 3646 0 0 0 1734 0 0 6874 0 11550 57 2 0 0 0 0 0 0 3 483 31225 1354 17 0 0 0 0 89 0 1 0 0 0 6 0 0 1 
2 0 0 1 0 0 0 37850 11 0 0 285 0 0 0 0 0 3 4 5205 0 0 0 0 0 24794 2570 37 0 141 255 94446 5629 0 36 0 2490 1 54124 0 
11376 0 0 1 54072 1734 37850 0 0 7 2554 0 2 1 0 0 0 0 0 148 0 0 0 0 7839 50 2 0 2 0 0 0 0 9690 9655 41262 17841 0 0 41 
0 88024 0 39 16841 0 11 0 0 0 0 0 0 375 0 354 39 0 57 4 0 561 762 0 4765 6 0 571 0 0 0 7683 0 0 9908 0 0 0 9466 0 
29580 0 0 0 1 0 0 7 0 0 0 3409 0 123 0 16315 0 39715 0 2592 7 0 0 0 6 0 0 5774 24 22 0 0 3 10 3106 0 0 0 0 3369 
244 39331 0 0 31952 6874 0 2554 0 0 0 0 55 8 120 9031 570 0 0 0 5 0 181 0 0 0 44633 0 0 0 546 8013 0 0 31 103 69260 0 0 91582 
23 13 0 0 0 0 285 0 0 3409 0 0 0 6 0 0 32810 84450 3 0 0 220 344 0 0 79318 58102 2488 0 0 34794 7 0 9 0 67238 0 2 0 0 
5433 121 0 0 0 11550 0 2 0 0 55 0 0 0 0 1 2787 3 9207 0 36310 5299 0 0 32901 0 1 1389 0 0 0 2 0 156 0 0 0 0 16287 0 
22 82977 0 0 0 57 0 1 375 123 8 6 0 0 6 17 0 23 58 13 93 0 14 0 9624 66618 0 0 1801 0 0 720 0 0 69530 3 12 0 0 1742 
11067 0 61030 8437 0 2 0 0 0 0 120 0 0 6 0 0 0 0 0 45890 0 0 11984 0 0 4578 0 0 2465 0 1 0 5728 20432 30257 31420 0 0 4018 219 
64465 7404 0 0 0 0 0 0 354 16315 9031 0 1 17 0 0 0 0 0 0 0 2 0 0 0 97 3898 0 0 0 0 0 3420 0 0 0 0 5134 0 418 
89 0 0 6 0 0 0 0 39 0 570 32810 2787 0 0 0 0 18060 347 3 0 3252 0 27740 7 0 3642 2 0 3000 10191 0 560 0 136 0 28 22854 0 23 
250 0 0 233 0 0 3 0 0 39715 0 84450 3 23 0 0 18060 0 124 665 117 0 1170 12829 0 0 20305 1330 0 262 1 12137 35383 64058 9275 0 0 750 3839 0 
0 0 7 4 0 0 4 0 57 0 0 3 9207 58 0 0 347 124 0 0 0 88 0 58 0 0 0 0 258 0 781 3058 258 0 0 0 0 0 9 4328 
2004 14843 3 3 15705 0 5205 148 4 2592 0 0 0 13 45890 0 3 665 0 0 0 84557 12628 0 1 161 0 241 47524 10942 9 0 13491 0 0 1 0 45 0 11070 
38 1839 0 0 52799 0 0 0 0 7 5 0 36310 93 0 0 0 117 0 0 0 25888 126 0 0 0 1 1637 0 193 0 16 0 7 900 0 0 4 9 10 
0 0 0 0 80 3 0 0 561 0 0 220 5299 0 0 2 3252 0 88 84557 25888 0 0 0 0 302 0 25962 8075 21 8305 0 0 15741 0 0 0 505 98 1 
2027 20 0 33 0 483 0 0 762 0 181 344 0 14 11984 0 0 1170 0 12628 126 0 0 32 0 0 23 4 0 0 0 1 0 0 0 44 0 2364 12 0 
0 0 0 0 0 31225 0 0 0 0 0 0 0 0 0 0 27740 12829 58 0 0 0 32 0 0 0 0 1 299 1 1 0 42 0 116 0 0 1082 0 1 
0 14 0 41 0 1354 0 7839 4765 6 0 0 32901 9624 0 0 7 0 0 1 0 0 0 0 0 0 42119 0 0 1 0 2 0 2283 0 0 9 7 0 0 
0 30205 7 0 64119 17 24794 50 6 0 0 79318 0 66618 4578 97 0 0 0 161 0 302 0 0 0 0 0 0 79947 39712 1 0 0 33 771 0 0 0 0 3 
0 0 0 0 261 0 2570 2 0 0 44633 58102 1 0 0 3898 3642 20305 0 0 1 0 23 0 42119 0 0 1201 1 0 0 0 0 366 0 0 168 17 2 3 
16 0 0 58118 0 0 37 0 571 5774 0 2488 1389 0 0 0 2 1330 0 241 1637 25962 4 1 0 0 1201 0 1 0 0 1 0 0 88130 1093 2891 0 0 5471 
12 56 0 0 0 0 0 2 0 24 0 0 0 1801 2465 0 0 0 258 47524 0 8075 0 299 0 79947 1 1 0 0 0 495 0 9981 0 0 113 32069 1 698 
0 0 0 26349 0 0 141 0 0 22 0 0 0 0 0 0 3000 262 0 10942 193 21 0 1 1 39712 0 0 0 0 0 0 0 0 0 79540 4 0 0 2 
66 27 0 74909 140 89 255 0 0 0 546 34794 0 0 1 0 10191 1 781 9 0 8305 0 1 0 1 0 0 0 0 0 0 3625 38 13 0 0 10364 0 0 
1 74638 0 0 0 0 94446 0 7683 0 8013 7 2 720 0 0 0 12137 3058 0 16 0 1 0 2 0 0 1 495 0 0 0 0 0 42994 36 0 0 0 0 
0 29537 0 131 669 1 5629 0 0 3 0 0 0 0 5728 3420 560 35383 258 13491 0 0 0 42 0 0 0 0 0 0 3625 0 0 0 0 0 26 210 2271 3 
782 12 11 0 3955 0 0 9690 0 10 0 9 156 0 20432 0 0 64058 0 0 7 15741 0 0 2283 33 366 0 9981 0 38 0 0 0 0 5619 0 0 0 1 
0 20779 810 0 20774 0 36 9655 9908 3106 31 0 0 69530 30257 0 136 9275 0 0 900 0 0 116 0 771 0 88130 0 0 13 42994 0 0 0 167 0 3613 0 0 
0 2421 0 0 0 0 0 41262 0 0 103 67238 0 3 31420 0 0 0 0 1 0 0 44 0 0 0 0 1093 0 79540 0 36 0 5619 167 0 0 0 0 0 
12 0 0 251 12 6 2490 17841 0 0 69260 0 0 12 0 0 28 0 0 0 0 0 0 0 9 0 168 2891 113 4 0 0 26 0 0 0 0 240 0 0 
1066 0 0 807 319 0 1 0 0 0 0 2 0 0 0 5134 22854 750 0 45 4 505 2364 1082 7 0 17 0 32069 0 10364 0 210 0 3613 0 240 0 46080 3996 
4610 1 0 0 0 0 54124 0 9466 0 0 0 16287 0 4018 0 0 3839 9 0 9 98 12 0 0 0 2 0 1 0 0 0 2271 0 0 0 0 46080 0 0 
0 27295 42181 0 0 1 0 41 0 3369 91582 0 0 1742 219 418 23 0 4328 11070 10 1 0 1 0 3 3 5471 698 2 0 0 3 1 0 0 0 3996 0 0 
