40 4
0 59 64 103 62 95 95 48 90 88 90 112 64 139 74 53 26 148 87 89 78 107 103 6 100 177 116 85 94 32 58 33 140 154 91 89 149 95 129 136 
59 0 70 49 40 62 36 46 31 30 43 69 27 80 26 37 59 91 39 30 28 48 85 53 62 119 57 26 35 49 19 41 84 96 32 30 99 39 70 86 
64 70 0 118 33 51 89 98 88 95 64 73 48 126 97 33 87 124 64 86 63 108 150 62 58 154 114 86 89 33 53 83 147 156 86 84 168 106 127 100 
103 49 118 0 85 94 38 68 34 23 68 88 69 56 28 85 93 77 65 36 58 23 68 97 90 97 30 33 37 98 65 74 38 53 38 38 50 11 35 90 
62 40 33 85 0 33 56 78 55 62 34 51 15 94 66 8 77 96 33 53 30 75 125 57 38 126 81 53 55 32 21 66 113 123 53 51 135 74 94 77 
95 62 51 94 33 0 57 107 59 71 25 22 37 82 84 42 110 75 28 57 37 76 147 91 7 104 78 61 57 65 46 97 112 117 56 55 139 82 90 49 
95 36 89 38 56 57 0 77 6 17 31 50 41 44 39 58 95 55 29 6 25 20 100 89 52 83 25 11 1 78 40 76 58 67 4 6 82 27 38 57 
48 46 98 68 78 107 77 0 71 63 90 115 69 117 41 71 27 133 86 71 75 81 55 45 108 159 90 66 76 65 60 15 106 121 74 72 107 64 101 132 
90 31 88 34 55 59 6 71 0 12 34 55 39 49 33 57 89 61 31 2 25 20 94 84 56 89 27 5 5 75 38 70 58 68 4 4 81 23 41 63 
88 30 95 23 62 71 17 63 12 0 46 67 46 53 23 63 84 69 43 14 35 19 82 82 68 95 28 10 16 78 43 65 53 65 16 16 72 11 40 74 
90 43 64 68 34 25 31 90 34 46 0 25 25 61 61 41 99 61 3 32 15 51 124 84 22 92 53 36 32 65 32 83 87 94 30 30 114 57 66 45 
112 69 73 88 51 22 50 115 55 67 25 0 49 63 86 60 123 54 29 53 40 67 148 107 15 82 66 58 51 84 57 108 98 101 51 51 128 77 76 27 
64 27 48 69 15 37 41 69 39 46 25 49 0 81 52 17 74 86 23 37 16 60 112 58 38 116 66 37 40 40 8 60 98 108 37 36 119 58 79 71 
139 80 126 56 94 82 44 117 49 53 61 63 81 0 75 99 137 23 62 50 65 36 125 133 74 41 27 54 45 121 83 118 42 40 48 50 74 54 23 49 
74 26 97 28 66 84 39 41 33 23 61 86 52 75 0 64 65 92 58 34 47 39 62 69 83 117 49 28 38 73 45 46 66 80 37 35 76 23 59 96 
53 37 33 85 8 42 58 71 57 63 41 60 17 99 64 0 69 102 39 55 34 77 120 48 46 132 83 54 58 24 20 58 115 125 55 53 135 74 97 85 
26 59 87 93 77 110 95 27 89 84 99 123 74 137 65 69 0 150 95 88 85 103 79 26 113 178 112 83 93 54 66 19 131 145 91 89 135 88 124 144 
148 91 124 77 96 75 55 133 61 69 61 54 86 23 92 102 150 0 63 62 70 55 146 142 68 30 47 67 57 126 90 132 65 61 59 61 97 73 46 31 
87 39 64 65 33 28 29 86 31 43 3 29 23 62 58 39 95 63 0 29 11 49 121 81 25 93 52 33 29 63 29 79 86 93 27 27 112 54 65 48 
89 30 86 36 53 57 6 71 2 14 32 53 37 50 34 55 88 62 29 0 23 22 95 83 54 89 29 5 5 73 36 70 60 70 2 2 83 25 42 62 
78 28 63 58 30 37 25 75 25 35 15 40 16 65 47 34 85 70 11 23 0 45 110 72 35 100 50 25 25 56 20 68 83 92 22 21 106 47 64 59 
107 48 108 23 75 76 20 81 20 19 51 67 60 36 39 77 103 55 49 22 45 0 91 101 71 77 9 23 20 95 58 84 38 48 22 24 62 18 21 67 
103 85 150 68 125 147 100 55 94 82 124 148 112 125 62 120 79 146 121 95 110 91 0 100 146 164 99 90 98 119 104 71 95 110 98 97 80 74 102 156 
6 53 62 97 57 91 89 45 84 82 84 107 58 133 69 48 26 142 81 83 72 101 100 0 95 171 110 79 88 29 52 29 135 148 85 83 144 89 123 130 
100 62 58 90 38 7 52 108 56 68 22 15 38 74 83 46 113 68 25 54 35 71 146 95 0 97 72 58 53 70 47 99 106 111 52 52 134 79 84 42 
177 119 154 97 126 104 83 159 89 95 92 82 116 41 117 132 178 30 93 89 100 77 164 171 97 0 68 94 84 156 120 159 73 63 87 89 103 95 62 57 
116 57 114 30 81 78 25 90 27 28 53 66 66 27 49 83 112 47 52 29 50 9 99 110 72 68 0 31 25 102 65 93 34 42 28 30 62 26 13 62 
85 26 86 33 53 61 11 66 5 10 36 58 37 54 28 54 83 67 33 5 25 23 90 79 58 94 31 0 10 72 35 65 61 72 8 7 82 21 44 68 
94 35 89 37 55 57 1 76 5 16 32 51 40 45 38 58 93 57 29 5 25 20 98 88 53 84 25 10 0 78 40 75 58 67 3 5 82 26 39 58 
32 49 33 98 32 65 78 65 75 78 65 84 40 121 73 24 54 126 63 73 56 95 119 29 70 156 102 72 78 0 37 50 132 144 75 73 148 88 116 109 
58 19 53 65 21 46 40 60 38 43 32 57 8 83 45 20 66 90 29 36 20 58 104 52 47 120 65 35 40 37 0 51 96 106 37 35 115 54 79 78 
33 41 83 74 66 97 76 15 70 65 83 108 60 118 46 58 19 132 79 70 68 84 71 29 99 159 93 65 75 50 51 0 112 127 72 70 118 69 105 127 
140 84 147 38 113 112 58 106 58 53 87 98 98 42 66 115 131 65 86 60 83 38 95 135 106 73 34 61 58 132 96 112 0 15 60 62 32 45 22 90 
154 96 156 53 123 117 67 121 68 65 94 101 108 40 80 125 145 61 93 70 92 48 110 148 111 63 42 72 67 144 106 127 15 0 70 71 40 58 28 89 
91 32 86 38 53 56 4 74 4 16 30 51 37 48 37 55 91 59 27 2 22 22 98 85 52 87 28 8 3 75 37 72 60 70 0 2 84 27 42 59 
89 30 84 38 51 55 6 72 4 16 30 51 36 50 35 53 89 61 27 2 21 24 97 83 52 89 30 7 5 73 35 70 62 71 2 0 85 27 43 60 
149 99 168 50 135 139 82 107 81 72 114 128 119 74 76 135 135 97 112 83 106 62 80 144 134 103 62 82 82 148 115 118 32 40 84 85 0 61 54 122 
95 39 106 11 74 82 27 64 23 11 57 77 58 54 23 74 88 73 54 25 47 18 74 89 79 95 26 21 26 88 54 69 45 58 27 27 61 0 36 82 
129 70 127 35 94 90 38 101 41 40 66 76 79 23 59 97 124 46 65 42 64 21 102 123 84 62 13 44 39 116 79 105 22 28 42 43 54 36 0 68 
136 86 100 90 77 49 57 132 63 74 45 27 71 49 96 85 144 31 48 62 59 67 156 130 42 57 62 68 58 109 78 127 90 89 59 60 122 82 68 0 
0 166 28 2 253 4519 789 155 0 0 0 0 59 6 0 0 2 1 4720 0 0 0 33 27 23 35 0 0 4539 0 0 330 0 2 0 3 0 0 0 0 
166 0 125 0 79 2 0 0 0 4 0 34938 4898 76553 0 177 731 0 0 0 46707 0 0 149 0 0 0 1168 20 37 20 10 0 0 0 91 0 78419 1243 19 
28 125 0 0 0 0 48 0 0 0 178 0 0 2 0 1150 0 0 1936 8848 0 0 21 0 1058 0 3 0 5716 0 41 32962 6 4968 2 0 5 53 19 1935 
2 0 0 0 144 1 0 0 0 285 3 86 8 6093 0 50 0 0 0 0 0 0 56544 0 1549 3502 0 36 70 1661 271 0 1 1 0 17222 0 0 0 455 
253 79 0 144 0 0 0 20666 50280 51 54 0 0 12 0 1463 0 4 40848 0 30104 3 5895 3370 8388 12110 0 23708 0 0 0 27857 1056 0 920 0 57866 0 0 0 
4519 2 0 1 0 0 88188 0 0 0 1 0 11 0 2952 0 0 1 0 1 717 0 0 0 22 124 16658 0 0 0 63049 0 0 1996 29421 5 0 929 0 0 
789 0 48 0 0 88188 0 15290 0 824 0 5 0 0 3 17 1 7 7358 0 31 0 0 0 23 4 0 2 348 0 0 2 0 6 0 0 0 0 8 0 
155 0 0 0 20666 0 15290 0 0 0 8427 0 0 0 0 7475 0 3 0 8020 1 0 0 0 0 0 0 0 0 2 32 439 21 0 443 35 306 0 14 0 
0 0 0 0 50280 0 0 0 0 3248 0 0 0 0 2 0 0 1661 0 1 7814 235 301 0 118 554 0 0 1423 72 39 0 82694 15 14 0 11586 0 1224 1 
0 4 0 285 51 0 824 0 3248 0 0 0 0 0 479 918 4 253 2321 1 0 13156 0 16 16 0 1 0 0 0 0 3 8 0 0 28152 11 2368 0 37 
0 0 178 3 54 1 0 8427 0 0 0 0 0 1 657 3562 6 312 5 4141 135 80849 30 0 0 1419 0 4755 318 134 13 45 0 1 142 0 441 0 34604 17 
0 34938 0 86 0 0 5 0 0 0 0 0 64366 315 10 57 0 0 1551 0 0 62364 439 13 1132 42 0 0 0 16008 149 1701 0 81 2 1054 6330 0 0 15 
59 4898 0 8 0 11 0 0 0 0 0 64366 0 74 0 21 0 60 161 0 0 0 0 0 6 36570 97733 6 3 0 742 853 5334 6280 0 0 5011 0 0 0 
6 76553 2 6093 12 0 0 0 0 0 1 315 74 0 72 0 0 0 10 20467 0 0 0 0 0 34330 1055 0 5171 12609 0 10662 3743 0 0 457 22 2775 0 199 
0 0 0 0 0 2952 3 0 2 479 657 10 0 72 0 39627 32 47226 55039 0 291 1015 0 0 0 0 0 0 1 0 3231 26147 0 0 0 0 0 0 138 0 
0 177 1150 50 1463 0 17 7475 0 918 3562 57 21 0 39627 0 0 0 528 14935 0 0 0 0 0 0 47076 0 26537 0 0 20292 0 0 823 0 5 0 0 0 
2 731 0 0 0 0 1 0 0 4 6 0 0 0 32 0 0 1177 0 2878 235 298 0 0 72 0 8 0 10 0 1682 0 95338 0 0 1897 990 0 0 1654 
1 0 0 0 4 1 7 3 1661 253 312 0 60 0 47226 0 1177 0 90956 11 537 359 17949 0 20 0 0 2 0 0 24288 0 20156 0 0 1 0 207 0 144 
4720 0 1936 0 40848 0 7358 0 0 2321 5 1551 161 10 55039 528 0 90956 0 0 0 1148 0 13792 3776 0 0 57168 0 447 0 6 0 33002 38906 677 194 3128 0 0 
0 0 8848 0 0 1 0 8020 1 1 4141 0 0 20467 0 14935 2878 11 0 0 0 0 0 78640 7581 19230 0 0 43 0 2075 2 4 0 0 0 1021 0 29 0 
0 46707 0 0 30104 717 31 1 7814 0 135 0 0 0 291 0 235 537 0 0 0 0 1 0 9382 81 240 297 1576 0 0 1007 0 5626 0 0 4 10 0 0 
0 0 0 0 3 0 0 0 235 13156 80849 62364 0 0 1015 0 298 359 1148 0 0 0 4606 224 0 0 0 37737 290 0 0 0 0 0 0 0 0 0 71 0 
33 0 21 56544 5895 0 0 0 301 0 30 439 0 0 0 0 0 17949 0 0 1 4606 0 0 225 0 0 0 287 0 57798 3 0 0 3796 0 199 588 0 8 
27 149 0 0 3370 0 0 0 0 16 0 13 0 0 0 0 0 0 13792 78640 0 224 0 0 0 2 31 16769 64 607 0 0 6479 250 0 0 8936 0 0 62785 
23 0 1058 1549 8388 22 23 0 118 16 0 1132 6 0 0 0 72 20 3776 7581 9382 0 225 0 0 33961 0 0 1031 8 811 373 144 21 0 0 58182 0 97343 5278 
35 0 0 3502 12110 124 4 0 554 0 1419 42 36570 34330 0 0 0 0 0 19230 81 0 0 2 33961 0 0 15 0 0 327 0 0 0 0 0 0 0 434 0 
0 0 3 0 0 16658 0 0 0 1 0 0 97733 1055 0 47076 8 0 0 0 240 0 0 31 0 0 0 0 6146 0 10 0 0 0 0 0 0 422 0 0 
0 1168 0 36 23708 0 2 0 0 0 4755 0 6 0 0 0 0 2 57168 0 297 37737 0 16769 0 15 0 0 794 0 0 0 0 0 0 664 0 7759 0 3 
4539 20 5716 70 0 0 348 0 1423 0 318 0 3 5171 1 26537 10 0 0 43 1576 290 287 64 1031 0 6146 794 0 3930 0 0 1 0 2 29399 28613 0 417 0 
0 37 0 1661 0 0 0 2 72 0 134 16008 0 12609 0 0 0 0 447 0 0 0 0 607 8 0 0 0 3930 0 7826 80 0 5 31 0 3 3164 11565 9973 
0 20 41 271 0 63049 0 32 39 0 13 149 742 0 3231 0 1682 24288 0 2075 0 0 57798 0 811 327 10 0 0 7826 0 0 6 0 68908 0 0 976 2529 0 
330 10 32962 0 27857 0 2 439 0 3 45 1701 853 10662 26147 20292 0 0 6 2 1007 0 3 0 373 0 0 0 0 80 0 0 0 3573 19502 14 0 2 0 24723 
0 0 6 1 1056 0 0 21 82694 8 0 0 5334 3743 0 0 95338 20156 0 4 0 0 0 6479 144 0 0 0 1 0 6 0 0 357 4051 2358 5 602 4 83113 
2 0 4968 1 0 1996 6 0 15 0 1 81 6280 0 0 0 0 0 33002 0 5626 0 0 250 21 0 0 0 0 5 0 3573 357 0 0 0 0 5231 0 33879 
0 0 2 0 920 29421 0 443 14 0 142 2 0 0 0 823 0 0 38906 0 0 0 3796 0 0 0 0 0 2 31 68908 19502 4051 0 0 0 8042 1255 1 0 
3 91 0 17222 0 5 0 35 0 28152 0 1054 0 457 0 0 1897 1 677 0 0 0 0 0 0 0 0 664 29399 0 0 14 2358 0 0 0 204 1617 5785 416 
0 0 5 0 57866 0 0 306 11586 11 441 6330 5011 22 0 5 990 0 194 1021 4 0 199 8936 58182 0 0 0 28613 3 0 0 5 0 8042 204 0 0 0 0 
0 78419 53 0 0 929 0 0 0 2368 0 0 0 2775 0 0 0 207 3128 0 10 0 588 0 0 0 422 7759 0 3164 976 2 602 5231 1255 1617 0 0 0 893 
0 1243 19 0 0 0 8 14 1224 0 34604 0 0 0 138 0 0 0 0 29 0 71 0 0 97343 434 0 0 417 11565 2529 0 4 0 1 5785 0 0 0 10 
0 19 1935 455 0 0 0 0 1 37 17 15 0 199 0 0 1654 144 0 0 0 0 8 62785 5278 0 0 3 0 9973 0 24723 83113 33879 0 416 0 893 10 0 
0 23 14 6 296 28170 51606 54 0 0 0 0 380 26 0 0 0 5 724 0 0 0 235 20633 32 29 0 0 7814 5 0 53763 0 0 0 0 0 0 0 1 
23 0 8 3 278 956 0 0 0 38 0 52290 2358 944 125 46 967 0 0 0 42260 0 0 67 0 0 0 582 288 444 11 11 0 0 0 35 0 13494 20172 74 
14 8 0 0 0 0 299 0 0 0 31 0 0 1 0 1737 0 0 1944 404 0 0 110 0 6 0 34 0 368 0 670 38410 2 2093 64 0 1 3 20 38088 
6 3 0 0 25 485 0 0 0 215 19 0 0 616 0 1207 0 0 0 0 0 0 96868 0 13650 1419 0 1429 17 8837 1750 0 0 3 0 25 0 0 0 1923 
296 278 0 25 0 0 0 4312 2902 10 31 0 0 2 8 2348 0 39 48797 0 12519 1 4022 10131 7616 510 0 18302 0 0 0 66677 7674 0 84 0 11226 0 0 0 
28170 956 0 485 0 0 59126 0 0 0 4 0 40 0 226 0 2 0 0 53 481 0 0 0 13 27 10475 1 0 0 48298 0 0 16598 8911 74 0 4899 0 0 
51606 0 299 0 0 59126 0 2084 0 448 0 14 0 0 0 228 23 20 500 0 14 0 0 0 0 0 0 0 14 0 0 0 0 1 0 0 0 0 0 0 
54 0 0 0 4312 0 2084 0 0 0 3581 0 0 0 0 5842 0 31 0 18474 24 0 0 0 0 0 0 47 0 0 4 1296 64 0 79 27 25 0 0 0 
0 0 0 0 2902 0 0 0 0 1537 0 0 3 0 4 0 0 14235 0 0 4048 170 2 0 69 7 0 0 14961 6 14 0 4838 877 24 0 2273 0 156 0 
0 38 0 215 10 0 448 0 1537 0 0 0 1 0 392 748 444 46 190 1 0 20677 0 30 3 0 6 0 0 7 0 19 0 0 0 18353 9 14831 0 612 
0 0 31 19 31 4 0 3581 0 0 0 0 0 0 373 12023 19 11 0 97308 19 20154 7 0 0 2144 0 14251 961 1 7 0 0 0 4 0 21266 0 5452 5 
0 52290 0 0 0 0 14 0 0 0 0 0 75051 65 29 23 0 0 94 0 0 28023 375 5 10948 123 0 0 0 56259 501 1980 0 277 0 24 150 0 0 0 
380 2358 0 0 0 40 0 0 3 1 0 75051 0 104 0 122 0 4 812 5 0 0 0 0 2 17365 42091 0 0 0 117 3698 82138 23602 0 0 2748 2 0 0 
26 944 1 616 2 0 0 0 0 0 0 65 104 0 21 0 0 0 3 18863 0 0 0 0 0 19643 163 0 31 542 0 2569 558 0 0 134 1 4978 0 19 
0 125 0 0 8 226 0 0 4 392 373 29 0 21 0 71314 125 1540 3098 0 6 2147 0 0 0 0 0 0 2 0 44451 1143 0 0 0 0 0 0 16059 0 
0 46 1737 1207 2348 0 228 5842 0 748 12023 23 122 0 71314 0 0 0 2 3068 0 0 0 0 0 0 83616 0 65835 0 0 27819 0 0 480 0 12 0 0 0 
0 967 0 0 0 2 23 0 0 444 19 0 0 0 125 0 0 4138 0 182 60985 32 0 0 2 0 5 0 31 0 64418 0 47710 0 0 60004 3454 0 0 31336 
5 0 0 0 39 0 20 31 14235 46 11 0 4 0 1540 0 4138 0 12709 0 1198 17 4649 0 374 0 5 2 0 0 9880 0 687 0 12 0 0 157 0 7 
724 0 1944 0 48797 0 500 0 0 190 0 94 812 3 3098 2 0 12709 0 0 0 67 0 43912 995 0 0 42873 0 1869 0 58 0 11030 18793 500 98 1040 0 0 
0 0 404 0 0 53 0 18474 0 1 97308 0 5 18863 0 3068 182 0 0 0 0 0 0 74842 22654 6304 0 0 109 0 612 40 5 0 0 0 10321 0 541 0 
0 42260 0 0 12519 481 14 24 4048 0 19 0 0 0 6 0 60985 1198 0 0 0 0 4 0 2078 138 9954 3256 1574 0 0 1340 0 280 0 0 0 1 0 0 
0 0 0 0 1 0 0 0 170 20677 20154 28023 0 0 2147 0 32 17 67 0 0 0 2216 5 0 0 0 531 19 0 0 0 0 0 0 0 0 0 38 0 
235 0 110 96868 4022 0 0 0 2 0 7 375 0 0 0 0 0 4649 0 0 4 2216 0 0 2 0 0 0 97 0 18878 93 0 0 11231 0 108 3233 0 3 
20633 67 0 0 10131 0 0 0 0 30 0 5 0 0 0 0 0 0 43912 74842 0 5 0 0 0 2 8 6468 173 19 139 0 23061 64 0 0 5273 0 3 66280 
32 0 6 13650 7616 13 0 0 69 3 0 10948 2 0 0 0 2 374 995 22654 2078 0 2 0 0 87480 0 0 708 6 3233 323 402 8 0 0 2979 0 18201 372 
29 0 0 1419 510 27 0 0 7 0 2144 123 17365 19643 0 0 0 0 0 6304 138 0 0 2 87480 0 0 1 0 17 49 0 0 0 0 0 0 0 491 1 
0 0 34 0 0 10475 0 0 0 6 0 0 42091 163 0 83616 5 5 0 0 9954 0 0 8 0 0 0 0 133 0 0 0 0 0 0 0 0 75514 0 0 
0 582 0 1429 18302 1 0 47 0 0 14251 0 0 0 0 0 0 2 42873 0 3256 531 0 6468 0 1 0 0 75 0 0 0 0 0 0 17 0 26219 1 14 
7814 288 368 17 0 0 14 0 14961 0 961 0 0 31 2 65835 31 0 0 109 1574 19 97 173 708 0 133 75 0 18912 0 2 1 0 0 6910 5744 0 1794 0 
5 444 0 8837 0 0 0 0 6 7 1 56259 0 542 0 0 0 0 1869 0 0 0 0 19 6 17 0 0 18912 0 395 907 0 124 285 0 53 15016 4140 6440 
0 11 670 1750 0 48298 0 4 14 0 7 501 117 0 44451 0 64418 9880 0 612 0 0 18878 139 3233 49 0 0 0 395 0 0 25 0 18982 0 0 10 4777 0 
53763 11 38410 0 66677 0 0 1296 0 19 0 1980 3698 2569 1143 27819 0 0 58 40 1340 0 93 0 323 0 0 0 2 907 0 0 0 12838 4264 188 0 0 0 772 
0 0 2 0 7674 0 0 64 4838 0 0 0 82138 558 0 0 47710 687 0 5 0 0 0 23061 402 0 0 0 1 0 25 0 0 283 49477 6374 1 78 0 61867 
0 0 2093 3 0 16598 1 0 877 0 0 277 23602 0 0 0 0 0 11030 0 280 0 0 64 8 0 0 0 0 124 0 12838 283 0 0 0 0 753 0 6567 
0 0 64 0 84 8911 0 79 24 0 4 0 0 0 0 480 0 12 18793 0 0 0 11231 0 0 0 0 0 0 285 18982 4264 49477 0 0 0 1041 383 1 0 
0 35 0 25 0 74 0 27 0 18353 0 24 0 134 0 0 60004 0 500 0 0 0 0 0 0 0 0 17 6910 0 0 188 6374 0 0 0 423 4811 4810 2703 
0 0 1 0 11226 0 0 25 2273 9 21266 150 2748 1 0 12 3454 0 98 10321 0 0 108 5273 2979 0 0 0 5744 53 0 0 1 0 1041 423 0 0 0 0 
0 13494 3 0 0 4899 0 0 0 14831 0 0 2 4978 0 0 0 157 1040 0 1 0 3233 0 0 0 75514 26219 0 15016 10 0 78 753 383 4811 0 0 0 2027 
0 20172 20 0 0 0 0 0 156 0 5452 0 0 0 16059 0 0 0 0 541 0 38 0 3 18201 491 0 1 1794 4140 4777 0 0 0 1 4810 0 0 0 1 
1 74 38088 1923 0 0 0 0 0 612 5 0 0 19 0 0 31336 7 0 0 0 0 3 66280 372 1 0 14 0 6440 0 772 61867 6567 0 2703 0 2027 1 0 
0 42 24 2 227 53 512 13111 0 0 0 0 0 28 0 0 2 6 517 0 0 0 68 17 2 24 0 0 2465 11 0 366 0 32 0 0 0 0 0 0 
42 0 1 0 35 0 0 0 0 0 1 60836 746 3354 0 35 146 8 0 0 3945 0 0 248 0 0 0 2428 23 15 16 439 0 0 0 2471 0 12939 541 1 
24 1 0 0 0 292 197 0 0 0 23150 0 3 0 0 133 0 0 299 6168 0 0 2672 0 45501 0 8 0 6020 0 197 1621 0 152 114 0 62 13 307 3776 
2 0 0 0 22 7 1 0 0 10839 51 8800 14 21328 1 55 0 0 2 0 6 0 1452 0 6624 9227 0 1 707 8164 1030 0 0 0 0 1064 1 0 0 26585 
227 35 0 22 0 0 0 88657 23631 131 37 11 0 2 18 7919 0 4 19969 0 11644 110 700 5279 57856 1142 0 2182 3 0 0 39435 1075 0 398 0 16048 0 0 0 
53 0 292 7 0 0 39996 0 0 0 4 1 11 0 856 0 0 0 0 74 94 0 0 0 147 59 114 0 0 0 1871 0 0 24843 3697 0 0 1566 0 0 
512 0 197 1 0 39996 0 6906 0 2 0 0 0 8 0 7204 6 8 77250 0 5 0 0 3 1098 21 0 6 38 0 0 0 0 6 0 0 0 0 7 0 
13111 0 0 0 88657 0 6906 0 0 2 276 0 0 6 0 6468 0 20 0 42 1 0 0 0 0 0 2 4 0 8 10 34 1266 0 379 60 84 0 13 0 
0 0 0 0 23631 0 0 0 0 25620 0 0 3 0 20 5 0 7811 0 0 993 18 706 0 76 18 0 0 597 4 11 0 82263 1 12 0 1391 0 41739 2 
0 0 0 10839 131 0 2 2 25620 0 0 0 0 0 20 86 20 178 359 0 0 16485 0 0 2621 0 13 0 0 2 0 1 325 0 0 69248 52 93 0 158 
0 1 23150 51 37 4 0 276 0 0 0 0 0 0 27 154 4 37040 2 22698 195 335 3943 0 0 1894 0 9242 133 11 6 151 0 3 409 0 75 0 4631 5 
0 60836 0 8800 11 1 0 0 0 0 0 0 30173 51 8 49 0 1 4807 0 0 84010 140 4 10516 75 0 0 0 256 10 18 0 60 5 0 2504 49 0 45 
0 746 3 14 0 11 0 0 3 0 0 30173 0 137 0 42 0 2 3 0 0 0 0 0 63 27100 93260 7 0 0 193 5005 62944 40664 0 0 1399 0 0 0 
28 3354 0 21328 2 0 8 6 0 0 0 51 137 0 10 0 0 0 16 2141 0 1 0 0 0 49273 1511 0 10838 13085 0 7419 2843 0 0 177 0 124 0 356 
0 0 0 1 18 856 0 0 20 20 27 8 0 10 0 27860 467 13063 12979 0 61 391 0 0 0 0 0 0 0 0 269 869 0 0 0 0 0 0 35 0 
0 35 133 55 7919 0 7204 6468 5 86 154 49 42 0 27860 0 0 0 3022 4417 0 0 0 0 0 0 33157 0 5096 0 0 2453 0 0 596 0 3 0 0 0 
2 146 0 0 0 0 6 0 0 20 4 0 0 0 467 0 0 10 4 1215 651 2778 0 0 344 0 105 0 340 0 3650 0 22494 0 0 419 68 0 4 986 
6 8 0 0 4 0 8 20 7811 178 37040 1 2 0 13063 0 10 0 13046 2716 385 480 842 0 628 0 0 4 0 0 1127 0 27005 0 5 0 0 22648 0 3764 
517 0 299 2 19969 0 77250 0 0 359 2 4807 3 16 12979 3022 4 13046 0 0 0 98931 0 209 651 0 0 20365 0 705 0 9 0 11958 38555 114 0 3747 0 0 
0 0 6168 0 0 74 0 42 0 0 22698 0 0 2141 0 4417 1215 2716 0 0 0 0 0 750 718 30887 0 0 7 0 290 2 15 0 17 0 564 0 1747 0 
0 3945 0 6 11644 94 5 1 993 0 195 0 0 0 61 0 651 385 0 0 0 0 0 0 29185 1291 6655 19 2817 0 0 2524 0 19662 0 0 14 49 0 0 
0 0 0 0 110 0 0 0 18 16485 335 84010 0 1 391 0 2778 480 98931 0 0 0 624 2 0 0 0 1993 1477 0 0 0 0 0 0 0 0 0 569 0 
68 0 2672 1452 700 0 0 0 706 0 3943 140 0 0 0 0 0 842 0 0 0 624 0 0 91 0 0 0 5794 0 218 2 0 0 25566 32 76 5374 0 0 
17 248 0 0 5279 0 3 0 0 0 0 4 0 0 0 0 0 0 209 750 0 2 0 0 0 742 817 5108 59 1570 0 0 448 179 0 0 11330 0 0 60413 
2 0 45501 6624 57856 147 1098 0 76 2621 0 10516 63 0 0 0 344 628 651 718 29185 0 91 0 0 4960 0 0 83 29 3007 138 4751 15 0 0 83268 0 65288 13761 
24 0 0 9227 1142 59 21 0 18 0 1894 75 27100 49273 0 0 0 0 0 30887 1291 0 0 742 4960 0 0 10 0 0 526 0 0 0 0 0 0 0 564 0 
0 0 8 0 0 114 0 2 0 13 0 0 93260 1511 0 33157 105 0 0 0 6655 0 0 817 0 0 0 0 7684 0 47 0 0 0 0 0 0 602 0 0 
0 2428 0 1 2182 0 6 4 0 0 9242 0 7 0 0 0 0 4 20365 0 19 1993 0 5108 0 10 0 0 882 0 0 0 0 0 0 544 0 16 0 2079 
2465 23 6020 707 3 0 38 0 597 0 133 0 0 10838 0 5096 340 0 0 7 2817 1477 5794 59 83 0 7684 882 0 25798 3 0 1 14 0 38054 33194 0 71 0 
11 15 0 8164 0 0 0 8 4 2 11 256 0 13085 0 0 0 0 705 0 0 0 0 1570 29 0 0 0 25798 0 3276 50 0 47 0 0 0 78 9781 7530 
0 16 197 1030 0 1871 0 10 11 0 6 10 193 0 269 0 3650 1127 0 290 0 0 218 0 3007 526 47 0 3 3276 0 0 0 0 194 0 0 12351 1910 0 
366 439 1621 0 39435 0 0 34 0 1 151 18 5005 7419 869 2453 0 0 9 2 2524 0 2 0 138 0 0 0 0 50 0 0 1 4646 190 1 0 0 0 39875 
0 0 0 0 1075 0 0 1266 82263 325 0 0 62944 2843 0 0 22494 27005 0 15 0 0 0 448 4751 0 0 0 1 0 0 1 0 1973 574 14861 61 84 5 9463 
32 0 152 0 0 24843 6 0 1 0 3 60 40664 0 0 0 0 0 11958 0 19662 0 0 179 15 0 0 0 14 47 0 4646 1973 0 0 0 0 186 0 20009 
0 0 114 0 398 3697 0 379 12 0 409 5 0 0 0 596 0 5 38555 17 0 0 25566 0 0 0 0 0 0 0 194 190 574 0 0 0 9162 411 1 0 
0 2471 0 1064 0 0 0 60 0 69248 0 0 0 177 0 0 419 0 114 0 0 0 32 0 0 0 0 544 38054 0 0 1 14861 0 0 0 633 18750 978 2559 
0 0 62 1 16048 0 0 84 1391 52 75 2504 1399 0 0 3 68 0 0 564 14 0 76 11330 83268 0 0 0 33194 0 0 0 61 0 9162 633 0 0 0 0 
0 12939 13 0 0 1566 0 0 0 93 0 49 0 124 0 0 0 22648 3747 0 49 0 5374 0 0 0 602 16 0 78 12351 0 84 186 411 18750 0 0 0 1825 
0 541 307 0 0 0 7 13 41739 0 4631 0 0 0 35 0 4 0 0 1747 0 569 0 0 65288 564 0 0 71 9781 1910 0 5 0 1 978 0 0 0 0 
0 1 3776 26585 0 0 0 0 2 158 5 45 0 356 0 0 986 3764 0 0 0 0 0 60413 13761 0 0 2079 0 7530 0 39875 9463 20009 0 2559 0 1825 0 0 
0 7 129 70 424 20726 472 1530 0 0 0 0 92 114 0 0 31 1 784 0 0 0 925 3652 2 8 0 0 4166 0 5 127 0 2 0 8 0 0 0 0 
7 0 1148 2 14 0 0 0 0 0 2 77236 6023 5984 2 494 9 0 0 0 1690 0 0 953 0 0 0 158 11 853 708 42 0 0 0 57 0 589 2929 0 
129 1148 0 0 0 0 896 0 0 0 821 0 0 4 0 127 0 0 229 9113 0 0 6 0 1950 0 1 0 25800 0 198 436 0 3113 1 0 0 76 0 167 
70 2 0 0 38 6 10 0 0 15 0 2164 44 26092 0 7 0 0 0 0 0 0 41600 0 9674 8054 0 1332 385 116 2135 0 1 97 0 7625 0 0 0 6 
424 14 0 38 0 0 0 558 1002 46 49 0 0 16 0 115 0 5 50789 1 784 12 1424 231 71621 11 0 1042 0 0 0 14968 455 0 56947 0 48782 0 0 0 
20726 0 0 6 0 0 1866 0 0 0 0 0 31 0 41907 0 0 1 0 1 4373 0 0 0 116 3155 3574 0 0 0 1549 0 0 4347 4480 28 0 284 0 0 
472 0 896 10 0 1866 0 14460 0 12796 0 31 0 11 4 28 5 3 8834 0 17 0 0 0 10 0 0 0 6163 0 0 5 0 1 0 0 0 0 107 0 
1530 0 0 0 558 0 14460 0 0 13 15870 0 0 0 0 137 0 0 0 434 1 0 2 0 0 0 0 0 0 0 3 19 15 0 111 8050 145 0 170 0 
0 0 0 0 1002 0 0 0 0 6253 0 0 0 0 0 0 0 182 0 14 6308 280 8 0 858 4472 0 0 134 46 2211 0 22100 44 19 0 58715 0 4258 613 
0 0 0 15 46 0 12796 13 6253 0 0 0 0 0 107 362 19 40709 22944 2 0 7947 0 12 2 0 9 0 0 526 0 0 1 0 10 18567 0 1318 0 1507 
0 2 821 0 49 0 0 15870 0 0 0 0 0 65 19 35859 79 13 0 12576 12 16307 0 0 0 2014 0 734 149 4 0 425 0 0 79 0 20297 0 2100 3 
0 77236 0 2164 0 0 31 0 0 0 0 0 5662 2124 4 205 0 11 2894 0 0 21182 2850 0 1205 33 0 0 0 19257 129 810 0 87 11 423 11079 0 0 120 
92 6023 0 44 0 31 0 0 0 0 0 5662 0 3 0 10 0 0 316 0 0 0 0 0 556 40171 67978 0 2 0 10 94 227 30469 0 0 2358 0 0 0 
114 5984 4 26092 16 0 11 0 0 0 65 2124 3 0 266 0 0 0 12 51226 0 0 0 0 0 61875 2439 0 166 24851 0 88091 3815 0 0 1790 109 56036 0 375 
0 2 0 0 0 41907 4 0 0 107 19 4 0 266 0 5940 1 6700 18996 0 734 3283 0 0 0 0 0 0 1 0 8966 9320 0 0 0 0 2 0 53 0 
0 494 127 7 115 0 28 137 0 362 35859 205 10 0 5940 0 0 0 16 2906 0 0 0 0 0 7 27101 0 12993 0 0 588 0 0 11328 0 0 0 0 0 
31 9 0 0 0 0 5 0 0 19 79 0 0 0 1 0 0 244 4 660 0 52819 0 0 13 0 131 0 211 0 408 0 54267 0 0 11348 20 0 2 365 
1 0 0 0 5 1 3 0 182 40709 13 11 0 0 6700 0 244 0 44646 130 4 824 34 0 3 0 0 12 5 0 7070 0 395 0 0 2 0 1916 0 2742 
784 0 229 0 50789 0 8834 0 0 22944 0 2894 316 12 18996 16 4 44646 0 0 0 1089 0 5917 3671 0 0 2554 0 154 0 12 0 19551 91676 14101 14 8061 0 0 
0 0 9113 0 1 1 0 434 14 2 12576 0 0 51226 0 2906 660 130 0 0 0 0 0 68740 13404 66620 0 0 0 0 189 35 20 0 0 0 26 0 3523 11 
0 1690 0 0 784 4373 17 1 6308 0 12 0 0 0 734 0 0 4 0 0 0 0 0 0 66 1821 19 2422 3925 0 0 598 0 98002 0 0 4 0 0 0 
0 0 0 0 12 0 0 0 280 7947 16307 21182 0 0 3283 0 52819 824 1089 0 0 0 40575 4 0 0 0 66039 7 0 0 0 0 0 0 0 0 0 209 0 
925 0 6 41600 1424 0 0 2 8 0 0 2850 0 0 0 0 0 34 0 0 0 40575 0 0 8174 0 0 0 248 0 2650 47 0 0 44158 10 151 336 0 0 
3652 953 0 0 231 0 0 0 0 12 0 0 0 0 0 0 0 0 5917 68740 0 4 0 0 0 12 0 9318 125 146 0 0 1789 710 0 0 2424 0 146 24764 
2 0 1950 9674 71621 116 10 0 858 2 0 1205 556 0 0 0 13 3 3671 13404 66 0 8174 0 0 23778 0 0 6469 0 39828 3 3826 121 0 0 773 0 81713 135 
8 0 0 8054 11 3155 0 0 4472 0 2014 33 40171 61875 0 7 0 0 0 66620 1821 0 0 12 23778 0 0 0 0 24 11 0 0 0 0 0 0 0 1374 0 
0 0 1 0 0 3574 0 0 0 9 0 0 67978 2439 0 27101 131 0 0 0 19 0 0 0 0 0 0 0 9371 0 17 0 0 0 0 0 1 81 0 0 
0 158 0 1332 1042 0 0 0 0 0 734 0 0 0 0 0 0 12 2554 0 2422 66039 0 9318 0 0 0 0 5463 0 0 0 0 0 0 5956 0 8 0 3 
4166 11 25800 385 0 0 6163 0 134 0 149 0 2 166 1 12993 211 5 0 0 3925 7 248 125 6469 0 9371 5463 0 117 0 0 1 0 9 2789 31197 0 48 0 
0 853 0 116 0 0 0 0 46 526 4 19257 0 24851 0 0 0 0 154 0 0 0 0 146 0 24 0 0 117 0 6269 581 1 1 72 0 619 8923 2577 69990 
5 708 198 2135 0 1549 0 3 2211 0 0 129 10 0 8966 0 408 7070 0 189 0 0 2650 0 39828 11 17 0 0 6269 0 0 0 0 1939 0 0 11514 316 0 
127 42 436 0 14968 0 5 19 0 0 425 810 94 88091 9320 588 0 0 12 35 598 0 47 0 3 0 0 0 0 581 0 0 0 92494 554 0 0 0 0 27553 
0 0 0 1 455 0 0 15 22100 1 0 0 227 3815 0 0 54267 395 0 20 0 0 0 1789 3826 0 0 0 1 1 0 0 0 20 340 226 10 645 1155 35219 
2 0 3113 97 0 4347 1 0 44 0 0 87 30469 0 0 0 0 0 19551 0 98002 0 0 710 121 0 0 0 0 1 0 92494 20 0 0 1 0 17 0 6611 
0 0 1 0 56947 4480 0 111 19 10 79 11 0 0 0 11328 0 0 91676 0 0 0 44158 0 0 0 0 0 9 72 1939 554 340 0 0 0 26751 6381 0 0 
8 57 0 7625 0 28 0 8050 0 18567 0 423 0 1790 0 0 11348 2 14101 0 0 0 10 0 0 0 0 5956 2789 0 0 0 226 1 0 0 15 3529 55524 682 
0 0 0 0 48782 0 0 145 58715 0 20297 11079 2358 109 2 0 20 0 14 26 4 0 151 2424 773 0 1 0 31197 619 0 0 10 0 26751 15 0 0 0 0 
0 589 76 0 0 284 0 0 0 1318 0 0 0 56036 0 0 0 1916 8061 0 0 0 336 0 0 0 81 8 0 8923 11514 0 645 17 6381 3529 0 0 0 260 
0 2929 0 0 0 0 107 170 4258 0 2100 0 0 0 53 0 2 0 0 3523 0 209 0 146 81713 1374 0 0 48 2577 316 0 1155 0 0 55524 0 0 0 282 
0 0 167 6 0 0 0 0 613 1507 3 120 0 375 0 0 365 2742 0 11 0 0 0 24764 135 0 0 3 0 69990 0 27553 35219 6611 0 682 0 260 282 0 
