40 3
0 59 64 103 62 95 95 48 90 88 90 112 64 139 74 53 26 148 87 89 78 107 103 6 100 177 116 85 94 32 58 33 140 154 91 89 149 95 129 136 
59 0 70 49 40 62 36 46 31 30 43 69 27 80 26 37 59 91 39 30 28 48 85 53 62 119 57 26 35 49 19 41 84 96 32 30 99 39 70 86 
64 70 0 118 33 51 89 98 88 95 64 73 48 126 97 33 87 124 64 86 63 108 150 62 58 154 114 86 89 33 53 83 147 156 86 84 168 106 127 100 
103 49 118 0 85 94 38 68 34 23 68 88 69 56 28 85 93 77 65 36 58 23 68 97 90 97 30 33 37 98 65 74 38 53 38 38 50 11 35 90 
62 40 33 85 0 33 56 78 55 62 34 51 15 94 66 8 77 96 33 53 30 75 125 57 38 126 81 53 55 32 21 66 113 123 53 51 135 74 94 77 
95 62 51 94 33 0 57 107 59 71 25 22 37 82 84 42 110 75 28 57 37 76 147 91 7 104 78 61 57 65 46 97 112 117 56 55 139 82 90 49 
95 36 89 38 56 57 0 77 6 17 31 50 41 44 39 58 95 55 29 6 25 20 100 89 52 83 25 11 1 78 40 76 58 67 4 6 82 27 38 57 
48 46 98 68 78 107 77 0 71 63 90 115 69 117 41 71 27 133 86 71 75 81 55 45 108 159 90 66 76 65 60 15 106 121 74 72 107 64 101 132 
90 31 88 34 55 59 6 71 0 12 34 55 39 49 33 57 89 61 31 2 25 20 94 84 56 89 27 5 5 75 38 70 58 68 4 4 81 23 41 63 
88 30 95 23 62 71 17 63 12 0 46 67 46 53 23 63 84 69 43 14 35 19 82 82 68 95 28 10 16 78 43 65 53 65 16 16 72 11 40 74 
90 43 64 68 34 25 31 90 34 46 0 25 25 61 61 41 99 61 3 32 15 51 124 84 22 92 53 36 32 65 32 83 87 94 30 30 114 57 66 45 
112 69 73 88 51 22 50 115 55 67 25 0 49 63 86 60 123 54 29 53 40 67 148 107 15 82 66 58 51 84 57 108 98 101 51 51 128 77 76 27 
64 27 48 69 15 37 41 69 39 46 25 49 0 81 52 17 74 86 23 37 16 60 112 58 38 116 66 37 40 40 8 60 98 108 37 36 119 58 79 71 
139 80 126 56 94 82 44 117 49 53 61 63 81 0 75 99 137 23 62 50 65 36 125 133 74 41 27 54 45 121 83 118 42 40 48 50 74 54 23 49 
74 26 97 28 66 84 39 41 33 23 61 86 52 75 0 64 65 92 58 34 47 39 62 69 83 117 49 28 38 73 45 46 66 80 37 35 76 23 59 96 
53 37 33 85 8 42 58 71 57 63 41 60 17 99 64 0 69 102 39 55 34 77 120 48 46 132 83 54 58 24 20 58 115 125 55 53 135 74 97 85 
26 59 87 93 77 110 95 27 89 84 99 123 74 137 65 69 0 150 95 88 85 103 79 26 113 178 112 83 93 54 66 19 131 145 91 89 135 88 124 144 
148 91 124 77 96 75 55 133 61 69 61 54 86 23 92 102 150 0 63 62 70 55 146 142 68 30 47 67 57 126 90 132 65 61 59 61 97 73 46 31 
87 39 64 65 33 28 29 86 31 43 3 29 23 62 58 39 95 63 0 29 11 49 121 81 25 93 52 33 29 63 29 79 86 93 27 27 112 54 65 48 
89 30 86 36 53 57 6 71 2 14 32 53 37 50 34 55 88 62 29 0 23 22 95 83 54 89 29 5 5 73 36 70 60 70 2 2 83 25 42 62 
78 28 63 58 30 37 25 75 25 35 15 40 16 65 47 34 85 70 11 23 0 45 110 72 35 100 50 25 25 56 20 68 83 92 22 21 106 47 64 59 
107 48 108 23 75 76 20 81 20 19 51 67 60 36 39 77 103 55 49 22 45 0 91 101 71 77 9 23 20 95 58 84 38 48 22 24 62 18 21 67 
103 85 150 68 125 147 100 55 94 82 124 148 112 125 62 120 79 146 121 95 110 91 0 100 146 164 99 90 98 119 104 71 95 110 98 97 80 74 102 156 
6 53 62 97 57 91 89 45 84 82 84 107 58 133 69 48 26 142 81 83 72 101 100 0 95 171 110 79 88 29 52 29 135 148 85 83 144 89 123 130 
100 62 58 90 38 7 52 108 56 68 22 15 38 74 83 46 113 68 25 54 35 71 146 95 0 97 72 58 53 70 47 99 106 111 52 52 134 79 84 42 
177 119 154 97 126 104 83 159 89 95 92 82 116 41 117 132 178 30 93 89 100 77 164 171 97 0 68 94 84 156 120 159 73 63 87 89 103 95 62 57 
116 57 114 30 81 78 25 90 27 28 53 66 66 27 49 83 112 47 52 29 50 9 99 110 72 68 0 31 25 102 65 93 34 42 28 30 62 26 13 62 
85 26 86 33 53 61 11 66 5 10 36 58 37 54 28 54 83 67 33 5 25 23 90 79 58 94 31 0 10 72 35 65 61 72 8 7 82 21 44 68 
94 35 89 37 55 57 1 76 5 16 32 51 40 45 38 58 93 57 29 5 25 20 98 88 53 84 25 10 0 78 40 75 58 67 3 5 82 26 39 58 
32 49 33 98 32 65 78 65 75 78 65 84 40 121 73 24 54 126 63 73 56 95 119 29 70 156 102 72 78 0 37 50 132 144 75 73 148 88 116 109 
58 19 53 65 21 46 40 60 38 43 32 57 8 83 45 20 66 90 29 36 20 58 104 52 47 120 65 35 40 37 0 51 96 106 37 35 115 54 79 78 
33 41 83 74 66 97 76 15 70 65 83 108 60 118 46 58 19 132 79 70 68 84 71 29 99 159 93 65 75 50 51 0 112 127 72 70 118 69 105 127 
140 84 147 38 113 112 58 106 58 53 87 98 98 42 66 115 131 65 86 60 83 38 95 135 106 73 34 61 58 132 96 112 0 15 60 62 32 45 22 90 
154 96 156 53 123 117 67 121 68 65 94 101 108 40 80 125 145 61 93 70 92 48 110 148 111 63 42 72 67 144 106 127 15 0 70 71 40 58 28 89 
91 32 86 38 53 56 4 74 4 16 30 51 37 48 37 55 91 59 27 2 22 22 98 85 52 87 28 8 3 75 37 72 60 70 0 2 84 27 42 59 
89 30 84 38 51 55 6 72 4 16 30 51 36 50 35 53 89 61 27 2 21 24 97 83 52 89 30 7 5 73 35 70 62 71 2 0 85 27 43 60 
149 99 168 50 135 139 82 107 81 72 114 128 119 74 76 135 135 97 112 83 106 62 80 144 134 103 62 82 82 148 115 118 32 40 84 85 0 61 54 122 
95 39 106 11 74 82 27 64 23 11 57 77 58 54 23 74 88 73 54 25 47 18 74 89 79 95 26 21 26 88 54 69 45 58 27 27 61 0 36 82 
129 70 127 35 94 90 38 101 41 40 66 76 79 23 59 97 124 46 65 42 64 21 102 123 84 62 13 44 39 116 79 105 22 28 42 43 54 36 0 68 
136 86 100 90 77 49 57 132 63 74 45 27 71 49 96 85 144 31 48 62 59 67 156 130 42 57 62 68 58 109 78 127 90 89 59 60 122 82 68 0 
0 3 0 0 850 3429 0 17973 0 0 0 66 0 0 0 1862 48852 0 10926 0 51051 14 44398 0 1 0 2 0 0 0 0 0 215 0 0 373 14 0 1636 7445 
3 0 9326 0 11637 0 66880 0 0 1 0 8423 577 0 0 23 2 3 0 1349 0 0 0 1 10 0 0 0 11837 2 0 12 0 2 0 42 21 10004 0 0 
0 9326 0 0 2582 3 2940 590 0 62 3 19921 428 134 0 0 0 0 0 10 2340 1 2 0 3 0 0 0 0 21 0 0 0 11 709 994 0 23 41 3224 
0 0 0 0 145 66 0 0 0 0 0 0 0 0 51 0 1 0 849 0 0 66192 0 154 53447 1182 0 400 62 0 0 0 0 1 0 54346 35194 0 151 14577 
850 11637 2582 145 0 0 2 0 0 4437 12 61 213 21 0 0 0 0 0 7858 59947 4 0 0 2 0 191 163 0 0 468 0 0 0 0 7 947 0 0 0 
3429 0 3 66 0 0 0 97 0 0 0 16 0 25913 47 0 0 8 0 0 13 0 12796 32196 821 5 0 0 1 0 33527 106 8207 0 0 0 0 4 0 0 
0 66880 2940 0 2 0 0 0 2189 0 3 11 0 0 0 6702 30 0 0 18515 360 0 23650 7772 0 0 0 0 0 1 0 0 0 2 0 0 19 54 46 0 
17973 0 590 0 0 97 0 0 0 0 0 221 0 96 0 0 0 0 1 1067 0 0 0 5211 0 0 1556 0 3 0 0 0 0 36985 304 0 14 0 0 0 
0 0 0 0 0 0 2189 0 0 0 11 0 3 0 0 78 1 4 0 0 1 0 0 0 37 0 63 4886 0 7610 0 0 11801 0 0 0 433 0 1251 2365 
0 1 62 0 4437 0 0 0 0 0 0 22228 34799 0 224 340 0 0 0 3 87 0 8071 14967 49 2824 66415 2 4339 820 361 77 76770 39391 16 1197 0 0 0 781 
0 0 3 0 12 0 3 0 11 0 0 0 0 2 1 86 0 4 5677 0 0 19 0 0 87098 0 1 0 0 0 0 52 50286 0 0 776 0 6204 412 0 
66 8423 19921 0 61 16 11 221 0 22228 0 0 0 0 2 15951 0 0 148 0 0 0 33 0 48 0 48 0 0 0 0 0 0 54 2 0 0 1962 133 0 
0 577 428 0 213 0 0 0 3 34799 0 0 0 92 2 0 0 0 1 438 0 0 0 633 0 4460 0 248 1 0 568 59 0 21 0 2666 3 45 0 15577 
0 0 134 0 21 25913 0 96 0 0 2 0 92 0 0 0 4380 0 0 0 0 0 46024 0 8427 1 0 0 0 18158 0 35 0 0 1459 28007 0 45 0 16 
0 0 0 51 0 47 0 0 0 224 1 2 2 0 0 0 0 4 0 0 0 0 0 28 0 0 1745 0 515 2 0 14 0 0 0 1438 0 69 3 0 
1862 23 0 0 0 0 6702 0 78 340 86 15951 0 0 0 0 21727 6164 2 0 0 3576 41474 202 797 0 0 0 0 1 2 0 11914 0 43192 10 15 60 0 1671 
48852 2 0 1 0 0 30 0 1 0 0 0 0 4380 0 21727 0 1545 192 0 181 0 0 0 82024 53613 0 0 0 0 0 2905 0 0 0 0 12 0 526 0 
0 3 0 0 0 8 0 0 4 0 4 0 0 0 4 6164 1545 0 25 1 1 0 12 0 0 122 25268 84 0 0 0 9011 9 6926 0 46594 205 43938 0 42 
10926 0 0 849 0 0 0 1 0 0 5677 148 1 0 0 2 192 25 0 1279 1979 320 0 0 4 0 364 0 0 28 10685 0 0 0 7949 3194 11 0 0 0 
0 1349 10 0 7858 0 18515 1067 0 3 0 0 438 0 0 0 0 1 1279 0 11 0 163 0 432 10 0 5498 11 2 428 0 22284 1535 31 0 0 0 7 986 
51051 0 2340 0 59947 13 360 0 1 87 0 0 0 0 0 0 181 1 1979 11 0 1260 3 0 0 1 0 1610 1 0 0 0 0 4 0 0 24410 78 285 0 
14 0 1 66192 4 0 0 0 0 0 19 0 0 0 0 3576 0 0 320 0 1260 0 866 0 0 2540 1906 0 0 10803 47 5 0 171 7195 64 0 0 0 0 
44398 0 2 0 0 12796 23650 0 0 8071 0 33 0 46024 0 41474 0 12 0 163 3 866 0 7412 578 19 0 0 0 0 1211 0 0 3 56013 0 35 4 0 0 
0 1 0 154 0 32196 7772 5211 0 14967 0 0 633 0 28 202 0 0 0 0 0 0 7412 0 1806 0 47114 82 0 0 0 0 0 37 0 0 2 2 687 125 
1 10 3 53447 2 821 0 0 37 49 87098 48 0 8427 0 797 82024 0 4 432 0 0 578 1806 0 682 0 8 37936 557 0 0 590 0 0 90 127 0 24 7942 
0 0 0 1182 0 5 0 0 0 2824 0 0 4460 1 0 0 53613 122 0 10 1 2540 19 0 682 0 0 0 67 7085 1 17 3620 16 2 18657 33 0 21 196 
2 0 0 0 191 0 0 1556 63 66415 1 48 0 0 1745 0 0 25268 364 0 0 1906 0 47114 0 0 0 70 0 0 0 0 26760 0 14 0 968 1410 0 71537 
0 0 0 400 163 0 0 0 4886 2 0 0 248 0 0 0 0 84 0 5498 1610 0 0 82 8 0 70 0 0 6143 0 80194 282 0 0 0 7 255 63248 3415 
0 11837 0 62 0 1 0 3 0 4339 0 0 1 0 515 0 0 0 0 11 1 0 0 0 37936 67 0 0 0 761 0 137 0 12 226 0 1740 7 153 140 
0 2 21 0 0 0 1 0 7610 820 0 0 0 18158 2 1 0 0 28 2 0 10803 0 0 557 7085 0 6143 761 0 9931 1 0 70609 4 0 319 9351 69299 35164 
0 0 0 0 468 33527 0 0 0 361 0 0 568 0 0 2 0 0 10685 428 0 47 1211 0 0 1 0 0 0 9931 0 40 0 38767 1 69 0 9250 0 77590 
0 12 0 0 0 106 0 0 0 77 52 0 59 35 14 0 2905 9011 0 0 0 5 0 0 0 17 0 80194 137 1 40 0 0 39899 361 0 0 0 0 35122 
215 0 0 0 0 8207 0 0 11801 76770 50286 0 0 0 0 11914 0 9 0 22284 0 0 0 0 590 3620 26760 282 0 0 0 0 0 2 0 0 0 0 0 0 
0 2 11 1 0 0 2 36985 0 39391 0 54 21 0 0 0 0 6926 0 1535 4 171 3 37 0 16 0 0 12 70609 38767 39899 2 0 0 9 362 0 16377 0 
0 0 709 0 0 0 0 304 0 16 0 2 0 1459 0 43192 0 0 7949 31 0 7195 56013 0 0 2 14 0 226 4 1 361 0 0 0 0 0 1427 0 0 
373 42 994 54346 7 0 0 0 0 1197 776 0 2666 28007 1438 10 0 46594 3194 0 0 64 0 0 90 18657 0 0 0 0 69 0 0 9 0 0 55 529 1 0 
14 21 0 35194 947 0 19 14 433 0 0 0 3 0 0 15 12 205 11 0 24410 0 35 2 127 33 968 7 1740 319 0 0 0 362 0 55 0 0 0 470 
0 10004 23 0 0 4 54 0 0 0 6204 1962 45 45 69 60 0 43938 0 0 78 0 4 2 0 0 1410 255 7 9351 9250 0 0 0 1427 529 0 0 0 1 
1636 0 41 151 0 0 46 0 1251 0 412 133 0 0 3 0 526 0 0 7 285 0 0 687 24 21 0 63248 153 69299 0 0 0 16377 0 1 0 0 0 2 
7445 0 3224 14577 0 0 0 0 2365 781 0 0 15577 16 0 1671 0 42 0 986 0 0 0 125 7942 196 71537 3415 140 35164 77590 35122 0 0 0 0 470 1 2 0 
0 1 1 30634 647 13543 0 56721 0 5 0 337 0 2 0 0 21755 0 0 33 1712 0 10839 0 2 99493 0 0 0 0 0 22 0 212 24 0 140 0 18252 0 
1 0 2244 0 58077 252 29994 15 0 0 0 2300 1387 5122 4610 0 0 0 7643 765 17151 54 56 0 82 0 0 192 1622 0 1 0 72 0 0 231 18 0 0 0 
1 2244 0 308 0 0 0 15 0 482 0 8607 0 642 0 0 297 0 650 2 2124 0 10 58 0 28390 18 197 0 0 0 0 0 182 2016 14260 15735 122 48 35077 
30634 0 308 0 1429 0 0 359 24 0 13 69 0 154 0 0 3 0 0 0 0 0 0 0 0 0 0 0 0 0 415 0 0 0 178 0 0 81062 0 11022 
647 58077 0 1429 0 106 0 1 0 836 0 132 0 9 0 31094 0 0 0 2447 94473 4 0 28 31 6629 3749 0 24210 90370 0 5517 0 7 0 1 0 0 0 0 
13543 252 0 0 106 0 0 0 0 10 145 0 0 98034 0 13 0 0 316 0 66 13931 46731 0 237 0 0 0 0 130 74 0 3499 0 122 0 2 0 0 0 
0 29994 0 0 0 0 0 1136 0 0 278 5 71869 0 42994 1769 2 0 0 0 2584 71 0 447 0 45 50185 0 100 0 1 51 3 0 1 7 0 0 105 0 
56721 15 15 359 1 0 1136 0 196 34405 16 88 72 0 1021 13 89 0 0 107 26 0 7219 0 28389 0 61 6194 0 6 0 0 34427 0 10 6350 0 6 0 0 
0 0 0 24 0 0 0 196 0 31951 0 2289 0 0 0 0 13 0 6267 0 0 0 1 23 69 222 15 0 4 27441 0 12 61439 0 433 0 375 1150 161 5217 
5 0 482 0 836 10 0 34405 31951 0 0 81838 0 38 1877 1294 17 0 0 0 42 15585 0 0 0 119 28829 0 10642 0 0 0 944 0 0 30200 1576 20721 6731 0 
0 0 0 13 0 145 278 16 0 0 0 0 3 0 0 104 1 0 7366 0 139 10 202 2 33400 0 0 0 0 241 19350 0 3354 63 0 31 0 0 656 0 
337 2300 8607 69 132 0 5 88 2289 81838 0 0 0 482 0 21947 0 1014 4720 0 0 3 0 0 1247 32626 0 2 47 0 74 3209 482 0 0 0 1 0 109 29 
0 1387 0 0 0 0 71869 72 0 0 3 0 0 282 7 94 34 835 0 47 0 0 0 8257 96 0 1971 965 4 0 0 0 8389 1 391 47339 0 2 0 0 
2 5122 642 154 9 98034 0 0 0 38 0 482 282 0 43 0 0 6 59 0 76984 0 0 0 3581 0 0 1 0 0 0 0 0 0 0 26561 0 1192 76074 0 
0 4610 0 0 0 0 42994 1021 0 1877 0 0 7 43 0 0 663 0 0 583 0 9 1449 0 0 0 1187 524 15 0 44 0 5 0 231 0 18 0 1 2 
0 0 0 0 31094 13 1769 13 0 1294 104 21947 94 0 0 0 0 4445 331 5649 99355 0 0 219 0 0 2 71 0 0 0 0 616 0 13714 2 0 2 0 0 
21755 0 297 3 0 0 2 89 13 17 1 0 34 0 663 0 0 6620 363 6 0 0 7021 0 52314 0 1150 0 18 0 1 890 51080 37857 0 6 0 4 0 0 
0 0 0 0 0 0 0 0 0 0 0 1014 835 6 0 4445 6620 0 0 2 0 406 18 0 0 0 0 287 2 0 75984 98245 0 38920 13746 0 170 0 0 0 
0 7643 650 0 0 316 0 0 6267 0 7366 4720 0 59 0 331 363 0 0 1428 0 2042 2402 23979 0 4578 0 0 3 30 0 0 0 0 0 13682 1 8189 0 0 
33 765 2 0 2447 0 0 107 0 0 0 0 47 0 583 5649 6 2 1428 0 7 0 6 12 111 0 0 0 0 0 0 8 4463 0 32 0 888 0 13 0 
1712 17151 2124 0 94473 66 2584 26 0 42 139 0 0 76984 0 99355 0 0 0 7 0 0 18 0 2505 0 0 1809 20 0 25963 1 4 0 176 0 0 124 12707 0 
0 54 0 0 4 13931 71 0 0 15585 10 3 0 0 9 0 0 406 2042 0 0 0 0 43 1651 9 0 2 0 0 268 21 1079 0 4386 0 454 0 1 255 
10839 56 10 0 0 46731 0 7219 1 0 202 0 0 0 1449 0 7021 18 2402 6 18 0 0 0 0 0 27674 0 3 7 0 0 0 0 0 1 0 1 0 26758 
0 0 58 0 28 0 447 0 23 0 2 0 8257 0 0 219 0 0 23979 12 0 43 0 0 5347 0 0 3 0 2124 626 3 0 8 0 0 0 0 5172 1788 
2 82 0 0 31 237 0 28389 69 0 33400 1247 96 3581 0 0 52314 0 0 111 2505 1651 0 5347 0 0 2 0 0 0 0 0 79 41117 0 1347 1207 937 4 349 
99493 0 28390 0 6629 0 45 0 222 119 0 32626 0 0 0 0 0 0 4578 0 0 9 0 0 0 0 0 64 2 0 2 36 0 0 0 0 0 10670 3336 0 
0 0 18 0 3749 0 50185 61 15 28829 0 0 1971 0 1187 2 1150 0 0 0 0 0 27674 0 2 0 0 0 0 0 1 42 0 53 25 0 1930 0 0 0 
0 192 197 0 0 0 0 6194 0 0 0 2 965 1 524 71 0 287 0 0 1809 2 0 3 0 64 0 0 0 0 0 0 149 0 0 30772 0 0 0 107 
0 1622 0 0 24210 0 100 0 4 10642 0 47 4 0 15 0 18 2 3 0 20 0 3 0 0 2 0 0 0 80 0 0 19158 21 303 0 38088 0 0 17 
0 0 0 0 90370 130 0 6 27441 0 241 0 0 0 0 0 0 0 30 0 0 0 7 2124 0 0 0 0 80 0 1094 0 0 0 0 27366 0 1565 2770 1607 
0 1 0 415 0 74 1 0 0 0 19350 74 0 0 44 0 1 75984 0 0 25963 268 0 626 0 2 1 0 0 1094 0 0 34 8849 0 0 4 45093 0 0 
22 0 0 0 5517 0 51 0 12 0 0 3209 0 0 0 0 890 98245 0 8 1 21 0 3 0 36 42 0 0 0 0 0 0 728 0 0 0 0 9 3238 
0 72 0 0 0 3499 3 34427 61439 944 3354 482 8389 0 5 616 51080 0 0 4463 4 1079 0 0 79 0 0 149 19158 0 34 0 0 0 0 0 1 0 244 1985 
212 0 182 0 7 0 0 0 0 0 63 0 1 0 0 0 37857 38920 0 0 0 0 0 8 41117 0 53 0 21 0 8849 728 0 0 0 9 0 0 12807 0 
24 0 2016 178 0 122 1 10 433 0 0 0 391 0 231 13714 0 13746 0 32 176 4386 0 0 0 0 25 0 303 0 0 0 0 0 0 0 9942 0 0 0 
0 231 14260 0 1 0 7 6350 0 30200 31 0 47339 26561 0 2 6 0 13682 0 0 0 1 0 1347 0 0 30772 0 27366 0 0 0 9 0 0 0 0 0 18301 
140 18 15735 0 0 2 0 0 375 1576 0 1 0 0 18 0 0 170 1 888 0 454 0 0 1207 0 1930 0 38088 0 4 0 1 0 9942 0 0 5859 0 890 
0 0 122 81062 0 0 0 6 1150 20721 0 0 2 1192 0 2 4 0 8189 0 124 0 1 0 937 10670 0 0 0 1565 45093 0 0 0 0 0 5859 0 83 0 
18252 0 48 0 0 0 105 0 161 6731 656 109 0 76074 1 0 0 0 0 13 12707 1 0 5172 4 3336 0 0 0 2770 0 9 244 12807 0 0 0 83 0 1 
0 0 35077 11022 0 0 0 0 5217 0 0 29 0 0 2 0 0 0 0 0 0 255 26758 1788 349 0 0 107 17 1607 0 3238 1985 0 0 18301 890 0 1 0 
0 0 0 47 706 478 0 0 2 185 497 0 2686 820 0 0 0 9 23934 0 6958 0 0 0 196 1 0 0 0 3339 2 3 0 0 2097 27 17 0 226 9609 
0 0 0 0 2844 4881 0 0 283 0 6 0 2039 0 0 0 1 0 0 3376 0 3307 195 2 0 3 10 7265 1069 395 0 0 0 10 11991 29 0 273 3036 0 
0 0 0 6 12954 1 1006 2840 0 105 0 0 0 1538 2 0 0 2 27 0 228 0 1 0 0 100 158 1 0 0 0 0 0 0 2072 0 0 0 0 0 
47 0 6 0 0 2 0 0 0 739 44 1 0 0 0 0 0 195 0 29 0 0 0 0 24736 0 48 143 0 85211 7 1 24849 0 0 0 9519 6173 0 28029 
706 2844 12954 0 0 92686 0 88867 1307 28683 160 186 0 32 0 6079 1 41599 0 0 0 0 0 0 4 0 0 8481 0 0 0 20 99 2 0 72 0 175 0 0 
478 4881 1 2 92686 0 0 181 0 0 2872 30 0 0 4 6 0 0 2119 3671 21 91 0 17784 0 0 0 11 0 18 93442 8 0 0 450 0 17 4 0 581 
0 0 1006 0 0 0 0 31155 0 5900 0 0 798 4688 58058 0 25 247 0 0 153 8 1537 543 0 3 2013 0 685 0 0 0 1 0 2 0 0 486 0 0 
0 0 2840 0 88867 181 31155 0 6363 0 0 340 0 0 24509 0 12 0 11 753 0 0 94 21924 287 0 0 2 1 0 337 463 0 0 0 347 0 25 3 9377 
2 283 0 0 1307 0 0 6363 0 1 144 0 0 0 1034 0 0 0 0 6 0 0 0 0 0 1 22 0 89 0 0 20 0 0 488 2120 340 0 5613 0 
185 0 105 739 28683 0 5900 0 1 0 0 0 1766 11641 15 0 400 0 0 0 0 0 4868 0 0 953 822 6 34918 0 5662 0 0 26536 444 81889 12 42 112 0 
497 6 0 44 160 2872 0 0 144 0 0 0 0 0 0 0 0 0 0 1213 137 11 1 1 37821 44 0 51 21587 5468 0 149 0 0 0 27437 3242 0 5663 0 
0 0 0 1 186 30 0 340 0 0 0 0 0 1 0 0 0 2955 60 0 0 0 0 0 6 1291 0 0 0 2 0 1001 32 0 0 36329 0 32399 0 0 
2686 2039 0 0 0 0 798 0 0 1766 0 0 0 2 0 0 0 3578 0 3039 1182 0 8 2050 0 0 0 0 2 0 0 0 0 0 2 0 0 0 2444 0 
820 0 1538 0 32 0 4688 0 0 11641 0 1 2 0 2257 0 299 1080 0 17485 0 0 0 6 0 0 0 3 0 0 24 14 18956 0 40830 0 0 0 27147 0 
0 0 2 0 0 4 58058 24509 1034 15 0 0 0 2257 0 0 0 0 25 17 0 439 1 0 0 7 0 0 19 19 211 0 2410 1036 0 690 3 3250 0 444 
0 0 0 0 6079 6 0 0 0 0 0 0 0 0 0 0 20303 2451 33 0 30 3397 46719 1186 276 0 0 54392 1 0 0 0 21328 0 18665 2 0 56 2 298 
0 1 0 0 1 0 25 12 0 400 0 0 0 299 0 20303 0 4102 0 17 0 951 0 3 0 0 0 0 0 76 0 2641 2 5 2 35060 1133 17 0 11266 
9 0 2 195 41599 0 247 0 0 0 0 2955 3578 1080 0 2451 4102 0 0 0 47 0 0 14 0 5173 15650 0 122 595 0 817 2 9864 0 0 47 66702 163 0 
23934 0 27 0 0 2119 0 11 0 0 0 60 0 0 25 33 0 0 0 0 3307 0 78829 0 0 0 0 0 0 380 20598 0 0 12 227 791 0 3836 19012 0 
0 3376 0 29 0 3671 0 753 6 0 1213 0 3039 17485 17 0 17 0 0 0 290 0 0 2 0 0 827 0 0 0 0 22 0 0 2 0 1527 0 0 537 
6958 0 228 0 0 21 153 0 0 0 137 0 1182 0 0 30 0 47 3307 290 0 285 0 0 0 0 104 454 0 0 0 0 178 0 0 22396 18884 0 3020 1 
0 3307 0 0 0 91 8 0 0 0 11 0 0 0 439 3397 951 0 0 0 285 0 1060 6 3045 2529 0 6 103 6023 0 0 0 0 1636 0 1 7 49 0 
0 195 1 0 0 0 1537 94 0 4868 1 0 8 0 1 46719 0 0 78829 0 0 1060 0 9950 0 40 178 1306 15 59 0 0 0 0 26557 73 0 0 20 0 
0 2 0 0 0 17784 543 21924 0 0 1 0 2050 6 0 1186 3 14 0 2 0 6 9950 0 0 0 0 1 0 0 37 1 27507 0 2 0 18 23 50688 0 
196 0 0 24736 4 0 0 287 0 0 37821 6 0 0 0 276 0 0 0 0 0 3045 0 0 0 4586 3 0 0 123 0 18844 799 253 66 4811 0 0 0 0 
1 3 100 0 0 0 3 0 1 953 44 1291 0 0 7 0 0 5173 0 0 0 2529 40 0 4586 0 73 0 5 0 0 0 94 48 18 0 0 0 4 50 
0 10 158 48 0 0 2013 0 22 822 0 0 0 0 0 0 0 15650 0 827 104 0 178 0 3 73 0 48 0 22786 2 0 20559 811 0 1 2348 0 0 0 
0 7265 1 143 8481 11 0 2 0 6 51 0 0 3 0 54392 0 0 0 0 454 6 1306 1 0 0 48 0 0 5629 0 0 0 5173 1302 3 7919 73 71 0 
0 1069 0 0 0 0 685 1 89 34918 21587 0 2 0 19 1 0 122 0 0 0 103 15 0 0 5 0 0 0 38 19518 0 19 0 732 7 0 26 13 0 
3339 395 0 85211 0 18 0 0 0 0 5468 2 0 0 19 0 76 595 380 0 0 6023 59 0 123 0 22786 5629 38 0 0 0 44 0 96 0 114 69272 0 0 
2 0 0 7 0 93442 0 337 0 5662 0 0 0 24 211 0 0 0 20598 0 0 0 0 37 0 0 2 0 19518 0 0 19 0 646 0 12 0 0 9836 74095 
3 0 0 1 20 8 0 463 20 0 149 1001 0 14 0 0 2641 817 0 22 0 0 0 1 18844 0 0 0 0 0 19 0 0 0 0 16 0 0 6 0 
0 0 0 24849 99 0 1 0 0 0 0 32 0 18956 2410 21328 2 2 0 0 178 0 0 27507 799 94 20559 0 19 44 0 0 0 2 0 9198 917 0 1396 3156 
0 10 0 0 2 0 0 0 0 26536 0 0 0 0 1036 0 5 9864 12 0 0 0 0 0 253 48 811 5173 0 0 646 0 2 0 14874 40 0 36 0 0 
2097 11991 2072 0 0 450 2 0 488 444 0 0 2 40830 0 18665 2 0 227 2 0 1636 26557 2 66 18 0 1302 732 96 0 0 0 14874 0 22171 0 0 122 127 
27 29 0 0 72 0 0 347 2120 81889 27437 36329 0 0 690 2 35060 0 791 0 22396 0 73 0 4811 0 1 3 7 0 12 16 9198 40 22171 0 0 2171 0 79 
17 0 0 9519 0 17 0 0 340 12 3242 0 0 0 3 0 1133 47 0 1527 18884 1 0 18 0 0 2348 7919 0 114 0 0 917 0 0 0 0 0 908 32 
0 273 0 6173 175 4 486 25 0 42 0 32399 0 0 3250 56 17 66702 3836 0 0 7 0 23 0 0 0 73 26 69272 0 0 0 36 0 2171 0 0 0 25 
226 3036 0 0 0 0 0 3 5613 112 5663 0 2444 27147 0 2 0 163 19012 0 3020 49 20 50688 0 4 0 71 13 0 9836 6 1396 0 122 0 908 0 0 0 
9609 0 0 28029 0 581 0 9377 0 0 0 0 0 0 444 298 11266 0 0 537 1 0 0 0 0 50 0 0 0 0 74095 0 3156 0 127 79 32 25 0 0 
