9 4
0 59 64 103 62 95 95 48 90 
59 0 70 49 40 62 36 46 31 
64 70 0 118 33 51 89 98 88 
103 49 118 0 85 94 38 68 34 
62 40 33 85 0 33 56 78 55 
95 62 51 94 33 0 57 107 59 
95 36 89 38 56 57 0 77 6 
48 46 98 68 78 107 77 0 71 
90 31 88 34 55 59 6 71 0 
0 0 0 0 0 0 2238 0 158 
0 0 0 0 0 17135 0 35194 0 
0 0 0 4879 0 72154 0 0 1 
0 0 4879 0 0 0 68996 8105 14634 
0 0 0 0 0 3 0 0 0 
0 17135 72154 0 3 0 138 21 0 
2238 0 0 68996 0 138 0 0 9 
0 35194 0 8105 0 21 0 0 1 
158 0 1 14634 0 0 9 1 0 
0 133 3 7776 0 0 250 0 0 
133 0 202 0 75 0 0 0 32 
3 202 0 0 1 0 0 2 13 
7776 0 0 0 140 1081 0 57 0 
0 75 1 140 0 63 65 2 1222 
0 0 0 1081 63 0 0 0 23973 
250 0 0 0 65 0 0 109 0 
0 0 2 57 2 0 109 0 0 
0 32 13 0 1222 23973 0 0 0 
0 5686 24948 0 0 0 75874 0 0 
5686 0 47 0 11 0 0 0 0 
24948 47 0 0 3 0 0 107 596 
0 0 0 0 0 523 0 0 40 
0 11 3 0 0 0 755 1 0 
0 0 0 523 0 0 0 1718 1 
75874 0 0 0 755 0 0 2483 0 
0 0 107 0 1 1718 2483 0 289 
0 0 596 40 0 1 0 289 0 
0 0 0 35898 0 0 0 1 0 
0 0 0 6717 6 0 7 0 9 
0 0 0 0 0 2725 19293 773 0 
35898 6717 0 0 13697 0 237 4 35024 
0 6 0 13697 0 0 0 104 64894 
0 0 2725 0 0 0 83 2349 1 
0 7 19293 237 0 83 0 3396 0 
1 0 773 4 104 2349 3396 0 0 
0 9 0 35024 64894 1 0 0 0 
