30 2
0 59 64 103 62 95 95 48 90 88 90 112 64 139 74 53 26 148 87 89 78 107 103 6 100 177 116 85 94 32 
59 0 70 49 40 62 36 46 31 30 43 69 27 80 26 37 59 91 39 30 28 48 85 53 62 119 57 26 35 49 
64 70 0 118 33 51 89 98 88 95 64 73 48 126 97 33 87 124 64 86 63 108 150 62 58 154 114 86 89 33 
103 49 118 0 85 94 38 68 34 23 68 88 69 56 28 85 93 77 65 36 58 23 68 97 90 97 30 33 37 98 
62 40 33 85 0 33 56 78 55 62 34 51 15 94 66 8 77 96 33 53 30 75 125 57 38 126 81 53 55 32 
95 62 51 94 33 0 57 107 59 71 25 22 37 82 84 42 110 75 28 57 37 76 147 91 7 104 78 61 57 65 
95 36 89 38 56 57 0 77 6 17 31 50 41 44 39 58 95 55 29 6 25 20 100 89 52 83 25 11 1 78 
48 46 98 68 78 107 77 0 71 63 90 115 69 117 41 71 27 133 86 71 75 81 55 45 108 159 90 66 76 65 
90 31 88 34 55 59 6 71 0 12 34 55 39 49 33 57 89 61 31 2 25 20 94 84 56 89 27 5 5 75 
88 30 95 23 62 71 17 63 12 0 46 67 46 53 23 63 84 69 43 14 35 19 82 82 68 95 28 10 16 78 
90 43 64 68 34 25 31 90 34 46 0 25 25 61 61 41 99 61 3 32 15 51 124 84 22 92 53 36 32 65 
112 69 73 88 51 22 50 115 55 67 25 0 49 63 86 60 123 54 29 53 40 67 148 107 15 82 66 58 51 84 
64 27 48 69 15 37 41 69 39 46 25 49 0 81 52 17 74 86 23 37 16 60 112 58 38 116 66 37 40 40 
139 80 126 56 94 82 44 117 49 53 61 63 81 0 75 99 137 23 62 50 65 36 125 133 74 41 27 54 45 121 
74 26 97 28 66 84 39 41 33 23 61 86 52 75 0 64 65 92 58 34 47 39 62 69 83 117 49 28 38 73 
53 37 33 85 8 42 58 71 57 63 41 60 17 99 64 0 69 102 39 55 34 77 120 48 46 132 83 54 58 24 
26 59 87 93 77 110 95 27 89 84 99 123 74 137 65 69 0 150 95 88 85 103 79 26 113 178 112 83 93 54 
148 91 124 77 96 75 55 133 61 69 61 54 86 23 92 102 150 0 63 62 70 55 146 142 68 30 47 67 57 126 
87 39 64 65 33 28 29 86 31 43 3 29 23 62 58 39 95 63 0 29 11 49 121 81 25 93 52 33 29 63 
89 30 86 36 53 57 6 71 2 14 32 53 37 50 34 55 88 62 29 0 23 22 95 83 54 89 29 5 5 73 
78 28 63 58 30 37 25 75 25 35 15 40 16 65 47 34 85 70 11 23 0 45 110 72 35 100 50 25 25 56 
107 48 108 23 75 76 20 81 20 19 51 67 60 36 39 77 103 55 49 22 45 0 91 101 71 77 9 23 20 95 
103 85 150 68 125 147 100 55 94 82 124 148 112 125 62 120 79 146 121 95 110 91 0 100 146 164 99 90 98 119 
6 53 62 97 57 91 89 45 84 82 84 107 58 133 69 48 26 142 81 83 72 101 100 0 95 171 110 79 88 29 
100 62 58 90 38 7 52 108 56 68 22 15 38 74 83 46 113 68 25 54 35 71 146 95 0 97 72 58 53 70 
177 119 154 97 126 104 83 159 89 95 92 82 116 41 117 132 178 30 93 89 100 77 164 171 97 0 68 94 84 156 
116 57 114 30 81 78 25 90 27 28 53 66 66 27 49 83 112 47 52 29 50 9 99 110 72 68 0 31 25 102 
85 26 86 33 53 61 11 66 5 10 36 58 37 54 28 54 83 67 33 5 25 23 90 79 58 94 31 0 10 72 
94 35 89 37 55 57 1 76 5 16 32 51 40 45 38 58 93 57 29 5 25 20 98 88 53 84 25 10 0 78 
32 49 33 98 32 65 78 65 75 78 65 84 40 121 73 24 54 126 63 73 56 95 119 29 70 156 102 72 78 0 
0 5 1 23433 0 35194 1 0 554 0 0 2301 0 30232 14553 10131 0 14 775 0 0 25 81 0 4 0 0 102 0 79 
5 0 2252 51 49 0 4 49 24931 1 0 53068 0 1052 1 140 0 0 0 26 0 0 0 0 0 71819 10112 0 101 17 
1 2252 0 1 64 0 0 0 0 0 0 146 392 0 0 0 0 0 62674 681 0 2844 15 0 10572 276 31861 4 0 1 
23433 51 1 0 0 0 3 300 6 0 1128 9784 106 9878 1 0 0 14326 396 91344 1425 2582 0 67222 393 0 0 91972 1737 0 
0 49 64 0 0 2 0 5 0 0 39580 0 0 0 59 0 7258 18 6136 0 0 0 0 2397 2 1572 0 17769 0 75337 
35194 0 0 0 2 0 40 0 4 0 0 1 0 66904 3 0 10 31 0 0 760 145 1480 0 0 0 0 81 0 0 
1 4 0 3 0 40 0 7 285 52 0 5 1 0 20 6 0 0 0 0 0 0 48570 1996 0 0 10 0 59803 79 
0 49 0 300 5 0 7 0 1075 2 0 3312 210 0 0 0 0 16160 0 506 22550 200 100 3 0 0 10 1 24 0 
554 24931 0 6 0 4 285 1075 0 25 82 0 498 0 0 0 0 0 0 0 976 0 0 0 0 0 0 3 0 0 
0 1 0 0 0 0 52 2 25 0 0 7 801 35188 0 0 0 0 0 0 8525 0 92567 0 886 0 23 44992 0 177 
0 0 0 1128 39580 0 0 0 82 0 0 449 0 0 83 318 132 0 598 357 65 11771 5759 23544 1 1416 23 206 0 663 
2301 53068 146 9784 0 1 5 3312 0 7 449 0 6846 4 0 45786 0 91706 0 0 62 0 0 0 8 99122 80213 0 2906 0 
0 0 392 106 0 0 1 210 498 801 0 6846 0 2 0 6 0 8 0 38 0 723 0 1 0 0 0 249 0 34880 
30232 1052 0 9878 0 66904 0 0 0 35188 0 4 2 0 0 2076 2 0 1750 8 0 0 0 6 0 37 0 53 29 568 
14553 1 0 1 59 3 20 0 0 0 83 0 0 0 0 8888 1 1 2 0 0 0 1 0 8 0 1294 0 0 0 
10131 140 0 0 0 0 6 0 0 0 318 45786 6 2076 8888 0 10678 73 0 0 230 0 2104 32 182 123 2 44 17 50597 
0 0 0 0 7258 10 0 0 0 0 132 0 0 2 1 10678 0 0 0 7336 0 0 3009 17 0 16 0 294 0 1 
14 0 0 14326 18 31 0 16160 0 0 0 91706 8 0 1 73 0 0 0 0 0 0 14731 383 1 1358 43300 669 34310 1751 
775 0 62674 396 6136 0 0 0 0 0 598 0 0 1750 2 0 0 0 0 4 850 66 0 0 1 7508 14 608 1148 0 
0 26 681 91344 0 0 0 506 0 0 357 0 38 8 0 0 7336 0 4 0 1707 37 15282 11591 448 16783 80 0 37 4 
0 0 0 1425 0 760 0 22550 976 8525 65 62 0 0 0 230 0 0 850 1707 0 4204 0 1 28 18 0 768 180 1 
25 0 2844 2582 0 145 0 200 0 0 11771 0 723 0 0 0 0 0 66 37 4204 0 30412 3354 71 0 0 2857 1 91 
81 0 15 0 0 1480 48570 100 0 92567 5759 0 0 0 1 2104 3009 14731 0 15282 0 30412 0 0 0 0 5949 11 0 6559 
0 0 0 67222 2397 0 1996 3 0 0 23544 0 1 6 0 32 17 383 0 11591 1 3354 0 0 0 2 0 0 855 61166 
4 0 10572 393 2 0 0 0 0 886 1 8 0 0 8 182 0 1 1 448 28 71 0 0 0 0 0 5 0 232 
0 71819 276 0 1572 0 0 0 0 0 1416 99122 0 37 0 123 16 1358 7508 16783 18 0 0 2 0 0 0 0 1334 1 
0 10112 31861 0 0 0 10 10 0 23 23 80213 0 0 1294 2 0 43300 14 80 0 0 5949 0 0 0 0 0 0 0 
102 0 4 91972 17769 81 0 1 3 44992 206 0 249 53 0 44 294 669 608 0 768 2857 11 0 5 0 0 0 0 3 
0 101 0 1737 0 0 59803 24 0 0 0 2906 0 29 0 17 0 34310 1148 37 180 1 0 855 0 1334 0 0 0 0 
79 17 1 0 75337 0 79 0 0 177 663 0 34880 568 0 50597 1 1751 0 4 1 91 6559 61166 232 1 0 3 0 0 
0 0 0 0 14960 0 0 152 0 11389 64 0 39512 0 8 0 6 30 0 0 71 0 0 73289 4 0 143 0 0 0 
0 0 24385 0 0 0 0 2428 0 1 2 0 9280 0 0 118 6 52 9 0 312 12 7 3 12 7 0 0 0 347 
0 24385 0 0 0 2079 0 8 852 2456 0 0 0 2 16 333 2206 7 0 0 55971 0 0 765 0 8 154 0 28 0 
0 0 0 0 0 0 0 0 0 7934 0 0 0 3697 2 2786 1 0 0 0 0 0 388 0 0 1 987 0 0 35496 
14960 0 0 0 0 0 0 0 0 6 13 13825 0 58 69 7 0 0 0 6370 0 0 1628 0 0 0 0 0 1215 34 
0 0 2079 0 0 0 35024 27 0 0 3 0 18 0 0 0 0 0 21399 2 0 0 0 9 6 0 6 478 1 0 
0 0 0 0 0 35024 0 0 13526 0 92577 0 0 0 0 0 418 3 5 0 0 19795 0 0 2203 439 0 0 0 0 
152 2428 8 0 0 27 0 0 0 0 1320 0 0 0 196 3242 65769 0 278 872 0 0 0 0 31952 368 13081 0 0 25 
0 0 852 0 0 0 13526 0 0 0 51760 1012 0 4892 48387 3 66410 9126 0 0 0 0 97430 0 3688 25 8455 0 11530 1137 
11389 1 2456 7934 6 0 0 0 0 0 0 46 8 0 1512 0 15 69399 3 563 0 0 0 98766 0 29 1211 26286 129 0 
64 2 0 0 13 3 92577 1320 51760 0 0 0 38 3165 0 0 0 16858 0 0 0 0 0 0 0 0 500 0 2 0 
0 0 0 0 13825 0 0 0 1012 46 0 0 0 0 4075 0 0 0 2 0 350 579 9 2 38923 0 0 2125 0 22369 
39512 9280 0 0 0 18 0 0 0 8 38 0 0 0 32 0 7 0 6337 0 0 364 6 0 27892 9 13009 0 51359 7017 
0 0 2 3697 58 0 0 0 4892 0 3165 0 0 0 0 0 0 51 693 0 0 7851 148 0 65 0 401 0 0 6 
8 0 16 2 69 0 0 196 48387 1512 0 4075 32 0 0 495 0 2460 0 11 1614 79076 0 0 0 3729 0 1 0 0 
0 118 333 2786 7 0 0 3242 3 0 0 0 0 0 495 0 0 0 4965 0 0 0 0 0 0 0 0 0 0 0 
6 6 2206 1 0 0 418 65769 66410 15 0 0 7 0 0 0 0 0 49 0 0 15809 0 0 95125 0 23 0 1 3 
30 52 7 0 0 0 3 0 9126 69399 16858 0 0 51 2460 0 0 0 2 27722 0 2269 0 0 0 8 0 0 50 0 
0 9 0 0 0 21399 5 278 0 3 0 2 6337 693 0 4965 49 2 0 0 647 0 0 0 0 0 0 0 1819 101 
0 0 0 0 6370 2 0 872 0 563 0 0 0 0 11 0 0 27722 0 0 1 0 0 0 0 0 12015 4 0 48016 
71 312 55971 0 0 0 0 0 0 0 0 350 0 0 1614 0 0 0 647 1 0 0 0 21 0 0 417 0 0 0 
0 12 0 0 0 0 19795 0 0 0 0 579 364 7851 79076 0 15809 2269 0 0 0 0 0 0 0 32 350 0 0 0 
0 7 0 388 1628 0 0 0 97430 0 0 9 6 148 0 0 0 0 0 0 0 0 0 6297 0 2721 0 0 170 0 
73289 3 765 0 0 9 0 0 0 98766 0 2 0 0 0 0 0 0 0 0 21 0 6297 0 5378 0 3 0 0 0 
4 12 0 0 0 6 2203 31952 3688 0 0 38923 27892 65 0 0 95125 0 0 0 0 0 0 5378 0 1189 66 0 1109 0 
0 7 8 1 0 0 439 368 25 29 0 0 9 0 3729 0 0 8 0 0 0 32 2721 0 1189 0 0 0 0 0 
143 0 154 987 0 6 0 13081 8455 1211 500 0 13009 401 0 0 23 0 0 12015 417 350 0 3 66 0 0 0 11 882 
0 0 0 0 0 478 0 0 0 26286 0 2125 0 0 1 0 0 0 0 4 0 0 0 0 0 0 0 0 786 0 
0 0 28 0 1215 1 0 0 11530 129 2 0 51359 0 0 0 1 50 1819 0 0 0 170 0 1109 0 11 786 0 2 
0 347 0 35496 34 0 0 25 1137 0 0 22369 7017 6 0 0 3 0 101 48016 0 0 0 0 0 0 882 0 2 0 
