6 3
0 46 118 40 96 98 
46 0 88 10 53 127 
118 88 0 85 53 137 
40 10 85 0 56 117 
96 53 53 56 0 154 
98 127 137 117 154 0 
0 10 2 0 39921 4 
10 0 0 0 0 95682 
2 0 0 0 39 1080 
0 0 0 0 165 0 
39921 0 39 165 0 3 
4 95682 1080 0 3 0 
0 0 0 0 0 0 
0 0 0 4 0 0 
0 0 0 0 0 721 
0 4 0 0 1343 2 
0 0 0 1343 0 0 
0 0 721 2 0 0 
0 0 0 268 0 20 
0 0 99803 9821 0 1509 
0 99803 0 0 57 0 
268 9821 0 0 106 1 
0 0 57 106 0 14 
20 1509 0 1 14 0 
