50 2
0 59 64 103 62 95 95 48 90 88 90 112 64 139 74 53 26 148 87 89 78 107 103 6 100 177 116 85 94 32 58 33 140 154 91 89 149 95 129 136 69 115 101 157 54 90 105 87 127 110 
59 0 70 49 40 62 36 46 31 30 43 69 27 80 26 37 59 91 39 30 28 48 85 53 62 119 57 26 35 49 19 41 84 96 32 30 99 39 70 86 73 69 42 98 15 31 60 28 82 56 
64 70 0 118 33 51 89 98 88 95 64 73 48 126 97 33 87 124 64 86 63 108 150 62 58 154 114 86 89 33 53 83 147 156 86 84 168 106 127 100 125 78 97 140 80 90 70 87 153 86 
103 49 118 0 85 94 38 68 34 23 68 88 69 56 28 85 93 77 65 36 58 23 68 97 90 97 30 33 37 98 65 74 38 53 38 38 50 11 35 90 81 85 32 73 48 31 81 32 37 63 
62 40 33 85 0 33 56 78 55 62 34 51 15 94 66 8 77 96 33 53 30 75 125 57 38 126 81 53 55 32 21 66 113 123 53 51 135 74 94 77 106 55 64 110 53 57 45 54 121 57 
95 62 51 94 33 0 57 107 59 71 25 22 37 82 84 42 110 75 28 57 37 76 147 91 7 104 78 61 57 65 46 97 112 117 56 55 139 82 90 49 135 27 64 93 77 62 20 61 131 41 
95 36 89 38 56 57 0 77 6 17 31 50 41 44 39 58 95 55 29 6 25 20 100 89 52 83 25 11 1 78 40 76 58 67 4 6 82 27 38 57 100 48 8 62 47 8 43 10 75 27 
48 46 98 68 78 107 77 0 71 63 90 115 69 117 41 71 27 133 86 71 75 81 55 45 108 159 90 66 76 65 60 15 106 121 74 72 107 64 101 132 28 116 80 136 31 70 107 68 82 102 
90 31 88 34 55 59 6 71 0 12 34 55 39 49 33 57 89 61 31 2 25 20 94 84 56 89 27 5 5 75 38 70 58 68 4 4 81 23 41 63 94 53 11 67 41 3 47 3 71 33 
88 30 95 23 62 71 17 63 12 0 46 67 46 53 23 63 84 69 43 14 35 19 82 82 68 95 28 10 16 78 43 65 53 65 16 16 72 11 40 74 84 65 17 72 36 9 59 10 60 45 
90 43 64 68 34 25 31 90 34 46 0 25 25 61 61 41 99 61 3 32 15 51 124 84 22 92 53 36 32 65 32 83 87 94 30 30 114 57 66 45 116 26 39 76 58 37 17 36 106 22 
112 69 73 88 51 22 50 115 55 67 25 0 49 63 86 60 123 54 29 53 40 67 148 107 15 82 66 58 51 84 57 108 98 101 51 51 128 77 76 27 142 5 56 73 84 58 8 57 125 26 
64 27 48 69 15 37 41 69 39 46 25 49 0 81 52 17 74 86 23 37 16 60 112 58 38 116 66 37 40 40 8 60 98 108 37 36 119 58 79 71 97 51 49 98 41 41 41 38 105 47 
139 80 126 56 94 82 44 117 49 53 61 63 81 0 75 99 137 23 62 50 65 36 125 133 74 41 27 54 45 121 83 118 42 40 48 50 74 54 23 49 136 59 38 18 89 49 61 52 82 40 
74 26 97 28 66 84 39 41 33 23 61 86 52 75 0 64 65 92 58 34 47 39 62 69 83 117 49 28 38 73 45 46 66 80 37 35 76 23 59 96 61 84 40 94 20 31 77 29 56 66 
53 37 33 85 8 42 58 71 57 63 41 60 17 99 64 0 69 102 39 55 34 77 120 48 46 132 83 54 58 24 20 58 115 125 55 53 135 74 97 85 99 63 67 115 48 58 53 55 119 63 
26 59 87 93 77 110 95 27 89 84 99 123 74 137 65 69 0 150 95 88 85 103 79 26 113 178 112 83 93 54 66 19 131 145 91 89 135 88 124 144 43 125 99 156 48 88 115 85 110 115 
148 91 124 77 96 75 55 133 61 69 61 54 86 23 92 102 150 0 63 62 70 55 146 142 68 30 47 67 57 126 90 132 65 61 59 61 97 73 46 31 154 49 52 20 102 63 55 65 105 39 
87 39 64 65 33 28 29 86 31 43 3 29 23 62 58 39 95 63 0 29 11 49 121 81 25 93 52 33 29 63 29 79 86 93 27 27 112 54 65 48 113 29 37 77 55 34 20 33 103 24 
89 30 86 36 53 57 6 71 2 14 32 53 37 50 34 55 88 62 29 0 23 22 95 83 54 89 29 5 5 73 36 70 60 70 2 2 83 25 42 62 94 51 12 68 40 5 45 4 73 32 
78 28 63 58 30 37 25 75 25 35 15 40 16 65 47 34 85 70 11 23 0 45 110 72 35 100 50 25 25 56 20 68 83 92 22 21 106 47 64 59 101 41 33 81 43 28 32 26 96 31 
107 48 108 23 75 76 20 81 20 19 51 67 60 36 39 77 103 55 49 22 45 0 91 101 71 77 9 23 20 95 58 84 38 48 22 24 62 18 21 67 100 64 12 54 55 18 60 21 58 41 
103 85 150 68 125 147 100 55 94 82 124 148 112 125 62 120 79 146 121 95 110 91 0 100 146 164 99 90 98 119 104 71 95 110 98 97 80 74 102 156 39 147 97 141 72 91 140 91 53 127 
6 53 62 97 57 91 89 45 84 82 84 107 58 133 69 48 26 142 81 83 72 101 100 0 95 171 110 79 88 29 52 29 135 148 85 83 144 89 123 130 68 109 95 151 48 84 99 81 122 104 
100 62 58 90 38 7 52 108 56 68 22 15 38 74 83 46 113 68 25 54 35 71 146 95 0 97 72 58 53 70 47 99 106 111 52 52 134 79 84 42 135 19 59 86 77 59 13 58 127 35 
177 119 154 97 126 104 83 159 89 95 92 82 116 41 117 132 178 30 93 89 100 77 164 171 97 0 68 94 84 156 120 159 73 63 87 89 103 95 62 57 177 77 78 23 130 89 84 92 117 69 
116 57 114 30 81 78 25 90 27 28 53 66 66 27 49 83 112 47 52 29 50 9 99 110 72 68 0 31 25 102 65 93 34 42 28 30 62 26 13 62 109 62 16 45 64 26 60 29 61 39 
85 26 86 33 53 61 11 66 5 10 36 58 37 54 28 54 83 67 33 5 25 23 90 79 58 94 31 0 10 72 35 65 61 72 8 7 82 21 44 68 89 57 16 72 35 5 50 2 70 37 
94 35 89 37 55 57 1 76 5 16 32 51 40 45 38 58 93 57 29 5 25 20 98 88 53 84 25 10 0 78 40 75 58 67 3 5 82 26 39 58 99 49 8 63 45 7 44 8 74 28 
32 49 33 98 32 65 78 65 75 78 65 84 40 121 73 24 54 126 63 73 56 95 119 29 70 156 102 72 78 0 37 50 132 144 75 73 148 88 116 109 92 87 86 138 53 76 77 73 129 87 
58 19 53 65 21 46 40 60 38 43 32 57 8 83 45 20 66 90 29 36 20 58 104 52 47 120 65 35 40 37 0 51 96 106 37 35 115 54 79 78 89 58 48 100 32 39 48 36 100 51 
33 41 83 74 66 97 76 15 70 65 83 108 60 118 46 58 19 132 79 70 68 84 71 29 99 159 93 65 75 50 51 0 112 127 72 70 118 69 105 127 42 109 80 137 29 69 99 67 94 98 
140 84 147 38 113 112 58 106 58 53 87 98 98 42 66 115 131 65 86 60 83 38 95 135 106 73 34 61 58 132 96 112 0 15 60 62 32 45 22 90 116 94 49 51 86 56 94 59 44 72 
154 96 156 53 123 117 67 121 68 65 94 101 108 40 80 125 145 61 93 70 92 48 110 148 111 63 42 72 67 144 106 127 15 0 70 71 40 58 28 89 132 97 58 43 99 67 98 70 58 76 
91 32 86 38 53 56 4 74 4 16 30 51 37 48 37 55 91 59 27 2 22 22 98 85 52 87 28 8 3 75 37 72 60 70 0 2 84 27 42 59 97 49 11 66 43 7 43 7 75 29 
89 30 84 38 51 55 6 72 4 16 30 51 36 50 35 53 89 61 27 2 21 24 97 83 52 89 30 7 5 73 35 70 62 71 2 0 85 27 43 60 96 49 13 68 41 7 43 6 75 30 
149 99 168 50 135 139 82 107 81 72 114 128 119 74 76 135 135 97 112 83 106 62 80 144 134 103 62 82 82 148 115 118 32 40 84 85 0 61 54 122 110 124 75 83 97 78 122 81 27 101 
95 39 106 11 74 82 27 64 23 11 57 77 58 54 23 74 88 73 54 25 47 18 74 89 79 95 26 21 26 88 54 69 45 58 27 27 61 0 36 82 82 75 23 72 41 20 70 21 49 53 
129 70 127 35 94 90 38 101 41 40 66 76 79 23 59 97 124 46 65 42 64 21 102 123 84 62 13 44 39 116 79 105 22 28 42 43 54 36 0 68 117 72 30 38 76 39 71 43 59 49 
136 86 100 90 77 49 57 132 63 74 45 27 71 49 96 85 144 31 48 62 59 67 156 130 42 57 62 68 58 109 78 127 90 89 59 60 122 82 68 0 156 23 59 52 100 65 32 66 124 30 
69 73 125 81 106 135 100 28 94 84 116 142 97 136 61 99 43 154 113 94 101 100 39 68 135 177 109 89 99 92 89 42 116 132 97 96 110 82 117 156 0 142 101 154 58 92 133 90 83 126 
115 69 78 85 55 27 48 116 53 65 26 5 51 59 84 63 125 49 29 51 41 64 147 109 19 77 62 57 49 87 58 109 94 97 49 49 124 75 72 23 142 0 53 68 84 56 9 56 122 23 
101 42 97 32 64 64 8 80 11 17 39 56 49 38 40 67 99 52 37 12 33 12 97 95 59 78 16 16 8 86 48 80 49 58 11 13 75 23 30 59 101 53 0 56 51 11 49 14 69 30 
157 98 140 73 110 93 62 136 67 72 76 73 98 18 94 115 156 20 77 68 81 54 141 151 86 23 45 72 63 138 100 137 51 43 66 68 83 72 38 52 154 68 56 0 107 67 72 70 95 53 
54 15 80 48 53 77 47 31 41 36 58 84 41 89 20 48 48 102 55 40 43 55 72 48 77 130 64 35 45 53 32 29 86 99 43 41 97 41 76 100 58 84 51 107 0 40 75 37 76 70 
90 31 90 31 57 62 8 70 3 9 37 58 41 49 31 58 88 63 34 5 28 18 91 84 59 89 26 5 7 76 39 69 56 67 7 7 78 20 39 65 92 56 11 67 40 0 50 3 68 35 
105 60 70 81 45 20 43 107 47 59 17 8 41 61 77 53 115 55 20 45 32 60 140 99 13 84 60 50 44 77 48 99 94 98 43 43 122 70 71 32 133 9 49 72 75 50 0 50 118 21 
87 28 87 32 54 61 10 68 3 10 36 57 38 52 29 55 85 65 33 4 26 21 91 81 58 92 29 2 8 73 36 67 59 70 7 6 81 21 43 66 90 56 14 70 37 3 50 0 70 36 
127 82 153 37 121 131 75 82 71 60 106 125 105 82 56 119 110 105 103 73 96 58 53 122 127 117 61 70 74 129 100 94 44 58 75 75 27 49 59 124 83 122 69 95 76 68 118 70 0 99 
110 56 86 63 57 41 27 102 33 45 22 26 47 40 66 63 115 39 24 32 31 41 127 104 35 69 39 37 28 87 51 98 72 76 29 30 101 53 49 30 126 23 30 53 70 35 21 36 99 0 
0 0 0 0 0 0 3354 0 0 24773 34 0 55516 0 0 0 0 0 61283 0 408 1 77669 5943 0 13 0 30087 60 0 30 21 0 5 0 83594 50 0 0 0 0 0 1416 0 0 0 138 186 3551 0 
0 0 2 197 0 0 0 238 55 1 0 2 0 190 14643 7991 0 0 96 0 2 2120 0 0 0 0 0 0 1 0 345 360 0 26456 12796 20924 0 0 76842 683 0 0 24 0 0 0 0 2 0 13 
0 2 0 0 0 0 4 0 0 0 3696 0 479 0 0 13 2811 0 82111 0 25564 0 2 0 0 0 1831 0 0 27347 367 0 0 6 10955 50 0 82 0 0 0 1 1 0 0 45156 0 0 0 0 
0 197 0 0 209 0 17020 608 56 0 0 918 72569 0 0 0 15 81838 0 0 65653 0 0 0 0 0 3 497 0 1 0 0 0 4 13 1138 16 120 1257 0 28829 0 1 0 0 0 0 0 13 54 
0 0 0 209 0 1425 0 31 0 0 0 6 24 0 2626 0 0 280 0 0 0 2477 49378 0 1 0 1 7 0 0 0 0 0 8677 3 610 0 0 0 0 0 21 0 73517 119 0 17 575 0 79 
0 0 0 0 1425 0 0 0 0 67 0 0 0 0 0 582 0 14693 22585 44525 0 52 256 395 0 36 0 1 0 755 0 676 0 0 75077 5184 0 0 0 126 1 9588 0 0 47 0 483 8 665 0 
3354 0 4 17020 0 0 0 1737 4 6 1 0 0 0 0 0 23 3 17329 0 67 454 0 337 0 0 2284 6941 0 0 158 168 0 78 28997 581 2226 0 44653 75 8 0 0 2462 27441 0 0 0 199 6908 
0 238 0 608 31 0 1737 0 0 0 88 0 6505 0 96 862 0 0 421 376 96 0 2701 0 18 0 0 64650 0 40038 16 0 0 1146 0 105 0 207 0 16 39 13248 0 29734 141 4440 685 6115 0 0 
0 55 0 56 0 0 4 0 0 57 0 0 9882 0 32718 38281 5336 0 652 0 11 52 0 508 0 36 8 909 7 0 0 0 0 3576 26 22112 160 0 53 0 0 2 13220 0 0 43024 5 108 0 0 
24773 1 0 0 0 67 6 0 57 0 9803 0 72775 4 1 11564 0 3 2593 1795 289 0 2 0 0 0 0 0 38096 0 304 0 63223 0 4868 44668 37 52276 2658 169 0 6 8 0 176 0 4164 0 14726 88354 
34 0 3696 0 0 0 1 88 0 9803 0 0 54255 0 0 0 0 8 0 485 8 451 224 0 212 0 0 11913 25 0 0 0 61 36 0 26535 0 121 0 75886 0 1088 0 410 0 0 0 1 692 0 
0 2 0 918 6 0 0 0 0 0 0 0 0 0 0 5759 32 0 0 4 0 1 0 823 0 57 20845 0 20 33105 0 0 4535 0 0 8449 97 0 0 0 5 0 28550 0 51 0 0 0 0 1 
55516 0 479 72569 24 0 0 6505 9882 72775 54255 0 0 76 0 11 0 0 29060 36125 552 0 0 3254 318 0 0 4 2845 0 0 0 0 0 0 82191 164 23150 7028 0 5439 0 2 1052 0 0 13079 0 12 0 
0 190 0 0 0 0 0 0 0 4 0 0 76 0 51355 778 65 28 0 0 0 0 0 0 31 0 17304 9643 10 0 1 12513 741 0 41474 3 0 0 3017 0 0 28 413 0 0 24 0 0 26193 0 
0 14643 0 0 2626 0 0 96 32718 1 0 0 0 51355 0 0 1 47229 0 63237 0 77452 57 27333 35457 0 3005 51987 14304 13 0 13 919 3627 0 42 88348 0 0 5 0 0 3282 0 0 0 0 6753 4099 3 
0 7991 13 0 0 582 0 862 38281 11564 0 5759 11 778 0 0 1 0 0 23216 0 5 2 283 0 13 0 0 0 0 61240 3264 0 40612 0 4 0 0 0 11986 43 4 0 0 27120 0 6626 0 6734 0 
0 0 2811 15 0 0 23 0 5336 0 0 32 0 65 1 1 0 3 0 558 40 2570 2 0 166 0 792 0 0 3376 26109 1811 41 18 3670 1030 63 0 1 0 4 31536 10748 4163 2665 0 25617 2 2 20248 
0 0 0 81838 280 14693 3 0 0 3 8 0 0 28 47229 0 3 0 0 0 0 0 0 0 0 0 2615 3 0 10 9885 4 41521 0 0 30 10361 12 0 80 14706 7149 79320 0 0 0 0 43 0 51 
61283 96 82111 0 0 22585 17329 421 652 2593 0 0 29060 0 0 0 0 0 0 0 0 0 1188 136 0 0 4108 4045 0 1 0 0 0 20 18457 115 0 87098 47450 72 0 0 632 15 47936 3207 11073 0 0 919 
0 0 0 0 0 44525 0 376 0 1795 485 4 36125 0 63237 23216 558 0 0 0 3 32784 0 0 161 20303 23 11753 0 0 3 0 0 4 0 0 0 0 0 0 0 13 1 0 0 39 0 1917 7258 0 
408 2 25564 65653 0 0 67 96 11 289 8 0 552 0 0 0 40 0 0 3 0 7 3 2 0 0 564 3380 2 0 2 0 9222 0 4 0 345 4 12392 80 20 0 0 0 0 0 119 0 0 0 
1 2120 0 0 2477 52 454 0 52 0 451 1 0 0 77452 5 2570 0 0 32784 7 0 51087 2 31 0 0 0 3038 1049 0 51224 0 0 0 35560 0 1145 253 5 0 0 5 78173 231 2162 0 0 2981 0 
77669 0 2 0 49378 256 0 2701 0 2 224 0 0 0 57 2 2 0 1188 0 3 51087 0 2550 29 0 40 0 0 0 0 0 14 0 12 11362 3329 8010 0 960 0 87 0 0 28 0 849 0 76 0 
5943 0 0 0 0 395 337 0 508 0 0 823 3254 0 27333 283 0 0 136 0 2 2 2550 0 2 1 0 1 0 3811 0 181 9 0 1007 0 0 48 0 0 0 0 3910 19217 0 2 0 93 6 449 
0 0 0 0 1 0 0 18 0 0 212 0 318 31 35457 0 166 0 0 161 0 31 29 2 0 223 12 0 27 10676 45500 376 1 205 6 567 0 0 0 0 0 0 5626 29281 57956 0 1060 1 0 0 
13 0 0 0 0 36 0 0 36 0 0 57 0 0 0 13 0 0 0 20303 0 0 0 1 223 0 4 0 51448 1067 0 53 66192 0 1454 0 0 0 0 28 8 17 0 0 0 0 347 0 0 0 
0 0 1831 3 1 0 2284 0 8 0 0 20845 0 17304 3005 0 792 2615 4108 23 564 0 40 0 12 4 0 4 184 0 0 5174 2363 3922 0 395 2615 6 4768 17761 8 22358 7 49 380 8341 0 17917 302 0 
30087 0 0 497 7 1 6941 64650 909 0 11913 0 4 9643 51987 0 0 3 4045 11753 3380 0 0 1 0 0 4 0 1204 0 12618 0 0 0 0 0 0 0 0 0 0 0 0 1 0 0 0 0 8207 570 
60 1 0 0 0 0 0 0 7 38096 25 20 2845 10 14304 0 0 0 0 0 2 3038 0 0 27 51448 184 1204 0 2 0 0 0 0 0 4673 159 0 659 0 0 1 690 0 80 434 0 0 73884 10 
0 0 27347 1 0 755 0 40038 0 0 0 33105 0 0 13 0 3376 10 1 0 0 1049 0 3811 10676 1067 0 0 2 0 3 178 4 66 866 6 0 0 0 1868 0 63 11 0 4192 0 439 1 0 0 
30 345 367 0 0 0 158 16 0 304 0 0 0 1 0 61240 26109 9885 0 3 2 0 0 0 45500 0 0 12618 0 3 0 0 959 1 0 0 2 8427 0 0 0 1 0 0 21724 2 43652 0 0 0 
21 360 0 0 0 676 168 0 0 0 0 0 0 12513 13 3264 1811 4 0 0 0 51224 0 181 376 53 5174 0 0 178 0 0 242 0 132 5211 0 14 156 0 8299 0 0 0 1533 0 0 0 0 0 
0 0 0 0 0 0 0 0 0 63223 61 4535 0 741 919 0 41 41521 0 0 9222 0 14 9 1 66192 2363 0 0 4 959 242 0 0 218 0 0 16 4 3015 0 157 161 0 0 0 16761 0 0 0 
5 26456 6 4 8677 0 78 1146 3576 0 36 0 0 0 3627 40612 18 0 20 4 0 0 0 0 205 0 3922 0 0 66 1 0 0 0 0 16 5 82024 0 6 11436 0 0 0 15 0 0 3757 0 2242 
0 12796 10955 13 3 75077 28997 0 26 4868 0 0 0 41474 0 0 3670 0 18457 0 4 0 12 1007 6 1454 0 0 0 866 0 132 218 0 0 47 171 67997 0 2234 0 0 473 28 1 9 7877 0 3354 0 
83594 20924 50 1138 610 5184 581 105 22112 44668 26535 8449 82191 3 42 4 1030 30 115 0 0 35560 11362 0 567 0 395 0 4673 6 0 5211 0 16 47 0 0 0 618 12118 28 248 0 34401 0 778 15769 208 35457 0 
50 0 0 16 0 0 2226 0 160 37 0 97 164 0 88348 0 63 10361 0 0 345 0 3329 0 0 0 2615 0 159 0 2 0 0 5 171 0 0 4 0 324 0 28101 6 0 0 0 0 0 0 0 
0 0 82 120 0 0 0 207 0 52276 121 0 23150 0 0 0 0 12 87098 0 4 1145 8010 48 0 0 6 0 0 0 8427 14 16 82024 67997 0 4 0 72583 0 2894 0 0 0 0 3 0 3296 0 469 
0 76842 0 1257 0 0 44653 0 53 2658 0 0 7028 3017 0 0 1 0 47450 0 12392 253 0 0 0 0 4768 0 659 0 0 156 4 0 0 618 0 72583 0 16 0 0 0 8 25381 542 0 0 0 0 
0 683 0 0 0 126 75 16 0 169 75886 0 0 0 5 11986 0 80 72 0 80 5 960 0 0 28 17761 0 0 1868 0 0 3015 6 2234 12118 324 0 16 0 91 47 0 0 77726 0 2 0 0 0 
0 0 0 28829 0 1 8 39 0 0 0 5 5439 0 0 43 4 14706 0 0 20 0 0 0 0 8 8 0 0 0 0 8299 0 11436 0 28 0 2894 0 91 0 523 0 0 0 82417 19033 754 0 0 
0 0 1 0 21 9588 0 13248 2 6 1088 0 0 28 0 4 31536 7149 0 13 0 0 87 0 0 17 22358 0 1 63 1 0 157 0 0 248 28101 0 0 47 523 0 1344 29 6143 0 6991 0 0 42946 
1416 24 1 1 0 0 0 0 13220 8 0 28550 2 413 3282 0 10748 79320 632 1 0 5 0 3910 5626 0 7 0 690 11 0 0 161 0 473 0 6 0 0 0 0 1344 0 56224 0 5 0 0 0 0 
0 0 0 0 73517 0 2462 29734 0 0 410 0 1052 0 0 0 4163 0 15 0 0 78173 0 19217 29281 0 49 1 0 0 0 0 0 0 28 34401 0 0 8 0 0 29 56224 0 9132 0 23124 0 12 410 
0 0 0 0 119 47 27441 141 0 176 0 51 0 0 0 27120 2665 0 47936 0 0 231 28 0 57956 0 380 0 80 4192 21724 1533 0 15 1 0 0 0 25381 77726 0 6143 0 9132 0 0 12 2737 0 0 
0 0 45156 0 0 0 0 4440 43024 0 0 0 0 24 0 0 0 0 3207 39 0 2162 0 2 0 0 8341 0 434 0 2 0 0 0 9 778 0 3 542 0 82417 0 5 0 0 0 623 89854 22284 0 
138 0 0 0 17 483 0 685 5 4164 0 0 13079 0 0 6626 25617 0 11073 0 119 0 849 0 1060 347 0 0 0 439 43652 0 16761 0 7877 15769 0 0 0 2 19033 6991 0 23124 12 623 0 0 8 0 
186 2 0 0 575 8 0 6115 108 0 1 0 0 0 6753 0 2 43 0 1917 0 0 0 93 1 0 17917 0 0 1 0 0 0 3757 0 208 0 3296 0 0 754 0 0 0 2737 89854 0 0 192 4477 
3551 0 0 13 0 665 199 0 0 14726 692 0 12 26193 4099 6734 2 0 0 7258 0 2981 76 6 0 0 302 8207 73884 0 0 0 0 0 3354 35457 0 0 0 0 0 0 0 12 0 22284 8 192 0 0 
0 13 0 54 79 0 6908 0 0 88354 0 1 0 0 3 0 20248 51 919 0 0 0 0 449 0 0 0 570 10 0 0 0 0 2242 0 0 0 469 0 0 0 42946 0 410 0 0 0 4477 0 0 
0 0 195 0 1 0 0 0 0 75951 0 258 6335 0 14578 3691 23151 19 0 56755 0 0 0 0 0 670 33 20314 10 16326 1 21 0 0 0 7779 103 160 21 0 0 0 0 0 0 8 432 0 0 0 
0 0 4 1278 81098 2675 6297 0 0 0 0 0 0 9019 0 0 4 48 14 0 0 13664 2176 0 0 0 14 0 0 0 45 2584 0 5325 46731 1144 4482 83 0 3116 0 1 0 0 85211 0 98600 76 1922 27 
195 4 0 5 0 312 0 0 3 104 0 49988 140 6968 1860 0 41113 3659 26601 0 98297 0 0 0 9561 400 47086 0 10 0 5724 58788 2 90 0 95 1350 3 2555 7 4512 0 0 0 90370 0 0 0 38 235 
0 1278 5 0 15 55971 12740 33 0 4 0 0 0 0 46 16 13 0 4 0 0 59287 0 93908 210 1 0 183 830 5 0 1 156 0 1 14551 0 174 9559 0 39314 44 3 6 4 0 299 2 40 6 
1 81098 0 15 0 0 0 3 0 0 0 84 121 0 287 0 0 1728 0 255 1 0 0 0 0 629 0 0 5755 22 0 3915 0 0 0 143 0 26714 1 0 6 9 64 4276 25 0 3 7635 0 0 
0 2675 312 55971 0 0 0 1693 0 0 526 4 39748 9 0 10856 0 990 0 12106 0 0 0 0 0 0 1995 0 0 0 9377 22310 253 65069 0 0 0 2949 7 0 0 0 0 0 1 0 0 1 3754 0 
0 6297 0 12740 0 0 0 0 0 298 0 1513 0 2040 35 0 104 0 0 31 0 0 1021 0 0 0 0 0 204 7 0 0 0 2 25620 929 0 1 0 77 0 0 0 7 17229 187 0 0 0 3620 
0 0 0 33 3 1693 0 0 10 0 17 596 0 190 0 0 143 6 19 0 0 0 0 43797 0 1 0 0 0 0 1 0 0 0 25006 73 1425 0 105 0 0 0 51416 0 299 0 0 34924 0 188 
0 0 3 0 0 0 0 10 0 0 172 0 0 4 0 91681 0 78 0 0 16 1 0 3869 0 282 0 10162 0 1007 0 0 332 0 43 0 0 22385 0 0 1971 0 297 2 0 586 182 146 6654 0 
75951 0 104 4 0 0 298 0 0 0 0 6426 4734 0 27 2252 0 0 18332 0 1355 0 0 0 88686 0 2 3791 0 20 0 137 57007 0 0 0 10 0 65414 0 72672 3 8 1266 0 0 0 2 0 0 
0 0 0 0 0 526 0 17 172 0 0 289 0 0 0 41 6085 2 0 3975 0 0 1877 19 848 0 0 88765 0 0 4 0 367 0 202 0 0 365 88851 0 46 31 57 199 0 0 15742 35 0 0 
258 0 49988 0 84 4 1513 596 0 6426 289 0 0 0 0 0 17 0 274 0 482 0 0 0 23019 0 78068 5 1013 1349 0 0 20593 406 0 21588 0 0 3661 0 0 0 3579 327 0 0 0 0 0 0 
6335 0 140 0 121 39748 0 0 0 4734 0 0 0 89 21 29 16065 29678 0 0 282 863 0 0 517 3 623 0 0 37 685 1 73 0 1 0 0 8059 0 0 0 192 0 5043 526 29596 6657 5 0 9097 
0 9019 6968 0 0 9 2040 190 4 0 0 0 89 0 0 0 0 0 0 20 488 12200 0 0 5 698 0 0 1 379 0 0 0 0 0 0 1 13 0 0 0 0 10 11071 0 0 19 0 217 0 
14578 0 1860 46 287 0 35 0 0 27 0 0 21 0 0 405 0 12591 0 15719 0 0 249 820 17240 0 0 0 0 0 1 47 461 5153 28 0 0 2 0 0 52 197 49 20150 3870 73 563 0 978 0 
3691 0 0 16 0 10856 0 0 91681 2252 41 0 29 0 405 0 6 22 1 5390 0 0 0 83 0 54 0 0 0 0 546 1109 199 2716 9 0 3 2639 0 0 0 0 0 2 0 8 0 1219 0 5 
23151 4 41113 13 0 0 104 143 0 0 6085 17 16065 0 0 6 0 1 45 0 0 0 0 0 71 113 54 0 113 0 0 95731 0 0 0 0 193 2220 1 0 0 0 8870 0 71021 5466 0 0 0 71300 
19 48 3659 0 1728 990 0 6 78 0 2 0 29678 0 12591 22 1 0 0 5 115 1 0 31094 0 3618 815 0 4089 2 0 59 8838 12761 88 0 18735 0 52 0 0 96041 0 0 0 0 87 3457 72 0 
0 14 26601 4 0 0 0 19 0 18332 0 274 0 0 0 1 45 0 0 46291 0 0 0 0 312 0 391 0 3 0 0 4 0 42 0 0 0 33400 0 105 2 2 0 11 1616 2870 0 7052 175 104 
56755 0 0 0 255 12106 31 0 0 0 3975 0 0 20 15719 5390 0 5 46291 0 0 0 67238 13 0 30472 0 76725 7992 0 35 392 0 0 0 0 0 0 2 3 0 0 0 18 76 0 11007 0 629 0 
0 0 98297 0 1 0 0 0 16 1355 0 482 282 488 0 0 0 115 0 0 0 3 0 43 10243 0 0 0 0 4966 0 2 1652 0 0 0 4188 0 0 1167 0 581 4 28 0 8205 0 12874 40 5719 
0 13664 0 59287 0 0 0 0 1 0 0 0 863 12200 0 0 0 1 0 0 3 0 0 2 0 2 835 0 0 0 0 0 897 0 0 10259 519 0 37 0 0 0 2 17822 0 0 626 0 0 0 
0 2176 0 0 0 0 1021 0 0 0 1877 0 0 0 249 0 0 0 0 67238 0 0 0 0 135 3189 0 0 140 0 0 3 0 0 18 0 0 37821 0 0 0 0 1 0 30 6 1645 4749 167 4 
0 0 0 93908 0 0 0 43797 3869 0 19 0 0 0 820 83 0 31094 0 13 43 2 0 0 39 3 6 0 1 2447 3 0 109 0 23509 0 36971 1247 0 0 0 0 515 12536 7379 0 8099 0 0 0 
0 0 9561 210 0 0 0 0 0 88686 848 23019 517 5 17240 0 71 0 312 0 10243 0 135 39 0 0 0 86962 60 23754 1750 0 0 0 3 6983 0 37 0 1 60 0 0 0 0 1 641 2 93718 73739 
670 0 400 1 629 0 0 1 282 0 0 0 3 698 0 54 113 3618 0 30472 0 2 3189 3 0 0 0 0 0 107 0 2905 0 0 0 78292 397 51865 580 2088 0 0 0 8 0 1505 0 0 0 89023 
33 14 47086 0 0 1995 0 0 0 2 0 78068 623 0 0 0 54 815 391 0 0 835 0 6 0 0 0 0 34 0 3 2328 0 3462 0 369 1599 0 0 0 0 0 0 0 283 0 2 0 28 0 
20314 0 0 183 0 0 0 0 10162 3791 88765 5 0 0 0 0 0 0 0 76725 0 0 0 0 86962 0 0 0 0 0 50280 591 39001 705 0 16 10 96 1336 33404 952 11 0 0 0 0 0 0 3499 260 
10 0 10 830 5755 0 204 0 0 0 0 1013 0 1 0 0 113 4089 3 7992 0 0 140 1 60 0 34 0 0 0 0 18186 81902 12666 0 6463 58 14590 24559 0 2 19 0 0 137 0 0 6597 11801 182 
16326 0 0 5 22 0 7 0 1007 20 0 1349 37 379 0 0 0 2 0 0 4966 0 0 2447 23754 107 0 0 0 0 0 0 0 38 0 25 34597 0 12952 0 28831 0 0 0 0 0 1094 0 3384 0 
1 45 5724 0 0 9377 0 1 0 0 4 0 685 0 1 546 0 0 0 35 0 0 0 3 1750 0 3 50280 0 0 0 0 447 0 0 222 0 3581 6 2084 3619 2 0 0 0 0 0 0 78383 6104 
21 2584 58788 1 3915 22310 0 0 0 137 0 0 1 0 47 1109 95731 59 4 392 2 0 3 0 0 2905 2328 591 18186 0 0 0 0 16030 0 0 48 0 0 367 7658 124 4 0 0 0 3812 3 87618 0 
0 0 2 156 0 253 0 0 332 57007 367 20593 73 0 461 199 0 8838 0 0 1652 897 0 109 0 0 0 39001 81902 0 447 0 0 1 0 0 59 276 8 49 2332 0 0 2099 0 0 16399 42383 2 21233 
0 5325 90 0 0 65069 2 0 0 0 0 406 0 0 5153 2716 0 12761 42 0 0 0 0 0 0 0 3462 705 12666 38 0 16030 1 0 531 1 3 52314 417 0 1076 0 1 8 0 0 157 0 0 7202 
0 46731 0 1 0 0 25620 25006 43 0 202 0 1 0 28 9 0 88 0 0 0 0 18 23509 3 0 0 0 0 0 0 0 0 531 0 0 0 11444 0 239 0 0 1622 62 0 0 15426 0 8250 0 
7779 1144 95 14551 143 0 929 73 0 0 0 21588 0 0 0 0 0 0 0 0 0 10259 0 0 6983 78292 369 16 6463 25 222 0 0 1 0 0 0 0 8 0 1 965 10341 8208 0 0 0 0 616 8754 
103 4482 1350 0 0 0 0 1425 0 10 0 0 0 1 0 3 193 18735 0 0 4188 519 0 36971 0 397 1599 10 58 34597 0 48 59 3 0 0 0 0 0 0 73 29585 11 83 0 0 0 1 46182 1973 
160 83 3 174 26714 2949 1 0 22385 0 365 0 8059 13 2 2639 2220 0 33400 0 0 0 37821 1247 37 51865 0 96 14590 0 3581 0 276 52314 11444 0 0 0 10579 0 21237 0 0 0 0 0 0 11200 0 0 
21 0 2555 9559 1 7 0 105 0 65414 88851 3661 0 0 0 0 1 52 0 2 0 37 0 0 0 580 0 1336 24559 12952 6 0 8 417 0 8 0 10579 0 1 154 0 0 0 7085 0 16 0 8983 3 
0 3116 7 0 0 0 77 0 0 0 0 0 0 0 0 0 0 0 105 3 1167 0 0 0 1 2088 0 33404 0 0 2084 367 49 0 239 0 0 0 1 0 0 287 39832 0 1371 0 0 1467 2 0 
0 0 4512 39314 6 0 0 0 1971 72672 46 0 0 0 52 0 0 0 2 0 0 0 0 0 60 0 0 952 2 28831 3619 7658 2332 1076 0 1 73 21237 154 0 0 23 0 3 22786 0 6197 0 0 3 
0 1 0 44 9 0 0 0 0 3 31 0 192 0 197 0 0 96041 2 0 581 0 0 0 0 0 0 11 19 0 2 124 0 0 0 965 29585 0 0 287 23 0 54 0 0 0 32765 0 0 86691 
0 0 0 3 64 0 0 51416 297 8 57 3579 0 10 49 0 8870 0 0 0 4 2 1 515 0 0 0 0 0 0 0 4 0 1 1622 10341 11 0 0 39832 0 54 0 0 10 0 50440 509 4 0 
0 0 0 6 4276 0 7 0 2 1266 199 327 5043 11071 20150 2 0 0 11 18 28 17822 0 12536 0 8 0 0 0 0 0 0 2099 8 62 8208 83 0 0 0 3 0 0 0 5629 0 12567 338 0 0 
0 85211 90370 4 25 1 17229 299 0 0 0 0 526 0 3870 0 71021 0 1616 76 0 0 30 7379 0 0 283 0 137 0 0 0 0 0 0 0 0 0 7085 1371 22786 0 10 5629 0 1 0 0 0 3930 
8 0 0 0 0 0 187 0 586 0 0 0 29596 0 73 8 5466 0 2870 0 8205 0 6 0 1 1505 0 0 0 0 0 0 0 0 0 0 0 0 0 0 0 0 0 0 1 0 249 0 4463 29767 
432 98600 0 299 3 0 0 0 182 0 15742 0 6657 19 563 0 0 87 0 11007 0 626 1645 8099 641 0 2 0 0 1094 0 3812 16399 157 15426 0 0 0 16 0 6197 32765 50440 12567 0 249 0 8 0 462 
0 76 0 2 7635 1 0 34924 146 2 35 0 5 0 0 1219 0 3457 7052 0 12874 0 4749 0 2 0 0 0 6597 0 0 3 42383 0 0 0 1 11200 0 1467 0 0 509 338 0 0 8 0 0 0 
0 1922 38 40 0 3754 0 0 6654 0 0 0 0 217 978 0 0 72 175 629 40 0 167 0 93718 0 28 3499 11801 3384 78383 87618 2 0 8250 616 46182 0 8983 2 0 0 4 0 0 4463 0 0 0 0 
0 27 235 6 0 0 3620 188 0 0 0 0 9097 0 0 5 71300 0 104 0 5719 0 4 0 73739 89023 0 260 182 0 6104 0 21233 7202 0 8754 1973 0 3 0 3 86691 0 0 3930 29767 462 0 0 0 
