30 3
0 59 64 103 62 95 95 48 90 88 90 112 64 139 74 53 26 148 87 89 78 107 103 6 100 177 116 85 94 32 
59 0 70 49 40 62 36 46 31 30 43 69 27 80 26 37 59 91 39 30 28 48 85 53 62 119 57 26 35 49 
64 70 0 118 33 51 89 98 88 95 64 73 48 126 97 33 87 124 64 86 63 108 150 62 58 154 114 86 89 33 
103 49 118 0 85 94 38 68 34 23 68 88 69 56 28 85 93 77 65 36 58 23 68 97 90 97 30 33 37 98 
62 40 33 85 0 33 56 78 55 62 34 51 15 94 66 8 77 96 33 53 30 75 125 57 38 126 81 53 55 32 
95 62 51 94 33 0 57 107 59 71 25 22 37 82 84 42 110 75 28 57 37 76 147 91 7 104 78 61 57 65 
95 36 89 38 56 57 0 77 6 17 31 50 41 44 39 58 95 55 29 6 25 20 100 89 52 83 25 11 1 78 
48 46 98 68 78 107 77 0 71 63 90 115 69 117 41 71 27 133 86 71 75 81 55 45 108 159 90 66 76 65 
90 31 88 34 55 59 6 71 0 12 34 55 39 49 33 57 89 61 31 2 25 20 94 84 56 89 27 5 5 75 
88 30 95 23 62 71 17 63 12 0 46 67 46 53 23 63 84 69 43 14 35 19 82 82 68 95 28 10 16 78 
90 43 64 68 34 25 31 90 34 46 0 25 25 61 61 41 99 61 3 32 15 51 124 84 22 92 53 36 32 65 
112 69 73 88 51 22 50 115 55 67 25 0 49 63 86 60 123 54 29 53 40 67 148 107 15 82 66 58 51 84 
64 27 48 69 15 37 41 69 39 46 25 49 0 81 52 17 74 86 23 37 16 60 112 58 38 116 66 37 40 40 
139 80 126 56 94 82 44 117 49 53 61 63 81 0 75 99 137 23 62 50 65 36 125 133 74 41 27 54 45 121 
74 26 97 28 66 84 39 41 33 23 61 86 52 75 0 64 65 92 58 34 47 39 62 69 83 117 49 28 38 73 
53 37 33 85 8 42 58 71 57 63 41 60 17 99 64 0 69 102 39 55 34 77 120 48 46 132 83 54 58 24 
26 59 87 93 77 110 95 27 89 84 99 123 74 137 65 69 0 150 95 88 85 103 79 26 113 178 112 83 93 54 
148 91 124 77 96 75 55 133 61 69 61 54 86 23 92 102 150 0 63 62 70 55 146 142 68 30 47 67 57 126 
87 39 64 65 33 28 29 86 31 43 3 29 23 62 58 39 95 63 0 29 11 49 121 81 25 93 52 33 29 63 
89 30 86 36 53 57 6 71 2 14 32 53 37 50 34 55 88 62 29 0 23 22 95 83 54 89 29 5 5 73 
78 28 63 58 30 37 25 75 25 35 15 40 16 65 47 34 85 70 11 23 0 45 110 72 35 100 50 25 25 56 
107 48 108 23 75 76 20 81 20 19 51 67 60 36 39 77 103 55 49 22 45 0 91 101 71 77 9 23 20 95 
103 85 150 68 125 147 100 55 94 82 124 148 112 125 62 120 79 146 121 95 110 91 0 100 146 164 99 90 98 119 
6 53 62 97 57 91 89 45 84 82 84 107 58 133 69 48 26 142 81 83 72 101 100 0 95 171 110 79 88 29 
100 62 58 90 38 7 52 108 56 68 22 15 38 74 83 46 113 68 25 54 35 71 146 95 0 97 72 58 53 70 
177 119 154 97 126 104 83 159 89 95 92 82 116 41 117 132 178 30 93 89 100 77 164 171 97 0 68 94 84 156 
116 57 114 30 81 78 25 90 27 28 53 66 66 27 49 83 112 47 52 29 50 9 99 110 72 68 0 31 25 102 
85 26 86 33 53 61 11 66 5 10 36 58 37 54 28 54 83 67 33 5 25 23 90 79 58 94 31 0 10 72 
94 35 89 37 55 57 1 76 5 16 32 51 40 45 38 58 93 57 29 5 25 20 98 88 53 84 25 10 0 78 
32 49 33 98 32 65 78 65 75 78 65 84 40 121 73 24 54 126 63 73 56 95 119 29 70 156 102 72 78 0 
0 138 4 0 1 0 0 0 55 0 15773 0 16354 33984 0 0 0 44249 92 0 0 0 0 3 6941 14 0 51051 63223 0 
138 0 0 0 6 62 0 14 44243 60 0 0 0 0 101 61 0 2 0 51 0 0 0 0 17 143 0 0 0 1260 
4 0 0 1297 0 24734 64 1329 887 0 32170 2189 0 0 0 16 157 2 8113 0 117 0 4380 0 16 27 438 2340 37716 0 
0 0 1297 0 1 0 0 0 1 0 0 0 161 316 71721 11 26601 0 77933 47 12788 0 0 0 0 11972 0 0 367 3627 
1 6 0 1 0 14 0 20 726 0 0 3801 532 0 289 221 421 292 0 0 0 11 21727 8 2 0 0 59947 0 0 
0 62 24734 0 14 0 0 0 0 56 56093 605 276 198 0 0 15 0 0 0 130 0 0 0 0 0 0 13 286 1000 
0 0 64 0 0 0 0 1 66880 74601 82057 0 0 3564 0 22228 0 0 80770 0 1116 5298 0 0 52 1095 0 360 0 165 
0 14 1329 0 20 0 1 0 2940 0 0 0 1 82 0 0 0 0 0 224 993 0 0 4 5 9488 1 0 919 17 
55 44243 887 1 726 0 66880 2940 0 0 0 88969 62 0 0 3553 577 0 35779 1 1862 3048 0 0 0 0 1279 1 0 0 
0 60 0 0 0 56 74601 0 0 0 205 19870 0 0 50664 0 428 0 0 2 23 0 0 4 10926 18 70023 87 0 83532 
15773 0 32170 0 0 56093 82057 0 0 205 0 5446 4437 98795 5336 3 0 0 0 2 0 0 11477 0 0 398 0 0 14 4 
0 0 2189 0 3801 605 0 0 88969 19870 5446 0 0 13372 0 68 213 1 938 0 0 0 0 0 0 101 0 0 0 0 
16354 0 0 161 532 276 0 1 62 0 4437 0 0 0 17 71420 0 21 0 161 0 3 3 0 849 3 13476 0 1 0 
33984 0 0 316 0 198 3564 82 0 0 98795 13372 0 0 32009 0 0 0 0 367 0 0 0 4 0 1582 0 0 66192 28 
0 101 0 71721 289 0 0 0 0 50664 5336 0 17 32009 0 369 0 0 735 0 6702 20 0 6164 0 299 47 0 4 9 
0 61 16 11 221 0 22228 0 3553 0 3 68 71420 0 369 0 3 797 4174 0 0 0 0 1545 0 0 1072 0 0 18 
0 0 157 26601 421 15 0 0 577 428 0 213 0 0 0 3 0 0 0 0 78 7127 60164 98664 1 0 0 181 0 0 
44249 2 2 0 292 0 0 0 0 0 0 1 21 0 0 797 0 0 2120 0 340 0 3 3 0 0 0 1 0 36 
92 0 8113 77933 0 0 80770 0 35779 0 0 938 0 0 735 4174 0 2120 0 95 86 48852 0 0 0 0 2 1979 0 0 
0 51 0 47 0 0 0 224 1 2 2 0 161 367 0 0 0 0 95 0 15951 2 0 0 5677 0 0 11 0 1668 
0 0 117 12788 0 130 1116 993 1862 23 0 0 0 0 6702 0 78 340 86 15951 0 0 0 27 148 1349 2158 174 19 44398 
0 0 0 0 11 0 5298 0 3048 0 0 0 3 0 20 0 7127 0 48852 2 0 0 0 3724 1 10 65 0 0 0 
0 0 4380 0 21727 0 0 0 0 0 11477 0 3 0 0 0 60164 3 0 0 0 0 0 27477 0 0 0 0 0 2 
3 0 0 0 8 0 0 4 0 4 0 0 0 4 6164 1545 98664 3 0 0 27 3724 27477 0 0 7858 12618 0 0 0 
6941 17 16 0 2 0 52 5 0 10926 0 0 849 0 0 0 1 0 0 5677 148 1 0 0 0 0 812 222 0 0 
14 143 27 11972 0 0 1095 9488 0 18 398 101 3 1582 299 0 0 0 0 0 1349 10 0 7858 0 0 0 5401 3576 12796 
0 0 438 0 0 0 0 1 1279 70023 0 0 13476 0 47 1072 0 0 2 0 2158 65 0 12618 812 0 0 0 0 23650 
51051 0 2340 0 59947 13 360 0 1 87 0 0 0 0 0 0 181 1 1979 11 174 0 0 0 222 5401 0 0 0 0 
63223 0 37716 367 0 286 0 919 0 0 14 0 1 66192 4 0 0 0 0 0 19 0 0 0 0 3576 0 0 0 0 
0 1260 0 3627 0 1000 165 17 0 83532 4 0 0 28 9 18 0 36 0 1668 44398 0 2 0 0 12796 23650 0 0 0 
0 0 0 21 0 1937 1 3236 0 20 0 1845 0 0 52781 69 937 0 0 180 5 2 20 0 0 0 118 0 0 220 
0 0 462 0 0 0 9 0 0 0 31830 10118 17 2618 0 0 9 0 3540 1 4 22097 34 34726 0 0 2411 17151 92265 0 
0 462 0 0 587 0 0 0 0 12675 0 0 225 5569 7 0 0 0 0 29 0 564 0 2774 0 0 0 0 0 9 
21 0 0 0 0 2809 99381 2248 0 1569 0 196 0 0 0 0 0 62 0 0 0 14588 663 1416 4004 0 219 1 0 0 
0 0 587 0 0 0 3033 0 0 2207 2231 0 0 84439 0 0 0 0 26576 42994 10 3 0 0 0 43 583 0 91 353 
1937 0 0 2809 0 0 9 13 1185 0 0 0 0 0 23151 2289 0 1 2 1021 0 1389 322 348 8874 42 5649 0 0 0 
1 9 0 99381 3033 9 0 0 0 0 0 5 5 0 97 0 50714 11713 0 336 0 0 359 777 0 0 6 0 73 0 
3236 0 0 2248 0 13 0 0 0 119 3465 30 0 0 327 2323 135 39216 0 0 0 292 1232 0 0 0 0 26 0 0 
0 0 0 0 0 1185 0 0 0 38 125 0 0 2436 263 0 0 1 0 3 0 0 125 126 386 98 0 166 664 3606 
20 0 12675 1569 2207 0 0 119 38 0 0 0 69341 19906 0 9267 0 62 13688 0 0 162 4 0 0 0 0 0 880 0 
0 31830 0 0 2231 0 0 3465 125 0 0 0 0 0 0 0 3308 16795 18539 0 16 35 0 1014 7643 0 45 139 0 0 
1845 10118 0 196 0 0 5 30 0 0 0 0 10 0 1 0 0 0 0 43 61 9 2998 835 650 0 258 16 54 3919 
0 17 225 0 0 0 5 0 0 69341 0 10 0 31 0 0 1 0 12822 0 31094 0 0 0 0 0 0 50622 0 6962 
0 2618 5569 0 84439 0 0 0 2436 19906 0 0 31 0 0 3 71869 601 1442 0 13 996 6035 0 397 0 0 76984 0 0 
52781 0 7 0 0 23151 97 327 263 0 0 1 0 0 0 0 72 2 0 1785 0 0 16220 0 316 0 0 80644 0 0 
69 0 0 0 0 2289 0 2323 0 9267 0 0 0 3 0 0 0 0 0 67238 13 405 18 0 84 1749 0 99355 13931 0 
937 9 0 0 0 0 50714 135 0 0 3308 0 1 71869 72 0 0 10738 727 159 0 0 0 0 0 22 336 0 71 2 
0 0 0 62 0 1 11713 39216 1 62 16795 0 0 601 2 0 10738 0 0 12823 0 5 1 0 6267 7 8 0 201 0 
0 3540 0 0 26576 2 0 0 0 13688 18539 0 12822 1442 0 0 727 0 0 0 0 0 250 571 21921 1007 0 0 30296 16030 
180 1 29 0 42994 1021 336 0 3 0 0 43 0 0 1785 67238 159 12823 0 0 0 0 233 385 0 33 471 0 15585 0 
5 4 0 0 10 0 0 0 0 0 16 61 31094 13 0 13 0 0 0 0 0 297 0 0 0 0 0 0 0 0 
2 22097 564 14588 3 1389 0 292 0 162 35 9 0 996 0 405 0 5 0 0 297 0 99940 0 0 0 0 402 0 56 
20 34 0 663 0 322 359 1232 125 4 0 2998 0 6035 16220 18 0 1 250 233 0 99940 0 0 59 14376 2480 4 2 0 
0 34726 2774 1416 0 348 777 0 126 0 1014 835 0 0 0 0 0 0 571 385 0 0 0 0 1402 0 0 8787 5987 4695 
0 0 0 4004 0 8874 0 0 386 0 7643 650 0 397 316 84 0 6267 21921 0 0 0 59 1402 0 13346 0 0 9 14303 
0 0 0 0 43 42 0 0 98 0 0 0 0 0 0 1749 22 7 1007 33 0 0 14376 0 13346 0 16 0 0 0 
118 2411 0 219 583 5649 6 0 0 0 45 258 0 0 0 0 336 8 0 471 0 0 2480 0 0 16 0 4001 1020 0 
0 17151 0 1 0 0 0 26 166 0 139 16 50622 76984 80644 99355 0 0 0 0 0 402 4 8787 0 0 4001 0 406 7219 
0 92265 0 0 91 0 73 0 664 880 0 54 0 0 0 13931 71 201 30296 15585 0 0 2 5987 9 0 1020 406 0 1 
220 0 9 0 353 0 0 0 3606 0 0 3919 6962 0 0 0 2 0 16030 0 0 56 0 4695 14303 0 0 7219 1 0 
0 0 0 1 1 7 8240 2381 0 911 0 1307 0 0 6 0 55 0 0 2 7133 728 32380 0 0 0 1213 0 0 4 
0 0 1093 60 0 0 32 0 0 0 2 3492 2 29352 0 0 518 5 170 0 0 9998 107 2 1 0 196 1303 17 0 
0 1093 0 0 1860 0 4 0 0 23033 0 0 1918 7401 1 0 0 9 0 3 0 2 0 195 0 0 0 0 0 78 
1 60 0 0 0 1855 53 121 0 2 1 6363 0 0 0 0 0 1321 0 0 0 3613 9992 41599 11265 0 17485 13 0 0 
1 0 1860 0 0 0 1335 0 0 54283 20265 0 0 2 0 0 0 0 111 58058 4327 0 0 0 1 1310 17 0 4 6 
7 0 0 1855 0 0 77 1218 16 0 0 0 0 0 4092 269 10 850 19640 24509 0 89672 2 247 1 11430 561 0 0 0 
8240 32 4 53 1335 77 0 0 0 0 0 2146 185 0 9278 0 16 18 0 1034 0 0 149 47 0 0 17 0 13445 0 
2381 0 0 121 0 1218 0 0 0 93 19 62590 3 0 568 49 2686 1337 11 0 0 55 1167 0 51 0 0 14259 0 0 
0 0 0 0 0 16 0 0 0 1801 23886 0 0 3268 6 0 0 23898 0 0 0 0 0 1 3 18 0 0 11352 2936 
911 0 23033 2 54283 0 0 93 1801 0 0 0 739 10778 0 1080 0 84562 7 0 0 2674 375 0 0 0 0 0 897 0 
0 2 0 1 20265 0 0 19 23886 0 0 0 0 0 0 0 22622 2756 432 31 81 57 0 2955 116 0 34 137 0 0 
1307 3492 0 6363 0 0 2146 62590 0 0 0 0 13 0 7 0 0 0 0 2257 7 3683 20 3578 27 0 388 5108 3307 461 
0 2 1918 0 0 0 185 3 0 739 0 13 0 5 0 0 3 0 3 0 6079 0 0 1080 0 62 0 1182 1 101 
0 29352 7401 0 2 0 0 0 3268 10778 0 0 5 0 0 1330 798 0 25076 0 6 8 1129 0 444 0 125 5568 0 0 
6 0 1 0 0 4092 9278 568 6 0 0 7 0 0 0 0 14194 9281 0 9348 0 0 586 0 2119 0 0 29233 0 0 
0 0 0 0 0 269 0 49 0 1080 0 0 0 1330 0 0 0 0 0 2 17 35107 8 0 382 6479 0 30 91 0 
55 518 0 0 0 10 16 2686 0 0 22622 0 3 798 14194 0 0 23967 64058 4239 0 0 0 0 0 4431 5 0 8 1965 
0 5 9 1321 0 850 18 1337 23898 84562 2756 0 0 0 9281 0 23967 0 0 74 0 1972 0 8 10240 26355 91 0 40804 0 
0 170 0 0 111 19640 0 11 0 7 432 0 3 25076 0 0 64058 0 0 0 0 0 3322 597 210 232 0 0 766 0 
2 0 3 0 58058 24509 1034 0 0 0 31 2257 0 0 9348 2 4239 74 0 0 0 0 19890 4338 0 10 1 0 35 0 
7133 0 0 0 4327 0 0 0 0 0 81 7 6079 6 0 17 0 0 0 0 0 20 1 0 0 0 0 0 0 0 
728 9998 2 3613 0 89672 0 55 0 2674 57 3683 0 8 0 35107 0 1972 0 0 20 0 15408 0 0 0 0 5 5 195 
32380 107 0 9992 0 2 149 1167 0 375 0 20 0 1129 586 8 0 0 3322 19890 1 15408 0 0 90 29 3 127 10 0 
0 2 195 41599 0 247 47 0 1 0 2955 3578 1080 0 0 0 0 8 597 4338 0 0 0 0 25 0 0 5362 56 980 
0 1 0 11265 1 1 0 51 3 0 116 27 0 444 2119 382 0 10240 210 0 0 0 90 25 0 3671 0 0 439 50852 
0 0 0 0 1310 11430 0 0 18 0 0 0 62 0 0 6479 4431 26355 232 10 0 0 29 0 3671 0 6 0 0 0 
1213 196 0 17485 17 561 17 0 0 0 34 388 0 125 0 0 5 91 0 1 0 0 3 0 0 6 0 184 951 0 
0 1303 0 13 0 0 0 14259 0 0 137 5108 1182 5568 29233 30 0 0 0 0 0 5 127 5362 0 0 184 0 220 94 
0 17 0 0 4 0 13445 0 11352 897 0 3307 1 0 0 91 8 40804 766 35 0 5 10 56 439 0 951 220 0 67096 
4 0 78 0 6 0 0 0 2936 0 0 461 101 0 0 0 1965 0 0 0 0 195 0 980 50852 0 0 94 67096 0 
