10 2
0 46 118 40 96 98 46 64 2 33 
46 0 88 10 53 127 3 66 48 60 
118 88 0 85 53 137 85 71 120 144 
40 10 85 0 56 117 8 56 42 59 
96 53 53 56 0 154 51 82 98 112 
98 127 137 117 154 0 125 72 99 127 
46 3 85 8 51 125 0 63 48 61 
64 66 71 56 82 72 63 0 66 97 
2 48 120 42 98 99 48 66 0 32 
33 60 144 59 112 127 61 97 32 0 
0 0 0 224 0 393 3148 0 1630 0 
0 0 325 4 27 0 0 0 0 11 
0 325 0 1 0 1 72 0 74 2 
224 4 1 0 33189 21 0 0 9738 0 
0 27 0 33189 0 190 91 0 0 4 
393 0 1 21 190 0 0 36062 37812 284 
3148 0 72 0 91 0 0 2527 61 0 
0 0 0 0 0 36062 2527 0 26175 11 
1630 0 74 9738 0 37812 61 26175 0 0 
0 11 2 0 4 284 0 11 0 0 
0 0 0 3 0 1905 8511 0 4236 0 
0 0 755 1 0 0 0 0 0 11 
0 755 0 20 0 194 23 0 14 1 
3 1 20 0 16270 39 0 0 3164 0 
0 0 0 16270 0 251 627 0 0 1 
1905 0 194 39 251 0 0 1916 628 2306 
8511 0 23 0 627 0 0 7027 4917 0 
0 0 0 0 0 1916 7027 0 485 10 
4236 0 14 3164 0 628 4917 485 0 0 
0 11 1 0 1 2306 0 10 0 0 
