7 2
0 59 64 103 62 95 95 
59 0 70 49 40 62 36 
64 70 0 118 33 51 89 
103 49 118 0 85 94 38 
62 40 33 85 0 33 56 
95 62 51 94 33 0 57 
95 36 89 38 56 57 0 
0 25 24948 110 28 0 0 
25 0 8692 35898 2 3964 0 
24948 8692 0 0 0 6953 0 
110 35898 0 0 0 22042 0 
28 2 0 0 0 749 780 
0 3964 6953 22042 749 0 0 
0 0 0 0 780 0 0 
0 1 0 0 0 1667 109 
1 0 0 0 0 0 11281 
0 0 0 4434 32006 0 11 
0 0 4434 0 3 0 19 
0 0 32006 3 0 0 0 
1667 0 0 0 0 0 28 
109 11281 11 19 0 28 0 
