9 3
0 59 64 103 62 95 95 48 90 
59 0 70 49 40 62 36 46 31 
64 70 0 118 33 51 89 98 88 
103 49 118 0 85 94 38 68 34 
62 40 33 85 0 33 56 78 55 
95 62 51 94 33 0 57 107 59 
95 36 89 38 56 57 0 77 6 
48 46 98 68 78 107 77 0 71 
90 31 88 34 55 59 6 71 0 
0 0 0 0 2 3 92839 917 875 
0 0 2 1630 0 5365 6061 0 2 
0 2 0 128 1452 0 0 11 0 
0 1630 128 0 0 4194 0 3 439 
2 0 1452 0 0 0 1053 2 19283 
3 5365 0 4194 0 0 0 6687 1052 
92839 6061 0 0 1053 0 0 0 0 
917 0 11 3 2 6687 0 0 12 
875 2 0 439 19283 1052 0 12 0 
0 0 0 0 0 1 10831 855 197 
0 0 10 780 0 6066 4042 0 2 
0 10 0 63 773 0 0 71 0 
0 780 63 0 0 46078 2 0 4 
0 0 773 0 0 0 7934 0 467 
1 6066 0 46078 0 0 0 1083 3697 
10831 4042 0 2 7934 0 0 1 0 
855 0 71 0 0 1083 1 0 3 
197 2 0 4 467 3697 0 3 0 
0 0 1 0 1373 43 51368 206 210 
0 0 0 4440 0 2215 38597 0 8 
1 0 0 255 40221 0 0 68 0 
0 4440 255 0 0 133 1 2 1618 
1373 0 40221 0 0 0 52 7 30232 
43 2215 0 133 0 0 2 104 25 
51368 38597 0 1 52 2 0 0 0 
206 0 68 2 7 104 0 0 6 
210 8 0 1618 30232 25 0 6 0 
