20 3
0 46 118 40 96 98 46 64 2 33 36 47 55 9 108 78 35 54 61 95 
46 0 88 10 53 127 3 66 48 60 37 19 78 48 107 43 36 50 104 90 
118 88 0 85 53 137 85 71 120 144 83 106 102 125 70 117 84 138 148 59 
40 10 85 0 56 117 8 56 42 59 26 26 68 43 98 54 26 55 95 82 
96 53 53 56 0 154 51 82 98 112 71 66 108 100 106 67 71 96 146 90 
98 127 137 117 154 0 125 72 99 127 90 138 49 106 75 170 91 153 52 79 
46 3 85 8 51 125 0 63 48 61 34 22 76 49 104 46 34 53 103 87 
64 66 71 56 82 72 63 0 66 97 32 83 30 73 44 110 33 107 76 31 
2 48 120 42 98 99 48 66 0 32 38 48 56 7 110 78 37 54 61 97 
33 60 144 59 112 127 61 97 32 0 67 48 88 24 142 71 66 34 83 128 
36 37 83 26 71 90 34 32 38 67 0 51 41 44 77 80 1 75 74 61 
47 19 106 26 66 138 22 83 48 48 51 0 90 45 125 31 50 31 108 109 
55 78 102 68 108 49 76 30 56 88 41 90 0 63 62 121 41 107 46 54 
9 48 125 43 100 106 49 73 7 24 44 45 63 0 117 75 43 47 66 104 
108 107 70 98 106 75 104 44 110 142 77 125 62 117 0 149 78 152 105 17 
78 43 117 54 67 170 46 110 78 71 80 31 121 75 149 0 80 40 140 132 
35 36 84 26 71 91 34 33 37 66 1 50 41 43 78 80 0 74 74 62 
54 50 138 55 96 153 53 107 54 34 75 31 107 47 152 40 74 0 113 136 
61 104 148 95 146 52 103 76 61 83 74 108 46 66 105 140 74 113 0 100 
95 90 59 82 90 79 87 31 97 128 61 109 54 104 17 132 62 136 100 0 
0 0 0 55 5946 0 0 0 177 37 0 0 0 0 0 0 650 0 0 0 
0 0 2 0 0 8 15575 18 0 0 277 0 169 0 0 0 5864 7 16 384 
0 2 0 301 124 0 0 88533 0 28 3 12 10 2679 1 540 0 16 5092 0 
55 0 301 0 85258 0 0 5186 739 1091 21 0 0 0 0 0 3 1 0 14795 
5946 0 124 85258 0 434 49 50584 0 0 548 0 1041 9 2998 18 0 0 3 0 
0 8 0 0 434 0 0 0 1 0 1 0 0 1270 7929 0 8 0 1243 0 
0 15575 0 0 49 0 0 61 20984 0 0 0 0 1 0 11339 0 20 838 0 
0 18 88533 5186 50584 0 61 0 0 4 5880 0 19 1610 0 5 0 0 0 0 
177 0 0 739 0 1 20984 0 0 0 0 0 2833 0 0 1727 2 0 98636 6251 
37 0 28 1091 0 0 0 4 0 0 14205 0 310 0 0 0 3050 0 52 3 
0 277 3 21 548 1 0 5880 0 14205 0 0 0 0 16543 0 67106 0 68804 2581 
0 0 12 0 0 0 0 0 0 0 0 0 0 118 2623 9577 0 0 24 33 
0 169 10 0 1041 0 0 19 2833 310 0 0 0 4 753 0 3211 0 58923 11438 
0 0 2679 0 9 1270 1 1610 0 0 0 118 4 0 2878 0 2 8 0 0 
0 0 1 0 2998 7929 0 0 0 0 16543 2623 753 2878 0 45463 6540 0 2 47 
0 0 540 0 18 0 11339 5 1727 0 0 9577 0 0 45463 0 0 101 12 74 
650 5864 0 3 0 8 0 0 2 3050 67106 0 3211 2 6540 0 0 0 89012 34894 
0 7 16 1 0 0 20 0 0 0 0 0 0 8 0 101 0 0 0 2 
0 16 5092 0 3 1243 838 0 98636 52 68804 24 58923 0 2 12 89012 0 0 0 
0 384 0 14795 0 0 0 0 6251 3 2581 33 11438 0 47 74 34894 2 0 0 
0 6 458 15616 17364 0 88 0 0 21116 18258 581 5254 70264 0 17401 0 0 0 336 
6 0 0 4538 3148 0 0 0 0 8534 0 0 0 12479 143 0 17 41 0 266 
458 0 0 0 43 0 8081 2 0 1 0 22500 129 0 0 1 23 191 0 0 
15616 4538 0 0 228 2527 3686 0 22808 0 76 1 0 144 0 0 0 0 209 19433 
17364 3148 43 228 0 0 56405 8 0 10 18140 0 0 254 0 0 2869 0 5 11558 
0 0 0 2527 0 0 0 11 0 394 0 7467 0 2882 40133 104 86 17 0 0 
88 0 8081 3686 56405 0 0 0 3492 8434 316 0 0 0 66589 45601 0 1 196 0 
0 0 2 0 8 11 0 0 0 649 0 0 0 33749 0 259 0 0 0 0 
0 0 0 22808 0 0 3492 0 0 0 439 131 0 0 2296 0 9035 707 4216 15 
21116 8534 1 0 10 394 8434 649 0 0 0 0 14 0 82 40250 0 4650 0 45 
18258 0 0 76 18140 0 316 0 439 0 0 0 0 0 100 0 0 1560 0 0 
581 0 22500 1 0 7467 0 0 131 0 0 0 0 0 212 489 20232 26066 2192 2021 
5254 0 129 0 0 0 0 0 0 14 0 0 0 0 0 3 0 2 2 0 
70264 12479 0 144 254 2882 0 33749 0 0 0 0 0 0 0 223 166 0 0 1436 
0 143 0 0 0 40133 66589 0 2296 82 100 212 0 0 0 0 2617 0 0 0 
17401 0 1 0 0 104 45601 259 0 40250 0 489 3 223 0 0 0 5123 0 23391 
0 17 23 0 2869 86 0 0 9035 0 0 20232 0 166 2617 0 0 14070 0 0 
0 41 191 0 0 17 1 0 707 4650 1560 26066 2 0 0 5123 14070 0 0 239 
0 0 0 209 5 0 196 0 4216 0 0 2192 2 0 0 0 0 0 0 41841 
336 266 0 19433 11558 0 0 0 15 45 0 2021 0 1436 0 23391 0 239 41841 0 
0 1 0 24364 0 336 0 0 6031 0 42343 0 0 0 0 0 0 1103 23297 6846 
1 0 0 4 28 0 0 0 0 0 17663 92059 0 0 2 0 0 0 52 5988 
0 0 0 44928 0 0 61 11060 497 22 0 0 4661 2132 0 11578 0 303 296 1548 
24364 4 44928 0 0 51087 26175 134 1 102 0 0 3798 154 0 8 19 7964 0 0 
0 28 0 0 0 24 52 10 0 8 0 0 46 0 11167 0 1 40 0 511 
336 0 0 51087 24 0 0 13 0 15 4 0 8289 11661 1559 87 16311 1 0 0 
0 0 61 26175 52 0 0 0 36 998 30 0 14702 0 429 422 43775 8 14 902 
0 0 11060 134 10 13 0 0 5370 7 244 0 19 6283 56 4576 0 0 19267 34 
6031 0 497 1 0 0 36 5370 0 352 34 0 71 0 39789 0 0 19 137 0 
0 0 22 102 8 15 998 7 352 0 15112 33571 37 63 0 793 4130 1695 3606 486 
42343 17663 0 0 0 4 30 244 34 15112 0 6 2796 0 775 0 3 0 0 0 
0 92059 0 0 0 0 0 0 0 33571 6 0 0 3 492 0 179 18 0 10413 
0 0 4661 3798 46 8289 14702 19 71 37 2796 0 0 0 7831 0 0 0 0 0 
0 0 2132 154 0 11661 0 6283 0 63 0 3 0 0 0 0 9 0 1216 0 
0 2 0 0 11167 1559 429 56 39789 0 775 492 7831 0 0 0 0 0 0 6093 
0 0 11578 8 0 87 422 4576 0 793 0 0 0 0 0 0 0 0 5373 6 
0 0 0 19 1 16311 43775 0 0 4130 3 179 0 9 0 0 0 12364 17295 7379 
1103 0 303 7964 40 1 8 0 19 1695 0 18 0 0 0 0 12364 0 0 0 
23297 52 296 0 0 0 14 19267 137 3606 0 0 0 1216 0 5373 17295 0 0 1 
6846 5988 1548 0 511 0 902 34 0 486 0 10413 0 0 6093 6 7379 0 1 0 
