40 4
0 123 17 72 89 90 77 84 122 70 141 118 117 117 58 85 94 145 69 99 137 99 30 139 114 56 50 94 70 158 148 87 53 161 64 94 106 62 87 81 
123 0 116 51 121 48 96 115 59 63 25 47 40 16 64 39 31 87 58 23 83 33 103 24 65 67 92 40 53 45 35 36 95 46 119 29 43 89 107 43 
17 116 0 64 101 90 86 66 108 71 133 119 117 113 52 81 90 150 68 93 122 97 14 135 118 53 57 84 66 154 139 82 62 151 46 88 94 69 69 78 
72 51 64 0 97 39 71 77 62 33 69 64 60 49 13 21 29 104 24 28 84 38 52 71 72 21 53 26 13 91 77 19 58 89 74 23 41 56 72 18 
89 121 101 97 0 73 26 158 158 64 146 84 88 106 88 88 93 82 73 107 181 88 104 121 67 78 49 121 84 131 156 94 43 167 143 101 136 41 157 86 
90 48 90 39 73 0 47 116 91 20 73 28 27 34 42 20 20 64 22 35 115 15 82 53 32 38 48 55 28 69 83 26 49 95 111 30 68 42 111 21 
77 96 86 71 26 47 0 136 132 38 121 63 66 81 63 62 67 73 47 81 155 62 85 98 49 54 29 95 58 110 130 68 24 142 124 75 110 17 134 60 
84 115 66 77 158 116 136 0 73 105 118 141 136 120 76 98 104 181 98 96 73 114 56 139 149 84 109 75 89 160 120 94 114 129 22 95 74 118 9 96 
122 59 108 62 158 91 132 73 0 94 51 103 96 73 74 71 70 145 85 56 25 79 93 83 118 83 115 37 74 101 50 65 120 57 87 60 22 118 63 72 
70 63 71 33 64 20 38 105 94 0 87 48 47 52 29 25 32 79 8 44 117 32 64 72 47 21 28 56 20 89 96 31 31 108 97 38 71 26 102 23 
141 25 133 69 146 73 121 118 51 87 0 70 64 41 83 62 55 108 81 43 71 58 119 37 89 88 115 49 74 52 10 57 118 21 127 50 44 113 110 65 
118 47 119 64 84 28 63 141 103 48 70 0 6 30 70 43 37 42 50 48 128 26 110 38 19 66 73 72 55 47 80 46 73 90 138 47 82 64 135 45 
117 40 117 60 88 27 66 136 96 47 64 6 0 24 67 39 32 48 48 42 121 22 108 32 25 64 74 66 52 44 73 42 75 83 134 41 76 66 130 42 
117 16 113 49 106 34 81 120 73 52 41 30 24 0 60 31 22 72 48 24 98 19 101 21 48 61 81 46 46 42 51 31 83 62 122 26 54 76 113 35 
58 64 52 13 88 42 63 76 74 29 83 70 67 60 0 29 38 107 21 41 95 45 41 82 74 9 41 39 15 102 90 29 47 103 69 35 53 47 72 25 
85 39 81 21 88 20 62 98 71 25 62 43 39 31 29 0 9 83 18 19 96 17 70 53 51 29 52 34 14 73 71 6 56 83 95 13 49 51 92 3 
94 31 90 29 93 20 67 104 70 32 55 37 32 22 38 9 0 79 27 14 95 10 79 44 48 38 60 36 24 64 64 10 64 76 103 10 48 58 98 13 
145 87 150 104 82 64 73 181 145 79 108 42 48 72 107 83 79 0 85 91 170 68 144 71 32 101 95 114 92 67 117 88 93 125 176 89 125 84 176 85 
69 58 68 24 73 22 47 98 85 8 81 50 48 48 21 18 27 85 0 37 108 30 60 70 52 16 34 48 11 88 90 23 38 102 91 31 63 34 94 15 
99 23 93 28 107 35 81 96 56 44 43 48 42 24 41 19 14 91 37 0 81 23 80 43 62 45 71 23 30 64 52 13 75 65 98 6 34 70 89 21 
137 83 122 84 181 115 155 73 25 117 71 128 121 98 95 96 95 170 108 81 0 104 107 106 143 104 136 61 97 123 67 89 142 71 92 85 47 141 64 96 
99 33 97 38 88 15 62 114 79 32 58 26 22 19 45 17 10 68 30 23 104 0 87 40 38 44 61 46 30 58 68 19 63 79 112 20 58 56 108 20 
30 103 14 52 104 82 85 56 93 64 119 110 108 101 41 70 79 144 60 80 107 87 0 123 111 44 56 70 56 143 125 70 61 137 39 76 80 68 58 67 
139 24 135 71 121 53 98 139 83 72 37 38 32 21 82 53 44 71 70 43 106 40 123 0 57 83 101 64 68 21 46 52 103 54 142 47 68 95 131 57 
114 65 118 72 67 32 49 149 118 47 89 19 25 48 74 51 48 32 52 62 143 38 111 57 0 68 66 84 60 63 99 57 65 109 143 59 97 55 144 53 
56 67 53 21 78 38 54 84 83 21 88 66 64 61 9 29 38 101 16 45 104 44 44 83 68 0 32 47 14 102 96 31 37 109 75 39 62 37 81 25 
50 92 57 53 49 48 29 109 115 28 115 73 74 81 41 52 60 95 34 71 136 61 56 101 66 32 0 79 42 117 124 57 5 136 95 65 94 12 107 49 
94 40 84 26 121 55 95 75 37 56 49 72 66 46 39 34 36 114 48 23 61 46 70 64 84 47 79 0 37 85 55 28 84 67 79 25 15 81 67 35 
70 53 66 13 84 28 58 89 74 20 74 55 52 46 15 14 24 92 11 30 97 30 56 68 60 14 42 37 0 88 82 17 47 95 83 24 52 44 84 11 
158 45 154 91 131 69 110 160 101 89 52 47 44 42 102 73 64 67 88 64 123 58 143 21 63 102 117 85 88 0 58 73 118 62 163 68 88 110 152 76 
148 35 139 77 156 83 130 120 50 96 10 80 73 51 90 71 64 117 90 52 67 68 125 46 99 96 124 55 82 58 0 66 128 12 130 58 47 122 111 74 
87 36 82 19 94 26 68 94 65 31 57 46 42 31 29 6 10 88 23 13 89 19 70 52 57 31 57 28 17 73 66 0 61 78 93 7 42 57 88 8 
53 95 62 58 43 49 24 114 120 31 118 73 75 83 47 56 64 93 38 75 142 63 61 103 65 37 5 84 47 118 128 61 0 140 100 69 99 9 113 53 
161 46 151 89 167 95 142 129 57 108 21 90 83 62 103 83 76 125 102 65 71 79 137 54 109 109 136 67 95 62 12 78 140 0 141 71 58 134 120 86 
64 119 46 74 143 111 124 22 87 97 127 138 134 122 69 95 103 176 91 98 92 112 39 142 143 75 95 79 83 163 130 93 100 141 0 96 82 106 28 92 
94 29 88 23 101 30 75 95 60 38 50 47 41 26 35 13 10 89 31 6 85 20 76 47 59 39 65 25 24 68 58 7 69 71 96 0 38 64 89 15 
106 43 94 41 136 68 110 74 22 71 44 82 76 54 53 49 48 125 63 34 47 58 80 68 97 62 94 15 52 88 47 42 99 58 82 38 0 96 65 49 
62 89 69 56 41 42 17 118 118 26 113 64 66 76 47 51 58 84 34 70 141 56 68 95 55 37 12 81 44 110 122 57 9 134 106 64 96 0 116 49 
87 107 69 72 157 111 134 9 63 102 110 135 130 113 72 92 98 176 94 89 64 108 58 131 144 81 107 67 84 152 111 88 113 120 28 89 65 116 0 90 
81 43 78 18 86 21 60 96 72 23 65 45 42 35 25 3 13 85 15 21 96 20 67 57 53 25 49 35 11 76 74 8 53 86 92 15 49 49 90 0 
0 10 137 0 0 0 7478 29628 340 0 641 0 0 0 0 76757 1608 1389 1813 35 57671 797 0 0 0 2 0 55 0 45730 1 5414 0 53845 0 18018 260 12 0 0 
10 0 0 0 0 23 15 0 185 0 1 0 0 8 87 6683 24785 0 58 479 17939 347 62 0 7713 1 0 0 0 90 163 7 7412 0 20109 27 10 9 47 1 
137 0 0 0 15 363 1 0 0 61 0 0 1 123 0 0 5743 5 0 0 0 433 0 1 12438 547 0 941 1 835 0 860 1 11230 12 2 0 1 0 6018 
0 0 0 0 0 23110 603 0 43 3 70 0 503 0 1173 0 0 0 2 0 3 443 0 2 0 109 17780 92967 0 31 65507 26440 0 1 1 0 0 8859 20209 2653 
0 0 15 0 0 0 0 0 0 41 2229 5284 570 78 0 4393 0 0 1 238 9086 0 73 0 0 161 0 0 0 33 0 0 2 0 0 0 0 0 0 1 
0 23 363 23110 0 0 0 568 689 77537 25525 2448 21 1447 0 0 243 365 3152 0 5 0 790 43856 0 284 706 2262 7 30489 0 64 55562 43592 14 20997 147 42369 718 0 
7478 15 1 603 0 0 0 0 3 174 10 960 0 0 1 1290 2794 592 307 2526 0 1819 18 34 2 0 0 0 0 326 0 4 1 118 124 0 487 0 61046 0 
29628 0 0 0 0 568 0 0 210 0 0 6059 0 1874 5 0 0 0 0 0 0 34817 12950 93 30835 44917 2 1190 12 0 0 0 80 18488 2 1590 154 48 8473 0 
340 185 0 43 0 689 3 210 0 0 1201 162 0 46855 785 0 19842 0 0 0 130 0 0 0 24 1 0 5901 93 262 47050 0 272 1030 12375 0 49724 164 0 0 
0 0 61 3 41 77537 174 0 0 0 0 0 0 0 0 23578 0 0 0 11 6 792 14435 0 0 253 1 0 1074 0 36635 56 0 7 0 277 0 0 0 187 
641 1 0 70 2229 25525 10 0 1201 0 0 1593 1 226 0 1 0 0 0 0 0 0 2 0 1 30 0 4497 63780 0 2799 0 17986 318 27619 54870 55 1 0 0 
0 0 0 0 5284 2448 960 6059 162 0 1593 0 9636 0 62 0 69 0 0 11 40123 0 0 0 0 3 0 0 413 40766 0 0 32 1031 0 0 44984 0 0 0 
0 0 1 503 570 21 0 0 0 0 1 9636 0 520 28349 0 37 1 0 0 8709 0 0 0 141 0 2569 0 0 0 0 23 28836 0 1 0 0 15995 40972 0 
0 8 123 0 78 1447 0 1874 46855 0 226 0 520 0 0 7706 202 0 0 1 0 33572 7 0 5 0 486 0 1505 0 173 12372 88469 0 1 437 0 783 0 267 
0 87 0 1173 0 0 1 5 785 0 0 62 28349 0 0 196 0 1278 94235 0 0 2 0 11 1179 20 0 1898 0 40 2 0 600 0 43 0 3171 753 0 11 
76757 6683 0 0 4393 0 1290 0 0 23578 1 0 0 7706 196 0 0 0 0 1 0 0 2 0 222 0 6 0 54 33 0 5329 4 0 0 0 732 0 0 2183 
1608 24785 5743 0 0 243 2794 0 19842 0 0 69 37 202 0 0 0 0 0 346 645 12227 5 0 0 0 7051 0 0 0 0 3345 5 0 28581 960 0 0 0 0 
1389 0 5 0 0 365 592 0 0 0 0 0 1 0 1278 0 0 0 207 0 0 497 0 0 0 0 0 1830 0 19 897 10525 0 1425 0 0 6091 13085 11 545 
1813 58 0 2 1 3152 307 0 0 0 0 0 0 0 94235 0 0 207 0 12286 2 30 0 0 4393 30554 254 0 0 0 100 0 0 0 0 0 0 1174 0 108 
35 479 0 0 238 0 2526 0 0 11 0 11 0 1 0 1 346 0 12286 0 11 341 32742 0 0 2366 462 2002 0 6 0 0 15 0 5298 0 0 1 0 0 
57671 17939 0 3 9086 5 0 0 130 6 0 40123 8709 0 0 0 645 0 2 11 0 0 0 0 410 2081 28 0 0 36 4 0 96610 0 0 0 1 0 0 0 
797 347 433 443 0 0 1819 34817 0 792 0 0 0 33572 2 0 12227 497 30 341 0 0 0 4990 6187 0 2125 1 0 18 137 7 82 86 12938 0 0 0 331 3052 
0 62 0 0 73 790 18 12950 0 14435 2 0 0 7 0 2 5 0 0 32742 0 0 0 0 6394 10427 2267 9725 1319 0 8161 0 0 1107 0 8 11 38402 0 0 
0 0 1 2 0 43856 34 93 0 0 0 0 0 0 11 0 0 0 0 0 0 4990 0 0 0 38677 24287 0 2755 0 0 174 0 7 4 4331 0 0 591 0 
0 7713 12438 0 0 0 2 30835 24 0 1 0 141 5 1179 222 0 0 4393 0 410 6187 6394 0 0 89550 30 6 0 1036 17 0 1954 0 44244 19822 0 0 3 32739 
2 1 547 109 161 284 0 44917 1 253 30 3 0 0 20 0 0 0 30554 2366 2081 0 10427 38677 89550 0 0 6 0 0 1124 42 1 0 72 0 4216 46019 1135 554 
0 0 0 17780 0 706 0 2 0 1 0 0 2569 486 0 6 7051 0 254 462 28 2125 2267 24287 30 0 0 0 15 33 0 4 1 0 0 0 19709 1232 0 3 
55 0 941 92967 0 2262 0 1190 5901 0 4497 0 0 0 1898 0 0 1830 0 2002 0 1 9725 0 6 6 0 0 0 21922 1 0 0 105 0 27608 42 5 7 0 
0 0 1 0 0 7 0 12 93 1074 63780 413 0 1505 0 54 0 0 0 0 0 0 1319 2755 0 0 15 0 0 10349 0 34 5523 811 16 1 0 0 0 0 
45730 90 835 31 33 30489 326 0 262 0 0 40766 0 0 40 33 0 19 0 6 36 18 0 0 1036 0 33 21922 10349 0 0 0 0 0 0 0 2091 451 69599 0 
1 163 0 65507 0 0 0 0 47050 36635 2799 0 0 173 2 0 0 897 100 0 4 137 8161 0 17 1124 0 1 0 0 0 21 0 0 21931 4042 21268 0 12400 1 
5414 7 860 26440 0 64 4 0 0 56 0 0 23 12372 0 5329 3345 10525 0 0 0 7 0 174 0 42 4 0 34 0 21 0 0 0 721 62 5 0 0 851 
0 7412 1 0 2 55562 1 80 272 0 17986 32 28836 88469 600 4 5 0 0 15 96610 82 0 0 1954 1 1 0 5523 0 0 0 0 43194 0 7 0 2986 6688 0 
53845 0 11230 1 0 43592 118 18488 1030 7 318 1031 0 0 0 0 0 1425 0 0 0 86 1107 7 0 0 0 105 811 0 0 0 43194 0 16 5699 515 0 15162 0 
0 20109 12 1 0 14 124 2 12375 0 27619 0 1 1 43 0 28581 0 0 5298 0 12938 0 4 44244 72 0 0 16 0 21931 721 0 16 0 0 0 43 1891 2 
18018 27 2 0 0 20997 0 1590 0 277 54870 0 0 437 0 0 960 0 0 0 0 0 8 4331 19822 0 0 27608 1 0 4042 62 7 5699 0 0 0 2 39 0 
260 10 0 0 0 147 487 154 49724 0 55 44984 0 0 3171 732 0 6091 0 0 1 0 11 0 0 4216 19709 42 0 2091 21268 5 0 515 0 0 0 41585 118 18116 
12 9 1 8859 0 42369 0 48 164 0 1 0 15995 783 753 0 0 13085 1174 1 0 0 38402 0 0 46019 1232 5 0 451 0 0 2986 0 43 2 41585 0 0 0 
0 47 0 20209 0 718 61046 8473 0 0 0 0 40972 0 0 0 0 11 0 0 0 331 0 591 3 1135 0 7 0 69599 12400 0 6688 15162 1891 39 118 0 0 0 
0 1 6018 2653 1 0 0 0 0 187 0 0 0 267 11 2183 0 545 108 0 0 3052 0 0 32739 554 3 0 0 0 1 851 0 0 2 0 18116 0 0 0 
0 14 0 665 23046 6975 0 0 0 12701 0 4 6 4 22 0 0 0 0 0 0 0 44 56 140 0 5219 0 271 0 1 0 888 0 21851 0 0 0 0 5 
14 0 47627 2 26 0 0 1043 0 26 0 102 8 0 0 0 0 822 0 0 0 0 0 5076 0 0 2402 5121 14222 0 0 0 0 74 0 0 0 0 0 2 
0 47627 0 719 0 0 7 6 203 23 343 3361 0 0 6 848 0 3 35480 1070 9 0 27282 1 0 0 95821 0 14 0 78175 0 0 0 0 2 547 2 1484 0 
665 2 719 0 263 0 0 418 0 0 0 8012 0 2935 0 0 18 2531 2 3 0 0 235 0 20 0 0 0 11239 0 0 0 14 0 0 4641 15 0 0 0 
23046 26 0 263 0 6722 67 23 0 0 0 0 0 0 36 0 2737 3655 52 0 0 113 0 45 6 0 823 176 8121 0 0 2 0 89 197 586 2 2 1 0 
6975 0 0 0 6722 0 887 0 0 0 0 0 0 0 3570 211 0 0 0 2151 12 4 0 0 47190 0 0 0 1 0 2896 0 0 0 2 0 0 0 0 17024 
0 0 7 0 67 887 0 272 0 0 0 0 7208 5 2 0 0 0 0 0 5930 0 0 0 0 80 44 1393 5267 0 1 2 0 0 0 2011 0 148 0 4 
0 1043 6 418 23 0 272 0 0 8352 599 0 51 0 0 171 5912 116 32752 0 53682 0 0 0 0 0 16 0 0 9 31 86693 0 0 29 0 0 0 0 0 
0 0 203 0 0 0 0 0 0 0 0 0 26 0 0 23455 0 558 10362 10 0 165 0 721 0 0 0 0 0 0 0 0 0 0 0 2352 0 0 9937 8903 
12701 26 23 0 0 0 0 8352 0 0 157 2 80 736 0 0 1965 491 1 0 245 0 0 5604 0 0 0 4 0 0 0 0 291 0 9116 0 123 123 216 0 
0 0 343 0 0 0 0 599 0 157 0 0 0 7 1813 0 10876 183 90 92590 7 4739 0 4564 60 0 34297 0 0 73527 0 496 0 0 0 0 0 0 2 30738 
4 102 3361 8012 0 0 0 0 0 2 0 0 0 232 1 23981 0 1 2982 0 0 1430 15 0 1 0 102 0 0 0 651 8126 0 0 118 0 0 390 8582 164 
6 8 0 0 0 0 7208 51 26 80 0 0 0 0 0 4608 0 4 202 12206 0 80493 1 164 0 3 0 26 541 1 102 0 0 274 0 57 17347 0 0 0 
4 0 0 2935 0 0 5 0 0 736 7 232 0 0 20442 0 0 1 3 0 24 0 0 5853 0 28 0 45 0 654 0 0 0 22822 0 0 8204 0 1011 0 
22 0 6 0 36 3570 2 0 0 0 1813 1 0 20442 0 0 6894 0 0 18676 25150 0 892 0 0 0 5916 0 110 0 3 27637 0 0 0 4973 0 0 43737 0 
0 0 848 0 0 211 0 171 23455 0 0 23981 4608 0 0 0 10536 7 640 5 120 637 0 24284 0 4 0 3 0 0 9036 0 0 16214 1 1067 0 529 8359 0 
0 0 0 18 2737 0 0 5912 0 1965 10876 0 0 0 6894 10536 0 422 3062 0 0 0 0 0 26772 7113 0 11 36 0 6 0 0 42 0 0 14063 7 21 284 
0 822 3 2531 3655 0 0 116 558 491 183 1 4 1 0 7 422 0 0 481 37 0 8986 0 1 460 23463 0 4698 0 0 0 42125 0 16 1081 0 0 1 0 
0 0 35480 2 52 0 0 32752 10362 1 90 2982 202 3 0 640 3062 0 0 0 0 0 9 15 0 0 0 1097 501 2 0 858 17765 0 627 4074 6 0 36760 0 
0 0 1070 3 0 2151 0 0 10 0 92590 0 12206 0 18676 5 0 481 0 0 0 0 0 2 21 0 0 0 1 0 63545 1879 0 7 0 12 6375 8 95 29812 
0 0 9 0 0 12 5930 53682 0 245 7 0 0 24 25150 120 0 37 0 0 0 1980 2677 2378 0 0 0 0 15249 0 0 249 0 29200 51589 9 0 23907 5 31 
0 0 0 0 113 4 0 0 165 0 4739 1430 80493 0 0 637 0 0 0 0 1980 0 3751 0 0 37402 0 2 104 0 0 0 0 0 0 5 6978 15 0 0 
44 0 27282 235 0 0 0 0 0 0 0 15 1 0 892 0 0 8986 9 0 2677 3751 0 2301 0 0 0 0 0 6 0 28870 72753 0 125 0 28 0 45 0 
56 5076 1 0 45 0 0 0 721 5604 4564 0 164 5853 0 24284 0 0 15 2 2378 0 2301 0 14 0 0 1 0 3 7 0 2232 0 0 0 19090 2298 0 36670 
140 0 0 20 6 47190 0 0 0 0 60 1 0 0 0 0 26772 1 0 21 0 0 0 14 0 0 0 0 20236 0 0 54 0 4107 0 0 3275 46 0 0 
0 0 0 0 0 0 80 0 0 0 0 0 3 28 0 4 7113 460 0 0 0 37402 0 0 0 0 5418 0 0 9 0 0 0 1539 0 13337 0 0 0 0 
5219 2402 95821 0 823 0 44 16 0 0 34297 102 0 0 5916 0 0 23463 0 0 0 0 0 0 0 5418 0 1 0 0 2364 20 1 10 2051 1765 0 0 25380 0 
0 5121 0 0 176 0 1393 0 0 4 0 0 26 45 0 3 11 0 1097 0 0 2 0 1 0 0 1 0 15 0 142 14340 187 0 15 0 0 0 0 5 
271 14222 14 11239 8121 1 5267 0 0 0 0 0 541 0 110 0 36 4698 501 1 15249 104 0 0 20236 0 0 15 0 0 200 0 0 0 0 1 3 54401 6 15961 
0 0 0 0 0 0 0 9 0 0 73527 0 1 654 0 0 0 0 2 0 0 0 6 3 0 9 0 0 0 0 2 34 1 46 668 1 0 0 0 3590 
1 0 78175 0 0 2896 1 31 0 0 0 651 102 0 3 9036 6 0 0 63545 0 0 0 7 0 0 2364 142 200 2 0 0 10485 559 0 0 0 6084 0 1 
0 0 0 0 2 0 2 86693 0 0 496 8126 0 0 27637 0 0 0 858 1879 249 0 28870 0 54 0 20 14340 0 34 0 0 687 0 0 0 0 7189 46991 0 
888 0 0 14 0 0 0 0 0 291 0 0 0 0 0 0 0 42125 17765 0 0 0 72753 2232 0 0 1 187 0 1 10485 687 0 0 0 2 0 0 0 4 
0 74 0 0 89 0 0 0 0 0 0 0 274 22822 0 16214 42 0 0 7 29200 0 0 0 4107 1539 10 0 0 46 559 0 0 0 0 0 0 4 0 20 
21851 0 0 0 197 2 0 29 0 9116 0 118 0 0 0 1 0 16 627 0 51589 0 125 0 0 0 2051 15 0 668 0 0 0 0 0 0 10202 0 0 0 
0 0 2 4641 586 0 2011 0 2352 0 0 0 57 0 4973 1067 0 1081 4074 12 9 5 0 0 0 13337 1765 0 1 1 0 0 2 0 0 0 265 0 0 11 
0 0 547 15 2 0 0 0 0 123 0 0 17347 8204 0 0 14063 0 6 6375 0 6978 28 19090 3275 0 0 0 3 0 0 0 0 0 10202 265 0 0 0 0 
0 0 2 0 2 0 148 0 0 123 0 390 0 0 0 529 7 0 0 8 23907 15 0 2298 46 0 0 0 54401 0 6084 7189 0 4 0 0 0 0 0 6 
0 0 1484 0 1 0 0 0 9937 216 2 8582 0 1011 43737 8359 21 1 36760 95 5 0 45 0 0 0 25380 0 6 0 0 46991 0 0 0 0 0 0 0 41 
5 2 0 0 0 17024 4 0 8903 0 30738 164 0 0 0 0 284 0 0 29812 31 0 0 36670 0 0 0 5 15961 3590 1 0 4 20 0 11 0 6 41 0 
0 0 0 12 60940 78417 0 0 0 568 0 209 8 14 2055 0 0 0 0 0 0 0 194 0 202 0 2354 0 19 0 1 0 467 0 95279 0 0 0 34 189 
0 0 26 11 42 0 0 38527 0 4 1 5222 27 0 0 0 0 291 0 0 0 0 0 10035 0 1 436 33250 2682 0 0 0 0 0 0 0 0 0 0 10 
0 26 0 35 0 0 0 780 2482 0 266 511 1 0 11242 14582 0 46 2244 47067 79 0 5869 0 0 0 95094 0 0 0 28234 0 3 0 0 0 1436 0 2992 0 
12 11 35 0 25 0 0 5770 1 1 0 33689 0 23985 0 3 1574 17550 9 275 2 0 16 1 2196 0 0 0 17470 0 0 0 7 6 0 1983 311 0 0 0 
60940 42 0 25 0 1904 107 67 269 0 0 0 0 0 31410 0 5324 16432 0 0 0 17 0 0 0 0 42 1769 615 0 1 11 0 6839 573 327 7 7 1 0 
78417 0 0 0 1904 0 35 0 0 0 0 0 0 0 43578 60 0 0 0 834 0 2 0 0 23097 0 0 0 0 0 2630 1 0 0 0 0 0 0 0 15275 
0 0 0 0 107 35 0 14 0 0 0 0 19624 0 0 0 0 0 0 0 136 0 0 0 0 12 16818 1834 4070 0 7 0 6 0 0 227 0 132 0 22 
0 38527 780 5770 67 0 14 0 0 6358 3169 0 70 0 0 6 57 539 7709 0 6362 0 0 0 0 0 1 1 0 2 16 239 0 0 0 0 0 0 0 1845 
0 0 2482 1 269 0 0 0 0 4 0 0 39 0 0 18615 0 60 10351 175 0 7 0 8578 0 0 24 0 0 0 0 3 0 0 0 23624 0 0 329 296 
568 4 0 1 0 0 0 6358 4 0 38 0 10 29 0 0 10 521 3 6 0 0 0 56272 0 0 0 0 0 1326 0 0 8396 0 10807 0 21 1036 48148 0 
0 1 266 0 0 0 0 3169 0 38 0 0 0 0 0 0 3484 18 115 11134 154 49041 5 1186 3 0 19987 0 0 34607 0 537 0 0 0 0 0 0 1 3749 
209 5222 511 33689 0 0 0 0 0 0 0 0 0 15 0 13286 0 15 268 0 0 11950 27469 140 2 0 0 7 0 0 75 24318 0 0 11 435 0 27812 4239 75 
8 27 1 0 0 0 19624 70 39 10 0 0 0 0 0 12220 0 0 455 471 0 21841 2 5898 0 38 0 51667 645 2 3160 0 0 1587 0 18 24688 0 0 76 
14 0 0 23985 0 0 0 0 0 29 0 15 0 0 8255 0 0 0 2 90 7 0 0 2238 0 0 0 2 0 437 0 0 0 12273 0 0 657 0 1651 0 
2055 0 11242 0 31410 43578 0 0 0 0 0 0 0 8255 0 0 289 0 0 42224 20533 0 3828 0 0 0 19448 0 8059 0 5 153 0 4 0 14901 0 0 8741 0 
0 0 14582 3 0 60 0 6 18615 0 0 13286 12220 0 0 0 2577 2 1265 0 4 30783 21 28386 0 0 0 0 0 0 1374 0 0 13538 56 307 0 2139 8699 0 
0 0 0 1574 5324 0 0 57 0 10 3484 0 0 0 289 2577 0 5 2130 0 0 0 47 4 3191 1304 0 14 0 28 48 0 3 0 0 0 552 4 2 822 
0 291 46 17550 16432 0 0 539 60 521 18 15 0 0 0 2 5 0 0 66 61 0 12234 7 238 3560 32330 0 3 0 0 0 0 0 221 80 0 0 0 0 
0 0 2244 9 0 0 0 7709 10351 3 115 268 455 2 0 1265 2130 0 0 0 0 0 0 153 0 0 0 546 1296 64 0 1992 1281 0 299 26 1 0 5033 0 
0 0 47067 275 0 834 0 0 175 6 11134 0 471 90 42224 0 0 66 0 0 5 0 0 23 772 0 0 0 5 0 8284 8559 0 6 0 352 6530 0 35 2014 
0 0 79 2 0 0 136 6362 0 0 154 0 0 7 20533 4 0 61 0 5 0 4 1779 363 0 0 1 44 3919 0 0 8589 0 3137 1620 0 0 50414 0 44 
0 0 0 0 17 2 0 0 7 0 49041 11950 21841 0 0 30783 0 0 0 0 4 0 4095 0 0 15651 0 0 0 0 0 0 0 0 0 0 7221 3084 0 0 
194 0 5869 16 0 0 0 0 0 0 5 27469 2 0 3828 21 47 12234 0 0 1779 4095 0 303 0 0 0 0 0 161 0 20718 4762 0 1143 0 0 0 201 0 
0 10035 0 1 0 0 0 0 8578 56272 1186 140 5898 2238 0 28386 4 7 153 23 363 0 303 0 18 0 0 38 0 146 0 0 0 0 0 0 4195 3565 0 491 
202 0 0 2196 0 23097 0 0 0 0 3 2 0 0 0 0 3191 238 0 772 0 0 0 18 0 0 0 0 8 0 1 2730 0 14902 0 0 11 33 0 0 
0 1 0 0 0 0 12 0 0 0 0 0 38 0 0 0 1304 3560 0 0 0 15651 0 0 0 0 33168 0 2 8 0 0 2 65 0 18366 0 0 0 0 
2354 436 95094 0 42 0 16818 1 24 0 19987 0 0 0 19448 0 0 32330 0 0 1 0 0 0 0 33168 0 0 2 0 45523 2 7 12 711 2538 0 0 19384 0 
0 33250 0 0 1769 0 1834 1 0 0 0 7 51667 2 0 0 14 0 546 0 44 0 0 38 0 0 0 0 17 0 5 735 19 0 5 0 0 0 0 30 
19 2682 0 17470 615 0 4070 0 0 0 0 0 645 0 8059 0 0 3 1296 5 3919 0 0 0 8 2 2 17 0 0 3 0 0 0 0 8 48 4161 333 1076 
0 0 0 0 0 0 0 2 0 1326 34607 0 2 437 0 0 28 0 64 0 0 0 161 146 0 8 0 0 0 0 3 62 0 0 521 258 0 0 0 32299 
1 0 28234 0 1 2630 7 16 0 0 0 75 3160 0 5 1374 48 0 0 8284 0 0 0 0 1 0 45523 5 3 3 0 0 80 7174 0 0 0 18204 0 15 
0 0 0 0 11 1 0 239 3 0 537 24318 0 0 153 0 0 0 1992 8559 8589 0 20718 0 2730 0 2 735 0 62 0 0 18370 47 0 0 0 5143 22947 0 
467 0 3 7 0 0 6 0 0 8396 0 0 0 0 0 0 3 0 1281 0 0 0 4762 0 0 2 7 19 0 0 80 18370 0 0 33 0 4 0 0 5 
0 0 0 6 6839 0 0 0 0 0 0 0 1587 12273 4 13538 0 0 0 6 3137 0 0 0 14902 65 12 0 0 0 7174 47 0 0 0 0 0 1 0 562 
95279 0 0 0 573 0 0 0 0 10807 0 11 0 0 0 56 0 221 299 0 1620 0 1143 0 0 0 711 5 0 521 0 0 33 0 0 2 146 0 0 0 
0 0 0 1983 327 0 227 0 23624 0 0 435 18 0 14901 307 0 80 26 352 0 0 0 0 0 18366 2538 0 8 258 0 0 0 0 2 0 66 1 0 0 
0 0 1436 311 7 0 0 0 0 21 0 0 24688 657 0 0 552 0 1 6530 0 7221 0 4195 11 0 0 0 48 0 0 0 4 0 146 66 0 0 0 0 
0 0 0 0 7 0 132 0 0 1036 0 27812 0 0 0 2139 4 0 0 0 50414 3084 0 3565 33 0 0 0 4161 0 18204 5143 0 1 0 1 0 0 1 2358 
34 0 2992 0 1 0 0 0 329 48148 1 4239 0 1651 8741 8699 2 0 5033 35 0 0 201 0 0 0 19384 0 333 0 0 22947 0 0 0 0 0 1 0 38 
189 10 0 0 0 15275 22 1845 296 0 3749 75 76 0 0 0 822 0 0 2014 44 0 0 491 0 0 0 30 1076 32299 15 0 5 562 0 0 0 2358 38 0 
0 0 0 369 10350 6568 0 0 0 2379 0 89 435 7 937 0 0 0 0 0 0 0 29 5022 809 0 136 0 1917 0 0 0 37036 0 11226 0 0 0 0 3197 
0 0 1427 233 2 0 1 24705 0 378 0 608 0 0 0 0 0 2482 0 0 0 0 1 4558 0 1 3996 66950 6790 0 0 0 0 4 0 0 0 0 0 0 
0 1427 0 55 0 0 0 255 1777 0 152 247 278 0 1425 44 0 0 72650 7186 921 0 20967 3 0 0 17068 0 5 0 4789 0 4 0 0 0 2357 0 2798 0 
369 233 55 0 1 0 0 38270 0 1 0 2984 0 1796 0 51 130 3204 0 43 1 0 734 0 2110 0 0 0 16579 0 0 0 1 0 6 29 205 0 0 0 
10350 2 0 1 0 369 248 0 119 0 0 0 0 0 17 0 13209 12599 0 0 0 6 0 1 23 0 29543 2699 728 0 17 0 10 3453 31677 230 0 87 572 50 
6568 0 0 0 369 0 45041 0 0 0 0 0 0 0 1332 36 0 0 0 7755 0 0 0 0 2036 0 0 0 2 0 76672 0 0 0 0 0 0 0 0 1773 
0 1 0 0 248 45041 0 0 0 0 0 0 67578 1 0 0 0 0 0 0 6 0 0 0 0 188 6311 25401 577 0 147 0 0 0 0 63715 0 1036 0 1 
0 24705 255 38270 0 0 0 0 0 31569 3508 0 46 0 1 217 4552 5809 13145 2 19791 0 0 0 0 0 10 0 0 2 21 1553 0 0 0 0 0 0 0 1 
0 0 1777 0 119 0 0 0 0 106 0 0 125 0 0 747 0 68 27790 0 0 1 7 2811 0 4 0 0 0 0 0 9 0 0 0 28 0 0 389 589 
2379 378 0 1 0 0 0 31569 106 0 4153 2 308 48 11 0 468 6838 3 0 0 0 0 14205 84 0 6 294 0 3 0 0 134 0 77968 0 71 337 49381 0 
0 0 152 0 0 0 0 3508 0 4153 0 0 3 0 2363 0 1324 113 13 9657 48 38467 27 1249 6 0 175 0 0 66503 0 752 0 0 0 0 0 8 3 4016 
89 608 247 2984 0 0 0 0 0 2 0 0 0 120 0 586 0 29 24676 0 0 11 180 1 152 1 10 220 0 0 5 32 0 0 2 0 0 31728 19682 63 
435 0 278 0 0 0 67578 46 125 308 3 0 0 0 0 22080 0 0 464 15216 0 52157 0 10 0 0 0 735 162 144 28246 0 0 5098 8 98 22570 0 0 0 
7 0 0 1796 0 0 1 0 0 48 0 120 0 0 30163 0 0 552 0 0 2 0 0 26725 0 0 0 0 0 2574 0 0 0 213 3 0 4175 0 300 0 
937 0 1425 0 17 1332 0 1 0 11 2363 0 0 30163 0 0 4009 0 0 85499 780 0 4603 0 0 3 3944 0 945 0 0 36276 0 14 0 23742 0 0 1085 12 
0 0 44 51 0 36 0 217 747 0 0 586 22080 0 0 0 19683 0 9945 0 59006 15586 0 11274 0 0 5 3 0 0 92092 0 10 1357 0 9 0 336 476 0 
0 0 0 130 13209 0 0 4552 0 468 1324 0 0 0 4009 19683 0 61 1250 0 0 0 0 2 12051 5778 0 0 527 1 10 0 0 39 0 0 82716 10 319 33 
0 2482 0 3204 12599 0 0 5809 68 6838 113 29 0 552 0 0 61 0 0 336 32 0 685 38 75 2544 982 0 103 0 0 0 1425 0 12 91 0 0 0 0 
0 0 72650 0 0 0 0 13145 27790 3 13 24676 464 0 0 9945 1250 0 0 0 0 0 3 9 0 0 0 35 141 125 0 1378 5180 48 8 175 382 0 3503 0 
0 0 7186 43 0 7755 0 2 0 0 9657 0 15216 0 85499 0 0 336 0 0 2 0 0 556 263 0 0 0 2 0 79274 8717 0 1075 0 43 56807 0 20 750 
0 0 921 1 0 0 6 19791 0 0 48 0 0 2 780 59006 0 32 0 2 0 97 5247 4012 0 0 0 28 65 0 0 1063 0 14665 28991 8 1 23105 0 13846 
0 0 0 0 6 0 0 0 1 0 38467 11 52157 0 0 15586 0 0 0 0 97 0 1111 0 0 188 0 8 21 0 0 0 0 0 0 111 12562 2437 0 0 
29 1 20967 734 0 0 0 0 7 0 27 180 0 0 4603 0 0 685 3 0 5247 1111 0 202 0 0 0 0 0 12 0 27689 2319 0 604 0 0 0 1023 1 
5022 4558 3 0 1 0 0 0 2811 14205 1249 1 10 26725 0 11274 2 38 9 556 4012 0 202 0 7 0 0 2 0 0 41 0 163 3 0 0 2083 16138 0 1304 
809 0 0 2110 23 2036 0 0 0 84 6 152 0 0 0 0 12051 75 0 263 0 0 0 7 0 0 0 0 1908 0 0 31 0 1418 0 0 1233 20 0 0 
0 1 0 0 0 0 188 0 4 0 0 1 0 0 3 0 5778 2544 0 0 0 188 0 0 0 0 61392 34 10 3 0 11 0 7171 0 8315 0 0 0 0 
136 3996 17068 0 29543 0 6311 10 0 6 175 10 0 0 3944 5 0 982 0 0 0 0 0 0 0 61392 0 113 0 0 3616 0 0 35 29902 17543 0 0 11894 0 
0 66950 0 0 2699 0 25401 0 0 294 0 220 735 0 0 3 0 0 35 0 28 8 0 2 0 34 113 0 48 0 0 159 19 0 5 0 0 0 0 11 
1917 6790 5 16579 728 2 577 0 0 0 0 0 162 0 945 0 527 103 141 2 65 21 0 0 1908 10 0 48 0 0 91216 0 0 0 0 2 2 5907 900 8024 
0 0 0 0 0 0 0 2 0 3 66503 0 144 2574 0 0 1 0 125 0 0 0 12 0 0 3 0 0 0 0 1901 17 0 0 11254 2 0 0 0 1775 
0 0 4789 0 17 76672 147 21 0 0 0 5 28246 0 0 92092 10 0 0 79274 0 0 0 41 0 0 3616 0 91216 1901 0 0 214 6026 0 0 0 13035 0 3 
0 0 0 0 0 0 0 1553 9 0 752 32 0 0 36276 0 0 0 1378 8717 1063 0 27689 0 31 11 0 159 0 17 0 0 10382 2789 0 0 0 1043 27140 0 
37036 0 4 1 10 0 0 0 0 134 0 0 0 0 0 10 0 1425 5180 0 0 0 2319 163 0 0 0 19 0 0 214 10382 0 0 25 0 132 0 0 80 
0 4 0 0 3453 0 0 0 0 0 0 0 5098 213 14 1357 39 0 48 1075 14665 0 0 3 1418 7171 35 0 0 0 6026 2789 0 0 0 0 0 0 0 12 
11226 0 0 6 31677 0 0 0 0 77968 0 2 8 3 0 0 0 12 8 0 28991 0 604 0 0 0 29902 5 0 11254 0 0 25 0 0 8 393 0 0 0 
0 0 0 29 230 0 63715 0 28 0 0 0 98 0 23742 9 0 91 175 43 8 111 0 0 0 8315 17543 0 2 2 0 0 0 0 8 0 905 0 0 115 
0 0 2357 205 0 0 0 0 0 71 0 0 22570 4175 0 0 82716 0 382 56807 1 12562 0 2083 1233 0 0 0 2 0 0 0 132 0 393 905 0 0 0 0 
0 0 0 0 87 0 1036 0 0 337 8 31728 0 0 0 336 10 0 0 0 23105 2437 0 16138 20 0 0 0 5907 0 13035 1043 0 0 0 0 0 0 8 835 
0 0 2798 0 572 0 0 0 389 49381 3 19682 0 300 1085 476 319 0 3503 20 0 0 1023 0 0 0 11894 0 900 0 0 27140 0 0 0 0 0 8 0 1 
3197 0 0 0 50 1773 1 1 589 0 4016 63 0 0 12 0 33 0 0 750 13846 0 1 1304 0 0 0 11 8024 1775 3 0 80 12 0 115 0 835 1 0 
