8 4
0 59 64 103 62 95 95 48 
59 0 70 49 40 62 36 46 
64 70 0 118 33 51 89 98 
103 49 118 0 85 94 38 68 
62 40 33 85 0 33 56 78 
95 62 51 94 33 0 57 107 
95 36 89 38 56 57 0 77 
48 46 98 68 78 107 77 0 
0 47 0 14634 63 8497 406 0 
47 0 0 64894 1555 1248 0 165 
0 0 0 289 0 25 0 0 
14634 64894 289 0 12049 0 166 0 
63 1555 0 12049 0 875 1 149 
8497 1248 25 0 875 0 0 14 
406 0 0 166 1 0 0 0 
0 165 0 0 149 14 0 0 
0 0 19 0 0 0 0 3 
0 0 0 0 0 0 2505 0 
19 0 0 0 2 7 0 2623 
0 0 0 0 0 30383 0 0 
0 0 2 0 0 0 0 0 
0 0 7 30383 0 0 23 0 
0 2505 0 0 0 23 0 83999 
3 0 2623 0 0 0 83999 0 
0 0 2679 0 0 0 0 44 
0 0 4 0 0 0 3408 0 
2679 4 0 0 342 3 2 1770 
0 0 0 0 0 10761 0 1004 
0 0 342 0 0 0 0 0 
0 0 3 10761 0 0 62 0 
0 3408 2 0 0 62 0 851 
44 0 1770 1004 0 0 851 0 
0 0 28 0 0 0 0 36 
0 0 1 0 0 0 349 0 
28 1 0 0 466 0 1 493 
0 0 0 0 0 4855 0 32 
0 0 466 0 0 0 0 0 
0 0 0 4855 0 0 25 0 
0 349 1 0 0 25 0 818 
36 0 493 32 0 0 818 0 
