9 3
0 59 64 103 62 95 95 48 90 
59 0 70 49 40 62 36 46 31 
64 70 0 118 33 51 89 98 88 
103 49 118 0 85 94 38 68 34 
62 40 33 85 0 33 56 78 55 
95 62 51 94 33 0 57 107 59 
95 36 89 38 56 57 0 77 6 
48 46 98 68 78 107 77 0 71 
90 31 88 34 55 59 6 71 0 
0 0 0 0 2 3 92839 917 875 
0 0 2 1630 0 5365 6061 0 2 
0 2 0 128 1452 0 0 11 0 
0 1630 128 0 0 4194 0 3 439 
2 0 1452 0 0 0 1053 2 19283 
3 5365 0 4194 0 0 0 6687 1052 
92839 6061 0 0 1053 0 0 0 0 
917 0 11 3 2 6687 0 0 12 
875 2 0 439 19283 1052 0 12 0 
0 67715 36 11 5 0 0 0 0 
67715 0 0 0 126 0 0 85 0 
36 0 0 0 0 3156 228 0 22829 
11 0 0 0 2 0 0 3 0 
5 126 0 2 0 62 0 2 0 
0 0 3156 0 62 0 466 0 0 
0 0 228 0 0 466 0 0 518 
0 85 0 3 2 0 0 0 0 
0 0 22829 0 0 0 518 0 0 
0 203 0 76 0 0 0 0 0 
203 0 5 0 546 0 0 503 0 
0 5 0 0 0 17231 18 0 17338 
76 0 0 0 42 0 0 0 0 
0 546 0 42 0 4 0 0 0 
0 0 17231 0 4 0 0 0 0 
0 0 18 0 0 0 0 78 45607 
0 503 0 0 0 0 78 0 0 
0 0 17338 0 0 0 45607 0 0 
