7 4
0 123 17 72 89 90 77 
123 0 116 51 121 48 96 
17 116 0 64 101 90 86 
72 51 64 0 97 39 71 
89 121 101 97 0 73 26 
90 48 90 39 73 0 47 
77 96 86 71 26 47 0 
0 0 2296 0 0 92 921 
0 0 0 0 0 67094 9 
2296 0 0 0 0 0 4 
0 0 0 0 2 0 34 
0 0 0 2 0 3 0 
92 67094 0 0 3 0 184 
921 9 4 34 0 184 0 
0 2 8342 0 8 80 0 
2 0 3 164 0 0 6 
8342 3 0 2 0 1 0 
0 164 2 0 0 78623 135 
8 0 0 0 0 4 1513 
80 0 1 78623 4 0 336 
0 6 0 135 1513 336 0 
0 2 0 24421 0 21 378 
2 0 2 0 0 5704 0 
0 2 0 5057 9068 583 0 
24421 0 5057 0 0 413 73 
0 0 9068 0 0 6 5 
21 5704 583 413 6 0 332 
378 0 0 73 5 332 0 
0 2 66866 0 17 0 10620 
2 0 0 0 0 39258 0 
66866 0 0 0 6 20 0 
0 0 0 0 1 185 20 
17 0 6 1 0 2 0 
0 39258 20 185 2 0 0 
10620 0 0 20 0 0 0 
