15 2
0 123 17 72 89 90 77 84 122 70 141 118 117 117 58 
123 0 116 51 121 48 96 115 59 63 25 47 40 16 64 
17 116 0 64 101 90 86 66 108 71 133 119 117 113 52 
72 51 64 0 97 39 71 77 62 33 69 64 60 49 13 
89 121 101 97 0 73 26 158 158 64 146 84 88 106 88 
90 48 90 39 73 0 47 116 91 20 73 28 27 34 42 
77 96 86 71 26 47 0 136 132 38 121 63 66 81 63 
84 115 66 77 158 116 136 0 73 105 118 141 136 120 76 
122 59 108 62 158 91 132 73 0 94 51 103 96 73 74 
70 63 71 33 64 20 38 105 94 0 87 48 47 52 29 
141 25 133 69 146 73 121 118 51 87 0 70 64 41 83 
118 47 119 64 84 28 63 141 103 48 70 0 6 30 70 
117 40 117 60 88 27 66 136 96 47 64 6 0 24 67 
117 16 113 49 106 34 81 120 73 52 41 30 24 0 60 
58 64 52 13 88 42 63 76 74 29 83 70 67 60 0 
0 0 0 2650 0 15 2426 26638 1 87918 4 0 2126 75 0 
0 0 69 162 1678 0 3707 1 29 0 0 0 13243 0 0 
0 69 0 1 0 0 12 26 24 1983 0 74 2994 0 0 
2650 162 1 0 0 10620 66784 0 0 127 0 2408 33 0 5 
0 1678 0 0 0 0 0 0 0 151 3 0 38542 0 2 
15 0 0 10620 0 0 464 0 0 0 4 0 1 0 21 
2426 3707 12 66784 0 464 0 108 16999 10 1 3 62340 0 63334 
26638 1 26 0 0 0 108 0 0 24990 0 94 0 6 0 
1 29 24 0 0 0 16999 0 0 0 0 5 0 0 0 
87918 0 1983 127 151 0 10 24990 0 0 0 42 0 0 0 
4 0 0 0 3 4 1 0 0 0 0 0 0 4135 4 
0 0 74 2408 0 0 3 94 5 42 0 0 0 0 0 
2126 13243 2994 33 38542 1 62340 0 0 0 0 0 0 0 2 
75 0 0 0 0 0 0 6 0 0 4135 0 0 0 20903 
0 0 0 5 2 21 63334 0 0 0 4 0 2 20903 0 
0 1 50129 0 1256 0 0 0 0 0 0 13 0 0 5525 
1 0 0 0 0 0 0 1 1 39920 0 52174 0 1 0 
50129 0 0 26 3236 4 0 0 1 0 7 0 0 555 10 
0 0 26 0 63 0 0 16764 82690 0 0 0 0 75587 0 
1256 0 3236 63 0 12 8 22715 17376 0 0 158 0 5 16 
0 0 4 0 12 0 0 220 21 6 1 1981 1 8239 0 
0 0 0 0 8 0 0 0 0 24 0 0 0 677 0 
0 1 0 16764 22715 220 0 0 105 0 2 0 102 0 5 
0 1 1 82690 17376 21 0 105 0 96732 1 2 27 11249 125 
0 39920 0 0 0 6 24 0 96732 0 999 0 0 9661 447 
0 0 7 0 0 1 0 2 1 999 0 1788 8323 0 0 
13 52174 0 0 158 1981 0 0 2 0 1788 0 6746 0 415 
0 0 0 0 0 1 0 102 27 0 8323 6746 0 163 0 
0 1 555 75587 5 8239 677 0 11249 9661 0 0 163 0 0 
5525 0 10 0 16 0 0 5 125 447 0 415 0 0 0 
