20 4
0 123 17 72 89 90 77 84 122 70 141 118 117 117 58 85 94 145 69 99 
123 0 116 51 121 48 96 115 59 63 25 47 40 16 64 39 31 87 58 23 
17 116 0 64 101 90 86 66 108 71 133 119 117 113 52 81 90 150 68 93 
72 51 64 0 97 39 71 77 62 33 69 64 60 49 13 21 29 104 24 28 
89 121 101 97 0 73 26 158 158 64 146 84 88 106 88 88 93 82 73 107 
90 48 90 39 73 0 47 116 91 20 73 28 27 34 42 20 20 64 22 35 
77 96 86 71 26 47 0 136 132 38 121 63 66 81 63 62 67 73 47 81 
84 115 66 77 158 116 136 0 73 105 118 141 136 120 76 98 104 181 98 96 
122 59 108 62 158 91 132 73 0 94 51 103 96 73 74 71 70 145 85 56 
70 63 71 33 64 20 38 105 94 0 87 48 47 52 29 25 32 79 8 44 
141 25 133 69 146 73 121 118 51 87 0 70 64 41 83 62 55 108 81 43 
118 47 119 64 84 28 63 141 103 48 70 0 6 30 70 43 37 42 50 48 
117 40 117 60 88 27 66 136 96 47 64 6 0 24 67 39 32 48 48 42 
117 16 113 49 106 34 81 120 73 52 41 30 24 0 60 31 22 72 48 24 
58 64 52 13 88 42 63 76 74 29 83 70 67 60 0 29 38 107 21 41 
85 39 81 21 88 20 62 98 71 25 62 43 39 31 29 0 9 83 18 19 
94 31 90 29 93 20 67 104 70 32 55 37 32 22 38 9 0 79 27 14 
145 87 150 104 82 64 73 181 145 79 108 42 48 72 107 83 79 0 85 91 
69 58 68 24 73 22 47 98 85 8 81 50 48 48 21 18 27 85 0 37 
99 23 93 28 107 35 81 96 56 44 43 48 42 24 41 19 14 91 37 0 
0 0 4 0 0 0 0 0 33225 0 3763 0 0 13 45377 1 0 1 3 0 
0 0 34 6 234 0 108 0 0 0 0 0 0 4363 0 37 0 0 0 0 
4 34 0 15006 0 0 701 640 209 0 5 0 23196 11 0 0 1018 1630 0 4 
0 6 15006 0 101 0 170 0 0 1889 162 0 0 0 27815 5 775 0 5385 5595 
0 234 0 101 0 0 2 325 1438 0 63141 0 0 4 0 22788 257 0 0 0 
0 0 0 0 0 0 203 56 88947 14723 0 0 0 2 0 0 2479 0 95835 7 
0 108 701 170 2 203 0 0 0 0 0 0 2560 8638 0 363 0 0 938 3 
0 0 640 0 325 56 0 0 1 0 0 194 0 2 0 166 0 0 21665 4 
33225 0 209 0 1438 88947 0 1 0 0 90 187 5 8222 2 0 0 1053 0 0 
0 0 0 1889 0 14723 0 0 0 0 0 78454 19 21 0 0 580 28 0 57744 
3763 0 5 162 63141 0 0 0 90 0 0 10924 0 0 699 0 0 18 0 51480 
0 0 0 0 0 0 0 194 187 78454 10924 0 0 40 41 95 0 0 1 0 
0 0 23196 0 0 0 2560 0 5 19 0 0 0 0 77414 0 0 75 65 0 
13 4363 11 0 4 2 8638 2 8222 21 0 40 0 0 6055 10 0 0 0 0 
45377 0 0 27815 0 0 0 0 2 0 699 41 77414 6055 0 0 0 0 0 47919 
1 37 0 5 22788 0 363 166 0 0 0 95 0 10 0 0 0 0 0 6359 
0 0 1018 775 257 2479 0 0 0 580 0 0 0 0 0 0 0 786 759 0 
1 0 1630 0 0 0 0 0 1053 28 18 0 75 0 0 0 786 0 97713 0 
3 0 0 5385 0 95835 938 21665 0 0 0 1 65 0 0 0 759 97713 0 30830 
0 0 4 5595 0 7 3 4 0 57744 51480 0 0 0 47919 6359 0 0 30830 0 
0 164 0 1 12849 0 0 0 0 0 1072 36582 0 7 109 0 0 0 0 3843 
164 0 135 0 0 0 0 1 1 130 2998 2 0 0 0 0 1523 0 1370 67956 
0 135 0 0 0 0 0 0 0 24255 0 8 52061 19 0 0 0 47416 3020 3 
1 0 0 0 0 0 0 0 5 30 87 0 1 23 396 0 0 0 0 0 
12849 0 0 0 0 28176 11 41 54 0 11220 1 167 0 0 0 1685 24 53510 0 
0 0 0 0 28176 0 0 1572 0 0 120 46741 542 0 0 0 37674 1 0 5 
0 0 0 0 11 0 0 1326 1866 0 339 0 0 2630 0 0 0 0 0 0 
0 1 0 0 41 1572 1326 0 0 0 64171 0 7 2 10515 3977 0 782 0 2 
0 1 0 5 54 0 1866 0 0 0 0 0 2368 3355 0 77971 0 0 3488 0 
0 130 24255 30 0 0 0 0 0 0 4 0 204 297 15 0 2831 0 0 58837 
1072 2998 0 87 11220 120 339 64171 0 4 0 0 0 2 83572 2138 0 0 0 55510 
36582 2 8 0 1 46741 0 0 0 0 0 0 1 0 23 0 82 14672 1 0 
0 0 52061 1 167 542 0 7 2368 204 0 1 0 1002 43624 54400 109 0 0 0 
7 0 19 23 0 0 2630 2 3355 297 2 0 1002 0 9786 0 0 6411 25 153 
109 0 0 396 0 0 0 10515 0 15 83572 23 43624 9786 0 0 0 0 412 92565 
0 0 0 0 0 0 0 3977 77971 0 2138 0 54400 0 0 0 36 0 16489 0 
0 1523 0 0 1685 37674 0 0 0 2831 0 82 109 0 0 36 0 102 1190 3790 
0 0 47416 0 24 1 0 782 0 0 0 14672 0 6411 0 0 102 0 34031 1 
0 1370 3020 0 53510 0 0 0 3488 0 0 1 0 25 412 16489 1190 34031 0 18500 
3843 67956 3 0 0 5 0 2 0 58837 55510 0 0 153 92565 0 3790 1 18500 0 
0 0 0 10169 1 0 0 92 0 0 94414 54097 1 2 0 17 0 0 0 6 
0 0 73 0 0 0 8 0 4620 0 0 0 229 0 0 12394 0 58577 4 0 
0 73 0 0 3 65774 769 0 0 0 9 0 231 0 0 0 11936 1187 73433 0 
10169 0 0 0 0 0 0 0 2 0 381 0 0 125 0 21 0 0 1718 0 
1 0 3 0 0 1 81 0 0 0 0 1 23 0 5 0 20 72 0 0 
0 0 65774 0 1 0 0 46 24932 931 0 35 4 0 33878 19 2609 18069 91071 0 
0 8 769 0 81 0 0 0 0 0 0 93 0 0 79 32 0 0 0 743 
92 0 0 0 0 46 0 0 0 0 0 0 4 0 25 241 33 0 13231 0 
0 4620 0 2 0 24932 0 0 0 0 0 85 0 12504 3 178 1 0 0 3 
0 0 0 0 0 931 0 0 0 0 0 0 0 0 0 53 0 2 0 0 
94414 0 9 381 0 0 0 0 0 0 0 6364 0 27448 0 73633 11633 1960 0 3308 
54097 0 0 0 1 35 93 0 85 0 6364 0 3735 173 122 0 0 0 1 3247 
1 229 231 0 23 4 0 4 0 0 0 3735 0 0 29270 0 0 1293 0 58 
2 0 0 125 0 0 0 0 12504 0 27448 173 0 0 0 0 36 44305 0 77 
0 0 0 0 5 33878 79 25 3 0 0 122 29270 0 0 1 0 4839 1 0 
17 12394 0 21 0 19 32 241 178 53 73633 0 0 0 1 0 1 56 1 0 
0 0 11936 0 20 2609 0 33 1 0 11633 0 0 36 0 1 0 17602 0 0 
0 58577 1187 0 72 18069 0 0 0 2 1960 0 1293 44305 4839 56 17602 0 0 0 
0 4 73433 1718 0 91071 0 13231 0 0 0 1 0 0 1 1 0 0 0 0 
6 0 0 0 0 0 743 0 3 0 3308 3247 58 77 0 0 0 0 0 0 
0 0 0 0 0 0 4 13 0 0 31221 0 20130 0 0 0 0 4 7 0 
0 0 20 0 0 0 0 19370 0 24 0 0 0 0 6253 0 0 0 0 441 
0 20 0 0 0 0 0 0 0 1 12 0 13181 2 1 1233 16174 0 1 0 
0 0 0 0 0 80766 0 52 65612 0 0 0 31887 0 0 0 0 1 37806 0 
0 0 0 0 0 3947 3 0 1631 631 52542 940 0 0 14 52615 25519 0 0 2815 
0 0 0 80766 3947 0 549 0 0 77655 0 0 24518 0 4 0 2507 0 62650 4 
4 0 0 0 3 549 0 0 5670 2 4322 0 86405 0 1 0 0 4919 158 0 
13 19370 0 52 0 0 0 0 111 0 0 0 25 0 0 0 16 0 0 0 
0 0 0 65612 1631 0 5670 111 0 0 4870 14611 191 256 0 844 3404 0 23009 9 
0 24 1 0 631 77655 2 0 0 0 10777 3300 0 8 0 0 0 0 0 0 
31221 0 12 0 52542 0 4322 0 4870 10777 0 0 95 9 0 0 0 0 104 92002 
0 0 0 0 940 0 0 0 14611 3300 0 0 0 0 0 0 0 0 0 8163 
20130 0 13181 31887 0 24518 86405 25 191 0 95 0 0 0 0 32 6467 772 11 383 
0 0 2 0 0 0 0 0 256 8 9 0 0 0 1881 0 0 975 1238 5 
0 6253 1 0 14 4 1 0 0 0 0 0 0 1881 0 0 0 0 17 6444 
0 0 1233 0 52615 0 0 0 844 0 0 0 32 0 0 0 0 45 1497 15070 
0 0 16174 0 25519 2507 0 16 3404 0 0 0 6467 0 0 0 0 0 1595 0 
4 0 0 1 0 0 4919 0 0 0 0 0 772 975 0 45 0 0 0 69 
7 0 1 37806 0 62650 158 0 23009 0 104 0 11 1238 17 1497 1595 0 0 0 
0 441 0 0 2815 4 0 0 9 0 92002 8163 383 5 6444 15070 0 69 0 0 
