9 2
0 123 17 72 89 90 77 84 122 
123 0 116 51 121 48 96 115 59 
17 116 0 64 101 90 86 66 108 
72 51 64 0 97 39 71 77 62 
89 121 101 97 0 73 26 158 158 
90 48 90 39 73 0 47 116 91 
77 96 86 71 26 47 0 136 132 
84 115 66 77 158 116 136 0 73 
122 59 108 62 158 91 132 73 0 
0 2530 0 0 0 5431 0 0 9 
2530 0 0 0 0 0 32837 0 0 
0 0 0 7 0 27 0 0 0 
0 0 7 0 0 0 0 0 0 
0 0 0 0 0 12798 0 0 2 
5431 0 27 0 12798 0 1 0 0 
0 32837 0 0 0 1 0 0 0 
0 0 0 0 0 0 0 0 0 
9 0 0 0 2 0 0 0 0 
0 0 7326 9366 723 0 11605 4277 0 
0 0 749 15280 2 3 0 2687 74809 
7326 749 0 0 1 0 14079 15 208 
9366 15280 0 0 4 517 2542 1 99 
723 2 1 4 0 0 261 53 0 
0 3 0 517 0 0 0 27 478 
11605 0 14079 2542 261 0 0 293 784 
4277 2687 15 1 53 27 293 0 2914 
0 74809 208 99 0 478 784 2914 0 
