30 3
0 123 17 72 89 90 77 84 122 70 141 118 117 117 58 85 94 145 69 99 137 99 30 139 114 56 50 94 70 158 
123 0 116 51 121 48 96 115 59 63 25 47 40 16 64 39 31 87 58 23 83 33 103 24 65 67 92 40 53 45 
17 116 0 64 101 90 86 66 108 71 133 119 117 113 52 81 90 150 68 93 122 97 14 135 118 53 57 84 66 154 
72 51 64 0 97 39 71 77 62 33 69 64 60 49 13 21 29 104 24 28 84 38 52 71 72 21 53 26 13 91 
89 121 101 97 0 73 26 158 158 64 146 84 88 106 88 88 93 82 73 107 181 88 104 121 67 78 49 121 84 131 
90 48 90 39 73 0 47 116 91 20 73 28 27 34 42 20 20 64 22 35 115 15 82 53 32 38 48 55 28 69 
77 96 86 71 26 47 0 136 132 38 121 63 66 81 63 62 67 73 47 81 155 62 85 98 49 54 29 95 58 110 
84 115 66 77 158 116 136 0 73 105 118 141 136 120 76 98 104 181 98 96 73 114 56 139 149 84 109 75 89 160 
122 59 108 62 158 91 132 73 0 94 51 103 96 73 74 71 70 145 85 56 25 79 93 83 118 83 115 37 74 101 
70 63 71 33 64 20 38 105 94 0 87 48 47 52 29 25 32 79 8 44 117 32 64 72 47 21 28 56 20 89 
141 25 133 69 146 73 121 118 51 87 0 70 64 41 83 62 55 108 81 43 71 58 119 37 89 88 115 49 74 52 
118 47 119 64 84 28 63 141 103 48 70 0 6 30 70 43 37 42 50 48 128 26 110 38 19 66 73 72 55 47 
117 40 117 60 88 27 66 136 96 47 64 6 0 24 67 39 32 48 48 42 121 22 108 32 25 64 74 66 52 44 
117 16 113 49 106 34 81 120 73 52 41 30 24 0 60 31 22 72 48 24 98 19 101 21 48 61 81 46 46 42 
58 64 52 13 88 42 63 76 74 29 83 70 67 60 0 29 38 107 21 41 95 45 41 82 74 9 41 39 15 102 
85 39 81 21 88 20 62 98 71 25 62 43 39 31 29 0 9 83 18 19 96 17 70 53 51 29 52 34 14 73 
94 31 90 29 93 20 67 104 70 32 55 37 32 22 38 9 0 79 27 14 95 10 79 44 48 38 60 36 24 64 
145 87 150 104 82 64 73 181 145 79 108 42 48 72 107 83 79 0 85 91 170 68 144 71 32 101 95 114 92 67 
69 58 68 24 73 22 47 98 85 8 81 50 48 48 21 18 27 85 0 37 108 30 60 70 52 16 34 48 11 88 
99 23 93 28 107 35 81 96 56 44 43 48 42 24 41 19 14 91 37 0 81 23 80 43 62 45 71 23 30 64 
137 83 122 84 181 115 155 73 25 117 71 128 121 98 95 96 95 170 108 81 0 104 107 106 143 104 136 61 97 123 
99 33 97 38 88 15 62 114 79 32 58 26 22 19 45 17 10 68 30 23 104 0 87 40 38 44 61 46 30 58 
30 103 14 52 104 82 85 56 93 64 119 110 108 101 41 70 79 144 60 80 107 87 0 123 111 44 56 70 56 143 
139 24 135 71 121 53 98 139 83 72 37 38 32 21 82 53 44 71 70 43 106 40 123 0 57 83 101 64 68 21 
114 65 118 72 67 32 49 149 118 47 89 19 25 48 74 51 48 32 52 62 143 38 111 57 0 68 66 84 60 63 
56 67 53 21 78 38 54 84 83 21 88 66 64 61 9 29 38 101 16 45 104 44 44 83 68 0 32 47 14 102 
50 92 57 53 49 48 29 109 115 28 115 73 74 81 41 52 60 95 34 71 136 61 56 101 66 32 0 79 42 117 
94 40 84 26 121 55 95 75 37 56 49 72 66 46 39 34 36 114 48 23 61 46 70 64 84 47 79 0 37 85 
70 53 66 13 84 28 58 89 74 20 74 55 52 46 15 14 24 92 11 30 97 30 56 68 60 14 42 37 0 88 
158 45 154 91 131 69 110 160 101 89 52 47 44 42 102 73 64 67 88 64 123 58 143 21 63 102 117 85 88 0 
0 0 0 3738 385 33 6 0 0 0 0 5 2 0 0 0 0 16 0 0 47 3243 0 0 321 634 2 0 3431 11 
0 0 0 0 0 0 1 30 167 138 0 0 26760 0 166 0 3 0 34310 13234 14058 1095 0 0 4 0 89 0 0 0 
0 0 0 24 0 0 0 88947 257 0 0 48 8222 396 95367 3563 174 7 1609 0 0 15 429 1350 2 30 0 6 21 0 
3738 0 24 0 30123 354 0 48741 0 0 0 204 0 0 4396 0 0 1 0 1 25 0 6 0 0 0 9179 0 476 399 
385 0 0 30123 0 0 2285 0 4 0 0 71593 32 11465 6049 47 0 98197 500 0 0 18 42 13027 0 18 0 268 8 816 
33 0 0 354 0 0 0 0 0 30 86747 39 0 0 29594 0 0 15289 666 10225 35810 0 0 41 289 106 0 0 0 17 
6 1 0 0 2285 0 0 52 200 0 0 0 15 0 0 12665 499 788 0 0 13 24317 0 1869 679 0 0 0 10854 4594 
0 30 88947 48741 0 0 52 0 795 0 37 87820 0 5031 4087 1240 19629 1 9249 0 422 0 0 0 0 0 53905 0 0 0 
0 167 257 0 4 0 200 795 0 2720 3 0 0 33 0 6987 0 0 13 11 66 0 0 50 95862 15 0 1683 0 165 
0 138 0 0 0 30 0 0 2720 0 11 76 4 0 0 125 0 0 401 88 9047 0 0 0 0 86974 2 0 10 0 
0 0 0 0 0 86747 0 37 3 11 0 0 0 0 0 0 0 0 0 0 2222 2 0 0 0 0 0 23414 0 23 
5 0 48 204 71593 39 0 87820 0 76 0 0 173 0 0 763 0 0 0 15316 0 0 32 0 5585 116 2093 539 77626 0 
2 26760 8222 0 32 0 15 0 0 4 0 173 0 0 0 9 232 0 0 923 0 0 0 0 0 0 0 45 0 35 
0 0 396 0 11465 0 0 5031 33 0 0 0 0 0 5 603 0 7 957 0 35 1 0 0 0 0 202 27315 0 635 
0 166 95367 4396 6049 29594 0 4087 0 0 0 0 0 5 0 0 0 252 0 5 0 65292 15172 0 0 7834 0 37 0 0 
0 0 3563 0 47 0 12665 1240 6987 125 0 763 9 603 0 0 1018 0 0 0 0 0 0 12 77478 2 45239 1050 0 8895 
0 3 174 0 0 0 499 19629 0 0 0 0 232 0 0 1018 0 18 0 0 49 0 24016 330 280 25 6 0 91 1080 
16 0 7 1 98197 15289 788 1 0 0 0 0 0 7 252 0 18 0 3 58 0 0 0 0 0 0 0 397 0 88 
0 34310 1609 0 500 666 0 9249 13 401 0 0 0 957 0 0 0 3 0 0 8 6201 29339 61 56 0 0 2 4 6 
0 13234 0 1 0 10225 0 0 11 88 0 15316 923 0 5 0 0 58 0 0 279 0 0 0 0 1 0 10 0 0 
47 14058 0 25 0 35810 13 422 66 9047 2222 0 0 35 0 0 49 0 8 279 0 34830 0 393 0 5 0 5821 8518 0 
3243 1095 15 0 18 0 24317 0 0 0 2 0 0 1 65292 0 0 0 6201 0 34830 0 0 9 0 2181 0 94 401 0 
0 0 429 6 42 0 0 0 0 0 0 32 0 0 15172 0 24016 0 29339 0 0 0 0 5 83 0 416 30 0 0 
0 0 1350 0 13027 41 1869 0 50 0 0 0 0 0 0 12 330 0 61 0 393 9 5 0 1674 0 0 1685 406 123 
321 4 2 0 0 289 679 0 95862 0 0 5585 0 0 0 77478 280 0 56 0 0 0 83 1674 0 2869 1 0 155 3 
634 0 30 0 18 106 0 0 15 86974 0 116 0 0 7834 2 25 0 0 1 5 2181 0 0 2869 0 0 330 10595 0 
2 89 0 9179 0 0 0 53905 0 2 0 2093 0 202 0 45239 6 0 0 0 0 0 416 0 1 0 0 0 0 0 
0 0 6 0 268 0 0 0 1683 0 23414 539 45 27315 37 1050 0 397 2 10 5821 94 30 1685 0 330 0 0 0 0 
3431 0 21 476 8 0 10854 0 0 10 0 77626 0 0 0 0 91 0 4 0 8518 401 0 406 155 10595 0 0 0 32846 
11 0 0 399 816 17 4594 0 165 0 23 0 35 635 0 8895 1080 88 6 0 0 0 0 123 3 0 0 0 32846 0 
0 58990 112 0 0 0 1 2039 1034 422 18 0 0 1665 1796 1531 33549 0 26242 30923 0 0 13607 1 0 0 1 142 0 0 
58990 0 704 65 3221 31 26 0 0 0 38460 72 0 0 0 20790 0 31710 0 0 0 0 76 94 0 619 0 55195 1267 25474 
112 704 0 1 5 0 22 0 0 3710 249 0 0 0 0 0 0 0 0 19883 471 0 0 0 7 0 632 0 0 1534 
0 65 1 0 0 0 4 0 5 816 485 0 43 9 0 190 2706 24 2802 1 0 1436 0 15 1166 7161 0 2 0 0 
0 3221 5 0 0 19353 0 14 0 39 434 0 0 0 0 0 1017 0 0 16567 38588 0 0 0 1415 0 161 0 0 0 
0 31 0 0 19353 0 1159 14415 121 0 0 0 5358 19198 0 4997 44482 0 0 0 0 2075 2108 0 0 0 3988 25699 1 0 
1 26 22 4 0 1159 0 0 0 56 287 41251 0 718 8568 0 0 0 0 258 0 0 6741 0 0 1847 1188 1470 0 0 
2039 0 0 0 14 14415 0 0 0 69519 0 0 1928 0 0 0 0 0 0 2 0 970 34246 48 67239 1803 0 4261 1233 1067 
1034 0 0 5 0 121 0 0 0 0 0 7762 88 0 371 0 6 1497 0 0 0 12 6 0 0 0 31429 0 3581 0 
422 0 3710 816 39 0 56 69519 0 0 1 0 0 9293 8 0 104 6173 0 0 0 939 18 122 2573 0 0 322 0 3829 
18 38460 249 485 434 0 287 0 0 1 0 1410 67725 1812 63 5978 95 79 3790 887 0 0 11573 1245 19 1 17576 0 1709 0 
0 72 0 0 0 0 41251 0 7762 0 1410 0 0 8 41 0 45 1 6842 0 9 16003 0 20304 0 0 0 0 0 56 
0 0 0 43 0 5358 0 1928 88 0 67725 0 0 66048 130 0 0 9982 146 0 102 248 28585 23708 576 70859 123 0 1 0 
1665 0 0 9 0 19198 718 0 0 9293 1812 8 66048 0 0 0 37202 0 0 8536 0 0 2368 0 99 1729 0 0 7966 0 
1796 0 0 0 0 0 8568 0 371 8 63 41 130 0 0 1 12 0 87 0 0 0 0 2848 22 0 85 0 1046 6 
1531 20790 0 190 0 4997 0 0 0 0 5978 0 0 0 1 0 0 6568 3457 18653 1563 3 306 0 0 0 0 0 1688 0 
33549 0 0 2706 1017 44482 0 0 6 104 95 45 0 37202 12 0 0 0 2 21671 0 810 0 0 0 0 0 14461 0 0 
0 31710 0 24 0 0 0 0 1497 6173 79 1 9982 0 0 6568 0 0 0 0 5 1967 3696 1416 13 9292 77 0 7 0 
26242 0 0 2802 0 0 0 0 0 0 3790 6842 146 0 87 3457 2 0 0 71039 0 0 0 0 0 121 28582 11 0 0 
30923 0 19883 1 16567 0 258 2 0 0 887 0 0 8536 0 18653 21671 0 71039 0 0 12151 61 56382 11 0 6 0 9 53323 
0 0 471 0 38588 0 0 0 0 0 0 9 102 0 0 1563 0 5 0 0 0 0 119 0 11272 0 202 0 0 11319 
0 0 0 1436 0 2075 0 970 12 939 0 16003 248 0 0 3 810 1967 0 12151 0 0 13840 0 31 0 1 0 0 45 
13607 76 0 0 0 2108 6741 34246 6 18 11573 0 28585 2368 0 306 0 3696 0 61 119 13840 0 5 0 78382 0 0 3168 143 
1 94 0 15 0 0 0 48 0 122 1245 20304 23708 0 2848 0 0 1416 0 56382 0 0 5 0 0 3054 1 0 0 0 
0 0 7 1166 1415 0 0 67239 0 2573 19 0 576 99 22 0 0 13 0 11 11272 31 0 0 0 0 3 2 0 0 
0 619 0 7161 0 0 1847 1803 0 0 1 0 70859 1729 0 0 0 9292 121 0 0 0 78382 3054 0 0 2 0 0 51 
1 0 632 0 161 3988 1188 0 31429 0 17576 0 123 0 85 0 0 77 28582 6 202 1 0 1 3 2 0 271 9 0 
142 55195 0 2 0 25699 1470 4261 0 322 0 0 0 0 0 0 14461 0 11 0 0 0 0 0 2 0 271 0 29 5 
0 1267 0 0 0 1 0 1233 3581 0 1709 0 1 7966 1046 1688 0 7 0 9 0 0 3168 0 0 0 9 29 0 0 
0 25474 1534 0 0 0 0 1067 0 3829 0 56 0 0 6 0 0 0 0 53323 11319 45 143 0 0 51 0 5 0 0 
0 65024 407 0 0 0 0 2551 615 1 2 0 0 2801 11492 4 35418 0 3 4233 0 0 4315 2 0 0 15 24 0 0 
65024 0 1513 1 59106 124 0 0 0 0 19762 7 0 214 0 1099 0 14135 0 0 0 0 141 26 0 27 0 0 47350 5 
407 1513 0 0 48 1 8181 0 0 324 2112 0 0 0 0 0 0 0 0 16910 5387 0 0 0 0 0 41980 0 0 1 
0 1 0 0 0 0 275 0 16 3134 24 0 23 33878 0 94 213 0 153 0 0 2 13 216 1501 12 0 1 0 0 
0 59106 48 0 0 15008 0 317 0 9198 2 0 0 0 0 0 175 0 0 155 8314 0 0 0 4 0 8872 0 0 0 
0 124 1 0 15008 0 1362 8843 229 0 0 0 253 3847 0 3552 1146 0 0 0 0 420 11 0 0 0 11285 192 15858 0 
0 0 8181 275 0 1362 0 0 0 6 8933 477 0 118 565 0 0 0 153 17 0 0 21 0 0 4539 2 15476 0 0 
2551 0 0 0 317 8843 0 0 0 104 0 0 5066 0 0 0 0 0 0 305 0 5557 7 1623 26676 383 0 69308 2376 28297 
615 0 0 16 0 229 0 0 0 0 0 630 76 0 1 0 4839 10 0 0 0 117 1408 0 0 0 7168 0 13 0 
1 0 324 3134 9198 0 6 104 0 0 0 0 0 1 1 0 170 862 0 0 0 35321 41700 3938 53558 0 0 89684 0 3204 
2 19762 2112 24 2 0 8933 0 0 0 0 13283 45609 90734 211 132 4440 635 2 3 0 0 7572 6 1 0 1130 0 203 0 
0 7 0 0 0 0 477 0 630 0 13283 0 0 87985 34 1 10 1 287 0 46 30 0 7 0 0 0 0 0 1183 
0 0 0 23 0 253 0 5066 76 0 45609 0 0 11774 1588 0 0 3 47 0 55119 9 2 376 36 7155 298 0 12 0 
2801 214 0 33878 0 3847 118 0 0 1 90734 87985 11774 0 0 0 2627 0 0 87530 0 0 5149 0 675 1 0 0 3 0 
11492 0 0 0 0 0 565 0 1 1 211 34 1588 0 0 5135 14 0 278 0 8 0 0 1425 4 0 10238 0 139 8 
4 1099 0 94 0 3552 0 0 0 0 132 1 0 0 5135 0 0 2 17 1325 4 3 62 0 0 0 0 0 37266 0 
35418 0 0 213 175 1146 0 0 4839 170 4440 10 0 2627 14 0 0 0 23 11 0 7779 0 0 0 0 0 114 0 0 
0 14135 0 0 0 0 0 0 10 862 635 1 3 0 0 2 0 0 0 0 802 11813 2750 1170 259 23 4136 0 925 0 
3 0 0 153 0 0 153 0 0 0 2 287 47 0 278 17 23 0 0 19108 0 0 0 0 0 20165 9801 0 1 0 
4233 0 16910 0 155 0 17 305 0 0 3 0 0 87530 0 1325 11 0 19108 0 0 2149 154 1163 1043 0 34571 0 98025 14675 
0 0 5387 0 8314 0 0 0 0 0 0 46 55119 0 8 4 0 802 0 0 0 0 116 0 554 0 24339 0 0 25 
0 0 0 2 0 420 0 5557 117 35321 0 30 9 0 0 3 7779 11813 0 2149 0 0 9358 0 38527 0 8 0 0 2985 
4315 141 0 13 0 11 21 7 1408 41700 7572 0 2 5149 0 62 0 2750 0 154 116 9358 0 0 0 1681 0 0 2 1207 
2 26 0 216 0 0 0 1623 0 3938 6 7 376 0 1425 0 0 1170 0 1163 0 0 0 0 0 86719 90 0 0 0 
0 0 0 1501 4 0 0 26676 0 53558 1 0 36 675 4 0 0 259 0 1043 554 38527 0 0 0 0 0 4 0 0 
0 27 0 12 0 0 4539 383 0 0 0 0 7155 1 0 0 0 23 20165 0 0 0 1681 86719 0 0 9580 0 0 2561 
15 0 41980 0 8872 11285 2 0 7168 0 1130 0 298 0 10238 0 0 4136 9801 34571 24339 8 0 90 0 9580 0 680 6 61 
24 0 0 1 0 192 15476 69308 0 89684 0 0 0 0 0 0 114 0 0 0 0 0 0 0 4 0 680 0 10531 8 
0 47350 0 0 0 15858 0 2376 13 0 203 0 12 3 139 37266 0 925 1 98025 0 0 2 0 0 0 6 10531 0 0 
0 5 1 0 0 0 0 28297 0 3204 0 1183 0 0 8 0 0 0 0 14675 25 2985 1207 0 0 2561 61 8 0 0 
