8 2
0 123 17 72 89 90 77 84 
123 0 116 51 121 48 96 115 
17 116 0 64 101 90 86 66 
72 51 64 0 97 39 71 77 
89 121 101 97 0 73 26 158 
90 48 90 39 73 0 47 116 
77 96 86 71 26 47 0 136 
84 115 66 77 158 116 136 0 
0 0 46564 0 7307 0 0 1 
0 0 0 68 0 30025 0 0 
46564 0 0 2 0 0 0 0 
0 68 2 0 12 0 0 0 
7307 0 0 12 0 85 210 0 
0 30025 0 0 85 0 2650 44390 
0 0 0 0 210 2650 0 17910 
1 0 0 0 0 44390 17910 0 
0 0 12798 0 17593 0 7 0 
0 0 0 344 0 60107 0 0 
12798 0 0 5 0 0 0 0 
0 344 5 0 1 0 0 0 
17593 0 0 1 0 71 25 0 
0 60107 0 0 71 0 255 8598 
7 0 0 0 25 255 0 35015 
0 0 0 0 0 8598 35015 0 
