20 3
0 123 17 72 89 90 77 84 122 70 141 118 117 117 58 85 94 145 69 99 
123 0 116 51 121 48 96 115 59 63 25 47 40 16 64 39 31 87 58 23 
17 116 0 64 101 90 86 66 108 71 133 119 117 113 52 81 90 150 68 93 
72 51 64 0 97 39 71 77 62 33 69 64 60 49 13 21 29 104 24 28 
89 121 101 97 0 73 26 158 158 64 146 84 88 106 88 88 93 82 73 107 
90 48 90 39 73 0 47 116 91 20 73 28 27 34 42 20 20 64 22 35 
77 96 86 71 26 47 0 136 132 38 121 63 66 81 63 62 67 73 47 81 
84 115 66 77 158 116 136 0 73 105 118 141 136 120 76 98 104 181 98 96 
122 59 108 62 158 91 132 73 0 94 51 103 96 73 74 71 70 145 85 56 
70 63 71 33 64 20 38 105 94 0 87 48 47 52 29 25 32 79 8 44 
141 25 133 69 146 73 121 118 51 87 0 70 64 41 83 62 55 108 81 43 
118 47 119 64 84 28 63 141 103 48 70 0 6 30 70 43 37 42 50 48 
117 40 117 60 88 27 66 136 96 47 64 6 0 24 67 39 32 48 48 42 
117 16 113 49 106 34 81 120 73 52 41 30 24 0 60 31 22 72 48 24 
58 64 52 13 88 42 63 76 74 29 83 70 67 60 0 29 38 107 21 41 
85 39 81 21 88 20 62 98 71 25 62 43 39 31 29 0 9 83 18 19 
94 31 90 29 93 20 67 104 70 32 55 37 32 22 38 9 0 79 27 14 
145 87 150 104 82 64 73 181 145 79 108 42 48 72 107 83 79 0 85 91 
69 58 68 24 73 22 47 98 85 8 81 50 48 48 21 18 27 85 0 37 
99 23 93 28 107 35 81 96 56 44 43 48 42 24 41 19 14 91 37 0 
0 0 0 0 0 92 15394 0 0 0 0 1680 259 0 0 0 0 4677 0 19463 
0 0 1 7 0 0 0 0 2 0 2 0 0 2952 1 0 3 34100 2 0 
0 1 0 0 0 0 922 166 213 29 8 0 23 0 876 0 0 111 0 9 
0 7 0 0 31 3 10 0 0 3 0 0 9041 0 0 0 0 0 2 0 
0 0 0 31 0 4584 37 0 0 0 0 2257 1093 0 1489 1 0 0 0 3 
92 0 0 3 4584 0 0 1828 0 4490 2 3 0 0 1 162 0 1393 55416 65095 
15394 0 922 10 37 0 0 3023 0 0 14 0 0 0 320 0 64 6 0 771 
0 0 166 0 0 1828 3023 0 0 26 714 0 2 0 6570 4 24015 0 4 0 
0 2 213 0 0 0 0 0 0 26935 10 44 4 4 222 28535 0 0 0 0 
0 0 29 3 0 4490 0 26 26935 0 337 0 1 0 490 0 0 0 17 0 
0 2 8 0 0 2 14 714 10 337 0 0 0 0 0 0 0 41631 83 0 
1680 0 0 0 2257 3 0 0 44 0 0 0 0 0 0 0 0 0 0 0 
259 0 23 9041 1093 0 0 2 4 1 0 0 0 0 0 67 0 0 3 0 
0 2952 0 0 0 0 0 0 4 0 0 0 0 0 9747 0 0 1 117 0 
0 1 876 0 1489 1 320 6570 222 490 0 0 0 9747 0 701 0 13 0 0 
0 0 0 0 1 162 0 4 28535 0 0 0 67 0 701 0 0 64012 62 0 
0 3 0 0 0 0 64 24015 0 0 0 0 0 0 0 0 0 1 0 0 
4677 34100 111 0 0 1393 6 0 0 0 41631 0 0 1 13 64012 1 0 1 7631 
0 2 0 2 0 55416 0 4 0 17 83 0 3 117 0 62 0 1 0 0 
19463 0 9 0 3 65095 771 0 0 0 0 0 0 0 0 0 0 7631 0 0 
0 0 16645 88 37201 0 0 0 60483 0 0 0 784 0 0 0 0 21 0 0 
0 0 0 0 0 0 0 467 65985 0 0 0 0 23 40325 0 1992 4 0 0 
16645 0 0 3123 152 0 18 6 15207 120 0 0 0 26 156 0 0 0 0 0 
88 0 3123 0 0 0 0 0 53168 26514 5485 17 0 0 0 0 2071 0 44042 120 
37201 0 152 0 0 4 73 464 0 0 342 0 14 93 0 0 0 0 0 0 
0 0 0 0 4 0 30 22768 0 14123 27094 58166 1 0 0 0 3 0 23 0 
0 0 18 0 73 30 0 150 0 0 0 41063 0 0 0 0 0 0 0 0 
0 467 6 0 464 22768 150 0 0 260 0 97 0 0 0 3765 265 65396 0 2 
60483 65985 15207 53168 0 0 0 0 0 154 12 263 0 358 1723 574 157 1117 7 0 
0 0 120 26514 0 14123 0 260 154 0 95735 0 0 0 109 0 7 108 0 30 
0 0 0 5485 342 27094 0 0 12 95735 0 650 44 0 0 0 174 21 0 0 
0 0 0 17 0 58166 41063 97 263 0 650 0 0 0 1726 2 951 254 0 87 
784 0 0 0 14 1 0 0 0 0 44 0 0 0 0 2 5264 44 0 0 
0 23 26 0 93 0 0 0 358 0 0 0 0 0 0 30639 21 0 45926 0 
0 40325 156 0 0 0 0 0 1723 109 0 1726 0 0 0 83 590 43 0 5172 
0 0 0 0 0 0 0 3765 574 0 0 2 2 30639 83 0 0 0 1 0 
0 1992 0 2071 0 3 0 265 157 7 174 951 5264 21 590 0 0 0 6 25252 
21 4 0 0 0 0 0 65396 1117 108 21 254 44 0 43 0 0 0 2 0 
0 0 0 44042 0 23 0 0 7 0 0 0 0 45926 0 1 6 2 0 0 
0 0 0 120 0 0 0 2 0 30 0 87 0 0 5172 0 25252 0 0 0 
0 0 0 533 0 0 0 818 0 1526 0 0 38 2 615 62340 0 31 0 14 
0 0 6 0 2026 123 0 1264 661 0 0 0 1 0 0 0 0 18 1 23 
0 6 0 13049 0 39 3 26878 4 0 0 152 0 7600 0 475 549 30296 0 0 
533 0 13049 0 0 0 0 0 1489 129 2428 24990 0 59 31414 3745 0 0 0 4111 
0 2026 0 0 0 11 0 0 0 0 0 0 0 0 0 0 0 0 21 546 
0 123 39 0 11 0 0 0 0 0 0 95626 0 949 0 0 179 0 56 0 
0 0 3 0 0 0 0 1 3 0 0 0 0 0 0 0 0 0 0 30 
818 1264 26878 0 0 0 1 0 0 4 66353 0 0 0 0 17 0 0 0 25 
0 661 4 1489 0 0 3 0 0 0 0 0 1 0 0 4 0 26550 77 0 
1526 0 0 129 0 0 0 4 0 0 21135 2 0 0 212 18268 0 132 3 0 
0 0 0 2428 0 0 0 66353 0 21135 0 66 0 0 0 0 0 0 116 0 
0 0 152 24990 0 95626 0 0 0 2 66 0 213 0 0 0 20522 6 3 0 
38 1 0 0 0 0 0 0 1 0 0 213 0 0 24 218 0 94865 0 23799 
2 0 7600 59 0 949 0 0 0 0 0 0 0 0 0 28267 0 0 25 2 
615 0 0 31414 0 0 0 0 0 212 0 0 24 0 0 56 7456 0 54 0 
62340 0 475 3745 0 0 0 17 4 18268 0 0 218 28267 56 0 221 0 93 302 
0 0 549 0 0 179 0 0 0 0 0 20522 0 0 7456 221 0 4 20903 0 
31 18 30296 0 0 0 0 0 26550 132 0 6 94865 0 0 0 4 0 0 1705 
0 1 0 0 21 56 0 0 77 3 116 3 0 25 54 93 20903 0 0 0 
14 23 0 4111 546 0 30 25 0 0 0 0 23799 2 0 302 0 1705 0 0 
