6 3
0 123 17 72 89 90 
123 0 116 51 121 48 
17 116 0 64 101 90 
72 51 64 0 97 39 
89 121 101 97 0 73 
90 48 90 39 73 0 
0 0 0 4271 55977 4301 
0 0 0 536 159 2 
0 0 0 5 0 328 
4271 536 5 0 877 24573 
55977 159 0 877 0 0 
4301 2 328 24573 0 0 
0 1 119 0 0 0 
1 0 3418 0 0 0 
119 3418 0 0 814 0 
0 0 0 0 0 0 
0 0 814 0 0 723 
0 0 0 0 723 0 
0 47124 21 0 0 0 
47124 0 1 0 0 0 
21 1 0 0 2818 0 
0 0 0 0 0 0 
0 0 2818 0 0 11511 
0 0 0 0 11511 0 
