50 4
0 46 118 40 96 98 46 64 2 33 36 47 55 9 108 78 35 54 61 95 45 105 61 79 70 72 108 28 39 45 38 87 44 18 35 31 32 15 62 109 41 45 37 61 89 27 39 29 62 61 
46 0 88 10 53 127 3 66 48 60 37 19 78 48 107 43 36 50 104 90 43 84 63 35 92 25 124 21 29 63 42 51 30 53 36 49 49 33 99 116 43 28 60 98 101 30 35 74 67 104 
118 88 0 85 53 137 85 71 120 144 83 106 102 125 70 117 84 138 148 59 75 25 72 92 105 80 111 92 78 92 82 118 118 110 84 135 94 113 133 90 80 73 99 135 92 90 79 133 76 148 
40 10 85 0 56 117 8 56 42 59 26 26 68 43 98 54 26 55 95 82 33 79 53 44 82 34 114 12 19 52 32 61 35 44 26 50 39 29 89 107 32 19 50 89 91 20 25 66 58 95 
96 53 53 56 0 154 51 82 98 112 71 66 108 100 106 67 71 96 146 90 69 65 81 42 118 33 138 68 62 93 74 66 78 97 71 102 86 85 136 122 73 57 95 137 116 72 68 121 86 146 
98 127 137 117 154 0 125 72 99 127 90 138 49 106 75 170 91 153 52 79 87 112 73 161 36 148 37 107 99 64 85 178 140 81 91 129 77 111 38 58 86 103 67 41 45 97 92 77 68 52 
46 3 85 8 51 125 0 63 48 61 34 22 76 49 104 46 34 53 103 87 40 81 60 36 90 26 122 20 27 60 40 53 33 52 34 51 48 34 98 113 40 25 58 97 99 28 33 73 65 103 
64 66 71 56 82 72 63 0 66 97 32 83 30 73 44 110 33 107 76 31 23 50 3 95 36 81 59 52 37 22 27 116 89 48 33 92 32 67 61 50 26 38 31 63 36 44 32 68 4 76 
2 48 120 42 98 99 48 66 0 32 38 48 56 7 110 78 37 54 61 97 47 107 63 81 71 74 110 30 42 47 41 88 44 19 37 30 34 16 62 110 43 47 38 61 91 29 41 28 64 61 
33 60 144 59 112 127 61 97 32 0 67 48 88 24 142 71 66 34 83 128 77 134 94 83 103 82 141 52 68 79 71 81 38 51 66 10 65 31 89 143 73 72 71 87 123 56 69 50 95 83 
36 37 83 26 71 90 34 32 38 67 0 51 41 44 77 80 1 75 74 61 10 68 29 70 55 58 88 20 9 26 5 88 57 27 1 61 15 36 66 82 6 14 25 66 65 11 3 52 32 74 
47 19 106 26 66 138 22 83 48 48 51 0 90 45 125 31 50 31 108 109 59 103 80 35 105 34 140 31 46 76 57 41 12 59 50 37 61 32 107 133 58 46 71 106 117 41 51 76 84 108 
55 78 102 68 108 49 76 30 56 88 41 90 0 63 62 121 41 107 46 54 39 80 29 112 15 99 53 58 50 15 36 129 93 36 41 86 28 65 31 57 36 54 19 33 36 48 43 46 26 46 
9 48 125 43 100 106 49 73 7 24 44 45 63 0 117 75 43 47 66 104 53 112 70 79 79 73 117 33 47 54 47 85 40 27 43 23 41 14 69 118 49 51 46 67 98 34 46 32 71 66 
108 107 70 98 106 75 104 44 110 142 77 125 62 117 0 149 78 152 105 17 67 45 48 131 55 116 42 96 80 64 72 155 133 92 78 137 76 112 87 20 70 79 73 90 31 88 76 107 46 105 
78 43 117 54 67 170 46 110 78 71 80 31 121 75 149 0 80 40 140 132 87 120 107 25 135 36 168 62 73 106 86 10 35 91 80 61 92 63 138 160 86 72 102 137 145 72 79 107 111 140 
35 36 84 26 71 91 34 33 37 66 1 50 41 43 78 80 0 74 74 62 11 69 30 70 55 58 89 19 9 26 6 87 56 27 0 60 15 35 66 83 7 14 25 66 66 10 4 51 33 74 
54 50 138 55 96 153 53 107 54 34 75 31 107 47 152 40 74 0 113 136 84 134 104 59 123 63 160 55 72 95 80 50 20 72 74 26 80 42 117 157 81 73 89 115 139 63 75 80 107 113 
61 104 148 95 146 52 103 76 61 83 74 108 46 66 105 140 74 113 0 100 77 126 75 139 50 129 81 83 83 56 71 149 106 51 74 87 59 76 18 94 73 88 51 15 74 75 77 33 72 0 
95 90 59 82 90 79 87 31 97 128 61 109 54 104 17 132 62 136 100 0 52 34 34 114 51 99 52 81 64 52 57 138 117 79 62 123 63 98 83 32 55 63 61 85 33 73 60 97 33 100 
45 43 75 33 69 87 40 23 47 77 10 59 39 53 67 87 11 84 77 52 0 59 20 74 51 61 81 29 13 24 7 94 66 35 11 71 19 46 67 74 5 15 26 67 58 21 8 58 24 77 
105 84 25 79 65 112 81 50 107 134 68 103 80 112 45 120 69 134 126 34 59 0 51 98 81 84 86 82 66 72 66 123 114 93 69 127 77 102 111 65 64 62 80 113 67 78 66 116 54 126 
61 63 72 53 81 73 60 3 63 94 29 80 29 70 48 107 30 104 75 34 20 51 0 93 37 79 61 49 34 20 24 114 86 45 30 89 29 64 61 53 22 35 29 62 38 40 29 65 5 75 
79 35 92 44 42 161 36 95 81 83 70 35 112 79 131 25 70 59 139 114 74 98 93 0 125 14 155 56 62 96 75 25 45 88 70 72 84 65 134 143 75 59 95 134 132 65 68 108 98 139 
70 92 105 82 118 36 90 36 71 103 55 105 15 79 55 135 55 123 50 51 51 81 37 125 0 112 38 73 63 29 50 143 108 52 55 102 44 80 32 45 50 67 34 35 24 63 57 58 32 50 
72 25 80 34 33 148 26 81 74 82 58 34 99 73 116 36 58 63 129 99 61 84 79 14 112 0 140 46 49 83 63 39 45 78 58 71 72 59 123 129 62 45 83 123 117 54 55 100 84 129 
108 124 111 114 138 37 122 59 110 141 88 140 53 117 42 168 89 160 81 52 81 86 61 155 38 140 0 108 95 65 82 175 144 90 89 140 80 118 64 22 82 97 71 67 23 98 89 96 57 81 
28 21 92 12 68 107 20 52 30 52 20 31 58 33 96 62 19 55 83 81 29 82 49 56 73 46 108 0 17 44 25 70 37 32 19 44 30 20 78 102 26 20 40 77 86 10 20 54 53 83 
39 29 78 19 62 99 27 37 42 68 9 46 50 47 80 73 9 72 83 64 13 66 34 62 63 49 95 17 0 34 13 81 53 34 9 61 24 36 75 87 13 5 34 75 72 12 6 59 38 83 
45 63 92 52 93 64 60 22 47 79 26 76 15 54 64 106 26 95 56 52 24 72 20 96 29 83 65 44 34 0 20 114 79 28 26 76 15 53 43 63 21 38 9 44 44 34 28 45 19 56 
38 42 82 32 74 85 40 27 41 71 5 57 36 47 72 86 6 80 71 57 7 66 24 75 50 63 82 25 13 20 0 94 62 27 6 65 12 40 62 77 2 18 21 62 60 16 7 51 27 71 
87 51 118 61 66 178 53 116 88 81 88 41 129 85 155 10 87 50 149 138 94 123 114 25 143 39 175 70 81 114 94 0 45 100 87 71 100 72 148 166 94 78 110 147 152 80 87 116 118 149 
44 30 118 35 78 140 33 89 44 38 57 12 93 40 133 35 56 20 106 117 66 114 86 45 108 45 144 37 53 79 62 45 0 59 56 27 65 29 106 139 64 54 74 105 123 46 57 73 90 106 
18 53 110 44 97 81 52 48 19 51 27 59 36 27 92 91 27 72 51 79 35 93 45 88 52 78 90 32 34 28 27 100 59 0 27 50 17 30 47 91 30 40 19 46 71 25 31 24 46 51 
35 36 84 26 71 91 34 33 37 66 1 50 41 43 78 80 0 74 74 62 11 69 30 70 55 58 89 19 9 26 6 87 56 27 0 60 15 35 66 83 7 14 25 66 66 10 4 51 33 74 
31 49 135 50 102 129 51 92 30 10 61 37 86 23 137 61 60 26 87 123 71 127 89 72 102 71 140 44 61 76 65 71 27 50 60 0 62 25 92 140 67 64 68 90 120 50 63 54 91 87 
32 49 94 39 86 77 48 32 34 65 15 61 28 41 76 92 15 80 59 63 19 77 29 84 44 72 80 30 24 15 12 100 65 17 15 62 0 38 51 77 14 29 10 51 59 20 18 39 30 59 
15 33 113 29 85 111 34 67 16 31 36 32 65 14 112 63 35 42 76 98 46 102 64 65 80 59 118 20 36 53 40 72 29 30 35 25 38 0 76 116 42 40 46 75 97 25 38 44 67 76 
62 99 133 89 136 38 98 61 62 89 66 107 31 69 87 138 66 117 18 83 67 111 61 134 32 123 64 78 75 43 62 148 106 47 66 92 51 76 0 76 63 80 41 3 56 69 69 39 57 18 
109 116 90 107 122 58 113 50 110 143 82 133 57 118 20 160 83 157 94 32 74 65 53 143 45 129 22 102 87 63 77 166 139 91 83 140 77 116 76 0 75 88 72 79 21 93 82 103 49 94 
41 43 80 32 73 86 40 26 43 73 6 58 36 49 70 86 7 81 73 55 5 64 22 75 50 62 82 26 13 21 2 94 64 30 7 67 14 42 63 75 0 17 22 63 59 18 7 53 26 73 
45 28 73 19 57 103 25 38 47 72 14 46 54 51 79 72 14 73 88 63 15 62 35 59 67 45 97 20 5 38 18 78 54 40 14 64 29 40 80 88 17 0 39 80 73 17 11 65 39 88 
37 60 99 50 95 67 58 31 38 71 25 71 19 46 73 102 25 89 51 61 26 80 29 95 34 83 71 40 34 9 21 110 74 19 25 68 10 46 41 72 22 39 0 41 52 30 28 36 28 51 
61 98 135 89 137 41 97 63 61 87 66 106 33 67 90 137 66 115 15 85 67 113 62 134 35 123 67 77 75 44 62 147 105 46 66 90 51 75 3 79 63 80 41 0 59 69 69 36 59 15 
89 101 92 91 116 45 99 36 91 123 65 117 36 98 31 145 66 139 74 33 58 67 38 132 24 117 23 86 72 44 60 152 123 71 66 120 59 97 56 21 59 73 52 59 0 76 66 82 34 74 
27 30 90 20 72 97 28 44 29 56 11 41 48 34 88 72 10 63 75 73 21 78 40 65 63 54 98 10 12 34 16 80 46 25 10 50 20 25 69 93 18 17 30 69 76 0 13 48 43 75 
39 35 79 25 68 92 33 32 41 69 3 51 43 46 76 79 4 75 77 60 8 66 29 68 57 55 89 20 6 28 7 87 57 31 4 63 18 38 69 82 7 11 28 69 66 13 0 55 32 77 
29 74 133 66 121 77 73 68 28 50 52 76 46 32 107 107 51 80 33 97 58 116 65 108 58 100 96 54 59 45 51 116 73 24 51 54 39 44 39 103 53 65 36 36 82 48 55 0 64 33 
62 67 76 58 86 68 65 4 64 95 32 84 26 71 46 111 33 107 72 33 24 54 5 98 32 84 57 53 38 19 27 118 90 46 33 91 30 67 57 49 26 39 28 59 34 43 32 64 0 72 
61 104 148 95 146 52 103 76 61 83 74 108 46 66 105 140 74 113 0 100 77 126 75 139 50 129 81 83 83 56 71 149 106 51 74 87 59 76 18 94 73 88 51 15 74 75 77 33 72 0 
0 739 0 28577 98508 0 5780 1 59 0 0 0 0 636 0 0 0 5376 0 207 0 35591 0 3 10 30 0 675 2083 1 0 33 7 0 0 0 0 56 8626 35056 43 0 0 396 0 858 95 0 38 0 
739 0 2507 0 0 31668 0 48 0 0 34 0 594 1623 57 0 1 2481 0 3 0 0 525 0 0 137 1 84 0 2 11 41914 0 0 227 2316 323 58315 22 0 83 0 0 0 0 0 152 1 0 0 
0 2507 0 8825 8 0 13 0 46721 0 0 0 0 0 1 8468 0 0 1 1367 0 6364 0 0 0 266 0 590 0 0 541 0 35267 346 28500 46 48313 0 10 0 0 0 8900 45 0 0 0 112 599 0 
28577 0 8825 0 6 0 42993 0 0 226 0 1345 0 0 30 56 0 0 0 0 11 82172 0 1126 0 0 0 0 0 42 0 0 4 4 92 29548 6 141 0 19 60751 1 335 0 0 29 4887 0 0 290 
98508 0 8 6 0 0 0 0 379 0 0 0 0 0 6 0 4054 0 0 585 0 0 0 0 0 0 19864 12443 11069 0 0 0 0 0 13484 425 0 1675 0 129 154 0 0 6555 0 0 11528 433 9 0 
0 31668 0 0 0 0 4259 245 6438 56079 0 10 0 51316 49232 677 0 0 75833 62 45 5 0 14274 0 0 3068 485 21 16589 4 0 19946 0 0 0 0 0 1564 0 398 0 4756 1197 0 5717 0 626 257 259 
5780 0 13 42993 0 4259 0 0 1 0 0 770 2 0 92 0 0 9 1836 280 0 0 0 3 0 284 0 73616 72 0 80 5264 10 1 1161 76 0 27 0 11242 0 2127 72 0 352 0 2850 0 0 0 
1 48 0 0 0 245 0 0 0 0 8 0 0 0 0 18 4761 0 422 0 0 22 82 0 11 0 18952 6 489 0 50 0 0 0 0 0 0 0 0 5 5502 1 6 9 266 3 0 282 27923 46951 
59 0 46721 0 379 6438 1 0 0 0 7485 164 1601 0 209 1 19 0 0 1 0 1 0 0 0 0 33841 0 0 0 10630 139 0 0 0 0 0 0 0 4 0 0 0 1318 0 0 4025 0 1938 20877 
0 0 0 226 0 56079 0 0 0 0 0 1 5 0 6 0 8196 14 0 57823 0 0 0 2230 4 0 0 0 32673 256 10576 28060 0 0 0 236 0 0 23795 15453 111 9 72 9 1906 0 0 19 0 25 
0 34 0 0 0 0 0 8 7485 0 0 0 2 239 18 0 5125 1935 231 0 0 0 0 0 0 169 4808 0 422 2 0 0 0 669 0 3 0 1434 1106 1 30 0 1 15140 0 98 177 0 0 0 
0 0 0 1345 0 10 770 0 164 1 0 0 3331 2 0 0 0 17 0 0 4179 27644 0 0 0 0 0 0 69 0 0 0 36 7 0 17 0 0 4 0 4 0 1 0 13551 886 0 0 5221 8651 
0 594 0 0 0 0 2 0 1601 5 2 3331 0 62 34648 6 0 2594 1 16048 0 0 5344 0 0 0 0 0 13 0 8 0 0 0 0 0 0 0 183 0 10020 517 0 1392 173 0 4758 0 0 0 
636 1623 0 0 0 51316 0 0 0 0 239 2 62 0 2 0 6 0 0 2 12629 0 0 0 6 325 0 0 0 0 0 0 0 86 0 0 1 5 1858 88 0 31815 119 31725 2 11467 0 7 0 0 
0 57 1 30 6 49232 92 0 209 6 18 0 34648 2 0 49891 0 0 0 238 32 167 480 0 430 0 0 0 0 0 69 0 0 0 24645 8674 3 0 0 0 44 0 1 1 0 12858 15 0 0 0 
0 0 8468 56 0 677 0 18 1 0 0 0 6 0 49891 0 0 41135 1503 17003 0 242 4 1681 0 17075 600 0 0 0 0 0 0 3 0 0 285 22 31 0 13752 786 0 92 0 40 10033 810 0 0 
0 1 0 0 4054 0 0 4761 19 8196 5125 0 0 6 0 0 0 0 109 2120 0 0 2990 0 12 0 0 43 0 0 0 206 0 0 0 3794 83 73654 9 0 0 6375 1 4 0 0 54 0 2 0 
5376 2481 0 0 0 0 9 0 0 14 1935 17 2594 0 0 41135 0 0 3905 9 56 0 211 0 14712 0 3375 0 0 1393 0 17837 10964 0 0 1474 0 48758 236 0 4 16 0 24415 19850 0 0 0 0 0 
0 0 1 0 0 75833 1836 422 0 0 231 0 1 0 0 1503 109 3905 0 0 0 173 0 10264 0 0 0 17902 0 0 50364 10984 0 5412 0 976 3024 0 7 229 1 0 5 6 0 0 0 10875 0 73 
207 3 1367 0 585 62 280 0 1 57823 0 0 16048 2 238 17003 2120 9 0 0 50052 4 1724 0 0 90563 6100 0 31244 1 0 44819 0 0 0 0 0 0 120 0 10 0 0 6605 0 0 0 29 4 0 
0 0 0 11 0 45 0 0 0 0 0 4179 0 12629 32 0 0 56 0 50052 0 22881 59922 0 24 49808 0 0 68614 79 0 2384 0 28951 0 7 4 29047 66050 3 1 0 0 0 0 0 756 0 24 0 
35591 0 6364 82172 0 5 0 22 1 0 0 27644 0 0 167 242 0 0 173 4 22881 0 1614 0 0 0 0 714 0 2 0 34 3270 0 413 0 184 1 0 1795 1702 2 81411 0 92 2258 3143 0 30 0 
0 525 0 0 0 0 0 82 0 0 0 0 5344 0 480 4 2990 211 0 1724 59922 1614 0 4 0 77 0 0 1786 0 27248 329 1 0 110 0 1 71 32601 56152 0 2 500 150 10 227 0 0 0 0 
3 0 0 1126 0 14274 3 0 0 2230 0 0 0 0 0 1681 0 0 10264 0 0 0 4 0 0 0 1 4282 3 0 0 0 42 30257 0 0 0 473 0 186 0 6 0 0 0 3597 0 1 0 0 
10 0 0 0 0 0 0 11 0 4 0 0 0 6 430 0 12 14712 0 0 24 0 0 0 0 15521 0 44004 0 982 0 0 24947 58812 12587 0 0 0 0 0 0 33 5 0 49690 18543 3897 0 830 5 
30 137 266 0 0 0 284 0 0 0 169 0 0 325 0 17075 0 0 0 90563 49808 0 77 0 15521 0 191 82635 34 1748 2420 31 17993 0 13757 0 1 0 0 4 12 1 0 0 23754 1 19 50 0 136 
0 1 0 0 19864 3068 0 18952 33841 0 4808 0 0 0 0 600 0 3375 0 6100 0 0 0 1 0 191 0 4464 0 0 0 59095 35162 0 3 1477 643 11 52509 110 0 0 473 0 1 2 411 479 0 5 
675 84 590 0 12443 485 73616 6 0 0 0 0 0 0 0 0 43 0 17902 0 0 714 0 4282 44004 82635 4464 0 0 0 6 4 0 21825 3554 0 0 28810 360 3699 0 0 0 1077 202 0 0 2 0 317 
2083 0 0 0 11069 21 72 489 0 32673 422 69 13 0 0 0 0 0 0 31244 68614 0 1786 3 0 34 0 0 0 74 0 10 117 0 0 0 0 0 0 3 24 0 2 0 0 0 4 0 715 0 
1 2 0 42 0 16589 0 0 0 256 2 0 0 0 0 0 0 1393 0 1 79 2 0 0 982 1748 0 0 74 0 0 5296 12112 0 0 40926 1528 0 0 1414 0 85351 0 8854 13200 3 0 16682 18 83727 
0 11 541 0 0 4 80 50 10630 10576 0 0 8 0 69 0 0 0 50364 0 0 0 27248 0 0 2420 0 6 0 0 0 0 66 0 3597 0 0 12 0 39 0 0 286 0 0 0 2272 0 0 4016 
33 41914 0 0 0 0 5264 0 139 28060 0 0 0 0 0 0 206 17837 10984 44819 2384 34 329 0 0 31 59095 4 10 5296 0 0 0 1 67147 0 549 4 0 2 0 261 7 728 25769 0 0 4760 0 466 
7 0 35267 4 0 19946 10 0 0 0 0 36 0 0 0 0 0 10964 0 0 0 3270 1 42 24947 17993 35162 0 117 12112 66 0 0 0 1330 2389 6 0 0 0 0 50 30161 5 18 0 5 0 0 0 
0 0 346 4 0 0 1 0 0 0 669 7 0 86 0 3 0 0 5412 0 28951 0 0 30257 58812 0 0 21825 0 0 0 1 0 0 50901 0 0 646 0 0 0 0 18 0 0 0 0 5440 65 0 
0 227 28500 92 13484 0 1161 0 0 0 0 0 0 0 24645 0 0 0 0 0 0 413 110 0 12587 13757 3 3554 0 0 3597 67147 1330 50901 0 0 5186 17 0 0 1 0 0 109 588 13951 58 0 4 0 
0 2316 46 29548 425 0 76 0 0 236 3 17 0 0 8674 0 3794 1474 976 0 7 0 0 0 0 0 1477 0 0 40926 0 0 2389 0 0 0 6098 34 12512 0 0 0 0 51 20224 15430 0 3 90573 0 
0 323 48313 6 0 0 0 0 0 0 0 0 0 1 3 285 83 0 3024 0 4 184 1 0 0 1 643 0 0 1528 0 549 6 0 5186 6098 0 0 0 244 0 1250 0 0 604 0 0 34 23 1327 
56 58315 0 141 1675 0 27 0 0 0 1434 0 0 5 0 22 73654 48758 0 0 29047 1 71 473 0 0 11 28810 0 0 12 4 0 646 17 34 0 0 204 2 21 0 0 0 1217 0 0 16909 38 0 
8626 22 10 0 0 1564 0 0 0 23795 1106 4 183 1858 0 31 9 236 7 120 66050 0 32601 0 0 0 52509 360 0 0 0 0 0 0 0 12512 0 204 0 0 22739 0 0 32 368 0 0 0 29 0 
35056 0 0 19 129 0 11242 5 4 15453 1 0 0 88 0 0 0 0 229 0 3 1795 56152 186 0 4 110 3699 3 1414 39 2 0 0 0 0 244 2 0 0 0 6474 0 26375 247 3291 0 4 123 253 
43 83 0 60751 154 398 0 5502 0 111 30 4 10020 0 44 13752 0 4 1 10 1 1702 0 0 0 12 0 0 24 0 0 0 0 0 1 0 0 21 22739 0 0 61 0 1591 0 78 42928 1 0 0 
0 0 0 1 0 0 2127 1 0 9 0 0 517 31815 0 786 6375 16 0 0 0 2 2 6 33 1 0 0 0 85351 0 261 50 0 0 0 1250 0 0 6474 61 0 39399 257 1700 7227 0 0 0 0 
0 0 8900 335 0 4756 72 6 0 72 1 1 0 119 1 0 1 0 5 0 0 81411 500 0 5 0 473 0 2 0 286 7 30161 18 0 0 0 0 0 0 0 39399 0 0 12 0 1756 5204 43374 13154 
396 0 45 0 6555 1197 0 9 1318 9 15140 0 1392 31725 1 92 4 24415 6 6605 0 0 150 0 0 0 0 1077 0 8854 0 728 5 0 109 51 0 0 32 26375 1591 257 0 0 685 49369 9058 0 0 0 
0 0 0 0 0 0 352 266 0 1906 0 13551 173 2 0 0 0 19850 0 0 0 92 10 0 49690 23754 1 202 0 13200 0 25769 18 0 588 20224 604 1217 368 247 0 1700 12 685 0 27221 16987 1552 0 13 
858 0 0 29 0 5717 0 3 0 0 98 886 0 11467 12858 40 0 0 0 0 0 2258 227 3597 18543 1 2 0 0 3 0 0 0 0 13951 15430 0 0 0 3291 78 7227 0 49369 27221 0 0 0 0 0 
95 152 0 4887 11528 0 2850 0 4025 0 177 0 4758 0 15 10033 54 0 0 0 756 3143 0 0 3897 19 411 0 4 0 2272 0 5 0 58 0 0 0 0 0 42928 0 1756 9058 16987 0 0 0 0 2 
0 1 112 0 433 626 0 282 0 19 0 0 0 7 0 810 0 0 10875 29 0 0 0 1 0 50 479 2 0 16682 0 4760 0 5440 0 3 34 16909 0 4 1 0 5204 0 1552 0 0 0 10604 0 
38 0 599 0 9 257 0 27923 1938 0 0 5221 0 0 0 0 2 0 0 4 24 30 0 0 830 0 0 0 715 18 0 0 0 65 4 90573 23 38 29 123 0 0 43374 0 0 0 0 10604 0 0 
0 0 0 290 0 259 0 46951 20877 25 0 8651 0 0 0 0 0 0 73 0 0 0 0 0 5 136 5 317 0 83727 4016 466 0 0 0 0 1327 0 0 253 0 0 13154 0 13 0 2 0 0 0 
0 0 71646 0 0 80 0 0 0 1444 83 5 14 0 322 1 115 0 26 0 198 0 960 0 0 0 47648 0 0 11 737 0 0 110 0 4 24 0 0 0 0 988 19921 0 6 0 0 5351 0 1067 
0 0 0 123 16 0 1407 0 277 3 0 13743 0 0 0 19 0 0 1584 0 1138 0 0 11 228 0 0 0 10147 0 0 0 99 1980 0 0 0 0 0 27 0 1011 221 3 2 258 0 0 117 2 
71646 0 0 0 2 7 0 67283 0 0 7 1 3982 10451 1 0 779 2 0 0 0 0 1333 145 11986 0 2 0 3893 5 0 9 0 0 0 0 0 53 0 1683 32 0 0 0 32147 89893 67647 0 0 51396 
0 123 0 0 0 15138 0 5 1184 0 20679 0 0 992 0 0 47735 1 18 28 0 0 42 0 4 92669 303 3 323 0 0 39204 0 0 0 0 0 0 8322 0 0 0 0 10605 4 0 0 60751 8719 0 
0 16 2 0 0 6250 62 20 0 17 10878 41818 11573 3231 0 1 0 85 91967 0 6 11614 1 75509 149 1853 0 0 0 40 24613 0 0 4 0 0 34 0 33445 0 0 12872 22291 0 23 16156 0 0 0 15115 
80 0 7 15138 6250 0 0 0 0 0 4 0 1 0 0 0 372 1134 0 0 0 0 2710 0 1 261 0 0 0 0 1 7210 0 48374 30221 0 10376 9 0 795 0 7457 0 0 1413 0 759 0 0 0 
0 1407 0 0 62 0 0 32264 0 57 2706 0 0 65965 0 3 12578 0 0 0 24161 8 5 0 7 0 965 0 0 44041 0 0 0 0 0 0 7 3 231 0 26977 0 0 1 0 30 0 1 0 88 
0 0 67283 5 20 0 32264 0 2627 2554 0 36173 2 50198 2770 0 0 585 0 1265 12 1 0 54 1 2 0 0 0 532 0 1125 17813 16 48246 1638 50209 3 139 0 0 0 0 0 0 0 309 0 0 0 
0 277 0 1184 0 0 0 2627 0 711 0 0 0 16 0 0 0 1185 524 0 2 0 4929 1001 14840 1 0 7356 5 288 0 0 95 291 294 1014 235 33 10512 0 5 9 26 0 8030 389 0 4627 0 0 
1444 3 0 0 17 0 57 2554 711 0 131 0 0 21635 0 77 0 0 3 0 6 22545 10 0 0 932 1 4448 0 0 0 0 48096 4 48 0 9 56 0 0 0 0 0 0 0 78 57997 0 7 0 
83 0 7 20679 10878 4 2706 0 0 131 0 50643 0 0 0 84174 0 0 0 2 25152 5094 11805 27002 7494 0 0 86681 0 0 5401 3 3609 0 135 0 2950 0 0 1 0 86 2 0 2717 0 0 1861 27257 419 
5 13743 1 0 41818 0 0 36173 0 0 50643 0 0 0 656 25328 9883 0 18778 10287 0 0 36 3229 2805 24 3739 1185 0 104 34874 77 0 0 4 0 1452 265 0 1933 0 7034 0 1 0 0 227 1265 0 0 
14 0 3982 0 11573 1 0 2 0 0 0 0 0 0 0 65 3 0 0 0 67 4 0 62 3279 14 17630 21 0 47 0 483 4 266 27095 0 9 77909 0 45 0 0 73589 0 0 688 0 14033 1163 249 
0 0 10451 992 3231 0 65965 50198 16 21635 0 0 0 0 0 43845 200 918 31 0 0 25464 32 156 0 0 41 120 12 2 22 81606 11374 0 130 13 0 0 0 0 29 0 0 0 0 0 54 0 919 6662 
322 0 1 0 0 0 0 2770 0 0 0 656 0 0 0 0 156 26 61438 0 0 0 0 0 0 145 85689 2 50252 8 0 3 390 34975 0 0 0 20 16 11631 0 354 4 0 41544 0 0 164 8 2415 
1 19 0 0 1 0 3 0 0 77 84174 25328 65 43845 0 0 0 0 0 0 35345 0 5 0 620 0 0 46844 1443 129 7851 15066 6816 0 455 165 1 0 0 30507 0 0 5 0 184 0 0 0 40288 3 
115 0 779 47735 0 372 12578 0 0 0 0 9883 3 200 156 0 0 17 0 0 45 88 0 198 0 1116 4725 0 5608 2917 781 0 184 3598 81 0 0 0 0 14658 3 0 0 0 2 1 0 344 0 2596 
0 0 2 1 85 1134 0 585 1185 0 0 0 0 918 26 0 17 0 0 0 0 1789 0 65 0 36342 0 982 2300 0 11861 0 0 4 4310 0 7051 0 0 333 4 0 10863 0 0 44 2 2635 59 2 
26 1584 0 18 91967 0 0 0 524 3 0 18778 0 31 61438 0 0 0 0 11482 7 0 8020 0 88763 5451 1 0 3894 54 0 0 555 0 345 0 0 15 0 0 0 200 0 0 20 19981 0 0 6 0 
0 0 0 28 0 0 0 1265 0 0 2 10287 0 0 0 0 0 0 11482 0 0 0 0 1064 9064 0 0 579 0 0 77 0 37953 7947 43229 0 1250 2045 0 1 0 327 364 0 9676 208 192 0 1 61 
198 1138 0 0 6 0 24161 12 2 6 25152 0 67 0 0 35345 45 0 7 0 0 0 0 2691 0 0 87 233 0 0 516 0 0 0 2870 0 0 0 0 0 0 1229 2 19 3658 1 0 29757 0 21469 
0 0 0 0 11614 0 8 1 0 22545 5094 0 4 25464 0 0 88 1789 0 0 0 0 0 1 13 18 112 0 2703 0 30313 0 0 261 0 15 0 0 2 0 0 0 0 5 0 0 0 879 0 8128 
960 0 1333 42 1 2710 5 0 4929 10 11805 36 0 32 0 5 0 0 8020 0 0 0 0 0 600 0 2 2 0 6863 0 0 0 20839 0 69 0 0 0 0 2486 0 0 0 1 0 175 31269 78301 18 
0 11 145 0 75509 0 0 54 1001 0 27002 3229 62 156 0 0 198 65 0 1064 2691 1 0 0 54 78 0 0 0 2 10306 0 0 0 9 5 3 0 4078 0 6809 0 48 2 331 0 100 97 15300 0 
0 228 11986 4 149 1 7 1 14840 0 7494 2805 3279 0 0 620 0 0 88763 9064 0 13 600 54 0 0 184 0 36223 0 232 233 0 0 0 83 2435 1 28834 65126 3015 1 0 12 0 0 0 10666 0 0 
0 0 0 92669 1853 261 0 2 1 932 0 24 14 0 145 0 1116 36342 5451 0 0 18 0 78 0 0 0 0 0 0 0 0 0 290 0 0 0 8 0 1 0 0 7 1 0 0 0 0 1112 0 
47648 0 2 303 0 0 965 0 0 1 0 3739 17630 41 85689 0 4725 0 1 0 87 112 2 0 184 0 0 0 880 374 19979 0 0 10334 1 0 0 0 0 0 149 8824 0 2 0 0 0 0 129 1 
0 0 0 3 0 0 0 0 7356 4448 86681 1185 21 120 2 46844 0 982 0 579 233 0 2 0 0 0 0 0 6272 1946 0 0 46 0 0 3806 1 0 0 0 74 1755 5981 0 0 19 1010 12 7 0 
0 10147 3893 323 0 0 0 0 5 0 0 0 0 12 50252 1443 5608 2300 3894 0 0 2703 0 0 36223 0 880 6272 0 0 21 0 0 133 1 12634 4 12184 616 0 0 20 0 58283 79 1 0 7 0 47984 
11 0 5 0 40 0 44041 532 288 0 0 104 47 2 8 129 2917 0 54 0 0 0 6863 2 0 0 374 1946 0 0 0 0 0 679 523 0 0 1357 1 0 182 0 1754 0 0 0 37 0 0 0 
737 0 0 0 24613 1 0 0 0 0 5401 34874 0 22 0 7851 781 11861 0 77 516 30313 0 10306 232 0 19979 0 21 0 0 3137 0 1434 0 339 4508 0 23 0 13 85518 0 807 0 54657 0 725 97 0 
0 0 9 39204 0 7210 0 1125 0 0 3 77 483 81606 3 15066 0 0 0 0 0 0 0 0 233 0 0 0 0 0 3137 0 19 0 0 8728 0 0 1230 0 36309 0 0 0 0 3 751 0 21015 0 
0 99 0 0 0 0 0 17813 95 48096 3609 0 4 11374 390 6816 184 0 555 37953 0 0 0 0 0 0 0 46 0 0 0 19 0 2613 0 0 0 19909 89 3 7 0 0 0 0 0 0 71120 26570 11836 
110 1980 0 0 4 48374 0 16 291 4 0 0 266 0 34975 0 3598 4 0 7947 0 261 20839 0 0 290 10334 0 133 679 1434 0 2613 0 0 106 729 0 20 43 861 265 0 694 3032 1 2814 0 0 3 
0 0 0 0 0 30221 0 48246 294 48 135 4 27095 130 0 455 81 4310 345 43229 2870 0 0 9 0 0 1 0 1 523 0 0 0 0 0 3 0 0 113 18597 0 160 7622 0 0 0 0 32337 0 1 
4 0 0 0 0 0 0 1638 1014 0 0 0 0 13 0 165 0 0 0 0 0 15 69 5 83 0 0 3806 12634 0 339 8728 0 106 3 0 0 0 0 32 54 5 3863 12 0 0 12 0 0 321 
24 0 0 0 34 10376 7 50209 235 9 2950 1452 9 0 0 1 0 7051 0 1250 0 0 0 3 2435 0 0 1 4 0 4508 0 0 729 0 0 0 849 1822 0 71329 0 578 79 0 3 582 0 0 0 
0 0 53 0 0 9 3 3 33 56 0 265 77909 0 20 0 0 0 15 2045 0 0 0 0 1 8 0 0 12184 1357 0 0 19909 0 0 0 849 0 0 0 0 73534 11 21514 0 47 29203 0 0 4298 
0 0 0 8322 33445 0 231 139 10512 0 0 0 0 0 16 0 0 0 0 0 0 2 0 4078 28834 0 0 0 616 1 23 1230 89 20 113 0 1822 0 0 31401 0 64189 10743 0 0 217 1367 326 1 1043 
0 27 1683 0 0 795 0 0 0 0 1 1933 45 0 11631 30507 14658 333 0 1 0 0 0 0 65126 1 0 0 0 0 0 0 3 43 18597 32 0 0 31401 0 1 0 2848 0 0 0 5 0 0 0 
0 0 32 0 0 0 26977 0 5 0 0 0 0 29 0 0 3 4 0 0 0 0 2486 6809 3015 0 149 74 0 182 13 36309 7 861 0 54 71329 0 0 1 0 0 1234 0 11619 0 0 0 526 1 
988 1011 0 0 12872 7457 0 0 9 0 86 7034 0 0 354 0 0 0 200 327 1229 0 0 0 1 0 8824 1755 20 0 85518 0 0 265 160 5 0 73534 64189 0 0 0 0 0 0 0 1 890 32424 33 
19921 221 0 0 22291 0 0 0 26 0 2 0 73589 0 4 5 0 10863 0 364 2 0 0 48 0 7 0 5981 0 1754 0 0 0 0 7622 3863 578 11 10743 2848 1234 0 0 1205 0 3124 0 0 0 0 
0 3 0 10605 0 0 1 0 0 0 0 1 0 0 0 0 0 0 0 0 19 5 0 2 12 1 2 0 58283 0 807 0 0 694 0 12 79 21514 0 0 0 0 1205 0 0 0 0 101 15 14349 
6 2 32147 4 23 1413 0 0 8030 0 2717 0 0 0 41544 184 2 0 20 9676 3658 0 1 331 0 0 0 0 79 0 0 0 0 3032 0 0 0 0 0 0 11619 0 0 0 0 0 0 0 235 0 
0 258 89893 0 16156 0 30 0 389 78 0 0 688 0 0 0 1 44 19981 208 1 0 0 0 0 0 0 19 1 0 54657 3 0 1 0 0 3 47 217 0 0 0 3124 0 0 0 10529 15 27 2 
0 0 67647 0 0 759 0 309 0 57997 0 227 0 54 0 0 0 2 0 192 0 0 175 100 0 0 0 1010 0 37 0 751 0 2814 0 12 582 29203 1367 5 0 1 0 0 0 10529 0 2 57537 0 
5351 0 0 60751 0 0 1 0 4627 0 1861 1265 14033 0 164 0 344 2635 0 0 29757 879 31269 97 10666 0 0 12 7 0 725 0 71120 0 32337 0 0 0 326 0 0 890 0 101 0 15 2 0 0 3845 
0 117 0 8719 0 0 0 0 0 7 27257 0 1163 919 8 40288 0 59 6 1 0 0 78301 15300 0 1112 129 7 0 0 97 21015 26570 0 0 0 0 0 1 0 526 32424 0 15 235 27 57537 0 0 7 
1067 2 51396 0 15115 0 88 0 0 0 419 0 249 6662 2415 3 2596 2 0 61 21469 8128 18 0 0 0 1 0 47984 0 0 0 11836 3 1 321 0 4298 1043 0 1 33 0 14349 0 2 0 3845 7 0 
0 0 733 0 0 3633 0 173 0 22460 794 652 1 0 215 0 2 0 26 0 8811 0 13 0 0 0 1 0 0 0 6894 2 0 412 3 20802 53698 0 0 0 0 684 22 0 49 0 0 20106 0 451 
0 0 0 0 230 0 2787 0 3399 359 0 17 0 0 0 61531 2 0 77 0 1236 2984 0 1105 2606 0 0 0 195 0 0 0 4 8817 0 0 0 0 0 110 0 23556 1331 4 1894 22 0 0 1418 6 
733 0 0 0 0 39713 0 9 0 31605 0 1 16 6612 14 0 0 3 0 0 4 0 1521 549 28192 0 763 0 183 72262 0 4219 0 0 0 0 0 38 0 35710 416 8 0 0 180 12713 5 0 0 16995 
0 0 0 0 0 38080 0 19 337 0 1 0 75 897 0 0 226 9 6 36 0 0 31588 0 2 1413 3909 46927 1520 0 245 12401 0 0 0 0 0 0 12555 0 0 0 0 23075 911 0 0 17 22920 0 
0 230 0 0 0 435 134 873 0 289 19 21 141 674 0 99 0 53569 297 0 1 336 31 315 24883 442 0 0 0 0 2095 840 1 10 0 0 1 0 90 0 0 0 32329 0 1 2343 0 0 0 6 
3633 0 39713 38080 435 0 0 0 0 0 3747 0 15 0 0 0 5 7910 0 0 0 0 44830 0 0 329 0 0 0 0 1 54641 0 8 4 2 7 1754 0 619 0 15772 0 0 23432 0 50671 0 0 0 
0 2787 0 0 134 0 0 4748 63 970 85155 0 0 1034 0 7016 167 0 0 0 4057 22 114 0 5 0 19 0 0 3144 0 0 0 0 0 0 21219 0 234 0 23037 0 0 1 0 133 0 729 16623 3 
173 0 9 19 873 0 4748 0 2214 14 0 24350 2 37325 949 0 0 605 0 15 9 0 0 315 0 1991 0 0 0 3529 0 5257 920 14028 5665 4641 1 75127 4216 0 0 1 0 0 0 0 939 0 0 0 
0 3399 0 337 0 0 63 2214 0 511 0 0 0 9 0 0 0 0 439 0 77 0 630 9093 25 53 0 202 376 3710 0 0 11435 97722 167 47 66453 23 1551 0 1452 29 7 0 316 2 0 11101 0 0 
22460 359 31605 0 289 0 970 14 511 0 480 0 0 85 0 232 0 0 10 0 529 38 2 0 0 9 7739 2700 0 0 0 0 202 44 0 0 38695 98 0 0 0 0 0 0 0 252 2 3 12 0 
794 0 0 1 19 3747 85155 0 0 480 0 155 0 0 0 27559 0 0 0 478 2 22974 83730 12606 11240 0 0 3617 0 0 162 19 4 0 539 0 14 0 0 0 0 32 0 0 27 0 0 1 250 47 
652 17 1 0 21 0 0 24350 0 0 155 0 0 0 1097 1093 71944 0 5 1 0 0 44566 361 287 23 8978 61 0 52132 121 1471 0 0 372 0 5350 3 0 671 0 2 0 11 0 0 23 1 0 0 
1 0 16 75 141 15 0 2 0 0 0 0 0 0 0 0 10443 0 2 0 7461 3153 0 14863 98 0 18 14563 0 16 0 40 4 312 82 2 14805 98059 0 1 0 0 1 0 0 67 0 0 213 2 
0 0 6612 897 674 0 1034 37325 9 85 0 0 0 0 0 6 0 391 223 0 0 2473 819 4 0 0 1 434 5362 382 41 9468 14135 0 5 590 0 0 0 0 1 0 0 0 0 0 1349 0 19530 1 
215 0 14 0 0 0 0 949 0 0 0 1097 0 0 0 0 187 1 12 0 0 0 0 86 0 605 3 6993 32149 13927 0 47824 10165 13117 0 0 0 49 26 19963 0 1532 0 0 61 0 0 0 3 542 
0 61531 0 0 99 0 7016 0 0 232 27559 1093 0 6 0 0 1 0 0 0 5685 0 0 0 517 0 0 2007 6371 8904 78762 1 4851 6 1 2 0 0 0 64242 0 0 136 0 4 0 0 0 1 3181 
2 2 0 226 0 5 167 0 0 0 0 71944 10443 0 187 1 0 859 0 0 45 7 0 292 0 233 628 3 1002 27190 15 0 6653 11314 316 0 0 0 0 30 63 0 0 0 402 100 0 13 0 759 
0 0 3 9 53569 7910 0 605 0 0 0 0 0 391 1 0 859 0 0 0 0 10351 0 61864 0 241 0 62 39 0 3142 0 0 359 4 0 113 0 0 4743 0 0 5 0 0 7981 3655 87827 12817 8 
26 77 0 6 297 0 0 0 439 10 0 5 2 223 12 0 0 0 0 33665 122 0 53 0 3442 74 2071 0 18748 1509 0 0 1 0 137 0 0 418 6 0 0 38807 0 0 77 82870 91 0 291 0 
0 0 0 36 0 0 0 15 0 0 478 1 0 0 0 0 0 0 33665 0 0 0 0 1133 770 0 0 5590 0 0 4804 0 5895 1 51304 36 15980 2 0 0 0 20 22212 0 4853 273 4015 0 0 2 
8811 1236 4 0 1 0 4057 9 77 529 2 0 7461 0 0 5685 45 0 122 0 0 0 0 40931 0 0 0 1182 0 0 405 0 0 0 2257 0 2 0 0 0 0 120 15259 3017 31 0 0 54471 1 985 
0 2984 0 0 336 0 22 0 0 38 22974 0 3153 2473 0 0 7 10351 0 0 0 0 0 2 11656 11 42 0 55024 1 29127 0 0 24 0 722 0 0 15020 0 0 0 0 11 1 0 0 2105 0 655 
13 0 1521 31588 31 44830 114 0 630 2 83730 44566 0 819 0 0 0 0 53 0 0 0 0 0 88 0 152 6 0 22039 0 0 0 9471 0 99002 0 0 0 0 1892 0 0 0 0 0 667 11844 4536 22 
0 1105 549 0 315 0 0 315 9093 0 12606 361 14863 4 86 0 292 61864 0 1133 40931 2 0 0 337 4 0 0 0 1511 356 30 0 0 1 5 554 0 16 0 2 0 12 1299 5 0 6 0 559 191 
0 2606 28192 2 24883 0 5 0 25 0 11240 287 98 0 0 517 0 0 3442 770 0 11656 88 337 0 0 28 0 30 0 27 3 0 0 0 2430 450 0 68901 55744 12861 0 0 7 0 0 0 47 0 0 
0 0 0 1413 442 329 0 1991 53 9 0 23 0 0 605 0 233 241 74 0 0 11 0 4 0 0 0 0 0 0 0 0 0 33951 0 2 0 18 0 6 0 0 375 62 0 1 0 0 93 0 
1 0 763 3909 0 0 19 0 0 7739 0 8978 18 1 3 0 628 0 2071 0 0 42 152 0 28 0 0 0 117 464 26998 0 0 6533 0 0 0 0 0 0 6 986 0 5886 8 20 0 0 1 0 
0 0 0 46927 0 0 0 0 202 2700 3617 61 14563 434 6993 2007 3 62 0 5590 1182 0 6 0 0 0 0 0 11 15408 0 0 8 0 0 2403 582 0 0 0 1658 54 13816 0 0 47 671 2 97381 0 
0 195 183 1520 0 0 0 0 376 0 0 0 0 5362 32149 6371 1002 39 18748 0 0 55024 0 0 30 0 117 11 0 0 1 6 0 3 88 1436 981 1052 1984 0 0 45912 0 59331 1 1264 0 17695 0 13529 
0 0 72262 0 0 0 3144 3529 3710 0 0 52132 16 382 13927 8904 27190 0 1509 0 0 1 22039 1511 0 0 464 15408 0 0 0 0 0 34 68 0 0 13767 155 0 2 0 11174 0 0 0 82 0 0 0 
6894 0 0 245 2095 1 0 0 0 0 162 121 0 41 0 78762 15 3142 0 4804 405 29127 0 356 27 0 26998 0 1 0 0 650 0 130 0 1036 827 0 1972 0 1751 20 0 72927 2198 42768 0 541 18 0 
2 0 4219 12401 840 54641 0 5257 0 0 19 1471 40 9468 47824 1 0 0 0 0 0 0 0 30 3 0 0 0 6 0 650 0 36 0 0 60077 0 0 1 0 14431 0 0 0 0 117 2090 0 12896 0 
0 4 0 0 1 0 0 920 11435 202 4 0 4 14135 10165 4851 6653 0 1 5895 0 0 0 0 0 0 0 8 0 0 0 36 0 3284 0 0 0 744 1 39434 10 0 0 0 0 4 0 39084 359 5 
412 8817 0 0 10 8 0 14028 97722 44 0 0 312 0 13117 6 11314 359 0 1 0 24 9471 0 0 33951 6533 0 3 34 130 0 3284 0 0 27925 15 0 3 1 13903 71 0 2665 1 0 14 0 0 2 
3 0 0 0 0 4 0 5665 167 0 539 372 82 5 0 1 316 4 137 51304 2257 0 0 1 0 0 0 0 88 68 0 0 0 0 0 8 0 0 6 29878 0 41 0 0 0 0 0 38 0 598 
20802 0 0 0 0 2 0 4641 47 0 0 0 2 590 0 2 0 0 0 36 0 722 99002 5 2430 2 0 2403 1436 0 1036 60077 0 27925 8 0 0 0 0 21060 8934 12665 9977 0 0 0 47514 1 0 2540 
53698 0 0 0 1 7 21219 1 66453 38695 14 5350 14805 0 0 0 0 113 0 15980 2 0 0 554 450 0 0 582 981 0 827 0 0 15 0 0 0 31753 511 0 28495 0 484 3043 0 35789 3 0 0 0 
0 0 38 0 0 1754 0 75127 23 98 0 3 98059 0 49 0 0 0 418 2 0 0 0 0 0 18 0 0 1052 13767 0 0 744 0 0 0 31753 0 0 0 0 4964 40183 380 0 5 2 0 0 11530 
0 0 0 12555 90 0 234 4216 1551 0 0 0 0 0 26 0 0 0 6 0 0 15020 0 16 68901 0 0 0 1984 155 1972 1 1 3 6 0 511 0 0 6609 0 97564 630 0 0 25 7 265 0 5 
0 110 35710 0 0 619 0 0 0 0 0 671 1 0 19963 64242 30 4743 0 0 0 0 0 0 55744 6 0 0 0 0 0 0 39434 1 29878 21060 0 0 6609 0 18 0 10272 0 0 0 16943 0 0 0 
0 0 416 0 0 0 23037 0 1452 0 0 0 0 1 0 0 63 0 0 0 0 0 1892 2 12861 0 6 1658 0 2 1751 14431 10 13903 0 8934 28495 0 0 18 0 0 220 0 48795 0 0 0 118 297 
684 23556 8 0 0 15772 0 1 29 0 32 2 0 0 1532 0 0 0 38807 20 120 0 0 0 0 0 986 54 45912 0 20 0 0 71 41 12665 0 4964 97564 0 0 0 0 0 0 0 273 26738 692 789 
22 1331 0 0 32329 0 0 0 7 0 0 0 1 0 0 136 0 5 0 22212 15259 0 0 12 0 375 0 13816 0 11174 0 0 0 0 0 9977 484 40183 630 10272 220 0 0 34 0 150 0 0 0 0 
0 4 0 23075 0 0 1 0 0 0 0 11 0 0 0 0 0 0 0 0 3017 11 0 1299 7 62 5886 0 59331 0 72927 0 0 2665 0 0 3043 380 0 0 0 0 34 0 0 0 0 17 9591 3 
49 1894 180 911 1 23432 0 0 316 0 27 0 0 0 61 4 402 0 77 4853 31 1 0 5 0 0 8 0 1 0 2198 0 0 1 0 0 0 0 0 0 48795 0 0 0 0 0 0 0 11620 0 
0 22 12713 0 2343 0 133 0 2 252 0 0 67 0 0 0 100 7981 82870 273 0 0 0 0 0 1 20 47 1264 0 42768 117 4 0 0 0 35789 5 25 0 0 0 150 0 0 0 36 27198 40 918 
0 0 5 0 0 50671 0 939 0 2 0 23 0 1349 0 0 0 3655 91 4015 0 0 667 6 0 0 0 671 0 82 0 2090 0 14 0 47514 3 2 7 16943 0 273 0 0 0 36 0 81 18647 2 
20106 0 0 17 0 0 729 0 11101 3 1 1 0 0 0 0 13 87827 0 0 54471 2105 11844 0 47 0 0 2 17695 0 541 0 39084 0 38 1 0 0 265 0 0 26738 0 17 0 27198 81 0 0 74 
0 1418 0 22920 0 0 16623 0 0 12 250 0 213 19530 3 1 0 12817 291 0 1 0 4536 559 0 93 1 97381 0 0 18 12896 359 0 0 0 0 0 0 0 118 692 0 9591 11620 40 18647 0 0 95 
451 6 16995 0 6 0 3 0 0 0 47 0 2 1 542 3181 759 8 0 2 985 655 22 191 0 0 0 0 13529 0 0 0 5 2 598 2540 0 11530 5 0 297 789 0 3 0 918 2 74 95 0 
0 0 1583 0 0 42620 0 4 0 581 2 1228 31872 0 8 226 3 0 4 0 36461 0 218 2 0 0 2 0 0 0 130 0 0 16256 43 849 618 0 0 0 0 6639 46210 0 10 0 0 8340 0 1485 
0 0 0 8 184 0 175 0 0 55538 0 127 0 0 0 2706 1 0 22 0 3662 9 0 81159 32099 0 0 0 35376 0 0 0 10064 113 0 0 0 0 0 3343 0 3 5946 0 64 4 0 0 92918 20034 
1583 0 0 0 0 1 0 3327 0 0 734 104 85857 319 0 0 3 4364 0 0 8 0 16 93430 445 0 49 0 377 9 0 5759 0 0 0 0 0 60 0 30 15 718 0 0 2008 3579 0 0 0 43646 
0 8 0 0 0 16461 0 28 1860 0 6121 0 7108 1263 0 0 3294 618 6 98 0 0 1514 0 412 74 30404 11684 155 0 50 19 0 0 0 0 0 0 57903 0 0 1 0 1535 2827 0 0 430 1585 0 
0 184 0 0 0 4482 6923 8 0 2 35262 21 29181 1 0 742 0 9 4 0 6 1570 17979 2 803 15 0 0 0 2 431 15 51 32837 0 0 7 0 1090 0 0 28 25080 0 6 12 0 0 0 703 
42620 0 1 16461 4482 0 0 0 0 0 1 0 108 0 0 0 6 286 0 0 0 16 1 0 75794 2572 0 0 0 0 3 4 0 55540 11113 1540 46 468 0 5029 0 123 0 0 30234 0 27 0 0 0 
0 175 0 0 6923 0 0 69898 0 408 1650 0 0 1 0 14397 11244 2 0 0 358 5064 466 1 3312 0 382 0 0 108 0 0 0 0 0 0 19275 0 32 0 5995 0 0 3 0 13 0 4 0 111 
4 0 3327 28 8 0 69898 0 1 7726 0 8601 3 78333 4 0 0 872 0 11165 67 1 0 4 0 219 0 0 0 14 0 6786 28 29 19 30 1 5 116 0 0 0 0 0 0 0 10 0 0 0 
0 0 0 1860 0 0 0 1 0 68849 0 0 0 3 0 0 0 13 123 0 11 0 12255 5699 1574 72623 0 1823 74 3716 0 0 62 11273 40 3019 4351 10 36933 0 3869 18 49136 0 39576 8759 0 37 0 0 
581 55538 0 0 2 0 408 7726 68849 0 59 0 0 58396 0 16927 0 0 316 0 2 364 1105 0 0 9138 16559 11016 0 0 0 0 115 10 150 0 2628 22 0 0 0 2 0 0 0 280 10199 0 81948 0 
2 0 734 6121 35262 1 1650 0 0 59 0 2695 0 0 0 2007 0 0 0 3001 3880 506 2 4 901 0 0 37055 0 0 8820 1 7 0 630 0 5 0 0 0 0 177 20 0 7 0 0 2703 378 53171 
1228 127 104 0 21 0 0 8601 0 0 2695 0 0 0 215 3 1686 0 367 3 0 0 341 988 26116 0 366 5 0 1 49 1150 0 0 193 0 2 2 0 370 0 63865 0 40 0 0 373 92 0 0 
31872 0 85857 7108 29181 108 0 3 0 0 0 0 0 0 0 0 920 0 0 0 33 5232 0 1 139 7 200 2395 6 173 0 258 167 62 74 40496 8567 22120 0 12 0 0 0 0 0 48 0 1 5 2 
0 0 319 1263 1 0 1 78333 3 58396 0 0 0 0 0 3 0 2 18 0 0 1483 45 40 0 0 18 54818 280 4762 6517 2546 77128 0 1 34 2 0 0 0 28541 0 0 0 0 0 1835 0 6794 12302 
8 0 0 0 0 0 0 4 0 0 0 215 0 0 0 0 43 5 110 0 0 0 0 0 0 2 244 32 22 2 0 8785 35696 177 0 0 0 0 6359 89196 0 13 1 0 52 0 0 291 139 2709 
226 2706 0 0 742 0 14397 0 0 16927 2007 3 0 3 0 0 8 0 0 0 125 0 0 0 16 0 0 36582 800 3599 3 14260 4915 0 912 12 0 0 1 1842 0 0 14704 0 1672 0 0 0 35 4 
3 1 3 3294 0 6 11244 0 0 0 0 1686 920 0 43 8 0 1620 0 0 1 1170 0 222 0 176 1666 0 80411 15398 74 0 37212 3 59 0 0 0 0 23 1 0 0 0 85 1570 0 3141 2 764 
0 0 4364 618 9 286 2 872 13 0 0 0 0 2 5 0 1620 0 0 0 0 7 0 1 0 4 0 466 29686 0 4463 0 0 20 2 0 3035 0 1 2 0 0 20185 0 0 1863 46 75079 4684 77 
4 22 0 6 4 0 0 0 123 316 0 367 0 18 110 0 0 0 0 4134 1 0 32 0 1 30 45669 0 27292 123 0 0 1 0 0 0 0 9 3 0 0 3 0 0 1 362 3 0 32 0 
0 0 0 98 0 0 0 11165 0 0 3001 3 0 0 0 0 0 0 4134 0 0 6 0 30344 1839 0 0 5 0 0 32 0 715 122 6 2 1 355 0 46226 0 8 425 0 31170 690 2604 0 0 11 
36461 3662 8 0 6 0 358 67 11 2 3880 0 33 0 0 125 1 0 1 0 0 0 0 738 0 0 0 7646 0 0 31 0 2703 0 58277 0 0 0 0 0 5 281 4 4089 1 24 0 13477 0 35383 
0 9 0 0 1570 16 5064 1 0 364 506 0 5232 1483 0 0 1170 7 0 6 0 0 0 19 2 0 41 0 31566 0 39 0 0 36034 0 9 0 0 12896 0 0 0 0 17 0 0 0 11882 0 27 
218 0 16 1514 17979 1 466 0 12255 1105 2 341 0 45 0 0 0 0 32 0 0 0 0 0 129 0 3357 0 0 17 0 0 0 29 0 1 0 0 0 0 1560 0 0 0 0 0 27 70 38 30 
2 81159 93430 0 2 0 1 4 5699 0 4 988 1 40 0 0 222 1 0 30344 738 19 0 0 6535 15 6 0 0 9211 54852 103 0 0 19 2 104 0 34967 0 4 0 10 2 5735 0 1 0 474 10 
0 32099 445 412 803 75794 3312 0 1574 0 901 26116 139 0 0 16 0 0 1 1839 0 2 129 6535 0 0 84 0 4 0 3 0 0 0 0 59839 293 50 3329 2 30 0 4 327 0 0 0 4967 0 0 
0 0 0 74 15 2572 0 219 72623 9138 0 0 7 0 2 0 176 4 30 0 0 0 0 15 0 0 0 0 0 0 0 0 0 58 0 0 37 5 4 0 0 5 22 216 0 0 0 0 3387 0 
2 0 49 30404 0 0 382 0 0 16559 0 366 200 18 244 0 1666 0 45669 0 0 41 3357 6 84 0 0 0 5696 10 2 0 0 0 0 0 0 0 0 0 28 28 0 7393 0 0 0 0 15 0 
0 0 0 11684 0 0 0 0 1823 11016 37055 5 2395 54818 32 36582 0 466 0 5 7646 0 0 0 0 0 0 0 932 12982 0 0 52801 0 0 10287 183 0 0 0 1112 314 3 0 0 344 5296 0 63493 0 
0 35376 377 155 0 0 0 0 74 0 0 0 6 280 22 800 80411 29686 27292 0 0 31566 0 0 4 0 5696 932 0 0 57789 0 0 444 883 33916 1 50 210 0 0 694 0 78 1245 2438 0 751 0 201 
0 0 9 0 2 0 108 14 3716 0 0 1 173 4762 2 3599 15398 0 123 0 0 0 17 9211 0 0 10 12982 0 0 20441 0 0 1 47 0 0 0 107 0 2801 0 74882 0 0 12 1 0 0 0 
130 0 0 50 431 3 0 0 0 0 8820 49 0 6517 0 3 74 4463 0 32 31 39 0 54852 3 0 2 0 57789 20441 0 3882 0 218 0 2 74 0 533 0 3006 63 0 8016 187 64900 0 370 1 0 
0 0 5759 19 15 4 0 6786 0 0 1 1150 258 2546 8785 14260 0 0 0 0 0 0 0 103 0 0 0 0 0 0 3882 0 13 0 0 370 0 0 1 0 11179 0 0 0 0 1096 148 0 21 0 
0 10064 0 0 51 0 0 28 62 115 7 0 167 77128 35696 4915 37212 0 1 715 2703 0 0 0 0 0 0 52801 0 0 0 13 0 4 0 0 1 79 524 5060 1733 0 0 0 0 32 0 51946 2013 0 
16256 113 0 0 32837 55540 0 29 11273 10 0 0 62 0 177 0 3 20 0 122 0 36034 29 0 0 58 0 0 444 1 218 0 4 0 0 104 3747 0 200 3615 1420 1544 0 1594 12358 113 146 0 0 2146 
43 0 0 0 0 11113 0 19 40 150 630 193 74 1 0 912 59 2 0 6 58277 0 0 19 0 0 0 0 883 47 0 0 0 0 0 3 0 0 309 19 0 7087 1 0 0 0 0 724 0 93539 
849 0 0 0 0 1540 0 30 3019 0 0 0 40496 34 0 12 0 0 0 2 0 9 1 2 59839 0 0 10287 33916 0 2 370 0 104 3 0 0 0 0 22 62 248 2 0 0 0 2665 3 0 11 
618 0 0 0 7 46 19275 1 4351 2628 5 2 8567 2 0 0 0 3035 0 1 0 0 0 104 293 37 0 183 1 0 74 0 1 3747 0 0 0 9827 717 0 1 0 2477 5718 0 1 11799 0 0 0 
0 0 60 0 0 468 0 5 10 22 0 2 22120 0 0 0 0 0 9 355 0 0 0 0 50 5 0 0 50 0 0 0 79 0 0 0 9827 0 0 0 0 55476 1624 1 0 336 2865 0 0 56372 
0 0 0 57903 1090 0 32 116 36933 0 0 0 0 0 6359 1 0 1 3 0 0 12896 0 34967 3329 4 0 0 210 107 533 1 524 200 309 0 717 0 0 3150 0 143 232 0 0 37261 1756 21 0 446 
0 3343 30 0 0 5029 0 0 0 0 0 370 12 0 89196 1842 23 2 0 46226 0 0 0 0 2 0 0 0 0 0 0 0 5060 3615 19 22 0 0 3150 0 285 0 15709 0 0 0 11249 0 0 0 
0 0 15 0 0 0 5995 0 3869 0 0 0 0 28541 0 0 1 0 0 0 5 0 1560 4 30 0 28 1112 0 2801 3006 11179 1733 1420 0 62 1 0 0 285 0 0 6681 0 8 0 0 0 572 71430 
6639 3 718 1 28 123 0 0 18 2 177 63865 0 0 13 0 0 0 3 8 281 0 0 0 0 5 28 314 694 0 63 0 0 1544 7087 248 0 55476 143 0 0 0 0 0 0 0 8 0 1690 249 
46210 5946 0 0 25080 0 0 0 49136 0 20 0 0 0 1 14704 0 20185 0 425 4 0 0 10 4 22 0 3 0 74882 0 0 0 0 1 2 2477 1624 232 15709 6681 0 0 4582 0 147 0 0 0 0 
0 0 0 1535 0 0 3 0 0 0 0 40 0 0 0 0 0 0 0 0 4089 17 0 2 327 216 7393 0 78 0 8016 0 0 1594 0 0 5718 1 0 0 0 0 4582 0 0 0 0 4808 15966 2 
10 64 2008 2827 6 30234 0 0 39576 0 7 0 0 0 52 1672 85 0 1 31170 1 0 0 5735 0 0 0 0 1245 0 187 0 0 12358 0 0 0 0 0 0 8 0 0 0 0 0 0 0 3 0 
0 4 3579 0 12 0 13 0 8759 280 0 0 48 0 0 0 1570 1863 362 690 24 0 0 0 0 0 0 344 2438 12 64900 1096 32 113 0 0 1 336 37261 0 0 0 147 0 0 0 5 0 1 446 
0 0 0 0 0 27 0 10 0 10199 0 373 0 1835 0 0 0 46 3 2604 0 0 27 1 0 0 0 5296 0 1 0 148 0 146 0 2665 11799 2865 1756 11249 0 8 0 0 0 5 0 4 1710 0 
8340 0 0 430 0 0 4 0 37 0 2703 92 1 0 291 0 3141 75079 0 0 13477 11882 70 0 4967 0 0 0 751 0 370 0 51946 0 724 3 0 0 21 0 0 0 0 4808 0 0 4 0 0 203 
0 92918 0 1585 0 0 0 0 0 81948 378 0 5 6794 139 35 2 4684 32 0 0 0 38 474 0 3387 15 63493 0 0 1 21 2013 0 0 0 0 0 0 0 572 1690 0 15966 3 1 1710 0 0 257 
1485 20034 43646 0 703 0 111 0 0 0 53171 0 2 12302 2709 4 764 77 0 11 35383 27 30 10 0 0 0 0 201 0 0 0 0 2146 93539 11 0 56372 446 0 71430 249 0 2 0 446 0 203 257 0 
