8 3
0 123 17 72 89 90 77 84 
123 0 116 51 121 48 96 115 
17 116 0 64 101 90 86 66 
72 51 64 0 97 39 71 77 
89 121 101 97 0 73 26 158 
90 48 90 39 73 0 47 116 
77 96 86 71 26 47 0 136 
84 115 66 77 158 116 136 0 
0 11 0 0 0 195 0 0 
11 0 162 227 0 0 0 0 
0 162 0 693 1787 7195 0 0 
0 227 693 0 0 0 0 0 
0 0 1787 0 0 0 0 93 
195 0 7195 0 0 0 0 0 
0 0 0 0 0 0 0 1789 
0 0 0 0 93 0 1789 0 
0 0 675 87520 47 0 2 2861 
0 0 0 0 23307 4585 47215 402 
675 0 0 0 0 0 2688 97 
87520 0 0 0 10816 434 60993 60 
47 23307 0 10816 0 58990 7 0 
0 4585 0 434 58990 0 230 14113 
2 47215 2688 60993 7 230 0 0 
2861 402 97 60 0 14113 0 0 
0 0 34 31912 276 0 2463 27 
0 0 0 0 41305 6 463 3236 
34 0 0 0 0 0 171 63 
31912 0 0 0 24421 61 1 2 
276 41305 0 24421 0 65024 421 0 
0 6 0 61 65024 0 2 15 
2463 463 171 1 421 2 0 0 
27 3236 63 2 0 15 0 0 
