6 3
0 59 64 103 62 95 
59 0 70 49 40 62 
64 70 0 118 33 51 
103 49 118 0 85 94 
62 40 33 85 0 33 
95 62 51 94 33 0 
0 0 50072 0 24943 5686 
0 0 0 0 45 0 
50072 0 0 0 2 0 
0 0 0 0 0 0 
24943 45 2 0 0 428 
5686 0 0 0 428 0 
0 61195 0 21 0 0 
61195 0 10832 90024 0 38 
0 10832 0 1403 0 36870 
21 90024 1403 0 220 1 
0 0 0 220 0 0 
0 38 36870 1 0 0 
0 264 0 3 0 0 
264 0 875 3882 0 16 
0 875 0 8549 0 1207 
3 3882 8549 0 14 41 
0 0 0 14 0 0 
0 16 1207 41 0 0 
