9 2
0 59 64 103 62 95 95 48 90 
59 0 70 49 40 62 36 46 31 
64 70 0 118 33 51 89 98 88 
103 49 118 0 85 94 38 68 34 
62 40 33 85 0 33 56 78 55 
95 62 51 94 33 0 57 107 59 
95 36 89 38 56 57 0 77 6 
48 46 98 68 78 107 77 0 71 
90 31 88 34 55 59 6 71 0 
0 0 0 0 546 0 47 1899 8 
0 0 0 9 40667 0 0 0 0 
0 0 0 133 0 15344 0 1 22 
0 9 133 0 106 0 4 1 0 
546 40667 0 106 0 68535 290 0 0 
0 0 15344 0 68535 0 6076 5 0 
47 0 0 4 290 6076 0 51364 0 
1899 0 1 1 0 5 51364 0 2180 
8 0 22 0 0 0 0 2180 0 
0 70762 0 295 0 2 0 0 0 
70762 0 930 0 0 172 24963 0 0 
0 930 0 0 0 0 3 0 0 
295 0 0 0 1213 1458 10 0 25 
0 0 0 1213 0 0 0 0 39 
2 172 0 1458 0 0 0 0 0 
0 24963 3 10 0 0 0 0 706 
0 0 0 0 0 0 0 0 0 
0 0 0 25 39 0 706 0 0 
