20 3
0 46 118 40 96 98 46 64 2 33 36 47 55 9 108 78 35 54 61 95 
46 0 88 10 53 127 3 66 48 60 37 19 78 48 107 43 36 50 104 90 
118 88 0 85 53 137 85 71 120 144 83 106 102 125 70 117 84 138 148 59 
40 10 85 0 56 117 8 56 42 59 26 26 68 43 98 54 26 55 95 82 
96 53 53 56 0 154 51 82 98 112 71 66 108 100 106 67 71 96 146 90 
98 127 137 117 154 0 125 72 99 127 90 138 49 106 75 170 91 153 52 79 
46 3 85 8 51 125 0 63 48 61 34 22 76 49 104 46 34 53 103 87 
64 66 71 56 82 72 63 0 66 97 32 83 30 73 44 110 33 107 76 31 
2 48 120 42 98 99 48 66 0 32 38 48 56 7 110 78 37 54 61 97 
33 60 144 59 112 127 61 97 32 0 67 48 88 24 142 71 66 34 83 128 
36 37 83 26 71 90 34 32 38 67 0 51 41 44 77 80 1 75 74 61 
47 19 106 26 66 138 22 83 48 48 51 0 90 45 125 31 50 31 108 109 
55 78 102 68 108 49 76 30 56 88 41 90 0 63 62 121 41 107 46 54 
9 48 125 43 100 106 49 73 7 24 44 45 63 0 117 75 43 47 66 104 
108 107 70 98 106 75 104 44 110 142 77 125 62 117 0 149 78 152 105 17 
78 43 117 54 67 170 46 110 78 71 80 31 121 75 149 0 80 40 140 132 
35 36 84 26 71 91 34 33 37 66 1 50 41 43 78 80 0 74 74 62 
54 50 138 55 96 153 53 107 54 34 75 31 107 47 152 40 74 0 113 136 
61 104 148 95 146 52 103 76 61 83 74 108 46 66 105 140 74 113 0 100 
95 90 59 82 90 79 87 31 97 128 61 109 54 104 17 132 62 136 100 0 
0 0 0 331 24670 4 83 0 106 0 0 0 10 5583 0 32 645 16819 39 4745 
0 0 0 16 86911 19 602 275 4917 0 4 151 394 58073 52324 4 16521 144 0 0 
0 0 0 0 3785 122 32 0 0 0 145 0 8434 0 16868 306 71 0 12 0 
331 16 0 0 0 10643 0 4236 0 18 0 0 6 0 146 0 0 1270 0 0 
24670 86911 3785 0 0 0 18573 0 0 0 0 0 7 1554 30 46306 0 2882 0 0 
4 19 122 10643 0 0 2546 18486 0 7219 0 0 352 0 581 0 0 61682 5963 0 
83 602 32 0 18573 2546 0 0 13 0 550 95589 0 20 0 2615 0 1 0 0 
0 275 0 4236 0 18486 0 0 0 0 0 0 0 316 0 0 13 6283 15395 0 
106 4917 0 0 0 0 13 0 0 8 0 12863 3 30 0 0 1 0 1559 0 
0 0 0 18 0 7219 0 0 8 0 4 1 1499 1637 0 525 429 63 0 0 
0 4 145 0 0 0 550 0 0 4 0 191 1 0 0 0 6 0 0 0 
0 151 0 0 0 0 95589 0 12863 1 191 0 0 14205 3 0 1056 3 2296 370 
10 394 8434 6 7 352 0 0 3 1499 1 0 0 0 0 3056 0 4 82 11339 
5583 58073 0 0 1554 0 20 316 30 1637 0 14205 0 0 0 0 0 0 320 2 
0 52324 16868 146 30 581 0 0 0 0 0 3 0 0 0 0 6 0 0 0 
32 4 306 0 46306 0 2615 0 0 525 0 0 3056 0 0 0 12 0 61353 4576 
645 16521 71 0 0 0 0 13 1 429 6 1056 0 0 6 12 0 15272 0 0 
16819 144 0 1270 2882 61682 1 6283 0 63 0 3 4 0 0 0 15272 0 0 0 
39 0 12 0 0 5963 0 15395 1559 0 0 2296 82 320 0 61353 0 0 0 0 
4745 0 0 0 0 0 0 0 0 0 0 370 11339 2 0 4576 0 0 0 0 
0 0 106 0 0 0 0 11602 0 587 1 2 8 0 20247 63 0 0 5 0 
0 0 63309 27 0 0 1 0 49 1390 0 0 15 0 0 0 0 154 1575 137 
106 63309 0 0 0 0 0 12 2282 2 0 6871 998 5 0 0 0 8 0 0 
0 27 0 0 9113 0 7809 0 7172 0 901 34529 1 25255 18 91 0 0 417 18 
0 0 0 9113 0 0 0 2723 19527 3 171 57494 58711 438 0 0 0 11661 0 2911 
0 0 0 0 0 0 0 0 2 0 31939 4 0 62 0 11268 1 13 0 17401 
0 1 0 7809 0 0 0 68387 0 22773 954 0 0 0 92059 0 1259 0 0 0 
11602 0 12 0 2723 0 68387 0 67 50584 3317 45859 1 0 14 31993 2 83 15 54959 
0 49 2282 7172 19527 2 0 67 0 10 0 0 0 0 1 4 0 0 3 23 
587 1390 2 0 3 0 22773 50584 10 0 0 0 18 7 1 0 0 0 6555 925 
1 0 0 901 171 31939 954 3317 0 0 0 0 0 439 1163 5254 0 129 56 4 
2 0 6871 34529 57494 4 0 45859 0 0 0 0 0 0 81497 2412 0 0 39789 0 
8 15 998 1 58711 0 0 1 0 18 0 0 0 15112 485 10 0 0 0 45601 
0 0 5 25255 438 62 0 0 0 7 439 0 15112 0 13497 0 3 467 0 0 
20247 0 0 18 0 0 92059 14 1 1 1163 81497 485 13497 0 3798 38339 0 2623 5093 
63 0 0 91 0 11268 0 31993 4 0 5254 2412 10 0 3798 0 0 85418 753 0 
0 0 0 0 0 1 1259 2 0 0 0 0 0 3 38339 0 0 3 0 1 
0 154 8 0 11661 13 0 83 0 0 129 0 0 467 0 85418 3 0 289 4646 
5 1575 0 417 0 0 0 15 3 6555 56 39789 0 0 2623 753 0 289 0 0 
0 137 0 18 2911 17401 0 54959 23 925 4 0 45601 0 5093 0 1 4646 0 0 
0 5921 0 0 0 0 7692 37 0 877 0 15063 0 0 123 0 0 0 1082 0 
5921 0 9 79708 0 22 0 10 56405 58 0 0 0 3 0 0 6 0 0 7722 
0 9 0 0 1466 0 0 14 3 0 0 2 0 7425 0 8 14 25 0 63 
0 79708 0 0 67752 0 419 0 0 0 3116 13201 0 32154 0 3026 0 0 0 37094 
0 0 1466 67752 0 672 0 18 327 0 6 26 0 0 0 0 46178 0 0 1766 
0 22 0 0 672 0 60 14 0 0 32690 85 39 257 6174 50 1 1610 0 442 
7692 0 0 419 0 60 0 15 9 0 0 0 33 0 56 0 1903 0 28158 0 
37 10 14 0 18 14 15 0 13 22272 21696 8757 35 0 299 0 118 54309 0 60 
0 56405 3 0 327 0 9 13 0 0 0 0 0 0 0 17 0 27 0 0 
877 58 0 0 0 0 0 22272 0 0 46 0 0 0 67 0 0 0 51 2096 
0 0 0 3116 6 32690 0 21696 0 46 0 0 0 34 9 2681 0 1 11 18109 
15063 0 2 13201 26 85 0 8757 0 0 0 0 44277 0 0 1 0 0 83650 87 
0 0 0 0 0 39 33 35 0 0 0 44277 0 43 0 129 59 0 16543 0 
0 3 7425 32154 0 257 0 0 0 0 34 0 43 0 0 1 1 0 0 0 
123 0 0 0 0 6174 56 299 0 67 9 0 0 0 0 17 0 19 212 1975 
0 0 8 3026 0 50 0 0 17 0 2681 1 129 1 17 0 116 1120 0 0 
0 6 14 0 46178 1 1903 118 0 0 0 0 59 1 0 116 0 0 16966 0 
0 0 25 0 0 1610 0 54309 27 0 1 0 0 0 19 1120 0 0 0 8905 
1082 0 0 0 0 0 28158 0 0 51 11 83650 16543 0 212 0 16966 0 0 54333 
0 7722 63 37094 1766 442 0 60 0 2096 18109 87 0 0 1975 0 0 8905 54333 0 
