8 4
0 123 17 72 89 90 77 84 
123 0 116 51 121 48 96 115 
17 116 0 64 101 90 86 66 
72 51 64 0 97 39 71 77 
89 121 101 97 0 73 26 158 
90 48 90 39 73 0 47 116 
77 96 86 71 26 47 0 136 
84 115 66 77 158 116 136 0 
0 0 0 35 0 33 0 58428 
0 0 12798 0 6690 46 8342 0 
0 12798 0 0 267 0 22493 4 
35 0 0 0 1209 0 2308 102 
0 6690 267 1209 0 0 0 0 
33 46 0 0 0 0 0 28 
0 8342 22493 2308 0 0 0 4 
58428 0 4 102 0 28 4 0 
0 0 3 0 6406 0 24529 0 
0 0 26004 208 0 82 0 0 
3 26004 0 478 2 0 42915 0 
0 208 478 0 0 129 0 0 
6406 0 2 0 0 1124 0 0 
0 82 0 129 1124 0 0 0 
24529 0 42915 0 0 0 0 0 
0 0 0 0 0 0 0 0 
0 496 134 0 1 0 70176 0 
496 0 0 0 0 0 69 0 
134 0 0 6 0 13188 0 0 
0 0 6 0 76 35 0 0 
1 0 0 76 0 0 2 124 
0 0 13188 35 0 0 1258 0 
70176 69 0 0 2 1258 0 0 
0 0 0 0 124 0 0 0 
0 0 2 55963 3376 17593 0 0 
0 0 0 26 0 0 0 2685 
2 0 0 84 0 8327 0 85 
55963 26 84 0 0 253 66866 0 
3376 0 0 0 0 3 2143 0 
17593 0 8327 253 3 0 4424 1787 
0 0 0 66866 2143 4424 0 0 
0 2685 85 0 0 1787 0 0 
