30 4
0 123 17 72 89 90 77 84 122 70 141 118 117 117 58 85 94 145 69 99 137 99 30 139 114 56 50 94 70 158 
123 0 116 51 121 48 96 115 59 63 25 47 40 16 64 39 31 87 58 23 83 33 103 24 65 67 92 40 53 45 
17 116 0 64 101 90 86 66 108 71 133 119 117 113 52 81 90 150 68 93 122 97 14 135 118 53 57 84 66 154 
72 51 64 0 97 39 71 77 62 33 69 64 60 49 13 21 29 104 24 28 84 38 52 71 72 21 53 26 13 91 
89 121 101 97 0 73 26 158 158 64 146 84 88 106 88 88 93 82 73 107 181 88 104 121 67 78 49 121 84 131 
90 48 90 39 73 0 47 116 91 20 73 28 27 34 42 20 20 64 22 35 115 15 82 53 32 38 48 55 28 69 
77 96 86 71 26 47 0 136 132 38 121 63 66 81 63 62 67 73 47 81 155 62 85 98 49 54 29 95 58 110 
84 115 66 77 158 116 136 0 73 105 118 141 136 120 76 98 104 181 98 96 73 114 56 139 149 84 109 75 89 160 
122 59 108 62 158 91 132 73 0 94 51 103 96 73 74 71 70 145 85 56 25 79 93 83 118 83 115 37 74 101 
70 63 71 33 64 20 38 105 94 0 87 48 47 52 29 25 32 79 8 44 117 32 64 72 47 21 28 56 20 89 
141 25 133 69 146 73 121 118 51 87 0 70 64 41 83 62 55 108 81 43 71 58 119 37 89 88 115 49 74 52 
118 47 119 64 84 28 63 141 103 48 70 0 6 30 70 43 37 42 50 48 128 26 110 38 19 66 73 72 55 47 
117 40 117 60 88 27 66 136 96 47 64 6 0 24 67 39 32 48 48 42 121 22 108 32 25 64 74 66 52 44 
117 16 113 49 106 34 81 120 73 52 41 30 24 0 60 31 22 72 48 24 98 19 101 21 48 61 81 46 46 42 
58 64 52 13 88 42 63 76 74 29 83 70 67 60 0 29 38 107 21 41 95 45 41 82 74 9 41 39 15 102 
85 39 81 21 88 20 62 98 71 25 62 43 39 31 29 0 9 83 18 19 96 17 70 53 51 29 52 34 14 73 
94 31 90 29 93 20 67 104 70 32 55 37 32 22 38 9 0 79 27 14 95 10 79 44 48 38 60 36 24 64 
145 87 150 104 82 64 73 181 145 79 108 42 48 72 107 83 79 0 85 91 170 68 144 71 32 101 95 114 92 67 
69 58 68 24 73 22 47 98 85 8 81 50 48 48 21 18 27 85 0 37 108 30 60 70 52 16 34 48 11 88 
99 23 93 28 107 35 81 96 56 44 43 48 42 24 41 19 14 91 37 0 81 23 80 43 62 45 71 23 30 64 
137 83 122 84 181 115 155 73 25 117 71 128 121 98 95 96 95 170 108 81 0 104 107 106 143 104 136 61 97 123 
99 33 97 38 88 15 62 114 79 32 58 26 22 19 45 17 10 68 30 23 104 0 87 40 38 44 61 46 30 58 
30 103 14 52 104 82 85 56 93 64 119 110 108 101 41 70 79 144 60 80 107 87 0 123 111 44 56 70 56 143 
139 24 135 71 121 53 98 139 83 72 37 38 32 21 82 53 44 71 70 43 106 40 123 0 57 83 101 64 68 21 
114 65 118 72 67 32 49 149 118 47 89 19 25 48 74 51 48 32 52 62 143 38 111 57 0 68 66 84 60 63 
56 67 53 21 78 38 54 84 83 21 88 66 64 61 9 29 38 101 16 45 104 44 44 83 68 0 32 47 14 102 
50 92 57 53 49 48 29 109 115 28 115 73 74 81 41 52 60 95 34 71 136 61 56 101 66 32 0 79 42 117 
94 40 84 26 121 55 95 75 37 56 49 72 66 46 39 34 36 114 48 23 61 46 70 64 84 47 79 0 37 85 
70 53 66 13 84 28 58 89 74 20 74 55 52 46 15 14 24 92 11 30 97 30 56 68 60 14 42 37 0 88 
158 45 154 91 131 69 110 160 101 89 52 47 44 42 102 73 64 67 88 64 123 58 143 21 63 102 117 85 88 0 
0 0 0 0 26 5 0 0 0 0 0 0 2592 77655 350 0 0 0 40 0 0 0 9 6446 22739 0 26816 588 0 0 
0 0 0 330 0 0 0 0 2 0 2 137 0 0 782 5 0 0 2 0 2457 0 0 91 801 1 2 3265 0 194 
0 0 0 1424 126 1526 0 117 0 2507 0 4017 0 0 0 1 0 150 16 0 1 0 387 1 10 0 97037 0 14274 0 
0 330 1424 0 0 1 0 0 1163 0 0 0 1 0 0 0 39 0 8905 7535 0 0 0 0 1541 0 154 98 0 0 
26 0 126 0 0 0 4 2 0 203 0 2483 4 2 14405 0 2 157 0 376 844 159 2100 83817 0 133 0 242 2 0 
5 0 1526 1 0 0 2098 44 294 578 1 3445 198 0 0 1161 27246 0 0 0 18259 15 148 15011 0 0 0 3 0 15319 
0 0 0 0 4 2098 0 213 0 0 640 17 9235 406 0 0 0 0 0 0 17960 4 0 0 0 65270 465 39153 0 0 
0 0 117 0 2 44 213 0 0 0 0 23799 27694 4008 929 39 10 20479 0 1764 0 208 0 0 0 5291 0 0 69936 64 
0 2 0 1163 0 294 0 0 0 630 2285 0 0 0 0 1432 54655 0 0 0 2630 6287 15187 0 1118 2 0 0 10975 0 
0 0 2507 0 203 578 0 0 630 0 0 7 340 76 1916 0 70640 433 0 0 2 0 10429 246 0 0 0 43 4699 6636 
0 2 0 0 0 1 640 0 2285 0 0 0 4309 0 48 0 0 62494 41 0 0 79881 20044 0 55 554 316 31676 0 0 
0 137 4017 0 2483 3445 17 23799 0 7 0 0 0 0 6 0 214 32 2 40465 0 37 0 2004 24 0 442 32 42284 903 
2592 0 0 1 4 198 9235 27694 0 340 4309 0 0 4 0 50321 96 268 1 4333 8222 2 0 15 0 0 77 24 0 7508 
77655 0 0 0 2 0 406 4008 0 76 0 0 4 0 0 2 0 3 0 19 1333 0 41 0 925 0 44930 0 0 0 
350 782 0 0 14405 0 0 929 0 1916 48 6 0 0 0 1089 0 0 2682 1351 0 0 20 0 0 0 21674 0 0 0 
0 5 1 0 0 1161 0 39 1432 0 0 0 50321 2 1089 0 15870 630 83 9561 12504 0 0 0 306 0 4519 19629 0 596 
0 0 0 39 2 27246 0 10 54655 70640 0 214 96 0 0 15870 0 0 2560 378 0 4047 0 52615 23 76392 0 0 0 0 
0 0 150 0 157 0 0 20479 0 433 62494 32 268 3 0 630 0 0 678 328 0 0 0 0 229 0 33508 495 0 1 
40 2 16 8905 0 0 0 0 0 0 41 2 1 0 2682 83 2560 678 0 0 12 270 0 0 57736 41269 1630 786 0 0 
0 0 0 7535 376 0 0 1764 0 0 0 40465 4333 19 1351 9561 378 328 0 0 261 1374 9786 4 0 0 305 20 101 318 
0 2457 1 0 844 18259 17960 0 2630 2 0 0 8222 1333 0 12504 0 0 12 261 0 0 0 1319 0 0 17246 0 0 0 
0 0 0 0 159 15 4 208 6287 0 79881 37 2 0 0 0 4047 0 270 1374 0 0 0 102 11936 3193 0 0 17505 0 
9 0 387 0 2100 148 0 0 15187 10429 20044 0 0 41 20 0 0 0 0 9786 0 0 0 0 775 0 0 2453 0 0 
6446 91 1 0 83817 15011 0 0 0 246 0 2004 15 0 0 0 52615 0 0 4 1319 102 0 0 257 0 0 142 0 0 
22739 801 10 1541 0 0 0 0 1118 0 55 24 0 925 0 306 23 229 57736 0 0 11936 775 257 0 0 0 5723 0 0 
0 1 0 0 133 0 65270 5291 2 0 554 0 0 0 0 0 76392 0 41269 0 0 3193 0 0 0 0 0 0 8 0 
26816 2 97037 154 0 0 465 0 0 0 316 442 77 44930 21674 4519 0 33508 1630 305 17246 0 0 0 0 0 0 144 0 110 
588 3265 0 98 242 3 39153 0 0 43 31676 32 24 0 0 19629 0 495 786 20 0 0 2453 142 5723 0 144 0 7820 4 
0 0 14274 0 2 0 0 69936 10975 4699 0 42284 0 0 0 0 0 0 0 101 0 17505 0 0 0 8 0 7820 0 4 
0 194 0 0 0 15319 0 64 0 6636 0 903 7508 0 0 596 0 1 0 318 0 0 0 0 0 0 110 4 4 0 
0 24529 118 5 0 0 13903 1 63502 0 22 1191 708 0 0 25018 0 0 0 411 178 96 0 0 0 203 0 1 203 25 
24529 0 281 0 26 872 12849 0 0 7 0 0 7544 2 0 0 6 21 1 477 0 3 0 26 0 0 0 0 14274 753 
118 281 0 0 1828 0 35466 0 31414 0 97399 0 194 260 0 0 0 0 0 0 0 1 105 918 20624 180 6743 1417 37806 1537 
5 0 0 0 0 0 0 286 122 0 13 0 72185 0 0 10 0 485 0 0 1 0 0 1 2507 52 0 0 2407 5 
0 26 1828 0 0 51492 0 0 409 0 0 0 0 0 0 324 0 1 0 0 0 528 0 0 84784 0 34490 6 0 17 
0 872 0 0 51492 0 0 0 0 0 0 0 0 60 19399 0 0 10 0 3338 0 0 0 0 0 16 0 0 0 0 
13903 12849 35466 0 0 0 0 42 38773 2071 0 2 0 0 35 57 15 2 0 864 0 2446 8 225 41 0 1059 0 0 20147 
1 0 0 286 0 0 42 0 14581 0 0 0 0 0 0 0 0 0 3 218 271 0 8 1267 25 0 4623 22798 0 0 
63502 0 31414 122 409 0 38773 14581 0 0 616 24 123 227 2729 0 0 316 11 0 0 0 0 1309 326 20186 61 0 1 996 
0 7 0 0 0 0 2071 0 0 0 0 13 5 0 0 47249 15250 0 0 10 12300 3501 0 0 6868 16828 6 0 0 0 
22 0 97399 13 0 0 0 0 616 0 0 7631 0 211 0 4 321 0 0 1 3718 0 0 1 0 0 0 0 2715 5024 
1191 0 0 0 0 0 2 0 24 13 7631 0 2120 246 0 2080 3 0 13181 0 562 45946 2 0 0 12638 12167 0 0 90 
708 7544 194 72185 0 0 0 0 123 5 0 2120 0 88 0 0 0 0 0 0 0 0 7 0 70 224 0 4 0 3136 
0 2 260 0 0 60 0 0 227 0 211 246 88 0 543 18362 100 0 167 0 0 121 23 147 0 3988 0 11373 0 9780 
0 0 0 0 0 19399 35 0 2729 0 0 0 0 543 0 0 4413 42255 0 678 0 0 0 36 39 0 0 8789 3488 10241 
25018 0 0 10 324 0 57 0 0 47249 4 2080 0 18362 0 0 85 0 0 0 2 0 8 1 0 40206 0 0 1 0 
0 6 0 0 0 0 15 0 0 15250 321 3 0 100 4413 85 0 336 0 0 641 656 0 0 0 23 34313 33 0 194 
0 21 0 485 1 10 2 0 316 0 0 0 0 0 42255 0 336 0 0 11 841 75 0 0 0 1 0 7308 1 226 
0 1 0 0 0 0 0 3 11 0 0 13181 0 167 0 0 0 0 0 732 0 0 1 32 0 0 0 102 0 157 
411 477 0 0 0 3338 864 218 0 10 1 0 0 0 678 0 0 11 732 0 37 0 0 0 41941 2 0 0 0 0 
178 0 0 1 0 0 0 271 0 12300 3718 562 0 0 0 2 641 841 0 37 0 9 1881 3977 0 1 1187 0 2 5045 
96 3 1 0 528 0 2446 0 0 3501 0 45946 0 121 0 0 656 75 0 0 9 0 39265 0 0 357 0 466 0 5595 
0 0 105 0 0 0 8 8 0 0 0 2 7 23 0 8 0 0 1 0 1881 39265 0 77971 0 6467 0 0 2 159 
0 26 918 1 0 0 225 1267 1309 0 1 0 0 147 36 1 0 0 32 0 3977 0 77971 0 1685 0 4715 268 3 202 
0 0 20624 2507 84784 0 41 25 326 6868 0 0 70 0 39 0 0 0 0 41941 0 0 0 1685 0 98 1251 18 337 370 
203 0 180 52 0 16 0 0 20186 16828 0 12638 224 3988 0 40206 23 1 0 2 1 357 6467 0 98 0 0 0 0 66 
0 0 6743 0 34490 0 1059 4623 61 6 0 12167 0 0 0 0 34313 0 0 0 1187 0 0 4715 1251 0 0 0 0 0 
1 0 1417 0 6 0 0 22798 0 0 0 0 4 11373 8789 0 33 7308 102 0 0 466 0 268 18 0 0 0 0 0 
203 14274 37806 2407 0 0 0 0 1 0 2715 0 0 0 3488 1 0 1 0 0 2 0 2 3 337 0 0 0 0 0 
25 753 1537 5 17 0 20147 0 996 0 5024 90 3136 9780 10241 0 194 226 157 0 5045 5595 159 202 370 66 0 0 0 0 
0 70176 14 0 26878 0 158 8698 0 135 16933 4946 0 944 155 0 0 0 0 1 1401 0 0 0 336 34 10 0 2196 0 
70176 0 188 0 0 12210 1 0 0 4124 2247 0 9586 0 99948 0 0 2729 0 10 0 33 0 0 0 7857 0 0 0 0 
14 188 0 0 0 1031 5790 175 894 11 11 0 2683 0 149 4870 114 60927 0 0 0 111 0 0 0 0 0 4791 1007 0 
0 0 0 0 3878 0 3 324 3 0 52188 149 1341 16035 780 1501 0 16271 0 3304 0 0 464 563 0 18 0 0 238 11853 
26878 0 0 3878 0 129 0 0 5 0 13 38 0 0 0 6 0 0 117 0 0 0 0 0 0 0 1545 0 0 2718 
0 12210 1031 0 129 0 0 2 0 0 4 0 0 1 2 0 0 18 70 0 0 0 173 0 0 7 0 0 0 0 
158 1 5790 3 0 0 0 0 1 0 0 0 0 0 0 6798 0 9 1 8 0 0 2 25010 34 28 0 0 57930 2 
8698 0 175 324 0 2 0 0 0 0 4 3 6053 2 0 0 11899 0 3 48983 0 0 234 2390 63 0 0 38846 0 0 
0 0 894 3 5 0 1 0 0 0 0 3 9092 16066 1 0 111 4270 0 65750 0 0 0 37 0 115 0 1365 0 3 
135 4124 11 0 0 0 0 0 0 0 96 0 0 17580 0 3 13963 0 1064 3892 49065 0 0 31555 0 1673 444 0 897 0 
16933 2247 11 52188 13 4 0 4 0 96 0 39 3 0 0 3194 8 0 0 169 354 0 0 9 0 0 0 24038 27511 14 
4946 0 0 149 38 0 0 3 3 0 39 0 8715 6 0 7 0 0 0 0 51730 0 3 0 106 0 0 0 19 23 
0 9586 2683 1341 0 0 0 6053 9092 0 3 8715 0 0 0 0 0 4 1 1 0 0 0 0 17250 2583 0 75 9 0 
944 0 0 16035 0 1 0 2 16066 17580 0 6 0 0 3 0 0 16 23 0 0 0 0 229 5782 3 0 62585 13231 0 
155 99948 149 780 0 2 0 0 1 0 0 0 0 3 0 0 85051 41711 0 120 19 1 8 0 2687 0 164 499 3 0 
0 0 4870 1501 6 0 6798 0 0 3 3194 7 0 0 0 0 1 0 0 0 0 8241 87985 123 0 442 0 0 8514 0 
0 0 114 0 0 0 0 11899 111 13963 8 0 0 0 85051 1 0 2499 0 0 0 0 32 0 1975 6987 16 4839 0 0 
0 2729 60927 16271 0 18 9 0 4270 0 0 0 4 16 41711 0 2499 0 0 386 0 391 12 6028 0 109 671 197 1 0 
0 0 0 0 117 70 1 3 0 1064 0 0 1 23 0 0 0 0 0 0 21 0 8 11492 234 14549 0 4428 0 120 
1 10 0 3304 0 0 8 48983 65750 3892 169 0 1 0 120 0 0 386 0 0 0 0 0 0 13 114 0 0 0 0 
1401 0 0 0 0 0 0 0 0 49065 354 51730 0 0 19 0 0 0 21 0 0 84682 196 3578 62141 9 0 11716 31710 2 
0 33 111 0 0 0 0 0 0 0 0 0 0 0 1 8241 0 391 0 0 84682 0 166 0 2 0 0 100 5991 55581 
0 0 0 464 0 173 2 234 0 0 0 3 0 0 8 87985 32 12 8 0 196 166 0 178 0 12 72 0 0 7589 
0 0 0 563 0 0 25010 2390 37 31555 9 0 0 229 0 123 0 6028 11492 0 3578 0 178 0 9 104 482 8 917 39 
336 0 0 0 0 0 34 63 0 0 0 106 17250 5782 2687 0 1975 0 234 13 62141 2 0 9 0 2049 651 0 0 56399 
34 7857 0 18 0 7 28 0 115 1673 0 0 2583 3 0 442 6987 109 14549 114 9 0 12 104 2049 0 15 35893 0 192 
10 0 0 0 1545 0 0 0 0 444 0 0 0 0 164 0 16 671 0 0 0 0 72 482 651 15 0 0 1 0 
0 0 4791 0 0 0 0 38846 1365 0 24038 0 75 62585 499 0 4839 197 4428 0 11716 100 0 8 0 35893 0 0 0 0 
2196 0 1007 238 0 0 57930 0 0 897 27511 19 9 13231 3 8514 0 1 0 0 31710 5991 0 917 0 0 1 0 0 0 
0 0 0 11853 2718 0 2 0 3 0 14 23 0 0 0 0 0 0 120 0 2 55581 7589 39 56399 192 0 0 0 0 
0 0 0 0 7 0 3 94 22 63 59478 0 0 0 0 1 69 48014 0 0 0 0 0 0 0 2507 0 0 5 17454 
0 0 8 0 6814 5613 0 208 3667 1098 0 0 17177 21339 0 90 25 4 701 15414 0 8 0 0 0 58449 0 3216 1 1 
0 8 0 0 4218 0 0 0 0 0 3 3806 57141 13231 0 2 0 0 0 0 44953 162 0 0 0 4 0 1674 0 0 
0 0 0 0 45 0 10 0 0 0 69806 61059 0 1258 51308 0 2793 63 0 602 4 0 57955 203 1 0 31 359 8371 390 
7 6814 4218 45 0 24 0 0 6570 0 0 0 0 216 0 3 0 0 4 0 0 0 0 0 0 4778 0 3 0 1 
0 5613 0 0 24 0 0 0 150 0 0 0 0 113 8755 0 0 41461 1 0 0 0 51812 1 211 0 3390 0 25424 0 
3 0 0 10 0 0 0 373 545 0 0 1 0 13 5206 0 0 0 4 43619 0 0 15 1 2773 0 0 68 2 79 
94 208 0 0 0 0 373 0 0 3896 275 0 0 0 0 0 0 37 231 0 2806 0 3958 5719 2 0 3 79996 0 0 
22 3667 0 0 6570 150 545 0 0 0 0 0 3 2 0 0 0 3 137 3957 0 2 0 3 2280 0 1024 1 0 19 
63 1098 0 0 0 0 0 3896 0 0 0 25252 0 0 0 0 0 0 1 27400 4402 7043 0 0 456 47 0 3419 0 0 
59478 0 3 69806 0 0 0 275 0 0 0 0 0 52 0 0 21847 1186 55 9 5993 0 0 66 0 1353 0 0 28 5841 
0 0 3806 61059 0 0 1 0 0 25252 0 0 1 32 0 1744 0 0 33858 0 4959 0 5096 0 43 0 0 0 60 147 
0 17177 57141 0 0 0 0 0 3 0 0 1 0 19 89 2 4 0 0 0 989 0 3596 0 380 2106 0 0 0 5 
0 21339 13231 1258 216 113 13 0 2 0 52 32 19 0 0 0 3549 10588 0 0 3355 125 0 1270 0 340 0 153 6100 5 
0 0 0 51308 0 8755 5206 0 0 0 0 0 89 0 0 0 4324 4640 0 0 0 0 0 56433 56 968 0 1483 0 2952 
1 90 2 0 3 0 0 0 0 0 0 1744 2 0 0 0 0 541 6011 0 0 0 43624 0 0 1 1 0 3 0 
69 25 0 2793 0 0 0 0 0 0 21847 0 4 3549 4324 0 0 0 0 15448 8598 0 78 751 0 0 940 0 0 25142 
48014 4 0 63 0 41461 0 37 3 0 1186 0 0 10588 4640 541 0 0 0 0 544 0 24608 5 1018 0 0 0 0 0 
0 701 0 0 4 1 4 231 137 1 55 33858 0 0 0 6011 0 0 0 0 7 0 0 36 0 0 11028 0 8 0 
0 15414 0 602 0 0 43619 0 3957 27400 9 0 0 0 0 0 15448 0 0 0 0 0 0 0 697 4 0 0 0 832 
0 0 44953 4 0 0 0 2806 0 4402 5993 4959 989 3355 0 0 8598 544 7 0 0 29 10232 12 0 39958 0 40 0 4985 
0 8 162 0 0 0 0 0 2 7043 0 0 0 125 0 0 0 0 0 0 29 0 11 0 0 0 30 1 0 1 
0 0 0 57955 0 51812 15 3958 0 0 0 5096 3596 0 0 43624 78 24608 0 0 10232 11 0 844 0 14 3 0 394 0 
0 0 0 203 0 1 1 5719 3 0 66 0 0 1270 56433 0 751 5 36 0 12 0 844 0 0 0 1 0 438 854 
0 0 0 1 0 211 2773 2 2280 456 0 43 380 0 56 0 0 1018 0 697 0 0 0 0 0 0 4284 0 4891 78 
2507 58449 4 0 4778 0 0 0 0 47 1353 0 2106 340 968 1 0 0 0 4 39958 0 14 0 0 0 165 18790 0 255 
0 0 0 31 0 3390 0 3 1024 0 0 0 0 0 0 1 940 0 11028 0 0 30 3 1 4284 165 0 0 0 0 
0 3216 1674 359 3 0 68 79996 1 3419 0 0 0 153 1483 0 0 0 0 0 40 1 0 0 0 18790 0 0 98197 0 
5 1 0 8371 0 25424 2 0 0 0 28 60 0 6100 0 3 0 0 8 0 0 0 394 438 4891 0 0 98197 0 0 
17454 1 0 390 1 0 79 0 19 0 5841 147 5 5 2952 0 25142 0 0 832 4985 1 0 854 78 255 0 0 0 0 
