8 4
0 59 64 103 62 95 95 48 
59 0 70 49 40 62 36 46 
64 70 0 118 33 51 89 98 
103 49 118 0 85 94 38 68 
62 40 33 85 0 33 56 78 
95 62 51 94 33 0 57 107 
95 36 89 38 56 57 0 77 
48 46 98 68 78 107 77 0 
0 0 42 18167 0 1 0 2 
0 0 2 128 0 27 34428 1 
42 2 0 303 232 0 63 0 
18167 128 303 0 1230 0 0 131 
0 0 232 1230 0 35024 61474 0 
1 27 0 0 35024 0 1 4 
0 34428 63 0 61474 1 0 6181 
2 1 0 131 0 4 6181 0 
0 203 0 0 10885 0 6 0 
203 0 0 0 5 0 0 0 
0 0 0 0 0 3283 0 4303 
0 0 0 0 0 63 6540 0 
10885 5 0 0 0 0 0 73 
0 0 3283 63 0 0 0 0 
6 0 0 6540 0 0 0 0 
0 0 4303 0 73 0 0 0 
0 2 0 0 73845 0 181 0 
2 0 0 0 13364 0 0 0 
0 0 0 0 0 7 0 4 
0 0 0 0 0 56 30524 0 
73845 13364 0 0 0 0 0 7440 
0 0 7 56 0 0 0 0 
181 0 0 30524 0 0 0 0 
0 0 4 0 7440 0 0 0 
0 4379 0 0 7818 0 393 0 
4379 0 0 0 647 0 0 0 
0 0 0 0 0 0 0 885 
0 0 0 0 0 122 12 0 
7818 647 0 0 0 0 0 1513 
0 0 0 122 0 0 0 21 
393 0 0 12 0 0 0 0 
0 0 885 0 1513 21 0 0 
