10 4
0 123 17 72 89 90 77 84 122 70 
123 0 116 51 121 48 96 115 59 63 
17 116 0 64 101 90 86 66 108 71 
72 51 64 0 97 39 71 77 62 33 
89 121 101 97 0 73 26 158 158 64 
90 48 90 39 73 0 47 116 91 20 
77 96 86 71 26 47 0 136 132 38 
84 115 66 77 158 116 136 0 73 105 
122 59 108 62 158 91 132 73 0 94 
70 63 71 33 64 20 38 105 94 0 
0 0 0 0 0 1434 0 1262 8 0 
0 0 77 0 3 3 0 0 0 101 
0 77 0 0 2 283 0 0 0 3272 
0 0 0 0 921 818 0 0 0 0 
0 3 2 921 0 0 1737 531 0 0 
1434 3 283 818 0 0 7228 0 21135 10 
0 0 0 0 1737 7228 0 202 0 0 
1262 0 0 0 531 0 202 0 0 0 
8 0 0 0 0 21135 0 0 0 0 
0 101 3272 0 0 10 0 0 0 0 
0 0 87 0 78623 0 4622 0 0 32808 
0 0 0 15 0 0 143 35 95 0 
87 0 0 1 0 0 82 2 2363 0 
0 15 1 0 0 0 180 0 536 296 
78623 0 0 0 0 1357 0 0 5552 7006 
0 0 0 0 1357 0 0 128 0 24 
4622 143 82 180 0 0 0 0 37287 2947 
0 35 2 0 0 128 0 0 12849 35936 
0 95 2363 536 5552 0 37287 12849 0 3221 
32808 0 0 296 7006 24 2947 35936 3221 0 
0 0 16386 1 413 0 16764 0 0 3 
0 0 0 2093 0 0 774 51492 5848 0 
16386 0 0 9068 0 0 69 191 52052 0 
1 2093 9068 0 0 0 2 174 1 1833 
413 0 0 0 0 1702 0 0 906 112 
0 0 0 0 1702 0 0 455 0 0 
16764 774 69 2 0 0 0 0 158 75809 
0 51492 191 174 0 455 0 0 1 1968 
0 5848 52052 1 906 0 158 1 0 59106 
3 0 0 1833 112 0 75809 1968 59106 0 
0 0 485 17 185 0 5414 0 0 72175 
0 0 0 25 0 0 103 56198 38365 0 
485 0 0 6 154 0 24983 34 8599 0 
17 25 6 0 0 0 72962 0 51 5712 
185 0 154 0 0 3831 0 0 1226 6 
0 0 0 0 3831 0 0 5 0 0 
5414 103 24983 72962 0 0 0 0 3 1 
0 56198 34 0 0 5 0 0 26 11 
0 38365 8599 51 1226 0 3 26 0 3552 
72175 0 0 5712 6 0 1 11 3552 0 
