30 4
0 46 118 40 96 98 46 64 2 33 36 47 55 9 108 78 35 54 61 95 45 105 61 79 70 72 108 28 39 45 
46 0 88 10 53 127 3 66 48 60 37 19 78 48 107 43 36 50 104 90 43 84 63 35 92 25 124 21 29 63 
118 88 0 85 53 137 85 71 120 144 83 106 102 125 70 117 84 138 148 59 75 25 72 92 105 80 111 92 78 92 
40 10 85 0 56 117 8 56 42 59 26 26 68 43 98 54 26 55 95 82 33 79 53 44 82 34 114 12 19 52 
96 53 53 56 0 154 51 82 98 112 71 66 108 100 106 67 71 96 146 90 69 65 81 42 118 33 138 68 62 93 
98 127 137 117 154 0 125 72 99 127 90 138 49 106 75 170 91 153 52 79 87 112 73 161 36 148 37 107 99 64 
46 3 85 8 51 125 0 63 48 61 34 22 76 49 104 46 34 53 103 87 40 81 60 36 90 26 122 20 27 60 
64 66 71 56 82 72 63 0 66 97 32 83 30 73 44 110 33 107 76 31 23 50 3 95 36 81 59 52 37 22 
2 48 120 42 98 99 48 66 0 32 38 48 56 7 110 78 37 54 61 97 47 107 63 81 71 74 110 30 42 47 
33 60 144 59 112 127 61 97 32 0 67 48 88 24 142 71 66 34 83 128 77 134 94 83 103 82 141 52 68 79 
36 37 83 26 71 90 34 32 38 67 0 51 41 44 77 80 1 75 74 61 10 68 29 70 55 58 88 20 9 26 
47 19 106 26 66 138 22 83 48 48 51 0 90 45 125 31 50 31 108 109 59 103 80 35 105 34 140 31 46 76 
55 78 102 68 108 49 76 30 56 88 41 90 0 63 62 121 41 107 46 54 39 80 29 112 15 99 53 58 50 15 
9 48 125 43 100 106 49 73 7 24 44 45 63 0 117 75 43 47 66 104 53 112 70 79 79 73 117 33 47 54 
108 107 70 98 106 75 104 44 110 142 77 125 62 117 0 149 78 152 105 17 67 45 48 131 55 116 42 96 80 64 
78 43 117 54 67 170 46 110 78 71 80 31 121 75 149 0 80 40 140 132 87 120 107 25 135 36 168 62 73 106 
35 36 84 26 71 91 34 33 37 66 1 50 41 43 78 80 0 74 74 62 11 69 30 70 55 58 89 19 9 26 
54 50 138 55 96 153 53 107 54 34 75 31 107 47 152 40 74 0 113 136 84 134 104 59 123 63 160 55 72 95 
61 104 148 95 146 52 103 76 61 83 74 108 46 66 105 140 74 113 0 100 77 126 75 139 50 129 81 83 83 56 
95 90 59 82 90 79 87 31 97 128 61 109 54 104 17 132 62 136 100 0 52 34 34 114 51 99 52 81 64 52 
45 43 75 33 69 87 40 23 47 77 10 59 39 53 67 87 11 84 77 52 0 59 20 74 51 61 81 29 13 24 
105 84 25 79 65 112 81 50 107 134 68 103 80 112 45 120 69 134 126 34 59 0 51 98 81 84 86 82 66 72 
61 63 72 53 81 73 60 3 63 94 29 80 29 70 48 107 30 104 75 34 20 51 0 93 37 79 61 49 34 20 
79 35 92 44 42 161 36 95 81 83 70 35 112 79 131 25 70 59 139 114 74 98 93 0 125 14 155 56 62 96 
70 92 105 82 118 36 90 36 71 103 55 105 15 79 55 135 55 123 50 51 51 81 37 125 0 112 38 73 63 29 
72 25 80 34 33 148 26 81 74 82 58 34 99 73 116 36 58 63 129 99 61 84 79 14 112 0 140 46 49 83 
108 124 111 114 138 37 122 59 110 141 88 140 53 117 42 168 89 160 81 52 81 86 61 155 38 140 0 108 95 65 
28 21 92 12 68 107 20 52 30 52 20 31 58 33 96 62 19 55 83 81 29 82 49 56 73 46 108 0 17 44 
39 29 78 19 62 99 27 37 42 68 9 46 50 47 80 73 9 72 83 64 13 66 34 62 63 49 95 17 0 34 
45 63 92 52 93 64 60 22 47 79 26 76 15 54 64 106 26 95 56 52 24 72 20 96 29 83 65 44 34 0 
0 0 0 0 0 1163 54309 0 0 0 3 9848 0 0 312 0 18 0 0 0 36032 0 44 457 0 418 0 10286 2819 0 
0 0 0 44278 0 2 5 6848 0 0 0 0 0 0 0 13 94383 3 28927 10285 62253 0 0 2356 0 0 0 0 0 0 
0 0 0 18 0 0 3 6637 1 0 0 0 0 48028 30321 1465 0 30 50593 0 0 9041 0 283 0 0 1166 458 0 32 
0 44278 18 0 97 3284 8 0 23297 0 0 0 0 0 0 0 641 1 5 73097 0 8 1 0 0 0 0 20575 39 0 
0 0 0 97 0 1340 0 70 6 0 4 6 0 0 17002 0 0 0 15069 0 0 0 629 53 1303 3 2 6 0 9986 
1163 2 0 3284 1340 0 3 0 10067 1 0 0 80616 0 10 0 4 0 331 0 0 0 40 354 6 0 592 0 25 0 
54309 5 3 8 0 3 0 7030 206 91488 18 0 0 81 2561 535 0 3122 0 0 92921 29 2 0 0 0 4864 2575 0 2 
0 6848 6637 0 70 0 7030 0 0 0 8 0 0 0 2 27408 0 34 0 17100 2 0 22610 0 472 9830 26 0 4994 49054 
0 0 1 23297 6 10067 206 0 0 0 0 0 0 274 0 0 47 408 21 1903 0 36 401 1970 0 91311 4 0 466 4 
0 0 0 0 0 1 91488 0 0 0 0 0 20743 0 166 0 75 0 0 0 0 0 1 0 33524 0 0 0 0 7 
3 0 0 0 4 0 18 8 0 0 0 14889 0 28603 32 0 165 3 0 0 0 0 0 0 112 0 0 0 0 162 
9848 0 0 0 6 0 0 0 0 0 14889 0 19708 0 1 0 55 0 5152 1 0 10174 0 83 96 0 0 1552 4 0 
0 0 0 0 0 80616 0 0 0 20743 0 19708 0 0 8 4 2 10722 0 5 0 9 0 376 0 4564 79257 6202 0 458 
0 0 48028 0 0 0 81 0 274 0 28603 0 0 0 4 65 8202 0 0 27182 0 0 0 0 1546 0 0 0 0 0 
312 0 30321 0 17002 10 2561 2 0 166 32 1 8 4 0 0 0 178 1 0 616 0 862 0 0 0 906 0 0 70 
0 13 1465 0 0 0 535 27408 0 0 0 0 4 65 0 0 0 14657 0 20 154 0 213 0 0 1 1482 1 0 7637 
18 94383 0 641 0 4 0 0 47 75 165 55 2 8202 0 0 0 91 0 14059 0 1 19 0 225 0 1 0 135 0 
0 3 30 1 0 0 3122 34 408 0 3 0 10722 0 178 14657 91 0 1130 0 0 435 16 0 79 2990 0 0 5362 76605 
0 28927 50593 5 15069 331 0 0 21 0 0 5152 0 0 1 0 0 1130 0 0 19598 0 0 0 8647 0 39 2 0 62 
0 10285 0 73097 0 0 0 17100 1903 0 0 1 5 27182 0 20 14059 0 0 0 287 1 111 0 4 0 0 811 0 43528 
36032 62253 0 0 0 0 92921 2 0 0 0 0 0 0 616 154 0 0 19598 287 0 0 1015 44 43603 0 2408 2 0 548 
0 0 9041 8 0 0 29 0 36 0 0 10174 9 0 0 0 1 435 0 1 0 0 3 4603 0 16390 16424 12 0 0 
44 0 0 1 629 40 2 22610 401 1 0 0 0 0 862 213 19 16 0 111 1015 3 0 201 2 3 5 0 32 0 
457 2356 283 0 53 354 0 0 1970 0 0 83 376 0 0 0 0 0 0 0 44 4603 201 0 0 0 0 0 53817 2538 
0 0 0 0 1303 6 0 472 0 33524 112 96 0 1546 0 0 225 79 8647 4 43603 0 2 0 0 0 49504 0 1 0 
418 0 0 0 3 0 0 9830 91311 0 0 0 4564 0 0 1 0 2990 0 0 0 16390 3 0 0 0 130 0 9260 0 
0 0 1166 0 2 592 4864 26 4 0 0 0 79257 0 906 1482 1 0 39 0 2408 16424 5 0 49504 130 0 3403 300 40 
10286 0 458 20575 6 0 2575 0 0 0 0 1552 6202 0 0 1 0 0 2 811 2 12 0 0 0 0 3403 0 0 0 
2819 0 0 39 0 25 0 4994 466 0 0 4 0 0 0 0 135 5362 0 0 0 0 32 53817 1 9260 300 0 0 395 
0 0 32 0 9986 0 2 49054 4 7 162 0 458 0 70 7637 0 76605 62 43528 548 0 0 2538 0 0 40 0 395 0 
0 401 9 0 4266 3 10565 0 0 4484 0 0 0 2504 84 0 21 173 26594 5669 0 5 125 0 0 54 0 10707 120 0 
401 0 0 29 4 0 0 45463 176 116 33377 0 0 22 682 147 223 0 285 0 0 0 0 0 114 0 20284 0 41 0 
9 0 0 0 3 21054 4 0 0 0 4 2073 31 0 8884 0 19884 0 1 72 0 0 0 794 45 20062 0 0 11 0 
0 29 0 0 0 0 3 0 0 27153 0 0 9 0 6705 0 0 0 31 593 14928 18 799 0 4690 0 0 0 4 1420 
4266 4 3 0 0 15 1 0 5 0 0 27 0 0 1 99119 6 292 0 24 4 48 16276 10 0 74794 42 0 0 12 
3 0 21054 0 15 0 0 18 2264 43172 6 0 145 0 0 0 124 0 416 4871 13 403 185 0 0 2 0 4508 0 0 
10565 0 4 3 1 0 0 0 946 4116 19627 1428 11321 36 0 0 0 0 25 0 18 0 1288 0 0 269 0 0 11 0 
0 45463 0 0 0 18 0 0 0 7 0 1999 1 0 3 0 3 6 0 0 479 0 0 0 0 0 0 3169 206 16 
0 176 0 0 5 2264 946 0 0 0 13416 0 0 0 0 0 0 0 807 102 85 58 9374 1501 0 33 0 1163 0 0 
4484 116 0 27153 0 43172 4116 7 0 0 600 0 0 0 31612 17730 138 1 0 57 0 0 13 0 998 4303 0 38772 0 11 
0 33377 4 0 0 6 19627 0 13416 600 0 0 0 8061 22 22 856 0 27211 1 0 29 0 203 0 18 10 9 0 8898 
0 0 2073 0 27 0 1428 1999 0 0 0 0 0 251 0 0 0 0 112 0 0 0 0 0 7771 65 503 183 0 0 
0 0 31 9 0 145 11321 1 0 0 0 0 0 0 22773 0 11 0 177 0 0 0 375 462 0 1352 0 17990 468 0 
2504 22 0 0 0 0 36 0 0 0 8061 251 0 0 0 73641 0 0 2291 78011 279 664 0 0 0 0 1206 1 132 0 
84 682 8884 6705 1 0 0 3 0 31612 22 0 22773 0 0 6 1792 0 1 18 9329 21 113 5 153 0 1 0 0 0 
0 147 0 0 99119 0 0 0 0 17730 22 0 0 73641 6 0 0 0 170 307 31 22371 1 0 0 9 25 25 141 0 
21 223 19884 0 6 124 0 3 0 138 856 0 11 0 1792 0 0 53706 15 22 346 108 0 0 0 5 43 560 171 78 
173 0 0 0 292 0 0 6 0 1 0 0 0 0 0 0 53706 0 0 0 0 1803 20 1 31 0 1 19 304 0 
26594 285 1 31 0 416 25 0 807 0 27211 112 177 2291 1 170 15 0 0 0 258 50320 0 1452 0 6275 0 18366 0 8846 
5669 0 72 593 24 4871 0 0 102 57 1 0 0 78011 18 307 22 0 0 0 0 4851 0 0 66 56 35 159 0 0 
0 0 0 14928 4 13 18 479 85 0 0 0 0 279 9329 31 346 0 258 0 0 80441 1756 0 26151 2031 24 0 0 151 
5 0 0 18 48 403 0 0 58 0 29 0 0 664 21 22371 108 1803 50320 4851 80441 0 21784 0 2 0 0 0 3329 0 
125 0 0 799 16276 185 1288 0 9374 13 0 0 375 0 113 1 0 20 0 0 1756 21784 0 123 8 3322 3 1821 82056 0 
0 0 794 0 10 0 0 0 1501 0 203 0 462 0 5 0 0 1 1452 0 0 0 123 0 0 47 33784 0 0 2135 
0 114 45 4690 0 0 0 0 0 998 0 7771 0 0 153 0 0 31 0 66 26151 2 8 0 0 0 8250 0 0 0 
54 0 20062 0 74794 2 269 0 33 4303 18 65 1352 0 0 9 5 0 6275 56 2031 0 3322 47 0 0 10 1 0 0 
0 20284 0 0 42 0 0 0 0 0 10 503 0 1206 1 25 43 1 0 35 24 0 3 33784 8250 10 0 0 18 0 
10707 0 0 0 0 4508 0 3169 1163 38772 9 183 17990 1 0 25 560 19 18366 159 0 0 1821 0 0 1 0 0 0 9 
120 41 11 4 0 0 11 206 0 0 0 0 468 132 0 141 171 304 0 0 0 3329 82056 0 0 0 18 0 0 33 
0 0 0 1420 12 0 0 16 0 11 8898 0 0 0 0 0 78 0 8846 0 151 0 0 2135 0 0 0 9 33 0 
0 0 609 7 0 81497 0 0 14070 144 0 703 0 0 33 7352 0 68 0 0 2908 21298 0 0 30349 258 0 270 21 49732 
0 0 2546 11 6 12 118 0 0 0 52651 467 31 41 0 47505 12 0 7 4 913 0 13183 5 0 0 5335 0 0 80 
609 2546 0 0 0 0 0 86 151 78628 296 2 0 1 0 7758 0 0 1183 5571 0 50067 10119 5 27712 265 0 6 244 2089 
7 11 0 0 4 0 0 0 0 0 706 2 2067 52 0 0 0 0 0 0 0 1 0 0 0 10165 6140 2 4 7569 
0 6 0 4 0 0 12 54 625 0 580 1110 131 3423 0 0 0 51524 0 0 16904 34824 65 119 0 0 0 821 0 550 
81497 12 0 0 0 0 1582 333 2 0 0 0 4607 0 0 9160 0 0 0 0 26007 9200 92 0 14772 822 106 0 0 1 
0 118 0 0 12 1582 0 0 838 0 17308 0 49 153 0 872 0 0 33538 0 0 0 0 0 509 618 196 863 0 0 
0 0 86 0 54 333 0 0 0 0 0 0 0 0 0 0 0 62 465 0 0 0 0 0 0 8263 0 0 0 0 
14070 0 151 0 625 2 838 0 0 9 0 4137 0 19 19 0 0 0 0 0 0 11 0 0 73 77 0 2 1 32 
144 0 78628 0 0 0 0 0 9 0 0 1 0 2650 0 0 12 0 14 0 0 8 908 95 499 91753 1 0 4804 2248 
0 52651 296 706 580 0 17308 0 0 0 0 0 0 3098 0 11 20755 0 0 0 59577 1227 0 0 1203 944 0 0 0 3371 
703 467 2 2 1110 0 0 0 4137 1 0 0 0 2 692 20 31 4 0 0 96 0 1 1 0 0 0 0 0 0 
0 31 0 2067 131 4607 49 0 0 0 0 0 0 0 21537 3 10 418 0 0 0 0 0 0 2 0 0 0 0 0 
0 41 1 52 3423 0 153 0 19 2650 3098 2 0 0 2 558 0 0 23661 671 1990 0 184 0 0 1768 0 43520 45 76477 
33 0 0 0 0 0 0 0 19 0 0 692 21537 2 0 0 0 33 10383 0 0 1159 933 0 1503 313 0 1010 1 0 
7352 47505 7758 0 0 9160 872 0 0 0 11 20 3 558 0 0 0 0 0 138 909 0 0 2639 89 0 0 0 773 0 
0 12 0 0 0 0 0 0 0 12 20755 31 10 0 0 0 0 3458 5 19260 0 900 1168 0 0 12 0 0 7261 44 
68 0 0 0 51524 0 0 62 0 0 0 4 418 0 33 0 3458 0 0 1546 0 6 10208 291 0 34 121 17 0 0 
0 7 1183 0 0 0 33538 465 0 14 0 0 0 23661 10383 0 5 0 0 0 0 0 227 7 0 69270 0 0 0 31 
0 4 5571 0 0 0 0 0 0 0 0 0 0 671 0 138 19260 1546 0 0 629 0 0 0 1 0 0 0 0 0 
2908 913 0 0 16904 26007 0 0 0 0 59577 96 0 1990 0 909 0 0 0 629 0 58 0 82499 0 110 1 48 2 91 
21298 0 50067 1 34824 9200 0 0 11 8 1227 0 0 0 1159 0 900 6 0 0 58 0 0 0 0 57204 0 0 0 17 
0 13183 10119 0 65 92 0 0 0 908 0 1 0 184 933 0 1168 10208 227 0 0 0 0 0 33678 1 611 921 17 0 
0 5 5 0 119 0 0 0 0 95 0 1 0 0 0 2639 0 291 7 0 82499 0 0 0 34 5 1 0 0 0 
30349 0 27712 0 0 14772 509 0 73 499 1203 0 2 0 1503 89 0 0 0 1 0 0 33678 34 0 2581 0 41384 0 9 
258 0 265 10165 0 822 618 8263 77 91753 944 0 0 1768 313 0 12 34 69270 0 110 57204 1 5 2581 0 68952 48 402 0 
0 5335 0 6140 0 106 196 0 0 1 0 0 0 0 0 0 0 121 0 0 1 0 611 1 0 68952 0 86 28736 44 
270 0 6 2 821 0 863 0 2 0 0 0 0 43520 1010 0 0 17 0 0 48 0 921 0 41384 48 86 0 0 0 
21 0 244 4 0 0 0 0 1 4804 0 0 0 45 1 773 7261 0 0 0 2 0 17 0 0 402 28736 0 0 674 
49732 80 2089 7569 550 1 0 0 32 2248 3371 0 0 76477 0 0 44 0 31 0 91 17 0 0 9 0 44 0 674 0 
0 1534 18573 19 1 8 0 223 12364 0 0 0 0 409 0 9 0 0 14 0 0 0 2 8 39237 0 3943 1010 0 17 
1534 0 0 24208 0 0 0 0 0 3081 0 0 0 0 0 0 19951 0 0 0 2447 120 0 0 0 4 81 0 5 3 
18573 0 0 9271 0 0 0 33 0 812 0 1371 143 0 33 10 0 0 22 851 0 1 0 423 50711 0 0 0 0 0 
19 24208 9271 0 649 6 5 0 289 2982 43 0 0 18 0 6 5 9 1 3304 0 42501 4012 7 71 0 18683 0 0 0 
1 0 0 649 0 126 651 0 0 0 0 0 15035 5048 0 33943 13 0 0 5 0 9050 0 0 12 0 0 39398 0 0 
8 0 0 6 126 0 274 28 1243 0 0 91240 2 528 0 3542 0 8 932 0 653 9 0 6709 0 10 111 0 0 0 
0 0 0 5 651 274 0 3 196 166 0 1234 294 0 2786 3285 7 645 172 0 2 0 21 40 0 0 0 1579 0 116 
223 0 33 0 0 28 3 0 19267 0 689 188 69 0 0 35 0 0 7690 1 0 74 1737 0 35 0 204 0 0 0 
12364 0 0 289 0 1243 196 19267 0 0 0 0 5264 2 1 0 0 1144 0 29234 32 61506 0 0 0 0 0 9 503 0 
0 3081 812 2982 0 0 166 0 0 0 24 0 0 1273 0 4869 1 1 0 0 87822 0 0 0 0 63198 64 0 0 0 
0 0 0 43 0 0 0 689 0 24 0 50520 3 0 0 0 10268 0 8 0 57 6 5 0 67 12048 0 0 0 0 
0 0 1371 0 0 91240 1234 188 0 0 50520 0 0 0 553 797 0 9 99 0 3603 0 0 31 0 208 0 22613 6700 305 
0 0 143 0 15035 2 294 69 5264 0 3 0 0 259 0 0 293 6 0 5 0 0 229 0 3009 0 48717 0 0 22 
409 0 0 18 5048 528 0 0 2 1273 0 0 259 0 3935 1049 0 412 0 43357 0 8587 36 3 0 19 31070 0 0 0 
0 0 33 0 0 0 2786 0 1 0 0 553 0 3935 0 53 0 0 121 0 10213 0 41 0 2 0 0 88 103 0 
9 0 10 6 33943 3542 3285 35 0 4869 0 797 0 1049 53 0 0 0 183 373 0 1 0 41009 12071 0 187 0 0 34633 
0 19951 0 5 13 0 7 0 0 1 10268 0 293 0 0 0 0 58 0 0 2 0 30809 0 23491 39 0 0 0 0 
0 0 0 9 0 8 645 0 1144 1 0 9 6 412 0 0 58 0 0 726 89610 0 57 0 0 19410 7064 0 3384 0 
14 0 22 1 0 932 172 7690 0 0 8 99 0 0 121 183 0 0 0 0 0 11774 0 0 0 0 0 0 0 0 
0 0 851 3304 5 0 0 1 29234 0 0 0 5 43357 0 373 0 726 0 0 33649 1302 0 819 0 0 0 0 0 0 
0 2447 0 0 0 653 2 0 32 87822 57 3603 0 0 10213 0 2 89610 0 33649 0 1 0 17193 0 0 66 0 567 2 
0 120 1 42501 9050 9 0 74 61506 0 6 0 0 8587 0 1 0 0 11774 1302 1 0 0 0 3730 33906 455 63 381 0 
2 0 0 4012 0 0 21 1737 0 0 5 0 229 36 41 0 30809 57 0 0 0 0 0 0 0 0 317 0 59 2810 
8 0 423 7 0 6709 40 0 0 0 0 31 0 3 0 41009 0 0 0 819 17193 0 0 0 0 65976 0 0 3004 0 
39237 0 50711 71 12 0 0 35 0 0 67 0 3009 0 2 12071 23491 0 0 0 0 3730 0 0 0 0 0 0 13 0 
0 4 0 0 0 10 0 0 0 63198 12048 208 0 19 0 0 39 19410 0 0 0 33906 0 65976 0 0 953 0 0 0 
3943 81 0 18683 0 111 0 204 0 64 0 0 48717 31070 0 187 0 7064 0 0 66 455 317 0 0 953 0 6287 0 933 
1010 0 0 0 39398 0 1579 0 9 0 0 22613 0 0 88 0 0 0 0 0 0 63 0 0 0 0 6287 0 251 0 
0 5 0 0 0 0 0 0 503 0 0 6700 0 0 103 0 0 3384 0 0 567 381 59 3004 13 0 0 251 0 0 
17 3 0 0 0 0 116 0 0 0 0 305 22 0 0 34633 0 0 0 0 2 0 2810 0 0 0 933 0 0 0 
