10 4
0 59 64 103 62 95 95 48 90 88 
59 0 70 49 40 62 36 46 31 30 
64 70 0 118 33 51 89 98 88 95 
103 49 118 0 85 94 38 68 34 23 
62 40 33 85 0 33 56 78 55 62 
95 62 51 94 33 0 57 107 59 71 
95 36 89 38 56 57 0 77 6 17 
48 46 98 68 78 107 77 0 71 63 
90 31 88 34 55 59 6 71 0 12 
88 30 95 23 62 71 17 63 12 0 
0 0 2 3633 1248 166 14 4 0 249 
0 0 1 63 25 1 0 0 0 0 
2 1 0 1555 0 0 0 12954 589 0 
3633 63 1555 0 875 308 0 0 0 28 
1248 25 0 875 0 0 4965 0 139 125 
166 1 0 308 0 0 2 388 25 20 
14 0 0 0 4965 2 0 0 4 0 
4 0 12954 0 0 388 0 0 0 0 
0 0 589 0 139 25 4 0 0 356 
249 0 0 28 125 20 0 0 356 0 
0 32006 8 0 0 0 0 0 99 0 
32006 0 0 0 7 0 83999 3851 203 150 
8 0 0 0 30383 23 0 0 0 120 
0 0 0 0 0 0 3058 1146 2452 0 
0 7 30383 0 0 3 0 38 0 0 
0 0 23 0 3 0 0 0 0 0 
0 83999 0 3058 0 0 0 2842 0 58168 
0 3851 0 1146 38 0 2842 0 22166 0 
99 203 0 2452 0 0 0 22166 0 0 
0 150 120 0 0 0 58168 0 0 0 
0 1010 0 0 0 0 0 0 252 0 
1010 0 1 0 3 0 851 59 2 19906 
0 1 0 0 10761 62 1 0 0 3 
0 0 0 0 0 0 269 2520 113 0 
0 3 10761 0 0 44 0 0 0 0 
0 0 62 0 44 0 110 0 0 0 
0 851 1 269 0 110 0 442 1 31834 
0 59 0 2520 0 0 442 0 760 98 
252 2 0 113 0 0 1 760 0 0 
0 19906 3 0 0 0 31834 98 0 0 
0 1667 0 0 0 0 0 0 54 0 
1667 0 6 0 0 0 818 3 0 35596 
0 6 0 0 4855 25 11 0 0 7 
0 0 0 0 0 0 59 96873 147 0 
0 0 4855 0 0 36 0 18 0 0 
0 0 25 0 36 0 4 0 0 0 
0 818 11 59 0 4 0 1169 0 949 
0 3 0 96873 18 0 1169 0 6497 0 
54 0 0 147 0 0 0 6497 0 0 
0 35596 7 0 0 0 949 0 0 0 
