10 4
0 46 118 40 96 98 46 64 2 33 
46 0 88 10 53 127 3 66 48 60 
118 88 0 85 53 137 85 71 120 144 
40 10 85 0 56 117 8 56 42 59 
96 53 53 56 0 154 51 82 98 112 
98 127 137 117 154 0 125 72 99 127 
46 3 85 8 51 125 0 63 48 61 
64 66 71 56 82 72 63 0 66 97 
2 48 120 42 98 99 48 66 0 32 
33 60 144 59 112 127 61 97 32 0 
0 1 4810 8081 177 4 0 2 8 1436 
1 0 17364 0 1 0 0 410 0 2070 
4810 17364 0 4577 0 20 254 0 0 0 
8081 0 4577 0 0 0 33749 0 0 45760 
177 1 0 0 0 13497 250 0 491 183 
4 0 20 0 13497 0 0 0 266 20392 
0 0 254 33749 250 0 0 0 0 259 
2 410 0 0 0 0 0 0 120 5 
8 0 0 0 491 266 0 120 0 89858 
1436 2070 0 45760 183 20392 259 5 89858 0 
0 3 190 3686 46 7 0 0 0 218 
3 0 42507 0 0 0 0 19 1 4116 
190 42507 0 26315 0 13 2882 0 0 0 
3686 0 26315 0 0 0 6283 0 0 5159 
46 0 0 0 0 324 8 0 3175 38 
7 0 13 0 324 0 0 0 5988 96185 
0 0 2882 6283 8 0 0 0 0 450 
0 19 0 0 0 0 0 0 15 44 
0 1 0 0 3175 5988 0 15 0 38113 
218 4116 0 5159 38 96185 450 44 38113 0 
0 20 3043 514 739 1 0 17 2 12602 
20 0 5650 0 36 0 0 656 6 166 
3043 5650 0 284 0 146 13 0 0 0 
514 0 284 0 0 0 54309 0 0 21893 
739 36 0 0 0 238 1559 0 388 3193 
1 0 146 0 238 0 0 0 14795 3710 
0 0 13 54309 1559 0 0 0 0 2621 
17 656 0 0 0 0 0 0 3 38 
2 6 0 0 388 14795 0 3 0 52651 
12602 166 0 21893 3193 3710 2621 38 52651 0 
0 0 10643 947 29 88 0 0 0 21 
0 0 241 0 7 0 0 144 2 70539 
10643 241 0 131 0 0 1 0 0 0 
947 0 131 0 0 0 1082 0 0 32473 
29 7 0 0 0 33571 51 0 86 670 
88 0 0 0 33571 0 0 0 11558 8525 
0 0 1 1082 51 0 0 0 0 0 
0 144 0 0 0 0 0 0 486 0 
0 2 0 0 86 11558 0 486 0 3171 
21 70539 0 32473 670 8525 0 0 3171 0 
