10 2
0 123 17 72 89 90 77 84 122 70 
123 0 116 51 121 48 96 115 59 63 
17 116 0 64 101 90 86 66 108 71 
72 51 64 0 97 39 71 77 62 33 
89 121 101 97 0 73 26 158 158 64 
90 48 90 39 73 0 47 116 91 20 
77 96 86 71 26 47 0 136 132 38 
84 115 66 77 158 116 136 0 73 105 
122 59 108 62 158 91 132 73 0 94 
70 63 71 33 64 20 38 105 94 0 
0 0 0 0 2 0 0 196 46 7575 
0 0 0 0 0 0 0 9 1209 33 
0 0 0 0 16624 0 0 44964 0 0 
0 0 0 0 20505 0 2 16353 0 793 
2 0 16624 20505 0 0 2721 55 0 46 
0 0 0 0 0 0 2191 3376 72 203 
0 0 0 2 2721 2191 0 15593 52 0 
196 9 44964 16353 55 3376 15593 0 0 11 
46 1209 0 0 0 72 52 0 0 22 
7575 33 0 793 46 203 0 11 22 0 
0 4288 7049 2 0 4277 2 8711 0 0 
4288 0 6 0 5817 0 2 0 0 0 
7049 6 0 326 0 0 0 0 2763 0 
2 0 326 0 1346 0 0 410 0 0 
0 5817 0 1346 0 27 1206 0 0 82 
4277 0 0 0 27 0 0 0 499 0 
2 2 0 0 1206 0 0 0 227 0 
8711 0 0 410 0 0 0 0 27 0 
0 0 2763 0 0 499 227 27 0 0 
0 0 0 0 82 0 0 0 0 0 
