40 4
0 59 64 103 62 95 95 48 90 88 90 112 64 139 74 53 26 148 87 89 78 107 103 6 100 177 116 85 94 32 58 33 140 154 91 89 149 95 129 136 
59 0 70 49 40 62 36 46 31 30 43 69 27 80 26 37 59 91 39 30 28 48 85 53 62 119 57 26 35 49 19 41 84 96 32 30 99 39 70 86 
64 70 0 118 33 51 89 98 88 95 64 73 48 126 97 33 87 124 64 86 63 108 150 62 58 154 114 86 89 33 53 83 147 156 86 84 168 106 127 100 
103 49 118 0 85 94 38 68 34 23 68 88 69 56 28 85 93 77 65 36 58 23 68 97 90 97 30 33 37 98 65 74 38 53 38 38 50 11 35 90 
62 40 33 85 0 33 56 78 55 62 34 51 15 94 66 8 77 96 33 53 30 75 125 57 38 126 81 53 55 32 21 66 113 123 53 51 135 74 94 77 
95 62 51 94 33 0 57 107 59 71 25 22 37 82 84 42 110 75 28 57 37 76 147 91 7 104 78 61 57 65 46 97 112 117 56 55 139 82 90 49 
95 36 89 38 56 57 0 77 6 17 31 50 41 44 39 58 95 55 29 6 25 20 100 89 52 83 25 11 1 78 40 76 58 67 4 6 82 27 38 57 
48 46 98 68 78 107 77 0 71 63 90 115 69 117 41 71 27 133 86 71 75 81 55 45 108 159 90 66 76 65 60 15 106 121 74 72 107 64 101 132 
90 31 88 34 55 59 6 71 0 12 34 55 39 49 33 57 89 61 31 2 25 20 94 84 56 89 27 5 5 75 38 70 58 68 4 4 81 23 41 63 
88 30 95 23 62 71 17 63 12 0 46 67 46 53 23 63 84 69 43 14 35 19 82 82 68 95 28 10 16 78 43 65 53 65 16 16 72 11 40 74 
90 43 64 68 34 25 31 90 34 46 0 25 25 61 61 41 99 61 3 32 15 51 124 84 22 92 53 36 32 65 32 83 87 94 30 30 114 57 66 45 
112 69 73 88 51 22 50 115 55 67 25 0 49 63 86 60 123 54 29 53 40 67 148 107 15 82 66 58 51 84 57 108 98 101 51 51 128 77 76 27 
64 27 48 69 15 37 41 69 39 46 25 49 0 81 52 17 74 86 23 37 16 60 112 58 38 116 66 37 40 40 8 60 98 108 37 36 119 58 79 71 
139 80 126 56 94 82 44 117 49 53 61 63 81 0 75 99 137 23 62 50 65 36 125 133 74 41 27 54 45 121 83 118 42 40 48 50 74 54 23 49 
74 26 97 28 66 84 39 41 33 23 61 86 52 75 0 64 65 92 58 34 47 39 62 69 83 117 49 28 38 73 45 46 66 80 37 35 76 23 59 96 
53 37 33 85 8 42 58 71 57 63 41 60 17 99 64 0 69 102 39 55 34 77 120 48 46 132 83 54 58 24 20 58 115 125 55 53 135 74 97 85 
26 59 87 93 77 110 95 27 89 84 99 123 74 137 65 69 0 150 95 88 85 103 79 26 113 178 112 83 93 54 66 19 131 145 91 89 135 88 124 144 
148 91 124 77 96 75 55 133 61 69 61 54 86 23 92 102 150 0 63 62 70 55 146 142 68 30 47 67 57 126 90 132 65 61 59 61 97 73 46 31 
87 39 64 65 33 28 29 86 31 43 3 29 23 62 58 39 95 63 0 29 11 49 121 81 25 93 52 33 29 63 29 79 86 93 27 27 112 54 65 48 
89 30 86 36 53 57 6 71 2 14 32 53 37 50 34 55 88 62 29 0 23 22 95 83 54 89 29 5 5 73 36 70 60 70 2 2 83 25 42 62 
78 28 63 58 30 37 25 75 25 35 15 40 16 65 47 34 85 70 11 23 0 45 110 72 35 100 50 25 25 56 20 68 83 92 22 21 106 47 64 59 
107 48 108 23 75 76 20 81 20 19 51 67 60 36 39 77 103 55 49 22 45 0 91 101 71 77 9 23 20 95 58 84 38 48 22 24 62 18 21 67 
103 85 150 68 125 147 100 55 94 82 124 148 112 125 62 120 79 146 121 95 110 91 0 100 146 164 99 90 98 119 104 71 95 110 98 97 80 74 102 156 
6 53 62 97 57 91 89 45 84 82 84 107 58 133 69 48 26 142 81 83 72 101 100 0 95 171 110 79 88 29 52 29 135 148 85 83 144 89 123 130 
100 62 58 90 38 7 52 108 56 68 22 15 38 74 83 46 113 68 25 54 35 71 146 95 0 97 72 58 53 70 47 99 106 111 52 52 134 79 84 42 
177 119 154 97 126 104 83 159 89 95 92 82 116 41 117 132 178 30 93 89 100 77 164 171 97 0 68 94 84 156 120 159 73 63 87 89 103 95 62 57 
116 57 114 30 81 78 25 90 27 28 53 66 66 27 49 83 112 47 52 29 50 9 99 110 72 68 0 31 25 102 65 93 34 42 28 30 62 26 13 62 
85 26 86 33 53 61 11 66 5 10 36 58 37 54 28 54 83 67 33 5 25 23 90 79 58 94 31 0 10 72 35 65 61 72 8 7 82 21 44 68 
94 35 89 37 55 57 1 76 5 16 32 51 40 45 38 58 93 57 29 5 25 20 98 88 53 84 25 10 0 78 40 75 58 67 3 5 82 26 39 58 
32 49 33 98 32 65 78 65 75 78 65 84 40 121 73 24 54 126 63 73 56 95 119 29 70 156 102 72 78 0 37 50 132 144 75 73 148 88 116 109 
58 19 53 65 21 46 40 60 38 43 32 57 8 83 45 20 66 90 29 36 20 58 104 52 47 120 65 35 40 37 0 51 96 106 37 35 115 54 79 78 
33 41 83 74 66 97 76 15 70 65 83 108 60 118 46 58 19 132 79 70 68 84 71 29 99 159 93 65 75 50 51 0 112 127 72 70 118 69 105 127 
140 84 147 38 113 112 58 106 58 53 87 98 98 42 66 115 131 65 86 60 83 38 95 135 106 73 34 61 58 132 96 112 0 15 60 62 32 45 22 90 
154 96 156 53 123 117 67 121 68 65 94 101 108 40 80 125 145 61 93 70 92 48 110 148 111 63 42 72 67 144 106 127 15 0 70 71 40 58 28 89 
91 32 86 38 53 56 4 74 4 16 30 51 37 48 37 55 91 59 27 2 22 22 98 85 52 87 28 8 3 75 37 72 60 70 0 2 84 27 42 59 
89 30 84 38 51 55 6 72 4 16 30 51 36 50 35 53 89 61 27 2 21 24 97 83 52 89 30 7 5 73 35 70 62 71 2 0 85 27 43 60 
149 99 168 50 135 139 82 107 81 72 114 128 119 74 76 135 135 97 112 83 106 62 80 144 134 103 62 82 82 148 115 118 32 40 84 85 0 61 54 122 
95 39 106 11 74 82 27 64 23 11 57 77 58 54 23 74 88 73 54 25 47 18 74 89 79 95 26 21 26 88 54 69 45 58 27 27 61 0 36 82 
129 70 127 35 94 90 38 101 41 40 66 76 79 23 59 97 124 46 65 42 64 21 102 123 84 62 13 44 39 116 79 105 22 28 42 43 54 36 0 68 
136 86 100 90 77 49 57 132 63 74 45 27 71 49 96 85 144 31 48 62 59 67 156 130 42 57 62 68 58 109 78 127 90 89 59 60 122 82 68 0 
0 0 0 28036 92269 22 148 0 0 0 2 15311 141 0 5738 0 0 11 1049 3 0 196 0 0 39115 4395 0 7232 16603 19 0 0 0 1 30972 0 0 62 46024 409 
0 0 27234 983 111 0 1425 0 5254 1 0 0 40 4877 0 0 311 0 26 3553 0 484 8643 244 0 2445 0 0 0 1 0 0 432 0 11 0 242 72639 1 0 
0 27234 0 0 0 0 0 0 43300 18454 1224 13099 0 847 0 0 3752 0 65 0 62 0 89200 0 33451 927 0 31 0 0 2 0 205 1010 0 117 260 0 3670 21588 
28036 983 0 0 333 0 8525 0 80 882 188 0 45 301 1900 13 10 6891 1 0 0 6847 84242 0 46026 0 0 1 0 17304 34049 99 0 70023 0 0 6 0 31 42 
92269 111 0 333 0 73336 62 383 5949 2 711 0 0 789 2 0 0 0 0 0 89 0 0 203 0 252 0 0 112 0 0 0 0 1 0 1958 0 0 0 1030 
22 0 0 0 73336 0 0 0 0 99296 54 0 27187 18853 69012 0 26078 500 0 5 0 28170 0 0 46643 12806 0 0 0 0 0 135 1 0 21 0 52 0 3 115 
148 1425 0 8525 62 0 0 0 0 36 0 18 0 0 0 71 0 0 8 47229 21017 525 0 0 3 4 0 0 0 0 34 59 755 5724 0 0 0 0 3820 9865 
0 0 0 0 383 0 0 0 10944 0 1 8 0 5801 0 0 38 22593 1 33777 17329 53 5 10 0 17210 4146 179 101 2615 46991 0 6946 4 0 741 21627 8622 0 126 
0 5254 43300 80 5949 0 0 10944 0 0 75531 28 4 0 0 62 209 0 344 0 5 0 0 0 0 0 0 0 11477 4 7 0 0 133 676 0 10 63 0 0 
0 1 18454 882 2 99296 36 0 0 0 0 3 0 11689 72 4 68 79 0 12 0 2244 0 932 0 0 0 323 0 4 6941 4626 0 757 8 222 0 459 0 0 
2 0 1224 188 711 54 0 1 75531 0 0 0 0 39 1326 0 0 0 0 0 0 0 0 0 0 1547 139 0 432 0 909 0 0 0 1 189 0 1 3546 5 
15311 0 13099 0 0 0 18 8 28 3 0 0 418 410 35925 3 9445 2184 41 0 108 0 0 6 0 1333 424 0 0 0 0 54454 0 184 0 2246 0 39619 57 0 
141 40 0 45 0 27187 0 0 4 0 0 418 0 0 0 1201 0 64 225 0 577 0 32 0 224 0 0 87 0 391 0 38096 1 13476 7277 7528 73544 0 0 0 
0 4877 847 301 789 18853 0 5801 0 11689 39 410 0 0 27878 62 21472 0 0 0 0 47 7886 0 860 0 336 51 26072 0 4 20 4 0 87 0 0 41155 0 0 
5738 0 0 1900 2 69012 0 0 0 72 1326 35925 0 27878 0 0 1 0 1467 13114 0 12 0 0 986 3 0 0 0 601 51987 0 0 9026 22 3 40202 0 0 92398 
0 0 0 13 0 0 71 0 62 4 0 3 1201 62 0 0 0 25 0 0 2 0 96 0 0 1139 4 0 300 4 8 14304 16029 0 0 59 0 0 18 0 
0 311 3752 10 0 26078 0 38 209 68 0 9445 0 21472 1 0 0 0 46142 1 0 1398 0 76 0 10134 3 21755 2631 0 25 26648 0 0 0 76 15 10839 8210 1349 
11 0 0 6891 0 500 0 22593 0 79 0 2184 64 0 0 25 0 0 26358 1402 0 0 23 0 0 515 10 2 0 0 54629 5369 0 0 0 0 3 2 0 0 
1049 26 65 1 0 0 8 1 344 0 0 41 225 0 1467 0 46142 26358 0 0 0 0 0 0 3 2946 2 0 0 0 0 0 99 9885 12513 13095 0 1190 29 0 
3 3553 0 0 0 5 47229 33777 0 12 0 0 0 0 13114 0 1 1402 0 0 756 36125 92 39685 0 0 0 5060 0 0 7799 0 0 0 0 0 0 107 0 0 
0 0 62 0 89 0 21017 17329 5 0 0 108 577 0 0 2 0 0 0 756 0 0 0 277 2 0 0 0 0 0 0 11 0 0 1109 0 8677 21620 10 44 
196 484 0 6847 0 28170 525 53 0 2244 0 0 0 47 12 0 1398 0 0 36125 0 0 0 2666 0 4 5187 0 0 328 0 0 90334 0 10 461 0 0 0 0 
0 8643 89200 84242 0 0 0 5 0 0 0 0 32 7886 0 96 0 23 0 92 0 0 0 0 33707 337 0 45141 0 5518 0 184 23754 0 0 0 1146 141 60169 0 
0 244 0 0 203 0 0 10 0 932 0 6 0 0 0 0 76 0 0 39685 277 2666 0 0 0 0 0 113 1 66 0 5 11375 0 1 29 0 0 0 0 
39115 0 33451 46026 0 46643 3 0 0 0 0 0 224 860 986 0 0 0 3 0 2 0 33707 0 0 1346 0 5731 2374 20666 0 0 152 1 0 3964 0 0 0 5211 
4395 2445 927 0 252 12806 4 17210 0 0 1547 1333 0 0 3 1139 10134 515 2946 0 0 4 337 0 1346 0 12458 154 0 0 16233 26 0 0 0 1 0 2879 0 0 
0 0 0 0 0 0 0 4146 0 0 139 424 0 336 0 4 3 10 2 0 0 5187 0 0 0 12458 0 0 432 1208 0 0 753 0 0 0 5095 19408 0 0 
7232 0 31 1 0 0 0 179 0 323 0 0 87 51 0 0 21755 2 0 5060 0 0 45141 113 5731 154 0 0 1079 0 39841 2941 2 0 181 8 0 1 0 0 
16603 0 0 0 112 0 0 101 11477 0 432 0 0 26072 0 300 2631 0 0 0 0 0 0 1 2374 0 432 1079 0 357 0 0 0 4318 53 919 0 0 0 0 
19 1 0 17304 0 0 0 2615 4 4 0 0 391 0 601 4 0 0 0 0 0 328 5518 66 20666 0 1208 0 357 0 0 0 0 17 0 41 0 2264 0 0 
0 0 2 34049 0 0 34 46991 7 6941 909 0 0 4 51987 8 25 54629 0 7799 0 0 0 0 0 16233 0 39841 0 0 0 2405 0 8702 0 212 3602 138 0 0 
0 0 0 99 0 135 59 0 0 4626 0 54454 38096 20 0 14304 26648 5369 0 0 11 0 184 5 0 26 0 2941 0 0 2405 0 0 0 0 0 0 0 0 0 
0 432 205 0 0 1 755 6946 0 0 0 0 1 4 0 16029 0 0 99 0 0 90334 23754 11375 152 0 753 2 0 0 0 0 0 0 0 0 0 0 2160 0 
1 0 1010 70023 1 0 5724 4 133 757 0 184 13476 0 9026 0 0 0 9885 0 0 0 0 0 1 0 0 0 4318 17 8702 0 0 0 0 0 0 0 22735 173 
30972 11 0 0 0 21 0 0 676 8 1 0 7277 87 22 0 0 0 12513 0 1109 10 0 1 0 0 0 181 53 0 0 0 0 0 0 47 6215 0 10997 0 
0 0 117 0 1958 0 0 741 0 222 189 2246 7528 0 3 59 76 0 13095 0 0 461 0 29 3964 1 0 8 919 41 212 0 0 0 47 0 0 0 0 0 
0 242 260 6 0 52 0 21627 10 0 0 0 73544 0 40202 0 15 3 0 0 8677 0 1146 0 0 0 5095 0 0 0 3602 0 0 0 6215 0 0 0 0 101 
62 72639 0 0 0 0 0 8622 63 459 1 39619 0 41155 0 0 10839 2 1190 107 21620 0 141 0 0 2879 19408 1 0 2264 138 0 0 0 0 0 0 0 23721 6031 
46024 1 3670 31 0 3 3820 0 0 0 3546 57 0 0 0 18 8210 0 29 0 10 0 60169 0 0 0 0 0 0 0 0 0 2160 22735 10997 0 0 23721 0 0 
409 0 21588 42 1030 115 9865 126 0 0 5 0 0 0 92398 0 1349 0 0 0 44 0 0 0 5211 0 0 0 0 0 0 0 0 173 0 0 101 6031 0 0 
0 0 27 0 0 0 0 232 13009 1 0 0 0 0 0 0 20 67241 0 0 435 0 4645 37028 0 0 5287 0 1 51 0 74 399 0 66089 0 8 0 0 0 
0 0 0 20986 3 3192 0 90 0 0 0 14 0 0 99 12817 41582 476 17 2091 875 0 0 554 25 0 2803 312 109 0 6906 27141 0 11309 228 142 0 0 13 89 
27 0 0 0 1161 20 0 2 0 0 0 0 87060 71166 12 11025 0 68 0 0 16 0 0 747 0 0 1294 0 322 11062 0 0 0 1428 589 0 0 0 0 3041 
0 20986 0 0 0 29238 0 0 12015 0 37247 40342 2340 0 1853 0 0 0 7495 0 60 0 0 0 0 727 1170 1 0 0 0 0 39 0 83456 3968 0 16176 0 0 
0 3 1161 0 0 0 350 0 0 0 0 48 422 0 2 183 0 11 10740 4373 0 545 1 131 0 441 115 0 0 0 71 71520 1524 0 0 59852 0 18434 218 0 
0 3192 20 29238 0 0 32367 0 66 0 273 0 3 0 0 21 0 0 90 0 136 8241 0 0 0 0 0 72 0 3 13 0 5 14 0 1 0 0 0 0 
0 0 0 0 350 32367 0 6297 1862 0 5230 0 1786 0 15942 0 32 1702 3020 1 0 0 0 73809 0 0 3 0 0 65784 0 0 0 0 11289 19 0 4 0 0 
232 90 2 0 0 0 6297 0 0 0 0 0 19194 0 66265 34895 0 0 0 0 0 5201 0 0 0 0 0 1380 0 0 0 25 10 0 1 5010 19 38 1140 27 
13009 0 0 12015 0 66 1862 0 0 0 0 0 0 9687 64182 3503 14312 1 33318 0 0 702 5006 0 4 44 6846 381 0 0 0 5755 0 0 0 1 0 2569 14799 12992 
1 0 0 0 0 0 0 0 0 0 1330 0 989 0 497 0 8 0 0 0 6 0 21 0 34 0 6 0 2977 0 0 0 37 0 0 0 0 8173 0 60 
0 0 0 37247 0 273 5230 0 0 1330 0 26 8 0 4 0 0 15 34 0 25719 0 93 49 1867 0 0 154 0 93459 0 0 0 144 0 6 0 0 0 0 
0 14 0 40342 48 0 0 0 0 0 26 0 0 0 0 6702 0 0 8 3 63915 8688 208 0 2 0 7719 4 4 1 143 0 24 0 166 0 582 0 0 0 
0 0 87060 2340 422 3 1786 19194 0 989 8 0 0 0 1 0 39223 0 0 329 0 849 0 560 949 2 68 0 0 10 1 0 77 176 0 3221 0 0 48486 0 
0 0 71166 0 0 0 0 0 9687 0 0 0 0 0 0 482 162 938 20 2 2039 0 0 0 0 18014 0 0 0 835 0 7006 0 43231 1 1485 0 0 12899 3 
0 99 12 1853 2 0 15942 66265 64182 497 4 0 1 0 0 50005 0 0 0 0 0 0 0 3 0 0 94 451 15077 0 0 63393 9556 0 0 4356 0 122 24 307 
0 12817 11025 0 183 21 0 34895 3503 0 0 6702 0 482 50005 0 2053 95 932 693 0 129 0 0 5225 0 0 0 0 0 0 0 0 1 23 0 3 275 0 361 
20 41582 0 0 0 0 32 0 14312 8 0 0 39223 162 0 2053 0 8 0 12 213 0 5 0 161 1 0 0 0 0 0 0 4966 6 0 0 0 0 0 7 
67241 476 68 0 11 0 1702 0 1 0 15 0 0 938 0 95 8 0 0 0 514 0 1355 0 236 0 0 709 104 195 0 7733 77 68738 0 0 0 3016 0 0 
0 17 0 7495 10740 90 3020 0 33318 0 34 8 0 20 0 932 0 0 0 843 52958 44 5 0 5 0 0 0 77565 2451 0 7992 33 0 0 0 0 0 2 61297 
0 2091 0 0 4373 0 1 0 0 0 0 3 329 2 0 693 12 0 843 0 0 0 0 4 20255 0 6 0 277 25730 0 140 0 0 54 2 288 131 612 28 
435 875 16 60 0 136 0 0 0 6 25719 63915 0 2039 0 0 213 514 52958 0 0 1013 125 0 0 88188 0 24210 5 8 0 0 3 0 0 79186 0 733 0 0 
0 0 0 0 545 8241 0 5201 702 0 0 8688 849 0 0 129 0 0 44 0 1013 0 4774 27 4 9735 0 10 1559 16 0 18395 0 471 0 0 26373 253 7089 24579 
4645 0 0 0 1 0 0 0 5006 21 93 208 0 0 0 0 5 1355 5 0 125 4774 0 41035 10 0 42523 0 3387 3924 0 0 0 2591 2436 92265 0 0 0 3269 
37028 554 747 0 131 0 73809 0 0 0 49 0 560 0 3 0 0 0 0 4 0 27 41035 0 0 4 0 16 0 0 386 0 0 0 0 0 4381 4077 60 0 
0 25 0 0 0 0 0 0 4 34 1867 2 949 0 0 5225 161 236 5 20255 0 4 10 0 0 0 3390 0 0 0 0 14344 0 0 258 15816 87907 0 0 0 
0 0 0 727 441 0 0 0 44 0 0 0 2 18014 0 0 1 0 0 0 88188 9735 0 4 0 0 0 0 1 6 0 3 0 3778 15 4143 3393 0 0 23 
5287 2803 1294 1170 115 0 3 0 6846 6 0 7719 68 0 94 0 0 0 0 6 0 0 42523 0 3390 0 0 0 489 0 22917 1107 0 8669 127 91 0 6653 1 14967 
0 312 0 1 0 72 0 1380 381 0 154 4 0 0 451 0 0 709 0 0 24210 10 0 16 0 0 0 0 0 17 2 55 0 0 0 0 0 0 0 2907 
1 109 322 0 0 0 0 0 0 2977 0 4 0 0 15077 0 0 104 77565 277 5 1559 3387 0 0 1 489 0 0 0 15 43084 1370 395 0 461 18 0 1502 37628 
51 0 11062 0 0 3 65784 0 0 0 93459 1 10 835 0 0 0 195 2451 25730 8 16 3924 0 0 6 0 17 0 0 33580 30803 0 0 175 0 21 2 3 0 
0 6906 0 0 71 13 0 0 0 0 0 143 1 0 0 0 0 0 0 0 0 0 0 386 0 0 22917 2 15 33580 0 0 659 0 3 8838 12 0 12 129 
74 27141 0 0 71520 0 0 25 5755 0 0 0 0 7006 63393 0 0 7733 7992 140 0 18395 0 0 14344 3 1107 55 43084 30803 0 0 5 1002 0 10 3 316 97 119 
399 0 0 39 1524 5 0 10 0 37 0 24 77 0 9556 0 4966 77 33 0 3 0 0 0 0 0 0 0 1370 0 659 5 0 0 8530 9222 6 521 0 5 
0 11309 1428 0 0 14 0 0 0 0 144 0 176 43231 0 1 6 68738 0 0 0 471 2591 0 0 3778 8669 0 395 0 0 1002 0 0 0 8 0 25006 0 19878 
66089 228 589 83456 0 0 11289 1 0 0 0 166 0 1 0 23 0 0 0 54 0 0 2436 0 258 15 127 0 0 175 3 0 8530 0 0 109 0 0 0 0 
0 142 0 3968 59852 1 19 5010 1 0 6 0 3221 1485 4356 0 0 0 0 2 79186 0 92265 0 15816 4143 91 0 461 0 8838 10 9222 8 109 0 15 26382 143 13268 
8 0 0 0 0 0 0 19 0 0 0 582 0 0 0 3 0 0 0 288 0 26373 0 4381 87907 3393 0 0 18 21 12 3 6 0 0 15 0 49905 0 2 
0 0 0 16176 18434 0 4 38 2569 8173 0 0 0 0 122 275 0 3016 0 131 733 253 0 4077 0 0 6653 0 0 2 0 316 521 25006 0 26382 49905 0 0 6 
0 13 0 0 218 0 0 1140 14799 0 0 0 48486 12899 24 0 0 0 2 612 0 7089 0 60 0 0 1 0 1502 3 12 97 0 0 0 143 0 0 0 63596 
0 89 3041 0 0 0 0 27 12992 60 0 0 0 3 307 361 7 0 61297 28 0 24579 3269 0 0 23 14967 2907 37628 0 129 119 5 19878 0 13268 2 6 63596 0 
0 0 17 0 12 0 0 6561 1500 3030 35 0 101 3748 0 0 32 0 0 0 21 136 0 1376 3 0 0 0 0 0 14436 2 2 0 0 18664 6 0 0 0 
0 0 0 0 0 2 615 48523 0 0 550 0 0 1362 44712 13 0 1 9898 0 27 0 34 97688 2008 0 58839 1703 0 0 0 148 0 0 0 0 20300 0 0 4867 
17 0 0 3 94635 1 17491 1425 0 0 0 36863 207 0 11 3 0 102 0 258 0 0 262 44 0 0 86 0 0 27 0 222 0 0 59947 0 4402 0 0 0 
0 0 3 0 57 32 0 5729 1 0 1568 277 0 0 0 0 0 45519 0 70991 518 0 73521 0 0 33 39939 0 12 0 3 2 2665 0 338 0 0 0 0 0 
12 0 94635 57 0 0 0 0 321 42 0 45132 35 18 0 0 39035 0 35 54 196 72 55 0 0 0 94 3683 0 8899 88060 1 28 0 0 43892 17 0 22157 0 
0 2 1 32 0 0 4805 1455 0 0 0 7448 0 358 0 36 19875 0 4 0 0 0 7 44856 0 0 0 14 1232 11 0 1 0 101 480 2060 0 19804 5248 9379 
0 615 17491 0 0 4805 0 2106 51 713 33380 2 0 1 78460 57445 16151 7 0 250 0 23 2953 1 0 0 1012 0 17 99159 0 0 0 0 759 0 15585 1604 0 0 
6561 48523 1425 5729 0 1455 2106 0 0 7377 0 24536 0 0 0 4 0 0 0 0 0 1 79089 0 161 0 0 5 6458 0 183 10 0 0 27 0 0 0 20826 5 
1500 0 0 1 321 0 51 0 0 0 0 0 31 964 297 0 0 1 0 3 15 20726 58967 109 269 14589 3 0 0 0 0 124 98 879 63663 68 0 0 0 104 
3030 0 0 0 42 0 713 7377 0 0 2 0 1 0 0 0 173 0 453 0 42816 98632 1473 0 0 0 72581 0 2 0 0 0 1 1 0 0 623 29 104 819 
35 550 0 1568 0 0 33380 0 0 2 0 2 522 0 0 4 92136 16 37 1 16 0 166 94009 0 0 0 12 0 815 0 0 18374 23700 0 0 97460 0 0 0 
0 0 36863 277 45132 7448 2 24536 0 0 2 0 44 6 2 0 2220 18135 113 37648 1445 0 20247 37 4710 0 6139 749 14241 0 2 0 20580 0 0 31175 0 0 0 0 
101 0 207 0 35 0 0 0 31 1 522 44 0 28 331 0 37583 10 0 84510 280 0 169 15 0 0 6219 21129 1532 0 16 0 0 0 0 0 0 3 0 14 
3748 1362 0 0 18 358 1 0 964 0 0 6 28 0 0 37244 0 0 8192 1389 6545 0 0 1362 7 4 0 0 57 3578 0 0 0 213 2870 0 28 0 0 123 
0 44712 11 0 0 0 78460 0 297 0 0 2 331 0 0 0 0 0 0 167 48274 17 40 1501 0 0 26025 7 64 6 83 88 1 0 0 0 0 0 7 0 
0 13 3 0 0 36 57445 4 0 0 4 0 0 37244 0 0 13905 0 2663 4310 34795 0 0 432 0 0 0 629 0 0 0 3053 0 2 139 0 2 10 0 0 
32 0 0 0 39035 19875 16151 0 0 173 92136 2220 37583 0 0 13905 0 15 1530 0 2247 0 20 0 3 233 0 0 0 0 433 0 25341 2 42 0 0 0 0 0 
0 1 102 45519 0 0 7 0 1 0 16 18135 10 0 0 0 15 0 0 2123 23 13401 0 0 0 0 0 0 6 4445 0 0 93 1 0 712 0 571 3633 9 
0 9898 0 0 35 4 0 0 0 453 37 113 0 8192 0 2663 1530 0 0 26 0 19939 2 13099 0 5943 0 8 612 0 0 741 0 0 0 278 0 6891 0 1 
0 0 258 70991 54 0 250 0 3 0 1 37648 84510 1389 167 4310 0 2123 26 0 0 0 0 35 2 0 102 0 1342 0 0 0 28 91 4 332 0 6480 6 0 
21 27 0 518 196 0 0 0 15 42816 16 1445 280 6545 48274 34795 2247 23 0 0 0 1 170 0 0 8523 7 3 3104 2 6914 0 4 0 0 0 42340 0 0 0 
136 0 0 0 72 0 23 1 20726 98632 0 0 0 0 17 0 0 13401 19939 0 1 0 0 812 49378 0 0 0 0 0 14 20 0 1 0 0 0 59223 0 0 
0 34 262 73521 55 7 2953 79089 58967 1473 166 20247 169 0 40 0 20 0 2 0 170 0 0 26 0 19182 31 31 11195 0 0 33 0 60 46 43 0 7 0 42171 
1376 97688 44 0 0 44856 1 0 109 0 94009 37 15 1362 1501 432 0 0 13099 35 0 812 26 0 17 9 32069 0 38274 0 3 0 0 0 0 37716 90349 1378 585 0 
3 2008 0 0 0 0 0 161 269 0 0 4710 0 7 0 0 3 0 0 2 0 49378 0 17 0 0 1 0 0 0 584 0 0 0 16 0 93 17 1 0 
0 0 0 33 0 0 0 0 14589 0 0 0 0 4 0 0 233 0 5943 0 8523 0 19182 9 0 0 0 0 5173 37 294 0 139 13 2 1 11797 0 0 2184 
0 58839 86 39939 94 0 1012 0 3 72581 0 6139 6219 0 26025 0 0 0 0 102 7 0 31 32069 1 0 0 141 0 0 0 0 57120 0 99355 4 9 0 0 75228 
0 1703 0 0 3683 14 0 5 0 0 12 749 21129 0 7 629 0 0 8 0 3 0 31 0 0 0 141 0 39746 0 0 0 1720 576 0 0 3728 0 5 81 
0 0 0 12 0 1232 17 6458 0 2 0 14241 1532 57 64 0 0 6 612 1342 3104 0 11195 38274 0 5173 0 39746 0 22 0 10465 2991 16787 0 0 14292 25029 572 1 
0 0 27 0 8899 11 99159 0 0 0 815 0 0 3578 6 0 0 4445 0 0 2 0 0 0 0 37 0 0 22 0 266 3 0 0 7 0 0 0 91430 60546 
14436 0 0 3 88060 0 0 183 0 0 0 2 16 0 83 0 433 0 0 0 6914 14 0 3 584 294 0 0 0 266 0 0 619 0 3307 0 119 0 0 1999 
2 148 222 2 1 1 0 10 124 0 0 0 0 0 88 3053 0 0 741 0 0 20 33 0 0 0 0 0 10465 3 0 0 438 0 94672 0 18494 0 8 315 
2 0 0 2665 28 0 0 0 98 1 18374 20580 0 0 1 0 25341 93 0 28 4 0 0 0 0 139 57120 1720 2991 0 619 438 0 0 1 0 363 94 0 50376 
0 0 0 0 0 101 0 0 879 1 23700 0 0 213 0 2 2 1 0 91 0 1 60 0 0 13 0 576 16787 0 0 0 0 0 0 442 25 56 0 0 
0 0 59947 338 0 480 759 27 63663 0 0 0 0 2870 0 139 42 0 0 4 0 0 46 0 16 2 99355 0 0 7 3307 94672 1 0 0 0 78 20471 0 38959 
18664 0 0 0 43892 2060 0 0 68 0 0 31175 0 0 0 0 0 712 278 332 0 0 43 37716 0 1 4 0 0 0 0 0 0 442 0 0 4062 720 22769 64 
6 20300 4402 0 17 0 15585 0 0 623 97460 0 0 28 0 2 0 0 0 0 42340 0 0 90349 93 11797 9 3728 14292 0 119 18494 363 25 78 4062 0 0 9935 64250 
0 0 0 0 0 19804 1604 0 0 29 0 0 3 0 0 10 0 571 6891 6480 0 59223 7 1378 17 0 0 0 25029 0 0 0 94 56 20471 720 0 0 0 2 
0 0 0 0 22157 5248 0 20826 0 104 0 0 0 0 7 0 0 3633 0 6 0 0 0 585 1 0 0 5 572 91430 0 8 0 0 0 22769 9935 0 0 67646 
0 4867 0 0 0 9379 0 5 104 819 0 0 14 123 0 0 0 9 1 0 0 0 42171 0 0 2184 75228 81 1 60546 1999 315 50376 0 38959 64 64250 2 67646 0 
0 2238 2 206 212 0 31328 7805 11376 25611 0 1009 12 18 0 0 2999 0 0 0 72 12 22 28460 0 0 18483 0 45243 0 349 5731 22 0 2124 114 4 0 21 0 
2238 0 270 0 0 4 142 0 0 0 204 1620 0 499 1032 11 0 0 0 8 0 0 0 0 0 0 12 1049 0 20845 0 4720 0 46 413 2078 3367 0 0 302 
2 270 0 113 335 0 354 4482 0 0 3321 0 8 0 0 2999 0 1150 0 2 0 88332 9765 130 0 5532 39399 76399 206 3 0 434 0 0 7 0 0 0 0 0 
206 0 113 0 0 13 0 11360 1 0 7402 4 0 13 0 0 45 0 2002 38463 5 3 0 1655 0 4 21947 0 159 0 0 0 230 0 1162 213 0 3 0 0 
212 0 335 0 0 0 0 0 0 0 0 6 10230 0 0 0 19505 1354 2 0 1136 0 0 0 8715 0 0 477 0 0 30087 329 16 0 69109 0 0 15608 454 0 
0 4 0 13 0 0 7 59539 10754 0 14006 11835 1 0 0 26 0 0 123 0 107 4768 0 8 0 0 0 39 1167 8 5103 0 0 11877 0 0 0 3462 0 0 
31328 142 354 0 0 7 0 279 0 0 18836 0 1 1 417 31 100 19 84 0 0 0 0 240 0 0 0 232 31581 16 0 0 0 0 34560 91202 8884 70 493 0 
7805 0 4482 11360 0 59539 279 0 8 5493 0 30 37 0 42 32332 0 0 0 2 89199 24 0 0 0 28643 30 0 1 0 0 6 5 0 3915 0 0 0 15372 0 
11376 0 0 1 0 10754 0 8 0 1990 0 1 12 12807 0 0 0 0 0 0 0 0 103 130 6373 48 24208 0 89 0 0 0 0 0 28454 4 5479 845 472 217 
25611 0 0 0 0 0 0 5493 1990 0 17146 12 0 0 0 0 310 278 1982 0 97 0 659 0 69530 10 3 0 69 0 0 0 8748 0 0 0 1436 0 27 3 
0 204 3321 7402 0 14006 18836 0 0 17146 0 128 47055 0 0 5 1294 0 0 393 0 0 7 1625 27455 0 0 0 0 20270 10162 1 1000 304 0 35294 77 0 0 12934 
1009 1620 0 4 6 11835 0 30 1 12 128 0 0 1235 0 0 0 0 0 2267 0 0 4129 0 87 0 0 1 4 5072 1 363 0 0 9256 0 95 0 0 0 
12 0 8 0 10230 1 1 37 12 0 47055 0 0 58 293 0 2969 11 0 0 0 35 0 0 0 0 0 194 75 0 4 0 0 0 0 0 0 24 571 2 
18 499 0 13 0 0 1 0 12807 0 0 1235 58 0 36767 0 0 145 23920 32 328 0 0 413 0 14720 5223 0 12348 6 0 0 0 0 0 0 528 0 349 370 
0 1032 0 0 0 0 417 42 0 0 0 0 293 36767 0 20829 0 0 0 0 23 0 219 8046 25492 19797 750 0 2 11 0 0 95 0 0 0 7 112 168 10259 
0 11 2999 0 0 26 31 32332 0 0 5 0 0 0 20829 0 588 0 15698 0 0 12106 16 1608 587 0 3512 21233 0 0 339 949 0 0 137 1 10894 0 0 73463 
2999 0 0 45 19505 0 100 0 0 310 1294 0 2969 0 0 588 0 5229 50960 0 1 0 0 0 0 0 0 0 4726 0 24 0 4 46 77 0 0 0 55281 0 
0 0 1150 0 1354 0 19 0 0 278 0 0 11 145 0 0 5229 0 0 0 4 6967 0 190 0 2316 102 0 252 1 0 0 179 10357 1 0 0 0 4671 6983 
0 0 0 2002 2 123 84 0 0 1982 0 0 0 23920 0 15698 50960 0 0 11 51652 64502 1 0 0 0 0 17792 3 0 3 24387 0 3 59266 0 23078 0 3 28 
0 8 2 38463 0 0 0 2 0 0 393 2267 0 32 0 0 0 0 11 0 0 0 2 0 47 21 1 767 0 4102 0 31 15645 49793 0 48 567 0 0 2 
72 0 0 5 1136 107 0 89199 0 97 0 0 0 328 23 0 1 4 51652 0 0 0 2091 0 0 249 40 0 3956 24601 11 0 2 0 0 13 0 0 0 0 
12 0 88332 3 0 4768 0 24 0 0 0 0 35 0 0 12106 0 6967 64502 0 0 0 5 0 5066 0 0 0 4 0 738 34601 0 2 0 0 9 1 2 7146 
22 0 9765 0 0 0 0 0 103 659 7 4129 0 0 219 16 0 0 1 2 2091 5 0 2 0 0 18 0 258 0 0 0 0 15 289 0 0 0 0 27879 
28460 0 130 1655 0 8 240 0 130 0 1625 0 0 413 8046 1608 0 190 0 0 0 0 2 0 10 47970 2 0 43228 0 86962 0 0 40 0 19989 1880 2672 27274 0 
0 0 0 0 8715 0 0 0 6373 69530 27455 87 0 0 25492 587 0 0 0 47 0 5066 0 10 0 3869 1074 94 0 4312 71088 2309 0 962 4 0 0 6699 1 0 
0 0 5532 4 0 0 0 28643 48 10 0 0 0 14720 19797 0 0 2316 0 21 249 0 0 47970 3869 0 914 0 0 1103 0 0 23 2618 0 0 432 31461 0 59 
18483 12 39399 21947 0 0 0 30 24208 3 0 0 0 5223 750 3512 0 102 0 1 40 0 18 2 1074 914 0 648 0 1 650 67 0 70908 30 45380 1 0 6 0 
0 1049 76399 0 477 39 232 0 0 0 0 1 194 0 0 21233 0 0 17792 767 0 0 0 0 94 0 648 0 0 47249 5166 0 0 3 0 0 0 12796 122 377 
45243 0 206 159 0 1167 31581 1 89 69 0 4 75 12348 2 0 4726 252 3 0 3956 4 258 43228 0 0 0 0 0 0 1 1880 0 0 0 0 0 1 15 28 
0 20845 3 0 0 8 16 0 0 0 20270 5072 0 6 11 0 0 1 0 4102 24601 0 0 0 4312 1103 1 47249 0 0 0 1 1213 0 15258 41 1260 46731 7779 37 
349 0 0 0 30087 5103 0 0 0 0 10162 1 4 0 0 339 24 0 3 0 11 738 0 86962 71088 0 650 5166 1 0 0 0 202 0 1068 107 0 0 2 2 
5731 4720 434 0 329 0 0 6 0 0 1 363 0 0 0 949 0 0 24387 31 0 34601 0 0 2309 0 67 0 1880 1 0 0 0 69 0 0 0 1537 171 4 
22 0 0 230 16 0 0 5 0 8748 1000 0 0 0 95 0 4 179 0 15645 2 0 0 0 0 23 0 0 0 1213 202 0 0 0 0 12854 0 0 95 2050 
0 46 0 0 0 11877 0 0 0 0 304 0 0 0 0 0 46 10357 3 49793 0 2 15 40 962 2618 70908 3 0 0 0 69 0 0 6 51 353 75 0 0 
2124 413 7 1162 69109 0 34560 3915 28454 0 0 9256 0 0 0 137 77 1 59266 0 0 0 289 0 4 0 30 0 0 15258 1068 0 0 6 0 0 0 0 0 4497 
114 2078 0 213 0 0 91202 0 4 0 35294 0 0 0 0 1 0 0 0 48 13 0 0 19989 0 0 45380 0 0 41 107 0 12854 51 0 0 54 2082 7627 1186 
4 3367 0 0 0 0 8884 0 5479 1436 77 95 0 528 7 10894 0 0 23078 567 0 9 0 1880 0 432 1 0 0 1260 0 0 0 353 0 54 0 4 2427 0 
0 0 0 3 15608 3462 70 0 845 0 0 0 24 0 112 0 0 0 0 0 0 1 0 2672 6699 31461 0 12796 1 46731 0 1537 0 75 0 2082 4 0 0 0 
21 0 0 0 454 0 493 15372 472 27 0 0 571 349 168 0 55281 4671 3 0 0 2 0 27274 1 0 6 122 15 7779 2 171 95 0 0 7627 2427 0 0 3546 
0 302 0 0 0 0 0 0 217 3 12934 0 2 370 10259 73463 0 6983 28 2 0 7146 27879 0 0 59 0 377 28 37 2 4 2050 0 4497 1186 0 0 3546 0 
