8 4
0 123 17 72 89 90 77 84 
123 0 116 51 121 48 96 115 
17 116 0 64 101 90 86 66 
72 51 64 0 97 39 71 77 
89 121 101 97 0 73 26 158 
90 48 90 39 73 0 47 116 
77 96 86 71 26 47 0 136 
84 115 66 77 158 116 136 0 
0 0 0 68 0 8342 71 0 
0 0 0 0 48 0 124 0 
0 0 0 410 11 0 0 1 
68 0 410 0 0 2143 0 24207 
0 48 11 0 0 0 88173 6 
8342 0 0 2143 0 0 0 0 
71 124 0 0 88173 0 0 1107 
0 0 1 24207 6 0 1107 0 
0 0 0 344 0 0 0 0 
0 0 0 9 0 3 0 7937 
0 0 0 0 693 0 7 0 
344 9 0 0 12 0 0 1 
0 0 693 12 0 0 0 0 
0 3 0 0 0 0 0 0 
0 0 7 0 0 0 0 10 
0 7937 0 1 0 0 10 0 
0 0 0 0 793 69 0 1 
0 0 0 5 0 2865 0 162 
0 0 0 6690 0 6 0 0 
0 5 6690 0 0 30025 0 0 
793 0 0 0 0 57 7 0 
69 2865 6 30025 57 0 3123 2318 
0 0 0 0 7 3123 0 0 
1 162 0 0 0 2318 0 0 
0 7 1 196 0 0 0 0 
7 0 0 43 0 0 0 0 
1 0 0 2840 16 42 0 0 
196 43 2840 0 3 195 0 0 
0 0 16 3 0 419 0 0 
0 0 42 195 419 0 13049 13 
0 0 0 0 0 13049 0 0 
0 0 0 0 0 13 0 0 
