10 4
0 59 64 103 62 95 95 48 90 88 
59 0 70 49 40 62 36 46 31 30 
64 70 0 118 33 51 89 98 88 95 
103 49 118 0 85 94 38 68 34 23 
62 40 33 85 0 33 56 78 55 62 
95 62 51 94 33 0 57 107 59 71 
95 36 89 38 56 57 0 77 6 17 
48 46 98 68 78 107 77 0 71 63 
90 31 88 34 55 59 6 71 0 12 
88 30 95 23 62 71 17 63 12 0 
0 0 2 3633 1248 166 14 4 0 249 
0 0 1 63 25 1 0 0 0 0 
2 1 0 1555 0 0 0 12954 589 0 
3633 63 1555 0 875 308 0 0 0 28 
1248 25 0 875 0 0 4965 0 139 125 
166 1 0 308 0 0 2 388 25 20 
14 0 0 0 4965 2 0 0 4 0 
4 0 12954 0 0 388 0 0 0 0 
0 0 589 0 139 25 4 0 0 356 
249 0 0 28 125 20 0 0 356 0 
0 0 0 285 2244 23 30 26 0 5485 
0 0 1 805 0 3 0 0 0 0 
0 1 0 121 0 0 149 19795 4519 0 
285 805 121 0 197 1105 0 0 0 14 
2244 0 0 197 0 0 5039 0 16 8 
23 3 0 1105 0 0 19 10 53 14 
30 0 149 0 5039 19 0 0 6 0 
26 0 19795 0 0 10 0 0 0 2 
0 0 4519 0 16 53 6 0 0 11154 
5485 0 0 14 8 14 0 2 11154 0 
0 0 11 1075 3312 42 127 1 0 44 
0 0 0 4042 0 118 0 0 0 0 
11 0 0 2692 0 0 0 1429 47987 0 
1075 4042 2692 0 210 702 0 0 0 24 
3312 0 0 210 0 0 549 5 1358 1 
42 118 0 702 0 0 0 1 74 12 
127 0 0 0 549 0 0 0 0 0 
1 0 1429 0 5 1 0 0 0 0 
0 0 47987 0 1358 74 0 0 0 4 
44 0 0 24 1 12 0 0 4 0 
0 0 12 10831 1083 7 832 5 0 669 
0 0 0 1 4 1 0 0 1 0 
12 0 0 60 0 0 0 2499 52 0 
10831 1 60 0 498 495 0 0 0 129 
1083 4 0 498 0 0 2517 0 7508 1148 
7 1 0 495 0 0 0 14731 171 4 
832 0 0 0 2517 0 0 0 16 0 
5 0 2499 0 0 14731 0 0 0 1 
0 1 52 0 7508 171 16 0 0 91 
669 0 0 129 1148 4 0 1 91 0 
