40 2
0 46 118 40 96 98 46 64 2 33 36 47 55 9 108 78 35 54 61 95 45 105 61 79 70 72 108 28 39 45 38 87 44 18 35 31 32 15 62 109 
46 0 88 10 53 127 3 66 48 60 37 19 78 48 107 43 36 50 104 90 43 84 63 35 92 25 124 21 29 63 42 51 30 53 36 49 49 33 99 116 
118 88 0 85 53 137 85 71 120 144 83 106 102 125 70 117 84 138 148 59 75 25 72 92 105 80 111 92 78 92 82 118 118 110 84 135 94 113 133 90 
40 10 85 0 56 117 8 56 42 59 26 26 68 43 98 54 26 55 95 82 33 79 53 44 82 34 114 12 19 52 32 61 35 44 26 50 39 29 89 107 
96 53 53 56 0 154 51 82 98 112 71 66 108 100 106 67 71 96 146 90 69 65 81 42 118 33 138 68 62 93 74 66 78 97 71 102 86 85 136 122 
98 127 137 117 154 0 125 72 99 127 90 138 49 106 75 170 91 153 52 79 87 112 73 161 36 148 37 107 99 64 85 178 140 81 91 129 77 111 38 58 
46 3 85 8 51 125 0 63 48 61 34 22 76 49 104 46 34 53 103 87 40 81 60 36 90 26 122 20 27 60 40 53 33 52 34 51 48 34 98 113 
64 66 71 56 82 72 63 0 66 97 32 83 30 73 44 110 33 107 76 31 23 50 3 95 36 81 59 52 37 22 27 116 89 48 33 92 32 67 61 50 
2 48 120 42 98 99 48 66 0 32 38 48 56 7 110 78 37 54 61 97 47 107 63 81 71 74 110 30 42 47 41 88 44 19 37 30 34 16 62 110 
33 60 144 59 112 127 61 97 32 0 67 48 88 24 142 71 66 34 83 128 77 134 94 83 103 82 141 52 68 79 71 81 38 51 66 10 65 31 89 143 
36 37 83 26 71 90 34 32 38 67 0 51 41 44 77 80 1 75 74 61 10 68 29 70 55 58 88 20 9 26 5 88 57 27 1 61 15 36 66 82 
47 19 106 26 66 138 22 83 48 48 51 0 90 45 125 31 50 31 108 109 59 103 80 35 105 34 140 31 46 76 57 41 12 59 50 37 61 32 107 133 
55 78 102 68 108 49 76 30 56 88 41 90 0 63 62 121 41 107 46 54 39 80 29 112 15 99 53 58 50 15 36 129 93 36 41 86 28 65 31 57 
9 48 125 43 100 106 49 73 7 24 44 45 63 0 117 75 43 47 66 104 53 112 70 79 79 73 117 33 47 54 47 85 40 27 43 23 41 14 69 118 
108 107 70 98 106 75 104 44 110 142 77 125 62 117 0 149 78 152 105 17 67 45 48 131 55 116 42 96 80 64 72 155 133 92 78 137 76 112 87 20 
78 43 117 54 67 170 46 110 78 71 80 31 121 75 149 0 80 40 140 132 87 120 107 25 135 36 168 62 73 106 86 10 35 91 80 61 92 63 138 160 
35 36 84 26 71 91 34 33 37 66 1 50 41 43 78 80 0 74 74 62 11 69 30 70 55 58 89 19 9 26 6 87 56 27 0 60 15 35 66 83 
54 50 138 55 96 153 53 107 54 34 75 31 107 47 152 40 74 0 113 136 84 134 104 59 123 63 160 55 72 95 80 50 20 72 74 26 80 42 117 157 
61 104 148 95 146 52 103 76 61 83 74 108 46 66 105 140 74 113 0 100 77 126 75 139 50 129 81 83 83 56 71 149 106 51 74 87 59 76 18 94 
95 90 59 82 90 79 87 31 97 128 61 109 54 104 17 132 62 136 100 0 52 34 34 114 51 99 52 81 64 52 57 138 117 79 62 123 63 98 83 32 
45 43 75 33 69 87 40 23 47 77 10 59 39 53 67 87 11 84 77 52 0 59 20 74 51 61 81 29 13 24 7 94 66 35 11 71 19 46 67 74 
105 84 25 79 65 112 81 50 107 134 68 103 80 112 45 120 69 134 126 34 59 0 51 98 81 84 86 82 66 72 66 123 114 93 69 127 77 102 111 65 
61 63 72 53 81 73 60 3 63 94 29 80 29 70 48 107 30 104 75 34 20 51 0 93 37 79 61 49 34 20 24 114 86 45 30 89 29 64 61 53 
79 35 92 44 42 161 36 95 81 83 70 35 112 79 131 25 70 59 139 114 74 98 93 0 125 14 155 56 62 96 75 25 45 88 70 72 84 65 134 143 
70 92 105 82 118 36 90 36 71 103 55 105 15 79 55 135 55 123 50 51 51 81 37 125 0 112 38 73 63 29 50 143 108 52 55 102 44 80 32 45 
72 25 80 34 33 148 26 81 74 82 58 34 99 73 116 36 58 63 129 99 61 84 79 14 112 0 140 46 49 83 63 39 45 78 58 71 72 59 123 129 
108 124 111 114 138 37 122 59 110 141 88 140 53 117 42 168 89 160 81 52 81 86 61 155 38 140 0 108 95 65 82 175 144 90 89 140 80 118 64 22 
28 21 92 12 68 107 20 52 30 52 20 31 58 33 96 62 19 55 83 81 29 82 49 56 73 46 108 0 17 44 25 70 37 32 19 44 30 20 78 102 
39 29 78 19 62 99 27 37 42 68 9 46 50 47 80 73 9 72 83 64 13 66 34 62 63 49 95 17 0 34 13 81 53 34 9 61 24 36 75 87 
45 63 92 52 93 64 60 22 47 79 26 76 15 54 64 106 26 95 56 52 24 72 20 96 29 83 65 44 34 0 20 114 79 28 26 76 15 53 43 63 
38 42 82 32 74 85 40 27 41 71 5 57 36 47 72 86 6 80 71 57 7 66 24 75 50 63 82 25 13 20 0 94 62 27 6 65 12 40 62 77 
87 51 118 61 66 178 53 116 88 81 88 41 129 85 155 10 87 50 149 138 94 123 114 25 143 39 175 70 81 114 94 0 45 100 87 71 100 72 148 166 
44 30 118 35 78 140 33 89 44 38 57 12 93 40 133 35 56 20 106 117 66 114 86 45 108 45 144 37 53 79 62 45 0 59 56 27 65 29 106 139 
18 53 110 44 97 81 52 48 19 51 27 59 36 27 92 91 27 72 51 79 35 93 45 88 52 78 90 32 34 28 27 100 59 0 27 50 17 30 47 91 
35 36 84 26 71 91 34 33 37 66 1 50 41 43 78 80 0 74 74 62 11 69 30 70 55 58 89 19 9 26 6 87 56 27 0 60 15 35 66 83 
31 49 135 50 102 129 51 92 30 10 61 37 86 23 137 61 60 26 87 123 71 127 89 72 102 71 140 44 61 76 65 71 27 50 60 0 62 25 92 140 
32 49 94 39 86 77 48 32 34 65 15 61 28 41 76 92 15 80 59 63 19 77 29 84 44 72 80 30 24 15 12 100 65 17 15 62 0 38 51 77 
15 33 113 29 85 111 34 67 16 31 36 32 65 14 112 63 35 42 76 98 46 102 64 65 80 59 118 20 36 53 40 72 29 30 35 25 38 0 76 116 
62 99 133 89 136 38 98 61 62 89 66 107 31 69 87 138 66 117 18 83 67 111 61 134 32 123 64 78 75 43 62 148 106 47 66 92 51 76 0 76 
109 116 90 107 122 58 113 50 110 143 82 133 57 118 20 160 83 157 94 32 74 65 53 143 45 129 22 102 87 63 77 166 139 91 83 140 77 116 76 0 
0 137 0 8 0 5880 73 2296 29 0 0 25487 0 0 0 1 0 1066 1 62 5 64 22651 12877 0 0 0 0 1 0 1 0 134 0 151 0 45617 179 0 605 
137 0 0 1 28 1637 0 0 0 14 0 0 7 3 0 438 0 154 0 416 0 0 0 51 0 115 49 0 0 0 441 0 1 0 0 0 15201 97302 3 0 
0 0 0 6355 64389 0 0 4 3211 0 11 0 0 2 1485 19 4869 0 7759 671 0 0 7 49522 11 0 16114 20284 0 0 13 1 0 230 0 0 0 259 0 0 
8 1 6355 0 0 242 2212 0 2 98636 5159 782 3 0 136 0 11 40845 30 6828 1253 0 9041 0 0 45 208 151 455 6287 0 19176 0 23790 3835 0 23 0 326 4 
0 28 64389 0 0 0 10179 0 79942 49 89 0 4523 0 0 0 0 0 1144 21 0 151 0 7167 99 0 1063 129 0 0 16 0 0 241 34 0 0 31 0 0 
5880 1637 0 242 0 0 22863 0 6540 31952 0 0 371 0 0 5 0 0 0 0 0 1716 108 0 0 0 23 7844 0 0 402 0 0 0 14479 0 0 21 27 277 
73 0 0 2212 10179 22863 0 0 19271 2 0 2 9 0 26820 2 0 33 1 0 1 0 1 0 457 6 0 198 68 0 0 0 213 0 7687 9 0 28 0 0 
2296 0 4 0 0 0 0 0 0 2411 0 1 9035 221 0 0 0 0 17 0 9 0 109 13183 0 255 0 0 875 223 0 65 0 0 11 2000 29 0 0 23 
29 0 3211 2 79942 6540 19271 0 0 0 0 0 6 0 0 0 51 0 7 56581 102 0 0 0 0 0 0 0 0 2 251 31248 874 0 0 0 5781 0 0 1245 
0 14 0 98636 49 31952 2 2411 0 0 12860 0 0 1587 0 878 0 22002 0 0 0 16904 48 0 2356 0 4 2 0 0 0 0 205 85318 0 0 0 0 7 4 
0 0 11 5159 89 0 0 0 0 12860 0 0 0 199 105 89700 0 3 0 24337 0 653 0 0 72188 998 265 3 343 0 0 8714 0 0 24 53 79 0 0 11 
25487 0 0 782 0 0 2 1 0 0 0 0 0 0 0 0 0 2102 1 0 0 0 49086 40 0 9974 0 0 0 41 127 0 215 0 7 0 1 0 0 1103 
0 7 0 3 4523 371 9 9035 6 0 0 0 0 0 0 75300 710 38531 91 225 0 2 0 0 6709 67 0 1380 15750 3 3534 4 0 0 12 0 12200 0 0 0 
0 3 2 0 0 0 0 221 0 1587 199 0 0 0 0 132 0 17 42125 0 3 2465 0 0 0 16882 166 0 27758 0 0 18118 0 112 0 235 0 6 5 69 
0 0 1485 136 0 0 26820 0 0 0 105 0 0 0 0 6196 0 0 0 15 0 0 1283 1737 0 7771 773 0 10707 18 49054 1608 0 0 0 98 3 0 1 0 
1 438 19 0 0 5 2 0 0 878 89700 0 75300 132 6196 0 54 0 58 0 204 2 74 0 0 24727 0 267 0 0 0 0 0 0 0 17930 4 0 0 5 
0 0 4869 11 0 0 0 0 51 0 0 0 710 0 0 54 0 0 2366 0 12370 0 3 0 65 3009 2 0 0 25 604 3467 5781 10 45 26 0 0 0 121 
1066 154 0 40845 0 0 33 0 0 22002 3 2102 38531 17 0 0 0 0 0 0 18 0 58 0 2 51 10 0 6 206 0 1373 135 1 0 16 0 0 5791 20 
1 0 7759 30 1144 0 1 17 7 0 0 1 91 42125 0 58 2366 0 0 0 11 145 0 0 0 0 91311 0 529 0 0 33 13702 0 3 3 7492 2860 0 17 
62 416 671 6828 21 0 0 0 56581 0 24337 0 225 0 15 0 0 0 0 0 475 39081 260 71835 28 0 46727 0 0 0 12377 0 0 0 0 0 1 6 0 6069 
5 0 0 1253 0 0 1 9 102 0 0 0 0 3 0 204 12370 18 11 475 0 0 0 0 0 0 0 4 0 0 1346 65 0 219 0 0 599 0 0 5476 
64 0 0 0 151 1716 0 0 0 16904 653 0 2 2465 0 2 0 0 145 39081 0 0 0 1 1 2902 0 470 1579 4 76477 0 3 45 0 440 0 1 0 3 
22651 0 7 9041 0 108 1 109 0 48 0 49086 0 0 1283 74 3 58 0 260 0 0 0 86 1932 79 3783 7 0 0 0 136 24 0 0 0 0 0 0 0 
12877 51 49522 0 7167 0 0 13183 0 0 0 40 0 0 1737 0 0 0 0 71835 0 1 86 0 376 14047 91753 0 0 0 0 89391 1 1202 13 51238 0 3231 0 620 
0 0 11 0 99 0 457 0 0 2356 72188 0 6709 0 0 0 65 2 0 28 0 1 1932 376 0 8647 5 12978 2 23 78 0 211 248 0 95804 3933 1093 6 0 
0 115 0 45 0 0 6 255 0 0 998 9974 67 16882 7771 24727 3009 51 0 0 0 2902 79 14047 8647 0 944 503 30205 4863 0 0 0 23 0 0 0 0 0 764 
0 49 16114 208 1063 23 0 0 0 4 265 0 0 166 773 0 2 10 91311 46727 0 0 3783 91753 5 944 0 11718 0 1019 0 0 18 34 45 110 0 0 899 0 
0 0 20284 151 129 7844 198 0 0 2 3 0 1380 0 0 267 0 0 0 0 4 470 7 0 12978 503 11718 0 242 100 0 0 1 14124 0 0 0 0 8 0 
1 0 0 455 0 0 68 875 0 0 343 0 15750 27758 10707 0 0 6 529 0 0 1579 0 0 2 30205 0 242 0 0 0 0 0 0 32448 1 0 0 0 2 
0 0 0 6287 0 0 0 223 2 0 0 41 3 0 18 0 25 206 0 0 0 4 0 0 23 4863 1019 100 0 0 1373 0 35 0 0 1 624 29673 0 0 
1 441 13 0 16 402 0 0 251 0 0 127 3534 0 49054 0 604 0 0 12377 1346 76477 0 0 78 0 0 0 0 1373 0 0 0 0 0 0 0 0 0 438 
0 0 1 19176 0 0 0 65 31248 0 8714 0 4 18118 1608 0 3467 1373 33 0 65 0 136 89391 0 0 0 0 0 0 0 0 56436 0 10 4 0 0 1668 0 
134 1 0 0 0 0 213 0 874 205 0 215 0 0 0 0 5781 135 13702 0 0 3 24 1 211 0 18 1 0 35 0 56436 0 0 59 1667 0 0 0 1794 
0 0 230 23790 241 0 0 0 0 85318 0 0 0 112 0 0 10 1 0 0 219 45 0 1202 248 23 34 14124 0 0 0 0 0 0 2151 1623 3 0 0 82458 
151 0 0 3835 34 14479 7687 11 0 0 24 7 12 0 0 0 45 0 3 0 0 0 0 13 0 0 45 0 32448 0 0 10 59 2151 0 0 1 2879 582 505 
0 0 0 0 0 0 9 2000 0 0 53 0 0 235 98 17930 26 16 3 0 0 440 0 51238 95804 0 110 0 1 1 0 4 1667 1623 0 0 1172 16 0 27110 
45617 15201 0 23 0 0 0 29 5781 0 79 1 12200 0 3 4 0 0 7492 1 599 0 0 0 3933 0 0 0 0 624 0 0 0 3 1 1172 0 6 4017 6 
179 97302 259 0 31 21 28 0 0 0 0 0 0 6 0 0 0 0 2860 6 0 1 0 3231 1093 0 0 0 0 29673 0 0 0 0 2879 16 6 0 505 0 
0 3 0 326 0 27 0 0 0 7 0 0 0 5 1 0 0 5791 0 0 0 0 0 0 6 0 899 8 0 0 0 1668 0 0 582 0 4017 505 0 151 
605 0 0 4 0 277 0 23 1245 4 11 1103 0 69 0 5 121 20 17 6069 5476 3 0 620 0 764 0 0 2 0 438 0 1794 82458 505 27110 6 0 151 0 
0 0 11790 1 8601 0 12 39789 34 0 2990 6585 0 192 6 0 4 0 0 0 2 484 26745 0 228 4 10 0 0 0 0 8213 202 0 148 28706 90965 2191 0 0 
0 0 29174 0 1 88 0 2868 0 68 2 0 30 0 0 0 26 553 2 0 67 3 0 12 650 27 0 0 3399 3647 98 0 2 0 0 3 1972 3658 62 4056 
11790 29174 0 628 0 0 66290 16 33340 43894 0 0 0 0 1241 95 115 0 16805 465 0 0 0 18281 3 2 0 0 5 0 0 0 85 318 5 7030 252 56 118 18511 
1 0 628 0 0 26333 254 0 166 0 1233 0 3 0 2323 0 16 1634 0 0 15357 0 0 2105 0 114 0 0 0 0 1 0 2608 0 0 10 34 0 0 9 
8601 1 0 0 0 2398 2882 16966 0 0 0 4491 1031 0 20176 7 0 0 3034 10 212 0 1 2963 0 0 0 1166 566 51528 0 0 0 31 0 0 43 0 0 0 
0 88 0 26333 2398 0 0 289 2617 18798 0 0 30 0 0 0 28301 0 6 1 1 0 2096 9 82 0 214 15223 0 17175 856 0 15 192 6562 0 0 0 10 0 
12 0 66290 254 2882 0 0 1 12675 2 0 73 0 19921 5273 0 0 142 0 739 0 1 0 85 0 0 147 0 130 130 0 0 0 38 2476 0 1 1 0 0 
39789 2868 16 0 16966 289 1 0 0 2202 3897 0 1282 32300 16 10 3 30 0 0 0 0 0 31225 0 23993 46732 24779 0 120 2 0 14009 44994 2 0 0 54214 0 0 
34 0 33340 166 0 2617 12675 0 0 0 1872 0 0 0 0 0 0 77 9 38863 153 0 10534 5 897 35287 6841 43224 0 0 0 0 0 87855 32411 1 22536 6 855 16664 
0 68 43894 0 0 18798 2 2202 0 0 0 389 1831 1085 2590 6062 70771 0 0 6 429 42993 29 614 28220 0 2 0 0 273 0 1 0 95132 1313 35904 65 82 80 17 
2990 2 0 1233 0 0 0 3897 1872 0 0 0 0 17944 381 0 0 2 0 0 0 0 0 0 119 499 0 0 0 42 3 0 39927 0 0 3 0 0 0 0 
6585 0 0 0 4491 0 73 0 0 389 0 0 0 39784 0 14 377 0 0 32222 492 0 0 185 0 2616 0 9 66 244 7569 1 346 0 56 2 0 36 27 0 
0 30 0 3 1031 30 0 1282 0 1831 0 0 0 0 12170 0 192 0 0 36 150 85 0 246 1648 0 27 0 0 4 52 0 0 0 1 21539 14633 0 30355 0 
192 0 0 0 0 0 19921 32300 0 1085 17944 39784 0 0 1 1339 0 0 0 0 21 1857 267 0 0 0 74794 499 0 114 3416 226 1453 8 1176 0 0 0 266 224 
6 0 1241 2323 20176 0 5273 16 0 2590 381 0 12170 1 0 0 5110 503 0 5 3333 0 0 0 0 52196 151 0 4052 23 8898 4283 207 82616 0 0 0 100 0 0 
0 0 95 0 7 0 0 10 0 6062 0 14 0 1339 0 0 0 14 2747 0 43357 0 0 0 0 18551 9066 4864 0 0 1849 5 40760 0 62 0 0 35281 3 0 
4 26 115 16 0 28301 0 3 0 70771 0 377 192 0 5110 0 0 0 74 0 0 0 0 1 0 0 0 0 0 1 305 177 38 0 13 0 9215 1 0 88 
0 553 0 1634 0 0 142 30 77 0 2 0 0 0 503 14 0 0 0 0 20 5288 0 0 0 1503 0 26 0 0 1 1269 3 0 0 2 0 0 0 0 
0 2 16805 0 3034 6 0 0 9 0 0 0 0 0 0 2747 74 0 0 0 0 0 460 203 0 47 0 0 39398 0 78 9 55307 0 0 53 0 0 0 0 
0 0 465 0 10 1 739 0 38863 6 0 32222 36 0 5 0 0 0 0 0 373 909 0 0 110 4 0 4520 0 0 88558 0 0 3 3 7 6 0 170 0 
2 67 0 15357 212 1 0 0 153 429 0 492 150 21 3333 43357 0 20 0 373 0 0 0 212 1072 0 0 0 0 0 0 320 0 0 236 0 504 11 17189 0 
484 3 0 0 0 0 1 0 0 42993 0 0 85 1857 0 0 0 5288 0 909 0 0 1703 0 0 2764 20744 38 59 0 1703 6 28 0 538 92 503 0 0 0 
26745 0 0 0 1 2096 0 0 10534 29 0 0 0 267 0 0 0 0 460 0 0 1703 0 375 0 31 0 6 680 0 58850 346 139 11 270 0 0 0 5867 0 
0 12 18281 2105 2963 9 85 31225 5 614 0 185 246 0 0 0 1 0 203 0 212 0 375 0 462 79161 63198 0 0 0 702 19155 0 306 48 0 97 0 0 0 
228 650 3 0 0 82 0 0 897 28220 119 0 1648 0 0 0 0 0 0 110 1072 0 0 462 0 1281 21 0 9 0 44 0 2456 0 4 0 56275 0 34 98153 
4 27 2 114 0 0 0 23993 35287 0 499 2616 0 0 52196 18551 0 1503 47 4 0 2764 31 79161 1281 0 0 0 16488 171 0 3 0 722 0 0 1 0 0 178 
10 0 0 0 0 214 147 46732 6841 2 0 0 27 74794 151 9066 0 0 0 0 0 20744 0 63198 21 0 0 77304 0 0 0 105 0 0 32428 0 0 5 0 0 
0 0 0 0 1166 15223 0 24779 43224 0 0 9 0 499 0 4864 0 26 0 4520 0 38 6 0 0 0 77304 0 0 0 3031 10 0 1014 21690 0 0 13 79 0 
0 3399 5 0 566 0 130 0 0 0 0 66 0 0 4052 0 0 0 39398 0 0 59 680 0 9 16488 0 0 0 108 0 1 4 0 10618 7 0 0 2 0 
0 3647 0 0 51528 17175 130 120 0 273 42 244 4 114 23 0 1 0 0 0 0 0 0 0 0 171 0 0 108 0 2810 1 2 18 0 2 0 40628 28 1 
0 98 0 1 0 856 0 2 0 0 3 7569 52 3416 8898 1849 305 1 78 88558 0 1703 58850 702 44 0 0 3031 0 2810 0 7 0 81 0 15062 250 200 2824 0 
8213 0 0 0 0 0 0 0 0 1 0 1 0 226 4283 5 177 1269 9 0 320 6 346 19155 0 3 105 10 1 1 7 0 18660 3 0 0 1432 213 85 4198 
202 2 85 2608 0 15 0 14009 0 0 39927 346 0 1453 207 40760 38 3 55307 0 0 28 139 0 2456 0 0 0 4 2 0 18660 0 0 0 0 0 0 6 471 
0 0 318 0 31 192 38 44994 87855 95132 0 0 0 8 82616 0 0 0 0 3 0 0 11 306 0 722 0 1014 0 18 81 3 0 0 0 138 0 0 0 3977 
148 0 5 0 0 6562 2476 2 32411 1313 0 56 1 1176 0 62 13 0 0 3 236 538 270 48 4 0 32428 21690 10618 0 0 0 0 0 0 0 1 0 0 0 
28706 3 7030 10 0 0 0 0 1 35904 3 2 21539 0 0 0 0 2 53 7 0 92 0 0 0 0 0 0 7 2 15062 0 0 138 0 0 0 0 0 79618 
90965 1972 252 34 43 0 1 0 22536 65 0 0 14633 0 0 0 9215 0 0 6 504 503 0 97 56275 1 0 0 0 0 250 1432 0 0 1 0 0 0 0 0 
2191 3658 56 0 0 0 1 54214 6 82 0 36 0 0 100 35281 1 0 0 0 11 0 0 0 0 0 5 13 0 40628 200 213 0 0 0 0 0 0 6338 0 
0 62 118 0 0 10 0 0 855 80 0 27 30355 266 0 3 0 0 0 170 17189 0 5867 0 34 0 0 79 2 28 2824 85 6 0 0 0 0 6338 0 0 
0 4056 18511 9 0 0 0 0 16664 17 0 0 0 224 0 0 88 0 0 0 0 0 0 0 98153 178 0 0 0 1 0 4198 471 3977 0 79618 0 0 0 0 
