20 3
0 46 118 40 96 98 46 64 2 33 36 47 55 9 108 78 35 54 61 95 
46 0 88 10 53 127 3 66 48 60 37 19 78 48 107 43 36 50 104 90 
118 88 0 85 53 137 85 71 120 144 83 106 102 125 70 117 84 138 148 59 
40 10 85 0 56 117 8 56 42 59 26 26 68 43 98 54 26 55 95 82 
96 53 53 56 0 154 51 82 98 112 71 66 108 100 106 67 71 96 146 90 
98 127 137 117 154 0 125 72 99 127 90 138 49 106 75 170 91 153 52 79 
46 3 85 8 51 125 0 63 48 61 34 22 76 49 104 46 34 53 103 87 
64 66 71 56 82 72 63 0 66 97 32 83 30 73 44 110 33 107 76 31 
2 48 120 42 98 99 48 66 0 32 38 48 56 7 110 78 37 54 61 97 
33 60 144 59 112 127 61 97 32 0 67 48 88 24 142 71 66 34 83 128 
36 37 83 26 71 90 34 32 38 67 0 51 41 44 77 80 1 75 74 61 
47 19 106 26 66 138 22 83 48 48 51 0 90 45 125 31 50 31 108 109 
55 78 102 68 108 49 76 30 56 88 41 90 0 63 62 121 41 107 46 54 
9 48 125 43 100 106 49 73 7 24 44 45 63 0 117 75 43 47 66 104 
108 107 70 98 106 75 104 44 110 142 77 125 62 117 0 149 78 152 105 17 
78 43 117 54 67 170 46 110 78 71 80 31 121 75 149 0 80 40 140 132 
35 36 84 26 71 91 34 33 37 66 1 50 41 43 78 80 0 74 74 62 
54 50 138 55 96 153 53 107 54 34 75 31 107 47 152 40 74 0 113 136 
61 104 148 95 146 52 103 76 61 83 74 108 46 66 105 140 74 113 0 100 
95 90 59 82 90 79 87 31 97 128 61 109 54 104 17 132 62 136 100 0 
0 20 0 94 0 0 0 0 6637 0 0 21893 0 0 11028 0 0 0 9767 93 
20 0 132 7027 0 0 0 9 0 0 6846 35 10707 6524 0 19 0 42814 2542 2 
0 132 0 0 0 8434 0 5 0 7 1 0 0 29481 0 4 1485 139 499 34 
94 7027 0 0 8 0 3026 0 2516 2 0 45861 1 867 1 1 0 0 0 121 
0 0 0 8 0 0 0 0 8 4744 0 0 0 0 15 228 0 3 0 0 
0 0 8434 0 0 0 0 5 16311 0 0 0 0 0 0 1377 0 0 0 579 
0 0 0 3026 0 0 0 48 144 1 11558 175 6585 1269 0 0 0 1 52 18 
0 9 5 0 0 5 48 0 0 5092 184 0 611 0 107 0 0 0 0 0 
6637 0 0 2516 8 16311 144 0 0 0 47 259 0 0 194 448 2 22 0 21 
0 0 7 2 4744 0 1 5092 0 0 0 0 0 176 206 13 0 0 33943 641 
0 6846 1 0 0 0 11558 184 47 0 0 1 1966 0 294 0 0 692 0 0 
21893 35 0 45861 0 0 175 0 259 0 1 0 0 0 0 6 0 19882 0 6 
0 10707 0 1 0 0 6585 611 0 0 1966 0 0 0 0 0 85 0 1 124 
0 6524 29481 867 0 0 1269 0 0 176 0 0 0 0 0 3884 2 1 0 0 
11028 0 0 1 15 0 0 107 194 206 294 0 0 0 0 2 0 0 3 0 
0 19 4 1 228 1377 0 0 448 13 0 6 0 3884 2 0 21688 878 73641 0 
0 0 1485 0 0 0 0 0 2 0 0 0 85 2 0 21688 0 44 20 0 
0 42814 139 0 3 0 1 0 22 0 692 19882 0 1 0 878 44 0 50085 165 
9767 2542 499 0 0 0 52 0 0 33943 0 0 1 0 3 73641 20 50085 0 0 
93 2 34 121 0 579 18 0 21 641 0 6 124 0 0 0 0 165 0 0 
0 0 405 0 9503 193 485 1 0 1 631 0 3 2 0 2 28392 435 0 0 
0 0 0 0 22773 0 1418 1 12581 21 0 0 0 0 295 0 2 0 0 0 
405 0 0 76657 71122 0 223 2 209 0 0 24148 389 0 29 0 0 0 0 0 
0 0 76657 0 0 357 0 282 0 0 1 0 0 0 0 0 35 495 296 0 
9503 22773 71122 0 0 134 52 294 0 0 25775 12821 26 26 0 0 4 0 281 82 
193 0 0 357 134 0 3259 0 0 14 146 813 1456 7 942 0 26 25898 15 0 
485 1418 223 0 52 3259 0 0 0 0 0 0 0 0 2 6 6 0 0 0 
1 1 2 282 294 0 0 0 30059 0 0 8 0 2 0 8 359 104 12 77545 
0 12581 209 0 0 0 0 30059 0 762 0 0 3 368 0 0 0 0 163 0 
1 21 0 0 0 14 0 0 762 0 1225 4953 63 0 0 0 2 67 0 0 
631 0 0 1 25775 146 0 0 0 1225 0 0 0 3 0 259 12 0 39 121 
0 0 24148 0 12821 813 0 8 0 4953 0 0 6013 7 3 0 184 0 857 0 
3 0 389 0 26 1456 0 0 3 63 0 6013 0 27432 2 1 0 9 0 0 
2 0 0 0 26 7 0 2 368 0 3 7 27432 0 955 0 0 0 38 1 
0 295 29 0 0 942 2 0 0 0 0 3 2 955 0 0 28023 5363 0 40 
2 0 0 0 0 0 6 8 0 0 259 0 1 0 0 0 0 0 0 290 
28392 2 0 35 4 26 6 359 0 2 12 184 0 0 28023 0 0 0 0 35901 
435 0 0 495 0 25898 0 104 0 67 0 0 9 0 5363 0 0 0 0 0 
0 0 0 296 281 15 0 12 163 0 39 857 0 38 0 0 0 0 0 8580 
0 0 0 0 82 0 0 77545 0 0 121 0 0 1 40 290 35901 0 8580 0 
0 0 6 0 30448 1033 8 3925 0 5 407 0 65 5073 0 157 13 197 0 0 
0 0 0 0 1026 14 32 0 1534 11 0 0 0 0 47430 0 85 0 0 0 
6 0 0 2833 22272 0 598 0 6403 0 0 4 14074 0 8 1 0 0 0 0 
0 0 2833 0 0 867 0 6834 0 0 17225 0 0 0 0 0 2140 2013 51 0 
30448 1026 22272 0 0 914 103 35333 0 0 38464 3 11 2055 2 0 139 0 4145 314 
1033 14 0 867 914 0 5633 0 0 3 848 161 59 64 1347 0 0 2010 3 0 
8 32 598 0 103 5633 0 0 0 0 0 0 0 0 2405 500 22963 0 0 0 
3925 0 0 6834 35333 0 0 0 105 0 0 16717 0 1 0 5 91 675 356 1 
0 1534 6403 0 0 0 0 105 0 14 0 0 19 343 0 0 2 0 27 0 
5 11 0 0 0 3 0 0 14 0 30 24 4 0 0 0 3183 20072 0 0 
407 0 0 17225 38464 848 0 0 0 30 0 0 0 1 0 211 13866 0 58 1 
0 0 4 0 3 161 0 16717 0 24 0 0 5475 5 1563 0 1580 0 8006 0 
65 0 14074 0 11 59 0 0 19 4 0 5475 0 70 7 26 0 5 0 0 
5073 0 0 0 2055 64 0 1 343 0 1 5 70 0 89 0 0 0 441 16 
0 47430 8 0 2 1347 2405 0 0 0 0 1563 7 89 0 5 3058 79 22 9 
157 0 1 0 0 0 500 5 0 0 211 0 26 0 5 0 0 0 0 6538 
13 85 0 2140 139 0 22963 91 2 3183 13866 1580 0 0 3058 0 0 0 0 8890 
197 0 0 2013 0 2010 0 675 0 20072 0 0 5 0 79 0 0 0 0 0 
0 0 0 51 4145 3 0 356 27 0 58 8006 0 441 22 0 0 0 0 163 
0 0 0 0 314 0 0 1 0 0 1 0 0 16 9 6538 8890 0 163 0 
