30 4
0 59 64 103 62 95 95 48 90 88 90 112 64 139 74 53 26 148 87 89 78 107 103 6 100 177 116 85 94 32 
59 0 70 49 40 62 36 46 31 30 43 69 27 80 26 37 59 91 39 30 28 48 85 53 62 119 57 26 35 49 
64 70 0 118 33 51 89 98 88 95 64 73 48 126 97 33 87 124 64 86 63 108 150 62 58 154 114 86 89 33 
103 49 118 0 85 94 38 68 34 23 68 88 69 56 28 85 93 77 65 36 58 23 68 97 90 97 30 33 37 98 
62 40 33 85 0 33 56 78 55 62 34 51 15 94 66 8 77 96 33 53 30 75 125 57 38 126 81 53 55 32 
95 62 51 94 33 0 57 107 59 71 25 22 37 82 84 42 110 75 28 57 37 76 147 91 7 104 78 61 57 65 
95 36 89 38 56 57 0 77 6 17 31 50 41 44 39 58 95 55 29 6 25 20 100 89 52 83 25 11 1 78 
48 46 98 68 78 107 77 0 71 63 90 115 69 117 41 71 27 133 86 71 75 81 55 45 108 159 90 66 76 65 
90 31 88 34 55 59 6 71 0 12 34 55 39 49 33 57 89 61 31 2 25 20 94 84 56 89 27 5 5 75 
88 30 95 23 62 71 17 63 12 0 46 67 46 53 23 63 84 69 43 14 35 19 82 82 68 95 28 10 16 78 
90 43 64 68 34 25 31 90 34 46 0 25 25 61 61 41 99 61 3 32 15 51 124 84 22 92 53 36 32 65 
112 69 73 88 51 22 50 115 55 67 25 0 49 63 86 60 123 54 29 53 40 67 148 107 15 82 66 58 51 84 
64 27 48 69 15 37 41 69 39 46 25 49 0 81 52 17 74 86 23 37 16 60 112 58 38 116 66 37 40 40 
139 80 126 56 94 82 44 117 49 53 61 63 81 0 75 99 137 23 62 50 65 36 125 133 74 41 27 54 45 121 
74 26 97 28 66 84 39 41 33 23 61 86 52 75 0 64 65 92 58 34 47 39 62 69 83 117 49 28 38 73 
53 37 33 85 8 42 58 71 57 63 41 60 17 99 64 0 69 102 39 55 34 77 120 48 46 132 83 54 58 24 
26 59 87 93 77 110 95 27 89 84 99 123 74 137 65 69 0 150 95 88 85 103 79 26 113 178 112 83 93 54 
148 91 124 77 96 75 55 133 61 69 61 54 86 23 92 102 150 0 63 62 70 55 146 142 68 30 47 67 57 126 
87 39 64 65 33 28 29 86 31 43 3 29 23 62 58 39 95 63 0 29 11 49 121 81 25 93 52 33 29 63 
89 30 86 36 53 57 6 71 2 14 32 53 37 50 34 55 88 62 29 0 23 22 95 83 54 89 29 5 5 73 
78 28 63 58 30 37 25 75 25 35 15 40 16 65 47 34 85 70 11 23 0 45 110 72 35 100 50 25 25 56 
107 48 108 23 75 76 20 81 20 19 51 67 60 36 39 77 103 55 49 22 45 0 91 101 71 77 9 23 20 95 
103 85 150 68 125 147 100 55 94 82 124 148 112 125 62 120 79 146 121 95 110 91 0 100 146 164 99 90 98 119 
6 53 62 97 57 91 89 45 84 82 84 107 58 133 69 48 26 142 81 83 72 101 100 0 95 171 110 79 88 29 
100 62 58 90 38 7 52 108 56 68 22 15 38 74 83 46 113 68 25 54 35 71 146 95 0 97 72 58 53 70 
177 119 154 97 126 104 83 159 89 95 92 82 116 41 117 132 178 30 93 89 100 77 164 171 97 0 68 94 84 156 
116 57 114 30 81 78 25 90 27 28 53 66 66 27 49 83 112 47 52 29 50 9 99 110 72 68 0 31 25 102 
85 26 86 33 53 61 11 66 5 10 36 58 37 54 28 54 83 67 33 5 25 23 90 79 58 94 31 0 10 72 
94 35 89 37 55 57 1 76 5 16 32 51 40 45 38 58 93 57 29 5 25 20 98 88 53 84 25 10 0 78 
32 49 33 98 32 65 78 65 75 78 65 84 40 121 73 24 54 126 63 73 56 95 119 29 70 156 102 72 78 0 
0 4879 780 4 0 1 0 106 1 308 0 0 0 0 0 12 0 663 613 6 7565 0 0 0 1 0 0 69012 0 0 
4879 0 0 11 0 0 0 875 5273 45786 168 0 0 2104 8 0 669 0 0 0 0 6198 87 1272 49 0 0 49035 1 0 
780 0 0 0 0 0 150 0 57 2076 0 26 0 14731 0 59 608 7017 32 0 0 0 22 37 0 301 0 507 16442 36 
4 11 0 0 0 2 983 498 0 550 34 91344 0 0 8 10112 0 6 0 0 0 0 17731 0 364 42 15 6862 0 41180 
0 0 0 0 0 2062 0 53 0 1 0 405 0 0 182 31861 13050 0 0 0 18737 16275 8444 0 0 0 0 43911 0 0 
1 0 0 2 2062 0 0 0 0 0 91706 0 0 0 22 0 0 1751 0 0 0 670 0 0 0 0 0 64800 0 0 
0 0 150 983 0 0 0 0 1 4694 0 872 61777 0 589 0 31437 0 0 0 14370 0 12090 130 0 0 0 41193 134 3503 
106 875 0 498 53 0 0 0 59 36851 42698 0 0 6324 448 8608 0 91 0 87 0 3 0 0 5705 1 0 356 326 0 
1 5273 57 0 0 0 1 59 0 0 0 0 0 0 28 714 0 61166 5 0 499 4 0 72022 0 17133 44 0 784 0 
308 45786 2076 550 1 0 4694 36851 0 0 0 8 0 4 71 1211 0 232 10 0 0 0 0 4 65992 9687 593 0 0 0 
0 168 0 34 0 91706 0 42698 0 0 0 0 11771 5 0 500 14 0 0 3 57 0 422 0 0 0 479 35925 190 0 
0 0 26 91344 405 0 872 0 0 8 0 0 0 0 0 0 59803 69179 2579 0 0 67961 3696 6 0 0 0 2 0 0 
0 0 0 0 0 0 61777 0 0 0 11771 0 0 0 49 1500 0 2 0 318 2288 3 17973 1 4832 37 0 0 0 0 
0 2104 14731 0 0 0 0 6324 0 4 5 0 0 0 54679 2 0 0 44 273 6606 106 4 0 3335 1 15147 38 0 0 
0 8 0 8 182 22 589 448 28 71 0 0 49 54679 0 0 0 2 535 6999 0 0 0 47055 0 0 0 36767 8 0 
12 0 59 10112 31861 0 0 8608 714 1211 500 0 1500 2 0 0 0 5669 0 4 0 3268 85 12 24988 0 0 791 0 4 
0 669 608 0 13050 0 31437 0 0 0 14 59803 0 0 0 0 0 1684 55 0 0 48 0 0 0 58 15799 2 0 5 
663 0 7017 6 0 1751 0 91 61166 232 0 69179 2 0 2 5669 1684 0 69 1 0 25260 0 40217 70 0 0 0 0 0 
613 0 32 0 0 0 0 0 5 10 0 2579 0 44 535 0 55 69 0 65 33771 12139 0 0 22 31 0 0 1 0 
6 0 0 0 0 0 0 87 0 0 3 0 318 273 6999 4 0 1 65 0 3025 0 2 0 0 6445 56 10 27565 0 
7565 0 0 0 18737 0 14370 0 499 0 57 0 2288 6606 0 0 0 0 33771 3025 0 0 0 0 0 25 4 0 89632 0 
0 6198 0 0 16275 670 0 3 4 0 0 67961 3 106 0 3268 48 25260 12139 0 0 0 0 4035 1204 21 3 0 18 0 
0 87 22 17731 8444 0 12090 0 0 0 422 3696 17973 4 0 85 0 0 0 2 0 0 0 10131 448 0 88969 19 0 0 
0 1272 37 0 0 0 130 0 72022 4 0 6 1 0 47055 12 0 40217 0 0 0 4035 10131 0 0 0 0 47648 0 12 
1 49 0 364 0 0 0 5705 0 65992 0 0 4832 3335 0 24988 0 70 22 0 0 1204 448 0 0 3 99 194 12586 16661 
0 0 301 42 0 0 0 1 17133 9687 0 0 37 1 0 0 58 0 31 6445 25 21 0 0 3 0 0 0 1642 0 
0 0 0 15 0 0 0 0 44 593 479 0 0 15147 0 0 15799 0 0 56 4 3 88969 0 99 0 0 18494 0 0 
69012 49035 507 6862 43911 64800 41193 356 0 0 35925 2 0 38 36767 791 2 0 0 10 0 0 19 47648 194 0 18494 0 5 260 
0 1 16442 0 0 0 134 326 784 0 190 0 0 0 8 0 0 0 1 27565 89632 18 0 0 12586 1642 0 5 0 0 
0 0 36 41180 0 0 3503 0 0 0 0 0 0 0 0 4 5 0 0 0 0 0 0 12 16661 0 0 260 0 0 
0 0 0 0 8 0 77948 0 0 0 52 39 321 148 3688 0 1 0 0 0 0 96 50 2567 0 11672 7 0 10 183 
0 0 245 0 294 23968 42 0 0 0 0 41672 76 0 0 1 0 8 103 8 117 0 0 0 0 84360 78561 0 0 6 
0 245 0 1106 2 195 0 11305 0 0 21256 0 3 0 27892 0 0 0 0 1 104 14 0 0 2903 0 2673 0 0 0 
0 0 1106 0 6385 0 0 0 81 0 0 0 1 785 0 0 6 0 5278 161 276 4 0 26 0 0 0 0 102 0 
8 294 2 6385 0 0 34 0 8 0 837 0 32886 28 0 0 0 4700 11750 90943 0 0 0 4 2626 1362 14797 0 41 1770 
0 23968 195 0 0 0 3 26164 326 11 0 1187 3746 4 0 987 106 0 65 76 723 0 79 1899 5 407 6363 0 54201 1283 
77948 42 0 0 34 3 0 217 0 0 18 0 0 697 0 6 0 4 13115 30689 0 45132 0 0 23219 135 12911 0 0 0 
0 0 11305 0 0 26164 217 0 0 0 0 49980 53 0 0 0 15641 0 49120 0 1 0 1 1 0 0 3 0 0 1513 
0 0 0 81 8 326 0 0 0 18789 1662 21 4476 72 0 0 1604 0 0 18223 0 0 9472 0 1194 0 0 24 0 3 
0 0 0 0 0 11 0 0 18789 0 9 0 2 0 0 0 1693 0 0 12522 1 453 38 0 0 0 0 2 1506 5 
52 0 21256 0 837 0 18 0 1662 9 0 292 0 0 1 0 0 5 15896 0 0 178 0 1782 64169 35787 0 0 0 4 
39 41672 0 0 0 1187 0 49980 21 0 292 0 579 8240 5 66 0 0 0 17 222 0 0 0 3186 4 23972 0 27601 16 
321 76 3 1 32886 3746 0 53 4476 2 0 579 0 232 0 0 11530 0 3 0 0 0 0 0 0 0 590 331 1073 15 
148 0 0 785 28 4 697 0 72 0 0 8240 232 0 0 0 2 2072 0 0 0 0 0 8 0 0 0 0 1770 61 
3688 0 27892 0 0 0 0 0 0 0 1 5 0 0 0 1 336 0 0 0 1411 2 15 0 258 144 7 0 0 11 
0 1 0 0 0 987 6 0 0 0 0 66 0 0 1 0 8 0 223 0 46238 0 0 0 0 1 1546 0 1251 0 
1 0 0 6 0 106 0 15641 1604 1693 0 0 11530 2 336 8 0 0 0 81780 40 0 7686 13 83 0 0 0 190 0 
0 8 0 0 4700 0 4 0 0 0 5 0 0 2072 0 0 0 0 0 0 9271 0 79 0 0 1 25506 32348 28 9147 
0 103 0 5278 11750 65 13115 49120 0 0 15896 0 3 0 0 223 0 0 0 0 0 0 1 3741 0 0 10725 438 0 2561 
0 8 1 161 90943 76 30689 0 18223 12522 0 17 0 0 0 0 81780 0 0 0 0 10802 0 2 37 0 0 0 0 1 
0 117 104 276 0 723 0 1 0 1 0 222 0 0 1411 46238 40 9271 0 0 0 240 359 31796 7255 0 0 46445 0 372 
96 0 14 4 0 0 45132 0 0 453 178 0 0 0 2 0 0 0 0 10802 240 0 29010 0 0 0 0 3581 0 938 
50 0 0 0 0 79 0 1 9472 38 0 0 0 0 15 0 7686 79 1 0 359 29010 0 0 0 12 0 0 592 2621 
2567 0 0 26 4 1899 0 1 0 0 1782 0 0 8 0 0 13 0 3741 2 31796 0 0 0 2340 1 51 0 31 0 
0 0 2903 0 2626 5 23219 0 1194 0 64169 3186 0 0 258 0 83 0 0 37 7255 0 0 2340 0 0 0 0 0 0 
11672 84360 0 0 1362 407 135 0 0 0 35787 4 0 0 144 1 0 1 0 0 0 0 12 1 0 0 10162 2713 0 407 
7 78561 2673 0 14797 6363 12911 3 0 0 0 23972 590 0 7 1546 0 25506 10725 0 0 0 0 51 0 10162 0 0 7233 240 
0 0 0 0 0 0 0 0 24 2 0 0 331 0 0 0 0 32348 438 0 46445 3581 0 0 0 2713 0 0 0 0 
10 0 0 102 41 54201 0 0 0 1506 0 27601 1073 1770 0 1251 190 28 0 0 0 0 592 31 0 0 7233 0 0 29986 
183 6 0 0 1770 1283 0 1513 3 5 4 16 15 61 11 0 0 9147 2561 1 372 938 2621 0 0 407 240 0 29986 0 
0 0 0 0 823 0 485 0 0 0 23746 26599 412 1 9122 0 427 0 0 0 0 4 817 19485 0 1394 30481 0 6 42047 
0 0 21073 0 72 5 1476 0 0 0 0 30 4 0 0 818 0 59059 2355 12495 12 0 0 0 0 1 784 0 0 21 
0 21073 0 409 1062 211 0 97 0 0 3572 0 20 0 5 0 0 0 0 31430 51213 36192 0 0 5 0 10220 0 0 0 
0 0 409 0 83 0 0 0 166 0 0 0 5 39093 0 0 8763 0 22 1046 18729 823 0 5234 0 0 0 0 4 0 
823 72 1062 83 0 0 129 0 2006 0 69 0 1605 5 0 0 0 1 4 538 0 0 0 31985 2 43420 74509 0 30 7298 
0 5 211 0 0 0 113 51 102 943 0 7113 16866 16 0 1 92686 0 647 4 47 0 5 63869 82222 813 36 0 134 2495 
485 1476 0 0 129 113 0 7 0 0 51 0 0 9539 0 27148 0 69293 9 407 0 6 0 0 28 411 124 0 0 0 
0 0 97 0 0 51 7 0 0 0 0 5981 96 0 0 0 11 0 900 0 116 0 86 53097 0 0 10 0 0 5254 
0 0 0 166 2006 102 0 0 0 1329 17299 300 1 15190 0 0 3178 0 0 51 0 0 39 0 10495 0 0 17 0 3186 
0 0 0 0 0 943 0 0 1329 0 5 0 44 0 0 0 2295 0 0 2622 21 911 10626 0 0 0 0 691 28971 185 
23746 0 3572 0 69 0 51 0 17299 5 0 216 0 0 107 0 0 7 46683 0 0 1756 0 40 19402 21 0 0 0 10961 
26599 30 0 0 0 7113 0 5981 300 0 216 0 1 5077 37823 36069 0 0 0 5231 1 0 0 0 49 525 71420 0 13 2 
412 4 20 5 1605 16866 0 96 1 44 0 1 0 6561 0 0 21 0 6235 0 0 0 0 0 0 0 12 7609 3 61028 
1 0 0 39093 5 16 9539 0 15190 0 0 5077 6561 0 0 0 115 99647 0 0 0 0 0 522 0 0 0 0 5108 70714 
9122 0 5 0 0 0 0 0 0 0 107 37823 0 0 0 32 1717 0 0 0 4 128 21060 0 79781 11116 34 0 0 39149 
0 818 0 0 0 1 27148 0 0 0 0 36069 0 0 32 0 353 0 3110 0 127 0 0 0 0 1701 317 0 18 0 
427 0 0 8763 0 92686 0 11 3178 2295 0 0 21 115 1717 353 0 0 0 62722 47197 0 14 2838 2907 0 0 0 7365 0 
0 59059 0 0 1 0 69293 0 0 0 7 0 0 99647 0 0 0 0 0 0 31 0 8 0 0 2445 31436 185 1 49 
0 2355 0 22 4 647 9 900 0 0 46683 0 6235 0 0 3110 0 0 0 0 0 0 2 28415 0 0 21758 459 0 53 
0 12495 31430 1046 538 4 407 0 51 2622 0 5231 0 0 0 0 62722 0 0 0 0 86372 0 3 123 0 0 0 0 3 
0 12 51213 18729 0 47 0 116 0 21 0 1 0 0 4 127 47197 31 0 0 0 2 54797 1929 7809 0 0 2639 0 5 
4 0 36192 823 0 0 6 0 0 911 1756 0 0 0 128 0 0 0 0 86372 2 0 31310 0 0 0 0 2 0 80723 
817 0 0 0 0 5 0 86 39 10626 0 0 0 0 21060 0 14 8 2 0 54797 31310 0 0 0 1216 0 0 35 14 
19485 0 0 5234 31985 63869 0 53097 0 0 40 0 0 522 0 0 2838 0 28415 3 1929 0 0 0 13293 24 2 0 2762 0 
0 0 5 0 2 82222 28 0 10495 0 19402 49 0 0 79781 0 2907 0 0 123 7809 0 0 13293 0 0 0 0 0 0 
1394 1 0 0 43420 813 411 0 0 0 21 525 0 0 11116 1701 0 2445 0 0 0 0 1216 24 0 0 11727 78792 0 57 
30481 784 10220 0 74509 36 124 10 0 0 0 71420 12 0 34 317 0 31436 21758 0 0 0 0 2 0 11727 0 0 4 4061 
0 0 0 0 0 0 0 0 17 691 0 0 7609 0 0 0 0 185 459 0 2639 2 0 0 0 78792 0 0 0 0 
6 0 0 4 30 134 0 0 0 28971 0 13 3 5108 0 18 7365 1 0 0 0 0 35 2762 0 0 4 0 0 1026 
42047 21 0 0 7298 2495 0 5254 3186 185 10961 2 61028 70714 39149 0 0 49 53 3 5 80723 14 0 0 57 4061 0 1026 0 
0 0 0 0 7 0 704 0 0 0 37850 521 1 2 6874 0 2578 0 0 0 0 17 6 39 0 9207 3 0 46511 220 
0 0 3581 0 837 7498 9249 0 0 0 0 22 206 0 0 14797 0 180 57 78 681 0 0 0 0 58 3 0 0 5299 
0 3581 0 48 4344 2044 0 5 0 0 40200 0 8406 0 2554 0 0 0 0 1042 9 576 0 0 96088 0 15705 0 0 0 
0 0 48 0 74399 0 0 0 392 0 0 0 76208 90 0 0 16903 0 1 1 32986 61063 0 264 0 0 0 0 662 0 
7 837 4344 74399 0 0 38355 0 7 0 16858 0 47 9 0 0 0 553 375 1 0 0 0 54 15 347 5205 0 2 2 
0 7498 2044 0 0 0 2701 29185 16 7 0 88024 16068 180 0 23 1 0 123 12 30113 0 39 1 1 124 148 0 9871 3252 
704 9249 0 0 38355 2701 0 3646 0 0 35 0 0 28409 0 13 0 47547 8 11067 0 88 0 0 41607 14 4 0 0 0 
0 0 5 0 0 29185 3646 0 0 0 0 39 33 0 0 0 28 0 6 0 331 0 570 250 0 0 2592 0 0 88 
0 0 0 392 7 16 0 0 0 294 171 16841 18 57 0 0 27 0 0 61030 0 0 32810 0 39689 0 0 38 0 84557 
0 0 0 0 0 7 0 0 294 0 1 0 292 0 0 0 44518 0 0 8437 247 2 2787 0 0 0 0 1839 56 25888 
37850 0 40200 0 16858 0 35 0 171 1 0 11 0 0 5378 0 0 594 151 0 0 1741 0 233 1550 1 0 0 0 5 
521 22 0 0 0 88024 0 39 16841 0 11 0 6039 14130 21259 285 0 0 0 2 2 0 0 0 1679 1996 13 0 65279 3 
1 206 8406 76208 47 16068 0 33 18 292 0 6039 0 77 0 0 3600 0 27 0 0 0 0 0 0 0 45890 52799 10 1 
2 0 0 90 9 180 28409 0 57 0 0 14130 77 0 0 0 2 3 0 0 0 0 0 3 0 0 0 0 49 3246 
6874 0 2554 0 0 0 0 0 0 0 5378 21259 0 0 0 3409 10 0 0 0 91736 1569 46 0 6699 89 3 0 0 66369 
0 14797 0 0 0 23 13 0 0 0 0 285 0 0 3409 0 5433 0 5974 0 2 0 0 0 0 81853 665 0 2040 0 
2578 0 0 16903 0 1 0 28 27 44518 0 0 3600 2 10 5433 0 0 0 120 64465 0 40 39715 5 0 0 0 686 0 
0 180 0 0 553 0 47547 0 0 0 594 0 0 3 0 0 0 0 0 0 7404 0 16 0 0 419 85308 7 81 2 
0 57 0 1 375 123 8 6 0 0 151 0 27 0 0 5974 0 0 0 0 0 0 14113 84450 0 0 73658 5 0 7870 
0 78 1042 1 1 12 11067 0 61030 8437 0 2 0 0 0 0 120 0 0 0 0 2 0 3 7 0 0 0 0 53557 
0 681 9 32986 0 30113 0 331 0 247 0 2 0 0 91736 2 64465 7404 0 0 0 62 1313 23 4 0 0 36310 0 22 
17 0 576 61063 0 0 88 0 0 2 1741 0 0 0 1569 0 0 0 0 2 62 0 4 0 0 0 0 93 0 1038 
6 0 0 0 0 39 0 570 32810 2787 0 0 0 0 46 0 40 16 14113 0 1313 4 0 0 0 151 0 0 80 299 
39 0 0 264 54 1 0 250 0 0 233 0 0 3 0 0 39715 0 84450 3 23 0 0 0 4 32 3827 0 3 0 
0 0 96088 0 15 1 41607 0 39689 0 1550 1679 0 0 6699 0 5 0 0 7 4 0 0 4 0 0 0 0 0 0 
9207 58 0 0 347 124 14 0 0 0 1 1996 0 0 89 81853 0 419 0 0 0 0 151 32 0 0 1238 117 0 34405 
3 3 15705 0 5205 148 4 2592 0 0 0 13 45890 0 3 665 0 85308 73658 0 0 0 0 3827 0 1238 0 0 561 128 
0 0 0 0 0 0 0 0 38 1839 0 0 52799 0 0 0 0 7 5 0 36310 93 0 0 0 117 0 0 0 0 
46511 0 0 662 2 9871 0 0 0 56 0 65279 10 49 0 2040 686 81 0 0 0 0 80 3 0 0 561 0 0 2027 
220 5299 0 0 2 3252 0 88 84557 25888 5 3 1 3246 66369 0 0 2 7870 53557 22 1038 299 0 0 34405 128 0 2027 0 
