9 4
0 123 17 72 89 90 77 84 122 
123 0 116 51 121 48 96 115 59 
17 116 0 64 101 90 86 66 108 
72 51 64 0 97 39 71 77 62 
89 121 101 97 0 73 26 158 158 
90 48 90 39 73 0 47 116 91 
77 96 86 71 26 47 0 136 132 
84 115 66 77 158 116 136 0 73 
122 59 108 62 158 91 132 73 0 
0 79 0 2721 0 55106 0 40658 1 
79 0 0 68 0 0 58428 0 39 
0 0 0 2711 199 0 0 0 0 
2721 68 2711 0 33 8342 4 0 881 
0 0 199 33 0 22493 102 0 0 
55106 0 0 8342 22493 0 0 3016 1107 
0 58428 0 4 102 0 0 1 28 
40658 0 0 0 0 3016 1 0 0 
1 39 0 881 0 1107 28 0 0 
0 0 20505 1206 0 0 0 3591 0 
0 0 14079 344 4766 1 0 1196 13 
20505 14079 0 0 0 24529 0 877 0 
1206 344 0 0 0 0 0 3123 0 
0 4766 0 0 0 42915 0 68 93049 
0 1 24529 0 42915 0 0 0 0 
0 0 0 0 0 0 0 0 8598 
3591 1196 877 3123 68 0 0 0 118 
0 13 0 0 93049 0 8598 118 0 
0 2335 1346 0 0 0 2 0 0 
2335 0 64 0 0 0 0 0 1 
1346 64 0 8711 0 70176 0 0 66 
0 0 8711 0 0 69 0 30134 0 
0 0 0 0 0 0 0 25301 101 
0 0 70176 69 0 0 124 210 44390 
2 0 0 0 0 124 0 0 60 
0 0 0 30134 25301 210 0 0 14 
0 1 66 0 101 44390 60 14 0 
0 0 6 0 52 16645 68 2 0 
0 0 0 0 117 6 0 164 0 
6 0 0 0 0 0 2685 0 0 
0 0 0 0 17593 0 85 577 0 
52 117 0 17593 0 0 0 4417 1163 
16645 6 0 0 0 0 0 25 0 
68 0 2685 85 0 0 0 0 0 
2 164 0 577 4417 25 0 0 0 
0 0 0 0 1163 0 0 0 0 
