20 2
0 123 17 72 89 90 77 84 122 70 141 118 117 117 58 85 94 145 69 99 
123 0 116 51 121 48 96 115 59 63 25 47 40 16 64 39 31 87 58 23 
17 116 0 64 101 90 86 66 108 71 133 119 117 113 52 81 90 150 68 93 
72 51 64 0 97 39 71 77 62 33 69 64 60 49 13 21 29 104 24 28 
89 121 101 97 0 73 26 158 158 64 146 84 88 106 88 88 93 82 73 107 
90 48 90 39 73 0 47 116 91 20 73 28 27 34 42 20 20 64 22 35 
77 96 86 71 26 47 0 136 132 38 121 63 66 81 63 62 67 73 47 81 
84 115 66 77 158 116 136 0 73 105 118 141 136 120 76 98 104 181 98 96 
122 59 108 62 158 91 132 73 0 94 51 103 96 73 74 71 70 145 85 56 
70 63 71 33 64 20 38 105 94 0 87 48 47 52 29 25 32 79 8 44 
141 25 133 69 146 73 121 118 51 87 0 70 64 41 83 62 55 108 81 43 
118 47 119 64 84 28 63 141 103 48 70 0 6 30 70 43 37 42 50 48 
117 40 117 60 88 27 66 136 96 47 64 6 0 24 67 39 32 48 48 42 
117 16 113 49 106 34 81 120 73 52 41 30 24 0 60 31 22 72 48 24 
58 64 52 13 88 42 63 76 74 29 83 70 67 60 0 29 38 107 21 41 
85 39 81 21 88 20 62 98 71 25 62 43 39 31 29 0 9 83 18 19 
94 31 90 29 93 20 67 104 70 32 55 37 32 22 38 9 0 79 27 14 
145 87 150 104 82 64 73 181 145 79 108 42 48 72 107 83 79 0 85 91 
69 58 68 24 73 22 47 98 85 8 81 50 48 48 21 18 27 85 0 37 
99 23 93 28 107 35 81 96 56 44 43 48 42 24 41 19 14 91 37 0 
0 52 210 0 184 26638 0 0 0 62340 0 0 0 19 5 10 0 0 0 0 
52 0 2650 93 0 1 16999 0 74 0 0 0 72185 0 0 3899 0 1910 0 2 
210 2650 0 36352 0 26 0 0 2408 0 64012 3806 0 0 157 1 0 22732 23196 0 
0 93 36352 0 4186 0 0 27 0 0 0 5172 611 0 0 60385 15250 8066 0 0 
184 0 0 4186 0 0 119 4 0 0 0 0 18772 1939 0 0 0 5 0 0 
26638 1 26 0 0 0 0 0 3 0 0 3 0 7283 0 0 0 0 0 19026 
0 16999 0 0 119 0 0 0 94 30639 5 6918 406 0 0 15 4 0 0 223 
0 0 0 27 4 0 0 0 5 8504 2 2 0 4 57 41 0 41711 0 0 
0 74 2408 0 0 3 94 5 0 75 21 159 0 1625 132 0 194 0 282 0 
62340 0 0 0 0 0 30639 8504 75 0 63334 0 32 0 0 0 10 0 0 0 
0 0 64012 0 0 0 5 2 21 63334 0 41 16323 7 0 7 203 0 19 3 
0 0 3806 5172 0 3 6918 2 159 0 41 0 0 0 93 2 0 0 21528 0 
0 72185 0 611 18772 0 406 0 0 32 16323 0 0 10250 0 0 258 0 5 732 
19 0 0 0 1939 7283 0 4 1625 0 7 0 10250 0 0 12 0 4382 32 16240 
5 0 157 0 0 0 0 57 132 0 0 93 0 0 0 0 114 0 19 371 
10 3899 1 60385 0 0 15 41 0 0 7 2 0 12 0 0 387 0 768 0 
0 0 0 15250 0 0 4 0 194 10 203 0 258 0 114 387 0 0 0 0 
0 1910 22732 8066 5 0 0 41711 0 0 0 0 0 4382 0 0 0 0 1 7 
0 0 23196 0 0 0 0 0 282 0 19 21528 5 32 19 768 0 1 0 0 
0 2 0 0 0 19026 223 0 0 0 3 0 732 16240 371 0 0 7 0 0 
0 227 25 0 336 88 0 0 0 2252 2 0 0 167 1 3 0 0 0 0 
227 0 255 12 0 0 3919 0 176 0 0 0 9235 0 0 462 0 150 0 1 
25 255 0 2091 0 213 0 0 98 0 98202 18549 0 0 9 0 0 62494 52061 0 
0 12 2091 0 4709 0 0 902 0 4 0 92909 376 0 0 22325 13963 1186 0 111 
336 0 0 4709 0 0 2428 38 0 0 2 0 16967 4086 0 0 0 268 0 0 
88 0 213 0 0 0 0 4 6 0 0 5 0 12795 0 0 0 0 0 48983 
0 3919 0 0 2428 0 0 0 1 28267 1 33 10974 0 0 12 0 0 2 156 
0 0 0 902 38 4 0 0 0 769 0 6 0 5 3 37 0 15419 15 0 
0 176 98 0 0 6 1 0 0 549 41 57 0 45 2301 1 7356 0 1504 0 
2252 0 0 4 0 0 28267 769 549 0 1572 0 0 0 0 0 34584 0 0 0 
2 0 98202 0 2 0 1 0 41 1572 0 30 85 34 0 64 454 0 208 328 
0 0 18549 92909 0 5 33 6 57 0 30 0 0 0 3002 12 0 3 35461 0 
0 9235 0 376 16967 0 10974 0 0 0 85 0 0 549 0 0 1755 0 2368 59 
167 0 0 0 4086 12795 0 5 45 0 34 0 549 0 1 15 0 13077 191 769 
1 0 9 0 0 0 0 3 2301 0 0 3002 0 1 0 0 191 0 204 1993 
3 462 0 22325 0 0 12 37 1 0 64 12 0 15 0 0 20 0 164 0 
0 0 0 13963 0 0 0 0 7356 34584 454 0 1755 0 191 20 0 0 0 0 
0 150 62494 1186 268 0 0 15419 0 0 0 3 0 13077 0 0 0 0 139 449 
0 0 52061 0 0 0 2 15 1504 0 208 35461 2368 191 204 164 0 139 0 0 
0 1 0 111 0 48983 156 0 0 0 328 0 59 769 1993 0 0 449 0 0 
