10 4
0 59 64 103 62 95 95 48 90 88 
59 0 70 49 40 62 36 46 31 30 
64 70 0 118 33 51 89 98 88 95 
103 49 118 0 85 94 38 68 34 23 
62 40 33 85 0 33 56 78 55 62 
95 62 51 94 33 0 57 107 59 71 
95 36 89 38 56 57 0 77 6 17 
48 46 98 68 78 107 77 0 71 63 
90 31 88 34 55 59 6 71 0 12 
88 30 95 23 62 71 17 63 12 0 
0 0 0 3940 0 0 20905 0 1040 423 
0 0 0 0 22042 274 0 226 0 0 
0 0 0 32703 51 0 1373 19674 26 1669 
3940 0 32703 0 0 64 0 0 0 0 
0 22042 51 0 0 0 0 0 0 0 
0 274 0 64 0 0 40221 43 27234 0 
20905 0 1373 0 0 40221 0 0 55352 325 
0 226 19674 0 0 43 0 0 0 0 
1040 0 26 0 0 27234 55352 0 0 51368 
423 0 1669 0 0 0 325 0 51368 0 
0 14 1 26 11 12801 15 32 0 12838 
14 0 51364 0 0 0 0 1 0 0 
1 51364 0 0 75163 0 97501 21311 41 92839 
26 0 0 0 0 0 43 3 0 30581 
11 0 75163 0 0 18 0 2 0 0 
12801 0 0 0 18 0 11 6299 188 21 
15 0 97501 43 0 11 0 6066 0 0 
32 1 21311 3 2 6299 6066 0 0 2599 
0 0 41 0 0 188 0 0 0 9317 
12838 0 92839 30581 0 21 0 2599 9317 0 
0 0 904 0 166 0 1230 0 0 0 
0 0 2103 2252 1 0 0 0 0 213 
904 2103 0 0 0 49 492 76 0 0 
0 2252 0 0 0 28 0 0 300 0 
166 1 0 0 0 0 31339 1 7 6 
0 0 49 28 0 0 0 147 407 0 
1230 0 492 0 31339 0 0 69634 9 63 
0 0 76 0 1 147 69634 0 0 6 
0 0 0 300 7 407 9 0 0 61474 
0 213 0 0 6 0 63 6 61474 0 
0 428 0 0 0 1 0 0 14752 102 
428 0 0 24385 7035 0 23624 0 0 0 
0 0 0 2 260 0 9622 0 49 0 
0 24385 2 0 0 264 1452 528 0 24931 
0 7035 260 0 0 21328 4 0 0 0 
1 0 0 264 21328 0 12 1 0 5234 
0 23624 9622 1452 4 12 0 0 0 0 
0 0 0 528 0 1 0 0 0 0 
14752 0 49 0 0 0 0 0 0 0 
102 0 0 24931 0 5234 0 0 0 0 
