9 2
0 123 17 72 89 90 77 84 122 
123 0 116 51 121 48 96 115 59 
17 116 0 64 101 90 86 66 108 
72 51 64 0 97 39 71 77 62 
89 121 101 97 0 73 26 158 158 
90 48 90 39 73 0 47 116 91 
77 96 86 71 26 47 0 136 132 
84 115 66 77 158 116 136 0 73 
122 59 108 62 158 91 132 73 0 
0 0 1 106 0 0 1 0 0 
0 0 14549 0 69 0 0 0 93 
1 14549 0 52 0 0 0 152 36352 
106 0 52 0 30025 0 0 3 0 
0 69 0 30025 0 0 0 0 48 
0 0 0 0 0 0 44390 1678 17 
1 0 0 0 0 44390 0 0 0 
0 0 152 3 0 1678 0 0 4 
0 93 36352 0 48 17 0 4 0 
0 30 1 1 50129 29663 26 15 2 
30 0 0 3 0 0 22 37845 0 
1 0 0 0 1798 17169 74 0 0 
1 3 0 0 0 14320 47935 0 4245 
50129 0 1798 0 0 198 3036 1256 0 
29663 0 17169 14320 198 0 0 0 0 
26 22 74 47935 3036 0 0 3236 2872 
15 37845 0 0 1256 0 3236 0 0 
2 0 0 4245 0 0 2872 0 0 
