15 3
0 46 118 40 96 98 46 64 2 33 36 47 55 9 108 
46 0 88 10 53 127 3 66 48 60 37 19 78 48 107 
118 88 0 85 53 137 85 71 120 144 83 106 102 125 70 
40 10 85 0 56 117 8 56 42 59 26 26 68 43 98 
96 53 53 56 0 154 51 82 98 112 71 66 108 100 106 
98 127 137 117 154 0 125 72 99 127 90 138 49 106 75 
46 3 85 8 51 125 0 63 48 61 34 22 76 49 104 
64 66 71 56 82 72 63 0 66 97 32 83 30 73 44 
2 48 120 42 98 99 48 66 0 32 38 48 56 7 110 
33 60 144 59 112 127 61 97 32 0 67 48 88 24 142 
36 37 83 26 71 90 34 32 38 67 0 51 41 44 77 
47 19 106 26 66 138 22 83 48 48 51 0 90 45 125 
55 78 102 68 108 49 76 30 56 88 41 90 0 63 62 
9 48 125 43 100 106 49 73 7 24 44 45 63 0 117 
108 107 70 98 106 75 104 44 110 142 77 125 62 117 0 
0 0 1 0 1 0 86 12863 0 46 0 2662 19271 5092 1 
0 0 1963 132 71817 0 0 0 20 16521 0 996 13 0 0 
1 1963 0 21 0 3 1882 0 6194 0 5 6637 0 625 0 
0 132 21 0 36062 0 0 8434 0 3 48 0 1 0 0 
1 71817 0 36062 0 0 0 0 0 9432 28 0 1 0 11558 
0 0 3 0 0 0 0 0 0 36 39 2516 0 0 184 
86 0 1882 0 0 0 0 0 0 0 0 8 686 154 47 
12863 0 0 8434 0 0 0 0 0 429 0 16311 0 31952 0 
0 20 6194 0 0 0 0 0 0 6 51 144 0 0 2 
46 16521 0 3 9432 36 0 429 6 0 0 0 7 44 0 
0 0 5 48 28 39 0 0 51 0 0 20232 2 2 3378 
2662 996 6637 0 0 2516 8 16311 144 0 20232 0 4744 0 144 
19271 13 0 1 1 0 686 0 0 7 2 4744 0 0 0 
5092 0 625 0 0 0 154 31952 0 44 2 0 0 0 0 
1 0 0 0 11558 184 47 0 2 0 3378 144 0 0 0 
0 0 0 405 1 15148 0 21116 2398 19 0 29521 12675 0 0 
0 0 0 0 22404 2213 169 0 13 0 294 20843 41 762 1 
0 0 0 39 22 1 6683 15 0 99 12 5082 39986 0 25775 
405 0 39 0 0 0 0 998 0 222 1 0 0 10 0 
1 22404 22 0 0 2597 50 357 0 0 0 209 0 458 511 
15148 2213 1 0 2597 0 31939 0 0 0 5 25922 6 0 58 
0 169 6683 0 50 31939 0 8 485 444 0 86 707 0 354 
21116 0 15 998 357 0 8 0 1418 0 0 43775 0 18798 1225 
2398 13 0 0 0 0 485 1418 0 6 54 585 21 0 0 
19 0 99 222 0 0 444 0 6 0 0 30059 0 0 1 
0 294 12 1 0 5 0 0 54 0 0 0 2 0 41841 
29521 20843 5082 0 209 25922 86 43775 585 30059 0 0 775 2 0 
12675 41 39986 0 0 6 707 0 21 0 2 775 0 0 0 
0 762 0 10 458 0 0 18798 0 0 0 2 0 0 0 
0 1 25775 0 511 58 354 1225 0 1 41841 0 0 0 0 
0 0 0 6 0 22174 0 1091 0 19 6834 0 5956 0 0 
0 0 331 194 17837 0 0 1033 0 310 0 38 16 14 17225 
0 331 0 0 0 0 12248 14 30 0 3 1225 5506 0 38464 
6 194 0 0 384 125 0 0 1137 1 0 1534 0 15048 0 
0 17837 0 384 0 13 790 867 0 0 0 6403 1 0 0 
22174 0 0 125 13 0 32690 0 1990 2 24 0 0 2 1018 
0 0 12248 0 790 32690 0 0 0 2974 0 0 1695 49 34 
1091 1033 14 0 867 0 0 0 32 0 0 0 0 0 0 
0 0 30 1137 0 1990 0 32 0 0 82 0 0 1 3 
19 310 0 1 0 2 2974 0 0 0 0 0 0 0 12 
6834 0 3 0 0 24 0 0 82 0 0 3211 0 0 12602 
0 38 1225 1534 6403 0 0 0 0 0 3211 0 0 0 64 
5956 16 5506 0 1 0 1695 0 0 0 0 0 0 0 0 
0 14 0 15048 0 2 49 0 1 0 0 0 0 0 0 
0 17225 38464 0 0 1018 34 0 3 12 12602 64 0 0 0 
