50 3
0 59 64 103 62 95 95 48 90 88 90 112 64 139 74 53 26 148 87 89 78 107 103 6 100 177 116 85 94 32 58 33 140 154 91 89 149 95 129 136 69 115 101 157 54 90 105 87 127 110 
59 0 70 49 40 62 36 46 31 30 43 69 27 80 26 37 59 91 39 30 28 48 85 53 62 119 57 26 35 49 19 41 84 96 32 30 99 39 70 86 73 69 42 98 15 31 60 28 82 56 
64 70 0 118 33 51 89 98 88 95 64 73 48 126 97 33 87 124 64 86 63 108 150 62 58 154 114 86 89 33 53 83 147 156 86 84 168 106 127 100 125 78 97 140 80 90 70 87 153 86 
103 49 118 0 85 94 38 68 34 23 68 88 69 56 28 85 93 77 65 36 58 23 68 97 90 97 30 33 37 98 65 74 38 53 38 38 50 11 35 90 81 85 32 73 48 31 81 32 37 63 
62 40 33 85 0 33 56 78 55 62 34 51 15 94 66 8 77 96 33 53 30 75 125 57 38 126 81 53 55 32 21 66 113 123 53 51 135 74 94 77 106 55 64 110 53 57 45 54 121 57 
95 62 51 94 33 0 57 107 59 71 25 22 37 82 84 42 110 75 28 57 37 76 147 91 7 104 78 61 57 65 46 97 112 117 56 55 139 82 90 49 135 27 64 93 77 62 20 61 131 41 
95 36 89 38 56 57 0 77 6 17 31 50 41 44 39 58 95 55 29 6 25 20 100 89 52 83 25 11 1 78 40 76 58 67 4 6 82 27 38 57 100 48 8 62 47 8 43 10 75 27 
48 46 98 68 78 107 77 0 71 63 90 115 69 117 41 71 27 133 86 71 75 81 55 45 108 159 90 66 76 65 60 15 106 121 74 72 107 64 101 132 28 116 80 136 31 70 107 68 82 102 
90 31 88 34 55 59 6 71 0 12 34 55 39 49 33 57 89 61 31 2 25 20 94 84 56 89 27 5 5 75 38 70 58 68 4 4 81 23 41 63 94 53 11 67 41 3 47 3 71 33 
88 30 95 23 62 71 17 63 12 0 46 67 46 53 23 63 84 69 43 14 35 19 82 82 68 95 28 10 16 78 43 65 53 65 16 16 72 11 40 74 84 65 17 72 36 9 59 10 60 45 
90 43 64 68 34 25 31 90 34 46 0 25 25 61 61 41 99 61 3 32 15 51 124 84 22 92 53 36 32 65 32 83 87 94 30 30 114 57 66 45 116 26 39 76 58 37 17 36 106 22 
112 69 73 88 51 22 50 115 55 67 25 0 49 63 86 60 123 54 29 53 40 67 148 107 15 82 66 58 51 84 57 108 98 101 51 51 128 77 76 27 142 5 56 73 84 58 8 57 125 26 
64 27 48 69 15 37 41 69 39 46 25 49 0 81 52 17 74 86 23 37 16 60 112 58 38 116 66 37 40 40 8 60 98 108 37 36 119 58 79 71 97 51 49 98 41 41 41 38 105 47 
139 80 126 56 94 82 44 117 49 53 61 63 81 0 75 99 137 23 62 50 65 36 125 133 74 41 27 54 45 121 83 118 42 40 48 50 74 54 23 49 136 59 38 18 89 49 61 52 82 40 
74 26 97 28 66 84 39 41 33 23 61 86 52 75 0 64 65 92 58 34 47 39 62 69 83 117 49 28 38 73 45 46 66 80 37 35 76 23 59 96 61 84 40 94 20 31 77 29 56 66 
53 37 33 85 8 42 58 71 57 63 41 60 17 99 64 0 69 102 39 55 34 77 120 48 46 132 83 54 58 24 20 58 115 125 55 53 135 74 97 85 99 63 67 115 48 58 53 55 119 63 
26 59 87 93 77 110 95 27 89 84 99 123 74 137 65 69 0 150 95 88 85 103 79 26 113 178 112 83 93 54 66 19 131 145 91 89 135 88 124 144 43 125 99 156 48 88 115 85 110 115 
148 91 124 77 96 75 55 133 61 69 61 54 86 23 92 102 150 0 63 62 70 55 146 142 68 30 47 67 57 126 90 132 65 61 59 61 97 73 46 31 154 49 52 20 102 63 55 65 105 39 
87 39 64 65 33 28 29 86 31 43 3 29 23 62 58 39 95 63 0 29 11 49 121 81 25 93 52 33 29 63 29 79 86 93 27 27 112 54 65 48 113 29 37 77 55 34 20 33 103 24 
89 30 86 36 53 57 6 71 2 14 32 53 37 50 34 55 88 62 29 0 23 22 95 83 54 89 29 5 5 73 36 70 60 70 2 2 83 25 42 62 94 51 12 68 40 5 45 4 73 32 
78 28 63 58 30 37 25 75 25 35 15 40 16 65 47 34 85 70 11 23 0 45 110 72 35 100 50 25 25 56 20 68 83 92 22 21 106 47 64 59 101 41 33 81 43 28 32 26 96 31 
107 48 108 23 75 76 20 81 20 19 51 67 60 36 39 77 103 55 49 22 45 0 91 101 71 77 9 23 20 95 58 84 38 48 22 24 62 18 21 67 100 64 12 54 55 18 60 21 58 41 
103 85 150 68 125 147 100 55 94 82 124 148 112 125 62 120 79 146 121 95 110 91 0 100 146 164 99 90 98 119 104 71 95 110 98 97 80 74 102 156 39 147 97 141 72 91 140 91 53 127 
6 53 62 97 57 91 89 45 84 82 84 107 58 133 69 48 26 142 81 83 72 101 100 0 95 171 110 79 88 29 52 29 135 148 85 83 144 89 123 130 68 109 95 151 48 84 99 81 122 104 
100 62 58 90 38 7 52 108 56 68 22 15 38 74 83 46 113 68 25 54 35 71 146 95 0 97 72 58 53 70 47 99 106 111 52 52 134 79 84 42 135 19 59 86 77 59 13 58 127 35 
177 119 154 97 126 104 83 159 89 95 92 82 116 41 117 132 178 30 93 89 100 77 164 171 97 0 68 94 84 156 120 159 73 63 87 89 103 95 62 57 177 77 78 23 130 89 84 92 117 69 
116 57 114 30 81 78 25 90 27 28 53 66 66 27 49 83 112 47 52 29 50 9 99 110 72 68 0 31 25 102 65 93 34 42 28 30 62 26 13 62 109 62 16 45 64 26 60 29 61 39 
85 26 86 33 53 61 11 66 5 10 36 58 37 54 28 54 83 67 33 5 25 23 90 79 58 94 31 0 10 72 35 65 61 72 8 7 82 21 44 68 89 57 16 72 35 5 50 2 70 37 
94 35 89 37 55 57 1 76 5 16 32 51 40 45 38 58 93 57 29 5 25 20 98 88 53 84 25 10 0 78 40 75 58 67 3 5 82 26 39 58 99 49 8 63 45 7 44 8 74 28 
32 49 33 98 32 65 78 65 75 78 65 84 40 121 73 24 54 126 63 73 56 95 119 29 70 156 102 72 78 0 37 50 132 144 75 73 148 88 116 109 92 87 86 138 53 76 77 73 129 87 
58 19 53 65 21 46 40 60 38 43 32 57 8 83 45 20 66 90 29 36 20 58 104 52 47 120 65 35 40 37 0 51 96 106 37 35 115 54 79 78 89 58 48 100 32 39 48 36 100 51 
33 41 83 74 66 97 76 15 70 65 83 108 60 118 46 58 19 132 79 70 68 84 71 29 99 159 93 65 75 50 51 0 112 127 72 70 118 69 105 127 42 109 80 137 29 69 99 67 94 98 
140 84 147 38 113 112 58 106 58 53 87 98 98 42 66 115 131 65 86 60 83 38 95 135 106 73 34 61 58 132 96 112 0 15 60 62 32 45 22 90 116 94 49 51 86 56 94 59 44 72 
154 96 156 53 123 117 67 121 68 65 94 101 108 40 80 125 145 61 93 70 92 48 110 148 111 63 42 72 67 144 106 127 15 0 70 71 40 58 28 89 132 97 58 43 99 67 98 70 58 76 
91 32 86 38 53 56 4 74 4 16 30 51 37 48 37 55 91 59 27 2 22 22 98 85 52 87 28 8 3 75 37 72 60 70 0 2 84 27 42 59 97 49 11 66 43 7 43 7 75 29 
89 30 84 38 51 55 6 72 4 16 30 51 36 50 35 53 89 61 27 2 21 24 97 83 52 89 30 7 5 73 35 70 62 71 2 0 85 27 43 60 96 49 13 68 41 7 43 6 75 30 
149 99 168 50 135 139 82 107 81 72 114 128 119 74 76 135 135 97 112 83 106 62 80 144 134 103 62 82 82 148 115 118 32 40 84 85 0 61 54 122 110 124 75 83 97 78 122 81 27 101 
95 39 106 11 74 82 27 64 23 11 57 77 58 54 23 74 88 73 54 25 47 18 74 89 79 95 26 21 26 88 54 69 45 58 27 27 61 0 36 82 82 75 23 72 41 20 70 21 49 53 
129 70 127 35 94 90 38 101 41 40 66 76 79 23 59 97 124 46 65 42 64 21 102 123 84 62 13 44 39 116 79 105 22 28 42 43 54 36 0 68 117 72 30 38 76 39 71 43 59 49 
136 86 100 90 77 49 57 132 63 74 45 27 71 49 96 85 144 31 48 62 59 67 156 130 42 57 62 68 58 109 78 127 90 89 59 60 122 82 68 0 156 23 59 52 100 65 32 66 124 30 
69 73 125 81 106 135 100 28 94 84 116 142 97 136 61 99 43 154 113 94 101 100 39 68 135 177 109 89 99 92 89 42 116 132 97 96 110 82 117 156 0 142 101 154 58 92 133 90 83 126 
115 69 78 85 55 27 48 116 53 65 26 5 51 59 84 63 125 49 29 51 41 64 147 109 19 77 62 57 49 87 58 109 94 97 49 49 124 75 72 23 142 0 53 68 84 56 9 56 122 23 
101 42 97 32 64 64 8 80 11 17 39 56 49 38 40 67 99 52 37 12 33 12 97 95 59 78 16 16 8 86 48 80 49 58 11 13 75 23 30 59 101 53 0 56 51 11 49 14 69 30 
157 98 140 73 110 93 62 136 67 72 76 73 98 18 94 115 156 20 77 68 81 54 141 151 86 23 45 72 63 138 100 137 51 43 66 68 83 72 38 52 154 68 56 0 107 67 72 70 95 53 
54 15 80 48 53 77 47 31 41 36 58 84 41 89 20 48 48 102 55 40 43 55 72 48 77 130 64 35 45 53 32 29 86 99 43 41 97 41 76 100 58 84 51 107 0 40 75 37 76 70 
90 31 90 31 57 62 8 70 3 9 37 58 41 49 31 58 88 63 34 5 28 18 91 84 59 89 26 5 7 76 39 69 56 67 7 7 78 20 39 65 92 56 11 67 40 0 50 3 68 35 
105 60 70 81 45 20 43 107 47 59 17 8 41 61 77 53 115 55 20 45 32 60 140 99 13 84 60 50 44 77 48 99 94 98 43 43 122 70 71 32 133 9 49 72 75 50 0 50 118 21 
87 28 87 32 54 61 10 68 3 10 36 57 38 52 29 55 85 65 33 4 26 21 91 81 58 92 29 2 8 73 36 67 59 70 7 6 81 21 43 66 90 56 14 70 37 3 50 0 70 36 
127 82 153 37 121 131 75 82 71 60 106 125 105 82 56 119 110 105 103 73 96 58 53 122 127 117 61 70 74 129 100 94 44 58 75 75 27 49 59 124 83 122 69 95 76 68 118 70 0 99 
110 56 86 63 57 41 27 102 33 45 22 26 47 40 66 63 115 39 24 32 31 41 127 104 35 69 39 37 28 87 51 98 72 76 29 30 101 53 49 30 126 23 30 53 70 35 21 36 99 0 
0 15 6 23178 65 4 0 0 399 26228 0 23808 18590 12586 0 0 26358 0 149 0 4792 0 72 140 21755 0 4312 0 874 0 5 0 5 0 1 0 0 2 0 1758 2023 0 0 28 2358 93442 0 288 9 20 
15 0 9317 0 452 0 0 81 8 3508 1129 918 24114 4897 32 717 32 0 0 0 0 25 315 0 709 0 0 0 341 30 1 0 0 0 0 4 258 43 0 25185 0 0 699 62 165 1 17 102 163 176 
6 9317 0 1278 0 0 1290 0 0 0 3696 84 0 3 0 0 6416 9215 687 366 0 33451 63266 2420 7450 10 0 42 0 26 7 0 812 0 0 0 0 0 38 4603 0 5498 0 0 103 64366 125 7 0 0 
23178 0 1278 0 0 0 11591 44992 4121 14370 0 22 3 0 209 25 367 41023 166 3 0 5 299 0 17792 0 0 0 5925 0 28454 0 0 0 0 0 47582 5347 0 61 0 0 0 3 0 75051 2 6 0 0 
65 452 0 0 0 15 21 0 0 0 0 0 19870 0 3 136 0 14 924 0 0 0 1547 4346 0 0 0 0 101 124 1 2470 42340 7 5 0 10 0 19596 0 1 454 0 0 746 778 208 0 10473 0 
4 0 0 0 15 0 44 5485 0 0 0 0 146 0 173 0 0 0 0 0 0 932 0 0 3 38274 0 0 25 121 403 76 0 7969 8122 101 23648 185 0 0 0 0 0 47 0 3 0 485 22284 0 
0 0 1290 11591 21 44 0 66 0 0 0 0 1032 0 0 9 0 0 0 21 0 981 0 0 0 0 0 0 0 0 7277 0 0 824 3 0 53447 9559 60073 24197 2884 0 0 29 0 40 0 275 4 0 
0 81 0 44992 0 5485 66 0 0 0 7468 54 5 532 95 0 0 0 169 128 0 96 0 102 0 0 0 0 0 0 834 0 18918 38 20924 0 8 0 94 66415 73 42811 0 0 928 0 0 24498 0 0 
399 8 0 4121 0 0 0 0 0 3226 0 2 5673 62 15384 167 0 0 0 55 747 0 14720 0 103 432 5991 0 16 0 2870 0 0 19408 2 0 0 0 67845 28829 0 0 9747 0 0 0 2 0 4463 12 
26228 3508 0 14370 0 0 0 0 3226 0 9366 50 0 0 0 0 0 86 44 2689 0 0 31 102 1 0 10 0 3463 0 0 0 1391 2 0 1 11504 0 75886 1 0 0 0 37 0 0 25442 1 0 0 
0 1129 3696 0 0 0 0 7468 0 9366 0 0 2277 0 92082 399 61 98 0 0 27 947 85177 134 154 1 35012 0 40038 4356 0 0 0 0 22735 0 24736 7028 5 4 11 0 19683 11 7085 23359 0 19 552 0 
23808 918 84 22 0 0 0 54 2 50 0 0 6862 0 21842 1361 8505 11408 96 34 0 0 233 0 641 0 8 148 0 5645 3420 85129 0 48780 52 0 31 0 0 48 21 8 52331 9527 415 17156 0 371 0 0 
18590 24114 0 3 19870 146 1032 5 5673 0 2277 6862 0 0 0 13362 151 0 0 715 20120 9 0 2252 141 0 0 0 0 9026 0 29 0 0 941 407 50 0 40 75614 0 0 0 20 16319 0 0 0 1 0 
12586 4897 3 0 0 0 0 532 62 0 0 0 0 0 20 101 132 0 0 0 0 949 0 0 0 4 15290 0 8 61240 84447 0 6199 23650 0 0 81 0 482 0 75 48 0 0 109 0 0 0 0 5064 
0 32 0 209 3 173 0 95 15384 0 92082 21842 0 20 0 6286 4123 0 15770 134 0 0 0 0 9822 0 1039 0 0 0 0 33655 0 0 2427 0 0 0 11986 0 2 0 7510 395 14 0 76 1 0 0 
0 717 0 25 136 0 9 0 167 0 399 1361 13362 101 6286 0 0 13153 0 0 0 0 0 12458 13 47086 1897 1 10 47250 143 4143 12 521 73 0 0 3 0 1911 0 0 0 0 0 0 0 0 0 848 
26358 32 6416 367 0 0 0 0 0 0 61 8505 151 132 4123 0 0 0 0 22 0 273 0 914 187 1184 0 1 2 0 0 0 0 3 24 0 0 0 0 47 0 0 162 72610 761 10 2 1337 0 271 
0 0 9215 41023 14 0 0 0 0 86 98 11408 0 0 0 13153 0 0 12 43347 0 51 337 0 1225 0 3656 0 98380 0 0 575 218 0 4867 41060 6678 1890 0 0 1088 35966 199 119 0 0 8 0 0 0 
149 0 687 166 924 0 0 169 0 44 0 96 0 0 15770 0 0 12 0 0 0 0 39996 130 0 208 0 0 4586 0 0 461 0 0 3 0 87098 0 47 0 0 0 303 0 0 0 58909 0 3 0 
0 0 366 3 0 0 21 128 55 2689 0 34 715 0 134 0 22 43347 0 0 0 2001 47970 0 0 21 34049 0 0 0 568 41521 40612 720 1050 70074 33400 0 0 1 0 0 0 0 768 0 6115 7386 13576 16 
4792 0 0 0 0 0 0 0 747 0 27 0 20120 0 0 0 0 0 0 0 0 0 0 0 0 0 0 33 0 0 0 8838 0 79708 9379 0 10467 0 0 0 0 4 111 31 396 432 108 2817 0 0 
0 25 33451 5 0 932 981 96 0 0 947 0 9 949 0 0 273 51 0 2001 0 0 12 0 75762 2 30087 0 5 3 0 0 0 0 15 3411 45 0 80 14880 43 0 0 0 9 0 329 15 7522 410 
72 315 63266 299 1547 0 0 0 14720 31 85177 233 0 0 0 0 0 337 39996 47970 0 12 0 0 0 0 0 20719 0 0 3 0 0 12831 0 0 0 1201 105 1 1658 10 0 30507 0 204 77 41 0 8860 
140 0 2420 0 4346 0 0 102 0 102 134 0 2252 0 0 12458 914 0 130 0 0 0 0 0 7580 0 0 0 0 1 0 0 61 7 315 0 0 659 0 0 143 0 1 396 357 1 14116 978 20 0 
21755 709 7450 17792 0 3 0 0 103 1 154 641 141 0 9822 13 187 1225 0 0 0 75762 0 7580 0 3410 0 25 70716 962 0 46 0 41474 3705 778 68415 0 39212 3 0 5 0 3561 0 0 59 11 0 0 
0 0 10 0 0 38274 0 0 432 0 1 0 0 4 0 47086 1184 0 208 21 0 2 0 0 3410 0 6941 1013 0 0 51494 0 0 0 0 0 0 0 149 70300 8481 0 0 0 0 57736 0 3376 0 21 
4312 0 0 0 0 0 0 0 5991 10 35012 8 0 15290 1039 1897 0 3656 0 34049 0 30087 0 0 0 6941 0 1 256 12618 0 0 0 31 0 1 8 0 0 546 0 0 0 0 0 483 0 0 0 0 
0 0 42 0 0 0 0 0 0 0 0 148 0 0 0 1 1 0 0 0 33 0 20719 0 25 1013 1 0 18515 0 11 12879 0 34844 0 0 45249 1 0 4 10 89 0 0 0 0 90 8 0 0 
874 341 0 5925 101 25 0 0 16 3463 40038 0 0 8 0 10 2 98380 4586 0 0 5 0 0 70716 0 256 18515 0 0 0 15210 0 454 0 0 3581 0 1 8 258 1550 78173 2890 2644 0 0 50525 20248 0 
0 30 26 0 124 121 0 0 0 0 4356 5645 9026 61240 0 47250 0 0 0 0 0 3 0 1 962 0 12618 0 0 0 0 0 0 5248 1 1 0 33 0 8 0 0 557 1140 0 13 944 18 0 7291 
5 1 7 28454 1 403 7277 834 2870 0 0 3420 0 84447 0 143 0 0 0 568 0 0 3 0 0 51494 0 11 0 0 0 0 0 493 48107 6 797 0 0 0 0 0 0 18158 0 4164 1887 6 28752 0 
0 0 0 0 2470 76 0 0 0 0 0 85129 29 0 33655 4143 0 575 461 41521 8838 0 0 0 46 0 0 12879 15210 0 0 0 34829 2362 0 0 0 0 2408 8299 916 515 0 1041 0 6525 0 0 0 0 
5 0 812 0 42340 0 0 18918 0 1391 0 0 0 6199 0 12 0 218 0 40612 0 0 0 61 0 0 0 0 0 0 0 34829 0 0 21485 0 1 0 1 54 10 4 9 0 3204 0 10412 0 0 10 
0 0 0 0 7 7969 824 38 19408 2 0 48780 0 23650 0 521 3 0 0 720 79708 0 12831 7 41474 0 31 34844 454 5248 493 2362 0 0 62642 8716 0 4749 17761 0 375 2 5428 7 151 1 0 8207 2124 0 
1 0 0 0 5 8122 3 20924 2 0 22735 52 941 0 2427 73 24 4867 3 1050 9379 15 0 315 3705 0 0 0 0 1 48107 0 21485 62642 0 0 0 0 0 2246 1 1157 0 5148 292 11 93 73884 0 0 
0 4 0 0 0 101 0 0 0 1 0 0 407 0 0 0 0 41060 0 70074 0 3411 0 0 778 0 1 0 0 1 6 0 0 8716 0 0 0 0 0 2 0 0 0 15 160 119 2905 1 0 22 
0 258 0 47582 10 23648 53447 8 0 11504 24736 31 50 81 0 0 0 6678 87098 33400 10467 45 0 0 68415 0 8 45249 3581 0 797 0 1 0 0 0 0 145 0 1 0 0 0 0 0 0 0 0 1 0 
2 43 0 5347 0 185 9559 0 0 0 7028 0 0 0 0 3 0 1890 0 0 0 0 1201 659 0 0 0 1 0 33 0 0 0 4749 0 0 145 0 0 1114 0 0 0 1 0 0 1781 0 58221 6926 
0 0 38 0 19596 0 60073 94 67845 75886 5 0 40 482 11986 0 0 0 47 0 0 80 105 0 39212 149 0 0 1 0 0 2408 1 17761 0 0 0 0 0 0 14 0 19217 19663 0 0 0 0 0 0 
1758 25185 4603 61 0 0 24197 66415 28829 1 4 48 75614 0 0 1911 47 0 0 1 0 14880 1 0 3 70300 546 4 8 8 0 8299 54 0 2246 2 1 1114 0 0 38326 0 0 28 2870 641 0 0 4712 8 
2023 0 0 0 1 0 2884 73 0 0 11 21 0 75 2 0 0 1088 0 0 0 43 1658 143 0 8481 0 10 258 0 0 916 10 375 1 0 0 0 14 38326 0 0 0 32630 0 0 17917 11 0 38920 
0 0 5498 0 454 0 0 42811 0 0 0 8 0 48 0 0 0 35966 0 0 4 0 10 0 5 0 0 89 1550 0 0 515 4 2 1157 0 0 0 0 0 0 0 12536 57956 3170 44700 5 1 0 0 
0 699 0 0 0 0 0 0 9747 0 19683 52331 0 0 7510 0 162 199 303 0 111 0 0 1 0 0 0 0 78173 557 0 0 9 5428 0 0 0 0 19217 0 0 12536 0 380 2 0 1 0 2964 0 
28 62 0 3 0 47 29 0 0 37 11 9527 20 0 395 0 72610 119 0 0 31 0 30507 396 3561 0 0 0 2890 1140 18158 1041 0 7 5148 15 0 1 19663 28 32630 57956 380 0 51799 0 0 0 0 171 
2358 165 103 0 746 0 0 928 0 0 7085 415 16319 109 14 0 761 0 0 768 396 9 0 357 0 0 0 0 2644 0 0 0 3204 151 292 160 0 0 0 2870 0 3170 2 51799 0 8 7080 0 584 0 
93442 1 64366 75051 778 3 40 0 0 0 23359 17156 0 0 0 0 10 0 0 0 432 0 204 1 0 57736 483 0 0 13 4164 6525 0 1 11 119 0 0 0 641 0 44700 0 0 8 0 4 3593 4 0 
0 17 125 2 208 0 0 0 2 25442 0 0 0 0 76 0 2 8 58909 6115 108 329 77 14116 59 0 0 90 0 944 1887 0 10412 0 93 2905 0 1781 0 0 17917 5 1 0 7080 4 0 0 0 0 
288 102 7 6 0 485 275 24498 0 1 19 371 0 0 1 0 1337 0 0 7386 2817 15 41 978 11 3376 0 8 50525 18 6 0 0 8207 73884 1 0 0 0 0 11 1 0 0 0 3593 0 0 2 0 
9 163 0 0 10473 22284 4 0 4463 0 552 0 1 0 0 0 0 0 3 13576 0 7522 0 20 0 0 0 0 20248 0 28752 0 0 2124 0 0 1 58221 0 4712 0 0 2964 0 584 4 0 2 0 0 
20 176 0 0 0 0 0 0 12 0 0 0 0 5064 0 848 271 0 0 16 0 410 8860 0 0 21 0 0 0 7291 0 0 10 0 0 22 0 6926 0 8 38920 0 0 171 0 0 0 0 0 0 
0 1230 0 51293 2407 6 1 91972 68851 0 0 63650 9882 18036 91 0 3 0 0 0 3 10 11 0 2 0 0 10 0 12 34560 7528 0 79318 0 0 0 0 0 0 0 0 4339 0 0 0 0 248 1846 0 
1230 0 61474 0 0 9109 0 478 3 18737 422 0 4734 523 0 0 3271 6098 0 162 12520 2008 28643 0 0 41 2 0 42277 1 1 0 0 28127 0 0 2166 1034 3 1556 0 0 5 0 0 0 285 0 0 0 
0 61474 0 2 0 14 0 3 10153 6 0 70 4 13 108 0 0 1 293 0 0 4315 0 14767 398 0 0 1 0 367 1 0 6 0 0 21598 37 0 126 1 0 1610 1 0 0 0 14 4 3168 2 
51293 0 2 0 0 0 0 26286 0 6071 0 3 39176 41922 14312 95 0 5 4 0 1820 0 51 25118 0 0 0 0 0 5724 0 0 8677 0 99 10171 0 0 53613 63 649 1809 24 0 9 0 0 0 12 228 
2407 0 0 0 0 0 0 45 0 1 17609 0 0 0 1 0 1345 19280 584 0 0 1158 0 3512 1119 2 3 392 0 0 0 2077 1 0 122 0 14818 0 0 0 0 7737 0 4 0 0 0 0 16 1235 
6 9109 14 0 0 0 1529 0 0 0 2371 0 0 161 310 5958 72 4719 917 0 2900 9482 837 934 0 43228 188 0 3 133 0 771 1146 48169 0 2 120 65 0 0 4294 1 366 0 0 188 0 27 0 1 
1 0 0 0 0 1529 0 0 4 0 0 0 0 0 0 0 3147 1437 12262 0 244 5390 0 64783 0 0 0 20954 2665 158 0 0 4381 0 0 6031 0 0 0 0 0 17 710 0 45 0 0 0 12035 3 
91972 478 3 26286 45 0 0 0 0 30870 15 0 0 0 2220 0 2300 0 0 0 18628 0 6113 0 0 5173 0 0 8277 0 21780 0 17505 0 0 5750 1 44653 0 0 154 0 32689 38660 1 0 0 0 0 62 
68851 3 10153 0 0 0 4 0 0 237 1 32877 0 3503 0 0 2109 0 1197 56359 44 1 3242 276 0 489 29 35420 0 0 0 156 0 6653 0 83 52276 2658 0 0 15 3 4 56224 422 0 32765 4373 0 0 
0 18737 6 6071 1 0 0 30870 237 0 30027 4346 0 0 2 7459 0 0 0 74 0 34 134 0 25 0 0 74 196 71832 0 0 5095 0 104 0 365 78946 0 0 0 24 0 0 0 7783 0 40 11 0 
0 422 0 0 17609 2371 0 15 1 30027 0 0 507 0 4 0 0 49 0 8643 15 22824 0 0 0 0 100 110 13523 0 0 901 0 0 0 47 0 73 618 0 17 0 73517 0 0 0 623 665 3 4 
63650 0 70 3 0 0 0 0 32877 4346 0 0 15 3 31 20 14962 18103 0 0 0 0 10 0 30 9 1 4720 5 0 0 43 139 0 610 50 1 0 19 0 0 0 0 7 1217 0 0 6 0 4285 
9882 4734 4 39176 0 0 0 0 0 0 507 15 0 36373 4 0 0 0 0 8261 0 0 2946 0 0 0 0 120 0 23 0 0 0 44 5184 0 821 0 0 9 1 70 0 0 0 0 0 1741 0 0 
18036 523 13 41922 0 161 0 0 3503 0 0 3 36373 0 52 40 0 0 0 0 240 0 5 457 1 0 0 0 34751 0 36 3964 1106 3248 1 0 237 47450 0 0 9588 5686 4 2 0 11005 304 14263 27 0 
91 0 108 14312 1 310 0 2220 0 2 4 31 4 52 0 0 186 0 0 0 0 14565 0 0 0 0 27477 51151 0 52 0 0 1260 1537 11907 0 2 253 0 0 0 0 2462 11035 16556 270 0 0 0 2 
0 0 0 95 0 5958 0 0 0 7459 0 20 0 40 0 0 2 0 1083 0 0 1 0 0 670 3 41 23 0 26109 265 1 119 0 2 0 0 0 0 206 14 13220 0 0 0 79 22807 0 9332 0 
3 3271 0 0 1345 72 3147 2300 2109 0 0 14962 0 0 186 2 0 64 0 0 1 0 0 0 0 0 12 1 0 0 197 286 3 0 86 16 0 30 4037 0 0 471 0 81669 0 0 0 1711 0 94469 
0 6098 1 5 19280 4719 1437 0 0 0 49 18103 0 0 0 0 64 0 0 61102 88377 0 69167 0 14401 0 310 0 4 35 0 1807 3627 1 21588 0 2328 2 0 4 31 0 163 0 0 276 1 6580 79 0 
0 0 293 4 584 917 12262 0 1197 0 0 0 0 0 0 1083 0 0 0 438 0 0 0 0 0 17046 2 6 0 0 51224 50 0 8071 423 0 0 191 32 0 0 838 0 1 1036 138 5015 12 368 939 
0 162 0 0 0 0 0 0 56359 74 8643 0 8261 0 0 0 0 61102 438 0 949 0 1866 1811 43443 39 0 0 90160 0 0 41 1 0 115 9950 0 0 0 0 0 0 13097 47 7089 0 7 217 4 0 
3 12520 0 1820 0 2900 244 18628 44 0 15 0 0 240 0 0 1 88377 0 949 0 0 42 48 0 50 463 0 0 0 0 0 78 0 0 48369 0 89 0 0 0 41 1225 0 7529 269 146 0 1674 39391 
10 2008 4315 0 1158 9482 5390 0 1 34 22824 0 0 0 14565 1 0 0 0 0 0 0 0 225 0 0 20314 0 6422 0 82 10 7 2079 126 11 8010 0 0 15650 20961 0 2 0 2 0 1 432 0 7 
11 28643 0 51 0 837 0 6113 3242 134 0 10 2946 5 0 0 0 69167 0 1866 42 0 0 848 57 0 34 0 77 0 28 0 0 26 189 0 48 342 76 0 0 0 0 1 19065 179 52 0 4336 2 
0 0 14767 25118 3512 934 64783 0 276 0 0 0 0 457 0 0 0 0 0 1811 48 225 848 0 0 1 0 7 0 0 3 242 1628 16 0 0 0 0 71664 0 3 915 1 17229 9926 0 51 215 0 31 
2 0 398 0 1119 0 0 0 0 25 0 30 0 1 0 670 0 14401 0 43443 0 0 57 0 0 20845 7 0 0 142 1979 1 0 1590 0 214 3 0 838 0 0 49 0 0 0 0 5164 703 0 0 
0 41 0 0 2 43228 0 5173 489 0 0 9 0 0 0 3 0 0 17046 39 50 0 0 1 20845 0 17 40187 0 0 960 1 42 0 0 10 0 156 0 718 0 10748 0 176 0 754 4532 0 282 12775 
0 2 0 0 3 188 0 0 29 0 100 1 0 0 27477 41 12 310 2 0 463 20314 34 0 7 17 0 18 0 50280 0 0 72639 0 0 97 0 8 0 0 0 23 33698 689 43024 0 0 0 15198 4 
10 0 1 0 392 0 20954 0 35420 74 110 4720 120 0 51151 23 1 0 6 0 0 0 0 7 0 40187 18 0 1067 0 15134 2363 0 3 12 88348 48 0 960 718 0 2822 0 0 11 53 0 0 65 3039 
0 42277 0 0 0 3 2665 8277 0 196 13523 5 0 34751 0 0 0 4 0 90160 0 6422 77 0 0 0 0 1067 0 0 0 67080 0 6 3 3 0 75262 114 248 0 0 0 2 0 49471 2 0 0 5 
12 1 367 5724 0 133 158 0 0 71832 0 0 23 0 52 26109 0 35 0 0 0 0 0 0 142 0 50280 0 0 0 174 26 16176 46719 1259 137 0 0 0 130 0 12615 2 0 0 428 0 0 0 0 
34560 1 1 0 0 0 0 21780 0 0 0 0 0 36 0 265 197 0 51224 0 0 82 28 3 1979 960 0 15134 0 174 0 0 0 13 11362 0 43 98990 0 8312 2982 0 0 2 3305 58 154 23372 0 0 
7528 0 0 0 2077 771 0 0 156 0 901 43 0 3964 0 1 286 1807 50 41 0 10 0 242 1 1 0 2363 67080 26 0 0 205 4 1349 0 19 12 6761 7658 0 3 28 15214 0 0 497 0 0 2987 
0 0 6 8677 1 1146 4381 17505 0 5095 0 139 0 1106 1260 119 3 3627 0 1 78 7 0 1628 0 42 72639 0 0 16176 0 205 0 0 0 0 0 8060 0 124 71914 0 0 71021 102 0 0 0 0 1436 
79318 28127 0 0 0 48169 0 0 6653 0 0 0 44 3248 1537 0 0 1 8071 0 0 2079 26 16 1590 0 0 3 6 46719 13 4 0 0 3 39351 0 33 778 1076 19 0 6649 9 0 7578 0 113 32424 370 
0 0 0 99 122 0 0 0 0 104 0 610 5184 1 11907 2 86 21588 423 115 0 126 189 0 0 0 0 12 3 1259 11362 1349 0 3 0 3329 0 136 4784 28 12 0 0 0 0 268 0 0 6 4562 
0 0 21598 10171 0 2 6031 5750 83 0 47 50 0 0 0 0 16 0 0 9950 48369 11 0 0 214 10 97 88348 3 137 0 0 0 39351 3329 0 0 0 1703 0 157 1 64448 43690 0 13917 15 876 50116 0 
0 2166 37 0 14818 120 0 1 52276 365 0 1 821 237 2 0 0 2328 0 0 0 8010 48 0 3 0 0 48 0 0 43 19 0 0 0 0 0 0 3015 6833 0 161 37936 0 0 0 0 114 0 410 
0 1034 0 0 0 65 0 44653 2658 78946 73 0 0 47450 253 0 30 2 191 0 89 0 342 0 0 156 8 0 75262 0 98990 12 8060 33 136 0 0 0 49 2 3021 87 0 11556 0 0 101 0 3 50 
0 3 126 53613 0 0 0 0 0 0 618 19 0 0 0 0 4037 0 32 0 0 0 76 71664 838 0 0 960 114 0 0 6761 0 778 4784 1703 3015 49 0 91 17513 0 0 0 77154 655 79641 0 948 7 
0 1556 1 63 0 0 0 0 0 0 0 0 9 0 0 206 0 4 0 0 0 15650 0 0 0 718 0 718 248 130 8312 7658 124 1076 28 0 6833 2 91 0 0 0 0 2646 0 1 379 0 70 0 
0 0 0 649 0 4294 0 154 15 0 17 0 1 9588 0 14 0 31 0 0 0 20961 0 3 0 0 0 0 0 0 2982 0 71914 19 12 157 0 3021 17513 0 0 583 0 73806 48610 1012 0 2 0 120 
0 0 1610 1809 7737 1 17 0 3 24 0 0 70 5686 0 13220 471 0 838 0 41 0 0 915 49 10748 23 2822 0 12615 0 3 0 0 0 1 161 87 0 0 583 0 1 0 1 0 0 76 0 3657 
4339 5 1 24 0 366 710 32689 4 0 73517 0 0 4 2462 0 0 163 0 13097 1225 2 0 1 0 0 33698 0 0 2 0 28 0 6649 0 64448 37936 0 0 0 0 1 0 0 335 0 0 19206 254 44 
0 0 0 0 4 0 0 38660 56224 0 0 7 0 2 11035 0 81669 0 1 47 0 0 1 17229 0 176 689 0 2 0 2 15214 71021 9 0 43690 0 11556 0 2646 73806 0 0 0 0 1 0 8 34 3 
0 0 0 9 0 0 45 1 422 0 0 1217 0 0 16556 0 0 0 1036 7089 7529 2 19065 9926 0 0 43024 11 0 0 3305 0 102 0 0 0 0 0 77154 0 48610 1 335 0 0 1094 0 5272 0 6691 
0 0 0 0 0 188 0 0 0 7783 0 0 0 11005 270 79 0 276 138 0 269 0 179 0 0 754 0 53 49471 428 58 0 0 7578 268 13917 0 0 655 1 1012 0 0 1 1094 0 0 0 54374 37 
0 285 14 0 0 0 0 0 32765 0 623 0 0 304 0 22807 0 1 5015 7 146 1 52 51 5164 4532 0 0 2 0 154 497 0 0 0 15 0 101 79641 379 0 0 0 0 0 0 0 79770 0 0 
248 0 4 0 0 27 0 0 4373 40 665 6 1741 14263 0 0 1711 6580 12 217 0 432 0 215 703 0 0 0 0 0 23372 0 0 113 0 876 114 0 0 0 2 76 19206 8 5272 0 79770 0 73822 0 
1846 0 3168 12 16 0 12035 0 0 11 3 0 0 27 0 9332 0 79 368 4 1674 0 4336 0 0 282 15198 65 0 0 0 0 0 32424 6 50116 0 3 948 70 0 0 254 34 0 54374 0 73822 0 6 
0 0 2 228 1235 1 3 62 0 0 4 4285 0 0 2 0 94469 0 939 0 39391 7 2 31 0 12775 4 3039 5 0 0 2987 1436 370 4562 0 410 50 7 0 120 3657 44 3 6691 37 0 0 6 0 
0 0 6061 0 66005 31 200 13543 1734 1 0 24988 0 0 0 0 0 69 0 0 118 6 9 17514 16726 0 0 11328 0 0 0 3221 15190 21620 39086 5 5 8 0 5 38245 0 10642 2915 0 1560 16204 9523 0 0 
0 0 0 1 3453 0 17 2816 0 0 0 2 56 2 38 1 0 167 0 13106 596 0 0 336 0 0 0 11648 0 0 0 0 0 0 0 0 1 12 0 3 8800 0 223 70078 0 0 0 0 0 0 
6061 0 0 2 4789 0 0 0 55 9068 1149 1 0 0 0 0 0 0 0 4 0 0 0 5 0 0 0 6 89604 0 1690 0 90 20 2 1133 0 1220 0 0 0 0 0 0 0 0 0 0 0 0 
0 1 2 0 1594 61 4488 0 0 0 343 0 5738 17679 0 0 0 0 187 0 743 0 0 156 0 174 3378 11 0 0 107 1072 80 0 238 0 0 2114 122 0 39744 0 0 0 0 19 137 0 0 11 
66005 3453 4789 1594 0 0 4 53 0 2889 30622 526 0 0 0 0 0 10 0 226 0 0 1333 0 0 0 0 42837 1214 0 0 1 0 166 22 1186 0 76842 0 0 5 0 0 0 0 19 0 10983 0 0 
31 0 0 61 0 0 12740 294 0 0 0 0 0 41180 0 0 6353 57116 90 3 18 0 766 0 0 0 0 0 175 0 856 0 584 0 0 64250 269 0 1 0 38424 0 0 0 3225 361 0 0 0 372 
200 17 0 4488 4 12740 0 0 0 0 0 10 0 0 9445 0 0 0 0 40248 554 0 0 0 45141 7185 1 985 230 0 0 13095 90349 2879 0 6 0 4020 0 22 24 0 0 0 75 0 249 0 0 0 
13543 2816 0 0 53 294 0 0 0 966 0 0 3851 10453 342 47 19921 0 0 750 35779 0 0 0 0 0 223 5677 27347 8 84012 171 0 31461 0 40445 28863 28447 45 203 3111 74590 391 0 0 3744 0 0 138 0 
1734 0 55 0 0 0 0 0 0 0 0 0 6 303 21472 0 33759 0 0 0 0 406 0 35 318 1079 0 0 0 184 0 0 3179 1 56 16 0 65414 85 1222 0 157 63 0 0 0 24 44898 11 6 
1 0 9068 0 2889 0 0 966 0 0 0 7 49035 0 34726 1 0 541 0 0 28 0 0 0 94 2 3 0 0 0 3 29 0 12796 95 32 0 134 0 39314 0 0 0 5077 0 568 12567 0 0 0 
0 0 1149 343 30622 0 0 0 0 0 0 4877 61560 71499 1933 0 0 9818 219 0 0 84990 280 0 0 0 135 526 120 0 0 3 0 25029 10997 0 91060 0 0 8 0 0 0 0 39 28 249 0 20779 0 
24988 2 1 0 526 0 10 0 0 7 4877 0 5 6702 3 0 0 0 453 0 11 0 0 42523 0 1483 0 0 33105 0 0 0 4276 0 0 0 0 955 0 0 808 0 55 12 79 61 0 0 0 0 
0 56 0 5738 0 0 0 3851 6 49035 61560 5 0 0 0 1 121 0 0 2774 45 0 0 0 0 0 0 0 0 0 12513 37716 0 10955 0 279 0 0 0 0 1 2325 61 0 6143 3 7314 2 0 1087 
0 2 0 17679 0 41180 0 10453 303 0 71499 6702 0 0 82 2226 0 51255 896 0 99105 212 0 0 0 8900 0 1560 765 340 47 15816 0 3 0 0 0 18 16867 4218 0 3073 5 6 96054 0 106 0 469 0 
0 38 0 0 0 0 9445 342 21472 34726 1933 3 0 82 0 0 33 0 0 0 0 0 0 1074 1 0 0 1 381 1411 1109 0 0 75077 1873 49 54 37 30 197 136 0 7 0 0 788 0 0 0 74058 
0 1 0 0 0 0 0 47 0 1 0 0 1 2226 0 0 11 9020 0 0 932 8 62 35244 0 0 0 2879 0 4075 95731 72 0 0 26535 200 1994 0 4586 1 0 297 0 110 61721 0 68470 0 590 0 
0 0 0 0 0 6353 0 19921 33759 0 0 0 121 0 33 11 0 0 0 0 0 0 3183 0 0 0 0 0 0 0 59 0 0 0 0 0 0 36 0 1745 378 0 0 0 9 575 0 0 17831 0 
69 167 0 0 10 57116 0 0 0 541 9818 0 0 51255 0 9020 0 0 19 9986 6 0 0 34429 27 0 0 2 0 24793 1 0 1 10720 3041 0 1 1079 0 2389 0 28550 0 11376 4 6 0 934 0 0 
0 0 0 187 0 90 0 0 0 0 219 453 0 896 0 0 0 19 0 250 0 0 117 0 1 0 0 331 913 0 0 46048 0 0 1030 0 64 8 0 6158 149 2 1124 0 0 0 0 0 0 0 
0 13106 4 0 226 3 40248 750 0 0 0 0 2774 0 0 0 0 9986 250 0 0 2196 3869 0 0 0 0 4626 80 4 0 0 1000 0 0 26661 18898 1 10 13 4 0 5043 0 0 1 0 0 8 0 
118 596 0 743 0 18 554 35779 0 28 0 11 45 99105 0 932 0 6 0 0 0 20255 0 0 0 3 0 0 0 2591 0 107 0 1 0 0 4 2 0 25268 31536 0 4060 7610 0 0 0 1 0 0 
6 0 0 0 0 0 0 0 406 0 84990 0 0 212 0 8 0 0 0 2196 20255 0 3254 0 19196 0 0 0 4 2486 98714 0 0 0 27 8 0 0 42 1556 49 0 650 0 0 0 0 0 0 19 
9 0 0 0 1333 766 0 0 0 0 280 0 0 0 0 62 3183 0 117 3869 0 3254 0 4 0 2052 0 0 8 40 53 9222 18 46024 1688 0 0 17 0 3421 13 75724 361 0 0 0 106 0 88354 0 
17514 336 5 156 0 0 0 0 35 0 0 42523 0 0 1074 35244 0 34429 0 0 0 0 4 0 0 0 0 8 0 16934 5174 0 0 0 0 160 0 55261 0 18 0 0 0 0 0 0 103 0 0 0 
16726 0 0 0 0 0 45141 0 318 94 0 0 0 0 1 0 0 27 1 0 0 19196 0 0 0 0 14 58 63 0 0 47 0 104 65861 38091 0 1677 0 23086 87 0 0 0 0 1113 0 0 0 4067 
0 0 0 174 0 0 7185 0 1079 2 0 1483 0 8900 0 0 0 0 0 0 3 0 2052 0 0 0 0 0 0 0 11 0 276 18457 0 0 0 0 533 2 0 0 19 0 3049 0 0 110 149 10463 
0 0 0 3378 0 0 1 223 0 3 135 0 0 0 0 0 0 0 0 0 0 0 0 0 14 0 0 3053 134 0 0 0 0 0 0 21 0 48148 1167 0 22358 9368 11 0 0 0 2955 125 0 0 
11328 11648 6 11 42837 0 985 5677 0 0 526 0 0 1560 1 2879 0 2 331 4626 0 0 0 8 58 0 3053 0 0 4318 0 1 0 0 0 6 0 618 0 0 1 632 0 51 4621 316 2376 2981 0 0 
0 0 89604 0 1214 175 230 27347 0 0 120 33105 0 765 381 0 0 0 913 80 0 4 8 0 63 0 134 0 0 0 0 54 0 0 12 193 45 9 7 1 103 5 0 0 31 835 0 0 77088 259 
0 0 0 0 0 0 0 8 184 0 0 0 0 340 1411 4075 0 24793 0 4 2591 2486 40 16934 0 0 0 4318 0 0 367 959 0 4 0 18735 0 1 4957 283 0 2 0 0 0 0 0 12370 0 11034 
0 0 1690 107 0 856 0 84012 0 3 0 0 12513 47 1109 95731 59 1 0 0 0 98714 53 5174 0 11 0 0 0 367 0 447 0 14 0 256 82024 0 2208 130 26944 1 0 0 0 0 3457 0 0 1 
3221 0 0 1072 1 0 13095 171 0 29 3 0 37716 15816 0 72 0 0 46048 0 107 0 9222 0 47 0 0 1 54 959 447 0 0 0 7 3 18 72583 2573 47114 0 49966 0 1 0 0 0 6174 919 299 
15190 0 90 80 0 584 90349 0 3179 0 0 4276 0 0 0 0 0 1 0 1000 0 0 18 0 0 276 0 0 0 0 0 0 0 0 0 0 0 1182 0 0 0 7 2 0 0 0 1 0 186 0 
21620 0 20 0 166 0 2879 31461 1 12796 25029 0 10955 3 75077 0 0 10720 0 0 1 0 46024 0 104 18457 0 0 0 4 14 0 0 0 0 0 0 0 0 0 383 690 66153 0 4232 0 225 10009 0 0 
39086 0 2 238 22 0 0 0 56 95 10997 0 0 0 1873 26535 0 3041 1030 0 0 27 1688 0 65861 0 0 0 12 0 0 7 0 0 0 6745 24168 0 0 0 0 17224 0 0 24 1211 0 0 720 0 
5 0 1133 0 1186 64250 6 40445 16 32 0 0 279 0 49 200 0 0 0 26661 0 8 0 160 38091 0 21 6 193 18735 256 3 0 0 6745 0 0 0 43 0 0 0 0 1616 0 0 0 11801 0 0 
5 1 0 0 0 269 0 28863 0 0 91060 0 0 0 54 1994 0 1 64 18898 4 0 0 0 0 0 0 0 45 0 82024 18 0 0 24168 0 0 0 0 0 6 22 67 1 0 1351 890 61439 15 0 
8 12 1220 2114 76842 0 4020 28447 65414 134 0 955 0 18 37 0 36 1079 8 1 2 0 17 55261 1677 0 48148 618 9 1 0 72583 1182 0 0 0 0 0 0 0 6009 0 0 12 0 1645 1505 0 0 66036 
0 0 0 122 0 1 0 45 85 0 0 0 0 16867 30 4586 0 0 0 10 0 42 0 0 0 533 1167 0 7 4957 2208 2573 0 0 0 43 0 0 0 5385 0 6 1 3 2214 0 9011 944 0 0 
5 3 0 0 0 0 22 203 1222 39314 8 0 0 4218 197 1 1745 2389 6158 13 25268 1556 3421 18 23086 2 0 0 1 283 130 47114 0 0 0 0 0 0 5385 0 0 9866 5 17 61 0 0 0 34500 257 
38245 8800 0 39744 5 38424 24 3111 0 0 0 808 1 0 136 0 378 0 149 4 31536 49 13 0 87 0 22358 1 103 0 26944 0 0 383 0 0 6 6009 0 0 0 3 84945 544 0 0 15 0 0 9864 
0 0 0 0 0 0 0 74590 157 0 0 0 2325 3073 0 297 0 28550 2 0 0 0 75724 0 0 0 9368 632 5 2 1 49966 7 690 17224 0 22 0 6 9866 3 0 0 8 0 0 435 35457 0 1 
10642 223 0 0 0 0 0 391 63 0 0 55 61 5 7 0 0 0 1124 5043 4060 650 361 0 0 19 11 0 0 0 0 0 2 66153 0 0 67 0 1 5 84945 0 0 7 4085 0 8 402 210 2107 
2915 70078 0 0 0 0 0 0 0 5077 0 12 0 6 0 110 0 11376 0 0 7610 0 0 0 0 0 0 51 0 0 0 1 0 0 0 1616 1 12 3 17 544 8 7 0 33 0 3757 0 0 38447 
0 0 0 0 0 3225 75 0 0 0 39 79 6143 96054 0 61721 9 4 0 0 0 0 0 0 0 3049 0 4621 31 0 0 0 0 4232 24 0 0 0 2214 61 0 0 4085 33 0 43595 208 100 449 0 
1560 0 0 19 19 361 0 3744 0 568 28 61 3 0 788 0 575 6 0 1 0 0 0 0 1113 0 0 316 835 0 0 0 0 0 1211 0 1351 1645 0 0 0 0 0 0 43595 0 1 11914 79251 14183 
16204 0 0 137 0 0 249 0 24 12567 249 0 7314 106 0 68470 0 0 0 0 0 0 106 103 0 0 2955 2376 0 0 3457 0 1 225 0 0 890 1505 9011 0 15 435 8 3757 208 1 0 616 1 98 
9523 0 0 0 10983 0 0 0 44898 0 0 0 2 0 0 0 0 934 0 0 1 0 0 0 0 110 125 2981 0 12370 0 6174 0 10009 0 11801 61439 0 944 0 0 35457 402 0 100 11914 616 0 153 360 
0 0 0 0 0 0 0 138 11 0 20779 0 0 469 0 590 17831 0 0 8 0 0 88354 0 0 149 0 0 77088 0 0 919 186 0 720 0 15 0 0 34500 0 0 210 0 449 79251 1 153 0 2803 
0 0 0 11 0 372 0 0 6 0 0 0 1087 0 74058 0 0 0 0 0 0 19 0 0 4067 10463 0 0 259 11034 1 299 0 0 0 0 0 66036 0 257 9864 1 2107 38447 0 14183 98 360 2803 0 
