20 3
0 123 17 72 89 90 77 84 122 70 141 118 117 117 58 85 94 145 69 99 
123 0 116 51 121 48 96 115 59 63 25 47 40 16 64 39 31 87 58 23 
17 116 0 64 101 90 86 66 108 71 133 119 117 113 52 81 90 150 68 93 
72 51 64 0 97 39 71 77 62 33 69 64 60 49 13 21 29 104 24 28 
89 121 101 97 0 73 26 158 158 64 146 84 88 106 88 88 93 82 73 107 
90 48 90 39 73 0 47 116 91 20 73 28 27 34 42 20 20 64 22 35 
77 96 86 71 26 47 0 136 132 38 121 63 66 81 63 62 67 73 47 81 
84 115 66 77 158 116 136 0 73 105 118 141 136 120 76 98 104 181 98 96 
122 59 108 62 158 91 132 73 0 94 51 103 96 73 74 71 70 145 85 56 
70 63 71 33 64 20 38 105 94 0 87 48 47 52 29 25 32 79 8 44 
141 25 133 69 146 73 121 118 51 87 0 70 64 41 83 62 55 108 81 43 
118 47 119 64 84 28 63 141 103 48 70 0 6 30 70 43 37 42 50 48 
117 40 117 60 88 27 66 136 96 47 64 6 0 24 67 39 32 48 48 42 
117 16 113 49 106 34 81 120 73 52 41 30 24 0 60 31 22 72 48 24 
58 64 52 13 88 42 63 76 74 29 83 70 67 60 0 29 38 107 21 41 
85 39 81 21 88 20 62 98 71 25 62 43 39 31 29 0 9 83 18 19 
94 31 90 29 93 20 67 104 70 32 55 37 32 22 38 9 0 79 27 14 
145 87 150 104 82 64 73 181 145 79 108 42 48 72 107 83 79 0 85 91 
69 58 68 24 73 22 47 98 85 8 81 50 48 48 21 18 27 85 0 37 
99 23 93 28 107 35 81 96 56 44 43 48 42 24 41 19 14 91 37 0 
0 1346 13 0 2308 0 0 275 0 0 3344 0 0 0 0 0 0 0 0 422 
1346 0 2 793 0 127 0 0 446 0 1 5711 0 0 0 265 14123 0 66353 0 
13 2 0 0 0 1 0 0 9 39258 6 0 0 0 0 32 0 0 99 25 
0 793 0 0 0 88173 183 0 0 17 9 0 0 0 0 0 0 0 0 0 
2308 0 0 0 0 0 0 0 0 3 9 0 1264 0 0 0 1329 0 95735 0 
0 127 1 88173 0 0 86582 0 0 0 6 6 26 0 0 1034 0 0 21135 0 
0 0 0 183 0 86582 0 0 4007 2963 24206 0 31205 0 24065 93 154 0 0 0 
275 0 0 0 0 0 0 0 0 0 0 0 1664 1 0 0 0 1149 0 24990 
0 446 9 0 0 0 4007 0 0 807 67 0 39732 0 6241 15006 6 0 0 0 
0 0 39258 17 3 0 2963 0 807 0 0 12 0 63 0 12323 5995 37 1651 3 
3344 1 6 9 9 6 24206 0 67 0 0 2426 0 253 9941 113 31909 7549 0 58166 
0 5711 0 0 0 6 0 0 0 12 2426 0 22768 0 66 127 23 119 12578 95626 
0 0 0 0 1264 26 31205 1664 39732 0 0 22768 0 0 1 476 12 0 0 0 
0 0 0 0 0 0 0 1 0 63 253 0 0 0 53235 0 1 1094 0 0 
0 0 0 0 0 0 24065 0 6241 0 9941 66 1 53235 0 1031 0 14718 0 0 
0 265 32 0 0 1034 93 0 15006 12323 113 127 476 0 1031 0 51 55 0 263 
0 14123 0 0 1329 0 154 0 6 5995 31909 23 12 1 0 51 0 3205 127 0 
0 0 0 0 0 0 0 1149 0 37 7549 119 0 1094 14718 55 3205 0 1 23 
0 66353 99 0 95735 21135 0 0 0 1651 0 12578 0 0 0 0 127 1 0 0 
422 0 25 0 0 0 0 24990 0 3 58166 95626 0 0 0 263 0 23 0 0 
0 0 0 1 0 18951 434 0 1865 1083 0 1 1 772 26 24 21190 111 3 0 
0 0 0 0 56 0 9 13 0 12730 0 0 7 1359 1300 0 0 79861 0 719 
0 0 0 2874 5168 0 5 1767 0 0 0 132 724 7551 33 0 1 41230 0 0 
1 0 2874 0 2059 0 0 7 38 0 0 4998 6840 159 3291 112 8 10901 5808 1 
0 56 5168 2059 0 7307 3697 59489 211 0 0 15505 0 15 11 6962 0 63274 0 123 
18951 0 0 0 7307 0 0 719 4 78623 0 0 0 57784 17 0 51899 4 0 4233 
434 9 5 0 3697 0 0 230 0 0 0 20461 0 11739 0 0 0 91561 14 1331 
0 13 1767 7 59489 719 230 0 34 693 13 21700 0 0 37 1111 423 0 5987 0 
1865 0 0 38 211 4 0 34 0 0 0 6 0 1090 0 0 0 65 3 2930 
1083 12730 0 0 0 78623 0 693 0 0 1 0 5041 0 5289 0 0 0 0 0 
0 0 0 0 0 0 0 13 0 1 0 0 13520 0 0 0 0 0 61 0 
1 0 132 4998 15505 0 20461 21700 6 0 0 0 0 213 0 0 0 0 0 0 
1 7 724 6840 0 0 0 0 0 5041 13520 0 0 1 0 0 0 15584 2 43 
772 1359 7551 159 15 57784 11739 0 1090 0 0 213 1 0 0 4 0 0 41813 75809 
26 1300 33 3291 11 17 0 37 0 5289 0 0 0 0 0 0 14 0 676 2109 
24 0 0 112 6962 0 0 1111 0 0 0 0 0 4 0 0 0 0 3183 0 
21190 0 1 8 0 51899 0 423 0 0 0 0 0 0 14 0 0 0 0 98875 
111 79861 41230 10901 63274 4 91561 0 65 0 0 0 15584 0 0 0 0 0 0 0 
3 0 0 5808 0 0 14 5987 3 0 61 0 2 41813 676 3183 0 0 0 17 
0 719 0 1 123 4233 1331 0 2930 0 0 0 43 75809 2109 0 98875 0 17 0 
0 0 0 2 0 1 61 0 3518 4 0 1 1 1848 682 5625 6 97916 100 0 
0 0 0 0 81772 0 66 27933 0 70367 0 0 5576 11831 36484 0 0 2656 0 14 
0 0 0 27 802 0 36 158 0 0 0 5804 4 3 412 0 34 3467 0 0 
2 0 27 0 23 0 0 1969 60 0 0 3 35467 17 181 18801 66426 90 3 3689 
0 81772 802 23 0 12 6709 12696 4217 0 0 5769 0 8 21387 18565 0 717 0 1002 
1 0 0 0 12 0 0 1679 1 413 0 0 0 792 1 0 582 17701 0 14 
61 66 36 0 6709 0 0 2 0 0 0 26 0 9985 0 0 0 503 33060 1 
0 27933 158 1969 12696 1679 2 0 1109 19 63 52171 0 0 594 1948 93160 0 20164 0 
3518 0 0 60 4217 1 0 1109 0 0 0 19 0 62150 0 0 0 71079 13190 16 
4 70367 0 0 0 413 0 19 0 0 63690 0 3553 0 518 0 0 0 0 0 
0 0 0 0 0 0 0 63 0 63690 0 0 242 0 0 0 0 0 4845 0 
1 0 5804 3 5769 0 26 52171 19 0 0 0 0 187 0 0 0 0 0 0 
1 5576 4 35467 0 0 0 0 0 3553 242 0 0 25 0 0 0 1 98 5 
1848 11831 3 17 8 792 9985 0 62150 0 0 187 25 0 0 31 0 0 6 1 
682 36484 412 181 21387 1 0 594 0 518 0 0 0 0 0 0 31 0 84 8 
5625 0 0 18801 18565 0 0 1948 0 0 0 0 0 31 0 0 0 0 3584 0 
6 0 34 66426 0 582 0 93160 0 0 0 0 0 0 31 0 0 0 0 63 
97916 2656 3467 90 717 17701 503 0 71079 0 0 0 1 0 0 0 0 0 0 0 
100 0 0 3 0 0 33060 20164 13190 0 4845 0 98 6 84 3584 0 0 0 66 
0 14 0 3689 1002 14 1 0 16 0 0 0 5 1 8 0 63 0 66 0 
