9 3
0 59 64 103 62 95 95 48 90 
59 0 70 49 40 62 36 46 31 
64 70 0 118 33 51 89 98 88 
103 49 118 0 85 94 38 68 34 
62 40 33 85 0 33 56 78 55 
95 62 51 94 33 0 57 107 59 
95 36 89 38 56 57 0 77 6 
48 46 98 68 78 107 77 0 71 
90 31 88 34 55 59 6 71 0 
0 7 598 0 0 0 1 405 0 
7 0 24943 0 123 0 0 0 21 
598 24943 0 428 0 24948 51364 4 116 
0 0 428 0 1568 0 2103 492 1 
0 123 0 1568 0 84 0 0 0 
0 0 24948 0 84 0 71328 0 0 
1 0 51364 2103 0 71328 0 0 9117 
405 0 4 492 0 0 0 0 155 
0 21 116 1 0 0 9117 155 0 
0 0 0 36870 586 5 0 0 1306 
0 0 0 1 0 571 35 292 0 
0 0 0 0 686 0 0 0 0 
36870 1 0 0 0 2 0 0 0 
586 0 686 0 0 0 1 111 49 
5 571 0 2 0 0 0 5 7 
0 35 0 0 1 0 0 3326 0 
0 292 0 0 111 5 3326 0 0 
1306 0 0 0 49 7 0 0 0 
0 0 0 1207 10 2 0 0 26597 
0 0 0 41 0 315 7811 2129 0 
0 0 0 0 39171 0 0 0 0 
1207 41 0 0 0 4505 0 0 0 
10 0 39171 0 0 0 11 15 892 
2 315 0 4505 0 0 0 2 1298 
0 7811 0 0 11 0 0 1 0 
0 2129 0 0 15 2 1 0 0 
26597 0 0 0 892 1298 0 0 0 
