20 2
0 46 118 40 96 98 46 64 2 33 36 47 55 9 108 78 35 54 61 95 
46 0 88 10 53 127 3 66 48 60 37 19 78 48 107 43 36 50 104 90 
118 88 0 85 53 137 85 71 120 144 83 106 102 125 70 117 84 138 148 59 
40 10 85 0 56 117 8 56 42 59 26 26 68 43 98 54 26 55 95 82 
96 53 53 56 0 154 51 82 98 112 71 66 108 100 106 67 71 96 146 90 
98 127 137 117 154 0 125 72 99 127 90 138 49 106 75 170 91 153 52 79 
46 3 85 8 51 125 0 63 48 61 34 22 76 49 104 46 34 53 103 87 
64 66 71 56 82 72 63 0 66 97 32 83 30 73 44 110 33 107 76 31 
2 48 120 42 98 99 48 66 0 32 38 48 56 7 110 78 37 54 61 97 
33 60 144 59 112 127 61 97 32 0 67 48 88 24 142 71 66 34 83 128 
36 37 83 26 71 90 34 32 38 67 0 51 41 44 77 80 1 75 74 61 
47 19 106 26 66 138 22 83 48 48 51 0 90 45 125 31 50 31 108 109 
55 78 102 68 108 49 76 30 56 88 41 90 0 63 62 121 41 107 46 54 
9 48 125 43 100 106 49 73 7 24 44 45 63 0 117 75 43 47 66 104 
108 107 70 98 106 75 104 44 110 142 77 125 62 117 0 149 78 152 105 17 
78 43 117 54 67 170 46 110 78 71 80 31 121 75 149 0 80 40 140 132 
35 36 84 26 71 91 34 33 37 66 1 50 41 43 78 80 0 74 74 62 
54 50 138 55 96 153 53 107 54 34 75 31 107 47 152 40 74 0 113 136 
61 104 148 95 146 52 103 76 61 83 74 108 46 66 105 140 74 113 0 100 
95 90 59 82 90 79 87 31 97 128 61 109 54 104 17 132 62 136 100 0 
0 0 0 0 0 0 6 5946 6360 384 0 0 0 187 177 472 0 0 0 4099 
0 0 33750 0 0 1 0 0 151 0 2 485 131 6683 0 2682 0 7 0 52324 
0 33750 0 3 325 0 21 42507 6219 51087 142 2477 0 12248 0 0 102 1292 426 13 
0 0 3 0 32 3 0 5650 0 0 0 0 587 0 0 0 10 2 211 146 
0 0 325 32 0 0 0 0 0 0 0 1 357 37 0 137 0 31 7 3887 
0 1 0 3 0 0 2 0 0 80 0 0 0 17 497 616 0 0 0 0 
6 0 21 0 0 2 0 228 0 0 0 9 11 2 22808 0 97 0 34 1733 
5946 0 42507 5650 0 0 228 0 609 279 0 67 18 0 0 45859 22 68875 0 6174 
6360 151 6219 0 0 0 0 609 0 2598 0 740 0 210 0 0 0 55823 88 92059 
384 0 51087 0 0 80 0 279 2598 0 131 0 2 0 0 1 7 0 0 22500 
0 2 142 0 0 0 0 0 0 131 0 20 5186 145 0 0 0 94140 529 0 
0 485 2477 0 1 0 9 67 740 0 20 0 0 0 9154 1832 0 42343 69108 0 
0 131 0 587 357 0 11 18 0 2 5186 0 0 0 36 0 82 0 0 388 
187 6683 12248 0 37 17 2 0 210 0 145 0 0 0 0 119 787 3 0 67 
177 0 0 0 0 497 22808 0 0 0 0 9154 36 0 0 0 0 47 0 1163 
472 2682 0 0 137 616 0 45859 0 1 0 1832 0 119 0 0 0 6378 0 0 
0 0 102 10 0 0 97 22 0 7 0 0 82 787 0 0 0 1554 0 0 
0 7 1292 2 31 0 0 68875 55823 0 94140 42343 0 3 47 6378 1554 0 0 0 
0 0 426 211 7 0 34 0 88 0 529 69108 0 0 0 0 0 0 0 12 
4099 52324 13 146 3887 0 1733 6174 92059 22500 0 0 388 67 1163 0 0 0 12 0 
0 15 38747 0 1 47 1 17364 0 1916 443 0 0 0 0 0 1 0 4 123 
15 0 4 256 0 3453 1162 0 1240 94 0 0 44 0 0 1742 4 1060 316 0 
38747 4 0 70 0 11 81 57 0 586 0 1 0 0 0 98273 727 14 5880 6194 
0 256 70 0 39602 6 0 14 0 24 1 0 0 3962 0 0 8 0 0 18 
1 0 0 39602 0 55 0 0 0 28536 6355 0 0 4 0 0 394 0 0 0 
47 3453 11 6 55 0 0 2 0 516 3018 14 0 0 0 486 0 0 6 0 
1 1162 81 0 0 0 0 0 2928 21 14 72144 24208 2 1 0 0 183 1 0 
17364 0 57 14 0 2 0 0 18573 0 37812 3716 0 0 0 12863 6 0 15112 0 
0 1240 0 0 0 0 2928 18573 0 77742 0 0 7219 0 1 11361 7 0 0 0 
1916 94 586 24 28536 516 21 0 77742 0 6 98 11060 779 0 1 58711 244 4101 0 
443 0 0 1 6355 3018 14 37812 0 6 0 10361 0 0 0 1 352 5583 24621 1 
0 0 1 0 0 14 72144 3716 0 98 10361 0 50584 8 0 0 0 0 242 0 
0 44 0 0 0 0 24208 0 7219 11060 0 50584 0 0 73776 15 0 17663 0 0 
0 0 0 3962 4 0 2 0 0 779 0 8 0 0 5370 0 0 0 0 6 
0 0 0 0 0 0 1 0 1 0 0 0 73776 5370 0 0 618 21 4896 3 
0 1742 98273 0 0 486 0 12863 11361 1 1 0 15 0 0 0 6 32154 20 39 
1 4 727 8 394 0 0 6 7 58711 352 0 0 0 618 6 0 438 0 0 
0 1060 14 0 0 0 183 0 0 244 5583 0 17663 0 21 32154 438 0 0 0 
4 316 5880 0 0 6 1 15112 0 4101 24621 242 0 0 4896 20 0 0 0 0 
123 0 6194 18 0 0 0 0 0 0 1 0 0 6 3 39 0 0 0 0 
