6 4
0 46 118 40 96 98 
46 0 88 10 53 127 
118 88 0 85 53 137 
40 10 85 0 56 117 
96 53 53 56 0 154 
98 127 137 117 154 0 
0 0 0 8552 47 0 
0 0 0 0 216 6 
0 0 0 8250 0 0 
8552 0 8250 0 2 69 
47 216 0 2 0 33750 
0 6 0 69 33750 0 
0 25 0 0 73994 0 
25 0 0 1 27 0 
0 0 0 0 25071 0 
0 1 0 0 16987 0 
73994 27 25071 16987 0 4 
0 0 0 0 4 0 
0 10 14 0 0 1919 
10 0 6233 32263 52 0 
14 6233 0 5 0 2146 
0 32263 5 0 0 0 
0 52 0 0 0 76837 
1919 0 2146 0 76837 0 
0 23893 142 0 0 1 
23893 0 90764 31527 0 0 
142 90764 0 0 350 325 
0 31527 0 0 0 0 
0 0 350 0 0 0 
1 0 325 0 0 0 
