6 2
0 59 64 103 62 95 
59 0 70 49 40 62 
64 70 0 118 33 51 
103 49 118 0 85 94 
62 40 33 85 0 33 
95 62 51 94 33 0 
0 0 99829 59142 0 81 
0 0 0 0 0 0 
99829 0 0 0 150 2879 
59142 0 0 0 6790 0 
0 0 150 6790 0 9 
81 0 2879 0 9 0 
0 37449 0 0 0 0 
37449 0 375 1 930 21 
0 375 0 2576 19 0 
0 1 2576 0 0 295 
0 930 19 0 0 0 
0 21 0 295 0 0 
