9 4
0 59 64 103 62 95 95 48 90 
59 0 70 49 40 62 36 46 31 
64 70 0 118 33 51 89 98 88 
103 49 118 0 85 94 38 68 34 
62 40 33 85 0 33 56 78 55 
95 62 51 94 33 0 57 107 59 
95 36 89 38 56 57 0 77 6 
48 46 98 68 78 107 77 0 71 
90 31 88 34 55 59 6 71 0 
0 0 0 10930 0 61474 4 146 0 
0 0 0 755 35024 1 6181 8 11 
0 0 0 4 2215 0 0 0 0 
10930 755 4 0 14752 2 0 0 30232 
0 35024 2215 14752 0 1 21 0 0 
61474 1 0 2 1 0 0 15 0 
4 6181 0 0 21 0 0 1 0 
146 8 0 0 0 15 1 0 40 
0 11 0 30232 0 0 0 40 0 
0 2494 14052 0 63 0 0 0 29185 
2494 0 9 0 0 0 0 0 1 
14052 9 0 0 0 195 1163 28 35080 
0 0 0 0 0 0 64 38 0 
63 0 0 0 0 0 0 0 51 
0 0 195 0 0 0 4546 0 264 
0 0 1163 64 0 4546 0 0 3341 
0 0 28 38 0 0 0 0 0 
29185 1 35080 0 51 264 3341 0 0 
0 76 11281 0 56 0 0 0 2 
76 0 72 0 0 0 0 0 0 
11281 72 0 0 0 211 0 1946 3 
0 0 0 0 0 0 704 21 0 
56 0 0 0 0 0 0 60 81795 
0 0 211 0 0 0 14 0 45607 
0 0 0 704 0 14 0 0 7059 
0 0 1946 21 60 0 0 0 0 
2 0 3 0 81795 45607 7059 0 0 
0 22838 774 0 122 0 21 0 443 
22838 0 16 0 0 0 0 0 0 
774 16 0 0 0 2044 71945 1 3110 
0 0 0 0 0 0 56 1 0 
122 0 0 0 0 0 0 23479 20 
0 0 2044 0 0 0 5 0 1 
21 0 71945 56 0 5 0 0 1425 
0 0 1 1 23479 0 0 0 0 
443 0 3110 0 20 1 1425 0 0 
