40 2
0 59 64 103 62 95 95 48 90 88 90 112 64 139 74 53 26 148 87 89 78 107 103 6 100 177 116 85 94 32 58 33 140 154 91 89 149 95 129 136 
59 0 70 49 40 62 36 46 31 30 43 69 27 80 26 37 59 91 39 30 28 48 85 53 62 119 57 26 35 49 19 41 84 96 32 30 99 39 70 86 
64 70 0 118 33 51 89 98 88 95 64 73 48 126 97 33 87 124 64 86 63 108 150 62 58 154 114 86 89 33 53 83 147 156 86 84 168 106 127 100 
103 49 118 0 85 94 38 68 34 23 68 88 69 56 28 85 93 77 65 36 58 23 68 97 90 97 30 33 37 98 65 74 38 53 38 38 50 11 35 90 
62 40 33 85 0 33 56 78 55 62 34 51 15 94 66 8 77 96 33 53 30 75 125 57 38 126 81 53 55 32 21 66 113 123 53 51 135 74 94 77 
95 62 51 94 33 0 57 107 59 71 25 22 37 82 84 42 110 75 28 57 37 76 147 91 7 104 78 61 57 65 46 97 112 117 56 55 139 82 90 49 
95 36 89 38 56 57 0 77 6 17 31 50 41 44 39 58 95 55 29 6 25 20 100 89 52 83 25 11 1 78 40 76 58 67 4 6 82 27 38 57 
48 46 98 68 78 107 77 0 71 63 90 115 69 117 41 71 27 133 86 71 75 81 55 45 108 159 90 66 76 65 60 15 106 121 74 72 107 64 101 132 
90 31 88 34 55 59 6 71 0 12 34 55 39 49 33 57 89 61 31 2 25 20 94 84 56 89 27 5 5 75 38 70 58 68 4 4 81 23 41 63 
88 30 95 23 62 71 17 63 12 0 46 67 46 53 23 63 84 69 43 14 35 19 82 82 68 95 28 10 16 78 43 65 53 65 16 16 72 11 40 74 
90 43 64 68 34 25 31 90 34 46 0 25 25 61 61 41 99 61 3 32 15 51 124 84 22 92 53 36 32 65 32 83 87 94 30 30 114 57 66 45 
112 69 73 88 51 22 50 115 55 67 25 0 49 63 86 60 123 54 29 53 40 67 148 107 15 82 66 58 51 84 57 108 98 101 51 51 128 77 76 27 
64 27 48 69 15 37 41 69 39 46 25 49 0 81 52 17 74 86 23 37 16 60 112 58 38 116 66 37 40 40 8 60 98 108 37 36 119 58 79 71 
139 80 126 56 94 82 44 117 49 53 61 63 81 0 75 99 137 23 62 50 65 36 125 133 74 41 27 54 45 121 83 118 42 40 48 50 74 54 23 49 
74 26 97 28 66 84 39 41 33 23 61 86 52 75 0 64 65 92 58 34 47 39 62 69 83 117 49 28 38 73 45 46 66 80 37 35 76 23 59 96 
53 37 33 85 8 42 58 71 57 63 41 60 17 99 64 0 69 102 39 55 34 77 120 48 46 132 83 54 58 24 20 58 115 125 55 53 135 74 97 85 
26 59 87 93 77 110 95 27 89 84 99 123 74 137 65 69 0 150 95 88 85 103 79 26 113 178 112 83 93 54 66 19 131 145 91 89 135 88 124 144 
148 91 124 77 96 75 55 133 61 69 61 54 86 23 92 102 150 0 63 62 70 55 146 142 68 30 47 67 57 126 90 132 65 61 59 61 97 73 46 31 
87 39 64 65 33 28 29 86 31 43 3 29 23 62 58 39 95 63 0 29 11 49 121 81 25 93 52 33 29 63 29 79 86 93 27 27 112 54 65 48 
89 30 86 36 53 57 6 71 2 14 32 53 37 50 34 55 88 62 29 0 23 22 95 83 54 89 29 5 5 73 36 70 60 70 2 2 83 25 42 62 
78 28 63 58 30 37 25 75 25 35 15 40 16 65 47 34 85 70 11 23 0 45 110 72 35 100 50 25 25 56 20 68 83 92 22 21 106 47 64 59 
107 48 108 23 75 76 20 81 20 19 51 67 60 36 39 77 103 55 49 22 45 0 91 101 71 77 9 23 20 95 58 84 38 48 22 24 62 18 21 67 
103 85 150 68 125 147 100 55 94 82 124 148 112 125 62 120 79 146 121 95 110 91 0 100 146 164 99 90 98 119 104 71 95 110 98 97 80 74 102 156 
6 53 62 97 57 91 89 45 84 82 84 107 58 133 69 48 26 142 81 83 72 101 100 0 95 171 110 79 88 29 52 29 135 148 85 83 144 89 123 130 
100 62 58 90 38 7 52 108 56 68 22 15 38 74 83 46 113 68 25 54 35 71 146 95 0 97 72 58 53 70 47 99 106 111 52 52 134 79 84 42 
177 119 154 97 126 104 83 159 89 95 92 82 116 41 117 132 178 30 93 89 100 77 164 171 97 0 68 94 84 156 120 159 73 63 87 89 103 95 62 57 
116 57 114 30 81 78 25 90 27 28 53 66 66 27 49 83 112 47 52 29 50 9 99 110 72 68 0 31 25 102 65 93 34 42 28 30 62 26 13 62 
85 26 86 33 53 61 11 66 5 10 36 58 37 54 28 54 83 67 33 5 25 23 90 79 58 94 31 0 10 72 35 65 61 72 8 7 82 21 44 68 
94 35 89 37 55 57 1 76 5 16 32 51 40 45 38 58 93 57 29 5 25 20 98 88 53 84 25 10 0 78 40 75 58 67 3 5 82 26 39 58 
32 49 33 98 32 65 78 65 75 78 65 84 40 121 73 24 54 126 63 73 56 95 119 29 70 156 102 72 78 0 37 50 132 144 75 73 148 88 116 109 
58 19 53 65 21 46 40 60 38 43 32 57 8 83 45 20 66 90 29 36 20 58 104 52 47 120 65 35 40 37 0 51 96 106 37 35 115 54 79 78 
33 41 83 74 66 97 76 15 70 65 83 108 60 118 46 58 19 132 79 70 68 84 71 29 99 159 93 65 75 50 51 0 112 127 72 70 118 69 105 127 
140 84 147 38 113 112 58 106 58 53 87 98 98 42 66 115 131 65 86 60 83 38 95 135 106 73 34 61 58 132 96 112 0 15 60 62 32 45 22 90 
154 96 156 53 123 117 67 121 68 65 94 101 108 40 80 125 145 61 93 70 92 48 110 148 111 63 42 72 67 144 106 127 15 0 70 71 40 58 28 89 
91 32 86 38 53 56 4 74 4 16 30 51 37 48 37 55 91 59 27 2 22 22 98 85 52 87 28 8 3 75 37 72 60 70 0 2 84 27 42 59 
89 30 84 38 51 55 6 72 4 16 30 51 36 50 35 53 89 61 27 2 21 24 97 83 52 89 30 7 5 73 35 70 62 71 2 0 85 27 43 60 
149 99 168 50 135 139 82 107 81 72 114 128 119 74 76 135 135 97 112 83 106 62 80 144 134 103 62 82 82 148 115 118 32 40 84 85 0 61 54 122 
95 39 106 11 74 82 27 64 23 11 57 77 58 54 23 74 88 73 54 25 47 18 74 89 79 95 26 21 26 88 54 69 45 58 27 27 61 0 36 82 
129 70 127 35 94 90 38 101 41 40 66 76 79 23 59 97 124 46 65 42 64 21 102 123 84 62 13 44 39 116 79 105 22 28 42 43 54 36 0 68 
136 86 100 90 77 49 57 132 63 74 45 27 71 49 96 85 144 31 48 62 59 67 156 130 42 57 62 68 58 109 78 127 90 89 59 60 122 82 68 0 
0 0 5365 0 498 47740 2 0 49 0 0 0 13099 0 2 0 83144 0 0 0 17657 1345 0 2593 20726 0 3 0 0 1939 0 1109 0 0 0 0 184 3376 158 0 
0 0 64894 0 801 823 0 0 0 608 0 2 0 78973 0 0 12936 0 0 7991 0 72 0 0 0 0 0 32784 2 0 336 0 0 8 0 0 1204 10 16 0 
5365 64894 0 0 0 0 681 2269 1 31 0 0 0 13 918 0 21 0 0 13 0 0 0 0 0 0 596 7 224 5943 1089 0 20303 0 2 42 0 1 0 0 
0 0 0 0 0 6 91344 42922 0 0 399 0 762 9706 6 10771 0 0 51355 0 0 0 0 29060 0 0 0 72439 0 0 5 0 0 0 30087 0 3 0 304 0 
498 801 0 0 0 22303 0 8750 0 1737 785 0 8 21 0 3225 0 1 0 0 1343 8 17 0 0 84242 1390 78696 0 0 156 0 0 20845 0 0 0 0 0 21 
47740 823 0 6 22303 0 0 12707 7 0 7 7402 0 0 0 2203 0 0 10 582 31 408 1402 0 0 0 2900 0 0 0 0 0 0 0 0 0 18562 1049 0 360 
2 0 681 91344 0 0 0 0 0 0 1734 3 0 0 0 0 0 36373 0 0 289 0 0 0 44525 0 47 0 57 0 0 21755 1 17304 497 985 1095 0 0 0 
0 0 2269 42922 8750 12707 0 0 87019 59803 56 0 30 0 0 0 2 38 0 862 0 0 0 0 0 0 0 0 2 395 0 912 223 3005 7 3987 2139 3811 1 0 
49 0 1 0 0 7 0 87019 0 24 0 273 0 0 0 1044 0 62 0 38281 15 0 367 0 376 35271 0 0 2 337 0 2 0 0 1 526 91368 10676 0 0 
0 608 31 0 1737 0 0 59803 24 0 55 11142 0 3 0 55516 0 0 108 11564 0 68395 6740 0 0 0 0 0 0 0 55 0 2 792 6941 0 0 1067 61240 676 
0 0 0 399 785 7 1734 56 0 55 0 8879 94 0 10 0 0 0 35 0 0 918 0 0 1795 22 54477 10 1188 508 11 0 2856 2615 64650 0 3 0 26109 168 
0 2 0 0 0 7402 3 0 273 11142 8879 0 0 0 0 479 69 20829 1 5759 0 33 51151 0 485 408 0 0 0 0 0 0 26072 4108 909 0 874 0 9885 0 
13099 0 0 762 8 0 0 30 0 0 94 0 0 0 0 72569 0 65842 0 11 2811 11 0 25 4 2 1532 0 3 0 0 1 0 23 0 1560 2 2 0 0 
0 78973 13 9706 21 0 0 0 0 3 0 0 0 0 2 24 19 4 0 778 15 8 6098 756 36125 25564 6 0 51087 823 0 9 0 564 11913 60 14 0 3 0 
2 0 918 6 0 0 0 0 0 0 10 0 0 2 0 0 0 0 0 0 0 0 1 0 0 65653 10 0 9872 3254 0 0 0 0 0 1 10 6 2 0 
0 0 0 10771 3225 2203 0 0 1044 55516 0 479 72569 24 0 0 0 0 2220 0 0 0 0 0 63237 0 1 0 0 0 0 0 0 40 4 0 0 2 0 0 
83144 12936 21 0 0 0 0 2 0 0 0 69 0 19 0 0 0 284 0 0 23 0 14 0 23216 0 25 46643 15640 27333 1 0 5859 0 9643 0 89604 0 0 0 
0 0 0 0 1 0 36373 38 62 0 0 20829 65842 4 0 0 284 0 192 253 0 0 0 105 558 67 0 3658 13 283 0 0 178 12 51987 0 0 0 0 12513 
0 0 0 51355 0 10 0 0 0 108 35 1 0 0 0 2220 0 192 0 344 5336 0 0 0 0 96 4 0 472 0 0 0 135 4 0 0 0 4981 45500 13 
0 7991 13 0 0 582 0 862 38281 11564 0 5759 11 778 0 0 0 253 344 0 0 12871 0 0 0 11 6 0 0 0 18 25 3 1228 0 0 1214 0 0 3264 
17657 0 0 0 1343 31 289 0 15 0 0 0 2811 15 0 0 23 0 5336 0 0 0 7781 0 10 289 0 1 0 136 0 0 0 0 3 0 205 0 0 1811 
1345 72 0 0 8 408 0 0 0 68395 918 33 11 8 0 0 0 0 0 12871 0 0 49 8 467 8 1 0 0 0 0 9822 6 0 4045 7 3 0 12618 4 
0 0 0 0 17 1402 0 0 367 6740 0 51151 0 6098 1 0 14 0 0 0 7781 49 0 28 2 0 2120 0 21 2 212 13 0 0 11753 38096 0 3 0 0 
2593 0 0 29060 0 0 0 0 0 0 0 0 25 756 0 0 0 105 0 0 0 8 28 0 12636 552 0 7 2445 2 0 0 0 4102 3380 25 0 0 3 0 
20726 0 0 0 0 0 44525 0 376 0 1795 485 4 36125 0 63237 23216 558 0 0 10 467 2 12636 0 0 0 986 126 2550 318 0 0 0 0 20 0 5138 0 0 
0 0 0 0 84242 0 0 0 35271 0 22 408 2 25564 65653 0 0 67 96 11 289 8 0 552 0 0 2477 0 7 340 31 0 1559 0 0 2845 27347 0 0 51224 
3 0 596 0 1390 2900 47 0 0 0 54477 0 1532 6 10 1 25 0 4 6 0 1 2120 0 0 2477 0 51 9747 1046 35457 0 0 0 1 10 1 36 0 0 
0 32784 7 72439 78696 0 0 0 0 0 10 0 0 0 0 0 46643 3658 0 0 1 0 0 7 986 0 51 0 26728 0 0 36 0 0 0 14304 0 0 26866 181 
0 2 224 0 0 0 57 2 2 0 1188 0 3 51087 9872 0 15640 13 472 0 0 0 21 2445 126 7 9747 26728 0 0 166 0 0 4312 0 0 755 2010 0 376 
1939 0 5943 0 0 0 0 395 337 0 508 0 0 823 3254 0 27333 283 0 0 136 0 2 2 2550 340 1046 0 0 0 0 0 0 0 4 0 0 728 66 53 
0 336 1089 5 156 0 0 0 0 55 11 0 0 0 0 0 1 0 0 18 0 0 212 0 318 31 35457 0 166 0 0 36 9 0 0 0 40038 93361 0 5174 
1109 0 0 0 0 0 21755 912 2 0 0 0 1 9 0 0 0 0 0 25 0 9822 13 0 0 0 0 36 0 0 36 0 4 0 955 0 0 0 11 0 
0 0 20303 0 0 0 1 223 0 2 2856 26072 0 0 0 0 5859 178 135 3 0 6 0 0 0 1559 0 0 0 0 9 4 0 0 3154 0 0 87935 3 0 
0 8 0 0 20845 0 17304 3005 0 792 2615 4108 23 564 0 40 0 12 4 1228 0 0 0 4102 0 0 0 0 4312 0 0 0 0 0 0 2 0 30 351 178 
0 0 2 30087 0 0 497 7 1 6941 64650 909 0 11913 0 4 9643 51987 0 0 3 4045 11753 3380 0 0 1 0 0 4 0 955 3154 0 0 3038 33105 345 0 0 
0 0 42 0 0 0 985 3987 526 0 0 0 1560 60 1 0 0 0 0 0 0 7 38096 25 20 2845 10 14304 0 0 0 0 0 2 3038 0 0 367 0 0 
184 1204 0 3 0 18562 1095 2139 91368 0 3 874 2 14 10 0 89604 0 0 1214 205 3 0 0 0 27347 1 0 755 0 40038 0 0 0 33105 0 0 0 0 290 
3376 10 1 0 0 1049 0 3811 10676 1067 0 0 2 0 6 2 0 0 4981 0 0 0 3 0 5138 0 36 0 2010 728 93361 0 87935 30 345 367 0 0 1 0 
158 16 0 304 0 0 0 1 0 61240 26109 9885 0 3 2 0 0 0 45500 0 0 12618 0 3 0 0 0 26866 0 66 0 11 3 351 0 0 0 1 0 0 
0 0 0 0 21 360 0 0 0 676 168 0 0 0 0 0 0 12513 13 3264 1811 4 0 0 0 51224 0 181 376 53 5174 0 0 178 0 0 290 0 0 0 
0 29163 0 21 0 0 110 16311 0 31880 120 109 0 38721 0 173 0 34895 7152 3691 0 0 0 0 0 7449 0 761 336 0 46 0 3618 21449 3464 84 0 0 0 255 
29163 0 0 1039 0 0 5703 8507 97532 0 22 0 704 0 49988 29431 0 2832 22 0 225 0 86 9 56755 820 28 0 0 14 0 4 47 9 1079 34129 0 0 0 1 
0 0 0 1805 22829 11 0 0 0 0 270 4665 48 0 0 10 0 5144 21 0 175 19 16 274 1331 5122 0 0 0 0 0 57294 0 2 11 0 43 139 49 1504 
21 1039 1805 0 9738 0 0 0 18921 1693 0 5063 0 0 0 0 625 185 0 16 931 17741 1133 0 6 31250 4 0 2453 368 0 4 125 2774 0 6267 0 680 0 69109 
0 0 22829 9738 0 0 6370 0 14 0 0 89657 0 0 4 0 45 0 11510 23 0 0 0 28 1 0 0 0 8 216 0 629 2 0 1114 49 42 4966 0 0 
0 0 11 0 0 0 2 0 0 1215 0 0 178 15300 1513 0 120 4 0 0 0 0 0 29664 255 85744 0 49251 99 93908 404 46080 3189 623 6 245 0 0 358 0 
110 5703 0 0 6370 2 0 3 6 1 0 0 1690 0 596 10118 0 0 25 127 0 214 146 0 0 14 0 3 0 441 316 0 0 0 0 0 0 927 685 58788 
16311 8507 0 0 0 0 3 0 0 0 0 760 0 6498 2668 6726 0 3 16750 0 60 388 4351 45 31 1 74782 117 0 0 0 0 0 0 0 0 0 0 0 0 
0 97532 0 18921 14 0 6 0 0 0 9 0 12675 33 6426 0 14 0 42 0 0 1571 0 3308 0 0 3 71585 0 0 354 0 229 348 0 0 0 0 1 3915 
31880 0 0 1693 0 1215 1 0 0 0 0 0 2 0 289 0 99 2 0 0 110 0 0 140 3492 1778 776 25530 1785 43797 0 297 0 0 0 21726 98 0 0 0 
120 22 270 0 0 0 0 0 9 0 0 0 0 399 0 187 177 2463 0 41 23151 0 73149 67 0 0 0 0 0 0 0 922 0 0 0 800 0 100 0 3 
109 0 4665 5063 89657 0 0 760 0 0 0 0 172 1786 5 0 0 0 0 0 4 0 0 4 0 0 13688 14170 67238 10 2 20 0 0 0 0 0 2336 0 7324 
0 704 48 0 0 178 1690 0 12675 2 0 172 0 40 4 0 93 0 262 0 0 0 5432 0 0 0 0 15 1 19 13638 0 2406 0 3791 0 0 0 336 185 
38721 0 0 0 0 15300 0 6498 33 0 399 1786 40 0 1 0 0 0 92136 0 0 0 0 0 0 0 0 89 0 0 2844 0 35140 0 0 0 0 13116 0 137 
0 49988 0 0 4 1513 596 2668 6426 289 0 5 4 1 0 39748 30 51 1 405 327 46731 0 72 20 0 0 75 0 0 9561 1 15077 835 0 2 0 0 0 16 
173 29431 10 0 0 0 10118 6726 0 0 187 0 0 0 39748 0 2 2 0 1 38 1531 11241 153 0 0 0 8715 34 587 210 9430 2536 0 0 10 25626 0 4599 42588 
0 0 0 625 45 120 0 0 14 99 177 0 93 0 30 2 0 0 39223 68 0 174 0 0 0 59 0 0 0 0 0 23 0 0 0 830 0 3 15812 1 
34895 2832 5144 185 0 4 0 3 0 2 2463 0 0 0 51 2 0 0 0 0 143 101 19 0 0 0 12822 0 0 0 5348 9 0 0 0 5755 200 118 0 0 
7152 22 21 0 11510 0 25 16750 42 0 0 0 262 92136 1 0 39223 0 0 0 0 275 32817 3 5 0 5 91600 0 7 80175 13108 0 0 2986 2066 8 0 0 0 
3691 0 0 16 23 0 127 0 0 0 41 0 0 0 405 1 68 0 0 0 10 0 0 1 46291 0 0 4 5393 31094 0 0 0 0 121 204 0 2411 304 0 
0 225 175 931 0 0 0 60 0 110 23151 4 0 0 327 38 0 143 0 10 0 19 0 3 0 0 727 0 20965 0 1 89 277 63 14 13 0 22 3 0 
0 0 19 17741 0 0 214 388 1571 0 0 0 0 0 46731 1531 174 101 275 0 19 0 0 0 0 1 0 12 1 13 88686 0 0 332 0 0 0 22 0 0 
0 86 16 1133 0 0 146 4351 0 0 73149 0 5432 0 0 11241 0 19 32817 0 0 0 0 0 0 482 0 1 0 0 0 0 250 10900 0 0 39 0 758 4 
0 9 274 0 28 29664 0 45 3308 140 67 4 0 0 72 153 0 0 3 1 3 0 0 0 0 0 59 0 0 0 23019 460 5 0 0 0 16326 111 0 392 
0 56755 1331 6 1 255 0 31 0 3492 0 0 0 0 20 0 0 0 5 46291 0 0 0 0 0 488 59287 0 0 0 0 400 8963 10876 1 0 121 0 6291 2 
7449 820 5122 31250 0 85744 14 1 0 1778 0 0 0 0 0 0 59 0 0 0 0 1 482 0 488 0 0 0 0 0 0 1 0 23491 5 0 0 219 40972 0 
0 28 0 4 0 0 0 74782 3 776 0 13688 0 0 0 0 0 12822 5 0 727 0 0 59 59287 0 0 1 0 0 0 629 634 0 0 0 0 0 4 0 
761 0 0 0 0 49251 3 117 71585 25530 0 14170 15 89 75 8715 0 0 91600 4 0 12 1 0 0 0 1 0 0 62768 2 0 1 180 86962 0 22 583 0 0 
336 0 0 2453 8 99 0 0 0 1785 0 67238 1 0 0 34 0 0 0 5393 20965 1 0 0 0 0 0 0 0 1170 0 673 22745 0 2898 59984 0 0 88 0 
0 14 0 368 216 93908 441 0 0 43797 0 10 19 0 0 587 0 0 7 31094 0 13 0 0 0 0 0 62768 1170 0 38 1 448 4 0 113 7 0 0 0 
46 0 0 0 0 404 316 0 354 0 0 2 13638 2844 9561 210 0 5348 80175 0 1 88686 0 23019 0 0 0 2 0 38 0 0 0 406 520 4089 0 0 348 0 
0 4 57294 4 629 46080 0 0 0 297 922 20 0 0 1 9430 23 9 13108 0 89 0 0 460 400 1 629 0 673 1 0 0 2 17 0 3 1007 7 2 591 
3618 47 0 125 2 3189 0 0 229 0 0 0 2406 35140 15077 2536 0 0 0 0 277 0 250 5 8963 0 634 1 22745 448 0 2 0 0 0 7992 20 0 0 18186 
21449 9 2 2774 0 623 0 0 348 0 0 0 0 0 835 0 0 0 0 0 63 332 10900 0 10876 23491 0 180 0 4 406 17 0 0 33580 0 90 0 0 0 
3464 1079 11 0 1114 6 0 0 0 0 0 0 3791 0 0 0 0 0 2986 121 14 0 0 0 1 5 0 86962 2898 0 520 0 0 33580 0 0 0 0 48 34566 
84 34129 0 6267 49 245 0 0 0 21726 800 0 0 0 2 10 830 5755 2066 204 13 0 0 0 0 0 0 0 59984 113 4089 3 7992 0 0 0 37 0 10958 22696 
0 0 43 0 42 0 0 0 0 98 0 0 0 0 0 25626 0 200 8 0 0 0 39 16326 121 0 0 22 0 7 0 1007 20 90 0 37 0 45 3053 0 
0 0 139 680 4966 0 927 0 0 0 100 2336 0 13116 0 0 3 118 0 2411 22 22 0 111 0 219 0 583 0 0 0 7 0 0 0 0 45 0 0 16382 
0 0 49 0 0 358 685 0 1 0 0 0 336 0 0 4599 15812 0 0 304 3 0 758 0 6291 40972 4 0 88 0 348 2 0 0 48 10958 3053 0 0 2915 
255 1 1504 69109 0 0 58788 0 3915 0 3 7324 185 137 16 42588 1 0 0 0 0 0 4 392 2 0 0 0 0 0 0 591 18186 0 34566 22696 0 16382 2915 0 
