10 4
0 46 118 40 96 98 46 64 2 33 
46 0 88 10 53 127 3 66 48 60 
118 88 0 85 53 137 85 71 120 144 
40 10 85 0 56 117 8 56 42 59 
96 53 53 56 0 154 51 82 98 112 
98 127 137 117 154 0 125 72 99 127 
46 3 85 8 51 125 0 63 48 61 
64 66 71 56 82 72 63 0 66 97 
2 48 120 42 98 99 48 66 0 32 
33 60 144 59 112 127 61 97 32 0 
0 1 4810 8081 177 4 0 2 8 1436 
1 0 17364 0 1 0 0 410 0 2070 
4810 17364 0 4577 0 20 254 0 0 0 
8081 0 4577 0 0 0 33749 0 0 45760 
177 1 0 0 0 13497 250 0 491 183 
4 0 20 0 13497 0 0 0 266 20392 
0 0 254 33749 250 0 0 0 0 259 
2 410 0 0 0 0 0 0 120 5 
8 0 0 0 491 266 0 120 0 89858 
1436 2070 0 45760 183 20392 259 5 89858 0 
0 0 0 0 0 0 8234 1 5 0 
0 0 0 10599 222 105 427 0 0 0 
0 0 0 0 850 0 0 105 57696 5 
0 10599 0 0 14929 37023 0 1627 10543 0 
0 222 850 14929 0 0 0 92284 0 0 
0 105 0 37023 0 0 7806 95 0 0 
8234 427 0 0 0 7806 0 13 56 0 
1 0 105 1627 92284 95 13 0 0 0 
5 0 57696 10543 0 0 56 0 0 0 
0 0 5 0 0 0 0 0 0 0 
0 0 0 0 0 0 63946 0 0 0 
0 0 0 6 0 94 1 0 0 0 
0 0 0 0 1029 0 0 96 10608 60 
0 6 0 0 53 12 0 189 48 0 
0 0 1029 53 0 0 0 23552 0 0 
0 94 0 12 0 0 16977 8 0 0 
63946 1 0 0 0 16977 0 123 8 0 
0 0 96 189 23552 8 123 0 0 0 
0 0 10608 48 0 0 8 0 0 0 
0 0 60 0 0 0 0 0 0 0 
0 3 0 0 0 0 8460 2 35 0 
3 0 0 302 0 189 738 0 0 0 
0 0 0 0 6331 4 0 16 1111 22 
0 302 0 0 9006 3045 0 17 187 0 
0 0 6331 9006 0 0 0 11962 0 0 
0 189 4 3045 0 0 77703 5136 0 0 
8460 738 0 0 0 77703 0 1 8 2 
2 0 16 17 11962 5136 1 0 0 1 
35 0 1111 187 0 0 8 0 0 0 
0 0 22 0 0 0 2 1 0 0 
