10 2
0 46 118 40 96 98 46 64 2 33 
46 0 88 10 53 127 3 66 48 60 
118 88 0 85 53 137 85 71 120 144 
40 10 85 0 56 117 8 56 42 59 
96 53 53 56 0 154 51 82 98 112 
98 127 137 117 154 0 125 72 99 127 
46 3 85 8 51 125 0 63 48 61 
64 66 71 56 82 72 63 0 66 97 
2 48 120 42 98 99 48 66 0 32 
33 60 144 59 112 127 61 97 32 0 
0 97 7 7 52 0 755 0 4 0 
97 0 2 0 0 0 136 0 0 0 
7 2 0 1316 0 8830 0 30 6734 0 
7 0 1316 0 350 0 0 0 95682 0 
52 0 0 350 0 2146 0 0 0 56 
0 0 8830 0 2146 0 27991 63309 1509 14 
755 136 0 0 0 27991 0 0 0 0 
0 0 30 0 0 63309 0 0 0 0 
4 0 6734 95682 0 1509 0 0 0 41 
0 0 0 0 56 14 0 0 41 0 
0 328 388 10507 0 0 0 0 1 3 
328 0 8 1330 0 19 0 0 85 13075 
388 8 0 0 544 0 107 0 0 0 
10507 1330 0 0 0 0 0 406 0 0 
0 0 544 0 0 325 14 82771 14 0 
0 19 0 0 325 0 1 9 0 0 
0 0 107 0 14 1 0 4333 4 7 
0 0 0 406 82771 9 4333 0 458 44 
1 85 0 0 14 0 4 458 0 40 
3 13075 0 0 0 0 7 44 40 0 
