6 2
0 123 17 72 89 90 
123 0 116 51 121 48 
17 116 0 64 101 90 
72 51 64 0 97 39 
89 121 101 97 0 73 
90 48 90 39 73 0 
0 0 40 2530 10 0 
0 0 0 0 0 0 
40 0 0 0 0 0 
2530 0 0 0 0 0 
10 0 0 0 0 496 
0 0 0 0 496 0 
0 1 0 0 0 57739 
1 0 3979 119 65058 1947 
0 3979 0 113 20667 74818 
0 119 113 0 7326 3993 
0 65058 20667 7326 0 0 
57739 1947 74818 3993 0 0 
