10 4
0 123 17 72 89 90 77 84 122 70 
123 0 116 51 121 48 96 115 59 63 
17 116 0 64 101 90 86 66 108 71 
72 51 64 0 97 39 71 77 62 33 
89 121 101 97 0 73 26 158 158 64 
90 48 90 39 73 0 47 116 91 20 
77 96 86 71 26 47 0 136 132 38 
84 115 66 77 158 116 136 0 73 105 
122 59 108 62 158 91 132 73 0 94 
70 63 71 33 64 20 38 105 94 0 
0 0 0 0 0 1434 0 1262 8 0 
0 0 77 0 3 3 0 0 0 101 
0 77 0 0 2 283 0 0 0 3272 
0 0 0 0 921 818 0 0 0 0 
0 3 2 921 0 0 1737 531 0 0 
1434 3 283 818 0 0 7228 0 21135 10 
0 0 0 0 1737 7228 0 202 0 0 
1262 0 0 0 531 0 202 0 0 0 
8 0 0 0 0 21135 0 0 0 0 
0 101 3272 0 0 10 0 0 0 0 
0 2 0 8 78623 4186 4622 5613 0 0 
2 0 85 0 4 1 0 35 0 0 
0 85 0 0 0 311 0 2 2363 0 
8 0 0 0 0 208 0 2 536 0 
78623 4 0 0 0 0 0 0 0 7006 
4186 1 311 208 0 0 32 128 0 0 
4622 0 0 0 0 32 0 249 37287 0 
5613 35 2 2 0 128 249 0 12849 0 
0 0 2363 536 0 0 37287 12849 0 0 
0 0 0 0 7006 0 0 0 0 0 
0 2 16386 0 413 3975 0 120 0 3 
2 0 0 0 6 0 0 51492 5848 0 
16386 0 0 9068 2 0 0 0 52052 0 
0 0 9068 0 378 1264 2 174 1 0 
413 6 2 378 0 0 5050 0 906 0 
3975 0 0 1264 0 0 0 0 0 0 
0 0 0 2 5050 0 0 135 158 75809 
120 51492 0 174 0 0 135 0 1 0 
0 5848 52052 1 906 0 158 1 0 59106 
3 0 0 0 0 0 75809 0 59106 0 
0 2 485 17 185 0 0 0 14 0 
2 0 0 0 2 100 103 0 38365 0 
485 0 0 6 0 0 24983 34 8599 0 
17 0 6 0 10620 464 72962 6 0 5712 
185 2 0 10620 0 3831 1636 23 0 0 
0 100 0 464 3831 0 3535 0 10930 0 
0 103 24983 72962 1636 3535 0 120 3 1 
0 0 34 6 23 0 120 0 0 11 
14 38365 8599 0 0 10930 3 0 0 0 
0 0 0 5712 0 0 1 11 0 0 
