50 4
0 59 64 103 62 95 95 48 90 88 90 112 64 139 74 53 26 148 87 89 78 107 103 6 100 177 116 85 94 32 58 33 140 154 91 89 149 95 129 136 69 115 101 157 54 90 105 87 127 110 
59 0 70 49 40 62 36 46 31 30 43 69 27 80 26 37 59 91 39 30 28 48 85 53 62 119 57 26 35 49 19 41 84 96 32 30 99 39 70 86 73 69 42 98 15 31 60 28 82 56 
64 70 0 118 33 51 89 98 88 95 64 73 48 126 97 33 87 124 64 86 63 108 150 62 58 154 114 86 89 33 53 83 147 156 86 84 168 106 127 100 125 78 97 140 80 90 70 87 153 86 
103 49 118 0 85 94 38 68 34 23 68 88 69 56 28 85 93 77 65 36 58 23 68 97 90 97 30 33 37 98 65 74 38 53 38 38 50 11 35 90 81 85 32 73 48 31 81 32 37 63 
62 40 33 85 0 33 56 78 55 62 34 51 15 94 66 8 77 96 33 53 30 75 125 57 38 126 81 53 55 32 21 66 113 123 53 51 135 74 94 77 106 55 64 110 53 57 45 54 121 57 
95 62 51 94 33 0 57 107 59 71 25 22 37 82 84 42 110 75 28 57 37 76 147 91 7 104 78 61 57 65 46 97 112 117 56 55 139 82 90 49 135 27 64 93 77 62 20 61 131 41 
95 36 89 38 56 57 0 77 6 17 31 50 41 44 39 58 95 55 29 6 25 20 100 89 52 83 25 11 1 78 40 76 58 67 4 6 82 27 38 57 100 48 8 62 47 8 43 10 75 27 
48 46 98 68 78 107 77 0 71 63 90 115 69 117 41 71 27 133 86 71 75 81 55 45 108 159 90 66 76 65 60 15 106 121 74 72 107 64 101 132 28 116 80 136 31 70 107 68 82 102 
90 31 88 34 55 59 6 71 0 12 34 55 39 49 33 57 89 61 31 2 25 20 94 84 56 89 27 5 5 75 38 70 58 68 4 4 81 23 41 63 94 53 11 67 41 3 47 3 71 33 
88 30 95 23 62 71 17 63 12 0 46 67 46 53 23 63 84 69 43 14 35 19 82 82 68 95 28 10 16 78 43 65 53 65 16 16 72 11 40 74 84 65 17 72 36 9 59 10 60 45 
90 43 64 68 34 25 31 90 34 46 0 25 25 61 61 41 99 61 3 32 15 51 124 84 22 92 53 36 32 65 32 83 87 94 30 30 114 57 66 45 116 26 39 76 58 37 17 36 106 22 
112 69 73 88 51 22 50 115 55 67 25 0 49 63 86 60 123 54 29 53 40 67 148 107 15 82 66 58 51 84 57 108 98 101 51 51 128 77 76 27 142 5 56 73 84 58 8 57 125 26 
64 27 48 69 15 37 41 69 39 46 25 49 0 81 52 17 74 86 23 37 16 60 112 58 38 116 66 37 40 40 8 60 98 108 37 36 119 58 79 71 97 51 49 98 41 41 41 38 105 47 
139 80 126 56 94 82 44 117 49 53 61 63 81 0 75 99 137 23 62 50 65 36 125 133 74 41 27 54 45 121 83 118 42 40 48 50 74 54 23 49 136 59 38 18 89 49 61 52 82 40 
74 26 97 28 66 84 39 41 33 23 61 86 52 75 0 64 65 92 58 34 47 39 62 69 83 117 49 28 38 73 45 46 66 80 37 35 76 23 59 96 61 84 40 94 20 31 77 29 56 66 
53 37 33 85 8 42 58 71 57 63 41 60 17 99 64 0 69 102 39 55 34 77 120 48 46 132 83 54 58 24 20 58 115 125 55 53 135 74 97 85 99 63 67 115 48 58 53 55 119 63 
26 59 87 93 77 110 95 27 89 84 99 123 74 137 65 69 0 150 95 88 85 103 79 26 113 178 112 83 93 54 66 19 131 145 91 89 135 88 124 144 43 125 99 156 48 88 115 85 110 115 
148 91 124 77 96 75 55 133 61 69 61 54 86 23 92 102 150 0 63 62 70 55 146 142 68 30 47 67 57 126 90 132 65 61 59 61 97 73 46 31 154 49 52 20 102 63 55 65 105 39 
87 39 64 65 33 28 29 86 31 43 3 29 23 62 58 39 95 63 0 29 11 49 121 81 25 93 52 33 29 63 29 79 86 93 27 27 112 54 65 48 113 29 37 77 55 34 20 33 103 24 
89 30 86 36 53 57 6 71 2 14 32 53 37 50 34 55 88 62 29 0 23 22 95 83 54 89 29 5 5 73 36 70 60 70 2 2 83 25 42 62 94 51 12 68 40 5 45 4 73 32 
78 28 63 58 30 37 25 75 25 35 15 40 16 65 47 34 85 70 11 23 0 45 110 72 35 100 50 25 25 56 20 68 83 92 22 21 106 47 64 59 101 41 33 81 43 28 32 26 96 31 
107 48 108 23 75 76 20 81 20 19 51 67 60 36 39 77 103 55 49 22 45 0 91 101 71 77 9 23 20 95 58 84 38 48 22 24 62 18 21 67 100 64 12 54 55 18 60 21 58 41 
103 85 150 68 125 147 100 55 94 82 124 148 112 125 62 120 79 146 121 95 110 91 0 100 146 164 99 90 98 119 104 71 95 110 98 97 80 74 102 156 39 147 97 141 72 91 140 91 53 127 
6 53 62 97 57 91 89 45 84 82 84 107 58 133 69 48 26 142 81 83 72 101 100 0 95 171 110 79 88 29 52 29 135 148 85 83 144 89 123 130 68 109 95 151 48 84 99 81 122 104 
100 62 58 90 38 7 52 108 56 68 22 15 38 74 83 46 113 68 25 54 35 71 146 95 0 97 72 58 53 70 47 99 106 111 52 52 134 79 84 42 135 19 59 86 77 59 13 58 127 35 
177 119 154 97 126 104 83 159 89 95 92 82 116 41 117 132 178 30 93 89 100 77 164 171 97 0 68 94 84 156 120 159 73 63 87 89 103 95 62 57 177 77 78 23 130 89 84 92 117 69 
116 57 114 30 81 78 25 90 27 28 53 66 66 27 49 83 112 47 52 29 50 9 99 110 72 68 0 31 25 102 65 93 34 42 28 30 62 26 13 62 109 62 16 45 64 26 60 29 61 39 
85 26 86 33 53 61 11 66 5 10 36 58 37 54 28 54 83 67 33 5 25 23 90 79 58 94 31 0 10 72 35 65 61 72 8 7 82 21 44 68 89 57 16 72 35 5 50 2 70 37 
94 35 89 37 55 57 1 76 5 16 32 51 40 45 38 58 93 57 29 5 25 20 98 88 53 84 25 10 0 78 40 75 58 67 3 5 82 26 39 58 99 49 8 63 45 7 44 8 74 28 
32 49 33 98 32 65 78 65 75 78 65 84 40 121 73 24 54 126 63 73 56 95 119 29 70 156 102 72 78 0 37 50 132 144 75 73 148 88 116 109 92 87 86 138 53 76 77 73 129 87 
58 19 53 65 21 46 40 60 38 43 32 57 8 83 45 20 66 90 29 36 20 58 104 52 47 120 65 35 40 37 0 51 96 106 37 35 115 54 79 78 89 58 48 100 32 39 48 36 100 51 
33 41 83 74 66 97 76 15 70 65 83 108 60 118 46 58 19 132 79 70 68 84 71 29 99 159 93 65 75 50 51 0 112 127 72 70 118 69 105 127 42 109 80 137 29 69 99 67 94 98 
140 84 147 38 113 112 58 106 58 53 87 98 98 42 66 115 131 65 86 60 83 38 95 135 106 73 34 61 58 132 96 112 0 15 60 62 32 45 22 90 116 94 49 51 86 56 94 59 44 72 
154 96 156 53 123 117 67 121 68 65 94 101 108 40 80 125 145 61 93 70 92 48 110 148 111 63 42 72 67 144 106 127 15 0 70 71 40 58 28 89 132 97 58 43 99 67 98 70 58 76 
91 32 86 38 53 56 4 74 4 16 30 51 37 48 37 55 91 59 27 2 22 22 98 85 52 87 28 8 3 75 37 72 60 70 0 2 84 27 42 59 97 49 11 66 43 7 43 7 75 29 
89 30 84 38 51 55 6 72 4 16 30 51 36 50 35 53 89 61 27 2 21 24 97 83 52 89 30 7 5 73 35 70 62 71 2 0 85 27 43 60 96 49 13 68 41 7 43 6 75 30 
149 99 168 50 135 139 82 107 81 72 114 128 119 74 76 135 135 97 112 83 106 62 80 144 134 103 62 82 82 148 115 118 32 40 84 85 0 61 54 122 110 124 75 83 97 78 122 81 27 101 
95 39 106 11 74 82 27 64 23 11 57 77 58 54 23 74 88 73 54 25 47 18 74 89 79 95 26 21 26 88 54 69 45 58 27 27 61 0 36 82 82 75 23 72 41 20 70 21 49 53 
129 70 127 35 94 90 38 101 41 40 66 76 79 23 59 97 124 46 65 42 64 21 102 123 84 62 13 44 39 116 79 105 22 28 42 43 54 36 0 68 117 72 30 38 76 39 71 43 59 49 
136 86 100 90 77 49 57 132 63 74 45 27 71 49 96 85 144 31 48 62 59 67 156 130 42 57 62 68 58 109 78 127 90 89 59 60 122 82 68 0 156 23 59 52 100 65 32 66 124 30 
69 73 125 81 106 135 100 28 94 84 116 142 97 136 61 99 43 154 113 94 101 100 39 68 135 177 109 89 99 92 89 42 116 132 97 96 110 82 117 156 0 142 101 154 58 92 133 90 83 126 
115 69 78 85 55 27 48 116 53 65 26 5 51 59 84 63 125 49 29 51 41 64 147 109 19 77 62 57 49 87 58 109 94 97 49 49 124 75 72 23 142 0 53 68 84 56 9 56 122 23 
101 42 97 32 64 64 8 80 11 17 39 56 49 38 40 67 99 52 37 12 33 12 97 95 59 78 16 16 8 86 48 80 49 58 11 13 75 23 30 59 101 53 0 56 51 11 49 14 69 30 
157 98 140 73 110 93 62 136 67 72 76 73 98 18 94 115 156 20 77 68 81 54 141 151 86 23 45 72 63 138 100 137 51 43 66 68 83 72 38 52 154 68 56 0 107 67 72 70 95 53 
54 15 80 48 53 77 47 31 41 36 58 84 41 89 20 48 48 102 55 40 43 55 72 48 77 130 64 35 45 53 32 29 86 99 43 41 97 41 76 100 58 84 51 107 0 40 75 37 76 70 
90 31 90 31 57 62 8 70 3 9 37 58 41 49 31 58 88 63 34 5 28 18 91 84 59 89 26 5 7 76 39 69 56 67 7 7 78 20 39 65 92 56 11 67 40 0 50 3 68 35 
105 60 70 81 45 20 43 107 47 59 17 8 41 61 77 53 115 55 20 45 32 60 140 99 13 84 60 50 44 77 48 99 94 98 43 43 122 70 71 32 133 9 49 72 75 50 0 50 118 21 
87 28 87 32 54 61 10 68 3 10 36 57 38 52 29 55 85 65 33 4 26 21 91 81 58 92 29 2 8 73 36 67 59 70 7 6 81 21 43 66 90 56 14 70 37 3 50 0 70 36 
127 82 153 37 121 131 75 82 71 60 106 125 105 82 56 119 110 105 103 73 96 58 53 122 127 117 61 70 74 129 100 94 44 58 75 75 27 49 59 124 83 122 69 95 76 68 118 70 0 99 
110 56 86 63 57 41 27 102 33 45 22 26 47 40 66 63 115 39 24 32 31 41 127 104 35 69 39 37 28 87 51 98 72 76 29 30 101 53 49 30 126 23 30 53 70 35 21 36 99 0 
0 0 0 221 4 550 0 0 22 0 1684 87 17780 0 65992 0 0 0 0 0 0 25635 0 85189 0 0 0 46026 21744 283 11 9 7 0 0 0 3 0 0 178 8 2 0 0 10259 29963 5011 30488 0 0 
0 0 0 7 0 1 5039 4204 589 0 0 0 0 2 0 0 0 0 8 45519 0 0 541 3447 41 67 41 0 15640 0 0 0 0 0 15 0 0 0 3 0 741 3576 0 55281 0 0 0 0 0 124 
0 0 0 0 427 0 0 3 448 206 0 0 0 0 0 0 19 0 0 0 0 340 49 0 0 11 0 0 472 0 2969 45141 41 33 40989 0 0 0 0 0 0 0 6891 0 0 2226 0 0 0 0 
221 7 0 0 467 4694 14 42 28 0 0 3 6198 0 4832 15 47648 0 316 500 9898 52 11408 1 0 0 932 0 36301 0 18 0 0 0 0 61 16 1 0 0 46048 0 0 9 0 20 91060 1034 0 0 
4 0 427 467 0 36851 0 0 71 0 0 0 0 10 3335 0 194 4 1294 0 1 4 2 149 0 0 1 0 0 0 0 0 3 0 2113 124 5 2 0 0 41 0 0 0 0 0 1 0 0 2 
550 1 0 4694 36851 0 6 51 0 669 2311 318 0 319 0 0 0 5 0 0 1075 0 18908 0 0 8 0 0 21 45938 0 25 0 6 1 4626 0 1279 26780 3980 8838 1 0 5670 0 74 50 5347 2 2573 
0 5039 0 14 0 6 0 61 0 608 0 273 16275 97 24988 0 18494 0 14125 0 0 123 0 178 558 5 0 20 12094 6702 4 154 52032 0 160 0 6946 1 1200 57851 0 0 0 0 4673 0 0 0 91 0 
0 4204 3 42 0 51 61 0 49 0 1 6999 670 0 0 0 2 0 21472 424 6 1728 0 6010 0 552 0 54784 0 0 13 0 3104 0 0 0 0 0 0 0 0 0 7 502 1041 21 7 450 0 778 
22 589 448 28 71 0 0 49 0 13050 0 4 0 141 70 44 0 0 2 3 0 0 82 28 3 0 15 0 5532 2 41 0 0 0 433 0 0 30 103 11825 0 4276 0 3 6041 88348 0 0 1 0 
0 0 206 0 0 669 608 0 13050 0 0 0 3 101 22 593 0 0 92082 0 123 0 3 3517 0 2 0 0 7 279 46607 0 10809 0 54629 7 0 0 11 0 1652 0 2672 0 32196 0 0 0 0 0 
1684 0 0 0 0 2311 0 1 0 0 0 1 4 40 0 479 1 0 42 0 3020 0 9020 187 500 125 1 7538 252 1901 0 0 114 0 0 25 13 0 0 0 8 1106 0 0 106 1 37 35700 0 0 
87 0 0 3 0 318 273 6999 4 0 1 0 0 0 0 0 16442 0 3 64 84 3553 64 584 0 43 26 0 61 78 1720 17 174 0 8886 0 90039 0 0 22 0 0 0 0 7772 0 0 0 248 0 
17780 0 0 6198 0 0 16275 670 0 3 4 0 0 1272 1204 0 0 12 0 10 191 0 1 0 12636 0 0 0 0 0 0 0 2 0 0 10 381 0 0 0 0 12 0 0 0 57143 12 0 4460 0 
0 2 0 0 10 319 97 0 141 101 40 0 1272 0 448 15147 0 16661 3564 0 0 0 0 0 75 121 25 212 26728 86 15 0 38274 0 0 0 0 0 3178 0 0 0 0 0 5211 7553 0 61 27094 2255 
65992 0 0 4832 3335 0 24988 0 70 22 0 0 1204 448 0 0 0 0 34 4366 0 2 61283 169 21 3389 0 14565 0 0 83776 0 2374 0 0 14 0 757 66 88621 0 79 0 0 0 0 0 3017 0 0 
0 0 0 15 0 0 0 0 44 593 479 0 0 15147 0 0 134 0 82 1 23 0 0 0 188 40 4 0 2128 21947 166 0 0 0 3380 6 4 1 0 1080 0 0 0 99 0 345 39027 0 122 0 
0 0 19 47648 194 0 18494 2 0 0 1 16442 0 0 0 134 0 260 51594 0 0 0 64 0 18119 0 0 273 0 1 0 36 0 3924 13 5369 4586 0 0 0 0 0 0 5 0 427 4 955 5 2 
0 0 0 0 4 5 0 0 0 0 0 0 12 16661 0 0 260 0 753 95 41 5 85 0 2 83 0 3 84284 0 289 0 0 14801 0 167 0 304 11289 0 6 0 13 0 0 0 8010 0 0 0 
0 8 0 316 1294 0 14125 21472 2 92082 42 3 0 3564 34 82 51594 753 0 136 0 47229 7 15695 0 0 39685 0 0 0 0 36346 9 0 157 0 0 0 67578 0 256 0 0 0 1 6745 0 47450 0 4 
0 45519 0 500 0 0 0 424 3 0 0 64 10 0 4366 1 0 95 136 0 161 0 0 0 9 0 0 3812 0 3 29 0 39746 0 0 0 0 4 0 1 0 490 0 11 0 3 0 0 1 1 
0 0 0 9898 1 1075 0 6 0 123 3020 84 191 0 0 23 0 41 0 161 0 523 0 0 27 0 214 0 542 0 31 0 111 0 0 0 0 0 0 0 0 31 0 0 0 6 68415 3 122 0 
25635 0 340 52 4 0 123 1728 0 0 0 3553 0 0 2 0 0 5 47229 0 523 0 33 0 4 0 27 5 0 1304 0 0 0 0 294 0 141 0 1690 0 10242 0 0 0 0 2615 0 0 0 191 
0 541 49 11408 2 18908 0 0 82 3 9020 64 1 0 61283 0 64 85 7 0 0 33 0 1612 0 27467 0 0 0 468 0 0 1483 0 5252 60 99 0 0 0 0 17 0 2160 0 0 0 24983 0 2 
85189 3447 0 1 149 0 178 6010 28 3517 187 584 0 0 169 0 0 0 15695 0 0 0 1612 0 0 606 2120 2 0 5860 38 0 0 3378 21 184 46 340 0 15358 17 0 0 0 4 0 135 1 0 0 
0 41 0 0 0 0 558 0 3 0 500 0 12636 75 21 188 18119 2 0 9 27 4 0 0 0 0 7405 2 0 6 0 3 0 3 849 0 0 52 0 0 52 0 24905 277 5 2 0 0 0 0 
0 67 11 0 0 8 5 552 0 2 125 43 0 121 3389 40 0 83 0 0 0 0 27467 606 0 0 0 0 280 0 0 33 0 0 0 0 2447 47250 0 189 11 276 0 0 0 0 10906 0 0 80 
0 41 0 932 1 0 0 0 15 0 1 26 0 25 0 4 0 0 39685 0 214 27 0 2120 7405 0 0 0 10 22886 0 0 3 0 0 0 0 1072 21780 4 0 72639 2110 16 21598 38 5085 6732 0 1758 
46026 0 0 0 0 0 20 54784 0 0 7538 0 0 212 14565 0 273 3 0 3812 0 5 0 2 2 0 0 0 0 29701 1380 0 1184 0 0 337 134 0 2870 2246 21627 0 0 0 0 171 0 2976 618 0 
21744 15640 472 36301 0 21 12094 0 5532 7 252 61 0 26728 0 2128 0 84284 0 0 542 0 0 0 0 280 10 0 0 6139 73792 20303 0 5991 321 0 1067 2356 22 0 0 0 46024 0 0 1447 0 2 0 0 
283 0 0 0 0 45938 6702 0 2 279 1901 78 0 86 0 21947 1 0 0 3 0 1304 468 5860 6 0 22886 29701 6139 0 381 1 0 0 6 0 11375 2 16 0 28674 0 16 1873 101 546 5565 0 40 0 
11 0 2969 18 0 0 4 13 41 46607 0 1720 0 15 83776 166 0 289 0 29 31 0 0 38 0 0 0 1380 73792 381 0 6769 15 111 58 1161 269 0 0 0 5479 0 41474 2 0 2758 18 342 0 0 
9 0 45141 0 0 25 154 0 0 0 0 17 0 0 0 0 36 0 36346 0 0 0 0 0 3 33 0 0 20303 1 6769 0 0 60541 43 18562 152 0 0 0 0 34829 0 24 0 0 0 659 0 0 
7 0 41 0 3 0 52032 3104 0 10809 114 174 2 38274 2374 0 0 0 9 39746 111 0 1483 0 0 0 3 1184 0 0 15 0 0 0 11328 19368 0 0 0 1 66329 15608 186 0 0 0 0 36584 0 1917 
0 0 33 0 0 6 0 0 0 0 0 0 0 0 0 0 3924 14801 0 0 0 0 0 3378 3 0 0 0 5991 0 111 60541 0 0 0 9488 0 45500 0 59 0 0 0 0 125 8674 0 0 1 0 
0 15 40989 0 2113 1 160 0 433 54629 0 8886 0 0 0 3380 13 0 157 0 0 294 5252 21 849 0 0 0 321 6 58 43 11328 0 0 17 3648 2486 0 0 0 0 0 4 249 12358 0 47340 0 0 
0 0 0 61 124 4626 0 0 0 7 25 0 10 0 14 6 5369 167 0 0 0 0 60 184 0 0 0 337 0 0 1161 18562 19368 9488 17 0 0 0 0 0 88 0 3 30 0 369 29865 4 1 0 
3 0 0 16 5 0 6946 0 0 0 13 90039 381 0 0 4 4586 0 0 0 0 141 99 46 0 2447 0 134 1067 11375 269 152 0 0 3648 0 0 0 10 0 0 63 0 0 0 0 0 0 9159 94 
0 0 0 1 2 1279 1 0 30 0 0 0 0 0 757 1 0 304 0 4 0 0 0 340 52 47250 1072 0 2356 2 0 0 0 45500 2486 0 0 0 0 278 2 0 0 0 0 42 0 0 0 6617 
0 3 0 0 0 26780 1200 0 103 11 0 0 0 3178 66 0 0 11289 67578 0 0 1690 0 0 0 0 21780 2870 22 16 0 0 0 0 0 0 10 0 0 0 7276 0 4337 0 0 850 0 7940 8 822 
178 0 0 0 0 3980 57851 0 11825 0 0 22 0 0 88621 1080 0 0 0 1 0 0 0 15358 0 189 4 2246 0 0 0 0 1 59 0 0 0 278 0 0 7 0 0 216 0 0 0 9 10 8 
8 741 0 46048 41 8838 0 0 0 1652 8 0 0 0 0 0 0 6 256 0 0 10242 0 17 52 11 0 21627 0 28674 5479 0 66329 0 0 88 0 2 7276 7 0 0 2 76 0 2166 44 0 0 0 
2 3576 0 0 0 1 0 0 4276 0 1106 0 12 0 79 0 0 0 0 490 31 0 17 0 0 276 72639 0 0 0 0 34829 15608 0 0 0 63 0 0 0 0 0 0 0 10 0 440 98990 0 9 
0 0 6891 0 0 0 0 7 0 2672 0 0 0 0 0 0 0 13 0 0 0 0 0 0 24905 0 2110 0 46024 16 41474 0 186 0 0 3 0 0 4337 0 2 0 0 65861 18 47582 918 0 76 0 
0 55281 0 9 0 5670 0 502 3 0 0 0 0 0 0 99 5 0 0 11 0 0 2160 0 277 0 16 0 0 1873 2 24 0 0 4 30 0 0 0 216 76 0 65861 0 0 20400 4599 0 0 0 
10259 0 0 0 0 0 4673 1041 6041 32196 106 7772 0 5211 0 0 0 0 1 0 0 0 0 4 5 0 21598 0 0 101 0 0 0 125 249 0 0 0 0 0 0 10 18 0 0 0 0 4749 39212 1911 
29963 0 2226 20 0 74 0 21 88348 0 1 0 57143 7553 0 345 427 0 6745 3 6 2615 0 0 2 0 38 171 1447 546 2758 0 0 8674 12358 369 0 42 850 0 2166 0 47582 20400 0 0 759 439 0 133 
5011 0 0 91060 1 50 0 7 0 0 37 0 12 0 0 39027 4 8010 0 0 68415 0 0 135 0 10906 5085 0 0 5565 18 0 0 0 0 29865 0 0 0 0 44 440 918 4599 0 759 0 0 5820 4209 
30488 0 0 1034 0 5347 0 450 0 0 35700 0 0 61 3017 0 955 0 47450 0 3 0 24983 1 0 0 6732 2976 2 0 342 659 36584 0 47340 4 0 0 7940 9 0 98990 0 0 4749 439 0 0 0 0 
0 0 0 0 0 2 91 0 1 0 0 248 4460 27094 0 122 5 0 0 1 122 0 0 0 0 0 0 618 0 40 0 0 0 1 0 1 9159 0 8 10 0 0 76 0 39212 0 5820 0 0 14706 
0 124 0 0 2 2573 0 778 0 0 0 0 0 2255 0 0 2 0 4 1 0 191 2 0 0 80 1758 0 0 0 0 0 1917 0 0 0 94 6617 822 8 0 9 0 0 1911 133 4209 0 14706 0 
0 1 294 0 0 0 22282 15063 0 16783 0 0 0 1 0 7 46445 16 4 10725 3 0 37 0 406 2500 1000 0 0 0 0 0 0 676 1 408 0 1 14894 0 0 0 277 288 0 0 0 0 5 388 
1 0 2 0 12722 0 0 0 0 5 7377 18223 15849 0 64169 78561 3581 15 0 0 10244 1 0 0 0 0 0 89 0 4 6 328 21741 4912 0 13 12581 2 0 17008 0 0 2 0 104 43 992 1840 905 0 
294 2 0 2 0 11 87 0 0 0 25 12522 96 359 3186 2673 0 61 5569 23 117 0 0 7 80313 0 840 10761 0 181 0 0 0 0 0 10 1524 7 71450 8530 757 1 0 3633 46352 0 84 145 36 3143 
0 0 2 0 0 0 0 0 0 2125 523 0 0 29010 0 0 0 11 0 0 0 0 0 0 310 5 0 30794 0 60 0 1786 77565 237 52 0 0 0 941 47 0 87907 1 0 79146 0 0 0 5155 17122 
0 12722 0 0 0 0 14 423 0 1 10 17 14 0 0 14797 0 0 0 1702 0 0 0 0 227 1546 0 23217 402 2550 2616 1295 0 1014 0 0 0 0 1325 6 0 1579 8561 1 3932 16 0 1207 54 0 
0 0 11 0 0 0 0 0 1 0 0 0 4 0 258 6363 2713 0 84439 13 0 48 0 5 43 0 2473 161 0 0 7 0 1342 0 0 0 4431 0 0 0 0 0 253 0 6076 0 0 0 0 0 
22282 0 87 0 14 0 0 0 5 0 280 0 0 0 0 12911 0 9147 0 74819 27 0 286 0 0 0 101 0 0 0 0 0 0 7756 0 199 0 0 0 0 3284 1918 3 604 0 5 23 14540 0 14450 
15063 0 0 0 423 0 0 0 0 6 0 0 0 40 83 3 0 2561 0 0 0 0 6 0 8172 0 3 0 9630 2434 0 14 0 1080 5824 153 20 3378 367 36 97 23347 0 0 0 0 0 0 1 0 
0 0 0 0 0 1 5 0 0 0 2 0 45132 0 0 0 2 1 0 0 90 35467 0 0 0 4 0 1 0 0 0 42 1003 1 0 29 3 0 0 0 30369 0 4077 0 0 0 501 2555 0 73768 
16783 5 0 2125 1 0 0 6 0 0 18997 81780 0 0 0 0 10 372 0 15 0 6 0 0 80185 0 1 1867 0 0 0 28 0 2 0 0 915 41 0 24 0 14292 0 14306 0 205 20 15 9763 13668 
0 7377 25 523 10 0 280 0 2 18997 0 0 0 0 37 0 0 938 0 67366 0 106 0 0 0 0 0 0 0 0 761 89 0 21084 582 0 0 101 3 67079 0 0 17 2464 0 0 0 0 5 367 
0 18223 12522 0 17 0 0 0 0 81780 0 0 453 2567 7255 23972 0 2621 0 0 0 0 0 0 84562 0 0 21702 0 0 0 0 0 3 0 2412 0 1 7675 0 54 2684 14 2 0 43284 25843 105 0 11 
0 15849 96 0 14 4 0 0 45132 0 0 453 0 0 0 590 102 0 215 0 0 2 0 31011 0 1 2 8754 71 1 41521 8189 0 5758 4 0 0 7 83 60 12 0 25793 28 1594 0 0 10 0 70 
1 0 359 29010 0 0 0 40 0 0 0 2567 0 0 0 0 41 0 0 32490 1 22 7284 1305 0 0 0 0 0 0 0 17 0 20255 3 1344 20580 5 0 3769 35887 198 101 23 0 0 56 0 0 0 
0 64169 3186 0 0 258 0 83 0 0 37 7255 0 0 0 7 54201 407 0 0 23 0 0 0 0 0 101 0 53519 1170 0 37949 0 24601 567 0 2775 0 0 0 39001 0 30 12 46823 3 4462 0 272 14948 
7 78561 2673 0 14797 6363 12911 3 0 0 0 23972 590 0 7 0 0 240 0 0 0 70991 4 13 0 0 0 1 0 0 0 12 12 28 0 0 0 0 69109 0 13 19046 42 0 14778 0 0 433 0 17 
46445 3581 0 0 0 2713 0 0 2 10 0 0 102 41 54201 0 0 0 0 239 294 2775 0 221 0 5 8 0 5474 0 45 0 22745 0 0 0 0 144 6932 47 71 16 2109 0 2548 0 0 0 0 0 
16 15 61 11 0 0 9147 2561 1 372 938 2621 0 0 407 240 0 0 0 0 0 0 0 27 0 0 834 0 0 41 0 2 6995 0 44 0 9556 0 0 213 0 353 0 1502 8508 1927 0 357 19 4 
4 0 5569 0 0 84439 0 0 0 0 0 0 215 0 0 0 0 0 0 0 3367 0 0 0 232 20 0 3 38341 43 177 0 0 8 0 7992 2842 388 0 66251 0 2798 20 138 0 0 36 0 411 0 
10725 0 23 0 1702 13 74819 0 0 15 67366 0 0 32490 0 0 239 0 0 0 0 5009 2492 2 0 14022 1874 0 4449 0 0 2 0 127 48922 140 2 0 25642 0 18349 0 7219 0 420 0 8 27601 0 0 
3 10244 117 0 0 0 27 0 90 0 0 0 0 1 23 0 294 0 3367 0 0 0 175 212 0 246 0 14147 0 51 0 585 0 10507 84314 5 675 43231 26 15 20981 0 563 36 11107 0 0 0 0 16224 
0 1 0 0 0 48 0 0 35467 6 106 0 2 22 0 70991 2775 0 0 5009 0 0 0 25 0 541 0 0 77763 0 353 20930 14 967 0 16 0 685 0 42 0 16481 39 97 3596 0 96 4 22745 0 
37 0 0 0 0 0 286 6 0 0 0 0 0 7284 0 4 0 0 0 2492 175 0 0 0 8928 0 128 97 557 0 41 616 0 23 0 0 0 2 2 22384 37 0 2 0 119 898 279 0 4012 0 
0 0 7 0 0 5 0 0 0 0 0 0 31011 1305 0 13 221 27 0 2 212 25 0 0 31 0 0 0 44494 0 0 1490 396 0 0 0 0 0 49759 0 0 5 8491 47681 0 2425 0 0 2580 5 
406 0 80313 310 227 43 0 8172 0 80185 0 84562 0 0 0 0 0 0 232 0 0 0 8928 31 0 111 0 0 31834 0 72 0 1 0 0 1825 19522 0 346 702 0 13 0 0 0 0 2199 65 404 86 
2500 0 0 5 1546 0 0 0 4 0 0 0 1 0 0 0 5 0 20 14022 246 541 0 0 111 0 23 125 0 604 18 0 136 6960 16 316 0 0 24 0 0 0 646 4 4168 25661 0 36 4118 0 
1000 0 840 0 0 2473 101 3 0 1 0 0 2 0 101 0 8 834 0 1874 0 0 128 0 0 23 0 701 0 0 36695 3618 0 184 1 4 642 0 0 0 1722 0 0 0 0 0 0 0 435 0 
0 89 10761 30794 23217 161 0 0 1 1867 0 21702 8754 0 0 1 0 0 3 0 14147 0 97 0 0 125 701 0 15220 0 0 3309 0 86 46094 0 0 17 0 0 0 185 21 2 38959 0 1275 0 0 749 
0 0 0 0 402 0 0 9630 0 0 0 0 71 0 53519 0 5474 0 38341 4449 0 77763 557 44494 31834 0 0 15220 0 0 0 0 1 0 0 13 0 0 0 55835 5 396 0 48704 4683 0 5261 0 41118 581 
0 4 181 60 2550 0 0 2434 0 0 0 0 1 0 1170 0 0 41 43 0 51 0 0 0 0 604 0 0 0 0 0 0 1 39 0 67 0 0 0 17947 0 1015 0 0 0 0 0 2 0 7 
0 6 0 0 2616 7 0 0 0 0 761 0 41521 0 0 0 45 0 177 0 0 353 41 0 72 18 36695 0 0 0 0 0 0 0 0 0 0 214 139 4 0 608 0 0 80156 0 0 0 1 6 
0 328 0 1786 1295 0 0 14 42 28 89 0 8189 17 37949 12 0 2 0 2 585 20930 616 1490 0 0 3618 3309 0 0 0 0 1995 0 0 0 0 1409 18495 17 623 0 3228 0 828 759 12415 0 41070 138 
0 21741 0 77565 0 1342 0 0 1003 0 0 0 0 0 0 12 22745 6995 0 0 0 14 0 396 1 136 0 0 1 1 0 1995 0 926 0 0 31 273 4 0 0 0 0 7 63596 139 43 0 1735 0 
676 4912 0 237 1014 0 7756 1080 1 2 21084 3 5758 20255 24601 28 0 0 8 127 10507 967 23 0 0 6960 184 86 0 39 0 0 926 0 2384 0 139 0 91895 0 2778 19804 274 17440 0 0 6158 5 0 3 
1 0 0 52 0 0 0 5824 0 0 582 0 4 3 567 0 0 44 0 48922 84314 0 0 0 0 16 1 46094 0 0 0 0 0 2384 0 0 0 0 54 2765 26 705 603 0 0 0 8699 0 20093 1 
408 13 10 0 0 0 199 153 29 0 0 2412 0 1344 0 0 0 0 7992 140 5 16 0 0 1825 316 4 0 13 67 0 0 0 0 0 0 3 7 3783 6 0 2 0 0 7 0 0 0 0 9 
0 12581 1524 0 0 4431 0 20 3 915 0 0 0 20580 2775 0 0 9556 2842 2 675 0 0 0 19522 0 642 0 0 0 0 0 31 139 0 3 0 98 0 7 5712 0 22910 30625 35 144 19652 29 0 0 
1 2 7 0 0 0 0 3378 0 41 101 1 7 5 0 0 144 0 388 0 43231 685 2 0 0 0 0 17 0 0 214 1409 273 0 0 7 98 0 9 0 0 1 7021 1247 6383 0 1 37 2 0 
14894 0 71450 941 1325 0 0 367 0 0 3 7675 83 0 0 69109 6932 0 0 25642 26 0 2 49759 346 24 0 0 0 0 139 18495 4 91895 54 3783 0 9 0 332 0 28589 0 102 240 0 72328 0 0 0 
0 17008 8530 47 6 0 0 36 0 24 67079 0 60 3769 0 0 47 213 66251 0 15 42 22384 0 702 0 0 0 55835 17947 4 17 0 0 2765 6 7 0 332 0 0 333 38469 0 1 95879 6674 0 0 0 
0 0 757 0 0 0 3284 97 30369 0 0 54 12 35887 39001 13 71 0 0 18349 20981 0 37 0 0 0 1722 0 5 0 0 623 0 2778 26 0 5712 0 0 0 0 20 0 0 6 0 0 103 1 1971 
0 0 1 87907 1579 0 1918 23347 0 14292 0 2684 0 198 0 19046 16 353 2798 0 0 16481 0 5 13 0 0 185 396 1015 608 0 0 19804 705 2 0 1 28589 333 20 0 104 819 0 4 0 0 60718 0 
277 2 0 1 8561 253 3 0 4077 0 17 14 25793 101 30 42 2109 0 20 7219 563 39 2 8491 0 646 0 21 0 0 0 3228 0 274 603 0 22910 7021 0 38469 0 104 0 0 0 0 0 27 0 21 
288 0 3633 0 1 0 604 0 0 14306 2464 2 28 23 12 0 0 1502 138 0 36 97 0 47681 0 4 0 2 48704 0 0 0 7 17440 0 0 30625 1247 102 0 0 819 0 0 23 0 0 44925 5440 7 
0 104 46352 79146 3932 6076 0 0 0 0 0 0 1594 0 46823 14778 2548 8508 0 420 11107 3596 119 0 0 4168 0 38959 4683 0 80156 828 63596 0 0 7 35 6383 240 1 6 0 0 23 0 38495 688 0 0 0 
0 43 0 0 16 0 5 0 0 205 0 43284 0 0 3 0 0 1927 0 0 0 0 898 2425 0 25661 0 0 0 0 0 759 139 0 0 0 144 0 0 95879 0 4 0 0 38495 0 0 0 110 0 
0 992 84 0 0 0 23 0 501 20 0 25843 0 56 4462 0 0 0 36 8 0 96 279 0 2199 0 0 1275 5261 0 0 12415 43 6158 8699 0 19652 1 72328 6674 0 0 0 0 688 0 0 3695 0 0 
0 1840 145 0 1207 0 14540 0 2555 15 0 105 10 0 0 433 0 357 0 27601 0 4 0 0 65 36 0 0 0 2 0 0 0 5 0 0 29 37 0 0 103 0 27 44925 0 0 3695 0 9 52 
5 905 36 5155 54 0 0 1 0 9763 5 0 0 0 272 0 0 19 411 0 0 22745 4012 2580 404 4118 435 0 41118 0 1 41070 1735 0 20093 0 0 2 0 0 1 60718 0 5440 0 110 0 9 0 0 
388 0 3143 17122 0 0 14450 0 73768 13668 367 11 70 0 14948 17 0 4 0 0 16224 0 0 5 86 0 0 749 581 7 6 138 0 3 1 9 0 0 0 0 1971 0 21 7 0 0 0 52 0 0 
0 87105 72 0 0 0 535 65515 0 383 0 0 0 2 0 30481 2639 2 2618 743 18 0 6 0 63793 9747 99551 0 0 0 0 0 0 2712 31879 2436 0 1 2 0 0 0 7559 121 0 0 0 0 3851 97277 
87105 0 1062 0 43912 0 0 0 0 1 5493 51 20 0 19402 784 2 61028 0 0 5852 251 0 0 0 0 0 23 0 3732 24 6 2140 18 0 8 9 15527 0 2 0 0 58 0 73463 4 6047 455 5153 0 
72 1062 0 77 0 943 53906 0 0 0 18 2622 4 54797 49 10220 0 70714 19 15 1337 0 0 3 11355 0 113 68296 0 1 0 0 0 0 0 19091 28 6 10666 1 2249 95052 0 4671 5 0 247 2095 8481 22266 
0 0 77 0 0 0 0 0 0 1158 26 0 0 31310 0 0 0 39149 0 0 0 0 0 0 1013 42 0 19126 0 4 0 3217 1372 639 771 0 0 0 646 2 0 93 25456 0 56 0 0 0 87736 14860 
0 43912 0 0 0 0 987 84859 0 427 13 5231 36192 0 0 74509 0 0 0 550 0 0 0 0 2 3923 0 23 36 3693 4750 330 0 2955 0 0 0 0 5930 6058 0 17829 6 45 6286 61718 0 2 251 0 
0 0 943 0 0 0 0 0 107 0 0 0 823 0 79781 36 78792 0 5854 44 0 1267 0 43 176 0 11547 1 0 0 9210 0 4934 0 0 0 10772 0 0 0 0 0 546 0 208 0 0 0 0 0 
535 0 53906 0 987 0 0 0 37823 0 5 0 0 0 0 124 0 49 0 4000 1948 0 788 0 0 0 16 0 0 0 0 0 0 1 0 151 0 0 0 0 4 87 235 1898 0 3125 1388 5 0 42144 
65515 0 0 0 84859 0 0 0 0 8763 0 0 0 21464 2907 10 0 53 0 0 0 0 1 0 1037 0 560 0 93077 1 0 23 0 1283 13048 45518 15 83680 299 7073 2 3737 0 0 0 0 0 0 134 0 
0 0 0 0 0 107 37823 0 0 0 76988 0 6 0 0 0 63575 3 0 0 4 60 0 0 0 8 0 215 0 0 0 22074 4 12 0 4 98 0 0 0 6 0 1378 0 0 0 5170 1 0 11 
383 1 0 1158 427 0 0 8763 0 0 26 62722 0 0 0 0 6 5 0 16 0 27670 0 0 13 0 737 92190 0 0 0 4 0 104 0 0 72 2131 0 64 0 24899 0 6370 0 110 28389 331 10 22 
0 5493 18 26 13 0 5 0 76988 26 0 0 0 0 123 0 0 80723 0 147 0 4 0 0 0 0 0 0 0 0 59545 12 0 1 208 0 0 11 242 6 0 0 6699 585 0 0 0 0 994 42 
0 51 2622 0 5231 0 0 0 0 62722 0 0 911 19485 7809 71420 0 14 0 0 0 0 0 0 96 0 0 87 0 0 0 0 0 34 0 2 0 59683 2 0 3307 18980 39 349 0 1 9 80582 0 7 
0 20 4 0 36192 823 0 0 6 0 0 911 0 0 0 12 4 0 4459 0 0 6 0 4 0 472 7862 9 685 11378 35 35 0 22 8 0 0 8 83456 7872 20 0 57751 41 1 0 0 531 0 203 
2 0 54797 31310 0 0 0 21464 0 0 0 19485 0 0 0 0 30 0 0 15 57722 258 24 9 0 0 0 0 0 0 0 400 0 99329 6914 1 461 18199 0 2 15054 3 974 267 0 0 2539 0 0 0 
0 19402 49 0 0 79781 0 2907 0 0 123 7809 0 0 0 34 134 57 0 0 85 0 0 0 0 0 207 0 60166 39939 0 1914 0 1 28 0 99187 0 0 0 2908 0 52918 6 3 31 43472 0 17652 1 
30481 784 10220 0 74509 36 124 10 0 0 0 71420 12 0 34 0 0 4061 0 0 0 38463 4 2584 0 0 0 50489 0 0 0 7 10 23491 0 0 0 0 1 0 13931 18676 476 0 59 0 0 233 0 4897 
2639 2 0 0 0 78792 0 0 63575 6 0 0 4 30 134 0 0 0 0 1612 68 81 0 1 0 1173 60 0 3 0 31812 0 7 0 0 0 0 23700 8 3968 8 22701 3727 0 208 0 0 0 0 0 
2 61028 70714 39149 0 0 49 53 3 5 80723 14 0 0 57 4061 0 0 0 0 0 0 0 1 0 0 63 0 0 51 0 1831 1650 0 139 0 19660 0 0 46 0 6 0 572 1663 18246 0 7 155 4011 
2618 0 19 0 0 5854 0 0 0 0 0 0 4459 0 0 0 0 0 0 0 1 0 0 0 12299 1906 0 1 11545 5 10158 0 0 29 0 741 16 3 0 217 0 326 160 2362 0 0 25 0 8 0 
743 0 15 0 550 44 4000 0 0 16 147 0 0 15 0 0 1612 0 0 0 0 41048 3859 5 0 1 5270 0 8752 0 0 43813 0 6 31 15005 4966 0 437 0 1 0 94 0 28 0 590 11 0 0 
18 5852 1337 0 0 0 1948 0 4 0 0 0 0 57722 85 0 68 0 1 0 0 0 18 2858 0 17353 0 556 0 9018 0 116 0 461 38622 19 216 213 419 48 292 0 1624 68 344 0 0 0 0 6 
0 251 0 0 0 1267 0 0 60 27670 4 0 6 258 0 38463 81 0 0 41048 0 0 0 4414 0 13 0 0 24725 0 119 2 956 101 0 5289 0 1536 0 79658 0 1363 138 8 1999 0 12342 900 38 0 
6 0 0 0 0 0 788 1 0 0 0 0 0 24 0 4 0 0 0 3859 18 0 0 0 14 0 3 45005 18006 0 5 95 0 5 0 0 0 1 378 8463 196 0 20 0 315 329 17346 0 77507 0 
0 0 3 0 0 43 0 0 0 0 0 0 4 9 0 2584 1 1 0 5 2858 4414 0 0 10 0 0 0 3664 0 0 1389 661 0 0 0 0 0 6353 0 0 118 2082 1 0 2 0 0 3078 68 
63793 0 11355 1013 2 176 0 1037 0 13 0 96 0 0 0 0 0 0 12299 0 0 0 14 10 0 3 0 0 17 0 1 0 33 0 0 764 2512 0 26976 2512 0 2070 0 0 0 0 1 35 82368 31 
9747 0 0 42 3923 0 0 0 8 0 0 0 472 0 0 0 1173 0 1906 1 17353 13 0 0 3 0 10 74 0 31 103 0 68619 1643 15 957 0 0 9136 0 0 0 366 6 148 728 0 7 87113 0 
99551 0 113 0 0 11547 16 560 0 737 0 0 7862 0 207 0 60 63 0 5270 0 0 3 0 0 10 0 165 0 0 4231 2 0 1465 71286 15197 2 0 0 0 150 0 0 0 0 0 0 0 759 0 
0 23 68296 19126 23 1 0 0 215 92190 0 87 9 0 0 50489 0 0 1 0 556 0 45005 0 0 74 165 0 238 0 0 416 0 9 1876 0 0 577 0 0 0 5 1632 431 4497 0 29 0 0 366 
0 0 0 0 36 0 0 93077 0 0 0 0 685 0 60166 0 3 0 11545 8752 0 24725 18006 3664 17 0 0 238 0 0 0 0 2 0 0 1107 0 0 0 26919 1043 17 0 34506 3 0 90567 0 2192 1 
0 3732 1 4 3693 0 0 1 0 0 0 0 11378 0 39939 0 0 51 5 0 9018 0 0 0 0 31 0 0 0 0 0 0 854 1274 0 1 0 0 0 9 0 61 0 0 0 0 0 10961 0 2 
0 24 0 0 4750 9210 0 0 0 0 59545 0 35 0 0 0 31812 0 10158 0 0 119 5 0 1 103 4231 0 0 0 0 0 0 0 0 0 0 1 137 140 0 1695 0 0 140 0 0 0 39 1253 
0 6 0 3217 330 0 0 23 22074 4 12 0 35 400 1914 7 0 1831 0 43813 116 2 95 1389 0 0 2 416 0 0 0 0 525 0 0 0 0 697 67599 165 1436 0 19159 0 114 35797 2 0 648 296 
0 2140 0 1372 0 4934 0 0 4 0 0 0 0 0 0 10 7 1650 0 0 0 956 0 661 33 68619 0 0 2 854 0 525 0 55236 0 0 1 16097 1 0 0 0 0 4545 6403 18718 18 0 4710 0 
2712 18 0 639 2955 0 1 1283 12 104 1 34 22 99329 1 23491 0 0 29 6 461 101 5 0 0 1643 1465 9 0 1274 0 0 55236 0 2055 0 215 0 19 0 31802 11283 1492 1122 0 0 140 3681 0 1497 
31879 0 0 771 0 0 0 13048 0 0 208 0 8 6914 28 0 0 139 0 31 38622 0 0 0 0 15 71286 1876 0 0 0 0 0 2055 0 0 0 0 4 3249 3098 1370 1 0 0 0 7861 0 55684 7027 
2436 8 19091 0 0 0 151 45518 4 0 0 2 0 1 0 0 0 0 741 15005 19 5289 0 0 764 957 15197 0 1107 1 0 0 0 0 0 0 36538 369 7 712 0 1965 0 0 138 0 0 0 0 327 
0 9 28 0 0 10772 0 15 98 72 0 0 0 461 99187 0 0 19660 16 4966 216 0 0 0 2512 0 2 0 0 0 0 0 1 215 0 36538 0 9808 0 133 43365 0 19546 31409 12 31 11603 69389 0 0 
1 15527 6 0 0 0 0 83680 0 2131 11 59683 8 18199 0 0 23700 0 3 0 213 1536 1 0 0 0 0 577 0 0 1 697 16097 0 0 369 9808 0 2436 0 0 3 6620 53019 52646 0 4010 7865 10 0 
2 0 10666 646 5930 0 0 299 0 0 242 2 83456 0 0 1 8 0 0 437 419 0 378 6353 26976 9136 0 0 0 0 137 67599 1 19 4 7 0 2436 0 48 0 56 0 767 2 0 82460 0 0 0 
0 2 1 2 6058 0 0 7073 0 64 6 0 7872 2 0 0 3968 46 217 0 48 79658 8463 0 2512 0 0 0 26919 9 140 165 0 0 3249 712 133 0 48 0 0 12916 3 0 34140 5080 142 0 0 0 
0 0 2249 0 0 0 4 2 6 0 0 3307 20 15054 2908 13931 8 0 0 1 292 0 196 0 0 0 150 0 1043 0 0 1436 0 31802 3098 0 43365 0 0 0 0 10 0 0 3224 0 0 11 2845 86956 
0 0 95052 93 17829 0 87 3737 0 24899 0 18980 0 3 0 18676 22701 6 326 0 0 1363 0 118 2070 0 0 5 17 61 1695 0 0 11283 1370 1965 0 3 56 12916 10 0 27 3 0 547 0 0 3240 0 
7559 58 0 25456 6 546 235 0 1378 0 6699 39 57751 974 52918 476 3727 0 160 94 1624 138 20 2082 0 366 0 1632 0 0 0 19159 0 1492 1 0 19546 6620 0 3 0 27 0 0 0 0 0 174 0 7 
121 0 4671 0 45 0 1898 0 0 6370 585 349 41 267 6 0 0 572 2362 0 68 8 0 1 0 6 0 431 34506 0 0 0 4545 1122 0 0 31409 53019 767 0 0 3 0 0 1 0 0 32525 10624 36664 
0 73463 5 56 6286 208 0 0 0 0 0 0 1 0 3 59 208 1663 0 28 344 1999 315 0 0 148 0 4497 3 0 140 114 6403 0 0 138 12 52646 2 34140 3224 0 0 1 0 2869 60931 0 0 0 
0 4 0 0 61718 0 3125 0 0 110 0 1 0 0 31 0 0 18246 0 0 0 0 329 2 0 728 0 0 0 0 0 35797 18718 0 0 0 31 0 0 5080 0 547 0 0 2869 0 0 0 23 0 
0 6047 247 0 0 0 1388 0 5170 28389 0 9 0 2539 43472 0 0 0 25 590 0 12342 17346 0 1 0 0 29 90567 0 0 2 18 140 7861 0 11603 4010 82460 142 0 0 0 0 60931 0 0 275 0 0 
0 455 2095 0 2 0 5 0 1 331 0 80582 531 0 0 233 0 7 0 11 0 900 0 0 35 7 0 0 0 10961 0 0 0 3681 0 0 69389 7865 0 0 11 0 174 32525 0 0 275 0 76127 93287 
3851 5153 8481 87736 251 0 0 134 0 10 994 0 0 0 17652 0 0 155 8 0 0 38 77507 3078 82368 87113 759 0 2192 0 39 648 4710 0 55684 0 0 10 0 0 2845 3240 0 10624 0 23 0 76127 0 0 
97277 0 22266 14860 0 0 42144 0 11 22 42 7 203 0 1 4897 0 4011 0 0 6 0 0 68 31 0 0 366 1 2 1253 296 0 1497 7027 327 0 0 0 0 86956 0 7 36664 0 0 0 93287 0 0 
0 70 837 0 0 0 1 29580 0 592 0 0 0 14113 0 3 36310 3 330 41 66618 0 3 0 1 2 13325 0 0 0 0 0 0 28 7 33 0 433 2 0 0 0 3 9308 0 0 0 0 2652 7671 
70 0 4344 0 26 0 0 0 0 51269 9 61030 1 0 1550 3 93 1 0 0 4578 42119 0 0 0 0 0 36 0 168 240 41 29 9030 0 14672 4802 19509 0 1 0 0 27566 0 28 1 1 161 9 0 
837 4344 0 3 0 7 2448 0 0 0 1990 8437 17 1313 1679 15705 0 3246 43 1354 97 0 0 141 10191 0 3618 9655 0 2891 0 0 0 0 0 3 52294 17 13 3 2048 1880 0 7 7534 0 24910 17 2 3 
0 0 3 0 0 0 0 0 0 23421 4092 0 0 4 0 0 0 66369 0 0 0 0 0 0 1 1 0 9908 0 113 0 3369 2 6257 657 0 0 0 350 5393 0 118 46497 0 26427 0 0 0 16804 22 
0 26 0 0 0 0 2 1 0 2578 41 2 576 0 0 5205 0 0 0 7839 0 0 0 0 781 495 0 3106 1 4 4610 91582 0 1617 0 0 0 0 8 2 0 27035 119 612 5208 249 0 11046 40 0 
0 0 7 0 0 0 0 0 5378 0 0 0 61063 0 6699 148 117 0 4384 4765 0 90464 0 22 9 0 782 31 0 0 1 0 200 0 0 0 63275 0 0 0 0 0 1443 0 16 0 0 0 0 0 
1 0 2448 0 2 0 0 0 21259 0 38976 0 0 0 0 4 0 2 0 6 161 0 12 0 0 0 12 0 0 0 0 0 0 817 0 500 0 0 0 0 1007 406 56 11918 0 4059 4871 1 0 21 
29580 0 0 0 1 0 0 0 0 16903 0 0 0 27262 5 2592 0 7870 0 0 0 0 56 0 8305 0 11 0 44 26 0 1742 0 24827 5 73793 33 5 81295 3313 51 29 0 0 0 0 0 0 13507 0 
0 0 0 0 0 5378 21259 0 0 0 2431 0 88 0 0 0 2813 53557 0 0 302 3629 0 0 0 333 0 69530 0 0 0 219 1 58 0 1 11616 0 0 0 4928 0 69404 0 0 0 76 30919 0 13 
592 51269 0 23421 2578 0 0 16903 0 0 22 120 0 0 0 0 46511 22 0 32901 0 601 0 0 1 0 3955 30257 0 0 0 418 0 4416 0 0 379 6059 0 1616 0 124 0 3 0 4401 287 31 1724 2084 
0 9 1990 4092 41 0 38976 0 2431 22 0 0 0 0 7 0 0 1038 0 9624 0 32 0 0 0 0 0 0 0 0 54124 23 0 306 1 0 0 23926 5 4788 0 0 1955 27274 0 0 0 0 2 4 
0 61030 8437 0 2 0 0 0 0 120 0 0 2 39 4 13 0 299 0 0 0 0 0 0 1 0 0 136 0 0 0 0 0 69 0 63393 0 46 313 0 377 20 44054 10358 0 3 2220 30 0 5 
0 1 17 0 576 61063 0 0 88 0 0 2 0 0 0 45890 662 0 31225 0 0 4 0 3000 0 6 9690 9275 1093 10229 9466 4328 0 2 1 0 0 3651 338 5 3259 0 450 17 222 0 0 170 0 328 
14113 0 1313 4 0 0 0 27262 0 0 0 39 0 0 0 0 2 0 0 7 348 134 2 262 0 0 0 0 0 0 0 11070 0 496 11 206 349 3977 0 112 669 589 21 1 0 0 657 0 0 0 
0 1550 1679 0 0 6699 0 5 0 0 7 4 0 0 0 3 9871 34405 0 0 6735 0 0 0 0 0 10 0 79540 1066 0 10 0 1293 1213 0 5277 0 0 0 637 0 69842 1 23 269 1685 0 66 663 
3 3 15705 0 5205 148 4 2592 0 0 0 13 45890 0 3 0 0 128 0 0 0 30 24 10942 0 0 0 900 0 0 0 1 1 25 0 0 0 0 1 0 91 158 4 0 10 0 0 42 0 34811 
36310 93 0 0 0 117 0 0 2813 46511 0 0 662 2 9871 0 0 0 0 1 2 16 0 193 0 29537 9 0 36 0 16287 0 6578 0 0 0 0 5575 11 5493 1 63728 48631 0 2 0 0 0 0 0 
3 1 3246 66369 0 0 2 7870 53557 22 1038 299 0 0 34405 128 0 0 0 0 0 0 0 21 0 0 156 0 0 807 0 1 36 0 386 0 94952 0 0 77364 0 3 0 15 8647 2 0 52 4 2 
330 0 43 0 0 4384 0 0 0 0 0 0 31225 0 0 0 0 0 0 0 4746 0 0 0 88193 131 0 116 5619 319 4018 0 0 23 0 24387 251 4198 0 56 0 2 203 10 0 0 61 0 79 0 
41 0 1354 0 7839 4765 6 0 0 32901 9624 0 0 7 0 0 1 0 0 0 0 58118 1801 1 0 669 20432 0 167 0 0 3 0 37 7643 1647 25341 0 8223 0 1 0 50616 0 22 0 8 1929 0 0 
66618 4578 97 0 0 0 161 0 302 0 0 0 0 348 6735 0 2 0 4746 0 0 0 2465 1 0 1 0 771 0 1 0 3 0 94158 2892 48 2785 9 95 1396 812 0 11326 480 16 0 0 0 0 48 
0 42119 0 0 0 90464 0 0 3629 601 32 0 4 134 0 30 16 0 0 58118 0 0 0 39712 0 5629 0 0 10 0 3839 5471 371 17 0 11 0 2171 0 8610 0 2 20471 171 2 0 4 1749 4578 0 
3 0 0 0 0 0 12 56 0 0 0 0 0 2 0 24 0 0 0 1801 2465 0 0 0 3418 0 64058 88130 13925 0 9 698 0 5975 0 0 0 237 201 22 1 0 51363 0 28736 3997 3 0 73 0 
0 0 141 0 0 22 0 0 0 0 0 0 3000 262 0 10942 193 21 0 1 1 39712 0 0 49391 0 0 0 126 0 0 2 16140 0 0 0 0 0 1 0 0 812 22065 61 0 34597 0 0 41113 29326 
1 0 10191 1 781 9 0 8305 0 1 0 1 0 0 0 0 0 0 88193 0 0 0 3418 49391 0 3 0 0 12 0 9 0 348 0 0 279 85706 0 73327 23240 0 640 0 0 0 0 18925 39458 13 9797 
2 0 0 1 495 0 0 0 333 0 0 0 6 0 0 0 29537 0 131 669 1 5629 0 0 3 0 7 13 0 2 98 0 585 5 153 15 0 0 133 0 0 0 1838 3790 11361 3110 0 5 1 0 
13325 0 3618 0 0 782 12 11 0 3955 0 0 9690 0 10 0 9 156 0 20432 0 0 64058 0 0 7 0 42994 0 0 12 3 0 441 92076 47 10783 0 0 0 29806 0 0 0 0 0 0 0 57014 0 
0 36 9655 9908 3106 31 0 0 69530 30257 0 136 9275 0 0 900 0 0 116 0 771 0 88130 0 0 13 42994 0 251 0 0 1 0 4724 21 0 0 6 0 0 0 30 8 5 83 0 4203 0 0 12474 
0 0 0 0 1 0 0 44 0 0 0 0 1093 0 79540 0 36 0 5619 167 0 10 13925 126 12 0 0 251 0 0 0 0 36 0 0 59743 0 0 0 27438 60 7 0 117 10894 0 3 0 1 430 
0 168 2891 113 4 0 0 26 0 0 0 0 10229 0 1066 0 0 807 319 0 1 0 0 0 0 2 0 0 0 0 0 0 41287 41 0 2361 0 0 0 104 0 2 0 0 0 0 0 21836 0 2519 
0 240 0 0 4610 1 0 0 0 0 54124 0 9466 0 0 0 16287 0 4018 0 0 3839 9 0 9 98 12 0 0 0 0 0 0 0 0 0 0 1115 8 253 0 235 0 0 24558 0 0 0 7 183 
0 41 0 3369 91582 0 0 1742 219 418 23 0 4328 11070 10 1 0 1 0 3 3 5471 698 2 0 0 3 1 0 0 0 0 12 0 0 0 0 14690 245 68 48 0 2 0 23979 90508 31 0 4 4 
0 29 0 2 0 200 0 0 1 0 0 0 0 0 0 1 6578 36 0 0 0 371 0 16140 348 585 0 0 36 41287 0 12 0 28008 0 0 3307 60 7039 0 0 0 0 46463 2888 710 627 0 107 0 
28 9030 0 6257 1617 0 817 24827 58 4416 306 69 2 496 1293 25 0 0 23 37 94158 17 5975 0 0 5 441 4724 0 41 0 0 28008 0 188 0 8679 0 76984 0 15 6 59029 6508 0 0 90 15 0 81495 
7 0 0 657 0 0 0 5 0 0 1 0 1 11 1213 0 0 386 0 7643 2892 0 0 0 0 153 92076 21 0 0 0 0 0 188 0 0 0 0 1 23 3456 2584 6739 0 0 0 9 0 11 53693 
33 14672 3 0 0 0 500 73793 1 0 0 63393 0 206 0 0 0 0 24387 1647 48 11 0 0 279 15 47 0 59743 2361 0 0 0 0 0 0 7268 32059 142 57890 0 439 0 0 1973 0 0 0 0 399 
0 4802 52294 0 0 63275 0 33 11616 379 0 0 0 349 5277 0 0 94952 251 25341 2785 0 0 0 85706 0 10783 0 0 0 0 0 3307 8679 0 7268 0 2556 0 133 4051 0 445 35 2 34 1546 88 0 0 
433 19509 17 0 0 0 0 5 0 6059 23926 46 3651 3977 0 0 5575 0 4198 0 9 2171 237 0 0 0 0 6 0 0 1115 14690 60 0 0 32059 2556 0 10 0 0 6780 1536 16 17 0 39 461 3 0 
2 0 13 350 8 0 0 81295 0 0 5 313 338 0 0 1 11 0 0 8223 95 0 201 1 73327 133 0 0 0 0 8 245 7039 76984 1 142 0 10 0 2740 0 49 0 8 4 0 65 0 0 0 
0 1 3 5393 2 0 0 3313 0 1616 4788 0 5 112 0 0 5493 77364 56 0 1396 8610 22 0 23240 0 0 0 27438 104 253 68 0 0 23 57890 133 0 2740 0 0 17970 33340 0 758 72 8449 0 0 0 
0 0 2048 0 0 0 1007 51 4928 0 0 377 3259 669 637 91 1 0 0 1 812 0 1 0 0 0 29806 0 60 0 0 48 0 15 3456 0 4051 0 0 0 0 23 0 0 268 0 0 20061 2700 1 
0 0 1880 118 27035 0 406 29 0 124 0 20 0 589 0 158 63728 3 2 0 0 2 0 812 640 0 0 30 7 2 235 0 0 6 2584 439 0 6780 49 17970 23 0 1368 96565 0 5 0 0 4 0 
3 27566 0 46497 119 1443 56 0 69404 0 1955 44054 450 21 69842 4 48631 0 203 50616 11326 20471 51363 22065 0 1838 0 8 0 0 0 2 0 59029 6739 0 445 1536 0 33340 0 1368 0 0 0 0 0 85195 0 20539 
9308 0 7 0 612 0 11918 0 0 3 27274 10358 17 1 1 0 0 15 10 0 480 171 0 61 0 3790 0 5 117 0 0 0 46463 6508 0 0 35 16 8 0 0 96565 0 0 2 0 0 10873 1 4444 
0 28 7534 26427 5208 16 0 0 0 0 0 0 222 0 23 10 2 8647 0 22 16 2 28736 0 0 11361 0 83 10894 0 24558 23979 2888 0 0 1973 2 17 4 758 268 0 0 2 0 48629 30 0 0 0 
0 1 0 0 249 0 4059 0 0 4401 0 3 0 0 269 0 0 2 0 0 0 0 3997 34597 0 3110 0 0 0 0 0 90508 710 0 0 0 34 0 0 72 0 5 0 0 48629 0 0 0 212 0 
0 1 24910 0 0 0 4871 0 76 287 0 2220 0 657 1685 0 0 0 61 8 0 4 3 0 18925 0 0 4203 3 0 0 31 627 90 9 0 1546 39 65 8449 0 0 0 0 30 0 0 195 0 0 
0 161 17 0 11046 0 1 0 30919 31 0 30 170 0 0 42 0 52 0 1929 0 1749 0 0 39458 5 0 0 0 21836 0 0 0 15 0 0 88 461 0 0 20061 0 85195 10873 0 0 195 0 144 10896 
2652 9 2 16804 40 0 0 13507 0 1724 2 0 0 0 66 0 0 4 79 0 0 4578 73 41113 13 1 57014 0 1 0 7 4 107 0 11 0 0 3 0 0 2700 4 0 1 0 212 0 144 0 0 
7671 0 3 22 0 0 21 0 13 2084 4 5 328 0 663 34811 0 2 0 0 48 0 0 29326 9797 0 0 12474 430 2519 183 4 0 81495 53693 399 0 0 0 0 1 0 20539 4444 0 0 0 10896 0 0 
