30 3
0 59 64 103 62 95 95 48 90 88 90 112 64 139 74 53 26 148 87 89 78 107 103 6 100 177 116 85 94 32 
59 0 70 49 40 62 36 46 31 30 43 69 27 80 26 37 59 91 39 30 28 48 85 53 62 119 57 26 35 49 
64 70 0 118 33 51 89 98 88 95 64 73 48 126 97 33 87 124 64 86 63 108 150 62 58 154 114 86 89 33 
103 49 118 0 85 94 38 68 34 23 68 88 69 56 28 85 93 77 65 36 58 23 68 97 90 97 30 33 37 98 
62 40 33 85 0 33 56 78 55 62 34 51 15 94 66 8 77 96 33 53 30 75 125 57 38 126 81 53 55 32 
95 62 51 94 33 0 57 107 59 71 25 22 37 82 84 42 110 75 28 57 37 76 147 91 7 104 78 61 57 65 
95 36 89 38 56 57 0 77 6 17 31 50 41 44 39 58 95 55 29 6 25 20 100 89 52 83 25 11 1 78 
48 46 98 68 78 107 77 0 71 63 90 115 69 117 41 71 27 133 86 71 75 81 55 45 108 159 90 66 76 65 
90 31 88 34 55 59 6 71 0 12 34 55 39 49 33 57 89 61 31 2 25 20 94 84 56 89 27 5 5 75 
88 30 95 23 62 71 17 63 12 0 46 67 46 53 23 63 84 69 43 14 35 19 82 82 68 95 28 10 16 78 
90 43 64 68 34 25 31 90 34 46 0 25 25 61 61 41 99 61 3 32 15 51 124 84 22 92 53 36 32 65 
112 69 73 88 51 22 50 115 55 67 25 0 49 63 86 60 123 54 29 53 40 67 148 107 15 82 66 58 51 84 
64 27 48 69 15 37 41 69 39 46 25 49 0 81 52 17 74 86 23 37 16 60 112 58 38 116 66 37 40 40 
139 80 126 56 94 82 44 117 49 53 61 63 81 0 75 99 137 23 62 50 65 36 125 133 74 41 27 54 45 121 
74 26 97 28 66 84 39 41 33 23 61 86 52 75 0 64 65 92 58 34 47 39 62 69 83 117 49 28 38 73 
53 37 33 85 8 42 58 71 57 63 41 60 17 99 64 0 69 102 39 55 34 77 120 48 46 132 83 54 58 24 
26 59 87 93 77 110 95 27 89 84 99 123 74 137 65 69 0 150 95 88 85 103 79 26 113 178 112 83 93 54 
148 91 124 77 96 75 55 133 61 69 61 54 86 23 92 102 150 0 63 62 70 55 146 142 68 30 47 67 57 126 
87 39 64 65 33 28 29 86 31 43 3 29 23 62 58 39 95 63 0 29 11 49 121 81 25 93 52 33 29 63 
89 30 86 36 53 57 6 71 2 14 32 53 37 50 34 55 88 62 29 0 23 22 95 83 54 89 29 5 5 73 
78 28 63 58 30 37 25 75 25 35 15 40 16 65 47 34 85 70 11 23 0 45 110 72 35 100 50 25 25 56 
107 48 108 23 75 76 20 81 20 19 51 67 60 36 39 77 103 55 49 22 45 0 91 101 71 77 9 23 20 95 
103 85 150 68 125 147 100 55 94 82 124 148 112 125 62 120 79 146 121 95 110 91 0 100 146 164 99 90 98 119 
6 53 62 97 57 91 89 45 84 82 84 107 58 133 69 48 26 142 81 83 72 101 100 0 95 171 110 79 88 29 
100 62 58 90 38 7 52 108 56 68 22 15 38 74 83 46 113 68 25 54 35 71 146 95 0 97 72 58 53 70 
177 119 154 97 126 104 83 159 89 95 92 82 116 41 117 132 178 30 93 89 100 77 164 171 97 0 68 94 84 156 
116 57 114 30 81 78 25 90 27 28 53 66 66 27 49 83 112 47 52 29 50 9 99 110 72 68 0 31 25 102 
85 26 86 33 53 61 11 66 5 10 36 58 37 54 28 54 83 67 33 5 25 23 90 79 58 94 31 0 10 72 
94 35 89 37 55 57 1 76 5 16 32 51 40 45 38 58 93 57 29 5 25 20 98 88 53 84 25 10 0 78 
32 49 33 98 32 65 78 65 75 78 65 84 40 121 73 24 54 126 63 73 56 95 119 29 70 156 102 72 78 0 
0 1638 0 28536 0 1 41 0 0 10 61 0 0 1819 43564 0 1 146 0 0 79 0 0 0 311 13 0 0 0 5830 
1638 0 0 2845 0 0 0 6 0 0 56103 832 0 1 88 0 84156 0 0 4832 21 1853 0 65842 3205 21 0 6 16 0 
0 0 0 0 0 0 48146 495 78 351 0 0 67894 0 613 0 0 0 36 7 0 0 0 4437 0 23 0 16038 0 1402 
28536 2845 0 0 2062 146 36770 0 16 0 0 8 0 0 0 0 41558 139 0 448 44516 0 0 0 0 3 0 0 221 0 
0 0 0 2062 0 2244 4 4694 21013 0 0 0 0 0 7 3826 548 0 3684 0 1 146 0 0 26078 3109 8449 1 0 0 
1 0 0 146 2244 0 9765 0 0 615 0 1 0 1 0 273 1170 0 0 0 0 0 260 0 0 0 0 344 0 367 
41 0 48146 36770 4 9765 0 0 4565 0 0 0 0 0 1 273 15440 1 0 0 13836 41193 0 0 100 38281 2 0 0 6850 
0 6 495 0 4694 0 0 0 859 65 2104 0 9168 79 0 8879 6496 17731 1 0 0 0 0 65162 33984 11564 17 39 0 51151 
0 0 78 16 21013 0 4565 859 0 0 0 0 51 25 0 66880 4449 0 18837 0 0 0 0 0 35 0 0 0 16 478 
10 0 351 0 0 615 0 65 0 0 0 49 0 0 0 29994 7 0 0 0 61719 33 1 16661 0 44470 0 0 1728 0 
61 56103 0 0 0 0 0 2104 0 0 0 47987 17769 34880 0 550 44341 0 0 31643 71 0 50 348 0 2252 0 161 990 0 
0 832 0 8 0 1 0 0 0 49 47987 0 0 6 24003 0 0 897 0 0 44980 293 0 1033 1294 11 1 0 0 863 
0 0 67894 0 0 0 0 9168 51 0 17769 0 0 1 1 12 0 0 0 0 0 68 16354 10209 0 29 71721 0 5 75 
1819 1 0 0 0 1 0 79 25 0 34880 6 1 0 0 0 0 0 78 18 552 2 0 41 2969 0 0 932 2091 22 
43564 88 613 0 7 0 1 0 0 0 0 24003 1 0 0 0 0 0 217 1362 6335 0 19246 0 1 0 0 0 0 10770 
0 0 0 0 3826 273 273 8879 66880 29994 550 0 12 0 0 0 0 0 2643 71166 537 0 0 2210 6 0 0 0 0 0 
1 84156 0 41558 548 1170 15440 6496 4449 7 44341 0 0 0 0 0 0 85 0 28987 1 56665 4 20 0 0 4356 0 50397 0 
146 0 0 139 0 0 1 17731 0 0 0 897 0 0 0 0 85 0 879 85 0 13184 0 0 3564 826 0 13 77 16913 
0 0 36 0 3684 0 0 1 18837 0 0 0 0 78 217 2643 0 879 0 0 0 0 17 0 5 7 0 0 28 21 
0 4832 7 448 0 0 0 0 0 0 31643 0 0 18 1362 71166 28987 85 0 0 15147 0 71 5 5 12 16008 44873 6085 0 
79 21 0 44516 1 0 13836 0 0 61719 71 44980 0 552 6335 537 1 0 0 15147 0 0 31 0 0 0 0 66 378 0 
0 1853 0 0 146 0 41193 0 0 33 0 293 68 2 0 0 56665 13184 0 0 0 0 16 0 811 0 67719 0 0 82 
0 0 0 0 0 260 0 0 0 1 50 0 16354 0 19246 0 4 0 17 71 31 16 0 1 7 0 0 0 12 0 
0 65842 4437 0 0 0 0 65162 0 16661 348 1033 10209 41 0 2210 20 0 0 5 0 0 1 0 6 0 284 842 0 134 
311 3205 0 0 26078 0 100 33984 35 0 0 1294 0 2969 1 6 0 3564 5 5 0 811 7 6 0 10 0 0 0 0 
13 21 23 3 3109 0 38281 11564 0 44470 2252 11 29 0 0 0 0 826 7 12 0 0 0 0 10 0 0 1 0 7 
0 0 0 0 8449 0 2 17 0 0 0 1 71721 0 0 0 4356 0 0 16008 0 67719 0 284 0 0 0 13100 61 0 
0 6 16038 0 1 344 0 39 0 0 161 0 0 932 0 0 0 13 0 44873 66 0 0 842 0 1 13100 0 19 85 
0 16 0 221 0 0 0 0 16 1728 990 0 5 2091 0 0 50397 77 28 6085 378 0 12 0 0 0 61 19 0 0 
5830 0 1402 0 0 367 6850 51151 478 0 0 863 75 22 10770 0 0 16913 21 0 0 82 0 134 0 7 0 85 0 0 
0 0 258 514 0 3 0 318 0 963 0 0 0 79030 9911 0 19 0 422 0 25 0 826 0 41582 35 5229 0 24 0 
0 0 41852 9 0 460 66904 702 0 117 0 8 401 6183 56 0 21380 0 27187 1 3 2 8393 0 0 74 0 0 0 196 
258 41852 0 0 2 1248 0 1 59 0 0 0 0 1334 0 0 0 46 1 0 0 73471 0 0 0 10330 0 0 0 0 
514 9 0 0 5 0 28 0 23828 71 48570 0 80 0 0 68 859 0 89377 1975 0 0 0 0 5 582 1 0 21838 0 
0 0 2 5 0 0 4514 9384 0 1425 92567 1 0 17 278 0 0 49 0 0 5 1 0 0 0 0 29439 0 0 0 
3 460 1248 0 0 0 0 3530 9 142 9 0 0 0 1380 318 606 6 0 0 0 64800 8 0 50535 0 1 33318 6699 0 
0 66904 0 28 4514 0 0 0 77589 976 1 71 0 0 0 0 2132 22 6 0 0 0 0 0 0 0 27859 0 0 0 
318 702 1 0 9384 3530 0 0 49097 0 6662 0 746 0 1720 75531 0 3 0 609 0 0 0 0 0 52 7420 0 0 1142 
0 0 59 23828 0 9 77589 49097 0 0 6 0 0 12 24128 0 1 0 0 448 17 0 25620 12 68 0 0 41 123 79 
963 117 0 71 1425 142 976 0 0 0 0 123 4 0 0 2940 2662 1508 0 0 0 0 3485 0 0 132 0 0 0 14 
0 0 0 48570 92567 9 1 6662 6 0 0 0 0 7017 0 0 815 6 0 0 0 69507 0 11837 316 3 0 0 131 0 
0 8 0 0 1 0 71 0 0 123 0 0 1 0 0 0 2512 0 0 0 28 12936 13936 0 0 67241 0 4 3 6082 
0 401 0 80 0 0 0 746 0 4 0 1 0 3 388 42 0 0 0 39 219 791 0 8991 192 2 0 871 0 790 
79030 6183 1334 0 17 0 0 0 12 0 7017 0 3 0 535 0 0 6260 0 647 3 7 0 0 9203 0 31 2663 0 2 
9911 56 0 0 278 1380 0 1720 24128 0 0 0 388 535 0 0 0 4 0 499 0 0 0 9 808 1150 54 0 0 0 
0 0 0 68 0 318 0 75531 0 2940 0 0 42 0 0 0 0 0 0 0 53 0 5 9769 3 0 0 350 0 0 
19 21380 0 859 0 606 2132 0 1 2662 815 2512 0 0 0 0 0 1628 5 13 479 21571 0 1795 0 72634 46185 7 0 46752 
0 0 46 0 49 6 22 3 0 1508 6 0 0 6260 4 0 1628 0 0 18853 72569 128 0 0 0 16 41113 0 11834 0 
422 27187 1 89377 0 0 6 0 0 0 0 0 0 0 0 0 5 0 0 6 59760 0 280 0 0 22593 0 0 0 18908 
0 1 0 1975 0 0 0 609 448 0 0 0 39 647 499 0 13 18853 6 0 0 124 172 287 0 0 6147 7 16849 0 
25 3 0 0 5 0 0 0 17 0 0 28 219 3 0 53 479 72569 59760 0 0 62083 12177 0 18596 0 0 337 2 0 
0 2 73471 0 1 64800 0 0 0 0 69507 12936 791 7 0 0 21571 128 0 124 62083 0 0 96 25889 0 0 0 3 0 
826 8393 0 0 0 8 0 0 25620 3485 0 13936 0 0 0 5 0 0 280 172 12177 0 0 27 0 0 5336 0 0 15348 
0 0 0 0 0 0 0 0 12 0 11837 0 8991 0 9 9769 1795 0 0 287 0 96 27 0 0 64 0 0 3 0 
41582 0 0 5 0 50535 0 0 68 0 316 0 192 9203 808 3 0 0 0 0 18596 25889 0 0 0 11 38437 0 333 0 
35 74 10330 582 0 0 0 52 0 132 3 67241 2 0 1150 0 72634 16 22593 0 0 0 0 64 11 0 609 0 329 0 
5229 0 0 1 29439 1 27859 7420 0 0 0 0 0 31 54 0 46185 41113 0 6147 0 0 5336 0 38437 609 0 0 0 64 
0 0 0 0 0 33318 0 0 41 0 0 4 871 2663 0 350 7 0 0 7 337 0 0 0 0 0 0 0 13114 531 
24 0 0 21838 0 6699 0 0 123 0 131 3 0 0 0 0 0 11834 0 16849 2 3 0 3 333 329 0 13114 0 62 
0 196 0 0 0 0 0 1142 79 14 0 6082 790 2 0 0 46752 0 18908 0 0 0 15348 0 0 0 64 531 62 0 
0 10 0 0 121 0 0 1105 0 0 81 886 13009 14 7 1 995 40776 35 28 1922 5446 0 15326 3752 0 0 0 918 0 
10 0 16917 0 2 31527 0 550 0 6035 0 38923 2 1993 124 0 0 0 3 0 0 2 190 5 955 3021 0 0 30 369 
0 16917 0 14752 0 2 0 2234 0 0 1480 65 1227 4 0 0 12773 8327 31 0 0 1 485 1 0 95 22 0 8 2123 
0 0 14752 0 0 0 100 0 0 0 10 0 12015 506 56 3 0 0 28193 150 0 15942 0 0 3804 50675 2529 1 23 843 
121 2 0 0 0 5 15686 0 271 0 4 0 5949 347 0 84 10 0 4 0 2038 43911 9254 172 0 0 0 0 0 189 
0 31527 2 0 5 0 0 165 0 0 0 28 3 75337 0 46 55552 87 0 0 13 1021 0 0 0 41 0 0 1499 1 
0 0 0 100 15686 0 0 0 0 9127 0 0 0 0 3221 1 0 0 0 0 0 72 41 0 0 10 38 23 4 0 
1105 550 2234 0 0 165 0 0 6136 0 0 289 0 0 772 0 0 0 0 1204 0 0 4 4070 0 0 1012 37 0 0 
0 0 0 0 271 0 0 6136 0 0 9797 4519 0 663 10 17 0 0 53 42854 0 567 0 25442 8 0 17657 8 0 3868 
0 6035 0 0 0 0 9127 0 0 0 275 35 14627 22369 0 0 0 0 5287 0 0 83144 0 1 0 0 86 225 12579 1 
81 0 1480 10 4 0 0 0 9797 275 0 0 0 47 21793 3 0 34 0 0 0 579 0 0 0 4 0 11916 0 0 
886 38923 65 0 0 28 0 289 4519 35 0 0 0 220 0 0 2 9299 8074 0 55516 36767 0 71379 71300 0 0 1 0 0 
13009 2 1227 12015 5949 3 0 0 0 14627 0 0 0 0 44 19269 1009 616 0 1 0 0 76 2 0 1 0 8 27094 0 
14 1993 4 506 347 75337 0 0 663 22369 47 220 0 0 60 24773 0 17973 37 4 0 10464 1642 358 1501 253 0 46142 8 88995 
7 124 0 56 0 0 3221 772 10 0 21793 0 44 60 0 0 0 1603 10131 0 0 1 1215 0 42 0 9123 0 0 7781 
1 0 0 3 84 46 1 0 17 0 3 0 19269 24773 0 0 1641 0 0 3132 593 0 18254 0 43264 11 0 4831 7 1 
995 0 12773 0 10 55552 0 0 0 0 0 2 1009 0 0 1641 0 590 0 0 0 0 0 153 9750 296 0 594 4373 1 
40776 0 8327 0 0 87 0 0 0 0 34 9299 616 17973 1603 0 590 0 369 0 0 1371 0 2626 0 3 0 36 8807 2 
35 3 31 28193 4 0 0 0 53 5287 0 8074 0 37 10131 0 0 369 0 0 21059 10652 0 195 48020 0 34 0 0 0 
28 0 0 150 0 0 0 1204 42854 0 0 0 1 4 0 3132 0 0 0 0 0 0 18 0 1 160 0 0 523 0 
1922 0 0 0 2038 13 0 0 0 0 0 55516 0 0 0 593 0 0 21059 0 0 18494 4 0 0 3 0 8423 0 0 
5446 2 1 15942 43911 1021 72 0 567 83144 579 36767 0 10464 1 0 0 1371 10652 0 18494 0 549 1 947 35 0 8 0 0 
0 190 485 0 9254 0 41 4 0 0 0 0 76 1642 1215 18254 0 0 0 18 4 549 0 0 0 0 0 47 0 8 
15326 5 1 0 172 0 0 4070 25442 1 0 71379 2 358 0 0 153 2626 195 0 0 1 0 0 0 14 32 1 1 0 
3752 955 0 3804 0 0 0 0 8 0 0 71300 0 1501 42 43264 9750 0 48020 1 0 947 0 0 0 10556 0 408 51 61283 
0 3021 95 50675 0 41 10 0 0 0 4 0 1 253 0 11 296 3 0 160 3 35 0 14 10556 0 342 5321 0 82111 
0 0 22 2529 0 0 38 1012 17657 86 0 0 0 0 9123 0 0 0 34 0 0 0 0 32 0 342 0 0 86 0 
0 0 0 1 0 0 23 37 8 225 11916 1 8 46142 0 4831 594 36 0 0 8423 8 47 1 408 5321 0 0 0 0 
918 30 8 23 0 1499 4 0 0 12579 0 0 27094 8 0 7 4373 8807 0 523 0 0 0 1 51 0 86 0 0 16 
0 369 2123 843 189 1 0 0 3868 1 0 0 0 88995 7781 1 1 2 0 0 0 0 8 0 61283 82111 0 0 16 0 
