7 3
0 59 64 103 62 95 95 
59 0 70 49 40 62 36 
64 70 0 118 33 51 89 
103 49 118 0 85 94 38 
62 40 33 85 0 33 56 
95 62 51 94 33 0 57 
95 36 89 38 56 57 0 
0 24948 0 0 0 1452 3 
24948 0 2 0 0 0 5365 
0 2 0 0 3 21 0 
0 0 0 0 0 109 4194 
0 0 3 0 0 4 0 
1452 0 21 109 4 0 0 
3 5365 0 4194 0 0 0 
0 23657 0 0 0 773 1 
23657 0 10 0 0 0 6066 
0 10 0 0 237 84 0 
0 0 0 0 0 27 46078 
0 0 237 0 0 0 0 
773 0 84 27 0 0 0 
1 6066 0 46078 0 0 0 
0 904 1 0 0 40221 43 
904 0 0 0 0 0 2215 
1 0 0 0 3 1 0 
0 0 0 0 0 56479 133 
0 0 3 0 0 32 0 
40221 0 1 56479 32 0 0 
43 2215 0 133 0 0 0 
