40 3
0 123 17 72 89 90 77 84 122 70 141 118 117 117 58 85 94 145 69 99 137 99 30 139 114 56 50 94 70 158 148 87 53 161 64 94 106 62 87 81 
123 0 116 51 121 48 96 115 59 63 25 47 40 16 64 39 31 87 58 23 83 33 103 24 65 67 92 40 53 45 35 36 95 46 119 29 43 89 107 43 
17 116 0 64 101 90 86 66 108 71 133 119 117 113 52 81 90 150 68 93 122 97 14 135 118 53 57 84 66 154 139 82 62 151 46 88 94 69 69 78 
72 51 64 0 97 39 71 77 62 33 69 64 60 49 13 21 29 104 24 28 84 38 52 71 72 21 53 26 13 91 77 19 58 89 74 23 41 56 72 18 
89 121 101 97 0 73 26 158 158 64 146 84 88 106 88 88 93 82 73 107 181 88 104 121 67 78 49 121 84 131 156 94 43 167 143 101 136 41 157 86 
90 48 90 39 73 0 47 116 91 20 73 28 27 34 42 20 20 64 22 35 115 15 82 53 32 38 48 55 28 69 83 26 49 95 111 30 68 42 111 21 
77 96 86 71 26 47 0 136 132 38 121 63 66 81 63 62 67 73 47 81 155 62 85 98 49 54 29 95 58 110 130 68 24 142 124 75 110 17 134 60 
84 115 66 77 158 116 136 0 73 105 118 141 136 120 76 98 104 181 98 96 73 114 56 139 149 84 109 75 89 160 120 94 114 129 22 95 74 118 9 96 
122 59 108 62 158 91 132 73 0 94 51 103 96 73 74 71 70 145 85 56 25 79 93 83 118 83 115 37 74 101 50 65 120 57 87 60 22 118 63 72 
70 63 71 33 64 20 38 105 94 0 87 48 47 52 29 25 32 79 8 44 117 32 64 72 47 21 28 56 20 89 96 31 31 108 97 38 71 26 102 23 
141 25 133 69 146 73 121 118 51 87 0 70 64 41 83 62 55 108 81 43 71 58 119 37 89 88 115 49 74 52 10 57 118 21 127 50 44 113 110 65 
118 47 119 64 84 28 63 141 103 48 70 0 6 30 70 43 37 42 50 48 128 26 110 38 19 66 73 72 55 47 80 46 73 90 138 47 82 64 135 45 
117 40 117 60 88 27 66 136 96 47 64 6 0 24 67 39 32 48 48 42 121 22 108 32 25 64 74 66 52 44 73 42 75 83 134 41 76 66 130 42 
117 16 113 49 106 34 81 120 73 52 41 30 24 0 60 31 22 72 48 24 98 19 101 21 48 61 81 46 46 42 51 31 83 62 122 26 54 76 113 35 
58 64 52 13 88 42 63 76 74 29 83 70 67 60 0 29 38 107 21 41 95 45 41 82 74 9 41 39 15 102 90 29 47 103 69 35 53 47 72 25 
85 39 81 21 88 20 62 98 71 25 62 43 39 31 29 0 9 83 18 19 96 17 70 53 51 29 52 34 14 73 71 6 56 83 95 13 49 51 92 3 
94 31 90 29 93 20 67 104 70 32 55 37 32 22 38 9 0 79 27 14 95 10 79 44 48 38 60 36 24 64 64 10 64 76 103 10 48 58 98 13 
145 87 150 104 82 64 73 181 145 79 108 42 48 72 107 83 79 0 85 91 170 68 144 71 32 101 95 114 92 67 117 88 93 125 176 89 125 84 176 85 
69 58 68 24 73 22 47 98 85 8 81 50 48 48 21 18 27 85 0 37 108 30 60 70 52 16 34 48 11 88 90 23 38 102 91 31 63 34 94 15 
99 23 93 28 107 35 81 96 56 44 43 48 42 24 41 19 14 91 37 0 81 23 80 43 62 45 71 23 30 64 52 13 75 65 98 6 34 70 89 21 
137 83 122 84 181 115 155 73 25 117 71 128 121 98 95 96 95 170 108 81 0 104 107 106 143 104 136 61 97 123 67 89 142 71 92 85 47 141 64 96 
99 33 97 38 88 15 62 114 79 32 58 26 22 19 45 17 10 68 30 23 104 0 87 40 38 44 61 46 30 58 68 19 63 79 112 20 58 56 108 20 
30 103 14 52 104 82 85 56 93 64 119 110 108 101 41 70 79 144 60 80 107 87 0 123 111 44 56 70 56 143 125 70 61 137 39 76 80 68 58 67 
139 24 135 71 121 53 98 139 83 72 37 38 32 21 82 53 44 71 70 43 106 40 123 0 57 83 101 64 68 21 46 52 103 54 142 47 68 95 131 57 
114 65 118 72 67 32 49 149 118 47 89 19 25 48 74 51 48 32 52 62 143 38 111 57 0 68 66 84 60 63 99 57 65 109 143 59 97 55 144 53 
56 67 53 21 78 38 54 84 83 21 88 66 64 61 9 29 38 101 16 45 104 44 44 83 68 0 32 47 14 102 96 31 37 109 75 39 62 37 81 25 
50 92 57 53 49 48 29 109 115 28 115 73 74 81 41 52 60 95 34 71 136 61 56 101 66 32 0 79 42 117 124 57 5 136 95 65 94 12 107 49 
94 40 84 26 121 55 95 75 37 56 49 72 66 46 39 34 36 114 48 23 61 46 70 64 84 47 79 0 37 85 55 28 84 67 79 25 15 81 67 35 
70 53 66 13 84 28 58 89 74 20 74 55 52 46 15 14 24 92 11 30 97 30 56 68 60 14 42 37 0 88 82 17 47 95 83 24 52 44 84 11 
158 45 154 91 131 69 110 160 101 89 52 47 44 42 102 73 64 67 88 64 123 58 143 21 63 102 117 85 88 0 58 73 118 62 163 68 88 110 152 76 
148 35 139 77 156 83 130 120 50 96 10 80 73 51 90 71 64 117 90 52 67 68 125 46 99 96 124 55 82 58 0 66 128 12 130 58 47 122 111 74 
87 36 82 19 94 26 68 94 65 31 57 46 42 31 29 6 10 88 23 13 89 19 70 52 57 31 57 28 17 73 66 0 61 78 93 7 42 57 88 8 
53 95 62 58 43 49 24 114 120 31 118 73 75 83 47 56 64 93 38 75 142 63 61 103 65 37 5 84 47 118 128 61 0 140 100 69 99 9 113 53 
161 46 151 89 167 95 142 129 57 108 21 90 83 62 103 83 76 125 102 65 71 79 137 54 109 109 136 67 95 62 12 78 140 0 141 71 58 134 120 86 
64 119 46 74 143 111 124 22 87 97 127 138 134 122 69 95 103 176 91 98 92 112 39 142 143 75 95 79 83 163 130 93 100 141 0 96 82 106 28 92 
94 29 88 23 101 30 75 95 60 38 50 47 41 26 35 13 10 89 31 6 85 20 76 47 59 39 65 25 24 68 58 7 69 71 96 0 38 64 89 15 
106 43 94 41 136 68 110 74 22 71 44 82 76 54 53 49 48 125 63 34 47 58 80 68 97 62 94 15 52 88 47 42 99 58 82 38 0 96 65 49 
62 89 69 56 41 42 17 118 118 26 113 64 66 76 47 51 58 84 34 70 141 56 68 95 55 37 12 81 44 110 122 57 9 134 106 64 96 0 116 49 
87 107 69 72 157 111 134 9 63 102 110 135 130 113 72 92 98 176 94 89 64 108 58 131 144 81 107 67 84 152 111 88 113 120 28 89 65 116 0 90 
81 43 78 18 86 21 60 96 72 23 65 45 42 35 25 3 13 85 15 21 96 20 67 57 53 25 49 35 11 76 74 8 53 86 92 15 49 49 90 0 
0 93 0 10 0 0 200 86 0 0 0 2479 0 56 0 9047 0 0 0 5 0 77626 0 0 83427 1456 0 0 874 0 0 0 0 136 0 0 146 2604 0 0 
93 0 0 0 0 0 795 0 0 0 141 0 0 0 0 2222 34830 0 5585 2181 6 0 0 0 60 0 0 0 0 1665 0 4770 6770 0 0 0 0 24 0 170 
0 0 0 0 3 0 0 0 0 4 46 0 0 0 13234 0 22077 1350 0 0 0 0 123 52 6273 574 1 148 0 161 7 1 172 14 0 0 0 1 0 0 
10 0 0 0 179 1438 350 0 5 0 0 0 0 39 0 0 9492 0 0 0 268 0 3 0 15 0 0 0 0 7576 482 34497 1 67 0 7925 290 0 8 2 
0 0 3 179 0 0 782 0 0 173 16 3563 232 0 1 35 12 13027 0 2869 0 0 0 0 0 0 0 0 36295 0 910 0 13893 0 65 201 0 0 76 0 
0 0 0 1438 0 0 0 0 48 0 1 0 0 195 0 0 0 41 77478 269 0 91 0 6 242 876 13 0 0 0 0 0 89 0 0 1024 0 43 3 72 
200 795 0 350 782 0 0 0 204 0 2087 47 0 4 10225 0 8993 1869 280 281 0 0 0 34 0 0 8510 36032 26420 0 1087 0 0 0 1879 0 11 0 222 7563 
86 0 0 0 0 0 0 0 71593 11 0 0 1018 0 0 49 0 0 0 0 1683 4 32846 0 2000 0 0 0 249 979 5 0 113 0 48 0 0 84 41 11046 
0 0 0 5 0 48 204 71593 0 0 0 12665 0 0 0 0 3 50 56 270 0 0 0 0 0 0 212 10007 0 3 11547 96799 77602 0 0 588 0 0 69088 0 
0 0 4 0 173 0 0 11 0 0 0 1240 5385 0 11 8 0 0 0 2 23414 8518 10 2 0 18 7 144 288 0 0 0 0 0 0 1173 11 0 0 0 
0 141 46 0 16 1 2087 0 0 0 0 6987 0 0 88 279 0 0 0 89 539 401 0 1194 0 673 0 0 0 0 762 9528 1 1736 0 4 15554 0 0 0 
2479 0 0 0 3563 0 47 0 12665 1240 6987 0 0 0 0 0 0 0 0 0 45 0 38649 0 47 0 0 2 17985 0 5471 328 2 520 12 0 7 9 0 0 
0 0 0 0 232 0 0 1018 0 5385 0 0 0 34310 15316 0 429 0 83 9179 27315 406 192 0 9 108 0 0 4 0 0 65232 0 0 0 0 0 90 0 192 
56 0 0 39 0 195 4 0 0 0 0 0 34310 0 923 0 6 0 1674 0 37 155 0 7619 1 56344 0 0 0 320 389 10148 0 7119 3375 11 76437 0 1362 0 
0 0 13234 0 1 0 10225 0 0 11 88 0 15316 923 0 0 42 0 1 0 1050 10595 0 0 0 0 0 0 0 154 0 0 2270 39 0 364 0 2543 0 32437 
9047 2222 0 0 35 0 0 49 0 8 279 0 0 0 0 0 0 12 0 0 0 0 2318 0 12264 0 91014 1468 0 378 0 1255 0 13 1 0 176 315 0 0 
0 34830 22077 9492 12 0 8993 0 3 0 0 0 429 6 42 0 0 330 0 53905 397 0 237 0 160 0 0 1 0 0 0 4420 62 17025 6 185 1 9 0 30916 
0 0 1350 0 13027 41 1869 0 50 0 0 0 0 0 0 12 330 0 1 0 2 0 13074 24 9 0 22436 0 0 8 172 0 31063 0 13 11 1 0 0 89 
0 5585 0 0 0 77478 280 0 56 0 0 0 83 1674 1 0 0 1 0 2 10 11 1921 0 0 8 1998 319 34 1 255 13 18 4217 20315 25 0 0 2 6891 
5 2181 0 0 2869 269 281 0 270 2 89 0 9179 0 0 0 53905 0 2 0 5821 0 298 166 24 0 7 0 0 1 9 0 0 0 18204 0 0 1326 0 3 
0 6 0 268 0 0 0 1683 0 23414 539 45 27315 37 1050 0 397 2 10 5821 0 0 0 3 0 36658 53 0 0 0 0 0 0 0 5 0 0 2639 0 58 
77626 0 0 0 0 91 0 4 0 8518 401 0 406 155 10595 0 0 0 11 0 0 0 0 19 1 0 11167 29518 14615 11 10517 19 16519 7 0 0 5795 680 952 157 
0 0 123 3 0 0 0 32846 0 10 0 38649 192 0 0 2318 237 13074 1921 298 0 0 0 0 16706 1 44197 0 0 159 90274 0 0 0 137 0 0 0 0 0 
0 0 52 0 0 6 34 0 0 2 1194 0 0 7619 0 0 0 24 0 166 3 19 0 0 0 35510 38 0 8 10487 23339 96418 0 1576 0 0 0 0 0 36916 
83427 60 6273 15 0 242 0 2000 0 0 0 47 9 1 0 12264 160 9 0 24 0 1 16706 0 0 0 0 0 6 53568 5 87856 242 56 0 0 20371 0 264 260 
1456 0 574 0 0 876 0 0 0 18 673 0 108 56344 0 0 0 0 8 0 36658 0 1 35510 0 0 0 0 0 0 21173 1214 0 22 0 0 9140 16441 40 0 
0 0 1 0 0 13 8510 0 212 7 0 0 0 0 0 91014 0 22436 1998 7 53 11167 44197 38 0 0 0 0 130 3 27989 1 0 30486 1819 0 0 19 0 0 
0 0 148 0 0 0 36032 0 10007 144 0 2 0 0 0 1468 1 0 319 0 0 29518 0 0 0 0 0 0 10 466 0 0 7 0 51 18205 1 0 0 0 
874 0 0 0 36295 0 26420 249 0 288 0 17985 4 0 0 0 0 0 34 0 0 14615 0 8 6 0 130 10 0 1 13941 0 44 63879 0 0 0 101 4 401 
0 1665 161 7576 0 0 0 979 3 0 0 0 0 320 154 378 0 8 1 1 0 11 159 10487 53568 0 3 466 1 0 0 353 741 0 0 0 0 0 0 0 
0 0 7 482 910 0 1087 5 11547 0 762 5471 0 389 0 0 0 172 255 9 0 10517 90274 23339 5 21173 27989 0 13941 0 0 120 96 6207 3 0 0 4 74 37 
0 4770 1 34497 0 0 0 0 96799 0 9528 328 65232 10148 0 1255 4420 0 13 0 0 19 0 96418 87856 1214 1 0 0 353 120 0 11864 0 47 0 590 0 695 0 
0 6770 172 1 13893 89 0 113 77602 0 1 2 0 0 2270 0 62 31063 18 0 0 16519 0 0 242 0 0 7 44 741 96 11864 0 0 0 47 0 7 513 0 
136 0 14 67 0 0 0 0 0 0 1736 520 0 7119 39 13 17025 0 4217 0 0 7 0 1576 56 22 30486 0 63879 0 6207 0 0 0 16 196 428 0 0 248 
0 0 0 0 65 0 1879 48 0 0 0 12 0 3375 0 1 6 13 20315 18204 5 0 137 0 0 0 1819 51 0 0 3 47 0 16 0 0 3 23907 0 0 
0 0 0 7925 201 1024 0 0 588 1173 4 0 0 11 364 0 185 11 25 0 0 0 0 0 0 0 0 18205 0 0 0 0 47 196 0 0 0 0 622 0 
146 0 0 290 0 0 11 0 0 11 15554 7 0 76437 0 176 1 1 0 0 0 5795 0 0 20371 9140 0 1 0 0 0 590 0 428 3 0 0 13796 2875 0 
2604 24 1 0 0 43 0 84 0 0 0 9 90 0 2543 315 9 0 0 1326 2639 680 0 0 0 16441 19 0 101 0 4 0 7 0 23907 0 13796 0 1 0 
0 0 0 8 76 3 222 41 69088 0 0 0 0 1362 0 0 0 0 2 0 0 952 0 0 264 40 0 0 4 0 74 695 513 0 0 622 2875 1 0 0 
0 170 0 2 0 72 7563 11046 0 0 0 0 192 0 32437 0 30916 89 6891 3 58 157 0 36916 260 0 0 0 401 0 37 0 0 248 0 0 0 0 0 0 
0 12 3 23 1086 45 0 49 0 1928 0 37674 0 0 0 490 0 0 19 0 55195 5318 45 0 0 0 21139 2189 175 0 52210 33761 0 0 0 6 0 392 0 6 
12 0 24983 119 2 9700 143 3 11192 88 267 15834 104 14 30923 0 1360 0 517 96 0 0 143 9 0 6 0 45 507 216 0 1650 0 0 0 0 0 0 0 5 
3 24983 0 2100 3 2 759 0 8 297 0 0 95 194 0 0 55606 0 0 0 0 7966 29102 0 0 0 0 23 0 2971 0 0 748 2 0 1 0 0 20 0 
23 119 2100 0 0 54 0 1669 2368 0 4745 0 45 0 19883 102 19003 0 0 3054 9388 1046 0 284 607 304 0 0 31563 0 0 9636 0 125 0 0 3 0 3 0 
1086 2 3 0 0 2039 17 3344 72 0 0 4778 0 0 0 7 105 3728 22 85 25699 1688 0 3626 83 1 0 9108 62711 4 0 0 738 4758 0 87 0 0 0 1687 
45 9700 2 54 2039 0 0 0 0 1002 0 0 0 445 0 7 0 0 0 0 1470 0 1 14 0 98658 0 0 3 51457 1 7219 173 0 0 3740 1296 0 0 9 
0 143 759 0 17 0 0 321 0 0 0 0 0 4 0 0 0 256 0 0 0 7 0 0 5 6425 0 0 85155 0 0 0 2 0 1659 0 1099 0 1212 2992 
49 3 0 1669 3344 0 321 0 13900 4 89218 0 0 0 258 0 937 0 0 0 0 1 85545 0 0 3 5 0 2762 0 0 0 0 0 20 18 2 0 0 0 
0 11192 8 2368 72 0 0 13900 0 162 14157 0 0 0 2 5 0 57 784 0 0 0 2 0 0 289 36987 0 0 86 25052 47270 0 1234 3 7366 0 0 41099 0 
1928 88 297 0 0 1002 0 4 162 0 0 23 0 4 106 125 0 122 11 0 81397 21051 0 85 4 0 2 303 777 0 4530 5 0 27980 0 121 19 22640 0 268 
0 267 0 4745 0 0 0 89218 14157 0 0 0 0 0 0 0 0 0 0 0 0 1344 555 0 2971 0 0 4 0 1301 0 48554 243 596 0 3 0 0 48 338 
37674 15834 0 0 4778 0 0 0 0 23 0 0 2407 0 0 0 0 20304 31 0 2088 3168 27196 26436 0 147 7616 6 0 0 8804 8937 11 0 1 0 0 0 0 6 
0 104 95 45 0 0 0 0 0 0 0 2407 0 58837 0 2518 3714 23708 0 0 0 0 0 1954 0 28 0 1740 0 0 847 27402 4145 10376 10 0 23486 6 1007 0 
0 14 194 0 0 445 4 0 0 4 0 0 58837 0 0 0 0 120 0 161 0 0 23787 0 0 13122 36657 4 0 0 1248 8356 0 34375 0 1 0 0 23578 0 
0 30923 0 19883 0 0 0 258 2 106 0 0 0 0 0 6 27 0 5 0 436 0 0 0 8 11 3 65107 0 0 8 5550 3070 0 59 797 28903 0 13937 77861 
490 0 0 102 7 7 0 0 5 125 0 0 2518 0 6 0 2108 104 3 1188 14461 0 10419 0 175 76 93208 0 12780 23 0 22 28 45 5 0 0 946 0 89 
0 1360 55606 19003 105 0 0 937 0 0 0 0 3714 0 27 2108 0 3449 0 0 9598 29 18 0 0 0 3393 0 656 12 0 0 10 0 44 0 0 146 0 12575 
0 0 0 0 3728 0 256 0 57 122 0 20304 23708 120 0 104 3449 0 2 0 0 5153 0 126 6 218 43635 32 0 0 0 2 0 982 47 1450 0 21 12 295 
19 517 0 0 22 0 0 0 784 11 0 31 0 0 5 3 0 2 0 0 320 2985 309 0 30 0 994 1009 5866 32 0 1230 109 2780 0 0 1 13751 86 0 
0 96 0 3054 85 0 0 0 0 0 0 0 0 161 0 1188 0 0 0 0 3342 25474 216 2 1 3951 0 0 44 0 13 0 0 0 0 39939 2 0 62244 0 
55195 0 0 9388 25699 1470 0 0 0 81397 0 2088 0 0 436 14461 9598 0 320 3342 0 0 13 0 23 0 0 3 0 77152 0 0 23140 8 0 1089 11 1350 427 18 
5318 0 7966 1046 1688 0 7 1 0 21051 1344 3168 0 0 0 0 29 5153 2985 25474 0 0 0 1590 0 0 0 4519 11651 0 1332 227 0 3 0 0 6416 4 16489 0 
45 143 29102 0 0 1 0 85545 2 0 555 27196 0 23787 0 10419 18 0 309 216 13 0 0 1694 0 7 45858 82 0 0 36066 10 1582 0 0 906 0 0 71263 1618 
0 9 0 284 3626 14 0 0 0 85 0 26436 1954 0 0 0 0 126 0 2 0 1590 1694 0 102 41763 113 0 4 68336 0 44861 0 0 0 45 0 26 0 0 
0 0 0 607 83 0 5 0 0 4 2971 0 0 0 8 175 0 6 30 1 23 0 0 102 0 0 0 0 0 16542 0 0 615 0 0 5751 0 1 165 0 
0 6 0 304 1 98658 6425 3 289 0 0 147 28 13122 11 76 0 218 0 3951 0 0 7 41763 0 0 11581 0 17 38 0 6959 0 700 2 110 0 26714 0 9 
21139 0 0 0 0 0 0 5 36987 2 0 7616 0 36657 3 93208 3393 43635 994 0 0 0 45858 113 0 11581 0 27 0 1174 0 0 3 0 444 25163 51 0 53743 0 
2189 45 23 0 9108 0 0 0 0 303 4 6 1740 4 65107 0 0 32 1009 0 3 4519 82 0 0 0 27 0 0 505 0 1 0 0 184 0 0 0 27759 0 
175 507 0 31563 62711 3 85155 2762 0 777 0 0 0 0 0 12780 656 0 5866 44 0 11651 0 4 0 17 0 0 0 12 0 88466 0 0 0 0 0 0 35 0 
0 216 2971 0 4 51457 0 0 86 0 1301 0 0 0 0 23 12 0 32 0 77152 0 0 68336 16542 38 1174 505 12 0 6505 0 835 4633 13 5 0 0 12 1 
52210 0 0 0 0 1 0 0 25052 4530 0 8804 847 1248 8 0 0 0 0 13 0 1332 36066 0 0 0 0 0 0 6505 0 0 0 4224 0 0 805 0 0 8 
33761 1650 0 9636 0 7219 0 0 47270 5 48554 8937 27402 8356 5550 22 0 2 1230 0 0 227 10 44861 0 6959 0 1 88466 0 0 0 84900 3 0 2 643 0 837 0 
0 0 748 0 738 173 2 0 0 0 243 11 4145 0 3070 28 10 0 109 0 23140 0 1582 0 615 0 3 0 0 835 0 84900 0 0 0 0 132 0 1245 14 
0 0 2 125 4758 0 0 0 1234 27980 596 0 10376 34375 0 45 0 982 2780 0 8 3 0 0 0 700 0 0 0 4633 4224 3 0 0 0 0 140 3293 0 0 
0 0 0 0 0 0 1659 20 3 0 0 1 10 0 59 5 44 47 0 0 0 0 0 0 0 2 444 184 0 13 0 0 0 0 0 1948 6 0 0 0 
6 0 1 0 87 3740 0 18 7366 121 3 0 0 1 797 0 0 1450 0 39939 1089 0 906 45 5751 110 25163 0 0 5 0 2 0 0 1948 0 0 0 0 0 
0 0 0 3 0 1296 1099 2 0 19 0 0 23486 0 28903 0 0 0 1 2 11 6416 0 0 0 0 51 0 0 0 805 643 132 140 6 0 0 3792 0 4646 
392 0 0 0 0 0 0 0 0 22640 0 0 6 0 0 946 146 21 13751 0 1350 4 0 26 1 26714 0 0 0 0 0 0 0 3293 0 0 3792 0 0 0 
0 0 20 3 0 0 1212 0 41099 0 48 0 1007 23578 13937 0 0 12 86 62244 427 16489 71263 0 165 0 53743 27759 35 12 0 837 1245 0 0 0 0 0 0 0 
6 5 0 0 1687 9 2992 0 0 268 338 6 0 0 77861 89 12575 295 0 0 18 0 1618 0 0 9 0 0 0 1 8 0 14 0 0 0 4646 0 0 0 
0 0 37 756 0 1 42 25 7 5066 1 2609 4839 87 0 0 0 0 0 0 11 0 0 0 0 0 0 0 30581 862 0 2799 1080 22 0 0 833 760 2 0 
0 0 0 0 0 0 0 114 2 76 26 1 170 67956 4233 0 0 0 1472 3455 0 0 1207 13 0 0 25 28 1619 7881 3798 0 293 0 0 0 3 46 1 34 
37 0 0 0 0 65612 7125 0 25 0 1 4 4440 0 5100 0 3784 0 36 0 1 3 299 0 0 0 0 25 22 2222 4 0 50 0 2 0 1002 0 0 0 
756 0 0 0 0 0 155 0 0 0 0 1099 10 0 16910 0 3634 0 675 0 0 0 0 0 6 0 1 0 110 0 0 14086 0 0 0 90 0 1 12 0 
0 0 0 0 0 2551 38 84047 7 0 0 0 3754 66 0 1 0 2564 4 145 0 0 2561 34 11 44 3872 0 5159 40 5363 1 0 0 0 25 25 0 4 1609 
1 0 65612 0 2551 0 37954 79561 308 0 17 0 0 5 0 0 364 0 50018 7327 15476 230 0 3 0 0 0 10436 115 0 7901 0 463 0 25 0 1 5 0 0 
42 0 7125 155 38 37954 0 0 0 0 0 0 14 0 0 4 10988 0 6832 0 69308 925 0 366 4 38 2898 30867 1526 397 6 0 1730 22 338 0 0 3 0 0 
25 114 0 0 84047 79561 0 0 3487 0 0 0 0 19616 17 0 368 1623 0 1 0 0 0 0 10960 40 0 0 0 1074 0 13003 170 62 3 2 0 31 0 0 
7 2 25 0 7 308 0 3487 0 0 0 24945 2946 0 305 0 0 0 5794 0 0 98025 59 0 0 33 9 16091 28 0 0 0 0 0 0 0 7713 8168 0 26 
5066 76 0 0 0 0 0 0 0 0 0 0 1718 22 10 0 4 3938 0 0 49512 2380 532 0 14 166 0 0 37244 778 29 0 9 391 0 1661 1 496 0 13 
1 26 1 0 0 17 0 0 0 0 0 3359 53510 0 0 0 0 6 554 84 68 0 7568 0 0 0 16806 0 23580 419 0 925 0 0 0 0 10260 1 0 1 
2609 1 4 1099 0 0 0 0 24945 0 3359 0 238 3 3 0 0 7 0 41980 198 2 0 3564 418 0 0 0 79090 80 61866 0 1 259 389 0 5 0 0 21 
4839 170 4440 10 3754 0 14 0 2946 1718 53510 238 0 0 0 4 3 376 0 13870 12056 107 243 1 0 464 0 321 0 1 7714 914 18 3 10 0 0 0 7363 845 
87 67956 0 0 66 5 0 19616 0 22 0 3 0 0 0 0 0 1 198 0 2557 0 273 0 0 96769 3690 19 0 8 0 1838 1 629 0 0 0 0 0 0 
0 4233 5100 16910 0 0 0 17 305 10 0 3 0 0 0 0 0 1425 0 0 0 5704 0 0 707 0 6957 215 3 0 0 0 2187 0 0 0 0 0 0 0 
0 0 0 0 1 0 4 0 0 0 0 0 4 0 0 0 0 82 1239 2 0 6 2685 155 0 7 18382 0 32749 5196 0 7225 0 0 0 318 6 0 1763 0 
0 0 3784 3634 0 364 10988 368 0 4 0 0 3 0 0 0 0 0 0 66841 13912 10531 24 25967 8645 0 0 16 0 0 0 0 0 27550 0 759 0 5 974 0 
0 0 0 0 2564 0 0 1623 0 3938 6 7 376 1 1425 82 0 0 0 7168 0 1 0 118 24 5 0 0 1 0 2 0 29907 5 71 0 1 0 0 296 
0 1472 36 675 4 50018 6832 0 5794 0 554 0 0 198 0 1239 0 0 0 0 1515 41 937 0 0 0 0 0 49 7 15 72 2471 25504 74840 0 0 4 160 0 
0 3455 0 0 145 7327 0 1 0 0 84 41980 13870 0 0 2 66841 7168 0 0 0 5 636 5576 515 0 7 55046 0 39 0 101 338 3 0 3 91011 0 26 0 
11 0 1 0 0 15476 69308 0 0 49512 68 198 12056 2557 0 0 13912 0 1515 0 0 0 0 0 14897 0 36 30 0 0 5496 27074 0 375 2 99 31 0 7308 16663 
0 0 3 0 0 230 925 0 98025 2380 0 2 107 0 5704 6 10531 1 41 5 0 0 3 7 1 126 0 0 2436 0 0 18 33448 0 10614 0 0 1994 10495 0 
0 1207 299 0 2561 0 0 0 59 532 7568 0 243 273 0 2685 24 0 937 636 0 3 0 16645 478 0 535 2 0 143 15285 0 0 0 4 330 0 0 0 2 
0 13 0 0 34 3 366 0 0 0 0 3564 1 0 0 155 25967 118 0 5576 0 7 16645 0 833 1182 0 88 768 0 19973 20898 88 0 78 0 1 0 329 106 
0 0 0 6 11 0 4 10960 0 14 0 418 0 0 707 0 8645 24 0 515 14897 1 478 833 0 9577 83 9 0 0 21 0 238 0 0 0 0 0 196 410 
0 0 0 0 44 0 38 40 33 166 0 0 464 96769 0 7 0 5 0 0 0 126 0 1182 9577 0 14 0 31 38 25213 72 0 0 0 328 0 0 0 24 
0 25 0 1 3872 0 2898 0 9 0 16806 0 0 3690 6957 18382 0 0 0 7 36 0 535 0 83 14 0 17 58 0 4866 0 0 27522 11312 23 0 16 64 0 
0 28 25 0 0 10436 30867 0 16091 0 0 0 321 19 215 0 16 0 0 55046 30 0 2 88 9 0 17 0 401 777 0 280 0 0 5 51826 0 1 0 16591 
30581 1619 22 110 5159 115 1526 0 28 37244 23580 79090 0 0 3 32749 0 1 49 0 0 2436 0 768 0 31 58 401 0 0 0 0 2 15610 0 0 0 1002 1 0 
862 7881 2222 0 40 0 397 1074 0 778 419 80 1 8 0 5196 0 0 7 39 0 0 143 0 0 38 0 777 0 0 469 21 10 0 0 0 0 9682 5 18135 
0 3798 4 0 5363 7901 6 0 0 29 0 61866 7714 0 0 0 0 2 15 0 5496 0 15285 19973 21 25213 4866 0 0 469 0 3 0 1000 0 0 0 12 42 32 
2799 0 0 14086 1 0 0 13003 0 0 925 0 914 1838 0 7225 0 0 72 101 27074 18 0 20898 0 72 0 280 0 21 3 0 0 0 463 2190 45 0 67 0 
1080 293 50 0 0 463 1730 170 0 9 0 1 18 1 2187 0 0 29907 2471 338 0 33448 0 88 238 0 0 0 2 10 0 0 0 7972 1 0 0 0 0 0 
22 0 0 0 0 0 22 62 0 391 0 259 3 629 0 0 27550 5 25504 3 375 0 0 0 0 0 27522 0 15610 0 1000 0 7972 0 0 338 0 1 0 0 
0 0 2 0 0 25 338 3 0 0 0 389 10 0 0 0 0 71 74840 0 2 10614 4 78 0 0 11312 5 0 0 0 463 1 0 0 7 0 0 0 4162 
0 0 0 90 25 0 0 2 0 1661 0 0 0 0 0 318 759 0 0 3 99 0 330 0 0 328 23 51826 0 0 0 2190 0 338 7 0 10 0 154 0 
833 3 1002 0 25 1 0 0 7713 1 10260 5 0 0 0 6 0 1 0 91011 31 0 0 1 0 0 0 0 0 0 0 45 0 0 0 10 0 11239 0 1976 
760 46 0 1 0 5 3 31 8168 496 1 0 0 0 0 0 5 0 4 0 0 1994 0 0 0 0 16 1 1002 9682 12 0 0 1 0 0 11239 0 68 2278 
2 1 0 12 4 0 0 0 0 0 0 0 7363 0 0 1763 974 0 160 26 7308 10495 0 329 196 0 64 0 1 5 42 67 0 0 0 154 0 68 0 0 
0 34 0 0 1609 0 0 0 26 13 1 21 845 0 0 0 0 296 0 0 16663 0 2 106 410 24 0 16591 0 18135 32 0 0 0 4162 0 1976 2278 0 0 
