30 2
0 123 17 72 89 90 77 84 122 70 141 118 117 117 58 85 94 145 69 99 137 99 30 139 114 56 50 94 70 158 
123 0 116 51 121 48 96 115 59 63 25 47 40 16 64 39 31 87 58 23 83 33 103 24 65 67 92 40 53 45 
17 116 0 64 101 90 86 66 108 71 133 119 117 113 52 81 90 150 68 93 122 97 14 135 118 53 57 84 66 154 
72 51 64 0 97 39 71 77 62 33 69 64 60 49 13 21 29 104 24 28 84 38 52 71 72 21 53 26 13 91 
89 121 101 97 0 73 26 158 158 64 146 84 88 106 88 88 93 82 73 107 181 88 104 121 67 78 49 121 84 131 
90 48 90 39 73 0 47 116 91 20 73 28 27 34 42 20 20 64 22 35 115 15 82 53 32 38 48 55 28 69 
77 96 86 71 26 47 0 136 132 38 121 63 66 81 63 62 67 73 47 81 155 62 85 98 49 54 29 95 58 110 
84 115 66 77 158 116 136 0 73 105 118 141 136 120 76 98 104 181 98 96 73 114 56 139 149 84 109 75 89 160 
122 59 108 62 158 91 132 73 0 94 51 103 96 73 74 71 70 145 85 56 25 79 93 83 118 83 115 37 74 101 
70 63 71 33 64 20 38 105 94 0 87 48 47 52 29 25 32 79 8 44 117 32 64 72 47 21 28 56 20 89 
141 25 133 69 146 73 121 118 51 87 0 70 64 41 83 62 55 108 81 43 71 58 119 37 89 88 115 49 74 52 
118 47 119 64 84 28 63 141 103 48 70 0 6 30 70 43 37 42 50 48 128 26 110 38 19 66 73 72 55 47 
117 40 117 60 88 27 66 136 96 47 64 6 0 24 67 39 32 48 48 42 121 22 108 32 25 64 74 66 52 44 
117 16 113 49 106 34 81 120 73 52 41 30 24 0 60 31 22 72 48 24 98 19 101 21 48 61 81 46 46 42 
58 64 52 13 88 42 63 76 74 29 83 70 67 60 0 29 38 107 21 41 95 45 41 82 74 9 41 39 15 102 
85 39 81 21 88 20 62 98 71 25 62 43 39 31 29 0 9 83 18 19 96 17 70 53 51 29 52 34 14 73 
94 31 90 29 93 20 67 104 70 32 55 37 32 22 38 9 0 79 27 14 95 10 79 44 48 38 60 36 24 64 
145 87 150 104 82 64 73 181 145 79 108 42 48 72 107 83 79 0 85 91 170 68 144 71 32 101 95 114 92 67 
69 58 68 24 73 22 47 98 85 8 81 50 48 48 21 18 27 85 0 37 108 30 60 70 52 16 34 48 11 88 
99 23 93 28 107 35 81 96 56 44 43 48 42 24 41 19 14 91 37 0 81 23 80 43 62 45 71 23 30 64 
137 83 122 84 181 115 155 73 25 117 71 128 121 98 95 96 95 170 108 81 0 104 107 106 143 104 136 61 97 123 
99 33 97 38 88 15 62 114 79 32 58 26 22 19 45 17 10 68 30 23 104 0 87 40 38 44 61 46 30 58 
30 103 14 52 104 82 85 56 93 64 119 110 108 101 41 70 79 144 60 80 107 87 0 123 111 44 56 70 56 143 
139 24 135 71 121 53 98 139 83 72 37 38 32 21 82 53 44 71 70 43 106 40 123 0 57 83 101 64 68 21 
114 65 118 72 67 32 49 149 118 47 89 19 25 48 74 51 48 32 52 62 143 38 111 57 0 68 66 84 60 63 
56 67 53 21 78 38 54 84 83 21 88 66 64 61 9 29 38 101 16 45 104 44 44 83 68 0 32 47 14 102 
50 92 57 53 49 48 29 109 115 28 115 73 74 81 41 52 60 95 34 71 136 61 56 101 66 32 0 79 42 117 
94 40 84 26 121 55 95 75 37 56 49 72 66 46 39 34 36 114 48 23 61 46 70 64 84 47 79 0 37 85 
70 53 66 13 84 28 58 89 74 20 74 55 52 46 15 14 24 92 11 30 97 30 56 68 60 14 42 37 0 88 
158 45 154 91 131 69 110 160 101 89 52 47 44 42 102 73 64 67 88 64 123 58 143 21 63 102 117 85 88 0 
0 0 4 997 95735 0 0 0 16323 0 2 22732 5 8638 58557 0 0 0 12883 93 3 0 77 0 356 6 1 1341 0 780 
0 0 0 0 87918 0 0 0 0 157 0 8066 32 236 0 0 0 442 0 0 0 80744 4 0 0 0 23 0 0 0 
4 0 0 26638 0 74 0 3806 0 0 12 5 19 87401 57955 439 234 0 1 185 22092 0 0 0 3784 0 0 154 512 4242 
997 0 26638 0 1983 2408 0 5172 0 0 0 0 768 245 15 7 7 97 282 1190 0 0 0 0 12 0 0 0 36758 0 
95735 87918 0 1983 0 0 0 0 94 0 0 0 0 878 11 1320 0 2 0 97713 0 0 0 29 9838 10 2 0 0 0 
0 0 74 2408 0 0 0 3 105 0 0 41711 1 0 33 678 0 31812 1007 6 27148 0 0 0 4 5470 0 0 0 84 
0 0 0 0 0 0 0 6918 16223 57 32 0 15728 0 54661 95367 0 4 0 1 0 510 552 51 1 0 120 0 0 0 
0 0 3806 5172 0 3 6918 0 0 132 0 0 0 0 569 0 0 4 0 0 119 1496 0 2 0 0 0 5585 0 74 
16323 0 0 0 94 105 16223 0 0 0 0 0 2 841 0 26 0 989 0 1048 0 5062 89 0 10409 16 0 0 36465 0 
0 157 0 0 0 0 57 132 0 0 0 0 0 21 8 8258 0 0 2 2 0 0 0 0 0 16442 74448 0 0 0 
2 0 12 0 0 0 32 0 0 0 0 0 0 5352 574 38325 244 74770 4699 2 0 118 1 44 0 0 0 39 805 5943 
22732 8066 5 0 0 41711 0 0 0 0 0 0 0 0 909 4 0 0 62650 2 0 0 0 7283 0 0 70420 541 12 0 
5 32 19 768 0 1 15728 0 2 0 0 0 0 5142 7363 6939 554 3216 0 0 0 399 20019 0 64 1266 104 0 0 0 
8638 236 87401 245 878 0 0 0 841 21 5352 0 5142 0 7706 22739 36724 0 0 832 74460 0 0 0 0 0 0 81395 0 748 
58557 0 57955 15 11 33 54661 569 0 8 574 909 7363 7706 0 2835 2 12 1 0 0 27 0 2 0 0 0 0 0 104 
0 0 439 7 1320 678 95367 0 26 8258 38325 4 6939 22739 2835 0 1819 0 0 2 71 43846 4692 0 619 0 26 0 0 0 
0 0 234 7 0 0 0 0 0 0 244 0 554 36724 2 1819 0 0 3 0 0 0 6 14269 0 0 0 0 1 0 
0 442 0 97 2 31812 4 4 989 0 74770 0 3216 0 12 0 0 0 186 3 267 0 0 0 311 2 1603 5892 676 0 
12883 0 1 282 0 1007 0 0 0 2 4699 62650 0 0 1 0 3 186 0 445 8 0 0 0 0 0 24 0 0 12 
93 0 185 1190 97713 6 1 0 1048 2 2 2 0 832 0 2 0 3 445 0 81 821 8 52 0 191 43 32784 0 13732 
3 0 22092 0 0 27148 0 119 0 0 0 0 0 74460 0 71 0 267 8 81 0 0 1795 0 0 0 318 0 54021 27 
0 80744 0 0 0 0 510 1496 5062 0 118 0 399 0 27 43846 0 0 0 821 0 0 0 0 0 0 6 3 6915 0 
77 4 0 0 0 0 552 0 89 0 1 0 20019 0 0 4692 6 0 0 8 1795 0 0 0 81 6899 0 244 20 1677 
0 0 0 0 29 0 51 2 0 0 44 7283 0 0 2 0 14269 0 0 52 0 0 0 0 0 0 7990 1 0 0 
356 0 3784 12 9838 4 1 0 10409 0 0 0 64 0 0 619 0 311 0 0 0 0 81 0 0 3728 0 0 8912 198 
6 0 0 0 10 5470 0 0 16 16442 0 0 1266 0 0 0 0 2 0 191 0 0 6899 0 3728 0 44 0 2 0 
1 23 0 0 2 0 120 0 0 74448 0 70420 104 0 0 26 0 1603 24 43 318 6 0 7990 0 44 0 0 0 27399 
1341 0 154 0 0 0 0 5585 0 0 39 541 0 81395 0 0 0 5892 0 32784 0 3 244 1 0 0 0 0 11 0 
0 0 512 36758 0 0 0 0 36465 0 805 12 0 0 0 0 1 676 0 0 54021 6915 20 0 8912 2 0 11 0 0 
780 0 4242 0 0 84 0 74 0 0 5943 0 0 748 104 0 0 0 12 13732 27 0 1677 0 198 0 27399 0 0 0 
0 0 104 63 21135 0 0 0 85 0 12 62494 2368 2630 20954 0 0 0 18790 22 100 0 13 0 21 0 9 6047 0 93 
0 0 0 0 10930 0 0 0 0 9 0 1186 191 4402 0 0 0 4 0 0 0 18810 1 0 0 0 26 0 0 0 
104 0 0 88 0 176 0 18549 0 0 15 268 204 26760 2998 1637 775 0 2 4 21007 0 0 0 3634 0 0 3 18 85 
63 0 88 0 2098 98 0 92909 0 0 0 0 164 1977 3 32 0 1187 48 1595 0 5 13 0 105 0 0 1 12744 0 
21135 10930 0 2098 0 0 0 0 40 0 25 0 0 3355 323 1319 0 0 0 34031 29 0 0 3 7304 109 0 0 0 0 
0 0 176 98 0 0 0 5 11 0 0 15419 139 0 699 241 0 30567 6778 90 36137 0 0 15 8 1348 0 0 0 88 
0 0 0 0 0 0 0 33 836 3 246 0 99 4 83572 60795 0 15 0 37 0 726 422 150 14 0 943 0 0 0 
0 0 18549 92909 0 5 33 0 0 2301 0 0 0 0 23 0 0 32 0 0 77 329 0 20 0 0 0 517 0 14 
85 0 0 0 40 11 836 0 0 0 0 0 1 256 0 2 0 16458 0 46180 0 3286 93 0 2481 100 0 0 86974 0 
0 9 0 0 0 0 3 2301 0 0 0 3 0 297 122 15008 8 0 409 0 0 0 0 0 0 9286 47818 0 0 0 
12 0 15 0 25 0 246 0 0 0 0 0 111 8 140 4396 115 3265 1612 226 0 52 0 45 0 0 0 231 405 10492 
62494 1186 268 0 0 15419 0 0 0 3 0 0 0 2 29270 5 0 0 21665 0 0 3 1 35 0 0 7245 265 32 0 
2368 191 204 164 0 139 99 0 1 0 111 0 0 7185 3852 293 1353 1674 0 0 0 1849 2002 0 179 3513 458 0 0 0 
2630 4402 26760 1977 3355 0 4 0 256 297 8 2 7185 0 9786 734 34052 0 0 254 30827 0 0 0 0 0 0 29628 0 6 
20954 0 2998 3 323 699 83572 23 0 122 140 29270 3852 9786 0 4087 0 3 0 0 0 173 0 902 0 0 0 0 0 712 
0 0 1637 32 1319 241 60795 0 2 15008 4396 5 293 734 4087 0 968 0 0 1 56 49650 696 0 185 0 19 0 0 0 
0 0 775 0 0 0 0 0 0 8 115 0 1353 34052 0 968 0 0 0 0 0 0 5 2013 0 0 5 0 0 47 
0 4 0 1187 0 30567 15 32 16458 0 3265 0 1674 0 3 0 0 0 0 0 271 0 0 0 42 0 3368 781 274 0 
18790 0 2 48 0 6778 0 0 0 409 1612 21665 0 0 0 0 0 0 0 28 0 0 0 0 0 0 0 0 0 208 
22 0 4 1595 34031 90 37 0 46180 0 226 0 0 254 0 1 0 0 28 0 563 13 125 1058 0 2362 17 762 0 699 
100 0 21007 0 29 36137 0 77 0 0 0 0 0 30827 0 56 0 271 0 563 0 0 2949 0 0 0 82 0 6651 40 
0 18810 0 5 0 0 726 329 3286 0 52 3 1849 0 173 49650 0 0 0 13 0 0 0 2 0 0 2 4 193 0 
13 1 0 13 0 0 422 0 93 0 0 1 2002 0 0 696 5 0 0 125 2949 0 0 0 19 56976 0 198 298 990 
0 0 0 0 3 15 150 20 0 0 45 35 0 0 902 0 2013 0 0 1058 0 2 0 0 0 0 8329 5 0 0 
21 0 3634 105 7304 8 14 0 2481 0 0 0 179 0 0 185 0 42 0 0 0 0 19 0 0 576 20 0 4406 173 
0 0 0 0 109 1348 0 0 100 9286 0 0 3513 0 0 0 0 0 0 2362 0 0 56976 0 576 0 289 0 8 0 
9 26 0 0 0 0 943 0 0 47818 0 7245 458 0 0 19 5 3368 0 17 82 2 0 8329 20 289 0 0 0 11024 
6047 0 3 1 0 0 0 517 0 0 231 265 0 29628 0 0 0 781 0 762 0 4 198 5 0 0 0 0 2 0 
0 0 18 12744 0 0 0 0 86974 0 405 32 0 0 0 0 0 274 0 0 6651 193 298 0 4406 8 0 2 0 0 
93 0 85 0 0 88 0 14 0 0 10492 0 0 6 712 0 47 0 208 699 40 0 990 0 173 0 11024 0 0 0 
