8 2
0 123 17 72 89 90 77 84 
123 0 116 51 121 48 96 115 
17 116 0 64 101 90 86 66 
72 51 64 0 97 39 71 77 
89 121 101 97 0 73 26 158 
90 48 90 39 73 0 47 116 
77 96 86 71 26 47 0 136 
84 115 66 77 158 116 136 0 
0 0 0 0 7 0 5431 0 
0 0 10 0 4301 0 0 0 
0 10 0 0 45 0 27 32837 
0 0 0 0 0 0 0 0 
7 4301 45 0 0 1544 12798 0 
0 0 0 0 1544 0 0 0 
5431 0 27 0 12798 0 0 1 
0 0 32837 0 0 0 1 0 
0 8523 4288 1947 0 2 0 45283 
8523 0 0 74818 0 1 3 11605 
4288 0 0 3993 0 4 0 0 
1947 74818 3993 0 5732 1658 517 14079 
0 0 0 5732 0 0 0 2542 
2 1 4 1658 0 0 24119 261 
0 3 0 517 0 24119 0 0 
45283 11605 0 14079 2542 261 0 0 
