8 4
0 46 118 40 96 98 46 64 
46 0 88 10 53 127 3 66 
118 88 0 85 53 137 85 71 
40 10 85 0 56 117 8 56 
96 53 53 56 0 154 51 82 
98 127 137 117 154 0 125 72 
46 3 85 8 51 125 0 63 
64 66 71 56 82 72 63 0 
0 1 0 0 27 19 0 0 
1 0 1821 10507 0 0 0 18928 
0 1821 0 1330 0 39921 0 56 
0 10507 1330 0 0 0 0 4 
27 0 0 0 0 4 0 0 
19 0 39921 0 4 0 0 0 
0 0 0 0 0 0 0 166 
0 18928 56 4 0 0 166 0 
0 0 6233 48674 0 0 1981 993 
0 0 0 0 29 6 414 0 
6233 0 0 0 2 0 8 0 
48674 0 0 0 2 2141 87598 0 
0 29 2 2 0 0 13533 2 
0 6 0 2141 0 0 11591 8746 
1981 414 8 87598 13533 11591 0 0 
993 0 0 0 2 8746 0 0 
0 0 90764 875 0 0 1 365 
0 0 0 0 16345 1 1185 0 
90764 0 0 0 5921 0 2405 0 
875 0 0 0 1 58095 2 0 
0 16345 5921 1 0 0 24 25950 
0 1 0 58095 0 0 1 11 
1 1185 2405 2 24 1 0 0 
365 0 0 0 25950 11 0 0 
0 0 922 28723 0 0 48286 20816 
0 0 0 0 87 28 1108 0 
922 0 0 0 173 0 4069 0 
28723 0 0 0 1068 1 156 0 
0 87 173 1068 0 0 150 1440 
0 28 0 1 0 0 3263 9 
48286 1108 4069 156 150 3263 0 0 
20816 0 0 0 1440 9 0 0 
