50 3
0 59 64 103 62 95 95 48 90 88 90 112 64 139 74 53 26 148 87 89 78 107 103 6 100 177 116 85 94 32 58 33 140 154 91 89 149 95 129 136 69 115 101 157 54 90 105 87 127 110 
59 0 70 49 40 62 36 46 31 30 43 69 27 80 26 37 59 91 39 30 28 48 85 53 62 119 57 26 35 49 19 41 84 96 32 30 99 39 70 86 73 69 42 98 15 31 60 28 82 56 
64 70 0 118 33 51 89 98 88 95 64 73 48 126 97 33 87 124 64 86 63 108 150 62 58 154 114 86 89 33 53 83 147 156 86 84 168 106 127 100 125 78 97 140 80 90 70 87 153 86 
103 49 118 0 85 94 38 68 34 23 68 88 69 56 28 85 93 77 65 36 58 23 68 97 90 97 30 33 37 98 65 74 38 53 38 38 50 11 35 90 81 85 32 73 48 31 81 32 37 63 
62 40 33 85 0 33 56 78 55 62 34 51 15 94 66 8 77 96 33 53 30 75 125 57 38 126 81 53 55 32 21 66 113 123 53 51 135 74 94 77 106 55 64 110 53 57 45 54 121 57 
95 62 51 94 33 0 57 107 59 71 25 22 37 82 84 42 110 75 28 57 37 76 147 91 7 104 78 61 57 65 46 97 112 117 56 55 139 82 90 49 135 27 64 93 77 62 20 61 131 41 
95 36 89 38 56 57 0 77 6 17 31 50 41 44 39 58 95 55 29 6 25 20 100 89 52 83 25 11 1 78 40 76 58 67 4 6 82 27 38 57 100 48 8 62 47 8 43 10 75 27 
48 46 98 68 78 107 77 0 71 63 90 115 69 117 41 71 27 133 86 71 75 81 55 45 108 159 90 66 76 65 60 15 106 121 74 72 107 64 101 132 28 116 80 136 31 70 107 68 82 102 
90 31 88 34 55 59 6 71 0 12 34 55 39 49 33 57 89 61 31 2 25 20 94 84 56 89 27 5 5 75 38 70 58 68 4 4 81 23 41 63 94 53 11 67 41 3 47 3 71 33 
88 30 95 23 62 71 17 63 12 0 46 67 46 53 23 63 84 69 43 14 35 19 82 82 68 95 28 10 16 78 43 65 53 65 16 16 72 11 40 74 84 65 17 72 36 9 59 10 60 45 
90 43 64 68 34 25 31 90 34 46 0 25 25 61 61 41 99 61 3 32 15 51 124 84 22 92 53 36 32 65 32 83 87 94 30 30 114 57 66 45 116 26 39 76 58 37 17 36 106 22 
112 69 73 88 51 22 50 115 55 67 25 0 49 63 86 60 123 54 29 53 40 67 148 107 15 82 66 58 51 84 57 108 98 101 51 51 128 77 76 27 142 5 56 73 84 58 8 57 125 26 
64 27 48 69 15 37 41 69 39 46 25 49 0 81 52 17 74 86 23 37 16 60 112 58 38 116 66 37 40 40 8 60 98 108 37 36 119 58 79 71 97 51 49 98 41 41 41 38 105 47 
139 80 126 56 94 82 44 117 49 53 61 63 81 0 75 99 137 23 62 50 65 36 125 133 74 41 27 54 45 121 83 118 42 40 48 50 74 54 23 49 136 59 38 18 89 49 61 52 82 40 
74 26 97 28 66 84 39 41 33 23 61 86 52 75 0 64 65 92 58 34 47 39 62 69 83 117 49 28 38 73 45 46 66 80 37 35 76 23 59 96 61 84 40 94 20 31 77 29 56 66 
53 37 33 85 8 42 58 71 57 63 41 60 17 99 64 0 69 102 39 55 34 77 120 48 46 132 83 54 58 24 20 58 115 125 55 53 135 74 97 85 99 63 67 115 48 58 53 55 119 63 
26 59 87 93 77 110 95 27 89 84 99 123 74 137 65 69 0 150 95 88 85 103 79 26 113 178 112 83 93 54 66 19 131 145 91 89 135 88 124 144 43 125 99 156 48 88 115 85 110 115 
148 91 124 77 96 75 55 133 61 69 61 54 86 23 92 102 150 0 63 62 70 55 146 142 68 30 47 67 57 126 90 132 65 61 59 61 97 73 46 31 154 49 52 20 102 63 55 65 105 39 
87 39 64 65 33 28 29 86 31 43 3 29 23 62 58 39 95 63 0 29 11 49 121 81 25 93 52 33 29 63 29 79 86 93 27 27 112 54 65 48 113 29 37 77 55 34 20 33 103 24 
89 30 86 36 53 57 6 71 2 14 32 53 37 50 34 55 88 62 29 0 23 22 95 83 54 89 29 5 5 73 36 70 60 70 2 2 83 25 42 62 94 51 12 68 40 5 45 4 73 32 
78 28 63 58 30 37 25 75 25 35 15 40 16 65 47 34 85 70 11 23 0 45 110 72 35 100 50 25 25 56 20 68 83 92 22 21 106 47 64 59 101 41 33 81 43 28 32 26 96 31 
107 48 108 23 75 76 20 81 20 19 51 67 60 36 39 77 103 55 49 22 45 0 91 101 71 77 9 23 20 95 58 84 38 48 22 24 62 18 21 67 100 64 12 54 55 18 60 21 58 41 
103 85 150 68 125 147 100 55 94 82 124 148 112 125 62 120 79 146 121 95 110 91 0 100 146 164 99 90 98 119 104 71 95 110 98 97 80 74 102 156 39 147 97 141 72 91 140 91 53 127 
6 53 62 97 57 91 89 45 84 82 84 107 58 133 69 48 26 142 81 83 72 101 100 0 95 171 110 79 88 29 52 29 135 148 85 83 144 89 123 130 68 109 95 151 48 84 99 81 122 104 
100 62 58 90 38 7 52 108 56 68 22 15 38 74 83 46 113 68 25 54 35 71 146 95 0 97 72 58 53 70 47 99 106 111 52 52 134 79 84 42 135 19 59 86 77 59 13 58 127 35 
177 119 154 97 126 104 83 159 89 95 92 82 116 41 117 132 178 30 93 89 100 77 164 171 97 0 68 94 84 156 120 159 73 63 87 89 103 95 62 57 177 77 78 23 130 89 84 92 117 69 
116 57 114 30 81 78 25 90 27 28 53 66 66 27 49 83 112 47 52 29 50 9 99 110 72 68 0 31 25 102 65 93 34 42 28 30 62 26 13 62 109 62 16 45 64 26 60 29 61 39 
85 26 86 33 53 61 11 66 5 10 36 58 37 54 28 54 83 67 33 5 25 23 90 79 58 94 31 0 10 72 35 65 61 72 8 7 82 21 44 68 89 57 16 72 35 5 50 2 70 37 
94 35 89 37 55 57 1 76 5 16 32 51 40 45 38 58 93 57 29 5 25 20 98 88 53 84 25 10 0 78 40 75 58 67 3 5 82 26 39 58 99 49 8 63 45 7 44 8 74 28 
32 49 33 98 32 65 78 65 75 78 65 84 40 121 73 24 54 126 63 73 56 95 119 29 70 156 102 72 78 0 37 50 132 144 75 73 148 88 116 109 92 87 86 138 53 76 77 73 129 87 
58 19 53 65 21 46 40 60 38 43 32 57 8 83 45 20 66 90 29 36 20 58 104 52 47 120 65 35 40 37 0 51 96 106 37 35 115 54 79 78 89 58 48 100 32 39 48 36 100 51 
33 41 83 74 66 97 76 15 70 65 83 108 60 118 46 58 19 132 79 70 68 84 71 29 99 159 93 65 75 50 51 0 112 127 72 70 118 69 105 127 42 109 80 137 29 69 99 67 94 98 
140 84 147 38 113 112 58 106 58 53 87 98 98 42 66 115 131 65 86 60 83 38 95 135 106 73 34 61 58 132 96 112 0 15 60 62 32 45 22 90 116 94 49 51 86 56 94 59 44 72 
154 96 156 53 123 117 67 121 68 65 94 101 108 40 80 125 145 61 93 70 92 48 110 148 111 63 42 72 67 144 106 127 15 0 70 71 40 58 28 89 132 97 58 43 99 67 98 70 58 76 
91 32 86 38 53 56 4 74 4 16 30 51 37 48 37 55 91 59 27 2 22 22 98 85 52 87 28 8 3 75 37 72 60 70 0 2 84 27 42 59 97 49 11 66 43 7 43 7 75 29 
89 30 84 38 51 55 6 72 4 16 30 51 36 50 35 53 89 61 27 2 21 24 97 83 52 89 30 7 5 73 35 70 62 71 2 0 85 27 43 60 96 49 13 68 41 7 43 6 75 30 
149 99 168 50 135 139 82 107 81 72 114 128 119 74 76 135 135 97 112 83 106 62 80 144 134 103 62 82 82 148 115 118 32 40 84 85 0 61 54 122 110 124 75 83 97 78 122 81 27 101 
95 39 106 11 74 82 27 64 23 11 57 77 58 54 23 74 88 73 54 25 47 18 74 89 79 95 26 21 26 88 54 69 45 58 27 27 61 0 36 82 82 75 23 72 41 20 70 21 49 53 
129 70 127 35 94 90 38 101 41 40 66 76 79 23 59 97 124 46 65 42 64 21 102 123 84 62 13 44 39 116 79 105 22 28 42 43 54 36 0 68 117 72 30 38 76 39 71 43 59 49 
136 86 100 90 77 49 57 132 63 74 45 27 71 49 96 85 144 31 48 62 59 67 156 130 42 57 62 68 58 109 78 127 90 89 59 60 122 82 68 0 156 23 59 52 100 65 32 66 124 30 
69 73 125 81 106 135 100 28 94 84 116 142 97 136 61 99 43 154 113 94 101 100 39 68 135 177 109 89 99 92 89 42 116 132 97 96 110 82 117 156 0 142 101 154 58 92 133 90 83 126 
115 69 78 85 55 27 48 116 53 65 26 5 51 59 84 63 125 49 29 51 41 64 147 109 19 77 62 57 49 87 58 109 94 97 49 49 124 75 72 23 142 0 53 68 84 56 9 56 122 23 
101 42 97 32 64 64 8 80 11 17 39 56 49 38 40 67 99 52 37 12 33 12 97 95 59 78 16 16 8 86 48 80 49 58 11 13 75 23 30 59 101 53 0 56 51 11 49 14 69 30 
157 98 140 73 110 93 62 136 67 72 76 73 98 18 94 115 156 20 77 68 81 54 141 151 86 23 45 72 63 138 100 137 51 43 66 68 83 72 38 52 154 68 56 0 107 67 72 70 95 53 
54 15 80 48 53 77 47 31 41 36 58 84 41 89 20 48 48 102 55 40 43 55 72 48 77 130 64 35 45 53 32 29 86 99 43 41 97 41 76 100 58 84 51 107 0 40 75 37 76 70 
90 31 90 31 57 62 8 70 3 9 37 58 41 49 31 58 88 63 34 5 28 18 91 84 59 89 26 5 7 76 39 69 56 67 7 7 78 20 39 65 92 56 11 67 40 0 50 3 68 35 
105 60 70 81 45 20 43 107 47 59 17 8 41 61 77 53 115 55 20 45 32 60 140 99 13 84 60 50 44 77 48 99 94 98 43 43 122 70 71 32 133 9 49 72 75 50 0 50 118 21 
87 28 87 32 54 61 10 68 3 10 36 57 38 52 29 55 85 65 33 4 26 21 91 81 58 92 29 2 8 73 36 67 59 70 7 6 81 21 43 66 90 56 14 70 37 3 50 0 70 36 
127 82 153 37 121 131 75 82 71 60 106 125 105 82 56 119 110 105 103 73 96 58 53 122 127 117 61 70 74 129 100 94 44 58 75 75 27 49 59 124 83 122 69 95 76 68 118 70 0 99 
110 56 86 63 57 41 27 102 33 45 22 26 47 40 66 63 115 39 24 32 31 41 127 104 35 69 39 37 28 87 51 98 72 76 29 30 101 53 49 30 126 23 30 53 70 35 21 36 99 0 
0 6 0 0 14 0 448 161 0 369 0 23019 78 0 183 0 87 0 0 1 0 0 0 2 0 5 0 709 2666 35 0 14577 18201 6970 2 106 0 0 22 0 397 156 10 11917 0 0 13 0 0 0 
6 0 8 0 1329 1170 1975 532 11 0 0 12 340 0 316 0 0 1260 0 10 0 1906 4 21 568 0 21 0 28007 2 0 0 445 0 0 0 1 59090 0 0 0 604 2 6242 2037 0 9 0 0 0 
0 8 0 0 0 606 0 276 0 13 0 0 86 0 6941 1349 0 0 0 3 4460 0 3282 0 0 0 0 0 1438 127 1427 0 0 0 49 26 1620 97308 119 0 20 1 8679 1653 848 40099 5304 0 0 86637 
0 0 0 0 20 23 0 0 0 0 0 0 15951 11477 17 10 0 3627 95 53447 1 47114 79320 0 0 0 1 0 10 33 529 0 11024 1 0 0 0 0 41719 42158 0 1 16 2672 0 0 0 23 0 2014 
14 1329 0 20 0 0 0 1 167 14 0 0 0 0 16 0 0 0 0 2 0 0 1550 0 2 17 58221 0 0 968 0 0 0 0 0 64 31645 0 154 0 0 16 0 0 3384 3 0 4 0 0 
0 1170 606 23 0 0 18 62 0 0 0 51 0 3 0 7858 0 1000 0 821 0 0 0 1 0 0 0 304 46594 7 0 2365 21793 0 0 1 0 6 0 0 0 0 0 22 17859 0 167 0 50 0 
448 1975 0 0 0 18 0 0 0 0 1 0 0 0 2 0 0 165 0 0 53613 0 0 0 0 80194 0 0 3194 1740 225 781 0 0 0 0 0 71345 0 14 0 0 0 700 0 2 0 0 0 0 
161 532 276 0 1 62 0 0 101 1 21 47 9 0 0 18515 181 17 1 0 122 432 0 7610 10685 137 0 16 0 319 1636 0 1589 0 2676 2586 8781 90 0 0 0 210 0 0 0 39831 0 3186 0 65 
0 11 0 0 167 0 0 101 0 11408 0 0 139 0 52 1067 1 0 28110 37 0 0 1157 820 428 1 0 0 0 0 0 0 2115 711 0 0 0 0 72 0 0 627 2886 282 17 0 4393 0 365 0 
369 0 13 0 14 0 0 1 11408 0 0 0 0 60164 5 0 1979 83532 0 49 10 621 0 0 0 40 2 2 64 0 41 15577 17588 0 578 0 0 62 0 0 47 80240 0 0 0 0 93129 0 16150 3892 
0 0 0 0 0 0 1 21 0 0 0 0 0 3 0 3 11 4 0 87098 1 0 11837 0 47 0 11 0 0 0 151 16 8292 0 356 27 0 0 0 22756 69567 0 0 0 0 53032 0 16 0 0 
23019 12 0 0 0 51 0 47 0 0 0 0 0 0 10926 0 174 0 1 48 2540 0 0 0 1211 371 1 1459 0 362 0 0 833 0 517 0 0 0 0 14 5 0 12 0 65814 0 2304 6319 0 0 
78 340 86 15951 0 0 0 9 139 0 0 0 0 0 0 0 0 0 0 0 19 0 62 18158 0 3916 0 0 90 0 0 1671 283 0 3 0 0 0 0 71 184 0 0 0 10 17 0 0 0 17625 
0 0 0 11477 0 3 0 0 0 60164 3 0 0 0 0 438 0 28 154 8427 0 14517 0 2 0 1711 0 43192 18657 55 46 0 0 244 3250 0 0 69 8387 0 618 0 1243 0 2127 4 23 6 0 0 
183 316 6941 17 16 0 2 0 52 5 0 10926 0 0 0 0 0 9 0 0 682 0 1 1 1 0 2 0 0 0 0 42 0 0 8326 687 80 328 51986 0 3739 0 0 0 95 0 23082 59 1 0 
0 0 1349 10 0 7858 0 18515 1067 0 3 0 0 438 0 0 222 18 32196 797 0 149 0 0 0 26193 36985 0 0 0 1251 0 0 75 470 0 51362 38 0 0 0 0 6896 0 1273 0 0 0 3 2 
87 0 0 0 0 0 0 181 1 1979 11 174 0 0 0 222 0 0 7772 82024 0 9 3 0 0 0 0 7949 0 274 0 986 31 0 34083 782 404 0 47 0 0 235 0 0 0 14 605 7243 0 63634 
0 1260 0 3627 0 1000 165 17 0 83532 4 0 0 28 9 18 0 0 5211 0 0 27 0 28 0 2619 39391 31 0 0 412 0 356 0 78 0 0 2568 300 0 228 170 35 762 76680 19014 0 237 0 9 
0 0 0 95 0 0 0 1 28110 0 0 1 0 154 0 32196 7772 5211 0 4 36867 0 4339 2 9931 215 0 0 69 10004 133 0 54 81305 213 17913 21 0 0 0 9120 356 0 375 59239 0 0 4 2273 0 
1 10 3 53447 2 821 0 0 37 49 87098 48 0 8427 0 797 82024 0 4 0 189 0 0 0 43595 0 54 7195 0 23 0 0 0 2 15008 84 40 357 468 4 0 13156 42 0 0 0 0 0 86148 0 
0 0 4460 1 0 0 53613 122 0 10 1 2540 19 0 682 0 0 0 36867 189 0 0 0 10803 15769 0 21 56013 0 0 0 125 94416 0 0 790 50670 49 75063 2 0 0 845 0 0 82 0 0 23 0 
0 1906 0 47114 0 0 0 432 0 621 0 0 0 14517 0 149 9 27 0 0 0 0 1 0 44 0 0 0 9 0 3 7942 0 0 1796 772 1487 0 0 59019 0 0 0 0 0 0 85 0 60 14 
0 4 3282 79320 1550 0 0 0 1157 0 11837 0 62 0 1 0 3 0 4339 0 0 1 0 0 0 0 0 0 0 4 0 196 8 1082 0 0 132 6 7849 0 4 0 42267 54333 1138 0 0 0 0 15 
2 21 0 0 0 1 0 7610 820 0 0 0 18158 2 1 0 0 28 2 0 10803 0 0 0 6261 8207 0 2 70713 54 526 71537 0 35524 0 7 0 0 6214 36647 6 57769 38162 5 11 9 60049 1205 2 0 
0 568 0 0 2 0 0 10685 428 0 47 1211 0 0 1 0 0 0 9931 43595 15769 44 0 6261 0 0 0 14 0 0 0 3415 40 584 0 0 0 366 2962 143 0 2155 0 0 0 0 48578 1 0 283 
5 0 0 0 17 0 80194 137 1 40 0 371 3916 1711 0 26193 0 2619 215 0 0 0 0 8207 0 0 6926 0 2428 0 0 140 0 0 0 4 0 0 0 9942 140 74321 5 47352 21212 24773 0 0 191 0 
0 21 0 1 58221 0 0 0 0 2 11 1 0 0 2 36985 0 39391 0 54 21 0 0 0 0 6926 0 226 346 0 7 35164 1 0 2 0 0 0 3 21 33292 0 0 0 87687 0 226 684 0 19230 
709 0 0 0 0 304 0 16 0 2 0 1459 0 43192 0 0 7949 31 0 7195 56013 0 0 2 14 0 226 0 14 6204 285 77590 0 0 7358 21 176 63305 0 0 2257 0 0 903 0 0 5 343 0 0 
2666 28007 1438 10 0 46594 3194 0 0 64 0 0 90 18657 0 0 0 0 69 0 0 9 0 70713 0 2428 346 14 0 1962 0 35122 9 2500 0 34 0 0 0 0 0 0 70 0 3374 4 646 0 0 2 
35 2 127 33 968 7 1740 319 0 0 0 362 0 55 0 0 274 0 10004 23 0 0 4 54 0 0 0 6204 1962 0 0 0 10125 0 2 487 0 23780 0 1 545 0 0 1 0 50857 0 0 228 14 
0 0 1427 529 0 0 225 1636 0 41 151 0 0 46 0 1251 0 412 133 0 0 3 0 526 0 0 7 285 0 0 0 0 0 0 173 0 1418 86549 0 38886 0 2 0 23262 1012 0 0 0 4130 0 
14577 0 0 0 0 2365 781 0 0 15577 16 0 1671 0 42 0 986 0 0 0 125 7942 196 71537 3415 140 35164 77590 35122 0 0 0 3 45 0 466 359 0 16818 1 4922 0 551 370 0 305 89 0 0 14 
18201 445 0 11024 0 21793 0 1589 2115 17588 8292 833 283 0 0 0 31 356 54 0 94416 0 8 0 40 0 1 0 9 10125 0 3 0 38 0 1 43 17753 11345 0 0 0 96 0 3088 0 28 0 0 2 
6970 0 0 1 0 0 0 0 711 0 0 0 0 244 0 75 0 0 81305 2 0 0 1082 35524 584 0 0 0 2500 0 0 45 38 0 32024 37 0 22784 114 724 0 11738 8 4649 37 0 0 0 55207 13315 
2 0 49 0 0 0 0 2676 0 578 356 517 3 3250 8326 470 34083 78 213 15008 0 1796 0 0 0 0 2 7358 0 2 173 0 0 32024 0 71 132 0 0 1726 0 0 21656 25 4 31713 4 0 0 0 
106 0 26 0 64 1 0 2586 0 0 27 0 0 0 687 0 782 0 17913 84 790 772 0 7 0 4 0 21 34 487 0 466 1 37 71 0 0 0 0 0 125 0 0 0 0 0 0 0 0 2 
0 1 1620 0 31645 0 0 8781 0 0 0 0 0 0 80 51362 404 0 21 40 50670 1487 132 0 0 0 0 176 0 0 1418 359 43 0 132 0 0 53 39 27544 60928 148 0 0 0 0 0 56 0 0 
0 59090 97308 0 0 6 71345 90 0 62 0 0 0 69 328 38 0 2568 0 357 49 0 6 0 366 0 0 63305 0 23780 86549 0 17753 22784 0 0 53 0 0 2 2 0 11 0 0 0 0 0 0 0 
22 0 119 41719 154 0 0 0 72 0 0 0 0 8387 51986 0 47 300 0 468 75063 0 7849 6214 2962 0 3 0 0 0 0 16818 11345 114 0 0 39 0 0 0 64416 0 6 0 3227 0 8413 4560 41 7 
0 0 0 42158 0 0 14 0 0 0 22756 14 71 0 0 0 0 0 0 4 2 59019 0 36647 143 9942 21 0 0 1 38886 1 0 724 1726 0 27544 2 0 0 0 0 0 1 43097 1 0 9382 0 0 
397 0 20 0 0 0 0 0 0 47 69567 5 184 618 3739 0 0 228 9120 0 0 0 4 6 0 140 33292 2257 0 545 0 4922 0 0 0 125 60928 2 64416 0 0 0 0 63760 807 0 29841 0 0 2 
156 604 1 1 16 0 0 210 627 80240 0 0 0 0 0 0 235 170 356 13156 0 0 0 57769 2155 74321 0 0 0 0 2 0 0 11738 0 0 148 0 0 0 0 0 28 0 10666 4 2283 6 0 5578 
10 2 8679 16 0 0 0 0 2886 0 0 12 0 1243 0 6896 0 35 0 42 845 0 42267 38162 0 5 0 0 70 0 0 551 96 8 21656 0 0 11 6 0 0 28 0 226 0 1 2 0 0 0 
11917 6242 1653 2672 0 22 700 0 282 0 0 0 0 0 0 0 0 762 375 0 0 0 54333 5 0 47352 0 903 0 1 23262 370 0 4649 25 0 0 0 0 1 63760 0 226 0 0 0 0 0 282 0 
0 2037 848 0 3384 17859 0 0 17 0 0 65814 10 2127 95 1273 0 76680 59239 0 0 0 1138 11 0 21212 87687 0 3374 0 1012 0 3088 37 4 0 0 0 3227 43097 807 10666 0 0 0 0 885 0 39338 87480 
0 0 40099 0 3 0 2 39831 0 0 53032 0 17 4 0 0 14 19014 0 0 82 0 0 9 0 24773 0 0 4 50857 0 305 0 0 31713 0 0 0 0 1 0 4 1 0 0 0 1549 0 0 0 
13 9 5304 0 0 167 0 0 4393 93129 0 2304 0 23 23082 0 605 0 0 0 0 85 0 60049 48578 0 226 5 646 0 0 89 28 0 4 0 0 0 8413 0 29841 2283 2 0 885 1549 0 0 0 0 
0 0 0 23 4 0 0 3186 0 0 16 6319 0 6 59 0 7243 237 4 0 0 0 0 1205 1 0 684 343 0 0 0 0 0 0 0 0 56 0 4560 9382 0 6 0 0 0 0 0 0 692 1 
0 0 0 0 0 50 0 0 365 16150 0 0 0 0 1 3 0 0 2273 86148 23 60 0 2 0 191 0 0 0 228 4130 0 0 55207 0 0 0 0 41 0 0 0 0 282 39338 0 0 692 0 0 
0 0 86637 2014 0 0 0 65 0 3892 0 0 17625 0 0 2 63634 9 0 0 0 14 15 0 283 0 19230 0 2 14 0 14 2 13315 0 2 0 0 7 0 2 5578 0 0 87480 0 0 1 0 0 
0 0 0 0 1 0 0 172 16 0 0 0 0 1232 0 1007 42 0 0 2 0 0 133 0 74 21 0 2016 47339 0 0 11022 8845 0 0 0 5 116 0 29 289 394 11 1895 36 5333 0 5 0 0 
0 0 0 15 295 0 0 0 0 146 0 981 1294 0 0 33 139 0 6 82 32626 0 0 0 0 0 0 178 26561 0 0 0 0 0 5 0 0 0 1 0 0 509 0 6392 821 0 0 74 0 5890 
0 0 0 1 2248 2132 4 101 0 0 0 0 104 4 0 765 0 0 0 0 0 27674 49 0 0 3 0 0 0 1207 0 0 0 0 0 316 279 9659 0 0 0 0 0 665 0 0 0 0 0 1109 
0 15 1 0 0 5 0 5 0 0 1 4610 21947 0 0 2 0 5153 0 0 0 0 0 90370 44 0 0 122 2 0 0 0 0 0 14 55059 22725 4712 0 0 0 0 84 2793 0 0 12 0 883 0 
1 295 2248 0 0 23 1 0 0 22 62 0 94 2998 0 0 76984 353 0 31 0 2 0 130 0 36 37594 1 6 1930 5859 0 0 0 0 0 43655 0 0 0 248 0 3926 0 0 0 95 2 1 5 
0 0 2132 5 23 0 0 482 29068 5 0 0 0 0 4004 2447 0 490 9935 237 0 0 4 0 1 42 4 10 0 0 0 5217 0 0 289 0 284 0 53 67 0 5 86458 0 0 82791 18 0 2 6074 
0 0 4 0 1 0 0 0 52781 37 0 0 0 0 69 0 99355 0 4545 0 0 1 0 6 75984 0 89023 433 13682 38088 0 0 0 1863 21151 65 1 0 92225 4 0 0 26 435 3 2 0 10 757 4 
172 0 101 5 0 482 0 0 40 1 0 0 0 16220 0 0 0 0 0 28389 0 21237 1 27441 0 0 440 0 0 0 18252 0 0 3932 536 12979 1249 0 298 40666 73 0 720 0 9 4505 0 128 0 0 
16 0 0 0 0 29068 52781 40 0 18103 601 42994 30 0 3 107 0 0 0 69 4578 0 0 0 0 0 212 0 0 4 0 29 1212 12128 2 744 5 0 0 0 4269 169 876 29 0 4 0 2766 0 1 
0 146 0 0 22 5 37 1 18103 0 2 1021 0 612 13 0 0 0 33 0 0 18 0 241 25963 0 0 0 0 0 48 0 1975 43 724 0 0 0 2598 0 0 26476 0 0 26 1759 64527 9638 28762 0 
0 0 0 1 62 0 0 0 601 2 0 0 17 0 386 0 7 0 0 33400 0 12 1622 0 268 53 182 391 1 1 0 0 0 10 0 123 0 6 0 9716 5310 1 1 404 0 47965 29915 3 0 0 
0 981 0 4610 0 0 0 0 42994 1021 0 0 0 250 0 0 367 0 0 1247 9 0 0 0 0 3754 0 0 0 0 0 2 0 20 5434 0 0 0 0 0 0 1119 0 0 0 4 4445 4715 0 86 
0 1294 104 21947 94 0 0 0 30 0 17 0 0 233 7643 0 402 0 58 96 0 2 0 0 626 1337 7 231 1347 9942 0 0 343 49047 0 0 345 29 88243 367 0 0 10637 0 0 9 5 537 8 0 
1232 0 4 0 2998 0 0 16220 0 612 0 250 233 0 650 47 0 0 0 3581 0 251 24210 0 0 0 0 13714 0 0 105 0 5032 16 0 0 13 184 0 34 0 0 0 24 59349 0 0 0 46 0 
0 0 0 0 0 4004 69 0 3 13 386 0 7643 650 0 0 0 0 28 0 0 11303 0 0 2 0 0 0 0 0 0 0 0 0 0 0 2 81 658 5 325 0 0 0 0 10 0 0 0 0 
1007 33 765 2 0 2447 0 0 107 0 0 0 0 47 0 0 0 0 0 0 20093 0 100 0 1 217 0 13746 30772 0 161 0 8 30 14959 38937 0 300 0 0 0 0 13533 3766 6365 5 0 2 1 3 
42 139 0 0 76984 0 99355 0 0 0 7 367 402 0 0 0 0 2 447 52314 0 0 0 0 0 1805 0 0 0 0 6731 0 242 0 26647 0 2014 4 0 5 5028 0 596 0 17607 0 0 0 1 13191 
0 0 0 5153 353 490 0 0 0 0 0 0 0 0 0 0 2 0 0 0 0 2 4 30 0 978 0 32 27366 0 656 0 0 0 0 0 0 3068 0 0 744 461 429 439 140 41 167 0 0 0 
0 6 0 0 0 9935 4545 0 0 33 0 0 58 0 28 0 447 0 0 0 0 0 10642 0 1094 0 63 176 0 0 109 255 0 0 0 0 9541 1635 0 0 985 0 0 0 0 7 0 0 96521 2 
2 82 0 0 31 237 0 28389 69 0 33400 1247 96 3581 0 0 52314 0 0 0 1167 0 0 0 16399 72 0 4386 0 122 0 26758 2 34 0 120 0 0 0 0 0 0 0 2 197 0 0 0 16573 7 
0 32626 0 0 0 0 0 0 4578 0 0 9 0 0 0 20093 0 0 0 1167 0 192 47 0 0 0 1 0 0 81062 76074 1788 11948 164 12 0 0 0 0 0 0 45472 0 0 0 0 435 7506 0 3389 
0 0 27674 0 2 0 1 21237 0 18 12 0 2 251 11303 0 0 2 0 0 192 0 4 7 14 0 0 0 9 0 1 349 0 0 299 0 4259 0 0 102 0 0 9762 1990 0 954 0 6 2 0 
133 0 49 0 0 4 0 1 0 0 1622 0 0 24210 0 100 0 4 10642 0 47 4 0 2124 7169 0 0 0 0 0 0 0 0 7 5 9 192 0 0 322 4 12 4418 0 0 7912 0 0 0 0 
0 0 0 90370 130 0 6 27441 0 241 0 0 0 0 0 0 0 30 0 0 0 7 2124 0 0 3499 0 0 72 0 0 0 0 0 0 2 0 86255 1463 691 172 7947 0 0 0 0 0 30078 0 1 
74 0 0 44 0 1 75984 0 0 25963 268 0 626 0 2 1 0 0 1094 16399 0 14 7169 0 0 3 37857 25 1 6 0 107 5 0 0 54519 15742 0 115 0 0 2057 102 0 0 0 62426 1 0 3578 
21 0 3 0 36 42 0 0 0 0 53 3754 1337 0 0 217 1805 978 0 72 0 0 0 3499 3 0 38920 0 739 1150 0 17 6 11111 0 0 1 7095 40 10695 72 20154 50 80433 22176 41237 1 0 0 21 
0 0 0 0 37594 4 89023 440 212 0 182 0 7 0 0 0 0 0 63 0 1 0 0 0 37857 38920 0 303 37349 20721 13 1607 0 0 1 23 437 0 0 0 67845 0 42503 11 108 8 13405 0 0 0 
2016 178 0 122 1 10 433 0 0 0 391 0 231 13714 0 13746 0 32 176 4386 0 0 0 0 25 0 303 0 140 0 12707 0 0 0 500 0 0 7480 0 105 59 0 26449 0 0 0 5 0 0 511 
47339 26561 0 2 6 0 13682 0 0 0 1 0 1347 0 0 30772 0 27366 0 0 0 9 0 72 1 739 37349 140 0 0 1 3238 0 0 29722 0 84903 0 0 17 0 6 0 8 2503 0 938 260 4 0 
0 0 1207 0 1930 0 38088 0 4 0 1 0 9942 0 0 0 0 0 0 122 81062 0 0 0 6 1150 20721 0 0 0 0 1985 1431 0 0 177 0 0 4180 0 38803 2777 0 0 26 215 0 0 148 173 
0 0 0 0 5859 0 0 18252 0 48 0 0 0 105 0 161 6731 656 109 0 76074 1 0 0 0 0 13 12707 1 0 0 0 5 99921 0 8 0 0 0 0 0 0 20577 0 0 0 66 0 0 207 
11022 0 0 0 0 5217 0 0 29 0 0 2 0 0 0 0 0 0 255 26758 1788 349 0 0 107 17 1607 0 3238 1985 0 0 0 0 547 0 0 367 0 0 0 1442 0 78 50 0 43 0 0 48 
8845 0 0 0 0 0 0 0 1212 1975 0 0 343 5032 0 8 242 0 0 2 11948 0 0 0 5 6 0 0 0 1431 5 0 0 0 33189 0 0 29721 1345 0 1 352 0 118 0 309 7 0 1 0 
0 0 0 0 0 0 1863 3932 12128 43 10 20 49047 16 0 30 0 0 0 34 164 0 7 0 0 11111 0 0 0 0 99921 0 0 0 0 0 22 60011 0 0 2 391 12 9963 0 1 37 26 94164 10669 
0 5 0 14 0 289 21151 536 2 724 0 5434 0 0 0 14959 26647 0 0 0 12 299 5 0 0 0 1 500 29722 0 0 547 33189 0 0 0 0 0 0 466 887 0 34940 198 0 0 0 29701 1898 2 
0 0 316 55059 0 0 65 12979 744 0 123 0 0 0 0 38937 0 0 0 120 0 0 9 2 54519 0 23 0 0 177 8 0 0 0 0 0 0 8291 258 18376 0 4 32852 0 0 0 0 0 0 0 
5 0 279 22725 43655 284 1 1249 5 0 0 0 345 13 2 0 2014 0 9541 0 0 4259 192 0 15742 1 437 0 84903 0 0 0 0 22 0 0 0 45 467 0 69758 1008 12065 57 1 4080 0 651 4 0 
116 0 9659 4712 0 0 0 0 0 0 6 0 29 184 81 300 4 3068 1635 0 0 0 0 86255 0 7095 0 7480 0 0 0 367 29721 60011 0 8291 45 0 0 1 0 0 1 14031 9712 0 1 0 0 0 
0 1 0 0 0 53 92225 298 0 2598 0 0 88243 0 658 0 0 0 0 0 0 0 0 1463 115 40 0 0 0 4180 0 0 1345 0 0 258 467 0 0 0 0 0 7 0 0 0 24488 718 1419 0 
29 0 0 0 0 67 4 40666 0 0 9716 0 367 34 5 0 5 0 0 0 0 102 322 691 0 10695 0 105 17 0 0 0 0 0 466 18376 0 1 0 0 32 0 1 0 0 0 11596 0 0 0 
289 0 0 0 248 0 0 73 4269 0 5310 0 0 0 325 0 5028 744 985 0 0 0 4 172 0 72 67845 59 0 38803 0 0 1 2 887 0 69758 0 0 32 0 0 1492 0 637 21658 1375 18 0 2 
394 509 0 0 0 5 0 0 169 26476 1 1119 0 0 0 0 0 461 0 0 45472 0 12 7947 2057 20154 0 0 6 2777 0 1442 352 391 0 4 1008 0 0 0 0 0 9 2184 10383 5 1519 7 1 4682 
11 0 0 84 3926 86458 26 720 876 0 1 0 10637 0 0 13533 596 429 0 0 0 9762 4418 0 102 50 42503 26449 0 0 20577 0 0 12 34940 32852 12065 1 7 1 1492 9 0 2216 0 0 0 3 0 0 
1895 6392 665 2793 0 0 435 0 29 0 404 0 0 24 0 3766 0 439 0 2 0 1990 0 0 0 80433 11 0 8 0 0 78 118 9963 198 0 57 14031 0 0 0 2184 2216 0 0 2 0 0 0 10 
36 821 0 0 0 0 3 9 0 26 0 0 0 59349 0 6365 17607 140 0 197 0 0 0 0 0 22176 108 0 2503 26 0 50 0 0 0 0 1 9712 0 0 637 10383 0 0 0 0 45501 0 2347 17297 
5333 0 0 0 0 82791 2 4505 4 1759 47965 4 9 0 10 5 0 41 7 0 0 954 7912 0 0 41237 8 0 0 215 0 0 309 1 0 0 4080 0 0 0 21658 5 0 2 0 0 13650 735 72702 1499 
0 0 0 12 95 18 0 0 0 64527 29915 4445 5 0 0 0 0 167 0 0 435 0 0 0 62426 1 13405 5 938 0 66 43 7 37 0 0 0 1 24488 11596 1375 1519 0 0 45501 13650 0 25831 1 12341 
5 74 0 0 2 0 10 128 2766 9638 3 4715 537 0 0 2 0 0 0 0 7506 6 0 30078 1 0 0 0 260 0 0 0 0 26 29701 0 651 0 718 0 18 7 3 0 0 735 25831 0 7 3 
0 0 0 883 1 2 757 0 0 28762 0 0 8 46 0 1 1 0 96521 16573 0 2 0 0 0 0 0 0 4 148 0 0 1 94164 1898 0 4 0 1419 0 0 1 0 0 2347 72702 1 7 0 0 
0 5890 1109 0 5 6074 4 0 1 0 0 86 0 0 0 3 13191 0 2 7 3389 0 0 1 3578 21 0 511 0 173 207 48 0 10669 2 0 0 0 0 0 2 4682 0 10 17297 1499 12341 3 0 0 
0 0 0 2 0 1013 0 31 0 843 850 0 0 1167 0 0 0 0 0 196 44 104 0 395 0 0 0 2072 0 0 0 28029 41775 44230 0 37 4172 11092 5 1 11 29 10 2577 42 418 8 1 3609 36441 
0 0 0 3775 0 0 84 22 144 0 18 406 0 1 0 0 137 285 0 0 1291 0 10 0 0 0 104 0 0 18 36 0 0 0 0 0 0 0 59 0 0 0 0 0 3855 4 0 75 30 0 
0 0 0 2556 121 6496 0 0 0 0 1337 0 0 375 0 3376 0 0 0 0 0 178 8870 85211 24 1 0 0 690 0 0 581 0 0 250 0 0 5288 156 71 0 0 203 0 0 0 0 1999 48 0 
2 3775 2556 0 0 0 2 185 0 0 23898 0 0 0 0 0 1182 0 0 24736 0 0 0 0 211 18844 0 450 2 0 2171 0 0 0 81719 2 0 0 20128 0 37 1 53 1452 8691 5640 0 37 0 0 
0 0 121 0 0 92 0 0 0 0 84562 2 0 0 1 29 0 6 0 4 7 3 0 18 0 0 584 2 35060 2348 0 9377 6 177 0 0 10530 0 0 0 29029 0 0 1029 0 0 1380 10 9287 1840 
1013 0 6496 0 92 0 4 105 0 14 2756 0 0 0 11265 0 0 0 0 0 0 73 5 0 0 0 73739 0 0 7919 0 0 0 0 0 0 0 0 31 137 2767 4796 13730 2 18861 0 0 0 0 1 
0 84 0 2 0 4 0 739 0 6 0 0 0 0 0 3671 30 61 0 0 0 0 657 0 0 0 0 488 791 0 0 0 0 36143 0 0 4466 0 19995 0 830 6 2560 1842 4914 0 0 0 1 4 
31 22 0 185 0 105 739 0 86 0 0 4 7 586 1 0 0 0 15 287 5173 596 0 0 20598 0 1 444 0 114 226 0 0 0 0 0 10263 4 48335 0 0 1429 5289 0 6 0 8626 0 1469 27100 
0 144 0 0 0 0 0 86 0 0 2 58058 140 0 14 753 47 0 12934 0 0 0 0 0 0 0 0 0 22396 0 3036 0 15699 0 5 0 0 0 20 439 0 0 18 15057 18 0 0 2 0 0 
843 0 0 0 0 14 6 0 0 0 0 24509 0 0 0 6 3307 0 0 0 0 8800 0 5468 0 19 10 0 0 0 0 0 0 12 0 24 614 272 58 0 0 0 0 0 0 9 32183 32 15482 179 
850 18 1337 23898 84562 2756 0 0 2 0 0 1034 174 0 3 0 290 58 0 37821 0 7 1069 2 0 271 0 2 73 917 0 0 0 226 0 274 0 0 0 29906 0 0 1686 395 0 26167 0 0 36 93 
0 406 0 0 2 0 0 4 58058 24509 1034 0 0 0 23934 1213 2683 0 2 6 2529 370 0 0 0 0 0 40830 0 0 0 444 0 163 75414 6453 16463 85 44292 0 0 0 2 1 0 0 0 2621 2 0 
0 0 0 0 0 0 0 7 140 0 174 0 0 19890 0 0 5 101 0 0 40 0 0 0 37 0 2 0 4811 0 0 298 29 0 0 0 0 0 0 0 28 1178 717 1 0 1 0 2 0 19643 
1167 1 375 0 0 0 0 586 0 0 0 0 19890 0 27 3039 0 4 0 0 0 0 0 19 0 0 0 18665 0 0 0 11266 0 788 0 13 0 0 0 2535 0 58 85 0 4244 0 0 0 0 0 
0 0 0 0 1 11265 0 1 14 0 3 23934 0 27 0 17485 0 4 0 0 4586 6 0 0 0 35349 0 2 1 0 3 0 0 12 0 208 141 0 62046 112 6812 0 0 28 1479 1937 0 0 0 5 
0 0 3376 0 29 0 3671 0 753 6 0 1213 0 3039 17485 0 0 0 17784 276 0 0 685 76 2 0 0 0 3 0 5613 0 41 5947 0 0 0 1 238 79991 2 0 1615 3 287 7134 0 0 17 0 
0 137 0 1182 0 0 30 0 47 3307 290 2683 5 0 0 0 0 1965 543 0 203 0 1 595 0 28 0 227 7 222 112 537 2 22 2421 0 0 3315 26 387 8696 0 195 0 0 13 0 0 50590 44977 
0 285 0 0 6 0 61 0 0 0 58 0 101 4 4 0 1965 0 21924 0 0 0 89 380 19518 0 26536 2 0 0 5663 1 831 0 0 0 16131 4417 14179 5 373 0 67 0 0 0 0 1132 0 0 
0 0 0 0 0 0 0 15 12934 0 0 2 0 0 0 17784 543 21924 0 0 0 485 34918 0 0 0 0 0 12 273 0 0 2643 5287 0 0 10 22 18312 616 40225 280 0 140 0 0 0 0 203 0 
196 0 0 24736 4 0 0 287 0 0 37821 6 0 0 0 276 0 0 0 0 0 0 21587 0 15426 0 0 1636 16 0 2444 0 0 0 0 271 2 55 43 249 2 0 0 10170 0 0 105 4 1912 0 
44 1291 0 0 7 0 0 5173 0 0 0 2529 40 0 4586 0 203 0 0 0 0 7265 0 6023 16204 0 0 26557 9198 6173 27147 0 0 2355 0 0 69905 0 19390 19 0 12986 0 4 0 0 2029 10810 0 0 
104 0 178 0 3 73 0 596 0 8800 7 370 0 0 6 0 0 0 485 0 7265 0 2 59 0 24849 0 2 40 175 0 0 2060 0 0 44508 0 0 0 9937 0 0 1 4 0 0 0 614 4693 0 
0 10 8870 0 0 5 657 0 0 0 1069 0 0 0 0 685 1 89 34918 21587 0 2 0 0 2 99 1036 66 22171 4 2 50 0 3601 0 0 1045 0 0 0 1 12402 1892 11053 0 1 0 0 1827 525 
395 0 85211 0 18 0 0 0 0 5468 2 0 0 19 0 76 595 380 0 0 6023 59 0 0 0 0 0 18 39213 486 0 0 1 9216 65 729 269 0 0 5140 10 0 0 9 0 0 0 0 0 3530 
0 0 24 211 0 0 0 20598 0 0 0 0 37 0 0 2 0 19518 0 15426 16204 0 2 0 0 1 5 0 0 25 163 0 0 0 320 0 0 0 6199 3 22092 109 2747 0 10 1 27532 1 1 10 
0 0 1 18844 0 0 0 0 0 19 271 0 0 0 35349 0 28 0 0 0 0 24849 99 0 1 0 9864 1302 10 0 19012 0 96139 0 0 0 1 3610 2 4183 4 335 0 9429 0 14869 1 0 0 0 
0 104 0 0 584 73739 0 1 0 10 0 0 2 0 0 0 0 26536 0 0 0 0 1036 0 5 9864 0 732 0 42 0 0 0 0 0 24972 4 0 0 1815 0 0 1 7 10013 0 0 0 0 0 
2072 0 0 450 2 0 488 444 0 0 2 40830 0 18665 2 0 227 2 0 1636 26557 2 66 18 0 1302 732 0 17 0 3020 74095 4 0 77250 0 2040 35959 50 0 8795 0 22 0 0 0 0 0 2162 0 
0 0 690 2 35060 0 791 0 22396 0 73 0 4811 0 1 3 7 0 12 16 9198 40 22171 39213 0 10 0 17 0 32399 49 0 89 0 1 49 0 0 664 0 11 0 0 0 0 0 2889 0 18846 0 
0 18 0 0 2348 7919 0 114 0 0 917 0 0 0 0 0 222 0 273 0 6173 175 4 486 25 0 42 0 32399 0 20 3156 11636 0 0 0 0 0 31 0 0 0 2 0 1 0 0 1194 0 67 
0 36 0 2171 0 0 0 226 3036 0 0 0 0 0 3 5613 112 5663 0 2444 27147 0 2 0 163 19012 0 3020 49 20 0 0 22890 26 46 7536 36 0 11276 5457 1 0 0 37 3578 0 97 0 0 2 
28029 0 581 0 9377 0 0 0 0 0 0 444 298 11266 0 0 537 1 0 0 0 0 50 0 0 0 0 74095 0 3156 0 0 34 654 4 54 0 29 7943 0 0 0 3012 356 0 21 0 0 31750 0 
41775 0 0 0 6 0 0 0 15699 0 0 0 29 0 0 41 2 831 2643 0 0 2060 0 1 0 96139 0 4 89 11636 22890 34 0 83 30 0 1 213 0 0 0 1 284 16 33442 2630 20 0 8 0 
44230 0 0 0 177 0 36143 0 0 12 226 163 0 788 12 5947 22 0 5287 0 2355 0 3601 9216 0 0 0 0 0 0 26 654 83 0 0 0 0 0 0 0 1610 0 0 60 0 0 0 247 16294 4746 
0 0 250 81719 0 0 0 0 5 0 0 75414 0 0 0 0 2421 0 0 0 0 0 0 65 320 0 0 77250 1 0 46 4 30 0 0 4 0 52538 27613 82 1 84 0 842 0 74842 1 432 14822 5 
37 0 0 2 0 0 0 0 0 24 274 6453 0 13 208 0 0 0 0 271 0 44508 0 729 0 0 24972 0 49 0 7536 54 0 0 4 0 47 0 14606 41 0 953 0 3306 131 1726 0 6 0 0 
4172 0 0 0 10530 0 4466 10263 0 614 0 16463 0 0 141 0 0 16131 10 2 69905 0 1045 269 0 1 4 2040 0 0 36 0 1 0 0 47 0 0 0 235 0 17820 414 3981 1806 103 349 0 1512 0 
11092 0 5288 0 0 0 0 4 0 272 0 85 0 0 0 1 3315 4417 22 55 0 0 0 0 0 3610 0 35959 0 0 0 29 213 0 52538 0 0 0 27102 0 0 1 3 0 4704 2 2 0 0 2513 
5 59 156 20128 0 31 19995 48335 20 58 0 44292 0 0 62046 238 26 14179 18312 43 19390 0 0 0 6199 2 0 50 664 31 11276 7943 0 0 27613 14606 0 27102 0 0 1384 1 1 0 4867 0 0 13404 0 29 
1 0 71 0 0 137 0 0 439 0 29906 0 0 2535 112 79991 387 5 616 249 19 9937 0 5140 3 4183 1815 0 0 0 5457 0 0 0 82 41 235 0 0 0 0 229 0 37 0 58 102 0 0 0 
11 0 0 37 29029 2767 830 0 0 0 0 0 28 0 6812 2 8696 373 40225 2 0 0 1 10 22092 4 0 8795 11 0 1 0 0 1610 1 0 0 0 1384 0 0 0 23 0 67 8 0 198 3 0 
29 0 0 1 0 4796 6 1429 0 0 0 0 1178 58 0 0 0 0 280 0 12986 0 12402 0 109 335 0 0 0 0 0 0 1 0 84 953 17820 1 1 229 0 0 26 0 1371 2 918 0 93 0 
10 0 203 53 0 13730 2560 5289 18 0 1686 2 717 85 0 1615 195 67 0 0 0 1 1892 0 2747 0 1 22 0 2 0 3012 284 0 0 0 414 3 1 0 23 26 0 0 84 4 0 0 0 1 
2577 0 0 1452 1029 2 1842 0 15057 0 395 1 1 0 28 3 0 0 140 10170 4 4 11053 9 0 9429 7 0 0 0 37 356 16 60 842 3306 3981 0 0 37 0 0 0 0 0 39 2 1 21 153 
42 3855 0 8691 0 18861 4914 6 18 0 0 0 0 4244 1479 287 0 0 0 0 0 0 0 0 10 0 10013 0 0 1 3578 0 33442 0 0 131 1806 4704 4867 0 67 1371 84 0 0 2 1950 916 1246 0 
418 4 0 5640 0 0 0 0 0 9 26167 0 1 0 1937 7134 13 0 0 0 0 0 1 0 1 14869 0 0 0 0 0 21 2630 0 74842 1726 103 2 0 58 8 2 4 39 2 0 6624 4732 88425 131 
8 0 0 0 1380 0 0 8626 0 32183 0 0 0 0 0 0 0 0 0 105 2029 0 0 0 27532 1 0 0 2889 0 97 0 20 0 1 0 349 2 0 102 0 918 0 2 1950 6624 0 188 21867 17850 
1 75 1999 37 10 0 0 0 2 32 0 2621 2 0 0 0 0 1132 0 4 10810 614 0 0 1 0 0 0 0 1194 0 0 0 247 432 6 0 0 13404 0 198 0 0 1 916 4732 188 0 18 24 
3609 30 48 0 9287 0 1 1469 0 15482 36 2 0 0 0 17 50590 0 203 1912 0 4693 1827 0 1 0 0 2162 18846 0 0 31750 8 16294 14822 0 1512 0 0 0 3 93 0 21 1246 88425 21867 18 0 0 
36441 0 0 0 1840 1 4 27100 0 179 93 0 19643 0 5 0 44977 0 0 0 0 0 525 3530 10 0 0 0 0 67 2 0 0 4746 5 0 0 2513 29 0 0 0 1 153 0 131 17850 24 0 0 
