40 2
0 59 64 103 62 95 95 48 90 88 90 112 64 139 74 53 26 148 87 89 78 107 103 6 100 177 116 85 94 32 58 33 140 154 91 89 149 95 129 136 
59 0 70 49 40 62 36 46 31 30 43 69 27 80 26 37 59 91 39 30 28 48 85 53 62 119 57 26 35 49 19 41 84 96 32 30 99 39 70 86 
64 70 0 118 33 51 89 98 88 95 64 73 48 126 97 33 87 124 64 86 63 108 150 62 58 154 114 86 89 33 53 83 147 156 86 84 168 106 127 100 
103 49 118 0 85 94 38 68 34 23 68 88 69 56 28 85 93 77 65 36 58 23 68 97 90 97 30 33 37 98 65 74 38 53 38 38 50 11 35 90 
62 40 33 85 0 33 56 78 55 62 34 51 15 94 66 8 77 96 33 53 30 75 125 57 38 126 81 53 55 32 21 66 113 123 53 51 135 74 94 77 
95 62 51 94 33 0 57 107 59 71 25 22 37 82 84 42 110 75 28 57 37 76 147 91 7 104 78 61 57 65 46 97 112 117 56 55 139 82 90 49 
95 36 89 38 56 57 0 77 6 17 31 50 41 44 39 58 95 55 29 6 25 20 100 89 52 83 25 11 1 78 40 76 58 67 4 6 82 27 38 57 
48 46 98 68 78 107 77 0 71 63 90 115 69 117 41 71 27 133 86 71 75 81 55 45 108 159 90 66 76 65 60 15 106 121 74 72 107 64 101 132 
90 31 88 34 55 59 6 71 0 12 34 55 39 49 33 57 89 61 31 2 25 20 94 84 56 89 27 5 5 75 38 70 58 68 4 4 81 23 41 63 
88 30 95 23 62 71 17 63 12 0 46 67 46 53 23 63 84 69 43 14 35 19 82 82 68 95 28 10 16 78 43 65 53 65 16 16 72 11 40 74 
90 43 64 68 34 25 31 90 34 46 0 25 25 61 61 41 99 61 3 32 15 51 124 84 22 92 53 36 32 65 32 83 87 94 30 30 114 57 66 45 
112 69 73 88 51 22 50 115 55 67 25 0 49 63 86 60 123 54 29 53 40 67 148 107 15 82 66 58 51 84 57 108 98 101 51 51 128 77 76 27 
64 27 48 69 15 37 41 69 39 46 25 49 0 81 52 17 74 86 23 37 16 60 112 58 38 116 66 37 40 40 8 60 98 108 37 36 119 58 79 71 
139 80 126 56 94 82 44 117 49 53 61 63 81 0 75 99 137 23 62 50 65 36 125 133 74 41 27 54 45 121 83 118 42 40 48 50 74 54 23 49 
74 26 97 28 66 84 39 41 33 23 61 86 52 75 0 64 65 92 58 34 47 39 62 69 83 117 49 28 38 73 45 46 66 80 37 35 76 23 59 96 
53 37 33 85 8 42 58 71 57 63 41 60 17 99 64 0 69 102 39 55 34 77 120 48 46 132 83 54 58 24 20 58 115 125 55 53 135 74 97 85 
26 59 87 93 77 110 95 27 89 84 99 123 74 137 65 69 0 150 95 88 85 103 79 26 113 178 112 83 93 54 66 19 131 145 91 89 135 88 124 144 
148 91 124 77 96 75 55 133 61 69 61 54 86 23 92 102 150 0 63 62 70 55 146 142 68 30 47 67 57 126 90 132 65 61 59 61 97 73 46 31 
87 39 64 65 33 28 29 86 31 43 3 29 23 62 58 39 95 63 0 29 11 49 121 81 25 93 52 33 29 63 29 79 86 93 27 27 112 54 65 48 
89 30 86 36 53 57 6 71 2 14 32 53 37 50 34 55 88 62 29 0 23 22 95 83 54 89 29 5 5 73 36 70 60 70 2 2 83 25 42 62 
78 28 63 58 30 37 25 75 25 35 15 40 16 65 47 34 85 70 11 23 0 45 110 72 35 100 50 25 25 56 20 68 83 92 22 21 106 47 64 59 
107 48 108 23 75 76 20 81 20 19 51 67 60 36 39 77 103 55 49 22 45 0 91 101 71 77 9 23 20 95 58 84 38 48 22 24 62 18 21 67 
103 85 150 68 125 147 100 55 94 82 124 148 112 125 62 120 79 146 121 95 110 91 0 100 146 164 99 90 98 119 104 71 95 110 98 97 80 74 102 156 
6 53 62 97 57 91 89 45 84 82 84 107 58 133 69 48 26 142 81 83 72 101 100 0 95 171 110 79 88 29 52 29 135 148 85 83 144 89 123 130 
100 62 58 90 38 7 52 108 56 68 22 15 38 74 83 46 113 68 25 54 35 71 146 95 0 97 72 58 53 70 47 99 106 111 52 52 134 79 84 42 
177 119 154 97 126 104 83 159 89 95 92 82 116 41 117 132 178 30 93 89 100 77 164 171 97 0 68 94 84 156 120 159 73 63 87 89 103 95 62 57 
116 57 114 30 81 78 25 90 27 28 53 66 66 27 49 83 112 47 52 29 50 9 99 110 72 68 0 31 25 102 65 93 34 42 28 30 62 26 13 62 
85 26 86 33 53 61 11 66 5 10 36 58 37 54 28 54 83 67 33 5 25 23 90 79 58 94 31 0 10 72 35 65 61 72 8 7 82 21 44 68 
94 35 89 37 55 57 1 76 5 16 32 51 40 45 38 58 93 57 29 5 25 20 98 88 53 84 25 10 0 78 40 75 58 67 3 5 82 26 39 58 
32 49 33 98 32 65 78 65 75 78 65 84 40 121 73 24 54 126 63 73 56 95 119 29 70 156 102 72 78 0 37 50 132 144 75 73 148 88 116 109 
58 19 53 65 21 46 40 60 38 43 32 57 8 83 45 20 66 90 29 36 20 58 104 52 47 120 65 35 40 37 0 51 96 106 37 35 115 54 79 78 
33 41 83 74 66 97 76 15 70 65 83 108 60 118 46 58 19 132 79 70 68 84 71 29 99 159 93 65 75 50 51 0 112 127 72 70 118 69 105 127 
140 84 147 38 113 112 58 106 58 53 87 98 98 42 66 115 131 65 86 60 83 38 95 135 106 73 34 61 58 132 96 112 0 15 60 62 32 45 22 90 
154 96 156 53 123 117 67 121 68 65 94 101 108 40 80 125 145 61 93 70 92 48 110 148 111 63 42 72 67 144 106 127 15 0 70 71 40 58 28 89 
91 32 86 38 53 56 4 74 4 16 30 51 37 48 37 55 91 59 27 2 22 22 98 85 52 87 28 8 3 75 37 72 60 70 0 2 84 27 42 59 
89 30 84 38 51 55 6 72 4 16 30 51 36 50 35 53 89 61 27 2 21 24 97 83 52 89 30 7 5 73 35 70 62 71 2 0 85 27 43 60 
149 99 168 50 135 139 82 107 81 72 114 128 119 74 76 135 135 97 112 83 106 62 80 144 134 103 62 82 82 148 115 118 32 40 84 85 0 61 54 122 
95 39 106 11 74 82 27 64 23 11 57 77 58 54 23 74 88 73 54 25 47 18 74 89 79 95 26 21 26 88 54 69 45 58 27 27 61 0 36 82 
129 70 127 35 94 90 38 101 41 40 66 76 79 23 59 97 124 46 65 42 64 21 102 123 84 62 13 44 39 116 79 105 22 28 42 43 54 36 0 68 
136 86 100 90 77 49 57 132 63 74 45 27 71 49 96 85 144 31 48 62 59 67 156 130 42 57 62 68 58 109 78 127 90 89 59 60 122 82 68 0 
0 0 140 20 15 226 0 7 11 0 0 1297 0 3 140 4789 18 0 77483 62 1429 1724 6 182 22938 1294 669 20 0 69 0 0 0 0 44341 3268 0 0 0 46052 
0 0 0 255 4238 0 0 0 2 145 58 15 3606 14553 0 7258 0 0 0 0 723 0 0 0 1358 2 0 37 4 0 0 0 0 1041 0 0 0 97 418 0 
140 0 0 0 77319 0 711 0 83 0 0 0 467 0 10 0 4518 278 0 0 10 1 0 95125 0 0 0 79030 0 0 5 10 0 0 0 0 1508 0 0 0 
20 255 0 0 0 32 1100 30581 2062 0 0 7 19 7470 0 1594 127 0 3 0 0 637 17 0 0 43300 0 180 22607 0 535 0 302 0 0 25260 0 47 0 0 
15 4238 77319 0 0 19674 0 3633 0 7 460 40 30232 23094 0 20 16160 0 0 0 0 2104 383 1 16783 1227 4 1 1529 0 0 82706 0 0 15311 0 12 90 5287 0 
226 0 0 32 19674 0 49 554 1 8840 0 0 1052 1 0 0 0 3 0 26 0 3009 0 448 4179 14 46548 0 1 0 0 2 0 0 2 2075 6 57 0 0 
0 0 711 1100 0 49 0 24931 2692 0 2301 0 0 0 0 65769 0 11266 0 19114 0 14731 0 0 18 80 13050 855 0 0 96 0 0 0 0 0 0 141 15773 5391 
7 0 0 30581 3633 554 24931 0 0 0 1248 0 2 0 0 0 69399 3558 8 0 2499 0 0 0 0 14310 2 0 232 399 356 0 24773 3226 0 1166 0 0 0 0 
11 2 83 2062 0 1 2692 0 0 0 53068 0 0 3 0 0 53 0 0 0 0 0 0 71 0 0 0 1334 1 785 0 0 0 6606 0 74601 10765 0 0 5705 
0 145 0 0 7 8840 0 0 0 0 146 392 0 20 3 132 91706 1750 0 0 66 15282 3354 21710 2 0 5 0 0 7 69 0 0 94 0 0 9299 40 0 0 
0 58 0 0 460 0 2301 1248 53068 146 0 106 58 1561 0 0 8 9104 0 0 37 0 0 0 27 5949 0 0 0 1734 19740 1 1045 0 0 0 0 4 71318 14986 
1297 15 0 7 40 0 0 0 0 392 106 0 25 0 318 0 0 2 23 0 4204 0 4 0 0 0 0 786 3 56 808 1224 0 9 13099 0 77 0 0 0 
0 3606 467 19 30232 1052 0 2 0 0 58 25 0 0 45786 0 7398 0 0 1012 0 275 17020 289 171 0 0 506 0 3 44243 0 0 995 3 0 616 87060 0 15752 
3 14553 0 7470 23094 1 0 0 3 20 1561 0 0 0 6 84378 1 4965 27722 0 89 0 1529 6344 4 0 33 79 2 613 0 0 0 0 0 156 0 0 0 17 
140 0 10 0 0 0 0 0 0 3 0 318 45786 6 0 1 42698 2 2 0 34 36544 14038 0 5531 0 31 17 15796 0 0 188 851 31569 6 165 0 8 0 0 
4789 7258 0 1594 20 0 65769 0 0 132 0 0 0 84378 1 0 73 0 6 0 30 0 0 4519 0 0 0 75695 0 10153 0 2298 0 0 37287 2753 0 0 0 41177 
18 0 4518 127 16160 0 0 69399 53 91706 8 0 7398 1 42698 73 0 1 67 0 0 0 5 4116 6 0 0 1 3336 0 0 0 0 0 1641 0 4 0 0 3764 
0 0 278 0 0 3 11266 3558 0 1750 9104 2 0 4965 2 0 1 0 0 8 1 910 0 123 2189 0 0 0 2826 0 660 0 0 22276 0 40776 0 4 2643 24 
77483 0 0 3 0 0 0 8 0 0 0 23 0 27722 2 6 67 0 0 20374 72012 8071 10520 0 0 0 28 35496 2 56 1166 711 7565 41558 0 3041 343 0 32170 814 
62 0 0 0 0 26 19114 0 0 0 0 0 1012 0 0 0 0 8 20374 0 0 2380 35 0 10112 10944 52 0 190 0 180 3826 7 10 762 0 0 0 0 0 
1429 723 10 0 0 0 0 2499 0 66 37 4204 0 89 34 30 0 1 72012 0 0 1 4 0 51 0 19819 0 5669 166 3 0 0 0 8 0 0 0 0 28 
1724 0 1 637 2104 3009 14731 0 0 15282 0 0 275 0 36544 0 0 910 8071 2380 1 0 0 0 31861 0 0 0 112 0 0 0 75951 548 0 0 0 27187 5 0 
6 0 0 17 383 0 0 0 0 3354 0 4 17020 1529 14038 0 5 0 10520 35 4 0 0 0 245 91972 59803 34636 1684 0 587 984 1 27 0 0 2371 0 12116 3335 
182 0 95125 0 1 448 0 0 71 21710 0 0 289 6344 0 4519 4116 123 0 0 0 0 0 0 0 17769 24 0 0 0 41685 318 0 2 4 1953 0 0 879 0 
22938 1358 0 0 16783 4179 18 0 0 2 27 0 171 4 5531 0 6 2189 0 10112 51 31861 245 0 0 81 0 25 3080 0 0 0 0 10 18 0 0 0 10 23808 
1294 2 0 43300 1227 14 80 14310 0 0 5949 0 0 0 0 0 0 0 0 10944 0 0 91972 17769 81 0 0 24340 3 0 131 20 0 735 0 0 0 0 0 2 
669 0 0 0 4 46548 13050 2 0 5 0 0 0 33 31 0 0 0 28 52 19819 0 59803 24 0 0 0 177 0 0 28494 0 0 606 226 1290 7468 89377 48993 0 
20 37 79030 180 1 0 855 0 1334 0 0 786 506 79 17 75695 1 0 35496 0 0 0 34636 0 25 24340 177 0 0 1720 887 1 118 0 60 14176 0 0 0 918 
0 4 0 22607 1529 1 0 232 1 0 0 3 0 2 15796 0 3336 2826 2 190 5669 112 1684 0 3080 3 0 0 0 0 21 4 18737 0 0 0 0 0 0 6 
69 0 0 0 0 0 0 399 785 7 1734 56 3 613 0 10153 0 0 56 0 166 0 0 0 0 0 0 1720 0 0 15 75531 1 0 0 5 1991 1491 0 150 
0 0 5 535 0 0 96 356 0 69 19740 808 44243 0 0 0 0 660 1166 180 3 0 587 41685 0 131 28494 887 21 15 0 0 0 6496 30 3612 1 4 29 2 
0 0 10 0 82706 2 0 0 0 0 1 1224 0 0 188 2298 0 0 711 3826 0 0 984 318 0 20 0 1 4 75531 0 0 6 23 0 87 88 0 1 0 
0 0 0 302 0 0 0 24773 0 0 1045 0 0 0 851 0 0 0 7565 7 0 75951 1 0 0 0 0 118 18737 1 0 6 0 0 3 405 9366 79 1 0 
0 1041 0 0 0 0 0 3226 6606 94 0 9 995 0 31569 0 0 22276 41558 10 0 548 27 2 10 735 606 0 0 0 6496 23 0 0 1 22 0 0 0 22 
44341 0 0 0 15311 2 0 0 0 0 0 13099 3 0 6 37287 1641 0 0 762 8 0 0 4 18 0 226 60 0 0 30 0 3 1 0 0 17 0 0 296 
3268 0 0 25260 0 2075 0 1166 74601 0 0 0 0 156 165 2753 0 40776 3041 0 0 0 0 1953 0 0 1290 14176 0 5 3612 87 405 22 0 0 0 0 0 0 
0 0 1508 0 12 6 0 0 10765 9299 0 77 616 0 0 0 4 0 343 0 0 0 2371 0 0 0 7468 0 0 1991 1 88 9366 0 17 0 0 0 0 0 
0 97 0 47 90 57 141 0 0 40 4 0 87060 0 8 0 0 4 0 0 0 27187 0 0 0 0 89377 0 0 1491 4 0 79 0 0 0 0 0 92330 0 
0 418 0 0 5287 0 15773 0 0 0 71318 0 0 0 0 0 0 2643 32170 0 0 5 12116 879 10 0 48993 0 0 0 29 1 1 0 0 0 0 92330 0 526 
46052 0 0 0 0 0 5391 0 5705 0 14986 0 15752 17 0 41177 3764 24 814 0 28 0 3335 0 23808 2 0 918 6 150 2 0 0 22 296 0 0 0 526 0 
0 3416 0 0 0 0 1917 0 0 355 2626 0 100 0 0 0 0 5 0 0 0 0 0 0 0 0 0 0 101 0 1 165 2 1 0 0 21 88867 68597 0 
3416 0 19911 0 0 2 6136 1 0 0 0 0 0 0 14 0 1779 8 50443 67 0 148 1 1498 0 0 7802 0 0 171 58 3179 8 0 42166 2207 19813 0 0 3306 
0 19911 0 5 0 18845 0 5 0 4705 1 24971 0 326 0 1017 0 0 49980 26 0 0 5729 0 27402 23 103 0 349 76988 0 0 1104 2388 7 1 0 42 2109 15 
0 0 5 0 76104 0 0 0 0 46258 268 0 0 0 2786 0 0 5 0 37 7851 0 0 17 62 0 6 0 0 13 0 5 0 76 15849 0 1 0 1 5 
0 0 0 76104 0 0 152 0 11389 0 0 0 0 0 7 0 0 5 83 56892 79076 0 0 0 0 0 0 0 0 120 5 0 43896 222 0 34842 0 0 0 19 
0 2 18845 0 0 0 0 0 0 0 194 138 0 0 279 9934 9126 0 225 0 754 0 135 0 0 0 0 170 0 22 23 0 13 55560 0 0 0 0 7 2171 
1917 6136 0 0 152 0 0 0 0 2 0 3 2029 2444 70582 0 837 0 16841 0 1336 0 4 1698 0 0 0 0 10 270 0 1880 86 9831 96 861 9472 0 0 0 
0 1 5 0 0 0 0 0 2456 17 0 14 0 2638 3242 81492 0 0 0 3 0 1 357 1 32 0 0 1109 0 0 0 4 0 0 10045 0 102 3178 5 41607 
0 0 0 0 11389 0 0 2456 0 418 0 30463 19227 0 24749 15 0 6337 11 85 15063 100 1455 0 2721 417 106 0 0 0 416 1 75 0 14 0 0 1136 3741 0 
355 0 4705 46258 0 0 2 17 418 0 0 0 1 0 0 0 0 0 53 3 0 0 0 0 0 350 0 11 5 0 0 550 5 0 89 1638 0 0 10 88 
2626 0 1 268 0 194 0 0 0 0 0 0 0 0 62 4582 0 0 11 13067 0 63163 6297 1 0 0 56069 3 9395 0 0 0 0 1411 12729 2 32 0 0 0 
0 0 24971 0 0 138 3 14 30463 0 0 0 0 196 0 1239 18 0 0 321 0 5 0 85116 1189 38 5 0 0 0 0 0 37 0 0 5669 0 2567 33 9 
100 0 0 0 0 0 2029 0 19227 1 0 0 0 7 0 19 0 27 2787 0 577 0 0 0 0 620 15641 0 112 0 0 2 132 0 0 5 0 0 3 0 
0 0 326 0 0 0 2444 2638 0 0 0 196 7 0 0 0 0 0 0 1 0 4 0 0 0 66 0 0 0 0 4 18223 8 46238 60715 0 25021 11281 31796 0 
0 14 0 2786 7 279 70582 3242 24749 0 62 0 0 0 0 0 0 0 0 736 0 0 0 2272 0 5 0 0 0 20 1482 0 0 0 0 0 42394 0 4664 23630 
0 0 1017 0 0 9934 0 81492 15 0 4582 1239 19 0 0 0 0 2 0 206 0 6 12 0 38844 32793 1604 0 2072 0 4 0 3 3 0 0 4 15300 1 0 
0 1779 0 0 0 9126 837 0 0 0 0 18 0 0 0 0 0 0 0 3 85864 6247 0 0 0 1862 599 0 0 20301 67341 12522 17213 33810 0 169 0 1 31830 0 
5 8 0 5 5 0 0 0 6337 0 0 0 27 0 0 2 0 0 8 0 0 0 24 0 0 2265 4935 23808 0 3 0 27207 17 0 704 0 93 0 0 0 
0 50443 49980 0 83 225 16841 0 11 53 11 0 2787 0 0 0 0 8 0 0 0 0 0 69273 143 211 0 0 0 0 0 0 0 0 48 0 0 6498 0 0 
0 67 26 37 56892 0 0 3 85 3 13067 321 0 1 736 206 3 0 0 0 3 0 0 51 0 0 0 1859 0 5278 0 0 0 0 0 32 41963 1896 12 15 
0 0 0 7851 79076 754 1336 0 15063 0 0 0 577 0 0 0 85864 0 0 3 0 0 0 84 0 18518 0 2 0 0 0 2344 117 6 0 22793 55337 31985 18060 0 
0 148 0 0 0 0 0 1 100 0 63163 5 0 4 0 6 6247 0 0 0 0 0 6 5258 0 940 1 39 0 235 259 5231 0 0 621 1801 72 0 0 444 
0 1 5729 0 0 135 4 357 1455 0 6297 0 0 0 0 12 0 24 0 0 0 6 0 943 0 0 0 0 0 1 0 0 0 0 7448 3739 0 1899 0 0 
0 1498 0 17 0 0 1698 1 0 0 1 85116 0 0 2272 0 0 0 69273 51 84 5258 943 0 987 0 0 43 25 375 0 0 104 0 0 0 71 399 0 3 
0 0 27402 62 0 0 0 32 2721 0 0 1189 0 0 0 38844 0 0 143 0 0 0 0 987 0 0 11530 0 0 65 19303 5230 4 0 0 5064 1 1786 0 0 
0 0 23 0 0 0 0 0 417 350 0 38 620 66 5 32793 1862 2265 211 0 18518 940 0 0 0 0 856 0 0 17947 0 0 23 0 453 171 8 40 6078 0 
0 7802 103 6 0 0 0 0 106 0 56069 5 15641 0 0 1604 599 4935 0 0 0 1 0 0 11530 856 0 0 107 2 0 43401 18729 0 0 0 0 0 0 49988 
0 0 0 0 0 170 0 1109 0 11 3 0 0 0 0 0 0 23808 0 1859 2 39 0 43 0 0 0 0 9214 0 0 0 0 39294 0 0 1 19194 1944 0 
101 0 349 0 0 0 10 0 0 5 9395 0 112 0 0 2072 0 0 0 0 0 0 0 25 0 0 107 9214 0 8 0 0 0 14603 178 50 2 163 37604 0 
0 171 76988 13 120 22 270 0 0 0 0 0 0 0 20 0 20301 3 0 5278 0 235 1 375 65 17947 2 0 8 0 0 0 0 25 1690 0 0 0 5435 0 
1 58 0 0 5 23 0 0 416 0 0 0 0 4 1482 4 67341 0 0 0 0 259 0 0 19303 0 0 0 0 0 0 81780 723 0 0 0 0 0 0 0 
165 3179 0 5 0 0 1880 4 1 550 0 0 2 18223 0 0 12522 27207 0 0 2344 5231 0 0 5230 0 43401 0 0 0 81780 0 0 0 446 0 0 21 0 2648 
2 8 1104 0 43896 13 86 0 75 5 0 37 132 8 0 3 17213 17 0 0 117 0 0 104 4 23 18729 0 0 0 723 0 0 3 0 0 0 0 0 388 
1 0 2388 76 222 55560 9831 0 0 0 1411 0 0 46238 0 3 33810 0 0 0 6 0 0 0 0 0 0 39294 14603 25 0 0 3 0 0 0 20001 1104 2231 0 
0 42166 7 15849 0 0 96 10045 14 89 12729 0 0 60715 0 0 0 704 48 0 0 621 7448 0 0 453 0 0 178 1690 0 446 0 0 0 42108 0 989 87986 0 
0 2207 1 0 34842 0 861 0 0 1638 2 5669 5 0 0 0 169 0 0 32 22793 1801 3739 0 5064 171 0 0 50 0 0 0 0 0 42108 0 172 433 2903 37 
21 19813 0 1 0 0 9472 102 0 0 32 0 0 25021 42394 4 0 93 0 41963 55337 72 0 71 1 8 0 1 2 0 0 0 0 20001 0 172 0 18 74895 1 
88867 0 42 0 0 0 0 3178 1136 0 0 2567 0 11281 0 15300 1 0 6498 1896 31985 0 1899 399 1786 40 0 19194 163 0 0 21 0 1104 989 433 18 0 0 146 
68597 0 2109 1 0 7 0 5 3741 10 0 33 3 31796 4664 1 31830 0 0 12 18060 0 0 0 0 6078 0 1944 37604 5435 0 0 0 2231 87986 2903 74895 0 0 0 
0 3306 15 5 19 2171 0 41607 0 88 0 9 0 0 23630 0 0 0 0 15 0 444 0 3 0 0 49988 0 0 0 0 2648 388 0 0 37 1 146 0 0 
