9 2
0 59 64 103 62 95 95 48 90 
59 0 70 49 40 62 36 46 31 
64 70 0 118 33 51 89 98 88 
103 49 118 0 85 94 38 68 34 
62 40 33 85 0 33 56 78 55 
95 62 51 94 33 0 57 107 59 
95 36 89 38 56 57 0 77 6 
48 46 98 68 78 107 77 0 71 
90 31 88 34 55 59 6 71 0 
0 0 110 0 749 0 0 189 9 
0 0 35898 0 0 0 60513 0 2 
110 35898 0 0 0 0 0 0 0 
0 0 0 0 0 0 1041 107 2845 
749 0 0 0 0 0 23624 0 14752 
0 0 0 0 0 0 57 0 3 
0 60513 0 1041 23624 57 0 243 0 
189 0 0 107 0 0 243 0 0 
9 2 0 2845 14752 3 0 0 0 
0 0 43 0 11 4 0 84 67 
0 0 7074 0 0 0 77319 0 1 
43 7074 0 1 0 0 0 0 0 
0 0 1 0 0 0 276 1 46078 
11 0 0 0 0 0 31339 0 2428 
4 0 0 0 0 0 11 0 6 
0 77319 0 276 31339 11 0 43 0 
84 0 0 1 0 0 43 0 0 
67 1 0 46078 2428 6 0 0 0 
