40 3
0 123 17 72 89 90 77 84 122 70 141 118 117 117 58 85 94 145 69 99 137 99 30 139 114 56 50 94 70 158 148 87 53 161 64 94 106 62 87 81 
123 0 116 51 121 48 96 115 59 63 25 47 40 16 64 39 31 87 58 23 83 33 103 24 65 67 92 40 53 45 35 36 95 46 119 29 43 89 107 43 
17 116 0 64 101 90 86 66 108 71 133 119 117 113 52 81 90 150 68 93 122 97 14 135 118 53 57 84 66 154 139 82 62 151 46 88 94 69 69 78 
72 51 64 0 97 39 71 77 62 33 69 64 60 49 13 21 29 104 24 28 84 38 52 71 72 21 53 26 13 91 77 19 58 89 74 23 41 56 72 18 
89 121 101 97 0 73 26 158 158 64 146 84 88 106 88 88 93 82 73 107 181 88 104 121 67 78 49 121 84 131 156 94 43 167 143 101 136 41 157 86 
90 48 90 39 73 0 47 116 91 20 73 28 27 34 42 20 20 64 22 35 115 15 82 53 32 38 48 55 28 69 83 26 49 95 111 30 68 42 111 21 
77 96 86 71 26 47 0 136 132 38 121 63 66 81 63 62 67 73 47 81 155 62 85 98 49 54 29 95 58 110 130 68 24 142 124 75 110 17 134 60 
84 115 66 77 158 116 136 0 73 105 118 141 136 120 76 98 104 181 98 96 73 114 56 139 149 84 109 75 89 160 120 94 114 129 22 95 74 118 9 96 
122 59 108 62 158 91 132 73 0 94 51 103 96 73 74 71 70 145 85 56 25 79 93 83 118 83 115 37 74 101 50 65 120 57 87 60 22 118 63 72 
70 63 71 33 64 20 38 105 94 0 87 48 47 52 29 25 32 79 8 44 117 32 64 72 47 21 28 56 20 89 96 31 31 108 97 38 71 26 102 23 
141 25 133 69 146 73 121 118 51 87 0 70 64 41 83 62 55 108 81 43 71 58 119 37 89 88 115 49 74 52 10 57 118 21 127 50 44 113 110 65 
118 47 119 64 84 28 63 141 103 48 70 0 6 30 70 43 37 42 50 48 128 26 110 38 19 66 73 72 55 47 80 46 73 90 138 47 82 64 135 45 
117 40 117 60 88 27 66 136 96 47 64 6 0 24 67 39 32 48 48 42 121 22 108 32 25 64 74 66 52 44 73 42 75 83 134 41 76 66 130 42 
117 16 113 49 106 34 81 120 73 52 41 30 24 0 60 31 22 72 48 24 98 19 101 21 48 61 81 46 46 42 51 31 83 62 122 26 54 76 113 35 
58 64 52 13 88 42 63 76 74 29 83 70 67 60 0 29 38 107 21 41 95 45 41 82 74 9 41 39 15 102 90 29 47 103 69 35 53 47 72 25 
85 39 81 21 88 20 62 98 71 25 62 43 39 31 29 0 9 83 18 19 96 17 70 53 51 29 52 34 14 73 71 6 56 83 95 13 49 51 92 3 
94 31 90 29 93 20 67 104 70 32 55 37 32 22 38 9 0 79 27 14 95 10 79 44 48 38 60 36 24 64 64 10 64 76 103 10 48 58 98 13 
145 87 150 104 82 64 73 181 145 79 108 42 48 72 107 83 79 0 85 91 170 68 144 71 32 101 95 114 92 67 117 88 93 125 176 89 125 84 176 85 
69 58 68 24 73 22 47 98 85 8 81 50 48 48 21 18 27 85 0 37 108 30 60 70 52 16 34 48 11 88 90 23 38 102 91 31 63 34 94 15 
99 23 93 28 107 35 81 96 56 44 43 48 42 24 41 19 14 91 37 0 81 23 80 43 62 45 71 23 30 64 52 13 75 65 98 6 34 70 89 21 
137 83 122 84 181 115 155 73 25 117 71 128 121 98 95 96 95 170 108 81 0 104 107 106 143 104 136 61 97 123 67 89 142 71 92 85 47 141 64 96 
99 33 97 38 88 15 62 114 79 32 58 26 22 19 45 17 10 68 30 23 104 0 87 40 38 44 61 46 30 58 68 19 63 79 112 20 58 56 108 20 
30 103 14 52 104 82 85 56 93 64 119 110 108 101 41 70 79 144 60 80 107 87 0 123 111 44 56 70 56 143 125 70 61 137 39 76 80 68 58 67 
139 24 135 71 121 53 98 139 83 72 37 38 32 21 82 53 44 71 70 43 106 40 123 0 57 83 101 64 68 21 46 52 103 54 142 47 68 95 131 57 
114 65 118 72 67 32 49 149 118 47 89 19 25 48 74 51 48 32 52 62 143 38 111 57 0 68 66 84 60 63 99 57 65 109 143 59 97 55 144 53 
56 67 53 21 78 38 54 84 83 21 88 66 64 61 9 29 38 101 16 45 104 44 44 83 68 0 32 47 14 102 96 31 37 109 75 39 62 37 81 25 
50 92 57 53 49 48 29 109 115 28 115 73 74 81 41 52 60 95 34 71 136 61 56 101 66 32 0 79 42 117 124 57 5 136 95 65 94 12 107 49 
94 40 84 26 121 55 95 75 37 56 49 72 66 46 39 34 36 114 48 23 61 46 70 64 84 47 79 0 37 85 55 28 84 67 79 25 15 81 67 35 
70 53 66 13 84 28 58 89 74 20 74 55 52 46 15 14 24 92 11 30 97 30 56 68 60 14 42 37 0 88 82 17 47 95 83 24 52 44 84 11 
158 45 154 91 131 69 110 160 101 89 52 47 44 42 102 73 64 67 88 64 123 58 143 21 63 102 117 85 88 0 58 73 118 62 163 68 88 110 152 76 
148 35 139 77 156 83 130 120 50 96 10 80 73 51 90 71 64 117 90 52 67 68 125 46 99 96 124 55 82 58 0 66 128 12 130 58 47 122 111 74 
87 36 82 19 94 26 68 94 65 31 57 46 42 31 29 6 10 88 23 13 89 19 70 52 57 31 57 28 17 73 66 0 61 78 93 7 42 57 88 8 
53 95 62 58 43 49 24 114 120 31 118 73 75 83 47 56 64 93 38 75 142 63 61 103 65 37 5 84 47 118 128 61 0 140 100 69 99 9 113 53 
161 46 151 89 167 95 142 129 57 108 21 90 83 62 103 83 76 125 102 65 71 79 137 54 109 109 136 67 95 62 12 78 140 0 141 71 58 134 120 86 
64 119 46 74 143 111 124 22 87 97 127 138 134 122 69 95 103 176 91 98 92 112 39 142 143 75 95 79 83 163 130 93 100 141 0 96 82 106 28 92 
94 29 88 23 101 30 75 95 60 38 50 47 41 26 35 13 10 89 31 6 85 20 76 47 59 39 65 25 24 68 58 7 69 71 96 0 38 64 89 15 
106 43 94 41 136 68 110 74 22 71 44 82 76 54 53 49 48 125 63 34 47 58 80 68 97 62 94 15 52 88 47 42 99 58 82 38 0 96 65 49 
62 89 69 56 41 42 17 118 118 26 113 64 66 76 47 51 58 84 34 70 141 56 68 95 55 37 12 81 44 110 122 57 9 134 106 64 96 0 116 49 
87 107 69 72 157 111 134 9 63 102 110 135 130 113 72 92 98 176 94 89 64 108 58 131 144 81 107 67 84 152 111 88 113 120 28 89 65 116 0 90 
81 43 78 18 86 21 60 96 72 23 65 45 42 35 25 3 13 85 15 21 96 20 67 57 53 25 49 35 11 76 74 8 53 86 92 15 49 49 90 0 
0 0 0 0 57 160 11 0 7 0 29339 2 7 0 0 10 46356 0 0 0 352 4 0 0 336 0 5438 0 1422 679 0 0 0 0 0 0 10 844 0 0 
0 0 213 0 0 0 1613 77 0 124 14 0 0 0 166 2 39281 23499 0 0 0 0 1 0 0 2478 89 0 2876 0 0 0 0 0 0 47497 10168 13220 18480 0 
0 213 0 0 0 0 54661 2 214 0 0 12981 0 0 3 0 45 0 0 0 11864 0 5746 0 0 0 264 1 0 0 97095 0 0 177 0 176 42410 0 2 38254 
0 0 0 0 0 60 1 0 142 0 60509 0 1 0 19630 0 102 0 0 12 0 0 0 0 10184 24567 9962 88412 99024 11 73821 456 1 2 7 72 0 2 12872 0 
57 0 0 0 0 0 0 0 113 705 0 0 0 28434 0 1 74896 85155 496 0 0 0 0 0 5 0 0 0 114 600 0 14 1725 0 0 14396 0 0 0 10427 
160 0 0 60 0 0 0 0 0 22 0 15 0 0 2 17375 0 14485 29233 32 6589 0 1 34 0 0 1 3 0 103 0 1 0 29085 16 0 1417 0 0 43146 
11 1613 54661 1 0 0 0 2 0 34966 7 86974 0 0 77537 33035 0 0 0 0 0 8295 0 1 34510 0 0 0 0 0 800 41618 0 0 89072 247 76240 0 0 0 
0 77 2 0 0 0 2 0 29 2823 2137 0 0 0 0 5 1680 0 74935 0 102 0 0 1 295 0 0 0 372 1 1539 0 0 4 0 4 0 0 0 1 
7 0 214 142 113 0 0 29 0 136 56976 105 0 942 12266 0 5 0 9876 0 88 47 4204 3422 0 2 0 2341 0 6 402 698 93095 0 0 0 1 0 1 95186 
0 124 0 0 705 22 34966 2823 136 0 41 116 0 37 0 0 4776 5 1623 26735 17 8538 0 0 37 0 0 25 0 2 0 0 0 624 0 0 0 50 0 0 
29339 14 0 60509 0 0 7 2137 56976 41 0 0 2088 0 0 0 0 1371 81459 0 14 3588 0 0 4 0 59 1730 12765 0 69 11476 0 0 16686 0 1620 0 20 0 
2 0 12981 0 0 15 86974 0 105 116 0 0 0 0 5 62765 0 10725 0 61 0 0 590 196 0 61529 14 3969 0 0 1 0 4736 11 0 13 0 64 0 16619 
7 0 0 1 0 0 0 0 0 0 2088 0 0 10419 2011 398 9204 0 0 21 0 88 0 11847 231 0 1 1 42250 0 0 9157 2248 0 34 0 69179 12236 17205 0 
0 0 0 0 28434 0 0 0 942 37 0 0 10419 0 2716 0 0 7149 7 0 0 25320 7250 1 0 26 0 0 0 0 97307 0 134 15 0 0 14 0 0 0 
0 166 3 19630 0 2 77537 0 12266 0 0 5 2011 2716 0 0 0 206 0 353 57 0 0 74 0 6815 0 21374 144 0 0 0 150 6288 0 0 264 1 7028 1456 
10 2 0 0 1 17375 33035 5 0 0 0 62765 398 0 0 0 0 1776 6 32 0 0 27541 513 143 52496 123 71 6 1650 0 0 0 0 16 2 49 0 635 0 
46356 39281 45 102 74896 0 0 1680 5 4776 0 0 9204 0 0 0 0 0 0 508 5501 0 2604 40 2 0 0 0 200 968 0 0 3 0 0 1531 6 0 0 7863 
0 23499 0 0 85155 14485 0 0 0 5 1371 10725 0 7149 206 1776 0 0 0 382 562 0 24 0 0 634 1117 2284 1053 18799 0 170 3978 123 0 2 0 1287 0 1 
0 0 0 0 496 29233 0 74935 9876 1623 81459 0 0 7 0 6 0 0 0 0 0 0 0 68 0 10 0 90 0 17 266 0 267 795 23035 0 0 0 3 176 
0 0 0 12 0 32 0 0 0 26735 0 61 21 0 353 32 508 382 0 0 0 0 3 0 51022 4 6 206 0 0 568 23 10782 0 0 0 0 6 10 0 
352 0 11864 0 0 6589 0 102 88 17 14 0 0 0 57 0 5501 562 0 0 0 114 0 0 269 0 0 13724 0 6941 0 0 497 6607 4396 0 2718 254 0 111 
4 0 0 0 0 0 8295 0 47 8538 3588 0 88 25320 0 0 0 0 0 0 114 0 0 0 0 0 0 0 81964 0 2071 12 1 6 0 1806 11 0 38 54 
0 1 5746 0 0 1 0 0 4204 0 0 590 0 7250 0 27541 2604 24 0 3 0 0 0 31 2 59055 0 20502 0 86 837 0 1 0 0 125 0 0 0 0 
0 0 0 0 0 34 1 1 3422 0 0 196 11847 1 74 513 40 0 68 0 0 0 31 0 9 65 25 0 0 0 2 0 0 945 69924 93 0 3695 1546 16199 
336 0 0 10184 5 0 34510 295 0 37 4 0 231 0 0 143 2 0 0 51022 269 0 2 9 0 0 0 109 1 0 0 34719 0 0 0 0 3401 0 64 10396 
0 2478 0 24567 0 0 0 0 2 0 0 61529 0 26 6815 52496 0 634 10 4 0 0 59055 65 0 0 0 606 94 647 25877 1 83308 0 265 299 0 453 0 4 
5438 89 264 9962 0 1 0 0 0 0 59 14 1 0 0 123 0 1117 0 6 0 0 0 25 0 0 0 59 479 0 58 0 0 0 0 34872 371 0 181 1918 
0 0 1 88412 0 3 0 0 2341 25 1730 3969 1 0 21374 71 0 2284 90 206 13724 0 20502 0 109 606 59 0 0 71 0 6 0 0 152 62 48 100 14 48 
1422 2876 0 99024 114 0 0 372 0 0 12765 0 42250 0 144 6 200 1053 0 0 0 81964 0 0 1 94 479 0 0 0 0 0 3191 99 0 1064 438 13 0 0 
679 0 0 11 600 103 0 1 6 2 0 0 0 0 0 1650 968 18799 17 0 6941 0 86 0 0 647 0 71 0 0 42925 0 0 0 0 0 0 0 0 162 
0 0 97095 73821 0 0 800 1539 402 0 69 1 0 97307 0 0 0 0 266 568 0 2071 837 2 0 25877 58 0 0 42925 0 0 430 0 181 8531 0 0 8 424 
0 0 0 456 14 1 41618 0 698 0 11476 0 9157 0 0 0 0 170 0 23 0 12 0 0 34719 1 0 6 0 0 0 0 35836 0 2123 0 124 0 3910 0 
0 0 0 1 1725 0 0 0 93095 0 0 4736 2248 134 150 0 3 3978 267 10782 497 1 1 0 0 83308 0 0 3191 0 430 35836 0 81301 1969 3 2572 11223 0 0 
0 0 177 2 0 29085 0 4 0 624 0 11 0 15 6288 0 0 123 795 0 6607 6 0 945 0 0 0 0 99 0 0 0 81301 0 2 0 18 0 31069 0 
0 0 0 7 0 16 89072 0 0 0 16686 0 34 0 0 16 0 0 23035 0 4396 0 0 69924 0 265 0 152 0 0 181 2123 1969 2 0 778 25787 0 9014 0 
0 47497 176 72 14396 0 247 4 0 0 0 13 0 0 0 2 1531 2 0 0 0 1806 125 93 0 299 34872 62 1064 0 8531 0 3 0 778 0 6525 7787 0 13 
10 10168 42410 0 0 1417 76240 0 1 0 1620 0 69179 14 264 49 6 0 0 0 2718 11 0 0 3401 0 371 48 438 0 0 124 2572 18 25787 6525 0 0 0 0 
844 13220 0 2 0 0 0 0 0 50 0 64 12236 0 1 0 0 1287 0 6 254 0 0 3695 0 453 0 100 13 0 0 0 11223 0 0 7787 0 0 1 0 
0 18480 2 12872 0 0 0 0 1 0 20 0 17205 0 7028 635 0 0 3 10 0 38 0 1546 64 0 181 14 0 0 8 3910 0 31069 9014 0 0 1 0 0 
0 0 38254 0 10427 43146 0 1 95186 0 0 16619 0 0 1456 0 7863 1 176 0 111 54 0 16199 10396 4 1918 48 0 162 424 0 0 0 0 13 0 0 0 0 
0 26 2 982 0 0 0 27735 0 9534 0 0 0 6 5142 0 0 11 82 262 0 0 5139 14 0 484 0 6 0 0 2 455 8396 1162 1 41 0 0 26 1 
26 0 0 415 56 1 0 0 7394 0 0 38270 680 1583 0 4 0 0 1855 38 1 124 0 74887 96 0 0 1815 0 0 13934 79211 19598 57 180 0 0 0 0 9615 
2 0 0 11 102 17259 0 5 0 8 2911 0 23862 77278 0 118 0 5512 1 5209 0 246 0 11 64 5864 0 1 24 11134 0 498 19806 0 2 0 0 11599 2 0 
982 415 11 0 46 0 3 69048 0 802 0 1847 3 55622 0 27896 0 124 616 0 2 6 20071 1442 0 0 0 0 0 0 0 0 0 0 0 0 81839 23 0 15651 
0 56 102 46 0 319 621 0 0 0 663 1803 28223 0 2514 0 0 0 0 2141 23091 3424 61707 3 5 5567 15 33868 0 0 4 0 0 11913 648 0 13186 47190 1 0 
0 1 17259 0 319 0 21077 7520 22 0 12 0 4261 13181 4 0 643 0 0 0 0 608 6 0 1292 72364 4 0 91308 0 54 0 165 0 0 67 0 288 6 0 
0 0 0 3 621 21077 0 0 5408 0 0 0 1 49810 0 0 12324 209 0 1 0 0 0 132 0 266 8691 1 27 471 0 0 4098 0 0 0 0 9 18303 65731 
27735 0 5 69048 0 7520 0 0 0 0 0 0 0 29 174 0 0 102 0 16860 0 6772 1281 51 0 37385 972 35397 0 0 0 9143 1 0 40 3 3040 86594 1 0 
0 7394 0 0 0 22 5408 0 0 0 0 0 22826 0 0 1 0 630 0 74077 0 0 0 0 2 2 3287 0 9765 0 0 0 0 67 8930 433 0 1 0 0 
9534 0 8 802 0 0 0 0 0 0 0 0 18490 0 53304 747 0 4 0 0 7 0 1118 3 0 1226 296 0 4610 6 912 6284 60729 0 8986 25 492 0 13377 0 
0 0 2911 0 663 12 0 0 0 0 0 4489 0 12090 6981 6 46 0 0 65 0 0 6020 4608 7 11473 0 0 0 10054 0 0 130 12622 0 2124 0 84 0 76118 
0 38270 0 1847 1803 0 0 0 0 0 4489 0 26 24325 0 0 38991 0 16 0 25 275 0 0 283 0 5 0 51818 3653 0 568 0 0 224 89 39 0 1086 0 
0 680 23862 3 28223 4261 1 0 22826 18490 0 26 0 0 0 0 0 4295 31370 0 6918 0 168 0 0 15130 28 0 0 5824 16264 0 0 5599 0 1 0 0 0 126 
6 1583 77278 55622 0 13181 49810 29 0 0 12090 24325 0 0 0 1133 1671 0 0 8107 13 0 0 2 229 0 5 2566 17 6 0 373 0 0 685 4558 0 783 47093 0 
5142 0 0 0 2514 4 0 174 0 53304 6981 0 0 0 0 31678 125 0 3 0 0 14708 6415 0 262 0 2 0 0 69 565 8923 0 0 7380 98 0 0 0 0 
0 4 118 27896 0 0 0 0 1 747 6 0 0 1133 31678 0 18062 0 0 0 450 1356 0 0 0 0 0 0 0 0 4 8677 620 2 0 0 0 1407 0 32 
0 0 0 0 0 643 12324 0 0 0 46 38991 0 1671 125 18062 0 2 1 0 0 0 0 0 0 1219 18874 2662 0 0 0 2330 0 592 2 0 0 17667 3114 0 
11 0 5512 124 0 0 209 102 630 4 0 0 4295 0 0 0 2 0 55 0 0 31410 0 82 52838 1 0 0 0 0 85995 0 0 0 26 18 1094 0 7608 0 
82 1855 1 616 0 0 0 0 0 0 0 16 31370 0 3 0 1 55 0 41 1563 3570 74 0 83983 0 6755 0 5 18 0 23 0 0 0 318 11 1 2 0 
262 38 5209 0 2141 0 1 16860 74077 0 65 0 0 8107 0 0 0 0 41 0 7703 3599 0 21 0 0 0 0 27 4 0 0 0 0 8 1 32363 0 0 327 
0 1 0 2 23091 0 0 0 0 7 0 25 6918 13 0 450 0 0 1563 7703 0 0 1 33 0 7154 132 0 13 0 91 6744 0 0 0 3818 0 0 2348 0 
0 124 246 6 3424 608 0 6772 0 0 0 275 0 0 14708 1356 0 31410 3570 3599 0 0 0 994 2409 11040 0 69992 0 14 0 0 0 0 40 0 0 25548 0 0 
5139 0 0 20071 61707 6 0 1281 0 1118 6020 0 168 0 6415 0 0 0 74 0 1 0 0 0 0 0 31178 0 2705 0 0 113 1 49 39 0 2896 1 397 74 
14 74887 11 1442 3 0 132 51 0 3 4608 0 0 2 0 0 0 82 0 21 33 994 0 0 0 0 0 10362 38 1765 0 5598 3 0 0 0 7 0 0 0 
0 96 64 0 5 1292 0 0 2 0 7 283 0 229 262 0 0 52838 83983 0 0 2409 0 0 0 208 1651 0 1 5198 1 0 18 2983 531 0 0 0 0 0 
484 0 5864 0 5567 72364 266 37385 2 1226 11473 0 15130 0 0 0 1219 1 0 0 7154 11040 0 0 208 0 3 0 0 0 0 0 0 18 0 0 90 0 13095 0 
0 0 0 0 15 4 8691 972 3287 296 0 5 28 5 2 0 18874 0 6755 0 132 0 31178 0 1651 3 0 0 0 1945 0 0 31 250 23 0 0 5 0 0 
6 1815 1 0 33868 0 1 35397 0 0 0 0 0 2566 0 0 2662 0 0 0 0 69992 0 10362 0 0 0 0 10 0 362 0 9671 118 0 0 0 0 0 0 
0 0 24 0 0 91308 27 0 9765 4610 0 51818 0 17 0 0 0 0 5 27 13 0 2705 38 1 0 0 10 0 520 148 1281 0 0 19405 0 0 0 3362 49 
0 0 11134 0 0 0 471 0 0 6 10054 3653 5824 6 69 0 0 0 18 4 0 14 0 1765 5198 0 1945 0 520 0 0 342 9 974 3670 0 1598 6999 0 112 
2 13934 0 0 4 54 0 0 0 912 0 0 16264 0 565 4 0 85995 0 0 91 0 0 0 1 0 0 362 148 0 0 12569 0 337 0 0 1094 41228 0 0 
455 79211 498 0 0 0 0 9143 0 6284 0 568 0 373 8923 8677 2330 0 23 0 6744 0 113 5598 0 0 0 0 1281 342 12569 0 0 23614 0 47 0 39 0 3 
8396 19598 19806 0 0 165 4098 1 0 60729 130 0 0 0 0 620 0 0 0 0 0 0 1 3 18 0 31 9671 0 9 0 0 0 0 0 0 0 0 1446 19549 
1162 57 0 0 11913 0 0 0 67 0 12622 0 5599 0 0 2 592 0 0 0 0 0 49 0 2983 18 250 118 0 974 337 23614 0 0 0 26725 0 3403 0 136 
1 180 2 0 648 0 0 40 8930 8986 0 224 0 685 7380 0 2 26 0 8 0 40 39 0 531 0 23 0 19405 3670 0 0 0 0 0 0 0 60813 0 3996 
41 0 0 0 0 67 0 3 433 25 2124 89 1 4558 98 0 0 18 318 1 3818 0 0 0 0 0 0 0 0 0 0 47 0 26725 0 0 0 0 1304 0 
0 0 0 81839 13186 0 0 3040 0 492 0 39 0 0 0 0 0 1094 11 32363 0 0 2896 7 0 90 0 0 0 1598 1094 0 0 0 0 0 0 50 460 2 
0 0 11599 23 47190 288 9 86594 1 0 84 0 0 783 0 1407 17667 0 1 0 0 25548 1 0 0 0 5 0 0 6999 41228 39 0 3403 60813 0 50 0 0 41292 
26 0 2 0 1 6 18303 1 0 13377 0 1086 0 47093 0 0 3114 7608 2 0 2348 0 397 0 0 13095 0 0 3362 0 0 0 1446 0 0 1304 460 0 0 15 
1 9615 0 15651 0 0 65731 0 0 0 76118 0 126 0 0 32 0 0 0 327 0 0 74 0 0 0 0 0 49 112 0 3 19549 136 3996 0 2 41292 15 0 
0 34 71 66 0 0 1 6 0 4055 0 6 0 4675 95741 0 0 3 127 532 0 0 4 246 0 967 0 0 0 0 6 89 2602 1551 1 19 0 0 16 24 
34 0 0 379 21 12 0 0 147 0 0 61708 9580 2179 0 0 0 0 1518 298 0 39119 7 1342 1093 0 0 11813 0 0 282 14902 16480 68 807 0 0 0 0 2363 
71 0 0 129 26 4174 0 20 0 3 278 0 52921 3720 1 21 0 57412 0 4802 0 204 0 42 127 25398 0 885 6 9657 0 6931 2433 0 0 0 0 13108 0 0 
66 379 129 0 0 0 2 2298 0 10496 0 4539 4 3163 0 51410 0 27 12450 0 1 0 32 1343 0 0 0 0 0 0 0 0 1 0 0 0 54 0 0 188 
0 21 26 0 0 368 12 2 0 0 4 383 1593 0 30808 0 0 0 0 525 52832 2749 1096 0 0 31 29 14815 0 0 13 9 0 861 892 0 2992 23097 0 0 
0 12 4174 0 368 0 24296 1393 3215 0 80 0 322 63066 0 0 5 0 0 0 0 17598 0 0 31 4946 0 0 1145 0 4 2 7 0 0 19232 0 86 176 0 
1 0 0 2 12 24296 0 1 24408 0 0 0 12225 650 0 0 8629 89 2 2 4 0 37 1 0 567 12486 43 3 15216 0 0 135 48 0 0 0 9 1145 18499 
6 0 20 2298 2 1393 1 0 0 0 0 1 0 0 240 1 0 5222 0 34 0 13 34 0 0 609 22060 3903 0 90 0 466 60 1 433 0 10059 626 1557 11 
0 147 0 0 0 3215 24408 0 0 0 0 0 1310 0 0 59 0 23 0 6076 0 0 0 0 6 2 17472 0 21 0 0 0 0 86 4570 133 0 359 0 0 
4055 0 3 10496 0 0 0 0 0 0 1 0 581 0 1682 45 0 0 0 0 0 0 498 586 0 14 97 1 57 5 2993 1069 1181 0 12234 36 212 0 11636 59 
0 0 278 0 4 80 0 0 0 1 0 7155 0 13400 851 5 21 0 0 4 0 0 860 12220 1 40651 0 0 0 43909 0 0 1068 12830 0 4773 0 9243 0 238 
6 61708 0 4539 383 0 0 1 0 0 7155 0 23 4653 0 0 5109 0 215 0 55 1013 0 0 9979 0 0 0 30594 481 66 163 0 0 260 0 168 0 604 0 
0 9580 52921 4 1593 322 12225 0 1310 581 0 23 0 0 0 0 0 3388 14153 0 195 0 45654 0 0 29169 0 1 0 414 42240 0 0 0 0 0 0 0 0 1 
4675 2179 3720 3163 0 63066 650 0 0 0 13400 4653 0 0 0 1578 404 0 0 74 75 0 0 0 6 0 2064 19 8 0 0 164 0 0 80370 15780 0 14 48223 5 
95741 0 1 0 30808 0 0 240 0 1682 851 0 0 0 0 1257 40253 1 0 0 0 1060 201 0 1370 0 30 0 0 2 443 56 0 0 847 3 0 2 0 0 
0 0 21 51410 0 0 0 1 59 45 5 0 0 1578 1257 0 38563 0 0 0 6979 39 0 0 0 0 0 0 0 0 12 1482 248 1478 0 1 0 50537 0 2 
0 0 0 0 0 5 8629 0 0 0 21 5109 0 404 40253 38563 0 4 74 0 0 1 0 0 0 8387 17857 39763 0 0 5 50661 1 12 127 0 0 85571 320 0 
3 0 57412 27 0 0 89 5222 23 0 0 0 3388 0 1 0 4 0 254 0 0 17 0 61 32634 0 0 0 0 0 24447 0 0 0 8903 0 23 0 41140 4 
127 1518 0 12450 0 0 2 0 0 0 0 215 14153 0 0 0 74 254 0 72 579 43578 35 0 2744 0 68 0 576 0 0 5 0 0 0 13 3 82 0 0 
532 298 4802 0 525 0 2 34 6076 0 4 0 0 74 0 0 0 0 72 0 6 71378 0 54 0 0 4 0 0 0 0 0 0 0 20 366 50 0 1 1957 
0 0 0 1 52832 0 4 0 0 0 0 55 195 75 0 6979 0 0 579 6 0 0 6 3 0 5029 3 0 261 0 396 23486 0 0 0 41865 0 0 29868 0 
0 39119 204 0 2749 17598 0 13 0 0 0 1013 0 0 1060 39 1 17 43578 71378 0 0 1 6 2408 8954 9 71465 0 417 0 0 5 9 214 0 0 4355 0 0 
4 7 0 32 1096 0 37 34 0 498 860 0 45654 0 201 0 0 0 35 0 6 1 0 0 0 0 19109 0 10 0 0 102 5 5635 0 0 2 0 173 141 
246 1342 42 1343 0 0 1 0 0 586 12220 0 0 0 0 0 0 61 0 54 3 6 0 0 0 0 0 10351 9 682 1 4 0 0 0 0 32 0 0 0 
0 1093 127 0 0 31 0 0 6 0 1 9979 0 6 1370 0 0 32634 2744 0 0 2408 0 0 0 325 41705 0 0 742 21 0 1 366 193 20 0 94 0 0 
967 0 25398 0 31 4946 567 609 2 14 40651 0 29169 0 0 0 8387 0 0 0 5029 8954 0 0 325 0 669 0 0 0 0 110 0 5 0 0 36 0 64394 1 
0 0 0 0 29 0 12486 22060 17472 97 0 0 0 2064 30 0 17857 0 68 4 3 9 19109 0 41705 669 0 0 0 313 0 0 0 150 11 0 0 14 0 0 
0 11813 885 0 14815 0 43 3903 0 1 0 0 1 19 0 0 39763 0 0 0 0 71465 0 10351 0 0 0 0 21792 0 1 0 8043 1626 0 0 0 0 0 0 
0 0 6 0 0 1145 3 0 21 57 0 30594 0 8 0 0 0 0 576 0 261 0 10 9 0 0 0 21792 0 41318 2 24 0 0 1814 0 0 0 25982 138 
0 0 9657 0 0 0 15216 90 0 5 43909 481 414 0 2 0 0 0 0 0 0 417 0 682 742 0 313 0 41318 0 0 114 90 138 434 140 570 248 242 0 
6 282 0 0 13 4 0 0 0 2993 0 66 42240 0 443 12 5 24447 0 0 396 0 0 1 21 0 0 1 2 0 0 55954 0 2172 0 0 169 3594 0 0 
89 14902 6931 0 9 2 0 466 0 1069 0 163 0 164 56 1482 50661 0 5 0 23486 0 102 4 0 110 0 0 24 114 55954 0 0 25699 0 459 0 0 0 74 
2602 16480 2433 1 0 7 135 60 0 1181 1068 0 0 0 0 248 1 0 0 0 0 5 5 0 1 0 0 8043 0 90 0 0 0 0 0 27 0 0 14 930 
1551 68 0 0 861 0 48 1 86 0 12830 0 0 0 0 1478 12 0 0 0 0 9 5635 0 366 5 150 1626 0 138 2172 25699 0 0 45 1768 2 1699 0 345 
1 807 0 0 892 0 0 433 4570 12234 0 260 0 80370 847 0 127 8903 0 20 0 214 0 0 193 0 11 0 1814 434 0 0 0 45 0 0 0 6713 0 321 
19 0 0 0 0 19232 0 0 133 36 4773 0 0 15780 3 1 0 0 13 366 41865 0 0 0 20 0 0 0 0 140 0 459 27 1768 0 0 0 0 5778 0 
0 0 0 54 2992 0 0 10059 0 212 0 168 0 0 0 0 0 23 3 50 0 0 2 32 0 36 0 0 0 570 169 0 0 2 0 0 0 13 3560 1 
0 0 13108 0 23097 86 9 626 359 0 9243 0 0 14 2 50537 85571 0 82 0 0 4355 0 0 94 0 14 0 0 248 3594 0 0 1699 6713 0 13 0 0 34434 
16 0 0 0 0 176 1145 1557 0 11636 0 604 0 48223 0 0 320 41140 0 1 29868 0 173 0 0 64394 0 0 25982 242 0 0 14 0 0 5778 3560 0 0 206 
24 2363 0 188 0 0 18499 11 0 59 238 0 1 5 0 2 0 4 0 1957 0 0 141 0 0 1 0 0 138 0 0 74 930 345 321 0 1 34434 206 0 
