30 3
0 46 118 40 96 98 46 64 2 33 36 47 55 9 108 78 35 54 61 95 45 105 61 79 70 72 108 28 39 45 
46 0 88 10 53 127 3 66 48 60 37 19 78 48 107 43 36 50 104 90 43 84 63 35 92 25 124 21 29 63 
118 88 0 85 53 137 85 71 120 144 83 106 102 125 70 117 84 138 148 59 75 25 72 92 105 80 111 92 78 92 
40 10 85 0 56 117 8 56 42 59 26 26 68 43 98 54 26 55 95 82 33 79 53 44 82 34 114 12 19 52 
96 53 53 56 0 154 51 82 98 112 71 66 108 100 106 67 71 96 146 90 69 65 81 42 118 33 138 68 62 93 
98 127 137 117 154 0 125 72 99 127 90 138 49 106 75 170 91 153 52 79 87 112 73 161 36 148 37 107 99 64 
46 3 85 8 51 125 0 63 48 61 34 22 76 49 104 46 34 53 103 87 40 81 60 36 90 26 122 20 27 60 
64 66 71 56 82 72 63 0 66 97 32 83 30 73 44 110 33 107 76 31 23 50 3 95 36 81 59 52 37 22 
2 48 120 42 98 99 48 66 0 32 38 48 56 7 110 78 37 54 61 97 47 107 63 81 71 74 110 30 42 47 
33 60 144 59 112 127 61 97 32 0 67 48 88 24 142 71 66 34 83 128 77 134 94 83 103 82 141 52 68 79 
36 37 83 26 71 90 34 32 38 67 0 51 41 44 77 80 1 75 74 61 10 68 29 70 55 58 88 20 9 26 
47 19 106 26 66 138 22 83 48 48 51 0 90 45 125 31 50 31 108 109 59 103 80 35 105 34 140 31 46 76 
55 78 102 68 108 49 76 30 56 88 41 90 0 63 62 121 41 107 46 54 39 80 29 112 15 99 53 58 50 15 
9 48 125 43 100 106 49 73 7 24 44 45 63 0 117 75 43 47 66 104 53 112 70 79 79 73 117 33 47 54 
108 107 70 98 106 75 104 44 110 142 77 125 62 117 0 149 78 152 105 17 67 45 48 131 55 116 42 96 80 64 
78 43 117 54 67 170 46 110 78 71 80 31 121 75 149 0 80 40 140 132 87 120 107 25 135 36 168 62 73 106 
35 36 84 26 71 91 34 33 37 66 1 50 41 43 78 80 0 74 74 62 11 69 30 70 55 58 89 19 9 26 
54 50 138 55 96 153 53 107 54 34 75 31 107 47 152 40 74 0 113 136 84 134 104 59 123 63 160 55 72 95 
61 104 148 95 146 52 103 76 61 83 74 108 46 66 105 140 74 113 0 100 77 126 75 139 50 129 81 83 83 56 
95 90 59 82 90 79 87 31 97 128 61 109 54 104 17 132 62 136 100 0 52 34 34 114 51 99 52 81 64 52 
45 43 75 33 69 87 40 23 47 77 10 59 39 53 67 87 11 84 77 52 0 59 20 74 51 61 81 29 13 24 
105 84 25 79 65 112 81 50 107 134 68 103 80 112 45 120 69 134 126 34 59 0 51 98 81 84 86 82 66 72 
61 63 72 53 81 73 60 3 63 94 29 80 29 70 48 107 30 104 75 34 20 51 0 93 37 79 61 49 34 20 
79 35 92 44 42 161 36 95 81 83 70 35 112 79 131 25 70 59 139 114 74 98 93 0 125 14 155 56 62 96 
70 92 105 82 118 36 90 36 71 103 55 105 15 79 55 135 55 123 50 51 51 81 37 125 0 112 38 73 63 29 
72 25 80 34 33 148 26 81 74 82 58 34 99 73 116 36 58 63 129 99 61 84 79 14 112 0 140 46 49 83 
108 124 111 114 138 37 122 59 110 141 88 140 53 117 42 168 89 160 81 52 81 86 61 155 38 140 0 108 95 65 
28 21 92 12 68 107 20 52 30 52 20 31 58 33 96 62 19 55 83 81 29 82 49 56 73 46 108 0 17 44 
39 29 78 19 62 99 27 37 42 68 9 46 50 47 80 73 9 72 83 64 13 66 34 62 63 49 95 17 0 34 
45 63 92 52 93 64 60 22 47 79 26 76 15 54 64 106 26 95 56 52 24 72 20 96 29 83 65 44 34 0 
0 22404 0 0 0 9 153 53 0 603 2230 12048 5007 0 0 58 0 137 9 0 0 23 0 0 0 0 77890 0 26934 0 
22404 0 65234 63 3175 19239 2697 0 22 0 0 0 6420 5 0 0 0 0 0 0 30 1400 428 614 0 7813 0 890 0 15375 
0 65234 0 0 0 0 0 0 12 0 0 45 0 3160 0 0 0 84 0 73 22451 0 0 0 1 0 3 0 0 0 
0 63 0 0 19433 0 262 8 84679 0 12030 3 0 0 0 0 18 580 895 0 0 2284 1 0 8 36 1 2 0 8 
0 3175 0 19433 0 0 0 0 0 26745 0 0 0 0 0 186 0 0 629 0 4933 0 0 0 0 0 575 63911 2 736 
9 19239 0 0 0 0 0 0 0 0 20 0 0 0 18037 0 753 1 0 55518 0 34192 4688 16559 0 0 72 1994 1 0 
153 2697 0 262 0 0 0 0 0 9050 83 0 130 1694 85191 138 0 1018 0 0 0 0 46194 0 0 1 0 0 0 2 
53 0 0 8 0 0 0 0 5 0 0 0 0 955 0 0 2 0 4 0 7 4909 1 0 120 0 0 155 33137 17513 
0 22 12 84679 0 0 0 5 0 0 0 0 0 0 1 0 0 4584 0 25 1 37939 0 0 10 0 93732 0 2 1 
603 0 0 0 26745 0 9050 0 0 0 6 0 7816 0 3 20 0 0 6465 0 8 0 0 22345 110 0 5529 7311 2 7480 
2230 0 0 12030 0 20 83 0 0 6 0 0 0 36881 38 0 251 0 0 0 622 1535 0 34 99568 0 317 0 1197 32 
12048 0 45 3 0 0 0 0 0 0 0 0 4246 0 0 0 4023 0 0 0 25 712 5 34307 379 0 0 41263 164 0 
5007 6420 0 0 0 0 130 0 0 7816 0 4246 0 0 0 0 4 0 15 0 7 0 92 8549 0 12108 0 0 390 0 
0 5 3160 0 0 0 1694 955 0 0 36881 0 0 0 0 118 0 6 0 0 25 24154 0 3787 45252 315 678 0 0 35591 
0 0 0 0 0 18037 85191 0 1 3 38 0 0 0 0 0 31 0 971 571 0 52892 92 55226 2 0 0 79 0 0 
58 0 0 0 186 0 138 0 0 20 0 0 0 118 0 0 0 140 35 1 0 1557 0 0 0 0 0 0 8 6 
0 0 0 18 0 753 0 2 0 0 251 4023 4 0 31 0 0 0 11947 59 0 0 0 1 9575 0 0 27691 0 0 
137 0 84 580 0 1 1018 0 4584 0 0 0 0 6 0 140 0 0 0 0 0 231 10 0 0 51 0 34224 2228 0 
9 0 0 895 629 0 0 4 0 6465 0 0 15 0 971 35 11947 0 0 1 0 0 9100 43 159 0 0 8570 56 5 
0 0 73 0 0 55518 0 0 25 0 0 0 0 0 571 1 59 0 1 0 114 45 0 9222 0 0 0 0 89186 87644 
0 30 22451 0 4933 0 0 7 1 8 622 25 7 25 0 0 0 0 0 114 0 5182 0 0 8 66484 0 171 0 0 
23 1400 0 2284 0 34192 0 4909 37939 0 1535 712 0 24154 52892 1557 0 231 0 45 5182 0 10017 9940 17061 0 4514 0 0 21111 
0 428 0 1 0 4688 46194 1 0 0 0 5 92 0 92 0 0 10 9100 0 0 10017 0 0 0 0 36305 0 0 0 
0 614 0 0 0 16559 0 0 0 22345 34 34307 8549 3787 55226 0 1 0 43 9222 0 9940 0 0 0 335 0 0 0 0 
0 0 1 8 0 0 0 120 10 110 99568 379 0 45252 2 0 9575 0 159 0 8 17061 0 0 0 0 0 0 0 423 
0 7813 0 36 0 0 1 0 0 0 0 0 12108 315 0 0 0 51 0 0 66484 0 0 335 0 0 9799 0 25 5 
77890 0 3 1 575 72 0 0 93732 5529 317 0 0 678 0 0 0 0 0 0 0 4514 36305 0 0 9799 0 0 0 37244 
0 890 0 2 63911 1994 0 155 0 7311 0 41263 0 0 79 0 27691 34224 8570 0 171 0 0 0 0 0 0 0 13944 19779 
26934 0 0 0 2 1 0 33137 2 2 1197 164 390 0 0 8 0 2228 56 89186 0 0 0 0 0 25 0 13944 0 5016 
0 15375 0 8 736 0 2 17513 1 7480 32 0 0 35591 0 6 0 0 5 87644 0 21111 0 0 423 5 37244 19779 5016 0 
0 0 20 457 41343 0 0 0 0 0 0 0 0 3051 45757 0 847 0 0 8 31538 0 18651 6564 12818 40 0 7650 0 30305 
0 0 0 0 0 0 0 29853 0 6694 1204 4 0 0 19 3419 455 1145 3 1070 0 0 0 0 71 0 513 0 0 0 
20 0 0 808 21268 0 647 4001 1 266 10 0 77 0 1001 244 429 0 20317 0 0 0 21 1466 0 98 0 10 2 1909 
457 0 808 0 0 3 0 1 0 10478 0 0 24 85 2685 139 0 0 0 25319 591 0 18 97302 0 0 6 1 35463 2 
41343 0 21268 0 0 2055 8667 81672 28343 0 96853 1 7766 68849 0 0 21347 54 0 1572 0 8665 106 44 28 693 0 0 39 0 
0 0 0 3 2055 0 0 742 5 24841 0 26 97 0 0 7 0 0 24383 0 107 0 0 0 286 195 0 0 0 7223 
0 0 647 0 8667 0 0 9056 74 0 0 49990 0 0 0 0 370 0 6966 157 0 6 0 171 0 0 3550 0 7308 0 
0 29853 4001 1 81672 742 9056 0 0 9130 121 69 0 0 7 5 0 4 9 61836 0 0 5 1 0 1465 50 0 0 0 
0 0 1 0 28343 5 74 0 0 1 0 7545 284 9 28 68 278 0 1 0 0 0 279 1394 0 741 0 7591 0 7 
0 6694 266 10478 0 24841 0 9130 1 0 4 7006 0 18431 15 0 16 11573 0 75 0 2 209 0 0 43 0 0 1 0 
0 1204 10 0 96853 0 0 121 0 4 0 366 7896 0 0 31061 0 4743 3293 6409 0 0 54 0 0 77 0 1179 0 2 
0 4 0 0 1 26 49990 69 7545 7006 366 0 0 36456 2706 12 0 3688 2134 4 0 0 0 0 0 1381 17605 0 0 2891 
0 0 77 24 7766 97 0 0 284 0 7896 0 0 41 50 6 0 1 8 1944 0 1 0 0 2580 0 60369 66780 0 0 
3051 0 0 85 68849 0 0 0 9 18431 0 36456 41 0 4 0 9899 0 2 1609 0 0 25001 0 0 0 0 56 20321 0 
45757 19 1001 2685 0 0 0 7 28 15 0 2706 50 4 0 53157 0 259 0 0 1 0 3 0 95 174 218 0 2 376 
0 3419 244 139 0 7 0 5 68 0 31061 12 6 0 53157 0 0 0 0 5 2 0 22 377 575 4 4 0 0 3 
847 455 429 0 21347 0 370 0 278 16 0 0 0 9899 0 0 0 11852 0 0 976 2103 6567 0 0 2228 851 0 13 626 
0 1145 0 0 54 0 0 4 0 11573 4743 3688 1 0 259 0 11852 0 3231 18 27541 0 0 18 24418 0 47 0 0 72074 
0 3 20317 0 0 24383 6966 9 1 0 3293 2134 8 2 0 0 0 3231 0 70 119 7181 0 0 0 31 4 0 0 0 
8 1070 0 25319 1572 0 157 61836 0 75 6409 4 1944 1609 0 5 0 18 70 0 0 0 0 0 83248 17 90 35 0 0 
31538 0 0 591 0 107 0 0 0 0 0 0 0 0 1 2 976 27541 119 0 0 0 66169 91009 4 0 17225 0 1024 1570 
0 0 0 0 8665 0 6 0 0 2 0 0 1 0 0 0 2103 0 7181 0 0 0 0 0 0 3 0 32043 5 0 
18651 0 21 18 106 0 0 5 279 209 54 0 0 25001 3 22 6567 0 0 0 66169 0 0 1 21 443 0 6810 782 205 
6564 0 1466 97302 44 0 171 1 1394 0 0 0 0 0 0 377 0 18 0 0 91009 0 1 0 12529 0 3964 26859 7835 3009 
12818 71 0 0 28 286 0 0 0 0 0 0 2580 0 95 575 0 24418 0 83248 4 0 21 12529 0 13 0 0 52 0 
40 0 98 0 693 195 0 1465 741 43 77 1381 0 0 174 4 2228 0 31 17 0 3 443 0 13 0 0 1593 0 0 
0 513 0 6 0 0 3550 50 0 0 0 17605 60369 0 218 4 851 47 4 90 17225 0 0 3964 0 0 0 1339 13128 0 
7650 0 10 1 0 0 0 0 7591 0 1179 0 66780 56 0 0 0 0 0 35 0 32043 6810 26859 0 1593 1339 0 0 0 
0 0 2 35463 39 0 7308 0 0 1 0 0 0 20321 2 0 13 0 0 0 1024 5 782 7835 52 0 13128 0 0 0 
30305 0 1909 2 0 7223 0 0 7 0 2 2891 0 0 376 3 626 72074 0 0 1570 0 205 3009 0 0 0 0 0 0 
0 0 119 179 822 0 0 0 2 0 0 0 0 18578 5156 0 4 0 0 36 6567 0 79106 11866 3173 1565 0 10272 0 80072 
0 0 0 0 0 0 0 439 0 309 74354 17 0 6 256 13450 0 3088 38 365 0 0 0 0 29 0 35 0 930 0 
119 0 0 179 734 21 12 28361 0 252 97 0 49 0 1276 3 4940 0 90620 0 0 6 652 1686 0 15 8 783 0 4717 
179 0 179 0 0 402 0 0 0 6643 0 1 26 563 5206 1628 0 0 0 659 1327 0 0 7053 0 0 3 1 1233 0 
822 0 734 0 0 1761 230 89106 76450 0 40088 7 17533 2499 1 0 64166 51 0 2269 0 1721 40 48 627 1036 0 0 0 0 
0 0 21 402 1761 0 2 1749 17 32016 0 72 97 5 0 91 0 0 3989 0 33268 0 0 0 538 710 1 0 5 888 
0 0 12 0 230 2 0 4344 184 0 0 56596 0 0 0 0 192 0 8841 613 4 5 0 67368 1 0 111 5 13014 0 
0 439 28361 0 89106 1749 4344 0 5 461 5 94 179 0 299 142 0 16 0 4938 0 0 0 20 0 28867 310 0 0 0 
2 0 0 0 76450 17 184 5 0 1 22 1593 31 5 7 199 981 0 13 0 0 0 4509 1586 0 2682 0 15322 39 0 
0 309 252 6643 0 32016 0 461 1 0 0 370 0 2456 0 0 365 141 0 25 0 5 22622 0 0 8821 0 0 0 0 
0 74354 97 0 40088 0 0 5 22 0 0 3 3897 0 0 6259 0 10339 3 6958 0 0 438 0 0 1550 0 454 0 0 
0 17 0 1 7 72 56596 94 1593 370 3 0 0 4187 85155 990 0 25908 191 27 0 0 0 0 0 6 7117 0 0 6438 
0 0 49 26 17533 97 0 179 31 0 3897 0 0 914 12 13 0 3 0 30 0 721 0 0 1620 0 2885 7747 0 0 
18578 6 0 563 2499 5 0 0 5 2456 0 4187 914 0 198 0 33943 1 1 9448 0 0 25246 0 0 0 0 92321 632 0 
5156 256 1276 5206 1 0 0 299 7 0 0 85155 12 198 0 4747 0 5 0 0 0 0 0 0 0 346 2 0 67 4 
0 13450 3 1628 0 91 0 142 199 0 6259 990 13 0 4747 0 15 0 0 0 0 0 639 191 21554 18 0 1 0 3 
4 0 4940 0 64166 0 192 0 981 365 0 0 0 33943 0 15 0 55059 0 0 209 13772 62662 275 0 2223 1 0 102 1625 
0 3088 0 0 51 0 0 16 0 141 10339 25908 3 1 5 0 55059 0 674 150 20819 0 0 626 2766 0 0 0 0 9475 
0 38 90620 0 0 3989 8841 0 13 0 3 191 0 1 0 0 0 674 0 66 1 2009 0 0 0 47 4 0 0 0 
36 365 0 659 2269 0 613 4938 0 25 6958 27 30 9448 0 0 0 150 66 0 0 0 123 0 3755 447 1 0 0 0 
6567 0 0 1327 0 33268 4 0 0 0 0 0 0 0 0 0 209 20819 1 0 0 0 38128 18378 0 0 24597 0 53 2726 
0 0 6 0 1721 0 5 0 0 5 0 0 721 0 0 0 13772 0 2009 0 0 0 0 0 0 10 0 4405 269 0 
79106 0 652 0 40 0 0 0 4509 22622 438 0 0 25246 0 639 62662 0 0 123 38128 0 0 0 10 3105 0 0 312 163 
11866 0 1686 7053 48 0 67368 20 1586 0 0 0 0 0 0 191 275 626 0 0 18378 0 0 0 9471 0 29411 2107 5196 2964 
3173 29 0 0 627 538 1 0 0 0 0 0 1620 0 0 21554 0 2766 0 3755 0 0 10 9471 0 0 0 156 128 1 
1565 0 15 0 1036 710 0 28867 2682 8821 1550 6 0 0 346 18 2223 0 47 447 0 10 3105 0 0 0 0 483 0 0 
0 35 8 3 0 1 111 310 0 0 0 7117 2885 0 2 0 1 0 4 1 24597 0 0 29411 0 0 0 5993 57258 0 
10272 0 783 1 0 0 5 0 15322 0 454 0 7747 92321 0 1 0 0 0 0 0 4405 0 2107 156 483 5993 0 0 0 
0 930 0 1233 0 5 13014 0 39 0 0 0 0 632 67 0 102 0 0 0 53 269 312 5196 128 0 57258 0 0 0 
80072 0 4717 0 0 888 0 0 0 0 0 6438 0 0 4 3 1625 9475 0 0 2726 0 163 2964 1 0 0 0 0 0 
