8 4
0 46 118 40 96 98 46 64 
46 0 88 10 53 127 3 66 
118 88 0 85 53 137 85 71 
40 10 85 0 56 117 8 56 
96 53 53 56 0 154 51 82 
98 127 137 117 154 0 125 72 
46 3 85 8 51 125 0 63 
64 66 71 56 82 72 63 0 
0 9939 76837 41 13962 228 0 0 
9939 0 755 0 0 0 289 23341 
76837 755 0 0 902 0 0 26175 
41 0 0 0 21 19933 7027 52 
13962 0 902 21 0 0 3825 0 
228 0 0 19933 0 0 1630 13 
0 289 0 7027 3825 1630 0 740 
0 23341 26175 52 0 13 740 0 
0 0 0 0 0 0 47333 0 
0 0 0 191 141 3 0 0 
0 0 0 1 0 61 1 0 
0 191 1 0 0 0 0 0 
0 141 0 0 0 41815 0 9 
0 3 61 0 41815 0 0 0 
47333 0 1 0 0 0 0 0 
0 0 0 0 9 0 0 0 
0 0 0 0 0 0 282 11565 
0 0 0 28 3 700 0 0 
0 0 0 15 0 0 45 0 
0 28 15 0 0 0 0 0 
0 3 0 0 0 34381 0 138 
0 700 0 0 34381 0 0 0 
282 0 45 0 0 0 0 0 
11565 0 0 0 138 0 0 0 
0 0 0 0 0 0 1 158 
0 0 0 44 259 30854 0 0 
0 0 0 3446 0 18 6590 0 
0 44 3446 0 0 0 0 0 
0 259 0 0 0 3 0 0 
0 30854 18 0 3 0 0 0 
1 0 6590 0 0 0 0 0 
158 0 0 0 0 0 0 0 
