30 3
0 123 17 72 89 90 77 84 122 70 141 118 117 117 58 85 94 145 69 99 137 99 30 139 114 56 50 94 70 158 
123 0 116 51 121 48 96 115 59 63 25 47 40 16 64 39 31 87 58 23 83 33 103 24 65 67 92 40 53 45 
17 116 0 64 101 90 86 66 108 71 133 119 117 113 52 81 90 150 68 93 122 97 14 135 118 53 57 84 66 154 
72 51 64 0 97 39 71 77 62 33 69 64 60 49 13 21 29 104 24 28 84 38 52 71 72 21 53 26 13 91 
89 121 101 97 0 73 26 158 158 64 146 84 88 106 88 88 93 82 73 107 181 88 104 121 67 78 49 121 84 131 
90 48 90 39 73 0 47 116 91 20 73 28 27 34 42 20 20 64 22 35 115 15 82 53 32 38 48 55 28 69 
77 96 86 71 26 47 0 136 132 38 121 63 66 81 63 62 67 73 47 81 155 62 85 98 49 54 29 95 58 110 
84 115 66 77 158 116 136 0 73 105 118 141 136 120 76 98 104 181 98 96 73 114 56 139 149 84 109 75 89 160 
122 59 108 62 158 91 132 73 0 94 51 103 96 73 74 71 70 145 85 56 25 79 93 83 118 83 115 37 74 101 
70 63 71 33 64 20 38 105 94 0 87 48 47 52 29 25 32 79 8 44 117 32 64 72 47 21 28 56 20 89 
141 25 133 69 146 73 121 118 51 87 0 70 64 41 83 62 55 108 81 43 71 58 119 37 89 88 115 49 74 52 
118 47 119 64 84 28 63 141 103 48 70 0 6 30 70 43 37 42 50 48 128 26 110 38 19 66 73 72 55 47 
117 40 117 60 88 27 66 136 96 47 64 6 0 24 67 39 32 48 48 42 121 22 108 32 25 64 74 66 52 44 
117 16 113 49 106 34 81 120 73 52 41 30 24 0 60 31 22 72 48 24 98 19 101 21 48 61 81 46 46 42 
58 64 52 13 88 42 63 76 74 29 83 70 67 60 0 29 38 107 21 41 95 45 41 82 74 9 41 39 15 102 
85 39 81 21 88 20 62 98 71 25 62 43 39 31 29 0 9 83 18 19 96 17 70 53 51 29 52 34 14 73 
94 31 90 29 93 20 67 104 70 32 55 37 32 22 38 9 0 79 27 14 95 10 79 44 48 38 60 36 24 64 
145 87 150 104 82 64 73 181 145 79 108 42 48 72 107 83 79 0 85 91 170 68 144 71 32 101 95 114 92 67 
69 58 68 24 73 22 47 98 85 8 81 50 48 48 21 18 27 85 0 37 108 30 60 70 52 16 34 48 11 88 
99 23 93 28 107 35 81 96 56 44 43 48 42 24 41 19 14 91 37 0 81 23 80 43 62 45 71 23 30 64 
137 83 122 84 181 115 155 73 25 117 71 128 121 98 95 96 95 170 108 81 0 104 107 106 143 104 136 61 97 123 
99 33 97 38 88 15 62 114 79 32 58 26 22 19 45 17 10 68 30 23 104 0 87 40 38 44 61 46 30 58 
30 103 14 52 104 82 85 56 93 64 119 110 108 101 41 70 79 144 60 80 107 87 0 123 111 44 56 70 56 143 
139 24 135 71 121 53 98 139 83 72 37 38 32 21 82 53 44 71 70 43 106 40 123 0 57 83 101 64 68 21 
114 65 118 72 67 32 49 149 118 47 89 19 25 48 74 51 48 32 52 62 143 38 111 57 0 68 66 84 60 63 
56 67 53 21 78 38 54 84 83 21 88 66 64 61 9 29 38 101 16 45 104 44 44 83 68 0 32 47 14 102 
50 92 57 53 49 48 29 109 115 28 115 73 74 81 41 52 60 95 34 71 136 61 56 101 66 32 0 79 42 117 
94 40 84 26 121 55 95 75 37 56 49 72 66 46 39 34 36 114 48 23 61 46 70 64 84 47 79 0 37 85 
70 53 66 13 84 28 58 89 74 20 74 55 52 46 15 14 24 92 11 30 97 30 56 68 60 14 42 37 0 88 
158 45 154 91 131 69 110 160 101 89 52 47 44 42 102 73 64 67 88 64 123 58 143 21 63 102 117 85 88 0 
0 9 7 0 48 0 1258 37 165 646 44 0 0 0 0 5701 0 1 1 84199 94414 0 663 0 157 309 28 0 0 0 
9 0 40658 0 1 6 0 73968 0 0 0 3884 2 11 254 3 13 198 73781 0 1 0 0 0 0 13077 0 0 27 0 
7 40658 0 0 3 0 997 0 14 0 10 11 3745 0 6 545 283 0 2 0 0 0 0 557 21536 1224 0 24 0 0 
0 0 0 0 61817 4709 1 0 0 37874 2 0 0 36 0 8 0 7 17304 402 6 138 0 72336 0 0 0 40465 0 3 
48 1 3 61817 0 0 0 40549 0 49217 0 0 189 7 833 0 0 2121 72 0 1 0 2 15870 0 0 5 13 0 51982 
0 6 0 4709 0 0 0 0 3205 650 898 615 97601 174 27236 0 0 0 77655 0 0 0 0 10 2610 1 32 0 844 0 
1258 0 997 1 0 0 0 0 5301 0 0 0 0 0 0 35698 362 119 0 4 895 0 0 7356 22732 40 0 19 2 40 
37 73968 0 0 40549 0 0 0 0 0 0 0 38 0 0 0 0 14506 0 65076 0 1161 0 1 433 0 598 79 0 168 
165 0 14 0 0 3205 5301 0 0 0 0 0 0 3583 0 23 19532 0 0 0 0 7196 0 0 0 15 0 0 134 0 
646 0 0 37874 49217 650 0 0 0 0 0 0 523 0 10867 3 0 0 1 0 69230 462 15 34584 0 4451 4 3 0 0 
44 0 10 2 0 898 0 0 0 0 0 0 68 3 0 0 0 18772 0 0 1 416 349 454 15279 8905 308 378 0 0 
0 3884 11 0 0 615 0 0 0 0 0 0 0 0 77 0 1986 0 2 0 28 1432 49 0 0 0 3 0 236 47726 
0 2 3745 0 189 97601 0 38 0 523 68 0 0 0 325 65095 1631 0 0 2155 0 2117 53 0 0 57 0 0 0 0 
0 11 0 36 7 174 0 0 3583 0 3 0 0 0 0 0 1 3 105 42 4 0 0 57049 0 0 0 0 0 0 
0 254 6 0 833 27236 0 0 0 10867 0 77 325 0 0 0 48741 0 54709 0 0 0 0 2 0 0 0 0 0 0 
5701 3 545 8 0 0 35698 0 23 3 0 0 65095 0 0 0 0 0 4008 0 0 0 75246 0 630 12 0 30624 0 1505 
0 13 283 0 0 0 362 0 19532 0 0 1986 1631 1 48741 0 0 0 16223 0 11220 846 24 449 0 3 0 2501 596 21 
1 198 0 7 2121 0 119 14506 0 0 18772 0 0 3 0 0 0 0 2581 4483 0 264 0 1755 15 11 0 372 0 28 
1 73781 2 17304 72 77655 0 0 0 1 0 2 0 105 54709 4008 16223 2581 0 4 0 2 1 22 2492 0 87820 769 1333 0 
84199 0 0 402 0 0 4 65076 0 0 0 0 2155 42 0 0 0 4483 4 0 0 1 246 0 93047 4074 0 0 0 26981 
94414 1 0 6 1 0 895 0 0 69230 1 28 0 4 0 0 11220 0 0 0 0 18283 0 94 0 0 7535 0 0 4 
0 0 0 138 0 0 0 1161 7196 462 416 1432 2117 0 0 0 846 264 2 1 18283 0 10 224 8250 20788 0 0 12504 3 
663 0 0 0 2 0 0 0 0 15 349 49 53 0 0 75246 24 0 1 246 0 10 0 191 19 0 76 0 32 3 
0 0 557 72336 15870 10 7356 1 0 34584 454 0 0 57049 2 0 449 1755 22 0 94 224 191 0 4 0 0 88 966 17 
157 0 21536 0 0 2610 22732 433 0 0 15279 0 0 0 0 630 0 15 2492 93047 0 8250 19 4 0 0 0 13 841 0 
309 13077 1224 0 0 1 40 0 15 4451 8905 0 57 0 0 12 3 11 0 4074 0 20788 0 0 0 0 3 0 2 2 
28 0 0 0 5 32 0 598 0 4 308 3 0 0 0 0 0 0 87820 0 7535 0 76 0 0 3 0 5 0 0 
0 0 24 40465 13 0 19 79 0 3 378 0 0 0 0 30624 2501 372 769 0 0 0 0 88 13 0 5 0 261 37 
0 27 0 0 0 844 2 0 134 0 0 236 0 0 0 0 596 0 1333 0 0 12504 32 966 841 2 0 261 0 306 
0 0 0 3 51982 0 40 168 0 0 0 47726 0 0 0 1505 21 28 0 26981 4 3 3 17 0 2 0 37 306 0 
0 0 0 7802 0 2404 0 0 50523 0 0 80766 230 0 22 1 109 0 0 0 740 0 0 0 1 0 86405 10 184 55 
0 0 3591 67 0 0 2 0 27475 57470 213 155 0 0 0 2 0 0 0 69748 2 2 132 4 13 0 1252 0 0 4 
0 3591 0 59489 0 901 0 872 0 0 373 0 0 85289 2247 0 0 9235 0 1 80 422 1081 0 1910 282 1 0 23 2 
7802 67 59489 0 0 0 0 23692 342 97763 0 2546 41634 526 97399 1 1 0 0 0 0 0 0 0 2 0 8 0 103 0 
0 0 0 0 0 242 0 0 2363 0 3 2 0 0 0 0 45 6053 931 35771 0 10 0 85 1 4433 159 0 4 27 
2404 0 901 0 242 0 0 111 0 66 0 0 687 0 0 39282 9700 123 0 422 89 5 0 0 37 0 0 333 0 27448 
0 2 0 0 0 0 0 2 0 11 0 876 120 3 0 75 0 0 48 5 0 816 36582 0 0 0 4370 0 0 0 
0 0 872 23692 0 111 2 0 0 6207 2182 0 0 1 1 0 5 0 37 45 355 0 0 0 0 2 0 0 0 0 
50523 27475 0 342 2363 0 0 0 0 0 0 1489 0 0 694 0 0 552 0 62185 9 0 111 3 62494 701 6 0 0 0 
0 57470 0 97763 0 66 11 6207 0 0 0 0 0 0 0 0 151 14561 0 276 0 0 5340 1 32 0 0 0 271 4603 
0 213 373 0 3 0 0 2182 0 0 0 4 11820 0 0 1 12 471 16035 857 0 0 56449 0 0 0 0 0 16752 2918 
80766 155 0 2546 2 0 876 0 1489 0 4 0 33 21290 0 430 0 16628 0 1849 0 0 0 12321 138 0 0 328 0 0 
230 0 0 41634 0 687 120 0 0 0 11820 33 0 0 2 0 0 3766 4647 0 0 22325 1 2426 0 0 0 6217 35072 0 
0 0 85289 526 0 0 3 1 0 0 0 21290 0 0 0 1191 0 90 0 0 87 0 6 0 1 70 7 0 20982 0 
22 0 2247 97399 0 0 0 1 694 0 0 0 2 0 0 137 34 406 0 10250 6177 0 0 0 64584 0 421 59 5957 3 
1 2 0 1 0 39282 75 0 0 0 1 430 0 1191 137 0 5670 10974 0 0 397 2080 0 0 0 60 3735 32 562 4 
109 0 0 1 45 9700 0 5 0 151 12 0 0 0 34 5670 0 822 0 5 0 0 2793 0 0 231 411 0 0 0 
0 0 9235 0 6053 123 0 0 552 14561 471 16628 3766 90 406 10974 822 0 0 0 39014 0 26 1390 0 0 1 0 1977 1 
0 0 0 0 931 0 48 37 0 0 16035 0 4647 0 0 0 0 0 0 155 120 18362 0 0 0 0 2376 39263 0 5230 
0 69748 1 0 35771 422 5 45 62185 276 857 1849 0 0 10250 0 5 0 155 0 3 0 0 27 0 6 0 13 18317 0 
740 2 80 0 0 89 0 355 9 0 0 0 0 87 6177 397 0 39014 120 3 0 0 2 0 91 2 0 0 19 2446 
0 2 422 0 10 5 816 0 0 0 0 0 22325 0 0 2080 0 0 18362 0 0 0 0 0 0 33858 7762 10 2 0 
0 132 1081 0 0 0 36582 0 111 5340 56449 0 1 6 0 0 2793 26 0 0 2 0 0 263 3 0 0 31630 4 0 
0 4 0 0 85 0 0 0 3 1 0 12321 2426 0 0 0 0 1390 0 27 0 0 263 0 0 167 0 90 0 0 
1 13 1910 2 1 37 0 0 62494 32 0 138 0 1 64584 0 0 0 0 0 91 0 3 0 0 6 864 7 0 3501 
0 0 282 0 4433 0 0 2 701 0 0 0 0 70 0 60 231 0 0 6 2 33858 0 167 6 0 0 8 0 0 
86405 1252 1 8 159 0 4370 0 6 0 0 0 0 7 421 3735 411 1 2376 0 0 7762 0 0 864 0 0 0 0 198 
10 0 0 0 0 333 0 0 0 0 0 328 6217 0 59 32 0 0 39263 13 0 10 31630 90 7 8 0 0 37 45946 
184 0 23 103 4 0 0 0 0 271 16752 0 35072 20982 5957 562 0 1977 0 18317 19 2 4 0 0 0 0 37 0 0 
55 4 2 0 27 27448 0 0 0 4603 2918 0 0 0 3 4 0 1 5230 0 2446 0 0 0 3501 0 198 45946 0 0 
0 0 0 31 39258 5769 33390 0 0 0 2 7939 56 645 16933 62 65 0 0 0 0 5 0 100 0 0 19 3892 7793 5455 
0 0 0 38 0 0 109 0 119 1 42 0 4 0 0 0 0 0 0 32 48 86 5 78 0 0 208 1 0 0 
0 0 0 12696 1278 0 0 12210 2428 0 5992 0 0 14970 0 0 0 0 0 419 3963 1 7361 0 0 0 2 0 125 4416 
31 38 12696 0 0 0 63 64 38365 23 0 202 0 0 11 2 4620 0 0 0 0 2 24 0 9 61585 25 0 1 0 
39258 0 1278 0 0 3975 26638 0 52052 0 467 12190 0 0 19 0 1 0 30 21 31221 1501 0 1 400 11491 0 0 4 0 
5769 0 0 0 3975 0 1 3464 2 0 2126 40325 14920 0 0 94 209 9092 944 0 2 1 20 0 1 1 0 0 0 9 
33390 109 0 63 26638 1 0 35 0 18953 7633 156 28535 45301 13 0 0 145 0 0 14358 3 54097 0 3 0 0 0 0 173 
0 0 12210 64 0 3464 35 0 1047 1 310 0 0 48940 0 252 2 0 5 0 0 0 4 0 0 1 0 678 17960 10 
0 119 2428 38365 52052 2 0 1047 0 0 0 94 0 9 8000 0 0 15 69 5 0 0 21 26712 28401 0 76 9561 0 25585 
0 1 0 23 0 0 18953 1 0 0 0 3495 0 6 0 0 2324 8715 0 383 0 0 0 0 341 0 0 0 0 0 
2 42 5992 0 467 2126 7633 310 0 0 0 1 13 9874 4 3 2039 0 1258 20 0 0 0 0 0 0 0 0 419 29 
7939 0 0 202 12190 40325 156 0 94 3495 1 0 83 327 0 7389 0 41191 0 26146 0 0 0 0 30 0 0 11 0 0 
56 4 0 0 0 14920 28535 0 0 0 13 83 0 2074 0 0 0 3 0 0 0 0 0 0 103 4 1 115 49065 96 
645 0 14970 0 0 0 45301 48940 9 6 9874 327 2074 0 0 4946 0 0 0 0 0 0 0 3 42255 1 2 22 138 33 
16933 0 0 11 19 0 13 0 8000 0 4 0 0 0 0 9 0 0 13 0 63141 2 0 0 4640 1 1 0 5993 33 
62 0 0 2 0 94 0 252 0 0 3 7389 0 4946 9 0 4431 0 2 3792 43 7 1 18 0 52061 3487 250 51730 0 
65 0 0 4620 1 209 0 2 0 2324 2039 0 0 0 0 4431 0 541 0 759 0 0 0 0 336 1023 1 0 0 0 
0 0 0 0 0 9092 145 0 15 8715 0 41191 3 0 0 0 541 0 0 0 22 2 0 1 0 137 2 0 989 0 
0 0 0 0 30 944 0 5 69 0 1258 0 0 0 13 2 0 0 0 0 3 0 0 0 0 1064 1 0 0 1233 
0 32 419 0 21 0 0 0 5 383 20 26146 0 0 0 3792 759 0 0 0 11844 0 0 114 140 0 0 14117 32 0 
0 48 3963 0 31221 2 14358 0 0 0 0 0 0 0 63141 43 0 22 3 11844 0 0 0 8 0 13181 3304 18 0 0 
5 86 1 2 1501 1 3 0 0 0 0 0 0 0 2 7 0 2 0 0 0 0 11899 0 0 0 630 14 0 0 
0 5 7361 24 0 20 54097 4 21 0 0 0 0 0 0 1 0 0 0 0 0 11899 0 0 0 10167 111 714 0 0 
100 78 0 0 1 0 0 0 26712 0 0 0 0 3 0 18 0 1 0 114 8 0 0 0 0 23 13 0 1382 2 
0 0 0 9 400 1 3 0 28401 341 0 30 103 42255 4640 0 336 0 0 140 0 0 0 0 0 48144 8 0 0 0 
0 0 0 61585 11491 1 0 1 0 0 0 0 4 1 1 52061 1023 137 1064 0 13181 0 10167 23 48144 0 0 0 0 0 
19 208 2 25 0 0 0 0 76 0 0 0 1 2 1 3487 1 2 1 0 3304 630 111 13 8 0 0 0 870 2435 
3892 1 0 0 0 0 0 678 9561 0 0 11 115 22 0 250 0 0 0 14117 18 14 714 0 0 0 0 0 0 0 
7793 0 125 1 4 0 0 17960 0 0 419 0 49065 138 5993 51730 0 989 0 32 0 0 0 1382 0 0 870 0 0 0 
5455 0 4416 0 0 9 173 10 25585 0 29 0 96 33 33 0 0 0 1233 0 0 0 0 2 0 0 2435 0 0 0 
