9 3
0 46 118 40 96 98 46 64 2 
46 0 88 10 53 127 3 66 48 
118 88 0 85 53 137 85 71 120 
40 10 85 0 56 117 8 56 42 
96 53 53 56 0 154 51 82 98 
98 127 137 117 154 0 125 72 99 
46 3 85 8 51 125 0 63 48 
64 66 71 56 82 72 63 0 66 
2 48 120 42 98 99 48 66 0 
0 3297 23 0 2684 2 1 0 0 
3297 0 3 0 222 16987 0 0 0 
23 3 0 0 0 0 0 1 0 
0 0 0 0 0 77683 0 27991 0 
2684 222 0 0 0 0 0 1 0 
2 16987 0 77683 0 0 76837 57 0 
1 0 0 0 0 76837 0 0 224 
0 0 1 27991 1 57 0 0 3 
0 0 0 0 0 0 224 3 0 
0 0 0 9404 0 0 0 4 22 
0 0 0 2318 0 0 53 48286 1756 
0 0 0 326 86020 1068 5702 0 3263 
9404 2318 326 0 4648 0 2141 0 1 
0 0 86020 4648 0 4 673 0 993 
0 0 1068 0 4 0 0 0 43507 
0 53 5702 2141 673 0 0 87598 0 
4 48286 0 0 0 0 87598 0 0 
22 1756 3263 1 993 43507 0 0 0 
0 0 0 11 0 0 0 3279 1 
0 0 0 4 0 0 14652 1 12 
0 0 0 32263 30303 7 1 0 6373 
11 4 32263 0 412 0 58095 0 79567 
0 0 30303 412 0 9821 11400 0 365 
0 0 7 0 9821 0 0 0 4 
0 14652 1 58095 11400 0 0 2 0 
3279 1 0 0 0 0 2 0 0 
1 12 6373 79567 365 4 0 0 0 
