20 3
0 46 118 40 96 98 46 64 2 33 36 47 55 9 108 78 35 54 61 95 
46 0 88 10 53 127 3 66 48 60 37 19 78 48 107 43 36 50 104 90 
118 88 0 85 53 137 85 71 120 144 83 106 102 125 70 117 84 138 148 59 
40 10 85 0 56 117 8 56 42 59 26 26 68 43 98 54 26 55 95 82 
96 53 53 56 0 154 51 82 98 112 71 66 108 100 106 67 71 96 146 90 
98 127 137 117 154 0 125 72 99 127 90 138 49 106 75 170 91 153 52 79 
46 3 85 8 51 125 0 63 48 61 34 22 76 49 104 46 34 53 103 87 
64 66 71 56 82 72 63 0 66 97 32 83 30 73 44 110 33 107 76 31 
2 48 120 42 98 99 48 66 0 32 38 48 56 7 110 78 37 54 61 97 
33 60 144 59 112 127 61 97 32 0 67 48 88 24 142 71 66 34 83 128 
36 37 83 26 71 90 34 32 38 67 0 51 41 44 77 80 1 75 74 61 
47 19 106 26 66 138 22 83 48 48 51 0 90 45 125 31 50 31 108 109 
55 78 102 68 108 49 76 30 56 88 41 90 0 63 62 121 41 107 46 54 
9 48 125 43 100 106 49 73 7 24 44 45 63 0 117 75 43 47 66 104 
108 107 70 98 106 75 104 44 110 142 77 125 62 117 0 149 78 152 105 17 
78 43 117 54 67 170 46 110 78 71 80 31 121 75 149 0 80 40 140 132 
35 36 84 26 71 91 34 33 37 66 1 50 41 43 78 80 0 74 74 62 
54 50 138 55 96 153 53 107 54 34 75 31 107 47 152 40 74 0 113 136 
61 104 148 95 146 52 103 76 61 83 74 108 46 66 105 140 74 113 0 100 
95 90 59 82 90 79 87 31 97 128 61 109 54 104 17 132 62 136 100 0 
0 17 238 0 14 0 154 3710 0 592 0 0 18870 3 0 0 0 45 863 4246 
17 0 0 0 404 0 3606 11 1 0 0 0 0 0 26745 1 50711 3 0 0 
238 0 0 0 2 0 2192 0 0 60955 0 0 0 0 0 142 33524 0 16488 3004 
0 0 0 0 0 410 44 0 3 3423 1586 0 25 0 9050 292 9 0 28 9260 
14 404 2 0 0 0 0 4 7960 781 51 61865 0 373 0 0 0 0 29047 0 
0 0 0 410 0 0 3175 706 103 153 6196 75 32 0 0 0 31 0 0 32748 
154 3606 2192 44 0 3175 0 689 0 2697 0 1 0 2 0 0 4 0 0 0 
3710 11 0 0 4 706 689 0 0 0 7479 0 22 0 77 2230 2 0 0 0 
0 1 0 3 7960 103 0 0 0 262 0 1634 12 0 0 0 8 0 5007 0 
592 0 60955 3423 781 153 2697 0 262 0 34 0 84679 0 0 0 0 26 6420 53 
0 0 0 1586 51 6196 0 7479 0 34 0 0 0 0 0 12030 796 7 0 0 
0 0 0 0 61865 75 1 0 1634 0 0 0 0 38 0 0 4 2 0 0 
18870 0 0 25 0 32 0 22 12 84679 0 0 0 32 36 20 1845 48717 0 16 
3 0 0 0 373 0 2 0 0 0 0 38 32 0 40 83 20062 7199 0 52 
0 26745 0 9050 0 0 0 77 0 0 0 0 36 40 0 0 166 834 130 3 
0 1 142 292 0 0 0 2230 0 0 12030 0 20 83 0 0 0 875 0 674 
0 50711 33524 9 0 31 4 2 8 0 796 4 1845 20062 166 0 0 6438 0 14 
45 3 0 0 0 0 0 0 0 26 7 2 48717 7199 834 875 6438 0 7816 0 
863 0 16488 28 29047 0 0 0 5007 6420 0 0 0 0 130 0 0 7816 0 0 
4246 0 3004 9260 0 32748 0 0 0 53 0 0 16 52 3 674 14 0 0 0 
0 44 9334 0 1 16 52 2794 0 193 0 0 30039 153 0 0 0 7 1579 5297 
44 0 0 0 58 0 11688 211 10 0 7 0 0 1 9041 5 14772 9 0 0 
9334 0 0 0 0 0 18798 0 0 91433 0 0 0 0 0 96 16882 0 215 441 
0 0 0 0 0 19 2411 0 3 5048 878 0 0 0 1951 57 0 0 1010 7458 
1 58 0 0 0 0 0 0 371 81 6062 783 0 2016 0 0 0 0 6427 0 
16 0 0 19 0 0 8234 413 1282 1937 1707 138 1 0 0 0 25 0 0 9939 
52 11688 18798 2411 0 8234 0 1980 0 96522 0 0 45 2 0 0 75 0 0 0 
2794 211 0 0 0 413 1980 0 0 0 12443 0 10 3 1 28220 0 0 48 0 
0 10 0 3 371 1282 0 0 0 25 0 1779 0 0 0 0 16 0 6287 0 
193 0 91433 5048 81 1937 96522 0 25 0 2 2 33538 0 0 0 0 204 223 279 
0 7 0 878 6062 1707 0 12443 0 2 0 2 0 0 0 1648 7947 6 0 0 
0 0 0 0 783 138 0 0 1779 2 2 0 0 713 0 0 2 0 0 2 
30039 0 0 0 0 1 45 10 0 33538 0 0 0 14 20 3 21838 2408 0 0 
153 1 0 0 2016 0 2 3 0 0 0 713 14 0 44 11 3495 633 0 696 
0 9041 0 1951 0 0 0 1 0 0 0 0 20 44 0 0 74794 10433 503 395 
0 5 96 57 0 0 0 28220 0 0 1648 0 3 11 0 0 0 953 47 186 
0 14772 16882 0 0 25 75 0 16 0 7947 2 21838 3495 74794 0 0 10286 0 0 
7 9 0 0 0 0 0 0 0 204 6 0 2408 633 10433 953 10286 0 4863 0 
1579 0 215 1010 6427 0 0 48 6287 223 0 0 0 0 503 47 0 4863 0 0 
5297 0 441 7458 0 9939 0 0 0 279 0 2 0 696 395 186 0 0 0 0 
0 0 443 0 0 0 5 450 0 1396 0 0 53706 1 0 3 0 313 3169 17 
0 0 0 0 10 0 28213 1 0 0 0 0 0 1 50067 1 84511 0 0 0 
443 0 0 0 11 0 4136 0 0 8695 0 0 0 0 0 16 55724 0 22613 810 
0 0 0 0 6 656 491 0 0 131 3678 0 71 0 9200 2 130 0 1 127 
0 10 11 6 0 0 0 0 9035 1 1339 32883 0 336 0 0 0 0 4600 0 
0 0 0 656 0 0 336 1926 33 8061 9335 3052 11 0 0 0 779 0 0 8898 
5 28213 4136 491 0 336 0 39293 0 98508 0 31 0 484 0 0 0 0 0 0 
450 1 0 0 0 1926 39293 0 0 0 7352 0 62 0 0 794 2 0 0 0 
0 0 0 0 9035 33 0 0 0 5273 0 70711 671 0 0 0 5 0 26552 0 
1396 0 8695 131 1 8061 98508 0 5273 0 152 0 57128 0 0 0 0 38 2819 10 
0 0 0 3678 1339 9335 0 7352 0 152 0 2 0 2 0 50025 16 0 0 0 
0 0 0 0 32883 3052 31 0 70711 0 2 0 0 48 0 0 7 0 0 0 
53706 0 0 71 0 11 0 62 671 57128 0 0 0 77 40 28 33 16424 0 0 
1 1 0 0 336 0 484 0 0 0 2 48 77 0 13183 31 10165 317 0 933 
0 50067 0 9200 0 0 0 0 0 0 0 0 40 13183 0 0 10 130 1803 0 
3 1 16 2 0 0 0 794 0 0 50025 0 28 31 0 0 0 3509 0 4455 
0 84511 55724 130 0 779 0 2 5 0 16 7 33 10165 10 0 0 4052 0 154 
313 0 0 0 0 0 0 0 0 38 0 0 16424 317 130 3509 4052 0 135 0 
3169 0 22613 1 4600 0 0 0 26552 2819 0 0 0 0 1803 0 0 135 0 0 
17 0 810 127 0 8898 0 0 0 10 0 0 0 933 0 4455 154 0 0 0 
