7 4
0 59 64 103 62 95 95 
59 0 70 49 40 62 36 
64 70 0 118 33 51 89 
103 49 118 0 85 94 38 
62 40 33 85 0 33 56 
95 62 51 94 33 0 57 
95 36 89 38 56 57 0 
0 0 0 0 76 0 0 
0 0 150 0 0 0 2103 
0 150 0 0 1 6076 70 
0 0 0 0 0 47 71328 
76 0 1 0 0 0 0 
0 0 6076 47 0 0 0 
0 2103 70 71328 0 0 0 
0 113 3 14 0 2 727 
113 0 0 27 586 1014 0 
3 0 0 36870 0 0 0 
14 27 36870 0 12523 0 0 
0 586 0 12523 0 13782 7474 
2 1014 0 0 13782 0 55 
727 0 0 0 7474 55 0 
0 5806 1 35684 0 1 71669 
5806 0 0 38 10 4 0 
1 0 0 1207 0 0 0 
35684 38 1207 0 7938 0 0 
0 10 0 7938 0 1 2 
1 4 0 0 1 0 160 
71669 0 0 0 2 160 0 
0 4778 930 23845 0 684 14 
4778 0 0 16 2 2 0 
930 0 0 10 0 0 0 
23845 16 10 0 82786 0 0 
0 2 0 82786 0 35 39 
684 2 0 0 35 0 706 
14 0 0 0 39 706 0 
