6 2
0 123 17 72 89 90 
123 0 116 51 121 48 
17 116 0 64 101 90 
72 51 64 0 97 39 
89 121 101 97 0 73 
90 48 90 39 73 0 
0 0 24573 0 0 106 
0 0 0 20505 0 0 
24573 0 0 1 68 52 
0 20505 1 0 2 7307 
0 0 68 2 0 0 
106 0 52 7307 0 0 
0 16 0 4 0 1 
16 0 59 0 50 3 
0 59 0 1 0 0 
4 0 1 0 0 0 
0 50 0 0 0 171 
1 3 0 0 171 0 
