8 4
0 123 17 72 89 90 77 84 
123 0 116 51 121 48 96 115 
17 116 0 64 101 90 86 66 
72 51 64 0 97 39 71 77 
89 121 101 97 0 73 26 158 
90 48 90 39 73 0 47 116 
77 96 86 71 26 47 0 136 
84 115 66 77 158 116 136 0 
0 1 0 21936 283 23 0 3 
1 0 0 4 12579 5 10 756 
0 0 0 0 0 0 0 0 
21936 4 0 0 0 202 10 582 
283 12579 0 0 0 168 95626 37258 
23 5 0 202 168 0 0 6628 
0 10 0 10 95626 0 0 0 
3 756 0 582 37258 6628 0 0 
0 0 25301 0 0 0 632 0 
0 0 58990 0 0 0 14 0 
25301 58990 0 259 2 53597 1797 1 
0 0 259 0 9683 0 24 0 
0 0 2 9683 0 0 0 0 
0 0 53597 0 0 0 44262 0 
632 14 1797 24 0 44262 0 38205 
0 0 1 0 0 0 38205 0 
0 1 252 0 0 0 77 0 
1 0 65024 0 0 1 0 0 
252 65024 0 28 1702 455 112 0 
0 0 28 0 7015 0 0 0 
0 0 1702 7015 0 0 0 0 
0 1 455 0 0 0 64199 0 
77 0 112 0 0 64199 0 91575 
0 0 0 0 0 0 91575 0 
0 1 2303 0 0 0 2316 0 
1 0 3036 0 0 2 0 0 
2303 3036 0 6 437 5 6 1 
0 0 6 0 2 0 1 0 
0 0 437 2 0 0 0 0 
0 2 5 0 0 0 35936 0 
2316 0 6 1 0 35936 0 9691 
0 0 1 0 0 0 9691 0 
