7 2
0 59 64 103 62 95 95 
59 0 70 49 40 62 36 
64 70 0 118 33 51 89 
103 49 118 0 85 94 38 
62 40 33 85 0 33 56 
95 62 51 94 33 0 57 
95 36 89 38 56 57 0 
0 0 0 0 0 0 0 
0 0 0 106 0 0 0 
0 0 0 0 0 0 0 
0 106 0 0 1 0 0 
0 0 0 1 0 0 0 
0 0 0 0 0 0 0 
0 0 0 0 0 0 0 
0 1 246 3 5 1586 0 
1 0 21 17 0 39 0 
246 21 0 0 341 0 8 
3 17 0 0 0 5 0 
5 0 341 0 0 0 1550 
1586 39 0 5 0 0 58388 
0 0 8 0 1550 58388 0 
