15 2
0 123 17 72 89 90 77 84 122 70 141 118 117 117 58 
123 0 116 51 121 48 96 115 59 63 25 47 40 16 64 
17 116 0 64 101 90 86 66 108 71 133 119 117 113 52 
72 51 64 0 97 39 71 77 62 33 69 64 60 49 13 
89 121 101 97 0 73 26 158 158 64 146 84 88 106 88 
90 48 90 39 73 0 47 116 91 20 73 28 27 34 42 
77 96 86 71 26 47 0 136 132 38 121 63 66 81 63 
84 115 66 77 158 116 136 0 73 105 118 141 136 120 76 
122 59 108 62 158 91 132 73 0 94 51 103 96 73 74 
70 63 71 33 64 20 38 105 94 0 87 48 47 52 29 
141 25 133 69 146 73 121 118 51 87 0 70 64 41 83 
118 47 119 64 84 28 63 141 103 48 70 0 6 30 70 
117 40 117 60 88 27 66 136 96 47 64 6 0 24 67 
117 16 113 49 106 34 81 120 73 52 41 30 24 0 60 
58 64 52 13 88 42 63 76 74 29 83 70 67 60 0 
0 0 2 0 9 52 0 2 127 0 2650 2318 0 0 123 
0 0 0 0 44964 0 0 2308 4 0 7195 1107 44924 132 3102 
2 0 0 14 16353 41 0 188 77 88 0 0 0 0 9 
0 0 14 0 55 7575 0 0 102 7 5 0 2026 64573 41 
9 44964 16353 55 0 33 29 6 71 0 0 0 152 155 2527 
52 0 41 7575 33 0 16645 2143 0 0 0 17910 0 0 0 
0 0 0 0 29 16645 0 0 0 10586 24207 0 0 0 0 
2 2308 188 0 6 2143 0 0 0 13049 0 392 0 0 0 
127 4 77 102 71 0 0 0 0 0 240 0 3 16 53 
0 0 88 7 0 0 10586 13049 0 0 0 1765 822 0 4397 
2650 7195 0 5 0 0 24207 0 240 0 0 0 0 0 0 
2318 1107 0 0 0 17910 0 392 0 1765 0 0 0 0 2 
0 44924 0 2026 152 0 0 0 3 822 0 0 0 0 2 
0 132 0 64573 155 0 0 0 16 0 0 0 0 0 92 
123 3102 9 41 2527 0 0 0 53 4397 0 2 2 92 0 
0 830 0 293 0 227 1124 0 0 1196 0 13 0 12956 0 
830 0 5817 9 0 27 0 0 0 4 255 0 0 81 0 
0 5817 0 55963 410 99438 74233 66866 85 533 94 66625 8 52666 0 
293 9 55963 0 0 0 0 0 0 0 0 28 0 0 0 
0 0 410 0 0 0 93 42 0 0 0 0 0 2 0 
227 27 99438 0 0 0 0 0 0 17672 0 0 0 402 4217 
1124 0 74233 0 93 0 0 1258 0 0 0 0 0 26204 93 
0 0 66866 0 42 0 1258 0 13 0 434 0 235 125 12876 
0 0 85 0 0 0 0 13 0 68 0 0 0 0 0 
1196 4 533 0 0 17672 0 0 68 0 66 0 0 0 0 
0 255 94 0 0 0 0 434 0 66 0 945 719 3242 89 
13 0 66625 28 0 0 0 0 0 0 945 0 95 3 0 
0 0 8 0 0 0 0 235 0 0 719 95 0 3 0 
12956 81 52666 0 2 402 26204 125 0 0 3242 3 3 0 0 
0 0 0 0 0 4217 93 12876 0 0 89 0 0 0 0 
