10 4
0 46 118 40 96 98 46 64 2 33 
46 0 88 10 53 127 3 66 48 60 
118 88 0 85 53 137 85 71 120 144 
40 10 85 0 56 117 8 56 42 59 
96 53 53 56 0 154 51 82 98 112 
98 127 137 117 154 0 125 72 99 127 
46 3 85 8 51 125 0 63 48 61 
64 66 71 56 82 72 63 0 66 97 
2 48 120 42 98 99 48 66 0 32 
33 60 144 59 112 127 61 97 32 0 
0 4490 0 0 0 12 4810 0 289 0 
4490 0 0 18928 6874 15 0 0 36062 8 
0 0 0 0 79708 86911 0 0 0 0 
0 18928 0 0 0 0 0 0 0 10 
0 6874 79708 0 0 6 7127 0 0 168 
12 15 86911 0 6 0 42507 0 0 0 
4810 0 0 0 7127 42507 0 0 0 106 
0 0 0 0 0 0 0 0 0 0 
289 36062 0 0 0 0 0 0 0 485 
0 8 0 10 168 0 106 0 485 0 
0 0 0 0 1963 58 0 0 0 443 
0 0 0 224 137 301 83 19933 0 0 
0 0 0 1 0 0 235 0 434 3018 
0 224 1 0 401 0 19 1 28536 0 
1963 137 0 401 0 0 10643 0 0 15569 
58 301 0 0 0 0 57 9 23 0 
0 83 235 19 10643 57 0 0 9 4917 
0 19933 0 1 0 9 0 0 650 0 
0 0 434 28536 0 23 9 650 0 0 
443 0 3018 0 15569 0 4917 0 0 0 
0 8552 6 0 32 0 0 0 0 0 
8552 0 2146 3 0 0 0 0 0 0 
6 2146 0 6734 2 0 4 2 0 10 
0 3 6734 0 0 5 119 6219 0 131 
32 0 2 0 0 0 0 0 2598 195 
0 0 0 5 0 0 124 609 44 628 
0 0 4 119 0 124 0 2546 0 49 
0 0 2 6219 0 609 2546 0 1216 0 
0 0 0 0 2598 44 0 1216 0 947 
0 0 10 131 195 628 49 0 947 0 
0 0 1 4333 39602 4538 190 1 0 239 
0 0 325 70 0 44928 3043 492 2527 6355 
1 325 0 0 0 0 0 0 24 0 
4333 70 0 0 1534 6 0 0 0 6 
39602 0 0 1534 0 0 0 32 77742 4 
4538 44928 0 6 0 0 43 18573 10 0 
190 3043 0 0 0 43 0 0 718 56405 
1 492 0 0 32 18573 0 0 14 0 
0 2527 24 0 77742 10 718 14 0 29 
239 6355 0 6 4 0 56405 0 29 0 
