9 3
0 46 118 40 96 98 46 64 2 
46 0 88 10 53 127 3 66 48 
118 88 0 85 53 137 85 71 120 
40 10 85 0 56 117 8 56 42 
96 53 53 56 0 154 51 82 98 
98 127 137 117 154 0 125 72 99 
46 3 85 8 51 125 0 63 48 
64 66 71 56 82 72 63 0 66 
2 48 120 42 98 99 48 66 0 
0 10507 1 0 116 132 15 36062 0 
10507 0 27991 1 58 21 4 0 0 
1 27991 0 1963 0 0 0 94 6355 
0 1 1963 0 24670 19 6414 7027 0 
116 58 0 24670 0 0 0 0 0 
132 21 0 19 0 0 1 10 3 
15 4 0 6414 0 1 0 10 0 
36062 0 94 7027 0 10 10 0 0 
0 0 6355 0 0 3 0 0 0 
0 1316 0 0 12 0 72 0 4891 
1316 0 0 0 0 39 0 16 1 
0 0 0 0 0 13 61 0 628 
0 0 0 0 86911 4 1313 0 15148 
12 0 0 86911 0 0 0 76657 2213 
0 39 13 4 0 0 1 44 1 
72 0 61 1313 0 1 0 0 0 
0 16 0 0 76657 44 0 0 2597 
4891 1 628 15148 2213 1 0 2597 0 
0 0 0 2033 0 194 0 384 245 
0 0 23068 0 0 0 0 46 11565 
0 23068 0 331 45173 5013 1 0 0 
2033 0 331 0 14534 0 32443 4367 22174 
0 0 45173 14534 0 672 0 2833 0 
194 0 5013 0 672 0 0 0 0 
0 0 1 32443 0 0 0 28 125 
384 46 0 4367 2833 0 28 0 13 
245 11565 0 22174 0 0 125 13 0 
