40 3
0 59 64 103 62 95 95 48 90 88 90 112 64 139 74 53 26 148 87 89 78 107 103 6 100 177 116 85 94 32 58 33 140 154 91 89 149 95 129 136 
59 0 70 49 40 62 36 46 31 30 43 69 27 80 26 37 59 91 39 30 28 48 85 53 62 119 57 26 35 49 19 41 84 96 32 30 99 39 70 86 
64 70 0 118 33 51 89 98 88 95 64 73 48 126 97 33 87 124 64 86 63 108 150 62 58 154 114 86 89 33 53 83 147 156 86 84 168 106 127 100 
103 49 118 0 85 94 38 68 34 23 68 88 69 56 28 85 93 77 65 36 58 23 68 97 90 97 30 33 37 98 65 74 38 53 38 38 50 11 35 90 
62 40 33 85 0 33 56 78 55 62 34 51 15 94 66 8 77 96 33 53 30 75 125 57 38 126 81 53 55 32 21 66 113 123 53 51 135 74 94 77 
95 62 51 94 33 0 57 107 59 71 25 22 37 82 84 42 110 75 28 57 37 76 147 91 7 104 78 61 57 65 46 97 112 117 56 55 139 82 90 49 
95 36 89 38 56 57 0 77 6 17 31 50 41 44 39 58 95 55 29 6 25 20 100 89 52 83 25 11 1 78 40 76 58 67 4 6 82 27 38 57 
48 46 98 68 78 107 77 0 71 63 90 115 69 117 41 71 27 133 86 71 75 81 55 45 108 159 90 66 76 65 60 15 106 121 74 72 107 64 101 132 
90 31 88 34 55 59 6 71 0 12 34 55 39 49 33 57 89 61 31 2 25 20 94 84 56 89 27 5 5 75 38 70 58 68 4 4 81 23 41 63 
88 30 95 23 62 71 17 63 12 0 46 67 46 53 23 63 84 69 43 14 35 19 82 82 68 95 28 10 16 78 43 65 53 65 16 16 72 11 40 74 
90 43 64 68 34 25 31 90 34 46 0 25 25 61 61 41 99 61 3 32 15 51 124 84 22 92 53 36 32 65 32 83 87 94 30 30 114 57 66 45 
112 69 73 88 51 22 50 115 55 67 25 0 49 63 86 60 123 54 29 53 40 67 148 107 15 82 66 58 51 84 57 108 98 101 51 51 128 77 76 27 
64 27 48 69 15 37 41 69 39 46 25 49 0 81 52 17 74 86 23 37 16 60 112 58 38 116 66 37 40 40 8 60 98 108 37 36 119 58 79 71 
139 80 126 56 94 82 44 117 49 53 61 63 81 0 75 99 137 23 62 50 65 36 125 133 74 41 27 54 45 121 83 118 42 40 48 50 74 54 23 49 
74 26 97 28 66 84 39 41 33 23 61 86 52 75 0 64 65 92 58 34 47 39 62 69 83 117 49 28 38 73 45 46 66 80 37 35 76 23 59 96 
53 37 33 85 8 42 58 71 57 63 41 60 17 99 64 0 69 102 39 55 34 77 120 48 46 132 83 54 58 24 20 58 115 125 55 53 135 74 97 85 
26 59 87 93 77 110 95 27 89 84 99 123 74 137 65 69 0 150 95 88 85 103 79 26 113 178 112 83 93 54 66 19 131 145 91 89 135 88 124 144 
148 91 124 77 96 75 55 133 61 69 61 54 86 23 92 102 150 0 63 62 70 55 146 142 68 30 47 67 57 126 90 132 65 61 59 61 97 73 46 31 
87 39 64 65 33 28 29 86 31 43 3 29 23 62 58 39 95 63 0 29 11 49 121 81 25 93 52 33 29 63 29 79 86 93 27 27 112 54 65 48 
89 30 86 36 53 57 6 71 2 14 32 53 37 50 34 55 88 62 29 0 23 22 95 83 54 89 29 5 5 73 36 70 60 70 2 2 83 25 42 62 
78 28 63 58 30 37 25 75 25 35 15 40 16 65 47 34 85 70 11 23 0 45 110 72 35 100 50 25 25 56 20 68 83 92 22 21 106 47 64 59 
107 48 108 23 75 76 20 81 20 19 51 67 60 36 39 77 103 55 49 22 45 0 91 101 71 77 9 23 20 95 58 84 38 48 22 24 62 18 21 67 
103 85 150 68 125 147 100 55 94 82 124 148 112 125 62 120 79 146 121 95 110 91 0 100 146 164 99 90 98 119 104 71 95 110 98 97 80 74 102 156 
6 53 62 97 57 91 89 45 84 82 84 107 58 133 69 48 26 142 81 83 72 101 100 0 95 171 110 79 88 29 52 29 135 148 85 83 144 89 123 130 
100 62 58 90 38 7 52 108 56 68 22 15 38 74 83 46 113 68 25 54 35 71 146 95 0 97 72 58 53 70 47 99 106 111 52 52 134 79 84 42 
177 119 154 97 126 104 83 159 89 95 92 82 116 41 117 132 178 30 93 89 100 77 164 171 97 0 68 94 84 156 120 159 73 63 87 89 103 95 62 57 
116 57 114 30 81 78 25 90 27 28 53 66 66 27 49 83 112 47 52 29 50 9 99 110 72 68 0 31 25 102 65 93 34 42 28 30 62 26 13 62 
85 26 86 33 53 61 11 66 5 10 36 58 37 54 28 54 83 67 33 5 25 23 90 79 58 94 31 0 10 72 35 65 61 72 8 7 82 21 44 68 
94 35 89 37 55 57 1 76 5 16 32 51 40 45 38 58 93 57 29 5 25 20 98 88 53 84 25 10 0 78 40 75 58 67 3 5 82 26 39 58 
32 49 33 98 32 65 78 65 75 78 65 84 40 121 73 24 54 126 63 73 56 95 119 29 70 156 102 72 78 0 37 50 132 144 75 73 148 88 116 109 
58 19 53 65 21 46 40 60 38 43 32 57 8 83 45 20 66 90 29 36 20 58 104 52 47 120 65 35 40 37 0 51 96 106 37 35 115 54 79 78 
33 41 83 74 66 97 76 15 70 65 83 108 60 118 46 58 19 132 79 70 68 84 71 29 99 159 93 65 75 50 51 0 112 127 72 70 118 69 105 127 
140 84 147 38 113 112 58 106 58 53 87 98 98 42 66 115 131 65 86 60 83 38 95 135 106 73 34 61 58 132 96 112 0 15 60 62 32 45 22 90 
154 96 156 53 123 117 67 121 68 65 94 101 108 40 80 125 145 61 93 70 92 48 110 148 111 63 42 72 67 144 106 127 15 0 70 71 40 58 28 89 
91 32 86 38 53 56 4 74 4 16 30 51 37 48 37 55 91 59 27 2 22 22 98 85 52 87 28 8 3 75 37 72 60 70 0 2 84 27 42 59 
89 30 84 38 51 55 6 72 4 16 30 51 36 50 35 53 89 61 27 2 21 24 97 83 52 89 30 7 5 73 35 70 62 71 2 0 85 27 43 60 
149 99 168 50 135 139 82 107 81 72 114 128 119 74 76 135 135 97 112 83 106 62 80 144 134 103 62 82 82 148 115 118 32 40 84 85 0 61 54 122 
95 39 106 11 74 82 27 64 23 11 57 77 58 54 23 74 88 73 54 25 47 18 74 89 79 95 26 21 26 88 54 69 45 58 27 27 61 0 36 82 
129 70 127 35 94 90 38 101 41 40 66 76 79 23 59 97 124 46 65 42 64 21 102 123 84 62 13 44 39 116 79 105 22 28 42 43 54 36 0 68 
136 86 100 90 77 49 57 132 63 74 45 27 71 49 96 85 144 31 48 62 59 67 156 130 42 57 62 68 58 109 78 127 90 89 59 60 122 82 68 0 
0 92839 7 0 309 0 9203 0 84417 86 0 0 2 0 186 269 0 0 6 0 2586 1 791 2890 17076 11024 18256 94854 0 816 89 0 1538 0 2350 0 684 52856 0 0 
92839 0 0 0 1170 40 4 4373 1 0 0 22 0 0 0 0 295 0 47 0 0 15 0 26 0 4617 10 0 6385 0 23 0 0 368 0 0 0 0 0 0 
7 0 0 0 9280 0 198 0 1512 47 1380 3724 0 3221 14799 4 7 0 0 1 0 57037 0 0 2237 32 403 9256 0 0 142 235 4378 0 5286 7 58568 346 2890 12 
0 0 0 0 2 0 0 4015 7 0 0 0 0 0 3667 0 20 0 0 0 0 3541 0 0 0 1975 0 0 0 0 0 356 1 15 12 15 2 2144 0 0 
309 1170 9280 2 0 79 1315 0 0 0 87 34049 23 278 121 6678 778 0 51 0 799 0 95638 32399 0 0 29 3430 0 0 4533 17 0 0 0 1817 0 463 0 13405 
0 40 0 0 79 0 45018 86 0 0 57901 0 2 29 1 0 0 12 0 11957 0 43 85 1192 44731 1 1156 0 0 0 59491 1 491 0 0 0 0 0 0 6232 
9203 4 198 0 1315 45018 0 17 0 0 0 183 0 1006 60169 0 0 1416 15 0 0 0 0 60 0 3944 35524 2430 0 0 0 0 53600 178 82 0 628 0 3 4 
0 4373 0 4015 0 86 17 0 0 1188 0 0 0 72 0 0 0 113 1 0 0 1290 68 0 0 1 0 0 1 0 11 0 3050 4645 9 0 368 187 106 8 
84417 1 1512 7 0 0 0 0 0 21744 1 433 0 0 0 5085 239 0 470 186 0 0 0 0 0 0 6249 64 0 0 0 27368 12 0 24773 0 0 1 11 0 
86 0 47 0 0 0 0 1188 21744 0 0 7799 3057 0 95 82024 0 0 2633 0 41 48 0 0 190 0 0 0 40267 0 0 3 0 0 0 646 0 0 0 8096 
0 0 1380 0 87 57901 0 0 1 0 0 0 12 9222 1873 0 2632 0 1059 0 720 0 0 3 32 85281 37049 3221 0 0 0 0 33 0 0 0 0 0 32364 4 
0 22 3724 0 34049 0 183 0 433 7799 0 0 0 2266 86 103 0 0 0 2 241 0 17 0 28029 0 0 80 0 8292 0 16 110 0 4 0 3 1764 0 0 
2 0 0 0 23 2 0 0 0 3057 12 0 0 54 4 0 0 0 2358 0 0 0 0 0 224 94416 52 0 0 11345 5 0 2 52 6977 4712 0 0 0 0 
0 0 3221 0 278 29 1006 72 0 0 9222 2266 54 0 0 5169 0 161 0 2955 112 0 0 82 1 0 20 2 74 0 555 17820 6218 0 0 4220 0 0 173 0 
186 0 14799 3667 121 1 60169 0 0 95 1873 86 4 0 0 33 0 0 0 944 176 3 9 7 0 22 0 0 0 0 325 0 0 1138 10 0 0 0 1193 0 
269 0 4 0 6678 0 0 0 5085 82024 0 103 0 5169 33 0 0 9866 0 0 0 37 0 9351 0 224 0 0 18474 2317 756 0 0 19568 134 1 0 15138 0 0 
0 295 7 20 778 0 0 0 239 0 2632 0 0 0 0 0 0 0 123 0 0 8 14 9250 7163 9 0 0 0 0 3 1 0 8 0 0 89655 0 246 99 
0 0 0 0 0 12 1416 113 0 0 0 0 0 161 0 9866 0 0 1371 101 7234 0 29 0 3 0 0 0 0 5 0 0 0 0 1 5610 12155 0 3763 0 
6 47 0 0 51 0 15 1 470 2633 1059 0 2358 0 0 0 123 1371 0 817 0 0 1 0 63749 0 0 764 0 26124 0 2 0 87 0 0 0 7995 0 79910 
0 0 1 0 0 11957 0 0 186 0 0 2 0 2955 944 0 0 101 817 0 0 805 0 2 643 39 0 185 0 19 45755 12 0 10013 0 24488 0 3446 13 0 
2586 0 0 0 799 0 0 0 0 41 720 241 0 112 176 0 0 7234 0 0 0 0 0 0 2107 1633 0 0 0 17927 140 24615 26921 24 39 0 195 2 0 1 
1 15 57037 3541 0 43 0 1290 0 48 0 0 0 0 3 37 8 0 0 805 0 0 0 492 0 0 333 818 0 0 33292 8679 0 1012 0 39 0 0 8 9 
791 0 0 0 95638 85 0 68 0 0 0 17 0 0 9 0 14 29 1 0 0 0 0 90989 140 0 0 0 4396 233 0 0 78605 0 77089 5 37139 0 0 0 
2890 26 0 0 32399 1192 60 0 0 0 3 0 0 82 7 9351 9250 0 0 2 0 492 90989 0 35164 0 0 0 0 0 0 0 2324 5932 129 0 0 52959 0 0 
17076 0 2237 0 0 44731 0 0 0 190 32 28029 224 1 0 0 7163 3 63749 643 2107 0 140 35164 0 1661 0 568 20467 0 18 0 4 3227 2300 61 203 0 938 0 
11024 4617 32 1975 0 1 3944 1 0 0 85281 0 94416 0 22 224 9 0 0 39 1633 0 0 0 1661 0 1330 29 0 0 0 0 181 2 44 0 0 4 12649 0 
18256 10 403 0 29 1156 35524 0 6249 0 37049 0 52 20 0 0 0 0 0 0 0 333 0 0 0 1330 0 83 28 0 0 0 0 56062 66778 22 8 0 929 2914 
94854 0 9256 0 3430 0 2430 0 64 0 3221 80 0 2 0 0 0 0 764 185 0 818 0 0 568 29 83 0 0 0 0 0 9761 276 2 183 0 0 3623 0 
0 6385 0 0 0 0 0 1 0 40267 0 0 0 74 0 18474 0 0 0 0 0 0 4396 0 20467 0 28 0 0 0 0 10 0 10666 0 15 21943 4682 0 0 
816 0 0 0 0 0 0 0 0 0 0 8292 11345 0 0 2317 0 5 26124 19 17927 0 233 0 0 0 0 0 0 0 699 17 0 0 0 24 6 0 30472 1 
89 23 142 0 4533 59491 0 11 0 0 0 0 5 555 325 756 3 0 0 45755 140 33292 0 0 18 0 0 0 0 699 0 1 3480 161 39 0 11822 16392 0 5858 
0 0 235 356 17 1 0 0 27368 3 0 16 0 17820 0 0 1 0 2 12 24615 8679 0 0 0 0 0 0 10 17 1 0 21236 0 29695 2621 0 4960 26 0 
1538 0 4378 1 0 491 53600 3050 12 0 33 110 2 6218 0 0 0 0 0 0 26921 0 78605 2324 4 181 0 9761 0 0 3480 21236 0 3370 0 0 0 0 54603 13861 
0 368 0 15 0 0 178 4645 0 0 0 0 52 0 1138 19568 8 0 87 10013 24 1012 0 5932 3227 2 56062 276 10666 0 161 0 3370 0 10548 41574 3372 0 4737 0 
2350 0 5286 12 0 0 82 9 24773 0 0 4 6977 0 10 134 0 1 0 0 39 0 77089 129 2300 44 66778 2 0 0 39 29695 0 10548 0 1560 0 2660 42358 0 
0 0 7 15 1817 0 0 0 0 646 0 0 4712 4220 0 1 0 5610 0 24488 0 39 5 0 61 0 22 183 15 24 0 2621 0 41574 1560 0 0 10716 1055 559 
684 0 58568 2 0 0 628 368 0 0 0 3 0 0 0 0 89655 12155 0 0 195 0 37139 0 203 0 8 0 21943 6 11822 0 0 3372 0 0 0 0 0 0 
52856 0 346 2144 463 0 0 187 1 0 0 1764 0 0 0 15138 0 0 7995 3446 2 0 0 52959 0 4 0 0 4682 0 16392 4960 0 0 2660 10716 0 0 8708 135 
0 0 2890 0 0 0 3 106 11 0 32364 0 0 173 1193 0 246 3763 0 13 0 8 0 0 938 12649 929 3623 0 30472 0 26 54603 4737 42358 1055 0 8708 0 38610 
0 0 12 0 13405 6232 4 8 0 8096 4 0 0 0 0 0 99 0 79910 0 1 9 0 0 0 0 2914 0 0 1 5858 0 13861 0 0 559 0 135 38610 0 
0 0 0 53749 0 0 0 21 0 0 1045 179 139 404 0 0 0 1 3 83508 0 0 0 0 0 0 0 0 17828 0 0 4 0 50615 0 184 0 0 80 29 
0 0 3 32480 0 0 0 0 0 10 41 0 927 475 36 44468 0 12788 0 134 32 0 47268 0 350 0 0 43981 0 24 0 3595 132 0 0 1519 82184 6 6789 32 
0 3 0 2 0 69 0 153 0 0 0 0 13346 0 0 0 2 14608 205 4 47 0 41911 53929 0 0 0 0 358 74059 0 0 0 2214 0 0 0 0 0 0 
53749 32480 2 0 0 6 10 0 0 54 1 3464 13 16 0 2387 0 46 43 5990 323 0 1 33871 0 0 42310 0 7 80921 15553 0 839 182 0 0 0 0 15 1257 
0 0 0 0 0 0 0 0 10738 1 0 0 11 0 0 0 0 17 0 2432 0 382 0 0 2658 10 0 0 43 1 0 0 29440 5255 9936 0 1462 0 5 0 
0 0 69 6 0 0 0 0 6945 389 0 1114 3 0 4 26800 825 0 88 0 1 0 0 0 0 1 0 317 1 24 0 1 0 6 7 4367 57094 16 0 0 
0 0 0 10 0 0 0 0 12313 21112 70 0 17 0 0 149 773 0 0 10932 23 4997 2141 0 4 0 0 0 280 60 4124 16 0 0 0 0 0 78352 0 0 
21 0 153 0 0 0 0 0 18653 0 576 11540 844 0 9 33 23644 0 5 51006 139 0 0 0 1 0 49143 38704 4 18771 0 0 0 0 1 261 0 0 0 0 
0 0 0 0 10738 6945 12313 18653 0 0 0 0 326 799 10 0 0 576 0 0 103 11542 13 4 59 58 0 0 337 60 9776 0 0 30079 0 34151 370 0 0 7916 
0 10 0 54 1 389 21112 0 0 0 0 0 0 0 0 0 894 32372 0 9202 0 0 19 36 0 4361 1 1 0 24885 21954 0 99890 6819 69437 0 10467 143 348 0 
1045 41 0 1 0 0 70 576 0 0 0 53436 0 0 0 12 0 8 0 3949 0 11906 1770 0 0 0 0 0 192 9197 15 175 0 51876 34 2 0 1 0 0 
179 0 0 3464 0 1114 0 11540 0 0 53436 0 17 0 0 0 100 117 54 0 0 78 0 0 0 208 217 0 0 0 5 0 0 72819 0 3470 0 0 915 7381 
139 927 13346 13 11 3 17 844 326 0 0 17 0 0 0 1815 0 1728 0 892 28 161 540 60 0 0 0 0 49 0 105 46 0 0 0 0 779 589 45789 14 
404 475 0 16 0 0 0 0 799 0 0 0 0 0 9 0 2416 0 2972 0 0 4237 4324 0 0 88 0 10 0 9 0 0 0 586 41 0 24153 53 0 306 
0 36 0 0 0 4 0 9 10 0 0 0 0 9 0 0 0 662 63 0 0 0 3 5 28 0 1842 394 257 37241 0 424 127 0 0 6625 836 67 0 459 
0 44468 0 2387 0 26800 149 33 0 0 12 0 1815 0 0 0 2237 0 19602 4781 6687 0 0 0 514 0 3518 289 0 0 0 30 24797 0 0 9 2115 0 33 0 
0 0 2 0 0 825 773 23644 0 894 0 100 0 2416 0 2237 0 52 0 1981 1739 0 0 0 0 0 0 9 0 5 22 44 0 0 8 18383 0 7355 0 0 
1 12788 14608 46 17 0 0 0 576 32372 8 117 1728 0 662 0 52 0 0 0 0 1 0 595 0 411 30 82 154 0 11431 15 1627 0 0 0 0 97 0 4199 
3 0 205 43 0 88 0 5 0 0 0 54 0 2972 63 19602 0 0 0 0 1 0 0 30181 0 3521 0 0 6 0 0 0 53084 0 1239 83 1156 0 500 0 
83508 134 4 5990 2432 0 10932 51006 0 9202 3949 0 892 0 0 4781 1981 0 0 0 158 0 2177 0 0 1 44 0 4 0 0 0 0 0 316 0 6799 0 0 5 
0 32 47 323 0 1 23 139 103 0 0 0 28 0 0 6687 1739 0 1 158 0 86 22104 87 0 0 642 665 0 0 0 0 0 0 0 8 0 0 0 0 
0 0 0 0 382 0 4997 0 11542 0 11906 78 161 4237 0 0 0 1 0 0 86 0 11109 0 1468 18 0 0 143 35081 0 0 13055 0 53874 0 19 7605 0 0 
0 47268 41911 1 0 0 2141 0 13 19 1770 0 540 4324 3 0 0 0 0 2177 22104 11109 0 0 0 51239 2419 1 0 0 0 23 0 1874 0 0 0 34774 229 553 
0 0 53929 33871 0 0 0 0 4 36 0 0 60 0 5 0 0 595 30181 0 87 0 0 0 0 1903 3046 1143 10298 976 77923 59 0 0 0 17 5 0 0 252 
0 350 0 0 2658 0 4 1 59 0 0 0 0 0 28 514 0 0 0 0 0 1468 0 0 0 0 0 0 0 78 0 15900 4 0 0 0 0 946 0 12 
0 0 0 0 10 1 0 0 58 4361 0 208 0 88 0 0 0 411 3521 1 0 18 51239 1903 0 0 0 0 830 45 77 443 0 2 0 14615 38136 0 0 8 
0 0 0 42310 0 0 0 49143 0 1 0 217 0 0 1842 3518 0 30 0 44 642 0 2419 3046 0 0 0 0 0 1 224 17 23410 0 0 0 0 2 0 0 
0 43981 0 0 0 317 0 38704 0 1 0 0 0 10 394 289 9 82 0 0 665 0 1 1143 0 0 0 0 622 1 14 647 0 0 0 0 4192 1155 0 70 
17828 0 358 7 43 1 280 4 337 0 192 0 49 0 257 0 0 154 6 4 0 143 0 10298 0 830 0 622 0 49 13905 0 62 0 0 4 0 0 592 25748 
0 24 74059 80921 1 24 60 18771 60 24885 9197 0 0 9 37241 0 5 0 0 0 0 35081 0 976 78 45 1 1 49 0 0 0 22417 2991 117 0 0 0 0 0 
0 0 0 15553 0 0 4124 0 9776 21954 15 5 105 0 0 0 22 11431 0 0 0 0 0 77923 0 77 224 14 13905 0 0 0 0 0 0 32791 0 0 13 0 
4 3595 0 0 0 1 16 0 0 0 175 0 46 0 424 30 44 15 0 0 0 0 23 59 15900 443 17 647 0 0 0 0 0 34 0 0 1791 0 0 1095 
0 132 0 839 29440 0 0 0 0 99890 0 0 0 0 127 24797 0 1627 53084 0 0 13055 0 0 4 0 23410 0 62 22417 0 0 0 0 31956 38 18 0 0 0 
50615 0 2214 182 5255 6 0 0 30079 6819 51876 72819 0 586 0 0 0 0 0 0 0 0 1874 0 0 2 0 0 0 2991 0 34 0 0 0 0 0 39425 0 2 
0 0 0 0 9936 7 0 1 0 69437 34 0 0 41 0 0 8 0 1239 316 0 53874 0 0 0 0 0 0 0 117 0 0 31956 0 0 0 18789 0 0 0 
184 1519 0 0 0 4367 0 261 34151 0 2 3470 0 0 6625 9 18383 0 83 0 8 0 0 17 0 14615 0 0 4 0 32791 0 38 0 0 0 4605 0 0 0 
0 82184 0 0 1462 57094 0 0 370 10467 0 0 779 24153 836 2115 0 0 1156 6799 0 19 0 5 0 38136 0 4192 0 0 0 1791 18 0 18789 4605 0 2 788 1160 
0 6 0 0 0 16 78352 0 0 143 1 0 589 53 67 0 7355 97 0 0 0 7605 34774 0 946 0 2 1155 0 0 0 0 0 39425 0 0 2 0 0 0 
80 6789 0 15 5 0 0 0 0 348 0 915 45789 0 0 33 0 0 500 0 0 0 229 0 0 0 0 0 592 0 13 0 0 0 0 0 788 0 0 0 
29 32 0 1257 0 0 0 0 7916 0 0 7381 14 306 459 0 0 4199 0 5 0 0 553 252 12 8 0 70 25748 0 0 1095 0 2 0 0 1160 0 0 0 
0 0 0 22166 0 9 0 106 0 0 3045 571 1 21 0 0 1 177 0 15511 0 0 0 0 0 0 0 0 8543 0 0 1574 0 11517 0 7304 0 0 82 1644 
0 0 851 631 0 0 2 0 1 3 996 0 53547 13996 4518 64270 0 67747 0 1506 15 0 81376 0 187 0 0 3756 0 34 0 9217 553 0 5 83420 899 32 7232 19839 
0 851 0 1 0 3 0 0 0 0 0 0 56887 0 0 0 0 1266 5227 1 3303 0 6242 1008 0 2 0 0 5 17212 0 0 0 96825 0 0 0 0 0 0 
22166 631 1 0 26 5 90 0 0 72 3 47 7 27 0 21435 0 181 1951 31255 23290 0 39 67574 64 0 1611 204 5 2119 55443 0 4 2 0 1 0 0 12 20059 
0 0 0 26 0 0 0 3 23967 9 0 0 0 0 0 0 0 57 0 355 0 555 0 0 2830 2 0 0 1228 0 0 0 97 18333 50698 0 1247 0 0 0 
9 0 3 5 0 0 0 0 14675 31 0 454 0 0 0 601 56 0 97 0 2 0 0 0 0 0 0 5786 1 1195 0 10 0 280 13 483 25497 10 22 0 
0 2 0 90 0 0 0 0 6186 1785 16700 0 140 0 0 8532 3841 0 0 32999 143 17937 99 0 2 0 0 0 7 1410 88 4 0 0 0 0 0 39440 2 5 
106 0 0 0 3 0 0 0 22142 0 83 10556 883 0 397 70 330 0 0 72635 1854 0 21 0 7 2 19603 92626 4 30472 3 104 0 0 0 1022 0 0 2 0 
0 1 0 0 23967 14675 6186 22142 0 0 3 0 192 91 627 0 0 1414 0 0 1173 28712 10 1 447 40 0 0 1931 60 23615 0 0 49737 0 11221 479 0 0 12715 
0 3 0 72 9 31 1785 0 0 0 185 0 0 20 0 0 32553 511 0 38 0 0 0 0 0 1086 2 0 0 17618 20180 0 24797 4089 9631 0 244 805 57 0 
3045 996 0 3 0 0 16700 83 3 185 0 17916 0 0 0 1 0 0 0 23833 0 407 50 0 0 0 0 0 4 1938 18 54 0 2126 72 3631 77 7 0 1 
571 0 0 47 0 454 0 10556 0 0 17916 0 3025 0 0 0 1313 14 18893 0 0 34 0 75 0 116 0 0 0 0 15 0 0 49375 1 215 0 0 23 160 
1 53547 56887 7 0 0 140 883 192 0 0 3025 0 0 0 31 190 0 0 17 0 0 12437 60 0 0 0 4 5688 0 0 2 1 0 0 0 145 2300 24 198 
21 13996 0 27 0 0 0 0 91 20 0 0 0 0 9 0 247 0 27 0 0 215 86504 0 0 429 0 8 0 112 0 0 0 10 41 0 33487 571 0 395 
0 4518 0 0 0 0 0 397 627 0 0 0 0 9 0 0 1 6382 20 0 0 0 0 0 20 0 192 352 258 468 0 0 93870 0 2 36863 15583 0 0 1333 
0 64270 0 21435 0 601 8532 70 0 0 1 0 31 0 0 0 355 0 884 101 98624 0 1 0 2835 0 5840 0 0 0 0 103 47989 0 0 1 3479 0 800 0 
1 0 0 0 0 56 3841 330 0 32553 0 1313 190 247 1 355 0 0 0 1175 2087 0 0 0 0 0 2 22 5 1046 0 101 0 0 85 13 0 12606 0 0 
177 67747 1266 181 57 0 0 0 1414 511 0 14 0 0 6382 0 0 0 0 0 0 2 0 3921 0 4 0 712 6606 0 1402 7 239 0 0 0 0 48 0 1187 
0 0 5227 1951 0 97 0 0 0 0 0 18893 0 27 20 884 0 0 0 0 15 0 0 16577 0 4996 1861 0 1712 0 7 1 51540 0 211 440 3819 0 14097 0 
15511 1506 1 31255 355 0 32999 72635 0 38 23833 0 17 0 0 101 1175 0 0 0 1 0 307 1 0 0 812 0 19 0 0 1 10 0 46 0 34283 0 0 37 
0 15 3303 23290 0 2 143 1854 1173 0 0 0 0 0 0 98624 2087 0 15 1 0 1346 237 8 0 0 9682 1226 9 0 0 0 0 0 0 2 0 0 0 2 
0 0 0 0 555 0 17937 0 28712 0 407 34 0 215 0 0 0 2 0 0 1346 0 764 0 4714 70 0 0 570 20982 0 0 29 0 16396 0 0 275 0 0 
0 81376 6242 39 0 0 99 21 10 0 50 0 12437 86504 0 1 0 0 0 307 237 764 0 0 1 295 16900 0 0 0 4 124 0 1416 0 0 0 129 100 43 
0 0 1008 67574 0 0 0 0 1 0 0 75 60 0 0 0 0 3921 16577 1 8 0 0 0 0 29 69091 1385 13 181 71 322 0 0 0 13584 6 0 1 42 
0 187 0 64 2830 0 2 7 447 0 0 0 0 0 20 2835 0 0 0 0 0 4714 1 0 0 0 29 0 0 21 0 3825 0 0 0 0 0 13074 0 5 
0 0 2 0 2 0 0 2 40 1086 0 116 0 429 0 0 0 4 4996 0 0 70 295 29 0 0 0 0 8 34 68659 23137 0 0 0 23 36364 0 0 27 
0 0 0 1611 0 0 0 19603 0 2 0 0 0 0 192 5840 2 0 1861 812 9682 0 16900 69091 29 0 0 0 0 4 38 8 4789 0 0 0 0 24 0 0 
0 3756 0 204 0 5786 0 92626 0 0 0 0 4 8 352 0 22 712 0 0 1226 0 0 1385 0 0 0 0 2 156 0 194 0 0 9 0 63132 102 0 3915 
8543 0 5 5 1228 1 7 4 1931 0 4 0 5688 0 258 0 5 6606 1712 19 9 570 0 13 0 8 0 2 0 1611 3192 0 443 0 2 0 0 0 1061 22433 
0 34 17212 2119 0 1195 1410 30472 60 17618 1938 0 0 112 468 0 1046 0 0 0 0 20982 0 181 21 34 4 156 1611 0 0 0 26208 1033 339 0 0 3 0 1 
0 0 0 55443 0 0 88 3 23615 20180 18 15 0 0 0 0 0 1402 7 0 0 0 4 71 0 68659 38 0 3192 0 0 2 0 0 70 87917 0 0 74 0 
1574 9217 0 0 0 10 4 104 0 0 54 0 2 0 0 103 101 7 1 1 0 0 124 322 3825 23137 8 194 0 0 2 0 0 447 0 0 9 0 0 104 
0 553 0 4 97 0 0 0 0 24797 0 0 1 0 93870 47989 0 239 51540 10 0 29 0 0 0 0 4789 0 443 26208 0 0 0 0 1317 2279 2381 345 0 0 
11517 0 96825 2 18333 280 0 0 49737 4089 2126 49375 0 10 0 0 0 0 0 0 0 0 1416 0 0 0 0 0 0 1033 0 447 0 0 0 0 0 5616 0 1661 
0 5 0 0 50698 13 0 0 0 9631 72 1 0 41 2 0 85 0 211 46 0 16396 0 0 0 0 0 9 2 339 70 0 1317 0 0 0 626 0 0 4 
7304 83420 0 1 0 483 0 1022 11221 0 3631 215 0 0 36863 1 13 0 440 0 2 0 0 13584 0 23 0 0 0 0 87917 0 2279 0 0 0 8461 0 0 0 
0 899 0 0 1247 25497 0 0 479 244 77 0 145 33487 15583 3479 0 0 3819 34283 0 0 0 6 0 36364 0 63132 0 0 0 9 2381 0 626 8461 0 2 16 912 
0 32 0 0 0 10 39440 0 0 805 7 0 2300 571 0 0 12606 48 0 0 0 275 129 0 13074 0 24 102 0 3 0 0 345 5616 0 0 2 0 0 0 
82 7232 0 12 0 22 2 2 0 57 0 23 24 0 0 800 0 0 14097 0 0 0 100 1 0 0 0 0 1061 0 74 0 0 0 0 0 16 0 0 0 
1644 19839 0 20059 0 0 5 0 12715 0 1 160 198 395 1333 0 0 1187 0 37 2 0 43 42 5 27 0 3915 22433 1 0 104 0 1661 4 0 912 0 0 0 
