6 2
0 59 64 103 62 95 
59 0 70 49 40 62 
64 70 0 118 33 51 
103 49 118 0 85 94 
62 40 33 85 0 33 
95 62 51 94 33 0 
0 0 19 2879 106 0 
0 0 81044 0 0 0 
19 81044 0 9 0 0 
2879 0 9 0 24963 1 
106 0 0 24963 0 0 
0 0 0 1 0 0 
0 0 0 0 17 5 
0 0 0 295 0 0 
0 0 0 14 0 341 
0 295 14 0 24948 0 
17 0 0 24948 0 0 
5 0 341 0 0 0 
