15 4
0 59 64 103 62 95 95 48 90 88 90 112 64 139 74 
59 0 70 49 40 62 36 46 31 30 43 69 27 80 26 
64 70 0 118 33 51 89 98 88 95 64 73 48 126 97 
103 49 118 0 85 94 38 68 34 23 68 88 69 56 28 
62 40 33 85 0 33 56 78 55 62 34 51 15 94 66 
95 62 51 94 33 0 57 107 59 71 25 22 37 82 84 
95 36 89 38 56 57 0 77 6 17 31 50 41 44 39 
48 46 98 68 78 107 77 0 71 63 90 115 69 117 41 
90 31 88 34 55 59 6 71 0 12 34 55 39 49 33 
88 30 95 23 62 71 17 63 12 0 46 67 46 53 23 
90 43 64 68 34 25 31 90 34 46 0 25 25 61 61 
112 69 73 88 51 22 50 115 55 67 25 0 49 63 86 
64 27 48 69 15 37 41 69 39 46 25 49 0 81 52 
139 80 126 56 94 82 44 117 49 53 61 63 81 0 75 
74 26 97 28 66 84 39 41 33 23 61 86 52 75 0 
0 0 35898 0 0 0 1222 5 9317 2 0 0 9878 0 6 
0 0 6717 0 49 0 64894 0 38597 0 2301 392 66904 10 8888 
35898 6717 0 0 0 40221 0 1828 0 145 146 0 3 0 0 
0 0 0 0 0 2 2215 8 121 7 0 210 28 0 958 
0 49 0 0 0 0 0 34428 0 0 5 801 2 41 0 
0 0 40221 2 0 0 2845 213 2062 0 0 6846 92269 1 0 
1222 64894 0 2215 0 2845 0 0 0 82 449 0 111 81613 2 
5 0 1828 8 34428 213 0 0 7934 4 2522 80 0 0 66005 
9317 38597 0 121 0 2062 0 7934 0 28036 0 6 333 10 0 
2 0 145 7 0 0 82 4 28036 0 9 439 17 11762 4789 
0 2301 146 0 5 0 449 2522 0 9 0 0 1 140 0 
0 392 0 210 801 6846 0 80 6 439 0 0 14553 0 0 
9878 66904 3 28 2 92269 111 0 333 17 1 14553 0 0 0 
0 10 0 0 41 1 81613 0 10 11762 140 0 0 0 84378 
6 8888 0 958 0 0 2 66005 0 4789 0 0 0 84378 0 
0 1458 17 3 0 0 0 0 0 0 460 0 3697 196 0 
1458 0 0 0 0 28469 1845 6 0 9 0 0 0 0 495 
17 0 0 0 0 11 2 84 418 0 0 0 36770 4075 11 
3 0 0 0 1366 0 67 11983 562 0 13825 0 100 2 0 
0 0 0 1366 0 21 106 0 2044 418 0 8 0 0 18789 
0 28469 11 0 21 0 9 0 5 3 1012 0 0 7 12 
0 1845 2 67 106 9 0 7148 359 51760 0 132 3 0 0 
0 6 84 11983 0 0 7148 0 0 0 0 21314 1161 142 0 
0 0 418 562 2044 5 359 0 0 0 8694 0 0 0 6 
0 9 0 0 418 3 51760 0 0 0 0 0 0 0 0 
460 0 0 13825 0 1012 0 0 8694 0 0 0 0 118 418 
0 0 0 0 8 0 132 21314 0 0 0 0 8 7 0 
3697 0 36770 100 0 0 3 1161 0 0 0 8 0 3242 0 
196 0 4075 2 0 7 0 142 0 0 118 7 3242 0 482 
0 495 11 0 18789 12 0 0 6 0 418 0 0 482 0 
0 13 21 158 0 12052 0 17310 4042 0 113 14 0 0 0 
13 0 0 19 0 2 0 0 14 0 0 0 48146 0 1 
21 0 0 243 2 0 367 0 0 0 0 0 0 0 7 
158 19 243 0 4 0 0 35 0 0 3 0 0 983 0 
0 0 2 4 0 0 7170 4 678 275 0 0 0 0 165 
12052 2 0 0 0 0 0 0 0 85705 61 8517 12 770 0 
0 0 367 0 7170 0 0 31 60 60759 0 70685 0 0 0 
17310 0 0 35 4 0 31 0 0 0 0 0 94635 3 0 
4042 14 0 0 678 0 60 0 0 0 0 0 57 43 0 
0 0 0 0 275 85705 60759 0 0 0 148 0 0 0 10 
113 0 0 3 0 61 0 0 0 148 0 0 0 1 986 
14 0 0 0 0 8517 70685 0 0 0 0 0 0 0 15 
0 48146 0 0 0 12 0 94635 57 0 0 0 0 6125 0 
0 0 0 983 0 770 0 3 43 0 1 0 6125 0 0 
0 1 7 0 165 0 0 0 0 10 986 15 0 0 0 
0 5 116 11 2238 0 0 0 0 0 194 9280 0 4 0 
5 0 0 14 0 670 0 0 0 1 0 0 0 0 2234 
116 0 0 26524 0 0 83447 0 5744 21398 0 11305 0 0 0 
11 14 26524 0 0 0 0 5417 0 0 75 0 0 14960 0 
2238 0 0 0 0 2906 0 0 22 1163 0 0 9765 0 11 
0 670 0 0 2906 0 0 0 0 17 2153 0 212 0 2472 
0 0 83447 0 0 0 0 0 0 33 0 7 0 87827 0 
0 0 0 5417 0 0 0 0 0 0 0 0 335 3288 0 
0 0 5744 0 22 0 0 0 0 206 4168 0 0 0 62 
0 1 21398 0 1163 17 33 0 206 0 0 0 0 0 0 
194 0 0 75 0 2153 0 0 4168 0 0 1145 0 77 5 
9280 0 11305 0 0 0 7 0 0 0 1145 0 0 49818 1106 
0 0 0 0 9765 212 0 335 0 0 0 0 0 62 19 
4 0 0 14960 0 0 87827 3288 0 0 77 49818 62 0 0 
0 2234 0 0 11 2472 0 0 62 0 5 1106 19 0 0 
