9 4
0 59 64 103 62 95 95 48 90 
59 0 70 49 40 62 36 46 31 
64 70 0 118 33 51 89 98 88 
103 49 118 0 85 94 38 68 34 
62 40 33 85 0 33 56 78 55 
95 62 51 94 33 0 57 107 59 
95 36 89 38 56 57 0 77 6 
48 46 98 68 78 107 77 0 71 
90 31 88 34 55 59 6 71 0 
0 0 0 0 12049 875 0 0 4 
0 0 0 0 0 801 308 0 0 
0 0 0 0 917 62143 0 0 12954 
0 0 0 0 11578 406 165 4965 0 
12049 0 917 11578 0 0 0 2 0 
875 801 62143 406 0 0 0 0 388 
0 308 0 165 0 0 0 0 0 
0 0 0 4965 2 0 0 0 0 
4 0 12954 0 0 388 0 0 0 
0 12 4 4219 0 0 23 83999 0 
12 0 67 71 818 0 0 0 3851 
4 67 0 49 0 0 3 3058 0 
4219 71 49 0 0 0 0 0 1146 
0 818 0 0 0 2505 2623 0 38 
0 0 0 0 2505 0 0 0 0 
23 0 3 0 2623 0 0 1 2842 
83999 0 3058 0 0 0 1 0 8604 
0 3851 0 1146 38 0 2842 8604 0 
0 2 1 62 0 0 62 851 0 
2 0 24 0 25223 0 0 1 59 
1 24 0 1012 0 0 44 269 0 
62 0 1012 0 0 0 0 0 2520 
0 25223 0 0 0 3408 1770 110 0 
0 0 0 0 3408 0 1004 34 0 
62 0 44 0 1770 1004 0 0 442 
851 1 269 0 110 34 0 0 1200 
0 59 0 2520 0 0 442 1200 0 
0 1362 0 9175 0 0 25 818 0 
1362 0 240 6 16776 0 0 11 3 
0 240 0 26 0 0 36 59 0 
9175 6 26 0 0 0 0 0 96873 
0 16776 0 0 0 349 493 4 18 
0 0 0 0 349 0 32 0 0 
25 0 36 0 493 32 0 0 1169 
818 11 59 0 4 0 0 0 4 
0 3 0 96873 18 0 1169 4 0 
