20 3
0 46 118 40 96 98 46 64 2 33 36 47 55 9 108 78 35 54 61 95 
46 0 88 10 53 127 3 66 48 60 37 19 78 48 107 43 36 50 104 90 
118 88 0 85 53 137 85 71 120 144 83 106 102 125 70 117 84 138 148 59 
40 10 85 0 56 117 8 56 42 59 26 26 68 43 98 54 26 55 95 82 
96 53 53 56 0 154 51 82 98 112 71 66 108 100 106 67 71 96 146 90 
98 127 137 117 154 0 125 72 99 127 90 138 49 106 75 170 91 153 52 79 
46 3 85 8 51 125 0 63 48 61 34 22 76 49 104 46 34 53 103 87 
64 66 71 56 82 72 63 0 66 97 32 83 30 73 44 110 33 107 76 31 
2 48 120 42 98 99 48 66 0 32 38 48 56 7 110 78 37 54 61 97 
33 60 144 59 112 127 61 97 32 0 67 48 88 24 142 71 66 34 83 128 
36 37 83 26 71 90 34 32 38 67 0 51 41 44 77 80 1 75 74 61 
47 19 106 26 66 138 22 83 48 48 51 0 90 45 125 31 50 31 108 109 
55 78 102 68 108 49 76 30 56 88 41 90 0 63 62 121 41 107 46 54 
9 48 125 43 100 106 49 73 7 24 44 45 63 0 117 75 43 47 66 104 
108 107 70 98 106 75 104 44 110 142 77 125 62 117 0 149 78 152 105 17 
78 43 117 54 67 170 46 110 78 71 80 31 121 75 149 0 80 40 140 132 
35 36 84 26 71 91 34 33 37 66 1 50 41 43 78 80 0 74 74 62 
54 50 138 55 96 153 53 107 54 34 75 31 107 47 152 40 74 0 113 136 
61 104 148 95 146 52 103 76 61 83 74 108 46 66 105 140 74 113 0 100 
95 90 59 82 90 79 87 31 97 128 61 109 54 104 17 132 62 136 100 0 
0 2684 0 224 0 11 0 4 0 0 238 0 0 1882 954 2 0 0 6378 0 
2684 0 0 3 0 0 0 5650 1240 0 0 514 0 0 0 2269 429 0 32154 18905 
0 0 0 70 6874 55 2 14 190 434 0 0 2 10632 0 14 0 65234 548 134 
224 3 70 0 137 15616 0 127 7692 0 0 947 0 6683 0 0 22 68 18140 0 
0 0 6874 137 0 24364 194 85258 0 39 0 29 0 0 0 0 0 19605 0 0 
11 0 55 15616 24364 0 0 228 32 80 1 1 0 0 0 0 0 1292 257 0 
0 0 2 0 194 0 0 0 0 516 0 0 0 1711 3 0 0 14 0 6194 
4 5650 14 127 85258 228 0 0 8 0 8 9 0 17 739 95589 394 0 1351 0 
0 1240 190 7692 0 32 0 8 0 0 0 72144 5677 0 22808 0 15 0 211 0 
0 0 434 0 39 80 516 0 0 0 0 0 88533 0 1 0 0 0 0 1733 
238 0 0 0 0 1 0 8 0 0 0 0 2 0 56 12863 4 2008 0 0 
0 514 0 947 29 1 0 9 72144 0 0 0 11060 7 29 0 649 55823 14205 92059 
0 0 2 0 0 0 0 0 5677 88533 2 11060 0 50905 0 1 7 0 0 0 
1882 0 10632 6683 0 0 1711 17 0 0 0 7 50905 0 0 46 58711 94140 0 0 
954 0 0 0 0 0 3 739 22808 1 56 29 0 0 0 3673 0 5583 0 0 
2 2269 14 0 0 0 0 95589 0 0 12863 0 1 46 3673 0 0 58073 24621 0 
0 429 0 22 0 0 0 394 15 0 4 649 7 58711 0 0 0 0 0 6 
0 0 65234 68 19605 1292 14 0 0 0 2008 55823 0 94140 5583 58073 0 0 0 0 
6378 32154 548 18140 0 257 0 1351 211 0 0 14205 0 0 0 24621 0 0 0 39 
0 18905 134 0 0 0 6194 0 0 1733 0 92059 0 0 0 0 6 0 39 0 
0 0 2141 0 5703 0 1 0 3893 1 0 621 350 0 0 0 919 1350 0 1434 
0 0 673 0 13 100 1418 0 0 46 30552 0 42076 661 18213 0 0 10 0 0 
2141 673 0 0 0 0 0 0 0 0 531 235 0 0 4211 0 333 0 0 0 
0 0 0 0 0 0 3041 0 0 20898 4891 0 2114 0 683 6871 0 0 0 5 
5703 13 0 0 0 0 0 0 3 0 17789 0 7662 62 14 34529 9344 0 2497 3514 
0 100 0 0 0 0 12 0 0 0 0 0 1390 3261 45 57494 8530 0 0 1168 
1 1418 0 3041 0 12 0 5 24 0 1 1 2 0 0 4 9 0 29 0 
0 0 0 0 0 0 5 0 0 5284 0 0 49201 0 0 0 0 1764 0 19716 
3893 0 0 0 3 0 24 0 0 444 1029 0 0 554 0 6972 0 1 0 4303 
1 46 0 20898 0 0 0 5284 444 0 11 8603 0 542 0 67719 1 1163 4943 0 
0 30552 531 4891 17789 0 1 0 1029 11 0 21394 0 177 0 0 0 0 3 43 
621 0 235 0 0 0 1 0 0 8603 21394 0 0 0 0 320 0 0 0 0 
350 42076 0 2114 7662 1390 2 49201 0 0 0 0 0 0 1 0 0 1 1 14 
0 661 0 0 62 3261 0 0 554 542 177 0 0 0 33 0 0 0 1 4 
0 18213 4211 683 14 45 0 0 0 0 0 0 1 33 0 0 18 0 7278 47 
0 0 0 6871 34529 57494 4 0 6972 67719 0 320 0 0 0 0 1990 0 0 2605 
919 0 333 0 9344 8530 9 0 0 1 0 0 0 0 18 1990 0 42027 20 0 
1350 10 0 0 0 0 0 1764 1 1163 0 0 1 0 0 0 42027 0 44980 6 
0 0 0 0 2497 0 29 0 0 4943 3 0 1 1 7278 0 20 44980 0 0 
1434 0 0 5 3514 1168 0 19716 4303 0 43 0 14 4 47 2605 0 6 0 0 
0 0 58095 0 65582 0 13802 0 2 13842 0 1097 5335 0 0 0 902 7749 0 32 
0 0 11400 0 62930 7 18 0 0 71475 75003 0 15186 4333 21696 0 0 2 0 0 
58095 11400 0 0 0 0 0 0 0 0 21 44190 0 0 45 0 207 0 0 0 
0 0 0 0 0 0 55 0 0 15 245 0 11 0 25 2 0 0 0 20247 
65582 62930 0 0 0 0 0 0 44 0 29 0 877 77 1 13201 3195 0 97 13 
0 7 0 0 0 0 11 0 0 0 0 0 58 1928 1 26 118 0 0 43501 
13802 18 0 55 0 11 0 1848 7809 0 3 1215 1058 0 0 85 15 0 6527 0 
0 0 0 0 0 0 1848 0 0 1 0 0 10 0 0 0 0 9407 0 2 
2 0 0 0 44 0 7809 0 0 88171 4 0 0 527 0 3 0 2 0 228 
13842 71475 0 15 0 0 0 1 88171 0 75322 560 0 4590 0 8757 9992 82990 2 0 
0 75003 21 245 29 0 3 0 4 75322 0 3135 0 661 0 0 0 0 1867 284 
1097 0 44190 0 0 0 1215 0 0 560 3135 0 0 0 0 2 0 0 0 0 
5335 15186 0 11 877 58 1058 10 0 0 0 0 0 0 21 0 0 4939 2976 299 
0 4333 0 0 77 1928 0 0 527 4590 661 0 0 0 18686 0 0 0 1 146 
0 21696 45 25 1 1 0 0 0 0 0 0 21 18686 0 0 66 0 17 1 
0 0 0 2 13201 26 85 0 3 8757 0 2 0 0 0 0 161 0 0 66 
902 0 207 0 3195 118 15 0 0 9992 0 0 0 0 66 161 0 12 51315 0 
7749 2 0 0 0 0 0 9407 2 82990 0 0 4939 0 0 0 12 0 32 90275 
0 0 0 0 97 0 6527 0 0 2 1867 0 2976 1 17 0 51315 32 0 0 
32 0 0 20247 13 43501 0 2 228 0 284 0 299 146 1 66 0 90275 0 0 
