15 4
0 123 17 72 89 90 77 84 122 70 141 118 117 117 58 
123 0 116 51 121 48 96 115 59 63 25 47 40 16 64 
17 116 0 64 101 90 86 66 108 71 133 119 117 113 52 
72 51 64 0 97 39 71 77 62 33 69 64 60 49 13 
89 121 101 97 0 73 26 158 158 64 146 84 88 106 88 
90 48 90 39 73 0 47 116 91 20 73 28 27 34 42 
77 96 86 71 26 47 0 136 132 38 121 63 66 81 63 
84 115 66 77 158 116 136 0 73 105 118 141 136 120 76 
122 59 108 62 158 91 132 73 0 94 51 103 96 73 74 
70 63 71 33 64 20 38 105 94 0 87 48 47 52 29 
141 25 133 69 146 73 121 118 51 87 0 70 64 41 83 
118 47 119 64 84 28 63 141 103 48 70 0 6 30 70 
117 40 117 60 88 27 66 136 96 47 64 6 0 24 67 
117 16 113 49 106 34 81 120 73 52 41 30 24 0 60 
58 64 52 13 88 42 63 76 74 29 83 70 67 60 0 
0 2296 0 0 0 827 0 0 354 0 56 33225 0 211 63141 
2296 0 2 184 1737 8 10 0 2252 27331 0 0 2238 0 0 
0 2 0 1434 7228 0 0 0 0 0 0 209 0 47456 0 
0 184 1434 0 0 0 0 0 38 0 0 0 0 1939 0 
0 1737 7228 0 0 0 0 94 0 1393 0 1438 0 32 90 
827 8 0 0 0 0 3 0 108 6 0 88947 0 0 0 
0 10 0 0 0 3 0 1486 701 0 0 0 0 0 3899 
0 0 0 0 94 0 1486 0 170 5078 771 1 0 0 1 
354 2252 0 38 0 108 701 170 0 131 0 9060 1889 0 155 
0 27331 0 0 1393 6 0 5078 131 0 0 3836 0 17 0 
56 0 0 0 0 0 0 771 0 0 0 2592 14723 3763 1167 
33225 0 209 0 1438 88947 0 1 9060 3836 2592 0 0 0 0 
0 2238 0 0 0 0 0 0 1889 0 14723 0 0 5 15 
211 0 47456 1939 32 0 0 0 0 17 3763 0 5 0 11 
63141 0 0 0 90 0 3899 1 155 0 1167 0 15 11 0 
0 8342 0 1513 0 0 7006 0 1 2 1572 0 0 4 11220 
8342 0 0 336 0 0 0 0 97601 34100 1326 1 0 0 120 
0 0 0 4186 32 0 0 0 38626 0 612 0 4 0 339 
1513 336 4186 0 1 2363 0 28176 0 24 2497 5 29521 0 64171 
0 0 32 1 0 536 0 0 0 0 8 54 328 3 0 
0 0 0 2363 536 0 0 2546 0 0 350 0 0 121 4 
7006 0 0 0 0 0 0 0 0 1 0 1866 130 1 0 
0 0 0 28176 0 2546 0 0 0 0 0 0 24255 0 0 
1 97601 38626 0 0 0 0 0 0 254 0 964 30 77 0 
2 34100 0 24 0 0 1 0 254 0 406 52 0 0 0 
1572 1326 612 2497 8 350 0 0 0 406 0 708 0 1072 0 
0 1 0 5 54 0 1866 0 964 52 708 0 0 2998 0 
0 0 4 29521 328 0 130 24255 30 0 0 0 0 0 0 
4 0 0 0 3 121 1 0 77 0 1072 2998 0 0 64 
11220 120 339 64171 0 4 0 0 0 0 0 0 0 64 0 
0 0 9068 5 2 1149 0 0 126 2074 46 0 52625 43 0 
0 0 0 332 5050 0 0 65774 0 0 0 4620 0 1 0 
9068 0 0 3975 0 5848 75809 0 0 188 10 0 0 47276 0 
5 332 3975 0 10169 52052 0 1 0 0 15 2 1 48648 0 
2 5050 0 10169 0 1 59106 0 0 0 10946 0 0 5 0 
1149 0 5848 52052 1 0 0 202 8 0 0 24932 0 0 0 
0 0 75809 0 59106 0 0 0 769 8 279 0 0 0 0 
0 65774 0 1 0 202 0 0 0 0 30 0 0 0 0 
126 0 0 0 0 8 769 0 0 0 0 22861 0 149 0 
2074 0 188 0 0 0 8 0 0 0 719 3517 0 55 1 
46 0 10 15 10946 0 279 30 0 719 0 0 931 94414 41 
0 4620 0 2 0 24932 0 0 22861 3517 0 0 0 0 0 
52625 0 0 1 0 0 0 0 0 0 931 0 0 9 0 
43 1 47276 48648 5 0 0 0 149 55 94414 0 9 0 0 
0 0 0 0 0 0 0 0 0 1 41 0 0 0 0 
0 66866 6 0 72962 165 0 0 3745 11 0 0 232 0 52542 
66866 0 1 0 1636 14 0 0 0 0 0 0 826 0 0 
6 1 0 0 3535 38365 1 80766 53418 83 0 0 14561 0 4322 
0 0 0 0 0 8599 11 3947 4 3 545 65612 0 0 0 
72962 1636 3535 0 0 0 0 0 4 12228 931 1631 6227 0 4870 
165 14 38365 8599 0 0 0 0 0 0 1213 0 0 1849 10777 
0 0 1 11 0 0 0 40325 0 27 14 5670 24 8917 462 
0 0 80766 3947 0 0 40325 0 0 21 350 111 1 17 0 
3745 0 53418 4 4 0 0 0 0 0 0 0 0 0 264 
11 0 83 3 12228 0 27 21 0 0 9 0 631 0 0 
0 0 0 545 931 1213 14 350 0 9 0 569 77655 31221 122 
0 0 0 65612 1631 0 5670 111 0 0 569 0 2 0 856 
232 826 14561 0 6227 0 24 1 0 631 77655 2 0 12 0 
0 0 0 0 0 1849 8917 17 0 0 31221 0 12 0 0 
52542 0 4322 0 4870 10777 462 0 264 0 122 856 0 0 0 
