50 3
0 123 17 72 89 90 77 84 122 70 141 118 117 117 58 85 94 145 69 99 137 99 30 139 114 56 50 94 70 158 148 87 53 161 64 94 106 62 87 81 66 9 49 48 135 73 47 81 16 69 
123 0 116 51 121 48 96 115 59 63 25 47 40 16 64 39 31 87 58 23 83 33 103 24 65 67 92 40 53 45 35 36 95 46 119 29 43 89 107 43 57 113 75 95 85 58 91 43 139 54 
17 116 0 64 101 90 86 66 108 71 133 119 117 113 52 81 90 150 68 93 122 97 14 135 118 53 57 84 66 154 139 82 62 151 46 88 94 69 69 78 59 15 41 32 119 72 32 78 31 65 
72 51 64 0 97 39 71 77 62 33 69 64 60 49 13 21 29 104 24 28 84 38 52 71 72 21 53 26 13 91 77 19 58 89 74 23 41 56 72 18 5 62 23 46 83 30 41 18 88 13 
89 121 101 97 0 73 26 158 158 64 146 84 88 106 88 88 93 82 73 107 181 88 104 121 67 78 49 121 84 131 156 94 43 167 143 101 136 41 157 86 94 86 92 116 180 69 112 86 92 83 
90 48 90 39 73 0 47 116 91 20 73 28 27 34 42 20 20 64 22 35 115 15 82 53 32 38 48 55 28 69 83 26 49 95 111 30 68 42 111 21 41 81 54 82 115 17 77 21 104 28 
77 96 86 71 26 47 0 136 132 38 121 63 66 81 63 62 67 73 47 81 155 62 85 98 49 54 29 95 58 110 130 68 24 142 124 75 110 17 134 60 69 71 69 95 154 42 90 60 85 57 
84 115 66 77 158 116 136 0 73 105 118 141 136 120 76 98 104 181 98 96 73 114 56 139 149 84 109 75 89 160 120 94 114 129 22 95 74 118 9 96 75 79 67 42 70 103 46 96 96 88 
122 59 108 62 158 91 132 73 0 94 51 103 96 73 74 71 70 145 85 56 25 79 93 83 118 83 115 37 74 101 50 65 120 57 87 60 22 118 63 72 66 113 76 77 25 89 76 72 138 75 
70 63 71 33 64 20 38 105 94 0 87 48 47 52 29 25 32 79 8 44 117 32 64 72 47 21 28 56 20 89 96 31 31 108 97 38 71 26 102 23 32 61 39 67 116 5 62 23 84 19 
141 25 133 69 146 73 121 118 51 87 0 70 64 41 83 62 55 108 81 43 71 58 119 37 89 88 115 49 74 52 10 57 118 21 127 50 44 113 110 65 75 131 92 107 73 82 104 65 158 75 
118 47 119 64 84 28 63 141 103 48 70 0 6 30 70 43 37 42 50 48 128 26 110 38 19 66 73 72 55 47 80 46 73 90 138 47 82 64 135 45 67 109 82 109 128 46 104 45 132 56 
117 40 117 60 88 27 66 136 96 47 64 6 0 24 67 39 32 48 48 42 121 22 108 32 25 64 74 66 52 44 73 42 75 83 134 41 76 66 130 42 64 108 79 106 122 44 101 42 131 53 
117 16 113 49 106 34 81 120 73 52 41 30 24 0 60 31 22 72 48 24 98 19 101 21 48 61 81 46 46 42 51 31 83 62 122 26 54 76 113 35 54 107 72 95 99 47 91 35 132 48 
58 64 52 13 88 42 63 76 74 29 83 70 67 60 0 29 38 107 21 41 95 45 41 82 74 9 41 39 15 102 90 29 47 103 69 35 53 47 72 25 8 48 12 39 93 27 34 25 75 14 
85 39 81 21 88 20 62 98 71 25 62 43 39 31 29 0 9 83 18 19 96 17 70 53 51 29 52 34 14 73 71 6 56 83 95 13 49 51 92 3 25 75 41 67 95 20 62 3 101 16 
94 31 90 29 93 20 67 104 70 32 55 37 32 22 38 9 0 79 27 14 95 10 79 44 48 38 60 36 24 64 64 10 64 76 103 10 48 58 98 13 33 85 50 75 95 27 70 13 110 25 
145 87 150 104 82 64 73 181 145 79 108 42 48 72 107 83 79 0 85 91 170 68 144 71 32 101 95 114 92 67 117 88 93 125 176 89 125 84 176 85 106 138 118 146 171 79 141 85 156 93 
69 58 68 24 73 22 47 98 85 8 81 50 48 48 21 18 27 85 0 37 108 30 60 70 52 16 34 48 11 88 90 23 38 102 91 31 63 34 94 15 24 60 32 61 107 5 56 15 84 10 
99 23 93 28 107 35 81 96 56 44 43 48 42 24 41 19 14 91 37 0 81 23 80 43 62 45 71 23 30 64 52 13 75 65 98 6 34 70 89 21 33 89 51 72 81 39 68 21 115 31 
137 83 122 84 181 115 155 73 25 117 71 128 121 98 95 96 95 170 108 81 0 104 107 106 143 104 136 61 97 123 67 89 142 71 92 85 47 141 64 96 87 129 96 90 3 113 90 96 153 98 
99 33 97 38 88 15 62 114 79 32 58 26 22 19 45 17 10 68 30 23 104 0 87 40 38 44 61 46 30 58 68 19 63 79 112 20 58 56 108 20 42 90 57 84 105 28 79 20 114 32 
30 103 14 52 104 82 85 56 93 64 119 110 108 101 41 70 79 144 60 80 107 87 0 123 111 44 56 70 56 143 125 70 61 137 39 76 80 68 58 67 47 23 29 18 105 65 18 67 45 55 
139 24 135 71 121 53 98 139 83 72 37 38 32 21 82 53 44 71 70 43 106 40 123 0 57 83 101 64 68 21 46 52 103 54 142 47 68 95 131 57 76 129 94 116 107 68 112 57 154 69 
114 65 118 72 67 32 49 149 118 47 89 19 25 48 74 51 48 32 52 62 143 38 111 57 0 68 66 84 60 63 99 57 65 109 143 59 97 55 144 53 73 106 85 113 143 46 108 53 126 60 
56 67 53 21 78 38 54 84 83 21 88 66 64 61 9 29 38 101 16 45 104 44 44 83 68 0 32 47 14 102 96 31 37 109 75 39 62 37 81 25 17 46 17 45 103 21 40 25 71 13 
50 92 57 53 49 48 29 109 115 28 115 73 74 81 41 52 60 95 34 71 136 61 56 101 66 32 0 79 42 117 124 57 5 136 95 65 94 12 107 49 49 43 43 67 135 33 63 49 60 41 
94 40 84 26 121 55 95 75 37 56 49 72 66 46 39 34 36 114 48 23 61 46 70 64 84 47 79 0 37 85 55 28 84 67 79 25 15 81 67 35 30 84 45 57 60 52 54 35 111 38 
70 53 66 13 84 28 58 89 74 20 74 55 52 46 15 14 24 92 11 30 97 30 56 68 60 14 42 37 0 88 82 17 47 95 83 24 52 44 84 11 13 61 27 54 96 16 49 11 86 1 
158 45 154 91 131 69 110 160 101 89 52 47 44 42 102 73 64 67 88 64 123 58 143 21 63 102 117 85 88 0 58 73 118 62 163 68 88 110 152 76 96 148 114 137 125 86 132 76 173 89 
148 35 139 77 156 83 130 120 50 96 10 80 73 51 90 71 64 117 90 52 67 68 125 46 99 96 124 55 82 58 0 66 128 12 130 58 47 122 111 74 82 139 99 112 69 91 109 74 165 84 
87 36 82 19 94 26 68 94 65 31 57 46 42 31 29 6 10 88 23 13 89 19 70 52 57 31 57 28 17 73 66 0 61 78 93 7 42 57 88 8 23 77 41 65 89 26 60 8 103 18 
53 95 62 58 43 49 24 114 120 31 118 73 75 83 47 56 64 93 38 75 142 63 61 103 65 37 5 84 47 118 128 61 0 140 100 69 99 9 113 53 54 47 49 72 141 36 68 53 62 46 
161 46 151 89 167 95 142 129 57 108 21 90 83 62 103 83 76 125 102 65 71 79 137 54 109 109 136 67 95 62 12 78 140 0 141 71 58 134 120 86 95 151 112 124 74 103 121 86 177 96 
64 119 46 74 143 111 124 22 87 97 127 138 134 122 69 95 103 176 91 98 92 112 39 142 143 75 95 79 83 163 130 93 100 141 0 96 82 106 28 92 70 61 58 30 88 96 35 92 74 82 
94 29 88 23 101 30 75 95 60 38 50 47 41 26 35 13 10 89 31 6 85 20 76 47 59 39 65 25 24 68 58 7 69 71 96 0 38 64 89 15 29 84 47 69 85 33 64 15 110 25 
106 43 94 41 136 68 110 74 22 71 44 82 76 54 53 49 48 125 63 34 47 58 80 68 97 62 94 15 52 88 47 42 99 58 82 38 0 96 65 49 45 97 58 65 46 67 63 49 123 53 
62 89 69 56 41 42 17 118 118 26 113 64 66 76 47 51 58 84 34 70 141 56 68 95 55 37 12 81 44 110 122 57 9 134 106 64 96 0 116 49 53 55 52 77 140 31 72 49 72 43 
87 107 69 72 157 111 134 9 63 102 110 135 130 113 72 92 98 176 94 89 64 108 58 131 144 81 107 67 84 152 111 88 113 120 28 89 65 116 0 90 70 82 65 42 61 99 45 90 100 84 
81 43 78 18 86 21 60 96 72 23 65 45 42 35 25 3 13 85 15 21 96 20 67 57 53 25 49 35 11 76 74 8 53 86 92 15 49 49 90 0 22 72 37 64 96 18 59 0 97 12 
66 57 59 5 94 41 69 75 66 32 75 67 64 54 8 25 33 106 24 33 87 42 47 76 73 17 49 30 13 96 82 23 54 95 70 29 45 53 70 22 0 56 18 42 86 29 37 22 82 13 
9 113 15 62 86 81 71 79 113 61 131 109 108 107 48 75 85 138 60 89 129 90 23 129 106 46 43 84 61 148 139 77 47 151 61 84 97 55 82 72 56 0 39 41 127 63 40 72 26 59 
49 75 41 23 92 54 69 67 76 39 92 82 79 72 12 41 50 118 32 51 96 57 29 94 85 17 43 45 27 114 99 41 49 112 58 47 58 52 65 37 18 39 0 28 94 38 23 37 65 26 
48 95 32 46 116 82 95 42 77 67 107 109 106 95 39 67 75 146 61 72 90 84 18 116 113 45 67 57 54 137 112 65 72 124 30 69 65 77 42 64 42 41 28 0 87 66 5 64 63 53 
135 85 119 83 180 115 154 70 25 116 73 128 122 99 93 95 95 171 107 81 3 105 105 107 143 103 135 60 96 125 69 89 141 74 88 85 46 140 61 96 86 127 94 87 0 112 87 96 150 97 
73 58 72 30 69 17 42 103 89 5 82 46 44 47 27 20 27 79 5 39 113 28 65 68 46 21 33 52 16 86 91 26 36 103 96 33 67 31 99 18 29 63 38 66 112 0 61 18 87 16 
47 91 32 41 112 77 90 46 76 62 104 104 101 91 34 62 70 141 56 68 90 79 18 112 108 40 63 54 49 132 109 60 68 121 35 64 63 72 45 59 37 40 23 5 87 61 0 59 63 48 
81 43 78 18 86 21 60 96 72 23 65 45 42 35 25 3 13 85 15 21 96 20 67 57 53 25 49 35 11 76 74 8 53 86 92 15 49 49 90 0 22 72 37 64 96 18 59 0 97 12 
16 139 31 88 92 104 85 96 138 84 158 132 131 132 75 101 110 156 84 115 153 114 45 154 126 71 60 111 86 173 165 103 62 177 74 110 123 72 100 97 82 26 65 63 150 87 63 97 0 85 
69 54 65 13 83 28 57 88 75 19 75 56 53 48 14 16 25 93 10 31 98 32 55 69 60 13 41 38 1 89 84 18 46 96 82 25 53 43 84 12 13 59 26 53 97 16 48 12 85 0 
0 10 30 0 263 0 951 120 19548 0 41 2729 0 17960 0 12394 0 12167 144 0 3 253 0 57 0 1 47818 0 0 21521 8496 63981 0 10200 9747 0 4 86 0 78 0 0 109 0 0 0 27146 45 11 0 
10 0 0 12 0 40325 5264 0 5 0 37 60927 0 42 0 2004 0 0 53924 0 0 0 802 0 204 0 70420 280 8 0 48036 23 7087 189 4229 0 0 0 30773 0 0 0 69 424 23 0 17 0 339 0 
30 0 0 1262 650 156 21 0 0 38 69118 0 0 2806 2 1431 0 0 0 0 0 0 99290 0 0 0 0 0 1 94 12 0 44 0 2 0 92810 0 1182 25525 0 0 0 0 1 0 0 0 0 0 
0 12 1262 0 0 0 590 0 0 17 0 29 0 456 0 0 37674 164 302 0 0 0 0 45 51139 0 54983 42 0 2 4150 6863 0 0 0 1334 10129 0 61049 0 25569 0 0 6103 1 0 0 0 0 0 
263 0 650 0 0 0 0 2 9 1597 0 35119 0 4402 196 1270 2 0 1718 87 17847 92853 3620 1 38867 3966 48612 1089 0 0 88962 403 0 0 17067 10 0 0 77015 0 0 10 1429 2988 0 0 0 357 0 4 
0 40325 156 0 0 0 42189 0 0 2 663 0 0 2 751 0 2507 0 14274 0 29 51341 2 0 2755 0 0 13 0 6 0 29935 0 874 2 60 0 2 0 9 0 1072 0 33745 0 0 21 0 12 0 
951 5264 21 590 0 42189 0 30 0 35 0 0 16 596 5 3 7857 17445 28633 0 0 46104 1 0 0 1266 26 0 0 3759 23414 96 2348 1 0 0 0 0 0 0 0 29518 0 0 68327 0 0 0 0 0 
120 0 0 0 2 0 30 0 0 0 0 0 776 0 0 0 180 1630 0 38878 0 0 112 134 0 0 61 6 1482 47 0 36690 0 0 2561 12266 0 91 0 0 0 0 1 257 0 0 4 0 2 0 
19548 5 0 0 9 0 0 0 0 0 2 0 71593 95 11477 751 0 11028 781 4 0 1 637 0 4 10 0 0 0 12 478 0 0 196 0 130 0 0 0 92 77295 3 0 0 10271 0 5 1224 0 0 
0 0 38 17 1597 2 35 0 0 0 8 0 1 0 9062 267 0 0 0 2065 0 0 0 7 5 0 3 0 4 4880 2765 0 16 6347 0 2 0 1 0 46356 6768 0 37244 42 0 482 4866 0 10938 0 
41 37 69118 0 0 663 0 0 2 8 0 1186 0 2 0 1320 0 2 0 5595 8140 1931 0 0 0 0 0 124 0 0 0 1377 1080 3242 3058 0 74 0 0 56 63497 52768 18923 921 42040 0 0 7225 2 74 
2729 60927 0 29 35119 0 0 0 0 0 1186 0 13900 4 0 13127 4230 31812 91071 0 1605 0 265 0 17 4147 0 4 0 0 539 0 0 5 136 0 0 0 0 592 98238 10989 0 0 0 25100 12814 0 2 41 
0 0 0 0 0 0 16 776 71593 1 0 13900 0 0 0 0 26763 30 0 0 0 33 75910 0 0 4426 79 65941 2 0 35872 13 0 3 615 0 0 33035 5 509 0 0 0 1 0 10 17 0 463 14 
17960 42 2806 456 4402 2 596 0 95 0 2 4 0 0 0 13 2 0 0 7 3 0 0 0 1477 0 0 1733 0 40 0 20 0 9183 0 0 0 0 63489 27233 0 35 0 0 77468 0 0 0 437 352 
0 0 2 0 196 751 5 0 11477 9062 0 0 0 0 0 5 580 4 897 17610 0 0 0 14269 0 0 30424 65100 0 1677 0 0 7 0 0 0 0 0 60 0 0 0 0 0 32 30 12 0 1 19 
12394 2004 1431 0 1270 0 3 0 751 267 1320 13127 0 13 5 0 0 15 84294 34043 8331 0 4692 2013 32 20005 1 1674 0 0 607 0 536 11 0 0 0 0 227 66 29789 2709 0 1824 4 762 191 0 170 741 
0 0 0 37674 2 2507 7857 180 0 0 0 4230 26763 2 580 0 0 32 0 0 493 4971 1391 0 0 0 0 0 193 11179 10334 264 4793 0 21109 2438 0 931 100 0 0 0 0 0 0 0 0 4814 0 5293 
12167 0 0 164 0 0 17445 1630 11028 0 2 31812 30 0 4 15 32 0 21801 4 28290 0 0 5362 3602 345 6 0 2534 12073 436 0 3 122 45702 33296 6269 0 11 0 0 755 0 3 11 8804 0 0 0 57 
144 53924 0 302 1718 14274 28633 0 781 0 0 91071 0 0 897 84294 0 21801 0 0 8 0 2390 1 0 0 0 0 1901 2 4 65961 0 0 0 157 1 0 0 0 0 0 985 54302 0 0 0 15113 0 0 
0 0 0 0 87 0 0 38878 4 2065 5595 0 0 7 17610 34043 0 4 0 0 0 0 454 0 0 0 0 138 0 5 907 0 0 0 0 2011 0 0 0 0 5394 136 34 0 0 7 0 0 0 0 
3 0 0 0 17847 29 0 0 0 0 8140 1605 0 3 0 8331 493 28290 8 0 0 0 0 44962 121 927 2 2 0 55385 76314 91 0 4 0 0 0 0 0 0 36 0 5 6 901 3 0 0 2 0 
253 0 0 0 92853 51341 46104 0 1 0 1931 0 33 0 0 0 4971 0 0 0 0 0 8 55 0 0 226 0 96 0 0 48191 123 33814 41486 0 103 673 7 10 0 5 68229 0 0 4 0 10 7581 8 
0 802 99290 0 3620 2 1 112 637 0 0 265 75910 0 0 4692 1391 0 2390 454 0 8 0 0 10 0 0 0 0 25722 1 689 0 0 834 0 14 0 85076 45 0 0 0 0 4573 0 1355 982 29880 23 
57 0 0 45 1 0 0 134 0 7 0 0 0 0 14269 2013 0 5362 1 0 44962 55 0 0 1793 0 13173 0 3455 0 0 20630 32228 3 1 0 2 0 10 0 0 95 47691 3027 0 101 253 1415 42 2137 
0 204 0 51139 38867 2755 0 0 4 5 0 17 0 1477 0 32 0 3602 0 0 121 0 10 1793 0 9 13 0 0 3349 0 61 3 0 94486 0 81065 0 964 86702 2469 0 10725 73298 1 0 0 1242 0 27 
1 0 0 0 3966 0 1266 0 10 0 0 4147 4426 0 0 20005 0 345 0 0 927 0 0 0 9 0 44 0 3 0 0 0 0 0 0 0 0 0 29771 0 29 0 27 0 16542 367 0 11391 1 0 
47818 70420 0 54983 48612 0 26 61 0 3 0 0 79 0 30424 1 0 6 0 0 2 226 0 13173 13 44 0 0 14 1 0 0 9 2244 0 726 0 7 0 0 0 1 0 0 0 0 3 9 0 0 
0 280 0 42 1089 13 0 6 0 0 124 4 65941 1733 65100 1674 0 0 0 138 2 0 0 0 0 0 0 0 0 0 1515 26 0 0 0 0 2998 62765 10473 6 0 0 0 1688 0 0 0 0 0 0 
0 8 1 0 0 0 0 1482 0 4 0 0 2 0 0 0 193 2534 1901 0 0 96 0 3455 0 3 14 0 0 0 131 401 0 0 468 23 6 0 10230 3663 772 0 31562 6082 9 0 0 20898 0 310 
21521 0 94 2 0 6 3759 47 12 4880 0 0 0 40 1677 0 11179 12073 2 5 55385 0 25722 0 3349 0 1 0 0 0 94 0 0 3761 0 0 1 46 3174 43635 0 0 0 7 788 5545 27 0 0 13 
8496 48036 12 4150 88962 0 23414 0 478 2765 0 539 35872 0 0 607 10334 436 4 907 76314 0 1 0 0 0 0 1515 131 94 0 35 0 0 0 27635 0 0 0 0 0 0 0 96 0 0 0 64402 0 5796 
63981 23 0 6863 403 29935 96 36690 0 0 1377 0 13 20 0 0 264 0 65961 0 91 48191 689 20630 61 0 0 26 401 0 35 0 0 0 70213 0 0 16 0 0 0 287 227 161 525 0 3 0 0 344 
0 7087 44 0 0 0 2348 0 0 16 1080 0 0 0 7 536 4793 3 0 0 0 123 0 32228 3 0 9 0 0 0 0 0 0 0 0 0 63844 0 0 2 0 0 2 0 0 30409 0 0 17 0 
10200 189 0 0 0 874 1 0 196 6347 3242 5 3 9183 0 11 0 122 0 0 4 33814 0 3 0 0 2244 0 0 3761 0 0 0 0 6246 0 0 13122 0 7 20042 0 0 3 2355 91677 0 797 4244 183 
9747 4229 2 0 17067 2 0 2561 0 0 3058 136 615 0 0 0 21109 45702 0 0 0 41486 834 1 94486 0 0 0 468 0 0 70213 0 6246 0 6 14 0 0 8 0 1 14615 2 12 0 368 0 0 1 
0 0 0 1334 10 60 0 12266 130 2 0 0 0 0 0 0 2438 33296 157 2011 0 0 0 0 0 0 726 0 23 0 27635 0 0 0 6 0 0 1035 1253 194 7 0 0 2 0 1137 3 0 242 86 
4 0 92810 10129 0 0 0 0 0 0 74 0 0 0 0 0 0 6269 1 0 0 103 14 2 81065 0 0 2998 6 1 0 0 63844 0 14 0 0 0 0 38101 0 175 0 0 7587 0 0 2 1 0 
86 0 0 0 0 2 0 91 0 1 0 0 33035 0 0 0 931 0 0 0 0 673 0 0 0 0 7 62765 0 46 0 16 0 13122 0 1035 0 0 93681 0 0 0 118 212 0 11883 0 2792 2290 0 
0 30773 1182 61049 77015 0 0 0 0 0 0 0 5 63489 60 227 100 11 0 0 0 7 85076 10 964 29771 0 10473 10230 3174 0 0 0 0 0 1253 0 93681 0 113 0 2 9178 0 0 0 74642 4 0 87 
78 0 25525 0 0 9 0 0 92 46356 56 592 509 27233 0 66 0 0 0 0 0 10 45 0 86702 0 0 6 3663 43635 0 0 2 7 8 194 38101 0 113 0 0 48915 0 1 1 15175 0 19 29907 0 
0 0 0 25569 0 0 0 0 77295 6768 63497 98238 0 0 0 29789 0 0 0 5394 36 0 0 0 2469 29 0 0 772 0 0 0 0 20042 0 7 0 0 0 0 0 2 0 0 0 113 0 0 0 9111 
0 0 0 0 10 1072 29518 0 3 0 52768 10989 0 35 0 2709 0 755 0 136 0 5 0 95 0 0 1 0 0 0 0 287 0 0 1 0 175 0 2 48915 2 0 1 0 42373 2878 4740 3 1 0 
109 69 0 0 1429 0 0 1 0 37244 18923 0 0 0 0 0 0 0 985 34 5 68229 0 47691 10725 27 0 0 31562 0 0 227 2 0 14615 0 0 118 9178 0 0 1 0 0 0 0 0 23 0 102 
0 424 0 6103 2988 33745 0 257 0 42 921 0 1 0 0 1824 0 3 54302 0 6 0 0 3027 73298 0 0 1688 6082 7 96 161 0 3 2 2 0 212 0 1 0 0 0 0 50 45615 51735 0 3 0 
0 23 1 1 0 0 68327 0 10271 0 42040 0 0 77468 32 4 0 11 0 0 901 0 4573 0 1 16542 0 0 9 788 0 525 0 2355 12 0 7587 0 0 1 0 42373 0 50 0 0 0 0 0 29 
0 0 0 0 0 0 0 0 0 482 0 25100 10 0 30 762 0 8804 0 7 3 4 0 101 0 367 0 0 0 5545 0 0 30409 91677 0 1137 0 11883 0 15175 113 2878 0 45615 0 0 5 0 0 0 
27146 17 0 0 0 21 0 4 5 4866 0 12814 17 0 12 191 0 0 0 0 0 0 1355 253 0 0 3 0 0 27 0 3 0 0 368 3 0 0 74642 0 0 4740 0 51735 0 5 0 0 0 0 
45 0 0 0 357 0 0 0 1224 0 7225 0 0 0 0 0 4814 0 15113 0 0 10 982 1415 1242 11391 9 0 20898 0 64402 0 0 797 0 0 2 2792 4 19 0 3 23 0 0 0 0 0 48 0 
11 339 0 0 0 12 0 2 0 10938 2 2 463 437 1 170 0 0 0 0 2 7581 29880 42 0 1 0 0 0 0 0 0 17 4244 0 242 1 2290 0 29907 0 1 0 3 0 0 0 48 0 0 
0 0 0 0 4 0 0 0 0 0 74 41 14 352 19 741 5293 57 0 0 0 8 23 2137 27 0 0 0 310 13 5796 344 0 183 1 86 0 0 87 0 9111 0 102 0 29 0 0 0 0 0 
0 0 0 0 0 615 20522 4111 2 0 0 150 0 17065 3 0 27 0 0 50778 0 64581 457 0 0 0 0 374 0 6811 413 9023 0 298 339 0 0 25923 48 0 1057 0 85155 8660 6 0 0 40697 0 1961 
0 0 14 15006 2 0 0 546 0 0 122 0 0 8638 0 0 0 61231 1 0 0 36 0 24317 661 0 0 0 0 1593 231 0 0 0 0 0 73812 2914 0 0 1457 1642 0 302 0 5400 3 71 7607 0 
0 14 0 7 66 0 0 0 0 0 85627 20 0 236 0 47722 0 21674 0 56 5046 22391 0 0 9 16442 0 0 0 6 0 0 0 0 217 494 0 220 0 3 42 0 0 0 0 0 15285 0 80525 0 
0 15006 7 0 0 31414 7456 30 0 9 0 0 0 0 140 21 1342 4 48 596 1171 118 1 13428 0 9286 5328 29628 0 1 0 185 35 83781 52 20157 0 0 0 216 0 6 55 49104 300 0 0 0 4 14 
0 2 66 0 0 0 221 25 0 57 7 0 3 138 27394 0 2609 0 0 2 0 0 0 187 0 1915 0 0 0 0 0 0 662 188 0 92 3496 26 6 0 0 0 0 770 211 0 0 10148 1388 0 
615 0 0 31414 0 0 43 0 4 8755 0 2 598 2081 0 0 0 0 37806 1 0 329 854 0 0 85 0 277 4 202 13022 91 0 8 11 5 9 0 236 0 0 88534 288 391 0 21755 3539 8356 11 0 
20522 0 0 7456 221 43 0 0 0 0 16119 20479 0 0 0 0 58449 671 57 8 0 0 0 0 0 0 0 0 0 47 7 0 0 0 939 2 24 5585 682 981 0 0 0 0 0 0 105 0 14002 4025 
4111 546 0 30 25 0 0 0 0 3077 0 150 4 1333 93174 439 0 0 0 0 3 118 35 0 0 0 0 14003 13 1 52 8575 2504 0 63321 0 0 5 23 1 2593 19812 0 0 28067 144 0 308 1 0 
2 0 0 0 0 4 0 0 0 94414 12 433 0 0 0 1637 269 0 0 832 3 0 34217 0 0 0 119 5794 29 0 0 0 0 0 9632 2365 11424 247 9343 5444 17 186 0 245 0 66005 0 1255 74 3038 
0 0 0 9 57 8755 0 3077 94414 0 0 4743 0 0 58557 0 3563 0 25424 248 0 1258 20019 2 0 0 12 0 0 0 450 3 0 382 2673 8842 0 0 0 0 145 3 0 0 0 910 0 0 669 0 
0 122 85627 0 7 0 16119 0 12 0 0 1 0 0 20954 4 0 185 0 9 0 3651 1 0 148 1 0 97803 206 1086 0 1603 0 0 1164 0 3091 0 5 0 0 0 270 47 1 0 89213 1 0 0 
150 0 20 0 0 2 20479 150 433 4743 1 0 15728 0 0 0 8 976 1480 7589 0 210 0 2 2936 0 3368 37051 0 6 0 77626 55 0 3 1049 823 426 0 2498 8655 0 0 176 0 624 13941 0 173 53114 
0 0 0 0 3 598 0 4 0 0 0 15728 0 0 15 149 0 4259 0 0 0 139 0 51 631 0 0 0 6915 0 45 5 16213 0 0 0 1137 0 0 595 0 0 0 1 7900 5 2 0 0 1 
17065 8638 236 0 138 2081 0 1333 0 0 0 0 0 0 0 241 20186 0 358 0 88838 7153 0 0 3714 1843 318 0 0 47160 198 43 985 103 0 834 30645 95312 8 0 0 0 0 0 0 10 0 0 0 51613 
3 0 0 140 27394 0 0 93174 0 58557 20954 0 15 0 0 0 2831 0 62650 35465 80598 7496 44503 31 0 8797 0 0 162 8 6121 638 0 0 0 0 515 45 6867 13594 412 24 615 0 0 159 0 42874 0 0 
0 0 47722 21 0 0 0 439 1637 0 4 0 149 241 0 0 554 4314 158 445 0 0 7 0 1324 0 398 34101 0 13171 0 8768 1507 0 1 0 1 395 11 0 588 0 49 0 0 5471 0 3310 15153 0 
27 0 0 1342 2609 0 58449 0 269 3563 0 8 0 20186 2831 554 0 0 0 0 0 334 279 94 10911 314 888 0 930 0 0 0 0 1 15905 0 41 0 0 45 0 0 0 964 0 10 0 82707 81445 0 
0 61231 21674 4 0 0 671 0 0 0 185 976 4259 0 0 4314 0 0 1 0 30827 58 0 462 0 0 5423 5 31158 5525 0 313 25661 3001 5756 5 16706 2526 5858 36 0 345 1985 0 159 0 0 0 0 0 
0 1 0 48 0 37806 57 0 0 25424 0 1480 0 358 62650 158 0 1 0 0 0 208 206 52 0 0 0 0 0 0 0 0 6428 0 1 0 89265 15208 29 5 0 23689 2 4 15511 61866 44160 0 110 571 
50778 0 56 596 2 1 8 0 832 248 9 7589 0 0 35465 445 0 0 0 0 0 0 2710 0 0 2 0 15 0 6918 0 0 0 0 3585 652 1 0 1 30773 1 189 1 0 52 389 0 5004 0 0 
0 0 5046 1171 0 0 0 3 3 0 0 0 0 88838 80598 0 0 30827 0 0 0 0 6671 65292 37262 83 0 0 15 0 0 0 82 7789 47616 0 0 0 0 0 0 0 0 48798 212 1248 30062 19 11 0 
64581 36 22391 118 0 329 0 118 0 1258 3651 210 139 7153 7496 0 334 58 208 0 0 0 125 0 0 1302 0 20 0 960 10 8 0 47 4786 2716 0 0 0 3 0 0 1050 9 29 8 1 227 0 0 
457 0 0 1 0 854 0 35 34217 20019 1 0 0 0 44503 7 279 0 206 2710 6671 125 0 70 0 4664 43 0 0 2 0 73 0 0 5 41 12 0 0 0 0 0 0 0 278 2 0 42 1533 0 
0 24317 0 13428 187 0 0 0 0 2 0 2 51 0 31 0 94 462 52 0 65292 0 70 0 0 0 0 634 0 83021 2428 0 0 9941 7474 17621 0 0 0 0 15 3 0 0 0 31 0 0 0 6111 
0 661 9 0 0 0 0 0 0 0 148 2936 631 3714 0 1324 10911 0 0 0 37262 0 0 0 0 0 0 0 118 0 0 12 0 4 0 53 323 84753 59 0 1 22543 4 89 447 0 2094 96418 0 0 
0 0 16442 9286 1915 85 0 0 0 0 1 0 0 1843 8797 0 314 0 0 2 83 1302 4664 0 0 0 289 0 0 0 17 96090 8179 0 42756 0 0 327 0 50 15 0 315 4572 0 39139 29 8 435 13 
0 0 0 5328 0 0 0 0 119 12 0 3368 0 318 0 398 888 5423 0 0 0 0 43 0 0 289 0 14156 4242 0 52 7133 0 0 0 1 372 108 6 165 0 0 2593 0 66008 7379 11398 8951 4 0 
374 0 0 29628 0 277 0 14003 5794 0 97803 37051 0 0 0 34101 0 5 0 15 0 20 0 634 0 0 14156 0 0 17 0 0 0 15672 761 260 10 6 42891 0 0 34951 0 40 466 0 0 2 18 0 
0 0 0 0 0 4 0 13 29 0 206 0 6915 0 162 0 930 31158 0 0 15 0 0 0 118 0 4242 0 0 7 0 1 0 18531 0 470 1017 0 10482 4411 0 0 75 0 777 2 27 1 0 1447 
6811 1593 6 1 0 202 47 1 0 0 1086 6 0 47160 8 13171 0 5525 0 6918 0 960 2 83021 0 0 0 17 7 0 0 0 0 5 4255 0 1 28 0 1998 0 36 7149 25055 242 62 34497 6959 10 0 
413 231 0 0 0 13022 7 52 0 450 0 0 45 198 6121 0 0 0 0 0 0 10 0 2428 0 17 52 0 0 0 0 39755 284 0 0 5172 14 0 5 0 1 0 0 7 4680 0 0 0 0 0 
9023 0 0 185 0 91 0 8575 0 3 1603 77626 5 43 638 8768 0 313 0 0 0 8 73 0 12 96090 7133 0 1 0 39755 0 0 0 0 0 3 26 0 46 8752 0 0 0 2801 0 0 0 67069 1 
0 0 0 35 662 0 0 2504 0 0 0 55 16213 985 0 1507 0 25661 6428 0 82 0 0 0 0 8179 0 0 0 0 284 0 0 0 0 6 0 49 4326 0 1089 0 0 0 179 27560 20403 78263 70070 0 
298 0 0 83781 188 8 0 0 0 382 0 0 0 103 0 0 1 3001 0 0 7789 47 0 9941 4 0 0 15672 18531 5 0 0 0 0 14317 242 6 0 0 511 10 0 1776 25 0 14 0 353 0 0 
339 0 217 52 0 11 939 63321 9632 2673 1164 3 0 0 0 1 15905 5756 1 3585 47616 4786 5 7474 0 42756 0 761 0 4255 0 0 0 14317 0 0 43133 0 0 36 801 0 48 1963 0 23 55219 1 0 1 
0 0 494 20157 92 5 2 0 2365 8842 0 1049 0 834 0 0 0 5 0 652 0 2716 41 17621 53 0 1 260 470 0 5172 0 6 242 0 0 74 0 80231 20783 0 0 2448 0 0 0 0 120 0 6 
0 73812 0 0 3496 9 24 0 11424 0 3091 823 1137 30645 515 1 41 16706 89265 1 0 0 12 0 323 0 372 10 1017 1 14 3 0 6 43133 74 0 1471 0 45858 0 29 47 5 2582 0 0 0 8 3179 
25923 2914 220 0 26 0 5585 5 247 0 0 426 0 95312 45 395 0 2526 15208 0 0 0 0 0 84753 327 108 6 0 28 0 26 49 0 0 0 1471 0 326 0 0 0 0 0 5 36 0 127 3322 8891 
48 0 0 0 6 236 682 23 9343 0 5 0 0 8 6867 11 0 5858 29 1 0 0 0 0 59 0 6 42891 10482 0 5 0 4326 0 0 80231 0 326 0 0 0 1325 426 0 0 0 52100 0 0 34 
0 0 3 216 0 0 981 1 5444 0 0 2498 595 0 13594 0 45 36 5 30773 0 3 0 0 0 50 165 0 4411 1998 0 46 0 511 36 20783 45858 0 0 0 1 30581 258 0 0 0 1690 21840 0 3 
1057 1457 42 0 0 0 0 2593 17 145 0 8655 0 0 412 588 0 0 0 1 0 0 0 15 1 15 0 0 0 0 1 8752 1089 10 801 0 0 0 0 1 0 0 533 0 0 42 0 84761 0 0 
0 1642 0 6 0 88534 0 19812 186 3 0 0 0 0 24 0 0 345 23689 189 0 0 0 3 22543 0 0 34951 0 36 0 0 0 0 0 0 29 0 1325 30581 0 0 0 0 2 0 41780 0 0 0 
85155 0 0 55 0 288 0 0 0 0 270 0 0 0 615 49 0 1985 2 1 0 1050 0 0 4 315 2593 0 75 7149 0 0 0 1776 48 2448 47 0 426 258 533 0 0 0 7 20 0 382 0 63 
8660 302 0 49104 770 391 0 0 245 0 47 176 1 0 0 0 964 0 4 0 48798 9 0 0 89 4572 0 40 0 25055 7 0 0 25 1963 0 5 0 0 0 0 0 0 0 0 1 802 0 0 0 
6 0 0 300 211 0 0 28067 0 0 1 0 7900 0 0 0 0 159 15511 52 212 29 278 0 447 0 66008 466 777 242 4680 2801 179 0 0 0 2582 5 0 0 0 2 7 0 0 16 21260 0 0 2 
0 5400 0 0 0 21755 0 144 66005 910 0 624 5 10 159 5471 10 0 61866 389 1248 8 2 31 0 39139 7379 0 2 62 0 0 27560 14 23 0 0 36 0 0 42 0 20 1 16 0 1 0 1 0 
0 3 15285 0 0 3539 105 0 0 0 89213 13941 2 0 0 0 0 0 44160 0 30062 1 0 0 2094 29 11398 0 27 34497 0 0 20403 0 55219 0 0 0 52100 1690 0 41780 0 802 21260 1 0 7 8165 21955 
40697 71 0 0 10148 8356 0 308 1255 0 1 0 0 0 42874 3310 82707 0 0 5004 19 227 42 0 96418 8 8951 2 1 6959 0 0 78263 353 1 120 0 127 0 21840 84761 0 382 0 0 0 7 0 0 24664 
0 7607 80525 4 1388 11 14002 1 74 669 0 173 0 0 0 15153 81445 0 110 0 11 0 1533 0 0 435 4 18 0 10 0 67069 70070 0 0 0 8 3322 0 0 0 0 0 0 0 1 8165 0 0 0 
1961 0 0 14 0 0 4025 0 3038 0 0 53114 1 51613 0 0 0 0 571 0 0 0 0 6111 0 13 0 0 1447 0 0 1 0 0 1 6 3179 8891 34 3 0 0 63 0 2 0 21955 24664 0 0 
0 0 0 6 0 5 0 0 117 17 0 0 1252 0 0 66 0 0 3732 5 0 17 19 0 0 0 0 0 0 0 1474 1078 0 0 3 4700 0 0 0 5 0 0 0 0 16 3550 1308 328 0 33992 
0 0 0 12323 0 2 0 12 0 0 0 2 2 1248 27 0 3884 1 2 0 22 0 6456 0 0 0 3194 0 0 7401 0 0 0 0 0 0 0 13795 15878 0 4469 0 249 30451 0 0 0 8937 172 242 
0 0 0 12210 402 3667 0 0 7 0 42 0 5 0 0 0 11813 0 0 0 0 0 490 0 19452 0 0 0 0 0 200 0 0 0 8029 0 0 0 0 0 0 0 0 1 111 0 34163 0 0 615 
6 12323 12210 0 10 0 9874 0 0 194 1 0 32 18437 2 1878 0 0 0 0 1215 1496 0 1 1 0 0 5 17484 0 0 1147 0 0 0 0 0 0 1 0 0 1009 0 26946 27831 0 19973 16 0 42217 
0 0 402 10 0 0 0 3806 0 0 1642 41461 191 354 0 0 38 34313 0 0 0 18089 616 0 3 0 0 0 48645 104 0 0 0 0 27456 649 0 1919 0 0 0 2 0 13 0 1034 0 0 0 23099 
5 2 3667 0 0 0 27331 149 313 1072 2 9 0 26760 6150 1 4855 33508 1007 226 0 0 0 28 6655 4209 0 0 7834 0 0 128 0 33627 0 17315 6 31 4116 109 1 0 2 0 0 0 1 32 0 0 
0 0 0 9874 0 27331 0 0 0 929 541 0 4 1977 0 0 0 0 0 0 0 248 0 0 1 313 13 0 4489 0 5725 0 0 488 0 24 22657 0 0 61506 0 23001 70371 0 179 44519 0 1838 0 0 
0 12 0 0 3806 149 0 0 0 0 24 182 768 0 49 9 0 0 5 1 119 0 0 42841 2 3 21101 784 224 0 0 0 32 22857 33560 1746 0 6 0 10 2550 4519 0 5413 154 0 27989 0 13893 53 
117 0 7 0 0 313 0 0 0 740 0 0 164 2 0 363 0 0 0 254 77 0 0 0 0 0 32 78 0 37 921 0 0 235 14 5 0 0 23218 0 0 0 0 550 0 5 65205 0 3 0 
17 0 0 194 0 1072 929 0 740 0 13382 0 2 0 0 1 4778 0 0 0 0 0 0 9413 0 0 1603 0 0 899 2 0 0 52297 5314 1858 32458 9 0 67459 0 0 0 0 4 0 0 20800 47364 8 
0 0 42 1 1642 2 541 24 0 13382 0 0 0 1 0 0 0 0 69936 1 71 5404 0 0 83987 23593 0 0 17825 699 13214 16280 191 0 34 3943 0 0 0 0 49 1946 105 3570 1 0 69546 6 2863 0 
0 2 0 0 41461 9 0 182 0 0 0 0 39 0 2100 0 28 0 0 0 0 0 0 902 471 0 193 32784 1 36958 88515 0 0 29 55 7 27213 1456 10 0 46 0 172 0 0 0 0 0 1 0 
1252 2 5 32 191 0 4 768 164 2 0 39 0 106 0 0 19926 0 409 79 0 3 49751 10783 64 0 0 83665 12 2256 2088 231 0 4 3875 350 10012 0 91 39281 0 2 0 6466 8 11547 68928 0 14 7 
0 1248 0 18437 354 26760 1977 0 2 0 1 0 106 0 5031 0 115 4715 0 31808 0 0 0 0 179 2 0 0 0 0 601 602 0 1 0 115 1 0 31 0 188 1985 0 33531 0 25052 0 0 113 0 
0 27 0 2 0 6150 0 49 0 0 0 2100 0 5031 0 0 1673 2370 7568 0 0 0 65 68 0 0 0 4 0 0 12056 0 62 29 11 11639 99218 0 66183 487 1268 0 0 0 7 0 2 0 0 0 
66 0 0 1878 0 1 0 9 363 1 0 0 0 0 0 0 0 0 19 0 0 6473 6464 0 0 0 2 1 2 0 0 0 0 0 0 849 25 0 0 16 0 45068 0 1438 0 0 0 0 0 533 
0 3884 11813 0 38 4855 0 0 0 4778 0 28 19926 115 1673 0 0 0 0 1435 129 0 696 0 185 0 27 0 36225 72 16 10 0 1 0 0 43 24 0 7877 0 2860 0 0 1 68223 0 87 0 0 
0 1 0 0 34313 33508 0 0 0 0 0 0 0 4715 2370 0 0 0 0 0 42 173 0 0 0 0 3433 53043 0 106 0 4 0 1448 0 14189 48 5 0 9048 719 1 0 1 5 6 0 0 0 19 
3732 2 0 0 0 1007 0 5 0 0 69936 0 409 0 7568 19 0 0 0 0 0 106 0 1058 0 0 1222 0 0 198 0 0 0 4304 0 0 87 32 0 136 6856 5438 0 0 10487 3 0 43380 0 0 
5 0 0 0 0 226 0 1 254 0 1 0 79 31808 0 0 1435 0 0 0 0 0 156 31 0 0 0 0 2 0 0 0 1047 0 0 0 0 1 131 0 0 0 0 4 6 1 38 0 0 0 
0 22 0 1215 0 0 0 119 77 0 71 0 0 0 0 0 129 42 0 0 0 0 0 0 44 0 17 0 8 14 47 0 14 0 0 0 0 13 2 0 148 0 30 0 28 0 13 10524 0 96 
17 0 0 1496 18089 0 248 0 0 0 5404 0 3 0 0 6473 0 173 106 0 0 0 279 0 0 0 0 0 0 0 1699 0 0 329 6988 624 0 0 0 93208 0 7962 1371 0 0 0 0 61 0 1 
19 6456 490 0 616 0 0 0 0 0 0 0 49751 0 65 6464 696 0 0 156 0 279 0 0 0 0 8329 1 0 5923 22 29 0 0 3 0 1 0 0 0 1 0 0 0 0 0 0 0 25 0 
0 0 0 1 0 28 0 42841 0 9413 0 902 10783 0 68 0 0 0 1058 31 0 0 0 0 0 0 3664 0 780 0 0 0 2 654 0 3 0 2 1374 14 0 5555 163 0 0 0 0 0 0 121 
0 0 19452 1 3 6655 1 2 0 0 83987 471 64 179 0 0 185 0 0 0 44 0 0 0 0 0 0 30 0 0 0 1196 4 1031 0 11606 0 6750 0 0 2 3 0 6 6028 0 0 44861 379 78 
0 0 0 0 0 4209 313 3 0 0 23593 0 0 2 0 0 0 0 0 0 0 0 0 0 0 0 1 0 0 0 3812 3 0 873 0 28 141 0 0 115 0 89 660 199 29233 465 17280 88 1843 425 
0 3194 0 0 0 0 13 21101 32 1603 0 193 0 0 0 2 27 3433 1222 0 17 0 8329 3664 0 1 0 12981 0 0 1175 21051 41 8 1491 1627 1 0 3 0 278 0 0 0 0 5950 4770 0 634 25 
0 0 0 5 0 0 0 784 78 0 0 32784 83665 0 4 1 0 53043 0 0 0 0 1 0 30 0 12981 0 2869 0 14 121 6 909 421 58498 0 3 0 36 0 724 0 165 505 5 107 5 0 0 
0 0 0 17484 48645 7834 4489 224 0 0 17825 1 12 0 0 2 36225 0 0 2 8 0 0 780 0 0 0 2869 0 2 18 4705 0 0 0 0 3 1 0 88 829 0 0 2 0 222 0 0 0 192 
0 7401 0 0 104 0 0 0 37 899 699 36958 2256 0 0 0 72 106 198 0 14 0 5923 0 0 0 0 0 2 0 5290 1344 343 0 24 77 547 0 0 994 0 0 0 0 0 0 0 5366 2270 64583 
1474 0 200 0 0 0 5725 0 921 2 13214 88515 2088 601 12056 0 16 0 0 0 47 1699 22 0 0 3812 1175 14 18 5290 0 0 0 0 0 29473 4505 398 8 175 0 0 268 2 19340 36941 572 0 0 7251 
1078 0 0 1147 0 128 0 0 0 0 16280 0 231 602 0 0 10 4 0 0 0 0 29 0 1196 3 21051 121 4705 1344 0 0 85545 81 0 607 0 0 5 0 1698 8 0 92 0 255 0 44165 0 2705 
0 0 0 0 0 0 0 32 0 0 191 0 0 0 62 0 0 0 0 1047 14 0 0 2 4 0 41 6 0 343 0 85545 0 0 120 84420 0 0 0 5 0 0 0 2222 148 0 513 8 14388 0 
0 0 0 0 0 33627 488 22857 235 52297 0 29 4 1 29 0 1 1448 4304 0 0 329 0 654 1031 873 8 909 0 0 0 81 0 0 0 0 0 0 2 34376 86758 0 3 0 12439 15 66 0 0 52777 
3 0 8029 0 27456 0 0 33560 14 5314 34 55 3875 0 11 0 0 0 0 0 0 6988 3 0 0 0 1491 421 0 24 0 0 120 0 0 0 2 0 0 14464 156 0 0 4 48383 0 0 0 89 0 
4700 0 0 0 649 17315 24 1746 5 1858 3943 7 350 115 11639 849 0 14189 0 0 0 624 0 3 11606 28 1627 58498 0 77 29473 607 84420 0 0 0 0 90 497 1496 0 14 9 1 1386 0 0 407 284 1874 
0 0 0 0 0 6 22657 0 0 32458 0 27213 10012 1 99218 25 43 48 87 0 0 0 1 0 0 141 1 0 3 547 4505 0 0 0 2 0 0 0 0 0 3378 0 16 0 9638 0 0 51 887 0 
0 13795 0 0 1919 31 0 6 0 9 0 1456 0 0 0 0 24 5 32 1 13 0 0 2 6750 0 0 3 1 0 398 0 0 0 0 90 0 0 1 2 0 0 0 40 0 0 0 9 0 54779 
0 15878 0 1 0 4116 0 0 23218 0 0 10 91 31 66183 0 0 0 0 131 2 0 0 1374 0 0 3 0 0 0 8 5 0 2 0 497 0 1 0 0 55266 101 37820 327 0 0 834 2778 0 30790 
5 0 0 0 0 109 61506 10 0 67459 0 0 39281 0 487 16 7877 9048 136 0 0 93208 0 14 0 115 0 36 88 994 175 0 5 34376 14464 1496 0 2 0 0 6 43 0 131 59 0 1 0 0 136 
0 4469 0 0 0 1 0 2550 0 0 49 46 0 188 1268 0 0 719 6856 0 148 0 1 0 2 0 278 0 829 0 0 1698 0 86758 156 0 3378 0 55266 6 0 0 1 0 1 2113 439 1653 1164 7 
0 0 0 1009 2 0 23001 4519 0 0 1946 0 2 1985 0 45068 2860 1 5438 0 0 7962 0 5555 3 89 0 724 0 0 0 8 0 0 0 14 0 0 101 43 0 0 0 0 1072 0 899 37 0 0 
0 249 0 0 0 2 70371 0 0 0 105 172 0 0 0 0 0 0 0 0 30 1371 0 163 0 660 0 0 0 0 268 0 0 3 0 9 16 0 37820 0 1 0 0 0 26976 1223 0 26010 0 0 
0 30451 1 26946 13 0 0 5413 550 0 3570 0 6466 33531 0 1438 0 1 0 4 0 0 0 0 6 199 0 165 2 0 2 92 2222 0 4 1 0 40 327 131 0 0 0 0 1875 2 0 0 0 0 
16 0 111 27831 0 0 179 154 0 4 1 0 8 0 7 0 1 5 10487 6 28 0 0 0 6028 29233 0 505 0 0 19340 0 148 12439 48383 1386 9638 0 0 59 1 1072 26976 1875 0 0 164 3 8 67 
3550 0 0 0 1034 0 44519 0 5 0 0 0 11547 25052 0 0 68223 6 3 1 0 0 0 0 0 465 5950 5 222 0 36941 255 0 15 0 0 0 0 0 0 2113 0 1223 2 0 0 0 22410 5354 14858 
1308 0 34163 19973 0 1 0 27989 65205 0 69546 0 68928 0 2 0 0 0 0 38 13 0 0 0 0 17280 4770 107 0 0 572 0 513 66 0 0 0 0 834 1 439 899 0 0 164 0 0 0 16519 226 
328 8937 0 16 0 32 1838 0 0 20800 6 0 0 0 0 0 87 0 43380 0 10524 61 0 0 44861 88 0 5 0 5366 0 44165 8 0 0 407 51 9 2778 0 1653 37 26010 0 3 22410 0 0 15 25697 
0 172 0 0 0 0 0 13893 3 47364 2863 1 14 113 0 0 0 0 0 0 0 0 25 0 379 1843 634 0 0 2270 0 0 14388 0 89 284 887 0 0 0 1164 0 0 0 8 5354 16519 15 0 0 
33992 242 615 42217 23099 0 0 53 0 8 0 0 7 0 0 533 0 19 0 0 96 1 0 121 78 425 25 0 192 64583 7251 2705 0 52777 0 1874 0 54779 30790 136 7 0 0 0 67 14858 226 25697 0 0 
