10 2
0 59 64 103 62 95 95 48 90 88 
59 0 70 49 40 62 36 46 31 30 
64 70 0 118 33 51 89 98 88 95 
103 49 118 0 85 94 38 68 34 23 
62 40 33 85 0 33 56 78 55 62 
95 62 51 94 33 0 57 107 59 71 
95 36 89 38 56 57 0 77 6 17 
48 46 98 68 78 107 77 0 71 63 
90 31 88 34 55 59 6 71 0 12 
88 30 95 23 62 71 17 63 12 0 
0 1173 6790 0 138 0 0 8 0 1 
1173 0 2428 0 93 18968 1899 0 0 0 
6790 2428 0 0 3 47 0 22 0 0 
0 0 0 0 0 0 1 0 110 16 
138 93 3 0 0 0 1 0 33 3940 
0 18968 47 0 0 0 0 0 0 155 
0 1899 0 1 1 0 0 0 0 0 
8 0 22 0 0 0 0 0 0 106 
0 0 0 110 33 0 0 0 0 1 
1 0 0 16 3940 155 0 106 1 0 
0 0 0 27 2316 6 23657 0 0 0 
0 0 598 0 17 0 0 0 5 7 
0 598 0 0 123 0 0 0 7776 16814 
27 0 0 0 2 24963 0 25 43 0 
2316 17 123 2 0 3 0 39 0 0 
6 0 0 24963 3 0 0 0 1306 0 
23657 0 0 0 0 0 0 706 1454 0 
0 0 0 25 39 0 706 0 3416 0 
0 5 7776 43 0 1306 1454 3416 0 0 
0 7 16814 0 0 0 0 0 0 0 
