50 3
0 59 64 103 62 95 95 48 90 88 90 112 64 139 74 53 26 148 87 89 78 107 103 6 100 177 116 85 94 32 58 33 140 154 91 89 149 95 129 136 69 115 101 157 54 90 105 87 127 110 
59 0 70 49 40 62 36 46 31 30 43 69 27 80 26 37 59 91 39 30 28 48 85 53 62 119 57 26 35 49 19 41 84 96 32 30 99 39 70 86 73 69 42 98 15 31 60 28 82 56 
64 70 0 118 33 51 89 98 88 95 64 73 48 126 97 33 87 124 64 86 63 108 150 62 58 154 114 86 89 33 53 83 147 156 86 84 168 106 127 100 125 78 97 140 80 90 70 87 153 86 
103 49 118 0 85 94 38 68 34 23 68 88 69 56 28 85 93 77 65 36 58 23 68 97 90 97 30 33 37 98 65 74 38 53 38 38 50 11 35 90 81 85 32 73 48 31 81 32 37 63 
62 40 33 85 0 33 56 78 55 62 34 51 15 94 66 8 77 96 33 53 30 75 125 57 38 126 81 53 55 32 21 66 113 123 53 51 135 74 94 77 106 55 64 110 53 57 45 54 121 57 
95 62 51 94 33 0 57 107 59 71 25 22 37 82 84 42 110 75 28 57 37 76 147 91 7 104 78 61 57 65 46 97 112 117 56 55 139 82 90 49 135 27 64 93 77 62 20 61 131 41 
95 36 89 38 56 57 0 77 6 17 31 50 41 44 39 58 95 55 29 6 25 20 100 89 52 83 25 11 1 78 40 76 58 67 4 6 82 27 38 57 100 48 8 62 47 8 43 10 75 27 
48 46 98 68 78 107 77 0 71 63 90 115 69 117 41 71 27 133 86 71 75 81 55 45 108 159 90 66 76 65 60 15 106 121 74 72 107 64 101 132 28 116 80 136 31 70 107 68 82 102 
90 31 88 34 55 59 6 71 0 12 34 55 39 49 33 57 89 61 31 2 25 20 94 84 56 89 27 5 5 75 38 70 58 68 4 4 81 23 41 63 94 53 11 67 41 3 47 3 71 33 
88 30 95 23 62 71 17 63 12 0 46 67 46 53 23 63 84 69 43 14 35 19 82 82 68 95 28 10 16 78 43 65 53 65 16 16 72 11 40 74 84 65 17 72 36 9 59 10 60 45 
90 43 64 68 34 25 31 90 34 46 0 25 25 61 61 41 99 61 3 32 15 51 124 84 22 92 53 36 32 65 32 83 87 94 30 30 114 57 66 45 116 26 39 76 58 37 17 36 106 22 
112 69 73 88 51 22 50 115 55 67 25 0 49 63 86 60 123 54 29 53 40 67 148 107 15 82 66 58 51 84 57 108 98 101 51 51 128 77 76 27 142 5 56 73 84 58 8 57 125 26 
64 27 48 69 15 37 41 69 39 46 25 49 0 81 52 17 74 86 23 37 16 60 112 58 38 116 66 37 40 40 8 60 98 108 37 36 119 58 79 71 97 51 49 98 41 41 41 38 105 47 
139 80 126 56 94 82 44 117 49 53 61 63 81 0 75 99 137 23 62 50 65 36 125 133 74 41 27 54 45 121 83 118 42 40 48 50 74 54 23 49 136 59 38 18 89 49 61 52 82 40 
74 26 97 28 66 84 39 41 33 23 61 86 52 75 0 64 65 92 58 34 47 39 62 69 83 117 49 28 38 73 45 46 66 80 37 35 76 23 59 96 61 84 40 94 20 31 77 29 56 66 
53 37 33 85 8 42 58 71 57 63 41 60 17 99 64 0 69 102 39 55 34 77 120 48 46 132 83 54 58 24 20 58 115 125 55 53 135 74 97 85 99 63 67 115 48 58 53 55 119 63 
26 59 87 93 77 110 95 27 89 84 99 123 74 137 65 69 0 150 95 88 85 103 79 26 113 178 112 83 93 54 66 19 131 145 91 89 135 88 124 144 43 125 99 156 48 88 115 85 110 115 
148 91 124 77 96 75 55 133 61 69 61 54 86 23 92 102 150 0 63 62 70 55 146 142 68 30 47 67 57 126 90 132 65 61 59 61 97 73 46 31 154 49 52 20 102 63 55 65 105 39 
87 39 64 65 33 28 29 86 31 43 3 29 23 62 58 39 95 63 0 29 11 49 121 81 25 93 52 33 29 63 29 79 86 93 27 27 112 54 65 48 113 29 37 77 55 34 20 33 103 24 
89 30 86 36 53 57 6 71 2 14 32 53 37 50 34 55 88 62 29 0 23 22 95 83 54 89 29 5 5 73 36 70 60 70 2 2 83 25 42 62 94 51 12 68 40 5 45 4 73 32 
78 28 63 58 30 37 25 75 25 35 15 40 16 65 47 34 85 70 11 23 0 45 110 72 35 100 50 25 25 56 20 68 83 92 22 21 106 47 64 59 101 41 33 81 43 28 32 26 96 31 
107 48 108 23 75 76 20 81 20 19 51 67 60 36 39 77 103 55 49 22 45 0 91 101 71 77 9 23 20 95 58 84 38 48 22 24 62 18 21 67 100 64 12 54 55 18 60 21 58 41 
103 85 150 68 125 147 100 55 94 82 124 148 112 125 62 120 79 146 121 95 110 91 0 100 146 164 99 90 98 119 104 71 95 110 98 97 80 74 102 156 39 147 97 141 72 91 140 91 53 127 
6 53 62 97 57 91 89 45 84 82 84 107 58 133 69 48 26 142 81 83 72 101 100 0 95 171 110 79 88 29 52 29 135 148 85 83 144 89 123 130 68 109 95 151 48 84 99 81 122 104 
100 62 58 90 38 7 52 108 56 68 22 15 38 74 83 46 113 68 25 54 35 71 146 95 0 97 72 58 53 70 47 99 106 111 52 52 134 79 84 42 135 19 59 86 77 59 13 58 127 35 
177 119 154 97 126 104 83 159 89 95 92 82 116 41 117 132 178 30 93 89 100 77 164 171 97 0 68 94 84 156 120 159 73 63 87 89 103 95 62 57 177 77 78 23 130 89 84 92 117 69 
116 57 114 30 81 78 25 90 27 28 53 66 66 27 49 83 112 47 52 29 50 9 99 110 72 68 0 31 25 102 65 93 34 42 28 30 62 26 13 62 109 62 16 45 64 26 60 29 61 39 
85 26 86 33 53 61 11 66 5 10 36 58 37 54 28 54 83 67 33 5 25 23 90 79 58 94 31 0 10 72 35 65 61 72 8 7 82 21 44 68 89 57 16 72 35 5 50 2 70 37 
94 35 89 37 55 57 1 76 5 16 32 51 40 45 38 58 93 57 29 5 25 20 98 88 53 84 25 10 0 78 40 75 58 67 3 5 82 26 39 58 99 49 8 63 45 7 44 8 74 28 
32 49 33 98 32 65 78 65 75 78 65 84 40 121 73 24 54 126 63 73 56 95 119 29 70 156 102 72 78 0 37 50 132 144 75 73 148 88 116 109 92 87 86 138 53 76 77 73 129 87 
58 19 53 65 21 46 40 60 38 43 32 57 8 83 45 20 66 90 29 36 20 58 104 52 47 120 65 35 40 37 0 51 96 106 37 35 115 54 79 78 89 58 48 100 32 39 48 36 100 51 
33 41 83 74 66 97 76 15 70 65 83 108 60 118 46 58 19 132 79 70 68 84 71 29 99 159 93 65 75 50 51 0 112 127 72 70 118 69 105 127 42 109 80 137 29 69 99 67 94 98 
140 84 147 38 113 112 58 106 58 53 87 98 98 42 66 115 131 65 86 60 83 38 95 135 106 73 34 61 58 132 96 112 0 15 60 62 32 45 22 90 116 94 49 51 86 56 94 59 44 72 
154 96 156 53 123 117 67 121 68 65 94 101 108 40 80 125 145 61 93 70 92 48 110 148 111 63 42 72 67 144 106 127 15 0 70 71 40 58 28 89 132 97 58 43 99 67 98 70 58 76 
91 32 86 38 53 56 4 74 4 16 30 51 37 48 37 55 91 59 27 2 22 22 98 85 52 87 28 8 3 75 37 72 60 70 0 2 84 27 42 59 97 49 11 66 43 7 43 7 75 29 
89 30 84 38 51 55 6 72 4 16 30 51 36 50 35 53 89 61 27 2 21 24 97 83 52 89 30 7 5 73 35 70 62 71 2 0 85 27 43 60 96 49 13 68 41 7 43 6 75 30 
149 99 168 50 135 139 82 107 81 72 114 128 119 74 76 135 135 97 112 83 106 62 80 144 134 103 62 82 82 148 115 118 32 40 84 85 0 61 54 122 110 124 75 83 97 78 122 81 27 101 
95 39 106 11 74 82 27 64 23 11 57 77 58 54 23 74 88 73 54 25 47 18 74 89 79 95 26 21 26 88 54 69 45 58 27 27 61 0 36 82 82 75 23 72 41 20 70 21 49 53 
129 70 127 35 94 90 38 101 41 40 66 76 79 23 59 97 124 46 65 42 64 21 102 123 84 62 13 44 39 116 79 105 22 28 42 43 54 36 0 68 117 72 30 38 76 39 71 43 59 49 
136 86 100 90 77 49 57 132 63 74 45 27 71 49 96 85 144 31 48 62 59 67 156 130 42 57 62 68 58 109 78 127 90 89 59 60 122 82 68 0 156 23 59 52 100 65 32 66 124 30 
69 73 125 81 106 135 100 28 94 84 116 142 97 136 61 99 43 154 113 94 101 100 39 68 135 177 109 89 99 92 89 42 116 132 97 96 110 82 117 156 0 142 101 154 58 92 133 90 83 126 
115 69 78 85 55 27 48 116 53 65 26 5 51 59 84 63 125 49 29 51 41 64 147 109 19 77 62 57 49 87 58 109 94 97 49 49 124 75 72 23 142 0 53 68 84 56 9 56 122 23 
101 42 97 32 64 64 8 80 11 17 39 56 49 38 40 67 99 52 37 12 33 12 97 95 59 78 16 16 8 86 48 80 49 58 11 13 75 23 30 59 101 53 0 56 51 11 49 14 69 30 
157 98 140 73 110 93 62 136 67 72 76 73 98 18 94 115 156 20 77 68 81 54 141 151 86 23 45 72 63 138 100 137 51 43 66 68 83 72 38 52 154 68 56 0 107 67 72 70 95 53 
54 15 80 48 53 77 47 31 41 36 58 84 41 89 20 48 48 102 55 40 43 55 72 48 77 130 64 35 45 53 32 29 86 99 43 41 97 41 76 100 58 84 51 107 0 40 75 37 76 70 
90 31 90 31 57 62 8 70 3 9 37 58 41 49 31 58 88 63 34 5 28 18 91 84 59 89 26 5 7 76 39 69 56 67 7 7 78 20 39 65 92 56 11 67 40 0 50 3 68 35 
105 60 70 81 45 20 43 107 47 59 17 8 41 61 77 53 115 55 20 45 32 60 140 99 13 84 60 50 44 77 48 99 94 98 43 43 122 70 71 32 133 9 49 72 75 50 0 50 118 21 
87 28 87 32 54 61 10 68 3 10 36 57 38 52 29 55 85 65 33 4 26 21 91 81 58 92 29 2 8 73 36 67 59 70 7 6 81 21 43 66 90 56 14 70 37 3 50 0 70 36 
127 82 153 37 121 131 75 82 71 60 106 125 105 82 56 119 110 105 103 73 96 58 53 122 127 117 61 70 74 129 100 94 44 58 75 75 27 49 59 124 83 122 69 95 76 68 118 70 0 99 
110 56 86 63 57 41 27 102 33 45 22 26 47 40 66 63 115 39 24 32 31 41 127 104 35 69 39 37 28 87 51 98 72 76 29 30 101 53 49 30 126 23 30 53 70 35 21 36 99 0 
0 0 0 0 0 0 751 11 23828 0 25818 582 714 125 0 15 0 67961 0 5 0 0 2 1642 260 0 44470 13362 37 123 0 0 0 0 43347 7872 1 2008 0 0 43 457 0 299 0 0 35012 0 61 3 
0 0 1 39671 0 0 89558 0 0 0 0 832 52222 0 0 14622 118 1 0 0 0 0 7 4897 10209 15384 132 0 0 0 0 83132 10 0 61102 7505 76 0 0 0 0 0 0 3 13451 4 100 0 0 0 
0 1 0 0 4 148 333 61 0 2 100 8 0 1 0 37 27 1 2840 0 0 44 10464 523 8991 0 0 0 0 0 41023 18332 0 72 9986 62 0 46026 2 31 80 0 0 1 0 0 135 0 4626 43388 
0 39671 0 0 0 0 0 22303 6 615 6021 38923 60 8 1 95172 0 12 9366 0 0 4 0 2 2 9203 0 2226 0 3 5 0 0 0 79089 0 0 5 0 134 3416 0 0 0 0 73 30510 10926 192 7232 
0 0 4 0 0 0 17 452 0 142 17 7779 0 8085 0 0 0 0 30027 14140 0 0 0 89 5592 1501 134 0 0 1 0 0 0 0 408 0 0 0 383 0 78 914 0 0 38274 0 0 0 0 341 
0 0 148 0 0 0 0 0 77589 0 0 11972 1500 1 59272 0 6071 124 0 295 358 0 0 4 0 92082 0 0 232 7656 0 0 453 0 34771 35484 0 0 0 1 340 0 9 33 43228 57085 0 584 0 42277 
751 89558 333 0 17 0 0 0 0 1 1724 0 5254 0 0 0 0 0 912 1 0 51008 21571 0 9 4 2 1 5722 0 0 1445 0 558 0 0 6 0 161 233 0 0 0 0 0 4108 0 71088 0 0 
11 0 61 22303 452 0 0 0 396 65 86416 0 0 1148 5836 0 499 0 0 0 1 0 0 17679 0 1933 1 0 0 0 0 0 0 57 0 116 0 3 12973 10 86 34429 0 0 0 0 0 0 0 0 
23828 0 0 6 0 77589 0 396 0 0 0 0 1227 1819 43564 101 0 62 1 0 1 5 1 0 0 1 0 0 0 2091 22 280 194 667 0 2936 4 981 57 0 39399 0 0 109 248 257 0 22 363 0 
0 0 2 615 142 0 1 65 0 0 3009 448 116 79030 9911 0 0 1 13 0 22863 0 0 0 0 0 0 0 2663 0 2 0 1612 0 0 0 35 5390 0 0 13 0 0 0 0 23 29 0 25 101 
25818 0 100 6021 17 0 1724 86416 0 3009 0 0 14310 14 7 2 0 7 0 82057 0 0 47648 71 0 4 5 14484 46142 0 88995 27 0 0 0 0 108 0 367 5943 0 2969 912 4 489 87 0 0 0 0 
582 832 8 38923 7779 11972 0 0 0 448 0 0 43 0 8 0 0 74601 57 0 964 0 10 172 0 0 45519 0 0 0 0 1 1215 0 4129 0 2666 0 0 0 0 0 0 0 1079 6 12 0 0 205 
714 52222 0 60 0 1500 5254 0 1227 116 14310 43 0 0 3 0 966 0 71020 4004 12807 0 0 18 0 0 0 0 0 0 0 2862 196 0 25913 0 27 0 6 0 0 0 0 0 0 0 0 0 0 3618 
125 0 1 8 8085 1 0 1148 1819 79030 14 0 0 0 0 3 6606 0 101 12144 4 0 0 532 0 1238 0 0 3 14794 0 0 0 0 243 13636 812 0 0 60 0 78653 0 0 1 0 0 0 0 0 
0 0 0 1 0 59272 0 5836 43564 9911 7 8 3 0 0 1224 1 0 12 67606 0 9882 0 0 0 5 826 5359 0 0 46752 2 0 0 2099 524 0 0 0 0 0 0 0 0 0 11 14460 0 949 0 
15 14622 37 95172 0 0 0 0 101 0 2 0 0 3 1224 0 19 2753 4 0 39 0 0 0 0 0 16 0 594 11834 1 0 7540 48035 98034 0 2120 22824 0 0 0 0 0 0 0 1228 0 0 6 8277 
0 118 27 0 0 6071 0 499 0 0 0 0 966 6606 1 19 0 17588 0 0 0 1 0 303 0 0 3 471 6416 8807 11408 0 0 16889 0 53 0 84990 0 337 0 13 0 30472 1483 0 0 6 0 27347 
67961 1 1 12 0 124 0 0 62 1 7 74601 0 0 0 2753 17588 0 0 0 0 0 1 22 1 0 0 15 0 47229 18103 213 78 188 0 4406 0 7538 0 69167 1304 14542 3 0 0 0 40 1 167 0 
0 0 2840 9366 30027 0 912 0 1 13 0 57 71020 101 12 4 0 0 0 1101 1235 46 0 0 27 19 12 13 0 1 0 0 78025 4046 20 13710 0 0 9872 0 50 0 0 17 4 0 77547 0 0 3463 
5 0 0 0 14140 295 1 0 0 0 82057 0 4004 12144 67606 0 0 0 1101 0 0 0 30 0 0 7 0 0 0 250 0 0 0 1 0 0 0 0 1 9 0 31 1 31581 0 4445 30087 0 5 196 
0 0 0 0 0 358 0 1 1 22863 0 964 12807 4 0 39 0 0 1235 0 0 5738 0 1397 0 0 0 43767 0 0 6 0 3 0 0 14 52 766 898 47970 9 5 0 0 0 0 20314 0 0 0 
0 0 44 4 0 0 51008 0 5 0 0 0 0 0 9882 0 1 0 46 0 5738 0 0 0 291 1255 3 0 166 1 0 0 0 0 0 6 11804 0 472 1866 0 0 0 1 0 1545 0 0 0 10 
2 7 10464 0 0 0 21571 0 1 0 47648 10 0 0 0 0 0 1 0 30 0 0 0 0 0 7695 278 0 0 0 0 756 0 9 2 0 1 7 0 3869 139 2065 103 3 1 0 14 6 0 0 
1642 4897 523 2 89 4 0 17679 0 0 71 172 18 532 0 0 303 22 0 0 1397 0 0 0 51355 7 0 0 3147 3 0 7120 8241 93718 0 19 43816 3203 0 0 0 17240 0 89 1184 0 0 0 0 0 
260 10209 8991 2 5592 0 9 0 0 0 0 0 0 0 0 0 0 1 27 0 0 291 0 51355 0 0 0 0 0 0 9020 90 0 15702 2 0 11 0 2694 12 29701 0 5731 2968 0 4102 497 0 0 0 
0 15384 0 9203 1501 92082 4 1933 1 0 4 0 0 1238 5 0 0 0 19 7 0 1255 7695 7 0 0 18135 2658 47 0 0 0 20720 3 92 0 170 8 9 0 140 0 0 0 0 0 183 0 184 0 
44470 132 0 0 134 0 2 1 0 0 5 45519 0 0 826 16 3 0 12 0 0 3 278 0 0 18135 0 284 0 0 1 34799 23 0 0 203 1 0 12094 0 0 166 26960 3 0 328 316 0 0 765 
13362 0 0 2226 0 0 1 0 0 0 14484 0 0 0 5359 0 471 15 13 0 43767 0 0 0 0 2658 284 0 0 0 317 105 0 0 1 131 0 51 0 1363 4029 71 0 0 15 16 6941 2452 5 90039 
37 0 0 0 0 232 5722 0 0 2663 46142 0 0 3 0 594 6416 0 0 0 0 166 0 3147 0 47 0 0 0 19048 530 24588 1 226 0 0 420 0 86634 0 263 0 30 2028 21 0 17 0 0 3376 
123 0 0 3 1 7656 0 0 2091 0 0 0 0 14794 0 11834 8807 47229 1 250 0 1 0 3 0 0 0 0 19048 0 3 0 24 24394 8113 0 0 3812 5532 1116 2420 289 0 0 39 3924 0 33 2057 0 
0 0 41023 5 0 0 0 0 22 2 88995 0 0 0 46752 1 11408 18103 0 0 6 0 0 0 9020 0 1 317 530 3 0 0 0 74 7202 0 1488 86 5 993 14767 8 0 23 0 66 10162 0 0 0 
0 83132 18332 0 0 0 1445 0 280 0 27 1 2862 0 2 0 0 213 0 0 0 0 756 7120 90 0 34799 105 24588 0 0 0 0 0 77933 0 5 2001 7866 30 5 0 25 75 8 0 15 35420 0 0 
0 10 0 0 0 453 0 0 194 1612 0 1215 196 0 0 7540 0 78 78025 0 3 0 0 8241 0 20720 23 0 1 24 0 0 0 40248 2 99105 20 0 0 15145 6773 29 2027 0 2 33 0 0 0 278 
0 0 72 0 0 0 558 57 667 0 0 0 0 0 0 48035 16889 188 4046 1 0 0 9 93718 15702 3 0 0 226 24394 74 0 40248 0 121 41 0 0 12806 120 4 1049 0 12348 0 0 0 219 0 7858 
43347 61102 9986 79089 408 34771 0 0 0 0 0 4129 25913 243 2099 98034 0 0 20 0 0 0 2 0 2 92 0 1 0 8113 7202 77933 2 121 0 43981 0 20255 0 1 0 29 1 2273 0 0 0 0 2941 0 
7872 7505 62 0 0 35484 0 116 2936 0 0 0 0 13636 524 0 53 4406 13710 0 14 6 0 19 0 0 203 131 0 0 0 0 99105 41 43981 0 32784 2 11 0 0 76399 0 64 2052 1103 51987 0 55 913 
1 76 0 0 0 0 6 0 4 35 108 2666 27 812 0 2120 0 0 0 0 52 11804 1 43816 11 170 1 0 420 0 1488 5 20 0 0 32784 0 47 9 40 0 0 187 300 0 0 0 4720 0 1 
2008 0 46026 5 0 0 0 3 981 5390 0 0 0 0 0 22824 84990 7538 0 0 766 0 7 3203 0 8 0 51 0 3812 86 2001 0 0 20255 2 47 0 15179 0 0 0 0 178 3410 1 2 0 0 16029 
0 0 2 0 383 0 161 12973 57 0 367 0 6 0 0 0 0 0 9872 1 898 472 0 0 2694 9 12094 0 86634 5532 5 7866 0 12806 0 11 9 15179 0 283 102 38 0 2631 20845 0 339 1 9488 0 
0 0 31 134 0 1 233 10 0 0 5943 0 0 60 0 0 337 69167 0 9 47970 1866 3869 0 12 0 0 1363 0 1116 993 30 15145 120 1 0 40 0 283 0 0 2 27 0 0 0 0 0 0 0 
43 0 80 3416 78 340 0 86 39399 13 0 0 0 0 0 0 0 1304 50 0 9 0 139 0 29701 140 0 4029 263 2420 14767 5 6773 4 0 0 0 0 102 0 0 0 0 0 1 0 24 0 0 0 
457 0 0 0 914 0 0 34429 0 0 2969 0 0 78653 0 0 13 14542 0 31 5 0 2065 17240 0 0 166 71 0 289 8 0 29 1049 29 76399 0 0 38 2 0 0 0 0 8 0 3 51151 0 0 
0 0 0 0 0 9 0 0 0 0 912 0 0 0 0 0 0 3 0 1 0 0 103 0 5731 0 26960 0 30 0 0 25 2027 0 1 0 187 0 0 27 0 0 0 18 0 27 0 1 2 0 
299 3 1 0 0 33 0 0 109 0 4 0 0 0 0 0 30472 0 17 31581 0 1 3 89 2968 0 3 0 2028 0 23 75 0 12348 2273 64 300 178 2631 0 0 0 18 0 792 0 0 0 0 46 
0 13451 0 0 38274 43228 0 0 248 0 489 1079 0 1 0 0 1483 0 4 0 0 0 1 1184 0 0 0 15 21 39 0 8 2 0 0 2052 0 3410 20845 0 1 8 0 792 0 0 0 1 4851 0 
0 4 0 73 0 57085 4108 0 257 23 87 6 0 0 11 1228 0 0 0 4445 0 1545 0 0 4102 0 328 16 0 3924 66 0 33 0 0 1103 0 1 0 0 0 0 27 0 0 0 0 1 1409 63 
35012 100 135 30510 0 0 0 0 0 29 0 12 0 0 14460 0 0 40 77547 30087 20314 0 14 0 497 183 316 6941 17 0 10162 15 0 0 0 51987 0 2 339 0 24 3 0 0 0 0 0 0 14 2447 
0 0 0 10926 0 584 71088 0 22 0 0 0 0 0 0 0 6 1 0 0 0 0 6 0 0 0 0 2452 0 33 0 35420 0 219 0 0 4720 0 1 0 0 51151 1 0 1 1 0 0 0 0 
61 0 4626 192 0 0 0 0 363 25 0 0 0 0 949 6 0 167 0 5 0 0 0 0 0 184 0 5 0 2057 0 0 0 0 2941 55 0 0 9488 0 0 0 2 0 4851 1409 14 0 0 0 
3 0 43388 7232 341 42277 0 0 0 101 0 205 3618 0 0 8277 27347 0 3463 196 0 10 0 0 0 0 765 90039 3376 0 0 0 278 7858 0 913 1 16029 0 0 0 0 0 46 0 63 2447 0 0 0 
0 41394 538 41605 2 101 0 0 0 2675 0 0 0 0 17750 0 276 0 1244 0 84360 4 0 0 0 84439 0 0 0 0 4088 1249 221 80313 0 0 0 0 6 14 0 0 1 0 32877 13 0 1180 0 0 
41394 0 0 0 345 2 0 7330 40 32694 2 0 0 2 5 0 0 0 14113 2374 5492 10 0 0 0 0 0 126 3 1 19668 0 0 20 0 0 0 2898 463 7 18186 18413 1 0 0 0 0 70 76 333 
538 0 0 31 0 0 0 0 5211 0 0 0 7072 0 5 0 0 0 0 6078 1163 0 0 0 0 17230 136 2023 3367 35467 0 0 29 0 0 0 101 0 0 0 0 10364 2953 0 4180 82 0 386 0 0 
41605 0 31 0 4 171 777 0 0 0 0 0 0 0 0 0 723 0 0 1944 1362 0 256 0 0 0 643 0 4023 0 0 348 39 39648 0 26546 649 0 852 0 0 145 4 21 1 0 0 0 0 0 
2 345 0 4 0 68 0 0 21368 0 0 0 36069 0 171 99135 37908 2 0 0 29 6924 1336 0 0 0 0 2935 2 0 4 75 2 781 0 4 68 23 0 31834 0 0 2271 7 0 4912 143 36 151 0 
101 2 0 171 68 0 27 308 0 47487 44 0 0 0 0 12495 0 0 29010 0 0 3747 75276 0 20 0 1713 1 0 0 1030 79947 0 176 0 0 9 10761 43 0 0 564 0 0 0 0 2 0 153 0 
0 0 0 777 0 27 0 271 9 0 0 72 0 8 18997 1 116 2918 0 0 12 0 0 64747 0 0 0 0 0 106 6 0 1 0 130 2 0 68 0 0 11378 1 28 434 40 0 143 0 57 58224 
0 7330 0 0 0 308 271 0 0 0 0 1498 23 0 0 165 0 50259 2 53675 0 590 2 0 5256 0 0 303 22 18850 6975 9 2 0 143 0 62996 0 0 0 0 0 69894 3 26805 237 1540 5424 85 94659 
0 40 5211 0 21368 0 9 0 0 5916 2 17 0 0 0 0 47687 0 0 6 0 0 0 6 227 0 4053 5 9654 0 0 0 0 0 18 0 0 0 0 17 0 88649 7 0 0 0 23 0 0 6319 
2675 32694 0 0 0 47487 0 0 5916 0 0 0 0 0 0 5 247 0 0 74895 0 1 4355 1918 14578 215 20 11589 0 6 0 2 0 592 7 7 0 0 4995 251 0 24 46080 45059 6578 0 0 1462 0 0 
0 2 0 0 0 44 0 0 2 0 0 39 0 0 0 0 1 0 40 0 31123 34 0 0 1860 0 0 0 0 22 0 0 20 20 20247 12 0 3 0 0 46847 0 0 0 0 0 9 520 26470 8 
0 0 0 0 0 0 72 1498 17 0 39 0 0 170 0 76 55560 0 0 2626 0 1546 0 0 132 66 0 616 190 506 515 0 0 1 0 15 0 1 13 16 94 2192 8423 26017 0 0 0 16 63393 0 
0 0 7072 0 36069 0 0 23 0 0 0 0 0 1109 0 1 0 240 0 0 0 39748 96 0 143 2875 1075 60 51340 849 2935 0 0 62 0 707 0 269 0 21 41 2616 39 66 44559 788 26279 162 1 0 
0 2 0 0 0 0 8 0 0 0 0 170 1109 0 61 0 0 5669 0 0 0 43116 1 0 5360 0 1354 110 0 0 3 126 1 395 0 0 0 3 154 0 15 0 6310 3996 0 817 4 33580 17475 12581 
17750 5 5 0 171 0 18997 0 0 0 0 0 0 61 0 0 0 1 0 0 2 0 1 1283 53640 0 0 0 892 2775 0 0 6960 75653 0 0 3 9732 67238 2490 42 5 22494 773 84957 0 0 86 0 1 
0 0 0 0 99135 12495 1 165 0 5 0 76 1 0 0 0 0 0 0 23219 0 10725 2 18718 181 48 0 3 0 0 0 3 0 0 0 75 0 0 159 31202 10064 23019 8 139 956 0 58351 69 0 0 
276 0 0 723 37908 0 116 0 47687 247 1 55560 0 0 0 0 0 0 93306 23886 408 0 6851 0 1615 43124 0 0 0 0 0 284 1 0 2500 0 1 0 4 0 9018 0 24210 0 0 39 527 0 113 0 
0 0 0 0 2 0 2918 50259 0 0 0 0 240 5669 1 0 0 0 933 38712 785 134 0 0 0 60 13 0 53 0 0 0 0 0 2590 0 23 0 6171 0 0 0 0 28 1036 17 0 0 0 721 
1244 14113 0 0 0 29010 0 2 0 0 40 0 0 0 0 0 93306 933 0 0 0 0 46511 3 0 0 0 0 8 0 43484 439 0 0 0 0 45 970 0 4 0 68269 355 0 0 4416 0 2088 21044 0 
0 2374 6078 1944 0 0 0 53675 6 74895 0 2626 0 0 0 23219 23886 38712 0 0 1 62590 0 6 3 0 343 1844 856 0 2 54550 132 0 172 53348 59287 136 0 0 24208 0 0 0 1 0 0 68 0 0 
84360 5492 1163 1362 29 0 12 0 0 0 31123 0 0 0 2 0 408 785 0 1 0 0 1 0 2 45 145 0 160 7233 0 13011 0 2296 1425 0 0 0 0 0 0 0 67187 25412 14 31 0 2384 140 26355 
4 10 0 0 6924 3747 0 590 0 1 34 1546 39748 43116 0 10725 0 134 0 62590 0 0 4 25888 0 0 0 24 0 0 6 70 22934 12299 38 0 0 4610 0 0 2 13117 81014 0 14 0 3207 332 31 0 
0 0 0 256 1336 75276 0 2 0 4355 0 0 96 1 1 2 6851 0 46511 0 1 4 0 10961 29 0 0 1537 19 56 2863 0 53075 0 0 59815 0 0 74 0 0 0 0 0 0 177 0 0 28243 15 
0 0 0 0 0 0 64747 0 6 1918 0 0 0 0 1283 18718 0 0 3 6 0 25888 10961 0 0 0 16 6 0 0 51 0 0 0 739 0 0 0 402 683 1755 0 1295 0 0 2 47 18539 10 3 
0 0 0 0 0 20 0 5256 227 14578 1860 132 143 5360 53640 181 1615 0 0 3 2 0 29 0 0 57 67366 15216 6 2925 0 0 1 0 0 26 0 342 0 0 0 1257 0 0 7 0 0 3140 1448 39 
84439 0 17230 0 0 0 0 0 0 215 0 66 2875 0 0 48 43124 60 0 0 45 0 0 0 57 0 0 0 0 287 938 623 0 0 0 132 0 0 0 2830 0 8948 3080 11866 36 2 0 10 0 58950 
0 0 136 643 0 1713 0 0 4053 20 0 0 1075 1354 0 0 0 13 0 343 145 0 0 16 67366 0 0 0 29338 1 0 0 0 8928 5316 0 0 549 0 2 26 0 0 0 854 0 0 256 1846 0 
0 126 2023 0 2935 1 0 303 5 11589 0 616 60 110 0 3 0 0 0 1844 0 24 1537 6 15216 0 0 0 69 3 0 0 22806 160 0 0 143 0 20 0 0 0 8007 8851 0 0 0 0 0 0 
0 3 3367 4023 2 0 0 22 9654 0 0 190 51340 0 892 0 0 53 8 856 160 0 19 0 6 0 29338 69 0 0 0 0 0 0 3540 1 0 1 0 1506 0 31812 0 0 0 23491 0 9929 316 0 
0 1 35467 0 0 0 106 18850 0 6 22 506 849 0 2775 0 0 0 0 0 7233 0 56 0 2925 287 1 3 0 0 0 35743 0 0 0 44856 863 0 0 0 0 0 22074 520 0 0 49249 0 0 24 
4088 19668 0 0 4 1030 6 6975 0 0 0 515 2935 3 0 0 0 0 43484 2 0 6 2863 51 0 938 0 0 0 0 0 92298 3 0 0 73809 0 0 0 0 0 0 28 0 3 0 0 7 4 3 
1249 0 0 348 75 79947 0 9 0 2 0 0 0 126 0 3 284 0 439 54550 13011 70 0 0 0 623 0 0 0 35743 92298 0 79 4 0 4907 0 0 0 0 0 10158 0 0 0 7 0 0 560 75 
221 0 29 39 2 0 1 2 0 0 20 0 0 1 6960 0 1 0 0 132 0 22934 53075 0 1 0 0 22806 0 0 3 79 0 0 0 0 0 757 6643 0 0 0 0 2406 0 0 1 72 13 0 
80313 20 0 39648 781 176 0 0 0 592 20 1 62 395 75653 0 0 0 0 0 2296 12299 0 0 0 0 8928 160 0 0 0 4 0 0 0 0 4045 6 0 0 0 0 23 0 2813 20767 52 0 1 0 
0 0 0 0 0 0 130 143 18 7 20247 0 0 0 0 0 2500 2590 0 172 1425 38 0 739 0 0 5316 0 3540 0 0 0 0 0 0 0 36463 0 2697 0 18740 0 0 0 273 37 14538 1 0 1 
0 0 0 26546 4 0 2 0 0 7 12 15 707 0 0 75 0 0 0 53348 0 0 59815 0 26 132 0 0 1 44856 73809 4907 0 0 0 0 0 0 0 52281 45 0 2 0 0 0 0 3850 0 0 
0 0 101 649 68 9 0 62996 0 0 0 0 0 0 3 0 1 23 45 59287 0 0 0 0 0 0 0 143 0 863 0 0 0 4045 36463 0 0 0 0 0 174 3839 0 0 2 4 4004 0 43084 0 
0 2898 0 0 23 10761 68 0 0 0 3 1 269 3 9732 0 0 0 970 136 0 4610 0 0 342 0 549 0 1 0 0 0 757 6 0 0 0 0 0 16055 4 5 400 0 0 0 0 9836 13712 0 
6 463 0 852 0 43 0 0 0 4995 0 13 0 154 67238 159 4 6171 0 0 0 0 74 402 0 0 0 20 0 0 0 0 6643 0 2697 0 0 0 0 0 0 0 37949 0 0 108 0 0 0 251 
14 7 0 0 31834 0 0 0 17 251 0 16 21 0 2490 31202 0 0 4 0 0 0 0 683 0 2830 2 0 1506 0 0 0 0 0 0 52281 0 16055 0 0 4 0 0 21741 88356 5975 6587 151 319 4966 
0 18186 0 0 0 0 11378 0 0 0 46847 94 41 15 42 10064 9018 0 0 24208 0 2 0 1755 0 0 26 0 0 0 0 0 0 0 18740 45 174 4 0 4 0 1 15 2035 0 597 0 179 3064 675 
0 18413 10364 145 0 564 1 0 88649 24 0 2192 2616 0 5 23019 0 0 68269 0 0 13117 0 0 1257 8948 0 0 31812 0 0 10158 0 0 0 0 3839 5 0 0 1 0 2 32672 0 12 0 0 1877 3756 
1 1 2953 4 2271 0 28 69894 7 46080 0 8423 39 6310 22494 8 24210 0 355 0 67187 81014 0 1295 0 3080 0 8007 0 22074 28 0 0 23 0 2 0 400 37949 0 15 2 0 0 22420 0 273 0 0 160 
0 0 0 21 7 0 434 3 0 45059 0 26017 66 3996 773 139 0 28 0 0 25412 0 0 0 0 11866 0 8851 0 520 0 0 2406 0 0 0 0 0 0 21741 2035 32672 0 0 0 184 3 59 8048 0 
32877 0 4180 1 0 0 40 26805 0 6578 0 0 44559 0 84957 956 0 1036 0 1 14 14 0 0 7 36 854 0 0 0 3 0 0 2813 273 0 2 0 0 88356 0 0 22420 0 0 105 4 0 0 12 
13 0 82 0 4912 0 0 237 0 0 0 0 788 817 0 0 39 17 4416 0 31 0 177 2 0 2 0 0 23491 0 0 7 0 20767 37 0 4 0 108 5975 597 12 0 184 105 0 15 0 0 0 
0 0 0 0 143 2 143 1540 23 0 9 0 26279 4 0 58351 527 0 0 0 0 3207 0 47 0 0 0 0 0 49249 0 0 1 52 14538 0 4004 0 0 6587 0 0 273 3 4 15 0 3 0 0 
1180 70 386 0 36 0 0 5424 0 1462 520 16 162 33580 86 69 0 0 2088 68 2384 332 0 18539 3140 10 256 0 9929 0 7 0 72 0 1 3850 0 9836 0 151 179 0 0 59 0 0 3 0 1 5068 
0 76 0 0 151 153 57 85 0 0 26470 63393 1 17475 0 0 113 0 21044 0 140 31 28243 10 1448 0 1846 0 316 0 4 560 13 1 0 0 43084 13712 0 319 3064 1877 0 8048 0 0 0 1 0 10783 
0 333 0 0 0 0 58224 94659 6319 0 8 0 0 12581 1 0 0 721 0 0 26355 0 15 3 39 58950 0 0 0 24 3 75 0 0 1 0 0 0 251 4966 675 3756 160 0 12 0 0 5068 10783 0 
0 11 456 19 1548 949 0 0 0 890 0 0 0 0 15203 0 18729 0 6 0 1 134 0 0 0 5854 0 0 0 0 2820 46 1 11355 0 0 0 0 162 557 0 0 26697 0 18 2 0 6 0 0 
11 0 0 0 1513 51 0 2556 1 11940 26616 0 0 82 3 0 0 0 351 1 53840 2592 0 0 0 0 0 3191 916 6 65 0 0 310 0 0 0 20774 2421 1 133 1 8 0 0 0 0 1 39 9353 
456 0 0 20 0 0 0 0 2 0 0 0 2 0 38976 0 0 0 0 12 4461 0 0 0 0 2 557 38 1 60 0 0 9 0 0 0 207 0 0 0 0 4642 490 0 443 2104 0 3 0 0 
19 0 20 0 73 28 6098 0 0 0 0 0 0 0 0 0 47 0 0 336 43420 0 438 0 0 0 117 0 39 0 0 14894 3098 48183 0 89872 1 0 105 0 0 59367 46 1178 2 0 0 0 0 0 
1548 1513 0 73 0 3226 0 0 2675 0 0 0 285 0 1290 10647 74 128 0 0 407 5 1015 0 0 0 0 305 20 0 43909 3298 5 3 0 85 4361 36 0 17 0 0 1 2332 0 18 13 46551 500 0 
949 51 0 28 3226 0 268 6 0 9883 98 0 0 0 0 78 0 0 31310 0 0 85187 3 0 15 0 8821 1 0 0 24663 61 0 9 0 0 43 68296 2257 0 0 5 0 0 0 0 39103 0 45518 0 
0 0 0 6098 0 268 0 62 70069 0 0 23858 0 2248 26 31430 331 4 0 0 444 0 0 41 0 0 0 0 0 4 75575 0 20 0 42 23739 0 30794 0 0 10229 14588 1017 290 12 0 7 0 29 36 
0 2556 0 0 0 6 62 0 0 0 0 425 1 0 0 161 0 20 1 4 0 12 3581 0 31256 0 0 84688 1 52051 187 11779 62024 0 8118 0 4 0 0 0 0 0 213 46612 182 639 52418 268 848 28 
0 1 2 0 2675 0 70069 0 0 13 20294 1015 0 0 0 0 10205 0 0 2903 0 0 0 21 407 0 5036 582 138 0 0 0 0 0 60834 0 0 0 0 17166 0 176 629 0 0 0 5 0 0 2 
890 11940 0 0 0 9883 0 0 13 0 0 0 0 0 0 109 9 0 0 6033 0 10698 4 26 3913 4459 26252 1762 0 4 0 14279 0 6836 99144 3445 0 0 526 1 0 240 1652 10 5 0 0 63120 0 0 
0 26616 0 0 0 98 0 0 20294 0 0 1 0 0 0 0 222 0 21464 0 4265 3 0 0 37918 0 0 0 0 258 0 0 1 1337 16 58 0 161 0 0 60293 0 0 0 0 0 14436 5 10065 1586 
0 0 0 0 0 0 23858 425 1015 0 1 0 0 14120 0 4 15126 0 0 2 0 317 0 0 42 2289 0 2105 1 68 27895 0 0 23898 0 119 0 1442 50 45 5 46 41 1 0 0 0 15 88 0 
0 0 2 0 285 0 0 1 0 0 0 0 0 83229 0 30689 0 2 0 0 0 169 2713 0 741 65 7855 889 11916 15827 1515 0 0 84562 0 211 0 6373 0 4 51 4750 27295 12 508 4111 5573 1 1344 0 
0 82 0 0 0 0 2248 0 0 0 0 14120 83229 0 31864 0 0 9476 0 0 0 399 43005 0 33 0 5447 20873 0 0 3134 1543 10 35547 0 0 0 1 9348 0 43 0 37 16 0 1099 469 266 1187 9 
15203 3 38976 0 1290 0 26 0 0 0 0 0 0 31864 0 0 0 3828 0 0 33 0 3156 2495 2 0 0 0 18087 81 0 0 32 393 0 0 64058 290 2 686 578 583 70 104 10 0 0 2461 0 1524 
0 0 0 0 10647 78 31430 161 0 109 0 4 30689 0 0 0 0 0 0 28 0 21758 2 5 52606 33 0 4714 0 0 0 140 0 0 0 1 0 0 40 17841 4 219 8759 1232 371 0 140 14 0 0 
18729 0 0 47 74 0 331 0 10205 9 222 15126 0 0 0 0 0 0 207 6 15690 0 42 0 344 12038 0 0 0 0 0 13117 57 0 9747 0 10 0 16 0 1 0 98 0 0 6 106 0 27809 0 
0 0 0 0 128 0 4 20 0 0 0 0 2 9476 3828 0 0 0 2 17 10776 29194 0 0 0 50881 44 0 6064 0 0 0 0 0 3114 0 10 0 7159 0 0 0 0 2 79 1 0 0 0 1 
6 351 0 0 0 31310 0 1 0 0 21464 0 0 0 0 0 207 2 0 0 0 0 133 3 0 0 0 0 66987 0 34 215 0 0 0 0 38 6177 0 23 0 18 4 0 0 1718 0 3 464 0 
0 1 12 336 0 0 0 4 2903 6033 0 2 0 0 0 28 6 17 0 0 1701 2719 0 4 14 0 1 4556 11601 0 22 4994 21258 0 5 49 51868 9744 0 0 33 0 0 0 33 0 0 34 0 0 
1 53840 4461 43420 407 0 444 0 0 0 4265 0 0 0 33 0 15690 10776 0 1701 0 0 142 0 3 828 2872 0 5805 11 0 1 0 34 14 0 0 0 0 0 0 0 588 12883 136 3 0 2055 15005 36773 
134 2592 0 0 5 85187 0 12 0 10698 3 317 169 399 0 21758 0 29194 0 2719 0 0 662 541 0 0 0 55040 0 0 1 71869 61 88193 11641 0 0 10 0 0 604 7 1 0 595 0 1856 24 5 0 
0 0 0 438 1015 3 0 3581 0 4 0 0 2713 43005 3156 2 42 0 133 0 142 662 0 5 21 0 0 82292 7485 15586 36267 0 15357 0 0 41 0 0 4 0 0 0 0 0 0 25730 0 0 170 33 
0 0 0 0 0 0 41 0 21 26 0 0 0 0 2495 5 0 0 3 4 0 541 5 0 0 0 32901 3234 0 0 5 0 0 0 6865 0 0 0 36 97 1 0 330 0 0 4499 68550 1062 42890 98 
0 0 0 0 0 15 0 31256 407 3913 37918 42 741 33 2 52606 344 0 0 14 3 0 21 0 0 1143 147 23099 15166 137 0 0 7248 0 0 1 0 58 0 0 0 31280 0 0 88 0 0 196 34601 915 
5854 0 2 0 0 0 0 0 0 4459 0 2289 65 0 0 33 12038 50881 0 0 828 0 0 0 1143 0 0 0 0 464 180 14097 0 0 0 1655 0 0 0 24237 0 27 21 6579 14 24601 0 45 0 1141 
0 0 557 117 0 8821 0 0 5036 26252 0 0 7855 5447 0 0 0 44 0 1 2872 0 0 32901 147 0 0 0 391 393 0 0 0 14 4 0 0 2 0 32 68 0 0 0 41287 0 0 60 10976 0 
0 3191 38 0 305 1 0 84688 582 1762 0 2105 889 20873 0 4714 0 0 0 4556 0 55040 82292 3234 23099 0 0 0 1679 37648 0 0 13 31 0 0 6722 0 1432 0 0 0 1 4402 0 0 0 0 0 0 
0 916 1 39 20 0 0 1 138 0 0 1 11916 0 18087 0 0 6064 66987 11601 5805 0 7485 0 15166 0 391 1679 0 0 0 0 0 0 170 188 0 116 0 44555 0 16287 0 0 0 25 0 18 957 0 
0 6 60 0 0 0 4 52051 0 4 258 68 15827 0 81 0 0 0 0 0 11 0 15586 0 137 464 393 37648 0 0 0 303 0 0 0 8 1886 0 0 0 0 0 219 379 0 0 38010 0 0 20580 
2820 65 0 0 43909 24663 75575 187 0 0 0 27895 1515 3134 0 0 0 0 34 22 0 1 36267 5 0 180 0 0 0 0 0 13366 45526 0 0 1 0 0 0 0 0 0 4 0 2257 0 0 4 1616 1 
46 0 0 14894 3298 61 0 11779 0 14279 0 0 0 1543 0 140 13117 0 215 4994 1 71869 0 0 0 14097 0 0 0 303 13366 0 9779 3 0 135 0 0 0 0 0 4018 0 0 0 8 0 0 59 2 
1 0 9 3098 5 0 20 62024 0 0 1 0 0 10 32 0 57 0 0 21258 0 61 15357 0 7248 0 0 13 0 0 45526 9779 0 0 0 0 0 3 4110 0 0 0 0 14648 0 0 94215 2728 1107 0 
11355 310 0 48183 3 9 0 0 0 6836 1337 23898 84562 35547 393 0 0 0 0 0 34 88193 0 0 0 0 14 31 0 0 0 3 0 0 0 0 54 51 0 0 0 0 17924 0 248 602 771 0 67 0 
0 0 0 0 0 0 42 8118 60834 99144 16 0 0 0 0 0 9747 3114 0 5 14 11641 0 6865 0 0 4 0 170 0 0 0 0 0 0 0 1 0 31220 0 784 0 0 0 2263 11 7175 27141 0 8154 
0 0 0 89872 85 0 23739 0 0 3445 58 119 211 0 0 1 0 0 0 49 0 0 41 0 1 1655 0 0 188 8 1 135 0 0 0 0 0 0 0 38793 9667 0 178 0 0 0 0 27190 0 0 
0 0 207 1 4361 43 0 4 0 0 0 0 0 0 64058 0 10 10 38 51868 0 0 0 0 0 0 0 6722 0 1886 0 0 0 54 1 0 0 0 0 0 4 329 0 0 80 967 11265 0 10465 0 
0 20774 0 0 36 68296 30794 0 0 0 161 1442 6373 1 290 0 0 0 6177 9744 0 10 0 0 58 0 2 0 116 0 0 0 3 51 0 0 0 0 0 9 1 9 11070 0 0 0 0 3470 14628 0 
162 2421 0 105 0 2257 0 0 0 526 0 50 0 9348 2 40 16 7159 0 0 0 0 4 36 0 0 0 1432 0 0 0 0 4110 0 31220 0 0 0 0 0 0 0 1914 0 0 5 0 0 0 1 
557 1 0 0 17 0 0 0 17166 1 0 45 4 0 686 17841 0 0 23 0 0 0 0 97 0 24237 32 0 44555 0 0 0 0 0 0 38793 0 9 0 0 105 0 0 2140 8 13 182 545 11 25341 
0 133 0 0 0 0 10229 0 0 0 60293 5 51 43 578 4 1 0 0 33 0 604 0 1 0 0 68 0 0 0 0 0 0 0 784 9667 4 1 0 105 0 9 390 3680 0 80 0 9927 82782 216 
0 1 4642 59367 0 5 14588 0 176 240 0 46 4750 0 583 219 0 0 18 0 0 7 0 0 31280 27 0 0 16287 0 0 4018 0 0 0 0 329 9 0 0 9 0 198 4 0 4338 0 0 1 902 
26697 8 490 46 1 0 1017 213 629 1652 0 41 27295 37 70 8759 98 0 4 0 588 1 0 330 0 21 0 1 0 219 4 0 0 17924 0 178 0 11070 1914 0 390 198 0 0 10895 0 2 0 0 1839 
0 0 0 1178 2332 0 290 46612 0 10 0 1 12 16 104 1232 0 2 0 0 12883 0 0 0 0 6579 0 4402 0 379 0 0 14648 0 0 0 0 0 0 2140 3680 4 0 0 0 1465 34490 16968 5652 0 
18 0 443 2 0 0 12 182 0 5 0 0 508 0 10 371 0 79 0 33 136 595 0 0 88 14 41287 0 0 0 2257 0 0 248 2263 0 80 0 0 8 0 0 10895 0 0 86 8 0 0 11 
2 0 2104 0 18 0 0 639 0 0 0 0 4111 1099 0 0 6 1 1718 0 3 0 25730 4499 0 24601 0 0 25 0 0 8 0 602 11 0 967 0 5 13 80 4338 0 1465 86 0 3 0 0 0 
0 0 0 0 13 39103 7 52418 5 0 14436 0 5573 469 0 140 106 0 0 0 0 1856 0 68550 0 0 0 0 0 38010 0 0 94215 771 7175 0 11265 0 0 182 0 0 2 34490 8 3 0 213 0 0 
6 1 3 0 46551 0 0 268 0 63120 5 15 1 266 2461 14 0 0 3 34 2055 24 0 1062 196 45 60 0 18 0 4 0 2728 0 27141 27190 0 3470 0 545 9927 0 0 16968 0 0 213 0 5427 839 
0 39 0 0 500 45518 29 848 0 0 10065 88 1344 1187 0 0 27809 0 464 0 15005 5 170 42890 34601 0 10976 0 957 0 1616 59 1107 67 0 0 10465 14628 0 11 82782 1 0 5652 0 0 0 5427 0 43029 
0 9353 0 0 0 0 36 28 2 0 1586 0 0 9 1524 0 0 1 0 0 36773 0 33 98 915 1141 0 0 0 20580 1 2 0 0 8154 0 0 0 1 25341 216 902 1839 0 11 0 0 839 43029 0 
