15 2
0 59 64 103 62 95 95 48 90 88 90 112 64 139 74 
59 0 70 49 40 62 36 46 31 30 43 69 27 80 26 
64 70 0 118 33 51 89 98 88 95 64 73 48 126 97 
103 49 118 0 85 94 38 68 34 23 68 88 69 56 28 
62 40 33 85 0 33 56 78 55 62 34 51 15 94 66 
95 62 51 94 33 0 57 107 59 71 25 22 37 82 84 
95 36 89 38 56 57 0 77 6 17 31 50 41 44 39 
48 46 98 68 78 107 77 0 71 63 90 115 69 117 41 
90 31 88 34 55 59 6 71 0 12 34 55 39 49 33 
88 30 95 23 62 71 17 63 12 0 46 67 46 53 23 
90 43 64 68 34 25 31 90 34 46 0 25 25 61 61 
112 69 73 88 51 22 50 115 55 67 25 0 49 63 86 
64 27 48 69 15 37 41 69 39 46 25 49 0 81 52 
139 80 126 56 94 82 44 117 49 53 61 63 81 0 75 
74 26 97 28 66 84 39 41 33 23 61 86 52 75 0 
0 0 93 290 22 0 0 34 11 303 64 0 0 1718 1 
0 0 3 6076 0 6717 2 1518 207 0 0 0 0 0 4 
93 3 0 84 0 1 0 140 0 0 28 83 0 109 0 
290 6076 84 0 0 0 0 3964 0 0 0 63092 2 0 3 
22 0 0 0 0 0 0 13697 0 39002 7 20905 0 27 0 
0 6717 1 0 0 0 0 0 50 0 0 232 0 0 40 
0 2 0 0 0 0 0 51486 0 12801 0 14 31339 56479 0 
34 1518 140 3964 13697 0 51486 0 0 0 19293 1230 40221 32 1222 
11 207 0 0 0 50 0 0 0 1 0 0 4 158 5365 
303 0 0 0 39002 0 12801 0 1 0 0 0 2 0 64894 
64 0 28 0 7 0 0 19293 0 0 0 0 2 0 23973 
0 0 83 63092 20905 232 14 1230 0 0 0 0 0 0 0 
0 0 0 2 0 0 31339 40221 4 2 2 0 0 0 6066 
1718 0 109 0 27 0 56479 32 158 0 0 0 0 0 9 
1 4 0 3 0 40 0 1222 5365 64894 23973 0 6066 9 0 
0 295 17 0 0 3416 58388 0 0 50762 0 60513 0 2349 0 
295 0 123 0 25 0 0 0 0 1493 0 479 2079 15 0 
17 123 0 0 39 0 12800 0 0 0 264 0 0 0 0 
0 0 0 0 0 7 39088 0 5 1424 18 0 0 2802 0 
0 25 39 0 0 16814 1455 0 0 0 3 0 34 0 0 
3416 0 0 7 16814 0 139 3 17135 0 7 0 28469 14 35024 
58388 0 12800 39088 1455 139 0 0 0 0 19 0 4 0 4935 
0 0 0 0 0 3 0 0 2 16 0 0 11 0 0 
0 0 0 5 0 17135 0 2 0 0 258 57919 0 0 0 
50762 1493 0 1424 0 0 0 16 0 0 0 0 0 1 1845 
0 0 264 18 3 7 19 0 258 0 0 161 0 2 0 
60513 479 0 0 0 0 0 0 57919 0 161 0 21 32 2 
0 2079 0 0 34 28469 4 11 0 0 0 21 0 24 0 
2349 15 0 2802 0 14 0 0 0 1 2 32 24 0 0 
0 0 0 0 0 35024 4935 0 0 1845 0 2 0 0 0 
