50 3
0 123 17 72 89 90 77 84 122 70 141 118 117 117 58 85 94 145 69 99 137 99 30 139 114 56 50 94 70 158 148 87 53 161 64 94 106 62 87 81 66 9 49 48 135 73 47 81 16 69 
123 0 116 51 121 48 96 115 59 63 25 47 40 16 64 39 31 87 58 23 83 33 103 24 65 67 92 40 53 45 35 36 95 46 119 29 43 89 107 43 57 113 75 95 85 58 91 43 139 54 
17 116 0 64 101 90 86 66 108 71 133 119 117 113 52 81 90 150 68 93 122 97 14 135 118 53 57 84 66 154 139 82 62 151 46 88 94 69 69 78 59 15 41 32 119 72 32 78 31 65 
72 51 64 0 97 39 71 77 62 33 69 64 60 49 13 21 29 104 24 28 84 38 52 71 72 21 53 26 13 91 77 19 58 89 74 23 41 56 72 18 5 62 23 46 83 30 41 18 88 13 
89 121 101 97 0 73 26 158 158 64 146 84 88 106 88 88 93 82 73 107 181 88 104 121 67 78 49 121 84 131 156 94 43 167 143 101 136 41 157 86 94 86 92 116 180 69 112 86 92 83 
90 48 90 39 73 0 47 116 91 20 73 28 27 34 42 20 20 64 22 35 115 15 82 53 32 38 48 55 28 69 83 26 49 95 111 30 68 42 111 21 41 81 54 82 115 17 77 21 104 28 
77 96 86 71 26 47 0 136 132 38 121 63 66 81 63 62 67 73 47 81 155 62 85 98 49 54 29 95 58 110 130 68 24 142 124 75 110 17 134 60 69 71 69 95 154 42 90 60 85 57 
84 115 66 77 158 116 136 0 73 105 118 141 136 120 76 98 104 181 98 96 73 114 56 139 149 84 109 75 89 160 120 94 114 129 22 95 74 118 9 96 75 79 67 42 70 103 46 96 96 88 
122 59 108 62 158 91 132 73 0 94 51 103 96 73 74 71 70 145 85 56 25 79 93 83 118 83 115 37 74 101 50 65 120 57 87 60 22 118 63 72 66 113 76 77 25 89 76 72 138 75 
70 63 71 33 64 20 38 105 94 0 87 48 47 52 29 25 32 79 8 44 117 32 64 72 47 21 28 56 20 89 96 31 31 108 97 38 71 26 102 23 32 61 39 67 116 5 62 23 84 19 
141 25 133 69 146 73 121 118 51 87 0 70 64 41 83 62 55 108 81 43 71 58 119 37 89 88 115 49 74 52 10 57 118 21 127 50 44 113 110 65 75 131 92 107 73 82 104 65 158 75 
118 47 119 64 84 28 63 141 103 48 70 0 6 30 70 43 37 42 50 48 128 26 110 38 19 66 73 72 55 47 80 46 73 90 138 47 82 64 135 45 67 109 82 109 128 46 104 45 132 56 
117 40 117 60 88 27 66 136 96 47 64 6 0 24 67 39 32 48 48 42 121 22 108 32 25 64 74 66 52 44 73 42 75 83 134 41 76 66 130 42 64 108 79 106 122 44 101 42 131 53 
117 16 113 49 106 34 81 120 73 52 41 30 24 0 60 31 22 72 48 24 98 19 101 21 48 61 81 46 46 42 51 31 83 62 122 26 54 76 113 35 54 107 72 95 99 47 91 35 132 48 
58 64 52 13 88 42 63 76 74 29 83 70 67 60 0 29 38 107 21 41 95 45 41 82 74 9 41 39 15 102 90 29 47 103 69 35 53 47 72 25 8 48 12 39 93 27 34 25 75 14 
85 39 81 21 88 20 62 98 71 25 62 43 39 31 29 0 9 83 18 19 96 17 70 53 51 29 52 34 14 73 71 6 56 83 95 13 49 51 92 3 25 75 41 67 95 20 62 3 101 16 
94 31 90 29 93 20 67 104 70 32 55 37 32 22 38 9 0 79 27 14 95 10 79 44 48 38 60 36 24 64 64 10 64 76 103 10 48 58 98 13 33 85 50 75 95 27 70 13 110 25 
145 87 150 104 82 64 73 181 145 79 108 42 48 72 107 83 79 0 85 91 170 68 144 71 32 101 95 114 92 67 117 88 93 125 176 89 125 84 176 85 106 138 118 146 171 79 141 85 156 93 
69 58 68 24 73 22 47 98 85 8 81 50 48 48 21 18 27 85 0 37 108 30 60 70 52 16 34 48 11 88 90 23 38 102 91 31 63 34 94 15 24 60 32 61 107 5 56 15 84 10 
99 23 93 28 107 35 81 96 56 44 43 48 42 24 41 19 14 91 37 0 81 23 80 43 62 45 71 23 30 64 52 13 75 65 98 6 34 70 89 21 33 89 51 72 81 39 68 21 115 31 
137 83 122 84 181 115 155 73 25 117 71 128 121 98 95 96 95 170 108 81 0 104 107 106 143 104 136 61 97 123 67 89 142 71 92 85 47 141 64 96 87 129 96 90 3 113 90 96 153 98 
99 33 97 38 88 15 62 114 79 32 58 26 22 19 45 17 10 68 30 23 104 0 87 40 38 44 61 46 30 58 68 19 63 79 112 20 58 56 108 20 42 90 57 84 105 28 79 20 114 32 
30 103 14 52 104 82 85 56 93 64 119 110 108 101 41 70 79 144 60 80 107 87 0 123 111 44 56 70 56 143 125 70 61 137 39 76 80 68 58 67 47 23 29 18 105 65 18 67 45 55 
139 24 135 71 121 53 98 139 83 72 37 38 32 21 82 53 44 71 70 43 106 40 123 0 57 83 101 64 68 21 46 52 103 54 142 47 68 95 131 57 76 129 94 116 107 68 112 57 154 69 
114 65 118 72 67 32 49 149 118 47 89 19 25 48 74 51 48 32 52 62 143 38 111 57 0 68 66 84 60 63 99 57 65 109 143 59 97 55 144 53 73 106 85 113 143 46 108 53 126 60 
56 67 53 21 78 38 54 84 83 21 88 66 64 61 9 29 38 101 16 45 104 44 44 83 68 0 32 47 14 102 96 31 37 109 75 39 62 37 81 25 17 46 17 45 103 21 40 25 71 13 
50 92 57 53 49 48 29 109 115 28 115 73 74 81 41 52 60 95 34 71 136 61 56 101 66 32 0 79 42 117 124 57 5 136 95 65 94 12 107 49 49 43 43 67 135 33 63 49 60 41 
94 40 84 26 121 55 95 75 37 56 49 72 66 46 39 34 36 114 48 23 61 46 70 64 84 47 79 0 37 85 55 28 84 67 79 25 15 81 67 35 30 84 45 57 60 52 54 35 111 38 
70 53 66 13 84 28 58 89 74 20 74 55 52 46 15 14 24 92 11 30 97 30 56 68 60 14 42 37 0 88 82 17 47 95 83 24 52 44 84 11 13 61 27 54 96 16 49 11 86 1 
158 45 154 91 131 69 110 160 101 89 52 47 44 42 102 73 64 67 88 64 123 58 143 21 63 102 117 85 88 0 58 73 118 62 163 68 88 110 152 76 96 148 114 137 125 86 132 76 173 89 
148 35 139 77 156 83 130 120 50 96 10 80 73 51 90 71 64 117 90 52 67 68 125 46 99 96 124 55 82 58 0 66 128 12 130 58 47 122 111 74 82 139 99 112 69 91 109 74 165 84 
87 36 82 19 94 26 68 94 65 31 57 46 42 31 29 6 10 88 23 13 89 19 70 52 57 31 57 28 17 73 66 0 61 78 93 7 42 57 88 8 23 77 41 65 89 26 60 8 103 18 
53 95 62 58 43 49 24 114 120 31 118 73 75 83 47 56 64 93 38 75 142 63 61 103 65 37 5 84 47 118 128 61 0 140 100 69 99 9 113 53 54 47 49 72 141 36 68 53 62 46 
161 46 151 89 167 95 142 129 57 108 21 90 83 62 103 83 76 125 102 65 71 79 137 54 109 109 136 67 95 62 12 78 140 0 141 71 58 134 120 86 95 151 112 124 74 103 121 86 177 96 
64 119 46 74 143 111 124 22 87 97 127 138 134 122 69 95 103 176 91 98 92 112 39 142 143 75 95 79 83 163 130 93 100 141 0 96 82 106 28 92 70 61 58 30 88 96 35 92 74 82 
94 29 88 23 101 30 75 95 60 38 50 47 41 26 35 13 10 89 31 6 85 20 76 47 59 39 65 25 24 68 58 7 69 71 96 0 38 64 89 15 29 84 47 69 85 33 64 15 110 25 
106 43 94 41 136 68 110 74 22 71 44 82 76 54 53 49 48 125 63 34 47 58 80 68 97 62 94 15 52 88 47 42 99 58 82 38 0 96 65 49 45 97 58 65 46 67 63 49 123 53 
62 89 69 56 41 42 17 118 118 26 113 64 66 76 47 51 58 84 34 70 141 56 68 95 55 37 12 81 44 110 122 57 9 134 106 64 96 0 116 49 53 55 52 77 140 31 72 49 72 43 
87 107 69 72 157 111 134 9 63 102 110 135 130 113 72 92 98 176 94 89 64 108 58 131 144 81 107 67 84 152 111 88 113 120 28 89 65 116 0 90 70 82 65 42 61 99 45 90 100 84 
81 43 78 18 86 21 60 96 72 23 65 45 42 35 25 3 13 85 15 21 96 20 67 57 53 25 49 35 11 76 74 8 53 86 92 15 49 49 90 0 22 72 37 64 96 18 59 0 97 12 
66 57 59 5 94 41 69 75 66 32 75 67 64 54 8 25 33 106 24 33 87 42 47 76 73 17 49 30 13 96 82 23 54 95 70 29 45 53 70 22 0 56 18 42 86 29 37 22 82 13 
9 113 15 62 86 81 71 79 113 61 131 109 108 107 48 75 85 138 60 89 129 90 23 129 106 46 43 84 61 148 139 77 47 151 61 84 97 55 82 72 56 0 39 41 127 63 40 72 26 59 
49 75 41 23 92 54 69 67 76 39 92 82 79 72 12 41 50 118 32 51 96 57 29 94 85 17 43 45 27 114 99 41 49 112 58 47 58 52 65 37 18 39 0 28 94 38 23 37 65 26 
48 95 32 46 116 82 95 42 77 67 107 109 106 95 39 67 75 146 61 72 90 84 18 116 113 45 67 57 54 137 112 65 72 124 30 69 65 77 42 64 42 41 28 0 87 66 5 64 63 53 
135 85 119 83 180 115 154 70 25 116 73 128 122 99 93 95 95 171 107 81 3 105 105 107 143 103 135 60 96 125 69 89 141 74 88 85 46 140 61 96 86 127 94 87 0 112 87 96 150 97 
73 58 72 30 69 17 42 103 89 5 82 46 44 47 27 20 27 79 5 39 113 28 65 68 46 21 33 52 16 86 91 26 36 103 96 33 67 31 99 18 29 63 38 66 112 0 61 18 87 16 
47 91 32 41 112 77 90 46 76 62 104 104 101 91 34 62 70 141 56 68 90 79 18 112 108 40 63 54 49 132 109 60 68 121 35 64 63 72 45 59 37 40 23 5 87 61 0 59 63 48 
81 43 78 18 86 21 60 96 72 23 65 45 42 35 25 3 13 85 15 21 96 20 67 57 53 25 49 35 11 76 74 8 53 86 92 15 49 49 90 0 22 72 37 64 96 18 59 0 97 12 
16 139 31 88 92 104 85 96 138 84 158 132 131 132 75 101 110 156 84 115 153 114 45 154 126 71 60 111 86 173 165 103 62 177 74 110 123 72 100 97 82 26 65 63 150 87 63 97 0 85 
69 54 65 13 83 28 57 88 75 19 75 56 53 48 14 16 25 93 10 31 98 32 55 69 60 13 41 38 1 89 84 18 46 96 82 25 53 43 84 12 13 59 26 53 97 16 48 12 85 0 
0 2 0 0 31205 23 37 0 0 212 2 5078 0 48741 0 1100 94414 0 0 1 0 1504 4333 4402 0 2 2072 0 0 14549 97 24038 0 1927 49577 1406 7 80 0 0 2823 68 0 4069 0 0 12 0 1674 0 
2 0 0 78 1664 1636 7549 0 23 0 11 0 35698 34 21 167 740 1 1 1 3 2690 220 138 15 57955 91 0 173 6 12714 0 0 374 0 113 9 0 798 0 7 0 68 0 57 0 1603 0 34101 0 
0 0 0 0 39732 0 119 0 0 0 0 0 75 0 1 0 0 6 0 0 0 0 0 354 0 2998 26 5 1 0 0 0 358 2 0 0 0 10007 0 0 45 0 97893 0 100 0 0 0 1 3854 
0 78 0 0 0 265 0 0 0 13243 0 35377 0 196 0 47456 0 3 2 0 8036 0 0 0 0 1000 1 22 7871 0 703 0 0 0 0 93 2963 5655 0 0 337 0 0 1341 0 0 0 0 1846 0 
31205 1664 39732 0 0 32 1094 0 0 1 0 0 23 33 0 525 0 8126 0 8 639 1554 0 596 220 0 918 95 0 125 0 75 73 0 4 105 14247 0 74 0 0 462 0 0 0 1 24 0 8 0 
23 1636 0 265 32 0 14718 21705 0 757 0 2 21 9060 0 0 0 2074 0 0 8 0 0 0 6287 0 0 293 0 0 0 1 84294 20147 0 1188 0 39649 47 0 955 0 7304 82568 3966 1 10712 3 0 5 
37 7549 119 0 1094 14718 0 44156 0 9747 0 0 4032 964 0 0 0 462 0 191 0 2 0 878 0 0 1 29594 0 763 305 0 158 4727 890 0 2 5062 10006 1587 0 3 4 0 1915 140 0 1642 53043 0 
0 0 0 0 0 21705 44156 0 0 0 0 0 0 714 313 0 0 0 3591 263 0 4 81763 64 0 0 62 336 12174 209 0 1068 19 4 0 0 0 3286 0 1450 94239 0 0 0 0 7015 0 0 0 0 
0 23 0 0 0 0 0 0 0 15049 0 48729 4111 0 0 48648 2 0 0 0 0 0 0 95 2 83768 0 0 2479 0 17246 0 60 0 0 0 0 169 14058 0 2140 0 1 19 13219 23 30424 2 138 1895 
212 0 0 13243 1 757 9747 0 15049 0 0 64012 0 0 0 32 0 2117 0 20 0 0 0 0 0 0 15011 0 37674 0 1187 7 0 996 0 22092 0 0 0 0 0 65292 14 833 1266 0 0 1 15 116 
2 11 0 0 0 0 0 0 0 0 0 0 65095 5 11111 0 14358 22325 3 0 32512 1189 386 0 37 10429 0 0 1342 0 0 0 1 7 1779 21007 0 0 25 44503 0 0 0 0 0 3130 6742 517 0 0 
5078 0 0 35377 0 2 0 0 48729 64012 0 0 0 2868 2025 2 5 0 0 21 0 0 0 0 45946 0 136 14394 0 0 0 33 0 0 2924 0 0 0 2222 65 135 82122 10 50640 810 0 0 0 0 0 
0 35698 75 0 23 21 4032 0 4111 0 65095 0 0 0 1889 12795 44 0 0 2729 1224 0 0 32 0 4 0 0 34 2049 0 0 13231 0 0 1215 0 1 0 67083 0 0 12 2 12664 69 366 0 0 8 
48741 34 0 196 33 9060 964 714 0 0 5 2868 0 0 0 21 0 9132 7 150 282 16 0 4 506 0 0 0 2507 0 0 0 0 6 0 0 30 52 0 0 0 0 0 6 10 5656 82 0 0 0 
0 21 1 0 0 0 0 313 0 0 11111 2025 1889 0 0 2 0 68389 0 0 0 0 0 0 0 0 1 0 0 2 0 0 3 0 0 29 4990 1931 7 279 975 1 0 1994 0 155 36802 39 0 6184 
1100 167 0 47456 525 0 0 0 48648 32 0 2 12795 21 2 0 162 0 0 0 89859 5800 2501 1382 0 8 77253 0 0 3529 30567 232 0 23 38 0 0 3651 44 696 0 0 0 0 0 0 489 0 634 35340 
94414 740 0 0 0 0 0 0 2 0 14358 5 44 0 0 162 0 264 70640 16271 0 204 528 4 0 83572 2087 0 0 263 2 0 725 147 0 11 91 5404 0 1671 8780 0 1406 0 0 0 0 0 0 0 
0 1 6 3 8126 2074 462 0 0 2117 22325 0 0 9132 68389 0 264 0 15250 157 1 71593 31 2 0 129 0 0 335 0 1 0 0 0 0 7 2859 42751 0 0 0 0 0 0 0 0 369 541 1869 1 
0 1 0 2 0 0 0 3591 0 0 3 0 0 7 0 0 70640 15250 0 1 0 0 0 0 295 0 31555 0 0 0 15 0 0 5 0 0 0 0 29515 206 0 143 0 0 0 0 19797 13 0 0 
1 1 0 0 8 0 191 263 0 20 0 21 2729 150 0 0 16271 157 1 0 0 0 16 0 0 1 0 4 0 0 4314 3754 0 956 0 56 6020 139 0 0 0 0 0 27552 4426 35 321 47 0 48645 
0 3 0 8036 639 8 0 0 0 0 32512 0 1224 282 0 89859 0 1 0 0 0 2 0 3109 656 28 0 0 3563 0 0 0 0 0 9085 2540 18978 3 634 3 150 4796 3 10 0 0 2 0 14156 0 
1504 2690 0 0 1554 0 2 4 0 0 1189 0 0 16 0 5800 204 71593 0 0 2 0 0 256 0 0 0 6102 4778 47 10 0 5 56 500 6 0 0 4 0 0 1183 20 0 0 0 0 0 12981 0 
4333 220 0 0 0 0 0 81763 0 0 386 0 0 0 0 2501 528 31 0 16 0 0 0 0 0 0 0 0 0 97037 0 3 16 0 666 0 0 0 82 0 18 0 0 39362 2 0 0 0 14067 676 
4402 138 354 0 596 0 878 64 95 0 0 0 32 4 0 1382 4 2 0 0 3109 256 0 0 0 43624 0 0 4230 6743 0 0 0 0 54 2427 0 148 151 125 57 0 0 0 26005 0 0 6832 18 0 
0 15 0 0 220 6287 0 0 2 0 37 45946 0 506 0 0 0 0 295 0 656 0 0 0 0 140 0 0 8 154 4482 8 0 0 0 0 2 27 5 279 0 0 0 6 0 0 2 0 1 224 
2 57955 2998 1000 0 0 0 0 83768 0 10429 0 4 0 0 8 83572 129 0 1 28 0 0 43624 140 0 1270 165 28 2 318 0 0 0 1 71 0 0 0 0 44 1 2 0 0 0 13173 476 106 274 
2072 91 26 1 918 0 1 62 0 15011 0 136 0 0 1 77253 2087 0 31555 0 0 0 0 0 0 1270 0 20895 41 15 0 0 0 363 0 0 0 0 0 586 15031 0 0 0 191 23 0 140 2 7 
0 0 5 22 95 293 29594 336 0 0 0 14394 0 0 0 0 0 0 0 4 0 6102 0 0 0 165 20895 0 0 17 1 0 0 2 47919 0 0 0 0 6 0 62120 5 0 0 189 40 0 0 0 
0 173 1 7871 0 0 0 12174 2479 37674 1342 0 34 2507 0 0 0 335 0 0 3563 4778 0 4230 8 28 41 0 0 0 3265 18790 0 0 0 0 11 24311 1351 0 78064 0 0 9 21 241 22 25 0 0 
14549 6 0 0 125 0 763 209 0 0 0 0 2049 0 2 3529 263 0 0 0 0 47 97037 6743 154 2 15 17 0 0 0 0 0 0 10099 88838 0 43846 0 4568 12965 22004 0 0 2362 19 44 0 0 667 
97 12714 0 703 0 0 305 0 17246 1187 0 0 0 0 0 30567 2 1 15 4314 0 10 0 0 4482 318 0 1 3265 0 0 53924 1313 4 120 0 0 0 0 2415 0 0 83987 0 0 74448 289 277 0 0 
24038 0 0 0 75 1 0 1068 0 7 0 33 0 0 0 232 0 0 0 3754 0 0 3 0 8 0 0 0 18790 0 53924 0 0 832 220 4 0 22599 3 0 61885 1360 0 0 0 0 1 0 32 54021 
0 0 358 0 73 84294 158 19 60 0 1 0 13231 0 3 0 725 0 0 0 0 5 16 0 0 0 0 0 0 0 1313 0 0 254 0 8331 21954 1 0 0 0 22077 0 11 0 0 0 488 0 6651 
1927 374 2 0 0 20147 4727 4 0 996 7 0 0 6 0 23 147 0 5 956 0 56 0 0 0 0 363 2 0 0 4 832 254 0 33883 0 10 0 66 0 0 1031 1 0 0 0 0 6 2782 0 
49577 0 0 0 4 0 890 0 0 0 1779 2924 0 0 0 38 0 0 0 0 9085 500 666 54 0 1 0 47919 0 10099 120 220 0 33883 0 2126 2 0 1 0 0 1017 0 0 0 0 0 14003 13 0 
1406 113 0 93 105 1188 0 0 0 22092 21007 0 1215 0 29 0 11 7 0 56 2540 6 0 2427 0 71 0 0 0 88838 0 4 8331 0 2126 0 0 73 0 1 0 23 179 0 87713 0 0 784 0 0 
7 9 0 2963 14247 0 2 0 0 0 0 0 0 30 4990 0 91 2859 0 6020 18978 0 0 0 2 0 0 0 11 0 0 0 21954 10 2 0 0 0 0 0 570 403 3 2 7 3194 0 249 0 0 
80 0 10007 5655 0 39649 5062 3286 169 0 0 0 1 52 1931 3651 5404 42751 0 139 3 0 0 148 27 0 0 0 24311 43846 0 22599 1 0 0 73 0 0 9047 0 0 356 1 0 170 7245 0 0 1362 0 
0 798 0 0 74 47 10006 0 14058 0 25 2222 0 0 7 44 0 0 29515 0 634 4 82 151 5 0 0 0 1351 0 0 3 0 66 1 0 0 9047 0 22 0 28547 0 1348 0 0 0 0 5 0 
0 0 0 0 0 0 1587 1450 0 0 44503 65 67083 0 279 696 1671 0 206 0 3 0 0 125 279 0 586 6 0 4568 2415 0 0 0 0 1 0 0 22 0 2 0 0 0 0 5328 0 13146 0 36225 
2823 7 45 337 0 955 0 94239 2140 0 0 135 0 0 975 0 8780 0 0 0 150 0 18 57 0 44 15031 0 78064 12965 0 61885 0 0 0 0 570 0 0 2 0 0 47644 0 0 0 45211 781 0 0 
68 0 0 0 462 0 3 0 0 65292 0 82122 0 0 1 0 0 0 143 0 4796 1183 0 0 0 1 0 62120 0 22004 0 1360 22077 1031 1017 23 403 356 28547 0 0 0 3602 865 6899 330 95862 4 0 1901 
0 68 97893 0 0 7304 4 0 1 14 0 10 12 0 0 0 1406 0 0 0 3 20 0 0 0 2 0 5 0 0 83987 0 0 1 0 179 3 1 0 0 47644 3602 0 7 1350 0 6047 37051 38 0 
4069 0 0 1341 0 82568 0 0 19 833 0 50640 2 6 1994 0 0 0 0 27552 10 0 39362 0 6 0 0 0 9 0 0 0 11 0 0 0 2 0 1348 0 0 865 7 0 0 0 0 32784 175 8912 
0 57 100 0 0 3966 1915 0 13219 1266 0 810 12664 10 0 0 0 0 0 4426 0 0 2 26005 0 0 191 0 21 2362 0 0 0 0 0 87713 7 170 0 0 0 6899 1350 0 0 0 0 762 36465 4406 
0 0 0 0 1 1 140 7015 23 0 3130 0 69 5656 155 0 0 0 0 35 0 0 0 0 0 0 23 189 241 19 74448 0 0 0 0 0 3194 7245 0 5328 0 330 0 0 0 0 0 0 0 0 
12 1603 0 0 24 10712 0 0 30424 0 6742 0 366 82 36802 489 0 369 19797 321 2 0 0 0 2 13173 0 40 22 44 289 1 0 0 0 0 0 0 0 0 45211 95862 6047 0 0 0 0 0 0 0 
0 0 0 0 0 3 1642 0 2 1 517 0 0 0 39 0 0 541 13 47 0 0 0 6832 0 476 140 0 25 0 277 0 488 6 14003 784 249 0 0 13146 781 4 37051 32784 762 0 0 0 86974 0 
1674 34101 1 1846 8 0 53043 0 138 15 0 0 0 0 0 634 0 1869 0 0 14156 12981 14067 18 1 106 2 0 0 0 0 32 0 2782 13 0 0 1362 5 0 0 0 38 175 36465 0 0 86974 0 11 
0 0 3854 0 0 5 0 0 1895 116 0 0 8 0 6184 35340 0 1 0 48645 0 0 676 0 224 274 7 0 0 667 0 54021 6651 0 0 0 0 0 0 36225 0 1901 0 8912 4406 0 0 0 11 0 
0 0 7 534 0 0 0 11 17183 0 0 0 39282 0 1 0 0 5 2311 0 1409 0 0 0 7267 0 0 448 236 0 0 0 17 0 0 0 0 0 2489 7766 0 0 25 0 26466 5064 0 6 0 1 
0 0 59489 0 0 0 0 6207 0 64759 0 1471 0 0 0 0 0 0 0 0 0 0 0 0 0 0 0 350 0 0 0 14672 1 0 1 0 0 8913 0 1 0 53331 0 1027 0 83976 0 9518 0 11 
7 59489 0 1236 0 24 0 67 6 26636 264 426 0 65027 0 11 63 0 680 10 2272 13 1411 0 90 0 0 0 0 7 57886 38 0 0 28 69 389 0 7 54920 0 1 0 6741 0 2 34 4 0 0 
534 0 1236 0 5041 0 15584 7 27569 0 49 0 3 0 63 0 2196 0 0 4 0 1392 2820 562 2604 0 0 0 0 397 0 680 12698 1497 8621 0 0 0 345 2687 0 23156 120 0 24 858 62 16 0 1 
0 0 0 5041 0 0 0 201 6559 0 14114 14991 0 0 951 0 3963 0 1 0 0 0 139 0 0 11 0 0 15977 0 12768 0 0 26 0 0 0 42532 0 5150 4 0 2625 5 14 0 0 19 0 6407 
0 0 24 0 0 0 0 0 7 0 7606 0 0 0 24255 5 293 0 114 29 0 7 182 46 0 71980 302 0 60 5978 45 0 0 0 72 0 83 0 0 2307 0 10 0 0 0 0 0 0 732 0 
0 0 0 15584 0 0 0 0 31 0 7411 3 0 0 703 13925 46 0 418 0 20935 0 141 0 491 2 0 0 1 0 0 44482 0 0 0 45 0 0 0 0 30 0 0 4330 0 0 3 0 0 3255 
11 6207 67 7 201 0 0 0 458 25275 1 1381 3476 0 0 20215 969 6449 0 0 2 0 0 0 27 8 0 0 0 0 6 0 0 0 1 39 167 0 489 0 0 44 487 2852 186 0 10 23632 111 6962 
17183 0 6 27569 6559 7 31 458 0 0 3 0 0 45 40401 0 0 11966 26 91 454 2 284 0 0 0 3 8568 0 260 0 6411 0 1 4612 1487 21835 0 0 436 0 67053 0 0 0 0 0 0 0 0 
0 64759 26636 0 0 0 0 25275 0 0 128 0 6563 4541 600 0 13 0 52197 0 16 1 1090 65 198 67 0 20217 0 971 0 0 46692 0 232 0 369 455 471 4 117 0 0 0 0 1623 13 0 0 0 
0 0 264 49 14114 7606 7411 1 3 128 0 1 0 0 0 419 0 0 0 249 0 0 0 242 0 0 377 45413 0 48788 4311 1 0 0 0 0 1 387 0 0 18009 49264 109 143 1761 0 0 0 20455 801 
0 1471 426 0 14991 0 3 1381 0 0 1 0 1191 0 0 0 0 262 11184 0 4 4370 8557 43 0 53648 0 0 203 3132 1 0 158 178 0 10824 16 9 0 0 0 0 0 0 0 4 542 28 15 9 
39282 0 0 3 0 0 0 3476 0 6563 0 1191 0 2295 0 0 0 37 1037 0 0 295 7 0 492 0 150 15836 0 0 1 104 0 5024 32832 0 3 0 2451 0 152 165 0 0 0 0 0 186 533 0 
0 0 65027 0 0 0 0 0 45 4541 0 0 2295 0 9 0 972 0 0 0 0 0 15 0 0 8365 1267 16 0 392 24 95 3488 0 6 150 0 0 12 11797 1719 173 34 0 0 0 0 90303 88 11559 
1 0 0 63 951 24255 703 0 40401 600 0 0 0 9 0 0 834 0 73929 47 12 76 32 8598 28 117 0 1 5 0 608 45 0 3010 887 0 0 0 0 0 0 0 7 0 261 0 0 0 81 0 
0 0 11 0 0 5 13925 20215 0 0 419 0 0 0 0 0 0 9198 395 485 0 0 0 0 3 0 0 5 76452 0 0 0 4313 0 0 60114 22584 0 0 0 28940 41122 18 133 5 111 0 13 0 0 
0 0 63 2196 3963 293 46 969 0 13 0 0 0 972 834 0 0 0 0 0 21055 0 0 0 351 0 0 63 7 0 0 2567 0 0 375 0 0 0 31183 0 0 24 0 15 216 20304 10 7 18698 70859 
5 0 0 0 0 0 0 6449 11966 0 0 262 37 0 0 9198 0 0 0 0 0 0 0 0 1 0 89218 41 0 151 0 20 6878 71259 67 0 0 0 17 15461 35769 3392 71511 2 48573 23708 0 0 0 0 
2311 0 680 0 1 114 418 0 26 52197 0 11184 1037 0 73929 395 0 0 0 0 2011 78 59 4 0 1 0 16654 2289 40 0 87 8 0 18190 18 2 1833 0 0 10910 0 16991 10585 18 15 0 0 1123 13 
0 0 10 4 0 29 0 0 91 0 249 0 0 0 47 485 0 0 0 0 3 7 0 870 20118 0 35206 0 178 36 0 0 1 0 5 0 0 0 59841 4 4357 562 157 0 0 0 0 0 87 0 
1409 0 2272 0 0 0 20935 2 454 16 0 4 0 0 12 0 21055 0 2011 3 0 0 14117 0 0 0 61 2 0 1036 147 6829 195 186 0 0 0 0 0 0 0 0 0 0 5085 1 0 5152 0 40877 
0 0 13 1392 0 7 0 0 2 1 0 4370 295 0 76 0 0 0 78 7 0 0 69044 0 6 90734 148 0 0 0 0 412 0 0 0 0 1 13598 0 27209 1436 0 0 1 13579 50806 175 6117 0 165 
0 0 1411 2820 139 182 141 0 284 1090 0 8557 7 15 32 0 0 0 59 0 14117 69044 0 76 6253 87985 1233 1 49 0 6286 0 0 98416 0 52 12 1049 0 895 0 53728 3 0 0 54 11 33262 0 0 
0 0 0 562 0 46 0 0 0 65 242 43 0 0 8598 0 0 0 4 870 0 0 76 0 65951 0 7 6868 0 0 11098 5180 45046 14 0 0 2 0 0 0 0 6 86 1806 0 8341 28268 0 0 1148 
7267 0 90 2604 0 0 491 27 0 198 0 0 492 0 28 3 351 1 0 20118 0 6 6253 65951 0 0 229 456 0 0 0 0 2 194 8230 14 0 0 0 0 11 1141 97 0 44727 51086 0 5649 0 0 
0 0 0 0 11 71980 2 8 0 67 0 53648 0 8365 117 0 0 0 1 0 0 90734 87985 0 0 0 0 0 0 0 0 1370 4 25142 0 0 31977 25442 1 59229 0 0 0 2 2 3 0 0 0 0 
0 0 0 0 0 302 0 0 3 0 377 0 150 1267 0 0 0 89218 0 35206 61 148 1233 7 229 0 0 0 0 0 7669 60 24477 0 77 704 258 7166 160 0 0 117 30 40909 0 0 44 0 0 0 
448 350 0 0 0 0 0 0 8568 20217 45413 0 15836 16 1 5 63 41 16654 0 2 0 1 6868 456 0 0 0 500 0 0 35893 354 0 0 8 2 1 1 0 33085 0 0 182 2 0 0 719 20497 2 
236 0 0 0 15977 60 1 0 0 0 0 203 0 0 5 76452 7 0 2289 178 0 0 49 0 0 0 0 500 0 6 0 0 2 157 55 614 0 0 0 37958 0 1 85382 0 0 0 0 0 915 10 
0 0 7 397 0 5978 0 0 260 971 48788 3132 0 392 0 0 0 151 40 36 1036 0 0 0 0 0 0 0 6 0 7 658 3 170 0 0 26295 0 31702 0 0 0 3851 4597 0 0 0 1176 84586 0 
0 0 57886 0 12768 45 0 6 0 0 4311 1 1 24 608 0 0 0 0 0 147 0 6286 11098 0 0 7669 0 0 7 0 0 0 0 0 86290 86328 3268 7431 0 368 13 0 2 80 0 0 0 3130 10115 
0 14672 38 680 0 0 44482 0 6411 0 1 0 104 95 45 0 2567 20 87 0 6829 412 0 5180 0 1370 60 35893 0 658 0 0 5810 0 0 0 3269 0 0 30 0 0 6551 6196 13 41 0 4624 0 0 
17 1 0 12698 0 0 0 0 0 46692 0 158 0 3488 0 4313 0 6878 8 1 195 0 0 45046 2 4 24477 354 2 3 0 5810 0 0 260 0 0 0 12230 201 54 0 79374 0 180 222 12273 0 1543 0 
0 0 0 1497 26 0 0 0 1 0 0 178 5024 0 3010 0 0 71259 0 0 186 0 98416 14 194 25142 0 0 157 170 0 0 0 0 0 2677 0 78 0 698 12 0 0 38951 2311 69150 71620 0 0 1139 
0 1 28 8621 0 72 0 1 4612 232 0 0 32832 6 887 0 375 67 18190 5 0 0 0 0 8230 0 77 0 55 0 0 0 260 0 0 0 0 62 0 143 5 0 19272 108 47 3 8065 0 0 3997 
0 0 69 0 0 0 45 39 1487 0 0 10824 0 150 0 60114 0 0 18 0 0 0 52 0 14 0 704 8 614 0 86290 0 0 2677 0 0 689 0 180 0 7 0 0 16 0 3 67311 0 3 19 
0 0 389 0 0 83 0 167 21835 369 1 16 3 0 0 22584 0 0 2 0 0 1 12 2 0 31977 258 2 0 26295 86328 3269 0 0 0 689 0 1 1397 13413 0 0 0 0 0 0 3 0 6398 86 
0 8913 0 0 42532 0 0 0 0 455 387 9 0 0 0 0 0 0 1833 0 0 13598 1049 0 0 25442 7166 1 0 0 3268 0 0 78 62 0 1 0 0 7775 1889 0 0 866 0 0 5 11 0 101 
2489 0 7 345 0 0 0 489 0 471 0 0 2451 12 0 0 31183 17 0 59841 0 0 0 0 0 1 160 1 0 31702 7431 0 12230 0 0 180 1397 0 0 0 891 0 11509 0 127 74150 31 1 0 9645 
7766 1 54920 2687 5150 2307 0 0 436 4 0 0 0 11797 0 0 0 15461 0 4 0 27209 895 0 0 59229 0 0 37958 0 0 30 201 698 143 0 13413 7775 0 0 0 33 7871 41737 961 0 2 0 1 0 
0 0 0 0 4 0 30 0 0 117 18009 0 152 1719 0 28940 0 35769 10910 4357 0 1436 0 0 11 0 0 33085 0 0 368 0 54 12 5 7 0 1889 891 0 0 7 0 62 951 384 0 0 1419 20165 
0 53331 1 23156 0 10 0 44 67053 0 49264 0 165 173 0 41122 24 3392 0 562 0 0 53728 6 1141 0 117 0 1 0 13 0 0 0 0 0 0 0 0 33 7 0 0 0 0 0 0 0 17839 0 
25 0 0 120 2625 0 0 487 0 0 109 0 0 34 7 18 0 71511 16991 157 0 0 3 86 97 0 30 0 85382 3851 0 6551 79374 0 19272 0 0 0 11509 7871 0 0 0 0 0 18572 0 0 0 1428 
0 1027 6741 0 5 0 4330 2852 0 0 143 0 0 0 0 133 15 2 10585 0 0 1 0 1806 0 2 40909 182 0 4597 2 6196 0 38951 108 16 0 866 0 41737 62 0 0 0 1237 1616 8332 0 0 0 
26466 0 0 24 14 0 0 186 0 0 1761 0 0 0 261 5 216 48573 18 0 5085 13579 0 0 44727 2 0 2 0 0 80 13 180 2311 47 0 0 0 127 961 951 0 0 1237 0 1614 13 0 0 0 
5064 83976 2 858 0 0 0 0 0 1623 0 4 0 0 0 111 20304 23708 15 0 1 50806 54 8341 51086 3 0 0 0 0 0 41 222 69150 3 3 0 0 74150 0 384 0 18572 1616 1614 0 41 13164 49 4104 
0 0 34 62 0 0 3 10 0 13 0 542 0 0 0 0 10 0 0 0 0 175 11 28268 0 0 44 0 0 0 0 0 12273 71620 8065 67311 3 5 31 2 0 0 0 8332 13 41 0 703 43229 3105 
6 9518 4 16 19 0 0 23632 0 0 0 28 186 90303 0 13 7 0 0 0 5152 6117 33262 0 5649 0 0 719 0 1176 0 4624 0 0 0 0 0 11 1 0 0 0 0 0 0 13164 703 0 0 3002 
0 0 0 0 0 732 0 111 0 0 20455 15 533 88 81 0 18698 0 1123 87 0 0 0 0 0 0 0 20497 915 84586 3130 0 1543 0 0 3 6398 0 0 1 1419 17839 0 0 0 49 43229 0 0 0 
1 11 0 1 6407 0 3255 6962 0 0 801 9 0 11559 0 0 70859 0 13 0 40877 165 0 1148 0 0 0 2 10 0 10115 0 0 1139 3997 19 86 101 9645 0 20165 0 1428 0 0 4104 3105 3002 0 0 
0 0 1969 4413 0 0 0 18953 144 0 0 0 94 0 1 0 0 1037 36 0 11 0 0 0 320 0 0 24595 4 0 0 0 22 0 0 0 0 0 1 58495 0 0 1 0 209 1073 0 18 0 17 
0 0 12696 0 0 0 0 1 0 20 0 3630 0 0 0 0 0 0 0 0 0 0 0 0 0 0 0 43 0 0 0 21 3 0 23 0 0 8520 0 418 0 16 0 3187 0 703 0 4 0 8975 
1969 12696 0 46 0 5625 0 1 1631 12 2 5042 0 385 0 3 546 0 2 3066 148 92954 1 0 90 0 0 0 0 23 265 1580 0 0 4 4 20773 0 2514 8 0 20 0 13390 0 1 133 4371 0 0 
4413 0 46 0 3553 0 1 10345 178 0 603 0 252 0 47659 0 8523 0 0 250 0 88 245 51730 4570 0 0 0 0 9 0 28 79151 10 530 0 0 0 112 11433 0 24787 2561 0 5272 12450 3 5823 0 15721 
0 0 0 3553 0 0 0 243 2431 0 69 15 0 0 24 0 492 0 779 0 0 0 3471 0 0 4169 0 0 122 0 29 0 0 4307 0 0 0 86 0 14150 4653 0 29989 14953 29 0 0 21 0 2129 
0 0 5625 0 0 0 0 0 1535 0 37 0 0 0 16 68758 203 0 77 60 0 1 602 38 0 632 697 0 2 132 33208 0 0 0 1497 0 112 0 0 87126 0 2291 0 0 0 0 0 0 1 0 
0 0 0 1 0 0 0 0 23172 0 43 267 0 0 153 210 55876 0 2 0 52358 0 6154 0 33 15 0 0 3 0 0 64 0 0 0 9787 0 0 0 0 19653 0 0 2107 0 0 1336 0 0 1850 
18953 1 1 10345 243 0 0 0 5 1834 1 2089 40 0 0 26988 1 119 0 0 510 0 0 0 1 234 0 0 0 0 174 0 0 0 1 66 8019 0 11122 0 0 9008 10555 1475 2928 0 24 4 56 21644 
144 0 1631 178 2431 1535 23172 5 0 0 37 0 0 57 262 0 0 4435 1816 223 361 3995 5727 0 0 0 49380 16837 0 1220 0 44305 0 12632 6408 4060 1 0 0 209 0 8 0 0 0 0 0 0 0 0 
0 20 12 0 0 0 0 1834 0 0 1 0 7389 491 1056 0 117 0 4968 0 2326 115 10166 19 2435 26492 0 1003 0 8453 0 0 7 0 7614 0 4316 17 5387 3533 1 0 0 0 0 3 416 0 0 0 
0 0 2 603 69 37 43 1 37 1 0 373 0 0 0 607 0 0 0 3547 0 0 0 115 0 0 22 81 0 4 136 123 0 0 0 0 42 383 0 0 6 125 32263 169 7 0 0 0 24 10 
0 3630 5042 0 15 0 267 2089 0 0 373 0 8781 0 0 0 0 891 4 0 87 1412 3922 23 0 21127 0 0 16153 49 9882 0 23 2278 0 184 3526 4 0 0 0 0 0 0 0 2389 14192 3 402 2 
94 0 0 252 0 0 0 40 0 7389 0 8781 0 305 0 0 0 84 7 0 0 269 2441 0 1434 0 354 10 0 0 1 170 0 14 58575 0 30923 0 30825 0 62604 461 0 0 0 0 0 1666 1 0 
0 0 385 0 0 0 0 0 57 491 0 0 305 0 1741 0 2 0 0 0 0 0 16 0 0 73933 2390 84784 0 7771 72 4440 5 0 3401 72 0 0 13732 3018 285 19077 18637 0 0 0 0 1748 98 418 
1 0 0 47659 24 16 153 0 262 1056 0 0 0 1741 0 0 399 0 23 67 55 8811 5007 1 3385 22 0 40239 28030 0 29 10 0 431 19328 0 0 0 0 0 0 0 8136 0 4 0 0 0 19 0 
0 0 3 0 0 68758 210 26988 0 0 607 0 0 0 0 0 0 70937 677 3426 0 0 0 0 4 0 0 1 282 0 0 0 470 0 0 122 250 0 0 0 10464 2 363 274 3 6 0 55570 0 0 
0 0 546 8523 492 203 55876 1 0 117 0 0 0 2 399 0 0 0 0 0 11491 0 0 0 312 0 0 211 1 0 0 41954 0 0 565 0 0 0 2167 0 0 13 0 1 433 7 4 337 137 43 
1037 0 0 0 0 0 0 119 4435 0 0 891 84 0 0 70937 0 0 0 0 0 0 0 0 1 0 7394 34 0 3629 0 1 7 35 8 0 0 0 26008 135 1229 2 59630 59622 28688 376 0 0 0 0 
36 0 2 0 779 77 2 0 1816 4968 0 4 7 0 23 677 0 0 0 0 35 432 62660 1454 0 159 0 16 18 12 0 11716 233 0 9 249 34819 308 0 0 100 0 62344 2056 35 354 0 0 3 885 
0 0 3066 250 0 60 0 0 223 0 3547 0 0 0 67 3426 0 0 0 0 4 12 0 16 6 0 2875 0 1099 1 0 0 1 0 5 0 0 0 19277 16464 6268 3409 957 0 0 0 0 0 11415 0 
11 0 148 0 0 0 52358 510 361 2326 0 87 0 0 55 0 11491 0 35 4 0 0 18 0 0 0 14157 177 0 504 15 100 192 13 0 0 0 0 0 0 0 0 0 0 37 55905 0 263 0 27989 
0 0 92954 88 0 1 0 0 3995 115 0 1412 269 0 8811 0 0 0 432 12 0 0 11 0 75 3493 14 0 0 0 0 10006 0 0 0 0 260 34 0 19007 2 0 0 4366 9 10444 4754 70723 0 2 
0 0 1 245 3471 602 6154 0 5727 10166 0 3922 2441 16 5007 0 0 0 62660 0 18 11 0 55 37 359 69081 15100 3 0 40569 0 0 7726 0 136 5 50606 0 13648 0 90263 397 0 0 77 1039 2 0 0 
0 0 0 51730 0 38 0 0 0 19 115 23 0 0 1 0 0 0 1454 16 0 0 55 0 3171 0 64747 1 0 0 2153 1 20875 67956 0 0 1 0 0 0 0 4893 240 19 0 7 2096 0 0 6 
320 0 90 4570 0 0 33 1 0 2435 0 0 1434 0 3385 4 312 1 0 6 0 75 37 3171 0 0 13705 2120 0 0 0 0 31710 181 872 553 0 0 0 0 78 24902 16 0 167 3911 0 398 0 0 
0 0 0 0 4169 632 15 234 0 26492 0 21127 0 73933 22 0 0 0 159 0 0 3493 359 0 0 0 0 0 0 0 0 4 95859 60 0 0 94295 4 180 12 0 0 0 4 78 31349 0 0 0 0 
0 0 0 0 0 697 0 0 49380 0 22 0 354 2390 0 0 0 7394 0 2875 14157 14 69081 64747 13705 0 0 0 0 0 444 3441 323 0 5 183 17 4 29411 0 0 607 7 6813 0 0 1166 0 0 0 
24595 43 0 0 0 0 0 0 16837 1003 81 0 10 84784 40239 1 211 34 16 0 177 0 15100 1 2120 0 0 0 2 0 0 10091 62 0 0 111 305 3 1447 0 20130 0 0 1 27000 0 0 12 96 9 
4 0 0 0 122 2 3 0 0 0 0 16153 0 0 28030 282 1 0 18 1099 0 0 3 0 0 0 0 2 0 17 0 0 6283 120 9276 893 0 0 0 16277 0 6 280 0 0 0 0 0 18 4546 
0 0 23 9 0 132 0 0 1220 8453 4 49 0 7771 0 0 0 3629 12 1 504 0 0 0 0 0 0 0 17 0 161 19319 917 441 0 0 43370 0 1 0 0 0 82 116 0 0 0 11075 4 0 
0 0 265 0 29 33208 0 174 0 0 136 9882 1 72 29 0 0 0 0 0 15 0 40569 2153 0 0 444 0 0 161 0 0 0 0 0 89776 226 70462 543 0 69649 12091 0 2960 10 0 0 0 16 2 
0 21 1580 28 0 0 64 0 44305 0 123 0 170 4440 10 0 41954 1 11716 0 100 10006 0 1 0 4 3441 10091 0 19319 0 0 280 0 0 0 172 0 0 2 0 0 6868 51 471 3 0 13 0 0 
22 3 0 79151 0 0 0 0 0 7 0 23 0 5 0 470 0 7 233 1 192 0 0 20875 31710 95859 323 62 6283 917 0 280 0 0 1 0 0 0 5152 2518 5557 0 3 0 2925 22638 69 0 46969 0 
0 0 0 10 4307 0 0 0 12632 0 0 2278 14 0 431 0 0 35 0 0 13 0 7726 67956 181 60 0 0 120 441 0 0 0 0 0 7023 0 8 0 2 117 0 0 648 11 2 257 0 0 1 
0 23 4 530 0 1497 0 1 6408 7614 0 0 58575 3401 19328 0 565 8 9 5 0 0 0 0 872 0 5 0 9276 0 0 0 1 0 0 0 0 12 0 191 22 0 285 7055 6312 83916 2 0 0 296 
0 0 4 0 0 0 9787 66 4060 0 0 184 0 72 0 122 0 0 249 0 0 0 136 0 553 0 183 111 893 0 89776 0 0 7023 0 0 57195 0 6764 0 2 0 0 3305 0 3404 19 0 341 23 
0 0 20773 0 0 112 0 8019 1 4316 42 3526 30923 0 0 250 0 0 34819 0 0 260 5 1 0 94295 17 305 0 43370 226 172 0 0 0 57195 0 2660 10251 8 0 0 0 0 0 0 137 0 41208 202 
0 8520 0 0 86 0 0 0 0 17 383 4 0 0 0 0 0 0 308 0 0 34 50606 0 0 4 4 3 0 0 70462 0 0 8 12 0 2660 0 0 19315 10 0 0 49006 0 0 4476 24273 0 4403 
1 0 2514 112 0 0 0 11122 0 5387 0 0 30825 13732 0 0 2167 26008 0 19277 0 0 0 0 0 180 29411 1447 0 1 543 0 5152 0 0 6764 10251 0 0 0 1023 0 22979 0 928 87 3 3528 0 1 
58495 418 8 11433 14150 87126 0 0 209 3533 0 0 0 3018 0 0 0 135 0 16464 0 19007 13648 0 0 12 0 0 16277 0 0 2 2518 2 191 0 8 19315 0 0 0 256 33032 80 14620 0 11581 0 4 0 
0 0 0 0 4653 0 19653 0 0 1 6 0 62604 285 0 10464 0 1229 100 6268 0 2 0 0 78 0 0 20130 0 0 69649 0 5557 117 22 2 0 10 1023 0 0 5 0 2006 4 28 0 0 1891 3 
0 16 20 24787 0 2291 0 9008 8 0 125 0 461 19077 0 2 13 2 0 3409 0 0 90263 4893 24902 0 607 0 6 0 12091 0 0 0 0 0 0 0 0 256 5 0 0 0 0 0 0 0 3 0 
1 0 0 2561 29989 0 0 10555 0 0 32263 0 0 18637 8136 363 0 59630 62344 957 0 0 397 240 16 0 7 0 280 82 0 6868 3 0 285 0 0 0 22979 33032 0 0 0 0 0 2554 0 0 0 137 
0 3187 13390 0 14953 0 2107 1475 0 0 169 0 0 0 0 274 1 59622 2056 0 0 4366 0 19 0 4 6813 1 0 116 2960 51 0 648 7055 3305 0 49006 0 80 2006 0 0 0 5 113 40 0 0 0 
209 0 0 5272 29 0 0 2928 0 0 7 0 0 0 4 3 433 28688 35 0 37 9 0 0 167 78 0 27000 0 0 10 471 2925 11 6312 0 0 0 928 14620 4 0 0 5 0 2474 50628 0 0 0 
1073 703 1 12450 0 0 0 0 0 3 0 2389 0 0 0 6 7 376 354 0 55905 10444 77 7 3911 31349 0 0 0 0 0 3 22638 2 83916 3404 0 0 87 0 28 0 2554 113 2474 0 29 51 902 14771 
0 0 133 3 0 0 1336 24 0 416 0 14192 0 0 0 0 4 0 0 0 0 4754 1039 2096 0 0 1166 0 0 0 0 0 69 257 2 19 137 4476 3 11581 0 0 0 40 50628 29 0 80684 8 129 
18 4 4371 5823 21 0 0 4 0 0 0 3 1666 1748 0 55570 337 0 0 0 263 70723 2 0 398 0 0 12 0 11075 0 13 0 0 0 0 0 24273 3528 0 0 0 0 0 0 51 80684 0 0 1 
0 0 0 0 0 1 0 56 0 0 24 402 1 98 19 0 137 0 3 11415 0 0 0 0 0 0 0 96 18 4 16 0 46969 0 0 341 41208 0 0 4 1891 3 0 0 0 902 8 0 0 0 
17 8975 0 15721 2129 0 1850 21644 0 0 10 2 0 418 0 0 43 0 885 0 27989 2 0 6 0 0 0 9 4546 0 2 0 0 1 296 23 202 4403 1 0 3 0 137 0 0 14771 129 1 0 0 
