30 2
0 59 64 103 62 95 95 48 90 88 90 112 64 139 74 53 26 148 87 89 78 107 103 6 100 177 116 85 94 32 
59 0 70 49 40 62 36 46 31 30 43 69 27 80 26 37 59 91 39 30 28 48 85 53 62 119 57 26 35 49 
64 70 0 118 33 51 89 98 88 95 64 73 48 126 97 33 87 124 64 86 63 108 150 62 58 154 114 86 89 33 
103 49 118 0 85 94 38 68 34 23 68 88 69 56 28 85 93 77 65 36 58 23 68 97 90 97 30 33 37 98 
62 40 33 85 0 33 56 78 55 62 34 51 15 94 66 8 77 96 33 53 30 75 125 57 38 126 81 53 55 32 
95 62 51 94 33 0 57 107 59 71 25 22 37 82 84 42 110 75 28 57 37 76 147 91 7 104 78 61 57 65 
95 36 89 38 56 57 0 77 6 17 31 50 41 44 39 58 95 55 29 6 25 20 100 89 52 83 25 11 1 78 
48 46 98 68 78 107 77 0 71 63 90 115 69 117 41 71 27 133 86 71 75 81 55 45 108 159 90 66 76 65 
90 31 88 34 55 59 6 71 0 12 34 55 39 49 33 57 89 61 31 2 25 20 94 84 56 89 27 5 5 75 
88 30 95 23 62 71 17 63 12 0 46 67 46 53 23 63 84 69 43 14 35 19 82 82 68 95 28 10 16 78 
90 43 64 68 34 25 31 90 34 46 0 25 25 61 61 41 99 61 3 32 15 51 124 84 22 92 53 36 32 65 
112 69 73 88 51 22 50 115 55 67 25 0 49 63 86 60 123 54 29 53 40 67 148 107 15 82 66 58 51 84 
64 27 48 69 15 37 41 69 39 46 25 49 0 81 52 17 74 86 23 37 16 60 112 58 38 116 66 37 40 40 
139 80 126 56 94 82 44 117 49 53 61 63 81 0 75 99 137 23 62 50 65 36 125 133 74 41 27 54 45 121 
74 26 97 28 66 84 39 41 33 23 61 86 52 75 0 64 65 92 58 34 47 39 62 69 83 117 49 28 38 73 
53 37 33 85 8 42 58 71 57 63 41 60 17 99 64 0 69 102 39 55 34 77 120 48 46 132 83 54 58 24 
26 59 87 93 77 110 95 27 89 84 99 123 74 137 65 69 0 150 95 88 85 103 79 26 113 178 112 83 93 54 
148 91 124 77 96 75 55 133 61 69 61 54 86 23 92 102 150 0 63 62 70 55 146 142 68 30 47 67 57 126 
87 39 64 65 33 28 29 86 31 43 3 29 23 62 58 39 95 63 0 29 11 49 121 81 25 93 52 33 29 63 
89 30 86 36 53 57 6 71 2 14 32 53 37 50 34 55 88 62 29 0 23 22 95 83 54 89 29 5 5 73 
78 28 63 58 30 37 25 75 25 35 15 40 16 65 47 34 85 70 11 23 0 45 110 72 35 100 50 25 25 56 
107 48 108 23 75 76 20 81 20 19 51 67 60 36 39 77 103 55 49 22 45 0 91 101 71 77 9 23 20 95 
103 85 150 68 125 147 100 55 94 82 124 148 112 125 62 120 79 146 121 95 110 91 0 100 146 164 99 90 98 119 
6 53 62 97 57 91 89 45 84 82 84 107 58 133 69 48 26 142 81 83 72 101 100 0 95 171 110 79 88 29 
100 62 58 90 38 7 52 108 56 68 22 15 38 74 83 46 113 68 25 54 35 71 146 95 0 97 72 58 53 70 
177 119 154 97 126 104 83 159 89 95 92 82 116 41 117 132 178 30 93 89 100 77 164 171 97 0 68 94 84 156 
116 57 114 30 81 78 25 90 27 28 53 66 66 27 49 83 112 47 52 29 50 9 99 110 72 68 0 31 25 102 
85 26 86 33 53 61 11 66 5 10 36 58 37 54 28 54 83 67 33 5 25 23 90 79 58 94 31 0 10 72 
94 35 89 37 55 57 1 76 5 16 32 51 40 45 38 58 93 57 29 5 25 20 98 88 53 84 25 10 0 78 
32 49 33 98 32 65 78 65 75 78 65 84 40 121 73 24 54 126 63 73 56 95 119 29 70 156 102 72 78 0 
0 0 0 0 119 0 406 22303 0 0 4 0 0 0 0 0 503 14176 0 0 6 0 0 0 0 42 11564 0 0 0 
0 0 0 2845 37760 0 0 66005 62 976 637 0 5949 356 0 0 0 87 0 918 0 146 69 0 14643 1933 0 17657 0 12871 
0 0 0 14752 1 0 0 0 0 8525 0 7 0 1751 4 0 0 405 89377 6 66707 0 0 0 0 3 5759 0 37 0 
0 2845 14752 0 0 4 0 0 88 65 30412 0 0 0 0 7402 23 22 0 0 1 1032 19 0 0 31 11 0 0 0 
119 37760 1 0 0 0 0 0 0 62 0 87019 0 4 5 3 2662 0 1491 0 79 5446 0 1 2626 0 778 0 0 0 
0 0 0 4 0 0 614 0 0 0 0 1572 0 0 0 0 2 8132 0 0 9 3851 0 0 0 0 0 1343 11916 81838 
406 0 0 0 0 614 0 209 2 0 0 0 238 0 0 273 0 1485 0 0 21 2 0 36373 0 9750 0 31 1 280 
22303 66005 0 0 0 0 209 0 0 3481 67222 52 0 15796 0 11142 0 34 5287 0 0 6 79 38 96 0 0 289 0 14693 
0 62 0 88 0 0 2 0 0 11637 257 0 608 2 0 8879 13099 0 15773 0 0 49035 134 62 32718 34 253 0 0 3 
0 976 8525 65 62 0 0 3481 11637 0 0 0 31 0 44 10 0 3696 0 10 0 0 0 0 1 0 344 15 0 0 
4 637 0 30412 0 0 0 67222 257 0 0 0 0 849 0 0 0 0 0 0 0 0 190 0 0 0 3 0 0 0 
0 0 7 0 87019 1572 0 52 0 0 0 0 1737 0 1 550 762 0 217 0 0 0 0 20829 0 6 614 0 1345 3 
0 5949 0 0 0 0 238 0 608 31 0 1737 0 0 0 1006 8 0 32170 2 10771 31 0 65842 0 10837 0 0 72 8 
0 356 1751 0 4 0 0 15796 2 0 849 0 0 0 808 27172 0 1 0 50 3225 72 0 4 51355 0 160 2811 0 0 
0 0 4 0 5 0 0 0 0 44 0 1 0 808 0 0 0 88 879 0 2203 5201 0 0 0 2 79 15 0 0 
0 0 0 7402 3 0 273 11142 8879 10 0 550 1006 27172 0 0 30 0 10 39 0 25 0 0 10 0 3 0 8 28 
503 0 0 23 2662 2 0 0 13099 0 0 762 8 0 0 30 0 9803 37 0 0 567 0 284 0 15 209 0 408 47229 
14176 87 405 22 0 8132 1485 34 0 3696 0 0 0 1 88 0 9803 0 29 4877 1044 35925 0 0 0 98795 2184 23 0 0 
0 0 89377 0 1491 0 0 5287 15773 0 0 217 32170 0 879 10 37 29 0 0 55516 0 4 0 0 0 0 0 0 3 
0 918 6 0 0 0 0 0 0 10 0 0 2 50 0 39 0 4877 0 0 0 83144 0 1 108 36609 11 5336 0 68 
6 0 66707 1 79 9 21 0 0 0 0 0 10771 3225 2203 0 0 1044 55516 0 0 12936 0 0 35 0 0 0 68395 0 
0 146 0 1032 5446 3851 2 6 49035 0 0 0 31 72 5201 25 567 35925 0 83144 12936 0 76 0 1 7991 0 0 918 0 
0 69 0 19 0 0 0 79 134 0 190 0 0 0 0 0 0 0 4 0 0 76 0 8991 0 13 0 32 33 0 
0 0 0 0 1 0 36373 38 62 0 0 20829 65842 4 0 0 284 0 0 1 0 0 8991 0 0 0 0 0 11 0 
0 14643 0 0 2626 0 0 96 32718 1 0 0 0 51355 0 10 0 0 0 108 35 1 0 0 0 0 0 65 8 0 
42 1933 3 31 0 0 9750 0 34 0 0 6 10837 0 2 0 15 98795 0 36609 0 7991 13 0 0 0 0 1 0 17 
11564 0 5759 11 778 0 0 0 253 344 3 614 0 160 79 3 209 2184 0 11 0 0 0 0 0 0 0 1 0 1402 
0 17657 0 0 0 1343 31 289 0 15 0 0 0 2811 15 0 0 23 0 5336 0 0 32 0 65 1 1 0 0 0 
0 0 37 0 0 11916 1 0 0 0 0 1345 72 0 0 8 408 0 0 0 68395 918 33 11 8 0 0 0 0 0 
0 12871 0 0 0 81838 280 14693 3 0 0 3 8 0 0 28 47229 0 3 68 0 0 0 0 0 17 1402 0 0 0 
0 82 3095 3156 0 37 0 0 7 17491 0 18921 350 0 261 4665 0 0 1786 49988 0 13158 177 34895 14578 0 0 2023 0 275 
82 0 9885 0 0 1 195 0 0 0 0 14 0 0 23 5063 18 0 40 0 38 0 0 2832 0 0 41 0 2213 0 
3095 9885 0 0 0 245 0 52173 11120 0 28 0 1862 0 0 89657 352 0 0 0 0 1 93 5144 1860 0 0 225 0 19 
3156 0 0 0 413 0 3341 0 0 0 0 6 24632 101 0 0 0 0 163 4 0 0 0 185 46 0 0 175 299 48 
0 0 0 413 0 30383 561 81098 39 0 6735 0 7 22 0 0 0 26499 0 1513 0 0 30 0 0 215 0 931 3910 3659 
37 1 245 0 30383 0 0 37779 8501 255 0 0 1 31847 2829 760 0 0 2109 596 0 0 2 4 1024 674 405 0 0 0 
0 195 0 3341 561 0 0 0 110 1644 765 27 0 114 4 0 345 0 1 2668 0 0 6851 0 35 0 1 0 2 0 
0 0 52173 0 81098 37779 0 0 5703 0 0 0 31880 0 29 0 485 0 0 6426 176 0 0 3 0 66 68 0 3462 0 
7 0 11120 0 39 8501 110 5703 0 0 0 368 0 0 45158 0 0 8 0 289 4 0 0 0 0 0 0 60 8 0 
17491 0 0 0 0 255 1644 0 0 0 151 14534 0 1649 0 0 704 0 462 0 173 136 2 2 0 2875 0 0 2 6 
0 0 28 0 6735 0 765 0 0 151 0 26228 1693 0 47004 1353 48 59 132 5 29431 42 0 2463 7152 47 0 110 1416 78 
18921 14 0 6 0 0 27 0 368 14534 26228 0 0 11 0 0 0 2501 0 4 10 64182 6968 0 22 0 0 23151 0 6 
350 0 1862 24632 7 1 0 31880 0 0 1693 0 0 724 3945 0 0 526 0 1 0 0 6699 0 21 0 343 4 0 0 
0 0 0 101 22 31847 114 0 0 1649 0 11 724 0 0 0 178 0 188 0 0 0 1792 0 0 2436 0 0 19 14 
261 23 0 0 0 2829 4 29 45158 0 47004 0 3945 0 0 13 1690 0 0 88 0 0 9 51 11510 0 0 0 17741 29678 
4665 5063 89657 0 0 760 0 0 0 0 1353 0 0 0 13 0 0 172 1 0 10118 0 2040 2 0 19906 0 327 0 0 
0 18 352 0 0 0 345 485 0 704 48 0 0 178 1690 0 0 0 0 1368 6726 0 190 0 25 0 0 38 0 0 
0 0 0 0 26499 0 0 0 8 0 59 2501 526 0 0 172 0 0 0 0 0 0 4 13 16750 0 0 0 214 22 
1786 40 0 163 0 2109 1 0 0 462 132 0 0 188 0 1 0 0 0 1163 0 530 2 2123 42 36108 36 143 388 0 
49988 0 0 4 1513 596 2668 6426 289 0 5 4 1 0 88 0 1368 0 1163 0 187 0 80 0 0 0 4 0 1571 0 
0 38 0 0 0 0 0 176 4 173 29431 10 0 0 0 10118 6726 0 0 187 0 0 102 34405 0 3691 16 10 0 2354 
13158 0 1 0 0 0 0 0 0 136 42 64182 0 0 0 0 0 0 530 0 0 0 0 9 0 0 90 6085 0 0 
177 0 93 0 30 2 6851 0 0 2 0 6968 6699 1792 9 2040 190 4 2 80 102 0 0 0 262 0 11 0 0 86 
34895 2832 5144 185 0 4 0 3 0 2 2463 0 0 0 51 2 0 13 2123 0 34405 9 0 0 92136 16 26 16065 0 16 
14578 0 1860 46 0 1024 35 0 0 0 7152 22 21 0 11510 0 25 16750 42 0 0 0 262 92136 0 23 27624 0 0 1133 
0 0 0 0 215 674 0 66 0 2875 47 0 0 2436 0 19906 0 0 36108 0 3691 0 0 16 23 0 39 0 46731 0 
0 41 0 0 0 405 1 68 0 0 0 0 343 0 0 0 0 0 36 4 16 90 11 26 27624 39 0 0 1531 0 
2023 0 225 175 931 0 0 0 60 0 110 23151 4 0 0 327 38 0 143 0 10 6085 0 16065 0 0 0 0 174 146 
0 2213 0 299 3910 0 2 3462 8 2 1416 0 0 19 17741 0 0 214 388 1571 0 0 0 0 0 46731 1531 174 0 4351 
275 0 19 48 3659 0 0 0 0 6 78 6 0 14 29678 0 0 22 0 0 2354 0 86 16 1133 0 0 146 4351 0 
