15 3
0 59 64 103 62 95 95 48 90 88 90 112 64 139 74 
59 0 70 49 40 62 36 46 31 30 43 69 27 80 26 
64 70 0 118 33 51 89 98 88 95 64 73 48 126 97 
103 49 118 0 85 94 38 68 34 23 68 88 69 56 28 
62 40 33 85 0 33 56 78 55 62 34 51 15 94 66 
95 62 51 94 33 0 57 107 59 71 25 22 37 82 84 
95 36 89 38 56 57 0 77 6 17 31 50 41 44 39 
48 46 98 68 78 107 77 0 71 63 90 115 69 117 41 
90 31 88 34 55 59 6 71 0 12 34 55 39 49 33 
88 30 95 23 62 71 17 63 12 0 46 67 46 53 23 
90 43 64 68 34 25 31 90 34 46 0 25 25 61 61 
112 69 73 88 51 22 50 115 55 67 25 0 49 63 86 
64 27 48 69 15 37 41 69 39 46 25 49 0 81 52 
139 80 126 56 94 82 44 117 49 53 61 63 81 0 75 
74 26 97 28 66 84 39 41 33 23 61 86 52 75 0 
0 0 0 0 0 0 0 29 1 0 69399 62 11637 0 0 
0 0 0 2 0 0 73 1 0 1 0 24734 2582 0 16 
0 0 0 0 0 0 0 0 0 0 0 0 145 64 3796 
0 2 0 0 9 25 0 801 8 0 16 14 0 0 0 
0 0 0 9 0 0 0 28 0 0 0 8 51 0 0 
0 0 0 25 0 0 0 0 0 0 77589 0 15 0 0 
0 73 0 0 0 0 0 41 152 0 0 0 0 0 14 
29 1 0 801 28 0 41 0 15333 0 396 0 0 0 0 
1 0 0 8 0 0 152 15333 0 132 1051 0 92567 49 0 
0 1 0 0 0 0 0 0 132 0 0 0 4 0 0 
69399 0 0 16 0 77589 0 396 1051 0 0 0 0 0 3429 
62 24734 0 14 8 0 0 0 0 0 0 0 14731 0 0 
11637 2582 145 0 51 15 0 0 92567 4 0 14731 0 13128 3 
0 0 64 0 0 0 0 0 49 0 0 0 13128 0 66 
0 16 3796 0 0 0 14 0 0 0 3429 0 3 66 0 
0 0 0 2079 823 0 129 24 0 587 7398 9 58077 1 3729 
0 0 0 0 11 3483 11 0 8 7 15684 7075 0 9 8 
0 0 0 0 5205 0 124 5 0 30634 0 0 1429 430 2189 
2079 0 0 0 0 0 3609 8 0 0 3784 357 6039 99381 36167 
823 11 5205 0 0 6 2626 0 16 308 960 0 198 0 36069 
0 3483 0 0 6 0 1 0 2444 0 0 11 0 0 1 
129 11 124 3609 2626 1 0 0 83 418 9 0 1628 0 0 
24 0 5 8 0 0 0 0 2238 14 0 0 10 31952 34662 
0 8 0 0 16 2444 83 2238 0 0 4579 5925 0 5692 0 
587 7 30634 0 308 0 418 14 0 0 0 0 1 0 1862 
7398 15684 0 3784 960 0 9 0 4579 0 0 15 20294 0 13543 
9 7075 0 357 0 11 0 0 5925 0 15 0 9797 368 252 
58077 0 1429 6039 198 0 1628 10 0 1 20294 9797 0 0 0 
1 9 430 99381 0 0 0 31952 5692 0 0 368 0 0 0 
3729 8 2189 36167 36069 1 0 34662 0 1862 13543 252 0 0 0 
0 0 0 0 7 0 0 197 0 0 0 19 2844 8240 389 
0 0 48384 4 240 0 0 0 0 0 4810 0 12954 32 53 
0 48384 0 18 0 960 2667 535 0 47 0 0 0 0 7370 
0 4 18 0 0 71 4 178 0 0 271 38 0 53 0 
7 240 0 0 0 0 617 0 220 6 0 0 1 0 0 
0 0 960 71 0 0 0 0 0 12626 0 82 6 0 32 
0 0 2667 4 617 0 0 0 166 0 70069 0 2 2203 0 
197 0 535 178 0 0 0 0 0 15 0 624 97430 8 0 
0 0 0 0 220 0 166 0 0 209 0 1230 0 10 32793 
0 0 47 0 6 12626 0 15 209 0 0 2 0 0 0 
0 4810 0 271 0 0 70069 0 0 0 0 3775 25812 439 478 
19 0 0 38 0 82 0 624 1230 2 3775 0 36544 0 4881 
2844 12954 0 0 1 6 2 97430 0 0 25812 36544 0 0 1 
8240 32 0 53 0 0 2203 8 10 0 439 0 0 0 2 
389 53 7370 0 0 32 0 0 32793 0 478 4881 1 2 0 
