5 4
0 46 118 40 96 
46 0 88 10 53 
118 88 0 85 53 
40 10 85 0 56 
96 53 53 56 0 
0 0 10 326 142 
0 0 15 0 0 
10 15 0 0 1821 
326 0 0 0 10792 
142 0 1821 10792 0 
0 2 0 0 0 
2 0 0 185 6233 
0 0 0 5843 0 
0 185 5843 0 0 
0 6233 0 0 0 
0 2595 0 0 0 
2595 0 0 142 90764 
0 0 0 3786 0 
0 142 3786 0 0 
0 90764 0 0 0 
0 429 0 0 0 
429 0 0 4 922 
0 0 0 1 0 
0 4 1 0 0 
0 922 0 0 0 
