50 3
0 123 17 72 89 90 77 84 122 70 141 118 117 117 58 85 94 145 69 99 137 99 30 139 114 56 50 94 70 158 148 87 53 161 64 94 106 62 87 81 66 9 49 48 135 73 47 81 16 69 
123 0 116 51 121 48 96 115 59 63 25 47 40 16 64 39 31 87 58 23 83 33 103 24 65 67 92 40 53 45 35 36 95 46 119 29 43 89 107 43 57 113 75 95 85 58 91 43 139 54 
17 116 0 64 101 90 86 66 108 71 133 119 117 113 52 81 90 150 68 93 122 97 14 135 118 53 57 84 66 154 139 82 62 151 46 88 94 69 69 78 59 15 41 32 119 72 32 78 31 65 
72 51 64 0 97 39 71 77 62 33 69 64 60 49 13 21 29 104 24 28 84 38 52 71 72 21 53 26 13 91 77 19 58 89 74 23 41 56 72 18 5 62 23 46 83 30 41 18 88 13 
89 121 101 97 0 73 26 158 158 64 146 84 88 106 88 88 93 82 73 107 181 88 104 121 67 78 49 121 84 131 156 94 43 167 143 101 136 41 157 86 94 86 92 116 180 69 112 86 92 83 
90 48 90 39 73 0 47 116 91 20 73 28 27 34 42 20 20 64 22 35 115 15 82 53 32 38 48 55 28 69 83 26 49 95 111 30 68 42 111 21 41 81 54 82 115 17 77 21 104 28 
77 96 86 71 26 47 0 136 132 38 121 63 66 81 63 62 67 73 47 81 155 62 85 98 49 54 29 95 58 110 130 68 24 142 124 75 110 17 134 60 69 71 69 95 154 42 90 60 85 57 
84 115 66 77 158 116 136 0 73 105 118 141 136 120 76 98 104 181 98 96 73 114 56 139 149 84 109 75 89 160 120 94 114 129 22 95 74 118 9 96 75 79 67 42 70 103 46 96 96 88 
122 59 108 62 158 91 132 73 0 94 51 103 96 73 74 71 70 145 85 56 25 79 93 83 118 83 115 37 74 101 50 65 120 57 87 60 22 118 63 72 66 113 76 77 25 89 76 72 138 75 
70 63 71 33 64 20 38 105 94 0 87 48 47 52 29 25 32 79 8 44 117 32 64 72 47 21 28 56 20 89 96 31 31 108 97 38 71 26 102 23 32 61 39 67 116 5 62 23 84 19 
141 25 133 69 146 73 121 118 51 87 0 70 64 41 83 62 55 108 81 43 71 58 119 37 89 88 115 49 74 52 10 57 118 21 127 50 44 113 110 65 75 131 92 107 73 82 104 65 158 75 
118 47 119 64 84 28 63 141 103 48 70 0 6 30 70 43 37 42 50 48 128 26 110 38 19 66 73 72 55 47 80 46 73 90 138 47 82 64 135 45 67 109 82 109 128 46 104 45 132 56 
117 40 117 60 88 27 66 136 96 47 64 6 0 24 67 39 32 48 48 42 121 22 108 32 25 64 74 66 52 44 73 42 75 83 134 41 76 66 130 42 64 108 79 106 122 44 101 42 131 53 
117 16 113 49 106 34 81 120 73 52 41 30 24 0 60 31 22 72 48 24 98 19 101 21 48 61 81 46 46 42 51 31 83 62 122 26 54 76 113 35 54 107 72 95 99 47 91 35 132 48 
58 64 52 13 88 42 63 76 74 29 83 70 67 60 0 29 38 107 21 41 95 45 41 82 74 9 41 39 15 102 90 29 47 103 69 35 53 47 72 25 8 48 12 39 93 27 34 25 75 14 
85 39 81 21 88 20 62 98 71 25 62 43 39 31 29 0 9 83 18 19 96 17 70 53 51 29 52 34 14 73 71 6 56 83 95 13 49 51 92 3 25 75 41 67 95 20 62 3 101 16 
94 31 90 29 93 20 67 104 70 32 55 37 32 22 38 9 0 79 27 14 95 10 79 44 48 38 60 36 24 64 64 10 64 76 103 10 48 58 98 13 33 85 50 75 95 27 70 13 110 25 
145 87 150 104 82 64 73 181 145 79 108 42 48 72 107 83 79 0 85 91 170 68 144 71 32 101 95 114 92 67 117 88 93 125 176 89 125 84 176 85 106 138 118 146 171 79 141 85 156 93 
69 58 68 24 73 22 47 98 85 8 81 50 48 48 21 18 27 85 0 37 108 30 60 70 52 16 34 48 11 88 90 23 38 102 91 31 63 34 94 15 24 60 32 61 107 5 56 15 84 10 
99 23 93 28 107 35 81 96 56 44 43 48 42 24 41 19 14 91 37 0 81 23 80 43 62 45 71 23 30 64 52 13 75 65 98 6 34 70 89 21 33 89 51 72 81 39 68 21 115 31 
137 83 122 84 181 115 155 73 25 117 71 128 121 98 95 96 95 170 108 81 0 104 107 106 143 104 136 61 97 123 67 89 142 71 92 85 47 141 64 96 87 129 96 90 3 113 90 96 153 98 
99 33 97 38 88 15 62 114 79 32 58 26 22 19 45 17 10 68 30 23 104 0 87 40 38 44 61 46 30 58 68 19 63 79 112 20 58 56 108 20 42 90 57 84 105 28 79 20 114 32 
30 103 14 52 104 82 85 56 93 64 119 110 108 101 41 70 79 144 60 80 107 87 0 123 111 44 56 70 56 143 125 70 61 137 39 76 80 68 58 67 47 23 29 18 105 65 18 67 45 55 
139 24 135 71 121 53 98 139 83 72 37 38 32 21 82 53 44 71 70 43 106 40 123 0 57 83 101 64 68 21 46 52 103 54 142 47 68 95 131 57 76 129 94 116 107 68 112 57 154 69 
114 65 118 72 67 32 49 149 118 47 89 19 25 48 74 51 48 32 52 62 143 38 111 57 0 68 66 84 60 63 99 57 65 109 143 59 97 55 144 53 73 106 85 113 143 46 108 53 126 60 
56 67 53 21 78 38 54 84 83 21 88 66 64 61 9 29 38 101 16 45 104 44 44 83 68 0 32 47 14 102 96 31 37 109 75 39 62 37 81 25 17 46 17 45 103 21 40 25 71 13 
50 92 57 53 49 48 29 109 115 28 115 73 74 81 41 52 60 95 34 71 136 61 56 101 66 32 0 79 42 117 124 57 5 136 95 65 94 12 107 49 49 43 43 67 135 33 63 49 60 41 
94 40 84 26 121 55 95 75 37 56 49 72 66 46 39 34 36 114 48 23 61 46 70 64 84 47 79 0 37 85 55 28 84 67 79 25 15 81 67 35 30 84 45 57 60 52 54 35 111 38 
70 53 66 13 84 28 58 89 74 20 74 55 52 46 15 14 24 92 11 30 97 30 56 68 60 14 42 37 0 88 82 17 47 95 83 24 52 44 84 11 13 61 27 54 96 16 49 11 86 1 
158 45 154 91 131 69 110 160 101 89 52 47 44 42 102 73 64 67 88 64 123 58 143 21 63 102 117 85 88 0 58 73 118 62 163 68 88 110 152 76 96 148 114 137 125 86 132 76 173 89 
148 35 139 77 156 83 130 120 50 96 10 80 73 51 90 71 64 117 90 52 67 68 125 46 99 96 124 55 82 58 0 66 128 12 130 58 47 122 111 74 82 139 99 112 69 91 109 74 165 84 
87 36 82 19 94 26 68 94 65 31 57 46 42 31 29 6 10 88 23 13 89 19 70 52 57 31 57 28 17 73 66 0 61 78 93 7 42 57 88 8 23 77 41 65 89 26 60 8 103 18 
53 95 62 58 43 49 24 114 120 31 118 73 75 83 47 56 64 93 38 75 142 63 61 103 65 37 5 84 47 118 128 61 0 140 100 69 99 9 113 53 54 47 49 72 141 36 68 53 62 46 
161 46 151 89 167 95 142 129 57 108 21 90 83 62 103 83 76 125 102 65 71 79 137 54 109 109 136 67 95 62 12 78 140 0 141 71 58 134 120 86 95 151 112 124 74 103 121 86 177 96 
64 119 46 74 143 111 124 22 87 97 127 138 134 122 69 95 103 176 91 98 92 112 39 142 143 75 95 79 83 163 130 93 100 141 0 96 82 106 28 92 70 61 58 30 88 96 35 92 74 82 
94 29 88 23 101 30 75 95 60 38 50 47 41 26 35 13 10 89 31 6 85 20 76 47 59 39 65 25 24 68 58 7 69 71 96 0 38 64 89 15 29 84 47 69 85 33 64 15 110 25 
106 43 94 41 136 68 110 74 22 71 44 82 76 54 53 49 48 125 63 34 47 58 80 68 97 62 94 15 52 88 47 42 99 58 82 38 0 96 65 49 45 97 58 65 46 67 63 49 123 53 
62 89 69 56 41 42 17 118 118 26 113 64 66 76 47 51 58 84 34 70 141 56 68 95 55 37 12 81 44 110 122 57 9 134 106 64 96 0 116 49 53 55 52 77 140 31 72 49 72 43 
87 107 69 72 157 111 134 9 63 102 110 135 130 113 72 92 98 176 94 89 64 108 58 131 144 81 107 67 84 152 111 88 113 120 28 89 65 116 0 90 70 82 65 42 61 99 45 90 100 84 
81 43 78 18 86 21 60 96 72 23 65 45 42 35 25 3 13 85 15 21 96 20 67 57 53 25 49 35 11 76 74 8 53 86 92 15 49 49 90 0 22 72 37 64 96 18 59 0 97 12 
66 57 59 5 94 41 69 75 66 32 75 67 64 54 8 25 33 106 24 33 87 42 47 76 73 17 49 30 13 96 82 23 54 95 70 29 45 53 70 22 0 56 18 42 86 29 37 22 82 13 
9 113 15 62 86 81 71 79 113 61 131 109 108 107 48 75 85 138 60 89 129 90 23 129 106 46 43 84 61 148 139 77 47 151 61 84 97 55 82 72 56 0 39 41 127 63 40 72 26 59 
49 75 41 23 92 54 69 67 76 39 92 82 79 72 12 41 50 118 32 51 96 57 29 94 85 17 43 45 27 114 99 41 49 112 58 47 58 52 65 37 18 39 0 28 94 38 23 37 65 26 
48 95 32 46 116 82 95 42 77 67 107 109 106 95 39 67 75 146 61 72 90 84 18 116 113 45 67 57 54 137 112 65 72 124 30 69 65 77 42 64 42 41 28 0 87 66 5 64 63 53 
135 85 119 83 180 115 154 70 25 116 73 128 122 99 93 95 95 171 107 81 3 105 105 107 143 103 135 60 96 125 69 89 141 74 88 85 46 140 61 96 86 127 94 87 0 112 87 96 150 97 
73 58 72 30 69 17 42 103 89 5 82 46 44 47 27 20 27 79 5 39 113 28 65 68 46 21 33 52 16 86 91 26 36 103 96 33 67 31 99 18 29 63 38 66 112 0 61 18 87 16 
47 91 32 41 112 77 90 46 76 62 104 104 101 91 34 62 70 141 56 68 90 79 18 112 108 40 63 54 49 132 109 60 68 121 35 64 63 72 45 59 37 40 23 5 87 61 0 59 63 48 
81 43 78 18 86 21 60 96 72 23 65 45 42 35 25 3 13 85 15 21 96 20 67 57 53 25 49 35 11 76 74 8 53 86 92 15 49 49 90 0 22 72 37 64 96 18 59 0 97 12 
16 139 31 88 92 104 85 96 138 84 158 132 131 132 75 101 110 156 84 115 153 114 45 154 126 71 60 111 86 173 165 103 62 177 74 110 123 72 100 97 82 26 65 63 150 87 63 97 0 85 
69 54 65 13 83 28 57 88 75 19 75 56 53 48 14 16 25 93 10 31 98 32 55 69 60 13 41 38 1 89 84 18 46 96 82 25 53 43 84 12 13 59 26 53 97 16 48 12 85 0 
0 0 0 38 4473 2773 0 0 0 1 7133 166 62765 0 0 0 0 0 0 10184 26 25 8250 600 0 34719 1 16 2 0 7787 0 15837 0 0 2852 38 1426 7 0 0 0 0 0 0 0 0 0 125 0 
0 0 284 57 39 0 0 124 9 270 401 3 398 0 26478 12 0 0 27316 5 6815 0 11651 103 0 1 3 89072 1531 371 0 1 0 1 36 0 484 26 76472 39 0 17 2 365 0 1973 215 5678 65049 5308 
0 284 0 0 86584 0 0 0 0 0 406 19630 0 0 0 0 57 0 4 0 52496 0 0 0 0 0 629 0 2 48 545 95186 0 0 93 45730 13 4 0 726 4 0 0 4353 0 0 0 27 24 0 
38 57 0 0 0 57736 0 0 4122 84 0 0 0 0 0 32 0 0 4 34510 0 0 20 1 0 6 0 0 0 438 1837 0 0 0 0 0 0 49 141 380 5741 56 0 5 214 1 12 0 0 0 
4473 39 86584 0 0 0 4 705 35 0 0 2 0 61710 58 0 5501 37 0 295 634 275 1 6 266 0 56 0 0 0 0 0 0 93 0 0 6 0 80174 12375 2 115 0 44984 61638 2290 0 0 0 90 
2773 0 0 57736 0 0 0 22 0 0 0 77537 156 23445 3706 0 562 0 70 0 10 0 0 2 568 0 0 16686 0 0 18480 16619 19378 0 0 0 0 644 0 98272 12883 44658 1511 0 0 0 21412 56 1 0 
0 0 0 0 4 0 0 34966 0 0 621 0 0 0 0 0 0 0 0 37 4 34212 1422 0 0 0 0 0 1806 124 2 0 1 0 5 0 0 0 1606 0 0 0 330 0 0 4 12400 0 0 0 
0 124 0 0 705 22 34966 0 54983 0 21 12266 6 1009 6 26735 0 0 0 4 0 0 2876 0 2071 0 177 34 125 2572 12872 0 0 0 0 20359 0 2674 3278 0 0 0 2 12 1 0 0 0 0 0 
0 9 0 4122 35 0 0 54983 0 0 9 0 5 31 0 0 0 0 0 0 0 1773 0 0 837 83653 2 0 93 18 0 1456 1 802 149 0 0 6 11 12 58 0 60952 6 0 0 728 0 17 29230 
1 270 0 84 0 0 0 0 0 0 0 0 0 0 0 61 0 442 0 231 59055 0 99024 0 2 46 0 0 0 25787 0 0 1 0 0 0 0 0 432 0 0 0 1 0 24498 0 20545 0 0 0 
7133 401 406 0 0 0 621 21 9 0 0 5 36165 28 0 21 0 0 0 0 65 0 114 0 0 37 29085 16 299 6525 0 7863 597 5970 0 208 1240 0 0 0 0 0 32027 53 190 1825 0 0 0 196 
166 3 19630 0 2 77537 0 12266 0 0 5 0 0 35 0 0 23 223 0 0 0 47840 0 1650 25877 0 0 0 34872 0 0 1 8368 733 8365 40 10029 0 33636 0 25266 90872 12564 26 7854 0 0 38007 1 0 
62765 398 0 0 0 156 0 6 5 0 36165 0 0 345 496 353 0 93826 34 143 1598 0 0 968 58 0 4 0 62 0 1 176 1 0 14746 318 3409 13 0 0 95981 0 14789 0 0 0 35004 0 0 3866 
0 0 0 0 61710 23445 0 1009 31 0 28 35 345 0 29233 32 0 156 1 2 2 0 372 18799 0 577 0 23035 1064 390 0 0 20935 367 12536 512 0 0 0 0 11751 2854 0 17308 0 0 32 0 0 0 
0 26478 0 0 58 3706 0 6 0 0 0 0 496 29233 0 508 0 0 1 0 862 23 0 17 0 0 624 0 0 844 20 111 30 0 1249 0 0 26 0 0 789 1 4802 0 0 0 0 0 5 0 
0 12 0 32 0 0 0 26735 0 61 21 0 353 32 508 0 65 715 3422 0 47866 159 0 0 42925 0 0 4396 8531 13220 0 54 0 2554 0 1 7 0 0 0 0 179 98685 1465 0 0 2372 193 0 0 
0 0 57 0 5501 562 0 0 0 0 0 23 0 0 0 65 0 15838 0 51022 119 0 12765 6941 106 0 11 0 0 0 17205 0 0 0 9 1911 0 1 25246 0 2 0 0 71 0 447 0 0 0 0 
0 0 0 0 37 0 0 0 0 442 0 223 93826 156 0 715 15838 0 0 269 0 0 0 0 0 0 0 0 3 2 0 16199 2 13 12235 0 29 33570 0 0 12802 0 0 15 49 0 69823 0 144 37380 
0 27316 4 4 0 70 0 0 0 0 0 0 34 1 1 3422 0 0 0 0 0 1 42250 86 781 1 15 69924 0 0 7028 10396 3 99 0 712 421 104 0 0 0 55271 0 16 5109 0 0 16609 195 0 
10184 5 0 34510 295 0 37 4 0 231 0 0 143 2 0 0 51022 269 0 0 196 88412 0 0 3 1725 6288 0 778 0 635 4 0 2385 0 3441 0 2861 33584 0 0 6570 0 1006 1 0 0 2925 2356 0 
26 6815 52496 0 634 10 4 0 0 59055 65 0 1598 2 862 47866 119 0 0 196 0 0 144 0 0 0 0 265 0 0 0 1918 3 2785 0 0 1853 1 2048 0 79848 0 0 15707 169 0 36 2585 0 28 
25 0 0 0 275 0 34212 0 1773 0 0 47840 0 0 23 159 0 0 1 88412 0 0 6 647 0 0 0 0 0 0 0 48 0 223 0 1 4703 0 142 679 0 738 0 31122 8 0 530 0 0 627 
8250 11651 0 20 1 0 1422 2876 0 99024 114 0 0 372 0 0 12765 0 42250 0 144 6 0 0 26537 0 123 152 0 0 3 0 0 45728 0 1 32 0 0 1696 0 0 11 0 0 0 2653 56 1798 0 
600 103 0 1 6 2 0 0 0 0 0 1650 968 18799 17 0 6941 0 86 0 0 647 0 0 0 93095 795 0 0 50 10 162 59 122 0 8 6767 0 5573 0 0 0 0 2319 184 1 0 0 0 0 
0 0 0 0 266 568 0 2071 837 2 0 25877 58 0 0 42925 106 0 781 3 0 0 26537 0 0 0 0 0 10 0 0 424 0 0 0 0 3 0 0 0 0 3777 0 0 75866 17 0 0 2973 31 
34719 1 0 6 0 0 0 0 83653 46 37 0 0 577 0 0 0 0 1 1725 0 0 0 93095 0 0 6607 181 10168 64 38 0 240 0 0 4287 88 64 46715 16857 448 0 1 48314 381 0 41229 0 26 0 
1 3 629 0 56 0 0 177 2 0 29085 0 4 0 624 0 11 0 15 6288 0 0 123 795 0 6607 0 2123 42410 12236 0 0 192 0 1 142 0 3 0 56173 0 244 4 0 0 0 0 5298 800 0 
16 89072 0 0 0 16686 0 34 0 0 16 0 0 23035 0 4396 0 0 69924 0 265 0 152 0 0 181 2123 0 0 0 1546 0 0 4552 0 1030 14 30820 0 0 20109 0 0 1757 38402 0 0 0 0 9 
2 1531 2 0 0 0 1806 125 93 0 299 34872 62 1064 0 8531 0 3 0 778 0 0 0 0 10 10168 42410 0 0 1 64 0 679 458 16435 0 0 0 41 3651 0 0 1823 0 0 125 0 13846 0 4 
0 371 48 438 0 0 124 2572 18 25787 6525 0 0 390 844 13220 0 2 0 0 0 0 0 50 0 64 12236 0 1 0 0 13 0 0 911 0 0 0 636 1 68 0 15 5369 3 9 0 16 22 1 
7787 0 545 1837 0 18480 2 12872 0 0 0 0 1 0 20 0 17205 0 7028 635 0 0 3 10 0 38 0 1546 64 0 0 0 0 0 0 0 11226 0 0 33 0 0 0 1243 7940 47356 0 812 51 0 
0 1 95186 0 0 16619 0 0 1456 0 7863 1 176 0 111 54 0 16199 10396 4 1918 48 0 162 424 0 0 0 0 13 0 0 14687 0 2 44115 0 25 3594 34 2813 0 14 2132 2 14 1 5 1729 0 
15837 0 0 0 0 19378 1 0 1 1 597 8368 1 20935 30 0 0 2 3 0 3 0 0 59 0 240 192 0 679 0 0 14687 0 15839 0 8 0 0 0 4366 22523 27 1241 114 46019 27123 3294 343 314 0 
0 1 0 0 93 0 0 0 802 0 5970 733 0 367 0 2554 0 13 99 2385 2785 223 45728 122 0 0 0 4552 458 0 0 0 15839 0 0 1 55385 588 3 0 800 3 201 0 40510 0 0 0 47287 0 
0 36 93 0 0 0 5 0 149 0 0 8365 14746 12536 1249 0 9 12235 0 0 0 0 0 0 0 0 1 0 16435 911 0 2 0 0 0 0 794 10 10496 0 8443 1 17315 0 31801 0 332 0 90 928 
2852 0 45730 0 0 0 0 20359 0 0 208 40 318 512 0 1 1911 0 712 3441 0 1 1 8 0 4287 142 1030 0 0 0 44115 8 1 0 0 0 0 0 54419 2 13 0 0 0 3611 65 146 19760 0 
38 484 13 0 6 0 0 0 0 0 1240 10029 3409 0 0 7 0 29 421 0 1853 4703 32 6767 3 88 0 14 0 0 11226 0 0 55385 794 0 0 0 94301 0 45 0 4419 0 0 0 0 0 371 153 
1426 26 4 49 0 644 0 2674 6 0 0 0 13 0 26 0 1 33570 104 2861 1 0 0 0 0 64 3 30820 0 0 0 25 0 588 10 0 0 0 57 3412 0 0 10 20 12874 0 17956 0 19884 2293 
7 76472 0 141 80174 0 1606 3278 11 432 0 33636 0 0 0 0 25246 0 0 33584 2048 142 0 5573 0 46715 0 0 41 636 0 3594 0 3 10496 0 94301 57 0 0 0 0 0 84855 0 7373 9 0 0 0 
0 39 726 380 12375 98272 0 0 12 0 0 0 0 0 0 0 0 0 0 0 0 679 1696 0 0 16857 56173 0 3651 1 33 34 4366 0 0 54419 0 3412 0 0 0 0 0 0 342 14229 0 7 24 152 
0 0 4 5741 2 12883 0 0 58 0 0 25266 95981 11751 789 0 2 12802 0 0 79848 0 0 0 0 448 0 20109 0 68 0 2813 22523 800 8443 2 45 0 0 0 0 0 0 0 21 0 4476 6869 0 17717 
0 17 0 56 115 44658 0 0 0 0 0 90872 0 2854 1 179 0 0 55271 6570 0 738 0 0 3777 0 244 0 0 0 0 0 27 3 1 13 0 0 0 0 0 0 61968 0 486 0 3695 0 0 0 
0 2 0 0 0 1511 330 2 60952 1 32027 12564 14789 0 4802 98685 0 0 0 0 0 0 11 0 0 1 4 0 1823 15 0 14 1241 201 17315 0 4419 10 0 0 0 61968 0 0 0 3 60241 343 0 59 
0 365 4353 5 44984 0 0 12 6 0 53 26 0 17308 0 1465 71 15 16 1006 15707 31122 0 2319 0 48314 0 1757 0 5369 1243 2132 114 0 0 0 0 20 84855 0 0 0 0 0 0 467 0 0 275 0 
0 0 0 214 61638 0 0 1 0 24498 190 7854 0 0 0 0 0 49 5109 1 169 8 0 184 75866 381 0 38402 0 3 7940 2 46019 40510 31801 0 0 12874 0 342 21 486 0 0 0 0 545 0 1002 857 
0 1973 0 1 2290 0 4 0 0 0 1825 0 0 0 0 0 447 0 0 0 0 0 0 1 17 0 0 0 125 9 47356 14 27123 0 0 3611 0 0 7373 14229 0 0 3 467 0 0 39966 0 95682 20 
0 215 0 12 0 21412 12400 0 728 20545 0 0 35004 32 0 2372 0 69823 0 0 36 530 2653 0 0 41229 0 0 0 0 0 1 3294 0 332 65 0 17956 9 0 4476 3695 60241 0 545 39966 0 1 0 0 
0 5678 27 0 0 56 0 0 0 0 0 38007 0 0 0 193 0 0 16609 2925 2585 0 56 0 0 0 5298 0 13846 16 812 5 343 0 0 146 0 0 0 7 6869 0 343 0 0 0 1 0 230 0 
125 65049 24 0 0 1 0 0 17 0 0 1 0 0 5 0 0 144 195 2356 0 0 1798 0 2973 26 800 0 0 22 51 1729 314 47287 90 19760 371 19884 0 24 0 0 0 275 1002 95682 0 230 0 16104 
0 5308 0 0 90 0 0 0 29230 0 196 0 3866 0 0 0 0 37380 0 0 28 627 0 0 31 0 0 9 4 1 0 0 0 0 928 0 153 2293 0 152 17717 0 59 0 857 20 0 0 16104 0 
0 53597 168 0 0 0 40 9534 11392 1 0 0 0 1 9435 5209 6918 345 516 0 0 0 0 0 565 0 0 0 0 90 0 65731 0 4779 96 0 0 0 0 10968 7 3194 135 36 54 5 5328 6960 0 74 
53597 0 0 0 0 5922 35024 0 0 0 0 0 0 49311 0 0 13 97 0 5 0 1651 0 0 4 0 0 0 0 0 50 0 36 7 0 0 0 0 0 0 13233 0 0 0 3053 0 0 0 0 0 
168 0 0 56 0 1 2 8 15900 685 0 0 1133 47633 22546 2141 0 10 0 1292 0 3 1 471 0 0 0 40 18 0 0 0 455 6078 0 0 0 0 55704 0 0 73 18532 0 12 32 83999 0 0 74245 
0 0 56 0 20782 0 16 802 0 0 111 2514 31678 5313 12773 0 450 20875 0 0 1219 1 0 0 85995 0 2166 8930 318 0 0 0 0 0 664 178 0 0 1 0 0 0 42 0 0 0 2 286 9157 696 
0 0 0 20782 0 302 0 0 0 12844 1534 4 3506 0 0 1 0 0 3257 0 1 0 0 0 0 1281 0 8986 1 1598 26 76118 1555 0 2911 1606 21 70171 0 0 0 0 80 0 0 0 6 0 1 0 
0 5922 1 0 302 0 1904 0 16674 530 1 0 0 0 0 16860 0 638 0 2 0 0 43 6 0 342 1162 0 3818 1094 0 0 0 5 37437 86 2 0 65 0 0 0 0 3252 0 1344 0 0 1 2844 
40 35024 2 16 0 1904 0 0 1633 13 0 174 3 93 38659 74077 1563 249 51 0 0 0 0 10054 91 12569 57 224 0 0 2 126 1 0 0 20 5078 12051 0 1 16 21334 0 0 1036 0 0 27541 4538 86 
9534 0 8 802 0 0 0 0 0 10 0 0 0 0 0 0 7703 0 14 7 7154 4107 0 3653 0 10142 0 0 0 0 0 0 362 8 2629 0 8 0 0 11 22565 398 2 0 0 35232 35 14400 39 15365 
11392 0 15900 0 0 16674 1633 0 0 31 0 53304 0 0 82 65 510 9 74887 283 11040 0 24 5824 0 0 0 685 0 0 1 0 1 0 0 1 69589 0 0 0 0 31 0 0 0 64 0 15833 0 0 
1 0 685 0 12844 530 13 10 31 0 6 6981 310 1 1855 0 486 0 11 0 0 8 0 6 0 0 11913 7380 0 0 6 32 2 911 2387 7591 1992 985 0 48350 1069 591 0 25 0 544 0 470 0 14 
0 0 0 111 1534 1 0 0 0 6 0 0 0 0 1 0 0 0 1442 229 0 8480 0 69 1 0 0 0 0 0 18303 0 0 0 83151 0 0 62 837 18370 9443 834 0 0 0 0 1863 95 0 0 
0 0 0 2514 4 0 174 0 53304 6981 0 0 32196 0 616 8107 0 0 3 262 208 0 91308 0 0 4561 0 2 0 49913 1 0 0 0 0 0 0 5 0 43 0 0 0 0 0 792 14717 0 2 67 
0 0 1133 31678 3506 0 3 0 0 310 0 32196 0 0 0 0 62918 0 0 0 0 2351 27 0 0 56 0 26 0 787 0 0 1 569 0 0 0 1 765 936 0 8848 0 27 1335 61252 0 0 7787 0 
1 49311 47633 5313 0 0 93 0 0 1 0 0 0 0 0 0 10 0 132 0 0 5560 0 0 362 0 67 0 0 0 13377 327 0 0 0 0 29 24 9 22446 0 0 85162 0 31 2 0 1775 5 1208 
9435 0 22546 12773 0 0 38659 0 82 1855 1 616 0 0 0 0 1 19 51 52838 0 14 9765 18 148 113 0 8 0 0 0 0 0 57017 0 3 7 0 0 360 0 0 0 22162 5 24 47806 52413 0 662 
5209 0 2141 0 1 16860 74077 0 65 0 0 8107 0 0 0 0 0 0 0 83983 0 0 4610 4 0 8396 12622 0 0 0 1086 0 11335 0 95052 0 31 1847 925 4141 250 0 0 0 2393 334 0 0 204 9 
6918 13 0 450 0 0 1563 7703 510 486 0 0 62918 10 1 0 0 0 3 0 0 6 0 0 0 19598 0 40 47 11599 0 74 15 22 0 0 18510 0 0 8 0 51018 13337 0 11 0 0 4 21 31 
345 97 10 20875 0 638 249 0 9 0 0 0 0 0 19 0 0 0 4608 0 78524 1815 51818 14 988 19806 5599 39 0 23 47093 0 6 1 0 31329 0 0 66 56 0 1709 1765 1 0 30720 0 20 0 0 
516 0 0 0 3257 0 51 14 74887 11 1442 3 0 132 51 0 3 4608 0 2409 52 1 0 0 0 0 0 0 26725 47190 0 0 15 0 2 0 0 1 9 83566 191 0 732 0 0 1552 1175 0 0 529 
0 5 1292 0 0 2 0 7 283 0 229 262 0 0 52838 83983 0 0 2409 0 0 0 17 1765 0 0 0 531 0 288 0 0 1 0 1 0 104 0 0 4 0 0 35858 0 0 0 0 0 0 1902 
0 0 0 1219 1 0 0 7154 11040 0 0 208 0 0 0 0 0 78524 52 0 0 33868 0 5198 418 165 2 0 28386 9 3114 0 0 0 10 0 0 35 0 112 0 0 4454 0 0 1 0 0 536 0 
0 1651 3 1 0 0 0 4107 0 8 8480 0 2351 5560 14 0 6 1815 1 0 33868 0 0 0 11 4098 592 23 0 86594 7608 0 10653 0 5857 0 0 0 0 0 5644 0 6 0 0 168 0 42939 1 0 
0 0 1 0 0 43 0 0 24 0 0 91308 27 0 9765 4610 0 51818 0 17 0 0 0 1945 0 1 0 0 460 1 2 49 10620 0 83807 2 0 30 4169 0 246 714 0 0 590 8009 0 0 0 11936 
0 0 471 0 0 6 10054 3653 5824 6 69 0 0 0 18 4 0 14 0 1765 5198 0 1945 0 355 0 0 19405 242 0 0 112 0 0 286 0 0 3 0 124 7074 117 24 0 0 0 19 977 0 115 
565 4 0 85995 0 0 91 0 0 0 1 0 0 362 148 0 0 988 0 0 418 11 0 355 0 60729 0 3670 0 84 2348 0 7526 926 14 119 0 0 15 111 165 0 6117 95440 0 0 63289 5121 0 0 
0 0 0 0 1281 342 12569 10142 0 0 0 4561 56 0 113 8396 19598 19806 0 0 165 4098 1 0 60729 0 0 0 0 0 0 3 0 48465 296 0 0 0 0 0 0 33500 909 0 0 614 0 5098 0 9641 
0 0 0 2166 0 1162 57 0 0 11913 0 0 0 67 0 12622 0 5599 0 0 2 592 0 0 0 0 0 0 0 0 397 19549 0 113 13 0 974 0 14455 0 95279 0 0 0 3084 4 2183 0 0 33 
0 0 40 8930 8986 0 224 0 685 7380 0 2 26 0 8 0 40 39 0 531 0 23 0 19405 3670 0 0 0 81839 783 0 136 196 0 1929 0 0 0 15578 3056 0 4605 22624 0 0 23306 20 53 16 0 
0 0 18 318 1 3818 0 0 0 0 0 0 0 0 0 0 47 0 26725 0 28386 0 460 242 0 0 0 81839 0 0 0 3996 0 0 0 0 10508 2564 0 0 6723 60890 0 10 4 0 9019 0 0 0 
90 0 0 0 1598 1094 0 0 0 0 0 49913 787 0 0 0 11599 23 47190 288 9 86594 1 0 84 0 0 783 0 0 13095 0 36 1 0 3 892 26 0 0 0 0 8 0 0 6 130 0 0 0 
0 50 0 0 26 0 2 0 1 6 18303 1 0 13377 0 1086 0 47093 0 0 3114 7608 2 0 2348 0 397 0 0 13095 0 2 53 22388 1325 0 0 21 9579 0 38946 586 62594 0 0 0 1845 0 0 37 
65731 0 0 0 76118 0 126 0 0 32 0 0 0 327 0 0 74 0 0 0 0 0 49 112 0 3 19549 136 3996 0 2 0 0 1775 0 0 651 0 0 2 0 15 0 0 0 0 0 0 0 133 
0 36 455 0 1555 0 1 362 1 2 0 0 1 0 0 11335 15 6 15 1 0 10653 10620 0 7526 0 0 196 0 36 53 0 0 0 1033 7 4 565 2874 0 0 0 0 0 0 0 0 0 0 61129 
4779 7 6078 0 0 5 0 8 0 911 0 0 569 0 57017 0 22 1 0 0 0 0 0 0 926 48465 113 0 0 1 22388 1775 0 0 244 0 0 0 0 6364 0 0 0 3 0 35436 11243 23808 0 0 
96 0 0 664 2911 37437 0 2629 0 2387 83151 0 0 0 0 95052 0 0 2 1 10 5857 83807 286 14 296 13 1929 0 0 1325 0 1033 244 0 6 0 0 0 62 0 0 0 6862 0 151 0 47848 0 0 
0 0 0 178 1606 86 20 0 1 7591 0 0 0 0 3 0 0 31329 0 0 0 0 2 0 119 0 0 0 0 3 0 0 7 0 6 0 2 84255 25 0 29 5 789 74 54401 0 0 0 0 0 
0 0 0 0 21 2 5078 8 69589 1992 0 0 0 29 7 31 18510 0 0 104 0 0 0 0 0 0 974 0 10508 892 0 651 4 0 0 2 0 11989 0 127 0 652 0 47 880 816 63 9 0 0 
0 0 0 0 70171 0 12051 0 0 985 62 5 1 24 0 1847 0 0 1 0 35 0 30 3 0 0 0 0 2564 26 21 0 565 0 0 84255 11989 0 0 0 9326 11512 0 0 0 0 0 575 0 0 
0 0 55704 1 0 65 0 0 0 0 837 0 765 9 0 925 0 66 9 0 0 0 4169 0 15 0 14455 15578 0 0 9579 0 2874 0 0 25 0 0 0 0 516 23624 62 0 8852 0 3 10358 259 100 
10968 0 0 0 0 0 1 11 0 48350 18370 43 936 22446 360 4141 8 56 83566 4 112 0 0 124 111 0 0 3056 0 0 0 2 0 6364 62 0 127 0 0 0 15175 12 1181 1083 0 0 0 0 7 0 
7 13233 0 0 0 0 16 22565 0 1069 9443 0 0 0 0 250 0 0 191 0 0 5644 246 7074 165 0 95279 0 6723 0 38946 0 0 0 0 29 0 9326 516 15175 0 0 62 29 0 247 0 0 92 0 
3194 0 73 0 0 0 21334 398 31 591 834 0 8848 0 0 0 51018 1709 0 0 0 0 714 117 0 33500 0 4605 60890 0 586 15 0 0 0 5 652 11512 23624 12 0 0 0 7881 0 2430 0 0 2761 298 
135 0 18532 42 80 0 0 2 0 0 0 0 0 85162 0 0 13337 1765 732 35858 4454 6 0 24 6117 909 0 22624 0 8 62594 0 0 0 0 789 0 0 62 1181 62 0 0 1 4 0 0 0 165 0 
36 0 0 0 0 3252 0 0 0 25 0 0 27 0 22162 0 0 1 0 0 0 0 0 0 95440 0 0 0 10 0 0 0 0 3 6862 74 47 0 0 1083 29 7881 1 0 1 0 822 13 0 8759 
54 3053 12 0 0 0 1036 0 0 0 0 0 1335 31 5 2393 11 0 0 0 0 0 590 0 0 0 3084 0 4 0 0 0 0 0 0 54401 880 0 8852 0 0 0 4 1 0 3152 0 498 0 0 
5 0 32 0 0 1344 0 35232 64 544 0 792 61252 2 24 334 0 30720 1552 0 1 168 8009 0 0 614 4 23306 0 6 0 0 0 35436 151 0 816 0 0 0 247 2430 0 0 3152 0 0 13 0 0 
5328 0 83999 2 6 0 0 35 0 0 1863 14717 0 0 47806 0 0 0 1175 0 0 0 0 19 63289 0 2183 20 9019 130 1845 0 0 11243 0 0 63 0 3 0 0 0 0 822 0 0 0 0 91 566 
6960 0 0 286 0 0 27541 14400 15833 470 95 0 0 1775 52413 0 4 20 0 0 0 42939 0 977 5121 5098 0 53 0 0 0 0 0 23808 47848 0 9 575 10358 0 0 0 0 13 498 13 0 0 0 3539 
0 0 0 9157 1 1 4538 39 0 0 0 2 7787 5 0 204 21 0 0 0 536 1 0 0 0 0 0 16 0 0 0 0 0 0 0 0 0 0 259 7 92 2761 165 0 0 0 91 0 0 0 
74 0 74245 696 0 2844 86 15365 0 14 0 67 0 1208 662 9 31 0 529 1902 0 0 11936 115 0 9641 33 0 0 0 37 133 61129 0 0 0 0 0 100 0 0 298 0 8759 0 0 566 3539 0 0 
0 455 1 0 0 0 592 4055 1826 0 0 0 0 1 3682 4802 195 11601 966 0 0 0 0 0 443 0 3 0 1 36 0 18499 0 9586 3 0 0 0 0 1878 6 501 575 28 1297 66 739 146 0 0 
455 0 0 0 0 4 70616 0 1 0 0 1 0 27067 0 0 75 223 0 0 0 41705 0 0 12 110 6 0 0 0 13 11 10105 0 0 0 0 0 0 0 173 0 5 0 708 0 0 0 0 0 
1 0 0 21 0 33 10 3 708 11951 0 0 1578 43203 92444 525 0 106 0 31 0 669 21 15216 5 0 0 433 0 0 0 0 93709 7739 0 0 1 9 14340 0 0 40 1580 0 2 4397 11232 0 0 37183 
0 0 21 0 44072 0 20 10496 0 0 1 30808 1257 30223 4432 0 6979 47818 0 0 8387 0 0 90 24447 0 19288 4570 13 0 0 59 1801 2 73664 63909 1 0 5 0 0 0 1378 0 0 0 0 294 1553 4214 
0 0 0 44072 0 5131 0 0 0 21851 397 0 2123 0 0 2 0 0 16552 0 0 0 0 0 0 24 0 12234 366 570 16 238 942 0 805 28 0 2259 0 0 0 0 954 0 0 0 263 1 220 0 
0 4 33 0 5131 0 369 0 9151 7 0 0 0 0 0 34 0 287 0 6 0 0 854 5 0 114 1551 0 41865 169 0 0 0 3 594 1655 35 0 10971 0 0 0 0 17347 80 1028 0 0 0 124 
592 70616 10 20 0 369 0 0 1155 1442 0 240 3 23 5748 6076 579 8255 1 0 0 0 0 43909 396 55954 68 260 0 0 0 1 0 9 0 30 102 1901 0 0 52 5486 0 90 337 0 0 28076 117 138 
4055 0 3 10496 0 0 0 0 0 0 0 0 0 0 0 0 6 3 246 1 5029 16296 0 481 0 7299 0 0 0 0 0 5 61 38 3675 0 8 0 0 1 995 12038 5 0 0 57105 3 10523 397 53266 
1826 1 708 0 0 9151 1155 0 0 415 0 1682 0 0 127 4 163 358 1342 9979 8954 0 6 414 0 0 0 80370 0 2 0 0 1 0 0 1947 11568 0 3 1 0 4 0 4 311 108 0 26150 0 0 
0 0 11951 0 21851 7 1442 0 415 0 4675 851 2459 59 1518 0 182 0 42 0 0 267 0 0 1 0 861 847 20 0 176 2 0 2 39420 2352 302 39865 0 4711 41988 30112 1 62 0 1484 0 1126 2 86 
0 0 0 1 397 0 0 0 0 4675 0 0 0 0 0 0 400 0 1343 6 0 25487 0 2 21 0 0 0 0 0 1145 0 0 0 20552 0 0 30 1688 1791 6247 2730 0 0 0 0 339 20063 0 0 
0 1 0 30808 0 0 240 0 1682 851 0 0 533 0 12450 74 1 0 0 1370 325 0 1145 0 0 11787 48 127 0 33566 1557 4 0 0 0 0 0 7723 0 469 0 0 0 0 0 47 16 0 223 7 
0 0 1578 1257 2123 0 3 0 0 2459 0 533 0 0 0 0 66730 0 0 0 0 34 3 0 0 146 1 8903 0 6 0 0 0 837 0 0 0 0 5196 1468 0 190 0 13 785 11847 0 35 8114 0 
1 27067 43203 30223 0 0 23 0 0 59 0 0 0 0 0 0 0 0 1 0 0 5466 0 0 1 0 86 0 0 0 11636 1957 0 0 0 0 7 410 1 2884 0 0 12839 0 36 0 0 3054 0 2460 
3682 0 92444 4432 0 0 5748 0 127 1518 0 12450 0 0 0 0 57 14428 0 32634 0 0 21 0 2 17 0 20 140 0 0 0 0 5268 0 40 0 0 3 660 0 8 0 8547 61 12 24735 7551 0 60 
4802 0 525 0 2 34 6076 0 4 0 0 74 0 0 0 0 0 0 0 2744 0 0 57 0 0 2602 12830 0 0 0 604 0 5418 0 2567 2 0 80618 79136 49077 4950 0 0 0 507 714 0 0 37 269 
195 75 0 6979 0 0 579 6 163 182 400 1 66730 0 57 0 0 0 586 0 0 0 0 0 0 16480 0 214 459 13108 0 141 261 4 0 0 9863 0 0 1011 11 327 18366 0 9433 0 0 5 485 0 
11601 223 106 47818 0 287 8255 3 358 0 0 0 0 0 14428 0 0 0 12220 0 2745 11813 30594 417 7120 2433 0 0 27 0 48223 0 0 0 0 1660 0 0 56 3394 0 40609 2538 0 0 77453 0 562 0 0 
966 0 0 0 16552 0 1 246 1342 42 1343 0 0 1 0 0 586 12220 0 2408 269 885 0 0 0 1 0 0 1768 23097 0 0 0 0 141 0 0 0 234 517 425 0 194 0 0 47 3166 0 0 121 
0 0 31 0 0 6 0 1 9979 0 6 1370 0 0 32634 2744 0 0 2408 0 0 0 8 682 0 0 0 193 0 86 0 1 9 0 5 0 3 0 0 0 0 0 17894 0 7 119 3 0 0 2751 
0 0 0 8387 0 0 0 5029 8954 0 0 325 0 0 0 0 0 2745 269 0 0 14815 0 742 536 7 1478 0 11274 9 320 0 0 0 17 0 0 1 0 227 0 15 12 0 0 0 0 0 378 0 
0 41705 669 0 0 0 0 16296 0 267 25487 0 34 5466 0 0 0 11813 885 0 14815 0 0 0 0 135 12 11 4 626 41140 0 8224 0 1047 0 0 18 0 0 2009 0 2 0 5 1135 0 10413 0 0 
0 0 21 0 0 854 0 0 6 0 0 1145 3 0 21 57 0 30594 0 8 0 0 0 313 0 60 0 0 7 359 0 138 160 0 83478 5 0 7701 90851 0 100 512 0 2 3 523 0 0 0 2643 
0 0 15216 90 0 5 43909 481 414 0 2 0 0 0 0 0 0 417 0 682 742 0 313 0 2923 0 0 1814 964 0 1 0 0 0 799 0 0 4552 0 2781 790 60 1437 0 0 0 65 39752 0 169 
443 12 5 24447 0 0 396 0 0 1 21 0 0 1 2 0 0 7120 0 0 536 0 0 2923 0 1181 0 434 0 9243 29868 0 851 2852 5 155 0 0 6 29 200 0 2597 237 0 0 58124 302 0 0 
0 110 0 0 24 114 55954 7299 0 0 0 11787 146 0 17 2602 16480 2433 1 0 7 135 60 0 1181 0 0 0 0 0 0 74 0 982 214 0 0 1 0 0 0 1067 2 0 0 4 0 295 1 613 
3 6 0 19288 0 1551 68 0 0 861 0 48 1 86 0 12830 0 0 0 0 1478 12 0 0 0 0 0 0 0 0 173 930 0 81 8 0 82009 1 324 0 11226 0 0 1 2437 0 15275 0 0 2 
0 0 433 4570 12234 0 260 0 80370 847 0 127 8903 0 20 0 214 0 0 193 0 11 0 1814 434 0 0 0 54 14 0 345 2 0 1012 0 0 0 4833 766 0 998 53611 0 0 4029 504 145 0 0 
1 0 0 13 366 41865 0 0 0 20 0 0 0 0 140 0 459 27 1768 0 11274 4 7 964 0 0 0 54 0 2 0 321 0 0 0 0 14261 2741 0 0 7414 1306 0 29 2298 0 12 0 0 0 
36 0 0 0 570 169 0 0 2 0 0 33566 6 0 0 0 13108 0 23097 86 9 626 359 0 9243 0 0 14 2 0 64394 0 6819 20 0 6 133 239 0 6 0 29 0 0 6 0 4193 0 0 0 
0 13 0 0 16 0 0 0 0 176 1145 1557 0 11636 0 604 0 48223 0 0 320 41140 0 1 29868 0 173 0 0 64394 0 1 1 22155 4 1 0 282 1922 0 197 327 3455 0 0 0 1740 0 0 445 
18499 11 0 59 238 0 1 5 0 2 0 4 0 1957 0 0 141 0 0 1 0 0 138 0 0 74 930 345 321 0 1 0 0 11369 17 0 75 0 0 0 0 26 0 0 20 0 0 5 0 4133 
0 10105 93709 1801 942 0 0 61 1 0 0 0 0 0 0 5418 261 0 0 9 0 8224 160 0 851 0 0 2 0 6819 1 0 0 0 74 2 102 1393 19285 0 0 0 0 0 0 0 0 0 0 2878 
9586 0 7739 2 0 3 9 38 0 2 0 0 837 0 5268 0 4 0 0 0 0 0 0 0 2852 982 81 0 0 20 22155 11369 0 0 2 0 0 0 0 3229 0 0 0 19 0 25429 30738 840 0 72 
3 0 0 73664 805 594 0 3675 0 39420 20552 0 0 0 0 2567 0 0 141 5 17 1047 83478 799 5 214 8 1012 0 0 4 17 74 2 0 161 0 0 0 137 0 1 0 6580 0 2944 0 585 0 0 
0 0 0 63909 28 1655 30 0 1947 2352 0 0 0 0 40 2 0 1660 0 0 0 0 5 0 155 0 0 0 0 6 1 0 2 0 161 0 59 3902 22 0 0 0 114 76 4161 0 0 0 0 12 
0 0 1 1 0 35 102 8 11568 302 0 0 0 7 0 0 9863 0 0 3 0 0 0 0 0 0 82009 0 14261 133 0 75 102 0 0 59 0 25874 0 4236 1 63 0 2704 103 888 70 3 0 0 
0 0 9 0 2259 0 1901 0 0 39865 30 7723 0 410 0 80618 0 0 0 0 1 18 7701 4552 0 1 1 0 2741 239 282 0 1393 0 0 3902 25874 0 0 0 62 2276 0 0 0 0 0 7776 0 0 
0 0 14340 5 0 10971 0 0 3 0 1688 0 5196 1 3 79136 0 56 234 0 0 0 90851 0 6 0 324 4833 0 0 1922 0 19285 0 0 22 0 0 0 0 36667 818 547 0 33648 0 1 33295 6246 91 
1878 0 0 0 0 0 0 1 1 4711 1791 469 1468 2884 660 49077 1011 3394 517 0 227 0 0 2781 29 0 0 766 0 6 0 0 0 3229 137 0 4236 0 0 0 13 461 55092 776 0 0 6 0 0 0 
6 173 0 0 0 0 52 995 0 41988 6247 0 0 0 0 4950 11 0 425 0 0 2009 100 790 200 0 11226 0 7414 0 197 0 0 0 0 0 1 62 36667 13 0 0 1624 181 0 30 0 0 0 0 
501 0 40 0 0 0 5486 12038 4 30112 2730 0 190 0 8 0 327 40609 0 0 15 0 512 60 0 1067 0 998 1306 29 327 26 0 0 1 0 63 2276 818 461 0 0 0 1101 0 3947 0 26834 3 0 
575 5 1580 1378 954 0 0 5 0 1 0 0 0 12839 0 0 18366 2538 194 17894 12 2 0 1437 2597 2 0 53611 0 0 3455 0 0 0 0 114 0 0 547 55092 1624 0 0 335 1 0 0 0 4 0 
28 0 0 0 0 17347 90 0 4 62 0 0 13 0 8547 0 0 0 0 0 0 0 2 0 237 0 1 0 29 0 0 0 0 19 6580 76 2704 0 0 776 181 1101 335 0 129 0 33 302 0 1360 
1297 708 2 0 0 80 337 0 311 0 0 0 785 36 61 507 9433 0 0 7 0 5 3 0 0 0 2437 0 2298 6 0 20 0 0 0 4161 103 0 33648 0 0 0 1 129 0 128 0 38854 0 0 
66 0 4397 0 0 1028 0 57105 108 1484 0 47 11847 0 12 714 0 77453 47 119 0 1135 523 0 0 4 0 4029 0 0 0 0 0 25429 2944 0 888 0 0 0 30 3947 0 0 128 0 0 13 0 0 
739 0 11232 0 263 0 0 3 0 0 339 16 0 0 24735 0 0 0 3166 3 0 0 0 65 58124 0 15275 504 12 4193 1740 0 0 30738 0 0 70 0 1 6 0 0 0 33 0 0 0 10 144 7 
146 0 0 294 1 0 28076 10523 26150 1126 20063 0 35 3054 7551 0 5 562 0 0 0 10413 0 39752 302 295 0 145 0 0 0 5 0 840 585 0 3 7776 33295 0 0 26834 0 302 38854 13 10 0 0 483 
0 0 0 1553 220 0 117 397 0 2 0 223 8114 0 0 37 485 0 0 0 378 0 0 0 0 1 0 0 0 0 0 0 0 0 0 0 0 0 6246 0 0 3 4 0 0 0 144 0 0 0 
0 0 37183 4214 0 124 138 53266 0 86 0 7 0 2460 60 269 0 0 121 2751 0 0 2643 169 0 613 2 0 0 0 445 4133 2878 72 0 12 0 0 91 0 0 0 0 1360 0 0 7 483 0 0 
