5 4
0 46 118 40 96 
46 0 88 10 53 
118 88 0 85 53 
40 10 85 0 56 
96 53 53 56 0 
0 1 0 884 9183 
1 0 23 1 0 
0 23 0 1330 544 
884 1 1330 0 11 
9183 0 544 11 0 
0 760 0 0 216 
760 0 3 7 0 
0 3 0 7761 0 
0 7 7761 0 77683 
216 0 0 77683 0 
0 0 0 99608 27 
0 0 0 10507 0 
0 0 0 0 0 
99608 10507 0 0 0 
27 0 0 0 0 
0 891 0 0 52 
891 0 5 5 0 
0 5 0 0 0 
0 5 0 0 76 
52 0 0 76 0 
