6 4
0 123 17 72 89 90 
123 0 116 51 121 48 
17 116 0 64 101 90 
72 51 64 0 97 39 
89 121 101 97 0 73 
90 48 90 39 73 0 
0 328 0 0 77 0 
328 0 1 2296 0 0 
0 1 0 0 0 17910 
0 2296 0 0 0 0 
77 0 0 0 0 0 
0 0 17910 0 0 0 
0 326 2 12 85 19 
326 0 0 8342 0 0 
2 0 0 3 0 0 
12 8342 3 0 164 8 
85 0 0 164 0 0 
19 0 0 8 0 0 
0 0 2 29 0 0 
0 0 0 0 124 0 
2 0 0 2 24421 1765 
29 0 2 0 0 0 
0 124 24421 0 0 0 
0 0 1765 0 0 0 
0 0 2 1 0 0 
0 0 76 66866 4 2 
2 76 0 0 0 0 
1 66866 0 0 0 17 
0 4 0 0 0 0 
0 2 0 17 0 0 
