20 3
0 59 64 103 62 95 95 48 90 88 90 112 64 139 74 53 26 148 87 89 
59 0 70 49 40 62 36 46 31 30 43 69 27 80 26 37 59 91 39 30 
64 70 0 118 33 51 89 98 88 95 64 73 48 126 97 33 87 124 64 86 
103 49 118 0 85 94 38 68 34 23 68 88 69 56 28 85 93 77 65 36 
62 40 33 85 0 33 56 78 55 62 34 51 15 94 66 8 77 96 33 53 
95 62 51 94 33 0 57 107 59 71 25 22 37 82 84 42 110 75 28 57 
95 36 89 38 56 57 0 77 6 17 31 50 41 44 39 58 95 55 29 6 
48 46 98 68 78 107 77 0 71 63 90 115 69 117 41 71 27 133 86 71 
90 31 88 34 55 59 6 71 0 12 34 55 39 49 33 57 89 61 31 2 
88 30 95 23 62 71 17 63 12 0 46 67 46 53 23 63 84 69 43 14 
90 43 64 68 34 25 31 90 34 46 0 25 25 61 61 41 99 61 3 32 
112 69 73 88 51 22 50 115 55 67 25 0 49 63 86 60 123 54 29 53 
64 27 48 69 15 37 41 69 39 46 25 49 0 81 52 17 74 86 23 37 
139 80 126 56 94 82 44 117 49 53 61 63 81 0 75 99 137 23 62 50 
74 26 97 28 66 84 39 41 33 23 61 86 52 75 0 64 65 92 58 34 
53 37 33 85 8 42 58 71 57 63 41 60 17 99 64 0 69 102 39 55 
26 59 87 93 77 110 95 27 89 84 99 123 74 137 65 69 0 150 95 88 
148 91 124 77 96 75 55 133 61 69 61 54 86 23 92 102 150 0 63 62 
87 39 64 65 33 28 29 86 31 43 3 29 23 62 58 39 95 63 0 29 
89 30 86 36 53 57 6 71 2 14 32 53 37 50 34 55 88 62 29 0 
0 26 23624 9 1 1297 0 0 62 15 0 0 785 2 0 0 0 0 10 1 
26 0 35194 0 3 29 0 84378 24734 0 0 14 88 0 0 0 205 0 0 62 
23624 35194 0 0 0 1 152 0 0 0 13128 1329 56 0 60 97 0 0 0 0 
9 0 0 0 1 0 15333 6655 14 92567 0 0 56 0 0 0 0 0 0 4437 
1 3 0 1 0 801 0 0 8 4 0 20 0 0 0 4 448 2189 0 0 
1297 29 1 0 801 0 0 69399 0 0 16 0 0 0 0 0 1975 0 0 0 
0 0 152 15333 0 0 0 0 0 14731 3796 1 0 18737 56 0 0 3801 0 0 
0 84378 0 6655 0 69399 0 0 0 0 0 75695 0 0 74601 0 0 605 219 0 
62 24734 0 14 8 0 0 0 0 1785 0 1378 0 29639 0 0 0 0 0 9 
15 0 0 92567 4 0 14731 0 1785 0 0 0 17902 0 0 0 18 0 0 1795 
0 0 13128 0 0 16 3796 0 0 0 0 7017 55 21380 0 12 0 88969 1091 153 
0 14 1329 0 20 0 1 75695 1378 0 7017 0 44243 12773 0 15773 0 19870 4 0 
785 88 56 56 0 0 0 0 0 17902 55 44243 0 0 5 0 13 5446 16354 0 
2 0 0 0 0 0 18737 0 29639 0 21380 12773 0 0 0 32170 0 5673 0 0 
0 0 60 0 0 0 56 74601 0 0 0 0 5 0 0 0 0 0 0 26 
0 0 97 0 4 0 0 0 0 0 12 15773 0 32170 0 0 0 6862 161 1 
0 205 0 0 448 1975 0 0 0 18 0 0 13 0 0 0 0 5 532 0 
0 0 0 0 2189 0 3801 605 0 0 88969 19870 5446 5673 0 6862 5 0 276 0 
10 0 0 0 0 0 0 219 0 0 1091 4 16354 0 0 161 532 276 0 0 
1 62 0 4437 0 0 0 0 9 1795 153 0 0 0 26 1 0 0 0 0 
0 0 0 0 0 0 16 7 0 0 27 3236 0 1 31 359 125 413 0 0 
0 0 0 26 16 0 2444 0 0 1628 368 0 0 136 20 1 0 24 32637 0 
0 0 0 45197 1163 0 0 5 2809 0 0 0 0 4570 0 0 81235 1845 3156 69341 
0 26 45197 0 0 5 0 0 0 0 9 2248 0 0 12675 1136 1 10118 2064 0 
0 16 1163 0 0 0 59 1848 0 0 3729 0 1 104 1569 0 0 0 678 10 
0 0 0 5 0 0 836 0 11 20294 0 13 388 18729 2207 15300 0 196 563 2123 
16 2444 0 0 59 836 0 15684 1 0 0 0 0 0 0 33 4 0 35604 34405 
7 0 5 0 1848 0 15684 0 39934 6735 36167 0 2829 43 0 399 2668 0 0 31951 
0 0 2809 0 0 11 1 39934 0 0 36069 0 48993 0 119 11 1 5 1 0 
0 1628 0 0 0 20294 0 6735 0 0 1 75252 0 84 38 6468 0 30 1792 0 
27 368 0 9 3729 0 0 36167 36069 1 0 0 0 0 3739 0 7066 0 0 0 
3236 0 0 2248 0 13 0 0 0 75252 0 0 0 0 106 0 4159 0 2 132 
0 0 0 0 1 388 0 2829 48993 0 0 0 0 55 0 31830 0 0 0 1 
1 136 4570 0 104 18729 0 43 0 84 0 0 55 0 364 0 1362 0 17 1024 
31 20 0 12675 1569 2207 0 0 119 38 3739 106 0 364 0 0 29 39927 225 0 
359 1 0 1136 0 15300 33 399 11 6468 0 0 31830 0 0 0 0 0 0 0 
125 0 81235 1 0 0 4 2668 1 0 7066 4159 0 1362 29 0 0 0 0 21 
413 24 1845 10118 0 196 0 0 5 30 0 0 0 0 39927 0 0 0 0 11510 
0 32637 3156 2064 678 563 35604 0 1 1792 0 2 0 17 225 0 0 0 0 25 
0 0 69341 0 10 2123 34405 31951 0 0 0 132 1 1024 0 0 21 11510 25 0 
0 0 0 0 23 0 220 19 0 0 439 2381 0 0 0 101 23886 25826 0 3 
0 0 0 2 0 0 14249 0 0 2 113 0 0 5 911 88867 0 57916 6831 0 
0 0 0 900 0 0 0 17867 1855 97430 0 0 0 115 0 0 14228 1307 15698 739 
0 2 900 0 0 535 0 0 0 0 26228 121 0 0 23033 31155 18 3492 426 0 
23 0 0 0 0 0 326 6416 1 0 389 0 1 10 2 0 0 0 22 13 
0 0 0 535 0 0 261 0 82 25812 0 1218 14140 32986 54283 35958 0 6363 14810 5900 
220 14249 0 0 326 261 0 4810 288 0 0 0 9687 0 0 1899 69 0 65071 6 
19 0 17867 0 6416 0 4810 0 624 8604 13469 0 1507 37908 0 38721 0 0 0 0 
0 0 1855 0 1 82 288 624 0 0 24 0 88 0 93 0 418 2146 6699 0 
0 2 97430 0 0 25812 0 8604 0 0 32 653 0 11746 1801 25 0 62590 1030 0 
439 113 0 26228 389 0 0 13469 24 32 0 0 0 0 478 0 1 0 0 0 
2381 0 0 121 0 1218 0 0 0 653 0 0 0 0 276 0 3337 0 1 42 
0 0 0 0 1 14140 9687 1507 88 0 0 0 0 1013 0 2 0 0 0 52 
0 5 115 0 10 32986 0 37908 0 11746 0 0 1013 0 64978 0 43420 0 2 80 
0 911 0 23033 2 54283 0 0 93 1801 478 276 0 64978 0 1 197 78460 1918 0 
101 88867 0 31155 0 35958 1899 38721 0 25 0 0 2 0 1 0 8 0 0 22 
23886 0 14228 18 0 0 69 0 418 0 1 3337 0 43420 197 8 0 1 0 868 
25826 57916 1307 3492 0 6363 0 0 2146 62590 0 0 0 0 78460 0 1 0 0 9774 
0 6831 15698 426 22 14810 65071 0 6699 1030 0 1 0 2 1918 0 0 0 0 1188 
3 0 739 0 13 5900 6 0 0 0 0 42 52 80 0 22 868 9774 1188 0 
