30 4
0 46 118 40 96 98 46 64 2 33 36 47 55 9 108 78 35 54 61 95 45 105 61 79 70 72 108 28 39 45 
46 0 88 10 53 127 3 66 48 60 37 19 78 48 107 43 36 50 104 90 43 84 63 35 92 25 124 21 29 63 
118 88 0 85 53 137 85 71 120 144 83 106 102 125 70 117 84 138 148 59 75 25 72 92 105 80 111 92 78 92 
40 10 85 0 56 117 8 56 42 59 26 26 68 43 98 54 26 55 95 82 33 79 53 44 82 34 114 12 19 52 
96 53 53 56 0 154 51 82 98 112 71 66 108 100 106 67 71 96 146 90 69 65 81 42 118 33 138 68 62 93 
98 127 137 117 154 0 125 72 99 127 90 138 49 106 75 170 91 153 52 79 87 112 73 161 36 148 37 107 99 64 
46 3 85 8 51 125 0 63 48 61 34 22 76 49 104 46 34 53 103 87 40 81 60 36 90 26 122 20 27 60 
64 66 71 56 82 72 63 0 66 97 32 83 30 73 44 110 33 107 76 31 23 50 3 95 36 81 59 52 37 22 
2 48 120 42 98 99 48 66 0 32 38 48 56 7 110 78 37 54 61 97 47 107 63 81 71 74 110 30 42 47 
33 60 144 59 112 127 61 97 32 0 67 48 88 24 142 71 66 34 83 128 77 134 94 83 103 82 141 52 68 79 
36 37 83 26 71 90 34 32 38 67 0 51 41 44 77 80 1 75 74 61 10 68 29 70 55 58 88 20 9 26 
47 19 106 26 66 138 22 83 48 48 51 0 90 45 125 31 50 31 108 109 59 103 80 35 105 34 140 31 46 76 
55 78 102 68 108 49 76 30 56 88 41 90 0 63 62 121 41 107 46 54 39 80 29 112 15 99 53 58 50 15 
9 48 125 43 100 106 49 73 7 24 44 45 63 0 117 75 43 47 66 104 53 112 70 79 79 73 117 33 47 54 
108 107 70 98 106 75 104 44 110 142 77 125 62 117 0 149 78 152 105 17 67 45 48 131 55 116 42 96 80 64 
78 43 117 54 67 170 46 110 78 71 80 31 121 75 149 0 80 40 140 132 87 120 107 25 135 36 168 62 73 106 
35 36 84 26 71 91 34 33 37 66 1 50 41 43 78 80 0 74 74 62 11 69 30 70 55 58 89 19 9 26 
54 50 138 55 96 153 53 107 54 34 75 31 107 47 152 40 74 0 113 136 84 134 104 59 123 63 160 55 72 95 
61 104 148 95 146 52 103 76 61 83 74 108 46 66 105 140 74 113 0 100 77 126 75 139 50 129 81 83 83 56 
95 90 59 82 90 79 87 31 97 128 61 109 54 104 17 132 62 136 100 0 52 34 34 114 51 99 52 81 64 52 
45 43 75 33 69 87 40 23 47 77 10 59 39 53 67 87 11 84 77 52 0 59 20 74 51 61 81 29 13 24 
105 84 25 79 65 112 81 50 107 134 68 103 80 112 45 120 69 134 126 34 59 0 51 98 81 84 86 82 66 72 
61 63 72 53 81 73 60 3 63 94 29 80 29 70 48 107 30 104 75 34 20 51 0 93 37 79 61 49 34 20 
79 35 92 44 42 161 36 95 81 83 70 35 112 79 131 25 70 59 139 114 74 98 93 0 125 14 155 56 62 96 
70 92 105 82 118 36 90 36 71 103 55 105 15 79 55 135 55 123 50 51 51 81 37 125 0 112 38 73 63 29 
72 25 80 34 33 148 26 81 74 82 58 34 99 73 116 36 58 63 129 99 61 84 79 14 112 0 140 46 49 83 
108 124 111 114 138 37 122 59 110 141 88 140 53 117 42 168 89 160 81 52 81 86 61 155 38 140 0 108 95 65 
28 21 92 12 68 107 20 52 30 52 20 31 58 33 96 62 19 55 83 81 29 82 49 56 73 46 108 0 17 44 
39 29 78 19 62 99 27 37 42 68 9 46 50 47 80 73 9 72 83 64 13 66 34 62 63 49 95 17 0 34 
45 63 92 52 93 64 60 22 47 79 26 76 15 54 64 106 26 95 56 52 24 72 20 96 29 83 65 44 34 0 
0 0 215 0 0 12 0 0 0 3887 0 0 2 0 0 4216 120 0 1 0 0 1 0 0 131 34778 204 14 0 83010 
0 0 236 57 51087 0 1711 616 0 0 0 63 0 17 0 52 475 89 0 26983 0 0 9 0 528 80 8 238 0 0 
215 236 0 14 0 0 26006 0 0 0 0 0 0 0 1 5 0 378 89858 6 19 0 1851 0 36 0 0 0 0 43956 
0 57 14 0 28536 0 3 12863 0 0 0 0 0 3 0 0 0 0 14587 0 0 643 0 199 0 0 0 0 0 0 
0 51087 0 28536 0 0 11 11361 0 0 0 0 0 6 19 28213 0 1 316 0 0 0 107 4212 46493 85 0 0 0 1507 
12 0 0 0 0 0 0 1 277 388 14 3 0 0 4650 0 46874 35 0 0 0 0 0 0 0 64 0 33054 558 322 
0 1711 26006 3 11 0 0 1 0 67 0 0 0 0 0 0 6 183 0 0 6524 7525 2 0 0 0 8 574 0 0 
0 616 0 12863 11361 1 1 0 47 1163 0 85418 0 5 0 2588 0 45861 0 0 1110 19 11321 44 0 0 0 3943 316 21 
0 0 0 0 0 277 0 47 0 0 364 0 0 656 0 2411 239 313 0 0 0 3 0 0 1273 1 5202 0 58 0 
3887 0 0 0 0 388 67 1163 0 0 15 0 2 144 8 0 0 0 28577 438 5310 26 65 299 8061 0 438 9 0 0 
0 0 0 0 0 14 0 0 364 15 0 0 8 0 536 5373 0 0 0 0 195 3 27 0 0 33 3935 1372 13352 0 
0 63 0 0 0 3 0 85418 0 0 0 0 0 0 75437 0 61744 0 706 0 45 10215 39400 0 0 6415 0 47844 710 1041 
2 0 0 0 0 0 0 0 0 2 8 0 0 4130 0 0 0 0 4 29 1234 82 0 0 262 10 54 9 0 4395 
0 17 0 3 6 0 0 5 656 144 0 0 4130 0 61351 0 0 0 8825 0 1999 0 0 0 1485 0 0 147 24138 0 
0 0 1 0 19 4650 0 0 0 8 536 75437 0 61351 0 336 218 18428 1769 19743 0 0 0 0 259 0 10637 110 93 6 
4216 52 5 0 28213 0 0 2588 2411 0 5373 0 0 0 336 0 812 0 298 1 0 0 8055 0 0 18712 1586 52 25305 30579 
120 475 0 0 0 46874 6 0 239 0 0 61744 0 0 218 812 0 3 0 236 23649 0 2 592 0 0 10 0 12 7 
0 89 378 0 1 35 183 45861 313 0 0 0 0 0 18428 0 3 0 19627 0 24876 9035 39235 1 0 1 5484 61 323 11 
1 0 89858 14587 316 0 0 0 0 28577 0 706 4 8825 1769 298 0 19627 0 1 0 0 0 0 25 0 0 0 54 0 
0 26983 6 0 0 0 0 0 0 438 0 0 29 0 19743 1 236 0 1 0 0 0 0 0 0 0 51 99119 34 0 
0 0 19 0 0 0 6524 1110 0 5310 195 45 1234 1999 0 0 23649 24876 0 0 0 11028 0 22 0 6705 0 0 0 3 
1 0 0 643 0 0 7525 19 3 26 3 10215 82 0 0 0 0 9035 0 0 11028 0 0 0 0 0 0 0 0 61865 
0 9 1851 0 107 0 2 11321 0 65 27 39400 0 0 0 8055 2 39235 0 0 0 0 0 1 56035 0 0 0 2126 0 
0 0 0 199 4212 0 0 44 0 299 0 0 0 0 0 0 592 1 0 0 22 0 1 0 2486 1 0 21231 93 32883 
131 528 36 0 46493 0 0 0 1273 8061 0 0 262 1485 259 0 0 0 25 0 0 0 56035 2486 0 1211 17621 421 0 0 
34778 80 0 0 85 64 0 0 1 0 33 6415 10 0 0 18712 0 1 0 0 6705 0 0 1 1211 0 14 0 0 1 
204 8 0 0 0 0 8 0 5202 438 3935 0 54 0 10637 1586 10 5484 0 51 0 0 0 0 17621 14 0 0 307 856 
14 238 0 0 0 33054 574 3943 0 9 1372 47844 9 147 110 52 0 61 0 99119 0 0 0 21231 421 0 0 0 0 0 
0 0 0 0 0 558 0 316 58 0 13352 710 0 24138 93 25305 12 323 54 34 0 0 2126 93 0 0 307 0 0 0 
83010 0 43956 0 1507 322 0 21 0 0 0 1041 4395 0 6 30579 7 11 0 0 3 61865 0 32883 0 1 856 0 0 0 
0 993 0 66 13842 0 9 4 480 0 1052 32505 0 1373 28 0 0 63 0 13420 42497 0 24 4115 0 0 0 0 1505 0 
993 0 0 0 0 235 0 0 85 7623 57 0 1993 0 777 0 0 0 1419 0 337 17087 0 157 0 0 0 0 15 4 
0 0 0 0 20898 2 0 23 1163 43 460 23 3 11112 0 0 9376 0 0 0 0 9 0 672 0 12 104 74 357 0 
66 0 0 0 0 1 0 0 244 47434 8037 32108 2212 0 1 9 12 1 0 11 14399 0 32 0 135 39 12 296 599 66 
13842 0 20898 0 0 2597 0 0 97026 348 815 18 18 0 0 0 24533 0 0 6018 5 3 0 0 0 0 1062 6650 65 0 
0 235 2 1 2597 0 177 0 0 0 0 0 17064 16938 0 76761 0 0 27 8641 59 7 3946 7150 5236 0 20072 0 0 0 
9 0 0 0 0 177 0 0 42027 0 604 759 2040 2935 7 55 0 0 4 64021 0 0 0 51117 13919 12170 0 0 8 3 
4 0 23 0 0 0 0 0 0 0 46178 0 27124 0 101 0 684 0 57773 4 0 0 0 0 8 534 46408 0 0 0 
480 85 1163 244 97026 0 42027 0 0 90275 0 564 2463 0 17440 0 0 0 2 37 643 0 5422 30 0 0 0 15 0 138 
0 7623 43 47434 348 0 0 0 90275 0 0 342 0 0 0 7011 1226 278 0 0 0 0 0 0 0 1070 0 0 70771 1104 
1052 57 460 8037 815 0 604 46178 0 0 0 948 0 45 0 0 666 71 131 8847 0 0 0 156 6 0 0 0 0 44591 
32505 0 23 32108 18 0 759 0 564 342 948 0 686 4291 0 14840 0 150 0 68766 0 0 0 46 486 0 1634 0 0 0 
0 1993 3 2212 18 17064 2040 27124 2463 0 0 686 0 0 3182 98 3408 17612 0 0 0 0 49345 16 0 0 0 0 71 0 
1373 0 11112 0 0 16938 2935 0 0 0 45 4291 0 0 0 242 1 11 0 4072 0 317 217 4410 0 37 1524 0 0 51 
28 777 0 1 0 0 7 101 17440 0 0 0 3182 0 0 0 0 0 0 0 4346 7 1 35590 0 1488 0 0 0 0 
0 0 0 9 0 76761 55 0 0 7011 0 14840 98 242 0 0 0 30 0 0 20340 29 0 24794 12 0 0 0 0 0 
0 0 9376 12 24533 0 0 684 0 1226 666 0 3408 1 0 0 0 0 206 0 0 118 0 0 1 186 0 1 0 0 
63 0 0 1 0 0 0 0 0 278 71 150 17612 11 0 30 0 0 0 4 0 0 0 0 5119 0 0 0 0 0 
0 1419 0 0 0 27 4 57773 2 0 131 0 0 0 0 0 206 0 0 0 23175 809 125 351 0 81944 5 4 0 3272 
13420 0 0 11 6018 8641 64021 4 37 0 8847 68766 0 4072 0 0 0 4 0 0 68232 1831 955 2477 199 192 0 0 0 49 
42497 337 0 14399 5 59 0 0 643 0 0 0 0 0 4346 20340 0 0 23175 68232 0 0 20811 0 28300 0 1 58261 69 0 
0 17087 9 0 3 7 0 0 0 0 0 0 0 317 7 29 118 0 809 1831 0 0 11 157 6 1 48902 30265 102 0 
24 0 0 32 0 3946 0 0 5422 0 0 0 49345 217 1 0 0 0 125 955 20811 11 0 0 0 17 69 37 0 2 
4115 157 672 0 0 7150 51117 0 30 0 156 46 16 4410 35590 24794 0 0 351 2477 0 157 0 0 0 0 41 0 0 0 
0 0 0 135 0 5236 13919 8 0 0 6 486 0 0 0 12 1 5119 0 199 28300 6 0 0 0 0 0 0 10096 8 
0 0 12 39 0 0 12170 534 0 1070 0 0 0 37 1488 0 186 0 81944 192 0 1 17 0 0 0 0 44 134 0 
0 0 104 12 1062 20072 0 46408 0 0 0 1634 0 1524 0 0 0 0 5 0 1 48902 69 41 0 0 0 64 0 0 
0 0 74 296 6650 0 0 0 15 0 0 0 0 0 0 0 1 0 4 0 58261 30265 37 0 0 44 64 0 7615 32045 
1505 15 357 599 65 0 8 0 0 70771 0 0 71 0 0 0 0 0 0 0 69 102 0 0 10096 134 0 7615 0 1785 
0 4 0 66 0 0 3 0 138 1104 44591 0 0 51 0 0 0 0 3272 49 0 0 2 0 8 0 0 32045 1785 0 
0 365 0 65197 15897 0 3261 85 7 0 275 194 0 24216 419 0 0 2583 0 148 5 0 193 5106 0 0 0 0 31 0 
365 0 0 0 0 44190 0 0 1 13168 46 0 21783 0 948 0 0 0 56 0 202 586 0 32 0 0 0 0 588 1 
0 0 0 0 15 329 0 67719 82990 284 1383 3436 137 8 0 0 212 0 0 0 0 7 0 2 0 12148 1 14366 8931 0 
65197 0 0 0 0 1215 0 0 1 11234 16834 691 23 0 8412 13 23 3 0 2922 817 0 2 0 33302 184 1488 51 619 22949 
15897 0 15 0 0 13 0 0 4663 1 5572 913 138 0 0 0 24684 0 0 11 49 52 0 0 0 0 362 188 85814 0 
0 44190 329 1215 13 0 661 0 0 0 0 0 1766 690 0 1 0 0 83 10147 2 5 21465 238 976 0 5 0 0 0 
3261 0 0 0 0 661 0 0 12 0 8 40 11 1828 15 20339 0 0 18 12018 0 0 0 289 541 1583 0 0 28301 1351 
85 0 67719 0 0 0 0 0 0 0 4718 0 11 0 1260 0 476 0 7 9845 0 0 0 0 16279 39390 116 0 0 0 
7 1 82990 1 4663 0 12 0 0 46 0 2204 34027 0 232 0 0 0 26 1088 838 0 2 37 0 0 0 1554 0 11063 
0 13168 284 11234 1 0 0 0 46 0 0 5234 0 0 0 3 1 2714 0 0 0 0 0 0 0 5 0 0 35 4 
275 46 1383 16834 5572 0 8 4718 0 0 0 1 0 30059 0 0 35500 27809 1 166 0 0 0 12693 2 0 0 0 0 56 
194 0 3436 691 913 0 40 0 2204 5234 1 0 21 2 0 11 0 35 0 7 0 0 0 1596 99251 0 324 0 0 0 
0 21783 137 23 138 1766 11 11 34027 0 0 21 0 0 14618 200 61585 8190 0 0 0 0 45545 2148 0 0 0 0 428 0 
24216 0 8 0 0 690 1828 0 0 0 30059 2 0 0 0 16 94235 311 0 2 0 20 21191 121 0 12778 746 0 0 121 
419 948 0 8412 0 0 15 1260 232 0 0 0 14618 0 0 0 0 0 0 0 1 1734 40040 110 0 38 0 0 0 0 
0 0 0 13 0 1 20339 0 0 3 0 11 200 16 0 0 0 24 0 0 54296 2 0 3505 21614 0 0 0 0 0 
0 0 212 23 24684 0 0 476 0 1 35500 0 61585 94235 0 0 0 0 1357 0 0 51051 0 0 10343 3 0 1029 0 0 
2583 0 0 3 0 0 0 0 0 2714 27809 35 8190 311 0 24 0 0 0 1303 0 0 0 0 18521 0 0 0 0 0 
0 56 0 0 0 83 18 7 26 0 1 0 0 0 0 0 1357 0 0 0 10 5 2 15826 0 29807 120 163 0 78 
148 0 0 2922 11 10147 12018 9845 1088 0 166 7 0 2 0 0 0 1303 0 0 1316 1 2 6 61 1 0 0 0 103 
5 202 0 817 49 2 0 0 838 0 0 0 0 0 1 54296 0 0 10 1316 0 0 51 0 67 0 2111 9552 122 0 
0 586 7 0 52 5 0 0 0 0 0 0 0 20 1734 2 51051 0 5 1 0 0 18 2801 22963 4989 42 24 6736 0 
193 0 0 2 0 21465 0 0 2 0 0 0 45545 21191 40040 0 0 0 2 2 51 18 0 0 0 49 2 32268 0 964 
5106 32 2 0 0 238 289 0 37 0 12693 1596 2148 121 110 3505 0 0 15826 6 0 2801 0 0 0 0 11575 0 0 0 
0 0 0 33302 0 976 541 16279 0 0 2 99251 0 0 0 21614 10343 18521 0 61 67 22963 0 0 0 0 0 0 1009 1137 
0 0 12148 184 0 0 1583 39390 0 5 0 0 0 12778 38 0 3 0 29807 1 0 4989 49 0 0 0 0 51 74290 0 
0 0 1 1488 362 5 0 116 0 0 0 324 0 746 0 0 0 0 120 0 2111 42 2 11575 0 0 0 53842 0 0 
0 0 14366 51 188 0 0 0 1554 0 0 0 0 0 0 0 1029 0 163 0 9552 24 32268 0 0 51 53842 0 3 7437 
31 588 8931 619 85814 0 28301 0 0 35 0 0 428 0 0 0 0 0 0 0 122 6736 0 0 1009 74290 0 3 0 38 
0 1 0 22949 0 0 1351 0 11063 4 56 0 0 121 0 0 0 0 78 103 0 0 964 0 1137 0 0 7437 38 0 
0 20816 0 17742 3070 0 1928 2 1764 0 15 1666 0 92 223 0 0 4765 0 29582 257 0 27 190 0 0 0 0 38 0 
20816 0 0 0 0 327 0 0 2 82 92 0 15071 0 1 0 0 0 240 0 6837 2112 0 4 0 0 0 0 5907 7 
0 0 0 0 76657 1154 0 8757 886 1137 15 355 7722 209 0 0 2446 0 0 0 0 8 0 677 0 6 14 29993 42 0 
17742 0 0 0 0 125 0 0 1 1 9076 6 2516 0 85 1569 82 4 0 1 26153 0 2405 0 9 1580 470 20 2 26 
3070 0 76657 0 0 8603 0 0 65072 47 2 1 4 0 0 0 1190 0 0 149 8413 1 0 0 0 0 4343 33009 1 0 
0 327 1154 125 8603 0 8828 0 0 0 0 0 73 925 0 45 0 0 31 345 5073 2642 45 366 9982 0 7438 0 0 0 
1928 0 0 0 0 8828 0 0 5 0 16721 334 82 153 4 2113 0 0 26 7819 0 0 0 414 33201 580 0 0 177 1 
2 0 8757 0 0 0 0 0 0 0 11 0 54959 0 1376 0 2100 0 7211 1084 0 0 0 0 1886 5 661 0 0 0 
1764 2 886 1 65072 0 5 0 0 485 0 26 96 0 8 0 0 0 1152 3988 68 0 432 56624 0 0 0 22 0 4728 
0 82 1137 1 47 0 0 0 485 0 0 35 0 0 0 95049 343 1 0 0 0 0 0 0 0 78 0 0 49 197 
15 92 15 9076 2 0 16721 11 0 0 0 1982 0 41708 0 0 3802 1955 24 4491 0 0 0 26191 5018 0 0 0 0 6200 
1666 0 355 6 1 0 334 0 26 35 1982 0 6086 4002 0 17820 0 3 0 149 0 0 0 20025 6 0 5142 0 0 0 
0 15071 7722 2516 4 73 82 54959 96 0 0 6086 0 0 6 3 7 45157 0 0 0 0 20 2104 0 0 0 0 136 0 
92 0 209 0 0 925 153 0 0 0 41708 4002 0 0 0 6229 27 1 0 78248 0 10155 4 551 0 2 492 0 0 1 
223 1 0 85 0 0 4 1376 8 0 0 0 6 0 0 0 0 0 0 0 15 987 35 3396 0 2904 0 0 0 0 
0 0 0 1569 0 45 2113 0 0 95049 0 17820 3 6229 0 0 0 121 0 0 3 9 0 3 40525 0 0 0 0 0 
0 0 2446 82 1190 0 0 2100 0 343 3802 0 7 27 0 0 0 0 20816 0 0 38 0 0 53 20 0 76 0 0 
4765 0 0 4 0 0 0 0 0 1 1955 3 45157 1 0 121 0 0 0 79468 0 0 0 0 276 0 0 0 0 0 
0 240 0 0 0 31 26 7211 1152 0 24 0 0 0 0 0 20816 0 0 0 26 4188 7 32 0 1638 20 721 0 21 
29582 0 0 1 149 345 7819 1084 3988 0 4491 149 0 78248 0 0 0 79468 0 0 121 1314 30495 259 1 2928 0 0 0 314 
257 6837 0 26153 8413 5073 0 0 68 0 0 0 0 0 15 3 0 0 26 121 0 0 44562 0 113 0 51923 148 15 0 
0 2112 8 0 1 2642 0 0 0 0 0 0 0 10155 987 9 38 0 4188 1314 0 0 19921 78 8 389 9 7314 63 0 
27 0 0 2405 0 45 0 0 432 0 0 0 20 4 35 0 0 0 7 30495 44562 19921 0 0 0 1012 15038 38 0 402 
190 4 677 0 0 366 414 0 56624 0 26191 20025 2104 551 3396 3 0 0 32 259 0 78 0 0 0 0 24892 0 0 0 
0 0 0 9 0 9982 33201 1886 0 0 5018 6 0 0 0 40525 53 276 0 1 113 8 0 0 0 0 0 0 269 3 
0 0 6 1580 0 0 580 5 0 78 0 0 0 2 2904 0 20 0 1638 2928 0 389 1012 0 0 0 0 9399 202 0 
0 0 14 470 4343 7438 0 661 0 0 0 5142 0 492 0 0 0 0 20 0 51923 9 15038 24892 0 0 0 9 0 0 
0 0 29993 20 33009 0 0 0 22 0 0 0 0 0 0 0 76 0 721 0 148 7314 38 0 0 9399 9 0 938 3 
38 5907 42 2 1 0 177 0 0 49 0 0 136 0 0 0 0 0 0 0 15 63 0 0 269 202 0 938 0 475 
0 7 0 26 0 0 1 0 4728 197 6200 0 0 1 0 0 0 0 21 314 0 0 402 0 3 0 0 3 475 0 
