50 4
0 46 118 40 96 98 46 64 2 33 36 47 55 9 108 78 35 54 61 95 45 105 61 79 70 72 108 28 39 45 38 87 44 18 35 31 32 15 62 109 41 45 37 61 89 27 39 29 62 61 
46 0 88 10 53 127 3 66 48 60 37 19 78 48 107 43 36 50 104 90 43 84 63 35 92 25 124 21 29 63 42 51 30 53 36 49 49 33 99 116 43 28 60 98 101 30 35 74 67 104 
118 88 0 85 53 137 85 71 120 144 83 106 102 125 70 117 84 138 148 59 75 25 72 92 105 80 111 92 78 92 82 118 118 110 84 135 94 113 133 90 80 73 99 135 92 90 79 133 76 148 
40 10 85 0 56 117 8 56 42 59 26 26 68 43 98 54 26 55 95 82 33 79 53 44 82 34 114 12 19 52 32 61 35 44 26 50 39 29 89 107 32 19 50 89 91 20 25 66 58 95 
96 53 53 56 0 154 51 82 98 112 71 66 108 100 106 67 71 96 146 90 69 65 81 42 118 33 138 68 62 93 74 66 78 97 71 102 86 85 136 122 73 57 95 137 116 72 68 121 86 146 
98 127 137 117 154 0 125 72 99 127 90 138 49 106 75 170 91 153 52 79 87 112 73 161 36 148 37 107 99 64 85 178 140 81 91 129 77 111 38 58 86 103 67 41 45 97 92 77 68 52 
46 3 85 8 51 125 0 63 48 61 34 22 76 49 104 46 34 53 103 87 40 81 60 36 90 26 122 20 27 60 40 53 33 52 34 51 48 34 98 113 40 25 58 97 99 28 33 73 65 103 
64 66 71 56 82 72 63 0 66 97 32 83 30 73 44 110 33 107 76 31 23 50 3 95 36 81 59 52 37 22 27 116 89 48 33 92 32 67 61 50 26 38 31 63 36 44 32 68 4 76 
2 48 120 42 98 99 48 66 0 32 38 48 56 7 110 78 37 54 61 97 47 107 63 81 71 74 110 30 42 47 41 88 44 19 37 30 34 16 62 110 43 47 38 61 91 29 41 28 64 61 
33 60 144 59 112 127 61 97 32 0 67 48 88 24 142 71 66 34 83 128 77 134 94 83 103 82 141 52 68 79 71 81 38 51 66 10 65 31 89 143 73 72 71 87 123 56 69 50 95 83 
36 37 83 26 71 90 34 32 38 67 0 51 41 44 77 80 1 75 74 61 10 68 29 70 55 58 88 20 9 26 5 88 57 27 1 61 15 36 66 82 6 14 25 66 65 11 3 52 32 74 
47 19 106 26 66 138 22 83 48 48 51 0 90 45 125 31 50 31 108 109 59 103 80 35 105 34 140 31 46 76 57 41 12 59 50 37 61 32 107 133 58 46 71 106 117 41 51 76 84 108 
55 78 102 68 108 49 76 30 56 88 41 90 0 63 62 121 41 107 46 54 39 80 29 112 15 99 53 58 50 15 36 129 93 36 41 86 28 65 31 57 36 54 19 33 36 48 43 46 26 46 
9 48 125 43 100 106 49 73 7 24 44 45 63 0 117 75 43 47 66 104 53 112 70 79 79 73 117 33 47 54 47 85 40 27 43 23 41 14 69 118 49 51 46 67 98 34 46 32 71 66 
108 107 70 98 106 75 104 44 110 142 77 125 62 117 0 149 78 152 105 17 67 45 48 131 55 116 42 96 80 64 72 155 133 92 78 137 76 112 87 20 70 79 73 90 31 88 76 107 46 105 
78 43 117 54 67 170 46 110 78 71 80 31 121 75 149 0 80 40 140 132 87 120 107 25 135 36 168 62 73 106 86 10 35 91 80 61 92 63 138 160 86 72 102 137 145 72 79 107 111 140 
35 36 84 26 71 91 34 33 37 66 1 50 41 43 78 80 0 74 74 62 11 69 30 70 55 58 89 19 9 26 6 87 56 27 0 60 15 35 66 83 7 14 25 66 66 10 4 51 33 74 
54 50 138 55 96 153 53 107 54 34 75 31 107 47 152 40 74 0 113 136 84 134 104 59 123 63 160 55 72 95 80 50 20 72 74 26 80 42 117 157 81 73 89 115 139 63 75 80 107 113 
61 104 148 95 146 52 103 76 61 83 74 108 46 66 105 140 74 113 0 100 77 126 75 139 50 129 81 83 83 56 71 149 106 51 74 87 59 76 18 94 73 88 51 15 74 75 77 33 72 0 
95 90 59 82 90 79 87 31 97 128 61 109 54 104 17 132 62 136 100 0 52 34 34 114 51 99 52 81 64 52 57 138 117 79 62 123 63 98 83 32 55 63 61 85 33 73 60 97 33 100 
45 43 75 33 69 87 40 23 47 77 10 59 39 53 67 87 11 84 77 52 0 59 20 74 51 61 81 29 13 24 7 94 66 35 11 71 19 46 67 74 5 15 26 67 58 21 8 58 24 77 
105 84 25 79 65 112 81 50 107 134 68 103 80 112 45 120 69 134 126 34 59 0 51 98 81 84 86 82 66 72 66 123 114 93 69 127 77 102 111 65 64 62 80 113 67 78 66 116 54 126 
61 63 72 53 81 73 60 3 63 94 29 80 29 70 48 107 30 104 75 34 20 51 0 93 37 79 61 49 34 20 24 114 86 45 30 89 29 64 61 53 22 35 29 62 38 40 29 65 5 75 
79 35 92 44 42 161 36 95 81 83 70 35 112 79 131 25 70 59 139 114 74 98 93 0 125 14 155 56 62 96 75 25 45 88 70 72 84 65 134 143 75 59 95 134 132 65 68 108 98 139 
70 92 105 82 118 36 90 36 71 103 55 105 15 79 55 135 55 123 50 51 51 81 37 125 0 112 38 73 63 29 50 143 108 52 55 102 44 80 32 45 50 67 34 35 24 63 57 58 32 50 
72 25 80 34 33 148 26 81 74 82 58 34 99 73 116 36 58 63 129 99 61 84 79 14 112 0 140 46 49 83 63 39 45 78 58 71 72 59 123 129 62 45 83 123 117 54 55 100 84 129 
108 124 111 114 138 37 122 59 110 141 88 140 53 117 42 168 89 160 81 52 81 86 61 155 38 140 0 108 95 65 82 175 144 90 89 140 80 118 64 22 82 97 71 67 23 98 89 96 57 81 
28 21 92 12 68 107 20 52 30 52 20 31 58 33 96 62 19 55 83 81 29 82 49 56 73 46 108 0 17 44 25 70 37 32 19 44 30 20 78 102 26 20 40 77 86 10 20 54 53 83 
39 29 78 19 62 99 27 37 42 68 9 46 50 47 80 73 9 72 83 64 13 66 34 62 63 49 95 17 0 34 13 81 53 34 9 61 24 36 75 87 13 5 34 75 72 12 6 59 38 83 
45 63 92 52 93 64 60 22 47 79 26 76 15 54 64 106 26 95 56 52 24 72 20 96 29 83 65 44 34 0 20 114 79 28 26 76 15 53 43 63 21 38 9 44 44 34 28 45 19 56 
38 42 82 32 74 85 40 27 41 71 5 57 36 47 72 86 6 80 71 57 7 66 24 75 50 63 82 25 13 20 0 94 62 27 6 65 12 40 62 77 2 18 21 62 60 16 7 51 27 71 
87 51 118 61 66 178 53 116 88 81 88 41 129 85 155 10 87 50 149 138 94 123 114 25 143 39 175 70 81 114 94 0 45 100 87 71 100 72 148 166 94 78 110 147 152 80 87 116 118 149 
44 30 118 35 78 140 33 89 44 38 57 12 93 40 133 35 56 20 106 117 66 114 86 45 108 45 144 37 53 79 62 45 0 59 56 27 65 29 106 139 64 54 74 105 123 46 57 73 90 106 
18 53 110 44 97 81 52 48 19 51 27 59 36 27 92 91 27 72 51 79 35 93 45 88 52 78 90 32 34 28 27 100 59 0 27 50 17 30 47 91 30 40 19 46 71 25 31 24 46 51 
35 36 84 26 71 91 34 33 37 66 1 50 41 43 78 80 0 74 74 62 11 69 30 70 55 58 89 19 9 26 6 87 56 27 0 60 15 35 66 83 7 14 25 66 66 10 4 51 33 74 
31 49 135 50 102 129 51 92 30 10 61 37 86 23 137 61 60 26 87 123 71 127 89 72 102 71 140 44 61 76 65 71 27 50 60 0 62 25 92 140 67 64 68 90 120 50 63 54 91 87 
32 49 94 39 86 77 48 32 34 65 15 61 28 41 76 92 15 80 59 63 19 77 29 84 44 72 80 30 24 15 12 100 65 17 15 62 0 38 51 77 14 29 10 51 59 20 18 39 30 59 
15 33 113 29 85 111 34 67 16 31 36 32 65 14 112 63 35 42 76 98 46 102 64 65 80 59 118 20 36 53 40 72 29 30 35 25 38 0 76 116 42 40 46 75 97 25 38 44 67 76 
62 99 133 89 136 38 98 61 62 89 66 107 31 69 87 138 66 117 18 83 67 111 61 134 32 123 64 78 75 43 62 148 106 47 66 92 51 76 0 76 63 80 41 3 56 69 69 39 57 18 
109 116 90 107 122 58 113 50 110 143 82 133 57 118 20 160 83 157 94 32 74 65 53 143 45 129 22 102 87 63 77 166 139 91 83 140 77 116 76 0 75 88 72 79 21 93 82 103 49 94 
41 43 80 32 73 86 40 26 43 73 6 58 36 49 70 86 7 81 73 55 5 64 22 75 50 62 82 26 13 21 2 94 64 30 7 67 14 42 63 75 0 17 22 63 59 18 7 53 26 73 
45 28 73 19 57 103 25 38 47 72 14 46 54 51 79 72 14 73 88 63 15 62 35 59 67 45 97 20 5 38 18 78 54 40 14 64 29 40 80 88 17 0 39 80 73 17 11 65 39 88 
37 60 99 50 95 67 58 31 38 71 25 71 19 46 73 102 25 89 51 61 26 80 29 95 34 83 71 40 34 9 21 110 74 19 25 68 10 46 41 72 22 39 0 41 52 30 28 36 28 51 
61 98 135 89 137 41 97 63 61 87 66 106 33 67 90 137 66 115 15 85 67 113 62 134 35 123 67 77 75 44 62 147 105 46 66 90 51 75 3 79 63 80 41 0 59 69 69 36 59 15 
89 101 92 91 116 45 99 36 91 123 65 117 36 98 31 145 66 139 74 33 58 67 38 132 24 117 23 86 72 44 60 152 123 71 66 120 59 97 56 21 59 73 52 59 0 76 66 82 34 74 
27 30 90 20 72 97 28 44 29 56 11 41 48 34 88 72 10 63 75 73 21 78 40 65 63 54 98 10 12 34 16 80 46 25 10 50 20 25 69 93 18 17 30 69 76 0 13 48 43 75 
39 35 79 25 68 92 33 32 41 69 3 51 43 46 76 79 4 75 77 60 8 66 29 68 57 55 89 20 6 28 7 87 57 31 4 63 18 38 69 82 7 11 28 69 66 13 0 55 32 77 
29 74 133 66 121 77 73 68 28 50 52 76 46 32 107 107 51 80 33 97 58 116 65 108 58 100 96 54 59 45 51 116 73 24 51 54 39 44 39 103 53 65 36 36 82 48 55 0 64 33 
62 67 76 58 86 68 65 4 64 95 32 84 26 71 46 111 33 107 72 33 24 54 5 98 32 84 57 53 38 19 27 118 90 46 33 91 30 67 57 49 26 39 28 59 34 43 32 64 0 72 
61 104 148 95 146 52 103 76 61 83 74 108 46 66 105 140 74 113 0 100 77 126 75 139 50 129 81 83 83 56 71 149 106 51 74 87 59 76 18 94 73 88 51 15 74 75 77 33 72 0 
0 739 0 28577 98508 0 5780 1 59 0 0 0 0 636 0 0 0 5376 0 207 0 35591 0 3 10 30 0 675 2083 1 0 33 7 0 0 0 0 56 8626 35056 43 0 0 396 0 858 95 0 38 0 
739 0 2507 0 0 31668 0 48 0 0 34 0 594 1623 57 0 1 2481 0 3 0 0 525 0 0 137 1 84 0 2 11 41914 0 0 227 2316 323 58315 22 0 83 0 0 0 0 0 152 1 0 0 
0 2507 0 8825 8 0 13 0 46721 0 0 0 0 0 1 8468 0 0 1 1367 0 6364 0 0 0 266 0 590 0 0 541 0 35267 346 28500 46 48313 0 10 0 0 0 8900 45 0 0 0 112 599 0 
28577 0 8825 0 6 0 42993 0 0 226 0 1345 0 0 30 56 0 0 0 0 11 82172 0 1126 0 0 0 0 0 42 0 0 4 4 92 29548 6 141 0 19 60751 1 335 0 0 29 4887 0 0 290 
98508 0 8 6 0 0 0 0 379 0 0 0 0 0 6 0 4054 0 0 585 0 0 0 0 0 0 19864 12443 11069 0 0 0 0 0 13484 425 0 1675 0 129 154 0 0 6555 0 0 11528 433 9 0 
0 31668 0 0 0 0 4259 245 6438 56079 0 10 0 51316 49232 677 0 0 75833 62 45 5 0 14274 0 0 3068 485 21 16589 4 0 19946 0 0 0 0 0 1564 0 398 0 4756 1197 0 5717 0 626 257 259 
5780 0 13 42993 0 4259 0 0 1 0 0 770 2 0 92 0 0 9 1836 280 0 0 0 3 0 284 0 73616 72 0 80 5264 10 1 1161 76 0 27 0 11242 0 2127 72 0 352 0 2850 0 0 0 
1 48 0 0 0 245 0 0 0 0 8 0 0 0 0 18 4761 0 422 0 0 22 82 0 11 0 18952 6 489 0 50 0 0 0 0 0 0 0 0 5 5502 1 6 9 266 3 0 282 27923 46951 
59 0 46721 0 379 6438 1 0 0 0 7485 164 1601 0 209 1 19 0 0 1 0 1 0 0 0 0 33841 0 0 0 10630 139 0 0 0 0 0 0 0 4 0 0 0 1318 0 0 4025 0 1938 20877 
0 0 0 226 0 56079 0 0 0 0 0 1 5 0 6 0 8196 14 0 57823 0 0 0 2230 4 0 0 0 32673 256 10576 28060 0 0 0 236 0 0 23795 15453 111 9 72 9 1906 0 0 19 0 25 
0 34 0 0 0 0 0 8 7485 0 0 0 2 239 18 0 5125 1935 231 0 0 0 0 0 0 169 4808 0 422 2 0 0 0 669 0 3 0 1434 1106 1 30 0 1 15140 0 98 177 0 0 0 
0 0 0 1345 0 10 770 0 164 1 0 0 3331 2 0 0 0 17 0 0 4179 27644 0 0 0 0 0 0 69 0 0 0 36 7 0 17 0 0 4 0 4 0 1 0 13551 886 0 0 5221 8651 
0 594 0 0 0 0 2 0 1601 5 2 3331 0 62 34648 6 0 2594 1 16048 0 0 5344 0 0 0 0 0 13 0 8 0 0 0 0 0 0 0 183 0 10020 517 0 1392 173 0 4758 0 0 0 
636 1623 0 0 0 51316 0 0 0 0 239 2 62 0 2 0 6 0 0 2 12629 0 0 0 6 325 0 0 0 0 0 0 0 86 0 0 1 5 1858 88 0 31815 119 31725 2 11467 0 7 0 0 
0 57 1 30 6 49232 92 0 209 6 18 0 34648 2 0 49891 0 0 0 238 32 167 480 0 430 0 0 0 0 0 69 0 0 0 24645 8674 3 0 0 0 44 0 1 1 0 12858 15 0 0 0 
0 0 8468 56 0 677 0 18 1 0 0 0 6 0 49891 0 0 41135 1503 17003 0 242 4 1681 0 17075 600 0 0 0 0 0 0 3 0 0 285 22 31 0 13752 786 0 92 0 40 10033 810 0 0 
0 1 0 0 4054 0 0 4761 19 8196 5125 0 0 6 0 0 0 0 109 2120 0 0 2990 0 12 0 0 43 0 0 0 206 0 0 0 3794 83 73654 9 0 0 6375 1 4 0 0 54 0 2 0 
5376 2481 0 0 0 0 9 0 0 14 1935 17 2594 0 0 41135 0 0 3905 9 56 0 211 0 14712 0 3375 0 0 1393 0 17837 10964 0 0 1474 0 48758 236 0 4 16 0 24415 19850 0 0 0 0 0 
0 0 1 0 0 75833 1836 422 0 0 231 0 1 0 0 1503 109 3905 0 0 0 173 0 10264 0 0 0 17902 0 0 50364 10984 0 5412 0 976 3024 0 7 229 1 0 5 6 0 0 0 10875 0 73 
207 3 1367 0 585 62 280 0 1 57823 0 0 16048 2 238 17003 2120 9 0 0 50052 4 1724 0 0 90563 6100 0 31244 1 0 44819 0 0 0 0 0 0 120 0 10 0 0 6605 0 0 0 29 4 0 
0 0 0 11 0 45 0 0 0 0 0 4179 0 12629 32 0 0 56 0 50052 0 22881 59922 0 24 49808 0 0 68614 79 0 2384 0 28951 0 7 4 29047 66050 3 1 0 0 0 0 0 756 0 24 0 
35591 0 6364 82172 0 5 0 22 1 0 0 27644 0 0 167 242 0 0 173 4 22881 0 1614 0 0 0 0 714 0 2 0 34 3270 0 413 0 184 1 0 1795 1702 2 81411 0 92 2258 3143 0 30 0 
0 525 0 0 0 0 0 82 0 0 0 0 5344 0 480 4 2990 211 0 1724 59922 1614 0 4 0 77 0 0 1786 0 27248 329 1 0 110 0 1 71 32601 56152 0 2 500 150 10 227 0 0 0 0 
3 0 0 1126 0 14274 3 0 0 2230 0 0 0 0 0 1681 0 0 10264 0 0 0 4 0 0 0 1 4282 3 0 0 0 42 30257 0 0 0 473 0 186 0 6 0 0 0 3597 0 1 0 0 
10 0 0 0 0 0 0 11 0 4 0 0 0 6 430 0 12 14712 0 0 24 0 0 0 0 15521 0 44004 0 982 0 0 24947 58812 12587 0 0 0 0 0 0 33 5 0 49690 18543 3897 0 830 5 
30 137 266 0 0 0 284 0 0 0 169 0 0 325 0 17075 0 0 0 90563 49808 0 77 0 15521 0 191 82635 34 1748 2420 31 17993 0 13757 0 1 0 0 4 12 1 0 0 23754 1 19 50 0 136 
0 1 0 0 19864 3068 0 18952 33841 0 4808 0 0 0 0 600 0 3375 0 6100 0 0 0 1 0 191 0 4464 0 0 0 59095 35162 0 3 1477 643 11 52509 110 0 0 473 0 1 2 411 479 0 5 
675 84 590 0 12443 485 73616 6 0 0 0 0 0 0 0 0 43 0 17902 0 0 714 0 4282 44004 82635 4464 0 0 0 6 4 0 21825 3554 0 0 28810 360 3699 0 0 0 1077 202 0 0 2 0 317 
2083 0 0 0 11069 21 72 489 0 32673 422 69 13 0 0 0 0 0 0 31244 68614 0 1786 3 0 34 0 0 0 74 0 10 117 0 0 0 0 0 0 3 24 0 2 0 0 0 4 0 715 0 
1 2 0 42 0 16589 0 0 0 256 2 0 0 0 0 0 0 1393 0 1 79 2 0 0 982 1748 0 0 74 0 0 5296 12112 0 0 40926 1528 0 0 1414 0 85351 0 8854 13200 3 0 16682 18 83727 
0 11 541 0 0 4 80 50 10630 10576 0 0 8 0 69 0 0 0 50364 0 0 0 27248 0 0 2420 0 6 0 0 0 0 66 0 3597 0 0 12 0 39 0 0 286 0 0 0 2272 0 0 4016 
33 41914 0 0 0 0 5264 0 139 28060 0 0 0 0 0 0 206 17837 10984 44819 2384 34 329 0 0 31 59095 4 10 5296 0 0 0 1 67147 0 549 4 0 2 0 261 7 728 25769 0 0 4760 0 466 
7 0 35267 4 0 19946 10 0 0 0 0 36 0 0 0 0 0 10964 0 0 0 3270 1 42 24947 17993 35162 0 117 12112 66 0 0 0 1330 2389 6 0 0 0 0 50 30161 5 18 0 5 0 0 0 
0 0 346 4 0 0 1 0 0 0 669 7 0 86 0 3 0 0 5412 0 28951 0 0 30257 58812 0 0 21825 0 0 0 1 0 0 50901 0 0 646 0 0 0 0 18 0 0 0 0 5440 65 0 
0 227 28500 92 13484 0 1161 0 0 0 0 0 0 0 24645 0 0 0 0 0 0 413 110 0 12587 13757 3 3554 0 0 3597 67147 1330 50901 0 0 5186 17 0 0 1 0 0 109 588 13951 58 0 4 0 
0 2316 46 29548 425 0 76 0 0 236 3 17 0 0 8674 0 3794 1474 976 0 7 0 0 0 0 0 1477 0 0 40926 0 0 2389 0 0 0 6098 34 12512 0 0 0 0 51 20224 15430 0 3 90573 0 
0 323 48313 6 0 0 0 0 0 0 0 0 0 1 3 285 83 0 3024 0 4 184 1 0 0 1 643 0 0 1528 0 549 6 0 5186 6098 0 0 0 244 0 1250 0 0 604 0 0 34 23 1327 
56 58315 0 141 1675 0 27 0 0 0 1434 0 0 5 0 22 73654 48758 0 0 29047 1 71 473 0 0 11 28810 0 0 12 4 0 646 17 34 0 0 204 2 21 0 0 0 1217 0 0 16909 38 0 
8626 22 10 0 0 1564 0 0 0 23795 1106 4 183 1858 0 31 9 236 7 120 66050 0 32601 0 0 0 52509 360 0 0 0 0 0 0 0 12512 0 204 0 0 22739 0 0 32 368 0 0 0 29 0 
35056 0 0 19 129 0 11242 5 4 15453 1 0 0 88 0 0 0 0 229 0 3 1795 56152 186 0 4 110 3699 3 1414 39 2 0 0 0 0 244 2 0 0 0 6474 0 26375 247 3291 0 4 123 253 
43 83 0 60751 154 398 0 5502 0 111 30 4 10020 0 44 13752 0 4 1 10 1 1702 0 0 0 12 0 0 24 0 0 0 0 0 1 0 0 21 22739 0 0 61 0 1591 0 78 42928 1 0 0 
0 0 0 1 0 0 2127 1 0 9 0 0 517 31815 0 786 6375 16 0 0 0 2 2 6 33 1 0 0 0 85351 0 261 50 0 0 0 1250 0 0 6474 61 0 39399 257 1700 7227 0 0 0 0 
0 0 8900 335 0 4756 72 6 0 72 1 1 0 119 1 0 1 0 5 0 0 81411 500 0 5 0 473 0 2 0 286 7 30161 18 0 0 0 0 0 0 0 39399 0 0 12 0 1756 5204 43374 13154 
396 0 45 0 6555 1197 0 9 1318 9 15140 0 1392 31725 1 92 4 24415 6 6605 0 0 150 0 0 0 0 1077 0 8854 0 728 5 0 109 51 0 0 32 26375 1591 257 0 0 685 49369 9058 0 0 0 
0 0 0 0 0 0 352 266 0 1906 0 13551 173 2 0 0 0 19850 0 0 0 92 10 0 49690 23754 1 202 0 13200 0 25769 18 0 588 20224 604 1217 368 247 0 1700 12 685 0 27221 16987 1552 0 13 
858 0 0 29 0 5717 0 3 0 0 98 886 0 11467 12858 40 0 0 0 0 0 2258 227 3597 18543 1 2 0 0 3 0 0 0 0 13951 15430 0 0 0 3291 78 7227 0 49369 27221 0 0 0 0 0 
95 152 0 4887 11528 0 2850 0 4025 0 177 0 4758 0 15 10033 54 0 0 0 756 3143 0 0 3897 19 411 0 4 0 2272 0 5 0 58 0 0 0 0 0 42928 0 1756 9058 16987 0 0 0 0 2 
0 1 112 0 433 626 0 282 0 19 0 0 0 7 0 810 0 0 10875 29 0 0 0 1 0 50 479 2 0 16682 0 4760 0 5440 0 3 34 16909 0 4 1 0 5204 0 1552 0 0 0 10604 0 
38 0 599 0 9 257 0 27923 1938 0 0 5221 0 0 0 0 2 0 0 4 24 30 0 0 830 0 0 0 715 18 0 0 0 65 4 90573 23 38 29 123 0 0 43374 0 0 0 0 10604 0 0 
0 0 0 290 0 259 0 46951 20877 25 0 8651 0 0 0 0 0 0 73 0 0 0 0 0 5 136 5 317 0 83727 4016 466 0 0 0 0 1327 0 0 253 0 0 13154 0 13 0 2 0 0 0 
0 0 0 0 16422 80 12581 0 81 0 83 0 0 14217 0 0 0 2327 26 0 198 0 960 1 1 5 47648 0 2083 0 737 69 112 110 1 4 24 0 5106 0 807 988 19921 330 6 0 393 5351 0 0 
0 0 0 0 16 0 0 65 277 0 0 0 3 2696 0 0 0 0 1584 0 1138 3 169 0 0 15059 10 0 10147 12 12 8392 0 1980 522 0 0 7522 0 27 0 0 221 3 0 0 0 0 0 0 
0 0 0 14546 0 0 0 0 0 1 0 0 3982 0 0 1535 779 0 0 4648 2 7007 1333 0 0 0 2 0 0 5 699 9 12425 0 0 0 1014 0 0 0 0 2 4298 0 32147 89893 67647 0 612 51396 
0 0 14546 0 0 0 0 0 0 4283 0 21013 9 0 0 0 0 1 0 28 0 0 42 0 4 92669 0 3 323 0 8 0 31 0 151 35673 0 0 0 0 13141 0 0 0 4 46 0 60751 0 28160 
16422 16 0 0 0 0 0 20 0 0 0 0 0 0 0 0 12963 85 91967 0 0 11614 1 75509 0 1853 30973 0 20695 0 0 6 1 4 0 1169 0 53 33445 205 50 12872 0 12717 0 0 8961 3 2 0 
80 0 0 0 0 0 713 0 0 0 0 1045 1 1343 0 15 372 0 439 2 0 0 0 5586 0 0 0 321 0 0 0 0 14761 48374 0 1 10376 0 2001 795 204 7457 0 3165 1413 2844 0 9541 0 0 
12581 0 0 0 0 713 0 0 0 0 0 782 2 65965 0 3 12578 23 563 0 0 0 5 5 0 82 965 9246 0 0 0 0 31 0 50 2579 7 0 231 0 26977 0 0 0 27552 0 1482 1 1 88 
0 65 0 0 20 0 0 0 0 2554 31 0 2 50198 2770 0 0 585 1475 0 12 0 2274 0 0 2 0 25 765 532 0 0 0 16 48246 1638 50209 0 139 1 28250 6 9 0 0 671 309 4 0 2343 
81 277 0 0 0 0 0 0 0 0 0 29 303 0 169 0 0 1185 0 0 2 16 4929 0 14840 1 16777 7356 5 0 0 0 0 0 0 0 235 33 0 0 0 0 26 0 0 0 39 4627 0 0 
0 0 1 4283 0 0 0 2554 0 0 131 0 0 21635 0 0 89288 0 0 69039 0 22545 10 12276 12 0 1 4448 4526 23247 3248 12288 48096 4 0 0 0 0 16013 49 4 0 262 0 1505 0 57997 0 0 392 
83 0 0 0 0 0 0 31 0 131 0 50643 2 366 36 0 1165 18633 0 2 0 0 0 27002 0 0 0 0 15 0 0 3 0 0 135 0 0 0 596 0 9 86 0 4901 2717 24 0 0 27257 0 
0 0 0 21013 0 1045 782 0 29 0 50643 0 0 0 0 25328 0 0 18778 10287 0 1932 36 0 0 24 0 0 0 0 34874 77 5 0 4 11 1452 0 0 1933 9 0 144 1 17947 396 0 0 0 0 
0 3 3982 9 0 1 2 2 303 0 2 0 0 17 13070 0 3 0 0 0 0 0 4697 62 3279 0 17630 21 5 0 122 483 4 266 0 7 9 0 64 0 0 0 73589 3996 0 688 3679 14033 0 249 
14217 2696 0 0 0 1343 65965 50198 0 21635 366 0 17 0 10 43845 0 918 0 0 0 0 0 0 0 0 41 0 0 2 0 81606 0 1 0 13 1 170 22 12 29 15155 4 16471 33 1854 0 0 919 0 
0 0 0 0 0 0 0 2770 169 0 36 0 13070 10 0 77638 156 26 61438 0 0 49114 936 1 0 145 85689 0 0 8 145 3 390 34975 0 0 0 0 16 0 0 354 0 0 41544 0 0 0 0 2415 
0 0 1535 0 0 15 3 0 0 0 0 25328 0 43845 77638 0 9 0 689 0 0 0 0 355 0 0 0 0 1443 129 7851 15066 0 0 0 165 0 0 0 0 0 2862 5 0 184 5 0 0 40288 3 
0 0 779 0 12963 372 12578 0 0 89288 1165 0 3 0 156 9 0 17 0 3246 45 0 7032 0 147 1116 4725 2043 0 2917 0 18 184 0 0 3959 3027 0 5 0 0 0 16 0 0 0 5 344 0 2596 
2327 0 0 1 85 0 23 585 1185 0 18633 0 0 918 26 0 17 0 0 155 0 0 21 0 68625 36342 0 0 2300 0 0 0 5640 0 4310 16809 0 0 6292 333 0 22157 0 0 0 44 2 0 0 2 
26 1584 0 0 91967 439 563 1475 0 0 0 18778 0 0 61438 689 0 0 0 0 7 271 8020 1612 0 0 1 27899 0 0 28428 0 0 6489 0 513 31266 0 0 134 0 200 0 5 20 0 13 0 0 0 
0 0 4648 28 0 2 0 0 0 69039 2 10287 0 0 0 0 3246 155 0 0 0 42 1565 0 9064 0 0 579 0 30 77 76053 0 7947 43229 2 1250 0 302 1 0 327 0 0 0 208 192 12 0 0 
198 1138 2 0 0 0 0 12 2 0 0 0 0 0 0 0 45 0 7 0 0 24387 27770 0 488 1752 0 0 63036 0 0 0 8 21177 2870 25 3 0 33823 17 0 0 2 19 3658 0 0 0 14 0 
0 3 7007 0 11614 0 0 0 16 22545 0 1932 0 0 49114 0 0 0 271 42 24387 0 4 1 13 18 0 0 2703 0 0 84 0 0 0 0 0 13 2 0 0 0 0 5 0 1983 0 0 0 8128 
960 169 1333 42 1 0 5 2274 4929 10 0 36 4697 0 936 0 7032 21 8020 1565 27770 4 0 512 600 18 2 2 0 6863 0 21 11 0 8 69 0 0 0 0 0 0 35 0 0 0 0 31269 78301 18 
1 0 0 0 75509 5586 5 0 0 12276 27002 0 62 0 1 355 0 0 1612 0 0 1 512 0 54 0 0 3729 263 2 10306 13 91 20446 0 5 3 0 0 344 0 0 0 0 0 1683 100 0 0 2 
1 0 0 4 0 0 0 0 14840 12 0 0 3279 0 0 0 147 68625 0 9064 488 13 600 54 0 857 0 0 36223 0 232 233 0 0 16588 83 0 1 28834 0 0 0 0 0 0 28533 0 0 0 0 
5 15059 0 92669 1853 0 82 2 1 0 0 24 0 0 145 0 1116 36342 0 0 1752 18 18 0 857 0 0 0 0 0 0 37 20979 290 10083 8 0 0 7 0 171 4 0 1 0 0 193 0 0 3975 
47648 10 2 0 30973 0 965 0 16777 1 0 0 17630 41 85689 0 4725 0 1 0 0 0 2 0 0 0 0 0 880 0 19979 23752 7822 10334 0 0 134 0 0 6528 0 8824 3122 2 0 117 183 0 129 0 
0 0 0 3 0 321 9246 25 7356 4448 0 0 21 0 0 0 2043 0 27899 579 0 0 2 3729 0 0 0 0 0 0 0 0 0 0 467 3806 0 0 0 117 74 1755 0 3837 0 19 1010 0 7 0 
2083 10147 0 323 20695 0 0 765 5 4526 15 0 5 0 0 1443 0 2300 0 0 63036 2703 0 263 36223 0 880 0 0 59 21 0 0 133 0 0 0 12184 0 56 0 0 0 0 79 1 0 0 0 47984 
0 12 5 0 0 0 0 532 0 23247 0 0 0 2 8 129 2917 0 0 30 0 0 6863 2 0 0 0 0 59 0 256 6756 2848 0 0 0 201 1357 1 0 182 34846 1754 0 334 12 0 0 0 4468 
737 12 699 8 0 0 0 0 0 3248 0 34874 122 0 145 7851 0 0 28428 77 0 0 0 10306 232 0 19979 0 21 256 0 3137 0 0 80 0 4508 20 23 0 13 85518 1533 0 1 0 0 0 0 0 
69 8392 9 0 6 0 0 0 0 12288 3 77 483 81606 3 15066 18 0 0 76053 0 84 21 13 233 37 23752 0 0 6756 3137 0 19 12 9443 8728 0 0 0 0 0 2471 0 0 1086 3 0 31142 0 0 
112 0 12425 31 1 14761 31 0 0 48096 0 5 4 0 390 0 184 5640 0 0 8 0 11 91 0 20979 7822 0 0 2848 0 19 0 0 0 0 0 19909 89 3 7 0 3886 19 4 1 2 71120 26570 11836 
110 1980 0 0 4 48374 0 16 0 4 0 0 266 1 34975 0 0 0 6489 7947 21177 0 0 20446 0 290 10334 0 133 0 0 12 0 0 85909 0 0 8483 0 43 0 0 7 694 3032 0 2814 10881 0 3 
1 522 0 151 0 0 50 48246 0 0 135 4 0 0 0 0 0 4310 0 43229 2870 0 8 0 16588 10083 0 467 0 0 80 9443 0 85909 0 0 3740 0 113 0 16 160 7622 0 0 8050 12 0 0 0 
4 0 0 35673 1169 1 2579 1638 0 0 0 11 7 13 0 165 3959 16809 513 2 25 0 69 5 83 8 0 3806 0 0 0 8728 0 0 0 0 5196 17 0 32 0 5 3863 0 29708 0 12 7 0 321 
24 0 1014 0 0 10376 7 50209 235 0 0 1452 9 1 0 0 3027 0 31266 1250 3 0 0 3 0 0 134 0 0 201 4508 0 0 0 3740 5196 0 0 1822 33 71329 400 0 0 446 3 582 81 503 0 
0 7522 0 0 53 0 0 0 33 0 0 0 0 170 0 0 0 0 0 0 0 13 0 0 1 0 0 0 12184 1357 20 0 19909 8483 0 17 0 0 0 3 850 73534 0 21514 623 47 0 0 0 0 
5106 0 0 0 33445 2001 231 139 0 16013 596 0 64 22 16 0 5 6292 0 302 33823 2 0 0 28834 7 0 0 0 1 23 0 89 0 113 0 1822 0 0 0 0 64189 10743 0 0 0 0 0 0 0 
0 27 0 0 205 795 0 1 0 49 0 1933 0 12 0 0 0 333 134 1 17 0 0 344 0 0 6528 117 56 0 0 0 3 43 0 32 33 3 0 0 1 2990 2848 6825 10 13430 0 12 151 9530 
807 0 0 13141 50 204 26977 28250 0 4 9 9 0 29 0 0 0 0 0 0 0 0 0 0 0 171 0 74 0 182 13 0 7 0 16 0 71329 850 0 1 0 131 0 0 11619 0 0 0 0 1 
988 0 2 0 12872 7457 0 6 0 0 86 0 0 15155 354 2862 0 22157 200 327 0 0 0 0 0 4 8824 1755 0 34846 85518 2471 0 0 160 5 400 73534 64189 2990 131 0 608 0 79573 28503 1 890 0 33 
19921 221 4298 0 0 0 0 9 26 262 0 144 73589 4 0 5 16 0 0 0 2 0 35 0 0 0 3122 0 0 1754 1533 0 3886 7 7622 3863 0 0 10743 2848 0 608 0 0 0 3124 0 0 372 21506 
330 3 0 0 12717 3165 0 0 0 0 4901 1 3996 16471 0 0 0 0 5 0 19 5 0 0 0 1 2 3837 0 0 0 0 19 694 0 0 0 21514 0 6825 0 0 0 0 3573 0 4198 101 15 14349 
6 0 32147 4 0 1413 27552 0 0 1505 2717 17947 0 33 41544 184 0 0 20 0 3658 0 0 0 0 0 0 0 79 334 1 1086 4 3032 0 29708 446 623 0 10 11619 79573 0 3573 0 16812 16546 2993 235 0 
0 0 89893 46 0 2844 0 671 0 0 24 396 688 1854 0 5 0 44 0 208 0 1983 0 1683 28533 0 117 19 1 12 0 3 1 0 8050 0 3 47 0 13430 0 28503 3124 0 16812 0 0 0 27 0 
393 0 67647 0 8961 0 1482 309 39 57997 0 0 3679 0 0 0 5 2 13 192 0 0 0 100 0 193 183 1010 0 0 0 0 2 2814 12 12 582 0 0 0 0 1 0 4198 16546 0 0 2 0 0 
5351 0 0 60751 3 9541 1 4 4627 0 0 0 14033 0 0 0 344 0 0 12 0 0 31269 0 0 0 0 0 0 0 0 31142 71120 10881 0 7 81 0 0 12 0 890 0 101 2993 0 2 0 712 3845 
0 0 612 0 2 0 1 0 0 0 27257 0 0 919 0 40288 0 0 0 0 14 0 78301 0 0 0 129 7 0 0 0 0 26570 0 0 0 503 0 0 151 0 0 372 15 235 27 0 712 0 0 
0 0 51396 28160 0 0 88 2343 0 392 0 0 249 0 2415 3 2596 2 0 0 0 8128 18 2 0 3975 0 0 47984 4468 0 0 11836 3 0 321 0 0 0 9530 1 33 21506 14349 0 0 0 3845 0 0 
0 29 0 0 0 0 0 0 0 0 0 0 1 0 215 36 2 13713 26 147 8811 81185 13 54 47 24 1 0 0 0 6894 0 1 412 0 0 53698 0 47467 71208 0 0 22 928 49 0 370 20106 13 0 
29 0 0 4 0 29223 0 0 3399 359 0 17 1249 0 266 0 0 116 0 0 0 2984 0 0 0 0 0 0 195 0 11 34335 0 0 0 0 0 0 6404 0 0 0 1331 0 0 0 297 0 0 6 
0 0 0 25266 381 39713 0 9 18004 31605 1 1 0 0 0 53935 1 0 0 0 4 328 0 0 0 30 763 0 183 0 0 0 0 0 21851 8 18783 38 538 35710 0 0 0 0 0 0 0 0 1394 0 
0 4 25266 0 0 0 0 19 0 177 1 0 0 0 0 809 226 9 0 0 9 0 0 0 2 1413 0 46927 0 25 0 12401 0 4 6 0 23 1702 12555 0 0 0 11 23075 0 1969 0 0 0 45 
0 0 381 0 0 435 134 0 0 0 19 21 0 0 0 99 0 53569 297 839 0 0 0 315 24883 0 78918 341 0 5 2095 840 0 10 49588 0 0 0 0 134 0 1 0 15897 1 2343 34301 20 0 6 
0 29223 39713 0 435 0 0 433 0 0 0 0 0 28444 0 762 5 7910 55064 0 0 40 0 722 1 329 0 23924 17 0 0 54641 2838 8 4 0 7 1754 4348 619 0 0 0 0 0 1134 50671 0 217 11913 
0 0 0 0 134 0 0 0 0 970 0 0 0 1034 137 0 0 0 0 0 4057 22 0 0 0 44 19 35530 0 0 0 3704 125 9 0 0 0 29 234 0 0 0 0 1 0 133 0 0 16623 0 
0 0 9 19 0 433 0 0 2214 0 0 0 2 37325 949 0 0 605 89 15 9 24 0 0 0 0 43231 0 765 3529 0 5257 0 14028 0 4641 0 75127 0 1 1203 0 0 0 242 62 939 39 0 2533 
0 3399 18004 0 0 0 0 2214 0 0 2476 0 0 0 1637 0 0 10 0 0 77 2 630 9093 25 53 0 0 376 3710 0 0 11435 97722 0 0 66453 23 1551 2214 0 0 7 27296 0 2 0 11101 65 34329 
0 359 31605 177 0 0 970 0 0 0 480 0 0 0 0 0 5077 0 0 0 0 0 2 0 0 9 0 0 46845 0 1140 0 0 44 3 742 0 0 961 27280 34 13 0 0 0 0 2 0 0 20 
0 0 1 1 19 0 0 0 2476 480 0 155 0 0 461 0 1956 0 386 0 2 0 83730 12606 11240 8141 0 3617 9 6 162 19 0 0 0 30 14 0 0 0 0 0 0 0 27 3 178 1 0 0 
0 17 1 0 21 0 0 0 0 0 155 0 2506 0 1097 0 71944 2 0 1 0 0 44566 0 0 23 0 0 26 52132 0 1471 29 6 0 0 0 0 315 0 0 2 0 11 10832 0 23 0 66 1081 
1 1249 0 0 0 0 0 2 0 0 0 2506 0 20 2353 3 10443 0 0 0 7461 3153 44 0 98 2 0 14563 0 0 1378 0 0 312 0 0 0 0 285 1 11295 0 0 4380 0 67 5683 1 0 0 
0 0 0 0 0 28444 1034 37325 0 0 0 0 20 0 14 0 0 391 223 8 0 2473 819 4 0 0 0 434 5362 0 41 0 0 19 0 0 0 4 710 2 1 185 5 69192 0 0 0 0 0 1 
215 266 0 0 0 0 137 949 1637 0 461 1097 2353 14 0 25673 0 1 12 0 3927 0 0 0 0 0 3 6993 0 13927 224 47824 0 0 5193 0 5 0 26 19963 312 1532 0 0 61 93428 0 2 3 0 
36 0 53935 809 99 762 0 0 0 0 0 0 3 0 25673 0 0 0 0 1461 5685 0 0 101 0 67518 0 0 6371 0 78762 1 0 0 1 2 0 0 0 64242 71655 0 136 12 0 9 0 0 1 3181 
2 0 1 226 0 5 0 0 0 5077 1956 71944 10443 0 0 0 0 859 0 85667 0 0 6459 0 6 0 0 0 0 0 0 284 6653 11314 0 4070 0 54948 0 30 63 1550 0 0 0 100 0 13 0 0 
13713 116 0 9 53569 7910 0 605 10 0 0 2 0 391 1 0 859 0 0 0 0 0 128 61864 0 0 2657 62 0 0 0 37312 29425 0 0 0 0 28651 0 0 0 62 5 0 426 0 0 0 0 8 
26 0 0 0 297 55064 0 89 0 0 386 0 0 223 12 0 0 0 0 0 122 10 53 581 0 0 2071 19801 0 1509 17766 0 1 14961 137 78 0 0 0 0 0 38807 2 0 77 0 91 0 291 3697 
147 0 0 0 839 0 0 15 0 0 0 1 0 8 0 1461 85667 0 0 0 0 0 0 1133 0 0 19414 5590 0 23 4804 22301 0 0 51304 36 15980 2 0 1 0 0 22212 2854 0 273 0 0 121 2 
8811 0 4 9 0 0 4057 9 77 0 2 0 7461 0 3927 5685 0 0 122 0 0 0 82856 0 5 2331 4 0 3718 0 0 0 7 7893 2257 0 0 0 0 0 1 0 15259 0 31 2 5309 0 0 985 
81185 2984 328 0 0 40 22 24 2 0 0 0 3153 2473 0 0 0 0 10 0 0 0 0 2 11656 11 0 648 0 0 29127 39 0 24 0 0 0 2 15020 683 1373 0 46629 0 0 0 2762 0 0 0 
13 0 0 0 0 0 0 0 630 2 83730 44566 44 819 0 0 6459 128 53 0 82856 0 0 0 0 122 0 0 0 0 0 32 4 0 0 0 0 0 1538 1718 0 0 0 27 3 0 667 11844 4536 0 
54 0 0 0 315 722 0 0 9093 0 12606 0 0 4 0 101 0 61864 581 1133 0 2 0 0 337 4 1 1169 0 0 356 30 7 3887 1 0 0 0 16 47 0 0 0 1299 5 19526 6 0 559 0 
47 0 0 2 24883 1 0 0 25 0 11240 0 98 0 0 0 6 0 0 0 5 11656 0 337 0 246 0 0 30 0 27 3 4658 0 61121 0 0 17 68901 0 12861 0 0 7 36042 43393 24798 47 0 4 
24 0 30 1413 0 329 44 0 53 9 8141 23 2 0 0 67518 0 0 0 0 2331 11 122 4 246 0 3177 0 180 2648 0 0 10006 33951 0 0 0 0 24 0 0 0 375 0 0 0 20 0 0 2194 
1 0 763 0 78918 0 19 43231 0 0 0 0 0 0 3 0 0 2657 2071 19414 4 0 0 1 0 3177 0 4310 0 0 26998 8875 1139 6533 22 0 768 0 10323 0 0 0 9 0 0 0 0 0 0 0 
0 0 0 46927 341 23924 35530 0 0 0 3617 0 14563 434 6993 0 0 62 19801 5590 0 648 0 1169 0 0 4310 0 11 0 0 0 8 0 402 0 0 51561 0 0 1658 54 13816 13169 0 47 671 0 0 0 
0 195 183 0 0 17 0 765 376 46845 9 26 0 5362 0 6371 0 0 0 0 3718 0 0 0 30 180 0 11 0 1377 1 0 0 3 0 0 981 0 0 0 0 45912 0 59331 0 0 0 17695 10016 0 
0 0 0 25 5 0 0 3529 3710 0 6 52132 0 0 13927 0 0 0 1509 23 0 0 0 0 0 2648 0 0 1377 0 5 436 0 34 68 4530 62516 13767 155 0 2 7348 11174 0 0 0 0 0 0 0 
6894 11 0 0 2095 0 0 0 0 1140 162 0 1378 41 224 78762 0 0 17766 4804 0 29127 0 356 27 0 26998 0 1 5 0 650 201 130 264 0 827 0 0 0 0 20 40 72927 2198 0 0 0 18 0 
0 34335 0 12401 840 54641 3704 5257 0 0 19 1471 0 0 47824 1 284 37312 0 22301 0 39 32 30 3 0 8875 0 0 436 650 0 0 0 52009 0 0 6 1 0 0 0 1 12110 22211 0 0 319 0 862 
1 0 0 0 0 2838 125 0 11435 0 0 29 0 0 0 0 6653 29425 1 0 7 0 4 7 4658 10006 1139 8 0 0 201 0 0 0 260 15796 0 744 1 39434 0 0 16204 0 0 0 0 0 0 5 
412 0 0 4 10 8 9 14028 97722 44 0 6 312 19 0 0 11314 0 14961 0 7893 24 0 3887 0 33951 6533 0 3 34 130 0 0 0 15710 27925 15 25 3 1 0 0 494 2665 1 22 14 0 0 2 
0 0 21851 6 49588 4 0 0 0 3 0 0 0 0 5193 1 0 0 137 51304 2257 0 0 1 61121 0 22 402 0 68 264 52009 260 15710 0 0 0 0 0 0 0 41 4 64 2466 713 0 0 0 598 
0 0 8 0 0 0 0 4641 0 742 30 0 0 0 0 2 4070 0 78 36 0 0 0 0 0 0 0 0 0 4530 0 0 15796 27925 0 0 19524 0 0 0 0 12665 0 0 0 12736 47514 0 95233 2540 
53698 0 18783 23 0 7 0 0 66453 0 14 0 0 0 5 0 0 0 0 15980 0 0 0 0 0 0 768 0 981 62516 827 0 0 15 0 19524 0 31753 0 2267 28495 0 484 0 412 0 0 445 2 105 
0 0 38 1702 0 1754 29 75127 23 0 0 0 0 4 0 0 54948 28651 0 2 0 2 0 0 17 0 0 51561 0 13767 0 6 744 25 0 0 31753 0 0 41 11847 0 40183 0 2514 5 2 0 3 0 
47467 6404 538 12555 0 4348 234 0 1551 961 0 315 285 710 26 0 0 0 0 0 0 15020 1538 16 68901 24 10323 0 0 155 0 1 1 3 0 0 0 0 0 6609 0 97564 0 0 0 0 7 265 0 5 
71208 0 35710 0 134 619 0 1 2214 27280 0 0 1 2 19963 64242 30 0 0 1 0 683 1718 47 0 0 0 0 0 0 0 0 39434 1 0 0 2267 41 6609 0 0 0 0 0 47206 0 16943 1 0 0 
0 0 0 0 0 0 0 1203 0 34 0 0 11295 1 312 71655 63 0 0 0 1 1373 0 0 12861 0 0 1658 0 2 0 0 0 0 0 0 28495 11847 0 0 0 1268 0 52 48795 174 0 14 118 297 
0 0 0 0 1 0 0 0 0 13 0 2 0 185 1532 0 1550 62 38807 0 0 0 0 0 0 0 0 54 45912 7348 20 0 0 0 41 12665 0 0 97564 0 1268 0 50335 0 0 0 0 26738 692 789 
22 1331 0 11 0 0 0 0 7 0 0 0 0 5 0 136 0 5 2 22212 15259 46629 0 0 0 375 9 13816 0 11174 40 1 16204 494 4 0 484 40183 0 0 0 50335 0 34 0 0 100 19598 0 0 
928 0 0 23075 15897 0 1 0 27296 0 0 11 4380 69192 0 12 0 0 0 2854 0 0 27 1299 7 0 0 13169 59331 0 72927 12110 0 2665 64 0 0 0 0 0 52 0 34 0 0 2516 0 17 0 3 
49 0 0 0 1 0 0 242 0 0 27 10832 0 0 61 0 0 426 77 0 31 0 3 5 36042 0 0 0 0 0 2198 22211 0 1 2466 0 412 2514 0 47206 48795 0 0 0 0 47801 0 0 0 3 
0 0 0 1969 2343 1134 133 62 2 0 3 0 67 0 93428 9 100 0 0 273 2 0 0 19526 43393 0 0 47 0 0 0 0 0 22 713 12736 0 5 0 0 174 0 0 2516 47801 0 36 27198 0 918 
370 297 0 0 34301 50671 0 939 0 2 178 23 5683 0 0 0 0 0 91 0 5309 2762 667 6 24798 20 0 671 0 0 0 0 0 14 0 47514 0 2 7 16943 0 0 100 0 0 36 0 81 0 0 
20106 0 0 0 20 0 0 39 11101 0 1 0 1 0 2 0 13 0 0 0 0 0 11844 0 47 0 0 0 17695 0 0 319 0 0 0 0 445 0 265 1 14 26738 19598 17 0 27198 81 0 0 0 
13 0 1394 0 0 217 16623 0 65 0 0 66 0 0 3 1 0 0 291 121 0 0 4536 559 0 0 0 0 10016 0 18 0 0 0 0 95233 2 3 0 0 118 692 0 0 0 0 0 0 0 0 
0 6 0 45 6 11913 0 2533 34329 20 0 1081 0 1 0 3181 0 8 3697 2 985 0 0 0 4 2194 0 0 0 0 0 862 5 2 598 2540 105 0 5 0 297 789 0 3 3 918 0 0 0 0 
0 0 0 0 5273 0 0 0 66 0 2 0 31872 966 0 0 3 0 0 0 36461 91400 0 0 0 0 2 0 0 0 130 4 0 0 43 0 0 7 227 0 2 0 46210 0 0 871 131 0 330 0 
0 0 0 8 0 0 175 0 5 55538 1014 0 87 1034 126 0 0 622 0 0 3662 0 0 81159 32099 0 0 26 35376 0 0 23067 10064 113 370 0 0 0 19 3343 13 3 0 12 0 0 0 0 92918 20034 
0 0 0 0 24 1 0 3327 0 4 0 0 85857 0 24 17670 0 4364 0 0 0 4079 16 93430 0 11 0 0 0 0 202 5759 7529 0 0 0 16516 60 114 30 0 718 0 2023 0 0 1 92 0 0 
0 8 0 0 0 0 0 28 1860 0 0 0 7108 1263 1 19241 3294 0 6 98 6 15804 0 0 412 74 30404 11684 155 7 50 19 0 0 1349 35248 0 0 57903 1 0 0 227 0 2827 0 62 0 0 0 
5273 0 24 0 0 4482 6923 0 3509 2 35262 21 0 1 36 742 0 9 0 0 6 0 17979 2 0 15 898 0 0 2 0 0 0 0 6612 0 0 0 0 15 0 28 0 5031 0 12 0 0 86 0 
0 0 1 0 4482 0 1857 291 10286 0 1 15 108 0 0 0 0 0 0 0 17 0 1 5006 75794 2572 394 1817 175 0 0 4 0 55540 0 0 46 468 597 0 0 123 0 0 30234 0 27 450 0 0 
0 175 0 0 6923 1857 0 0 0 0 0 80 6 0 0 14397 11244 0 0 0 358 0 466 0 3312 130 0 0 0 108 0 23911 14 4 0 0 0 0 0 4691 5995 0 0 0 0 13 2206 0 26 0 
0 0 3327 28 0 291 0 0 1 7726 0 8601 3 0 4 0 0 0 0 0 0 0 1926 4 0 0 0 6 2320 0 20 6786 0 29 19 0 1 5 116 6 2041 5 31 5 32786 0 10 0 976 0 
66 5 0 1860 3509 10286 0 1 0 0 0 0 0 0 7920 0 8 0 123 0 11 0 0 5699 1574 72623 76 0 74 0 0 47 0 0 40 0 0 10 36933 91 3869 0 0 398 39576 8759 0 0 2409 0 
0 55538 4 0 2 0 0 7726 0 0 0 0 7 58396 10 16927 7241 0 0 12336 0 364 0 0 0 0 16559 0 0 46 6727 1003 115 0 150 450 2628 22 1232 49870 43 0 0 0 0 0 0 0 81948 22 
2 1014 0 0 35262 1 0 0 0 0 0 2695 5 0 0 2007 3933 31010 0 0 3880 506 2 4 0 50 0 0 2739 0 0 0 7 0 630 0 5 1160 0 0 103 0 0 0 7 0 52 0 0 53171 
0 0 0 0 21 15 80 8601 0 0 2695 0 0 3 215 3 0 0 0 3 0 14756 0 988 26116 138 366 5 3 0 49 1150 14 0 193 2 2 0 0 370 58 0 0 0 0 0 0 0 20175 2018 
31872 87 85857 7108 0 108 6 3 0 7 5 0 0 13 0 6 920 0 0 35550 0 5232 98697 1 0 7 0 0 0 0 5 0 167 62 0 40496 0 0 0 12 0 6319 64 0 91 0 5124 1 5 2 
966 1034 0 1263 1 0 0 0 0 58396 0 3 13 0 72 0 2 2 0 0 0 0 45 40 5 0 0 54818 0 0 6517 2546 0 179 0 34 0 0 832 4 28541 82100 0 70905 0 0 0 312 6794 12302 
0 126 24 1 36 0 0 4 7920 10 0 215 0 72 0 51884 0 5 110 0 0 0 0 1 0 2 0 0 22 0 0 0 0 0 18556 0 41 1 0 89196 0 0 0 0 0 0 0 0 139 2709 
0 0 17670 19241 742 0 14397 0 0 16927 2007 3 6 0 51884 0 8 1929 0 0 0 6224 8 18756 0 470 3488 0 800 0 0 14260 0 0 0 0 0 8 0 0 382 0 14704 190 0 14 0 0 35 4 
3 0 0 3294 0 0 11244 0 8 7241 3933 0 920 2 0 8 0 0 10 178 1 1170 12610 0 12 0 1666 200 0 15398 74 0 37212 3 0 305 0 1900 0 0 1 0 0 0 0 1570 0 0 0 764 
0 622 4364 0 9 0 0 0 0 0 31010 0 0 2 5 1929 0 0 0 0 13 7 0 1 105 0 0 0 29686 0 4463 0 0 0 0 53272 0 0 0 2 1 2 0 5048 1400 0 0 0 0 0 
0 0 0 6 0 0 0 0 123 0 0 0 0 0 110 0 10 0 0 0 1 18 0 3504 1 30 45669 0 0 0 28805 244 1 0 1 223 513 9 0 541 9 0 0 414 0 0 0 0 0 0 
0 0 0 98 0 0 0 0 0 12336 0 3 35550 0 0 0 178 0 0 0 0 0 10750 30344 0 24910 0 5 0 0 0 0 0 122 6 2 1 355 139 46226 5 8 425 37994 31170 690 2604 0 0 0 
36461 3662 0 6 6 17 358 0 11 0 3880 0 0 0 0 0 1 13 1 0 0 0 60357 738 601 0 1 7646 7836 591 0 226 2703 38387 58277 0 14 60842 2208 0 0 281 4 4089 1 24 0 0 0 35383 
91400 0 4079 15804 0 0 0 0 0 364 506 14756 5232 0 0 6224 1170 7 18 0 0 0 3709 19 0 1 0 0 0 29 0 0 7045 0 62 0 0 11 12896 0 0 1 0 0 2 3986 17854 11882 3 0 
0 0 16 0 17979 1 466 1926 0 0 2 0 98697 45 0 8 12610 0 0 10750 60357 3709 0 0 0 314 0 1 22342 17 2021 0 13 29 4 1 0 0 0 3015 0 0 52747 2295 181 243 0 70 38 30 
0 81159 93430 0 2 5006 0 4 5699 0 4 988 1 40 1 18756 0 1 3504 30344 738 19 0 0 6535 15 0 0 0 0 54852 103 0 0 19 0 0 31 34967 0 0 5 0 0 5735 477 0 8 0 0 
0 32099 0 412 0 75794 3312 0 1574 0 0 26116 0 5 0 0 12 105 1 0 601 0 0 6535 0 0 84 30137 4 0 3 1 1372 0 0 0 0 50 0 2 30 72 0 0 0 0 0 0 0 135 
0 0 11 74 15 2572 130 0 72623 0 50 138 7 0 2 470 0 0 30 24910 0 1 314 15 0 0 0 0 56 0 15068 422 1495 0 7835 4 0 0 4 29 0 0 0 216 28622 0 0 0 0 6 
2 0 0 30404 898 394 0 0 76 16559 0 366 0 0 0 3488 1666 0 45669 0 1 0 0 0 84 0 0 414 5696 0 2 31381 0 1 0 33467 0 1 0 0 0 0 0 7393 7 8 40597 85 15 0 
0 26 0 11684 0 1817 0 6 0 0 0 5 0 54818 0 0 200 0 0 5 7646 0 1 0 30137 0 414 0 0 0 0 298 52801 57264 0 0 0 9935 13259 0 1112 0 3 0 0 344 0 0 0 0 
0 35376 0 155 0 175 0 2320 74 0 2739 3 0 0 22 800 0 29686 0 0 7836 0 22342 0 4 56 5696 0 0 0 57789 0 0 444 0 0 1 0 0 53 1 694 330 78 0 2438 6 751 0 201 
0 0 0 7 2 0 108 0 0 46 0 0 0 0 0 0 15398 0 0 0 591 29 17 0 0 0 0 0 0 0 20441 4452 0 1 47 55000 3139 12 0 29113 2801 0 74882 0 0 0 0 72953 3 1643 
130 0 202 50 0 0 0 20 0 6727 0 49 5 6517 0 0 74 4463 28805 0 0 0 2021 54852 3 15068 2 0 57789 20441 0 0 984 0 0 2 0 146 533 109 3006 63 0 0 0 0 0 0 1 0 
4 23067 5759 19 0 4 23911 6786 47 1003 0 1150 0 2546 0 14260 0 0 244 0 226 0 0 103 1 422 31381 298 0 4452 0 0 0 0 30583 370 0 42 1 0 0 4328 0 7 0 1096 148 0 21 11 
0 10064 7529 0 0 0 14 0 0 115 7 14 167 0 0 0 37212 0 1 0 2703 7045 13 0 1372 1495 0 52801 0 0 984 0 0 0 0 0 0 79 0 5060 1733 0 0 240 0 32 0 51946 2013 1 
0 113 0 0 0 55540 4 29 0 0 0 0 62 179 0 0 3 0 0 122 38387 0 29 0 0 0 1 57264 444 1 0 0 0 0 41089 104 0 55 200 0 1420 0 0 1594 12358 0 0 30217 0 2146 
43 370 0 1349 6612 0 0 19 40 150 630 193 0 0 18556 0 0 0 1 6 58277 62 4 19 0 7835 0 0 0 47 0 30583 0 41089 0 0 8577 16 309 19 0 0 0 1590 1560 0 0 0 31 93539 
0 0 0 35248 0 0 0 0 0 450 0 2 40496 34 0 0 305 53272 223 2 0 0 1 0 0 4 33467 0 0 55000 2 370 0 104 0 0 12007 0 0 22 62 248 2 33 25998 0 2665 0 0 0 
0 0 16516 0 0 46 0 1 0 2628 5 2 0 0 41 0 0 0 513 1 14 0 0 0 0 0 0 0 1 3139 0 0 0 0 8577 12007 0 0 717 529 0 0 0 0 1142 1 11799 0 0 0 
7 0 60 0 0 468 0 5 10 22 1160 0 0 0 1 8 1900 0 9 355 60842 11 0 31 50 0 1 9935 0 12 146 42 79 55 16 0 0 0 13736 2 0 0 0 1 0 0 0 0 1 0 
227 19 114 57903 0 597 0 116 36933 1232 0 0 0 832 0 0 0 0 0 139 2208 12896 0 34967 0 4 0 13259 0 0 533 1 0 200 309 0 717 13736 0 0 42939 143 232 0 0 37261 0 21 418 0 
0 3343 30 1 15 0 4691 6 91 49870 0 370 12 4 89196 0 0 2 541 46226 0 0 3015 0 2 29 0 0 53 29113 109 0 5060 0 19 22 529 2 0 0 0 0 0 0 35 511 0 1 0 0 
2 13 0 0 0 0 5995 2041 3869 43 103 58 0 28541 0 382 1 1 9 5 0 0 0 0 30 0 0 1112 1 2801 3006 0 1733 1420 0 62 0 0 42939 0 0 13 6681 63 8 319 0 4 572 0 
0 3 718 0 28 123 0 5 0 0 0 0 6319 82100 0 0 0 2 0 8 281 1 0 5 72 0 0 0 694 0 63 4328 0 0 0 248 0 0 143 0 13 0 1712 66 1524 0 0 20 0 249 
46210 0 0 227 0 0 0 31 0 0 0 0 64 0 0 14704 0 0 0 425 4 0 52747 0 0 0 0 3 330 74882 0 0 0 0 0 2 0 0 232 0 6681 1712 0 4582 0 147 0 3239 0 0 
0 12 2023 0 5031 0 0 5 398 0 0 0 0 70905 0 190 0 5048 414 37994 4089 0 2295 0 0 216 7393 0 78 0 0 7 240 1594 1590 33 0 1 0 0 63 66 4582 0 0 27797 4684 4808 0 2 
0 0 0 2827 0 30234 0 32786 39576 0 7 0 91 0 0 0 0 1400 0 31170 1 2 181 5735 0 28622 7 0 0 0 0 0 0 12358 1560 25998 1142 0 0 35 8 1524 0 0 0 1144 0 29 3 0 
871 0 0 0 12 0 13 0 8759 0 0 0 0 0 0 14 1570 0 0 690 24 3986 243 477 0 0 8 344 2438 0 0 1096 32 0 0 0 1 0 37261 511 319 0 147 27797 1144 0 0 1 1 446 
131 0 1 62 0 27 2206 10 0 0 52 0 5124 0 0 0 0 0 0 2604 0 17854 0 0 0 0 40597 0 6 0 0 148 0 0 0 2665 11799 0 0 0 0 0 0 4684 0 0 0 4 1710 0 
0 0 92 0 0 450 0 0 0 0 0 0 1 312 0 0 0 0 0 0 0 11882 70 8 0 0 85 0 751 72953 0 0 51946 30217 0 0 0 0 21 1 4 20 3239 4808 29 1 4 0 0 203 
330 92918 0 0 86 0 26 976 2409 81948 0 20175 5 6794 139 35 0 0 0 0 0 3 38 0 0 0 15 0 0 3 1 21 2013 0 31 0 0 1 418 0 572 0 0 0 3 1 1710 0 0 0 
0 20034 0 0 0 0 0 0 0 22 53171 2018 2 12302 2709 4 764 0 0 0 35383 0 30 0 135 6 0 0 201 1643 0 11 1 2146 93539 0 0 0 0 0 0 249 0 2 0 446 0 203 0 0 
