15 4
0 59 64 103 62 95 95 48 90 88 90 112 64 139 74 
59 0 70 49 40 62 36 46 31 30 43 69 27 80 26 
64 70 0 118 33 51 89 98 88 95 64 73 48 126 97 
103 49 118 0 85 94 38 68 34 23 68 88 69 56 28 
62 40 33 85 0 33 56 78 55 62 34 51 15 94 66 
95 62 51 94 33 0 57 107 59 71 25 22 37 82 84 
95 36 89 38 56 57 0 77 6 17 31 50 41 44 39 
48 46 98 68 78 107 77 0 71 63 90 115 69 117 41 
90 31 88 34 55 59 6 71 0 12 34 55 39 49 33 
88 30 95 23 62 71 17 63 12 0 46 67 46 53 23 
90 43 64 68 34 25 31 90 34 46 0 25 25 61 61 
112 69 73 88 51 22 50 115 55 67 25 0 49 63 86 
64 27 48 69 15 37 41 69 39 46 25 49 0 81 52 
139 80 126 56 94 82 44 117 49 53 61 63 81 0 75 
74 26 97 28 66 84 39 41 33 23 61 86 52 75 0 
0 6953 0 61474 14711 0 1334 0 364 4 17769 1 660 0 616 
6953 0 1452 1 0 0 4789 88 0 0 0 22369 180 307 1603 
0 1452 0 0 146 0 0 681 37 182 0 413 0 0 0 
61474 1 0 0 8 40 132 0 0 0 0 2 6 0 0 
14711 0 146 8 0 0 22148 38 0 71 0 0 21 1 9366 
0 0 0 40 0 0 3854 0 15 0 46548 15191 20 0 9803 
1334 4789 0 132 22148 3854 0 23 0 4 2 59 0 0 9706 
0 88 681 0 38 0 23 0 0 0 41 613 0 26 0 
364 0 37 0 0 15 0 0 0 18 125 0 0 1953 0 
4 0 182 0 71 0 4 0 18 0 0 0 7565 14176 0 
17769 0 0 0 0 46548 2 41 125 0 0 0 0 405 0 
1 22369 413 2 0 15191 59 613 0 0 0 0 0 0 1049 
660 180 0 6 21 20 0 0 0 7565 0 0 0 0 0 
0 307 0 0 1 0 0 26 1953 14176 405 0 0 0 0 
616 1603 0 0 9366 9803 9706 0 0 0 0 1049 0 0 0 
0 12080 442 0 1861 0 0 987 616 121 0 0 0 0 17973 
12080 0 773 121 8 264 1594 0 0 31952 252 0 1975 0 30622 
442 773 0 195 0 3341 0 0 0 0 0 882 0 0 0 
0 121 195 0 44 0 0 6370 0 1015 427 3 0 823 526 
1861 8 0 44 0 16 0 0 0 123 0 11 3 0 0 
0 264 3341 0 16 0 6655 11 0 368 0 0 0 1128 0 
0 1594 0 0 0 6655 0 2 0 16 0 56 0 0 0 
987 0 0 6370 0 11 2 0 148 62 252 10153 0 32 933 
616 0 0 0 0 0 0 148 0 0 8 863 0 0 4 
121 31952 0 1015 123 368 16 62 0 0 8 0 0 3612 399 
0 252 0 427 0 0 0 252 8 8 0 0 0 0 13 
0 0 882 3 11 0 56 10153 863 0 0 0 58113 0 0 
0 1975 0 0 3 0 0 0 0 0 0 58113 0 570 188 
0 0 0 823 0 1128 0 32 0 3612 0 0 570 0 0 
17973 30622 0 526 0 0 0 933 4 399 13 0 188 0 0 
0 0 7016 7399 9326 81795 0 2 0 0 0 1 0 0 0 
0 0 0 0 44 0 0 2 15063 8 4881 7017 587 0 0 
7016 0 0 211 0 0 14 0 0 1 4538 0 144 0 0 
7399 0 211 0 0 8 209 0 423 5 2578 0 10 0 16854 
9326 44 0 0 0 220 0 0 766 8 0 0 87 0 4000 
81795 0 0 8 220 0 1985 0 6 0 0 0 65 0 15917 
0 0 14 209 0 1985 0 0 98 0 0 0 0 2373 0 
2 2 0 0 0 0 0 0 1 23 0 4121 0 0 2 
0 15063 0 423 766 6 98 1 0 2 1 0 3 256 0 
0 8 1 5 8 0 0 23 2 0 2248 0 0 0 0 
0 4881 4538 2578 0 0 0 0 1 2248 0 0 0 0 0 
1 7017 0 0 0 0 0 4121 0 0 0 0 42 79 0 
0 587 144 10 87 65 0 0 3 0 0 42 0 0 2374 
0 0 0 0 0 0 2373 0 256 0 0 79 0 0 1714 
0 0 0 16854 4000 15917 0 2 0 0 0 0 2374 1714 0 
0 7035 0 0 0 20 2206 11120 0 3 478 0 0 0 56721 
7035 0 189 0 486 1 0 26 65515 72 1 11154 0 34 590 
0 189 0 2044 1 0 15 0 0 0 0 2826 26889 0 0 
0 0 2044 0 46 0 17 0 84859 1 296 39 35 0 35 
0 486 1 46 0 0 35196 0 1 52 8763 0 46 0 8416 
20 1 0 0 0 0 0 11 26 99560 0 59272 0 18079 0 
2206 0 15 17 35196 0 0 31 6 8 14 0 0 0 3796 
11120 26 0 0 0 11 31 0 2 315 129 0 0 0 15300 
0 65515 0 84859 1 26 6 2 0 0 0 0 0 1290 1899 
3 72 0 1 52 99560 8 315 0 0 121 5 0 0 0 
478 1 0 296 8763 0 14 129 0 121 0 0 0 0 0 
0 11154 2826 39 0 59272 0 0 0 5 0 0 17393 0 3261 
0 0 26889 35 46 0 0 0 0 0 0 17393 0 3 1 
0 34 0 0 0 18079 0 0 1290 0 0 0 3 0 398 
56721 590 0 35 8416 0 3796 15300 1899 0 0 3261 1 398 0 
