50 4
0 123 17 72 89 90 77 84 122 70 141 118 117 117 58 85 94 145 69 99 137 99 30 139 114 56 50 94 70 158 148 87 53 161 64 94 106 62 87 81 66 9 49 48 135 73 47 81 16 69 
123 0 116 51 121 48 96 115 59 63 25 47 40 16 64 39 31 87 58 23 83 33 103 24 65 67 92 40 53 45 35 36 95 46 119 29 43 89 107 43 57 113 75 95 85 58 91 43 139 54 
17 116 0 64 101 90 86 66 108 71 133 119 117 113 52 81 90 150 68 93 122 97 14 135 118 53 57 84 66 154 139 82 62 151 46 88 94 69 69 78 59 15 41 32 119 72 32 78 31 65 
72 51 64 0 97 39 71 77 62 33 69 64 60 49 13 21 29 104 24 28 84 38 52 71 72 21 53 26 13 91 77 19 58 89 74 23 41 56 72 18 5 62 23 46 83 30 41 18 88 13 
89 121 101 97 0 73 26 158 158 64 146 84 88 106 88 88 93 82 73 107 181 88 104 121 67 78 49 121 84 131 156 94 43 167 143 101 136 41 157 86 94 86 92 116 180 69 112 86 92 83 
90 48 90 39 73 0 47 116 91 20 73 28 27 34 42 20 20 64 22 35 115 15 82 53 32 38 48 55 28 69 83 26 49 95 111 30 68 42 111 21 41 81 54 82 115 17 77 21 104 28 
77 96 86 71 26 47 0 136 132 38 121 63 66 81 63 62 67 73 47 81 155 62 85 98 49 54 29 95 58 110 130 68 24 142 124 75 110 17 134 60 69 71 69 95 154 42 90 60 85 57 
84 115 66 77 158 116 136 0 73 105 118 141 136 120 76 98 104 181 98 96 73 114 56 139 149 84 109 75 89 160 120 94 114 129 22 95 74 118 9 96 75 79 67 42 70 103 46 96 96 88 
122 59 108 62 158 91 132 73 0 94 51 103 96 73 74 71 70 145 85 56 25 79 93 83 118 83 115 37 74 101 50 65 120 57 87 60 22 118 63 72 66 113 76 77 25 89 76 72 138 75 
70 63 71 33 64 20 38 105 94 0 87 48 47 52 29 25 32 79 8 44 117 32 64 72 47 21 28 56 20 89 96 31 31 108 97 38 71 26 102 23 32 61 39 67 116 5 62 23 84 19 
141 25 133 69 146 73 121 118 51 87 0 70 64 41 83 62 55 108 81 43 71 58 119 37 89 88 115 49 74 52 10 57 118 21 127 50 44 113 110 65 75 131 92 107 73 82 104 65 158 75 
118 47 119 64 84 28 63 141 103 48 70 0 6 30 70 43 37 42 50 48 128 26 110 38 19 66 73 72 55 47 80 46 73 90 138 47 82 64 135 45 67 109 82 109 128 46 104 45 132 56 
117 40 117 60 88 27 66 136 96 47 64 6 0 24 67 39 32 48 48 42 121 22 108 32 25 64 74 66 52 44 73 42 75 83 134 41 76 66 130 42 64 108 79 106 122 44 101 42 131 53 
117 16 113 49 106 34 81 120 73 52 41 30 24 0 60 31 22 72 48 24 98 19 101 21 48 61 81 46 46 42 51 31 83 62 122 26 54 76 113 35 54 107 72 95 99 47 91 35 132 48 
58 64 52 13 88 42 63 76 74 29 83 70 67 60 0 29 38 107 21 41 95 45 41 82 74 9 41 39 15 102 90 29 47 103 69 35 53 47 72 25 8 48 12 39 93 27 34 25 75 14 
85 39 81 21 88 20 62 98 71 25 62 43 39 31 29 0 9 83 18 19 96 17 70 53 51 29 52 34 14 73 71 6 56 83 95 13 49 51 92 3 25 75 41 67 95 20 62 3 101 16 
94 31 90 29 93 20 67 104 70 32 55 37 32 22 38 9 0 79 27 14 95 10 79 44 48 38 60 36 24 64 64 10 64 76 103 10 48 58 98 13 33 85 50 75 95 27 70 13 110 25 
145 87 150 104 82 64 73 181 145 79 108 42 48 72 107 83 79 0 85 91 170 68 144 71 32 101 95 114 92 67 117 88 93 125 176 89 125 84 176 85 106 138 118 146 171 79 141 85 156 93 
69 58 68 24 73 22 47 98 85 8 81 50 48 48 21 18 27 85 0 37 108 30 60 70 52 16 34 48 11 88 90 23 38 102 91 31 63 34 94 15 24 60 32 61 107 5 56 15 84 10 
99 23 93 28 107 35 81 96 56 44 43 48 42 24 41 19 14 91 37 0 81 23 80 43 62 45 71 23 30 64 52 13 75 65 98 6 34 70 89 21 33 89 51 72 81 39 68 21 115 31 
137 83 122 84 181 115 155 73 25 117 71 128 121 98 95 96 95 170 108 81 0 104 107 106 143 104 136 61 97 123 67 89 142 71 92 85 47 141 64 96 87 129 96 90 3 113 90 96 153 98 
99 33 97 38 88 15 62 114 79 32 58 26 22 19 45 17 10 68 30 23 104 0 87 40 38 44 61 46 30 58 68 19 63 79 112 20 58 56 108 20 42 90 57 84 105 28 79 20 114 32 
30 103 14 52 104 82 85 56 93 64 119 110 108 101 41 70 79 144 60 80 107 87 0 123 111 44 56 70 56 143 125 70 61 137 39 76 80 68 58 67 47 23 29 18 105 65 18 67 45 55 
139 24 135 71 121 53 98 139 83 72 37 38 32 21 82 53 44 71 70 43 106 40 123 0 57 83 101 64 68 21 46 52 103 54 142 47 68 95 131 57 76 129 94 116 107 68 112 57 154 69 
114 65 118 72 67 32 49 149 118 47 89 19 25 48 74 51 48 32 52 62 143 38 111 57 0 68 66 84 60 63 99 57 65 109 143 59 97 55 144 53 73 106 85 113 143 46 108 53 126 60 
56 67 53 21 78 38 54 84 83 21 88 66 64 61 9 29 38 101 16 45 104 44 44 83 68 0 32 47 14 102 96 31 37 109 75 39 62 37 81 25 17 46 17 45 103 21 40 25 71 13 
50 92 57 53 49 48 29 109 115 28 115 73 74 81 41 52 60 95 34 71 136 61 56 101 66 32 0 79 42 117 124 57 5 136 95 65 94 12 107 49 49 43 43 67 135 33 63 49 60 41 
94 40 84 26 121 55 95 75 37 56 49 72 66 46 39 34 36 114 48 23 61 46 70 64 84 47 79 0 37 85 55 28 84 67 79 25 15 81 67 35 30 84 45 57 60 52 54 35 111 38 
70 53 66 13 84 28 58 89 74 20 74 55 52 46 15 14 24 92 11 30 97 30 56 68 60 14 42 37 0 88 82 17 47 95 83 24 52 44 84 11 13 61 27 54 96 16 49 11 86 1 
158 45 154 91 131 69 110 160 101 89 52 47 44 42 102 73 64 67 88 64 123 58 143 21 63 102 117 85 88 0 58 73 118 62 163 68 88 110 152 76 96 148 114 137 125 86 132 76 173 89 
148 35 139 77 156 83 130 120 50 96 10 80 73 51 90 71 64 117 90 52 67 68 125 46 99 96 124 55 82 58 0 66 128 12 130 58 47 122 111 74 82 139 99 112 69 91 109 74 165 84 
87 36 82 19 94 26 68 94 65 31 57 46 42 31 29 6 10 88 23 13 89 19 70 52 57 31 57 28 17 73 66 0 61 78 93 7 42 57 88 8 23 77 41 65 89 26 60 8 103 18 
53 95 62 58 43 49 24 114 120 31 118 73 75 83 47 56 64 93 38 75 142 63 61 103 65 37 5 84 47 118 128 61 0 140 100 69 99 9 113 53 54 47 49 72 141 36 68 53 62 46 
161 46 151 89 167 95 142 129 57 108 21 90 83 62 103 83 76 125 102 65 71 79 137 54 109 109 136 67 95 62 12 78 140 0 141 71 58 134 120 86 95 151 112 124 74 103 121 86 177 96 
64 119 46 74 143 111 124 22 87 97 127 138 134 122 69 95 103 176 91 98 92 112 39 142 143 75 95 79 83 163 130 93 100 141 0 96 82 106 28 92 70 61 58 30 88 96 35 92 74 82 
94 29 88 23 101 30 75 95 60 38 50 47 41 26 35 13 10 89 31 6 85 20 76 47 59 39 65 25 24 68 58 7 69 71 96 0 38 64 89 15 29 84 47 69 85 33 64 15 110 25 
106 43 94 41 136 68 110 74 22 71 44 82 76 54 53 49 48 125 63 34 47 58 80 68 97 62 94 15 52 88 47 42 99 58 82 38 0 96 65 49 45 97 58 65 46 67 63 49 123 53 
62 89 69 56 41 42 17 118 118 26 113 64 66 76 47 51 58 84 34 70 141 56 68 95 55 37 12 81 44 110 122 57 9 134 106 64 96 0 116 49 53 55 52 77 140 31 72 49 72 43 
87 107 69 72 157 111 134 9 63 102 110 135 130 113 72 92 98 176 94 89 64 108 58 131 144 81 107 67 84 152 111 88 113 120 28 89 65 116 0 90 70 82 65 42 61 99 45 90 100 84 
81 43 78 18 86 21 60 96 72 23 65 45 42 35 25 3 13 85 15 21 96 20 67 57 53 25 49 35 11 76 74 8 53 86 92 15 49 49 90 0 22 72 37 64 96 18 59 0 97 12 
66 57 59 5 94 41 69 75 66 32 75 67 64 54 8 25 33 106 24 33 87 42 47 76 73 17 49 30 13 96 82 23 54 95 70 29 45 53 70 22 0 56 18 42 86 29 37 22 82 13 
9 113 15 62 86 81 71 79 113 61 131 109 108 107 48 75 85 138 60 89 129 90 23 129 106 46 43 84 61 148 139 77 47 151 61 84 97 55 82 72 56 0 39 41 127 63 40 72 26 59 
49 75 41 23 92 54 69 67 76 39 92 82 79 72 12 41 50 118 32 51 96 57 29 94 85 17 43 45 27 114 99 41 49 112 58 47 58 52 65 37 18 39 0 28 94 38 23 37 65 26 
48 95 32 46 116 82 95 42 77 67 107 109 106 95 39 67 75 146 61 72 90 84 18 116 113 45 67 57 54 137 112 65 72 124 30 69 65 77 42 64 42 41 28 0 87 66 5 64 63 53 
135 85 119 83 180 115 154 70 25 116 73 128 122 99 93 95 95 171 107 81 3 105 105 107 143 103 135 60 96 125 69 89 141 74 88 85 46 140 61 96 86 127 94 87 0 112 87 96 150 97 
73 58 72 30 69 17 42 103 89 5 82 46 44 47 27 20 27 79 5 39 113 28 65 68 46 21 33 52 16 86 91 26 36 103 96 33 67 31 99 18 29 63 38 66 112 0 61 18 87 16 
47 91 32 41 112 77 90 46 76 62 104 104 101 91 34 62 70 141 56 68 90 79 18 112 108 40 63 54 49 132 109 60 68 121 35 64 63 72 45 59 37 40 23 5 87 61 0 59 63 48 
81 43 78 18 86 21 60 96 72 23 65 45 42 35 25 3 13 85 15 21 96 20 67 57 53 25 49 35 11 76 74 8 53 86 92 15 49 49 90 0 22 72 37 64 96 18 59 0 97 12 
16 139 31 88 92 104 85 96 138 84 158 132 131 132 75 101 110 156 84 115 153 114 45 154 126 71 60 111 86 173 165 103 62 177 74 110 123 72 100 97 82 26 65 63 150 87 63 97 0 85 
69 54 65 13 83 28 57 88 75 19 75 56 53 48 14 16 25 93 10 31 98 32 55 69 60 13 41 38 1 89 84 18 46 96 82 25 53 43 84 12 13 59 26 53 97 16 48 12 85 0 
0 0 861 0 0 17 0 0 0 0 340 32530 87 0 0 0 0 21 47 57 4 4 0 0 4727 16453 0 6473 635 13 403 0 21 21101 0 0 98497 1677 19 0 0 1 0 0 61 11 0 91 0 0 
0 0 0 0 8140 2257 0 0 65396 0 145 0 381 0 0 0 0 4 0 77253 0 1 4314 16 0 3 0 334 0 0 0 0 0 119 13 0 0 0 45516 0 87504 299 0 2727 0 6273 0 0 17 0 
861 0 0 1664 6014 85 0 0 0 3806 0 0 0 915 233 6 0 0 9 37 0 15966 32 0 996 2 0 0 0 0 0 0 0 3 0 35 0 0 88267 0 0 7 0 0 16051 0 44 0 1 0 
0 0 1664 0 0 0 0 3765 0 0 2120 0 0 0 150 41 0 0 0 79599 0 357 10 6 0 1007 0 0 1166 2 0 0 0 5 0 9 0 4 0 8 0 4 0 14875 0 2490 21 0 766 1 
0 8140 6014 0 0 646 0 28535 41631 0 18772 0 39014 0 60927 0 0 935 0 0 23 0 0 0 0 540 30 0 54 10 1 0 0 0 11064 3 0 2184 5725 0 0 8179 0 0 19 13 2754 0 41763 0 
17 2257 85 0 646 0 0 0 0 0 650 4086 71724 3 0 0 0 27 1105 0 0 0 400 5 903 0 0 0 0 0 67427 0 0 2 0 36465 0 1584 52 3229 69 9 4536 8029 0 29473 0 0 0 0 
0 0 0 0 0 0 0 523 35377 0 42470 0 3 221 0 0 0 7534 0 0 0 714 593 0 0 1136 91 122 0 0 4996 35548 0 24 476 15 7327 0 478 0 11 2 1987 52 0 0 1 0 15878 0 
0 0 0 3765 28535 0 523 0 0 23799 0 1 0 53 86747 2 0 7185 2100 47722 0 0 0 25424 0 0 1 73 0 0 0 52 0 1 0 0 16 11091 0 0 1 470 14 17067 19630 6 0 40657 0 5257 
0 65396 0 0 41631 0 35377 0 0 0 90 0 49014 0 0 0 0 168 15 0 41941 2049 129 0 0 0 0 0 0 0 0 0 0 0 25 0 0 0 0 0 0 49 29626 3 0 0 323 574 0 0 
0 0 3806 0 0 0 0 23799 0 0 0 0 89 2 0 83 381 10 0 1270 4 20 0 91071 0 12 53892 0 49751 1 4034 0 56976 0 0 17173 2 14 0 0 0 9 4304 430 548 6 0 19 6 1 
340 145 0 2120 18772 650 42470 0 90 0 0 0 0 25 17602 282 372 0 51812 0 0 2 0 0 0 0 0 0 0 187 105 32 0 0 0 0 0 960 0 5463 174 0 0 0 22916 2000 0 0 0 5 
32530 0 0 0 0 4086 0 1 0 0 0 0 4 0 2610 2 0 0 11 0 2 0 9 0 87 0 0 0 44503 0 0 0 0 2 0 405 0 25722 0 15 0 343 7789 6 804 0 2998 18 0 149 
87 381 0 0 39014 71724 3 0 49014 89 0 4 0 1 0 678 1 0 0 0 0 0 37 0 0 0 4 10836 4692 0 7304 0 0 888 784 0 1089 0 118 3 248 284 33814 0 0 0 16 24 0 8510 
0 0 915 0 0 3 221 53 0 2 25 0 1 0 3 624 0 0 15187 0 257 0 84 73 0 0 10225 0 0 134 0 0 0 6 5794 5 1110 0 1 0 0 0 0 0 0 0 0 2526 0 2898 
0 0 233 150 60927 0 0 86747 0 0 17602 2610 0 3 0 19 642 96 1613 0 0 57 1584 0 0 0 2 95 0 570 1 0 70520 489 0 0 18142 0 0 0 0 0 0 0 0 0 199 0 0 12 
0 0 6 41 0 0 0 2 0 83 282 2 678 624 19 0 14 0 0 282 0 47 0 0 0 18500 0 2130 5 0 0 0 0 0 124 0 2 1 0 10 816 10 74296 75 0 0 0 0 0 67 
0 0 0 0 0 0 0 0 0 381 372 0 1 0 642 14 0 0 0 166 1 0 0 0 0 0 0 21716 619 0 10 11 0 19797 781 0 0 0 0 0 20 0 0 34 0 277 3 0 0 0 
21 4 0 0 935 27 7534 7185 168 10 0 0 0 0 96 0 0 0 0 0 27 0 0 0 0 0 0 0 0 0 2481 0 24545 70329 3 0 17623 0 2091 0 2 37 0 3 0 4 0 673 5 212 
47 0 9 0 0 1105 0 2100 15 0 51812 11 0 15187 1613 0 0 0 0 3977 0 17 22798 2532 0 0 10 0 0 0 0 24988 7015 0 0 0 19186 8 438 0 0 223 5256 615 1334 0 0 15065 41 2016 
57 77253 37 79599 0 0 0 47722 0 1270 0 0 0 0 0 282 166 0 3977 0 0 1545 63994 3 0 0 112 1 0 0 661 0 0 4 0 0 74 231 0 0 0 0 950 0 32313 7478 4 0 0 0 
4 0 0 0 23 0 0 0 41941 4 0 2 0 257 0 0 1 27 0 0 0 0 0 0 71 0 2 3 1795 680 0 0 3130 0 4 0 1148 0 0 16280 0 0 110 0 5 0 0 2472 0 0 
4 1 15966 357 0 0 714 0 2049 20 2 0 0 0 57 47 0 0 17 1545 0 0 0 0 0 0 603 109 0 0 51139 0 850 8329 0 0 0 29945 47 77626 0 9 909 0 0 0 2 0 0 0 
0 4314 32 10 0 400 593 0 129 0 0 9 37 84 1584 0 0 0 22798 63994 0 0 0 0 0 0 0 0 1198 61 0 0 69 0 0 4 828 0 10 13 0 0 18531 0 0 0 74 445 0 109 
0 16 0 6 0 5 0 25424 0 91071 0 0 0 73 0 0 0 0 2532 3 0 0 0 0 0 7 1 17513 0 0 2 10136 0 0 1846 0 0 0 1 0 9 236 3761 0 0 0 12977 0 0 981 
4727 0 996 0 0 903 0 0 0 0 0 87 0 0 0 0 0 0 0 0 71 0 0 0 0 6 0 8 9 0 2 0 0 289 0 1482 0 7278 0 5318 0 0 3031 0 0 0 0 0 0 0 
16453 3 2 1007 540 0 1136 0 0 12 0 0 0 0 0 18500 0 0 0 0 0 0 0 7 6 0 687 0 0 6144 0 11434 0 0 53043 137 50 418 0 0 0 5658 0 0 0 0 122 181 3 92 
0 0 0 0 30 0 91 1 0 53892 0 0 4 10225 2 0 0 0 10 112 2 603 0 1 0 687 0 0 0 0 0 30827 0 0 0 88 5943 0 66548 39 0 0 635 112 0 0 0 3 777 1 
6473 334 0 0 0 0 122 73 0 0 0 0 10836 0 95 2130 21716 0 0 1 3 109 0 17513 8 0 0 0 0 1058 0 1 0 650 15 7 38432 0 44 0 0 0 75689 0 8 0 0 0 142 2350 
635 0 0 1166 54 0 0 0 0 49751 0 44503 4692 0 0 5 619 0 0 0 1795 0 1198 0 9 0 0 0 0 0 19193 16 25812 51 2 12845 25 3630 16 3 0 11703 0 1194 0 0 0 28 2 0 
13 0 0 2 10 0 0 0 0 1 187 0 0 134 570 0 0 0 0 0 680 0 61 0 0 6144 0 1058 0 0 0 0 0 0 0 0 0 57408 0 19904 32 0 18 472 59 0 400 0 0 0 
403 0 0 0 1 67427 4996 0 0 4034 105 0 7304 0 1 0 10 2481 0 661 0 51139 0 2 2 0 0 0 19193 0 0 100 943 0 2 17825 0 0 5821 4 0 0 0 0 350 0 320 16 0 0 
0 0 0 0 0 0 35548 52 0 0 32 0 0 0 0 0 11 0 24988 0 0 0 0 10136 0 11434 30827 1 16 0 100 0 26098 0 32489 0 2 0 14 0 0 2 24403 7619 834 0 0 0 0 0 
21 0 0 0 0 0 0 0 0 56976 0 0 0 0 70520 0 0 24545 7015 0 3130 850 69 0 0 0 0 0 25812 0 943 26098 0 6 0 6915 0 34109 0 0 0 18 4 0 0 6 0 1 59 0 
21101 119 3 5 0 2 24 1 0 0 0 2 888 6 489 0 19797 70329 0 4 0 8329 0 0 289 0 0 650 51 0 0 0 6 0 18 0 7401 0 0 0 55 0 0 0 0 24 0 19 29771 288 
0 13 0 0 11064 0 476 0 25 0 0 0 784 5794 0 124 781 3 0 0 4 0 0 1846 0 53043 0 15 2 0 2 32489 0 18 0 0 6 0 11 8 0 1921 7481 0 2438 0 5806 0 0 0 
0 0 35 9 3 36465 15 0 0 17173 0 405 0 5 0 0 0 0 0 0 0 0 4 0 1482 137 88 7 12845 0 17825 0 6915 0 0 0 2 0 519 689 0 176 26 1491 5 0 0 0 0 0 
98497 0 0 0 0 0 7327 16 0 2 0 0 1089 1110 18142 2 0 17623 19186 74 1148 0 828 0 0 50 5943 38432 25 0 0 2 0 7401 6 2 0 94094 0 0 7 0 2024 761 0 0 0 0 0 1201 
1677 0 0 4 2184 1584 0 11091 0 14 960 25722 0 0 0 1 0 0 8 231 0 29945 0 0 7278 418 0 0 3630 57408 0 0 34109 0 0 0 94094 0 0 0 155 5352 19090 468 3156 74 140 0 41 9048 
19 45516 88267 0 5725 52 478 0 0 0 0 0 118 1 0 0 0 2091 438 0 0 47 10 1 0 0 66548 44 16 0 5821 14 0 0 11 519 0 0 0 13 0 0 0 5391 84 1 4145 53228 641 5 
0 0 0 8 0 3229 0 0 0 0 5463 15 3 0 0 10 0 0 0 0 16280 77626 13 0 5318 0 39 0 3 19904 4 0 0 0 8 689 0 0 13 0 2 0 0 2597 1007 48333 86 0 117 0 
0 87504 0 0 0 69 11 1 0 0 174 0 248 0 0 816 20 2 0 0 0 0 0 9 0 0 0 0 0 32 0 0 0 55 0 0 7 155 0 2 0 0 86 6742 0 262 11 0 0 0 
1 299 7 4 8179 9 2 470 49 9 0 343 284 0 0 10 0 37 223 0 0 9 0 236 0 5658 0 0 11703 0 0 2 18 0 1921 176 0 5352 0 0 0 0 0 126 0 349 0 194 0 10 
0 0 0 0 0 4536 1987 14 29626 4304 0 7789 33814 0 0 74296 0 0 5256 950 110 909 18531 3761 3031 0 635 75689 0 18 0 24403 4 0 7481 26 2024 19090 0 0 86 0 0 0 624 10012 160 156 0 873 
0 2727 0 14875 0 8029 52 17067 3 430 0 6 0 0 0 75 34 3 615 0 0 0 0 0 0 0 112 0 1194 472 0 7619 0 0 0 1491 761 468 5391 2597 6742 126 0 0 41 30645 0 1099 1 0 
61 0 16051 0 19 0 0 19630 0 548 22916 804 0 0 0 0 0 0 1334 32313 5 0 0 0 0 0 0 8 0 59 350 834 0 0 2438 5 0 3156 84 1007 0 0 624 41 0 0 28 0 2 139 
11 6273 0 2490 13 29473 0 6 0 6 2000 0 0 0 0 0 277 4 0 7478 0 0 0 0 0 0 0 0 0 0 0 0 6 24 0 0 0 74 1 48333 262 349 10012 30645 0 0 0 0 0 0 
0 0 44 21 2754 0 1 0 323 0 0 2998 16 0 199 0 3 0 0 4 0 2 74 12977 0 122 0 0 0 400 320 0 0 0 5806 0 0 140 4145 86 11 0 160 0 28 0 0 0 80231 0 
91 0 0 0 0 0 0 40657 574 19 0 18 24 2526 0 0 0 673 15065 0 2472 0 445 0 0 181 3 0 28 0 16 0 1 19 0 0 0 0 53228 0 0 194 156 1099 0 0 0 0 0 3 
0 17 1 766 41763 0 15878 0 0 6 0 0 0 0 0 0 0 5 41 0 0 0 0 0 0 3 777 142 2 0 0 0 59 29771 0 0 0 41 641 117 0 0 0 1 2 0 80231 0 0 0 
0 0 0 1 0 0 0 5257 0 1 5 149 8510 2898 12 67 0 212 2016 0 0 0 109 981 0 92 1 2350 0 0 0 0 0 288 0 0 1201 9048 5 0 0 10 873 0 139 0 0 3 0 0 
0 68 0 6840 3600 0 12 64525 1 35 0 0 0 118 1 10117 9 0 0 0 0 0 35 13109 0 0 8019 0 0 0 0 2852 0 0 4807 754 0 0 0 1267 64 0 1729 140 0 0 94480 0 46 419 
68 0 581 813 0 0 19 3 0 20044 0 4097 0 36582 249 3710 11625 0 9 0 108 0 0 0 1 0 26 0 409 31 53429 72 1 0 0 4 20597 5 0 4 0 0 645 0 1 0 446 817 0 514 
0 581 0 0 0 0 7 8293 34 0 552 3 397 0 0 0 2 4 0 0 5592 0 0 1 0 0 840 1 3352 4357 256 71162 13 0 4 0 12 9 0 48215 23885 0 330 1 0 1 0 3 0 4314 
6840 813 0 0 22 76267 23172 0 8 9024 0 3 86 111 0 0 141 523 19 0 642 0 0 0 1 0 7 9 0 0 28 34 2925 0 6117 0 624 0 27 0 28437 0 1722 0 23615 0 0 957 0 0 
3600 0 0 22 0 0 3 0 0 4 0 13925 0 256 0 486 11 0 79 119 0 4580 98094 28933 5024 0 0 47539 0 0 0 133 30329 83 0 0 2924 0 0 1 1041 0 23 9 0 0 0 165 0 501 
0 0 0 76267 0 0 38 680 22 18561 0 0 0 0 485 58187 72 0 0 61 14055 1220 0 0 0 172 4 12129 418 2 0 1 855 0 1 0 3800 0 0 0 0 0 0 0 5 0 88169 12067 8402 14 
12 19 7 23172 3 38 0 0 0 527 0 1803 0 0 2 444 8557 0 565 14 10092 0 0 11 1547 0 0 0 7 2110 0 0 24 0 0 0 0 21 0 7 0 0 0 0 1 97683 0 55 0 65841 
64525 3 8293 0 0 680 0 0 2107 0 328 0 34415 0 0 0 2441 0 0 0 4837 1 7669 0 17710 86 0 0 24602 35131 58843 0 32 0 3 43229 0 0 9598 5834 0 0 0 0 0 0 317 0 14 0 
1 0 34 8 0 22 0 2107 0 607 0 35771 0 69 18 48144 1816 0 0 147 0 0 0 57930 9780 1142 34819 9061 12598 36008 82 121 26266 1336 0 1086 3248 4162 509 10384 1 0 0 0 2043 11 0 0 112 1013 
35 20044 0 9024 4 18561 527 0 607 0 43 6498 0 0 484 0 0 0 11 0 0 0 7 0 13 0 0 75 0 0 0 62739 0 194 8708 0 0 0 36352 156 187 0 0 0 0 0 34280 0 0 0 
0 0 552 0 0 0 0 328 0 43 0 735 177 0 0 0 0 1897 0 5 62141 0 1417 13 2952 38820 260 5 138 0 0 0 7 25966 4624 11 1564 0 94082 0 0 231 2040 110 0 0 25510 39 9 0 
0 4097 3 3 13925 0 1803 0 35771 6498 735 0 0 114 0 0 59 153 0 426 0 5135 0 6399 0 196 1359 43 0 5557 32 1 19309 0 24723 0 2999 0 14450 0 34 0 0 0 0 33106 0 0 3626 0 
0 0 397 86 0 0 0 34415 0 0 177 0 0 0 316 0 0 2 8 24 21 3629 0 36 181 703 0 0 0 138 0 40909 7593 0 0 3 0 24339 0 0 0 0 0 221 65609 28336 0 0 15135 0 
118 36582 0 111 256 0 0 0 69 0 0 114 0 0 0 0 140 2 0 987 0 51784 0 0 4763 11859 0 81919 25424 0 4 1 5064 0 0 0 0 1 0 53 15 57 5741 97098 1 5267 10089 0 52917 0 
1 249 0 0 0 485 2 0 18 484 0 0 316 0 0 0 0 0 0 6028 990 0 0 3978 157 12087 0 0 8343 0 0 17 0 0 24273 34 0 84 7793 9 1 1 13 56 150 181 0 6425 30 0 
10117 3710 0 0 486 58187 444 0 48144 0 0 0 0 0 0 0 0 33 2063 0 443 0 1133 2 441 0 2 0 0 2 67 314 224 1 0 13768 0 0 32147 0 0 0 0 0 33 1 1 40 2343 0 
9 11625 2 141 11 72 8557 2441 1816 0 0 59 0 140 0 0 0 8 1 0 0 25968 193 401 5045 540 89857 0 0 471 0 0 418 0 0 1767 2972 181 6604 5 0 7294 692 0 863 0 0 428 52 13 
0 0 4 523 0 0 0 0 0 0 1897 153 2 2 0 33 8 0 117 36232 0 5 39 23 4 8 86 367 6742 14 0 1028 0 0 0 37 0 1323 0 111 0 0 1 0 1730 0 41 0 0 0 
0 9 0 19 79 0 565 0 0 11 0 0 8 0 0 2063 1 117 0 0 2 0 0 0 389 1487 0 7 5 481 18637 0 0 22577 81204 11559 0 0 0 9 449 0 0 0 0 2174 286 0 0 0 
0 0 0 0 119 61 14 0 147 0 5 426 24 987 6028 0 0 36232 0 0 50516 0 0 0 21 3 0 0 895 2274 0 3305 46 0 13164 7412 0 0 30980 21 1 1394 0 19686 0 0 0 259 943 7 
0 108 5592 642 0 14055 10092 4837 0 0 62141 0 21 0 990 443 0 0 2 50516 0 23761 1365 1 0 11024 0 0 0 0 11859 62 0 28268 0 377 0 2 3239 0 4071 503 0 7 0 60 3926 0 26205 260 
0 0 0 0 4580 1220 0 1 0 0 0 5135 3629 51784 0 0 25968 5 0 0 23761 0 3 6878 38 72 0 0 59229 37774 0 41737 0 0 2888 885 60 0 0 0 49 0 0 1057 2465 18628 0 1 1064 2 
35 0 0 0 98094 0 0 7669 0 7 1417 0 0 0 0 1133 193 39 0 0 1365 3 0 233 59553 1 89 489 0 0 337 2006 0 44 4454 0 0 4 0 0 1524 1064 0 1 1 17 0 0 6 0 
13109 0 1 0 28933 0 11 0 57930 0 13 6399 36 0 3978 2 401 23 0 0 1 6878 233 0 6675 0 0 0 37958 53331 0 0 3938 1415 0 165 1188 1 0 4811 0 0 0 57 35024 8 0 15405 24204 0 
0 1 0 1 5024 0 1547 17710 9780 13 2952 0 181 4763 157 441 5045 4 389 21 0 38 59553 6675 0 0 31209 0 0 20 0 11 6 0 42 0 19 0 1484 0 320 63617 0 2 3616 6092 150 37 1705 3505 
0 0 0 0 0 172 0 86 1142 0 38820 196 703 11859 12087 0 540 8 1487 3 11024 72 1 0 0 0 0 765 30 0 3 0 25251 144 0 0 0 0 4 7989 2 0 123 4 466 283 0 0 0 0 
8019 26 840 7 0 4 0 0 34819 0 260 1359 0 0 0 2 89857 86 0 0 0 0 89 0 31209 0 0 1 2518 10 240 0 7970 71620 355 0 0 469 0 0 2109 18468 0 0 3 707 106 0 0 0 
0 0 1 9 47539 12129 0 0 9061 75 5 43 0 81919 0 0 0 367 7 0 0 0 489 0 0 765 1 0 5 0 673 0 1 0 0 0 0 6861 0 5142 2881 886 0 69004 0 77 35296 137 0 0 
0 409 3352 0 0 418 7 24602 12598 0 138 0 0 25424 8343 0 0 6742 5 895 0 59229 0 37958 0 30 2518 5 0 5 0 0 0 0 0 0 0 0 0 0 9375 0 2 0 15139 490 431 0 0 2367 
0 31 4357 0 0 2 2110 35131 36008 0 0 5557 138 0 0 2 471 14 481 2274 0 37774 0 53331 20 0 10 0 5 0 1 168 4937 3 15 10 52736 0 60333 0 0 85 0 0 0 4007 0 6816 1 7696 
0 53429 256 28 0 0 0 58843 82 0 0 32 0 4 0 67 0 0 18637 0 11859 0 337 0 0 3 240 673 0 1 0 0 0 4476 0 0 85 25227 0 0 23568 16388 18964 1954 0 125 0 0 24643 7140 
2852 72 71162 34 133 1 0 0 121 62739 0 1 40909 1 17 314 0 1028 0 3305 62 41737 2006 0 11 0 0 0 0 168 0 0 0 59909 0 73499 0 15 0 1688 14968 0 0 0 0 29403 1 2 189 52185 
0 1 13 2925 30329 855 24 32 26266 0 7 19309 7593 5064 0 224 418 0 0 46 0 0 0 3938 6 25251 7970 1 0 4937 0 0 0 0 81 0 2 0 136 1 2302 0 0 1082 57314 0 84312 0 0 41 
0 0 0 0 83 0 0 0 1336 194 25966 0 0 0 0 1 0 0 22577 0 28268 0 44 1415 0 144 71620 0 0 3 4476 59909 0 0 0 4 0 24 74530 1632 0 1578 7756 38 13 0 49811 0 0 0 
4807 0 4 6117 0 1 0 3 0 8708 4624 24723 0 0 24273 0 0 0 81204 13164 0 2888 4454 0 42 0 355 0 0 15 0 0 81 0 0 19 0 1 0 0 83223 0 0 50534 0 33 0 34 2 23792 
754 4 0 0 0 0 0 43229 1086 0 11 0 3 0 34 13768 1767 37 11559 7412 377 885 0 165 0 0 0 0 0 10 0 73499 0 4 19 0 0 1 0 0 115 0 0 0 0 1 283 10176 575 118 
0 20597 12 624 2924 3800 0 0 3248 0 1564 2999 0 0 0 0 2972 0 0 0 0 60 0 1188 19 0 0 0 0 52736 85 0 2 0 0 0 0 0 2 1709 0 2 0 0 771 45 10746 7 7 0 
0 5 9 0 0 0 21 0 4162 0 0 0 24339 1 84 0 181 1323 0 0 2 0 4 1 0 0 469 6861 0 0 25227 15 0 24 1 1 0 0 110 12 0 0 0 0 0 0 0 5775 0 0 
0 0 0 27 0 0 0 9598 509 36352 94082 14450 0 0 7793 32147 6604 0 0 30980 3239 0 0 0 1484 4 0 0 0 60333 0 0 136 74530 0 0 2 110 0 0 12279 96714 5 0 0 0 0 0 0 0 
1267 4 48215 0 1 0 7 5834 10384 156 0 0 0 53 9 0 5 111 9 21 0 0 0 4811 0 7989 0 5142 0 0 0 1688 1 1632 0 0 1709 12 0 0 0 1 12357 0 0 0 0 2 0 3 
64 0 23885 28437 1041 0 0 0 1 187 0 34 0 15 1 0 0 0 449 1 4071 49 1524 0 320 2 2109 2881 9375 0 23568 14968 2302 0 83223 115 0 0 12279 0 0 3 0 0 97 0 0 910 1 10 
0 0 0 0 0 0 0 0 0 0 231 0 0 57 1 0 7294 0 0 1394 503 0 1064 0 63617 0 18468 886 0 85 16388 0 0 1578 0 0 2 0 96714 1 3 0 44026 0 3500 0 17070 0 1 0 
1729 645 330 1722 23 0 0 0 0 0 2040 0 0 5741 13 0 692 1 0 0 0 0 0 0 0 123 0 0 2 0 18964 0 0 7756 0 0 0 0 5 12357 0 44026 0 24735 0 0 0 0 2613 0 
140 0 1 0 9 0 0 0 0 0 110 0 221 97098 56 0 0 0 0 19686 7 1057 1 57 2 4 0 69004 0 0 1954 0 1082 38 50534 0 0 0 0 0 0 0 24735 0 0 0 1 0 0 59 
0 1 0 23615 0 5 1 0 2043 0 0 0 65609 1 150 33 863 1730 0 0 0 2465 1 35024 3616 466 3 0 15139 0 0 0 57314 13 0 0 771 0 0 0 97 3500 0 0 0 3326 0 11 0 0 
0 0 1 0 0 0 97683 0 11 0 0 33106 28336 5267 181 1 0 0 2174 0 60 18628 17 8 6092 283 707 77 490 4007 125 29403 0 0 33 1 45 0 0 0 0 0 0 0 3326 0 366 1192 34 93114 
94480 446 0 0 0 88169 0 317 0 34280 25510 0 0 10089 0 1 0 41 286 0 3926 0 0 0 150 0 106 35296 431 0 0 1 84312 49811 0 283 10746 0 0 0 0 17070 0 1 0 366 0 34255 0 50 
0 817 3 957 165 12067 55 0 0 0 39 0 0 0 6425 40 428 0 0 259 0 1 0 15405 37 0 0 137 0 6816 0 2 0 0 34 10176 7 5775 0 2 910 0 0 0 11 1192 34255 0 2630 0 
46 0 0 0 0 8402 0 14 112 0 9 3626 15135 52917 30 2343 52 0 0 943 26205 1064 6 24204 1705 0 0 0 0 1 24643 189 0 0 2 575 7 0 0 0 1 1 2613 0 0 34 0 2630 0 47366 
419 514 4314 0 501 14 65841 0 1013 0 0 0 0 0 0 0 13 0 0 7 260 2 0 0 3505 0 0 0 2367 7696 7140 52185 41 0 23792 118 0 0 0 3 10 0 0 59 0 93114 50 0 47366 0 
0 25301 0 35467 1 0 197 4033 41 1759 0 0 0 1 1418 136 2290 0 0 0 0 0 1251 8 0 0 6394 0 0 0 0 1475 0 0 7355 8 0 0 0 47350 3275 0 257 34950 0 0 235 0 2345 97 
25301 0 14461 55861 0 0 6559 2 0 1611 0 19 0 54097 3547 13 5 0 1 0 24046 0 0 0 1 0 13 0 20122 10910 1471 4 80 0 0 61 24714 16121 0 14686 0 0 6 0 4075 0 157 76124 0 760 
0 14461 0 0 0 0 1535 700 335 0 15 55073 7873 0 0 0 182 914 0 0 610 0 0 10036 0 0 23 3 8943 6268 4 1236 471 0 5152 0 1 2426 0 818 181 0 15 616 0 45182 0 46 0 1393 
35467 55861 0 0 13729 6 4 0 27 1753 0 5 5 21 0 0 6154 4416 5 0 208 0 0 0 178 0 3 2 0 0 43592 14121 2890 0 70723 0 4112 0 848 0 103 0 88 0 562 0 0 17054 0 0 
1 0 0 13729 0 0 8808 0 0 6 0 210 0 9 0 193 39304 0 1 35206 0 69 1 298 14 0 0 1 0 0 0 274 11414 7 0 0 16 0 0 2806 1609 0 24 4668 0 0 0 372 0 39 
0 0 0 6 0 0 3096 2 426 2962 0 0 0 0 3426 5 6217 0 0 14157 4792 1 0 0 0 883 22584 14 44743 22 0 21 21598 0 5649 0 1 0 0 0 0 0 0 0 3 0 1106 597 23 5670 
197 6559 1535 4 8808 3096 0 0 0 9 0 93380 0 0 434 177 3922 0 17 11966 2 0 0 23 1376 0 0 0 397 49312 0 0 211 0 0 0 0 4459 0 131 0 0 0 0 867 27 0 9046 0 2 
4033 2 700 0 0 2 0 0 528 0 610 0 1 0 0 0 40299 0 0 0 35 3132 444 0 49 26 0 0 126 44 8901 0 4 0 719 8 0 0 84029 1 0 0 0 0 0 0 90036 0 78134 0 
41 0 335 27 0 426 0 528 0 2 0 16 0 680 13820 18 10 0 0 229 0 0 0 26 1941 32 36577 2011 204 36645 1081 198 7656 5642 0 18 5200 38 8 2 77149 0 0 0 3324 60259 0 0 87758 34 
1759 1611 0 1753 6 2962 9 0 2 0 145 78 0 0 357 0 0 0 4169 0 0 0 161 0 10241 0 0 48 0 0 0 3 0 14 5267 0 0 0 46413 5363 2039 0 0 0 0 0 79023 0 0 0 
0 0 15 0 0 0 0 610 0 145 0 12750 3997 0 0 0 0 1 0 5481 5 0 4459 331 1 98 539 8896 4 0 0 0 21 6314 13 8975 17909 0 2626 0 0 12 666 3626 0 0 36 29 9851 0 
0 19 55073 5 210 0 93380 0 16 78 12750 0 0 77 0 0 62660 63224 0 123 0 95778 0 21678 0 9 9 84023 0 972 2625 2 39 0 37421 0 314 0 207 0 35 0 0 0 0 3 0 0 666 0 
0 0 7873 5 0 0 0 1 0 0 3997 0 0 0 4270 0 0 6 234 1 2408 396 0 12698 511 33 0 0 0 33 0 6813 13673 0 0 6407 0 48478 0 0 0 0 0 57931 52332 391 0 0 62 0 
1 54097 0 21 9 0 0 0 680 0 0 77 0 0 0 0 69044 29 0 19 0 4022 0 0 480 26 0 317 66375 0 487 2 1073 0 0 0 0 58250 0 63 256 25 60893 1205 492 13787 7 0 3990 0 
1418 3547 0 0 0 3426 434 0 13820 357 0 0 4270 0 0 0 0 0 0 5 52 0 0 46546 120 55524 0 0 795 0 0 81 0 0 3 1 0 52344 17946 3581 8444 2 8 23052 12 4 0 38 4934 0 
136 13 0 0 193 5 177 0 18 0 0 0 0 0 0 0 0 1090 44771 0 1462 0 558 5 128 0 305 0 0 4 109 6196 7 6078 0 1 0 0 15992 0 0 0 0 0 781 1221 353 1574 482 0 
2290 5 182 6154 39304 6217 3922 40299 10 0 0 62660 0 69044 0 0 0 647 8365 0 0 680 739 101 2 2 94209 0 0 7768 0 0 2 0 0 37 12 2297 49932 29283 0 63 870 0 325 0 0 4 4891 3 
0 0 914 4416 0 0 0 0 0 0 1 63224 6 29 0 1090 647 0 22 11488 0 1255 9 2437 473 39 80 8934 2232 2 0 73 0 0 0 913 0 6 0 44 0 0 2 0 5 0 42 0 0 0 
0 1 0 5 1 0 17 0 0 4169 0 0 234 0 0 44771 8365 22 0 0 3 0 0 0 10 4060 0 2514 27209 1 4525 0 0 1309 8734 418 0 0 0 583 36838 0 0 0 0 5 7 0 0 0 
0 0 0 0 35206 14157 11966 0 229 0 5481 123 1 19 5 0 0 11488 0 0 15745 0 0 0 578 11 0 0 13648 11486 0 23389 1623 0 51 6 0 0 5 12663 10 22 0 443 0 0 0 99059 13657 4648 
0 24046 610 208 0 4792 2 35 0 0 5 0 2408 0 52 1462 0 0 3 15745 0 1 1 8514 0 4 0 0 0 0 58 11610 0 2096 0 3 0 2 32 0 38017 1 0 120 0 18678 65676 0 2 2 
0 0 0 0 69 1 0 3132 0 0 0 95778 396 4022 0 0 680 1255 0 0 1 0 60353 7 71729 1 0 0 12 351 0 80 0 0 684 1 1254 0 0 0 7 0 0 12710 6739 265 0 306 7946 22 
1251 0 0 0 1 0 0 444 0 161 4459 0 0 0 0 558 739 9 0 0 1 60353 0 1105 4425 1083 3 11122 0 0 13 141 0 1166 419 0 0 266 0 0 14 171 0 1956 711 24684 0 0 25 0 
8 0 10036 0 298 0 23 0 26 0 331 21678 12698 0 46546 5 101 2437 0 0 8514 7 1105 0 1 0 0 0 16277 16 0 0 2 2117 0 2 2 7471 0 7 0 0 0 194 31800 4889 0 61 96 0 
0 1 0 178 14 0 1376 49 1941 10241 1 0 511 480 120 128 2 473 10 578 0 71729 4425 1 0 0 4887 0 0 12 0 170 528 0 732 0 2243 0 4002 0 1870 593 0 83 33 17723 6545 105 704 91671 
0 0 0 0 0 883 0 26 32 0 98 9 33 26 55524 0 2 39 4060 11 4 1 1083 0 0 0 0 4 2 0 397 0 11883 12273 0 0 0 0 4 285 8137 0 2 541 3 1170 0 0 0 0 
6394 13 23 3 0 22584 0 0 36577 0 539 9 0 0 0 305 94209 80 0 0 0 0 3 0 4887 0 0 12 11036 2291 6292 0 1880 257 3715 0 0 1 0 0 1 245 0 0 61995 33 10132 0 0 0 
0 0 3 2 1 14 0 0 2011 48 8896 84023 0 317 0 0 0 8934 2514 0 0 0 11122 0 0 4 12 0 869 0 63 0 55905 0 0 0 0 1965 0 2486 12 2 0 2928 0 85914 5968 2149 0 0 
0 20122 8943 0 0 44743 397 126 204 0 4 0 0 66375 795 0 0 2232 27209 13648 0 12 0 16277 0 2 11036 869 0 67053 0 0 0 0 0 0 0 0 0 0 15825 0 49 0 838 124 28 0 0 2466 
0 10910 6268 0 0 22 49312 44 36645 0 0 972 33 0 0 4 7768 2 1 11486 0 351 0 16 12 0 2291 0 67053 0 36 2390 4 137 402 4546 112 0 10843 0 0 15029 0 0 0 46 0 75063 92237 47 
0 1471 4 43592 0 0 0 8901 1081 0 0 2625 0 487 0 109 0 0 4525 0 58 0 13 0 0 397 6292 63 0 36 0 0 0 91 0 0 13791 4 0 0 1280 4876 7211 573 0 18697 0 0 1041 290 
1475 4 1236 14121 274 21 0 0 198 3 0 2 6813 2 81 6196 0 73 0 23389 11610 80 141 0 170 0 0 0 0 2390 0 0 0 9 0 488 0 3 0 143 10392 0 0 0 0 986 276 1 9818 12 
0 80 471 2890 11414 21598 211 4 7656 0 21 39 13673 1073 0 7 2 0 0 1623 0 0 0 2 528 11883 1880 55905 0 4 0 0 0 0 19 0 12622 0 3075 3026 304 0 0 40 51408 0 294 0 0 98 
0 0 0 0 7 0 0 0 5642 14 6314 0 0 0 0 6078 0 0 1309 0 2096 0 1166 2117 0 12273 257 0 0 137 91 9 0 0 0 3997 0 3833 491 69420 0 36159 38759 65388 6223 0 10 0 0 0 
7355 0 5152 70723 0 5649 0 719 0 5267 13 37421 0 0 3 0 0 0 8734 51 0 684 419 0 732 0 3715 0 0 402 0 0 19 0 0 23 0 6814 0 0 1 0 0 10 0 2116 0 1 355 1299 
8 61 0 0 0 0 0 8 18 0 8975 0 6407 0 1 1 37 913 418 6 3 1 0 2 0 0 0 0 0 4546 0 488 0 3997 23 0 0 7 0 0 1 0 0 0 0 449 27633 5 2 28066 
0 24714 1 4112 16 1 0 0 5200 0 17909 314 0 0 0 0 12 0 0 0 0 1254 0 2 2243 0 0 0 0 112 13791 0 12622 0 0 0 0 0 4 32141 0 1 0 0 32 19 64 1 31926 0 
0 16121 2426 0 0 0 4459 0 38 0 0 0 48478 58250 52344 0 2297 6 0 0 2 0 266 7471 0 0 1 1965 0 0 4 3 0 3833 6814 7 0 0 613 8891 0 0 0 0 0 0 0 1325 0 0 
0 0 0 848 0 0 0 84029 8 46413 2626 207 0 0 17946 15992 49932 0 0 5 32 0 0 0 4002 4 0 0 0 10843 0 0 3075 491 0 0 4 613 0 0 65280 45 4955 0 0 0 0 0 0 0 
47350 14686 818 0 2806 0 131 1 2 5363 0 0 0 63 3581 0 29283 44 583 12663 0 0 0 7 0 285 0 2486 0 0 0 143 3026 69420 0 0 32141 8891 0 0 0 91532 3 0 0 0 0 43184 0 6957 
3275 0 181 103 1609 0 0 0 77149 2039 0 35 0 256 8444 0 0 0 36838 10 38017 7 14 0 1870 8137 1 12 15825 0 1280 10392 304 0 1 1 0 0 65280 0 0 4344 0 0 78 0 0 7136 896 1 
0 0 0 0 0 0 0 0 0 0 12 0 0 25 2 0 63 0 0 22 1 0 171 0 593 0 245 2 0 15029 4876 0 0 36159 0 0 1 0 45 91532 4344 0 6 0 16482 0 2003 0 730 0 
257 6 15 88 24 0 0 0 0 0 666 0 0 60893 8 0 870 2 0 0 0 0 0 0 0 2 0 0 49 0 7211 0 0 38759 0 0 0 0 4955 3 0 6 0 13 0 0 0 0 11 0 
34950 0 616 0 4668 0 0 0 0 0 3626 0 57931 1205 23052 0 0 0 0 443 120 12710 1956 194 83 541 0 2928 0 0 573 0 40 65388 10 0 0 0 0 0 0 0 13 0 0 0 5 0 0 18 
0 4075 0 562 0 3 867 0 3324 0 0 0 52332 492 12 781 325 5 0 0 0 6739 711 31800 33 3 61995 0 838 0 0 0 51408 6223 0 0 32 0 0 0 78 16482 0 0 0 183 0 86891 0 0 
0 0 45182 0 0 0 27 0 60259 0 0 3 391 13787 4 1221 0 0 5 0 18678 265 24684 4889 17723 1170 33 85914 124 46 18697 986 0 0 2116 449 19 0 0 0 0 0 0 0 183 0 13854 26314 11194 130 
235 157 0 0 0 1106 0 90036 0 79023 36 0 0 7 0 353 0 42 7 0 65676 0 0 0 6545 0 10132 5968 28 0 0 276 294 10 0 27633 64 0 0 0 0 2003 0 5 0 13854 0 12924 0 42874 
0 76124 46 17054 372 597 9046 0 0 0 29 0 0 0 38 1574 4 0 0 99059 0 306 0 61 105 0 0 2149 0 75063 0 1 0 0 1 5 1 1325 0 43184 7136 0 0 0 86891 26314 12924 0 6 0 
2345 0 0 0 0 23 0 78134 87758 0 9851 666 62 3990 4934 482 4891 0 0 13657 2 7946 25 96 704 0 0 0 0 92237 1041 9818 0 0 355 2 31926 0 0 0 896 730 11 0 0 11194 0 6 0 1 
97 760 1393 0 39 5670 2 0 34 0 0 0 0 0 0 0 3 0 0 4648 2 22 0 0 91671 0 0 0 2466 47 290 12 98 0 1299 28066 0 0 0 6957 1 0 0 18 0 130 42874 0 1 0 
0 4417 0 4086 301 0 27569 4355 75 85 0 0 0 20 298 4 195 0 0 0 0 0 651 4 0 0 1442 0 0 0 0 6 0 0 5 4 0 0 0 6 3945 0 296 119 0 0 29 0 865 83004 
4417 0 1 1 0 0 2431 98793 0 6 0 1 0 14 10 2 139 0 101 0 13 0 0 0 12632 0 5 0 48 100 1 143 10 0 0 1 102 36292 0 6902 0 0 3222 0 4747 0 14 4971 0 36 
0 1 0 0 0 0 117 60 51526 0 7821 7246 33497 0 0 0 602 189 0 0 687 0 0 6 0 0 16 4160 38 2 19455 144 7 0 263 0 2 223 0 6323 3 0 29 9 0 24720 0 89 0 25 
4086 1 0 0 195 60 9746 0 3639 15758 0 68758 2397 2 0 0 1 4085 136 0 90584 0 0 0 2278 0 30923 3268 0 0 4 6972 406 0 5293 0 20273 0 14588 0 5724 0 167 0 607 0 0 130 0 0 
301 0 0 195 0 0 191 0 0 1 0 13 0 5 0 45594 4 0 3252 2875 0 1100 11098 54 5841 0 0 8 0 0 0 909 93655 7 0 0 3818 0 0 10485 10 0 408 303 0 0 0 6529 0 6825 
0 0 0 60 0 0 27 69 5042 1316 0 0 0 0 1422 34 115 0 0 48 26332 1 0 0 0 721 250 20 5 11 0 1203 3 0 398 0 1 0 0 0 0 0 0 0 34 0 8833 23 148 99759 
27569 2431 117 9746 191 27 0 0 0 429 0 19486 0 0 2 167 18 0 76128 763 1 0 0 2073 27401 0 0 0 4 6830 0 0 25 0 0 0 0 189 0 1 0 0 0 0 55 44335 0 97628 0 30674 
4355 98793 60 0 0 69 0 0 442 0 1254 0 155 0 0 0 55339 0 0 0 6 49 1303 0 767 4631 0 0 2307 88354 9 0 951 0 12 4 0 0 6714 30038 0 0 0 0 0 0 13 0 1647 0 
75 0 51526 3639 0 5042 0 442 0 24 0 5 0 2 71 9 15815 0 0 13705 0 0 0 83628 11 25386 43564 8 4 182 2619 1 55633 7549 0 255 3713 110 6 12 49621 0 0 0 349 1 0 0 6 7 
85 6 0 15758 1 1316 429 0 24 0 30 669 0 0 18 0 0 0 22431 0 0 0 17935 0 5 0 0 1 0 0 0 1554 0 13 760 0 0 0 2 48 97 0 0 0 0 0 3758 0 0 0 
0 0 7821 0 0 0 0 1254 0 30 0 80669 6 0 0 0 0 4603 0 106 34549 0 25 1 14 3790 2 25 3533 0 0 0 36094 28 107 54 17438 0 2123 0 0 133 3 34 0 0 439 1 20288 0 
0 1 7246 68758 13 0 19486 0 5 669 80669 0 0 1997 0 0 238 542 0 3 0 3465 0 5985 0 3 481 46875 0 1678 29989 4 16013 0 2 0 52 0 4459 0 23416 0 0 0 0 916 0 0 231 0 
0 0 33497 2397 0 0 0 155 0 0 6 0 0 0 568 0 0 2593 3958 6627 1274 2 0 79151 343 572 0 0 0 6 0 2994 50420 0 0 2129 0 91116 0 0 0 0 0 16294 43454 1 0 0 222 0 
20 14 0 2 5 0 0 0 2 0 0 1997 0 0 0 0 11 2 0 12794 0 21 0 0 898 1 0 1 5282 0 10555 7 2 0 0 0 0 2 0 1430 6323 92490 190 12 45 15 403 0 48185 0 
298 10 0 0 0 1422 2 0 71 18 0 0 568 0 0 0 0 0 0 3 4159 0 0 2 61 3062 0 0 108 0 0 2 0 0 1 6962 0 56 33 13 465 59 31529 2240 657 4804 0 1815 14 0 
4 2 0 0 45594 34 167 0 9 0 0 0 0 0 0 0 0 37995 703 0 1429 0 4171 46692 9121 0 121 0 0 891 32263 51 858 9 0 86 0 0 10248 0 0 0 0 0 21680 55 203 343 13 0 
195 139 602 1 4 115 18 55339 15815 0 0 238 0 11 0 0 0 5892 73933 0 0 19943 4522 4 4985 45 226 0 0 9 0 0 6239 0 0 88 60938 1 34866 566 0 555 16 0 4 0 0 1159 1008 12190 
0 0 189 4085 0 0 0 0 0 0 4603 542 2593 2 0 37995 5892 0 7 8239 0 39 10266 1 964 66 3269 4722 549 6 0 108 0 0 0 10 0 224 0 494 0 0 14983 0 166 0 220 0 0 0 
0 101 0 136 3252 0 76128 0 0 22431 0 0 3958 0 0 703 73933 7 0 0 19709 0 0 0 27549 22464 0 60 19007 1 1526 0 0 13 177 498 0 0 0 3 1479 0 0 0 0 9449 1205 0 0 0 
0 0 0 0 2875 48 763 0 13705 0 106 3 6627 12794 3 0 0 8239 0 0 34371 0 0 0 4 10824 0 0 381 45 0 18 3 0 553 70859 0 0 49 15 4587 173 0 3 0 0 0 103 2469 48950 
0 13 687 90584 0 26332 1 6 0 0 34549 0 1274 0 4159 1429 0 0 19709 34371 0 5 53950 3 0 49 0 0 0 0 44104 6 0 14 0 14 0 7 20 0 1 52150 0 133 0 2 10893 0 4767 3 
0 0 0 0 1100 1 0 49 0 0 0 3465 2 21 0 0 19943 39 0 0 5 0 56281 14 41965 27 0 0 21 96017 0 1171 0 0 4940 7 456 0 0 0 2 0 0 431 2568 24 0 17 3165 141 
651 0 0 0 11098 0 0 1303 0 17935 25 0 0 0 0 4171 4522 10266 0 0 53950 56281 0 1273 58346 33 347 53208 0 0 157 879 0 1501 2106 0 0 1 0 0 2754 163 0 39881 31255 250 0 0 1057 0 
4 0 6 0 54 0 2073 0 83628 0 1 5985 79151 0 2 46692 4 1 0 0 3 14 1273 0 4 0 0 0 151 9315 0 0 8 32 0 21189 56598 19719 0 2083 0 0 0 23993 12 8 0 3 26 0 
0 12632 0 2278 5841 0 27401 767 11 5 14 0 343 898 61 9121 4985 964 27549 4 0 41965 58346 4 0 0 73060 0 0 88 0 55364 348 0 1 0 7551 0 15584 0 194 471 0 405 4 750 987 1 7 1028 
0 0 0 0 0 721 0 4631 25386 0 3790 3 572 1 3062 0 45 66 22464 10824 49 27 33 0 0 0 0 2451 2 0 73 0 309 69 0 0 0 0 20 24 202 0 1 18936 402 1239 0 0 0 0 
1442 5 16 30923 0 250 0 0 43564 0 2 481 0 0 0 121 226 3269 0 0 0 0 347 0 73060 0 0 13732 141 651 9700 0 4 2835 7357 0 0 320 0 0 50 2 0 0 5 44 17 0 0 0 
0 0 4160 3268 8 20 0 0 8 1 25 46875 0 1 0 0 0 4722 60 0 0 0 53208 0 0 2451 13732 0 436 0 30 0 5 0 0 0 0 168 0 13 2 126 0 64409 0 3 54819 46 0 0 
0 48 38 0 0 5 4 2307 4 0 3533 0 0 5282 108 0 0 549 19007 381 0 21 0 151 0 2 141 436 0 8 0 0 0 0 0 0 0 0 0 0 659 0 4178 0 197 4193 16 0 0 6 
0 100 2 0 0 11 6830 88354 182 0 0 1678 6 0 0 891 9 6 1 45 0 96017 0 9315 88 0 651 0 8 0 1 2 8341 12 1436 12861 45 0 1 0 0 245 0 0 0 6 0 6315 8083 1 
0 1 19455 4 0 0 0 9 2619 0 0 29989 0 10555 0 32263 0 0 1526 0 44104 0 157 0 0 73 9700 30 0 1 0 0 0 4826 0 0 7168 1749 0 0 64563 34361 40 2839 0 23 0 0 17494 7616 
6 143 144 6972 909 1203 0 0 1 1554 0 4 2994 7 2 51 0 108 0 18 6 1171 879 0 55364 0 0 0 0 2 0 0 0 67239 0 1601 0 2207 0 1 76 0 0 0 0 5 108 2235 71275 27 
0 10 7 406 93655 3 25 951 55633 0 36094 16013 50420 2 0 858 6239 0 0 3 0 0 0 8 348 309 4 5 0 8341 0 0 0 0 1872 0 14468 0 2 4 6 0 0 16 34117 0 5411 0 0 141 
0 0 0 0 7 0 0 0 7549 13 28 0 0 0 0 9 0 0 13 0 14 0 1501 32 0 69 2835 0 0 12 4826 67239 0 0 0 296 0 133 1209 69821 0 49785 68 2 9218 0 24485 0 0 0 
5 0 263 5293 0 398 0 12 0 760 107 2 0 0 1 0 0 0 177 553 0 4940 2106 0 1 0 7357 0 0 1436 0 0 1872 0 0 18 0 56 0 0 5 0 0 43949 0 7 0 484 798 17667 
4 1 0 0 0 0 0 4 255 0 54 0 2129 0 6962 86 88 10 498 70859 14 7 0 21189 0 0 0 0 0 12861 0 1601 0 296 18 0 0 13 0 0 72 0 0 0 0 9 90262 1803 65491 6 
0 102 2 20273 3818 1 0 0 3713 0 17438 52 0 0 0 0 60938 0 0 0 0 456 0 56598 7551 0 0 0 0 45 7168 0 14468 0 0 0 0 0 185 242 0 4650 0 0 3964 56972 623 1173 32375 0 
0 36292 223 0 0 0 189 0 110 0 0 0 91116 2 56 0 1 224 0 0 7 0 1 19719 0 0 320 168 0 0 1749 2207 0 133 56 13 0 0 9 1126 0 0 0 0 0 0 0 739 0 0 
0 0 0 14588 0 0 0 6714 6 2 2123 4459 0 0 33 10248 34866 0 0 49 20 0 0 0 15584 20 0 0 0 1 0 0 2 1209 0 0 185 9 0 0 21893 17 8 0 0 0 0 0 0 0 
6 6902 6323 0 10485 0 1 30038 12 48 0 0 0 1430 13 0 566 494 3 15 0 0 0 2083 0 24 0 13 0 0 0 1 4 69821 0 0 242 1126 0 0 0 891 16 0 0 0 0 17 0 25 
3945 0 3 5724 10 0 0 0 49621 97 0 23416 0 6323 465 0 0 0 1479 4587 1 2 2754 0 194 202 50 2 659 0 64563 76 6 0 5 72 0 0 21893 0 0 8563 0 0 2 0 0 920 1816 2 
0 0 0 0 0 0 0 0 0 0 133 0 0 92490 59 0 555 0 0 173 52150 0 163 0 471 0 2 126 0 245 34361 0 0 49785 0 0 4650 0 17 891 8563 0 3 0 1718 0 6 0 683 0 
296 3222 29 167 408 0 0 0 0 0 3 0 0 190 31529 0 16 14983 0 0 0 0 0 0 0 1 0 0 4178 0 40 0 0 68 0 0 0 0 8 16 0 3 0 21253 0 0 0 0 2403 0 
119 0 9 0 303 0 0 0 0 0 34 0 16294 12 2240 0 0 0 0 3 133 431 39881 23993 405 18936 0 64409 0 0 2839 0 16 2 43949 0 0 0 0 0 0 0 21253 0 0 0 21303 0 0 15 
0 4747 0 607 0 34 55 0 349 0 0 0 43454 45 657 21680 4 166 0 0 0 2568 31255 12 4 402 5 0 197 0 0 0 34117 9218 0 0 3964 0 0 0 2 1718 0 0 0 99608 0 170 0 0 
0 0 24720 0 0 0 44335 0 1 0 0 916 1 15 4804 55 0 0 9449 0 2 24 250 8 750 1239 44 3 4193 6 23 5 0 0 7 9 56972 0 0 0 0 0 0 0 99608 0 637 3979 7 8 
29 14 0 0 0 8833 0 13 0 3758 439 0 0 403 0 203 0 220 1205 0 10893 0 0 0 987 0 17 54819 16 0 0 108 5411 24485 0 90262 623 0 0 0 0 6 0 21303 0 637 0 19 0 1 
0 4971 89 130 6529 23 97628 0 0 0 1 0 0 0 1815 343 1159 0 0 103 0 17 0 3 1 0 0 46 0 6315 0 2235 0 0 484 1803 1173 739 0 17 920 0 0 0 170 3979 19 0 170 0 
865 0 0 0 0 148 0 1647 6 0 20288 231 222 48185 14 13 1008 0 0 2469 4767 3165 1057 26 7 0 0 0 0 8083 17494 71275 0 0 798 65491 32375 0 0 0 1816 683 2403 0 0 7 0 170 0 182 
83004 36 25 0 6825 99759 30674 0 7 0 0 0 0 0 0 0 12190 0 0 48950 3 141 0 0 1028 0 0 0 6 1 7616 27 141 0 17667 6 0 0 0 25 2 0 0 15 0 8 1 0 182 0 
