30 2
0 46 118 40 96 98 46 64 2 33 36 47 55 9 108 78 35 54 61 95 45 105 61 79 70 72 108 28 39 45 
46 0 88 10 53 127 3 66 48 60 37 19 78 48 107 43 36 50 104 90 43 84 63 35 92 25 124 21 29 63 
118 88 0 85 53 137 85 71 120 144 83 106 102 125 70 117 84 138 148 59 75 25 72 92 105 80 111 92 78 92 
40 10 85 0 56 117 8 56 42 59 26 26 68 43 98 54 26 55 95 82 33 79 53 44 82 34 114 12 19 52 
96 53 53 56 0 154 51 82 98 112 71 66 108 100 106 67 71 96 146 90 69 65 81 42 118 33 138 68 62 93 
98 127 137 117 154 0 125 72 99 127 90 138 49 106 75 170 91 153 52 79 87 112 73 161 36 148 37 107 99 64 
46 3 85 8 51 125 0 63 48 61 34 22 76 49 104 46 34 53 103 87 40 81 60 36 90 26 122 20 27 60 
64 66 71 56 82 72 63 0 66 97 32 83 30 73 44 110 33 107 76 31 23 50 3 95 36 81 59 52 37 22 
2 48 120 42 98 99 48 66 0 32 38 48 56 7 110 78 37 54 61 97 47 107 63 81 71 74 110 30 42 47 
33 60 144 59 112 127 61 97 32 0 67 48 88 24 142 71 66 34 83 128 77 134 94 83 103 82 141 52 68 79 
36 37 83 26 71 90 34 32 38 67 0 51 41 44 77 80 1 75 74 61 10 68 29 70 55 58 88 20 9 26 
47 19 106 26 66 138 22 83 48 48 51 0 90 45 125 31 50 31 108 109 59 103 80 35 105 34 140 31 46 76 
55 78 102 68 108 49 76 30 56 88 41 90 0 63 62 121 41 107 46 54 39 80 29 112 15 99 53 58 50 15 
9 48 125 43 100 106 49 73 7 24 44 45 63 0 117 75 43 47 66 104 53 112 70 79 79 73 117 33 47 54 
108 107 70 98 106 75 104 44 110 142 77 125 62 117 0 149 78 152 105 17 67 45 48 131 55 116 42 96 80 64 
78 43 117 54 67 170 46 110 78 71 80 31 121 75 149 0 80 40 140 132 87 120 107 25 135 36 168 62 73 106 
35 36 84 26 71 91 34 33 37 66 1 50 41 43 78 80 0 74 74 62 11 69 30 70 55 58 89 19 9 26 
54 50 138 55 96 153 53 107 54 34 75 31 107 47 152 40 74 0 113 136 84 134 104 59 123 63 160 55 72 95 
61 104 148 95 146 52 103 76 61 83 74 108 46 66 105 140 74 113 0 100 77 126 75 139 50 129 81 83 83 56 
95 90 59 82 90 79 87 31 97 128 61 109 54 104 17 132 62 136 100 0 52 34 34 114 51 99 52 81 64 52 
45 43 75 33 69 87 40 23 47 77 10 59 39 53 67 87 11 84 77 52 0 59 20 74 51 61 81 29 13 24 
105 84 25 79 65 112 81 50 107 134 68 103 80 112 45 120 69 134 126 34 59 0 51 98 81 84 86 82 66 72 
61 63 72 53 81 73 60 3 63 94 29 80 29 70 48 107 30 104 75 34 20 51 0 93 37 79 61 49 34 20 
79 35 92 44 42 161 36 95 81 83 70 35 112 79 131 25 70 59 139 114 74 98 93 0 125 14 155 56 62 96 
70 92 105 82 118 36 90 36 71 103 55 105 15 79 55 135 55 123 50 51 51 81 37 125 0 112 38 73 63 29 
72 25 80 34 33 148 26 81 74 82 58 34 99 73 116 36 58 63 129 99 61 84 79 14 112 0 140 46 49 83 
108 124 111 114 138 37 122 59 110 141 88 140 53 117 42 168 89 160 81 52 81 86 61 155 38 140 0 108 95 65 
28 21 92 12 68 107 20 52 30 52 20 31 58 33 96 62 19 55 83 81 29 82 49 56 73 46 108 0 17 44 
39 29 78 19 62 99 27 37 42 68 9 46 50 47 80 73 9 72 83 64 13 66 34 62 63 49 95 17 0 34 
45 63 92 52 93 64 60 22 47 79 26 76 15 54 64 106 26 95 56 52 24 72 20 96 29 83 65 44 34 0 
0 14 118 3148 1916 0 0 0 46306 0 0 1 0 0 11 17308 0 0 3 0 33 89700 0 0 0 0 21533 734 11 0 
14 0 1 5650 0 0 0 0 341 0 0 0 0 0 5159 329 496 0 2 0 0 0 0 5 17432 0 62 18 475 16904 
118 1 0 124 21 0 36 0 0 0 0 0 2868 1018 89 689 1371 2 0 0 0 75300 4869 465 1211 1 416 0 0 653 
3148 5650 124 0 0 0 853 0 0 0 0 0 0 0 0 0 2 0 0 19 312 132 11 1 0 91 671 3852 3775 0 
1916 0 21 0 0 0 5370 0 2 10309 0 0 0 6251 0 0 7 0 0 0 20298 6196 0 0 21 42125 6828 0 0 2 
0 0 0 0 0 0 5 1351 0 4 0 43775 75437 0 0 0 4569 0 0 11023 0 2294 0 0 303 0 21 0 17311 2465 
0 0 36 853 5370 5 0 5880 0 0 0 17395 61351 0 0 24 0 0 221 35 26 882 0 0 1417 58 0 0 1546 0 
0 0 0 0 0 1351 5880 0 6 8 0 29 0 35 12860 0 7 31 0 28603 3 0 0 7 7 2366 0 0 336 2 
46306 341 0 0 2 0 0 6 0 0 0 0 0 0 0 25487 45 9 1587 2697 5585 1441 51 0 772 0 0 71 0 0 
0 0 0 0 10309 4 0 8 0 0 0 3211 93 11438 56 0 29481 0 199 0 42814 55167 0 3052 0 0 56581 2 0 0 
0 0 0 0 0 0 0 0 0 0 0 2 0 0 0 0 0 0 0 0 0 70 0 1066 0 33497 0 0 0 145 
1 0 0 0 0 43775 17395 29 0 3211 2 0 0 27 5016 782 0 0 0 1485 0 499 0 154 0 11 24337 5 0 39081 
0 0 2868 0 0 75437 61351 0 0 93 0 0 0 4484 0 0 0 0 1 136 139 8996 710 0 0 0 0 0 41 0 
0 0 1018 0 6251 0 0 35 0 11438 0 27 4484 0 37 0 1002 107 8 0 117 874 0 40845 0 0 225 0 23 346 
11 5159 89 0 0 0 0 12860 0 56 0 5016 0 37 0 2 29508 80616 0 0 76870 3943 0 0 0 29256 0 1253 0 603 
17308 329 689 0 0 0 24 0 25487 0 0 782 0 0 2 0 0 0 0 26820 0 9 54 0 726 0 15 0 26 0 
0 496 1371 2 7 4569 0 7 45 29481 0 0 0 1002 29508 0 0 0 0 0 0 3020 8 33 0 0 0 0 2 9 
0 0 2 0 0 0 0 31 9 0 0 0 0 107 80616 0 0 0 0 0 0 0 34 0 645 86096 0 1 0 96 
3 2 0 0 0 0 221 0 1587 199 0 0 1 8 0 0 0 0 0 0 22 5266 0 0 0 0 0 9 0 56 
0 0 0 19 0 11023 35 28603 2697 0 0 1485 136 0 0 26820 0 0 0 0 1 10 1019 22002 0 3256 0 102 0 0 
33 0 0 312 20298 0 26 3 5585 42814 0 0 139 117 76870 0 0 0 22 1 0 0 10 3 1 28927 9406 0 29 7 
89700 0 75300 132 6196 2294 882 0 1441 55167 70 499 8996 874 3943 9 3020 0 5266 10 0 0 55190 2102 0 79630 2 0 64 11 
0 0 4869 11 0 0 0 0 51 0 0 0 710 0 0 54 8 34 0 1019 10 55190 0 38531 7759 0 29 0 0 3904 
0 5 465 1 0 0 0 7 0 3052 1066 154 0 40845 0 0 33 0 0 22002 3 2102 38531 0 30 37994 1612 0 0 1 
0 17432 1211 0 21 303 1417 7 772 0 0 0 0 0 0 726 0 645 0 0 1 0 7759 30 0 0 0 3 0 0 
0 0 1 91 42125 0 58 2366 0 0 33497 11 0 0 29256 0 0 86096 0 3256 28927 79630 0 37994 0 0 0 0 151 0 
21533 62 416 671 6828 21 0 0 0 56581 0 24337 0 225 0 15 0 0 0 0 9406 2 29 1612 0 0 0 204 1716 0 
734 18 0 3852 0 0 0 0 71 2 0 5 0 0 1253 0 0 1 9 102 0 0 0 0 3 0 204 0 0 9374 
11 475 0 3775 0 17311 1546 336 0 0 0 0 41 23 0 26 2 0 0 0 29 64 0 0 0 151 1716 0 0 299 
0 16904 653 0 2 2465 0 2 0 0 145 39081 0 346 603 0 9 96 56 0 7 11 3904 1 0 0 0 9374 299 0 
0 0 0 0 0 489 1 72 0 1 2490 0 290 146 13 0 1381 59 0 79998 0 0 4 51 6803 15664 0 0 0 6 
0 0 0 0 393 27 30 63428 0 2526 16966 2935 42 8 0 0 0 71024 0 96 0 14 0 0 0 697 1 0 0 0 
0 0 0 0 0 39 0 2497 8 26 289 40387 0 0 0 0 0 2 8786 3 1488 0 0 0 0 21 0 12268 1499 0 
0 0 0 0 0 610 0 31 4 30633 1 38 13021 1850 50962 848 0 112 21387 0 0 0 0 0 52 0 0 0 0 62 
0 393 0 0 0 7391 0 6527 0 0 11002 8105 29971 0 9681 286 0 1767 807 5 0 0 98689 1 0 0 0 0 13380 0 
489 27 39 610 7391 0 0 0 335 0 7722 0 0 5 3897 500 0 106 19921 0 81181 0 28301 22301 0 510 0 15778 0 0 
1 30 0 0 0 0 0 0 50241 282 278 0 0 3477 1872 0 0 37410 0 0 0 0 14 49 0 0 1 4628 0 4004 
72 63428 2497 31 6527 0 0 0 0 0 4 0 15 0 0 26 0 0 1 0 0 205 3 1 0 0 739 14506 0 8 
0 0 8 4 0 335 50241 0 0 294 71646 96 4195 32270 24148 0 0 2 0 0 0 0 0 52 0 6 9 30 15 57786 
1 2526 26 30633 0 0 282 0 294 0 2040 0 0 0 0 4 0 942 0 6 0 0 70771 0 3493 87 0 3 55 5288 
2490 16966 289 1 11002 7722 278 4 71646 2040 0 0 35 9 5 1812 2055 13608 39784 85 2 0 41 0 54058 0 6 31027 1776 1 
0 2935 40387 38 8105 0 0 0 96 0 0 0 0 0 0 0 7 93 1 0 15 0 377 0 173 0 0 0 3 0 
290 42 0 13021 29971 0 0 15 4195 0 35 0 0 0 130 4491 693 2405 0 0 0 0 0 8580 94532 5 32222 67 0 122 
146 8 0 1850 0 5 3477 0 32270 0 9 0 0 0 0 24 0 0 0 20176 0 0 41853 0 27 33 0 53 0 0 
13 0 0 50962 9681 3897 1872 0 24148 0 5 0 130 0 0 0 0 0 109 4 0 0 5110 2900 17671 0 74 0 11 0 
0 0 0 848 286 500 0 26 0 4 1812 0 4491 24 0 0 4958 3946 1598 0 25898 0 0 3 0 10 0 212 0 281 
1381 0 0 0 0 0 0 0 0 0 2055 7 693 0 0 4958 0 4544 156 16 90761 0 0 0 94071 13 76450 1 0 0 
59 71024 2 112 1767 106 37410 0 2 942 13608 93 2405 0 0 3946 4544 0 4852 1039 675 1148 0 30 0 0 5 0 13 0 
0 0 8786 21387 807 19921 0 1 0 0 39784 1 0 0 109 1598 156 4852 0 2590 0 0 454 77 791 671 74 0 173 3 
79998 96 3 0 5 0 0 0 0 6 85 0 0 20176 4 0 16 1039 2590 0 5 0 0 0 2497 0 905 0 25 13 
0 0 1488 0 0 81181 0 0 0 0 2 15 0 0 0 25898 90761 675 0 5 0 12 5 0 0 0 0 429 0 0 
0 14 0 0 0 0 0 205 0 0 0 0 0 0 0 0 0 1148 0 0 12 0 0 0 2 0 0 5 0 1 
4 0 0 0 98689 28301 14 3 0 70771 41 377 0 41853 5110 0 0 0 454 0 5 0 0 0 0 855 0 492 0 0 
51 0 0 0 1 22301 49 1 52 0 0 0 8580 0 2900 3 0 30 77 0 0 0 0 0 0 0 0 150 2020 0 
6803 0 0 52 0 0 0 0 0 3493 54058 173 94532 27 17671 0 94071 0 791 2497 0 2 0 0 0 2137 65 0 30 6 
15664 697 21 0 0 510 0 0 6 87 0 0 5 33 0 10 13 0 671 0 0 0 855 0 2137 0 2309 3333 0 10921 
0 1 0 0 0 0 1 739 9 0 6 0 32222 0 74 0 76450 5 74 905 0 0 0 0 65 2309 0 0 0 890 
0 0 12268 0 0 15778 4628 14506 30 3 31027 0 67 53 0 212 1 0 0 0 429 5 492 150 0 3333 0 0 1 0 
0 0 1499 0 13380 0 0 0 15 55 1776 3 0 0 11 0 0 13 173 25 0 0 0 2020 30 0 0 1 0 0 
6 0 0 62 0 0 4004 8 57786 5288 1 0 122 0 0 281 0 0 3 13 0 1 0 0 6 10921 890 0 0 0 
