30 2
0 59 64 103 62 95 95 48 90 88 90 112 64 139 74 53 26 148 87 89 78 107 103 6 100 177 116 85 94 32 
59 0 70 49 40 62 36 46 31 30 43 69 27 80 26 37 59 91 39 30 28 48 85 53 62 119 57 26 35 49 
64 70 0 118 33 51 89 98 88 95 64 73 48 126 97 33 87 124 64 86 63 108 150 62 58 154 114 86 89 33 
103 49 118 0 85 94 38 68 34 23 68 88 69 56 28 85 93 77 65 36 58 23 68 97 90 97 30 33 37 98 
62 40 33 85 0 33 56 78 55 62 34 51 15 94 66 8 77 96 33 53 30 75 125 57 38 126 81 53 55 32 
95 62 51 94 33 0 57 107 59 71 25 22 37 82 84 42 110 75 28 57 37 76 147 91 7 104 78 61 57 65 
95 36 89 38 56 57 0 77 6 17 31 50 41 44 39 58 95 55 29 6 25 20 100 89 52 83 25 11 1 78 
48 46 98 68 78 107 77 0 71 63 90 115 69 117 41 71 27 133 86 71 75 81 55 45 108 159 90 66 76 65 
90 31 88 34 55 59 6 71 0 12 34 55 39 49 33 57 89 61 31 2 25 20 94 84 56 89 27 5 5 75 
88 30 95 23 62 71 17 63 12 0 46 67 46 53 23 63 84 69 43 14 35 19 82 82 68 95 28 10 16 78 
90 43 64 68 34 25 31 90 34 46 0 25 25 61 61 41 99 61 3 32 15 51 124 84 22 92 53 36 32 65 
112 69 73 88 51 22 50 115 55 67 25 0 49 63 86 60 123 54 29 53 40 67 148 107 15 82 66 58 51 84 
64 27 48 69 15 37 41 69 39 46 25 49 0 81 52 17 74 86 23 37 16 60 112 58 38 116 66 37 40 40 
139 80 126 56 94 82 44 117 49 53 61 63 81 0 75 99 137 23 62 50 65 36 125 133 74 41 27 54 45 121 
74 26 97 28 66 84 39 41 33 23 61 86 52 75 0 64 65 92 58 34 47 39 62 69 83 117 49 28 38 73 
53 37 33 85 8 42 58 71 57 63 41 60 17 99 64 0 69 102 39 55 34 77 120 48 46 132 83 54 58 24 
26 59 87 93 77 110 95 27 89 84 99 123 74 137 65 69 0 150 95 88 85 103 79 26 113 178 112 83 93 54 
148 91 124 77 96 75 55 133 61 69 61 54 86 23 92 102 150 0 63 62 70 55 146 142 68 30 47 67 57 126 
87 39 64 65 33 28 29 86 31 43 3 29 23 62 58 39 95 63 0 29 11 49 121 81 25 93 52 33 29 63 
89 30 86 36 53 57 6 71 2 14 32 53 37 50 34 55 88 62 29 0 23 22 95 83 54 89 29 5 5 73 
78 28 63 58 30 37 25 75 25 35 15 40 16 65 47 34 85 70 11 23 0 45 110 72 35 100 50 25 25 56 
107 48 108 23 75 76 20 81 20 19 51 67 60 36 39 77 103 55 49 22 45 0 91 101 71 77 9 23 20 95 
103 85 150 68 125 147 100 55 94 82 124 148 112 125 62 120 79 146 121 95 110 91 0 100 146 164 99 90 98 119 
6 53 62 97 57 91 89 45 84 82 84 107 58 133 69 48 26 142 81 83 72 101 100 0 95 171 110 79 88 29 
100 62 58 90 38 7 52 108 56 68 22 15 38 74 83 46 113 68 25 54 35 71 146 95 0 97 72 58 53 70 
177 119 154 97 126 104 83 159 89 95 92 82 116 41 117 132 178 30 93 89 100 77 164 171 97 0 68 94 84 156 
116 57 114 30 81 78 25 90 27 28 53 66 66 27 49 83 112 47 52 29 50 9 99 110 72 68 0 31 25 102 
85 26 86 33 53 61 11 66 5 10 36 58 37 54 28 54 83 67 33 5 25 23 90 79 58 94 31 0 10 72 
94 35 89 37 55 57 1 76 5 16 32 51 40 45 38 58 93 57 29 5 25 20 98 88 53 84 25 10 0 78 
32 49 33 98 32 65 78 65 75 78 65 84 40 121 73 24 54 126 63 73 56 95 119 29 70 156 102 72 78 0 
0 0 5365 1 15686 9 19114 0 608 0 859 1603 85 0 17 108 101 32 0 28 0 53 0 0 0 0 3 0 0 1 
0 0 9 544 0 73336 0 0 31 10 1170 1628 0 497 71 35 0 0 69 0 0 2900 0 51 1012 135 1 0 0 2879 
5365 9 0 0 0 127 0 396 0 0 0 0 1 25 532 1 0 53017 79 9617 34 0 0 766 0 0 20303 0 71 0 
1 544 0 0 0 65198 0 35 59803 0 6496 0 2 472 105 2220 0 0 0 219 715 554 860 0 3 1380 0 50 0 124 
15686 0 0 0 0 53 0 4 8 0 0 4000 0 27878 276 0 0 0 0 78 0 15 0 0 22886 22806 0 32660 0 192 
9 73336 127 65198 53 0 20374 87216 0 0 7 10 6 21 71499 0 0 0 2 0 0 0 273 0 140 1109 6458 0 15 8 
19114 0 0 0 0 20374 0 582 0 0 44341 0 0 0 2 947 1343 0 0 1 1538 54477 51 0 263 0 0 3 16 0 
0 0 396 35 4 87216 582 0 0 1561 2 274 66707 0 62 0 54 2 0 3 0 0 86 2316 5 749 2968 0 9643 0 
608 31 0 59803 8 0 0 0 0 10 0 130 1 0 0 0 0 0 18908 4768 9986 618 3 0 156 2242 432 1119 0 3053 
0 10 0 0 0 0 0 1561 10 0 0 0 25 17 0 423 13 1 0 44249 0 0 0 0 10 21755 0 2615 433 0 
859 1170 0 6496 0 7 44341 2 0 0 0 0 0 0 5 7991 207 133 0 0 169 39685 0 0 0 0 2 4108 69 0 
1603 1628 0 0 4000 10 0 274 130 0 0 0 0 47648 0 35 67719 0 0 2244 0 0 0 8523 0 7450 2856 23 0 279 
85 0 1 2 0 6 0 66707 1 25 0 0 0 0 0 15988 0 12579 62 0 16 0 201 0 0 0 1 26 0 51448 
0 497 25 472 27878 21 0 0 0 17 0 47648 0 0 0 0 284 3 0 35 0 505 0 9 27496 0 2631 0 0 43 
17 71 532 105 276 71499 2 62 0 0 5 0 0 0 0 582 0 8 0 12 0 0 48 14 0 0 45 0 3 69 
108 35 1 2220 0 0 947 0 0 423 7991 35 15988 0 582 0 0 0 0 292 0 1 1 0 0 45141 135 0 13 19368 
101 0 0 0 0 0 1343 54 0 13 207 67719 0 284 0 0 0 0 64147 0 0 451 87 0 0 0 3 195 0 0 
32 0 53017 0 0 0 0 2 0 1 133 0 12579 3 8 0 0 0 0 1 40 0 0 2577 0 0 0 1545 1 2477 
0 69 79 0 0 2 0 0 18908 0 0 0 62 0 0 0 64147 0 0 41 0 0 431 0 3 0 0 0 5252 43388 
28 0 9617 219 78 0 1 3 4768 44249 0 2244 0 35 12 292 0 1 41 0 4 0 0 15489 0 0 0 0 3154 0 
0 0 34 715 0 0 1538 0 9986 0 169 0 16 0 0 0 0 40 0 4 0 32784 367 0 0 0 174 0 0 33901 
53 2900 0 554 15 0 54477 0 618 0 39685 0 0 505 0 1 451 0 0 0 32784 0 69 6966 18 17 0 1103 43 0 
0 0 0 860 0 273 51 86 3 0 0 0 201 0 48 1 87 0 431 0 367 69 0 369 517 0 0 0 0 0 
0 51 766 0 0 0 0 2316 0 0 0 8523 0 9 14 0 0 2577 0 15489 0 6966 369 0 29294 0 432 0 0 1582 
0 1012 0 3 22886 140 263 5 156 10 0 0 0 27496 0 0 0 0 3 0 0 18 517 29294 0 0 27 0 0 3463 
0 135 0 1380 22806 1109 0 749 2242 21755 0 7450 0 0 0 45141 0 0 0 0 0 17 0 0 0 0 0 0 0 1160 
3 1 20303 0 0 6458 0 2968 432 0 2 2856 1 2631 45 135 3 0 0 0 174 0 0 432 27 0 0 2289 5731 13523 
0 0 0 50 32660 0 3 0 1119 2615 4108 23 26 0 0 0 195 1545 0 0 0 1103 0 0 0 0 2289 0 526 0 
0 0 71 0 0 15 16 9643 0 433 69 0 0 0 3 13 0 1 5252 3154 0 43 0 0 0 0 5731 526 0 0 
1 2879 0 124 192 8 0 0 3053 0 0 279 51448 43 69 19368 0 2477 43388 0 33901 0 0 1582 3463 1160 13523 0 0 0 
0 0 6066 4 200 14 3481 0 33 0 3025 30622 358 0 161 14312 40 20 0 4 0 4406 0 0 0 0 0 0 2 0 
0 0 67 65044 0 4518 0 0 3 388 606 590 0 1326 31 68 0 0 167 0 0 18 0 197 813 39 0 0 0 3644 
6066 67 0 0 0 34 0 10520 41 0 0 0 0 33 62 0 0 33759 3868 15695 6 0 0 542 0 0 30472 0 13 0 
4 65044 0 0 3 69399 0 0 51359 55 4449 0 0 579 22 2969 0 0 1 2 3264 203 3203 0 0 323 0 3 14 33 
200 0 0 3 0 73 8 121 17 0 7 912 0 36767 101 0 0 0 0 0 0 0 0 0 7719 25286 0 20845 0 363 
14 4518 34 69399 73 0 11637 10209 0 0 138 13 1235 1067 6702 19 0 0 0 0 0 0 3 0 386 868 12731 0 0 20 
3481 0 0 0 8 11637 0 832 0 0 15311 0 0 0 0 6048 11904 0 0 0 35305 1532 0 0 5223 0 0 0 4 0 
0 0 10520 0 121 10209 832 0 0 9878 34 1 4562 0 482 0 15 11 0 0 0 0 2001 5943 5 194 1408 1 1269 0 
33 3 41 51359 17 0 0 0 0 10 0 89377 0 0 0 0 0 0 317 53 659 190 5 0 934 4453 335 54 0 7733 
0 388 0 55 0 0 0 9878 10 0 0 0 3 128 0 1962 34 0 0 702 0 0 0 0 102 709 0 815 98 0 
3025 606 0 4449 7 138 15311 34 0 0 0 0 0 0 1 4075 23 280 0 2 106 41035 0 0 0 0 23 391 0 0 
30622 590 0 0 912 13 0 1 89377 0 0 0 0 15869 0 74 104 0 0 32211 0 0 0 19182 0 17792 594 87 0 60 
358 0 0 0 0 1235 0 4562 0 3 0 0 0 0 0 10330 0 7656 16 0 8 0 12 0 0 0 0 128 0 35692 
0 1326 33 579 36767 1067 0 0 0 128 0 15869 0 0 0 0 370 0 0 20 0 11804 1 42 42523 0 4726 0 0 55 
161 31 62 22 101 6702 0 482 0 0 1 0 0 0 0 10856 0 2 0 5 1 0 15 5874 0 0 41 0 0 1095 
14312 68 0 2969 0 19 6048 0 0 1962 4075 74 10330 0 10856 0 0 0 0 33 0 0 0 0 0 65634 612 0 0 91368 
40 0 0 0 0 0 11904 15 0 34 23 104 0 370 0 0 0 0 18332 0 0 1524 58 0 0 0 6 2451 0 0 
20 0 33759 0 0 0 0 11 0 0 280 0 7656 0 2 0 0 0 0 485 83 0 0 283 0 0 0 6620 0 3437 
0 167 3868 1 0 0 0 0 317 0 0 0 16 0 0 0 18332 0 0 3975 0 1 12973 0 0 0 0 16 5166 7232 
4 0 15695 2 0 0 0 0 53 702 2 32211 0 20 5 33 0 485 3975 0 0 0 0 5674 0 0 0 0 2 0 
0 0 6 3264 0 0 35305 0 659 0 106 0 8 0 1 0 0 83 0 0 0 21513 873 0 0 1 113 0 0 89604 
4406 18 0 203 0 0 1532 0 190 0 41035 0 0 11804 0 0 1524 0 1 0 21513 0 789 9668 34 13 0 3378 11 0 
0 0 0 3203 0 3 0 2001 5 0 0 0 12 1 15 0 58 0 12973 0 873 789 0 1769 35457 0 0 0 0 0 
0 197 542 0 0 0 0 5943 0 0 0 19182 0 42 5874 0 0 283 0 5674 0 9668 1769 0 17240 0 489 0 0 419 
0 813 0 0 7719 386 5223 5 934 102 0 0 0 42523 0 0 0 0 0 0 0 34 35457 17240 0 0 9 0 0 196 
0 39 0 323 25286 868 0 194 4453 709 0 17792 0 0 0 65634 0 0 0 0 1 13 0 0 0 0 2 0 0 6946 
0 0 30472 0 0 12731 0 1408 335 0 23 594 0 4726 41 612 6 0 0 0 113 0 0 489 9 2 0 1039 7366 1349 
0 0 0 3 20845 0 0 1 54 815 391 87 128 0 0 0 2451 6620 16 0 0 3378 0 0 0 0 1039 0 967 0 
2 0 13 14 0 0 4 1269 0 98 0 0 0 0 0 0 0 0 5166 2 0 11 0 0 0 0 7366 967 0 0 
0 3644 0 33 363 20 0 0 7733 0 0 60 35692 55 1095 91368 0 3437 7232 0 89604 0 0 419 196 6946 1349 0 0 0 
