6 3
0 46 118 40 96 98 
46 0 88 10 53 127 
118 88 0 85 53 137 
40 10 85 0 56 117 
96 53 53 56 0 154 
98 127 137 117 154 0 
0 0 77683 0 1 0 
0 0 0 0 3453 194 
77683 0 0 0 13962 19 
0 0 0 0 17 122 
1 3453 13962 17 0 28 
0 194 19 122 28 0 
0 0 38747 0 6 0 
0 0 0 0 16270 39 
38747 0 0 0 4538 4 
0 0 0 0 44 17364 
6 16270 4538 44 0 127 
0 39 4 17364 127 0 
0 0 107 0 743 0 
0 0 0 7 15616 83 
107 0 0 0 24670 119 
0 7 0 0 0 57 
743 15616 24670 0 0 8 
0 83 119 57 8 0 
