40 3
0 46 118 40 96 98 46 64 2 33 36 47 55 9 108 78 35 54 61 95 45 105 61 79 70 72 108 28 39 45 38 87 44 18 35 31 32 15 62 109 
46 0 88 10 53 127 3 66 48 60 37 19 78 48 107 43 36 50 104 90 43 84 63 35 92 25 124 21 29 63 42 51 30 53 36 49 49 33 99 116 
118 88 0 85 53 137 85 71 120 144 83 106 102 125 70 117 84 138 148 59 75 25 72 92 105 80 111 92 78 92 82 118 118 110 84 135 94 113 133 90 
40 10 85 0 56 117 8 56 42 59 26 26 68 43 98 54 26 55 95 82 33 79 53 44 82 34 114 12 19 52 32 61 35 44 26 50 39 29 89 107 
96 53 53 56 0 154 51 82 98 112 71 66 108 100 106 67 71 96 146 90 69 65 81 42 118 33 138 68 62 93 74 66 78 97 71 102 86 85 136 122 
98 127 137 117 154 0 125 72 99 127 90 138 49 106 75 170 91 153 52 79 87 112 73 161 36 148 37 107 99 64 85 178 140 81 91 129 77 111 38 58 
46 3 85 8 51 125 0 63 48 61 34 22 76 49 104 46 34 53 103 87 40 81 60 36 90 26 122 20 27 60 40 53 33 52 34 51 48 34 98 113 
64 66 71 56 82 72 63 0 66 97 32 83 30 73 44 110 33 107 76 31 23 50 3 95 36 81 59 52 37 22 27 116 89 48 33 92 32 67 61 50 
2 48 120 42 98 99 48 66 0 32 38 48 56 7 110 78 37 54 61 97 47 107 63 81 71 74 110 30 42 47 41 88 44 19 37 30 34 16 62 110 
33 60 144 59 112 127 61 97 32 0 67 48 88 24 142 71 66 34 83 128 77 134 94 83 103 82 141 52 68 79 71 81 38 51 66 10 65 31 89 143 
36 37 83 26 71 90 34 32 38 67 0 51 41 44 77 80 1 75 74 61 10 68 29 70 55 58 88 20 9 26 5 88 57 27 1 61 15 36 66 82 
47 19 106 26 66 138 22 83 48 48 51 0 90 45 125 31 50 31 108 109 59 103 80 35 105 34 140 31 46 76 57 41 12 59 50 37 61 32 107 133 
55 78 102 68 108 49 76 30 56 88 41 90 0 63 62 121 41 107 46 54 39 80 29 112 15 99 53 58 50 15 36 129 93 36 41 86 28 65 31 57 
9 48 125 43 100 106 49 73 7 24 44 45 63 0 117 75 43 47 66 104 53 112 70 79 79 73 117 33 47 54 47 85 40 27 43 23 41 14 69 118 
108 107 70 98 106 75 104 44 110 142 77 125 62 117 0 149 78 152 105 17 67 45 48 131 55 116 42 96 80 64 72 155 133 92 78 137 76 112 87 20 
78 43 117 54 67 170 46 110 78 71 80 31 121 75 149 0 80 40 140 132 87 120 107 25 135 36 168 62 73 106 86 10 35 91 80 61 92 63 138 160 
35 36 84 26 71 91 34 33 37 66 1 50 41 43 78 80 0 74 74 62 11 69 30 70 55 58 89 19 9 26 6 87 56 27 0 60 15 35 66 83 
54 50 138 55 96 153 53 107 54 34 75 31 107 47 152 40 74 0 113 136 84 134 104 59 123 63 160 55 72 95 80 50 20 72 74 26 80 42 117 157 
61 104 148 95 146 52 103 76 61 83 74 108 46 66 105 140 74 113 0 100 77 126 75 139 50 129 81 83 83 56 71 149 106 51 74 87 59 76 18 94 
95 90 59 82 90 79 87 31 97 128 61 109 54 104 17 132 62 136 100 0 52 34 34 114 51 99 52 81 64 52 57 138 117 79 62 123 63 98 83 32 
45 43 75 33 69 87 40 23 47 77 10 59 39 53 67 87 11 84 77 52 0 59 20 74 51 61 81 29 13 24 7 94 66 35 11 71 19 46 67 74 
105 84 25 79 65 112 81 50 107 134 68 103 80 112 45 120 69 134 126 34 59 0 51 98 81 84 86 82 66 72 66 123 114 93 69 127 77 102 111 65 
61 63 72 53 81 73 60 3 63 94 29 80 29 70 48 107 30 104 75 34 20 51 0 93 37 79 61 49 34 20 24 114 86 45 30 89 29 64 61 53 
79 35 92 44 42 161 36 95 81 83 70 35 112 79 131 25 70 59 139 114 74 98 93 0 125 14 155 56 62 96 75 25 45 88 70 72 84 65 134 143 
70 92 105 82 118 36 90 36 71 103 55 105 15 79 55 135 55 123 50 51 51 81 37 125 0 112 38 73 63 29 50 143 108 52 55 102 44 80 32 45 
72 25 80 34 33 148 26 81 74 82 58 34 99 73 116 36 58 63 129 99 61 84 79 14 112 0 140 46 49 83 63 39 45 78 58 71 72 59 123 129 
108 124 111 114 138 37 122 59 110 141 88 140 53 117 42 168 89 160 81 52 81 86 61 155 38 140 0 108 95 65 82 175 144 90 89 140 80 118 64 22 
28 21 92 12 68 107 20 52 30 52 20 31 58 33 96 62 19 55 83 81 29 82 49 56 73 46 108 0 17 44 25 70 37 32 19 44 30 20 78 102 
39 29 78 19 62 99 27 37 42 68 9 46 50 47 80 73 9 72 83 64 13 66 34 62 63 49 95 17 0 34 13 81 53 34 9 61 24 36 75 87 
45 63 92 52 93 64 60 22 47 79 26 76 15 54 64 106 26 95 56 52 24 72 20 96 29 83 65 44 34 0 20 114 79 28 26 76 15 53 43 63 
38 42 82 32 74 85 40 27 41 71 5 57 36 47 72 86 6 80 71 57 7 66 24 75 50 63 82 25 13 20 0 94 62 27 6 65 12 40 62 77 
87 51 118 61 66 178 53 116 88 81 88 41 129 85 155 10 87 50 149 138 94 123 114 25 143 39 175 70 81 114 94 0 45 100 87 71 100 72 148 166 
44 30 118 35 78 140 33 89 44 38 57 12 93 40 133 35 56 20 106 117 66 114 86 45 108 45 144 37 53 79 62 45 0 59 56 27 65 29 106 139 
18 53 110 44 97 81 52 48 19 51 27 59 36 27 92 91 27 72 51 79 35 93 45 88 52 78 90 32 34 28 27 100 59 0 27 50 17 30 47 91 
35 36 84 26 71 91 34 33 37 66 1 50 41 43 78 80 0 74 74 62 11 69 30 70 55 58 89 19 9 26 6 87 56 27 0 60 15 35 66 83 
31 49 135 50 102 129 51 92 30 10 61 37 86 23 137 61 60 26 87 123 71 127 89 72 102 71 140 44 61 76 65 71 27 50 60 0 62 25 92 140 
32 49 94 39 86 77 48 32 34 65 15 61 28 41 76 92 15 80 59 63 19 77 29 84 44 72 80 30 24 15 12 100 65 17 15 62 0 38 51 77 
15 33 113 29 85 111 34 67 16 31 36 32 65 14 112 63 35 42 76 98 46 102 64 65 80 59 118 20 36 53 40 72 29 30 35 25 38 0 76 116 
62 99 133 89 136 38 98 61 62 89 66 107 31 69 87 138 66 117 18 83 67 111 61 134 32 123 64 78 75 43 62 148 106 47 66 92 51 76 0 76 
109 116 90 107 122 58 113 50 110 143 82 133 57 118 20 160 83 157 94 32 74 65 53 143 45 129 22 102 87 63 77 166 139 91 83 140 77 116 76 0 
0 0 2546 44 119 185 0 0 0 0 3193 362 0 0 16913 15 21231 7 0 37994 0 5206 0 0 1608 0 779 0 56 297 0 8898 0 15 0 6 2628 62943 624 1345 
0 0 0 7 0 6174 0 2 0 184 0 746 1493 0 0 0 0 0 77679 0 98064 67204 175 0 1 68 0 0 69 0 0 0 5 0 2625 12115 0 1 20 18310 
2546 0 0 29 8 0 0 0 0 1018 3509 40987 1960 0 2 0 883 0 0 0 0 0 0 0 0 0 13217 0 1 0 215 0 0 2170 2216 0 10 0 50583 0 
44 7 29 0 4266 0 0 370 0 354 175 0 0 0 0 0 0 0 0 0 2 0 0 0 0 0 0 1 177 0 3 0 0 70860 0 0 3 1623 0 0 
119 0 8 4266 0 0 5163 229 1 449 0 0 51419 221 0 0 0 0 0 0 0 0 299 92683 4 0 0 0 0 0 0 6876 0 0 0 14356 0 7708 19162 0 
185 6174 0 0 0 0 0 18283 0 0 96185 389 44 0 4671 8 22 0 645 0 1377 0 42345 0 0 0 8 110 0 0 0 211 0 4 13 0 310 11797 2 0 
0 0 0 0 5163 0 0 0 2868 0 0 870 0 0 1069 0 0 138 62 932 167 5780 22651 3 0 0 0 0 0 0 0 0 0 0 0 0 0 0 4 1863 
0 2 0 370 229 18283 0 0 0 35 34 2 0 0 3430 0 1 165 0 33538 5 12581 3698 0 8 14247 0 3 24 0 0 0 0 0 0 91831 0 0 0 782 
0 0 0 0 1 0 2868 0 0 0 0 1052 0 2 0 0 3 0 0 0 0 0 0 9233 26 59456 796 106 16424 159 0 34633 3928 0 0 0 0 0 0 80 
0 184 1018 354 449 0 0 35 0 0 8525 1550 0 17619 0 0 0 0 30039 21 0 16904 1 0 99 1 429 0 633 2 0 44 0 0 29 34 80582 0 0 0 
3193 0 3509 175 0 96185 0 34 0 8525 0 236 0 98969 0 0 0 29489 937 0 17100 13 1 0 0 0 0 1317 0 9 0 0 0 0 0 1332 13513 1682 3658 0 
362 746 40987 0 0 389 870 2 1052 1550 236 0 3 0 56035 0 0 6 72 0 287 92921 48 10119 8 18 0 6 834 0 0 62 48 0 0 29884 0 0 56 2 
0 1493 1960 0 51419 44 0 0 0 0 0 3 0 0 0 10 0 0 87 0 0 34 0 799 5 0 0 0 0 13496 0 1 2287 77214 2110 33133 51289 248 31 0 
0 0 0 0 221 0 0 0 2 17619 98969 0 0 0 4 0 0 14950 17 499 3 4259 0 629 794 30349 31 0 0 0 0 0 0 0 0 1371 14454 0 0 1 
16913 0 2 0 0 4671 1069 3430 0 0 0 56035 0 4 0 0 710 0 9 0 1 713 70420 138 0 114 7 0 875 63 0 0 41 21 0 148 0 0 0 0 
15 0 0 0 0 8 0 0 0 0 0 0 10 0 0 0 0 0 412 0 85 1857 3 0 469 0 54 0 953 0 0 0 0 5781 1 0 0 0 0 3 
21231 0 883 0 0 22 0 1 3 0 0 0 0 0 710 0 0 518 33 0 3 2 1253 17139 1 0 0 43194 0 0 4 0 5 44855 0 34 3 7 65251 0 
7 0 0 0 0 0 138 165 0 0 29489 6 0 14950 0 0 518 0 0 23661 0 0 0 25 2767 114 61 0 0 48 3004 8218 306 0 0 0 0 481 0 0 
0 77679 0 0 0 645 62 0 0 30039 937 72 87 17 9 412 33 0 0 1 0 57 0 2933 0 0 2 0 16 0 0 2810 2596 0 0 0 0 0 34 2954 
37994 0 0 0 0 0 932 33538 0 21 0 0 0 499 0 0 0 23661 1 0 78011 96 0 0 0 0 0 2 119 9 0 0 0 0 0 7687 0 0 0 3086 
0 98064 0 2 0 1377 167 5 0 0 17100 287 0 3 1 85 3 0 0 78011 0 0 1227 0 2 2067 166 0 0 0 300 0 143 0 0 0 2000 346 15 0 
5206 67204 0 0 0 0 5780 12581 0 16904 13 92921 34 4259 713 1857 2 0 57 96 0 0 0 908 0 0 773 0 63734 1 856 0 96259 514 0 1017 1 34278 0 0 
0 175 0 0 299 42345 22651 3698 0 1 1 48 0 0 70420 3 1253 0 0 0 1227 0 0 0 0 0 151 21881 0 0 0 0 1 3 0 2476 53 74 24934 31291 
0 0 0 0 92683 0 3 0 9233 0 0 10119 799 629 138 0 17139 25 2933 0 0 908 0 0 0 0 10 3 2935 1937 0 42142 1801 24 0 2 12 1500 0 1 
1608 1 0 0 4 0 0 8 26 99 0 8 5 794 0 469 1 2767 0 0 2 0 0 0 0 0 618 0 1779 476 13 3 0 0 0 17 1 3 2887 0 
0 68 0 0 0 0 0 14247 59456 1 0 18 0 30349 114 0 0 114 0 0 2067 0 0 0 0 0 0 106 0 2429 0 0 0 539 107 1463 0 0 1393 0 
779 0 13217 0 0 8 0 0 796 429 0 0 0 31 7 54 0 61 2 0 166 773 151 10 618 0 0 0 821 0 0 101 7954 762 0 233 11 0 0 9 
0 0 0 1 0 110 0 3 106 0 1317 6 0 0 0 0 43194 0 0 2 0 0 21881 3 0 106 0 0 4508 4 3 1 13716 646 0 23082 9920 0 0 2859 
56 69 1 177 0 0 0 24 16424 633 0 834 0 0 875 953 0 0 16 119 0 63734 0 2935 1779 0 821 4508 0 0 2089 8 62240 0 33950 0 0 0 4 0 
297 0 0 0 0 0 0 0 159 2 9 0 13496 0 63 0 0 48 0 9 0 1 0 1937 476 2429 0 4 0 0 1420 0 0 0 0 0 23154 0 0 0 
0 0 215 3 0 0 0 0 0 0 0 0 0 0 0 0 4 3004 0 0 300 856 0 0 13 0 0 3 2089 1420 0 0 2 2 0 0 9 6 26032 0 
8898 0 0 0 6876 211 0 0 34633 44 0 62 1 0 0 0 0 8218 2810 0 0 0 0 42142 3 0 101 1 8 0 0 0 1548 35167 6296 45 0 0 40628 0 
0 5 0 0 0 0 0 0 3928 0 0 48 2287 0 41 0 5 306 2596 0 143 96259 1 1801 0 0 7954 13716 62240 0 2 1548 0 40527 48 234 39690 15 0 0 
15 0 2170 70860 0 4 0 0 0 0 0 0 77214 0 21 5781 44855 0 0 0 0 514 3 24 0 539 762 646 0 0 2 35167 40527 0 15022 3 0 0 2 0 
0 2625 2216 0 0 13 0 0 0 29 0 0 2110 0 0 1 0 0 0 0 0 0 0 0 0 107 0 0 33950 0 0 6296 48 15022 0 0 0 3933 4285 505 
6 12115 0 0 14356 0 0 91831 0 34 1332 29884 33133 1371 148 0 34 0 0 7687 0 1017 2476 2 17 1463 233 23082 0 0 0 45 234 3 0 0 13040 0 24 1135 
2628 0 10 3 0 310 0 0 0 80582 13513 0 51289 14454 0 0 3 0 0 0 2000 1 53 12 1 0 11 9920 0 23154 9 0 39690 0 0 13040 0 0 0 0 
62943 1 0 1623 7708 11797 0 0 0 0 1682 0 248 0 0 0 7 481 0 0 346 34278 74 1500 3 0 0 0 0 0 6 0 15 0 3933 0 0 0 0 0 
624 20 50583 0 19162 2 4 0 0 0 3658 56 31 0 0 0 65251 0 34 0 15 0 24934 0 2887 1393 0 0 4 0 26032 40628 0 2 4285 24 0 0 0 0 
1345 18310 0 0 0 0 1863 782 80 0 0 2 0 1 0 3 0 0 2954 3086 0 0 31291 1 0 0 9 2859 0 0 0 0 0 0 505 1135 0 0 0 0 
0 0 0 0 0 1733 2212 0 0 0 0 6585 18045 541 2697 8 0 1 0 50593 5669 0 13 22113 629 0 1281 0 1611 0 468 3371 63 0 0 0 1 12384 1 1 
0 0 8934 19 0 0 16819 2507 21935 58 37 76294 1002 0 0 0 0 107 0 0 10285 6 1787 0 0 3 0 0 0 0 0 0 0 40606 18660 67324 32448 0 11 0 
0 8934 0 11 429 1262 9330 4 0 0 1 0 165 5 0 0 0 0 0 10 0 36032 15 5 0 0 75 0 0 0 24272 458 224 38891 78167 14124 0 4 0 0 
0 19 11 0 0 0 10179 0 0 120 0 19927 359 0 0 0 196 0 0 29 90329 1716 0 24037 1202 0 0 7 4339 6427 273 12377 10 134 0 2 202 138 8 0 
0 0 429 0 0 67 22863 2 686 0 2 0 2919 49083 0 692 4869 783 0 0 0 0 0 51 23358 4 3730 295 0 26 20 1346 67 0 0 1 0 0 0 42920 
1733 0 1262 0 67 0 0 39 0 0 0 0 0 6276 0 22773 11 0 70 671 49 7442 0 6 0 3807 33678 0 1589 3 0 0 596 34 0 0 0 0 25 2286 
2212 16819 9330 10179 22863 0 0 1 4 0 6104 0 0 32300 0 4 0 12 0 2 0 0 26745 0 6247 6 0 57204 0 0 1019 0 0 0 10 0 10525 0 0 0 
0 2507 4 0 2 39 1 0 3 475 93187 1966 0 1587 25 19 4 856 0 172 2 30204 7 7167 12417 7 0 3322 1 0 1 1703 136 0 0 48 0 0 0 0 
0 21935 0 0 686 0 4 3 0 3 0 0 0 621 0 85264 0 55 1 465 0 0 0 2963 40 0 0 0 0 0 3384 4 0 1523 0 0 59 34145 0 0 
0 58 0 120 0 0 0 475 3 0 332 1 0 260 0 3 51 0 3 807 0 0 0 0 409 0 0 139 5 0 0 0 0 15 4 12434 34 6162 48 0 
0 37 1 0 2 0 6104 93187 0 332 0 7 26 0 28 5 20 47084 0 0 0 26007 42501 191 0 7200 7947 1 17 12 0 0 0 874 0 4253 1 20 0 21083 
6585 76294 0 19927 0 0 0 1966 0 1 7 0 0 0 0 1586 0 30 2 3 1903 18 34824 0 30 769 0 63 18004 0 0 8846 89 215 1478 247 0 0 0 0 
18045 1002 165 359 2919 0 0 0 0 0 26 0 0 4212 0 0 0 0 0 69116 4 2 403 0 0 1 4 0 798 0 22 43528 1694 4 23790 1095 45 7333 1075 23 
541 0 5 0 49083 6276 32300 1587 621 260 0 0 4212 0 0 0 13352 0 2476 0 153 0 29 16276 5 39237 0 0 0 683 19 171 821 0 0 1 0 3 17484 1 
2697 0 0 0 0 0 0 25 0 0 28 0 0 0 0 6325 192 1779 0 0 92298 0 49086 40 0 0 1063 31934 0 2452 63237 0 0 0 0 0 6 0 67832 637 
8 0 0 0 692 22773 4 19 85264 3 5 1586 0 0 6325 0 0 0 2438 27983 2 0 0 0 53 45 258 0 46 45421 0 1 0 0 0 12689 0 0 0 0 
0 0 0 196 4869 11 0 4 0 51 20 0 0 13352 192 0 0 0 0 0 0 52 3 2 0 0 0 0 3 1571 1 0 2340 49 0 0 19 0 0 33 
1 107 0 0 783 0 12 856 55 0 47084 30 0 0 1779 0 0 0 0 0 204 0 260 704 21614 0 0 0 406 0 441 0 2534 5564 7731 1 31632 488 0 18 
0 0 0 0 0 70 0 0 1 3 0 2 0 2476 0 2438 0 0 0 10383 5 0 179 0 860 0 6388 0 20 86 13 0 1277 588 0 0 0 4 0 0 
50593 0 10 29 0 671 2 172 465 807 0 3 69116 0 0 27983 0 0 10383 0 671 3603 1004 0 1648 18 26 129 10286 26552 402 0 0 26 0 0 0 29 0 262 
5669 10285 0 90329 0 49 0 2 0 0 0 1903 4 153 92298 2 0 204 5 671 0 0 6 586 0 6493 0 0 2 223 18 9 52 210 331 20 0 0 0 140 
0 6 36032 1716 0 7442 0 30204 0 0 26007 18 2 0 0 0 52 0 0 3603 0 0 0 0 1 0 0 0 4052 0 0 0 19 24719 6 0 7 12200 1662 0 
13 1787 15 0 0 0 26745 7 0 0 42501 34824 403 29 49086 0 3 260 179 1004 6 0 0 0 0 0 4434 4 0 0 2 40 15246 0 0 0 0 0 0 3840 
22113 0 5 24037 51 6 0 7167 2963 0 191 0 0 16276 40 0 2 704 0 0 586 0 0 0 95 35 0 3693 4481 11690 46492 6345 0 0 0 3114 10199 0 1665 0 
629 0 0 1202 23358 0 6247 12417 40 409 0 30 0 5 0 53 0 21614 860 1648 0 1 0 95 0 73 0 0 0 0 0 61 36881 196 0 0 16 0 266 3851 
0 3 0 0 4 3807 6 7 0 0 7200 769 1 39237 0 45 0 0 0 18 6493 0 0 35 73 0 8263 111 529 845 0 0 37 1 543 0 0 586 0 8 
1281 0 75 0 3730 33678 0 0 0 0 7947 0 4 0 1063 258 0 0 6388 26 0 0 4434 0 0 8263 0 196 39398 41 0 0 0 419 65 0 0 0 0 79 
0 0 0 7 295 0 57204 3322 0 139 1 63 0 0 31934 0 0 0 0 129 0 0 4 3693 0 111 196 0 0 0 0 2 0 68452 0 0 1164 1935 0 1185 
1611 0 0 4339 0 1589 0 1 0 5 17 18004 798 0 0 46 3 406 20 10286 2 4052 0 4481 0 529 39398 0 0 0 0 0 3884 0 18037 18 0 7492 0 0 
0 0 0 6427 26 3 0 0 0 0 12 0 0 683 2452 45421 1571 0 86 26552 223 0 0 11690 0 845 41 0 0 0 7569 4455 2 0 0 13 31 1141 18 1668 
468 0 24272 273 20 0 1019 1 3384 0 0 0 22 19 63237 0 1 441 13 402 18 0 2 46492 0 0 0 0 0 7569 0 0 0 28258 4317 0 32017 0 4 0 
3371 0 458 12377 1346 0 0 1703 4 0 0 8846 43528 171 0 1 0 0 0 0 9 0 40 6345 61 0 0 2 0 4455 0 0 4 15 0 13 0 2100 6595 632 
63 0 224 10 67 596 0 136 0 0 0 89 1694 821 0 0 2340 2534 1277 0 52 19 15246 0 36881 37 0 0 3884 2 0 4 0 840 0 13 139 0 1 0 
0 40606 38891 134 0 34 0 0 1523 15 874 215 4 0 0 0 49 5564 588 26 210 24719 0 0 196 1 419 68452 0 0 28258 15 840 0 212 0 13773 0 0 0 
0 18660 78167 0 0 0 10 0 0 4 0 1478 23790 0 0 0 0 7731 0 0 331 6 0 0 0 543 65 0 18037 0 4317 0 0 212 0 0 0 56275 16 0 
0 67324 14124 2 1 0 0 48 0 12434 4253 247 1095 1 0 12689 0 1 0 0 20 0 0 3114 0 0 0 0 18 13 0 13 13 0 0 0 0 25 0 157 
1 32448 0 202 0 0 10525 0 59 34 1 0 45 0 6 0 19 31632 0 0 0 7 0 10199 16 0 0 1164 0 31 32017 0 139 13773 0 0 0 0 2 4 
12384 0 4 138 0 0 0 0 34145 6162 20 0 7333 3 0 0 0 488 4 29 0 12200 0 0 0 586 0 1935 7492 1141 0 2100 0 0 56275 25 0 0 18227 9 
1 11 0 8 0 25 0 0 0 48 0 0 1075 17484 67832 0 0 0 0 0 0 1662 0 1665 266 0 0 0 0 18 4 6595 1 0 16 0 2 18227 0 0 
1 0 0 0 42920 2286 0 0 0 0 21083 0 23 1 637 0 33 18 0 262 140 0 3840 0 3851 8 79 1185 0 1668 0 632 0 0 0 157 4 9 0 0 
0 5572 0 42103 0 0 0 0 0 2300 670 0 0 0 96522 3 68 12 0 1 0 5 0 12 11 0 70 0 1 0 0 0 0 4370 691 0 0 0 365 16729 
5572 0 0 0 0 0 0 43 4 0 0 2791 1269 9299 0 0 0 0 68242 5 0 0 0 0 23093 0 0 0 0 1 132 0 2 0 61 722 0 0 3 0 
0 0 0 24208 0 0 0 18109 0 11924 0 1 0 19857 0 2 0 0 123 1729 0 0 0 20474 85 1395 0 0 757 1 0 0 0 0 0 1014 1829 68 1 1476 
42103 0 24208 0 1 388 2 0 0 0 3 0 316 3968 259 188 12330 0 726 12 0 62253 19 0 1604 15 50370 0 59 0 259 0 0 202 125 0 0 0 7273 1045 
0 0 0 1 0 6 61682 0 0 0 0 0 10 0 0 553 1 9 88494 0 18 3531 0 7822 0 15887 8 237 0 3 4863 0 0 0 0 0 0 1 461 770 
0 0 0 388 6 0 1 294 0 33253 0 0 3 2 0 21537 0 0 2047 15 12 0 0 0 0 2906 0 2 0 11 0 0 0 0 78048 3 0 295 5 31 
0 0 0 2 61682 1 0 0 0 120 10 0 0 0 0 0 20 1 7759 0 9627 2 0 40 2171 0 34 33906 0 1 2 7 0 5345 0 3 0 0 84 0 
0 43 18109 0 0 294 0 0 8829 0 0 0 7 39 26820 95 0 20755 1144 0 10 0 287 2065 0 0 0 1 66 13806 0 53 0 56275 0 0 0 0 2191 0 
0 4 0 0 0 0 0 8829 0 59 0 19743 550 0 0 1 65 0 0 7690 1253 0 0 54 0 0 34 47 0 0 2 0 9184 0 81 0 329 6 3 0 
2300 0 11924 0 0 33253 120 0 59 0 0 0 3 0 0 0 0 2 0 0 0 0 0 1539 7 0 12 0 3 48 0 0 346 424 0 1662 0 0 575 5 
670 0 0 3 0 0 10 0 0 0 0 0 70 0 0 10637 8009 0 0 0 0 653 1109 0 92 4 337 34754 0 0 0 0 0 7 230 74277 0 0 68766 1 
0 2791 1 0 0 0 0 0 19743 0 0 0 0 199 0 0 58 40845 0 0 102 0 9050 0 28220 17 0 0 0 0 0 31 18 0 6 0 0 44789 0 164 
0 1269 0 316 10 3 0 7 550 3 70 0 0 17944 0 53784 0 149 0 0 0 479 9200 4012 103 1613 2 1 10433 4 0 0 0 0 0 0 111 3841 777 29 
0 9299 19857 3968 0 2 0 39 0 0 0 199 17944 0 34998 3678 1 0 0 0 2075 0 0 65 423 0 16114 23447 0 0 10 548 0 441 4 0 0 1972 0 393 
96522 0 0 259 0 0 0 26820 0 0 0 0 0 34998 0 6062 0 33 0 37 0 48 0 185 0 0 0 0 379 0 30 0 0 16614 31 2 9929 0 0 72 
3 0 2 188 553 21537 0 95 1 0 10637 0 53784 3678 6062 0 2 0 42 56581 0 14 1283 2 10 27712 0 0 3509 56128 387 1373 42450 4176 0 568 0 34 0 0 
68 0 0 12330 1 0 20 0 65 0 8009 58 0 1 0 2 0 0 28792 17313 0 0 55 93 354 4690 0 3 0 0 74 72 19155 135 85318 0 1298 189 0 574 
12 0 0 0 9 0 1 20755 0 2 0 40845 149 0 33 0 0 0 0 24337 0 28032 0 26 0 1303 20062 0 0 0 0 0 0 3 0 8 42203 0 2535 6 
0 68242 123 726 88494 2047 7759 1144 0 0 0 0 0 0 0 42 28792 0 0 121 0 441 0 0 3 0 0 20284 0 6287 964 33857 10 0 61742 7485 0 0 19 0 
1 5 1729 12 0 15 0 0 7690 0 0 0 0 0 37 56581 17313 24337 121 0 43357 0 69536 1179 0 2 0 1166 10707 2949 0 0 272 0 0 0 33 0 0 566 
0 0 0 0 18 12 9627 10 1253 0 0 102 0 2075 0 0 0 0 0 43357 0 0 1929 23 0 7 0 198 0 0 28736 0 0 4186 0 0 9772 79 53 344 
5 0 0 62253 3531 0 2 0 0 0 653 0 479 0 48 14 0 28032 441 0 0 0 0 0 0 0 0 0 0 2819 0 0 168 2 0 0 0 5 0 0 
0 0 0 19 0 0 0 287 0 0 1109 9050 9200 0 0 1283 55 0 0 69536 1929 0 0 5 48 0 17 142 8631 0 31 0 0 0 0 54 0 69062 0 21 
12 0 20474 0 7822 0 40 2065 54 1539 0 0 4012 65 185 2 93 26 0 1179 23 0 5 0 0 14 72451 2502 25896 0 0 0 0 0 0 1 17930 0 0 34 
11 23093 85 1604 0 0 2171 0 0 7 92 28220 103 423 0 10 354 0 3 0 0 0 48 0 0 0 44031 0 0 68405 29 0 0 49503 0 1 2 19 3231 0 
0 0 1395 15 15887 2906 0 0 0 0 4 17 1613 0 0 27712 4690 1303 0 2 7 0 0 14 0 0 0 0 0 3 0 0 161 0 0 0 0 0 0 0 
70 0 0 50370 8 0 34 0 34 12 337 0 2 16114 0 0 0 20062 0 0 0 0 17 72451 44031 0 0 0 0 0 40 0 6581 13959 34 208 11 0 39888 0 
0 0 0 0 237 2 33906 1 47 0 34754 0 1 23447 0 0 3 0 20284 1166 198 0 142 2502 0 0 0 0 0 4752 68 0 4 211 0 0 1171 0 2848 0 
1 0 757 59 0 0 0 66 0 3 0 0 10433 0 379 3509 0 0 0 10707 0 0 8631 25896 0 0 0 0 0 0 0 0 0 0 0 1 113 0 0 0 
0 1 1 0 3 11 1 13806 0 48 0 0 4 0 0 56128 0 0 6287 2949 0 2819 0 0 68405 3 0 4752 0 0 0 0 0 0 143 20 349 67450 0 85 
0 132 0 259 4863 0 2 0 2 0 0 0 0 10 30 387 74 0 964 0 28736 0 31 0 29 0 40 68 0 0 0 0 16 0 0 0 0 23092 5834 0 
0 0 0 0 0 0 7 53 0 0 0 31 0 548 0 1373 72 0 33857 0 0 0 0 0 0 0 0 0 0 0 0 0 0 70 10 0 0 0 4 0 
0 2 0 0 0 0 0 0 9184 346 0 18 0 0 0 42450 19155 0 10 272 0 168 0 0 0 161 6581 4 0 0 16 0 0 17419 1 116 3 0 0 24 
4370 0 0 202 0 0 5345 56275 0 424 7 0 0 441 16614 4176 135 3 0 0 4186 2 0 0 49503 0 13959 211 0 0 0 70 17419 0 0 3 0 0 0 251 
691 61 0 125 0 78048 0 0 81 0 230 6 0 4 31 0 85318 0 61742 0 0 0 0 0 0 0 34 0 0 143 0 10 1 0 0 2 110 3184 1644 0 
0 722 1014 0 0 3 3 0 0 1662 74277 0 0 0 2 568 0 8 7485 0 0 0 54 1 1 0 208 0 1 20 0 0 116 3 2 0 32949 0 0 164 
0 0 1829 0 0 0 0 0 329 0 0 0 111 0 9929 0 1298 42203 0 33 9772 0 0 17930 2 0 11 1171 113 349 0 0 3 0 110 32949 0 243 0 455 
0 0 68 0 1 295 0 0 6 0 0 44789 3841 1972 0 34 189 0 0 0 79 5 69062 0 19 0 0 0 0 67450 23092 0 0 0 3184 0 243 0 3 0 
365 3 1 7273 461 5 84 2191 3 575 68766 0 777 0 0 0 0 2535 19 0 53 0 0 0 3231 0 39888 2848 0 0 5834 4 0 0 1644 0 0 3 0 63718 
16729 0 1476 1045 770 31 0 0 0 5 1 164 29 393 72 0 574 6 0 566 344 0 21 34 0 0 0 0 0 85 0 0 24 251 0 164 455 0 63718 0 
