20 3
0 59 64 103 62 95 95 48 90 88 90 112 64 139 74 53 26 148 87 89 
59 0 70 49 40 62 36 46 31 30 43 69 27 80 26 37 59 91 39 30 
64 70 0 118 33 51 89 98 88 95 64 73 48 126 97 33 87 124 64 86 
103 49 118 0 85 94 38 68 34 23 68 88 69 56 28 85 93 77 65 36 
62 40 33 85 0 33 56 78 55 62 34 51 15 94 66 8 77 96 33 53 
95 62 51 94 33 0 57 107 59 71 25 22 37 82 84 42 110 75 28 57 
95 36 89 38 56 57 0 77 6 17 31 50 41 44 39 58 95 55 29 6 
48 46 98 68 78 107 77 0 71 63 90 115 69 117 41 71 27 133 86 71 
90 31 88 34 55 59 6 71 0 12 34 55 39 49 33 57 89 61 31 2 
88 30 95 23 62 71 17 63 12 0 46 67 46 53 23 63 84 69 43 14 
90 43 64 68 34 25 31 90 34 46 0 25 25 61 61 41 99 61 3 32 
112 69 73 88 51 22 50 115 55 67 25 0 49 63 86 60 123 54 29 53 
64 27 48 69 15 37 41 69 39 46 25 49 0 81 52 17 74 86 23 37 
139 80 126 56 94 82 44 117 49 53 61 63 81 0 75 99 137 23 62 50 
74 26 97 28 66 84 39 41 33 23 61 86 52 75 0 64 65 92 58 34 
53 37 33 85 8 42 58 71 57 63 41 60 17 99 64 0 69 102 39 55 
26 59 87 93 77 110 95 27 89 84 99 123 74 137 65 69 0 150 95 88 
148 91 124 77 96 75 55 133 61 69 61 54 86 23 92 102 150 0 63 62 
87 39 64 65 33 28 29 86 31 43 3 29 23 62 58 39 95 63 0 29 
89 30 86 36 53 57 6 71 2 14 32 53 37 50 34 55 88 62 29 0 
0 1 285 0 0 0 54 1 0 0 5273 0 350 6136 0 140 0 0 433 3 
1 0 3 0 4 0 7 0 0 0 30328 0 0 0 0 0 0 0 123 0 
285 3 0 0 0 14752 4 0 31527 28 1 1105 4 20 0 0 9797 2 0 0 
0 0 0 0 0 0 5234 193 2 0 0 550 9 11266 0 0 275 48 16783 0 
0 4 0 0 0 41 63 2 0 0 0 2234 991 1750 6035 181 0 886 3796 14627 
0 0 14752 0 41 0 2599 6181 5 2 0 0 15 0 0 1429 446 38923 27 0 
54 7 4 5234 63 2599 0 1 7 397 0 0 18 5039 0 157 0 65 4 0 
1 0 0 193 2 6181 1 0 0 0 48387 165 127 23 0 5 0 0 6 206 
0 0 31527 2 0 5 7 0 0 0 2844 0 0 549 0 104 0 0 10112 249 
0 0 28 0 0 2 397 0 0 0 0 22303 91706 0 9127 12707 0 28 154 44 
5273 30328 1 0 0 0 0 48387 2844 0 0 6 7398 0 0 42 7805 0 0 0 
0 0 1105 550 2234 0 0 165 0 22303 6 0 231 17365 0 76 0 289 0 0 
350 0 4 9 991 15 18 127 0 91706 7398 231 0 681 0 0 20 4519 0 2 
6136 0 20 11266 1750 0 5039 23 549 0 0 17365 681 0 850 81 32 35 80213 0 
0 0 0 0 6035 0 0 0 0 9127 0 0 0 850 0 0 0 0 13009 0 
140 0 0 0 181 1429 157 5 104 12707 42 76 0 81 0 0 1 0 2 0 
0 0 9797 275 0 446 0 0 0 0 7805 0 20 32 0 1 0 0 1227 243 
0 0 2 48 886 38923 65 0 0 28 0 289 4519 35 0 0 0 0 12015 0 
433 123 0 16783 3796 27 4 6 10112 154 0 0 0 80213 13009 2 1227 12015 0 0 
3 0 0 0 14627 0 0 206 249 44 0 0 2 0 0 0 243 0 0 0 
0 904 12 0 8105 1814 0 0 58 801 6 0 35196 401 4 176 3009 0 6879 0 
904 0 198 1 0 0 0 22 0 38 0 0 6655 0 0 145 0 393 0 0 
12 198 0 0 12 0 0 0 0 0 0 2076 0 0 0 19795 39896 87216 7508 102 
0 1 0 0 0 0 0 65044 9784 49964 1 0 0 0 0 0 0 10209 0 0 
8105 0 12 0 0 0 0 0 1 125 0 0 0 693 15 0 0 472 69715 81 
1814 0 0 0 0 0 6 0 1362 11 3343 958 5639 0 148 0 2380 7779 907 0 
0 0 0 0 0 6 0 0 46 0 0 117 0 1890 31328 33 2307 49 0 44992 
0 22 0 65044 0 0 0 0 2522 1618 22 11 34 59 760 17 5 95125 59 0 
58 0 0 9784 1 1362 46 2522 0 3606 15333 65 69399 0 3059 42922 0 448 0 5485 
801 38 0 49964 125 11 0 1618 3606 0 0 452 0 88 62 3 3 0 9 66 
6 0 0 1 0 3343 0 22 15333 0 0 0 0 722 0 0 0 0 0 0 
0 0 2076 0 0 958 117 11 65 452 0 0 27 0 26 0 0 0 0 46548 
35196 6655 0 0 0 5639 0 34 69399 0 0 27 0 14656 0 5 0 0 23 156 
401 0 0 0 693 0 1890 59 0 88 722 0 14656 0 647 1 1290 0 0 0 
4 0 0 0 15 148 31328 760 3059 62 0 26 0 647 0 388 11591 276 1500 0 
176 145 19795 0 0 0 33 17 42922 3 0 0 5 1 388 0 21 1 59 101 
3009 0 39896 0 0 2380 2307 5 0 3 0 0 0 1290 11591 21 0 0 116 52 
0 393 87216 10209 472 7779 49 95125 448 0 0 0 0 0 276 1 0 0 1 59803 
6879 0 7508 0 69715 907 0 59 0 9 0 0 23 0 1500 59 116 1 0 0 
0 0 102 0 81 0 44992 0 5485 66 0 46548 156 0 0 101 52 59803 0 0 
0 0 0 0 57 0 256 0 1 8 17 3 0 1146 6 0 0 38602 139 0 
0 0 0 0 0 0 0 544 0 0 0 45786 0 0 9109 0 15282 0 1358 0 
0 0 0 0 0 0 1075 4551 53068 0 14553 0 0 598 14 0 0 3 0 0 
0 0 0 0 4446 711 11 0 0 80 23094 0 0 401 0 0 0 136 0 91972 
57 0 0 4446 0 49 0 0 0 0 0 7 0 0 0 0 910 0 0 478 
0 0 0 711 49 0 0 0 10 439 1561 0 168 0 7 0 0 11972 12 3 
256 0 1075 11 0 0 0 0 442 0 0 17 0 0 0 0 4 5692 15089 26286 
0 544 4551 0 0 0 0 0 0 13 0 0 832 0 0 0 100 589 0 45 
1 0 53068 0 0 10 442 0 0 0 0 2407 2841 2 8525 4204 1996 0 245 0 
8 0 0 80 0 439 0 13 0 0 10805 0 0 24734 350 34 0 21710 0 0 
17 0 14553 23094 0 1561 0 0 0 10805 0 0 73 0 0 1 23544 72447 10 0 
3 45786 0 0 7 0 17 0 2407 0 0 0 76 325 0 75 1 51 23 11 
0 0 0 0 0 168 0 832 2841 0 73 76 0 405 0 0 0 0 500 85907 
1146 0 598 401 0 0 0 0 2 24734 0 325 405 0 5878 139 0 71819 58120 0 
6 9109 14 0 0 7 0 0 8525 350 0 0 0 5878 0 26 0 8 5254 0 
0 0 0 0 0 0 0 0 4204 34 1 75 0 139 26 0 0 0 0 0 
0 15282 0 0 910 0 4 100 1996 0 23544 1 0 0 0 0 0 0 14310 14 
38602 0 3 136 0 11972 5692 589 0 21710 72447 51 0 71819 8 0 0 0 1 1 
139 1358 0 0 0 12 15089 0 245 0 10 23 500 58120 5254 0 14310 1 0 129 
0 0 0 91972 478 3 26286 45 0 0 0 11 85907 0 0 0 14 1 129 0 
