9 4
0 46 118 40 96 98 46 64 2 
46 0 88 10 53 127 3 66 48 
118 88 0 85 53 137 85 71 120 
40 10 85 0 56 117 8 56 42 
96 53 53 56 0 154 51 82 98 
98 127 137 117 154 0 125 72 99 
46 3 85 8 51 125 0 63 48 
64 66 71 56 82 72 63 0 66 
2 48 120 42 98 99 48 66 0 
0 0 1316 6 0 0 0 967 0 
0 0 2 0 23068 0 137 743 44 
1316 2 0 69 0 16588 0 11 14534 
6 0 69 0 406 0 147 236 1 
0 23068 0 406 0 0 1534 58 0 
0 0 16588 0 0 0 43564 4538 0 
0 137 0 147 1534 43564 0 24670 0 
967 743 11 236 58 4538 24670 0 0 
0 44 14534 1 0 0 0 0 0 
0 0 0 0 4 1193 13 0 0 
0 0 2684 0 0 4456 0 0 0 
0 2684 0 0 1343 0 0 0 902 
0 0 0 0 0 3 0 12 16 
4 0 1343 0 0 0 0 0 1 
1193 4456 0 3 0 0 5 0 1 
13 0 0 0 0 5 0 0 405 
0 0 0 12 0 0 0 0 0 
0 0 902 16 1 1 405 0 0 
0 14 0 0 87598 2 6874 0 9113 
14 0 222 2146 0 247 27 0 0 
0 222 0 0 0 0 0 0 0 
0 2146 0 0 0 13075 0 0 0 
87598 0 0 0 0 1031 0 0 1162 
2 247 0 13075 1031 0 0 301 0 
6874 27 0 0 0 0 0 0 6 
0 0 0 0 0 301 0 0 54 
9113 0 0 0 1162 0 6 54 0 
0 142 0 0 2 1 2035 0 67752 
142 0 0 325 0 458 79708 0 0 
0 0 0 0 1 0 0 0 393 
0 325 0 0 0 0 0 0 0 
2 0 1 0 0 14 33648 5 59178 
1 458 0 0 14 0 0 0 0 
2035 79708 0 0 33648 0 0 0 3041 
0 0 0 0 5 0 0 0 12 
67752 0 393 0 59178 0 3041 12 0 
