10 2
0 123 17 72 89 90 77 84 122 70 
123 0 116 51 121 48 96 115 59 63 
17 116 0 64 101 90 86 66 108 71 
72 51 64 0 97 39 71 77 62 33 
89 121 101 97 0 73 26 158 158 64 
90 48 90 39 73 0 47 116 91 20 
77 96 86 71 26 47 0 136 132 38 
84 115 66 77 158 116 136 0 73 105 
122 59 108 62 158 91 132 73 0 94 
70 63 71 33 64 20 38 105 94 0 
0 79 0 0 0 2 0 0 0 1604 
79 0 0 0 0 0 0 2318 7226 132 
0 0 0 0 0 0 28 10 0 0 
0 0 0 0 16 0 0 0 0 0 
0 0 0 16 0 0 0 0 0 0 
2 0 0 0 0 0 0 0 38 0 
0 0 28 0 0 0 0 0 2 0 
0 2318 10 0 0 0 0 0 0 0 
0 7226 0 0 0 38 2 0 0 0 
1604 132 0 0 0 0 0 0 0 0 
0 0 30358 56 130 0 10 93049 1 0 
0 0 1 2763 24 276 0 0 0 0 
30358 1 0 87520 35 23307 0 0 15 27 
56 2763 87520 0 0 1177 0 722 6 402 
130 24 35 0 0 66562 25301 2463 1709 0 
0 276 23307 1177 66562 0 19 47215 0 7765 
10 0 0 0 25301 19 0 14 0 4217 
93049 0 0 722 2463 47215 14 0 95 409 
1 0 15 6 1709 0 0 95 0 18 
0 0 27 402 0 7765 4217 409 18 0 
