15 3
0 59 64 103 62 95 95 48 90 88 90 112 64 139 74 
59 0 70 49 40 62 36 46 31 30 43 69 27 80 26 
64 70 0 118 33 51 89 98 88 95 64 73 48 126 97 
103 49 118 0 85 94 38 68 34 23 68 88 69 56 28 
62 40 33 85 0 33 56 78 55 62 34 51 15 94 66 
95 62 51 94 33 0 57 107 59 71 25 22 37 82 84 
95 36 89 38 56 57 0 77 6 17 31 50 41 44 39 
48 46 98 68 78 107 77 0 71 63 90 115 69 117 41 
90 31 88 34 55 59 6 71 0 12 34 55 39 49 33 
88 30 95 23 62 71 17 63 12 0 46 67 46 53 23 
90 43 64 68 34 25 31 90 34 46 0 25 25 61 61 
112 69 73 88 51 22 50 115 55 67 25 0 49 63 86 
64 27 48 69 15 37 41 69 39 46 25 49 0 81 52 
139 80 126 56 94 82 44 117 49 53 61 63 81 0 75 
74 26 97 28 66 84 39 41 33 23 61 86 52 75 0 
0 0 0 0 0 0 0 29 1 0 69399 62 11637 0 0 
0 0 0 2 0 0 73 1 0 1 0 24734 2582 0 16 
0 0 0 0 0 0 0 0 0 0 0 0 145 64 3796 
0 2 0 0 9 25 0 801 8 0 16 14 0 0 0 
0 0 0 9 0 0 0 28 0 0 0 8 51 0 0 
0 0 0 25 0 0 0 0 0 0 77589 0 15 0 0 
0 73 0 0 0 0 0 41 152 0 0 0 0 0 14 
29 1 0 801 28 0 41 0 15333 0 396 0 0 0 0 
1 0 0 8 0 0 152 15333 0 132 1051 0 92567 49 0 
0 1 0 0 0 0 0 0 132 0 0 0 4 0 0 
69399 0 0 16 0 77589 0 396 1051 0 0 0 0 0 3429 
62 24734 0 14 8 0 0 0 0 0 0 0 14731 0 0 
11637 2582 145 0 51 15 0 0 92567 4 0 14731 0 13128 3 
0 0 64 0 0 0 0 0 49 0 0 0 13128 0 66 
0 16 3796 0 0 0 14 0 0 0 3429 0 3 66 0 
0 19 109 2079 823 4859 129 0 0 587 0 0 0 1 3729 
19 0 19 0 0 3483 0 0 8 0 15684 0 0 9 0 
109 19 0 42 5205 33 124 5 1 30634 70 2809 0 0 0 
2079 0 42 0 0 0 3609 0 0 704 0 0 6039 99381 36167 
823 0 5205 0 0 6 2626 0 16 308 960 0 0 3033 36069 
4859 3483 33 0 6 0 1 5008 2444 25969 0 11 0 9 1 
129 0 124 3609 2626 1 0 0 0 418 9 1 1628 2195 0 
0 0 5 0 0 5008 0 0 0 14 0 39934 0 31952 34662 
0 8 1 0 16 2444 0 0 0 0 0 5925 0 0 3144 
587 0 30634 704 308 25969 418 14 0 0 1522 259 0 18921 1862 
0 15684 70 0 960 0 9 0 0 1522 0 15 20294 27 0 
0 0 2809 0 0 11 1 39934 5925 259 15 0 0 368 252 
0 0 0 6039 0 0 1628 0 0 0 20294 0 0 0 5 
1 9 0 99381 3033 9 2195 31952 0 18921 27 368 0 0 0 
3729 0 0 36167 36069 1 0 34662 3144 1862 0 252 5 0 0 
0 9 11 2 7 228 7 0 0 1860 0 0 0 8240 389 
9 0 48384 0 240 2608 0 0 3408 0 4810 0 0 32 0 
11 48384 0 18 7764 960 2667 535 1568 47 201 1855 0 4 0 
2 0 18 0 0 0 4 0 0 22148 0 0 38 53 13469 
7 240 7764 0 0 1855 617 2 220 6 16197 1 0 1335 24 
228 2608 960 0 1855 0 1 3727 14249 12626 0 82 0 77 32 
7 0 2667 4 617 1 0 0 0 3093 70069 288 2 2203 0 
0 0 535 0 2 3727 0 0 0 15 0 624 97430 0 760 
0 3408 1568 0 220 14249 0 0 0 0 0 1230 0 0 32793 
1860 0 47 22148 6 12626 3093 15 0 0 3843 0 0 806 10 
0 4810 201 0 16197 0 70069 0 0 3843 0 3775 25812 439 0 
0 0 1855 0 1 82 288 624 1230 0 3775 0 0 113 4881 
0 0 0 38 0 0 2 97430 0 0 25812 0 0 0 0 
8240 32 4 53 1335 77 2203 0 0 806 439 113 0 0 0 
389 0 0 13469 24 32 0 760 32793 10 0 4881 0 0 0 
