7 2
0 46 118 40 96 98 46 
46 0 88 10 53 127 3 
118 88 0 85 53 137 85 
40 10 85 0 56 117 8 
96 53 53 56 0 154 51 
98 127 137 117 154 0 125 
46 3 85 8 51 125 0 
0 142 2684 325 0 84 27 
142 0 24 0 0 0 0 
2684 24 0 0 224 0 33189 
325 0 0 0 4 0 3 
0 0 224 4 0 40 236 
84 0 0 0 40 0 4 
27 0 33189 3 236 4 0 
0 0 0 0 48995 0 3 
0 0 0 5 24018 1079 14032 
0 0 0 67941 0 982 0 
0 5 67941 0 0 0 0 
48995 24018 0 0 0 0 0 
0 1079 982 0 0 0 0 
3 14032 0 0 0 0 0 
