9 2
0 123 17 72 89 90 77 84 122 
123 0 116 51 121 48 96 115 59 
17 116 0 64 101 90 86 66 108 
72 51 64 0 97 39 71 77 62 
89 121 101 97 0 73 26 158 158 
90 48 90 39 73 0 47 116 91 
77 96 86 71 26 47 0 136 132 
84 115 66 77 158 116 136 0 73 
122 59 108 62 158 91 132 73 0 
0 116 0 0 0 0 0 43 72 
116 0 0 0 1346 245 84 0 52 
0 0 0 727 42 0 1206 15593 0 
0 0 727 0 64 0 0 0 0 
0 1346 42 64 0 14 344 892 9 
0 245 0 0 14 0 1 0 0 
0 84 1206 0 344 1 0 0 0 
43 0 15593 0 892 0 0 0 0 
72 52 0 0 9 0 0 0 0 
0 95 6 0 0 0 2 0 499 
95 0 0 1544 0 162 64137 6690 227 
6 0 0 0 1 0 0 267 41 
0 1544 0 0 0 9 13 46 7575 
0 0 1 0 0 55963 0 74 0 
0 162 0 9 55963 0 0 76 0 
2 64137 0 13 0 0 0 0 46 
0 6690 267 46 74 76 0 0 203 
499 227 41 7575 0 0 46 203 0 
