30 3
0 46 118 40 96 98 46 64 2 33 36 47 55 9 108 78 35 54 61 95 45 105 61 79 70 72 108 28 39 45 
46 0 88 10 53 127 3 66 48 60 37 19 78 48 107 43 36 50 104 90 43 84 63 35 92 25 124 21 29 63 
118 88 0 85 53 137 85 71 120 144 83 106 102 125 70 117 84 138 148 59 75 25 72 92 105 80 111 92 78 92 
40 10 85 0 56 117 8 56 42 59 26 26 68 43 98 54 26 55 95 82 33 79 53 44 82 34 114 12 19 52 
96 53 53 56 0 154 51 82 98 112 71 66 108 100 106 67 71 96 146 90 69 65 81 42 118 33 138 68 62 93 
98 127 137 117 154 0 125 72 99 127 90 138 49 106 75 170 91 153 52 79 87 112 73 161 36 148 37 107 99 64 
46 3 85 8 51 125 0 63 48 61 34 22 76 49 104 46 34 53 103 87 40 81 60 36 90 26 122 20 27 60 
64 66 71 56 82 72 63 0 66 97 32 83 30 73 44 110 33 107 76 31 23 50 3 95 36 81 59 52 37 22 
2 48 120 42 98 99 48 66 0 32 38 48 56 7 110 78 37 54 61 97 47 107 63 81 71 74 110 30 42 47 
33 60 144 59 112 127 61 97 32 0 67 48 88 24 142 71 66 34 83 128 77 134 94 83 103 82 141 52 68 79 
36 37 83 26 71 90 34 32 38 67 0 51 41 44 77 80 1 75 74 61 10 68 29 70 55 58 88 20 9 26 
47 19 106 26 66 138 22 83 48 48 51 0 90 45 125 31 50 31 108 109 59 103 80 35 105 34 140 31 46 76 
55 78 102 68 108 49 76 30 56 88 41 90 0 63 62 121 41 107 46 54 39 80 29 112 15 99 53 58 50 15 
9 48 125 43 100 106 49 73 7 24 44 45 63 0 117 75 43 47 66 104 53 112 70 79 79 73 117 33 47 54 
108 107 70 98 106 75 104 44 110 142 77 125 62 117 0 149 78 152 105 17 67 45 48 131 55 116 42 96 80 64 
78 43 117 54 67 170 46 110 78 71 80 31 121 75 149 0 80 40 140 132 87 120 107 25 135 36 168 62 73 106 
35 36 84 26 71 91 34 33 37 66 1 50 41 43 78 80 0 74 74 62 11 69 30 70 55 58 89 19 9 26 
54 50 138 55 96 153 53 107 54 34 75 31 107 47 152 40 74 0 113 136 84 134 104 59 123 63 160 55 72 95 
61 104 148 95 146 52 103 76 61 83 74 108 46 66 105 140 74 113 0 100 77 126 75 139 50 129 81 83 83 56 
95 90 59 82 90 79 87 31 97 128 61 109 54 104 17 132 62 136 100 0 52 34 34 114 51 99 52 81 64 52 
45 43 75 33 69 87 40 23 47 77 10 59 39 53 67 87 11 84 77 52 0 59 20 74 51 61 81 29 13 24 
105 84 25 79 65 112 81 50 107 134 68 103 80 112 45 120 69 134 126 34 59 0 51 98 81 84 86 82 66 72 
61 63 72 53 81 73 60 3 63 94 29 80 29 70 48 107 30 104 75 34 20 51 0 93 37 79 61 49 34 20 
79 35 92 44 42 161 36 95 81 83 70 35 112 79 131 25 70 59 139 114 74 98 93 0 125 14 155 56 62 96 
70 92 105 82 118 36 90 36 71 103 55 105 15 79 55 135 55 123 50 51 51 81 37 125 0 112 38 73 63 29 
72 25 80 34 33 148 26 81 74 82 58 34 99 73 116 36 58 63 129 99 61 84 79 14 112 0 140 46 49 83 
108 124 111 114 138 37 122 59 110 141 88 140 53 117 42 168 89 160 81 52 81 86 61 155 38 140 0 108 95 65 
28 21 92 12 68 107 20 52 30 52 20 31 58 33 96 62 19 55 83 81 29 82 49 56 73 46 108 0 17 44 
39 29 78 19 62 99 27 37 42 68 9 46 50 47 80 73 9 72 83 64 13 66 34 62 63 49 95 17 0 34 
45 63 92 52 93 64 60 22 47 79 26 76 15 54 64 106 26 95 56 52 24 72 20 96 29 83 65 44 34 0 
0 22404 0 0 0 9 153 53 0 603 2230 12048 5007 0 0 58 0 137 9 0 0 23 0 0 0 0 77890 0 26934 0 
22404 0 65234 63 3175 19239 2697 0 22 0 0 0 6420 5 0 0 0 0 0 0 30 1400 428 614 0 7813 0 890 0 15375 
0 65234 0 0 0 0 0 0 12 0 0 45 0 3160 0 0 0 84 0 73 22451 0 0 0 1 0 3 0 0 0 
0 63 0 0 19433 0 262 8 84679 0 12030 3 0 0 0 0 18 580 895 0 0 2284 1 0 8 36 1 2 0 8 
0 3175 0 19433 0 0 0 0 0 26745 0 0 0 0 0 186 0 0 629 0 4933 0 0 0 0 0 575 63911 2 736 
9 19239 0 0 0 0 0 0 0 0 20 0 0 0 18037 0 753 1 0 55518 0 34192 4688 16559 0 0 72 1994 1 0 
153 2697 0 262 0 0 0 0 0 9050 83 0 130 1694 85191 138 0 1018 0 0 0 0 46194 0 0 1 0 0 0 2 
53 0 0 8 0 0 0 0 5 0 0 0 0 955 0 0 2 0 4 0 7 4909 1 0 120 0 0 155 33137 17513 
0 22 12 84679 0 0 0 5 0 0 0 0 0 0 1 0 0 4584 0 25 1 37939 0 0 10 0 93732 0 2 1 
603 0 0 0 26745 0 9050 0 0 0 6 0 7816 0 3 20 0 0 6465 0 8 0 0 22345 110 0 5529 7311 2 7480 
2230 0 0 12030 0 20 83 0 0 6 0 0 0 36881 38 0 251 0 0 0 622 1535 0 34 99568 0 317 0 1197 32 
12048 0 45 3 0 0 0 0 0 0 0 0 4246 0 0 0 4023 0 0 0 25 712 5 34307 379 0 0 41263 164 0 
5007 6420 0 0 0 0 130 0 0 7816 0 4246 0 0 0 0 4 0 15 0 7 0 92 8549 0 12108 0 0 390 0 
0 5 3160 0 0 0 1694 955 0 0 36881 0 0 0 0 118 0 6 0 0 25 24154 0 3787 45252 315 678 0 0 35591 
0 0 0 0 0 18037 85191 0 1 3 38 0 0 0 0 0 31 0 971 571 0 52892 92 55226 2 0 0 79 0 0 
58 0 0 0 186 0 138 0 0 20 0 0 0 118 0 0 0 140 35 1 0 1557 0 0 0 0 0 0 8 6 
0 0 0 18 0 753 0 2 0 0 251 4023 4 0 31 0 0 0 11947 59 0 0 0 1 9575 0 0 27691 0 0 
137 0 84 580 0 1 1018 0 4584 0 0 0 0 6 0 140 0 0 0 0 0 231 10 0 0 51 0 34224 2228 0 
9 0 0 895 629 0 0 4 0 6465 0 0 15 0 971 35 11947 0 0 1 0 0 9100 43 159 0 0 8570 56 5 
0 0 73 0 0 55518 0 0 25 0 0 0 0 0 571 1 59 0 1 0 114 45 0 9222 0 0 0 0 89186 87644 
0 30 22451 0 4933 0 0 7 1 8 622 25 7 25 0 0 0 0 0 114 0 5182 0 0 8 66484 0 171 0 0 
23 1400 0 2284 0 34192 0 4909 37939 0 1535 712 0 24154 52892 1557 0 231 0 45 5182 0 10017 9940 17061 0 4514 0 0 21111 
0 428 0 1 0 4688 46194 1 0 0 0 5 92 0 92 0 0 10 9100 0 0 10017 0 0 0 0 36305 0 0 0 
0 614 0 0 0 16559 0 0 0 22345 34 34307 8549 3787 55226 0 1 0 43 9222 0 9940 0 0 0 335 0 0 0 0 
0 0 1 8 0 0 0 120 10 110 99568 379 0 45252 2 0 9575 0 159 0 8 17061 0 0 0 0 0 0 0 423 
0 7813 0 36 0 0 1 0 0 0 0 0 12108 315 0 0 0 51 0 0 66484 0 0 335 0 0 9799 0 25 5 
77890 0 3 1 575 72 0 0 93732 5529 317 0 0 678 0 0 0 0 0 0 0 4514 36305 0 0 9799 0 0 0 37244 
0 890 0 2 63911 1994 0 155 0 7311 0 41263 0 0 79 0 27691 34224 8570 0 171 0 0 0 0 0 0 0 13944 19779 
26934 0 0 0 2 1 0 33137 2 2 1197 164 390 0 0 8 0 2228 56 89186 0 0 0 0 0 25 0 13944 0 5016 
0 15375 0 8 736 0 2 17513 1 7480 32 0 0 35591 0 6 0 0 5 87644 0 21111 0 0 423 5 37244 19779 5016 0 
0 8934 0 0 0 24 1937 7 45 575 28220 53885 6287 0 0 5164 0 351 311 0 0 34 0 0 0 0 16339 0 7478 0 
8934 0 1292 311 8234 6840 96522 0 10 0 0 0 223 2 0 0 0 0 0 0 54 1747 1746 1165 0 46696 0 2150 2 149 
0 1292 0 0 0 4 0 0 0 0 0 7 0 65 0 0 0 103 0 602 21225 1 0 0 1 0 3 0 0 0 
0 311 0 0 11558 0 25 0 33538 0 1648 9 0 0 0 0 6 468 273 0 0 365 0 0 5 237 0 0 0 0 
0 8234 0 11558 0 0 0 0 0 9041 0 0 0 0 23 7 0 0 2749 0 2353 0 0 0 0 0 2935 35550 0 286 
24 6840 4 0 0 0 2 0 0 0 3 0 0 48 82902 0 34 2 0 3497 0 14695 85801 3526 0 0 161 1461 2 0 
1937 96522 0 25 0 2 0 0 0 1951 11 0 503 821 67324 480 0 3 0 0 19 0 28 0 6 29 0 1 0 9 
7 0 0 0 0 0 0 0 613 0 0 0 47 2340 0 0 12 0 0 0 36 3603 0 0 49 0 0 53 1260 7132 
45 10 0 33538 0 0 0 613 0 0 3 0 0 0 0 0 0 336 0 5 22 33736 0 0 4 0 7477 0 12 0 
575 0 0 0 9041 0 1951 0 0 0 0 0 4863 0 0 15201 0 0 12645 0 354 0 0 2353 82 0 330 2413 0 61 
28220 0 0 1648 0 3 11 0 3 0 0 0 0 7954 247 0 1823 0 0 0 510 4787 0 265 850 0 1390 0 9 0 
53885 0 7 9 0 0 0 0 0 0 0 0 5297 0 0 0 18714 0 0 0 24 826 7 2027 30 0 0 19656 11 0 
6287 223 0 0 0 0 503 47 0 4863 0 5297 0 0 0 0 17 0 0 0 88 0 731 3021 0 2280 0 0 134 1 
0 2 65 0 0 48 821 2340 0 0 7954 0 0 0 0 112 0 2 0 0 5 7917 0 4136 192 99 25 0 0 69702 
0 0 0 0 23 82902 67324 0 0 0 247 0 0 0 0 0 3 0 2216 7 0 10127 0 2922 0 0 0 31 0 0 
5164 0 0 0 7 0 480 0 0 15201 0 0 0 112 0 0 11 46 89 0 0 30747 0 0 0 0 0 1 84 0 
0 0 0 6 0 34 0 12 0 0 1823 18714 17 0 3 11 0 0 4016 744 0 0 0 7 5363 0 0 95120 0 0 
351 0 103 468 0 2 3 0 336 0 0 0 0 2 0 46 0 0 0 0 0 6415 8 0 0 9 0 7514 486 0 
311 0 0 273 2749 0 0 0 0 12645 0 0 0 0 2216 89 4016 0 0 0 0 0 68523 41 146 0 0 30348 13 144 
0 0 602 0 0 3497 0 0 5 0 0 0 0 0 7 0 744 0 0 0 12060 249 1 6879 0 0 0 0 3277 15804 
0 54 21225 0 2353 0 19 36 22 354 510 24 88 5 0 0 0 0 0 12060 0 49891 0 0 0 23599 0 138 0 0 
34 1747 1 365 0 14695 0 3603 33736 0 4787 826 0 7917 10127 30747 0 6415 0 249 49891 0 19354 210 1160 0 18100 0 0 16085 
0 1746 0 0 0 85801 28 0 0 0 0 7 731 0 0 0 0 8 68523 1 0 19354 0 0 0 0 22014 0 0 0 
0 1165 0 0 0 3526 0 0 0 2353 265 2027 3021 4136 2922 0 7 0 41 6879 0 210 0 0 0 386 0 0 0 0 
0 0 1 5 0 0 6 49 4 82 850 30 0 192 0 0 5363 0 146 0 0 1160 0 0 0 0 2 1 0 1022 
0 46696 0 237 0 0 29 0 0 0 0 0 2280 99 0 0 0 9 0 0 23599 0 0 386 0 0 6055 0 16 2 
16339 0 3 0 2935 161 0 0 7477 330 1390 0 0 25 0 0 0 0 0 0 0 18100 22014 0 2 6055 0 0 0 30003 
0 2150 0 0 35550 1461 1 53 0 2413 0 19656 0 0 31 1 95120 7514 30348 0 138 0 0 0 1 0 0 0 58966 1932 
7478 2 0 0 0 2 0 1260 12 0 9 11 134 0 0 84 0 486 13 3277 0 0 0 0 0 16 0 58966 0 48991 
0 149 0 0 286 0 9 7132 0 61 0 0 1 69702 0 0 0 0 144 15804 0 16085 0 0 1022 2 30003 1932 48991 0 
0 122 0 0 0 276 8061 710 0 287 794 4564 26552 0 0 113 0 190 7 0 0 13 0 0 0 0 1254 0 25791 0 
122 0 68875 41 336 4569 98508 0 62 0 0 0 2819 0 0 0 3 0 0 0 8 836 80 1956 0 37692 0 57823 0 2919 
0 68875 0 0 0 0 0 0 671 0 0 313 0 596 0 0 0 113 0 2830 13070 0 0 0 19 0 0 0 11 0 
0 41 0 0 33253 0 5273 307 57128 0 50025 0 0 0 0 0 566 7658 610 0 0 11661 6 0 10 411 0 0 0 1 
0 336 0 33253 0 0 0 0 0 50067 0 0 0 0 0 12811 0 0 106 0 12798 0 0 0 0 0 79 68425 167 866 
276 4569 0 0 0 0 0 0 0 0 28 0 0 0 2559 0 176 173 0 1367 0 2565 270 71636 0 0 0 3246 0 0 
8061 98508 0 5273 0 0 0 0 0 9200 31 0 1803 35 64058 1158 0 1249 0 0 0 0 5671 0 0 249 0 0 0 1 
710 0 0 307 0 0 0 0 0 0 0 0 0 306 0 0 85 0 16 0 72 2569 9 0 14590 0 0 1539 2490 21411 
0 62 671 57128 0 0 0 0 0 0 0 0 0 0 0 0 0 4443 0 126 1 4456 0 0 152 0 5540 0 0 3 
287 0 0 0 50067 0 9200 0 0 0 7 0 135 0 34 3 0 0 215 0 4 0 0 90683 2 0 16486 11816 4 27385 
794 0 0 50025 0 28 31 0 0 7 0 0 0 26725 148 0 157 0 0 0 81 108 0 264 41135 0 32 0 541 192 
4564 0 313 0 0 0 0 0 0 0 0 0 17 0 0 0 16664 0 0 0 1 19241 17 73909 1929 0 0 26139 170 0 
26552 2819 0 0 0 0 1803 0 0 135 0 17 0 0 0 0 22 0 1623 0 4 0 15 86264 0 81467 0 0 1025 2 
0 0 596 0 0 0 35 306 0 0 26725 0 0 0 0 7 0 0 0 0 308 6335 0 61 35975 696 640 0 0 25855 
0 0 0 0 0 2559 64058 0 0 34 148 0 0 0 0 0 25 0 41 1410 8 32486 1321 9813 1 0 0 131 0 0 
113 0 0 0 12811 0 1158 0 0 3 0 0 0 7 0 0 0 294 782 29 5 2865 0 0 0 0 28 0 17 0 
0 3 0 566 0 176 0 85 0 0 157 16664 22 0 25 0 0 0 5001 14 0 0 0 0 32494 0 0 27845 0 0 
190 0 113 7658 0 173 1249 0 4443 0 0 0 0 0 0 294 0 0 0 0 0 16 1237 0 0 83 3 34485 30 0 
7 0 0 610 106 0 0 16 0 215 0 0 1623 0 41 782 5001 0 0 0 0 0 15541 60 325 0 0 17165 5 11 
0 0 2830 0 0 1367 0 0 126 0 0 0 0 0 1410 29 14 0 0 0 46 71 0 6834 0 0 0 120 84204 1348 
0 8 13070 0 12798 0 0 72 1 4 81 1 4 308 8 5 0 0 0 46 0 1149 0 0 453 18834 0 34 0 0 
13 836 0 11661 0 2565 0 2569 4456 0 108 19241 0 6335 32486 2865 0 16 0 71 1149 0 2438 476 2711 0 12215 0 0 228 
0 80 0 6 0 270 5671 9 0 0 0 17 15 0 1321 0 0 1237 15541 0 0 2438 0 2 0 0 29365 1 0 0 
0 1956 0 0 0 71636 0 0 0 90683 264 73909 86264 61 9813 0 0 0 60 6834 0 476 2 0 0 96 0 0 0 0 
0 0 19 10 0 0 0 14590 152 2 41135 1929 0 35975 1 0 32494 0 325 0 453 2711 0 0 0 2 2 0 0 0 
0 37692 0 411 0 0 249 0 0 0 0 0 81467 696 0 0 0 83 0 0 18834 0 0 96 2 0 21787 0 2 12 
1254 0 0 0 79 0 0 0 5540 16486 32 0 0 640 0 28 0 3 0 0 0 12215 29365 0 2 21787 0 0 0 1469 
0 57823 0 0 68425 3246 0 1539 0 11816 0 26139 0 0 131 0 27845 34485 17165 120 34 0 1 0 0 0 0 0 9446 94888 
25791 0 11 0 167 0 0 2490 0 4 541 170 1025 0 0 17 0 30 5 84204 0 0 0 0 0 2 0 9446 0 1203 
0 2919 0 1 866 0 1 21411 3 27385 192 0 2 25855 0 0 0 0 11 1348 0 228 0 0 0 12 1469 94888 1203 0 
