6 3
0 59 64 103 62 95 
59 0 70 49 40 62 
64 70 0 118 33 51 
103 49 118 0 85 94 
62 40 33 85 0 33 
95 62 51 94 33 0 
0 1 0 71328 0 0 
1 0 0 0 0 0 
0 0 0 23911 198 0 
71328 0 23911 0 0 0 
0 0 198 0 0 4 
0 0 0 0 4 0 
0 0 120 0 1717 0 
0 0 1014 1825 0 109 
120 1014 0 0 0 19 
0 1825 0 0 1010 611 
1717 0 0 1010 0 0 
0 109 19 611 0 0 
0 0 684 0 21156 503 
0 0 4 12 14 11 
684 4 0 0 0 48384 
0 12 0 0 5051 3617 
21156 14 0 5051 0 0 
503 11 48384 3617 0 0 
