7 3
0 123 17 72 89 90 77 
123 0 116 51 121 48 96 
17 116 0 64 101 90 86 
72 51 64 0 97 39 71 
89 121 101 97 0 73 26 
90 48 90 39 73 0 47 
77 96 86 71 26 47 0 
0 42 693 0 275 0 18 
42 0 0 0 3 4 0 
693 0 0 0 0 0 0 
0 0 0 0 0 921 0 
275 3 0 0 0 1 0 
0 4 0 921 1 0 0 
18 0 0 0 0 0 0 
0 162 236 0 7802 0 3 
162 0 0 0 2 104 0 
236 0 0 0 0 0 0 
0 0 0 0 0 558 0 
7802 2 0 0 0 6 0 
0 104 0 558 6 0 0 
3 0 0 0 0 0 0 
0 9 55106 0 38 0 37 
9 0 0 0 0 1424 20 
55106 0 0 0 0 0 0 
0 0 0 0 2 24906 0 
38 0 0 2 0 9 0 
0 1424 0 24906 9 0 0 
37 20 0 0 0 0 0 
