10 2
0 59 64 103 62 95 95 48 90 88 
59 0 70 49 40 62 36 46 31 30 
64 70 0 118 33 51 89 98 88 95 
103 49 118 0 85 94 38 68 34 23 
62 40 33 85 0 33 56 78 55 62 
95 62 51 94 33 0 57 107 59 71 
95 36 89 38 56 57 0 77 6 17 
48 46 98 68 78 107 77 0 71 63 
90 31 88 34 55 59 6 71 0 12 
88 30 95 23 62 71 17 63 12 0 
0 0 9 0 0 0 0 1016 0 21328 
0 0 0 0 21 0 3964 0 0 19293 
9 0 0 1 0 0 13697 50 14 0 
0 0 1 0 0 0 0 72154 39002 0 
0 21 0 0 0 0 51486 0 0 65 
0 0 0 0 0 0 22042 1081 0 0 
0 3964 13697 0 51486 22042 0 14 0 0 
1016 0 50 72154 0 1081 14 0 378 60513 
0 0 14 39002 0 0 0 378 0 0 
21328 19293 0 0 65 0 0 60513 0 0 
0 2576 0 4887 10 12800 1667 0 1493 0 
2576 0 243 341 0 21156 0 2 7 0 
0 243 0 0 2 0 0 0 0 10885 
4887 341 0 0 113 82 3 0 0 12 
10 0 2 113 0 94001 0 16 4 0 
12800 21156 0 82 94001 0 0 0 3095 563 
1667 0 0 3 0 0 0 0 9885 96875 
0 2 0 0 16 0 0 0 0 0 
1493 7 0 0 4 3095 9885 0 0 15 
0 0 10885 12 0 563 96875 0 15 0 
