40 2
0 123 17 72 89 90 77 84 122 70 141 118 117 117 58 85 94 145 69 99 137 99 30 139 114 56 50 94 70 158 148 87 53 161 64 94 106 62 87 81 
123 0 116 51 121 48 96 115 59 63 25 47 40 16 64 39 31 87 58 23 83 33 103 24 65 67 92 40 53 45 35 36 95 46 119 29 43 89 107 43 
17 116 0 64 101 90 86 66 108 71 133 119 117 113 52 81 90 150 68 93 122 97 14 135 118 53 57 84 66 154 139 82 62 151 46 88 94 69 69 78 
72 51 64 0 97 39 71 77 62 33 69 64 60 49 13 21 29 104 24 28 84 38 52 71 72 21 53 26 13 91 77 19 58 89 74 23 41 56 72 18 
89 121 101 97 0 73 26 158 158 64 146 84 88 106 88 88 93 82 73 107 181 88 104 121 67 78 49 121 84 131 156 94 43 167 143 101 136 41 157 86 
90 48 90 39 73 0 47 116 91 20 73 28 27 34 42 20 20 64 22 35 115 15 82 53 32 38 48 55 28 69 83 26 49 95 111 30 68 42 111 21 
77 96 86 71 26 47 0 136 132 38 121 63 66 81 63 62 67 73 47 81 155 62 85 98 49 54 29 95 58 110 130 68 24 142 124 75 110 17 134 60 
84 115 66 77 158 116 136 0 73 105 118 141 136 120 76 98 104 181 98 96 73 114 56 139 149 84 109 75 89 160 120 94 114 129 22 95 74 118 9 96 
122 59 108 62 158 91 132 73 0 94 51 103 96 73 74 71 70 145 85 56 25 79 93 83 118 83 115 37 74 101 50 65 120 57 87 60 22 118 63 72 
70 63 71 33 64 20 38 105 94 0 87 48 47 52 29 25 32 79 8 44 117 32 64 72 47 21 28 56 20 89 96 31 31 108 97 38 71 26 102 23 
141 25 133 69 146 73 121 118 51 87 0 70 64 41 83 62 55 108 81 43 71 58 119 37 89 88 115 49 74 52 10 57 118 21 127 50 44 113 110 65 
118 47 119 64 84 28 63 141 103 48 70 0 6 30 70 43 37 42 50 48 128 26 110 38 19 66 73 72 55 47 80 46 73 90 138 47 82 64 135 45 
117 40 117 60 88 27 66 136 96 47 64 6 0 24 67 39 32 48 48 42 121 22 108 32 25 64 74 66 52 44 73 42 75 83 134 41 76 66 130 42 
117 16 113 49 106 34 81 120 73 52 41 30 24 0 60 31 22 72 48 24 98 19 101 21 48 61 81 46 46 42 51 31 83 62 122 26 54 76 113 35 
58 64 52 13 88 42 63 76 74 29 83 70 67 60 0 29 38 107 21 41 95 45 41 82 74 9 41 39 15 102 90 29 47 103 69 35 53 47 72 25 
85 39 81 21 88 20 62 98 71 25 62 43 39 31 29 0 9 83 18 19 96 17 70 53 51 29 52 34 14 73 71 6 56 83 95 13 49 51 92 3 
94 31 90 29 93 20 67 104 70 32 55 37 32 22 38 9 0 79 27 14 95 10 79 44 48 38 60 36 24 64 64 10 64 76 103 10 48 58 98 13 
145 87 150 104 82 64 73 181 145 79 108 42 48 72 107 83 79 0 85 91 170 68 144 71 32 101 95 114 92 67 117 88 93 125 176 89 125 84 176 85 
69 58 68 24 73 22 47 98 85 8 81 50 48 48 21 18 27 85 0 37 108 30 60 70 52 16 34 48 11 88 90 23 38 102 91 31 63 34 94 15 
99 23 93 28 107 35 81 96 56 44 43 48 42 24 41 19 14 91 37 0 81 23 80 43 62 45 71 23 30 64 52 13 75 65 98 6 34 70 89 21 
137 83 122 84 181 115 155 73 25 117 71 128 121 98 95 96 95 170 108 81 0 104 107 106 143 104 136 61 97 123 67 89 142 71 92 85 47 141 64 96 
99 33 97 38 88 15 62 114 79 32 58 26 22 19 45 17 10 68 30 23 104 0 87 40 38 44 61 46 30 58 68 19 63 79 112 20 58 56 108 20 
30 103 14 52 104 82 85 56 93 64 119 110 108 101 41 70 79 144 60 80 107 87 0 123 111 44 56 70 56 143 125 70 61 137 39 76 80 68 58 67 
139 24 135 71 121 53 98 139 83 72 37 38 32 21 82 53 44 71 70 43 106 40 123 0 57 83 101 64 68 21 46 52 103 54 142 47 68 95 131 57 
114 65 118 72 67 32 49 149 118 47 89 19 25 48 74 51 48 32 52 62 143 38 111 57 0 68 66 84 60 63 99 57 65 109 143 59 97 55 144 53 
56 67 53 21 78 38 54 84 83 21 88 66 64 61 9 29 38 101 16 45 104 44 44 83 68 0 32 47 14 102 96 31 37 109 75 39 62 37 81 25 
50 92 57 53 49 48 29 109 115 28 115 73 74 81 41 52 60 95 34 71 136 61 56 101 66 32 0 79 42 117 124 57 5 136 95 65 94 12 107 49 
94 40 84 26 121 55 95 75 37 56 49 72 66 46 39 34 36 114 48 23 61 46 70 64 84 47 79 0 37 85 55 28 84 67 79 25 15 81 67 35 
70 53 66 13 84 28 58 89 74 20 74 55 52 46 15 14 24 92 11 30 97 30 56 68 60 14 42 37 0 88 82 17 47 95 83 24 52 44 84 11 
158 45 154 91 131 69 110 160 101 89 52 47 44 42 102 73 64 67 88 64 123 58 143 21 63 102 117 85 88 0 58 73 118 62 163 68 88 110 152 76 
148 35 139 77 156 83 130 120 50 96 10 80 73 51 90 71 64 117 90 52 67 68 125 46 99 96 124 55 82 58 0 66 128 12 130 58 47 122 111 74 
87 36 82 19 94 26 68 94 65 31 57 46 42 31 29 6 10 88 23 13 89 19 70 52 57 31 57 28 17 73 66 0 61 78 93 7 42 57 88 8 
53 95 62 58 43 49 24 114 120 31 118 73 75 83 47 56 64 93 38 75 142 63 61 103 65 37 5 84 47 118 128 61 0 140 100 69 99 9 113 53 
161 46 151 89 167 95 142 129 57 108 21 90 83 62 103 83 76 125 102 65 71 79 137 54 109 109 136 67 95 62 12 78 140 0 141 71 58 134 120 86 
64 119 46 74 143 111 124 22 87 97 127 138 134 122 69 95 103 176 91 98 92 112 39 142 143 75 95 79 83 163 130 93 100 141 0 96 82 106 28 92 
94 29 88 23 101 30 75 95 60 38 50 47 41 26 35 13 10 89 31 6 85 20 76 47 59 39 65 25 24 68 58 7 69 71 96 0 38 64 89 15 
106 43 94 41 136 68 110 74 22 71 44 82 76 54 53 49 48 125 63 34 47 58 80 68 97 62 94 15 52 88 47 42 99 58 82 38 0 96 65 49 
62 89 69 56 41 42 17 118 118 26 113 64 66 76 47 51 58 84 34 70 141 56 68 95 55 37 12 81 44 110 122 57 9 134 106 64 96 0 116 49 
87 107 69 72 157 111 134 9 63 102 110 135 130 113 72 92 98 176 94 89 64 108 58 131 144 81 107 67 84 152 111 88 113 120 28 89 65 116 0 90 
81 43 78 18 86 21 60 96 72 23 65 45 42 35 25 3 13 85 15 21 96 20 67 57 53 25 49 35 11 76 74 8 53 86 92 15 49 49 90 0 
0 533 0 74 0 0 0 19261 0 30 0 0 4102 0 11 768 5 0 569 5 0 1 204 84294 1 0 0 10836 44503 0 0 0 0 6 280 0 0 94 0 0 
533 0 44859 4 0 0 0 0 0 85657 11 0 0 11899 1186 0 0 0 41 0 0 0 453 0 8 22092 0 4312 6 0 1 0 0 0 0 303 2 114 0 0 
0 44859 0 0 5050 0 310 0 325 1 0 42 0 1 5 0 2 0 0 0 11936 139 20 0 0 0 0 0 0 36866 7304 0 13027 1 1089 1362 0 0 8496 0 
74 4 0 0 0 1739 0 128 63334 0 46855 795 10 63300 15279 21 0 0 8 21 0 47 0 1 3 0 0 0 0 10 0 0 0 0 16699 35 11 6 0 3431 
0 0 5050 0 0 14 0 108 56 0 0 549 0 0 0 0 2457 0 0 0 1685 47720 31676 0 2065 0 10225 798 0 2 1114 0 0 369 0 0 0 4 1683 135 
0 0 0 1739 14 0 0 0 0 1 0 4 0 0 4 1 27 0 574 439 281 0 0 372 0 27148 88916 0 0 15031 3 0 20 0 6112 0 0 712 231 22420 
0 0 310 0 0 0 0 56 2 1 0 0 0 4 3 0 1 1 0 7 68 15 0 0 0 0 13 0 2710 0 14 0 0 0 14003 11 0 0 0 0 
19261 0 0 128 108 0 56 0 0 9060 0 0 155 0 0 1727 44953 26981 0 267 7871 0 0 20 0 0 0 71 0 506 12 0 0 0 0 0 118 0 88962 2157 
0 0 325 63334 56 0 2 0 0 0 0 76601 2117 0 541 87820 0 0 0 1320 1 0 16805 2 0 0 88754 0 0 0 0 0 11 0 0 17173 0 1 630 476 
30 85657 1 0 0 1 1 9060 0 0 0 1597 0 11 0 0 844 4 0 0 0 0 0 5294 0 0 0 979 3613 28 3473 89 0 7990 0 0 0 0 0 6 
0 11 0 46855 0 0 0 0 0 0 0 0 0 18 0 0 6356 220 7363 0 0 0 0 16 0 0 0 0 1 0 59599 0 0 43 75410 0 0 4659 52 399 
0 0 42 795 549 4 0 0 76601 1597 0 0 0 15870 8 0 18259 4723 0 241 25519 0 411 0 79 3 0 0 279 0 35558 12144 0 0 781 12 6108 40 2765 0 
4102 0 0 10 0 0 0 155 2117 0 0 0 0 78454 1 0 0 17 7706 0 0 442 19629 473 0 307 9740 0 2949 2 38867 4 23 0 0 0 0 1677 81397 0 
0 11899 1 63300 0 0 4 0 0 11 18 15870 78454 0 0 0 0 0 51 0 7080 0 9 12243 35465 0 64581 0 0 0 20 0 0 44 4 34 0 0 0 51292 
11 1186 5 15279 0 4 3 0 541 0 0 8 1 0 0 376 0 45946 114 8258 0 97 0 79999 0 71 508 0 1198 0 0 865 0 0 244 4684 281 11179 3336 403 
768 0 0 21 0 1 0 1727 87820 0 0 0 0 0 376 0 5748 295 0 0 1 0 102 2 0 0 0 46 1806 14269 395 0 0 19814 1 1 16 0 1 3229 
5 0 2 0 2457 27 1 44953 0 844 6356 18259 0 0 0 5748 0 0 0 0 4855 0 0 0 0 0 36 4 4568 1 80174 29339 4122 0 0 0 405 64 438 42 
0 0 0 0 0 0 1 26981 0 4 220 4723 17 0 45946 295 0 0 1723 0 0 2 0 0 243 0 0 0 0 92194 3287 0 0 6 0 0 0 0 907 0 
569 41 0 8 0 574 0 0 0 0 7363 0 7706 51 114 0 0 1723 0 0 0 0 0 0 0 80598 248 0 0 68 471 1 635 95862 2 0 137 25722 0 0 
5 0 0 21 0 439 7 267 1320 0 0 241 0 0 8258 0 0 0 0 0 335 0 11383 0 7484 460 0 0 0 0 0 0 35 0 0 1336 0 0 76314 3 
0 0 11936 0 1685 281 68 7871 1 0 0 25519 0 7080 0 1 4855 0 0 335 0 0 0 0 0 493 2099 0 1 867 0 0 0 154 0 0 0 36177 13912 403 
1 0 139 47 47720 0 15 0 0 0 0 0 442 0 97 0 0 2 0 0 0 0 144 7820 58837 0 8602 238 47 0 6 57 31254 0 20 0 89 0 0 0 
204 453 20 0 31676 0 0 0 16805 0 0 411 19629 9 0 102 0 0 0 11383 0 144 0 0 38 71 0 58290 0 0 0 16442 1090 0 0 7 0 83021 0 36690 
84294 0 0 1 0 372 0 20 2 5294 16 0 473 12243 79999 2 0 0 0 0 0 7820 0 0 51480 0 0 0 0 0 0 0 943 154 0 0 1089 0 97944 3 
1 8 0 3 2065 0 0 0 0 0 0 79 0 35465 0 0 0 243 0 7484 0 58837 38 51480 0 0 325 265 0 0 5280 0 0 5494 634 4 0 0 0 0 
0 22092 0 0 0 27148 0 0 0 0 0 3 307 0 71 0 0 0 80598 460 493 0 71 0 0 0 0 0 0 220 10911 1266 12 1 18 0 37134 7 3328 16280 
0 0 0 0 10225 88916 13 0 88754 0 0 0 9740 64581 508 0 36 0 248 0 2099 8602 0 0 325 0 0 0 0 0 2186 0 0 15 0 48474 9179 1 0 602 
10836 4312 0 0 798 0 0 71 0 979 0 0 0 0 0 46 4 0 0 0 0 238 58290 0 265 0 0 0 45 0 3602 0 0 2 12981 2 0 0 17 7689 
44503 6 0 0 0 0 2710 0 0 3613 1 279 2949 0 1198 1806 4568 0 0 0 1 47 0 0 0 0 0 45 0 0 0 0 0 0 0 0 0 0 16 4545 
0 0 36866 10 2 15031 0 506 0 28 0 0 2 0 0 14269 1 92194 68 0 867 0 0 0 0 220 0 0 0 0 0 4426 3449 22 0 0 0 0 0 4 
0 1 7304 0 1114 3 14 12 0 3473 59599 35558 38867 20 0 395 80174 3287 471 0 0 6 0 0 5280 10911 2186 3602 0 0 0 0 0 0 36758 0 57 2 0 0 
0 0 0 0 0 0 0 0 0 89 0 12144 4 0 865 0 29339 0 1 0 0 57 16442 0 0 1266 0 0 0 4426 0 0 119 16 0 0 30 269 18 6427 
0 0 13027 0 0 20 0 0 11 0 0 0 23 0 0 0 4122 0 635 35 0 31254 1090 943 0 12 0 0 0 3449 0 119 0 0 0 0 0 1880 0 0 
6 0 1 0 369 0 0 0 0 7990 43 0 0 44 0 19814 0 6 95862 0 154 0 0 154 5494 1 15 2 0 22 0 16 0 0 0 2 0 0 2 1 
280 0 1089 16699 0 6112 14003 0 0 0 75410 781 0 4 244 1 0 0 2 0 0 20 0 0 634 18 0 12981 0 0 36758 0 0 0 0 0 89 4 0 73 
0 303 1362 35 0 0 11 0 17173 0 0 12 0 34 4684 1 0 0 0 1336 0 0 7 0 4 0 48474 2 0 0 0 0 0 2 0 0 6811 0 2 0 
0 2 0 11 0 0 0 118 0 0 0 6108 0 0 281 16 405 0 137 0 0 89 0 1089 0 37134 9179 0 0 0 57 30 0 0 89 6811 0 1945 0 14 
94 114 0 6 4 712 0 0 1 0 4659 40 1677 0 11179 0 64 0 25722 0 36177 0 83021 0 0 7 1 0 0 0 2 269 1880 0 4 0 1945 0 4 8518 
0 0 8496 0 1683 231 0 88962 630 0 52 2765 81397 0 3336 1 438 907 0 76314 13912 0 0 97944 0 3328 0 17 16 0 0 18 0 2 0 2 0 4 0 0 
0 0 0 3431 135 22420 0 2157 476 6 399 0 0 51292 403 3229 42 0 0 3 403 0 36690 3 0 16280 602 7689 4545 4 0 6427 0 1 73 0 14 8518 0 0 
0 0 2728 0 2 64890 535 0 1 0 0 0 0 1614 1 0 0 2266 0 0 1 0 0 0 0 26888 32159 0 0 3884 8064 41700 80 0 0 6398 8 0 1593 27 
0 0 0 0 43920 33060 24 8323 52 0 0 150 4 0 0 1589 178 47736 0 7 3122 1036 0 23982 0 0 46646 0 0 9 0 11573 216 6998 6008 0 0 0 24468 3043 
2728 0 0 13 0 6995 0 33 0 0 54 0 3710 0 0 2 0 162 1812 147 0 0 0 1030 68 3 0 37 2 0 0 31 0 0 0 0 4351 0 0 15 
0 0 13 0 12793 0 4760 0 0 279 0 0 0 0 0 0 184 1385 0 76 1 0 18490 3 0 20 155 0 7872 0 937 2 16013 70791 0 0 0 0 69308 0 
2 43920 0 12793 0 0 688 0 0 5670 76250 0 816 891 30552 35 0 2 8 43405 0 0 0 2437 0 0 0 0 177 0 0 1806 7593 0 45 1750 1359 0 0 0 
64890 33060 6995 0 0 0 13 107 3 0 220 0 3 3611 0 0 0 5230 0 0 0 3546 49028 0 0 0 0 136 5495 0 0 53816 0 10741 0 164 78382 0 0 0 
535 24 0 4760 688 13 0 0 125 0 66622 0 11966 3 1 41251 6 0 66048 0 0 0 50 6 159 41733 6 607 0 970 0 4 46 83862 0 0 41 85 115 5224 
0 8323 33 0 0 107 0 0 2892 0 497 77 0 3549 17 0 0 0 3 0 0 34490 125 0 27549 7 26295 0 5 0 0 40909 256 15 24072 255 0 76335 0 0 
1 52 0 0 0 3 125 2892 0 317 2604 0 0 4413 0 0 699 90 596 0 6 15774 0 0 21 278 0 31633 25828 12 81 174 0 4 7283 0 57590 0 0 0 
0 0 0 279 5670 0 0 0 317 0 3245 0 395 0 719 3 0 0 12 139 16743 6 44482 0 202 3457 13 0 0 0 0 0 0 0 36258 19631 7 61978 1179 0 
0 0 54 0 76250 220 66622 497 2604 3245 0 19399 471 0 187 68 0 0 0 3 9020 221 1 0 1981 4 30 0 0 499 0 0 418 0 0 4 189 0 0 0 
0 150 0 0 0 0 0 77 0 0 19399 0 69519 0 0 5915 0 0 1 0 0 27735 0 6 0 0 884 38588 0 45543 0 0 0 36295 0 0 0 3 0 1 
0 4 3710 0 816 3 11966 0 0 395 471 69519 0 0 2 18179 147 0 0 379 3889 0 0 0 16 0 0 132 0 0 0 0 0 0 46576 34 33417 0 0 1 
1614 0 0 0 891 3611 3 3549 4413 0 0 0 0 0 87 7762 3662 5027 2 0 0 4 28 0 0 494 0 9 21 1 0 20418 240 0 0 0 48 9 688 0 
1 0 0 0 30552 0 1 17 0 719 187 0 2 87 0 0 105 0 0 0 15834 0 977 0 1 0 0 26235 0 790 1 0 504 29 0 0 0 0 0 0 
0 1589 2 0 35 0 41251 0 0 3 68 5915 18179 7762 0 0 0 0 39265 1738 17 1299 0 0 479 37 21671 0 0 0 1 2750 708 0 0 13 1 28582 0 0 
0 178 0 184 0 0 6 0 699 0 0 0 147 3662 105 0 0 1344 53 8568 0 116 37202 155 0 7342 0 0 0 0 0 0 0 67239 9 801 0 0 0 0 
2266 47736 162 1385 2 5230 0 0 90 0 0 0 0 5027 0 0 1344 0 0 13 76452 88 928 2 0 5530 14930 3 107 0 0 31 9485 0 25235 2163 85406 6 0 1233 
0 0 1812 0 8 0 66048 3 596 12 0 1 0 2 0 39265 53 0 0 32 1531 639 88 22 17101 0 0 0 5978 0 0 0 0 0 0 43 0 0 41 652 
0 7 147 76 43405 0 0 0 0 139 3 0 379 0 0 1738 8568 13 32 0 0 13 0 41646 0 0 71039 11623 191 376 104 39824 0 60 790 0 58301 202 0 0 
1 3122 0 1 0 0 0 0 6 16743 9020 0 3889 0 15834 17 0 76452 1531 0 0 1 43348 1687 5303 0 0 1 0 0 2 3 52717 0 1 7412 15 0 0 0 
0 1036 0 0 0 3546 0 34490 15774 6 221 27735 0 4 0 1299 116 88 639 13 1 0 0 0 0 29 0 0 0 35 0 0 0 5154 0 549 0 1 5 6 
0 0 0 18490 0 49028 50 125 0 44482 1 0 0 28 977 0 37202 928 88 0 43348 0 0 63 0 0 0 0 200 454 9 0 0 27525 72520 0 52 0 5 0 
0 23982 1030 3 2437 0 6 0 0 0 0 6 0 0 0 0 155 2 22 41646 1687 0 63 0 0 1 13344 908 49 7545 30801 133 0 0 19 7 0 2326 0 0 
0 0 68 0 0 0 159 27549 21 202 1981 0 16 0 1 479 0 0 17101 0 5303 0 0 0 0 5170 0 0 17 0 0 30286 1425 0 0 0 632 52 12 120 
26888 0 3 20 0 0 41733 7 278 3457 4 0 0 494 0 37 7342 5530 0 0 0 29 0 1 5170 0 1 22 25784 0 0 0 0 0 0 3 0 0 0 0 
32159 46646 0 155 0 0 6 26295 0 13 30 884 0 0 0 21671 0 14930 0 71039 0 0 0 13344 0 1 0 1 4788 10642 0 44168 105 0 61708 0 0 2 49812 0 
0 0 37 0 0 136 607 0 31633 0 0 38588 132 9 26235 0 0 3 0 11623 1 0 0 908 0 22 1 0 0 3 0 3399 6771 0 0 0 37243 41377 0 0 
0 0 2 7872 177 5495 0 5 25828 0 0 0 0 21 0 0 0 107 5978 191 0 0 200 49 17 25784 4788 0 0 4893 86 35 63 122 90 2610 83109 9359 0 0 
3884 9 0 0 0 0 970 0 12 0 499 45543 0 1 790 0 0 0 0 376 0 35 454 7545 0 0 10642 3 4893 0 11 0 0 0 37 1044 9 1 7 0 
8064 0 0 937 0 0 0 0 81 0 0 0 0 0 1 1 0 0 0 104 2 0 9 30801 0 0 0 0 86 11 0 26 56382 1996 0 1498 0 0 136 4 
41700 11573 31 2 1806 53816 4 40909 174 0 0 0 0 20418 0 2750 0 31 0 39824 3 0 0 133 30286 0 44168 3399 35 0 26 0 0 0 3264 202 0 0 0 0 
80 216 0 16013 7593 0 46 256 0 0 418 0 0 240 504 708 0 9485 0 0 52717 0 0 0 1425 0 105 6771 63 0 56382 0 0 36 7690 101 81080 0 2 115 
0 6998 0 70791 0 10741 83862 15 4 0 0 36295 0 0 29 0 67239 0 0 60 0 5154 27525 0 0 0 0 0 122 0 1996 0 36 0 13 0 1 35583 0 0 
0 6008 0 0 45 0 0 24072 7283 36258 0 0 46576 0 0 0 9 25235 0 790 1 0 72520 19 0 0 61708 0 90 37 0 3264 7690 13 0 9645 0 4 226 0 
6398 0 0 0 1750 164 0 255 0 19631 4 0 34 0 0 13 801 2163 43 0 7412 549 0 7 0 3 0 0 2610 1044 1498 202 101 0 9645 0 0 270 0 9 
8 0 4351 0 1359 78382 41 0 57590 7 189 0 33417 48 0 1 0 85406 0 58301 15 0 52 0 632 0 0 37243 83109 9 0 0 81080 1 0 0 0 0 19 0 
0 0 0 0 0 0 85 76335 0 61978 0 3 0 9 0 28582 0 6 0 202 0 1 0 2326 52 0 2 41377 9359 1 0 0 0 35583 4 270 0 0 0 0 
1593 24468 0 69308 0 0 115 0 0 1179 0 0 0 688 0 0 0 0 41 0 0 5 5 0 12 0 49812 0 0 7 136 0 2 0 226 0 19 0 0 16 
27 3043 15 0 0 0 5224 0 0 0 0 1 1 0 0 0 0 1233 652 0 0 6 0 0 120 0 0 0 0 0 4 0 115 0 0 9 0 0 16 0 
