15 2
0 59 64 103 62 95 95 48 90 88 90 112 64 139 74 
59 0 70 49 40 62 36 46 31 30 43 69 27 80 26 
64 70 0 118 33 51 89 98 88 95 64 73 48 126 97 
103 49 118 0 85 94 38 68 34 23 68 88 69 56 28 
62 40 33 85 0 33 56 78 55 62 34 51 15 94 66 
95 62 51 94 33 0 57 107 59 71 25 22 37 82 84 
95 36 89 38 56 57 0 77 6 17 31 50 41 44 39 
48 46 98 68 78 107 77 0 71 63 90 115 69 117 41 
90 31 88 34 55 59 6 71 0 12 34 55 39 49 33 
88 30 95 23 62 71 17 63 12 0 46 67 46 53 23 
90 43 64 68 34 25 31 90 34 46 0 25 25 61 61 
112 69 73 88 51 22 50 115 55 67 25 0 49 63 86 
64 27 48 69 15 37 41 69 39 46 25 49 0 81 52 
139 80 126 56 94 82 44 117 49 53 61 63 81 0 75 
74 26 97 28 66 84 39 41 33 23 61 86 52 75 0 
0 5686 21 51364 7074 0 0 0 0 0 8105 0 2215 0 0 
5686 0 0 0 116 10 0 0 0 2 4 0 0 6 12838 
21 0 0 0 0 0 0 0 75874 0 11 0 1 0 5417 
51364 0 0 0 0 0 0 128 0 4 0 21311 28536 27 57 
7074 116 0 0 0 0 0 303 264 4238 1 4 0 0 0 
0 10 0 0 0 0 749 0 18 0 21 596 0 188 0 
0 0 0 0 0 749 0 0 3 0 4446 14634 0 270 92839 
0 0 0 128 303 0 0 0 0 276 0 528 0 0 0 
0 0 75874 0 264 18 3 0 0 0 0 2 14752 0 0 
0 2 0 4 4238 0 0 276 0 0 2483 243 0 0 3633 
8105 4 11 0 1 21 4446 0 0 2483 0 0 0 0 24931 
0 0 0 21311 4 596 14634 528 2 243 0 0 376 0 0 
2215 0 1 28536 0 0 0 0 14752 0 0 376 0 0 69 
0 6 0 27 0 188 270 0 0 0 0 0 0 0 0 
0 12838 5417 57 0 0 92839 0 0 3633 24931 0 69 0 0 
0 0 87694 2103 1711 0 0 23410 49 4 57 0 67 300 0 
0 0 0 70 1 156 12080 2725 64 0 0 32 0 0 0 
87694 0 0 71328 0 285 0 1081 0 20905 0 0 0 0 0 
2103 70 71328 0 0 14 1 18 0 14 2 76 514 236 0 
1711 1 0 0 0 0 51 50762 378 0 104 0 2845 0 0 
0 156 285 14 0 0 11 0 0 0 0 0 1040 407 0 
0 12080 0 1 51 11 0 0 0 0 0 0 4194 55352 0 
23410 2725 1081 18 50762 0 0 0 19293 1373 1 0 0 0 0 
49 64 0 0 378 0 0 19293 0 1 0 1 0 1465 0 
4 0 20905 14 0 0 0 1373 1 0 3396 43 0 2010 54 
57 0 0 2 104 0 0 1 0 3396 0 64894 26 0 0 
0 32 0 76 0 0 0 0 1 43 64894 0 1100 0 6 
67 0 0 514 2845 1040 4194 0 0 0 26 1100 0 0 0 
300 0 0 236 0 407 55352 0 1465 2010 0 0 0 0 285 
0 0 0 0 0 0 0 0 0 54 0 6 0 285 0 
