20 2
0 46 118 40 96 98 46 64 2 33 36 47 55 9 108 78 35 54 61 95 
46 0 88 10 53 127 3 66 48 60 37 19 78 48 107 43 36 50 104 90 
118 88 0 85 53 137 85 71 120 144 83 106 102 125 70 117 84 138 148 59 
40 10 85 0 56 117 8 56 42 59 26 26 68 43 98 54 26 55 95 82 
96 53 53 56 0 154 51 82 98 112 71 66 108 100 106 67 71 96 146 90 
98 127 137 117 154 0 125 72 99 127 90 138 49 106 75 170 91 153 52 79 
46 3 85 8 51 125 0 63 48 61 34 22 76 49 104 46 34 53 103 87 
64 66 71 56 82 72 63 0 66 97 32 83 30 73 44 110 33 107 76 31 
2 48 120 42 98 99 48 66 0 32 38 48 56 7 110 78 37 54 61 97 
33 60 144 59 112 127 61 97 32 0 67 48 88 24 142 71 66 34 83 128 
36 37 83 26 71 90 34 32 38 67 0 51 41 44 77 80 1 75 74 61 
47 19 106 26 66 138 22 83 48 48 51 0 90 45 125 31 50 31 108 109 
55 78 102 68 108 49 76 30 56 88 41 90 0 63 62 121 41 107 46 54 
9 48 125 43 100 106 49 73 7 24 44 45 63 0 117 75 43 47 66 104 
108 107 70 98 106 75 104 44 110 142 77 125 62 117 0 149 78 152 105 17 
78 43 117 54 67 170 46 110 78 71 80 31 121 75 149 0 80 40 140 132 
35 36 84 26 71 91 34 33 37 66 1 50 41 43 78 80 0 74 74 62 
54 50 138 55 96 153 53 107 54 34 75 31 107 47 152 40 74 0 113 136 
61 104 148 95 146 52 103 76 61 83 74 108 46 66 105 140 74 113 0 100 
95 90 59 82 90 79 87 31 97 128 61 109 54 104 17 132 62 136 100 0 
0 8250 11 0 0 44 2 10 0 5650 492 17837 0 37812 0 0 61 0 64389 0 
8250 0 54 0 1 1 116 3785 21 124 0 0 0 0 0 0 0 1516 0 95589 
11 54 0 14 114 0 12 0 4810 0 0 0 9 0 13 0 0 0 1 0 
0 0 14 0 0 43010 0 0 804 0 0 8 0 88 0 0 6291 0 0 0 
0 1 114 0 0 0 5572 45903 0 2 0 0 2951 15575 0 42103 51718 8965 0 45162 
44 1 0 43010 0 0 47 6 22316 113 83 36062 650 0 473 0 10632 0 0 12863 
2 116 12 0 5572 47 0 81080 19 0 0 0 0 0 29444 44278 0 2307 26 11361 
10 3785 0 0 45903 6 81080 0 3043 34 0 0 0 8081 0 0 0 550 0 2 
0 21 4810 804 0 22316 19 3043 0 0 0 2527 0 0 98 18 0 32253 5370 191 
5650 124 0 0 2 113 0 34 0 0 0 434 0 106 28702 18 37 3317 5 1 
492 0 0 0 0 83 0 0 0 0 0 586 0 3686 10361 0 6042 4707 0 3673 
17837 0 0 8 0 36062 0 0 2527 434 586 0 443 0 1 7219 17 0 0 25 
0 0 9 0 2951 650 0 0 0 0 0 443 0 0 2 9271 23351 4 72556 1270 
37812 0 0 88 15575 0 0 8081 0 106 3686 0 0 0 59125 0 20063 0 151 37 
0 0 13 0 0 473 29444 0 98 28702 10361 1 2 59125 0 0 0 0 81 11436 
0 0 0 0 42103 0 44278 0 18 18 0 7219 9271 0 0 0 0 0 14671 0 
61 0 0 6291 51718 10632 0 0 0 37 6042 17 23351 20063 0 0 0 0 11922 8 
0 1516 0 0 8965 0 2307 550 32253 3317 4707 0 4 0 0 0 0 0 1742 0 
64389 0 1 0 0 0 26 0 5370 5 0 0 72556 151 81 14671 11922 1742 0 4266 
0 95589 0 0 45162 12863 11361 2 191 1 3673 25 1270 37 11436 0 8 0 4266 0 
0 0 77683 0 5 0 0 0 0 0 32443 0 1044 5 2 489 0 0 0 85 
0 0 74 35682 6734 0 1708 0 0 0 2 22 12 75322 136 27 63 0 0 0 
77683 74 0 0 0 14011 0 0 0 3571 1 336 0 4101 0 39 102 0 0 2 
0 35682 0 0 8746 0 0 5 39 8 1 0 0 0 983 587 4 0 20984 45859 
5 6734 0 8746 0 26219 9 0 19 0 24939 0 0 0 67 0 0 0 18686 0 
0 0 14011 0 26219 0 0 0 251 0 0 0 1216 0 740 1390 6683 31939 0 0 
0 1708 0 0 9 0 0 0 0 0 602 0 1221 0 0 29 12248 0 0 0 
0 0 0 5 0 0 0 0 190 0 0 16 68387 0 4768 0 0 954 960 0 
0 0 0 39 19 251 0 190 0 29174 0 51087 1246 15 0 0 19906 11 0 0 
0 0 3571 8 0 0 0 0 29174 0 0 0 9334 0 0 0 0 0 0 0 
32443 2 1 1 24939 0 602 0 0 0 0 4367 3 0 11 3 0 177 549 0 
0 22 336 0 0 0 0 16 51087 0 4367 0 0 2213 36 0 0 0 2 119 
1044 12 0 0 0 1216 1221 68387 1246 9334 3 0 0 0 0 5186 3 0 0 0 
5 75322 4101 0 0 0 0 0 15 0 0 2213 0 0 1 9 0 0 0 21116 
2 136 0 983 67 740 0 4768 0 0 11 36 0 1 0 50584 542 0 472 0 
489 27 39 587 0 1390 29 0 0 0 3 0 5186 9 50584 0 1 3 2682 29213 
0 63 102 4 0 6683 12248 0 19906 0 0 0 3 0 542 1 0 8601 0 0 
0 0 0 0 0 31939 0 954 11 0 177 0 0 0 0 3 8601 0 33055 5 
0 0 0 20984 18686 0 0 960 0 0 549 2 0 0 472 2682 0 33055 0 0 
85 0 2 45859 0 0 0 0 0 0 0 119 0 21116 0 29213 0 5 0 0 
