40 3
0 59 64 103 62 95 95 48 90 88 90 112 64 139 74 53 26 148 87 89 78 107 103 6 100 177 116 85 94 32 58 33 140 154 91 89 149 95 129 136 
59 0 70 49 40 62 36 46 31 30 43 69 27 80 26 37 59 91 39 30 28 48 85 53 62 119 57 26 35 49 19 41 84 96 32 30 99 39 70 86 
64 70 0 118 33 51 89 98 88 95 64 73 48 126 97 33 87 124 64 86 63 108 150 62 58 154 114 86 89 33 53 83 147 156 86 84 168 106 127 100 
103 49 118 0 85 94 38 68 34 23 68 88 69 56 28 85 93 77 65 36 58 23 68 97 90 97 30 33 37 98 65 74 38 53 38 38 50 11 35 90 
62 40 33 85 0 33 56 78 55 62 34 51 15 94 66 8 77 96 33 53 30 75 125 57 38 126 81 53 55 32 21 66 113 123 53 51 135 74 94 77 
95 62 51 94 33 0 57 107 59 71 25 22 37 82 84 42 110 75 28 57 37 76 147 91 7 104 78 61 57 65 46 97 112 117 56 55 139 82 90 49 
95 36 89 38 56 57 0 77 6 17 31 50 41 44 39 58 95 55 29 6 25 20 100 89 52 83 25 11 1 78 40 76 58 67 4 6 82 27 38 57 
48 46 98 68 78 107 77 0 71 63 90 115 69 117 41 71 27 133 86 71 75 81 55 45 108 159 90 66 76 65 60 15 106 121 74 72 107 64 101 132 
90 31 88 34 55 59 6 71 0 12 34 55 39 49 33 57 89 61 31 2 25 20 94 84 56 89 27 5 5 75 38 70 58 68 4 4 81 23 41 63 
88 30 95 23 62 71 17 63 12 0 46 67 46 53 23 63 84 69 43 14 35 19 82 82 68 95 28 10 16 78 43 65 53 65 16 16 72 11 40 74 
90 43 64 68 34 25 31 90 34 46 0 25 25 61 61 41 99 61 3 32 15 51 124 84 22 92 53 36 32 65 32 83 87 94 30 30 114 57 66 45 
112 69 73 88 51 22 50 115 55 67 25 0 49 63 86 60 123 54 29 53 40 67 148 107 15 82 66 58 51 84 57 108 98 101 51 51 128 77 76 27 
64 27 48 69 15 37 41 69 39 46 25 49 0 81 52 17 74 86 23 37 16 60 112 58 38 116 66 37 40 40 8 60 98 108 37 36 119 58 79 71 
139 80 126 56 94 82 44 117 49 53 61 63 81 0 75 99 137 23 62 50 65 36 125 133 74 41 27 54 45 121 83 118 42 40 48 50 74 54 23 49 
74 26 97 28 66 84 39 41 33 23 61 86 52 75 0 64 65 92 58 34 47 39 62 69 83 117 49 28 38 73 45 46 66 80 37 35 76 23 59 96 
53 37 33 85 8 42 58 71 57 63 41 60 17 99 64 0 69 102 39 55 34 77 120 48 46 132 83 54 58 24 20 58 115 125 55 53 135 74 97 85 
26 59 87 93 77 110 95 27 89 84 99 123 74 137 65 69 0 150 95 88 85 103 79 26 113 178 112 83 93 54 66 19 131 145 91 89 135 88 124 144 
148 91 124 77 96 75 55 133 61 69 61 54 86 23 92 102 150 0 63 62 70 55 146 142 68 30 47 67 57 126 90 132 65 61 59 61 97 73 46 31 
87 39 64 65 33 28 29 86 31 43 3 29 23 62 58 39 95 63 0 29 11 49 121 81 25 93 52 33 29 63 29 79 86 93 27 27 112 54 65 48 
89 30 86 36 53 57 6 71 2 14 32 53 37 50 34 55 88 62 29 0 23 22 95 83 54 89 29 5 5 73 36 70 60 70 2 2 83 25 42 62 
78 28 63 58 30 37 25 75 25 35 15 40 16 65 47 34 85 70 11 23 0 45 110 72 35 100 50 25 25 56 20 68 83 92 22 21 106 47 64 59 
107 48 108 23 75 76 20 81 20 19 51 67 60 36 39 77 103 55 49 22 45 0 91 101 71 77 9 23 20 95 58 84 38 48 22 24 62 18 21 67 
103 85 150 68 125 147 100 55 94 82 124 148 112 125 62 120 79 146 121 95 110 91 0 100 146 164 99 90 98 119 104 71 95 110 98 97 80 74 102 156 
6 53 62 97 57 91 89 45 84 82 84 107 58 133 69 48 26 142 81 83 72 101 100 0 95 171 110 79 88 29 52 29 135 148 85 83 144 89 123 130 
100 62 58 90 38 7 52 108 56 68 22 15 38 74 83 46 113 68 25 54 35 71 146 95 0 97 72 58 53 70 47 99 106 111 52 52 134 79 84 42 
177 119 154 97 126 104 83 159 89 95 92 82 116 41 117 132 178 30 93 89 100 77 164 171 97 0 68 94 84 156 120 159 73 63 87 89 103 95 62 57 
116 57 114 30 81 78 25 90 27 28 53 66 66 27 49 83 112 47 52 29 50 9 99 110 72 68 0 31 25 102 65 93 34 42 28 30 62 26 13 62 
85 26 86 33 53 61 11 66 5 10 36 58 37 54 28 54 83 67 33 5 25 23 90 79 58 94 31 0 10 72 35 65 61 72 8 7 82 21 44 68 
94 35 89 37 55 57 1 76 5 16 32 51 40 45 38 58 93 57 29 5 25 20 98 88 53 84 25 10 0 78 40 75 58 67 3 5 82 26 39 58 
32 49 33 98 32 65 78 65 75 78 65 84 40 121 73 24 54 126 63 73 56 95 119 29 70 156 102 72 78 0 37 50 132 144 75 73 148 88 116 109 
58 19 53 65 21 46 40 60 38 43 32 57 8 83 45 20 66 90 29 36 20 58 104 52 47 120 65 35 40 37 0 51 96 106 37 35 115 54 79 78 
33 41 83 74 66 97 76 15 70 65 83 108 60 118 46 58 19 132 79 70 68 84 71 29 99 159 93 65 75 50 51 0 112 127 72 70 118 69 105 127 
140 84 147 38 113 112 58 106 58 53 87 98 98 42 66 115 131 65 86 60 83 38 95 135 106 73 34 61 58 132 96 112 0 15 60 62 32 45 22 90 
154 96 156 53 123 117 67 121 68 65 94 101 108 40 80 125 145 61 93 70 92 48 110 148 111 63 42 72 67 144 106 127 15 0 70 71 40 58 28 89 
91 32 86 38 53 56 4 74 4 16 30 51 37 48 37 55 91 59 27 2 22 22 98 85 52 87 28 8 3 75 37 72 60 70 0 2 84 27 42 59 
89 30 84 38 51 55 6 72 4 16 30 51 36 50 35 53 89 61 27 2 21 24 97 83 52 89 30 7 5 73 35 70 62 71 2 0 85 27 43 60 
149 99 168 50 135 139 82 107 81 72 114 128 119 74 76 135 135 97 112 83 106 62 80 144 134 103 62 82 82 148 115 118 32 40 84 85 0 61 54 122 
95 39 106 11 74 82 27 64 23 11 57 77 58 54 23 74 88 73 54 25 47 18 74 89 79 95 26 21 26 88 54 69 45 58 27 27 61 0 36 82 
129 70 127 35 94 90 38 101 41 40 66 76 79 23 59 97 124 46 65 42 64 21 102 123 84 62 13 44 39 116 79 105 22 28 42 43 54 36 0 68 
136 86 100 90 77 49 57 132 63 74 45 27 71 49 96 85 144 31 48 62 59 67 156 130 42 57 62 68 58 109 78 127 90 89 59 60 122 82 68 0 
0 0 274 0 236 0 21 0 17 0 0 6 0 6021 35 7508 17769 0 0 0 0 0 74601 0 0 84 0 0 2 0 20829 0 0 1494 0 1 0 2091 51151 0 
0 0 0 109 11 0 150 197 0 0 127 19 0 17 0 0 0 0 1 47 0 2 0 2840 8074 70 66707 0 7 0 44049 0 4 44470 0 0 0 0 1142 155 
274 0 0 2483 0 2 206 1278 1 7 34 0 1 0 0 18 2816 0 0 180 0 1170 0 9366 0 1 0 0 10464 0 0 291 0 132 0 0 0 0 0 0 
0 109 2483 0 0 0 0 2 0 0 832 0 0 1724 322 3796 238 79 59272 1975 12 606 0 30027 78 296 31 0 0 3485 39841 0 0 0 167 0 166 0 0 157 
236 11 0 0 0 1297 9 2 0 0 7 0 5 86416 121 69715 0 0 0 0 42 55552 2753 0 0 0 1 9882 0 0 836 51355 1238 0 0 0 0 0 41023 510 
0 0 2 0 1297 0 14711 53 23094 0 53 112 0 0 0 0 26286 0 5836 0 19269 9280 17588 912 0 0 0 0 0 0 0 0 5 134 29439 2580 3147 14794 5 196 
21 150 206 0 9 14711 0 0 0 11 1073 0 0 3009 1299 14 0 0 43564 28494 0 0 0 0 10131 609 1922 1 21571 0 0 13 0 0 0 1 0 0 0 1136 
0 197 1278 2 2 53 0 0 0 0 0 0 0 0 582 4 249 0 9911 2 0 0 0 1 32170 1204 0 0 0 16354 284 0 0 2 701 0 47 11834 0 0 
17 0 1 0 0 23094 0 0 0 61 1 506 0 6 832 0 5485 0 7 15 0 0 46 13 0 0 0 46 1 0 0 268 0 1 2 0 0 8807 0 0 
0 0 7 0 0 0 11 0 61 0 2460 872 0 9797 8 0 0 0 8 14622 0 0 8327 0 5 0 0 0 0 0 1 1594 19 0 27859 10740 0 47229 0 0 
0 127 34 832 7 53 1073 0 1 2460 0 25445 0 39896 38923 0 669 663 3 37 0 0 2 57 0 0 0 5738 47648 1642 10679 0 7 0 38 35 0 1 22 421 
6 19 0 0 0 112 0 0 506 872 25445 0 0 0 7779 31861 0 0 0 95172 0 0 256 71020 0 0 0 0 10 4897 0 7 0 5 13362 0 0 250 2 89199 
0 0 1 0 5 0 0 0 0 0 0 0 0 0 11972 154 0 34880 0 0 2962 0 0 101 0 0 2038 146 0 523 10 278 1255 45519 0 0 0 0 88995 0 
6021 17 0 1724 86416 0 3009 0 6 9797 39896 0 0 0 0 9 46548 7017 32 0 0 0 0 12 14140 0 0 0 0 2 68 3268 7695 0 0 0 0 1 0 83132 
35 0 0 322 121 0 1299 582 832 8 38923 7779 11972 0 0 0 11 47 7 0 0 0 3612 4 295 140 13836 0 0 89 240 0 7 0 2226 84 0 0 0 18332 
7508 0 18 3796 69715 0 14 4 0 0 0 31861 154 9 0 0 0 0 278 0 1 6198 1 0 1 18 0 0 0 4 0 0 0 826 0 0 132 3 0 0 
17769 0 2816 238 0 26286 0 249 5485 0 669 0 0 46548 11 0 0 1 0 101 2797 0 22 0 0 647 1446 5446 0 0 78 0 59 16 0 0 0 0 46752 0 
0 0 0 79 0 0 0 0 0 0 663 0 34880 7017 47 0 1 0 0 0 26228 13099 0 37 0 4 2203 5673 1 17679 17 193 0 3 1 731 24 0 1 0 
0 1 0 59272 0 5836 43564 9911 7 8 3 0 0 32 7 278 0 0 0 2 0 0 8444 0 0 19 0 0 0 0 0 25181 98795 0 0 0 918 0 11408 1445 
0 47 180 1975 0 0 28494 2 15 14622 37 95172 0 0 0 0 101 0 2 0 118 0 0 274 82057 0 0 73471 30 0 0 19875 1 12 0 453 0 0 18103 0 
0 0 0 12 42 19269 0 0 0 0 0 0 2962 0 0 1 2797 26228 0 118 0 0 0 0 0 0 0 1 0 71 260 0 594 0 0 0 0 19048 0 280 
0 2 1170 606 55552 9280 0 0 0 0 0 0 0 0 0 6198 0 13099 0 0 0 0 1508 27187 4004 0 452 2277 0 172 10209 0 0 0 14484 37 5 0 0 0 
74601 0 0 0 2753 17588 0 0 46 8327 2 256 0 0 3612 1 22 0 8444 0 0 1508 0 3 12144 0 2466 507 0 18 8991 0 0 3 0 0 0 0 6 27 
0 2840 9366 30027 0 912 0 1 13 0 57 71020 101 12 4 0 0 37 0 274 0 27187 3 0 67606 0 44980 61560 586 532 2 0 13 278 0 0 23 0 0 1 
0 8074 0 78 0 0 10131 32170 0 5 0 0 0 14140 295 1 0 0 0 82057 0 4004 12144 67606 0 358 28 0 0 0 5592 0 35 0 0 0 0 0 0 2862 
84 70 1 296 0 0 609 1204 0 0 0 0 0 0 140 18 647 4 19 0 0 0 0 0 358 0 55516 0 974 0 0 0 0 0 5359 0 0 0 0 0 
0 66707 0 31 1 0 1922 0 0 0 0 0 2038 0 13836 0 1446 2203 0 0 0 452 2466 44980 28 55516 0 41193 0 303 9 173 0 18135 0 232 340 0 9020 2 
0 0 0 0 9882 0 1 0 46 0 5738 0 146 0 0 0 5446 5673 0 73471 1 2277 507 61560 0 0 41193 0 4 22 0 310 8 81115 471 5722 27840 0 0 0 
2 7 10464 0 0 0 21571 0 1 0 47648 10 0 0 0 0 0 1 0 30 0 0 0 586 0 974 0 4 0 0 0 0 0 10 15 0 0 1 1 0 
0 0 0 3485 0 0 0 16354 0 0 1642 4897 523 2 89 4 0 17679 0 0 71 172 18 532 0 0 303 22 0 0 0 0 582 11 13 0 0 12 317 213 
20829 44049 0 39841 836 0 0 284 0 1 10679 0 10 68 240 0 78 17 0 0 260 10209 8991 2 5592 0 9 0 0 0 0 0 50675 10556 0 2663 16 1402 530 0 
0 0 291 0 51355 0 13 0 268 1594 0 7 278 3268 0 0 0 193 25181 19875 0 0 0 0 0 0 173 310 0 0 0 0 282 717 43767 46142 123 0 3 0 
0 4 0 0 1238 5 0 0 0 19 7 0 1255 7695 7 0 59 0 98795 1 594 0 0 13 35 0 0 8 0 582 50675 282 0 0 0 0 0 0 7 0 
1494 44470 132 0 0 134 0 2 1 0 0 5 45519 0 0 826 16 3 0 12 0 0 3 278 0 0 18135 81115 10 11 10556 717 0 0 0 0 0 843 0 0 
0 0 0 167 0 29439 0 701 2 27859 38 13362 0 0 2226 0 0 1 0 0 0 14484 0 0 0 5359 0 471 15 13 0 43767 0 0 0 3 3 26 11499 756 
1 0 0 0 0 2580 1 0 0 10740 35 0 0 0 84 0 0 731 0 453 0 37 0 0 0 0 232 5722 0 0 2663 46142 0 0 3 0 1 11 1 7120 
0 0 0 166 0 3147 0 47 0 0 0 0 0 0 0 132 0 24 918 0 0 5 0 23 0 0 340 27840 0 0 16 123 0 0 3 1 0 38426 85 90 
2091 0 0 0 0 14794 0 11834 8807 47229 1 250 0 1 0 3 0 0 0 0 19048 0 0 0 0 0 0 0 1 12 1402 0 0 843 26 11 38426 0 531 0 
51151 1142 0 0 41023 5 0 0 0 0 22 2 88995 0 0 0 46752 1 11408 18103 0 0 6 0 0 0 9020 0 1 317 530 3 7 0 11499 1 85 531 0 34799 
0 155 0 157 510 196 1136 0 0 0 421 89199 0 83132 18332 0 0 0 1445 0 280 0 27 1 2862 0 2 0 0 213 0 0 0 0 756 7120 90 0 34799 0 
0 12800 0 10 0 7498 0 9354 0 1 1779 0 5 0 0 0 0 1109 5 6867 18924 58113 0 14113 17 0 2418 34 0 7365 0 3 215 0 26 0 8 0 0 1303 
12800 0 61068 0 0 211 0 0 27 11 0 0 13067 0 632 23 6920 11 0 0 607 0 240 0 0 0 0 1546 0 28 0 2 0 0 1 18 856 6 0 0 
0 61068 0 0 6385 0 0 0 0 0 0 26599 0 44 39331 0 0 11 171 0 1 0 5669 0 2 0 2445 39748 0 375 739 0 66 0 1495 10244 160 22 4088 2465 
10 0 0 0 28 3 81 0 2006 30634 0 41672 1 0 0 0 0 0 0 0 0 0 1 0 0 0 0 43116 256 0 0 29 2875 136 0 8 0 506 19668 0 
0 0 6385 28 0 0 0 0 326 10 0 1618 0 0 0 0 67076 5896 18997 7189 0 0 0 29010 27 2 0 0 1336 94674 0 0 0 643 29068 8 19 849 0 0 
7498 211 0 3 0 0 0 0 0 4070 0 0 571 2 550 42 0 23808 0 19303 0 0 0 0 1 146 1587 10725 75276 22 3 1543 0 0 0 0 0 0 0 0 
0 0 0 81 0 0 0 1964 460 0 0 6370 8406 0 0 0 220 1859 0 0 480 25488 119 2 0 0 0 0 0 592 7 0 48 1713 359 0 6 2775 4 0 
9354 0 0 0 0 0 1964 0 602 7330 18 4 5 314 0 0 0 2825 0 0 860 67 26 0 0 0 176 134 2 0 0 18 43124 0 0 27378 0 0 1030 1385 
0 27 0 2006 326 0 460 602 0 0 0 0 32886 0 0 1 0 19 0 0 10225 354 0 0 47 6426 11498 0 0 5 53557 0 60 0 0 27 29338 0 6 45844 
1 11 0 30634 10 4070 0 7330 0 0 0 0 1 0 0 2444 427 1137 0 0 4 730 0 40 0 2340 66721 62590 4355 11 0 0 0 4053 0 0 69 0 6975 80091 
1779 0 0 0 0 0 0 18 0 0 0 0 4196 0 0 224 0 0 0 0 8 23 0 0 2374 56252 29431 0 0 0 0 2999 0 20 0 0 421 0 0 0 
0 0 26599 41672 1618 0 6370 4 0 0 0 0 35993 9 0 0 25 256 61 0 3 42166 0 0 6078 57338 726 1302 0 0 1 0 45 0 0 90 78 0 0 0 
5 13067 0 1 0 571 8406 5 32886 1 4196 35993 0 16 0 0 6 0 2355 99135 0 5541 2226 0 1944 57 0 0 96 0 0 0 0 0 126 3510 4 7233 0 1249 
0 0 44 0 0 2 0 314 0 0 0 9 16 0 72 0 0 0 0 12495 1693 1 50 0 0 838 15 228 1 0 0 0 0 1075 2023 347 71 0 515 0 
0 632 39331 0 0 550 0 0 0 0 0 0 0 72 0 179 0 0 0 1 117 4 0 0 0 0 0 12 1 0 0 9774 0 1354 0 0 4 56 2935 0 
0 23 0 0 0 42 0 0 1 2444 224 0 0 0 179 0 106 15 0 165 0 0 0 93306 0 0 1 22 2 0 50440 2 57 0 2935 82 0 0 3 348 
0 6920 0 0 67076 0 220 0 0 427 0 25 6 0 0 106 0 0 235 0 0 115 0 933 53675 0 0 0 6851 64747 0 125 0 0 1 1 1 2925 0 75 
1109 11 11 0 5896 23808 1859 2825 19 1137 0 256 0 0 0 15 0 0 9 5 0 0 70 0 6 0 0 0 0 0 0 0 19906 0 0 0 0 287 0 79947 
5 0 171 0 18997 0 0 0 0 0 0 61 2355 0 0 0 235 9 0 0 276 4 0 704 74895 0 30481 29 46511 6 34405 0 0 13 303 136 0 1 0 0 
6867 0 0 0 7189 19303 0 0 0 0 0 0 99135 12495 1 165 0 5 0 0 0 40342 28516 0 0 84360 78561 0 0 1918 4061 0 0 0 5 0 1 3 0 9 
18924 607 1 0 0 0 480 860 10225 4 8 3 0 1693 117 0 0 0 276 0 0 704 39 4 2626 5492 4 0 1 0 0 1805 0 343 11589 34 39 0 43484 0 
58113 0 0 0 0 0 25488 67 354 730 23 42166 5541 1 4 0 115 0 4 40342 704 0 0 0 0 1163 0 0 4 0 0 3166 36108 145 0 0 0 5741 2 2 
0 240 5669 1 0 0 119 26 0 0 0 0 2226 50 0 0 0 70 0 28516 39 0 0 0 0 1362 0 0 41 0 0 3291 3691 0 616 3 46731 6 0 0 
14113 0 0 0 29010 0 2 0 0 40 0 0 0 0 0 93306 933 0 704 0 4 0 0 0 0 29 0 0 0 0 0 8 0 0 60 3367 0 2940 6 0 
17 0 2 0 27 1 0 0 47 0 2374 6078 1944 0 0 0 53675 6 74895 0 2626 0 0 0 0 0 0 66265 35604 1283 0 4 0 16 110 4023 64303 9 2863 0 
0 0 0 0 2 146 0 0 6426 2340 56252 57338 57 838 0 0 0 0 0 84360 5492 1163 1362 29 0 0 0 42 0 18718 20 947 11 67366 0 2 251 4092 51 126 
2418 0 2445 0 0 1587 0 176 11498 66721 29431 726 0 15 0 1 0 0 30481 78561 4 0 0 0 0 0 0 0 5717 0 0 0 17381 0 3 0 0 24147 0 0 
34 1546 39748 43116 0 10725 0 134 0 62590 0 1302 0 228 12 22 0 0 29 0 0 0 0 0 66265 42 0 0 0 0 5256 0 0 0 0 0 0 2 938 3 
0 0 0 256 1336 75276 0 2 0 4355 0 0 96 1 1 2 6851 0 46511 0 1 4 41 0 35604 0 5717 0 0 3 227 5622 582 0 0 22 658 0 0 284 
7365 28 375 0 94674 22 592 0 5 11 0 0 0 0 0 0 64747 0 6 1918 0 0 0 0 1283 18718 0 0 3 0 14578 30734 0 0 0 9654 47146 0 0 0 
0 0 739 0 0 3 7 0 53557 0 0 1 0 0 0 50440 0 0 34405 4061 0 0 0 0 0 20 0 5256 227 14578 0 84439 0 0 1844 0 0 0 0 439 
3 2 0 29 0 1543 0 18 0 0 2999 0 0 0 9774 2 125 0 0 0 1805 3166 3291 8 4 947 0 0 5622 30734 84439 0 0 0 0 0 0 973 0 54550 
215 0 66 2875 0 0 48 43124 60 0 0 45 0 0 0 57 0 19906 0 0 0 36108 3691 0 0 11 17381 0 582 0 0 0 0 121 24 190 1 222 0 13011 
0 0 0 136 643 0 1713 0 0 4053 20 0 0 1075 1354 0 0 0 13 0 343 145 0 0 16 67366 0 0 0 0 0 0 121 0 1537 51340 35467 0 4 70 
26 1 1495 0 29068 0 359 0 0 0 0 0 126 2023 0 2935 1 0 303 5 11589 0 616 60 110 0 3 0 0 0 1844 0 24 1537 0 0 0 0 0 0 
0 18 10244 8 8 0 0 27378 27 0 0 90 3510 347 0 82 1 0 136 0 34 0 3 3367 4023 2 0 0 22 9654 0 0 190 51340 0 0 0 0 0 0 
8 856 160 0 19 0 6 0 29338 69 421 78 4 71 4 0 1 0 0 1 39 0 46731 0 64303 251 0 0 658 47146 0 0 1 35467 0 0 0 0 0 0 
0 6 22 506 849 0 2775 0 0 0 0 0 7233 0 56 0 2925 287 1 3 0 5741 6 2940 9 4092 24147 2 0 0 0 973 222 0 0 0 0 0 0 623 
0 0 4088 19668 0 0 4 1030 6 6975 0 0 0 515 2935 3 0 0 0 0 43484 2 0 6 2863 51 0 938 0 0 0 0 0 4 0 0 0 0 0 0 
1303 0 2465 0 0 0 0 1385 45844 80091 0 0 1249 0 0 348 75 79947 0 9 0 2 0 0 0 126 0 3 284 0 439 54550 13011 70 0 0 0 623 0 0 
0 52 0 15 0 849 0 64 0 14948 155 0 3 0 0 0 0 83229 38976 8126 6 42 0 351 121 0 3016 3 0 686 0 14 4459 0 106 0 66987 0 0 42 
52 0 53 0 0 2044 0 0 268 943 0 0 24245 0 62130 315 1 20 0 0 85603 0 2 0 0 0 0 317 0 1 0 3 0 0 180 66618 11601 4 0 0 
0 53 0 0 83 0 0 0 0 0 0 521 0 98 6 0 0 2 1290 0 141 0 9476 0 3 0 419 169 0 40316 9 0 2289 0 2178 5852 5805 258 2820 518 
15 0 0 0 298 744 34 0 7 47 0 30 76 0 0 0 0 0 0 0 0 0 3828 0 0 0 0 399 438 0 0 21 65 557 0 117 0 68 65 0 
0 0 83 298 0 0 0 0 102 18789 0 8255 0 0 0 0 3138 11741 26 37 0 0 0 31310 4664 1 0 0 1015 73 0 0 0 117 52 31461 7485 15827 0 0 
849 2044 0 744 0 0 0 0 0 1 0 0 899 20294 195 9525 0 86797 0 2 0 0 0 0 10244 16 993 21758 3 22 2561 39870 0 0 0 0 0 0 0 0 
0 0 0 34 0 0 0 4226 3 0 0 1032 34114 0 0 0 2125 222 0 0 49773 1535 761 1 0 0 0 0 0 35 2 0 33 8821 359 0 15166 81 43909 0 
64 0 0 0 0 0 4226 0 1436 2556 51 20 76208 122 0 0 0 58853 0 0 49 21094 38 0 0 0 12 29194 3581 0 0 171 12038 0 0 11 0 0 24663 258 
0 268 0 7 102 0 3 1436 0 0 0 0 1605 0 0 818 0 1590 0 0 230 840 0 0 18060 65463 1 0 0 170 156 0 50881 0 0 1948 391 0 75575 23 
14948 943 0 47 18789 1 0 2556 0 0 0 0 3746 0 0 11058 2578 389 0 0 132 16315 0 21464 0 13293 23 2719 4 42469 0 0 0 5036 0 0 1679 0 187 1262 
155 0 0 0 0 0 0 51 0 0 0 0 78598 0 0 4 0 0 0 0 258 92 0 0 1 470 323 0 0 0 0 126 0 26252 0 0 2487 0 0 0 
0 0 521 30 8255 0 1032 20 0 0 0 0 3816 243 0 0 103 47295 31864 0 20 192 0 0 12 258 29 67 0 0 85 0 828 0 0 4 36194 0 0 0 
3 24245 0 76 0 899 34114 76208 1605 3746 78598 3816 0 180 0 0 8763 0 57 10647 0 39130 1 0 336 20848 0 0 2713 0 0 0 0 0 3191 15 38681 11 0 46 
0 0 98 0 0 20294 0 122 0 0 0 243 180 0 23858 0 0 0 0 78 790 1864 817 0 0 1996 1180 10162 43005 0 0 0 0 7855 38 54566 97 0 27895 0 
0 62130 6 0 0 195 0 0 0 0 0 0 0 23858 0 6 0 0 0 31430 12 17 0 0 0 0 0 11 3156 0 0 26336 0 5447 0 0 3487 15586 1515 0 
0 315 0 0 0 9525 0 0 818 11058 4 0 0 0 6 0 92686 4700 0 161 0 0 0 207 0 0 26 3 2 0 45570 2 1143 0 305 96180 0 0 3134 14894 
0 1 0 0 3138 0 2125 0 0 2578 0 103 8763 0 0 92686 0 0 11750 0 0 12729 0 2 4 0 0 0 42 41 0 39035 0 0 1 57722 20305 137 0 3298 
83229 20 2 0 11741 86797 222 58853 1590 389 0 47295 0 0 0 4700 0 0 16 109 0 0 621 0 2903 0 0 0 0 0 0 0 10778 0 0 0 0 464 0 61 
38976 0 1290 0 26 0 0 0 0 0 0 31864 57 0 0 0 11750 16 0 0 18729 823 0 107 6033 0 3 2 133 21 11 0 0 44 84688 240 0 393 0 0 
8126 0 0 0 37 2 0 0 0 0 0 0 10647 78 31430 161 0 109 0 0 0 277 3 0 0 1 784 0 0 26 128 0 0 0 582 0 1747 37648 0 11779 
6 85603 141 0 0 0 49773 49 230 132 258 20 0 790 12 0 0 0 18729 0 0 1550 19813 31985 2 53840 2673 0 142 0 0 16151 0 1 1762 294 743 0 34 0 
42 0 0 0 0 0 1535 21094 840 16315 92 192 39130 1864 17 0 12729 0 823 277 1550 0 0 0 0 4461 0 0 662 0 0 23 468 2872 0 0 0 84510 22 14279 
0 2 9476 3828 0 0 761 38 0 0 0 0 1 817 0 0 0 621 0 3 19813 0 0 0 0 43420 0 0 30 0 0 58296 2050 0 2105 916 2972 235 0 0 
351 0 0 0 31310 0 1 0 0 21464 0 0 0 0 0 207 2 0 107 0 31985 0 0 0 0 407 0 0 0 0 0 37831 0 0 889 1 0 3135 1 0 
121 0 3 0 4664 10244 0 0 18060 0 1 12 336 0 0 0 4 2903 6033 0 2 0 0 0 0 0 0 736 3734 2495 0 2618 0 32901 20873 39 20 4 36267 0 
0 0 0 0 1 16 0 0 65463 13293 470 258 20848 1996 0 0 0 0 0 1 53840 4461 43420 407 0 0 0 10105 0 5 15 1 2723 147 0 20 42119 12 5 1543 
3016 0 419 0 0 993 0 12 1 23 323 29 0 1180 0 26 0 0 3 784 2673 0 0 0 0 0 0 0 8 0 0 0 11 0 4714 0 0 178 0 0 
3 317 169 399 0 21758 0 29194 0 2719 0 67 0 10162 11 3 0 0 2 0 0 0 0 0 736 10105 0 0 0 0 31256 0 0 0 0 0 0 79 180 140 
0 0 0 438 1015 3 0 3581 0 4 0 0 2713 43005 3156 2 42 0 133 0 142 662 30 0 3734 0 8 0 0 3 407 154 18718 0 0 1 76989 0 0 13117 
686 1 40316 0 73 22 35 0 170 42469 0 0 0 0 0 0 41 0 21 26 0 0 0 0 2495 5 0 0 3 0 3913 246 0 0 0 138 180 0 0 0 
0 0 9 0 0 2561 2 0 156 0 0 85 0 0 0 45570 0 0 11 128 0 0 0 0 0 15 0 31256 407 3913 0 5854 0 0 4556 0 0 0 0 215 
14 3 0 21 0 39870 0 171 0 0 126 0 0 0 26336 2 39035 0 0 0 16151 23 58296 37831 2618 1 0 0 154 246 5854 0 0 0 0 0 0 80 0 4994 
4459 0 2289 65 0 0 33 12038 50881 0 0 828 0 0 0 1143 0 10778 0 0 0 468 2050 0 0 2723 11 0 18718 0 0 0 0 16 55040 1 6 2 0 1 
0 0 0 557 117 0 8821 0 0 5036 26252 0 0 7855 5447 0 0 0 44 0 1 2872 0 0 32901 147 0 0 0 0 0 0 16 0 82292 11916 60 0 4 71869 
106 180 2178 0 52 0 359 0 0 0 0 0 3191 38 0 305 1 0 84688 582 1762 0 2105 889 20873 0 4714 0 0 0 4556 0 55040 82292 0 0 0 0 0 0 
0 66618 5852 117 31461 0 0 11 1948 0 0 4 15 54566 0 96180 57722 0 240 0 294 0 916 1 39 20 0 0 1 138 0 0 1 11916 0 0 0 0 0 0 
66987 11601 5805 0 7485 0 15166 0 391 1679 2487 36194 38681 97 3487 0 20305 0 0 1747 743 0 2972 0 20 42119 0 0 76989 180 0 0 6 60 0 0 0 0 0 0 
0 4 258 68 15827 0 81 0 0 0 0 0 11 0 15586 0 137 464 393 37648 0 84510 235 3135 4 12 178 79 0 0 0 80 2 0 0 0 0 0 0 14097 
0 0 2820 65 0 0 43909 24663 75575 187 0 0 0 27895 1515 3134 0 0 0 0 34 22 0 1 36267 5 0 180 0 0 0 0 0 4 0 0 0 0 0 0 
42 0 518 0 0 0 0 258 23 1262 0 0 46 0 0 14894 3298 61 0 11779 0 14279 0 0 0 1543 0 140 13117 0 215 4994 1 71869 0 0 0 14097 0 0 
