15 2
0 59 64 103 62 95 95 48 90 88 90 112 64 139 74 
59 0 70 49 40 62 36 46 31 30 43 69 27 80 26 
64 70 0 118 33 51 89 98 88 95 64 73 48 126 97 
103 49 118 0 85 94 38 68 34 23 68 88 69 56 28 
62 40 33 85 0 33 56 78 55 62 34 51 15 94 66 
95 62 51 94 33 0 57 107 59 71 25 22 37 82 84 
95 36 89 38 56 57 0 77 6 17 31 50 41 44 39 
48 46 98 68 78 107 77 0 71 63 90 115 69 117 41 
90 31 88 34 55 59 6 71 0 12 34 55 39 49 33 
88 30 95 23 62 71 17 63 12 0 46 67 46 53 23 
90 43 64 68 34 25 31 90 34 46 0 25 25 61 61 
112 69 73 88 51 22 50 115 55 67 25 0 49 63 86 
64 27 48 69 15 37 41 69 39 46 25 49 0 81 52 
139 80 126 56 94 82 44 117 49 53 61 63 81 0 75 
74 26 97 28 66 84 39 41 33 23 61 86 52 75 0 
0 110 6953 0 0 0 562 1 8 0 0 0 9 20374 637 
110 0 22042 378 107 2010 4 1 80 0 10 0 0 0 0 
6953 22042 0 0 0 12838 1053 460 62143 0 0 859 0 0 0 
0 378 0 0 0 0 6831 1248 19 7 66410 1051 0 19795 0 
0 107 0 0 0 0 0 1 0 0 1 1146 0 0 0 
0 2010 12838 0 0 0 0 6687 48146 11 22148 0 148 5 0 
562 4 1053 6831 0 0 0 25 35188 0 3854 0 0 0 0 
1 1 460 1248 1 6687 25 0 15686 49818 0 1890 22550 89 7805 
8 80 62143 19 0 48146 35188 15686 0 0 9 62 4 0 1 
0 0 0 7 0 11 0 49818 0 0 73336 0 19114 81 0 
0 10 0 66410 1 22148 3854 0 9 73336 0 0 0 15 0 
0 0 859 1051 1146 0 0 1890 62 0 0 0 0 25818 0 
9 0 0 0 0 148 0 22550 4 19114 0 0 0 10 396 
20374 0 0 19795 0 5 0 89 0 81 15 25818 10 0 35 
637 0 0 0 0 0 0 7805 1 0 0 0 396 35 0 
0 43 12080 0 0 0 41 3 2 0 0 0 0 11637 9797 
43 0 7035 21328 1 11983 1 0 11 0 20 149 4 0 0 
12080 7035 0 0 0 34428 7934 2301 467 0 0 2437 0 0 0 
0 21328 0 0 0 0 119 2244 3697 3 84378 4579 0 11771 0 
0 1 0 0 0 0 0 7 0 1 17 278 0 0 4 
0 11983 34428 0 0 0 0 1083 36770 1 35196 0 2 17 0 
41 1 7934 119 0 0 0 0 233 0 6655 0 0 0 0 
3 0 2301 2244 7 1083 0 0 200 823 0 549 9127 42 452 
2 11 467 3697 0 36770 233 200 0 0 14 9 26 0 0 
0 0 0 3 1 1 0 823 0 0 4518 0 3481 1 0 
0 20 0 84378 17 35196 6655 0 14 4518 0 0 0 388 0 
0 149 2437 4579 278 0 0 549 9 0 0 0 0 7084 0 
0 4 0 0 0 2 0 9127 26 3481 0 0 0 17 10520 
11637 0 0 11771 0 17 0 42 0 1 388 7084 17 0 0 
9797 0 0 0 4 0 0 452 0 0 0 0 10520 0 0 
