10 2
0 123 17 72 89 90 77 84 122 70 
123 0 116 51 121 48 96 115 59 63 
17 116 0 64 101 90 86 66 108 71 
72 51 64 0 97 39 71 77 62 33 
89 121 101 97 0 73 26 158 158 64 
90 48 90 39 73 0 47 116 91 20 
77 96 86 71 26 47 0 136 132 38 
84 115 66 77 158 116 136 0 73 105 
122 59 108 62 158 91 132 73 0 94 
70 63 71 33 64 20 38 105 94 0 
0 79 0 0 0 2 0 0 0 1604 
79 0 0 0 0 0 0 2318 7226 132 
0 0 0 0 0 0 28 10 0 0 
0 0 0 0 16 0 0 0 0 0 
0 0 0 16 0 0 0 0 0 0 
2 0 0 0 0 0 0 0 38 0 
0 0 28 0 0 0 0 0 2 0 
0 2318 10 0 0 0 0 0 0 0 
0 7226 0 0 0 38 2 0 0 0 
1604 132 0 0 0 0 0 0 0 0 
0 0 0 56 0 0 10 93049 1 0 
0 0 0 2763 0 0 2 4699 37201 81 
0 0 0 0 35 0 0 0 0 0 
56 2763 0 0 1 1177 1 0 6 402 
0 0 35 1 0 0 0 2463 0 4 
0 0 0 1177 0 0 19 0 1612 0 
10 2 0 1 0 19 0 14 0 4217 
93049 4699 0 0 2463 0 14 0 95 0 
1 37201 0 6 0 1612 0 95 0 18 
0 81 0 402 4 0 4217 0 18 0 
