50 4
0 123 17 72 89 90 77 84 122 70 141 118 117 117 58 85 94 145 69 99 137 99 30 139 114 56 50 94 70 158 148 87 53 161 64 94 106 62 87 81 66 9 49 48 135 73 47 81 16 69 
123 0 116 51 121 48 96 115 59 63 25 47 40 16 64 39 31 87 58 23 83 33 103 24 65 67 92 40 53 45 35 36 95 46 119 29 43 89 107 43 57 113 75 95 85 58 91 43 139 54 
17 116 0 64 101 90 86 66 108 71 133 119 117 113 52 81 90 150 68 93 122 97 14 135 118 53 57 84 66 154 139 82 62 151 46 88 94 69 69 78 59 15 41 32 119 72 32 78 31 65 
72 51 64 0 97 39 71 77 62 33 69 64 60 49 13 21 29 104 24 28 84 38 52 71 72 21 53 26 13 91 77 19 58 89 74 23 41 56 72 18 5 62 23 46 83 30 41 18 88 13 
89 121 101 97 0 73 26 158 158 64 146 84 88 106 88 88 93 82 73 107 181 88 104 121 67 78 49 121 84 131 156 94 43 167 143 101 136 41 157 86 94 86 92 116 180 69 112 86 92 83 
90 48 90 39 73 0 47 116 91 20 73 28 27 34 42 20 20 64 22 35 115 15 82 53 32 38 48 55 28 69 83 26 49 95 111 30 68 42 111 21 41 81 54 82 115 17 77 21 104 28 
77 96 86 71 26 47 0 136 132 38 121 63 66 81 63 62 67 73 47 81 155 62 85 98 49 54 29 95 58 110 130 68 24 142 124 75 110 17 134 60 69 71 69 95 154 42 90 60 85 57 
84 115 66 77 158 116 136 0 73 105 118 141 136 120 76 98 104 181 98 96 73 114 56 139 149 84 109 75 89 160 120 94 114 129 22 95 74 118 9 96 75 79 67 42 70 103 46 96 96 88 
122 59 108 62 158 91 132 73 0 94 51 103 96 73 74 71 70 145 85 56 25 79 93 83 118 83 115 37 74 101 50 65 120 57 87 60 22 118 63 72 66 113 76 77 25 89 76 72 138 75 
70 63 71 33 64 20 38 105 94 0 87 48 47 52 29 25 32 79 8 44 117 32 64 72 47 21 28 56 20 89 96 31 31 108 97 38 71 26 102 23 32 61 39 67 116 5 62 23 84 19 
141 25 133 69 146 73 121 118 51 87 0 70 64 41 83 62 55 108 81 43 71 58 119 37 89 88 115 49 74 52 10 57 118 21 127 50 44 113 110 65 75 131 92 107 73 82 104 65 158 75 
118 47 119 64 84 28 63 141 103 48 70 0 6 30 70 43 37 42 50 48 128 26 110 38 19 66 73 72 55 47 80 46 73 90 138 47 82 64 135 45 67 109 82 109 128 46 104 45 132 56 
117 40 117 60 88 27 66 136 96 47 64 6 0 24 67 39 32 48 48 42 121 22 108 32 25 64 74 66 52 44 73 42 75 83 134 41 76 66 130 42 64 108 79 106 122 44 101 42 131 53 
117 16 113 49 106 34 81 120 73 52 41 30 24 0 60 31 22 72 48 24 98 19 101 21 48 61 81 46 46 42 51 31 83 62 122 26 54 76 113 35 54 107 72 95 99 47 91 35 132 48 
58 64 52 13 88 42 63 76 74 29 83 70 67 60 0 29 38 107 21 41 95 45 41 82 74 9 41 39 15 102 90 29 47 103 69 35 53 47 72 25 8 48 12 39 93 27 34 25 75 14 
85 39 81 21 88 20 62 98 71 25 62 43 39 31 29 0 9 83 18 19 96 17 70 53 51 29 52 34 14 73 71 6 56 83 95 13 49 51 92 3 25 75 41 67 95 20 62 3 101 16 
94 31 90 29 93 20 67 104 70 32 55 37 32 22 38 9 0 79 27 14 95 10 79 44 48 38 60 36 24 64 64 10 64 76 103 10 48 58 98 13 33 85 50 75 95 27 70 13 110 25 
145 87 150 104 82 64 73 181 145 79 108 42 48 72 107 83 79 0 85 91 170 68 144 71 32 101 95 114 92 67 117 88 93 125 176 89 125 84 176 85 106 138 118 146 171 79 141 85 156 93 
69 58 68 24 73 22 47 98 85 8 81 50 48 48 21 18 27 85 0 37 108 30 60 70 52 16 34 48 11 88 90 23 38 102 91 31 63 34 94 15 24 60 32 61 107 5 56 15 84 10 
99 23 93 28 107 35 81 96 56 44 43 48 42 24 41 19 14 91 37 0 81 23 80 43 62 45 71 23 30 64 52 13 75 65 98 6 34 70 89 21 33 89 51 72 81 39 68 21 115 31 
137 83 122 84 181 115 155 73 25 117 71 128 121 98 95 96 95 170 108 81 0 104 107 106 143 104 136 61 97 123 67 89 142 71 92 85 47 141 64 96 87 129 96 90 3 113 90 96 153 98 
99 33 97 38 88 15 62 114 79 32 58 26 22 19 45 17 10 68 30 23 104 0 87 40 38 44 61 46 30 58 68 19 63 79 112 20 58 56 108 20 42 90 57 84 105 28 79 20 114 32 
30 103 14 52 104 82 85 56 93 64 119 110 108 101 41 70 79 144 60 80 107 87 0 123 111 44 56 70 56 143 125 70 61 137 39 76 80 68 58 67 47 23 29 18 105 65 18 67 45 55 
139 24 135 71 121 53 98 139 83 72 37 38 32 21 82 53 44 71 70 43 106 40 123 0 57 83 101 64 68 21 46 52 103 54 142 47 68 95 131 57 76 129 94 116 107 68 112 57 154 69 
114 65 118 72 67 32 49 149 118 47 89 19 25 48 74 51 48 32 52 62 143 38 111 57 0 68 66 84 60 63 99 57 65 109 143 59 97 55 144 53 73 106 85 113 143 46 108 53 126 60 
56 67 53 21 78 38 54 84 83 21 88 66 64 61 9 29 38 101 16 45 104 44 44 83 68 0 32 47 14 102 96 31 37 109 75 39 62 37 81 25 17 46 17 45 103 21 40 25 71 13 
50 92 57 53 49 48 29 109 115 28 115 73 74 81 41 52 60 95 34 71 136 61 56 101 66 32 0 79 42 117 124 57 5 136 95 65 94 12 107 49 49 43 43 67 135 33 63 49 60 41 
94 40 84 26 121 55 95 75 37 56 49 72 66 46 39 34 36 114 48 23 61 46 70 64 84 47 79 0 37 85 55 28 84 67 79 25 15 81 67 35 30 84 45 57 60 52 54 35 111 38 
70 53 66 13 84 28 58 89 74 20 74 55 52 46 15 14 24 92 11 30 97 30 56 68 60 14 42 37 0 88 82 17 47 95 83 24 52 44 84 11 13 61 27 54 96 16 49 11 86 1 
158 45 154 91 131 69 110 160 101 89 52 47 44 42 102 73 64 67 88 64 123 58 143 21 63 102 117 85 88 0 58 73 118 62 163 68 88 110 152 76 96 148 114 137 125 86 132 76 173 89 
148 35 139 77 156 83 130 120 50 96 10 80 73 51 90 71 64 117 90 52 67 68 125 46 99 96 124 55 82 58 0 66 128 12 130 58 47 122 111 74 82 139 99 112 69 91 109 74 165 84 
87 36 82 19 94 26 68 94 65 31 57 46 42 31 29 6 10 88 23 13 89 19 70 52 57 31 57 28 17 73 66 0 61 78 93 7 42 57 88 8 23 77 41 65 89 26 60 8 103 18 
53 95 62 58 43 49 24 114 120 31 118 73 75 83 47 56 64 93 38 75 142 63 61 103 65 37 5 84 47 118 128 61 0 140 100 69 99 9 113 53 54 47 49 72 141 36 68 53 62 46 
161 46 151 89 167 95 142 129 57 108 21 90 83 62 103 83 76 125 102 65 71 79 137 54 109 109 136 67 95 62 12 78 140 0 141 71 58 134 120 86 95 151 112 124 74 103 121 86 177 96 
64 119 46 74 143 111 124 22 87 97 127 138 134 122 69 95 103 176 91 98 92 112 39 142 143 75 95 79 83 163 130 93 100 141 0 96 82 106 28 92 70 61 58 30 88 96 35 92 74 82 
94 29 88 23 101 30 75 95 60 38 50 47 41 26 35 13 10 89 31 6 85 20 76 47 59 39 65 25 24 68 58 7 69 71 96 0 38 64 89 15 29 84 47 69 85 33 64 15 110 25 
106 43 94 41 136 68 110 74 22 71 44 82 76 54 53 49 48 125 63 34 47 58 80 68 97 62 94 15 52 88 47 42 99 58 82 38 0 96 65 49 45 97 58 65 46 67 63 49 123 53 
62 89 69 56 41 42 17 118 118 26 113 64 66 76 47 51 58 84 34 70 141 56 68 95 55 37 12 81 44 110 122 57 9 134 106 64 96 0 116 49 53 55 52 77 140 31 72 49 72 43 
87 107 69 72 157 111 134 9 63 102 110 135 130 113 72 92 98 176 94 89 64 108 58 131 144 81 107 67 84 152 111 88 113 120 28 89 65 116 0 90 70 82 65 42 61 99 45 90 100 84 
81 43 78 18 86 21 60 96 72 23 65 45 42 35 25 3 13 85 15 21 96 20 67 57 53 25 49 35 11 76 74 8 53 86 92 15 49 49 90 0 22 72 37 64 96 18 59 0 97 12 
66 57 59 5 94 41 69 75 66 32 75 67 64 54 8 25 33 106 24 33 87 42 47 76 73 17 49 30 13 96 82 23 54 95 70 29 45 53 70 22 0 56 18 42 86 29 37 22 82 13 
9 113 15 62 86 81 71 79 113 61 131 109 108 107 48 75 85 138 60 89 129 90 23 129 106 46 43 84 61 148 139 77 47 151 61 84 97 55 82 72 56 0 39 41 127 63 40 72 26 59 
49 75 41 23 92 54 69 67 76 39 92 82 79 72 12 41 50 118 32 51 96 57 29 94 85 17 43 45 27 114 99 41 49 112 58 47 58 52 65 37 18 39 0 28 94 38 23 37 65 26 
48 95 32 46 116 82 95 42 77 67 107 109 106 95 39 67 75 146 61 72 90 84 18 116 113 45 67 57 54 137 112 65 72 124 30 69 65 77 42 64 42 41 28 0 87 66 5 64 63 53 
135 85 119 83 180 115 154 70 25 116 73 128 122 99 93 95 95 171 107 81 3 105 105 107 143 103 135 60 96 125 69 89 141 74 88 85 46 140 61 96 86 127 94 87 0 112 87 96 150 97 
73 58 72 30 69 17 42 103 89 5 82 46 44 47 27 20 27 79 5 39 113 28 65 68 46 21 33 52 16 86 91 26 36 103 96 33 67 31 99 18 29 63 38 66 112 0 61 18 87 16 
47 91 32 41 112 77 90 46 76 62 104 104 101 91 34 62 70 141 56 68 90 79 18 112 108 40 63 54 49 132 109 60 68 121 35 64 63 72 45 59 37 40 23 5 87 61 0 59 63 48 
81 43 78 18 86 21 60 96 72 23 65 45 42 35 25 3 13 85 15 21 96 20 67 57 53 25 49 35 11 76 74 8 53 86 92 15 49 49 90 0 22 72 37 64 96 18 59 0 97 12 
16 139 31 88 92 104 85 96 138 84 158 132 131 132 75 101 110 156 84 115 153 114 45 154 126 71 60 111 86 173 165 103 62 177 74 110 123 72 100 97 82 26 65 63 150 87 63 97 0 85 
69 54 65 13 83 28 57 88 75 19 75 56 53 48 14 16 25 93 10 31 98 32 55 69 60 13 41 38 1 89 84 18 46 96 82 25 53 43 84 12 13 59 26 53 97 16 48 12 85 0 
0 0 0 0 59690 0 21157 41 51 2 51812 0 1630 0 3 122 0 0 0 6 0 8496 48191 0 0 43 91 10230 0 5 88869 32 1137 0 0 14 0 1661 176 0 886 0 0 657 3 84 169 1 301 0 
0 0 0 0 2 0 1 122 0 0 0 143 0 34 0 821 0 1324 76 5794 85 231 73 11703 1 8029 247 0 1457 0 0 0 0 1255 10 0 96413 0 2 87774 12 144 36677 0 2 9 0 11627 0 2488 
0 0 0 0 0 0 167 42 24106 1 7018 4 0 0 0 353 8780 185 0 0 0 200 0 0 0 0 9 8 0 5555 529 1 0 20800 0 1 0 0 0 680 0 0 0 0 0 23 0 0 1879 0 
0 0 0 0 0 0 0 0 309 0 0 0 0 17344 0 62 1190 0 5621 0 0 630 14 1 0 38 0 0 38 0 678 0 10517 0 0 0 0 159 0 11270 51629 0 0 2478 4 9 23521 14 7619 0 
59690 2 0 0 0 0 2 0 1224 2 5096 0 3425 7820 36137 0 2 112 0 0 33990 0 0 13074 5811 4 6 17 2 0 0 1 1245 1230 2187 0 2966 0 5746 5 0 1059 0 0 1 127 46650 25 0 1 
0 0 0 0 0 0 0 0 0 134 0 0 2 15289 6 0 0 2 1090 83 89 3 0 937 1194 892 574 0 12 3 0 0 0 1441 0 43 0 0 5289 106 0 1608 0 290 254 56 0 5 0 0 
21157 1 167 0 2 0 0 0 4052 0 0 0 183 1 6 61 15031 6 0 198 0 0 0 0 38 97 0 0 3 0 0 0 0 0 12673 2 0 0 5294 0 40 0 0 41 0 0 0 1470 0 1107 
41 122 42 0 0 0 0 0 0 456 0 0 0 0 8140 63 45 27732 9828 0 0 0 406 0 94486 1 0 4468 63497 287 6103 1 13 0 0 6 1 1 77586 16441 7706 0 0 3001 0 38 0 1336 13 1 
51 0 24106 309 1224 0 4052 0 0 138 0 0 4482 0 0 0 187 0 19 0 2185 0 0 188 42756 239 15208 0 8655 0 770 0 1049 0 0 0 0 0 0 4195 0 962 0 132 3 0 10 5 2914 33 
2 0 1 0 2 134 0 456 138 0 0 0 1 0 0 14058 28 0 0 0 1148 2088 0 33627 1491 0 1 7459 0 0 0 0 0 0 1164 7117 0 0 46 0 0 22904 0 24567 0 1702 0 2 0 200 
51812 0 7018 0 5096 0 0 0 0 0 0 2552 0 0 305 0 2485 0 0 0 2 0 0 0 0 12264 19086 0 0 0 2 93865 57199 88975 0 0 18204 1117 0 0 1 87 344 0 3 0 74994 11 0 16798 
0 143 4 0 0 0 0 0 0 0 2552 0 0 4 71 0 0 0 115 0 53905 0 69 7 6742 0 98128 0 8426 0 1653 11518 608 0 2471 0 0 25 0 101 31836 0 0 530 0 0 0 90732 51 0 
1630 0 0 0 3425 2 183 0 4482 1 0 0 0 0 0 0 0 0 0 3496 0 0 0 0 6118 160 665 0 0 0 0 5278 0 0 0 2780 98 11 0 1271 0 68 0 1154 65 47157 0 0 4 75 
0 34 0 17344 7820 15289 1 0 0 0 0 4 0 0 0 29515 88 0 330 0 0 0 0 0 0 0 2373 2229 4 0 209 0 3 0 0 57 0 6158 0 0 0 16366 0 0 0 0 0 323 0 1419 
3 0 0 0 36137 6 6 8140 0 0 305 71 0 0 0 0 0 0 26 512 0 76314 0 9183 0 0 62765 2898 36 0 0 12 0 0 0 0 1 1764 0 0 67 6 0 1040 52 0 0 427 0 0 
122 821 353 62 0 0 61 63 0 14058 0 0 0 29515 0 0 31 0 0 568 6811 10 0 0 71972 0 0 0 0 438 0 0 0 1 1961 732 394 42 4204 67 1617 7391 0 23 5 0 0 71 3 64 
0 0 8780 1190 2 0 15031 45 187 28 2485 0 0 88 0 31 0 0 32 0 7401 22 0 0 0 0 0 0 1 76074 1438 9638 65205 5366 242 5501 0 330 0 0 0 0 496 10 91 354 0 0 0 0 
0 1324 185 0 112 2 6 27732 0 0 0 0 0 0 0 0 0 0 0 22 114 3328 77 0 0 0 0 0 1198 0 0 0 0 18 79725 0 0 0 0 7 2518 2 36 0 0 16881 19 0 0 21 
0 76 0 5621 0 1090 0 9828 19 0 0 115 0 330 26 0 32 0 0 0 0 16 0 5 3 262 0 0 0 0 586 0 67 894 0 82732 10974 1 0 23907 0 16251 0 12 3 4 84278 8023 2 45045 
6 5794 0 0 0 83 198 0 0 0 0 0 3496 0 512 568 0 22 0 0 0 0 210 0 1590 59 96769 2237 37665 3 0 0 12 0 0 0 27147 0 0 0 0 26 0 26813 0 326 445 911 4521 0 
0 85 0 0 33990 89 0 0 2185 1148 2 53905 0 0 0 6811 7401 114 0 0 0 3342 0 0 0 0 32 84036 0 121 24540 0 0 28326 0 700 0 0 0 0 154 51 0 0 0 1 2 14 4 448 
8496 231 200 630 0 3 0 0 0 2088 0 0 0 0 76314 10 22 3328 16 0 3342 0 44 3 0 0 333 46356 0 0 3027 42 0 2792 0 0 29742 14 0 0 15 0 6 0 8379 0 0 0 0 238 
48191 73 0 14 0 0 0 406 0 0 0 69 0 0 0 0 0 77 0 210 0 44 0 4 804 16706 1 0 8752 55 89 0 0 0 0 0 0 103 0 15 158 0 0 712 1 82831 6076 1 0 0 
0 11703 0 1 13074 937 0 0 188 33627 0 7 0 0 9183 0 0 0 5 0 0 3 4 0 18883 87 509 0 0 0 199 0 0 0 0 0 0 0 36555 35933 53 0 28623 8 0 6382 1341 1685 74 0 
0 1 0 0 5811 1194 38 94486 42756 1491 0 6742 6118 0 0 71972 0 0 3 1590 0 0 804 18883 0 478 22456 0 0 42 4084 0 36082 0 44 0 0 1 8 4 71779 0 5 2144 17 133 856 43 0 0 
43 8029 0 38 4 892 97 1 239 0 12264 0 160 0 0 0 0 0 262 59 0 0 16706 87 478 0 5610 288 311 0 0 2 0 345 2 1000 0 0 0 1 1437 0 0 0 0 2914 1 12 0 0 
91 247 9 0 6 574 0 0 15208 1 19086 98128 665 2373 62765 0 0 0 0 96769 32 333 1 509 22456 5610 0 3121 100 0 37 2728 90 0 38497 460 1520 22092 31 0 14998 0 0 0 0 864 0 0 7887 3 
10230 0 8 0 17 0 0 4468 0 7459 0 0 0 2229 2898 0 0 0 0 2237 84036 46356 0 0 0 288 3121 0 0 0 0 115 0 0 0 0 0 0 87274 0 0 22 40 125 0 0 2 33466 114 185 
0 1457 0 38 2 12 3 63497 8655 0 0 8426 0 4 36 0 1 1198 0 37665 0 0 8752 0 0 311 100 0 0 0 3 0 3 0 0 0 25053 1 0 0 25 0 40 0 0 10 0 124 0 34975 
5 0 5555 0 0 3 0 287 0 0 0 0 0 0 0 438 76074 0 0 3 121 0 55 0 42 0 0 0 0 0 1963 0 0 36 0 8 5697 0 14074 222 45045 0 0 0 0 4 0 0 231 1 
88869 0 529 678 0 0 0 6103 770 0 2 1653 0 209 0 0 1438 0 586 0 24540 3027 89 199 4084 0 37 0 3 1963 0 0 0 0 1 35231 0 1 0 2226 0 4410 0 0 64 0 47 0 0 0 
32 0 1 0 1 0 0 1 0 0 93865 11518 5278 0 12 0 9638 0 0 0 0 42 0 0 0 2 2728 115 0 0 0 0 0 0 93619 0 45172 0 0 0 0 220 3350 629 0 0 10 0 0 79 
1137 0 0 10517 1245 0 0 13 1049 0 57199 608 0 3 0 0 65205 0 67 12 0 0 0 0 36082 0 90 0 3 0 0 0 0 748 92 1 53595 0 2 6 9146 5454 246 0 0 0 140 0 32778 0 
0 1255 20800 0 1230 1441 0 0 0 0 88975 0 0 0 0 1 5366 18 894 0 28326 2792 0 0 0 345 0 0 0 36 0 0 748 0 0 0 6775 0 0 473 192 117 40865 188 29884 0 1436 4 0 13969 
0 10 0 0 2187 0 12673 0 0 1164 0 2471 0 0 0 1961 242 79725 0 0 0 0 0 0 44 2 38497 0 0 0 1 93619 92 0 0 0 192 290 39079 65510 291 568 0 12 0 0 0 239 18 79 
14 0 1 0 0 43 2 6 0 7117 0 0 2780 57 0 732 5501 0 82732 0 700 0 0 0 0 1000 460 0 0 8 35231 0 1 0 0 0 0 10 583 0 12 4 272 3 0 0 0 20411 0 0 
0 96413 0 0 2966 0 0 1 0 0 18204 0 98 0 1 394 0 0 10974 27147 0 29742 0 0 0 0 1520 0 25053 5697 0 45172 53595 6775 192 0 0 3 0 0 0 0 157 0 0 57701 16 77706 98 0 
1661 0 0 159 0 0 0 1 0 0 1117 25 11 6158 1764 42 330 0 1 0 0 14 103 0 1 0 22092 0 1 0 1 0 0 0 290 10 3 0 0 0 75 164 9505 0 132 969 88412 29 48 7 
176 2 0 0 5746 5289 5294 77586 0 46 0 0 0 0 0 4204 0 0 0 0 0 0 0 36555 8 0 31 87274 0 14074 0 0 2 0 39079 583 0 0 0 0 2 231 9 0 0 0 0 904 6000 0 
0 87774 680 11270 5 106 0 16441 4195 0 0 101 1271 0 0 67 0 7 23907 0 0 0 15 35933 4 1 0 0 0 222 2226 0 6 473 65510 0 0 0 0 0 0 0 0 0 9 0 11951 90 0 5216 
886 12 0 51629 0 0 40 7706 0 0 1 31836 0 0 67 1617 0 2518 0 0 154 15 158 53 71779 1437 14998 0 25 45045 0 0 9146 192 291 12 0 75 2 0 0 330 14 409 0 146 1117 0 10 0 
0 144 0 0 1059 1608 0 0 962 22904 87 0 68 16366 6 7391 0 2 16251 26 51 0 0 0 0 0 0 22 0 0 4410 220 5454 117 568 4 0 164 231 0 330 0 288 658 1058 40 23338 2316 1 0 
0 36677 0 0 0 0 0 0 0 0 344 0 0 0 0 0 496 36 0 0 0 6 0 28623 5 0 0 40 40 0 0 3350 246 40865 0 272 157 9505 9 0 14 288 0 5083 106 311 9698 50 15116 0 
657 0 0 2478 0 290 41 3001 132 24567 0 530 1154 0 1040 23 10 0 12 26813 0 0 712 8 2144 0 0 125 0 0 0 629 0 188 12 3 0 0 0 0 409 658 5083 0 19 1492 34 86100 52844 0 
3 2 0 4 1 254 0 0 3 0 3 0 65 0 52 5 91 0 3 0 0 8379 1 0 17 0 0 0 0 0 64 0 0 29884 0 0 0 132 0 9 0 1058 106 19 0 0 0 41418 2077 2 
84 9 23 9 127 56 0 38 0 1702 0 0 47157 0 0 0 354 16881 4 326 1 0 82831 6382 133 2914 864 0 10 4 0 0 0 0 0 0 57701 969 0 0 146 40 311 1492 0 0 0 19420 90031 13047 
169 0 0 23521 46650 0 0 0 10 0 74994 0 0 0 0 0 0 19 84278 445 2 0 6076 1341 856 1 0 2 0 0 47 10 140 1436 0 0 16 88412 0 11951 1117 23338 9698 34 0 0 0 6036 5 5 
1 11627 0 14 25 5 1470 1336 5 2 11 90732 0 323 427 71 0 0 8023 911 14 0 1 1685 43 12 0 33466 124 0 0 0 0 4 239 20411 77706 29 904 90 0 2316 50 86100 41418 19420 6036 0 1 3 
301 0 1879 7619 0 0 0 13 2914 0 0 51 4 0 0 3 0 0 2 4521 4 0 0 74 0 0 7887 114 0 231 0 0 32778 0 18 0 98 48 6000 0 10 1 15116 52844 2077 90031 5 1 0 0 
0 2488 0 0 1 0 1107 1 33 200 16798 0 75 1419 0 64 0 21 45045 0 448 238 0 0 0 0 3 185 34975 1 0 79 0 13969 79 0 0 7 0 5216 0 0 0 0 2 13047 5 3 0 0 
0 0 0 0 769 0 0 0 8036 4363 0 4 0 0 0 0 0 0 0 14003 3 413 8 0 0 10960 5 10482 1057 0 4 0 0 308 0 1 0 0 2 4424 0 0 52 0 0 9962 854 0 0 10 
0 0 11375 0 11 9 107 0 0 0 83768 0 0 8 22 13 140 0 0 78 0 0 29 10419 0 0 0 0 4469 0 14375 0 0 0 2270 3261 1934 0 73721 0 10495 268 1 0 710 8569 27124 0 5243 13 
0 11375 0 0 0 3 0 0 55 0 0 4 0 65 25 597 0 1464 0 75410 0 20839 0 2685 58277 2290 5195 0 0 0 58 2201 0 4420 0 0 0 0 39472 0 0 6 19 91808 25 0 0 27750 8132 0 
0 0 0 0 578 7 0 15 13077 0 0 0 0 1716 0 70600 0 0 0 0 0 45516 0 3 2543 14 3851 1 38130 0 0 0 1332 13 0 15 0 0 460 0 0 37 61057 0 0 3488 0 58 14 0 
769 11 0 578 0 0 0 0 282 0 0 0 1859 204 11 4721 20 27 0 92785 24 0 0 1921 0 15 818 0 0 0 0 0 0 0 10 27 191 24561 0 2 44335 407 0 6168 0 68462 0 795 1915 0 
0 9 3 7 0 0 0 0 0 0 0 41941 1 0 0 2 0 0 0 83 46 0 0 0 0 13 0 0 0 4 0 48771 0 2067 62 0 10366 0 0 2 0 0 5186 45 1032 0 2 1730 0 3690 
0 107 0 0 0 0 0 8 1 2806 8 38616 32 0 0 798 0 1793 26098 0 18142 2765 35 0 1 9205 931 93681 6768 0 0 0 0 4814 2290 1076 36 0 0 0 0 102 51022 394 0 0 0 14512 0 0 
0 0 0 15 0 0 8 0 0 0 0 16174 96226 0 0 1 13428 0 0 5 88 0 0 83781 0 6093 2526 68897 0 0 49104 447 0 0 0 629 222 364 32957 26714 2874 387 0 0 90249 56048 0 0 15351 6 
8036 0 55 13077 282 0 1 0 0 354 0 0 318 788 0 979 0 0 74448 0 13870 88515 0 0 0 0 32 186 46 0 13 29233 0 43380 0 0 0 17 25841 1581 0 41613 38804 46470 0 288 0 0 0 0 
4363 0 0 0 0 0 2806 0 354 0 7706 68 129 93 7 0 0 0 0 0 0 26 0 12 0 0 1 0 30 5851 1740 0 13941 7330 0 45 480 114 1 1849 0 1 0 16699 26887 0 0 5569 0 0 
0 83768 0 0 0 0 8 0 0 7706 0 0 3216 185 460 0 0 0 0 0 0 0 0 0 0 0 0 321 0 0 1593 1 1 0 27986 213 5 0 0 0 220 0 0 7923 5 0 0 0 0 234 
4 0 4 0 0 41941 38616 16174 0 68 0 0 98 0 2126 1885 0 0 2371 7911 65419 0 0 0 2284 2 2472 5257 16 0 0 74935 1 0 0 1723 2 15952 1924 81 74 35 2 0 98367 0 26 2 2 0 
0 0 0 0 1859 1 32 96226 318 129 3216 98 0 6636 0 6883 0 0 458 1869 5943 12156 2985 0 136 3180 0 0 436 0 0 0 0 0 0 32 38645 0 0 6 695 0 1056 1027 0 35260 0 21374 207 0 
0 8 65 1716 204 0 0 0 788 93 185 0 6636 0 0 0 0 0 0 0 89 907 41 3 6246 0 7 13 5394 2 1 2355 21 9 48 1 0 0 17 1485 6815 0 84409 133 0 10 0 87373 0 210 
0 22 25 0 11 0 0 0 0 7 460 2126 0 0 0 5612 0 24 0 0 5000 0 0 103 28 24 6 0 0 34121 0 0 105 2 0 0 0 0 2441 0 0 51 0 0 7707 7482 0 0 0 18653 
0 13 597 70600 4721 2 798 1 979 0 0 1885 6883 0 5612 0 68 295 21101 0 0 1699 0 29 565 0 1 5 0 0 0 1386 27989 0 33992 0 1360 0 0 76757 363 0 0 1160 702 0 0 0 0 0 
0 140 0 0 20 0 0 13428 0 0 0 0 0 0 0 68 0 0 1234 0 0 97944 136 93 1 0 464 2016 0 0 0 0 0 72 43382 1 0 0 0 1758 4 0 0 0 0 7696 0 6032 13 9368 
0 0 1464 0 27 0 1793 0 0 0 0 0 0 0 24 295 0 0 0 0 0 320 2 14 170 0 0 23961 0 0 0 995 5 0 0 0 2046 342 0 0 0 0 0 0 0 0 0 10505 0 0 
0 0 0 0 0 0 26098 0 74448 0 0 2371 458 0 0 21101 1234 0 0 38 0 0 21 22911 19 0 19 0 25 0 2078 7599 423 0 54112 0 2 62 0 0 0 39 0 6802 363 14 0 0 0 0 
14003 78 75410 0 92785 83 0 5 0 0 0 7911 1869 0 0 0 0 0 38 0 0 29583 165 31520 0 247 2 0 65 0 0 1 15605 0 0 562 1819 0 0 0 163 0 0 2 0 5339 3851 0 0 235 
3 0 0 0 24 46 18142 88 13870 0 0 65419 5943 89 5000 0 0 0 0 0 0 94 7087 0 832 0 0 92 0 69 0 50 191 2 0 30486 20374 74 0 0 2 0 0 2325 25379 0 1699 5817 2876 0 
413 0 20839 45516 0 0 2765 0 88515 26 0 0 12156 907 0 1699 97944 320 0 29583 94 0 0 9941 610 41 0 0 1 0 0 0 0 127 0 0 0 0 0 7 263 46215 41 1476 0 0 0 320 4 41 
8 29 0 0 0 0 35 0 0 0 0 0 2985 41 0 0 136 2 21 165 7087 0 0 1031 0 48 18648 0 1698 0 6 1126 0 2778 0 0 184 0 1115 2 60 0 0 34 2234 0 0 2353 0 0 
0 10419 2685 3 1921 0 0 83781 0 12 0 0 0 3 103 29 93 14 22911 31520 0 9941 1031 0 0 0 194 0 30555 0 0 0 1249 2 0 0 0 3 0 0 3 0 22987 4 8654 42 430 0 0 18 
0 0 58277 2543 0 0 1 0 0 0 0 2284 136 6246 28 565 1 170 19 0 832 610 0 0 0 21 0 0 4781 470 18868 50 0 0 0 0 1 0 0 0 9954 0 108 57817 0 73 8223 48 9 182 
10960 0 2290 14 15 13 9205 6093 0 0 0 2 3180 0 24 0 0 0 0 247 0 41 48 0 21 0 114 23 26100 0 1665 42838 1773 0 0 0 0 0 0 4393 0 18 0 15 23 3 0 53 1 3 
5 0 5195 3851 818 0 931 2526 32 1 0 2472 0 7 6 1 464 0 19 2 0 0 18648 194 0 114 0 0 47 0 0 4634 0 0 11745 0 463 0 0 0 5758 69115 0 0 0 123 896 0 0 231 
10482 0 0 1 0 0 93681 68897 186 0 321 5257 0 13 0 5 2016 23961 0 0 92 0 0 0 0 23 0 0 0 0 0 0 0 0 0 47 163 0 0 0 4185 143 10 879 0 0 0 69809 3148 2 
1057 4469 0 38130 0 0 6768 0 46 30 0 16 436 5394 0 0 0 0 25 65 0 1 1698 30555 4781 26100 47 0 0 0 25 21755 11398 0 0 635 7 0 0 0 7387 0 42 1 223 0 5 20502 467 7 
0 0 0 0 0 4 0 0 0 5851 0 0 0 2 34121 0 0 0 0 0 69 0 0 0 470 0 0 0 0 0 4 44519 107 1461 96 0 19023 9 0 0 0 2 26 85823 0 94167 0 11040 0 140 
4 14375 58 0 0 0 0 49104 13 1740 1593 0 0 1 0 0 0 0 2078 0 0 0 6 0 18868 1665 0 0 25 4 0 14 0 0 42204 821 0 0 0 0 0 543 21 0 0 0 4744 2 778 0 
0 0 2201 0 0 48771 0 447 29233 0 1 74935 0 2355 0 1386 0 995 7599 1 50 0 1126 0 50 42838 4634 0 21755 44519 14 0 0 0 0 1 0 24 0 15095 0 17855 3 2841 0 176 0 7110 118 4 
0 0 0 1332 0 0 0 0 0 13941 1 1 0 21 105 27989 0 5 423 15605 191 0 0 1249 0 1773 0 0 11398 107 0 0 0 0 0 0 0 2841 3 4 13 1452 0 0 290 0 0 56 442 3762 
308 0 4420 13 0 2067 4814 0 43380 7330 0 0 0 9 2 0 72 0 0 0 2 127 2778 2 0 0 0 0 0 1461 0 0 0 0 0 0 24967 0 3648 0 43381 12612 0 797 0 6 40 0 0 0 
0 2270 0 0 10 62 2290 0 0 0 27986 0 0 48 0 33992 43382 0 54112 0 0 0 0 0 0 0 11745 0 0 96 42204 0 0 0 0 0 52313 0 0 0 0 0 0 0 0 4 243 0 7 0 
1 3261 0 15 27 0 1076 629 0 45 213 1723 32 1 0 0 1 0 0 562 30486 0 0 0 0 0 0 47 635 0 821 1 0 0 0 0 3588 7603 0 54 411 0 0 0 0 50 34859 109 6163 0 
0 1934 0 0 191 10366 36 222 0 480 5 2 38645 0 0 1360 0 2046 2 1819 20374 0 184 0 1 0 463 163 7 19023 0 0 0 24967 52313 3588 0 21 11597 0 71 0 4635 0 0 0 42 4447 0 0 
0 0 0 0 24561 0 0 364 17 114 0 15952 0 0 0 0 0 342 62 0 74 0 0 3 0 0 0 0 0 9 0 24 2841 0 0 7603 21 0 2 24759 0 685 2254 43459 53 0 0 1542 0 1 
2 73721 39472 460 0 0 0 32957 25841 1 0 1924 0 17 2441 0 0 0 0 0 0 0 1115 0 0 0 0 0 0 0 0 0 3 3648 0 0 11597 2 0 940 144 0 0 9 0 13 0 0 0 1098 
4424 0 0 0 2 2 0 26714 1581 1849 0 81 6 1485 0 76757 1758 0 0 0 0 7 2 0 0 4393 0 0 0 0 0 15095 4 0 0 54 0 24759 940 0 12575 0 115 0 283 1062 0 0 0 0 
0 10495 0 0 44335 0 0 2874 0 0 220 74 695 6815 0 363 4 0 0 163 2 263 60 3 9954 0 5758 4185 7387 0 0 0 13 43381 0 411 71 0 144 12575 0 0 0 33145 45 0 2103 5817 0 0 
0 268 6 37 407 0 102 387 41613 1 0 35 0 0 51 0 0 0 39 0 0 46215 0 0 0 18 69115 143 0 2 543 17855 1452 12612 0 0 0 685 0 0 0 0 0 0 0 49 0 0 0 16 
52 1 19 61057 0 5186 51022 0 38804 0 0 2 1056 84409 0 0 0 0 0 0 0 41 0 22987 108 0 0 10 42 26 21 3 0 0 0 0 4635 2254 0 115 0 0 0 1 398 25 0 1 0 0 
0 0 91808 0 6168 45 394 0 46470 16699 7923 0 1027 133 0 1160 0 0 6802 2 2325 1476 34 4 57817 15 0 879 1 85823 0 2841 0 797 0 0 0 43459 9 0 33145 0 1 0 502 2416 0 9 0 0 
0 710 25 0 0 1032 0 90249 0 26887 5 98367 0 0 7707 702 0 0 363 0 25379 0 2234 8654 0 23 0 0 223 0 0 0 290 0 0 0 0 53 0 283 45 0 398 502 0 623 873 0 3024 0 
9962 8569 0 3488 68462 0 0 56048 288 0 0 0 35260 10 7482 0 7696 0 14 5339 0 0 0 42 73 3 123 0 0 94167 0 176 0 6 4 50 0 0 13 1062 0 49 25 2416 623 0 7133 0 4897 0 
854 27124 0 0 0 2 0 0 0 0 0 26 0 0 0 0 0 0 0 3851 1699 0 0 430 8223 0 896 0 5 0 4744 0 0 40 243 34859 42 0 0 0 2103 0 0 0 873 7133 0 1 5889 0 
0 0 27750 58 795 1730 14512 0 0 5569 0 2 21374 87373 0 0 6032 10505 0 0 5817 320 2353 0 48 53 0 69809 20502 11040 2 7110 56 0 0 109 4447 1542 0 0 5817 0 1 9 0 0 1 0 1 0 
0 5243 8132 14 1915 0 0 15351 0 0 0 2 207 0 0 0 13 0 0 0 2876 4 0 0 9 1 0 3148 467 0 778 118 442 0 7 6163 0 0 0 0 0 0 0 0 3024 4897 5889 1 0 0 
10 13 0 0 0 3690 0 6 0 0 234 0 0 210 18653 0 9368 0 0 235 0 41 0 18 182 3 231 2 7 140 0 4 3762 0 0 0 0 1 1098 0 0 16 0 0 0 0 0 0 0 0 
0 93 1737 0 170 1 0 0 639 5 305 0 0 0 0 5963 39193 0 0 784 0 1474 0 0 11 0 6 0 0 7962 3 7 0 0 0 0 0 64820 6 1891 0 0 0 0 0 0 484 0 0 0 
93 0 0 756 0 1 0 2720 27413 2457 0 312 17246 0 22092 181 0 0 0 5892 269 0 0 0 93113 0 133 0 3 0 0 59525 0 0 0 0 0 0 0 304 6 4016 0 0 5658 0 2 0 0 0 
1737 0 0 0 0 18549 0 0 1 0 28781 0 0 0 0 791 0 8252 1 0 16 0 0 0 0 0 2699 577 3 0 235 0 0 0 0 0 0 0 0 8366 0 21 0 0 97 0 6825 0 0 17 
0 756 0 0 0 13 0 686 0 4 54661 229 0 0 0 10836 0 0 635 0 137 3263 0 0 2 277 3 57 0 34 0 0 90274 1 3070 919 3375 0 2147 6894 2 0 0 6004 2955 0 0 0 17 144 
170 0 0 0 0 7631 4086 1081 0 0 0 0 0 3 7 0 18 0 0 3 0 0 0 309 0 47 40657 0 0 105 0 9 383 21746 0 0 1 72931 0 0 8 0 3 0 0 26658 0 130 0 0 
1 1 18549 13 7631 0 3797 2 4433 42 1 2 15 0 0 0 0 10 0 1674 0 478 0 189 834 9 0 0 77295 0 424 4573 45615 0 1 48465 12 0 364 0 0 2 24405 0 0 0 2013 1726 0 3149 
0 0 0 0 4086 3797 0 0 0 236 122 0 0 15 0 0 0 0 0 0 84 450 39755 0 7474 0 0 326 145 0 0 0 16 82707 3322 7119 0 0 2650 0 1 0 0 3 1734 0 0 0 2 39847 
0 2720 0 686 1081 2 0 0 15 18437 0 58 0 0 71 74 1 0 113 53043 92 13214 0 0 0 0 5 2 49 8 26946 6028 208 0 0 502 0 797 0 19 8 75 60 24 0 0 82504 118 6731 0 
639 27413 1 0 0 4433 0 15 0 0 29270 0 0 1 0 0 308 0 0 541 74 81 4 8 23 0 0 45 16 6423 0 0 0 0 671 370 0 23907 0 0 0 57 0 0 0 0 0 0 0 0 
5 2457 0 4 0 42 236 18437 0 0 0 20 0 22 0 8 0 50640 0 0 0 27315 0 0 0 15 166 0 0 171 0 0 14024 53387 109 17025 0 11 0 0 63 0 0 0 0 9165 0 4 0 0 
305 0 28781 54661 0 1 122 0 29270 0 0 0 20 0 0 60 0 0 0 32489 57 37 0 0 2597 0 0 0 0 0 1046 417 570 18025 24466 0 0 0 37557 0 0 54434 0 0 0 21 0 3 0 0 
0 312 0 229 0 2 0 58 0 20 0 0 0 0 2 0 0 0 104 35 50 1050 26 0 0 178 949 85 739 0 0 0 0 138 0 0 0 3 0 0 58 8789 89 13 12279 260 0 0 0 0 
0 17246 0 0 0 15 0 0 0 0 20 0 0 0 8 77 0 52 48612 0 66841 4 59520 5 0 0 0 0 0 48915 0 0 0 11391 0 0 1 0 20 0 0 3 0 1 1 0 30928 16 0 42 
0 0 0 0 3 0 15 0 1 22 0 0 0 0 0 0 51 0 0 14156 0 0 174 0 14317 9 108 8510 1 0 1 0 3539 8951 0 2313 4 1 225 8 837 96473 71 6755 372 895 0 104 0 59626 
0 22092 0 0 7 0 0 71 0 0 0 2 8 0 0 1 0 0 13 0 1902 47 5483 1 71 22657 3 50 148 0 33531 48383 0 5 0 0 0 8 1 937 22 119 13663 59 1048 0 35 1 0 0 
5963 181 791 10836 0 0 0 74 0 8 60 0 77 0 1 0 0 19 0 0 0 2 66 0 0 0 0 0 64 0 154 0 0 0 0 0 195 0 0 4 0 1 4255 0 0 0 31280 0 4 0 
39193 0 0 0 18 0 0 1 308 0 0 0 0 51 0 0 0 0 0 0 0 0 621 0 0 1810 0 36987 420 0 0 0 0 1 5 0 2 113 0 48127 0 11268 0 28 3 6905 0 0 0 20231 
0 0 8252 0 0 10 0 0 0 50640 0 0 52 0 0 19 0 0 2 0 748 44 1985 0 0 48333 0 0 3898 0 0 204 0 0 5661 1707 0 10 0 0 0 68 3 0 20318 0 29322 0 0 0 
0 0 1 635 0 0 0 113 0 0 0 104 48612 0 13 0 0 2 0 5 712 36401 0 0 0 4 0 12 0 0 0 0 13038 11 0 0 16305 0 66 0 0 0 20 0 1 0 133 112 0 0 
784 5892 0 0 3 1674 0 53043 541 0 32489 35 0 14156 0 0 0 0 5 0 47 131 0 33814 0 0 1035 0 772 109 0 0 12 0 0 60868 0 0 0 4 0 20 935 80017 418 0 7 0 7 0 
0 269 16 137 0 0 84 92 74 0 57 50 66841 0 1902 0 0 748 712 47 0 0 0 0 0 1 1471 5444 0 0 0 0 0 0 3038 0 0 0 0 0 1271 0 23 0 0 910 49 0 20 0 
1474 0 0 3263 0 478 450 13214 81 27315 37 1050 4 0 47 2 0 44 36401 131 0 0 0 654 22916 43 196 67459 0 0 0 855 0 9 8 0 11312 28349 11871 4563 3392 14285 0 0 66635 0 0 0 0 0 
0 0 0 0 0 0 39755 0 4 0 0 26 59520 174 5483 66 621 1985 0 0 0 0 0 70036 43046 0 0 0 39166 0 0 0 0 227 0 0 0 10 0 0 0 0 26 1169 7065 0 196 71887 0 0 
0 0 0 0 309 189 0 0 8 0 0 0 5 0 1 0 0 0 0 33814 0 654 70036 0 0 0 22 0 30867 0 13963 0 0 18614 0 13 0 0 8687 0 0 0 0 0 71806 0 0 88 0 2 
11 93113 0 2 0 834 7474 0 23 0 2597 0 0 14317 71 0 0 0 0 0 0 22916 43046 0 0 6 3 0 174 14485 0 0 1 2987 1708 0 0 0 76 0 0 0 0 68 0 0 16226 7906 0 0 
0 0 0 277 47 9 0 0 0 15 0 178 0 9 22657 0 1810 48333 4 0 1 43 0 0 6 0 6924 5661 0 1000 216 4 6568 2 0 0 2 1553 891 10505 0 15 0 0 0 279 0 0 0 0 
6 133 2699 3 40657 0 0 5 0 166 0 949 0 108 3 0 0 0 0 1035 1471 196 0 22 3 6924 0 0 0 18923 161 0 0 0 57 0 0 2 2265 0 2 99 0 0 0 0 8625 63564 0 0 
0 0 577 57 0 0 326 2 45 0 0 85 0 8510 50 0 36987 0 12 0 5444 67459 0 0 0 5661 0 0 1 0 0 0 29 7 571 1664 16 253 0 530 0 0 0 66274 0 29 159 0 0 2745 
0 3 3 0 0 77295 145 49 16 0 0 739 0 1 148 64 420 3898 0 772 0 0 39166 30867 174 0 0 1 0 0 0 0 4770 0 0 7 1 16399 29 0 9 0 37 48 0 0 4 0 12288 28 
7962 0 0 34 105 0 0 8 6423 171 0 0 48915 0 0 0 0 0 0 109 0 0 0 0 14485 1000 18923 0 0 0 1 41 26103 12 11864 0 0 11664 1612 0 2 18431 456 11 78475 32 0 9011 1646 0 
3 0 235 0 0 424 0 26946 0 0 1046 0 0 1 33531 154 0 0 0 0 0 0 0 13963 0 216 161 0 0 1 0 4 0 0 912 0 0 22363 254 79669 0 0 0 13148 0 13 0 27 3874 2 
7 59525 0 0 9 4573 0 6028 0 0 417 0 0 0 48383 0 0 204 0 0 0 855 0 0 0 4 0 0 0 41 4 0 14 4819 198 0 0 66 0 0 1 15655 309 0 0 8 0 258 8 0 
0 0 0 90274 383 45615 16 208 0 14024 570 0 0 3539 0 0 0 0 13038 12 0 0 0 0 1 6568 0 29 4770 26103 0 14 0 0 239 0 0 79925 0 0 30 31 209 0 79 0 3020 142 0 0 
0 0 0 1 21746 0 82707 0 0 53387 18025 138 11391 8951 5 0 1 0 11 0 0 9 227 18614 2987 2 0 7 0 12 0 4819 0 0 0 20078 7073 0 5 16 845 0 0 0 484 0 37940 8649 17 0 
0 0 0 3070 0 1 3322 0 671 109 24466 0 0 0 0 0 5 5661 0 0 3038 8 0 0 1708 0 57 571 0 11864 912 198 239 0 0 0 297 442 0 0 43 0 0 776 43 1546 46 0 2 0 
0 0 0 919 0 48465 7119 502 370 17025 0 0 0 2313 0 0 0 1707 0 60868 0 0 0 13 0 0 0 1664 7 0 0 0 0 20078 0 0 0 37 0 1940 0 0 0 921 0 0 0 0 3375 1428 
0 0 0 3375 1 12 0 0 0 0 0 0 1 4 0 195 2 0 16305 0 0 11312 0 0 0 2 0 16 1 0 0 0 0 7073 297 0 0 1 0 134 77861 38 576 20 0 115 0 21827 0 0 
64820 0 0 0 72931 0 0 797 23907 11 0 3 0 1 8 0 113 10 0 0 0 28349 10 0 0 1553 2 253 16399 11664 22363 66 79925 0 442 37 1 0 0 0 5755 274 0 0 1827 1 0 23 0 4236 
6 0 0 2147 0 364 2650 0 0 0 37557 0 20 225 1 0 0 0 66 0 0 11871 0 8687 76 891 2265 0 29 1612 254 0 0 5 0 0 0 0 0 0 0 0 36 0 0 3 10335 4 0 72 
1891 304 8366 6894 0 0 0 19 0 0 0 0 0 8 937 4 48127 0 0 4 0 4563 0 0 0 10505 0 530 0 0 79669 0 0 16 0 1940 134 0 0 0 89 665 0 0 0 1 62 0 51410 4 
0 6 0 2 8 0 1 8 0 63 0 58 0 837 22 0 0 0 0 0 1271 3392 0 0 0 0 2 0 9 2 0 1 30 845 43 0 77861 5755 0 89 0 10911 6610 0 0 0 3 6 0 2 
0 4016 21 0 0 2 0 75 57 0 54434 8789 3 96473 119 1 11268 68 0 20 0 14285 0 0 0 15 99 0 0 18431 0 15655 31 0 0 0 38 274 0 665 10911 0 0 127 7036 1 0 0 0 14 
0 0 0 0 3 24405 0 60 0 0 0 89 0 71 13663 4255 0 3 20 935 23 0 26 0 0 0 0 0 37 456 0 309 209 0 0 0 576 0 36 0 6610 0 0 536 0 0 0 0 0 0 
0 0 0 6004 0 0 3 24 0 0 0 13 1 6755 59 0 28 0 0 80017 0 0 1169 0 68 0 0 66274 48 11 13148 0 0 0 776 921 20 0 0 0 0 127 536 0 354 683 25574 186 0 9077 
0 5658 97 2955 0 0 1734 0 0 0 0 12279 1 372 1048 0 3 20318 1 418 0 66635 7065 71806 0 0 0 0 0 78475 0 0 79 484 43 0 0 1827 0 0 0 7036 0 354 0 0 3 2 0 3 
0 0 0 0 26658 0 0 0 0 9165 21 260 0 895 0 0 6905 0 0 0 910 0 0 0 0 279 0 29 0 32 13 8 0 0 1546 0 115 1 3 1 0 1 0 683 0 0 25671 22 0 0 
484 2 6825 0 0 2013 0 82504 0 0 0 0 30928 0 35 31280 0 29322 133 7 49 0 196 0 16226 0 8625 159 4 0 0 0 3020 37940 46 0 0 0 10335 62 3 0 0 25574 3 25671 0 0 8 906 
0 0 0 0 130 1726 0 118 0 4 3 0 16 104 1 0 0 0 112 0 0 0 71887 88 7906 0 63564 0 0 9011 27 258 142 8649 0 0 21827 23 4 0 6 0 0 186 2 22 0 0 44 0 
0 0 0 17 0 0 2 6731 0 0 0 0 0 0 0 4 0 0 0 7 20 0 0 0 0 0 0 0 12288 1646 3874 8 0 17 2 3375 0 0 0 51410 0 0 0 0 0 0 8 44 0 0 
0 0 17 144 0 3149 39847 0 0 0 0 0 42 59626 0 0 20231 0 0 0 0 0 0 2 0 0 0 2745 28 0 2 0 0 0 0 1428 0 4236 72 4 2 14 0 9077 3 0 906 0 0 0 
0 1658 42 4 2507 17 0 0 8 68 323 0 47416 0 100 0 29 0 69 249 0 89832 1 0 231 112 382 34501 0 10234 768 29 0 0 333 0 0 0 123 1326 0 0 0 0 10 0 0 0 19940 0 
1658 0 19290 94 81 0 0 0 0 2 1613 72 1187 337 21007 0 1095 2186 0 0 0 0 0 0 35 1900 34 2 0 0 130 0 0 1 0 18127 0 0 5501 40418 0 0 22 0 10 0 0 14 3 52 
42 19290 0 117 129 0 30330 0 0 2993 4 0 0 926 0 0 51 311 6376 3 0 19 291 0 0 0 1 4 8 47 0 30 302 0 0 5563 0 0 34591 0 274 41103 0 7 3689 16791 275 0 0 67709 
4 94 117 0 0 0 0 46905 0 6356 0 0 0 0 0 0 0 0 20024 0 11 0 97 1 112 0 0 2171 0 26 401 0 0 34245 34 0 0 49 0 1994 264 0 5 0 0 1 0 0 42 0 
2507 81 129 0 0 0 48648 0 0 17960 41 1 4 44495 0 0 57 0 0 65100 0 0 401 10200 41486 0 0 1253 0 0 0 0 0 0 242 0 5 0 73560 0 11 0 549 32 0 0 25531 0 14917 0 
17 0 0 0 0 0 3 12 1 8638 28 0 4314 0 3 0 24317 0 943 34101 1110 0 0 0 5 3488 395 0 17 36 302 278 1 3310 8 259 6 6 0 0 4934 0 14 529 0 1 34212 11555 481 636 
0 0 30330 0 48648 3 0 13382 0 0 77414 0 0 1 0 0 0 0 1 0 0 2 0 0 0 0 24 1 0 0 1 0 0 87 0 34375 0 0 0 0 2 894 0 0 0 0 0 42 0 0 
0 0 0 46905 0 12 13382 0 701 87401 0 257 46 0 0 47 61885 44 0 0 9179 0 0 0 0 9883 412 0 0 0 3 78937 0 3 18 0 0 0 31 1542 11847 0 0 0 0 1598 0 19899 0 12270 
8 0 0 0 0 1 0 701 0 2 6055 173 0 0 0 1237 0 0 87568 0 0 24 0 0 19315 5 0 70 1417 67 0 0 0 159 0 939 0 5 0 0 4242 0 0 0 0 17889 0 2247 0 0 
68 2 2993 6356 17960 8638 0 87401 2 0 5 0 0 0 74460 62338 0 2 0 1 0 1 0 0 3764 5 36379 0 20308 0 429 0 0 0 0 0 0 0 22006 0 1 0 506 0 59055 1 0 2268 33718 4 
323 1613 4 0 41 28 77414 0 6055 5 0 0 4791 64 191 0 0 0 0 0 0 0 0 0 58 0 57023 12635 0 0 0 1725 26 18 0 0 0 75683 0 0 0 0 11 3 0 1278 0 1693 16 26 
0 72 0 0 1 0 0 257 173 0 0 0 84 97713 28290 1052 0 0 54983 0 50 436 0 3242 70213 10129 0 10 0 2 921 525 0 1242 0 0 0 114 705 15 0 0 329 0 7331 0 0 177 733 130 
47416 1187 0 0 4 4314 0 46 0 0 4791 84 0 0 0 6764 2 0 0 0 0 0 0 0 0 3496 327 0 0 30581 176 179 0 8 8165 4 93513 256 1 916 0 2361 0 385 0 3 0 0 0 0 
0 337 926 0 44495 0 1 0 0 0 64 97713 0 0 0 13 10783 39362 0 12981 0 0 0 4 0 6 0 0 0 0 6466 12439 1 0 15 30462 0 4 0 727 0 46277 30972 0 0 0 2071 0 45 3739 
100 21007 0 0 0 3 0 0 0 74460 191 28290 0 0 0 0 1 2564 2 0 2 532 0 0 0 0 0 0 28876 0 10 0 0 87856 5213 3866 0 0 0 0 0 13 5 0 4162 0 141 0 107 0 
0 0 0 0 0 0 0 47 1237 62338 0 1052 6764 13 0 0 0 464 393 4201 2093 0 0 9 0 3336 0 212 0 20 0 0 279 0 0 0 64007 2923 0 15 47204 7 0 1340 60707 70684 945 0 5 0 
29 1095 51 0 57 24317 0 61885 0 0 0 0 2 10783 1 0 0 0 0 71549 0 0 20 1987 166 0 0 0 0 62711 0 5510 111 0 0 3 174 1 0 1 88 0 0 39 29 0 1 8 48 0 
0 2186 311 0 0 0 0 44 0 2 0 0 0 39362 2564 464 0 0 0 0 6 34566 2 0 0 648 1 403 0 0 20712 0 4607 0 0 24120 1 0 0 0 0 0 0 3 2 38356 0 18 23167 0 
69 0 6376 20024 0 943 1 0 87568 0 0 54983 0 0 2 393 0 0 0 507 3759 1515 0 4 0 0 0 0 0 7 6 42373 0 0 0 0 0 55443 0 434 2376 1 0 0 7 0 51157 235 1529 0 
249 0 3 0 65100 34101 0 0 0 1 0 0 0 12981 0 4201 71549 0 507 0 1 0 0 47 0 515 0 1 0 85155 9 7 0 120 0 120 189 4036 0 1 8942 10184 0 11339 0 0 8348 0 0 0 
0 0 0 11 0 1110 0 9179 0 0 0 50 0 0 2 2093 0 6 3759 1 0 5290 0 0 110 25 0 0 0 249 0 1875 0 51 0 0 0 0 0 0 0 0 39531 2 0 10766 0 0 0 0 
89832 0 19 0 0 0 2 0 24 1 0 436 0 0 532 0 0 34566 1515 0 5290 0 14 0 0 190 0 60 0 21 50043 2857 422 2 0 5222 0 227 0 0 0 0 14 19987 0 0 0 239 0 0 
1 0 291 97 401 0 0 0 0 0 0 0 0 0 0 0 20 2 0 0 0 14 0 0 44 0 0 0 18470 72595 1510 0 0 0 0 0 0 0 0 0 0 0 0 13728 0 0 0 0 0 0 
0 0 0 1 10200 0 0 0 0 0 0 3242 0 4 0 9 1987 0 4 47 0 0 0 0 34843 44 0 5 0 0 0 10 12878 292 1834 0 1 0 7 519 0 6 2281 0 5 1308 0 0 10798 347 
231 35 0 112 41486 5 0 0 19315 3764 58 70213 0 0 0 0 166 0 0 0 110 0 44 34843 0 0 75500 0 0 0 0 0 5209 13 50723 6 3 0 390 12 0 0 0 0 5 2635 0 81 28099 0 
112 1900 0 0 0 3488 0 9883 5 5 0 10129 3496 6 0 3336 0 648 0 515 25 190 0 44 0 0 0 0 0 37244 96 0 253 0 5293 0 0 936 9814 0 0 0 0 0 85 9 0 215 20573 0 
382 34 1 0 0 395 24 412 0 36379 57023 0 327 0 0 0 0 1 0 0 0 0 0 0 75500 0 0 36 0 270 0 0 2094 0 0 2717 0 706 0 3 0 1 0 24377 0 0 0 2 0 0 
34501 2 4 2171 1253 0 1 0 70 0 12635 10 0 0 0 212 0 403 0 1 0 60 0 5 0 0 36 0 6 172 2222 1034 17280 0 0 6121 220 4625 9835 12 6453 1 16 110 196 5 0 0 0 179 
0 0 8 0 0 17 0 0 1417 20308 0 0 0 0 28876 0 0 0 0 0 0 0 18470 0 0 0 0 6 0 1386 0 0 1650 0 5 111 0 113 0 18 0 0 0 0 0 1246 0 0 0 1 
10234 0 47 26 0 36 0 0 67 0 0 2 30581 0 0 20 62711 0 7 85155 249 21 72595 0 0 37244 270 172 1386 0 90795 34 0 0 84900 0 6 6613 760 3788 45 9858 0 0 271 0 34098 0 0 35 
768 130 0 401 0 302 1 3 0 429 0 921 176 6466 10 0 0 20712 6 9 0 50043 1510 0 0 96 0 2222 0 90795 0 13 9636 47412 0 46455 0 11 3501 1212 0 0 202 0 0 0 0 0 0 6 
29 0 30 0 0 278 0 78937 0 0 1725 525 179 12439 0 0 5510 0 42373 7 1875 2857 0 10 0 0 0 1034 0 34 13 0 14086 0 0 50 8896 2 0 0 0 0 11826 0 0 0 1 34 36082 0 
0 0 302 0 0 1 0 0 0 0 26 0 0 1 0 279 111 4607 0 0 0 422 0 12878 5209 253 2094 17280 1650 0 9636 14086 0 12 0 0 0 0 2 0 0 51 0 103 0 62203 126 0 41624 0 
0 1 0 34245 0 3310 87 3 159 0 18 1242 8 0 87856 0 0 0 0 120 51 2 0 292 13 0 0 0 0 0 47412 0 12 0 0 66890 0 10 0 0 0 0 1686 0 0 1 1900 0 626 0 
333 0 0 34 242 8 0 18 0 0 0 0 8165 15 5213 0 0 0 0 0 0 0 0 1834 50723 5293 0 0 5 84900 0 0 0 0 0 1246 0 2 84 0 0 15 0 1 728 3516 10 0 48263 93686 
0 18127 5563 0 0 259 34375 0 939 0 0 0 4 30462 3866 0 3 24120 0 120 0 5222 0 0 6 0 2717 6121 111 0 46455 50 0 66890 1246 0 3 0 31 0 4149 0 0 6815 0 21 30 0 13543 0 
0 0 0 0 5 6 0 0 0 0 0 0 93513 0 0 64007 174 1 0 189 0 0 0 1 3 0 0 220 0 6 0 8896 0 0 0 3 0 0 667 0 0 14035 6 61 826 1195 0 112 192 0 
0 0 0 49 0 6 0 0 5 0 75683 114 256 4 0 2923 1 0 55443 4036 0 227 0 0 0 936 706 4625 113 6613 11 2 0 10 2 0 0 0 16330 1 0 0 0 0 32 0 951 59 0 0 
123 5501 34591 0 73560 0 0 31 0 22006 0 705 1 0 0 0 0 0 0 0 0 0 0 7 390 9814 0 9835 0 760 3501 0 2 0 84 31 667 16330 0 0 0 3123 0 2388 3546 0 1257 13636 59 74 
1326 40418 0 1994 0 0 0 1542 0 0 0 15 916 727 0 15 1 0 434 1 0 0 0 519 12 0 3 12 18 3788 1212 0 0 0 0 0 0 1 0 0 1 0 0 122 0 0 5659 99518 0 0 
0 0 274 264 11 4934 2 11847 4242 1 0 0 0 0 0 47204 88 0 2376 8942 0 0 0 0 0 0 0 6453 0 45 0 0 0 0 0 4149 0 0 0 1 0 2 1 0 0 131 3 2169 995 38 
0 0 41103 0 0 0 894 0 0 0 0 0 2361 46277 13 7 0 0 1 10184 0 0 0 6 0 0 1 1 0 9858 0 0 51 0 15 0 14035 0 3123 0 2 0 490 0 0 0 0 0 15262 11216 
0 22 0 5 549 14 0 0 0 506 11 329 0 30972 5 0 0 0 0 0 39531 14 0 2281 0 0 0 16 0 0 202 11826 0 1686 0 0 6 0 0 0 1 490 0 3747 0 0 0 0 130 5 
0 0 7 0 32 529 0 0 0 0 3 0 385 0 0 1340 39 3 0 11339 2 19987 13728 0 0 0 24377 110 0 0 0 0 103 0 1 6815 61 0 2388 122 0 0 3747 0 26400 0 0 39 30440 0 
10 10 3689 0 0 0 0 0 0 59055 0 7331 0 0 4162 60707 29 2 7 0 0 0 0 5 5 85 0 196 0 271 0 0 0 0 728 0 826 32 3546 0 0 0 0 26400 0 0 105 6644 0 0 
0 0 16791 1 0 1 0 1598 17889 1 1278 0 3 0 0 70684 0 38356 0 0 10766 0 0 1308 2635 9 0 5 1246 0 0 0 62203 1 3516 21 1195 0 0 0 131 0 0 0 0 0 3972 335 4 16 
0 0 275 0 25531 34212 0 0 0 0 0 0 0 2071 141 945 1 0 51157 8348 0 0 0 0 0 0 0 0 0 34098 0 1 126 1900 10 30 0 951 1257 5659 3 0 0 0 105 3972 0 63 139 5626 
0 14 0 0 0 11555 42 19899 2247 2268 1693 177 0 0 0 0 8 18 235 0 0 239 0 0 81 215 2 0 0 0 0 34 0 0 0 0 112 59 13636 99518 2169 0 0 39 6644 335 63 0 0 0 
19940 3 0 42 14917 481 0 0 0 33718 16 733 0 45 107 5 48 23167 1529 0 0 0 0 10798 28099 20573 0 0 0 0 0 36082 41624 626 48263 13543 192 0 59 0 995 15262 130 30440 0 4 139 0 0 0 
0 52 67709 0 0 636 0 12270 0 4 26 130 0 3739 0 0 0 0 0 0 0 0 0 347 0 0 0 179 1 35 6 0 0 0 93686 0 0 0 74 0 38 11216 5 0 0 16 5626 0 0 0 
