20 2
0 46 118 40 96 98 46 64 2 33 36 47 55 9 108 78 35 54 61 95 
46 0 88 10 53 127 3 66 48 60 37 19 78 48 107 43 36 50 104 90 
118 88 0 85 53 137 85 71 120 144 83 106 102 125 70 117 84 138 148 59 
40 10 85 0 56 117 8 56 42 59 26 26 68 43 98 54 26 55 95 82 
96 53 53 56 0 154 51 82 98 112 71 66 108 100 106 67 71 96 146 90 
98 127 137 117 154 0 125 72 99 127 90 138 49 106 75 170 91 153 52 79 
46 3 85 8 51 125 0 63 48 61 34 22 76 49 104 46 34 53 103 87 
64 66 71 56 82 72 63 0 66 97 32 83 30 73 44 110 33 107 76 31 
2 48 120 42 98 99 48 66 0 32 38 48 56 7 110 78 37 54 61 97 
33 60 144 59 112 127 61 97 32 0 67 48 88 24 142 71 66 34 83 128 
36 37 83 26 71 90 34 32 38 67 0 51 41 44 77 80 1 75 74 61 
47 19 106 26 66 138 22 83 48 48 51 0 90 45 125 31 50 31 108 109 
55 78 102 68 108 49 76 30 56 88 41 90 0 63 62 121 41 107 46 54 
9 48 125 43 100 106 49 73 7 24 44 45 63 0 117 75 43 47 66 104 
108 107 70 98 106 75 104 44 110 142 77 125 62 117 0 149 78 152 105 17 
78 43 117 54 67 170 46 110 78 71 80 31 121 75 149 0 80 40 140 132 
35 36 84 26 71 91 34 33 37 66 1 50 41 43 78 80 0 74 74 62 
54 50 138 55 96 153 53 107 54 34 75 31 107 47 152 40 74 0 113 136 
61 104 148 95 146 52 103 76 61 83 74 108 46 66 105 140 74 113 0 100 
95 90 59 82 90 79 87 31 97 128 61 109 54 104 17 132 62 136 100 0 
0 53 0 0 152 1 1031 0 3453 0 1 19 23 1240 17837 279 9334 15569 0 1 
53 0 0 69 104 85 0 401 4540 0 132 0 4 83 0 0 56255 15575 13 0 
0 0 0 0 23068 114 325 0 11 9113 0 122 0 0 0 1 443 0 0 4 
0 69 0 0 0 0 0 37 215 45903 0 7127 0 602 336 77742 0 0 14 0 
152 104 23068 0 0 0 7 0 6 6 1225 5946 10910 0 0 182 142 0 0 1 
1 85 114 0 0 0 0 0 236 81080 4810 1035 0 0 0 23 8 628 67 284 
1031 0 325 0 7 0 0 0 55 0 0 0 0 0 0 275 0 61 0 97 
0 401 0 37 0 0 0 0 1 0 0 0 0 9 0 0 1 106 29444 0 
3453 4540 11 215 6 236 55 1 0 0 0 3148 1 2928 0 0 1 3686 0 0 
0 0 9113 45903 6 81080 0 0 0 0 22316 5650 6414 8 0 9 6355 0 4768 0 
1 132 0 0 1225 4810 0 0 0 22316 0 124 19933 18573 94 4236 23341 0 20 0 
19 0 122 7127 5946 1035 0 0 3148 5650 124 0 627 7 434 0 3018 0 20744 587 
23 4 0 0 10910 0 0 0 1 6414 19933 627 0 0 586 0 8 0 0 7 
1240 83 0 602 0 0 0 9 2928 8 18573 7 0 0 0 650 14 0 1 357 
17837 0 0 336 0 0 0 0 0 0 94 434 586 0 0 18486 0 0 11 44278 
279 0 1 77742 182 23 275 0 0 9 4236 0 0 650 18486 0 0 0 2 0 
9334 56255 443 0 142 8 0 1 1 6355 23341 3018 8 14 0 0 0 19527 59125 0 
15569 15575 0 0 0 628 61 106 3686 0 0 0 0 0 0 0 19527 0 56 18 
0 13 0 14 0 67 0 29444 0 4768 20 20744 0 1 11 2 59125 56 0 18 
1 0 4 0 1 284 97 0 0 0 0 587 7 357 44278 0 0 18 18 0 
0 0 29 5702 0 0 0 4 0 12110 0 0 0 0 0 0 0 0 136 0 
0 0 25071 0 0 0 770 0 0 23 0 1490 0 0 22 16118 0 0 0 51299 
29 25071 0 2141 0 0 0 81 0 0 4406 0 2685 27734 5376 0 0 653 4 0 
5702 0 2141 0 13533 8746 9122 0 0 0 54 0 700 0 0 0 211 7 0 1 
0 0 0 13533 0 1 0 3 0 0 0 0 0 3 15 0 0 28427 84937 0 
0 0 0 8746 1 0 2112 2 0 0 0 0 61 1799 2 0 0 0 0 0 
0 770 0 9122 0 2112 0 58007 0 9498 8970 66 27781 21 582 0 17789 0 8603 0 
4 0 81 0 3 2 58007 0 0 173 1981 672 3019 0 6201 1044 0 0 0 489 
0 0 0 0 0 0 0 0 0 6271 19 0 0 0 13842 12 0 0 21394 27 
12110 23 0 0 0 0 9498 173 6271 0 0 0 0 0 46 0 0 2213 0 39 
0 0 4406 54 0 0 8970 1981 19 0 0 0 0 0 0 0 0 75103 0 8 
0 1490 0 0 0 0 66 672 0 0 0 0 0 0 0 8475 0 2282 0 0 
0 0 2685 700 0 61 27781 3019 0 0 0 0 0 67 0 2723 0 621 1091 0 
0 0 27734 0 3 1799 21 0 0 0 0 0 67 0 1555 0 0 7172 0 0 
0 22 5376 0 15 2 582 6201 13842 46 0 0 0 1555 0 0 61492 9 0 0 
0 16118 0 0 0 0 0 1044 12 0 0 8475 2723 0 0 0 771 15741 0 2 
0 0 0 211 0 0 17789 0 0 0 0 0 0 0 61492 771 0 0 0 257 
0 0 653 7 28427 0 0 0 0 2213 75103 2282 621 7172 9 15741 0 0 0 0 
136 0 4 0 84937 0 8603 0 21394 0 0 0 1091 0 0 0 0 0 0 0 
0 51299 0 1 0 0 0 489 27 39 8 0 0 0 0 2 257 0 0 0 
