30 2
0 46 118 40 96 98 46 64 2 33 36 47 55 9 108 78 35 54 61 95 45 105 61 79 70 72 108 28 39 45 
46 0 88 10 53 127 3 66 48 60 37 19 78 48 107 43 36 50 104 90 43 84 63 35 92 25 124 21 29 63 
118 88 0 85 53 137 85 71 120 144 83 106 102 125 70 117 84 138 148 59 75 25 72 92 105 80 111 92 78 92 
40 10 85 0 56 117 8 56 42 59 26 26 68 43 98 54 26 55 95 82 33 79 53 44 82 34 114 12 19 52 
96 53 53 56 0 154 51 82 98 112 71 66 108 100 106 67 71 96 146 90 69 65 81 42 118 33 138 68 62 93 
98 127 137 117 154 0 125 72 99 127 90 138 49 106 75 170 91 153 52 79 87 112 73 161 36 148 37 107 99 64 
46 3 85 8 51 125 0 63 48 61 34 22 76 49 104 46 34 53 103 87 40 81 60 36 90 26 122 20 27 60 
64 66 71 56 82 72 63 0 66 97 32 83 30 73 44 110 33 107 76 31 23 50 3 95 36 81 59 52 37 22 
2 48 120 42 98 99 48 66 0 32 38 48 56 7 110 78 37 54 61 97 47 107 63 81 71 74 110 30 42 47 
33 60 144 59 112 127 61 97 32 0 67 48 88 24 142 71 66 34 83 128 77 134 94 83 103 82 141 52 68 79 
36 37 83 26 71 90 34 32 38 67 0 51 41 44 77 80 1 75 74 61 10 68 29 70 55 58 88 20 9 26 
47 19 106 26 66 138 22 83 48 48 51 0 90 45 125 31 50 31 108 109 59 103 80 35 105 34 140 31 46 76 
55 78 102 68 108 49 76 30 56 88 41 90 0 63 62 121 41 107 46 54 39 80 29 112 15 99 53 58 50 15 
9 48 125 43 100 106 49 73 7 24 44 45 63 0 117 75 43 47 66 104 53 112 70 79 79 73 117 33 47 54 
108 107 70 98 106 75 104 44 110 142 77 125 62 117 0 149 78 152 105 17 67 45 48 131 55 116 42 96 80 64 
78 43 117 54 67 170 46 110 78 71 80 31 121 75 149 0 80 40 140 132 87 120 107 25 135 36 168 62 73 106 
35 36 84 26 71 91 34 33 37 66 1 50 41 43 78 80 0 74 74 62 11 69 30 70 55 58 89 19 9 26 
54 50 138 55 96 153 53 107 54 34 75 31 107 47 152 40 74 0 113 136 84 134 104 59 123 63 160 55 72 95 
61 104 148 95 146 52 103 76 61 83 74 108 46 66 105 140 74 113 0 100 77 126 75 139 50 129 81 83 83 56 
95 90 59 82 90 79 87 31 97 128 61 109 54 104 17 132 62 136 100 0 52 34 34 114 51 99 52 81 64 52 
45 43 75 33 69 87 40 23 47 77 10 59 39 53 67 87 11 84 77 52 0 59 20 74 51 61 81 29 13 24 
105 84 25 79 65 112 81 50 107 134 68 103 80 112 45 120 69 134 126 34 59 0 51 98 81 84 86 82 66 72 
61 63 72 53 81 73 60 3 63 94 29 80 29 70 48 107 30 104 75 34 20 51 0 93 37 79 61 49 34 20 
79 35 92 44 42 161 36 95 81 83 70 35 112 79 131 25 70 59 139 114 74 98 93 0 125 14 155 56 62 96 
70 92 105 82 118 36 90 36 71 103 55 105 15 79 55 135 55 123 50 51 51 81 37 125 0 112 38 73 63 29 
72 25 80 34 33 148 26 81 74 82 58 34 99 73 116 36 58 63 129 99 61 84 79 14 112 0 140 46 49 83 
108 124 111 114 138 37 122 59 110 141 88 140 53 117 42 168 89 160 81 52 81 86 61 155 38 140 0 108 95 65 
28 21 92 12 68 107 20 52 30 52 20 31 58 33 96 62 19 55 83 81 29 82 49 56 73 46 108 0 17 44 
39 29 78 19 62 99 27 37 42 68 9 46 50 47 80 73 9 72 83 64 13 66 34 62 63 49 95 17 0 34 
45 63 92 52 93 64 60 22 47 79 26 76 15 54 64 106 26 95 56 52 24 72 20 96 29 83 65 44 34 0 
0 33189 36062 0 94140 0 0 11967 0 0 14889 0 0 0 0 0 6828 1 616 108 0 123 5 81 863 0 0 0 1 0 
33189 0 2527 0 0 0 0 7 0 0 36155 541 0 0 0 0 10 0 10213 0 1 0 0 0 156 23 2315 0 0 0 
36062 2527 0 0 62 118 0 0 0 66 2 0 2 0 18 0 0 92298 0 2 0 1302 2 0 0 1019 9 0 175 3 
0 0 0 0 4 36075 540 191 1 0 25543 0 0 1707 38597 1017 726 0 346 0 0 1 54 106 20675 1 0 16 0 0 
94140 0 62 4 0 0 0 5173 9 63836 0 352 203 9767 0 0 5152 37448 0 0 9355 2 214 0 0 3384 3718 463 0 3 
0 0 118 36075 0 0 18109 7964 5080 30978 1493 0 0 55167 19884 18870 0 2016 9 1260 0 0 0 0 242 0 0 12 13 57986 
0 0 0 540 0 18109 0 0 64 19880 0 1587 0 8497 641 1 56581 0 96 14 26 0 468 5 145 169 0 122 0 0 
11967 7 0 191 5173 7964 0 0 0 0 0 199 2486 874 15355 7 0 17311 0 10 0 7200 20062 0 0 0 0 62233 0 1371 
0 0 0 1 9 5080 64 0 0 362 0 0 87 0 0 0 10383 726 5455 12 0 769 26 0 0 0 0 0 230 0 
0 0 66 0 63836 30978 19880 0 362 0 7525 0 0 0 61865 0 0 0 1 80 28220 0 0 77304 236 0 0 38891 23790 0 
14889 36155 2 25543 0 1493 0 0 0 7525 0 0 0 0 0 1 0 2410 0 92683 0 0 77 0 117 2 0 0 0 0 
0 541 0 0 352 0 1587 199 0 0 0 0 0 152 0 91 0 0 0 0 6709 27712 18 1482 13496 0 65 0 0 8 
0 0 2 0 203 0 0 2486 87 0 0 0 0 0 40845 88 9406 0 0 0 0 0 0 1611 0 0 0 213 2 26 
0 0 0 1707 9767 55167 8497 874 0 0 0 152 0 0 0 2366 8 0 0 1 0 0 0 0 0 0 4283 874 331 0 
0 0 18 38597 0 19884 641 15355 0 61865 0 0 40845 0 0 0 0 0 1653 16276 0 0 49394 0 5007 68 3467 0 0 0 
0 0 0 1017 0 18870 1 7 0 0 1 91 88 2366 0 0 0 0 0 7 65 14 9 1589 0 7569 1373 17 0 0 
6828 10 0 726 5152 0 56581 0 10383 0 0 0 9406 8 0 0 0 5206 7 23 0 0 229 0 2949 0 33 32094 0 3114 
1 0 92298 0 37448 2016 0 17311 726 0 2410 0 0 0 0 0 5206 0 108 0 0 52196 0 5 2 3371 0 5781 0 0 
616 10213 0 346 0 9 96 0 5455 1 0 0 0 0 1653 0 7 108 0 0 128 3009 1 0 0 22 65 135 112 233 
108 0 2 0 0 1260 14 10 12 80 92683 0 0 1 16276 7 23 0 0 0 0 0 0 9778 845 70 0 13702 0 12 
0 1 0 0 9355 0 26 0 0 28220 0 6709 0 0 0 65 0 0 128 0 0 153 605 8250 4 0 0 0 0 0 
123 0 1302 1 2 0 0 7200 769 0 0 27712 0 0 0 14 0 52196 3009 0 153 0 3322 0 0 53 0 0 10 20 
5 0 2 54 214 0 468 20062 26 0 77 18 0 0 49394 9 229 0 1 0 605 3322 0 0 0 78 0 3 0 0 
81 0 0 106 0 0 5 0 0 77304 0 1482 1611 0 0 1589 0 5 0 9778 8250 0 0 0 2754 0 29 24 0 3 
863 156 0 20675 0 242 145 0 0 236 117 13496 0 0 5007 0 2949 2 0 845 4 0 0 2754 0 0 5 1 0 0 
0 23 1019 1 3384 0 169 0 0 0 2 0 0 0 68 7569 0 3371 22 70 0 53 78 0 0 0 0 211 0 48 
0 2315 9 0 3718 0 0 0 0 0 0 65 0 4283 3467 1373 33 0 65 0 0 0 0 29 5 0 0 0 0 0 
0 0 0 16 463 12 122 62233 0 38891 0 0 213 874 0 17 32094 5781 135 13702 0 0 3 24 1 211 0 0 0 45 
1 0 175 0 0 13 0 0 230 23790 0 0 2 331 0 0 0 0 112 0 0 10 0 0 0 0 0 0 0 0 
0 0 3 0 3 57986 0 1371 0 0 0 8 26 0 0 0 3114 0 233 12 0 20 0 3 0 48 0 45 0 0 
0 16270 1916 0 17663 0 0 21789 0 0 50520 0 0 0 0 0 807 153 39081 435 0 0 1 7844 1579 0 0 0 0 0 
16270 0 7027 0 0 0 0 41 0 0 95861 135 0 0 0 0 2 0 909 0 0 0 0 0 59 171 2999 0 0 0 
1916 7027 0 0 257 88 0 0 0 0 0 5 262 0 21 0 0 27182 0 1 0 2906 23 0 0 5362 696 0 0 3 
0 0 0 0 7 15287 43 303 0 0 7208 0 0 16 94383 645 499 18 575 0 0 7 258 111 16488 0 0 28 0 0 
17663 0 257 7 0 6 0 566 3081 22766 0 32300 2323 1441 0 0 112 14059 0 0 25360 1 14 0 0 5297 1925 26 23 0 
0 0 88 15287 6 0 45601 686 78628 84313 1002 0 0 8996 1041 30039 0 314 20 2455 0 0 0 0 1010 0 0 49 81 12434 
0 0 0 43 0 45601 0 0 10 26983 0 1085 0 574 2135 0 38863 0 0 7 40 0 33 1 25 19 0 182 0 0 
21789 41 0 303 566 686 0 0 0 0 0 17944 96768 38 41348 9 0 6127 11 5 0 86276 3495 0 0 0 0 4370 0 148 
0 0 0 0 3081 78628 10 0 0 6585 0 0 2 0 0 0 286 29 3904 0 0 17 773 0 0 0 0 0 318 0 
0 0 0 0 22766 84313 26983 0 6585 0 4160 0 0 0 783 0 0 0 4 4705 119 0 0 48717 48 0 0 4952 1349 0 
50520 95861 0 7208 0 1002 0 0 0 4160 0 0 0 0 0 0 0 848 0 18281 0 0 5 0 63 31 0 0 0 0 
0 135 5 0 32300 0 1085 17944 0 0 0 0 0 35 0 58 0 389 0 0 1648 50711 22 2 2452 0 154 15 0 31 
0 0 262 0 2323 0 0 96768 2 0 0 0 0 0 1634 2747 29087 0 175 0 0 0 0 3062 0 0 0 849 0 3 
0 0 0 16 1441 8996 574 38 0 0 0 35 0 0 0 74 206 0 0 0 0 0 0 0 0 0 64 215 11095 0 
0 0 21 94383 0 1041 2135 41348 0 783 0 0 1634 0 0 0 0 0 26745 22610 0 0 1877 0 6287 4 177 0 0 0 
0 0 0 645 0 30039 0 9 0 0 0 58 2747 74 0 0 0 0 0 13 71 35 27 9875 0 9939 1269 21 0 0 
807 2 0 499 112 0 38863 0 286 0 0 0 29087 206 0 0 0 739 1 10 0 0 6275 0 120 0 9 19882 0 24 
153 0 27182 18 14059 314 0 6127 29 0 848 389 0 0 0 0 739 0 2096 0 0 18551 0 3 0 12377 0 38 0 0 
39081 909 0 575 0 20 0 11 3904 4 0 0 175 0 26745 0 1 2096 0 0 31 7622 7 0 11 211 320 3 8 56 
435 0 1 0 0 2455 7 5 0 4705 18281 0 0 0 22610 13 10 0 0 0 0 0 2 798 314 7 0 55307 0 1 
0 0 0 0 25360 0 40 0 0 119 0 1648 0 0 0 71 0 0 31 0 0 1503 212 875 436 0 0 0 0 20 
0 0 2906 7 1 0 0 86276 17 0 0 50711 0 0 0 35 0 18551 7622 0 1503 0 26551 0 0 279 0 0 11 13 
1 0 23 258 14 0 33 3495 773 0 5 22 0 0 1877 27 6275 0 7 2 212 26551 0 0 0 44 0 28 0 0 
7844 0 0 111 0 0 1 0 0 48717 0 2 3062 0 0 9875 0 3 0 798 875 0 0 0 78805 0 15 139 0 0 
1579 59 0 16488 0 1010 25 0 0 48 63 2452 0 0 6287 0 120 0 11 314 436 0 0 78805 0 0 0 0 0 0 
0 171 5362 0 5297 0 19 0 0 0 31 0 0 0 4 9939 0 12377 211 7 0 279 44 0 0 0 0 2456 0 2 
0 2999 696 0 1925 0 0 0 0 0 0 154 0 64 177 1269 9 0 320 0 0 0 0 15 0 0 0 0 0 0 
0 0 0 28 26 49 182 4370 0 4952 0 15 849 215 0 21 19882 38 3 55307 0 0 28 139 0 2456 0 0 0 32428 
0 0 0 0 23 81 0 0 318 1349 0 0 0 11095 0 0 0 0 8 0 0 11 0 0 0 0 0 0 0 0 
0 0 3 0 0 12434 0 148 0 0 0 31 3 0 0 0 24 0 56 1 20 13 0 0 0 2 0 32428 0 0 
