10 2
0 123 17 72 89 90 77 84 122 70 
123 0 116 51 121 48 96 115 59 63 
17 116 0 64 101 90 86 66 108 71 
72 51 64 0 97 39 71 77 62 33 
89 121 101 97 0 73 26 158 158 64 
90 48 90 39 73 0 47 116 91 20 
77 96 86 71 26 47 0 136 132 38 
84 115 66 77 158 116 136 0 73 105 
122 59 108 62 158 91 132 73 0 94 
70 63 71 33 64 20 38 105 94 0 
0 42326 6 46564 14549 0 5 0 0 0 
42326 0 11 0 183 11 410 0 22 1 
6 11 0 0 0 6 0 7307 0 304 
46564 0 0 0 0 2721 8 199 0 70176 
14549 183 0 0 0 2191 1780 33 0 8342 
0 11 6 2721 2191 0 1209 0 0 0 
5 410 0 8 1780 1209 0 793 0 22493 
0 0 7307 199 33 0 793 0 0 2 
0 22 0 0 0 0 0 0 0 2865 
0 1 304 70176 8342 0 22493 2 2865 0 
0 4271 0 0 42 0 43 52 1739 0 
4271 0 0 12798 72 0 0 0 306 0 
0 0 0 5817 0 84 15593 0 16 0 
0 12798 5817 0 245 1206 0 9 12 0 
42 72 0 245 0 0 892 0 0 0 
0 0 84 1206 0 0 0 0 0 33 
43 0 15593 0 892 0 0 0 29 42915 
52 0 0 9 0 0 0 0 16645 0 
1739 306 16 12 0 0 29 16645 0 0 
0 0 0 0 0 33 42915 0 0 0 
