7 2
0 123 17 72 89 90 77 
123 0 116 51 121 48 96 
17 116 0 64 101 90 86 
72 51 64 0 97 39 71 
89 121 101 97 0 73 26 
90 48 90 39 73 0 47 
77 96 86 71 26 47 0 
0 0 0 0 52 0 85 
0 0 20505 68 7307 69 0 
0 20505 0 2 0 0 0 
0 68 2 0 0 30025 0 
52 7307 0 0 0 0 0 
0 69 0 30025 0 0 0 
85 0 0 0 0 0 0 
0 30 4 50 0 50129 0 
30 0 0 0 0 0 19 
4 0 0 0 171 1798 29663 
50 0 0 0 5368 0 0 
0 0 171 5368 0 32 17169 
50129 0 1798 0 32 0 14320 
0 19 29663 0 17169 14320 0 
