30 2
0 123 17 72 89 90 77 84 122 70 141 118 117 117 58 85 94 145 69 99 137 99 30 139 114 56 50 94 70 158 
123 0 116 51 121 48 96 115 59 63 25 47 40 16 64 39 31 87 58 23 83 33 103 24 65 67 92 40 53 45 
17 116 0 64 101 90 86 66 108 71 133 119 117 113 52 81 90 150 68 93 122 97 14 135 118 53 57 84 66 154 
72 51 64 0 97 39 71 77 62 33 69 64 60 49 13 21 29 104 24 28 84 38 52 71 72 21 53 26 13 91 
89 121 101 97 0 73 26 158 158 64 146 84 88 106 88 88 93 82 73 107 181 88 104 121 67 78 49 121 84 131 
90 48 90 39 73 0 47 116 91 20 73 28 27 34 42 20 20 64 22 35 115 15 82 53 32 38 48 55 28 69 
77 96 86 71 26 47 0 136 132 38 121 63 66 81 63 62 67 73 47 81 155 62 85 98 49 54 29 95 58 110 
84 115 66 77 158 116 136 0 73 105 118 141 136 120 76 98 104 181 98 96 73 114 56 139 149 84 109 75 89 160 
122 59 108 62 158 91 132 73 0 94 51 103 96 73 74 71 70 145 85 56 25 79 93 83 118 83 115 37 74 101 
70 63 71 33 64 20 38 105 94 0 87 48 47 52 29 25 32 79 8 44 117 32 64 72 47 21 28 56 20 89 
141 25 133 69 146 73 121 118 51 87 0 70 64 41 83 62 55 108 81 43 71 58 119 37 89 88 115 49 74 52 
118 47 119 64 84 28 63 141 103 48 70 0 6 30 70 43 37 42 50 48 128 26 110 38 19 66 73 72 55 47 
117 40 117 60 88 27 66 136 96 47 64 6 0 24 67 39 32 48 48 42 121 22 108 32 25 64 74 66 52 44 
117 16 113 49 106 34 81 120 73 52 41 30 24 0 60 31 22 72 48 24 98 19 101 21 48 61 81 46 46 42 
58 64 52 13 88 42 63 76 74 29 83 70 67 60 0 29 38 107 21 41 95 45 41 82 74 9 41 39 15 102 
85 39 81 21 88 20 62 98 71 25 62 43 39 31 29 0 9 83 18 19 96 17 70 53 51 29 52 34 14 73 
94 31 90 29 93 20 67 104 70 32 55 37 32 22 38 9 0 79 27 14 95 10 79 44 48 38 60 36 24 64 
145 87 150 104 82 64 73 181 145 79 108 42 48 72 107 83 79 0 85 91 170 68 144 71 32 101 95 114 92 67 
69 58 68 24 73 22 47 98 85 8 81 50 48 48 21 18 27 85 0 37 108 30 60 70 52 16 34 48 11 88 
99 23 93 28 107 35 81 96 56 44 43 48 42 24 41 19 14 91 37 0 81 23 80 43 62 45 71 23 30 64 
137 83 122 84 181 115 155 73 25 117 71 128 121 98 95 96 95 170 108 81 0 104 107 106 143 104 136 61 97 123 
99 33 97 38 88 15 62 114 79 32 58 26 22 19 45 17 10 68 30 23 104 0 87 40 38 44 61 46 30 58 
30 103 14 52 104 82 85 56 93 64 119 110 108 101 41 70 79 144 60 80 107 87 0 123 111 44 56 70 56 143 
139 24 135 71 121 53 98 139 83 72 37 38 32 21 82 53 44 71 70 43 106 40 123 0 57 83 101 64 68 21 
114 65 118 72 67 32 49 149 118 47 89 19 25 48 74 51 48 32 52 62 143 38 111 57 0 68 66 84 60 63 
56 67 53 21 78 38 54 84 83 21 88 66 64 61 9 29 38 101 16 45 104 44 44 83 68 0 32 47 14 102 
50 92 57 53 49 48 29 109 115 28 115 73 74 81 41 52 60 95 34 71 136 61 56 101 66 32 0 79 42 117 
94 40 84 26 121 55 95 75 37 56 49 72 66 46 39 34 36 114 48 23 61 46 70 64 84 47 79 0 37 85 
70 53 66 13 84 28 58 89 74 20 74 55 52 46 15 14 24 92 11 30 97 30 56 68 60 14 42 37 0 88 
158 45 154 91 131 69 110 160 101 89 52 47 44 42 102 73 64 67 88 64 123 58 143 21 63 102 117 85 88 0 
0 652 0 0 2426 60483 3 0 0 6388 0 2 362 4 0 4 0 12 10924 0 0 0 0 0 20954 0 0 11936 0 0 
652 0 0 330 0 30 0 0 75 0 0 0 3388 554 16223 0 0 75611 0 4 678 0 0 0 0 28 0 0 0 0 
0 0 0 104 74 0 531 128 10 0 0 151 1901 2121 0 0 1 0 57049 3 0 0 5748 0 15 1 8258 1685 0 3 
0 330 104 0 4 0 15045 3272 0 194 0 0 1986 0 0 76601 0 8032 1755 0 0 0 0 1 148 0 0 281 209 0 
2426 0 74 4 0 5 0 1 0 0 221 116 30 8170 19 1597 7 86 0 541 159 0 2630 26981 3 1867 0 68 0 395 
60483 30 0 0 5 0 0 0 310 0 0 0 85657 119 107 0 4102 0 5918 0 19 2109 236 0 33 62 0 7871 23803 16458 
3 0 531 15045 0 0 0 0 0 0 0 3022 1 6056 0 0 0 0 0 0 768 16240 2 4 54661 0 0 1 3529 0 
0 0 128 3272 1 0 0 0 0 475 31 0 0 0 167 740 0 0 0 8 0 371 596 220 569 0 10 0 120 16 
0 75 10 0 0 310 0 0 0 0 102 54 0 406 0 2 10 0 8 1 0 16 8222 4723 41 1 2507 0 1 3265 
6388 0 0 194 0 0 0 475 0 0 4 3 1 0 47276 0 0 0 0 0 21 0 0 17 0 77253 0 25519 0 1539 
0 0 0 0 221 0 0 31 102 4 0 93 1 0 257 31221 0 6 0 1224 0 0 2 0 8 0 71884 0 139 0 
2 0 151 0 116 0 3022 0 54 3 93 0 9060 0 0 12 0 0 0 160 1 7 0 45946 0 452 0 7080 47 0 
362 3388 1901 1986 30 85657 1 0 0 1 1 9060 0 7 3797 162 155 32 0 4052 0 0 841 295 574 0 61 0 47720 98 
4 554 2121 0 8170 119 6056 0 406 0 0 0 7 0 402 0 2117 0 0 0 1727 0 21 0 0 0 97471 1 0 0 
0 16223 0 0 19 107 0 167 0 47276 257 0 3797 402 0 0 0 0 1 0 87820 5 5352 0 0 82 1118 4855 15 0 
4 0 0 76601 1597 0 0 740 2 0 31221 12 162 0 0 0 0 0 0 0 0 27310 0 2914 0 0 0 0 0 0 
0 0 1 0 7 4102 0 0 10 0 0 0 155 2117 0 0 0 11899 1910 16 0 5 5142 100 0 1431 471 0 0 3 
12 75611 0 8032 86 0 0 0 0 0 6 0 32 0 0 0 11899 0 0 12 0 0 19 1374 7363 5 13580 335 0 174 
10924 0 57049 1755 0 5918 0 0 8 0 0 0 0 0 1 0 1910 0 0 8905 0 2 0 1819 0 0 0 0 0 204 
0 4 3 0 541 0 0 8 1 0 1224 160 4052 0 0 0 16 12 8905 0 0 0 7 0 7706 0 0 4778 0 453 
0 678 0 0 159 19 768 0 0 21 0 1 0 1727 87820 0 0 0 0 0 0 2457 0 1114 51 21 4 19926 442 20 
0 0 0 0 0 2109 16240 371 16 0 0 7 0 0 5 27310 5 0 2 0 2457 0 0 0 114 0 925 0 0 0 
0 0 5748 0 2630 236 2 596 8222 0 2 0 841 21 5352 0 5142 19 0 7 0 0 0 0 0 439 3 47 97 31676 
0 0 0 1 26981 0 4 220 4723 17 0 45946 295 0 0 2914 100 1374 1819 0 1114 0 0 0 0 7 4 3 0 0 
20954 0 15 148 3 33 54661 569 41 0 8 0 574 0 0 0 0 7363 0 7706 51 114 0 0 0 267 0 0 0 0 
0 28 1 0 1867 62 0 0 1 77253 0 452 0 0 82 0 1431 5 0 0 21 0 439 7 267 0 0 0 2 0 
0 0 8258 0 0 0 0 10 2507 0 71884 0 61 97471 1118 0 471 13580 0 0 4 925 3 4 0 0 0 34052 0 16805 
11936 0 1685 281 68 7871 1 0 0 25519 0 7080 0 1 4855 0 0 335 0 4778 19926 0 47 3 0 0 34052 0 0 0 
0 0 0 209 0 23803 3529 120 1 0 139 47 47720 0 15 0 0 0 0 0 442 0 97 0 0 2 0 0 0 0 
0 0 3 0 395 16458 0 16 3265 1539 0 0 98 0 0 0 3 174 204 453 20 0 31676 0 0 0 16805 0 0 0 
0 0 0 12 0 0 0 14 2 0 555 125 0 0 513 0 25018 0 0 30552 2 139 3662 1385 0 1627 379 0 71964 70 
0 0 1 0 58115 0 0 14486 0 31 75587 2892 0 0 0 0 52 0 3 0 0 2 105 2 2 0 0 1 9840 275 
0 1 0 0 0 26 0 0 0 28 5 0 0 0 2 77 0 5402 0 1 74330 4 0 5230 0 2 0 0 855 0 
12 0 0 0 0 1 0 0 535 0 21290 689 0 123 20 0 2 0 0 17 12038 2274 16752 0 0 324 1738 0 0 27611 
0 58115 0 0 0 0 128 0 24 1 0 0 0 0 0 0 0 0 1487 0 0 6217 0 0 0 0 8568 0 9 0 
0 0 26 1 0 0 72 296 0 63 3 10 0 0 0 19399 0 76 0 719 0 0 0 90 0 0 13 0 0 0 
0 0 0 0 128 72 0 59 4760 230 1377 0 0 0 615 33412 4 69 27 187 0 0 0 0 0 4745 32 6 0 387 
14 14486 0 0 0 296 59 0 688 0 0 45 279 6598 0 0 3710 6 1160 0 1589 0 0 0 0 4 1 16743 0 0 
2 0 0 535 24 0 4760 688 0 19353 0 0 5670 0 3872 1 0 173 0 2 2 0 0 0 0 0 0 9020 0 0 
0 31 28 0 1 63 230 0 19353 0 0 0 0 76870 0 46 816 34708 30306 87 0 752 65 0 1812 0 371 0 1036 0 
555 75587 5 21290 0 3 1377 0 0 0 0 0 0 130 0 0 3 7 19762 0 35 2981 0 5027 0 1933 0 3889 0 21889 
125 2892 0 689 0 10 0 45 0 0 0 0 0 930 1 0 11966 141 249 0 0 0 29591 0 8 0 0 0 0 12938 
0 0 0 0 0 0 0 279 5670 0 0 0 0 25 0 0 0 0 1451 0 41251 8 0 0 0 119 0 15834 0 0 
0 0 0 123 0 0 0 6598 0 76870 130 930 25 0 0 6177 0 15 16521 0 0 246 0 1344 66048 1 0 17 3546 782 
513 0 2 20 0 0 615 0 3872 0 0 1 0 0 0 79461 395 2 44 1231 0 0 0 6 3 0 0 0 0 178 
0 0 77 0 0 19399 33412 0 1 46 0 0 0 6177 79461 0 471 1614 280 8374 3 0 0 0 596 489 193 76452 34490 624 
25018 52 0 2 0 0 4 3710 0 816 3 11966 0 0 395 471 0 0 0 0 68 0 0 0 12 0 0 1531 15774 0 
0 0 5402 0 0 76 69 6 173 34708 7 141 0 15 2 1614 0 0 0 0 5915 178 0 0 0 0 0 0 6 0 
0 3 0 0 1487 0 27 1160 0 30306 19762 249 1451 16521 44 280 0 0 0 0 18179 0 4107 0 1 7 9609 2914 221 0 
30552 0 1 17 0 719 187 0 2 87 0 0 0 0 1231 8374 0 0 0 0 7762 184 0 9 0 147 17250 0 27735 0 
2 0 74330 12038 0 0 0 1589 2 0 35 0 41251 0 0 3 68 5915 18179 7762 0 0 51 0 2 76 0 0 0 0 
139 2 4 2274 6217 0 0 0 0 752 2981 0 8 246 0 0 0 178 0 184 0 0 50581 125 0 43405 0 94 4 18490 
3662 105 0 16752 0 0 0 0 0 65 0 29591 0 0 0 0 0 0 4107 0 51 50581 0 54040 39265 0 0 0 0 0 
1385 2 5230 0 0 90 0 0 0 0 5027 0 0 1344 6 0 0 0 0 9 0 125 54040 0 53 0 0 1 1299 49028 
0 2 0 0 0 0 0 0 0 1812 0 8 0 66048 3 596 12 0 1 0 2 0 39265 53 0 0 0 1 116 50 
1627 0 2 324 0 0 4745 4 0 0 1933 0 119 1 0 489 0 0 7 147 76 43405 0 0 0 0 21577 224 88 125 
379 0 0 1738 8568 13 32 1 0 371 0 0 0 0 0 193 0 0 9609 17250 0 0 0 0 0 21577 0 0 639 0 
0 1 0 0 0 0 6 16743 9020 0 3889 0 15834 17 0 76452 1531 0 2914 0 0 94 0 1 1 224 0 0 13 44482 
71964 9840 855 0 9 0 0 0 0 1036 0 0 0 3546 0 34490 15774 6 221 27735 0 4 0 1299 116 88 639 13 0 1 
70 275 0 27611 0 0 387 0 0 0 21889 12938 0 782 178 624 0 0 0 0 0 18490 0 49028 50 125 0 44482 1 0 
