20 4
0 123 17 72 89 90 77 84 122 70 141 118 117 117 58 85 94 145 69 99 
123 0 116 51 121 48 96 115 59 63 25 47 40 16 64 39 31 87 58 23 
17 116 0 64 101 90 86 66 108 71 133 119 117 113 52 81 90 150 68 93 
72 51 64 0 97 39 71 77 62 33 69 64 60 49 13 21 29 104 24 28 
89 121 101 97 0 73 26 158 158 64 146 84 88 106 88 88 93 82 73 107 
90 48 90 39 73 0 47 116 91 20 73 28 27 34 42 20 20 64 22 35 
77 96 86 71 26 47 0 136 132 38 121 63 66 81 63 62 67 73 47 81 
84 115 66 77 158 116 136 0 73 105 118 141 136 120 76 98 104 181 98 96 
122 59 108 62 158 91 132 73 0 94 51 103 96 73 74 71 70 145 85 56 
70 63 71 33 64 20 38 105 94 0 87 48 47 52 29 25 32 79 8 44 
141 25 133 69 146 73 121 118 51 87 0 70 64 41 83 62 55 108 81 43 
118 47 119 64 84 28 63 141 103 48 70 0 6 30 70 43 37 42 50 48 
117 40 117 60 88 27 66 136 96 47 64 6 0 24 67 39 32 48 48 42 
117 16 113 49 106 34 81 120 73 52 41 30 24 0 60 31 22 72 48 24 
58 64 52 13 88 42 63 76 74 29 83 70 67 60 0 29 38 107 21 41 
85 39 81 21 88 20 62 98 71 25 62 43 39 31 29 0 9 83 18 19 
94 31 90 29 93 20 67 104 70 32 55 37 32 22 38 9 0 79 27 14 
145 87 150 104 82 64 73 181 145 79 108 42 48 72 107 83 79 0 85 91 
69 58 68 24 73 22 47 98 85 8 81 50 48 48 21 18 27 85 0 37 
99 23 93 28 107 35 81 96 56 44 43 48 42 24 41 19 14 91 37 0 
0 0 4 0 0 0 0 0 33225 0 3763 0 0 13 45377 1 0 1 3 0 
0 0 34 6 234 0 108 0 0 0 0 0 0 4363 0 37 0 0 0 0 
4 34 0 15006 0 0 701 640 209 0 5 0 23196 11 0 0 1018 1630 0 4 
0 6 15006 0 101 0 170 0 0 1889 162 0 0 0 27815 5 775 0 5385 5595 
0 234 0 101 0 0 2 325 1438 0 63141 0 0 4 0 22788 257 0 0 0 
0 0 0 0 0 0 203 56 88947 14723 0 0 0 2 0 0 2479 0 95835 7 
0 108 701 170 2 203 0 0 0 0 0 0 2560 8638 0 363 0 0 938 3 
0 0 640 0 325 56 0 0 1 0 0 194 0 2 0 166 0 0 21665 4 
33225 0 209 0 1438 88947 0 1 0 0 90 187 5 8222 2 0 0 1053 0 0 
0 0 0 1889 0 14723 0 0 0 0 0 78454 19 21 0 0 580 28 0 57744 
3763 0 5 162 63141 0 0 0 90 0 0 10924 0 0 699 0 0 18 0 51480 
0 0 0 0 0 0 0 194 187 78454 10924 0 0 40 41 95 0 0 1 0 
0 0 23196 0 0 0 2560 0 5 19 0 0 0 0 77414 0 0 75 65 0 
13 4363 11 0 4 2 8638 2 8222 21 0 40 0 0 6055 10 0 0 0 0 
45377 0 0 27815 0 0 0 0 2 0 699 41 77414 6055 0 0 0 0 0 47919 
1 37 0 5 22788 0 363 166 0 0 0 95 0 10 0 0 0 0 0 6359 
0 0 1018 775 257 2479 0 0 0 580 0 0 0 0 0 0 0 786 759 0 
1 0 1630 0 0 0 0 0 1053 28 18 0 75 0 0 0 786 0 97713 0 
3 0 0 5385 0 95835 938 21665 0 0 0 1 65 0 0 0 759 97713 0 30830 
0 0 4 5595 0 7 3 4 0 57744 51480 0 0 0 47919 6359 0 0 30830 0 
0 164 1 1 12849 475 8323 163 0 530 0 36582 33 0 0 0 9609 2 0 3843 
164 0 0 0 0 21 0 0 1 130 2998 2 4002 0 1344 0 1523 4 1370 67956 
1 0 0 0 32808 2980 0 0 0 24255 0 8 0 0 47 6219 0 0 3020 0 
1 0 0 0 0 136 0 5525 5 0 0 4413 0 23 0 0 0 13 0 0 
12849 0 32808 0 0 28176 0 0 0 220 0 1 167 0 74 0 0 24 53510 70616 
475 21 2980 136 28176 0 0 0 0 0 120 46741 542 0 9 9 0 0 0 0 
8323 0 0 0 0 0 0 1326 1866 2085 339 3611 0 0 5 0 55521 566 0 3 
163 0 0 5525 0 0 1326 0 0 3245 64171 0 7 0 10515 0 2914 782 0 0 
0 1 0 5 0 0 1866 0 0 3 0 0 0 0 205 77971 21 0 3488 26242 
530 130 24255 0 220 0 2085 3245 3 0 4 0 0 0 15 1706 0 0 1989 0 
0 2998 0 0 0 120 339 64171 0 4 0 0 1589 0 0 2138 897 0 2 0 
36582 2 8 4413 1 46741 3611 0 0 0 0 0 1 0 0 0 82 14672 0 153 
33 4002 0 0 167 542 0 7 0 0 1589 1 0 1002 0 54400 109 0 0 1 
0 0 0 23 0 0 0 0 0 0 0 0 1002 0 0 1 9 6411 25 153 
0 1344 47 0 74 9 5 10515 205 15 0 0 0 0 0 371 541 6 412 0 
0 0 6219 0 0 9 0 0 77971 1706 2138 0 54400 1 371 0 36 11 16489 0 
9609 1523 0 0 0 0 55521 2914 21 0 897 82 109 9 541 36 0 0 0 3790 
2 4 0 13 24 0 566 782 0 0 0 14672 0 6411 6 11 0 0 0 1 
0 1370 3020 0 53510 0 0 0 3488 1989 2 0 0 25 412 16489 0 0 0 0 
3843 67956 0 0 70616 0 3 0 26242 0 0 153 1 153 0 0 3790 1 0 0 
0 17169 0 10169 1 4760 4762 92 0 1355 0 54097 0 0 0 0 3407 1 0 6 
17169 0 0 0 0 3457 0 8 4620 33760 8136 1202 229 0 17 0 2749 58577 4 26 
0 0 0 0 3 65774 0 0 0 25872 0 21249 0 0 7 489 0 0 73433 0 
10169 0 0 0 0 1981 0 93475 2 0 0 4893 2 125 0 0 0 222 0 0 
1 0 3 0 0 1 0 0 0 1464 0 0 23 0 0 0 0 72 717 4567 
4760 3457 65774 1981 1 0 0 0 0 0 365 35 4 0 33878 19 0 18069 0 0 
4762 0 0 0 0 0 0 125 1 42 1445 93 0 0 79 0 1665 651 0 0 
92 8 0 93475 0 0 125 0 0 1718 8442 0 0 0 25 0 33 7520 0 0 
0 4620 0 2 0 0 1 0 0 4666 0 0 0 0 0 178 1 0 67532 3 
1355 33760 25872 0 1464 0 42 1718 4666 0 66 0 0 0 71837 53 0 0 69117 0 
0 8136 0 0 0 365 1445 8442 0 66 0 0 13951 27448 0 73633 11633 0 245 0 
54097 1202 21249 4893 0 35 93 0 0 0 0 0 3735 0 0 0 26 45 0 3247 
0 229 0 2 23 4 0 0 0 0 13951 3735 0 3654 0 565 855 0 0 58 
0 0 0 125 0 0 0 0 0 0 27448 0 3654 0 0 0 36 44305 39 77 
0 17 7 0 0 33878 79 25 0 71837 0 0 0 0 0 1 48664 4839 0 0 
0 0 489 0 0 19 0 0 178 53 73633 0 565 0 1 0 1 56 1 0 
3407 2749 0 0 0 0 1665 33 1 0 11633 26 855 36 48664 1 0 0 0 2 
1 58577 0 222 72 18069 651 7520 0 0 0 45 0 44305 4839 56 0 0 0 2893 
0 4 73433 0 717 0 0 0 67532 69117 245 0 0 39 0 1 0 0 0 0 
6 26 0 0 4567 0 0 0 3 0 0 3247 58 77 0 0 2 2893 0 0 
0 4083 0 67 26 3097 4 13 0 76870 0 8 20130 0 0 0 2303 0 0 35024 
4083 0 0 0 0 2 0 19370 1857 24 33 336 17259 0 6253 0 21577 10 2505 441 
0 0 0 0 72175 38205 0 0 0 1 0 12198 0 0 1 1233 0 0 0 2 
67 0 0 0 0 80766 0 52 65612 0 0 622 31887 5 0 8 0 1 0 0 
26 0 72175 0 0 3947 0 0 0 631 0 940 300 0 14 0 0 417 1000 2815 
3097 2 38205 80766 3947 0 0 0 0 0 1 891 24518 1 4 23 0 178 0 0 
4 0 0 0 0 0 0 50 5670 2 4322 16 0 0 1 0 6120 4919 0 0 
13 19370 0 52 0 0 50 0 0 521 13 0 25 0 500 0 16 1069 0 0 
0 1857 0 65612 0 0 5670 0 0 15 0 0 0 0 0 844 3404 0 23009 9 
76870 24 1 0 631 0 2 521 15 0 10777 0 0 0 31622 327 0 0 55784 0 
0 33 0 0 0 1 4322 13 0 10777 0 0 95 9 0 3827 2856 1 104 0 
8 336 12198 622 940 891 16 0 0 0 0 0 93 0 0 0 2 60 1 8163 
20130 17259 0 31887 300 24518 0 25 0 0 95 93 0 1330 0 32 6467 0 0 383 
0 0 0 5 0 1 0 0 0 0 9 0 1330 0 0 0 92 975 1238 5 
0 6253 1 0 14 4 1 500 0 31622 0 0 0 0 0 14323 17097 9 17 0 
0 0 1233 8 0 23 0 0 844 327 3827 0 32 0 14323 0 58 45 1497 0 
2303 21577 0 0 0 0 6120 16 3404 0 2856 2 6467 92 17097 58 0 0 0 1 
0 10 0 1 417 178 4919 1069 0 0 1 60 0 975 9 45 0 0 0 69 
0 2505 0 0 1000 0 0 0 23009 55784 104 1 0 1238 17 1497 0 0 0 0 
35024 441 2 0 2815 0 0 0 9 0 0 8163 383 5 0 0 1 69 0 0 
