6 4
0 123 17 72 89 90 
123 0 116 51 121 48 
17 116 0 64 101 90 
72 51 64 0 97 39 
89 121 101 97 0 73 
90 48 90 39 73 0 
0 0 10 496 5 0 
0 0 42326 6 5 2 
10 42326 0 0 0 26004 
496 6 0 0 326 0 
5 5 0 326 0 0 
0 2 26004 0 0 0 
0 3979 0 0 0 3 
3979 0 0 0 0 0 
0 0 0 15280 1 0 
0 0 15280 0 0 45283 
0 0 1 0 0 2059 
3 0 0 45283 2059 0 
0 4 0 0 0 134 
4 0 0 0 0 0 
0 0 0 56 39 0 
0 0 56 0 0 10 
0 0 39 0 0 1 
134 0 0 10 1 0 
0 33 0 0 0 194 
33 0 0 0 0 0 
0 0 0 830 85 0 
0 0 830 0 0 57304 
0 0 85 0 0 2542 
194 0 0 57304 2542 0 
