6 2
0 123 17 72 89 90 
123 0 116 51 121 48 
17 116 0 64 101 90 
72 51 64 0 97 39 
89 121 101 97 0 73 
90 48 90 39 73 0 
0 12377 0 0 0 24573 
12377 0 0 0 79 1 
0 0 0 33338 2335 0 
0 0 33338 0 6 0 
0 79 2335 6 0 326 
24573 1 0 0 326 0 
0 22207 0 0 0 0 
22207 0 116 0 0 1325 
0 116 0 37 4301 0 
0 0 37 0 0 0 
0 0 4301 0 0 727 
0 1325 0 0 727 0 
