30 4
0 123 17 72 89 90 77 84 122 70 141 118 117 117 58 85 94 145 69 99 137 99 30 139 114 56 50 94 70 158 
123 0 116 51 121 48 96 115 59 63 25 47 40 16 64 39 31 87 58 23 83 33 103 24 65 67 92 40 53 45 
17 116 0 64 101 90 86 66 108 71 133 119 117 113 52 81 90 150 68 93 122 97 14 135 118 53 57 84 66 154 
72 51 64 0 97 39 71 77 62 33 69 64 60 49 13 21 29 104 24 28 84 38 52 71 72 21 53 26 13 91 
89 121 101 97 0 73 26 158 158 64 146 84 88 106 88 88 93 82 73 107 181 88 104 121 67 78 49 121 84 131 
90 48 90 39 73 0 47 116 91 20 73 28 27 34 42 20 20 64 22 35 115 15 82 53 32 38 48 55 28 69 
77 96 86 71 26 47 0 136 132 38 121 63 66 81 63 62 67 73 47 81 155 62 85 98 49 54 29 95 58 110 
84 115 66 77 158 116 136 0 73 105 118 141 136 120 76 98 104 181 98 96 73 114 56 139 149 84 109 75 89 160 
122 59 108 62 158 91 132 73 0 94 51 103 96 73 74 71 70 145 85 56 25 79 93 83 118 83 115 37 74 101 
70 63 71 33 64 20 38 105 94 0 87 48 47 52 29 25 32 79 8 44 117 32 64 72 47 21 28 56 20 89 
141 25 133 69 146 73 121 118 51 87 0 70 64 41 83 62 55 108 81 43 71 58 119 37 89 88 115 49 74 52 
118 47 119 64 84 28 63 141 103 48 70 0 6 30 70 43 37 42 50 48 128 26 110 38 19 66 73 72 55 47 
117 40 117 60 88 27 66 136 96 47 64 6 0 24 67 39 32 48 48 42 121 22 108 32 25 64 74 66 52 44 
117 16 113 49 106 34 81 120 73 52 41 30 24 0 60 31 22 72 48 24 98 19 101 21 48 61 81 46 46 42 
58 64 52 13 88 42 63 76 74 29 83 70 67 60 0 29 38 107 21 41 95 45 41 82 74 9 41 39 15 102 
85 39 81 21 88 20 62 98 71 25 62 43 39 31 29 0 9 83 18 19 96 17 70 53 51 29 52 34 14 73 
94 31 90 29 93 20 67 104 70 32 55 37 32 22 38 9 0 79 27 14 95 10 79 44 48 38 60 36 24 64 
145 87 150 104 82 64 73 181 145 79 108 42 48 72 107 83 79 0 85 91 170 68 144 71 32 101 95 114 92 67 
69 58 68 24 73 22 47 98 85 8 81 50 48 48 21 18 27 85 0 37 108 30 60 70 52 16 34 48 11 88 
99 23 93 28 107 35 81 96 56 44 43 48 42 24 41 19 14 91 37 0 81 23 80 43 62 45 71 23 30 64 
137 83 122 84 181 115 155 73 25 117 71 128 121 98 95 96 95 170 108 81 0 104 107 106 143 104 136 61 97 123 
99 33 97 38 88 15 62 114 79 32 58 26 22 19 45 17 10 68 30 23 104 0 87 40 38 44 61 46 30 58 
30 103 14 52 104 82 85 56 93 64 119 110 108 101 41 70 79 144 60 80 107 87 0 123 111 44 56 70 56 143 
139 24 135 71 121 53 98 139 83 72 37 38 32 21 82 53 44 71 70 43 106 40 123 0 57 83 101 64 68 21 
114 65 118 72 67 32 49 149 118 47 89 19 25 48 74 51 48 32 52 62 143 38 111 57 0 68 66 84 60 63 
56 67 53 21 78 38 54 84 83 21 88 66 64 61 9 29 38 101 16 45 104 44 44 83 68 0 32 47 14 102 
50 92 57 53 49 48 29 109 115 28 115 73 74 81 41 52 60 95 34 71 136 61 56 101 66 32 0 79 42 117 
94 40 84 26 121 55 95 75 37 56 49 72 66 46 39 34 36 114 48 23 61 46 70 64 84 47 79 0 37 85 
70 53 66 13 84 28 58 89 74 20 74 55 52 46 15 14 24 92 11 30 97 30 56 68 60 14 42 37 0 88 
158 45 154 91 131 69 110 160 101 89 52 47 44 42 102 73 64 67 88 64 123 58 143 21 63 102 117 85 88 0 
0 67094 1262 0 2 0 14723 0 2560 26981 166 0 0 30830 1237 466 179 0 0 0 4 10 4786 10129 0 70005 30445 1633 378 23339 
67094 0 0 69877 203 0 0 15 0 0 0 0 0 0 0 0 0 74448 0 27399 9651 572 0 9 0 0 310 660 7900 35 
1262 0 0 0 0 2 0 11 5 10832 0 1 0 0 0 0 10911 0 0 0 0 0 0 0 90 0 0 5866 0 21173 
0 69877 0 0 0 0 0 0 19 45377 0 0 1 5046 35810 0 3602 0 0 418 0 0 0 1 123 40 0 98 37 5 
2 203 0 0 0 0 211 0 0 0 95 1630 65 0 0 0 27 0 26974 0 0 237 6246 0 0 7 5560 0 0 81 
0 0 2 0 0 0 0 0 0 0 0 0 0 2540 3280 68 2 0 6 0 91 91097 0 78 0 511 0 9178 0 0 
14723 0 0 0 211 0 0 0 0 27815 10 0 0 0 66 10 0 958 32 0 0 189 1060 1 0 0 36 951 0 0 
0 15 11 0 0 0 0 0 7 0 0 0 0 0 0 1058 6 193 4684 0 0 0 0 0 2154 0 0 1 0 100 
2560 0 5 19 0 0 0 7 0 0 0 0 759 8331 0 2 0 0 0 45516 401 0 0 0 4899 1075 166 0 2801 0 
26981 0 10832 45377 0 0 27815 0 0 0 0 0 97713 0 1 0 0 34569 0 3 0 0 0 14 0 0 349 14375 155 0 
166 0 0 0 95 0 10 0 0 0 0 1053 903 410 0 143 0 36802 16709 0 3 13467 0 0 0 0 33073 2309 0 27 
0 0 1 0 1630 0 0 0 0 0 1053 0 0 8971 0 0 0 70329 1023 2088 25 0 1 0 11010 45 0 5774 50 14 
0 0 0 1 65 0 0 0 759 97713 903 0 0 408 0 7 0 0 930 2557 0 0 9769 778 0 1057 0 2385 0 0 
30830 0 0 5046 0 2540 0 0 8331 0 410 8971 408 0 72 0 0 149 0 4 0 0 0 6 0 60 0 4056 10 0 
1237 0 0 35810 0 3280 66 0 0 1 0 0 0 72 0 0 0 0 0 0 0 110 7 0 0 0 0 118 0 0 
466 0 0 0 0 68 10 1058 2 0 143 0 7 0 0 0 0 95862 3455 2 17 5469 115 6 0 2405 34411 0 0 0 
179 0 10911 3602 27 2 0 6 0 0 0 0 0 0 0 0 0 154 0 0 3 0 849 0 5 17 0 1031 0 79727 
0 74448 0 0 0 0 958 193 0 34569 36802 70329 0 149 0 95862 154 0 0 0 0 0 5 3211 4 5 20 6 0 47270 
0 0 0 0 26974 6 32 4684 0 0 16709 1023 930 0 0 3455 0 0 0 0 7087 1548 1007 81473 0 16 20 0 595 5 
0 27399 0 418 0 0 0 0 45516 3 0 2088 2557 4 0 2 0 0 0 0 2504 12748 2716 0 497 0 0 6 0 0 
4 9651 0 0 0 91 0 0 401 0 3 25 0 0 0 17 3 0 7087 2504 0 10725 0 0 0 0 0 0 101 15 
10 572 0 0 237 91097 189 0 0 0 13467 0 0 0 110 5469 0 0 1548 12748 10725 0 0 0 0 36 0 161 39139 0 
4786 0 0 0 6246 0 1060 0 0 0 0 1 9769 0 7 115 849 5 1007 2716 0 0 0 57949 0 0 0 73 7379 0 
10129 9 0 1 0 78 1 0 0 14 0 0 778 6 0 6 0 3211 81473 0 0 0 57949 0 0 37665 0 27296 0 0 
0 0 90 123 0 0 0 2154 4899 0 0 11010 0 0 0 0 5 4 0 497 0 0 0 0 0 600 0 69 0 0 
70005 0 0 40 7 511 0 0 1075 0 0 45 1057 60 0 2405 17 5 16 0 0 36 0 37665 600 0 0 15028 0 0 
30445 310 0 0 5560 0 36 0 166 349 33073 0 0 0 0 34411 0 20 20 0 0 0 0 0 0 0 0 0 0 21746 
1633 660 5866 98 0 9178 951 1 0 14375 2309 5774 2385 4056 118 0 1031 6 0 6 0 161 73 27296 69 15028 0 0 1 15113 
378 7900 0 37 0 0 0 0 2801 155 0 50 0 10 0 0 0 0 595 0 101 39139 7379 0 0 0 0 1 0 0 
23339 35 21173 5 81 0 0 100 0 0 27 14 0 0 0 0 79727 47270 5 0 15 0 0 0 0 0 21746 15113 0 0 
0 0 5613 76 11 406 0 0 0 0 3977 0 3488 18500 0 187 3 31349 0 110 0 0 6988 0 1281 0 0 0 23 0 
0 0 35 756 0 987 0 0 7 7043 77971 10293 0 540 471 117 9 0 0 11024 8575 0 0 6 0 0 0 31562 59583 662 
5613 35 0 324 0 7 0 64 2368 0 0 0 0 8 765 0 0 0 35700 0 2 40721 69 0 13 23560 1983 5284 4 0 
76 756 324 0 0 22 0 1 204 109 2138 0 1 1171 32657 0 8252 17873 0 0 2083 7 3558 0 0 0 17 2 0 0 
11 0 0 0 0 109 4 36582 0 0 0 47416 0 41733 0 11554 0 0 0 0 7989 18 0 12 0 0 0 0 279 0 
406 987 7 22 109 0 0 2 1 0 54400 0 25 77 0 0 0 63472 405 0 0 0 148 0 0 69 82 0 1 0 
0 0 0 0 4 0 0 8 0 396 0 24 412 0 19 0 6741 0 105 3368 0 0 0 0 0 0 28 2436 0 4874 
0 0 64 1 36582 2 8 0 0 0 0 1 16489 5530 1 811 486 0 0 18 1624 13 40064 442 0 11581 17 0 0 0 
0 7 2368 204 0 1 0 0 0 0 1 0 1190 71 13 2 62739 0 7412 13022 1344 3 0 0 23218 0 0 0 246 3615 
0 7043 0 109 0 0 396 0 0 0 1588 782 34031 0 0 0 9 0 0 0 107 0 0 0 26205 0 31 529 1666 0 
3977 77971 0 2138 0 54400 0 0 1 1588 0 0 90 357 466 0 0 3433 4489 6 0 0 0 1 0 41920 1168 0 0 134 
0 10293 0 0 47416 0 24 1 0 782 0 0 3843 4315 0 117 31838 7990 12 601 0 20747 0 3 0 0 0 8660 42 8 
3488 0 0 1 0 25 412 16489 1190 34031 90 3843 0 0 23 0 33815 36295 0 436 25474 0 12266 0 0 48 0 6103 104 0 
18500 540 8 1171 41733 77 0 5530 71 0 357 4315 0 0 0 1544 1 80 5463 397 0 14983 3 1 1 0 10 0 6 13003 
0 471 765 32657 0 0 19 1 13 0 466 0 23 0 0 277 0 0 0 0 3700 0 59 0 0 0 0 0 0 41 
187 117 0 0 11554 0 0 811 2 0 0 117 0 1544 277 0 0 6047 0 0 0 0 11639 0 2038 2593 6423 0 3798 64638 
3 9 0 8252 0 0 6741 486 62739 9 0 31838 33815 1 0 0 0 191 7 1 0 367 0 0 8 0 12 10 50052 0 
31349 0 0 17873 0 63472 0 0 0 0 3433 7990 36295 80 0 6047 191 0 7 0 58805 0 84 292 68 1 2 130 0 21260 
0 0 35700 0 0 405 105 0 7412 0 4489 12 0 5463 0 0 7 7 0 136 635 0 0 25923 0 30 0 36 0 0 
110 11024 0 0 0 0 3368 18 13022 0 6 601 436 397 0 0 1 0 136 0 0 0 624 3640 69 12 0 0 8 9622 
0 8575 2 2083 7989 0 0 1624 1344 107 0 0 25474 0 3700 0 0 58805 635 0 0 12215 0 0 2 474 192 0 31 0 
0 0 40721 7 18 0 0 13 3 0 0 20747 0 14983 0 0 367 0 0 0 12215 0 0 93 24610 0 2356 2971 465 0 
6988 0 69 3558 0 148 0 40064 0 0 0 0 12266 3 59 11639 0 84 0 624 0 0 0 0 0 0 0 0 0 0 
0 6 0 0 12 0 0 442 0 0 1 3 0 1 0 0 0 292 25923 3640 0 93 0 0 9 1698 19 11983 75796 0 
1281 0 13 0 0 0 0 0 23218 26205 0 0 0 1 0 2038 8 68 0 69 2 24610 0 9 0 0 0 86 3 371 
0 0 23560 0 0 69 0 11581 0 0 41920 0 48 0 0 2593 0 1 30 12 474 0 0 1698 0 0 2 0 0 0 
0 0 1983 17 0 82 28 17 0 31 1168 0 0 10 0 6423 12 2 0 0 192 2356 0 19 0 2 0 0 0 3310 
0 31562 5284 2 0 0 2436 0 0 529 0 8660 6103 0 0 0 10 130 36 0 0 2971 0 11983 86 0 0 0 1 0 
23 59583 4 0 279 1 0 0 246 1666 0 42 104 6 0 3798 50052 0 0 8 31 465 0 75796 3 0 0 1 0 0 
0 662 0 0 0 0 4874 0 3615 0 134 8 0 13003 41 64638 0 21260 0 9622 0 0 0 0 371 0 3310 0 0 0 
0 5704 120 1965 81 719 931 0 0 3501 241 0 0 0 0 308 0 2 7161 1 0 532 0 0 0 93208 0 0 5196 19973 
5704 0 51492 96664 0 0 0 0 4 1 178 860 0 2 5387 0 0 0 0 4650 0 40 0 24 0 1919 16 277 0 0 
120 51492 0 70 0 0 0 0 0 0 53 0 0 22 0 113 0 1 0 139 0 0 2409 45 156 2971 30991 0 0 25213 
1965 96664 70 0 0 130 0 8 0 0 73633 58577 1 17847 8650 0 112 0 0 0 73 0 0 0 11734 994 0 0 0 111 
81 0 0 0 0 65 43 54097 0 0 0 1187 0 0 37 1782 0 62 18687 0 285 24 0 478 8402 7 4519 0 3 0 
719 0 0 130 65 0 1 0 3735 0 0 0 0 2427 1495 462 10 0 0 0 230 0 0 110 0 0 2 0 28 297 
931 0 0 0 43 1 0 0 0 0 0 72 1 0 0 0 0 3368 0 0 0 0 1493 0 2890 0 0 533 7049 1 
0 0 0 8 54097 0 0 0 218 5 1 18069 1 640 99644 0 10 0 0 29 0 0 522 0 0 14 55 0 7248 138 
0 4 0 0 0 3735 0 218 0 33878 0 0 0 0 4 1 0 0 0 23414 0 0 0 16597 1865 0 0 1 0 22824 
3501 1 0 0 0 0 0 5 33878 0 63 0 0 2 0 3392 0 0 69746 0 93543 0 0 1 2 0 5 0 0 566 
241 178 53 73633 0 0 0 1 0 63 0 0 0 563 5231 4796 0 1153 17825 0 18 0 0 7743 0 250 0 0 142 0 
0 860 0 58577 1187 0 72 18069 0 0 0 0 6 0 0 607 0 0 193 0 2985 0 1 42 0 0 0 30451 13 66 
0 0 0 1 0 0 1 1 0 0 0 6 0 0 54920 2 0 0 2534 0 5 86195 0 0 17314 0 0 0 1 0 
0 2 22 17847 0 2427 0 640 0 2 563 0 0 0 0 7640 0 0 0 0 0 13739 0 0 1112 0 0 0 4 19 
0 5387 0 8650 37 1495 0 99644 4 0 5231 0 54920 0 0 53429 0 67239 13 3239 9036 909 0 0 0 1961 0 0 46716 41 
308 0 113 0 1782 462 0 0 1 3392 4796 607 2 7640 53429 0 5 25632 780 0 0 0 0 0 0 77295 10927 0 1856 13 
0 0 0 112 0 10 0 10 0 0 0 0 0 0 0 5 0 0 0 5 30 719 33296 106 0 15 0 2078 17979 2669 
2 0 1 0 62 0 3368 0 0 0 1153 0 0 0 67239 25632 0 0 0 60333 7 0 0 5806 57 0 0 91 0 0 
7161 0 0 0 18687 0 0 0 0 69746 17825 193 2534 0 13 780 0 0 0 3075 2348 19835 0 13795 29 188 110 0 1248 0 
1 4650 139 0 0 0 0 29 23414 0 0 0 0 0 3239 0 5 60333 3075 0 0 44949 53 0 326 0 0 199 0 0 
0 0 0 73 285 230 0 0 0 93543 18 2985 5 0 9036 0 30 7 2348 0 0 22153 0 1787 0 0 60 7 1974 0 
532 40 0 0 24 0 0 0 0 0 0 0 86195 13739 909 0 719 0 19835 44949 22153 0 0 0 0 0 16620 2222 0 0 
0 0 2409 0 0 0 1493 522 0 0 0 1 0 0 0 0 33296 0 0 53 0 0 0 0 107 0 28 1 0 4 
0 24 45 0 478 110 0 0 16597 1 7743 42 0 0 0 0 106 5806 13795 0 1787 0 0 0 22 18470 1 15157 0 408 
0 0 156 11734 8402 0 2890 0 1865 2 0 0 17314 1112 0 0 0 57 29 326 0 0 107 22 0 0 1 0 1176 185 
93208 1919 2971 994 7 0 0 14 0 0 250 0 0 0 1961 77295 15 0 188 0 0 0 0 18470 0 0 0 0 0 0 
0 16 30991 0 4519 2 0 55 0 5 0 0 0 0 0 10927 0 0 110 0 60 16620 28 1 1 0 0 80 0 4814 
0 277 0 0 0 0 533 0 1 0 0 30451 0 0 0 0 2078 91 0 199 7 2222 1 15157 0 0 80 0 0 0 
5196 0 0 0 3 28 7049 7248 0 0 142 13 1 4 46716 1856 17979 0 1248 0 1974 0 0 0 1176 0 0 0 0 35 
19973 0 25213 111 0 297 1 138 22824 566 0 66 0 19 41 13 2669 0 0 0 0 0 4 408 185 0 4814 0 35 0 
0 39258 0 0 3 9 77655 856 86405 0 0 6821 23009 0 0 0 0 0 0 0 0 3 7474 8645 0 3402 17206 133 929 0 
39258 0 0 0 549 0 2 0 25 198 844 0 0 45 78954 0 4 47818 10 3992 1603 4605 0 44 76 18 144 7149 29 0 
0 0 0 0 0 0 0 0 191 45946 0 4 104 47002 0 30681 0 3 0 45292 1414 1660 1560 0 114 2549 313 0 1068 0 
0 0 0 0 0 0 0 20 0 0 0 0 0 36137 0 0 0 6771 49 0 80 3606 3475 0 0 0 0 48 0 0 
3 549 0 0 0 4448 0 0 95 6253 0 0 11 1 623 2477 44 2 2346 0 0 0 0 4972 23 0 0 0 3793 0 
9 0 0 0 4448 0 0 0 0 1 32 1 1238 0 0 1 0 2474 5 0 8 448 47258 43 1416 0 0 0 0 4 
77655 2 0 0 0 0 0 0 0 0 0 0 17 0 0 0 0 0 484 20373 3126 636 474 0 72 83 0 0 0 0 
856 0 0 20 0 0 0 0 156 14 0 0 1497 107 226 0 0 0 6184 0 3480 0 0 1 0 0 0 0 68039 0 
86405 25 191 0 95 0 0 156 0 4 27 4919 1595 0 14907 0 0 9423 41814 5725 210 76400 7812 2 0 0 0 38747 48383 0 
0 198 45946 0 6253 1 0 14 4 0 2 0 0 0 0 2 0 0 0 2 32551 0 74 0 4767 27500 0 0 204 0 
0 844 0 0 0 32 0 0 27 2 0 0 0 0 56764 57 141 0 0 0 10 29626 1 0 0 171 0 401 51939 0 
6821 0 4 0 0 1 0 0 4919 0 0 0 0 643 7 285 170 0 0 10334 41 0 0 1 0 0 3570 0 5 3 
23009 0 104 0 11 1238 17 1497 1595 0 0 0 0 15 0 0 25 71620 4066 2091 0 0 8842 874 2436 4469 1503 0 23414 15 
0 45 47002 36137 1 0 0 107 0 0 0 643 15 0 1 38 0 239 0 0 0 0 1 0 11 3 0 0 115 3 
0 78954 0 0 623 0 0 226 14907 0 56764 7 0 1 0 1471 0 26676 0 32 65828 0 3 655 31926 0 0 391 42 21772 
0 0 30681 0 2477 1 0 0 0 2 57 285 0 38 1471 0 0 67943 0 0 0 0 387 2 49 0 48915 0 0 55 
0 4 0 0 44 0 0 0 0 0 141 170 25 0 0 0 0 339 57590 0 210 3 0 10132 5 0 0 171 1 0 
0 47818 3 6771 2 2474 0 0 9423 0 0 0 71620 239 26676 67943 339 0 0 0 0 0 0 7636 17 0 22 0 13280 0 
0 10 0 49 2346 5 484 6184 41814 0 0 0 4066 0 0 0 57590 0 0 2 879 0 122 0 0 0 0 55049 0 45 
0 3992 45292 0 0 0 20373 0 5725 2 0 10334 2091 0 32 0 0 0 2 0 0 215 470 1682 4468 42621 0 0 0 2675 
0 1603 1414 80 0 8 3126 3480 210 32551 10 41 0 0 65828 0 210 0 879 0 0 0 836 0 0 0 0 523 536 7 
3 4605 1660 3606 0 448 636 0 76400 0 29626 0 0 0 0 0 3 0 0 215 0 0 1 20 0 0 0 0 0 1 
7474 0 1560 3475 0 47258 474 0 7812 74 1 0 8842 1 3 387 0 0 122 470 836 1 0 5195 5 31 20 1 0 0 
8645 44 0 0 4972 43 0 1 2 0 0 1 874 0 655 2 10132 7636 0 1682 0 20 5195 0 141 0 7 67683 0 26880 
0 76 114 0 23 1416 72 0 0 4767 0 0 2436 11 31926 49 5 17 0 4468 0 0 5 141 0 0 29 6 0 2 
3402 18 2549 0 0 0 83 0 0 27500 171 0 4469 3 0 0 0 0 0 42621 0 0 31 0 0 0 0 0 0 163 
17206 144 313 0 0 0 0 0 0 0 0 3570 1503 0 0 48915 0 22 0 0 0 0 20 7 29 0 0 0 2 2816 
133 7149 0 48 0 0 0 0 38747 0 401 0 0 0 391 0 171 0 55049 0 523 0 1 67683 6 0 0 0 0 88975 
929 29 1068 0 3793 0 0 68039 48383 204 51939 5 23414 115 42 0 1 13280 0 0 536 0 0 0 0 0 2 0 0 0 
0 0 0 0 0 4 0 0 0 0 0 3 15 3 21772 55 0 0 45 2675 7 1 0 26880 2 163 2816 88975 0 0 
