9 2
0 123 17 72 89 90 77 84 122 
123 0 116 51 121 48 96 115 59 
17 116 0 64 101 90 86 66 108 
72 51 64 0 97 39 71 77 62 
89 121 101 97 0 73 26 158 158 
90 48 90 39 73 0 47 116 91 
77 96 86 71 26 47 0 136 132 
84 115 66 77 158 116 136 0 73 
122 59 108 62 158 91 132 73 0 
0 0 0 0 27 16624 0 0 1 
0 0 0 45 727 20505 0 0 196 
0 0 0 0 27805 32837 0 0 9 
0 45 0 0 5431 1982 0 2 44964 
27 727 27805 5431 0 0 0 2721 16353 
16624 20505 32837 1982 0 0 0 2191 55 
0 0 0 0 0 0 0 68 3376 
0 0 0 2 2721 2191 68 0 15593 
1 196 9 44964 16353 55 3376 15593 0 
0 0 174 830 0 0 0 2 0 
0 0 13 0 0 1346 0 2 8711 
174 13 0 5732 0 42 0 0 0 
830 0 5732 0 0 64 27 0 0 
0 0 0 0 0 261 293 1206 410 
0 1346 42 64 261 0 9 0 0 
0 0 0 27 293 9 0 344 0 
2 2 0 0 1206 0 344 0 0 
0 8711 0 0 410 0 0 0 0 
