50 2
0 46 118 40 96 98 46 64 2 33 36 47 55 9 108 78 35 54 61 95 45 105 61 79 70 72 108 28 39 45 38 87 44 18 35 31 32 15 62 109 41 45 37 61 89 27 39 29 62 61 
46 0 88 10 53 127 3 66 48 60 37 19 78 48 107 43 36 50 104 90 43 84 63 35 92 25 124 21 29 63 42 51 30 53 36 49 49 33 99 116 43 28 60 98 101 30 35 74 67 104 
118 88 0 85 53 137 85 71 120 144 83 106 102 125 70 117 84 138 148 59 75 25 72 92 105 80 111 92 78 92 82 118 118 110 84 135 94 113 133 90 80 73 99 135 92 90 79 133 76 148 
40 10 85 0 56 117 8 56 42 59 26 26 68 43 98 54 26 55 95 82 33 79 53 44 82 34 114 12 19 52 32 61 35 44 26 50 39 29 89 107 32 19 50 89 91 20 25 66 58 95 
96 53 53 56 0 154 51 82 98 112 71 66 108 100 106 67 71 96 146 90 69 65 81 42 118 33 138 68 62 93 74 66 78 97 71 102 86 85 136 122 73 57 95 137 116 72 68 121 86 146 
98 127 137 117 154 0 125 72 99 127 90 138 49 106 75 170 91 153 52 79 87 112 73 161 36 148 37 107 99 64 85 178 140 81 91 129 77 111 38 58 86 103 67 41 45 97 92 77 68 52 
46 3 85 8 51 125 0 63 48 61 34 22 76 49 104 46 34 53 103 87 40 81 60 36 90 26 122 20 27 60 40 53 33 52 34 51 48 34 98 113 40 25 58 97 99 28 33 73 65 103 
64 66 71 56 82 72 63 0 66 97 32 83 30 73 44 110 33 107 76 31 23 50 3 95 36 81 59 52 37 22 27 116 89 48 33 92 32 67 61 50 26 38 31 63 36 44 32 68 4 76 
2 48 120 42 98 99 48 66 0 32 38 48 56 7 110 78 37 54 61 97 47 107 63 81 71 74 110 30 42 47 41 88 44 19 37 30 34 16 62 110 43 47 38 61 91 29 41 28 64 61 
33 60 144 59 112 127 61 97 32 0 67 48 88 24 142 71 66 34 83 128 77 134 94 83 103 82 141 52 68 79 71 81 38 51 66 10 65 31 89 143 73 72 71 87 123 56 69 50 95 83 
36 37 83 26 71 90 34 32 38 67 0 51 41 44 77 80 1 75 74 61 10 68 29 70 55 58 88 20 9 26 5 88 57 27 1 61 15 36 66 82 6 14 25 66 65 11 3 52 32 74 
47 19 106 26 66 138 22 83 48 48 51 0 90 45 125 31 50 31 108 109 59 103 80 35 105 34 140 31 46 76 57 41 12 59 50 37 61 32 107 133 58 46 71 106 117 41 51 76 84 108 
55 78 102 68 108 49 76 30 56 88 41 90 0 63 62 121 41 107 46 54 39 80 29 112 15 99 53 58 50 15 36 129 93 36 41 86 28 65 31 57 36 54 19 33 36 48 43 46 26 46 
9 48 125 43 100 106 49 73 7 24 44 45 63 0 117 75 43 47 66 104 53 112 70 79 79 73 117 33 47 54 47 85 40 27 43 23 41 14 69 118 49 51 46 67 98 34 46 32 71 66 
108 107 70 98 106 75 104 44 110 142 77 125 62 117 0 149 78 152 105 17 67 45 48 131 55 116 42 96 80 64 72 155 133 92 78 137 76 112 87 20 70 79 73 90 31 88 76 107 46 105 
78 43 117 54 67 170 46 110 78 71 80 31 121 75 149 0 80 40 140 132 87 120 107 25 135 36 168 62 73 106 86 10 35 91 80 61 92 63 138 160 86 72 102 137 145 72 79 107 111 140 
35 36 84 26 71 91 34 33 37 66 1 50 41 43 78 80 0 74 74 62 11 69 30 70 55 58 89 19 9 26 6 87 56 27 0 60 15 35 66 83 7 14 25 66 66 10 4 51 33 74 
54 50 138 55 96 153 53 107 54 34 75 31 107 47 152 40 74 0 113 136 84 134 104 59 123 63 160 55 72 95 80 50 20 72 74 26 80 42 117 157 81 73 89 115 139 63 75 80 107 113 
61 104 148 95 146 52 103 76 61 83 74 108 46 66 105 140 74 113 0 100 77 126 75 139 50 129 81 83 83 56 71 149 106 51 74 87 59 76 18 94 73 88 51 15 74 75 77 33 72 0 
95 90 59 82 90 79 87 31 97 128 61 109 54 104 17 132 62 136 100 0 52 34 34 114 51 99 52 81 64 52 57 138 117 79 62 123 63 98 83 32 55 63 61 85 33 73 60 97 33 100 
45 43 75 33 69 87 40 23 47 77 10 59 39 53 67 87 11 84 77 52 0 59 20 74 51 61 81 29 13 24 7 94 66 35 11 71 19 46 67 74 5 15 26 67 58 21 8 58 24 77 
105 84 25 79 65 112 81 50 107 134 68 103 80 112 45 120 69 134 126 34 59 0 51 98 81 84 86 82 66 72 66 123 114 93 69 127 77 102 111 65 64 62 80 113 67 78 66 116 54 126 
61 63 72 53 81 73 60 3 63 94 29 80 29 70 48 107 30 104 75 34 20 51 0 93 37 79 61 49 34 20 24 114 86 45 30 89 29 64 61 53 22 35 29 62 38 40 29 65 5 75 
79 35 92 44 42 161 36 95 81 83 70 35 112 79 131 25 70 59 139 114 74 98 93 0 125 14 155 56 62 96 75 25 45 88 70 72 84 65 134 143 75 59 95 134 132 65 68 108 98 139 
70 92 105 82 118 36 90 36 71 103 55 105 15 79 55 135 55 123 50 51 51 81 37 125 0 112 38 73 63 29 50 143 108 52 55 102 44 80 32 45 50 67 34 35 24 63 57 58 32 50 
72 25 80 34 33 148 26 81 74 82 58 34 99 73 116 36 58 63 129 99 61 84 79 14 112 0 140 46 49 83 63 39 45 78 58 71 72 59 123 129 62 45 83 123 117 54 55 100 84 129 
108 124 111 114 138 37 122 59 110 141 88 140 53 117 42 168 89 160 81 52 81 86 61 155 38 140 0 108 95 65 82 175 144 90 89 140 80 118 64 22 82 97 71 67 23 98 89 96 57 81 
28 21 92 12 68 107 20 52 30 52 20 31 58 33 96 62 19 55 83 81 29 82 49 56 73 46 108 0 17 44 25 70 37 32 19 44 30 20 78 102 26 20 40 77 86 10 20 54 53 83 
39 29 78 19 62 99 27 37 42 68 9 46 50 47 80 73 9 72 83 64 13 66 34 62 63 49 95 17 0 34 13 81 53 34 9 61 24 36 75 87 13 5 34 75 72 12 6 59 38 83 
45 63 92 52 93 64 60 22 47 79 26 76 15 54 64 106 26 95 56 52 24 72 20 96 29 83 65 44 34 0 20 114 79 28 26 76 15 53 43 63 21 38 9 44 44 34 28 45 19 56 
38 42 82 32 74 85 40 27 41 71 5 57 36 47 72 86 6 80 71 57 7 66 24 75 50 63 82 25 13 20 0 94 62 27 6 65 12 40 62 77 2 18 21 62 60 16 7 51 27 71 
87 51 118 61 66 178 53 116 88 81 88 41 129 85 155 10 87 50 149 138 94 123 114 25 143 39 175 70 81 114 94 0 45 100 87 71 100 72 148 166 94 78 110 147 152 80 87 116 118 149 
44 30 118 35 78 140 33 89 44 38 57 12 93 40 133 35 56 20 106 117 66 114 86 45 108 45 144 37 53 79 62 45 0 59 56 27 65 29 106 139 64 54 74 105 123 46 57 73 90 106 
18 53 110 44 97 81 52 48 19 51 27 59 36 27 92 91 27 72 51 79 35 93 45 88 52 78 90 32 34 28 27 100 59 0 27 50 17 30 47 91 30 40 19 46 71 25 31 24 46 51 
35 36 84 26 71 91 34 33 37 66 1 50 41 43 78 80 0 74 74 62 11 69 30 70 55 58 89 19 9 26 6 87 56 27 0 60 15 35 66 83 7 14 25 66 66 10 4 51 33 74 
31 49 135 50 102 129 51 92 30 10 61 37 86 23 137 61 60 26 87 123 71 127 89 72 102 71 140 44 61 76 65 71 27 50 60 0 62 25 92 140 67 64 68 90 120 50 63 54 91 87 
32 49 94 39 86 77 48 32 34 65 15 61 28 41 76 92 15 80 59 63 19 77 29 84 44 72 80 30 24 15 12 100 65 17 15 62 0 38 51 77 14 29 10 51 59 20 18 39 30 59 
15 33 113 29 85 111 34 67 16 31 36 32 65 14 112 63 35 42 76 98 46 102 64 65 80 59 118 20 36 53 40 72 29 30 35 25 38 0 76 116 42 40 46 75 97 25 38 44 67 76 
62 99 133 89 136 38 98 61 62 89 66 107 31 69 87 138 66 117 18 83 67 111 61 134 32 123 64 78 75 43 62 148 106 47 66 92 51 76 0 76 63 80 41 3 56 69 69 39 57 18 
109 116 90 107 122 58 113 50 110 143 82 133 57 118 20 160 83 157 94 32 74 65 53 143 45 129 22 102 87 63 77 166 139 91 83 140 77 116 76 0 75 88 72 79 21 93 82 103 49 94 
41 43 80 32 73 86 40 26 43 73 6 58 36 49 70 86 7 81 73 55 5 64 22 75 50 62 82 26 13 21 2 94 64 30 7 67 14 42 63 75 0 17 22 63 59 18 7 53 26 73 
45 28 73 19 57 103 25 38 47 72 14 46 54 51 79 72 14 73 88 63 15 62 35 59 67 45 97 20 5 38 18 78 54 40 14 64 29 40 80 88 17 0 39 80 73 17 11 65 39 88 
37 60 99 50 95 67 58 31 38 71 25 71 19 46 73 102 25 89 51 61 26 80 29 95 34 83 71 40 34 9 21 110 74 19 25 68 10 46 41 72 22 39 0 41 52 30 28 36 28 51 
61 98 135 89 137 41 97 63 61 87 66 106 33 67 90 137 66 115 15 85 67 113 62 134 35 123 67 77 75 44 62 147 105 46 66 90 51 75 3 79 63 80 41 0 59 69 69 36 59 15 
89 101 92 91 116 45 99 36 91 123 65 117 36 98 31 145 66 139 74 33 58 67 38 132 24 117 23 86 72 44 60 152 123 71 66 120 59 97 56 21 59 73 52 59 0 76 66 82 34 74 
27 30 90 20 72 97 28 44 29 56 11 41 48 34 88 72 10 63 75 73 21 78 40 65 63 54 98 10 12 34 16 80 46 25 10 50 20 25 69 93 18 17 30 69 76 0 13 48 43 75 
39 35 79 25 68 92 33 32 41 69 3 51 43 46 76 79 4 75 77 60 8 66 29 68 57 55 89 20 6 28 7 87 57 31 4 63 18 38 69 82 7 11 28 69 66 13 0 55 32 77 
29 74 133 66 121 77 73 68 28 50 52 76 46 32 107 107 51 80 33 97 58 116 65 108 58 100 96 54 59 45 51 116 73 24 51 54 39 44 39 103 53 65 36 36 82 48 55 0 64 33 
62 67 76 58 86 68 65 4 64 95 32 84 26 71 46 111 33 107 72 33 24 54 5 98 32 84 57 53 38 19 27 118 90 46 33 91 30 67 57 49 26 39 28 59 34 43 32 64 0 72 
61 104 148 95 146 52 103 76 61 83 74 108 46 66 105 140 74 113 0 100 77 126 75 139 50 129 81 83 83 56 71 149 106 51 74 87 59 76 18 94 73 88 51 15 74 75 77 33 72 0 
0 0 6 1500 9 0 20 0 0 3 0 0 0 0 274 26747 0 0 0 3606 0 0 0 3 30978 74016 45 0 31 0 448 0 85 0 6325 147 0 83010 0 2 292 0 0 5152 501 0 0 1182 1990 16324 
0 0 236 4 2928 9334 20744 0 5370 394 1554 0 71 5 0 70 38 0 26066 0 0 0 5016 0 9299 5398 437 0 9 3 0 0 2820 117 0 4 0 2 1 41 293 42125 0 0 0 0 0 3531 0 13 
6 236 0 18225 8 56255 0 0 5 29 548 0 3056 0 9 0 6637 2 0 0 3 35107 0 38 97042 0 1234 0 0 0 0 251 64 2786 89700 110 0 0 0 0 68242 0 0 0 0 0 0 2447 0 353 
1500 4 18225 0 18573 443 1 0 0 0 0 1 0 0 0 0 9862 12664 0 24 0 8207 37 0 0 0 11 3094 0 0 13 0 0 17 0 0 20 48 0 2 0 0 37906 0 224 0 0 7442 15 175 
9 2928 8 18573 0 0 11 3962 16675 8434 0 0 2 0 0 63 16 0 0 0 0 0 5603 0 84313 47 1999 0 9 0 1 98508 14 3 75300 10 6 0 0 0 30449 0 26594 37 1039 0 2853 0 0 0 
0 9334 56255 443 0 0 2 1711 0 22 62 388 0 12479 0 5 86 6540 8 0 33253 0 3509 33377 19880 150 0 550 0 35949 7 0 0 86020 132 0 0 0 0 1148 123 0 3981 177 0 9 1 0 10213 0 
20 20744 0 1 11 2 0 4 72556 4 0 0 0 2212 0 0 3575 107 0 18798 0 0 18428 0 0 0 0 30 0 32300 0 0 3 0 0 0 0 0 0 32421 0 2747 87057 27983 0 102 4832 0 0 9374 
0 0 0 0 3962 1711 4 0 151 0 4 0 0 2679 0 0 0 3582 0 2 0 0 0 0 0 490 0 0 0 0 0 0 0 0 0 0 58 0 154 9988 8 2366 14 11 1826 1 0 12581 1 15 
0 5370 5 0 16675 0 72556 151 0 7 0 1163 3798 0 12 2911 0 0 75437 0 35 0 175 0 8751 0 0 3 89 0 0 259 15515 0 0 0 51 0 20755 70773 726 0 22 0 0 4 23 793 909 883 
3 394 29 0 8434 22 4 0 7 0 426 0 0 16819 8 31 0 6657 0 36928 0 0 2 13 3485 40483 0 198 131 0 61 0 0 19 0 0 0 5703 0 0 0 54 285 0 219 29234 0 0 0 0 
0 1554 548 0 0 62 0 4 0 426 0 0 6 0 2 0 0 152 0 0 11438 7854 0 296 968 1 0 26 107 2 0 136 0 8 20153 6 0 322 553 0 0 0 181 17313 734 3 2410 0 0 0 
0 0 0 1 0 388 0 0 1163 0 0 0 46 144 0 41 0 0 2136 1216 0 0 0 169 0 0 0 0 80616 100 22 0 0 166 0 0 0 0 0 0 645 0 37994 38863 18 57 0 0 289 19 
0 71 3056 0 2 0 0 0 3798 0 6 46 0 9330 0 0 0 0 0 15 3 0 2 0 0 0 1 0 0 97330 6 16422 0 0 2294 2 1066 0 31 0 0 0 0 0 10 0 4 0 0 1 
0 5 0 0 0 12479 2212 2679 0 16819 0 144 9330 0 0 0 650 12 0 0 0 473 165 0 0 1 561 10215 0 0 0 2323 33 0 882 0 710 18 0 17432 0 0 0 24337 0 1 0 0 2 0 
274 0 9 0 0 0 0 0 12 8 2 0 0 0 0 0 0 1786 14070 0 1436 3638 96185 706 0 0 14889 0 0 13 48028 0 0 0 0 33943 0 0 29489 1211 1 98924 46101 0 0 0 1176 4 266 0 
26747 70 0 0 63 5 0 0 2911 31 0 41 0 0 0 0 18 0 0 0 3378 9 1 481 362 24 12 3 0 2 0 0 0 0 1707 912 0 38597 11 0 0 232 0 225 0 1 1 13 0 5 
0 38 6637 9862 16 86 3575 0 0 0 0 0 0 650 0 18 0 17 0 90343 47 0 0 4 0 72327 4 4523 15984 0 0 262 10 0 40399 0 1 0 0 21 7759 2 5 121 0 85 3 1153 0 0 
0 0 2 12664 0 6540 107 3582 0 6657 152 0 0 12 1786 0 17 0 93 89012 0 3 0 3171 0 0 0 0 49 19 3884 3430 32 0 9335 9160 0 94383 6 0 0 18367 0 0 223 1 102 42993 89610 22651 
0 26066 0 0 0 8 0 0 75437 0 0 2136 0 0 14070 0 0 93 0 131 223 0 6104 8825 0 26 50520 0 2119 0 0 0 0 1 0 0 2 0 8202 0 30 59 21533 36 0 0 16779 653 0 0 
3606 0 0 24 0 0 18798 2 0 36928 0 1216 15 0 0 0 90343 89012 131 0 74 11 0 580 1 161 36155 0 0 0 0 0 87 188 9767 0 93 10772 0 0 1144 1 1729 0 8240 3 389 0 0 0 
0 0 3 0 0 33253 0 0 35 0 11438 0 3 0 1436 3378 47 0 223 74 0 232 0 1769 2791 666 8 0 1 0 52 0 3 22 367 1 12 9158 0 0 36 0 1 183 0 0 0 16854 0 0 
0 0 35107 8207 0 0 0 0 0 0 7854 0 0 473 3638 9 0 3 0 11 232 0 1 0 72753 0 12 9 26 199 91433 0 0 692 12374 872 25305 19951 0 0 1 50032 29 0 1 21 0 0 287 120 
0 5016 0 37 5603 3509 18428 0 175 2 0 0 2 165 96185 1 0 0 6104 0 0 1 0 6 0 19239 3 0 0 0 0 0 312 0 14 21231 0 0 149 17 200 3529 0 0 0 0 0 2 0 287 
3 0 38 0 0 33377 0 0 0 13 296 169 0 0 706 481 4 3171 8825 580 1769 0 6 0 1 703 0 0 0 0 0 0 30 0 2542 27408 0 0 1792 303 30039 7 0 286 4 204 0 0 6472 0 
30978 9299 97042 0 84313 19880 0 0 8751 3485 968 0 0 0 0 362 0 0 0 1 2791 72753 0 1 0 1455 0 0 0 0 3423 0 18712 0 238 421 323 384 0 0 1 0 0 0 0 0 0 4259 31 50067 
74016 5398 0 0 47 150 0 490 0 40483 1 0 0 1 0 24 72327 0 26 161 666 0 19239 703 1455 0 0 26583 0 15828 4 0 33 0 0 68 8 0 0 0 17 0 0 0 98064 0 2 0 33649 0 
45 437 1234 11 1999 0 0 0 0 0 0 0 1 561 14889 12 4 0 50520 36155 8 12 3 0 0 0 0 0 5264 0 0 0 0 4 3912 0 54 4395 34293 32 0 0 671 0 0 27182 0 0 0 108 
0 0 0 3094 0 550 30 0 3 198 26 0 0 10215 0 3 4523 0 0 0 0 9 0 0 0 26583 0 0 7634 0 0 0 166 0 3140 35 8 0 0 0 0 0 84679 0 71 0 0 0 96 18 
31 9 0 0 9 0 0 0 89 131 107 80616 0 0 0 0 15984 49 2119 0 1 26 0 0 0 0 5264 7634 0 0 0 2486 682 438 0 0 34 15355 0 0 0 0 932 1 0 5816 0 2465 56 0 
0 3 0 0 0 35949 32300 0 0 0 2 100 97330 0 13 2 0 19 0 0 0 199 0 0 0 15828 0 0 0 0 528 0 1 19 8497 0 2850 5 0 45463 11404 22 1253 5 0 0 40 48 0 109 
448 0 0 13 1 7 0 0 0 61 0 22 6 0 48028 0 0 3884 0 0 52 91433 0 0 3423 4 0 0 0 528 0 96768 0 3935 114 28990 0 53688 0 0 2 0 25 0 0 0 29 32 0 0 
0 0 251 0 98508 0 0 0 259 0 136 0 16422 2323 0 0 262 3430 0 0 0 0 0 0 0 0 0 0 2486 0 96768 0 30321 0 0 0 765 6 0 0 4 4744 0 0 72 18 64 0 0 48 
85 2820 64 0 14 0 3 0 15515 0 0 0 0 33 0 0 10 32 0 87 3 0 312 30 18712 33 0 166 682 1 0 30321 0 85264 0 196 0 330 0 7 87 6 0 18170 405 37448 262 14 0 0 
0 117 2786 17 3 86020 0 0 0 19 8 166 0 0 0 0 0 0 1 188 22 692 0 0 0 0 4 0 438 19 3935 0 85264 0 0 0 0 30579 0 173 10722 0 487 53 0 0 1 0 11 0 
6325 0 89700 0 75300 132 0 0 0 0 20153 0 2294 882 0 1707 40399 9335 0 9767 367 12374 14 2542 238 0 3912 3140 0 8497 114 0 0 0 0 26 453 13 3 0 0 15825 0 50 73097 20 649 87822 5455 0 
147 4 110 0 10 0 0 0 0 0 6 0 2 0 33943 912 0 9160 0 0 1 872 21231 27408 421 68 0 35 0 0 28990 0 196 0 26 0 0 7 17494 772 17 0 465 29087 67 11 0 0 4 0 
0 0 0 20 6 0 0 58 51 0 0 0 1066 710 0 0 1 0 2 93 12 25305 0 0 323 8 54 8 34 2850 0 765 0 0 453 0 0 124 45538 3 0 67425 6828 8 18 475 0 3795 0 0 
83010 2 0 48 0 0 0 0 0 5703 322 0 0 18 0 38597 0 94383 0 10772 9158 19951 0 0 384 0 4395 0 15355 5 53688 6 330 30579 13 7 124 0 88637 0 0 0 21 0 0 138 3 59577 3904 29 
0 1 0 0 0 0 0 154 20755 0 553 0 31 0 29489 11 0 6 8202 0 0 0 149 1792 0 0 34293 0 0 0 0 0 0 0 3 17494 45538 88637 0 122 0 11 0 206 3304 366 0 28032 1 0 
2 41 0 2 0 1148 32421 9988 70773 0 0 0 0 17432 1211 0 21 0 0 0 0 0 17 303 0 0 32 0 0 45463 0 0 7 173 0 772 3 0 122 0 0 1 10 0 12 14059 67204 0 0 0 
292 293 68242 0 30449 123 0 8 726 0 0 645 0 0 1 0 7759 0 30 1144 36 1 200 30039 1 17 0 0 0 11404 2 4 87 10722 0 17 0 0 0 0 0 0 0 0 24 2016 739 0 453 8 
0 42125 0 0 0 0 2747 2366 0 54 0 0 0 0 98924 232 2 18367 59 1 0 50032 3529 7 0 0 0 0 0 22 0 4744 6 0 15825 0 67425 0 11 1 0 0 0 0 0 3775 2 96 4 0 
0 0 0 37906 26594 3981 87057 14 22 285 181 37994 0 0 46101 0 5 0 21533 1729 1 29 0 0 0 0 671 84679 932 1253 25 0 0 487 0 465 6828 21 0 10 0 0 0 0 9627 19260 0 0 0 0 
5152 0 0 0 37 177 27983 11 0 0 17313 38863 0 24337 0 225 121 0 36 0 183 0 0 286 0 0 0 0 1 5 0 0 18170 53 50 29087 8 0 206 0 0 0 0 0 0 0 0 80785 2475 0 
501 0 0 224 1039 0 0 1826 0 219 734 18 10 0 0 0 0 223 0 8240 0 1 0 4 0 98064 0 71 0 0 0 72 405 0 73097 67 18 0 3304 12 24 0 9627 0 0 0 63 0 0 74 
0 0 0 0 0 9 102 1 4 29234 3 57 0 1 0 1 85 1 0 3 0 21 0 204 0 0 27182 0 5816 0 0 18 37448 0 20 11 475 138 366 14059 2016 3775 19260 0 0 0 0 0 6 3 
0 0 0 0 2853 1 4832 0 23 0 2410 0 4 0 1176 1 3 102 16779 389 0 0 0 0 0 2 0 0 0 40 29 64 262 1 649 0 0 3 0 67204 739 2 0 0 63 0 0 0 0 58 
1182 3531 2447 7442 0 0 0 12581 793 0 0 0 0 0 4 13 1153 42993 653 0 16854 0 2 0 4259 0 0 0 2465 48 32 0 14 0 87822 0 3795 59577 28032 0 0 96 0 80785 0 0 0 0 5530 0 
1990 0 0 15 0 10213 0 1 909 0 0 289 0 2 266 0 0 89610 0 0 0 287 0 6472 31 33649 0 96 56 0 0 0 0 11 5455 4 0 3904 1 0 453 4 0 2475 0 6 0 5530 0 260 
16324 13 353 175 0 0 9374 15 883 0 0 19 1 0 0 5 0 22651 0 0 0 120 287 0 50067 0 108 18 0 109 0 48 0 0 0 0 0 29 0 0 8 0 0 0 74 3 58 0 260 0 
0 13 0 0 0 5 0 4 960 0 56704 47434 2412 1136 0 0 40 1 101 0 1225 130 17612 0 0 0 0 1 0 70059 0 6 0 9 0 0 2262 0 11 0 0 4289 13 0 0 547 55 0 0 0 
13 0 0 0 0 0 0 34998 0 0 0 299 0 0 129 0 0 19 0 9 4 113 0 11 0 0 0 1 0 0 66 73 0 0 1 0 11 0 0 0 0 0 18046 2 39 39189 1776 0 7851 0 
0 0 0 0 0 0 1091 77 0 0 0 4 0 83824 0 2212 0 0 3 5 0 0 130 0 0 36238 0 7 3782 5939 25 0 0 0 0 0 1 4 5568 15 0 18596 3 143 16 4252 1753 0 30543 0 
0 0 0 0 0 0 0 3261 239 14 1 0 4 7 1982 182 0 0 547 0 70 0 0 10 11 38 0 0 27 35 0 891 64 0 14 2281 0 0 8 0 1 2416 0 1 0 5359 1 0 0 0 
0 0 0 0 0 211 0 0 0 0 372 47 0 20 751 0 0 997 8 1087 16068 2 0 4 0 0 0 27432 0 9 0 0 0 0 0 0 0 66299 17470 67 0 1 0 0 0 13798 0 24042 13 640 
5 0 0 0 211 0 0 0 2 0 0 0 21591 0 10403 0 0 0 0 76761 0 2 0 0 0 0 5 0 13608 0 0 3 1 0 0 27853 5627 19 4072 0 0 95177 0 0 14874 0 0 248 0 12 
0 0 1091 0 0 0 0 0 0 0 1419 2605 1 0 1575 60905 0 0 7321 0 5 253 0 7211 13420 1 30 0 2 0 351 12186 0 1 2 1029 16 66 9255 0 100 0 0 0 102 0 0 538 1773 0 
4 34998 77 3261 0 0 0 0 0 357 0 834 86178 0 2 4 104 0 315 0 3477 175 11 2 10315 0 15 10 32 3 11816 4508 1538 3 7 2478 0 43 0 0 0 0 0 0 0 0 2640 0 0 0 
960 0 0 239 0 2 0 0 0 0 5629 0 0 31 0 0 22545 14 0 55 0 8 0 704 0 1 20340 0 0 12600 17840 0 0 1235 15038 1857 0 40 0 0 0 5667 0 1733 1 0 0 0 0 0 
0 0 0 14 0 0 0 357 0 0 0 6 129 0 0 0 3 0 16 0 32270 847 0 0 0 0 203 0 0 1985 0 253 46571 0 41 4 70771 0 2358 467 147 0 0 28352 0 0 102 6 36 233 
56704 0 0 1 372 0 1419 0 5629 0 0 1990 0 1 0 41715 11070 0 78 16088 0 0 568 0 0 0 698 0 0 0 259 0 9 0 0 0 2 0 0 62562 94071 1 0 0 0 0 0 75 5889 11235 
47434 299 4 0 47 0 2605 834 0 6 1990 0 0 0 1 0 57 3 0 0 9376 9 1016 0 12899 972 49876 608 0 0 0 10874 15255 0 41978 99558 46 53 1 40383 0 34 0 0 0 0 91 126 0 0 
2412 0 0 4 0 21591 1 86178 0 129 0 0 0 0 43 82 481 1 95 0 0 9 0 28 11 10213 0 2 3946 0 0 0 78 104 0 0 0 1 0 14558 791 2720 2137 6 0 14405 0 301 1 0 
1136 0 83824 7 20 0 0 0 31 0 1 0 0 0 174 27124 0 0 37059 2 1 0 0 24 1456 0 0 0 4544 4115 157 0 0 5716 0 1 0 0 475 0 2497 1 101 0 1 0 2 10 0 16 
0 129 0 1982 751 10403 1575 2 0 0 0 1 43 174 0 7354 1 0 0 7011 0 0 0 0 651 27130 0 2866 15 0 0 20176 25329 1813 21 0 27 7 0 0 0 0 0 32222 8 313 0 0 0 7138 
0 0 2212 182 0 0 60905 4 0 0 41715 0 82 27124 7354 0 0 10 15 35593 0 0 0 0 0 0 0 0 33647 0 349 1 8 1488 0 0 5 0 0 52 2 0 1501 0 2 0 0 0 7648 0 
40 0 0 0 0 0 0 104 22545 3 11070 57 481 0 1 0 0 0 4195 0 0 35 199 0 149 0 0 0 0 157 26 0 0 1 0 166 0 138 33 0 0 0 0 0 4 0 0 0 1 6 
1 19 0 0 997 0 0 0 14 0 0 3 1 0 0 10 0 0 0 0 24533 0 1269 0 8641 25 68232 310 0 0 0 0 0 2 0 0 368 0 0 13466 13 0 1005 4132 0 0 0 0 0 0 
101 0 3 547 8 0 7321 315 0 16 78 0 95 37059 0 15 4195 0 0 0 0 2 0 0 87346 0 0 10155 0 41 7084 148 37 0 1 7314 0 18 0 12 0 0 0 0 610 150 0 0 5084 90 
0 9 5 0 1087 76761 0 0 55 0 16088 0 0 2 7011 35593 0 0 0 0 0 0 1869 0 0 0 0 7 1 489 78074 139 0 0 0 37 0 0 63910 2799 0 0 0 1 0 0 0 1345 76 19232 
1225 4 0 70 16068 0 5 3477 0 32270 0 9376 0 1 0 0 0 24533 0 0 0 0 96533 0 0 0 0 567 0 677 0 190 0 0 0 0 0 0 12786 8 0 10624 0 0 55 125 13247 0 18 882 
130 113 0 0 2 2 253 175 8 847 0 9 9 0 0 0 35 0 2 0 0 0 0 5461 0 2 0 0 0 0 0 1 1488 0 0 0 0 0 10 155 0 0 0 1263 0 0 2 39 0 0 
17612 0 130 0 0 0 0 11 0 0 568 1016 0 0 0 0 199 1269 0 1869 96533 0 0 0 170 0 0 6338 2632 20524 18 28300 0 899 0 0 1125 44591 0 0 0 0 6 774 1 3333 1 0 390 0 
0 11 0 10 4 0 7211 2 704 0 0 0 28 24 0 0 0 0 0 0 0 5461 0 0 0 0 486 9 62769 42361 17 449 0 47721 0 0 1 1 0 0 0 0 16 0 0 0 1 6923 0 1 
0 0 0 11 0 0 13420 10315 0 0 0 12899 11 1456 651 0 149 8641 87346 0 0 0 170 0 0 0 708 118 275 7150 0 980 0 46408 0 0 0 0 2 1333 0 753 262 1 175 8 108 0 0 0 
0 0 36238 38 0 0 1 0 1 0 0 972 10213 0 27130 0 0 25 0 0 0 2 0 0 0 0 264 0 49345 0 0 22963 0 14 6 0 0 59 3 14 0 27157 2237 9 0 766 0 513 0 911 
0 0 0 0 0 5 30 15 20340 203 698 49876 0 0 0 0 0 68232 0 0 0 0 0 486 708 264 0 30059 0 2 778 74856 186 0 0 44 0 0 0 0 270 17 0 17 14506 0 13 8447 1 0 
1 1 7 0 27432 0 0 10 0 0 0 608 2 0 2866 0 0 310 10155 7 567 0 6338 9 118 0 30059 0 0 95 3627 2 0 5 0 0 0 286 1825 20068 859 7205 0 75 0 5742 7 3 0 0 
0 0 3782 27 0 13608 2 32 0 0 0 0 3946 4544 15 33647 0 0 0 1 0 0 2632 62769 275 49345 0 0 0 414 449 0 0 0 2 4 0 0 36 1605 2688 1 0 0 641 0 24 0 0 8165 
70059 0 5939 35 9 0 0 3 12600 1985 0 0 0 4115 0 0 157 0 41 489 677 0 20524 42361 7150 0 2 95 414 0 0 207 0 0 0 1 0 0 1 0 0 0 0 0 57 65846 0 0 53 0 
0 66 25 0 0 0 351 11816 17840 0 259 0 0 157 0 349 26 0 7084 78074 0 0 18 17 0 0 778 3627 449 0 0 0 44 0 0 0 69 0 3776 80 0 5 0 23 27 739 0 0 175 10534 
6 73 0 891 0 3 12186 4508 0 253 0 10874 0 0 20176 1 0 0 148 139 190 1 28300 449 980 22963 74856 2 0 207 0 0 0 284 162 2 0 0 2055 5 0 0 750 12634 0 0 0 4 73888 0 
0 0 0 64 0 1 0 1538 0 46571 9 15255 78 0 25329 8 0 0 37 0 0 1488 0 0 0 0 186 0 0 0 44 0 0 0 6 0 132 0 69240 0 0 0 18 0 0 0 0 0 2808 1 
9 0 0 0 0 0 1 3 1235 0 0 0 104 5716 1813 1488 1 2 0 0 0 0 899 47721 46408 14 0 5 0 0 0 284 0 0 33009 14 3646 0 34126 0 0 333 0 0 9225 311 0 2288 0 310 
0 1 0 14 0 0 2 7 15038 41 0 41978 0 0 21 0 0 0 1 0 0 0 0 0 0 6 0 0 2 0 0 162 6 33009 0 0 0 0 0 19 82 0 5238 0 0 0 0 0 0 6349 
0 0 0 2281 0 27853 1029 2478 1857 4 0 99558 0 1 0 0 166 0 7314 37 0 0 0 0 0 0 44 0 4 1 0 2 0 14 0 0 4 0 0 0 0 1 0 0 0 0 12 104 0 30331 
2262 11 1 0 0 5627 16 0 0 70771 2 46 0 0 27 5 0 368 0 0 0 0 1125 1 0 0 0 0 0 0 69 0 132 3646 0 4 0 0 0 0 818 0 0 0 0 0 24496 0 124 949 
0 0 4 0 66299 19 66 43 40 0 0 53 1 0 7 0 138 0 18 0 0 0 44591 1 0 59 0 286 0 0 0 0 0 0 0 0 0 0 0 56274 959 2680 0 730 2216 0 0 0 0 0 
11 0 5568 8 17470 4072 9255 0 0 2358 0 1 0 475 0 0 33 0 0 63910 12786 10 0 0 2 3 0 1825 36 1 3776 2055 69240 34126 0 0 0 0 0 0 3 0 858 0 0 0 755 0 0 83916 
0 0 15 0 67 0 0 0 0 467 62562 40383 14558 0 0 52 0 13466 12 2799 8 155 0 0 1333 14 0 20068 1605 0 80 5 0 0 19 0 0 56274 0 0 67 0 0 7832 0 0 0 1 82026 70061 
0 0 0 1 0 0 100 0 0 147 94071 0 791 2497 0 2 0 13 0 0 0 0 0 0 0 0 270 859 2688 0 0 0 0 0 82 0 818 959 3 67 0 2 1 201 0 0 0 6643 0 0 
4289 0 18596 2416 1 95177 0 0 5667 0 1 34 2720 1 0 0 0 0 0 0 10624 0 0 0 753 27157 17 7205 1 0 5 0 0 333 0 1 0 2680 0 0 2 0 739 8855 34534 0 0 0 0 18 
13 18046 3 0 0 0 0 0 0 0 0 0 2137 101 0 1501 0 1005 0 0 0 0 6 16 262 2237 0 0 0 0 0 750 18 0 5238 0 0 0 858 0 1 739 0 23 0 0 20 14 3 57789 
0 2 143 1 0 0 0 0 1733 28352 0 0 6 0 32222 0 0 4132 0 1 0 1263 774 0 1 9 17 75 0 0 23 12634 0 0 0 0 0 730 0 7832 201 8855 23 0 546 31 46516 0 0 11197 
0 39 16 0 0 14874 102 0 1 0 0 0 0 1 8 2 4 0 610 0 55 0 1 0 175 0 14506 0 641 57 27 0 0 9225 0 0 0 2216 0 0 0 34534 0 546 0 4 0 124 3 0 
547 39189 4252 5359 13798 0 0 0 0 0 0 0 14405 0 313 0 0 0 150 0 125 0 3333 0 8 766 0 5742 0 65846 739 0 0 311 0 0 0 0 0 0 0 0 0 31 4 0 17053 5 0 0 
55 1776 1753 1 0 0 0 2640 0 102 0 91 0 2 0 0 0 0 0 0 13247 2 1 1 108 0 13 7 24 0 0 0 0 0 0 12 24496 0 755 0 0 0 20 46516 0 17053 0 1 1597 0 
0 0 0 0 24042 248 538 0 0 6 75 126 301 10 0 0 0 0 0 1345 0 39 0 6923 0 513 8447 3 0 0 0 4 0 2288 0 104 0 0 0 1 6643 0 14 0 124 5 1 0 0 460 
0 7851 30543 0 13 0 1773 0 0 36 5889 0 1 0 0 7648 1 0 5084 76 18 0 390 0 0 0 1 0 0 53 175 73888 2808 0 0 0 124 0 0 82026 0 0 3 0 3 0 1597 0 0 0 
0 0 0 0 640 12 0 0 0 233 11235 0 0 16 7138 0 6 0 90 19232 882 0 0 1 0 911 0 0 8165 0 10534 0 1 310 6349 30331 949 0 83916 70061 0 18 57789 11197 0 0 0 460 0 0 
