20 4
0 46 118 40 96 98 46 64 2 33 36 47 55 9 108 78 35 54 61 95 
46 0 88 10 53 127 3 66 48 60 37 19 78 48 107 43 36 50 104 90 
118 88 0 85 53 137 85 71 120 144 83 106 102 125 70 117 84 138 148 59 
40 10 85 0 56 117 8 56 42 59 26 26 68 43 98 54 26 55 95 82 
96 53 53 56 0 154 51 82 98 112 71 66 108 100 106 67 71 96 146 90 
98 127 137 117 154 0 125 72 99 127 90 138 49 106 75 170 91 153 52 79 
46 3 85 8 51 125 0 63 48 61 34 22 76 49 104 46 34 53 103 87 
64 66 71 56 82 72 63 0 66 97 32 83 30 73 44 110 33 107 76 31 
2 48 120 42 98 99 48 66 0 32 38 48 56 7 110 78 37 54 61 97 
33 60 144 59 112 127 61 97 32 0 67 48 88 24 142 71 66 34 83 128 
36 37 83 26 71 90 34 32 38 67 0 51 41 44 77 80 1 75 74 61 
47 19 106 26 66 138 22 83 48 48 51 0 90 45 125 31 50 31 108 109 
55 78 102 68 108 49 76 30 56 88 41 90 0 63 62 121 41 107 46 54 
9 48 125 43 100 106 49 73 7 24 44 45 63 0 117 75 43 47 66 104 
108 107 70 98 106 75 104 44 110 142 77 125 62 117 0 149 78 152 105 17 
78 43 117 54 67 170 46 110 78 71 80 31 121 75 149 0 80 40 140 132 
35 36 84 26 71 91 34 33 37 66 1 50 41 43 78 80 0 74 74 62 
54 50 138 55 96 153 53 107 54 34 75 31 107 47 152 40 74 0 113 136 
61 104 148 95 146 52 103 76 61 83 74 108 46 66 105 140 74 113 0 100 
95 90 59 82 90 79 87 31 97 128 61 109 54 104 17 132 62 136 100 0 
0 69 5 0 0 10 14 0 11922 0 0 0 6 8 0 43775 0 18798 47 170 
69 0 7 44 4 0 473 6042 98273 0 0 0 5 0 0 7028 0 4136 6093 0 
5 7 0 14534 10910 182 0 23351 0 67 52324 5 0 0 0 184 26066 15 23391 89 
0 44 14534 0 0 0 10361 0 45859 2 18924 71 2679 40133 294 67106 0 0 34894 0 
0 4 10910 0 0 4236 2 4 0 0 3887 0 144 0 0 3 0 26 7379 151 
10 0 182 0 4236 0 0 50905 191 2008 581 0 8 0 0 0 2136 0 1887 0 
14 473 0 10361 2 0 0 0 3673 0 92059 0 2882 2296 10912 2 14070 2227 0 0 
0 6042 23351 0 4 50905 0 0 1270 277 0 0 0 4 0 0 93 384 0 0 
11922 98273 0 45859 0 191 3673 1270 0 0 0 0 364 100 45463 6657 0 1028 1 79 
0 0 67 2 0 2008 0 277 0 0 3 645 0 61353 0 12 23297 0 0 0 
0 0 52324 18924 3887 581 92059 0 0 3 0 823 5 0 86 0 0 0 64 37 
0 0 5 71 0 0 0 0 0 645 823 0 3 0 0 0 296 0 0 0 
6 5 0 2679 144 8 2882 0 364 0 5 3 0 2271 0 1103 3 1018 2070 0 
8 0 0 40133 0 0 2296 4 100 61353 0 0 2271 0 18 16 206 0 35107 1 
0 0 0 294 0 0 10912 0 45463 0 86 0 0 18 0 303 0 0 0 6104 
43775 7028 184 67106 3 0 2 0 6657 12 0 0 1103 16 303 0 0 2581 0 1 
0 0 26066 0 0 2136 14070 93 0 23297 0 296 3 206 0 0 0 120 0 0 
18798 4136 15 0 26 0 2227 384 1028 0 0 0 1018 0 0 2581 120 0 9 0 
47 6093 23391 34894 7379 1887 0 0 1 0 64 0 2070 35107 0 0 0 9 0 0 
170 0 89 0 151 0 0 0 79 0 37 0 0 1 6104 1 0 0 0 0 
0 0 0 0 11790 0 0 0 0 1350 20 1 38339 1 370 144 48 0 0 1917 
0 0 0 0 0 2598 740 0 42 0 0 404 116 0 67529 0 1560 2588 0 0 
0 0 0 902 0 0 4768 3 9 0 0 11274 20 0 5093 0 0 0 0 0 
0 0 902 0 3019 1044 11 542 0 0 0 58 0 0 3454 0 8 90343 0 0 
11790 0 0 3019 0 0 0 0 11361 0 0 4 154 552 4646 0 0 0 0 35 
0 2598 0 1044 0 0 1 0 0 0 0 1 0 0 54333 17920 0 0 218 24148 
0 740 4768 11 0 1 0 171 0 94140 0 6 11661 39789 0 166 0 388 0 5602 
0 0 3 542 0 0 171 0 0 0 1 57 0 16543 0 16177 0 0 78577 0 
0 42 9 0 11361 0 0 0 0 5 0 38343 0 775 0 12675 153 0 0 0 
1350 0 0 0 0 0 94140 0 5 0 81497 0 0 753 3 0 0 25775 94235 3101 
20 0 0 0 0 0 0 1 0 81497 0 6 0 16966 33 181 22566 0 0 0 
1 404 11274 58 4 1 6 57 38343 0 6 0 0 0 0 80488 4576 4296 20439 175 
38339 116 20 0 154 0 11661 0 0 0 0 0 0 0 481 0 0 0 0 2 
1 0 0 0 552 0 39789 16543 775 753 16966 0 0 0 333 191 0 34 0 0 
370 67529 5093 3454 4646 54333 0 0 0 3 33 0 481 333 0 0 3 3 0 0 
144 0 0 0 0 17920 166 16177 12675 0 181 80488 0 191 0 0 19267 0 8 0 
48 1560 0 8 0 0 0 0 153 0 22566 4576 0 0 3 19267 0 0 0 0 
0 2588 0 90343 0 0 388 0 0 25775 0 4296 0 34 3 0 0 0 0 450 
0 0 0 0 0 218 0 78577 0 94235 0 20439 0 0 0 8 0 0 0 90339 
1917 0 0 0 35 24148 5602 0 0 3101 0 175 2 0 0 0 0 450 90339 0 
0 0 0 9113 8511 21 72144 3962 0 0 18905 0 0 0 1 585 4650 0 0 0 
0 0 0 0 72 19559 0 0 0 0 4099 0 0 90183 489 0 0 0 0 2583 
0 0 0 0 0 0 1415 0 0 0 0 0 66290 28158 1975 160 0 0 0 378 
9113 0 0 0 16 0 0 0 0 31 0 0 2132 0 0 0 0 94346 0 0 
8511 72 0 16 0 0 0 0 518 13 0 3597 0 9 8905 0 0 0 239 0 
21 19559 0 0 0 0 0 8 0 0 6174 74268 2 56 996 0 0 0 0 4 
72144 0 1415 0 0 0 0 6 0 4663 22500 2149 0 83650 0 9 0 0 666 6555 
3962 0 0 0 0 8 6 0 0 0 0 46 1 0 26169 43898 775 0 0 0 
0 0 0 0 518 0 0 0 0 7425 1163 33 83 0 0 0 3 0 0 0 
0 0 0 31 13 0 4663 0 7425 0 0 0 27 0 10 0 0 38464 218 8190 
18905 4099 0 0 0 6174 22500 0 1163 0 0 0 118 0 0 4 801 11558 147 0 
0 0 0 0 3597 74268 2149 46 33 0 0 0 0 82 11070 11967 0 58 0 0 
0 0 66290 2132 0 2 0 1 83 27 118 0 0 0 20 41 2 0 0 0 
0 90183 28158 0 9 56 83650 0 0 0 0 82 0 0 28 0 49 87 0 0 
1 489 1975 0 8905 996 0 26169 0 10 0 11070 20 28 0 0 0 45 0 34 
585 0 160 0 0 0 9 43898 0 0 4 11967 41 0 0 0 79476 2 7 0 
4650 0 0 0 0 0 0 775 3 0 801 0 2 49 0 79476 0 0 473 16717 
0 0 0 94346 0 0 0 0 0 38464 11558 58 0 87 45 2 0 0 0 1078 
0 0 0 0 239 0 666 0 0 218 147 0 0 0 0 7 473 0 0 2 
0 2583 378 0 0 4 6555 0 0 8190 0 0 0 0 34 0 16717 1078 2 0 
0 0 0 67752 77 0 0 13082 33055 10 134 0 0 0 11339 0 1695 0 0 5159 
0 0 0 0 4 14 0 0 0 44277 123 1439 0 0 727 0 0 0 0 4765 
0 0 0 393 7718 44 45545 0 0 14 0 0 22 21 13144 0 2 491 0 0 
67752 0 393 0 18 14 36 0 0 0 18 0 0 0 0 34 129 0 4 1 
77 4 7718 18 0 74 1 0 0 82990 0 4661 254 6555 2662 0 0 3175 0 0 
0 14 44 14 74 0 642 3116 0 0 0 10205 0 11 76966 0 13734 0 0 93659 
0 0 45545 36 1 642 0 10201 119 65072 0 0 0 0 0 0 176 6846 35500 0 
13082 0 0 0 0 3116 10201 0 21116 3 0 0 0 0 44 0 0 0 116 7733 
33055 0 0 0 0 0 119 21116 0 6378 9 12981 54309 212 0 0 170 0 0 3193 
10 44277 14 0 82990 0 65072 3 6378 0 2 0 7 0 1 0 21 19433 310 0 
134 123 0 18 0 0 0 0 9 2 0 0 0 0 5082 5 5 511 0 1 
0 1439 0 0 4661 10205 0 0 12981 0 0 0 0 6 0 21789 0 0 0 3 
0 0 22 0 254 0 0 0 54309 7 0 0 0 596 0 0 1243 354 0 1182 
0 0 21 0 6555 11 0 0 212 0 0 6 596 0 0 0 0 1225 0 0 
11339 727 13144 0 2662 76966 0 44 0 1 5082 0 0 0 0 566 2609 486 0 93187 
0 0 0 34 0 0 0 0 0 0 5 21789 0 0 566 0 20534 33 83987 0 
1695 0 2 129 0 13734 176 0 170 21 5 0 1243 0 2609 20534 0 10413 0 5763 
0 0 491 0 3175 0 6846 0 0 19433 511 0 354 1225 486 33 10413 0 0 211 
0 0 0 4 0 0 35500 116 0 310 0 0 0 0 0 83987 0 0 0 0 
5159 4765 0 1 0 93659 0 7733 3193 0 1 3 1182 0 93187 0 5763 211 0 0 
