40 4
0 59 64 103 62 95 95 48 90 88 90 112 64 139 74 53 26 148 87 89 78 107 103 6 100 177 116 85 94 32 58 33 140 154 91 89 149 95 129 136 
59 0 70 49 40 62 36 46 31 30 43 69 27 80 26 37 59 91 39 30 28 48 85 53 62 119 57 26 35 49 19 41 84 96 32 30 99 39 70 86 
64 70 0 118 33 51 89 98 88 95 64 73 48 126 97 33 87 124 64 86 63 108 150 62 58 154 114 86 89 33 53 83 147 156 86 84 168 106 127 100 
103 49 118 0 85 94 38 68 34 23 68 88 69 56 28 85 93 77 65 36 58 23 68 97 90 97 30 33 37 98 65 74 38 53 38 38 50 11 35 90 
62 40 33 85 0 33 56 78 55 62 34 51 15 94 66 8 77 96 33 53 30 75 125 57 38 126 81 53 55 32 21 66 113 123 53 51 135 74 94 77 
95 62 51 94 33 0 57 107 59 71 25 22 37 82 84 42 110 75 28 57 37 76 147 91 7 104 78 61 57 65 46 97 112 117 56 55 139 82 90 49 
95 36 89 38 56 57 0 77 6 17 31 50 41 44 39 58 95 55 29 6 25 20 100 89 52 83 25 11 1 78 40 76 58 67 4 6 82 27 38 57 
48 46 98 68 78 107 77 0 71 63 90 115 69 117 41 71 27 133 86 71 75 81 55 45 108 159 90 66 76 65 60 15 106 121 74 72 107 64 101 132 
90 31 88 34 55 59 6 71 0 12 34 55 39 49 33 57 89 61 31 2 25 20 94 84 56 89 27 5 5 75 38 70 58 68 4 4 81 23 41 63 
88 30 95 23 62 71 17 63 12 0 46 67 46 53 23 63 84 69 43 14 35 19 82 82 68 95 28 10 16 78 43 65 53 65 16 16 72 11 40 74 
90 43 64 68 34 25 31 90 34 46 0 25 25 61 61 41 99 61 3 32 15 51 124 84 22 92 53 36 32 65 32 83 87 94 30 30 114 57 66 45 
112 69 73 88 51 22 50 115 55 67 25 0 49 63 86 60 123 54 29 53 40 67 148 107 15 82 66 58 51 84 57 108 98 101 51 51 128 77 76 27 
64 27 48 69 15 37 41 69 39 46 25 49 0 81 52 17 74 86 23 37 16 60 112 58 38 116 66 37 40 40 8 60 98 108 37 36 119 58 79 71 
139 80 126 56 94 82 44 117 49 53 61 63 81 0 75 99 137 23 62 50 65 36 125 133 74 41 27 54 45 121 83 118 42 40 48 50 74 54 23 49 
74 26 97 28 66 84 39 41 33 23 61 86 52 75 0 64 65 92 58 34 47 39 62 69 83 117 49 28 38 73 45 46 66 80 37 35 76 23 59 96 
53 37 33 85 8 42 58 71 57 63 41 60 17 99 64 0 69 102 39 55 34 77 120 48 46 132 83 54 58 24 20 58 115 125 55 53 135 74 97 85 
26 59 87 93 77 110 95 27 89 84 99 123 74 137 65 69 0 150 95 88 85 103 79 26 113 178 112 83 93 54 66 19 131 145 91 89 135 88 124 144 
148 91 124 77 96 75 55 133 61 69 61 54 86 23 92 102 150 0 63 62 70 55 146 142 68 30 47 67 57 126 90 132 65 61 59 61 97 73 46 31 
87 39 64 65 33 28 29 86 31 43 3 29 23 62 58 39 95 63 0 29 11 49 121 81 25 93 52 33 29 63 29 79 86 93 27 27 112 54 65 48 
89 30 86 36 53 57 6 71 2 14 32 53 37 50 34 55 88 62 29 0 23 22 95 83 54 89 29 5 5 73 36 70 60 70 2 2 83 25 42 62 
78 28 63 58 30 37 25 75 25 35 15 40 16 65 47 34 85 70 11 23 0 45 110 72 35 100 50 25 25 56 20 68 83 92 22 21 106 47 64 59 
107 48 108 23 75 76 20 81 20 19 51 67 60 36 39 77 103 55 49 22 45 0 91 101 71 77 9 23 20 95 58 84 38 48 22 24 62 18 21 67 
103 85 150 68 125 147 100 55 94 82 124 148 112 125 62 120 79 146 121 95 110 91 0 100 146 164 99 90 98 119 104 71 95 110 98 97 80 74 102 156 
6 53 62 97 57 91 89 45 84 82 84 107 58 133 69 48 26 142 81 83 72 101 100 0 95 171 110 79 88 29 52 29 135 148 85 83 144 89 123 130 
100 62 58 90 38 7 52 108 56 68 22 15 38 74 83 46 113 68 25 54 35 71 146 95 0 97 72 58 53 70 47 99 106 111 52 52 134 79 84 42 
177 119 154 97 126 104 83 159 89 95 92 82 116 41 117 132 178 30 93 89 100 77 164 171 97 0 68 94 84 156 120 159 73 63 87 89 103 95 62 57 
116 57 114 30 81 78 25 90 27 28 53 66 66 27 49 83 112 47 52 29 50 9 99 110 72 68 0 31 25 102 65 93 34 42 28 30 62 26 13 62 
85 26 86 33 53 61 11 66 5 10 36 58 37 54 28 54 83 67 33 5 25 23 90 79 58 94 31 0 10 72 35 65 61 72 8 7 82 21 44 68 
94 35 89 37 55 57 1 76 5 16 32 51 40 45 38 58 93 57 29 5 25 20 98 88 53 84 25 10 0 78 40 75 58 67 3 5 82 26 39 58 
32 49 33 98 32 65 78 65 75 78 65 84 40 121 73 24 54 126 63 73 56 95 119 29 70 156 102 72 78 0 37 50 132 144 75 73 148 88 116 109 
58 19 53 65 21 46 40 60 38 43 32 57 8 83 45 20 66 90 29 36 20 58 104 52 47 120 65 35 40 37 0 51 96 106 37 35 115 54 79 78 
33 41 83 74 66 97 76 15 70 65 83 108 60 118 46 58 19 132 79 70 68 84 71 29 99 159 93 65 75 50 51 0 112 127 72 70 118 69 105 127 
140 84 147 38 113 112 58 106 58 53 87 98 98 42 66 115 131 65 86 60 83 38 95 135 106 73 34 61 58 132 96 112 0 15 60 62 32 45 22 90 
154 96 156 53 123 117 67 121 68 65 94 101 108 40 80 125 145 61 93 70 92 48 110 148 111 63 42 72 67 144 106 127 15 0 70 71 40 58 28 89 
91 32 86 38 53 56 4 74 4 16 30 51 37 48 37 55 91 59 27 2 22 22 98 85 52 87 28 8 3 75 37 72 60 70 0 2 84 27 42 59 
89 30 84 38 51 55 6 72 4 16 30 51 36 50 35 53 89 61 27 2 21 24 97 83 52 89 30 7 5 73 35 70 62 71 2 0 85 27 43 60 
149 99 168 50 135 139 82 107 81 72 114 128 119 74 76 135 135 97 112 83 106 62 80 144 134 103 62 82 82 148 115 118 32 40 84 85 0 61 54 122 
95 39 106 11 74 82 27 64 23 11 57 77 58 54 23 74 88 73 54 25 47 18 74 89 79 95 26 21 26 88 54 69 45 58 27 27 61 0 36 82 
129 70 127 35 94 90 38 101 41 40 66 76 79 23 59 97 124 46 65 42 64 21 102 123 84 62 13 44 39 116 79 105 22 28 42 43 54 36 0 68 
136 86 100 90 77 49 57 132 63 74 45 27 71 49 96 85 144 31 48 62 59 67 156 130 42 57 62 68 58 109 78 127 90 89 59 60 122 82 68 0 
0 166 28 2 253 4519 789 155 0 0 0 0 59 6 0 0 2 1 4720 0 0 0 33 27 23 35 0 0 4539 0 0 330 0 2 0 3 0 0 0 0 
166 0 125 0 79 2 0 0 0 4 0 34938 4898 76553 0 177 731 0 0 0 46707 0 0 149 0 0 0 1168 20 37 20 10 0 0 0 91 0 78419 1243 19 
28 125 0 0 0 0 48 0 0 0 178 0 0 2 0 1150 0 0 1936 8848 0 0 21 0 1058 0 3 0 5716 0 41 32962 6 4968 2 0 5 53 19 1935 
2 0 0 0 144 1 0 0 0 285 3 86 8 6093 0 50 0 0 0 0 0 0 56544 0 1549 3502 0 36 70 1661 271 0 1 1 0 17222 0 0 0 455 
253 79 0 144 0 0 0 20666 50280 51 54 0 0 12 0 1463 0 4 40848 0 30104 3 5895 3370 8388 12110 0 23708 0 0 0 27857 1056 0 920 0 57866 0 0 0 
4519 2 0 1 0 0 88188 0 0 0 1 0 11 0 2952 0 0 1 0 1 717 0 0 0 22 124 16658 0 0 0 63049 0 0 1996 29421 5 0 929 0 0 
789 0 48 0 0 88188 0 15290 0 824 0 5 0 0 3 17 1 7 7358 0 31 0 0 0 23 4 0 2 348 0 0 2 0 6 0 0 0 0 8 0 
155 0 0 0 20666 0 15290 0 0 0 8427 0 0 0 0 7475 0 3 0 8020 1 0 0 0 0 0 0 0 0 2 32 439 21 0 443 35 306 0 14 0 
0 0 0 0 50280 0 0 0 0 3248 0 0 0 0 2 0 0 1661 0 1 7814 235 301 0 118 554 0 0 1423 72 39 0 82694 15 14 0 11586 0 1224 1 
0 4 0 285 51 0 824 0 3248 0 0 0 0 0 479 918 4 253 2321 1 0 13156 0 16 16 0 1 0 0 0 0 3 8 0 0 28152 11 2368 0 37 
0 0 178 3 54 1 0 8427 0 0 0 0 0 1 657 3562 6 312 5 4141 135 80849 30 0 0 1419 0 4755 318 134 13 45 0 1 142 0 441 0 34604 17 
0 34938 0 86 0 0 5 0 0 0 0 0 64366 315 10 57 0 0 1551 0 0 62364 439 13 1132 42 0 0 0 16008 149 1701 0 81 2 1054 6330 0 0 15 
59 4898 0 8 0 11 0 0 0 0 0 64366 0 74 0 21 0 60 161 0 0 0 0 0 6 36570 97733 6 3 0 742 853 5334 6280 0 0 5011 0 0 0 
6 76553 2 6093 12 0 0 0 0 0 1 315 74 0 72 0 0 0 10 20467 0 0 0 0 0 34330 1055 0 5171 12609 0 10662 3743 0 0 457 22 2775 0 199 
0 0 0 0 0 2952 3 0 2 479 657 10 0 72 0 39627 32 47226 55039 0 291 1015 0 0 0 0 0 0 1 0 3231 26147 0 0 0 0 0 0 138 0 
0 177 1150 50 1463 0 17 7475 0 918 3562 57 21 0 39627 0 0 0 528 14935 0 0 0 0 0 0 47076 0 26537 0 0 20292 0 0 823 0 5 0 0 0 
2 731 0 0 0 0 1 0 0 4 6 0 0 0 32 0 0 1177 0 2878 235 298 0 0 72 0 8 0 10 0 1682 0 95338 0 0 1897 990 0 0 1654 
1 0 0 0 4 1 7 3 1661 253 312 0 60 0 47226 0 1177 0 90956 11 537 359 17949 0 20 0 0 2 0 0 24288 0 20156 0 0 1 0 207 0 144 
4720 0 1936 0 40848 0 7358 0 0 2321 5 1551 161 10 55039 528 0 90956 0 0 0 1148 0 13792 3776 0 0 57168 0 447 0 6 0 33002 38906 677 194 3128 0 0 
0 0 8848 0 0 1 0 8020 1 1 4141 0 0 20467 0 14935 2878 11 0 0 0 0 0 78640 7581 19230 0 0 43 0 2075 2 4 0 0 0 1021 0 29 0 
0 46707 0 0 30104 717 31 1 7814 0 135 0 0 0 291 0 235 537 0 0 0 0 1 0 9382 81 240 297 1576 0 0 1007 0 5626 0 0 4 10 0 0 
0 0 0 0 3 0 0 0 235 13156 80849 62364 0 0 1015 0 298 359 1148 0 0 0 4606 224 0 0 0 37737 290 0 0 0 0 0 0 0 0 0 71 0 
33 0 21 56544 5895 0 0 0 301 0 30 439 0 0 0 0 0 17949 0 0 1 4606 0 0 225 0 0 0 287 0 57798 3 0 0 3796 0 199 588 0 8 
27 149 0 0 3370 0 0 0 0 16 0 13 0 0 0 0 0 0 13792 78640 0 224 0 0 0 2 31 16769 64 607 0 0 6479 250 0 0 8936 0 0 62785 
23 0 1058 1549 8388 22 23 0 118 16 0 1132 6 0 0 0 72 20 3776 7581 9382 0 225 0 0 33961 0 0 1031 8 811 373 144 21 0 0 58182 0 97343 5278 
35 0 0 3502 12110 124 4 0 554 0 1419 42 36570 34330 0 0 0 0 0 19230 81 0 0 2 33961 0 0 15 0 0 327 0 0 0 0 0 0 0 434 0 
0 0 3 0 0 16658 0 0 0 1 0 0 97733 1055 0 47076 8 0 0 0 240 0 0 31 0 0 0 0 6146 0 10 0 0 0 0 0 0 422 0 0 
0 1168 0 36 23708 0 2 0 0 0 4755 0 6 0 0 0 0 2 57168 0 297 37737 0 16769 0 15 0 0 794 0 0 0 0 0 0 664 0 7759 0 3 
4539 20 5716 70 0 0 348 0 1423 0 318 0 3 5171 1 26537 10 0 0 43 1576 290 287 64 1031 0 6146 794 0 3930 0 0 1 0 2 29399 28613 0 417 0 
0 37 0 1661 0 0 0 2 72 0 134 16008 0 12609 0 0 0 0 447 0 0 0 0 607 8 0 0 0 3930 0 7826 80 0 5 31 0 3 3164 11565 9973 
0 20 41 271 0 63049 0 32 39 0 13 149 742 0 3231 0 1682 24288 0 2075 0 0 57798 0 811 327 10 0 0 7826 0 0 6 0 68908 0 0 976 2529 0 
330 10 32962 0 27857 0 2 439 0 3 45 1701 853 10662 26147 20292 0 0 6 2 1007 0 3 0 373 0 0 0 0 80 0 0 0 3573 19502 14 0 2 0 24723 
0 0 6 1 1056 0 0 21 82694 8 0 0 5334 3743 0 0 95338 20156 0 4 0 0 0 6479 144 0 0 0 1 0 6 0 0 357 4051 2358 5 602 4 83113 
2 0 4968 1 0 1996 6 0 15 0 1 81 6280 0 0 0 0 0 33002 0 5626 0 0 250 21 0 0 0 0 5 0 3573 357 0 0 0 0 5231 0 33879 
0 0 2 0 920 29421 0 443 14 0 142 2 0 0 0 823 0 0 38906 0 0 0 3796 0 0 0 0 0 2 31 68908 19502 4051 0 0 0 8042 1255 1 0 
3 91 0 17222 0 5 0 35 0 28152 0 1054 0 457 0 0 1897 1 677 0 0 0 0 0 0 0 0 664 29399 0 0 14 2358 0 0 0 204 1617 5785 416 
0 0 5 0 57866 0 0 306 11586 11 441 6330 5011 22 0 5 990 0 194 1021 4 0 199 8936 58182 0 0 0 28613 3 0 0 5 0 8042 204 0 0 0 0 
0 78419 53 0 0 929 0 0 0 2368 0 0 0 2775 0 0 0 207 3128 0 10 0 588 0 0 0 422 7759 0 3164 976 2 602 5231 1255 1617 0 0 0 893 
0 1243 19 0 0 0 8 14 1224 0 34604 0 0 0 138 0 0 0 0 29 0 71 0 0 97343 434 0 0 417 11565 2529 0 4 0 1 5785 0 0 0 10 
0 19 1935 455 0 0 0 0 1 37 17 15 0 199 0 0 1654 144 0 0 0 0 8 62785 5278 0 0 3 0 9973 0 24723 83113 33879 0 416 0 893 10 0 
0 0 0 0 0 0 0 0 1680 311 1140 1435 0 0 90 23 16 0 0 95571 840 5472 0 0 0 0 500 10953 0 0 1 0 3810 1 2 3 17741 559 18 0 
0 0 0 0 0 0 5393 3191 64600 0 4 0 0 0 0 0 0 2149 1 58870 0 3 2 0 30 2381 59 0 0 0 0 0 6606 57568 52517 0 1013 0 0 0 
0 0 0 1 735 62 0 1 15812 3339 0 229 20 0 4237 0 2658 13550 0 0 85 1559 0 104 0 149 0 1160 0 69068 0 0 0 0 0 200 0 0 0 0 
0 0 1 0 0 0 6 10900 524 0 0 3 6 0 223 0 13816 5 44 192 2 2 0 2594 0 0 686 0 0 0 0 16 11 0 77 0 84 3 3351 0 
0 0 735 0 0 39216 2935 0 0 0 0 23 470 0 0 0 8 0 0 877 0 0 0 0 0 0 9548 0 76 4 571 0 0 25 0 1486 0 20293 7223 4 
0 0 62 0 39216 0 0 13651 5 4695 0 20 0 10 0 115 0 2 29 0 0 1956 155 8487 0 0 0 0 483 15 0 44 490 0 0 0 97573 0 83620 135 
0 5393 0 6 2935 0 0 0 348 0 1722 0 1138 3 1 0 0 0 0 495 0 29 922 6 23 2 1193 5 0 436 2704 1 1 0 152 1 139 1658 4 68354 
0 3191 1 10900 0 13651 0 0 29031 1 0 443 2 46 1147 0 7651 0 53504 0 0 8004 317 8498 4 24 215 0 610 6 0 0 0 2234 0 0 0 352 1 16 
1680 64600 15812 524 0 5 348 29031 0 0 12445 78 0 88712 0 29 259 0 3 12 0 0 0 8634 0 0 27 35955 0 0 0 987 0 0 0 5288 0 36887 0 11 
311 0 3339 0 0 4695 0 1 0 0 66 812 0 4463 0 0 0 0 0 0 9087 0 29 0 0 6 0 1537 3 0 6 0 1 1333 5 0 0 0 31854 0 
1140 4 0 0 0 0 1722 0 12445 66 0 52129 150 1 0 0 0 0 4 0 0 0 0 131 7813 0 5952 0 0 0 0 1 1 42 0 3 0 242 0 0 
1435 0 229 3 23 20 0 443 78 812 52129 0 0 0 0 0 2039 149 0 53005 4691 0 0 0 0 0 1029 11 252 0 0 0 160 0 6 0 0 31 12703 2 
0 0 20 6 470 0 1138 2 0 0 150 0 0 0 632 0 1459 0 0 0 13955 34 23410 45266 0 0 0 2 6 594 0 0 0 0 121 56083 0 0 24 10203 
0 0 0 0 0 10 3 46 88712 4463 1 0 0 0 0 26 26606 8137 0 0 37798 3 70 3 1172 0 0 6997 0 0 156 0 0 27691 55592 0 0 0 2 0 
90 0 4237 223 0 0 1 1147 0 0 0 0 632 0 0 0 0 0 0 37626 0 0 443 10727 20 33 51890 36416 0 15804 0 0 123 15479 19 95 13 9 0 9191 
23 0 0 0 0 115 0 0 29 0 0 0 0 26 0 0 1468 3 0 0 1 434 364 34 899 53 0 2453 0 78457 3079 0 2150 393 0 164 0 14645 68176 17 
16 0 2658 13816 8 0 0 7651 259 0 0 2039 1459 26606 0 1468 0 0 1 0 0 0 2578 27073 0 7355 0 2214 0 2638 0 219 0 16075 796 0 0 24989 1 0 
0 2149 13550 5 0 2 0 0 0 0 0 149 0 8137 0 3 0 0 0 2 0 0 0 2 0 40889 0 0 266 13 0 549 0 1055 0 1 246 0 21534 0 
0 1 0 44 0 29 0 53504 3 0 4 0 0 0 0 0 1 0 0 136 3144 0 56047 0 0 3835 54 0 12824 0 12 0 205 0 0 0 0 0 4935 148 
95571 58870 0 192 877 0 495 0 12 0 0 53005 0 0 37626 0 0 2 136 0 2450 131 1832 0 0 0 2671 171 0 2284 0 0 0 1174 43 143 0 84303 0 1 
840 0 85 2 0 0 0 0 0 9087 0 4691 13955 37798 0 1 0 0 3144 2450 0 24832 0 5038 0 0 0 0 0 79268 15 0 10210 0 28169 31204 5 0 20 19 
5472 3 1559 2 0 1956 29 8004 0 0 0 0 34 3 0 434 0 0 0 131 24832 0 0 0 438 3081 22258 0 0 36701 648 11 4441 27270 3538 193 69167 16227 0 507 
0 2 0 0 0 155 922 317 0 29 0 0 23410 70 443 364 2578 0 56047 1832 0 0 0 46 0 24 860 101 0 466 0 0 2083 103 0 63 0 0 2119 0 
0 0 104 2594 0 8487 6 8498 8634 0 131 0 45266 3 10727 34 27073 2 0 0 5038 0 46 0 107 0 0 0 0 0 0 12 0 0 10878 48 0 4748 0 0 
0 30 0 0 0 0 23 4 0 0 7813 0 0 1172 20 899 0 0 0 0 0 438 0 107 0 0 7381 1763 0 0 0 0 0 0 1482 483 0 1520 0 0 
0 2381 149 0 0 0 2 24 0 6 0 0 0 0 33 53 7355 40889 3835 0 0 3081 24 0 0 0 7038 0 848 0 0 4343 161 35 69387 305 2203 80160 0 0 
500 59 0 686 9548 0 1193 215 27 0 5952 1029 0 0 51890 0 0 0 54 2671 0 22258 860 0 7381 7038 0 992 0 2693 3 130 8 5 60187 203 1 0 71 1498 
10953 0 1160 0 0 0 5 0 35955 1537 0 11 2 6997 36416 2453 2214 0 0 171 0 0 101 0 1763 0 992 0 0 33 4836 1 1174 49369 28 0 1 0 0 0 
0 0 0 0 76 483 0 610 0 3 0 252 6 0 0 0 0 266 12824 0 0 0 0 0 0 848 0 0 0 0 63 0 0 68 5 0 0 9 0 2177 
0 0 69068 0 4 15 436 6 0 0 0 0 594 0 15804 78457 2638 13 0 2284 79268 36701 466 0 0 0 2693 33 0 0 0 0 1 0 0 44287 0 0 0 0 
1 0 0 0 571 0 2704 0 0 6 0 0 0 156 0 3079 0 0 12 0 15 648 0 0 0 0 3 4836 63 0 0 9 0 36 0 26 230 0 0 14046 
0 0 0 16 0 44 1 0 987 0 1 0 0 0 0 0 219 549 0 0 0 11 0 12 0 4343 130 1 0 0 9 0 14 0 0 0 49 1 1225 0 
3810 6606 0 11 0 490 1 0 0 1 1 160 0 0 123 2150 0 0 205 0 10210 4441 2083 0 0 161 8 1174 0 1 0 14 0 0 0 0 0 0 1 0 
1 57568 0 0 25 0 0 2234 0 1333 42 0 0 27691 15479 393 16075 1055 0 1174 0 27270 103 0 0 35 5 49369 68 0 36 0 0 0 192 2 299 0 3 0 
2 52517 0 77 0 0 152 0 0 5 0 6 121 55592 19 0 796 0 0 43 28169 3538 0 10878 1482 69387 60187 28 5 0 0 0 0 192 0 31197 0 0 0 1129 
3 0 200 0 1486 0 1 0 5288 0 3 0 56083 0 95 164 0 1 0 143 31204 193 63 48 483 305 203 0 0 44287 26 0 0 2 31197 0 0 0 0 0 
17741 1013 0 84 0 97573 139 0 0 0 0 0 0 0 13 0 0 246 0 0 5 69167 0 0 0 2203 1 1 0 0 230 49 0 299 0 0 0 4261 916 166 
559 0 0 3 20293 0 1658 352 36887 0 242 31 0 0 9 14645 24989 0 0 84303 0 16227 0 4748 1520 80160 0 0 9 0 0 1 0 0 0 0 4261 0 1818 0 
18 0 0 3351 7223 83620 4 1 0 31854 0 12703 24 2 0 68176 1 21534 4935 0 20 0 2119 0 0 0 71 0 0 0 0 1225 1 3 0 0 916 1818 0 0 
0 0 0 0 4 135 68354 16 11 0 0 2 10203 0 9191 17 0 0 148 1 19 507 0 0 0 0 1498 0 2177 0 14046 0 0 0 1129 0 166 0 0 0 
0 0 0 0 0 0 0 0 1050 3205 34320 276 9 0 3 10 0 0 0 257 10212 55430 0 0 0 0 14097 1543 0 0 73 0 13878 0 73 2 2336 32931 86 7 
0 0 0 2668 0 5 4076 2722 3586 15 0 0 0 0 161 0 0 0 36 42615 0 40 991 0 47 7263 4 0 0 0 0 0 276 2987 261 0 137 0 0 0 
0 0 0 418 4 0 0 1 444 419 0 97695 0 1 215 0 2830 7977 0 0 1759 100 0 14 0 1573 0 912 0 4387 0 0 5 0 0 2337 0 0 0 0 
0 2668 418 0 0 0 0 86054 304 0 0 0 0 0 0 0 21868 87 0 4 0 2 0 46476 0 0 149 0 0 0 0 414 1 3 11 0 0 562 12699 0 
0 0 4 0 0 33066 744 0 0 0 0 0 1251 0 0 0 59 0 0 181 0 0 0 0 0 0 100 0 0 127 80 0 0 4 0 19 0 25014 2281 28 
0 5 0 0 33066 0 0 28017 21 980 0 0 0 36 0 26 24 3 107 0 0 547 9 9697 0 0 0 10 9 1033 0 24 1510 0 0 10 29189 0 521 570 
0 4076 0 0 744 0 0 0 2452 0 1288 23 732 0 4 0 0 0 0 1156 0 3 153 0 0 0 550 0 0 1083 2693 6 18 0 2 1742 69 12 0 73516 
0 2722 1 86054 0 28017 0 0 33981 0 0 83 2 0 86 0 3238 0 46462 0 0 3595 2 198 618 4221 0 0 318 0 0 0 0 4557 0 0 0 29 0 1395 
1050 3586 444 304 0 21 2452 33981 0 0 216 12136 0 3670 0 0 1 0 23 95 0 0 0 35651 0 0 15 1765 0 0 0 698 0 0 0 5217 0 19263 0 0 
3205 15 419 0 0 980 0 0 0 0 63 8 4 48363 0 0 0 0 0 5 9256 0 10145 1 0 32 0 2 21 0 83 0 0 20034 32 0 0 0 1576 0 
34320 0 0 0 0 0 1288 0 216 63 0 11030 3525 2 0 0 0 0 0 0 0 0 0 38 11124 0 74 0 0 0 0 0 1 0 0 7577 0 23 0 0 
276 0 97695 0 0 0 23 83 12136 8 11030 0 0 0 0 0 31604 0 0 3940 60 0 0 0 0 0 45893 2 389 0 0 0 1 0 0 1 0 0 70791 0 
9 0 0 0 1251 0 732 2 0 4 3525 0 0 0 3752 0 94 0 0 13 6029 36368 4789 1571 0 0 0 0 14 64 0 0 0 0 116 2442 0 3 1321 15425 
0 0 1 0 0 36 0 0 3670 48363 2 0 0 0 0 1604 18351 420 0 0 316 0 6 10 28 0 0 72965 0 0 1 0 0 9320 2532 0 2 0 84 0 
3 161 215 0 0 0 4 86 0 0 0 0 3752 0 0 0 0 0 0 25290 0 0 20162 69437 9321 589 35170 69724 57 3474 0 0 115 627 81 7881 47 3 0 57 
10 0 0 0 0 26 0 0 0 0 0 0 0 1604 0 0 26234 1 0 0 10 61546 463 72 175 571 0 53 0 10298 2357 0 363 952 0 1482 0 261 41344 1117 
0 0 2830 21868 59 24 0 3238 1 0 0 31604 94 18351 0 26234 0 0 0 0 0 0 13893 41859 0 12606 0 8565 0 17986 0 39 0 507 598 0 0 30767 0 0 
0 0 7977 87 0 3 0 0 0 0 0 0 0 420 0 1 0 0 0 0 0 0 0 1 0 4850 102 0 2 79 0 27 0 1123 0 1 139 0 7183 0 
0 36 0 0 0 107 0 46462 23 0 0 0 0 0 0 0 0 0 0 5712 6922 0 1374 0 0 6367 35 0 2525 0 33371 0 1020 0 0 0 4 0 1201 3 
257 42615 0 4 181 0 1156 0 95 5 0 3940 13 0 25290 0 0 0 5712 0 629 13 7619 0 0 0 56 29 0 6 0 0 0 1258 0 7981 0 8398 0 54 
10212 0 1759 0 0 0 0 0 0 9256 0 60 6029 316 0 10 0 0 6922 629 0 10440 3 1414 0 0 0 0 0 68524 11491 0 98 0 110 59150 0 0 1 24 
55430 40 100 2 0 547 3 3595 0 0 0 0 36368 0 0 61546 0 0 0 13 10440 0 0 0 2 6772 7972 0 0 16913 50 1475 25714 880 20 16 52 501 0 1036 
0 991 0 0 0 9 153 2 0 10145 0 0 4789 6 20162 463 13893 0 1374 7619 3 0 0 5 0 80 1 818 0 926 0 0 270 117 0 0 0 0 3130 2 
0 0 14 46476 0 9697 0 198 35651 1 38 0 1571 10 69437 72 41859 1 0 0 1414 0 5 0 26 0 0 0 0 0 130 40 0 0 5518 221 0 2 10 0 
0 47 0 0 0 0 0 618 0 0 11124 0 0 28 9321 175 0 0 0 0 0 2 0 26 0 0 160 3688 0 0 0 0 0 0 196 14172 0 1323 0 0 
0 7263 1573 0 0 0 0 4221 0 32 0 0 0 0 589 571 12606 4850 6367 0 0 6772 80 0 0 0 4569 0 209 6 0 8265 1 881 1649 444 338 55581 0 93 
14097 4 0 149 100 0 550 0 15 0 74 45893 0 0 35170 0 0 102 35 56 0 7972 1 0 160 4569 0 172 0 4 0 155 7 1 1180 2106 6 0 535 52012 
1543 0 912 0 0 10 0 0 1765 2 0 2 0 72965 69724 53 8565 0 0 29 0 0 818 0 3688 0 172 0 0 6 133 57 201 18503 36 0 1 0 8 0 
0 0 0 0 0 9 0 318 0 21 0 389 14 0 57 0 0 2 2525 0 0 0 0 0 0 209 0 0 0 0 0 42 0 0 2 0 0 8 0 15653 
0 0 4387 0 127 1033 1083 0 0 0 0 0 64 0 3474 10298 17986 79 0 6 68524 16913 926 0 0 6 4 6 0 0 0 0 4 0 3 22693 1 0 0 0 
73 0 0 0 80 0 2693 0 0 83 0 0 0 1 0 2357 0 0 33371 0 11491 50 0 130 0 0 0 133 0 0 0 2 48 10 0 16 237 0 0 13507 
0 0 0 414 0 24 6 0 698 0 0 0 0 0 0 0 39 27 0 0 0 1475 0 40 0 8265 155 57 42 0 2 0 0 0 0 0 336 9 701 0 
13878 276 5 1 0 1510 18 0 0 0 1 1 0 0 115 363 0 0 1020 0 98 25714 270 0 0 1 7 201 0 4 48 0 0 0 0 0 0 0 0 0 
0 2987 0 3 4 0 0 4557 0 20034 0 0 0 9320 627 952 507 1123 0 1258 0 880 117 0 0 881 1 18503 0 0 10 0 0 0 55068 83 958 0 20 0 
73 261 0 11 0 0 2 0 0 32 0 0 116 2532 81 0 598 0 0 0 110 20 0 5518 196 1649 1180 36 2 3 0 0 0 55068 0 7968 0 0 0 601 
2 0 2337 0 19 10 1742 0 5217 0 7577 1 2442 0 7881 1482 0 1 0 7981 59150 16 0 221 14172 444 2106 0 0 22693 16 0 0 83 7968 0 0 0 0 0 
2336 137 0 0 0 29189 69 0 0 0 0 0 0 2 47 0 0 139 4 0 0 52 0 0 0 338 6 1 0 1 237 336 0 958 0 0 0 131 15155 642 
32931 0 0 562 25014 0 12 29 19263 0 23 0 3 0 3 261 30767 0 0 8398 0 501 0 2 1323 55581 0 0 8 0 0 9 0 0 0 0 131 0 4559 0 
86 0 0 12699 2281 521 0 0 0 1576 0 70791 1321 84 0 41344 0 7183 1201 0 1 0 3130 10 0 0 535 8 0 0 0 701 0 20 0 0 15155 4559 0 1 
7 0 0 0 28 570 73516 1395 0 0 0 0 15425 0 57 1117 0 0 3 54 24 1036 2 0 0 93 52012 0 15653 0 13507 0 0 0 601 0 642 0 1 0 
0 0 0 0 0 0 0 0 17542 220 2100 31977 0 0 42 27 0 0 0 7 39131 54668 0 0 0 0 1259 2022 0 4 0 0 4095 0 285 0 2974 279 4 7 
0 0 0 0 0 9 88225 15284 4599 40 0 0 0 0 0 0 0 2 1 10242 0 140 22 0 8 30 86 0 0 0 0 0 75200 3470 576 0 9913 0 0 1 
0 0 0 7 387 73 0 11 8364 68 0 1465 4 0 13360 0 12113 3979 0 0 1567 1480 0 42 0 1270 0 12592 0 40 0 0 5 0 0 73 2 0 1 0 
0 0 7 0 0 0 0 16253 41048 0 1 0 0 0 533 0 1150 3 4 38 1 129 0 447 0 0 13 0 0 0 0 169 0 0 50 0 24 68 1138 0 
0 0 387 0 0 826 5571 0 0 0 0 21 16 0 1 0 11 0 0 0 0 0 0 0 0 0 221 0 39 1220 739 0 0 42 0 208 0 1376 1140 665 
0 9 73 0 826 0 0 15218 2 15030 1 376 0 1667 0 5 12 0 11 0 0 4103 1805 21731 0 0 0 30 2479 169 0 1979 13 0 0 0 3055 0 83036 20 
0 88225 0 0 5571 0 0 0 527 0 9584 0 16565 0 0 0 0 0 0 5 0 4 241 2 0 2 3 1 0 17 623 0 1960 0 37 192 54 739 0 504 
0 15284 11 16253 0 15218 0 0 19360 0 0 185 8 14 1346 0 17475 29 27678 0 0 9217 0 25611 107 73 5 77 662 2 0 0 0 13500 0 0 0 1799 0 118 
17542 4599 8364 41048 0 2 527 19360 0 0 5 14387 6 28621 207 20 16 0 2433 0 0 0 0 5175 0 0 24 29816 0 0 0 5616 0 0 0 107 0 58251 0 0 
220 40 68 0 0 15030 0 0 0 0 1 184 75 733 0 0 0 0 0 0 8279 0 10153 0 0 3 0 1833 361 0 12491 12 0 39799 0 0 38 0 61 0 
2100 0 0 1 0 1 9584 0 5 1 0 13211 13327 0 0 0 0 0 1 0 0 0 4 14 36409 0 405 0 0 0 1 0 4 47 0 510 0 10 0 0 
31977 0 1465 0 21 376 0 185 14387 184 13211 0 0 0 0 0 16427 0 0 7424 1519 0 0 3 0 0 66443 147 89358 0 0 0 17 0 0 0 0 55 38938 0 
0 0 4 0 16 0 16565 8 6 75 13327 0 0 0 1 0 13 1 0 13 4375 1365 14183 18515 0 0 0 45 0 51 0 0 0 0 1 149 0 3 2 40626 
0 0 0 0 0 1667 0 14 28621 733 0 0 0 0 0 129 2127 385 0 0 61358 50 579 83 6358 0 0 53 0 0 53906 0 0 312 8926 0 0 0 390 0 
42 0 13360 533 1 0 0 1346 207 0 0 0 1 0 0 0 0 0 0 7055 0 0 2309 9631 59 2300 1461 235 0 8686 0 0 22488 52270 9 80641 0 262 0 14026 
27 0 0 0 0 5 0 0 20 0 0 0 0 129 0 0 1308 757 0 0 1 10197 243 147 17 0 0 290 0 33910 11632 0 1 1419 0 1 3 5549 17239 34 
0 0 12113 1150 11 12 0 17475 16 0 0 16427 13 2127 0 1308 0 0 0 0 1 0 1395 9395 0 30042 0 385 0 64693 0 7 0 85803 36 0 0 13477 0 0 
0 2 3979 3 0 0 0 29 0 0 0 0 1 385 0 757 0 0 0 0 0 0 0 1356 0 54511 102 0 0 6 0 2402 0 3638 8 0 191 0 36031 0 
0 1 0 4 0 11 0 27678 2433 0 1 0 0 0 0 0 0 0 0 3839 6 0 525 0 0 2843 1 0 6 0 462 0 944 0 0 0 0 0 104 69 
7 10242 0 38 0 0 5 0 0 0 0 7424 13 0 7055 0 0 0 3839 0 2176 654 1933 0 0 0 530 89 1 1321 0 0 0 979 3 4094 0 93545 0 0 
39131 0 1567 1 0 0 0 0 0 8279 0 1519 4375 61358 0 1 1 0 6 2176 0 25547 7 3836 0 0 0 0 0 62178 15254 0 18 0 5180 36655 0 10 41 2 
54668 140 1480 129 0 4103 4 9217 0 0 0 0 1365 50 0 10197 0 0 0 654 25547 0 0 0 24153 1992 23448 0 0 2932 104 2 40092 389 3 13 9010 23424 0 2438 
0 22 0 0 0 1805 241 0 0 10153 4 0 14183 579 2309 243 1395 0 525 1933 7 0 0 38 0 5410 20 158 0 4 0 0 2917 101 0 0 0 0 9 15 
0 0 42 447 0 21731 2 25611 5175 0 14 3 18515 83 9631 147 9395 1356 0 0 3836 0 38 0 39 0 1 0 0 0 11 173 0 0 3214 1330 0 102 0 0 
0 8 0 0 0 0 0 107 0 0 36409 0 0 6358 59 17 0 0 0 0 0 24153 0 39 0 0 104 1536 0 1 0 0 0 0 1906 71196 0 289 0 0 
0 30 1270 0 0 0 2 73 0 3 0 0 0 0 2300 0 30042 54511 2843 0 0 1992 5410 0 0 0 31675 1 24 0 0 313 119 116 6253 2580 6488 1386 0 2 
1259 86 0 13 221 0 3 5 24 0 405 66443 0 0 1461 0 0 102 1 530 0 23448 20 1 104 31675 0 5896 0 848 0 37698 5 27 20625 1630 0 0 348 10314 
2022 0 12592 0 0 30 1 77 29816 1833 0 147 45 53 235 290 385 0 0 89 0 0 158 0 1536 1 5896 0 0 32 7 3 10 20 80 0 1 0 24 0 
0 0 0 0 39 2479 0 662 0 361 0 89358 0 0 0 0 0 0 6 1 0 0 0 0 0 24 0 0 0 0 3 113 0 30 0 0 0 16 0 78123 
4 0 40 0 1220 169 17 2 0 0 0 0 51 0 8686 33910 64693 6 0 1321 62178 2932 4 0 1 0 848 32 0 0 0 0 0 0 0 3100 0 0 0 0 
0 0 0 0 739 0 623 0 0 12491 1 0 0 53906 0 11632 0 0 462 0 15254 104 0 11 0 0 0 7 3 0 0 1 3 65 0 313 748 0 0 62506 
0 0 0 169 0 1979 0 0 5616 12 0 0 0 0 0 0 7 2402 0 0 0 2 0 173 0 313 37698 3 113 0 1 0 48 0 0 7 767 6 2783 0 
4095 75200 5 0 0 13 1960 0 0 0 4 17 0 0 22488 1 0 0 944 0 18 40092 2917 0 0 119 5 10 0 0 3 48 0 0 0 0 0 0 0 0 
0 3470 0 0 42 0 0 13500 0 39799 47 0 0 312 52270 1419 85803 3638 0 979 0 389 101 0 0 116 27 20 30 0 65 0 0 0 70210 0 1490 0 1 0 
285 576 0 50 0 0 37 0 0 0 0 0 1 8926 9 0 36 8 0 3 5180 3 0 3214 1906 6253 20625 80 0 0 0 0 0 70210 0 78078 0 0 1 2823 
0 0 73 0 208 0 192 0 107 0 510 0 149 0 80641 1 0 0 0 4094 36655 13 0 1330 71196 2580 1630 0 0 3100 313 7 0 0 78078 0 0 0 0 0 
2974 9913 2 24 0 3055 54 0 0 38 0 0 0 0 0 3 0 191 0 0 0 9010 0 0 0 6488 0 1 0 0 748 767 0 1490 0 0 0 13517 15730 80 
279 0 0 68 1376 0 739 1799 58251 0 10 55 3 0 262 5549 13477 0 0 93545 10 23424 0 102 289 1386 0 0 16 0 0 6 0 0 0 0 13517 0 2043 0 
4 0 1 1138 1140 83036 0 0 0 61 0 38938 2 390 0 17239 0 36031 104 0 41 0 9 0 0 0 348 24 0 0 0 2783 0 1 1 0 15730 2043 0 0 
7 1 0 0 665 20 504 118 0 0 0 0 40626 0 14026 34 0 0 69 0 2 2438 15 0 0 2 10314 0 78123 0 62506 0 0 0 2823 0 80 0 0 0 
