15 3
0 46 118 40 96 98 46 64 2 33 36 47 55 9 108 
46 0 88 10 53 127 3 66 48 60 37 19 78 48 107 
118 88 0 85 53 137 85 71 120 144 83 106 102 125 70 
40 10 85 0 56 117 8 56 42 59 26 26 68 43 98 
96 53 53 56 0 154 51 82 98 112 71 66 108 100 106 
98 127 137 117 154 0 125 72 99 127 90 138 49 106 75 
46 3 85 8 51 125 0 63 48 61 34 22 76 49 104 
64 66 71 56 82 72 63 0 66 97 32 83 30 73 44 
2 48 120 42 98 99 48 66 0 32 38 48 56 7 110 
33 60 144 59 112 127 61 97 32 0 67 48 88 24 142 
36 37 83 26 71 90 34 32 38 67 0 51 41 44 77 
47 19 106 26 66 138 22 83 48 48 51 0 90 45 125 
55 78 102 68 108 49 76 30 56 88 41 90 0 63 62 
9 48 125 43 100 106 49 73 7 24 44 45 63 0 117 
108 107 70 98 106 75 104 44 110 142 77 125 62 117 0 
0 8 0 1 0 0 0 0 0 0 4 1 0 39 9738 
8 0 0 0 23068 1509 6874 0 0 0 5650 0 60 80 238 
0 0 0 0 0 0 137 47 6 39 14 0 0 516 0 
1 0 0 0 0 0 0 0 14534 0 127 32443 1162 0 0 
0 23068 0 0 0 257 0 11 902 19 85258 0 24 0 0 
0 1509 0 0 257 0 2 0 0 0 228 0 122 0 0 
0 6874 137 0 0 2 0 55 0 235 0 1240 0 275 1 
0 0 47 0 11 0 55 0 0 4 1390 190 8 1630 0 
0 0 6 14534 902 0 0 0 0 0 8511 7692 0 1 8 
0 0 39 0 19 0 235 4 0 0 4 0 36062 0 0 
4 5650 14 127 85258 228 0 1390 8511 4 0 32 0 718 0 
1 0 0 32443 0 0 1240 190 7692 0 32 0 0 74 0 
0 60 0 1162 24 122 0 8 0 36062 0 0 0 18486 15569 
39 80 516 0 0 0 275 1630 1 0 718 74 18486 0 195 
9738 238 0 0 0 0 1 0 8 0 0 0 15569 195 0 
0 0 86020 0 87598 9 13 1 12110 12 0 0 47333 0 0 
0 0 4648 53 0 0 0 285 749 8970 0 11461 0 0 0 
86020 4648 0 5702 22 8496 0 0 0 0 0 7021 641 0 30552 
0 53 5702 0 1756 52335 16 40 0 13 0 0 0 5284 531 
87598 0 22 1756 0 0 1 0 0 0 0 2 0 444 4891 
9 0 8496 52335 0 0 0 100 49 3 0 3893 0 11602 17789 
13 0 0 16 1 0 0 0 1285 0 5 0 21 0 0 
1 285 0 40 0 100 0 0 1 0 0 0 0 0 1 
12110 749 0 0 0 49 1285 1 0 75 0 0 235 0 0 
12 8970 0 13 0 3 0 0 75 0 0 3 0 266 1029 
0 0 0 0 0 0 5 0 0 0 0 0 1 0 11 
0 11461 7021 0 2 3893 0 0 0 3 0 0 46 0 4101 
47333 0 641 0 0 0 21 0 235 0 1 46 0 0 0 
0 0 0 5284 444 11602 0 0 0 266 0 0 0 0 0 
0 0 30552 531 4891 17789 0 1 0 1029 11 4101 0 0 0 
0 0 30303 0 2 1193 62930 7 140 11 0 0 233 0 0 
0 0 412 14652 0 0 0 969 2119 2 0 48 0 0 0 
30303 412 0 1 1 666 0 0 0 0 0 1119 2 0 75003 
0 14652 1 0 12 40729 89279 40336 0 5013 0 0 0 1 21 
2 0 1 12 0 0 2 0 0 0 0 1 0 88171 245 
1193 0 666 40729 0 0 0 7 374 4365 0 2 0 37 29 
62930 0 0 89279 2 0 0 0 10897 0 1848 0 5804 0 0 
7 969 0 40336 0 7 0 0 912 0 0 0 0 0 3 
140 2119 0 0 0 374 10897 912 0 1402 0 0 3 0 0 
11 2 0 5013 0 4365 0 0 1402 0 0 44 0 147 4 
0 0 0 0 0 0 1848 0 0 0 0 0 13842 0 75322 
0 48 1119 0 1 2 0 0 0 44 0 0 71475 0 76 
233 0 2 0 0 0 5804 0 3 0 13842 71475 0 0 0 
0 0 0 1 88171 37 0 0 0 147 0 0 0 0 0 
0 0 75003 21 245 29 0 3 0 4 75322 76 0 0 0 
