5 3
0 59 64 103 62 
59 0 70 49 40 
64 70 0 118 33 
103 49 118 0 85 
62 40 33 85 0 
0 0 7 0 0 
0 0 0 0 0 
7 0 0 0 0 
0 0 0 0 2428 
0 0 0 2428 0 
0 648 0 10832 21 
648 0 113 1481 90024 
0 113 0 31826 1403 
10832 1481 31826 0 0 
21 90024 1403 0 0 
0 79 0 875 3 
79 0 5806 25673 3882 
0 5806 0 1588 8549 
875 25673 1588 0 0 
3 3882 8549 0 0 
