5 3
0 123 17 72 89 
123 0 116 51 121 
17 116 0 64 101 
72 51 64 0 97 
89 121 101 97 0 
0 17390 22207 0 4271 
17390 0 0 0 536 
22207 0 0 0 5 
0 0 0 0 33338 
4271 536 5 33338 0 
0 0 0 30123 0 
0 0 3979 13 0 
0 3979 0 4288 0 
30123 13 4288 0 0 
0 0 0 0 0 
0 0 0 28 0 
0 0 4 15742 0 
0 4 0 15873 0 
28 15742 15873 0 0 
0 0 0 0 0 
