50 3
0 46 118 40 96 98 46 64 2 33 36 47 55 9 108 78 35 54 61 95 45 105 61 79 70 72 108 28 39 45 38 87 44 18 35 31 32 15 62 109 41 45 37 61 89 27 39 29 62 61 
46 0 88 10 53 127 3 66 48 60 37 19 78 48 107 43 36 50 104 90 43 84 63 35 92 25 124 21 29 63 42 51 30 53 36 49 49 33 99 116 43 28 60 98 101 30 35 74 67 104 
118 88 0 85 53 137 85 71 120 144 83 106 102 125 70 117 84 138 148 59 75 25 72 92 105 80 111 92 78 92 82 118 118 110 84 135 94 113 133 90 80 73 99 135 92 90 79 133 76 148 
40 10 85 0 56 117 8 56 42 59 26 26 68 43 98 54 26 55 95 82 33 79 53 44 82 34 114 12 19 52 32 61 35 44 26 50 39 29 89 107 32 19 50 89 91 20 25 66 58 95 
96 53 53 56 0 154 51 82 98 112 71 66 108 100 106 67 71 96 146 90 69 65 81 42 118 33 138 68 62 93 74 66 78 97 71 102 86 85 136 122 73 57 95 137 116 72 68 121 86 146 
98 127 137 117 154 0 125 72 99 127 90 138 49 106 75 170 91 153 52 79 87 112 73 161 36 148 37 107 99 64 85 178 140 81 91 129 77 111 38 58 86 103 67 41 45 97 92 77 68 52 
46 3 85 8 51 125 0 63 48 61 34 22 76 49 104 46 34 53 103 87 40 81 60 36 90 26 122 20 27 60 40 53 33 52 34 51 48 34 98 113 40 25 58 97 99 28 33 73 65 103 
64 66 71 56 82 72 63 0 66 97 32 83 30 73 44 110 33 107 76 31 23 50 3 95 36 81 59 52 37 22 27 116 89 48 33 92 32 67 61 50 26 38 31 63 36 44 32 68 4 76 
2 48 120 42 98 99 48 66 0 32 38 48 56 7 110 78 37 54 61 97 47 107 63 81 71 74 110 30 42 47 41 88 44 19 37 30 34 16 62 110 43 47 38 61 91 29 41 28 64 61 
33 60 144 59 112 127 61 97 32 0 67 48 88 24 142 71 66 34 83 128 77 134 94 83 103 82 141 52 68 79 71 81 38 51 66 10 65 31 89 143 73 72 71 87 123 56 69 50 95 83 
36 37 83 26 71 90 34 32 38 67 0 51 41 44 77 80 1 75 74 61 10 68 29 70 55 58 88 20 9 26 5 88 57 27 1 61 15 36 66 82 6 14 25 66 65 11 3 52 32 74 
47 19 106 26 66 138 22 83 48 48 51 0 90 45 125 31 50 31 108 109 59 103 80 35 105 34 140 31 46 76 57 41 12 59 50 37 61 32 107 133 58 46 71 106 117 41 51 76 84 108 
55 78 102 68 108 49 76 30 56 88 41 90 0 63 62 121 41 107 46 54 39 80 29 112 15 99 53 58 50 15 36 129 93 36 41 86 28 65 31 57 36 54 19 33 36 48 43 46 26 46 
9 48 125 43 100 106 49 73 7 24 44 45 63 0 117 75 43 47 66 104 53 112 70 79 79 73 117 33 47 54 47 85 40 27 43 23 41 14 69 118 49 51 46 67 98 34 46 32 71 66 
108 107 70 98 106 75 104 44 110 142 77 125 62 117 0 149 78 152 105 17 67 45 48 131 55 116 42 96 80 64 72 155 133 92 78 137 76 112 87 20 70 79 73 90 31 88 76 107 46 105 
78 43 117 54 67 170 46 110 78 71 80 31 121 75 149 0 80 40 140 132 87 120 107 25 135 36 168 62 73 106 86 10 35 91 80 61 92 63 138 160 86 72 102 137 145 72 79 107 111 140 
35 36 84 26 71 91 34 33 37 66 1 50 41 43 78 80 0 74 74 62 11 69 30 70 55 58 89 19 9 26 6 87 56 27 0 60 15 35 66 83 7 14 25 66 66 10 4 51 33 74 
54 50 138 55 96 153 53 107 54 34 75 31 107 47 152 40 74 0 113 136 84 134 104 59 123 63 160 55 72 95 80 50 20 72 74 26 80 42 117 157 81 73 89 115 139 63 75 80 107 113 
61 104 148 95 146 52 103 76 61 83 74 108 46 66 105 140 74 113 0 100 77 126 75 139 50 129 81 83 83 56 71 149 106 51 74 87 59 76 18 94 73 88 51 15 74 75 77 33 72 0 
95 90 59 82 90 79 87 31 97 128 61 109 54 104 17 132 62 136 100 0 52 34 34 114 51 99 52 81 64 52 57 138 117 79 62 123 63 98 83 32 55 63 61 85 33 73 60 97 33 100 
45 43 75 33 69 87 40 23 47 77 10 59 39 53 67 87 11 84 77 52 0 59 20 74 51 61 81 29 13 24 7 94 66 35 11 71 19 46 67 74 5 15 26 67 58 21 8 58 24 77 
105 84 25 79 65 112 81 50 107 134 68 103 80 112 45 120 69 134 126 34 59 0 51 98 81 84 86 82 66 72 66 123 114 93 69 127 77 102 111 65 64 62 80 113 67 78 66 116 54 126 
61 63 72 53 81 73 60 3 63 94 29 80 29 70 48 107 30 104 75 34 20 51 0 93 37 79 61 49 34 20 24 114 86 45 30 89 29 64 61 53 22 35 29 62 38 40 29 65 5 75 
79 35 92 44 42 161 36 95 81 83 70 35 112 79 131 25 70 59 139 114 74 98 93 0 125 14 155 56 62 96 75 25 45 88 70 72 84 65 134 143 75 59 95 134 132 65 68 108 98 139 
70 92 105 82 118 36 90 36 71 103 55 105 15 79 55 135 55 123 50 51 51 81 37 125 0 112 38 73 63 29 50 143 108 52 55 102 44 80 32 45 50 67 34 35 24 63 57 58 32 50 
72 25 80 34 33 148 26 81 74 82 58 34 99 73 116 36 58 63 129 99 61 84 79 14 112 0 140 46 49 83 63 39 45 78 58 71 72 59 123 129 62 45 83 123 117 54 55 100 84 129 
108 124 111 114 138 37 122 59 110 141 88 140 53 117 42 168 89 160 81 52 81 86 61 155 38 140 0 108 95 65 82 175 144 90 89 140 80 118 64 22 82 97 71 67 23 98 89 96 57 81 
28 21 92 12 68 107 20 52 30 52 20 31 58 33 96 62 19 55 83 81 29 82 49 56 73 46 108 0 17 44 25 70 37 32 19 44 30 20 78 102 26 20 40 77 86 10 20 54 53 83 
39 29 78 19 62 99 27 37 42 68 9 46 50 47 80 73 9 72 83 64 13 66 34 62 63 49 95 17 0 34 13 81 53 34 9 61 24 36 75 87 13 5 34 75 72 12 6 59 38 83 
45 63 92 52 93 64 60 22 47 79 26 76 15 54 64 106 26 95 56 52 24 72 20 96 29 83 65 44 34 0 20 114 79 28 26 76 15 53 43 63 21 38 9 44 44 34 28 45 19 56 
38 42 82 32 74 85 40 27 41 71 5 57 36 47 72 86 6 80 71 57 7 66 24 75 50 63 82 25 13 20 0 94 62 27 6 65 12 40 62 77 2 18 21 62 60 16 7 51 27 71 
87 51 118 61 66 178 53 116 88 81 88 41 129 85 155 10 87 50 149 138 94 123 114 25 143 39 175 70 81 114 94 0 45 100 87 71 100 72 148 166 94 78 110 147 152 80 87 116 118 149 
44 30 118 35 78 140 33 89 44 38 57 12 93 40 133 35 56 20 106 117 66 114 86 45 108 45 144 37 53 79 62 45 0 59 56 27 65 29 106 139 64 54 74 105 123 46 57 73 90 106 
18 53 110 44 97 81 52 48 19 51 27 59 36 27 92 91 27 72 51 79 35 93 45 88 52 78 90 32 34 28 27 100 59 0 27 50 17 30 47 91 30 40 19 46 71 25 31 24 46 51 
35 36 84 26 71 91 34 33 37 66 1 50 41 43 78 80 0 74 74 62 11 69 30 70 55 58 89 19 9 26 6 87 56 27 0 60 15 35 66 83 7 14 25 66 66 10 4 51 33 74 
31 49 135 50 102 129 51 92 30 10 61 37 86 23 137 61 60 26 87 123 71 127 89 72 102 71 140 44 61 76 65 71 27 50 60 0 62 25 92 140 67 64 68 90 120 50 63 54 91 87 
32 49 94 39 86 77 48 32 34 65 15 61 28 41 76 92 15 80 59 63 19 77 29 84 44 72 80 30 24 15 12 100 65 17 15 62 0 38 51 77 14 29 10 51 59 20 18 39 30 59 
15 33 113 29 85 111 34 67 16 31 36 32 65 14 112 63 35 42 76 98 46 102 64 65 80 59 118 20 36 53 40 72 29 30 35 25 38 0 76 116 42 40 46 75 97 25 38 44 67 76 
62 99 133 89 136 38 98 61 62 89 66 107 31 69 87 138 66 117 18 83 67 111 61 134 32 123 64 78 75 43 62 148 106 47 66 92 51 76 0 76 63 80 41 3 56 69 69 39 57 18 
109 116 90 107 122 58 113 50 110 143 82 133 57 118 20 160 83 157 94 32 74 65 53 143 45 129 22 102 87 63 77 166 139 91 83 140 77 116 76 0 75 88 72 79 21 93 82 103 49 94 
41 43 80 32 73 86 40 26 43 73 6 58 36 49 70 86 7 81 73 55 5 64 22 75 50 62 82 26 13 21 2 94 64 30 7 67 14 42 63 75 0 17 22 63 59 18 7 53 26 73 
45 28 73 19 57 103 25 38 47 72 14 46 54 51 79 72 14 73 88 63 15 62 35 59 67 45 97 20 5 38 18 78 54 40 14 64 29 40 80 88 17 0 39 80 73 17 11 65 39 88 
37 60 99 50 95 67 58 31 38 71 25 71 19 46 73 102 25 89 51 61 26 80 29 95 34 83 71 40 34 9 21 110 74 19 25 68 10 46 41 72 22 39 0 41 52 30 28 36 28 51 
61 98 135 89 137 41 97 63 61 87 66 106 33 67 90 137 66 115 15 85 67 113 62 134 35 123 67 77 75 44 62 147 105 46 66 90 51 75 3 79 63 80 41 0 59 69 69 36 59 15 
89 101 92 91 116 45 99 36 91 123 65 117 36 98 31 145 66 139 74 33 58 67 38 132 24 117 23 86 72 44 60 152 123 71 66 120 59 97 56 21 59 73 52 59 0 76 66 82 34 74 
27 30 90 20 72 97 28 44 29 56 11 41 48 34 88 72 10 63 75 73 21 78 40 65 63 54 98 10 12 34 16 80 46 25 10 50 20 25 69 93 18 17 30 69 76 0 13 48 43 75 
39 35 79 25 68 92 33 32 41 69 3 51 43 46 76 79 4 75 77 60 8 66 29 68 57 55 89 20 6 28 7 87 57 31 4 63 18 38 69 82 7 11 28 69 66 13 0 55 32 77 
29 74 133 66 121 77 73 68 28 50 52 76 46 32 107 107 51 80 33 97 58 116 65 108 58 100 96 54 59 45 51 116 73 24 51 54 39 44 39 103 53 65 36 36 82 48 55 0 64 33 
62 67 76 58 86 68 65 4 64 95 32 84 26 71 46 111 33 107 72 33 24 54 5 98 32 84 57 53 38 19 27 118 90 46 33 91 30 67 57 49 26 39 28 59 34 43 32 64 0 72 
61 104 148 95 146 52 103 76 61 83 74 108 46 66 105 140 74 113 0 100 77 126 75 139 50 129 81 83 83 56 71 149 106 51 74 87 59 76 18 94 73 88 51 15 74 75 77 33 72 0 
0 0 0 1 131 0 20232 19433 2794 161 80616 8061 23 0 0 46101 0 0 147 0 0 2 0 0 0 0 14360 1022 0 26 0 0 5476 2 0 10478 0 13 0 0 0 844 16112 0 5 0 0 0 0 0 
0 0 0 0 0 143 0 11558 6 19239 206 0 0 453 0 0 1 0 0 0 29 0 503 0 381 0 10 3 53 3 0 0 47 0 0 0 24341 2 0 0 1873 81 0 0 62 0 17 14590 0 0 
0 0 0 1270 0 0 166 0 0 0 15984 7 0 93 0 1 84339 0 17766 11 0 89 79257 19 17 0 0 0 20073 0 9 7 189 0 0 2393 215 711 0 0 182 2 0 0 11 34 0 22375 46 68 
1 0 1270 0 15 0 2617 0 1 496 0 26 0 8 45463 0 0 0 224 9355 6830 11010 0 2 0 674 80 32561 0 0 0 0 3 8 18 79059 21954 27572 228 22451 0 0 0 0 0 264 0 0 0 118 
131 0 0 15 0 0 0 0 1 6 27 0 51 0 0 416 0 0 1260 43961 0 35 2367 0 1 51 0 12431 0 4135 356 998 0 0 0 0 0 0 0 16081 400 67 0 0 0 1 1 0 2 0 
0 143 0 0 0 0 0 15 38 0 0 1182 89700 0 0 0 0 0 14 157 2249 6918 73549 0 98 1 640 0 0 0 9183 0 0 2639 138 78 2 20 728 0 0 0 80 0 0 59550 23931 0 0 0 
20232 0 166 2617 0 0 0 45 26824 0 0 4071 132 8 31668 5 5 0 7 4892 135 6727 0 0 16 0 4316 1178 155 0 0 0 34319 0 62648 0 6 0 56 12 4 0 80 3 0 73909 0 0 13569 99 
19433 11558 0 0 0 15 45 0 316 1110 0 0 0 2 0 0 0 19598 6051 2230 12 0 2 117 38535 0 0 23811 0 4748 1 0 60 0 7320 5 0 96127 0 12 0 0 0 0 0 3021 0 99568 0 0 
2794 6 0 1 1 38 26824 316 0 0 0 0 20153 0 0 0 329 0 1 0 14772 12048 3062 0 21 65 0 318 0 1 1172 2605 0 0 875 0 49 2132 1 1629 14 0 73 1989 6 0 4 8 8 0 
161 19239 0 496 6 0 0 1110 0 0 0 6923 882 45 0 2 12370 1 49522 2356 0 0 0 0 0 154 5 0 0 0 0 2110 0 113 0 1 0 0 5 271 2 22496 99409 0 0 61567 11126 0 59 0 
80616 206 15984 0 27 0 0 0 0 0 0 9 40399 0 24 726 0 0 80 72188 472 1352 121 0 0 77452 1 61015 24 0 1681 0 0 3 8339 0 1354 0 2 15 837 3 0 104 0 124 0 379 33 0 
8061 0 7 26 0 1182 4071 0 0 6923 9 0 9767 0 0 4227 0 0 0 0 0 0 0 0 0 0 0 0 233 0 0 0 3977 0 0 0 0 0 0 0 0 0 160 72 61496 0 0 0 2942 6 
23 0 0 0 51 89700 132 0 20153 882 40399 9767 0 21 0 8 2016 0 2 6 0 17 0 0 49732 4 0 90 1522 0 0 0 24 0 0 0 3281 10 14 0 47002 319 0 0 10 1439 0 4443 0 0 
0 453 93 8 0 0 8 2 0 45 0 0 21 0 0 0 0 5455 2 0 0 0 9875 0 0 0 0 13469 5666 0 97302 0 10 0 0 852 0 0 0 0 0 41 165 87 0 72 0 0 0 1335 
0 0 0 45463 0 0 31668 0 0 0 24 0 0 0 0 177 1546 3904 3762 1537 9974 1877 81 0 32 0 5622 0 0 0 0 0 36183 0 1 0 0 0 855 2353 89404 0 0 0 0 55226 0 8606 79008 0 
46101 0 1 0 416 0 5 0 0 2 726 4227 8 0 177 0 0 453 1 8 0 3516 0 5007 21 0 57 42 0 0 0 0 80 78 89787 0 0 2024 0 357 109 0 0 0 0 0 4 1 0 793 
0 1 84339 0 0 0 5 0 329 12370 0 0 2016 0 1546 0 0 2475 0 6709 2 0 0 0 4 0 849 0 20 0 0 0 0 0 716 9 971 1 0 0 0 0 19177 0 0 0 0 0 0 0 
0 0 0 0 0 0 0 19598 0 1 0 0 0 5455 3904 453 2475 0 0 0 0 0 0 1 0 5 155 2539 0 2 2 48512 0 1 14914 36974 0 3 0 282 1 0 46753 21 2716 0 21444 0 0 0 
147 0 17766 224 1260 14 7 6051 1 49522 80 0 2 2 3762 1 0 0 0 0 2 19410 9778 0 0 56079 0 0 0 0 73025 5515 0 0 1114 0 412 12335 57057 0 0 41 0 0 0 157 20 0 18106 5707 
0 0 11 9355 43961 157 4892 2230 0 2356 72188 0 6 0 1537 8 6709 0 0 0 0 69270 0 0 8 0 0 11095 0 0 0 0 0 0 0 11873 0 0 252 17763 0 2 0 0 0 0 0 0 1 3 
0 29 0 6830 0 2249 135 12 14772 0 472 0 0 0 9974 0 2 0 2 0 0 56 0 0 0 1 0 0 0 75646 1 899 23 594 0 0 0 0 0 0 0 42359 0 0 0 0 3 1 1064 0 
2 0 89 11010 35 6918 6727 0 12048 0 1352 0 17 0 1877 3516 0 0 19410 69270 56 0 10 0 116 1 0 0 22 1158 0 134 0 2 0 5 0 24 24 398 0 8468 0 30 1129 0 0 13 0 58 
0 503 79257 0 2367 73549 0 2 3062 0 121 0 0 9875 81 0 0 0 9778 0 0 10 0 11 0 0 1160 0 48 57 2 0 12175 0 9 0 0 0 2989 0 73102 1535 0 0 0 6950 323 0 0 0 
0 0 19 2 0 0 0 117 0 0 0 0 0 0 0 5007 0 1 0 0 0 0 11 0 0 7643 46 332 33 0 4859 9 0 5 20 0 3668 0 2 3028 5 4609 258 0 8196 14 0 1176 0 2 
0 381 17 0 1 98 16 38535 21 0 0 0 49732 0 32 21 4 0 0 8 0 116 0 0 0 0 13702 0 23 0 15675 53 0 39 18710 0 74472 5 0 579 19755 0 0 16157 5077 2 9632 0 0 55064 
0 0 0 674 51 1 0 0 65 154 77452 0 4 0 0 0 0 5 56079 0 1 1 0 7643 0 0 557 14 15588 0 0 0 885 158 33 0 0 0 2112 42 498 712 0 0 1 0 2327 6201 11948 0 
14360 10 0 80 0 640 4316 0 0 5 1 0 0 0 5622 57 849 155 0 0 0 0 1160 46 13702 557 0 38121 59 0 0 625 3124 264 0 32 979 0 0 0 0 0 1251 37 7241 18246 2481 0 0 0 
1022 3 0 32561 12431 0 1178 23811 318 0 61015 0 90 13469 0 42 0 2539 0 11095 0 0 0 332 0 14 38121 0 0 309 0 582 0 73714 0 273 0 330 0 0 0 0 14 20 0 0 8709 0 99 0 
0 53 20073 0 0 0 155 0 0 0 24 233 1522 5666 0 0 20 0 0 0 0 22 48 33 23 15588 59 0 0 18319 0 2470 0 0 21234 0 0 0 124 0 0 0 49672 0 155 10 0 32494 26 13890 
26 3 0 0 4135 0 0 4748 1 0 0 0 0 0 0 0 0 2 0 0 75646 1158 57 0 0 0 0 309 18319 0 5 0 0 4443 1 699 1343 39 98833 622 702 0 0 0 0 0 161 0 0 0 
0 0 9 0 356 9183 0 1 1172 0 1681 0 0 97302 0 0 0 2 73025 0 1 0 2 4859 15675 0 0 0 0 5 0 1 1102 0 58 0 0 0 0 81 4 762 0 1321 0 2 0 0 0 1 
0 0 7 0 998 0 0 0 2605 2110 0 0 0 0 0 0 0 48512 5515 0 899 134 0 9 53 0 625 582 2470 0 1 0 22 30034 87 666 0 12749 0 24 9 384 0 410 0 93164 0 181 0 23599 
5476 47 189 3 0 0 34319 60 0 0 0 3977 24 10 36183 80 0 0 0 0 23 0 12175 0 0 885 3124 0 0 0 1102 22 0 0 0 0 286 5 0 0 0 13453 0 14 42426 4 32 34038 6256 0 
2 0 0 8 0 2639 0 0 0 113 3 0 0 0 0 78 0 1 0 0 594 2 0 5 39 158 264 73714 0 4443 0 30034 0 0 19781 24 3 7894 6 0 2742 52284 38011 5 0 0 0 0 0 1 
0 0 0 18 0 138 62648 7320 875 0 8339 0 0 0 1 89787 716 14914 1114 0 0 0 9 20 18710 33 0 0 21234 1 58 87 0 19781 0 0 0 55 0 0 0 0 39 115 0 6834 185 4 0 0 
10478 0 2393 79059 0 78 0 5 0 1 0 0 0 852 0 0 9 36974 0 11873 0 5 0 0 0 0 32 273 0 699 0 666 0 24 0 0 0 0 1 20 1 0 0 0 8879 0 98 700 89884 43 
0 24341 215 21954 0 2 6 0 49 0 1354 0 3281 0 0 0 971 0 412 0 0 0 0 3668 74472 0 979 0 0 1343 0 0 286 3 0 0 0 0 0 219 8994 0 2332 0 42836 0 2081 3780 1 231 
13 2 711 27572 0 20 0 96127 2132 0 0 0 10 0 0 2024 1 3 12335 0 0 24 0 0 5 0 0 330 0 39 0 12749 5 7894 55 0 0 0 0 5 0 0 11768 0 0 0 37 0 11548 1 
0 0 0 228 0 728 56 0 1 5 2 0 14 0 855 0 0 0 57057 252 0 24 2989 2 0 2112 0 0 124 98833 0 0 0 6 0 1 0 0 0 0 0 0 0 0 293 210 10 7634 0 0 
0 0 0 22451 16081 0 12 12 1629 271 15 0 0 0 2353 357 0 282 0 17763 0 398 0 3028 579 42 0 0 0 622 81 24 0 0 0 20 219 5 0 0 3 141 0 6 58 3120 699 4090 11871 0 
0 1873 182 0 400 0 4 0 14 2 837 0 47002 0 89404 109 0 1 0 0 0 0 73102 5 19755 498 0 0 0 702 4 9 0 2742 0 1 8994 0 0 3 0 0 80 9 0 0 0 0 310 0 
844 81 2 0 67 0 0 0 0 22496 3 0 319 41 0 0 0 0 41 2 42359 8468 1535 4609 0 712 0 0 0 0 762 384 13453 52284 0 0 0 0 0 141 0 0 142 0 0 11343 0 1 2082 0 
16112 0 0 0 0 80 80 0 73 99409 0 160 0 165 0 0 19177 46753 0 0 0 0 0 258 0 0 1251 14 49672 0 0 0 0 38011 39 0 2332 11768 0 0 80 142 0 8 1 216 0 0 0 39701 
0 0 0 0 0 0 3 0 1989 0 104 72 0 87 0 0 0 21 0 0 0 30 0 0 16157 0 37 20 0 0 1321 410 14 5 115 0 0 0 0 6 9 0 8 0 0 164 0 0 0 1 
5 62 11 0 0 0 0 0 6 0 0 61496 10 0 0 0 0 2716 0 0 0 1129 0 8196 5077 1 7241 0 155 0 0 0 42426 0 0 8879 42836 0 293 58 0 0 1 0 0 2335 9 883 0 0 
0 0 34 264 1 59550 73909 3021 0 61567 124 0 1439 72 55226 0 0 0 157 0 0 0 6950 14 2 0 18246 0 10 0 2 93164 4 0 6834 0 0 0 210 3120 0 11343 216 164 2335 0 4 1 6783 0 
0 17 0 0 1 23931 0 0 4 11126 0 0 0 0 0 4 0 21444 20 0 3 0 323 0 9632 2327 2481 8709 0 161 0 0 32 0 185 98 2081 37 10 699 0 0 0 0 9 4 0 159 2280 0 
0 14590 22375 0 0 0 0 99568 8 0 379 0 4443 0 8606 1 0 0 0 0 1 13 0 1176 0 6201 0 0 32494 0 0 181 34038 0 4 700 3780 0 7634 4090 0 1 0 0 883 1 159 0 11 2167 
0 0 46 0 2 0 13569 0 8 59 33 2942 0 0 79008 0 0 0 18106 1 1064 0 0 0 0 11948 0 99 26 0 0 0 6256 0 0 89884 1 11548 0 11871 310 2082 0 0 0 6783 2280 11 0 689 
0 0 68 118 0 0 99 0 0 0 0 6 0 1335 0 793 0 0 5707 3 0 58 0 2 55064 0 0 0 13890 0 1 23599 0 1 0 43 231 1 0 0 0 0 39701 1 0 0 0 2167 689 0 
0 0 0 46 0 0 179 0 0 9848 145 3098 2 0 17 152 9 145 0 4 0 822 0 209 0 0 49 0 0 0 0 0 1017 0 7559 3555 264 65750 86399 2549 0 0 19224 85801 11012 0 350 3178 8 0 
0 0 947 25 33571 2 0 511 0 0 0 251 1 2126 0 21533 44 0 0 0 0 269 0 0 0 3 0 9 0 53 0 0 3643 0 8 0 12645 0 0 0 0 14695 5986 22270 0 0 32 0 0 1686 
0 947 0 0 6 0 9 0 0 0 0 0 5484 56 4027 62 0 0 29425 3 0 9830 0 17 59 67735 0 0 0 48 0 0 96340 8019 36197 0 0 0 0 2 0 7 5182 0 236 265 0 0 0 0 
46 25 0 0 0 0 0 902 5 0 65 0 0 0 1417 0 0 0 0 25360 0 0 0 18366 0 0 0 0 0 82 0 0 551 9 0 14318 0 18 1 0 0 108 36 8 0 0 0 152 7 57 
0 33571 6 0 0 11167 0 34 44 0 0 136 31011 0 173 0 0 0 0 77137 0 0 9072 811 0 0 16811 30864 26 0 14798 11 25 0 0 0 0 0 1 461 0 0 0 0 0 0 8 0 0 0 
0 2 0 0 11167 0 256 0 0 0 24349 2323 26960 579 3 25 0 2 0 0 0 0 845 14340 9260 1925 0 0 3 0 0 266 15186 641 0 3 34 0 0 100 0 0 0 9 283 2027 0 477 48896 0 
179 0 9 0 0 256 0 486 14587 6524 0 0 0 0 2248 0 0 0 0 3837 0 0 9958 0 0 0 0 0 0 86 0 657 0 0 0 117 0 3 0 34648 0 0 25673 183 34715 23059 0 0 0 109 
0 511 0 902 34 0 486 0 0 0 0 0 2261 18 14384 17 27182 258 70317 0 255 5 466 26 5027 0 0 0 0 0 1069 17 0 0 0 0 0 512 0 535 632 0 0 132 179 20195 22 2 1637 12906 
0 0 0 5 44 0 14587 0 0 0 3 0 6196 0 15771 7 0 287 5 0 0 53885 10532 0 7458 30845 59 14326 4277 0 0 1 0 0 30 444 24438 810 0 2 16 0 0 0 10451 0 0 2343 0 59890 
9848 0 0 0 0 0 6524 0 0 0 0 0 0 5266 392 87145 0 31 0 0 509 208 1639 0 0 0 0 26710 10505 95804 0 0 0 6 528 0 0 79 0 0 8159 9 1151 35073 806 0 9 1 88 1998 
145 0 0 65 0 24349 0 0 3 0 0 5273 0 322 293 57128 0 96 0 283 0 0 7064 574 47263 8714 2 3285 0 0 480 1202 0 0 12410 0 0 3 59 50 19062 0 4463 0 0 0 0 30 0 35514 
3098 251 0 0 136 2323 0 0 0 0 5273 0 0 0 30449 0 366 0 0 59620 0 0 0 0 298 18118 68 0 0 1 179 0 88 60 0 0 37 15 0 1 0 0 1975 0 16 3 0 76328 0 0 
2 1 5484 0 31011 26960 0 2261 6196 0 0 0 0 0 8 0 0 7 0 0 25 0 35 41384 17 1608 0 16079 7 1951 0 0 7 0 51 0 966 0 134 0 0 0 0 0 0 86264 37727 7 0 402 
0 2126 56 0 0 579 0 18 0 5266 322 0 0 0 0 99 0 0 1 0 0 0 2408 1 80 0 8 0 12 1 85 0 1044 580 1333 14318 2696 67250 6642 0 0 36 865 1063 0 339 16 0 10945 1 
17 0 4027 1417 173 3 2248 14384 15771 392 293 30449 8 0 0 0 726 0 40 0 1 0 0 3403 0 0 0 6 0 0 71150 93277 0 0 46 0 0 107 1 2 0 0 1231 1 2 207 0 6 1873 0 
152 21533 62 0 0 25 0 17 7 87145 57128 0 0 99 0 0 0 10 0 12030 294 0 17213 0 0 0 0 0 0 0 3 0 425 390 2 24744 7991 13555 0 10 0 6 0 14 18 0 46 0 0 0 
9 44 0 0 0 0 0 27182 0 0 0 366 0 0 726 0 0 39343 2 0 55724 0 0 0 0 52428 106 48479 0 0 7150 17399 0 0 0 1 2216 78721 0 1 4 0 72 0 4054 2 0 0 0 0 
145 0 0 0 0 2 0 258 287 31 96 0 7 0 0 10 39343 0 13183 40 52196 0 0 0 9 0 0 1 364 445 28 753 0 64 11148 0 0 0 1 0 0 23889 570 7020 12963 0 0 0 0 9 
0 0 29425 0 0 0 0 70317 5 0 0 0 0 1 40 0 2 13183 0 0 3009 0 1 0 106 33 600 0 0 0 0 9708 4 0 26 3 0 0 30 0 123 4456 0 0 4009 2922 0 2 0 733 
4 0 3 25360 77137 0 3837 0 0 0 283 59620 0 0 0 12030 0 40 0 0 0 0 0 2 0 9 17 95132 0 0 85 27919 428 173 0 2547 1538 0 0 1 0 44185 119 5 609 20187 0 0 0 1094 
0 0 0 0 0 0 0 255 0 509 0 0 25 0 1 294 55724 52196 3009 0 0 0 0 0 52 65 0 0 0 480 4585 0 0 0 0 0 70 0 0 2241 1564 0 0 0 1264 580 2098 0 0 0 
822 269 9830 0 0 0 0 5 53885 208 0 0 0 0 0 0 0 0 0 0 0 0 68952 5 0 0 5 0 0 0 29 9 0 313 0 178 3 0 0 222 21 483 0 0 9 23178 0 0 3057 1749 
0 0 0 0 9072 845 9958 466 10532 1639 7064 0 35 2408 0 17213 0 0 1 0 0 68952 0 244 0 58 38 7215 2 0 0 0 14 3 30 89981 0 15 0 0 0 37 0 0 2302 19 1 0 0 22887 
209 0 17 18366 811 14340 0 26 0 0 574 0 41384 1 3403 0 0 0 0 2 0 5 244 0 32 0 0 67 45 47 0 0 0 0 59 0 782 101 0 7991 7 56 0 15 89288 1 7692 0 0 439 
0 0 59 0 0 9260 0 5027 7458 0 47263 298 17 80 0 0 0 9 106 0 52 0 0 32 0 0 55307 3595 44167 10609 2 0 947 87 144 0 31 4 0 72 1976 0 6931 10423 6765 0 0 8233 411 1836 
0 3 67735 0 0 1925 0 0 30845 0 8714 18118 1608 0 0 0 52428 0 33 9 65 0 58 0 0 0 0 0 18 0 0 0 592 0 2 0 15 226 0 0 34002 2 15314 0 286 0 0 0 0 422 
49 0 0 0 16811 0 0 0 59 0 2 68 0 8 0 0 106 0 600 17 0 5 38 0 55307 0 0 0 0 128 6 96263 38 11755 17 10 19721 29 0 17376 0 0 9349 0 0 0 1 28 0 0 
0 9 0 0 30864 0 0 0 14326 26710 3285 0 16079 0 6 0 48479 1 0 95132 0 0 7215 67 3595 0 0 0 1 15201 37 0 6659 0 0 0 0 0 6417 3 2748 0 19 0 72 4 600 5363 0 1 
0 0 0 0 26 3 0 0 4277 10505 0 0 7 12 0 0 0 364 0 0 0 0 2 45 44167 18 0 1 0 0 914 0 3344 336 6819 0 0 9 0 0 0 0 0 0 0 0 0 2120 0 89 
0 53 48 82 0 0 86 0 0 95804 0 1 1951 1 0 0 0 445 0 0 480 0 0 47 10609 0 128 15201 0 0 0 0 0 0 2314 0 0 0 0 510 151 0 120 0 0 0 7 0 7522 184 
0 0 0 0 14798 0 0 1069 0 0 480 179 0 85 71150 3 7150 28 0 85 4585 29 0 0 2 0 6 37 914 0 0 0 5 0 6 0 25 0 0 3 0 0 0 0 3933 1 0 15 0 217 
0 0 0 0 11 266 657 17 1 0 1202 0 0 0 93277 0 17399 753 9708 27919 0 9 0 0 0 0 96263 0 0 0 0 0 0 28194 0 106 8 0 31891 0 0 0 3218 4 43118 67 0 2 2 0 
1017 3643 96340 551 25 15186 0 0 0 0 0 88 7 1044 0 425 0 0 4 428 0 0 14 0 947 592 38 6659 3344 0 5 0 0 6515 2183 0 25198 0 20 0 0 4 1209 0 135 3 0 0 7 18834 
0 0 8019 9 0 641 0 0 0 6 0 60 0 580 0 390 0 64 0 173 0 313 3 0 87 0 11755 0 336 0 0 28194 6515 0 235 0 2195 0 0 0 13 0 3436 0 0 0 1 200 3 0 
7559 8 36197 0 0 0 0 0 30 528 12410 0 51 1333 46 2 0 11148 26 0 0 0 30 59 144 2 17 0 6819 2314 6 0 2183 235 0 76523 155 0 0 0 101 0 7840 21914 270 0 0 1260 0 81 
3555 0 0 14318 0 3 117 0 444 0 0 0 0 14318 0 24744 1 0 3 2547 0 178 89981 0 0 0 10 0 0 0 0 106 0 0 76523 0 1 0 0 25 3 53171 12561 10 0 2 38014 325 0 0 
264 12645 0 0 0 34 0 0 24438 0 0 37 966 2696 0 7991 2216 0 0 1538 70 3 0 782 31 15 19721 0 0 0 25 8 25198 2195 155 1 0 17 6 17702 0 0 1345 57601 33002 6559 8 9727 0 0 
65750 0 0 18 0 0 3 512 810 79 3 15 0 67250 107 13555 78721 0 0 0 0 0 15 101 4 226 29 0 9 0 0 0 0 0 0 0 17 0 126 0 0 0 0 3 0 17931 1 5990 0 0 
86399 0 0 1 1 0 0 0 0 0 59 0 134 6642 1 0 0 1 30 0 0 0 0 0 0 0 0 6417 0 0 0 31891 20 0 0 0 6 126 0 0 99 0 0 9100 0 0 0 20 0 0 
2549 0 2 0 461 100 34648 535 2 0 50 1 0 0 2 10 1 0 0 1 2241 222 0 7991 72 0 17376 3 0 510 3 0 0 0 0 25 17702 0 0 0 4871 174 5468 68523 1302 0 801 0 0 0 
0 0 0 0 0 0 0 632 16 8159 19062 0 0 0 0 0 4 0 123 0 1564 21 0 7 1976 34002 0 2748 0 151 0 0 0 13 101 3 0 0 99 4871 0 0 0 1 1 208 5715 0 2827 0 
0 14695 7 108 0 0 0 0 0 9 0 0 0 36 0 6 0 23889 4456 44185 0 483 37 56 0 2 0 0 0 0 0 0 4 0 0 53171 0 0 0 174 0 0 1045 739 2 3863 0 17061 123 0 
19224 5986 5182 36 0 0 25673 0 0 1151 4463 1975 0 865 1231 0 72 570 0 119 0 0 0 0 6931 15314 9349 19 0 120 0 3218 1209 3436 7840 12561 1345 0 0 5468 0 1045 0 0 0 0 225 2711 26558 0 
85801 22270 0 8 0 9 183 132 0 35073 0 0 0 1063 1 14 0 7020 0 5 0 0 0 15 10423 0 0 0 0 0 0 4 0 0 21914 10 57601 3 9100 68523 1 739 0 0 0 1 0 0 16445 7080 
11012 0 236 0 0 283 34715 179 10451 806 0 16 0 0 2 18 4054 12963 4009 609 1264 9 2302 89288 6765 286 0 72 0 0 3933 43118 135 0 270 0 33002 0 0 1302 1 2 0 0 0 0 23 3 0 135 
0 0 265 0 0 2027 23059 20195 0 0 0 3 86264 339 207 0 2 0 2922 20187 580 23178 19 1 0 0 0 4 0 0 1 67 3 0 0 2 6559 17931 0 0 208 3863 0 1 0 0 0 0 0 2 
350 32 0 0 8 0 0 22 0 9 0 0 37727 16 0 46 0 0 0 0 2098 0 1 7692 0 0 1 600 0 7 0 0 0 1 0 38014 8 1 0 801 5715 0 225 0 23 0 0 0 51694 3 
3178 0 0 152 0 477 0 2 2343 1 30 76328 7 0 6 0 0 0 2 0 0 0 0 0 8233 0 28 5363 2120 0 15 2 0 200 1260 325 9727 5990 20 0 0 17061 2711 0 3 0 0 0 0 0 
8 0 0 7 0 48896 0 1637 0 88 0 0 0 10945 1873 0 0 0 0 0 0 3057 0 0 411 0 0 0 0 7522 0 2 7 3 0 0 0 0 0 0 2827 123 26558 16445 0 0 51694 0 0 88727 
0 1686 0 57 0 0 109 12906 59890 1998 35514 0 402 1 0 0 0 9 733 1094 0 1749 22887 439 1836 422 0 1 89 184 217 0 18834 0 81 0 0 0 0 0 0 0 0 7080 135 2 3 0 88727 0 
0 190 0 3673 238 12 0 0 450 0 4607 0 0 132 0 0 0 0 1 0 30349 10 13 0 0 3 0 13 0 0 0 1863 0 47616 0 0 0 49895 15264 5 2 58 0 10 0 2353 0 0 0 95456 
190 0 29 119 3 0 12664 184 0 0 11321 2 10 56 32 0 3 15 0 4 114 618 0 0 0 0 0 0 34 11 0 782 620 190 178 125 22764 422 0 7042 6271 0 0 46194 0 14 0 0 2 0 
0 29 0 0 1389 0 107 1018 0 19 0 0 0 1019 25 0 1 0 0 0 0 0 0 0 4 101 0 0 0 9920 581 80 0 3066 146 0 5 0 0 10 0 2565 0 0 19354 0 9 0 50 18207 
3673 119 0 0 126 0 6657 354 0 5407 0 0 0 0 2191 0 85 0 0 0 0 91311 1206 0 3004 1 0 0 0 0 0 0 0 0 0 6649 0 5 13 36 114 0 1943 9 0 6686 1659 1935 688 0 
238 3 1389 126 0 0 0 449 0 0 7092 4671 0 0 68 932 3 603 0 8 114 0 906 159 0 8 182 29 7687 23154 624 0 0 54491 0 878 0 0 94 0 12060 3259 117 5671 11498 140 27 1 0 25 
12 0 0 0 0 0 0 0 89858 5 7634 1069 23914 0 0 33538 0 0 301 26 0 3783 4 2 0 0 15 0 0 9 20 2 2 13 1177 0 41 0 0 28650 214 64 0 0 26 1 24632 31010 0 47180 
0 12664 107 6657 0 0 0 0 0 7 64077 3430 0 0 30 0 0 89610 12877 99 0 5 56 9 300 0 0 0 1017 0 50583 0 0 1186 0 0 1 0 461 1173 3688 0 1 13112 116 172 0 0 0 0 
0 184 1018 354 449 0 0 0 0 4 3301 0 0 0 129 21 78011 0 0 0 2067 22 69 0 856 0 2170 2110 2476 39690 0 1 1 26817 0 8405 0 436 0 46 2817 0 0 0 2 0 10 885 1385 4792 
450 0 0 0 0 89858 0 0 0 91240 4195 0 32 0 0 0 0 0 0 8 0 0 1 13496 0 0 70860 0 2 0 19162 0 82458 17 28 9 0 0 1410 13070 0 0 2 0 0 0 0 1 6 6657 
0 0 19 5407 0 5 7 4 91240 0 0 0 0 1507 77679 0 0 91997 0 5 0 0 177 0 0 29542 0 0 17 0 2 3 0 0 0 0 0 0 0 51498 0 0 3619 0 6149 9 84 12 13 0 
4607 11321 0 0 7092 7634 64077 3301 4195 0 0 56035 0 0 0 0 475 0 0 794 0 0 0 63 13 61236 4 1 1463 13040 4 0 8883 0 611 21800 21 2236 744 0 0 0 10833 0 0 0 0 2 7713 0 
0 2 0 0 4671 1069 3430 0 0 0 56035 0 14 0 0 499 0 0 92683 0 0 1768 0 0 0 4 0 0 233 30 0 0 0 4 0 0 0 0 1898 3011 193 0 97 0 0 0 5 0 0 0 
0 10 0 0 0 23914 0 0 32 0 0 14 0 0 0 0 0 0 0 469 33524 0 0 0 0 4283 0 0 23082 29841 0 2954 6 0 1 313 0 0 3724 1 11237 0 22983 2 233 188 0 0 1294 89 
132 56 1019 0 0 0 0 0 0 1507 0 0 0 0 645 0 6912 0 3 1 5 1 24 48 3 151 0 0 0 19979 0 3086 151 0 0 0 0 1 727 0 70804 0 0 0 0 0 0 0 231 9296 
0 32 25 2191 68 0 30 129 0 77679 0 0 0 645 0 0 0 67283 0 2767 17772 814 16424 0 2089 0 0 0 0 62943 3658 0 0 1492 144 0 2330 0 0 310 416 0 906 8161 0 2 68193 415 65 4 
0 0 0 0 932 33538 0 21 0 0 0 499 0 0 0 0 0 0 9233 0 16882 229 633 9 1420 0 0 0 0 1 56 0 24559 0 0 413 227 0 78469 0 125 0 30821 397 3 0 22 0 0 4 
0 3 1 85 3 0 0 78011 0 0 475 0 0 6912 0 0 0 1192 0 0 0 0 0 0 9986 5 0 0 45 0 31 31291 53 34751 0 0 12520 29 12641 0 0 0 803 0 0 6266 5825 0 0 0 
0 15 0 0 603 0 89610 0 0 91997 0 0 0 0 67283 0 1192 0 0 2 0 0 834 1 0 0 77214 0 234 1623 0 1 2482 0 0 111 7 0 20 4649 2 214 813 0 4 6 122 4 0 0 
1 0 0 0 0 301 12877 0 0 0 0 92683 0 3 0 9233 0 0 0 0 0 0 0 0 2782 0 0 0 3 7708 0 0 5819 0 0 781 75 16 0 0 1013 126 10 0 0 3812 0 0 1599 0 
0 4 0 0 8 26 99 0 8 5 794 0 469 1 2767 0 0 2 0 0 0 1 0 1937 0 0 21 0 0 11797 0 0 1023 10158 0 0 41 0 36 0 0 21824 2 70913 0 0 0 0 37692 442 
30349 114 0 0 114 0 0 2067 0 0 0 0 33524 5 17772 16882 0 0 0 0 0 0 875 476 42052 0 5781 107 0 0 65251 9 24770 8302 3 9405 68063 0 0 1 0 49 0 52498 3606 0 2365 0 9275 0 
10 618 0 91311 0 3783 5 22 0 0 0 1768 0 1 814 229 0 0 0 1 0 0 953 2429 0 0 44855 0 0 0 0 2859 0 0 437 0 222 96 14037 12044 0 0 944 17 0 0 130 50424 0 5 
13 0 0 1206 906 4 56 69 1 177 0 0 0 24 16424 633 0 834 0 0 875 953 0 0 0 0 0 0 0 0 34 0 0 0 0 2185 0 15455 722 7 4 0 13 731 315 0 18987 24 0 0 
0 0 0 0 159 2 9 0 13496 0 63 0 0 48 0 9 0 1 0 1937 476 2429 0 0 0 3928 0 33950 37735 0 0 0 0 0 315 0 0 0 0 16 10 0 0 590 0 7 3 0 28 2 
0 0 4 3004 0 0 300 856 0 0 13 0 0 3 2089 1420 9986 0 2782 0 42052 0 0 0 0 0 0 0 2628 1682 15 0 0 327 30 0 0 3365 0 1 14 0 0 0 0 0 122 0 0 563 
3 0 101 1 8 0 0 0 0 29542 61236 4 4283 151 0 0 5 0 0 0 0 0 0 3928 0 0 0 0 0 0 0 0 0 0 0 4 10 94 20194 17 0 6 113 0 0 2 60222 0 524 0 
0 0 0 0 182 15 0 2170 70860 0 4 0 0 0 0 0 0 77214 0 21 5781 44855 0 0 0 0 0 6296 10 248 24934 0 0 4584 15375 185 74222 0 62 0 2493 58 0 0 614 43 0 0 0 0 
13 0 0 0 29 0 0 2110 0 0 1 0 0 0 0 0 0 0 0 0 107 0 0 33950 0 0 6296 0 3 0 0 0 25390 0 14213 610 7 0 0 1 1794 677 3758 92 0 41 0 130 0 0 
0 34 0 0 7687 0 1017 2476 2 17 1463 233 23082 0 0 0 45 234 3 0 0 0 0 37735 2628 0 10 3 0 0 2887 505 338 0 43744 0 13 3 0 13 293 0 0 86743 5 0 2 0 29 0 
0 11 9920 0 23154 9 0 39690 0 0 13040 30 29841 19979 62943 1 0 1623 7708 11797 0 0 0 0 1682 0 248 0 0 0 1393 1135 0 0 0 0 2 0 0 0 153 0 0 51 1956 15 5062 0 0 0 
0 0 581 0 624 20 50583 0 19162 2 4 0 0 0 3658 56 31 0 0 0 65251 0 34 0 15 0 24934 0 2887 1393 0 0 25052 0 1299 2749 19224 0 133 151 67916 0 0 0 0 2 0 8820 53 0 
1863 782 80 0 0 2 0 1 0 3 0 0 2954 3086 0 0 31291 1 0 0 9 2859 0 0 0 0 0 0 505 1135 0 0 5 10070 12847 48 0 0 0 7 0 0 0 0 131 1 3455 0 0 900 
0 620 0 0 0 2 0 1 82458 0 8883 0 6 151 0 24559 53 2482 5819 1023 24770 0 0 0 0 0 0 25390 338 0 25052 5 0 0 1 7 0 5 0 2537 0 1 2304 0 53414 6879 0 93550 0 0 
47616 190 3066 0 54491 13 1186 26817 17 0 0 4 0 0 1492 0 34751 0 0 10158 8302 0 0 0 327 0 4584 0 0 0 0 10070 0 0 6937 1 0 0 1230 0 0 9 0 621 7256 0 0 6 242 35 
0 178 146 0 0 1177 0 0 28 0 611 0 1 0 144 0 0 0 0 0 3 437 0 315 30 0 15375 14213 43744 0 1299 12847 1 6937 0 0 264 0 0 0 26386 74 0 43006 1090 52040 537 0 253 0 
0 125 0 6649 878 0 0 8405 9 0 21800 0 313 0 0 413 0 111 781 0 9405 0 2185 0 0 4 185 610 0 0 2749 48 7 1 0 0 21 7 147 1 0 1557 41091 0 0 1859 49 0 0 0 
0 22764 5 0 0 41 1 0 0 0 21 0 0 0 2330 227 12520 7 75 41 68063 222 0 0 0 10 74222 7 13 2 19224 0 0 0 264 21 0 0 0 3182 0 30747 0 0 0 12 5 1779 0 0 
49895 422 0 5 0 0 0 436 0 0 2236 0 0 1 0 0 29 0 16 0 0 96 15455 0 3365 94 0 0 3 0 0 0 5 0 0 7 0 0 0 934 0 0 0 22 0 1 0 15707 4530 0 
15264 0 0 13 94 0 461 0 1410 0 744 1898 3724 727 0 78469 12641 20 0 36 0 14037 722 0 0 20194 62 0 0 0 133 0 0 1230 0 147 0 0 0 0 5 0 0 0 0 0 2741 1620 0 3 
5 7042 10 36 0 28650 1173 46 13070 51498 0 3011 1 0 310 0 0 4649 0 0 1 12044 7 16 1 17 0 1 13 0 151 7 2537 0 0 1 3182 934 0 0 836 0 1 0 60 0 0 0 0 0 
2 6271 0 114 12060 214 3688 2817 0 0 0 193 11237 70804 416 125 0 2 1013 0 0 0 4 10 14 0 2493 1794 293 153 67916 0 0 0 26386 0 0 0 5 836 0 7596 0 15541 0 0 0 36359 15471 0 
58 0 2565 0 3259 64 0 0 0 0 0 0 0 0 0 0 0 214 126 21824 49 0 0 0 0 6 58 677 0 0 0 0 1 9 74 1557 30747 0 0 0 7596 0 89 0 71636 0 625 1160 0 45546 
0 0 0 1943 117 0 1 0 2 3619 10833 97 22983 0 906 30821 803 813 10 2 0 944 13 0 0 113 0 3758 0 0 0 0 2304 0 0 41091 0 0 0 1 0 89 0 1 0 3 58451 3233 10 0 
10 46194 0 9 5671 0 13112 0 0 0 0 0 2 0 8161 397 0 0 0 70913 52498 17 731 590 0 0 0 92 86743 51 0 0 0 621 43006 0 0 22 0 0 15541 0 1 0 251 11059 0 337 0 0 
0 0 19354 0 11498 26 116 2 0 6149 0 0 233 0 0 3 0 4 0 0 3606 0 315 0 0 0 614 0 5 1956 0 131 53414 7256 1090 0 0 0 0 60 0 71636 0 251 0 0 0 19 62 2 
2353 14 0 6686 140 1 172 0 0 9 0 0 188 0 2 0 6266 6 3812 0 0 0 0 7 0 2 43 41 0 15 2 1 6879 0 52040 1859 12 1 0 0 0 0 3 11059 0 0 867 16340 20600 14517 
0 0 9 1659 27 24632 0 10 0 84 0 5 0 0 68193 22 5825 122 0 0 2365 130 18987 3 122 60222 0 0 2 5062 0 3455 0 0 537 49 5 0 2741 0 0 625 58451 0 0 867 0 0 0 0 
0 0 0 1935 1 31010 0 885 1 12 2 0 0 0 415 0 0 4 0 0 0 50424 24 0 0 0 0 130 0 0 8820 0 93550 6 0 0 1779 15707 1620 0 36359 1160 3233 337 19 16340 0 0 0 3042 
0 2 50 688 0 0 0 1385 6 13 7713 0 1294 231 65 0 0 0 1599 37692 9275 0 0 28 0 524 0 0 29 0 53 0 0 242 253 0 0 4530 0 0 15471 0 10 0 62 20600 0 0 0 1 
95456 0 18207 0 25 47180 0 4792 6657 0 0 0 89 9296 4 4 0 0 0 442 0 5 0 2 563 0 0 0 0 0 0 900 0 35 0 0 0 0 3 0 0 45546 0 0 2 14517 0 3042 1 0 
