30 2
0 59 64 103 62 95 95 48 90 88 90 112 64 139 74 53 26 148 87 89 78 107 103 6 100 177 116 85 94 32 
59 0 70 49 40 62 36 46 31 30 43 69 27 80 26 37 59 91 39 30 28 48 85 53 62 119 57 26 35 49 
64 70 0 118 33 51 89 98 88 95 64 73 48 126 97 33 87 124 64 86 63 108 150 62 58 154 114 86 89 33 
103 49 118 0 85 94 38 68 34 23 68 88 69 56 28 85 93 77 65 36 58 23 68 97 90 97 30 33 37 98 
62 40 33 85 0 33 56 78 55 62 34 51 15 94 66 8 77 96 33 53 30 75 125 57 38 126 81 53 55 32 
95 62 51 94 33 0 57 107 59 71 25 22 37 82 84 42 110 75 28 57 37 76 147 91 7 104 78 61 57 65 
95 36 89 38 56 57 0 77 6 17 31 50 41 44 39 58 95 55 29 6 25 20 100 89 52 83 25 11 1 78 
48 46 98 68 78 107 77 0 71 63 90 115 69 117 41 71 27 133 86 71 75 81 55 45 108 159 90 66 76 65 
90 31 88 34 55 59 6 71 0 12 34 55 39 49 33 57 89 61 31 2 25 20 94 84 56 89 27 5 5 75 
88 30 95 23 62 71 17 63 12 0 46 67 46 53 23 63 84 69 43 14 35 19 82 82 68 95 28 10 16 78 
90 43 64 68 34 25 31 90 34 46 0 25 25 61 61 41 99 61 3 32 15 51 124 84 22 92 53 36 32 65 
112 69 73 88 51 22 50 115 55 67 25 0 49 63 86 60 123 54 29 53 40 67 148 107 15 82 66 58 51 84 
64 27 48 69 15 37 41 69 39 46 25 49 0 81 52 17 74 86 23 37 16 60 112 58 38 116 66 37 40 40 
139 80 126 56 94 82 44 117 49 53 61 63 81 0 75 99 137 23 62 50 65 36 125 133 74 41 27 54 45 121 
74 26 97 28 66 84 39 41 33 23 61 86 52 75 0 64 65 92 58 34 47 39 62 69 83 117 49 28 38 73 
53 37 33 85 8 42 58 71 57 63 41 60 17 99 64 0 69 102 39 55 34 77 120 48 46 132 83 54 58 24 
26 59 87 93 77 110 95 27 89 84 99 123 74 137 65 69 0 150 95 88 85 103 79 26 113 178 112 83 93 54 
148 91 124 77 96 75 55 133 61 69 61 54 86 23 92 102 150 0 63 62 70 55 146 142 68 30 47 67 57 126 
87 39 64 65 33 28 29 86 31 43 3 29 23 62 58 39 95 63 0 29 11 49 121 81 25 93 52 33 29 63 
89 30 86 36 53 57 6 71 2 14 32 53 37 50 34 55 88 62 29 0 23 22 95 83 54 89 29 5 5 73 
78 28 63 58 30 37 25 75 25 35 15 40 16 65 47 34 85 70 11 23 0 45 110 72 35 100 50 25 25 56 
107 48 108 23 75 76 20 81 20 19 51 67 60 36 39 77 103 55 49 22 45 0 91 101 71 77 9 23 20 95 
103 85 150 68 125 147 100 55 94 82 124 148 112 125 62 120 79 146 121 95 110 91 0 100 146 164 99 90 98 119 
6 53 62 97 57 91 89 45 84 82 84 107 58 133 69 48 26 142 81 83 72 101 100 0 95 171 110 79 88 29 
100 62 58 90 38 7 52 108 56 68 22 15 38 74 83 46 113 68 25 54 35 71 146 95 0 97 72 58 53 70 
177 119 154 97 126 104 83 159 89 95 92 82 116 41 117 132 178 30 93 89 100 77 164 171 97 0 68 94 84 156 
116 57 114 30 81 78 25 90 27 28 53 66 66 27 49 83 112 47 52 29 50 9 99 110 72 68 0 31 25 102 
85 26 86 33 53 61 11 66 5 10 36 58 37 54 28 54 83 67 33 5 25 23 90 79 58 94 31 0 10 72 
94 35 89 37 55 57 1 76 5 16 32 51 40 45 38 58 93 57 29 5 25 20 98 88 53 84 25 10 0 78 
32 49 33 98 32 65 78 65 75 78 65 84 40 121 73 24 54 126 63 73 56 95 119 29 70 156 102 72 78 0 
0 0 0 14 0 37293 1785 1718 5365 3 0 61474 0 0 8497 1083 2 1052 371 42 2076 20 991 0 4965 3 0 0 0 1 
0 0 0 0 0 0 4 0 64894 300 2 0 37760 0 117 25 498 0 30328 0 8888 0 14 16 2 0 0 25 89 637 
0 0 0 0 5 0 15 1 147 5 92839 38597 8695 0 0 0 801 2 0 0 550 65769 73336 0 0 0 0 0 34 2104 
14 0 0 0 0 0 4238 109 23973 0 7 0 71 39580 1861 0 53 0 0 81 0 0 0 0 1 0 0 140 30 3009 
0 0 5 0 0 49 77319 0 0 0 0 14 0 101 0 9 0 0 0 106 0 0 0 0 0 8 976 2844 0 14731 
37293 0 0 0 49 0 0 27 6066 7 0 7399 0 0 58 0 38 58 3 0 0 132 14326 0 23 0 8525 2582 1 0 
1785 4 15 4238 77319 0 0 0 9 236 30581 197 0 3 0 0 178 25 14553 0 0 0 18 0 32547 0 65 0 72012 0 
1718 0 1 109 0 27 0 0 2215 27234 3633 0 2 16481 0 0 28 0 0 0 0 0 0 9 14 0 62 0 0 15282 
5365 64894 147 23973 0 6066 9 2215 0 0 554 0 57151 0 460 0 0 0 7470 71497 958 0 4518 0 0 23 0 46012 75 0 
3 300 5 0 0 7 236 27234 0 0 24931 121 0 82 0 0 0 0 23094 0 36851 84378 127 0 62 0 0 0 61 0 
0 2 92839 7 0 0 30581 3633 554 24931 0 1 1 1 2301 4 132 239 1 10 0 1 16160 775 2517 27722 0 19795 5 275 
61474 0 38597 0 14 7399 197 0 0 121 1 0 4 0 1248 0 49964 28 0 0 117 10678 0 0 2 2 0 0 0 0 
0 37760 8695 71 0 0 0 2 57151 0 1 4 0 0 53068 1 0 1687 0 0 0 2 0 62674 6 6 26 0 56103 36544 
0 0 0 39580 101 0 3 16481 0 82 1 0 0 0 146 0 0 4 3 11762 0 0 69399 396 88 67 19114 0 1 0 
8497 117 0 1861 0 58 0 0 460 0 2301 1248 53068 146 0 1297 24339 2 20 10131 0 0 53 6136 0 0 0 181 15 0 
1083 25 0 0 9 0 0 0 0 0 4 0 1 0 1297 0 0 233 1561 140 0 0 91706 0 0 9109 0 11771 0 910 
2 498 801 53 0 38 178 28 0 0 132 49964 0 0 24339 0 0 15686 0 0 65 3 8 0 2 10 0 0 388 8071 
1052 0 2 0 0 58 25 0 0 0 239 28 1687 4 2 233 15686 0 0 10 2 0 0 0 0 0 0 1429 25818 2380 
371 30328 0 0 0 3 14553 0 7470 23094 1 0 0 3 20 1561 0 0 0 0 22303 689 7398 278 0 14 0 723 1480 1 
42 0 0 81 106 0 0 0 71497 0 10 0 0 11762 10131 140 0 10 0 0 66005 35196 1 0 26 0 1012 10 0 0 
2076 8888 550 0 0 0 0 0 958 36851 0 117 0 0 0 0 65 2 22303 66005 0 3854 42698 0 681 117 0 0 7084 2307 
20 0 65769 0 0 132 0 0 0 84378 1 10678 2 0 0 0 3 0 689 35196 3854 0 73 3 91344 0 0 0 10 0 
991 14 73336 0 0 14326 18 0 4518 127 16160 0 0 69399 53 91706 8 0 7398 1 42698 73 0 11266 0 61 0 0 6021 0 
0 16 0 0 0 0 0 9 0 0 775 0 62674 396 6136 0 0 0 278 0 0 3 11266 0 0 0 0 0 92567 67222 
4965 2 0 1 0 23 32547 14 0 62 2517 2 6 88 0 0 2 0 0 26 681 91344 0 0 0 0 8 2499 5759 100 
3 0 0 0 8 0 0 0 23 0 27722 2 6 67 0 9109 10 0 14 0 117 0 61 0 0 0 20374 0 0 2397 
0 0 0 0 976 8525 65 62 0 0 0 0 26 19114 0 0 0 0 0 1012 0 0 0 0 8 20374 0 66 9 0 
0 25 0 140 2844 2582 0 0 46012 0 19795 0 0 0 181 11771 0 1429 723 10 0 0 0 0 2499 0 66 0 1724 1996 
0 89 34 30 0 1 72012 0 75 61 5 0 56103 1 15 0 388 25818 1480 0 7084 10 6021 92567 5759 0 9 1724 0 64 
1 637 2104 3009 14731 0 0 15282 0 0 275 0 36544 0 0 910 8071 2380 1 0 2307 0 0 67222 100 2397 0 1996 64 0 
0 27 1454 0 30 0 0 0 0 0 12919 0 65394 2 0 0 0 0 0 0 0 0 0 11 0 0 7844 395 577 0 
27 0 3416 82 30 1 0 10 0 0 0 197 0 17 0 0 0 2029 0 836 0 9934 0 0 0 83 3775 0 0 0 
1454 3416 0 94001 0 5 0 0 0 0 0 0 0 418 3609 2 0 0 27 8780 0 0 0 2 2 225 10 48 0 0 
0 82 94001 0 2 14960 0 0 0 294 0 5 0 0 0 20416 0 19227 392 0 335 81492 52 45840 0 16841 17491 0 0 0 
30 30 0 2 0 0 0 2802 2 1649 1 0 6 0 2626 0 1 1 8 0 14948 15 7 1 87 0 0 0 85864 0 
0 1 5 14960 0 0 76104 0 0 0 5 0 34712 9577 0 20 0 0 0 12 11 0 0 5211 0 11 0 0 0 1 
0 0 0 0 0 76104 0 45 0 0 0 0 36 0 1 112 0 0 0 19 848 4582 0 798 0 53 0 35993 0 100 
0 10 0 0 2802 0 45 0 0 0 0 20 0 0 268 242 0 264 326 3773 27 1239 1779 0 0 11 0 53 3 0 
0 0 0 0 2 0 0 0 0 240 0 23968 0 1320 0 28 217 549 0 0 0 19 0 21368 7 0 67 0 0 63163 
0 0 0 294 1649 0 0 0 240 0 0 0 345 0 194 68 1 60638 0 18135 0 0 0 88084 0 2787 26 1 0 5 
12919 0 0 0 1 5 0 0 0 0 0 0 0 0 0 0 0 0 0 0 10 0 0 0 0 0 37 0 0 0 
0 197 0 5 0 0 0 20 23968 0 0 0 0 77948 0 85 0 0 2444 2097 0 0 9126 9 0 0 56892 9 2857 4 
65394 0 0 0 6 34712 36 0 0 345 0 0 0 1837 0 0 2 0 2638 33 4070 0 837 0 0 0 0 10 0 0 
2 17 418 0 0 9577 0 0 1320 0 0 77948 1837 0 0 60 3543 0 0 0 1053 322 0 0 0 0 0 44 0 6 
0 0 3609 0 2626 0 1 268 0 194 0 0 0 0 0 0 0 0 0 0 12 1308 0 0 39 8 3 0 0 6247 
0 0 2 20416 0 20 112 242 28 68 0 85 0 60 0 0 15 0 0 0 20 4762 0 21399 8501 0 85 0 812 0 
0 0 0 0 1 0 0 0 217 1 0 0 2 3543 0 15 0 0 196 14 0 0 0 5 0 0 3 194 0 0 
0 2029 0 19227 1 0 0 264 549 60638 0 0 0 0 0 0 0 0 7 0 0 5917 18 8 5 236 13067 0 0 0 
0 0 27 392 8 0 0 326 0 0 0 2444 2638 0 0 0 196 7 0 2786 0 0 0 0 22 0 321 0 0 0 
0 836 8780 0 0 12 19 3773 0 18135 0 2097 33 0 0 0 14 0 2786 0 0 0 0 5 0 1 0 0 69692 8 
0 0 0 335 14948 11 848 27 0 0 10 0 4070 1053 12 20 0 0 0 0 0 0 0 5 0 0 1 7851 0 0 
0 9934 0 81492 15 0 4582 1239 19 0 0 0 0 322 1308 4762 0 5917 0 0 0 0 0 0 0 5925 736 79076 0 3 
0 0 0 52 7 0 0 1779 0 0 0 9126 837 0 0 0 0 18 0 0 0 0 0 0 6370 0 206 754 0 765 
11 0 2 45840 1 5211 798 0 21368 88084 0 9 0 0 0 21399 5 8 0 5 5 0 0 0 2 248 3 1336 0 0 
0 0 2 0 87 0 0 0 7 0 0 0 0 0 39 8501 0 5 22 0 0 0 6370 2 0 31 0 0 0 0 
0 83 225 16841 0 11 53 11 0 2787 0 0 0 0 8 0 0 236 0 1 0 5925 0 248 31 0 0 15063 44 0 
7844 3775 10 17491 0 0 0 0 67 26 37 56892 0 0 3 85 3 13067 321 0 1 736 206 3 0 0 0 0 0 9 
395 0 48 0 0 0 35993 53 0 1 0 9 10 44 0 0 194 0 0 0 7851 79076 754 1336 0 15063 0 0 0 0 
577 0 0 0 85864 0 0 3 0 0 0 2857 0 0 0 812 0 0 0 69692 0 0 0 0 0 44 0 0 0 0 
0 0 0 0 0 1 100 0 63163 5 0 4 0 6 6247 0 0 0 0 8 0 3 765 0 0 0 9 0 0 0 
