9 3
0 59 64 103 62 95 95 48 90 
59 0 70 49 40 62 36 46 31 
64 70 0 118 33 51 89 98 88 
103 49 118 0 85 94 38 68 34 
62 40 33 85 0 33 56 78 55 
95 62 51 94 33 0 57 107 59 
95 36 89 38 56 57 0 77 6 
48 46 98 68 78 107 77 0 71 
90 31 88 34 55 59 6 71 0 
0 19 0 0 23657 0 0 0 28333 
19 0 0 87694 0 492 3940 0 0 
0 0 0 18968 1 0 26 0 0 
0 87694 18968 0 0 7776 0 0 0 
23657 0 1 0 0 33 0 57545 23433 
0 492 0 7776 33 0 42 0 749 
0 3940 26 0 0 42 0 1518 11 
0 0 0 0 57545 0 1518 0 260 
28333 0 0 0 23433 749 11 260 0 
0 0 13594 1458 0 4 16814 139 0 
0 0 0 1385 0 0 0 14 11 
13594 0 0 0 0 0 0 88361 19 
1458 1385 0 0 7811 0 0 34 0 
0 0 0 7811 0 0 49381 0 0 
4 0 0 0 0 0 24 34 0 
16814 0 0 0 49381 24 0 0 0 
139 14 88361 34 0 34 0 0 1016 
0 11 19 0 0 0 0 1016 0 
0 0 0 13 0 2870 30195 285 0 
0 0 4 0 341 0 0 3 166 
0 4 0 0 0 0 0 2 14 
13 0 0 0 3590 43 2252 0 243 
0 341 0 3590 0 17 7 0 0 
2870 0 0 43 17 0 34092 0 0 
30195 0 0 2252 7 34092 0 0 0 
285 3 2 0 0 0 0 0 0 
0 166 14 243 0 0 0 0 0 
