10 2
0 59 64 103 62 95 95 48 90 88 
59 0 70 49 40 62 36 46 31 30 
64 70 0 118 33 51 89 98 88 95 
103 49 118 0 85 94 38 68 34 23 
62 40 33 85 0 33 56 78 55 62 
95 62 51 94 33 0 57 107 59 71 
95 36 89 38 56 57 0 77 6 17 
48 46 98 68 78 107 77 0 71 63 
90 31 88 34 55 59 6 71 0 12 
88 30 95 23 62 71 17 63 12 0 
0 0 0 2879 13594 9 68535 4 0 0 
0 0 0 0 14 0 87694 24948 1 0 
0 0 0 9 0 93 73 290 1 0 
2879 0 9 0 0 0 0 0 0 25 
13594 14 0 0 0 0 18968 202 0 405 
9 0 93 0 0 0 47 0 51364 0 
68535 87694 73 0 18968 47 0 0 0 0 
4 24948 290 0 202 0 0 0 8 4 
0 1 1 0 0 51364 0 8 0 82 
0 0 0 25 405 0 0 4 82 0 
0 50 284 0 0 0 0 0 72 84456 
50 0 930 295 0 15219 0 0 0 22838 
284 930 0 0 7391 0 0 0 0 7474 
0 295 0 0 4 586 6 24651 1 0 
0 0 7391 4 0 3519 0 0 7811 0 
0 15219 0 586 3519 0 0 5 0 55 
0 0 0 6 0 0 0 27 167 2129 
0 0 0 24651 0 5 27 0 0 0 
72 0 0 1 7811 0 167 0 0 0 
84456 22838 7474 0 0 55 2129 0 0 0 
