30 3
0 59 64 103 62 95 95 48 90 88 90 112 64 139 74 53 26 148 87 89 78 107 103 6 100 177 116 85 94 32 
59 0 70 49 40 62 36 46 31 30 43 69 27 80 26 37 59 91 39 30 28 48 85 53 62 119 57 26 35 49 
64 70 0 118 33 51 89 98 88 95 64 73 48 126 97 33 87 124 64 86 63 108 150 62 58 154 114 86 89 33 
103 49 118 0 85 94 38 68 34 23 68 88 69 56 28 85 93 77 65 36 58 23 68 97 90 97 30 33 37 98 
62 40 33 85 0 33 56 78 55 62 34 51 15 94 66 8 77 96 33 53 30 75 125 57 38 126 81 53 55 32 
95 62 51 94 33 0 57 107 59 71 25 22 37 82 84 42 110 75 28 57 37 76 147 91 7 104 78 61 57 65 
95 36 89 38 56 57 0 77 6 17 31 50 41 44 39 58 95 55 29 6 25 20 100 89 52 83 25 11 1 78 
48 46 98 68 78 107 77 0 71 63 90 115 69 117 41 71 27 133 86 71 75 81 55 45 108 159 90 66 76 65 
90 31 88 34 55 59 6 71 0 12 34 55 39 49 33 57 89 61 31 2 25 20 94 84 56 89 27 5 5 75 
88 30 95 23 62 71 17 63 12 0 46 67 46 53 23 63 84 69 43 14 35 19 82 82 68 95 28 10 16 78 
90 43 64 68 34 25 31 90 34 46 0 25 25 61 61 41 99 61 3 32 15 51 124 84 22 92 53 36 32 65 
112 69 73 88 51 22 50 115 55 67 25 0 49 63 86 60 123 54 29 53 40 67 148 107 15 82 66 58 51 84 
64 27 48 69 15 37 41 69 39 46 25 49 0 81 52 17 74 86 23 37 16 60 112 58 38 116 66 37 40 40 
139 80 126 56 94 82 44 117 49 53 61 63 81 0 75 99 137 23 62 50 65 36 125 133 74 41 27 54 45 121 
74 26 97 28 66 84 39 41 33 23 61 86 52 75 0 64 65 92 58 34 47 39 62 69 83 117 49 28 38 73 
53 37 33 85 8 42 58 71 57 63 41 60 17 99 64 0 69 102 39 55 34 77 120 48 46 132 83 54 58 24 
26 59 87 93 77 110 95 27 89 84 99 123 74 137 65 69 0 150 95 88 85 103 79 26 113 178 112 83 93 54 
148 91 124 77 96 75 55 133 61 69 61 54 86 23 92 102 150 0 63 62 70 55 146 142 68 30 47 67 57 126 
87 39 64 65 33 28 29 86 31 43 3 29 23 62 58 39 95 63 0 29 11 49 121 81 25 93 52 33 29 63 
89 30 86 36 53 57 6 71 2 14 32 53 37 50 34 55 88 62 29 0 23 22 95 83 54 89 29 5 5 73 
78 28 63 58 30 37 25 75 25 35 15 40 16 65 47 34 85 70 11 23 0 45 110 72 35 100 50 25 25 56 
107 48 108 23 75 76 20 81 20 19 51 67 60 36 39 77 103 55 49 22 45 0 91 101 71 77 9 23 20 95 
103 85 150 68 125 147 100 55 94 82 124 148 112 125 62 120 79 146 121 95 110 91 0 100 146 164 99 90 98 119 
6 53 62 97 57 91 89 45 84 82 84 107 58 133 69 48 26 142 81 83 72 101 100 0 95 171 110 79 88 29 
100 62 58 90 38 7 52 108 56 68 22 15 38 74 83 46 113 68 25 54 35 71 146 95 0 97 72 58 53 70 
177 119 154 97 126 104 83 159 89 95 92 82 116 41 117 132 178 30 93 89 100 77 164 171 97 0 68 94 84 156 
116 57 114 30 81 78 25 90 27 28 53 66 66 27 49 83 112 47 52 29 50 9 99 110 72 68 0 31 25 102 
85 26 86 33 53 61 11 66 5 10 36 58 37 54 28 54 83 67 33 5 25 23 90 79 58 94 31 0 10 72 
94 35 89 37 55 57 1 76 5 16 32 51 40 45 38 58 93 57 29 5 25 20 98 88 53 84 25 10 0 78 
32 49 33 98 32 65 78 65 75 78 65 84 40 121 73 24 54 126 63 73 56 95 119 29 70 156 102 72 78 0 
0 0 23410 0 0 2599 3 0 614 0 24285 59 26 0 0 16783 0 2 59272 0 0 0 0 71020 0 0 0 0 62083 13 
0 0 0 0 133 6 82 0 1161 0 14 0 0 10 35 53 206 1 0 28494 0 7 1953 40 1 4877 0 99 2 0 
23410 0 0 31339 36 0 0 39512 1 6 0 2 0 17 38602 2 249 35496 399 2 0 138 0 21 0 0 19542 0 1 0 
0 0 31339 0 41 61 3142 392 0 702 18 19 0 0 0 171 5485 0 68851 15 0 0 0 3796 0 0 9291 0 79 0 
0 133 36 41 0 38597 855 24 371 0 4518 2 0 0 0 0 1 34636 1734 0 6 15311 3612 45 92330 301 61719 5446 0 161 
2599 6 0 61 38597 0 983 0 0 823 34 0 0 637 0 6 669 24340 0 6 0 0 42221 4 38 0 0 5673 16442 0 
3 82 0 3142 855 983 0 2 0 0 69399 91344 20374 6662 886 10112 0 1 0 0 0 0 0 0 109 0 1044 0 0 0 
0 0 39512 392 24 0 2 0 14553 36851 1073 0 0 0 472 0 768 0 4121 0 0 0 8444 27187 0 0 0 0 76 0 
614 1161 1 0 371 0 0 14553 0 0 0 0 1 0 0 0 13050 0 7 0 18737 6 8132 0 5391 6 0 0 12676 303 
0 0 6 702 0 823 0 36851 0 0 42698 0 0 275 65 10 0 0 0 0 0 0 3925 0 5705 1 3801 6862 56737 0 
24285 14 0 18 4518 34 69399 1073 0 42698 0 357 2582 0 182 0 0 1 0 0 0 762 0 0 14986 1907 28 0 0 71499 
59 0 2 19 2 0 91344 0 0 0 357 0 0 910 95125 23 0 11154 4 0 6071 0 0 1491 15752 0 79 0 9007 0 
26 0 0 0 0 0 20374 0 1 0 2582 0 0 6324 1 0 0 0 1720 1 1 4 10765 79 2024 0 53 0 8393 36373 
0 10 17 0 0 637 6662 0 0 275 0 910 6324 0 0 60 0 1529 24128 0 0 204 77 0 0 0 593 0 0 0 
0 35 38602 0 0 0 886 472 0 65 182 95125 1 0 0 13009 0 61166 0 0 0 8 0 0 814 39 0 0 0 0 
16783 53 2 171 0 6 10112 0 0 10 0 23 0 60 13009 0 59803 18454 0 711 0 0 0 18837 28 1 72569 567 0 0 
0 206 249 5485 1 669 0 768 13050 0 0 0 0 0 0 59803 0 0 0 0 2288 0 0 418 3335 0 0 472 0 105 
2 1 35496 0 34636 24340 1 0 0 0 1 11154 0 1529 61166 18454 0 0 1 984 8 0 0 0 23808 0 5 0 0 15326 
59272 0 399 68851 1734 0 0 4121 7 0 0 4 1720 24128 0 0 0 1 0 20 94 92622 0 0 918 0 0 0 0 4 
0 28494 2 15 0 6 0 0 0 0 0 0 1 0 0 711 0 984 20 0 9 24 0 0 0 0 605 12936 4 4437 
0 0 0 0 6 0 0 0 18737 0 0 6071 1 0 0 0 2288 8 94 9 0 48 3949 8074 0 1 121 21 0 0 
0 7 138 0 15311 0 0 0 6 0 762 0 4 204 8 0 0 0 92622 24 48 0 0 0 0 2 0 3 3485 0 
0 1953 0 0 3612 42221 0 8444 8132 3925 0 0 10765 77 0 0 0 0 0 0 3949 0 0 0 0 79 1 0 89632 172 
71020 40 21 3796 45 4 0 27187 0 0 0 1491 79 0 0 18837 418 0 0 0 8074 0 0 0 0 21 72775 0 0 0 
0 1 0 0 92330 38 109 0 5391 5705 14986 15752 2024 0 814 28 3335 23808 918 0 0 0 0 0 0 0 4734 0 0 0 
0 4877 0 0 301 0 0 0 6 1 1907 0 0 0 39 1 0 0 0 0 1 2 79 21 0 0 56 69 0 0 
0 0 19542 9291 61719 0 1044 0 0 3801 28 79 53 593 0 72569 0 5 0 605 121 0 1 72775 4734 56 0 0 0 12 
0 99 0 0 5446 5673 0 0 0 6862 0 0 0 0 0 567 472 0 0 12936 21 3 0 0 0 69 0 0 4897 20766 
62083 2 1 79 0 16442 0 76 12676 56737 0 9007 8393 0 0 0 0 0 0 4 0 3485 89632 0 0 0 0 4897 0 1 
13 0 0 0 161 0 0 0 303 0 71499 0 36373 0 0 0 105 15326 4 4437 0 0 172 0 0 0 12 20766 1 0 
0 0 0 0 0 0 85705 7 0 3 0 0 0 48570 0 0 0 0 0 3726 5 240 1801 101 5435 3748 13 16 18494 0 
0 0 1081 34 0 0 51760 0 0 21454 30 14 0 94926 0 0 0 0 22 0 0 0 0 0 0 0 0 44712 0 0 
0 1081 0 4 376 6540 1837 23178 0 0 7 1236 3 0 15469 0 0 0 0 0 0 0 1290 65 49 7066 0 12 40417 13 
0 34 4 0 0 4042 21 0 8 0 0 0 321 9 9 0 0 0 0 14622 7565 0 0 1272 2903 4159 0 22 0 21 
0 0 376 0 0 0 0 875 0 0 0 17365 0 148 6 1 0 0 0 19876 0 0 1 2340 0 0 0 0 1 41180 
0 0 6540 4042 0 0 20986 11305 0 8 832 5703 3 4118 31952 59 0 0 3533 98278 681 0 0 274 0 1163 0 0 0 1770 
85705 51760 1837 21 0 20986 0 2 8 27 2841 0 0 0 0 0 0 0 10153 9452 4 0 0 0 0 1362 15 2 4 16 
7 0 23178 0 875 11305 2 0 8 0 0 2 58077 0 0 3930 0 22369 0 31430 18729 1 0 3 19 29 14797 133 0 18718 
0 0 0 8 0 0 8 8 0 4070 51 72 0 0 27892 0 0 7538 278 10 0 16275 0 399 0 0 196 15942 974 22 
3 21454 0 0 0 8 27 0 4070 0 0 0 12 0 0 0 0 0 0 109 5 4 0 40 0 1 0 0 326 0 
0 30 7 0 0 832 2841 0 51 0 0 0 0 0 0 36167 0 3 0 0 37908 0 12 19194 0 0 0 133 8859 0 
0 14 1236 0 17365 5703 0 2 72 0 0 0 53 0 0 1211 1833 0 0 0 0 3 9472 0 0 9687 67 64182 22 25888 
0 0 3 321 0 3 0 58077 0 12 0 53 0 0 0 7072 0 1 772 87 0 0 0 0 5583 11689 0 295 190 0 
48570 94926 0 9 148 4118 0 0 0 0 0 0 0 0 28 0 28 0 10 188 1 2 0 989 13 0 0 24 485 0 
0 0 15469 9 6 31952 0 0 27892 0 0 0 0 28 0 1500 1215 0 0 0 0 0 6260 0 0 0 0 1326 1073 0 
0 0 0 0 1 59 0 3930 0 0 36167 1211 7072 0 1500 0 0 0 13 0 0 28 4 0 0 0 0 0 31 0 
0 0 0 0 0 0 0 0 0 0 0 1833 0 28 1215 0 0 882 33 54 0 3 93 0 0 0 3 2 5906 0 
0 0 0 0 0 0 0 22369 7538 0 3 0 1 0 0 0 882 0 388 14006 0 1128 41963 1 63650 0 0 1 0 0 
0 22 0 0 0 3533 10153 0 278 0 0 0 772 10 0 13 33 388 0 0 0 0 72 7 0 2418 0 5421 190 19521 
3726 0 0 14622 19876 98278 9452 31430 10 109 0 0 87 188 0 0 54 14006 0 0 84156 0 0 0 83 174 0 36767 0 0 
5 0 0 7565 0 681 4 18729 0 5 37908 0 0 1 0 0 0 0 0 84156 0 0 0 0 0 0 0 1067 1 0 
240 0 0 0 0 0 0 1 16275 4 0 3 0 2 0 28 3 1128 0 0 0 0 1991 3 596 0 0 0 0 0 
1801 0 1290 0 1 0 0 0 0 0 12 9472 0 0 6260 4 93 41963 72 0 0 1991 0 4664 0 25 0 0 0 28683 
101 0 65 1272 2340 274 0 3 399 40 19194 0 0 989 0 0 0 1 7 0 0 3 4664 0 891 0 1150 1336 0 0 
5435 0 49 2903 0 0 0 19 0 0 0 0 5583 13 0 0 0 63650 0 83 0 596 0 891 0 14 0 99 0 85 
3748 0 7066 4159 0 1163 1362 29 0 1 0 9687 11689 0 0 0 0 0 2418 174 0 0 25 0 14 0 0 0 170 20175 
13 0 0 0 0 0 15 14797 196 0 0 67 0 0 0 0 3 0 0 0 0 0 0 1150 0 0 0 93 12817 25442 
16 44712 12 22 0 0 2 133 15942 0 133 64182 295 24 1326 0 2 1 5421 36767 1067 0 0 1336 99 0 93 0 523 0 
18494 0 40417 0 1 0 4 0 974 326 8859 22 190 485 1073 31 5906 0 190 0 1 0 0 0 0 170 12817 523 0 0 
0 0 13 21 41180 1770 16 18718 22 0 0 25888 0 0 0 0 0 0 19521 0 0 0 28683 0 85 20175 25442 0 0 0 
0 7 0 12052 3 0 17 9288 751 308 32 549 0 3165 42 0 51269 347 0 2 0 2 139 12 22905 18 39 146 0 0 
7 0 1186 8105 0 0 60759 0 0 10512 0 987 0 0 0 74 45 5668 0 0 851 0 256 0 0 1362 1446 1032 0 183 
0 1186 0 0 0 30524 11 0 0 0 4098 0 1707 0 0 14 0 34 0 0 2962 17780 37651 0 77416 1 0 11 0 0 
12052 8105 0 0 0 0 0 0 57 495 0 722 412 0 3490 0 0 39 0 0 862 15849 817 0 56093 0 0 3 0 36 
3 0 0 0 0 14 206 197 0 0 0 0 0 1 48 15089 0 0 0 7230 0 0 0 0 0 0 0 0 4 57445 
0 0 30524 0 14 0 0 97 1 0 7 3349 0 0 136 0 0 0 267 0 0 14 0 0 68 4461 6726 2 0 12177 
17 60759 11 0 206 0 0 0 2006 30634 0 405 0 0 0 0 4 0 55 0 0 13099 621 31985 0 43420 2320 83074 0 2495 
9288 0 0 0 197 97 0 0 0 3530 0 14 10815 31301 38923 9 0 12 0 0 32986 36863 0 0 47 358 74509 15090 29378 5 
751 0 0 57 0 1 2006 0 0 11 35 9343 0 5 11972 0 0 6 0 0 0 0 12090 31 0 1 6363 78460 0 0 
308 10512 0 495 0 0 30634 3530 11 0 0 3 4196 0 0 0 92686 4700 0 80813 47 0 0 1 0 0 1667 43911 0 0 
32 0 4098 0 0 7 0 0 35 0 0 0 12954 6247 22 714 0 0 0 4 74 0 3 0 0 0 0 42 7886 0 
549 987 0 722 0 3349 405 14 9343 3 0 0 96 0 0 0 0 0 0 550 0 554 0 0 0 964 0 297 0 0 
0 0 1707 412 0 0 0 10815 0 4196 12954 96 0 0 0 2 599 3030 0 0 0 0 0 12 0 0 0 5 9019 0 
3165 0 0 0 1 0 0 31301 5 0 6247 0 0 0 0 0 2295 0 938 37247 21 0 0 1 16 33 479 17 42613 62 
42 0 0 3490 48 136 0 38923 11972 0 22 0 0 0 0 0 0 0 0 27207 0 24536 17973 8 0 0 23972 4 0 0 
0 74 14 0 15089 0 0 9 0 0 714 0 2 0 0 0 0 0 48993 0 2 82438 75313 47055 1 0 0 0 5108 0 
51269 45 0 0 0 0 4 0 0 92686 0 0 599 2295 0 0 0 83174 0 273 0 352 15 44 0 11116 12 0 7 0 
347 5668 34 39 0 0 0 12 6 4700 0 0 3030 0 0 0 83174 0 44 273 0 0 30622 13 24988 28 0 331 41 0 
0 0 0 0 0 267 55 0 0 0 0 0 0 938 0 48993 0 44 0 18836 19 0 7686 63417 0 66707 7 1955 0 0 
2 0 0 0 7230 0 0 0 0 80813 4 550 0 37247 27207 0 273 273 18836 0 21380 85 0 0 2907 241 23 0 0 1 
0 851 2962 862 0 0 0 32986 0 47 74 0 0 21 0 2 0 0 19 21380 0 0 0 0 22 0 15799 2 40316 0 
2 0 17780 15849 0 14 13099 36863 0 0 0 554 0 0 24536 82438 352 0 0 85 0 0 351 10110 0 0 25506 0 50 1 
139 256 37651 817 0 0 621 0 12090 0 3 0 0 0 17973 75313 15 30622 7686 0 0 351 0 0 526 1922 0 438 0 1 
12 0 0 0 0 0 31985 0 31 1 0 0 12 1 8 47055 44 13 63417 0 0 10110 0 0 0 0 0 0 592 8 
22905 0 77416 56093 0 68 0 47 0 0 0 0 0 16 0 1 0 24988 0 2907 22 0 526 0 0 151 0 0 0 2 
18 1362 1 0 0 4461 43420 358 1 0 0 964 0 33 0 0 11116 28 66707 241 0 0 1922 0 151 0 0 1 0 0 
39 1446 0 0 0 6726 2320 74509 6363 1667 0 0 0 479 23972 0 12 0 7 23 15799 25506 0 0 0 0 0 4355 13 0 
146 1032 11 3 0 2 83074 15090 78460 43911 42 297 5 17 4 0 0 331 1955 0 2 0 438 0 0 1 4355 0 0 17 
0 0 0 0 4 0 0 29378 0 0 7886 0 9019 42613 0 5108 7 41 0 0 40316 50 0 592 0 0 13 0 0 11837 
0 183 0 36 57445 12177 2495 5 0 0 0 0 0 62 0 0 0 0 0 1 0 1 1 8 2 0 0 17 11837 0 
