7 3
0 59 64 103 62 95 95 
59 0 70 49 40 62 36 
64 70 0 118 33 51 89 
103 49 118 0 85 94 38 
62 40 33 85 0 33 56 
95 62 51 94 33 0 57 
95 36 89 38 56 57 0 
0 24943 0 23911 0 4 138 
24943 0 0 1 140 274 4238 
0 0 0 26 0 0 0 
23911 1 26 0 0 0 23624 
0 140 0 0 0 0 35194 
4 274 0 0 0 0 0 
138 4238 0 23624 35194 0 0 
0 0 1014 0 1010 0 0 
0 0 19 0 0 0 0 
1014 19 0 0 0 1 3367 
0 0 0 0 109 0 0 
1010 0 0 109 0 19 0 
0 0 1 0 19 0 2079 
0 0 3367 0 0 2079 0 
0 0 4 0 5051 0 0 
0 0 9 0 0 0 0 
4 9 0 0 503 87105 161 
0 0 0 0 11 7 0 
5051 0 503 11 0 83064 0 
0 0 87105 7 83064 0 2 
0 0 161 0 0 2 0 
