20 4
0 123 17 72 89 90 77 84 122 70 141 118 117 117 58 85 94 145 69 99 
123 0 116 51 121 48 96 115 59 63 25 47 40 16 64 39 31 87 58 23 
17 116 0 64 101 90 86 66 108 71 133 119 117 113 52 81 90 150 68 93 
72 51 64 0 97 39 71 77 62 33 69 64 60 49 13 21 29 104 24 28 
89 121 101 97 0 73 26 158 158 64 146 84 88 106 88 88 93 82 73 107 
90 48 90 39 73 0 47 116 91 20 73 28 27 34 42 20 20 64 22 35 
77 96 86 71 26 47 0 136 132 38 121 63 66 81 63 62 67 73 47 81 
84 115 66 77 158 116 136 0 73 105 118 141 136 120 76 98 104 181 98 96 
122 59 108 62 158 91 132 73 0 94 51 103 96 73 74 71 70 145 85 56 
70 63 71 33 64 20 38 105 94 0 87 48 47 52 29 25 32 79 8 44 
141 25 133 69 146 73 121 118 51 87 0 70 64 41 83 62 55 108 81 43 
118 47 119 64 84 28 63 141 103 48 70 0 6 30 70 43 37 42 50 48 
117 40 117 60 88 27 66 136 96 47 64 6 0 24 67 39 32 48 48 42 
117 16 113 49 106 34 81 120 73 52 41 30 24 0 60 31 22 72 48 24 
58 64 52 13 88 42 63 76 74 29 83 70 67 60 0 29 38 107 21 41 
85 39 81 21 88 20 62 98 71 25 62 43 39 31 29 0 9 83 18 19 
94 31 90 29 93 20 67 104 70 32 55 37 32 22 38 9 0 79 27 14 
145 87 150 104 82 64 73 181 145 79 108 42 48 72 107 83 79 0 85 91 
69 58 68 24 73 22 47 98 85 8 81 50 48 48 21 18 27 85 0 37 
99 23 93 28 107 35 81 96 56 44 43 48 42 24 41 19 14 91 37 0 
0 1789 31909 490 23 1939 10 0 0 2 4192 0 10 12 1090 11 470 210 0 174 
1789 0 120 33 0 402 0 0 39006 21 2 143 0 9838 0 32 0 0 9941 0 
31909 120 0 10561 0 43683 1390 0 387 180 3732 0 1351 0 5328 0 0 0 0 0 
490 33 10561 0 0 4011 387 59 0 244 0 0 9787 64 0 0 73335 0 18 0 
23 0 0 0 0 9 0 371 699 3 28633 0 0 10911 0 1023 630 0 7751 0 
1939 402 43683 4011 9 0 41461 42 28 1 42284 0 1 0 13173 36225 24 1 0 0 
10 0 1390 387 0 41461 0 449 515 0 79999 0 0 0 7116 0 0 78 19382 95419 
0 0 0 59 371 42 449 0 159 209 204 56 14408 0 0 0 0 0 0 0 
0 39006 387 0 699 28 515 159 0 1 0 0 37881 0 3 0 0 111 3 10129 
2 21 180 244 3 1 0 209 1 0 0 6073 41490 15172 27 33990 69 3 2561 823 
4192 2 3732 0 28633 42284 79999 204 0 0 0 0 7478 0 47 18142 0 1 75 1 
0 143 0 0 0 0 0 56 0 6073 0 0 15 0 29628 0 0 32846 0 16706 
10 0 1351 9787 0 1 0 14408 37881 41490 7478 15 0 0 0 18035 340 0 0 12 
12 9838 0 64 10911 0 0 0 0 15172 0 0 0 0 0 0 185 0 0 1 
1090 0 5328 0 0 13173 7116 0 3 27 47 29628 0 0 0 12 0 0 0 0 
11 32 0 0 1023 36225 0 0 0 33990 18142 0 18035 0 12 0 43 0 61 1562 
470 0 0 73335 630 24 0 0 0 69 0 0 340 185 0 43 0 12 3 0 
210 0 0 0 0 1 78 0 111 3 1 32846 0 0 0 0 12 0 41 1154 
0 9941 0 18 7751 0 19382 0 3 2561 75 0 0 0 0 61 3 41 0 7961 
174 0 0 0 0 0 95419 0 10129 823 1 16706 12 1 0 1562 0 1154 7961 0 
0 80 51 1726 21 4086 10 0 1 16 2453 0 44 10 835 6 1880 107 0 60 
80 0 3133 245 12 12795 0 52 11546 1 0 20 0 7304 0 105 0 0 654 0 
51 3133 0 42260 0 1799 5918 0 105 52 282 0 422 0 3449 0 0 0 8 3 
1726 245 42260 0 0 6598 20 32 0 115 0 0 490 179 0 0 2395 0 81 0 
21 12 0 0 0 55 0 1993 83572 0 91071 0 0 8252 0 12 2128 0 11634 0 
4086 12795 1799 6598 55 0 17602 0 122 0 21665 0 0 0 1506 4066 37 0 0 0 
10 0 5918 20 0 17602 0 19 15418 0 91889 0 3 0 694 0 0 1 1548 36311 
0 52 0 32 1993 0 19 0 267 14 163 3428 4568 0 0 0 0 0 1 0 
1 11546 105 0 83572 122 15418 267 0 0 0 1 4265 0 2 0 0 1281 2 8645 
16 1 52 115 0 0 0 14 0 0 0 643 2665 457 30 3207 8 31 94280 27213 
2453 0 282 0 91071 21665 91889 163 0 0 0 0 135 0 265 17623 0 0 136 0 
0 20 0 0 0 0 0 3428 1 643 0 0 150 0 16699 0 0 85545 1 89265 
44 0 422 490 0 0 3 4568 4265 2665 135 150 0 0 0 10492 1078 0 0 1 
10 7304 0 179 8252 0 0 0 0 457 0 0 0 0 0 0 759 0 0 0 
835 0 3449 0 0 1506 694 0 2 30 265 16699 0 0 0 208 0 0 0 0 
6 105 0 0 12 4066 0 0 0 3207 17623 0 10492 0 208 0 602 0 0 1026 
1880 0 0 2395 2128 37 0 0 0 8 0 0 1078 759 0 602 0 7 19 0 
107 0 0 0 0 0 1 0 1281 31 0 85545 0 0 0 0 7 0 804 140 
0 654 8 81 11634 0 1548 1 2 94280 136 1 0 0 0 0 19 804 0 13795 
60 0 3 0 0 0 36311 0 8645 27213 0 89265 1 0 0 1026 0 140 13795 0 
0 123 95876 181 120 32 1161 0 0 0 142 5 13 0 152 0 74 22 0 65 
123 0 1149 349 25 1625 0 0 93174 27 144 1406 0 1114 0 6 0 0 70036 0 
95876 1149 0 126 0 2155 94 0 2100 133 302 0 66 0 40287 0 0 0 0 0 
181 349 126 0 0 17 21 31 0 2831 0 0 3620 1 0 0 8496 0 0 1 
120 25 0 0 0 2 0 642 41 2 1612 0 7 27732 0 193 539 0 24403 0 
32 1625 2155 17 2 0 2610 13 51 0 13231 0 7 0 35890 4406 2557 83 0 0 
1161 0 94 21 0 2610 0 2457 508 0 1716 0 0 0 154 0 0 191 19835 8029 
0 0 0 31 642 13 2457 0 26 2049 11 267 604 9 0 0 0 0 13 2 
0 93174 2100 0 41 51 508 26 0 1 0 11 50525 0 2 0 0 29102 0 22657 
0 27 133 2831 2 0 0 2049 1 0 0 20 13832 1348 231 1089 87 65 2673 1137 
142 144 302 0 1612 13231 1716 11 0 0 0 0 8375 0 319 19186 0 0 55 1 
5 1406 0 0 0 0 0 267 11 20 0 0 10 0 65928 0 0 942 0 2754 
13 0 66 3620 7 7 0 604 50525 13832 8375 10 0 0 0 7401 5463 19 0 1 
0 1114 0 1 27732 0 0 9 0 1348 0 0 0 0 0 0 128 0 0 1 
152 0 40287 0 0 35890 154 0 2 231 319 65928 0 0 0 0 0 0 0 0 
0 6 0 0 193 4406 0 0 0 1089 19186 0 7401 0 0 0 0 0 2 383 
74 0 0 8496 539 2557 0 0 0 87 0 0 5463 128 0 0 0 0 0 4 
22 0 0 0 0 83 191 0 29102 65 0 942 19 0 0 0 0 0 24 4145 
0 70036 0 0 24403 0 19835 13 0 2673 55 0 0 0 0 2 0 24 0 4538 
65 0 0 1 0 0 8029 2 22657 1137 1 2754 1 1 0 383 4 4145 4538 0 
0 2091 16999 6388 3 3797 0 0 0 1 5723 0 151 105 23 5 4 8086 0 2365 
2091 0 165 208 0 5 0 0 58557 0 4 105 0 2481 0 8 0 0 5256 0 
16999 165 0 3745 0 549 191 0 148 8 72 0 457 0 21101 0 0 0 0 0 
6388 208 3745 0 0 780 150 769 0 47 0 0 4049 619 0 0 88962 0 18 0 
3 0 0 0 0 0 0 468 20 3 84294 0 0 11728 0 8117 45 0 20515 0 
3797 5 549 780 0 0 62494 198 9 0 10055 14 6 0 45211 3455 16 0 0 0 
0 0 191 150 0 62494 0 167 1723 0 6974 0 0 0 7576 0 0 55 12215 12264 
0 0 0 769 468 198 167 0 918 20 194 410 2111 0 0 0 0 0 0 175 
0 58557 148 0 20 9 1723 918 0 4 0 0 34966 0 0 0 0 299 6 48333 
1 0 8 47 3 0 0 20 4 0 0 186 2140 11434 4 91527 1074 6 3058 247 
5723 4 72 0 84294 10055 6974 194 0 0 0 1 12794 0 140 1148 0 0 144 1 
0 105 0 0 0 14 0 410 0 186 1 0 0 0 5794 0 0 532 0 77737 
151 0 457 4049 0 6 0 2111 34966 2140 12794 0 0 0 0 712 15 0 0 0 
105 2481 0 619 11728 0 0 0 0 11434 0 0 0 0 0 0 1603 0 0 547 
23 0 21101 0 0 45211 7576 0 0 4 140 5794 0 0 0 6 0 0 0 0 
5 8 0 0 8117 3455 0 0 0 91527 1148 0 712 0 6 0 54 1 5576 304 
4 0 0 88962 45 16 0 0 0 1074 0 0 15 1603 0 54 0 0 0 0 
8086 0 0 0 0 0 55 0 299 6 0 532 0 0 0 1 0 0 4 86 
0 5256 0 18 20515 0 12215 0 6 3058 144 0 0 0 0 5576 0 4 0 1330 
2365 0 0 0 0 0 12264 175 48333 247 1 77737 0 547 0 304 0 86 1330 0 
