50 4
0 59 64 103 62 95 95 48 90 88 90 112 64 139 74 53 26 148 87 89 78 107 103 6 100 177 116 85 94 32 58 33 140 154 91 89 149 95 129 136 69 115 101 157 54 90 105 87 127 110 
59 0 70 49 40 62 36 46 31 30 43 69 27 80 26 37 59 91 39 30 28 48 85 53 62 119 57 26 35 49 19 41 84 96 32 30 99 39 70 86 73 69 42 98 15 31 60 28 82 56 
64 70 0 118 33 51 89 98 88 95 64 73 48 126 97 33 87 124 64 86 63 108 150 62 58 154 114 86 89 33 53 83 147 156 86 84 168 106 127 100 125 78 97 140 80 90 70 87 153 86 
103 49 118 0 85 94 38 68 34 23 68 88 69 56 28 85 93 77 65 36 58 23 68 97 90 97 30 33 37 98 65 74 38 53 38 38 50 11 35 90 81 85 32 73 48 31 81 32 37 63 
62 40 33 85 0 33 56 78 55 62 34 51 15 94 66 8 77 96 33 53 30 75 125 57 38 126 81 53 55 32 21 66 113 123 53 51 135 74 94 77 106 55 64 110 53 57 45 54 121 57 
95 62 51 94 33 0 57 107 59 71 25 22 37 82 84 42 110 75 28 57 37 76 147 91 7 104 78 61 57 65 46 97 112 117 56 55 139 82 90 49 135 27 64 93 77 62 20 61 131 41 
95 36 89 38 56 57 0 77 6 17 31 50 41 44 39 58 95 55 29 6 25 20 100 89 52 83 25 11 1 78 40 76 58 67 4 6 82 27 38 57 100 48 8 62 47 8 43 10 75 27 
48 46 98 68 78 107 77 0 71 63 90 115 69 117 41 71 27 133 86 71 75 81 55 45 108 159 90 66 76 65 60 15 106 121 74 72 107 64 101 132 28 116 80 136 31 70 107 68 82 102 
90 31 88 34 55 59 6 71 0 12 34 55 39 49 33 57 89 61 31 2 25 20 94 84 56 89 27 5 5 75 38 70 58 68 4 4 81 23 41 63 94 53 11 67 41 3 47 3 71 33 
88 30 95 23 62 71 17 63 12 0 46 67 46 53 23 63 84 69 43 14 35 19 82 82 68 95 28 10 16 78 43 65 53 65 16 16 72 11 40 74 84 65 17 72 36 9 59 10 60 45 
90 43 64 68 34 25 31 90 34 46 0 25 25 61 61 41 99 61 3 32 15 51 124 84 22 92 53 36 32 65 32 83 87 94 30 30 114 57 66 45 116 26 39 76 58 37 17 36 106 22 
112 69 73 88 51 22 50 115 55 67 25 0 49 63 86 60 123 54 29 53 40 67 148 107 15 82 66 58 51 84 57 108 98 101 51 51 128 77 76 27 142 5 56 73 84 58 8 57 125 26 
64 27 48 69 15 37 41 69 39 46 25 49 0 81 52 17 74 86 23 37 16 60 112 58 38 116 66 37 40 40 8 60 98 108 37 36 119 58 79 71 97 51 49 98 41 41 41 38 105 47 
139 80 126 56 94 82 44 117 49 53 61 63 81 0 75 99 137 23 62 50 65 36 125 133 74 41 27 54 45 121 83 118 42 40 48 50 74 54 23 49 136 59 38 18 89 49 61 52 82 40 
74 26 97 28 66 84 39 41 33 23 61 86 52 75 0 64 65 92 58 34 47 39 62 69 83 117 49 28 38 73 45 46 66 80 37 35 76 23 59 96 61 84 40 94 20 31 77 29 56 66 
53 37 33 85 8 42 58 71 57 63 41 60 17 99 64 0 69 102 39 55 34 77 120 48 46 132 83 54 58 24 20 58 115 125 55 53 135 74 97 85 99 63 67 115 48 58 53 55 119 63 
26 59 87 93 77 110 95 27 89 84 99 123 74 137 65 69 0 150 95 88 85 103 79 26 113 178 112 83 93 54 66 19 131 145 91 89 135 88 124 144 43 125 99 156 48 88 115 85 110 115 
148 91 124 77 96 75 55 133 61 69 61 54 86 23 92 102 150 0 63 62 70 55 146 142 68 30 47 67 57 126 90 132 65 61 59 61 97 73 46 31 154 49 52 20 102 63 55 65 105 39 
87 39 64 65 33 28 29 86 31 43 3 29 23 62 58 39 95 63 0 29 11 49 121 81 25 93 52 33 29 63 29 79 86 93 27 27 112 54 65 48 113 29 37 77 55 34 20 33 103 24 
89 30 86 36 53 57 6 71 2 14 32 53 37 50 34 55 88 62 29 0 23 22 95 83 54 89 29 5 5 73 36 70 60 70 2 2 83 25 42 62 94 51 12 68 40 5 45 4 73 32 
78 28 63 58 30 37 25 75 25 35 15 40 16 65 47 34 85 70 11 23 0 45 110 72 35 100 50 25 25 56 20 68 83 92 22 21 106 47 64 59 101 41 33 81 43 28 32 26 96 31 
107 48 108 23 75 76 20 81 20 19 51 67 60 36 39 77 103 55 49 22 45 0 91 101 71 77 9 23 20 95 58 84 38 48 22 24 62 18 21 67 100 64 12 54 55 18 60 21 58 41 
103 85 150 68 125 147 100 55 94 82 124 148 112 125 62 120 79 146 121 95 110 91 0 100 146 164 99 90 98 119 104 71 95 110 98 97 80 74 102 156 39 147 97 141 72 91 140 91 53 127 
6 53 62 97 57 91 89 45 84 82 84 107 58 133 69 48 26 142 81 83 72 101 100 0 95 171 110 79 88 29 52 29 135 148 85 83 144 89 123 130 68 109 95 151 48 84 99 81 122 104 
100 62 58 90 38 7 52 108 56 68 22 15 38 74 83 46 113 68 25 54 35 71 146 95 0 97 72 58 53 70 47 99 106 111 52 52 134 79 84 42 135 19 59 86 77 59 13 58 127 35 
177 119 154 97 126 104 83 159 89 95 92 82 116 41 117 132 178 30 93 89 100 77 164 171 97 0 68 94 84 156 120 159 73 63 87 89 103 95 62 57 177 77 78 23 130 89 84 92 117 69 
116 57 114 30 81 78 25 90 27 28 53 66 66 27 49 83 112 47 52 29 50 9 99 110 72 68 0 31 25 102 65 93 34 42 28 30 62 26 13 62 109 62 16 45 64 26 60 29 61 39 
85 26 86 33 53 61 11 66 5 10 36 58 37 54 28 54 83 67 33 5 25 23 90 79 58 94 31 0 10 72 35 65 61 72 8 7 82 21 44 68 89 57 16 72 35 5 50 2 70 37 
94 35 89 37 55 57 1 76 5 16 32 51 40 45 38 58 93 57 29 5 25 20 98 88 53 84 25 10 0 78 40 75 58 67 3 5 82 26 39 58 99 49 8 63 45 7 44 8 74 28 
32 49 33 98 32 65 78 65 75 78 65 84 40 121 73 24 54 126 63 73 56 95 119 29 70 156 102 72 78 0 37 50 132 144 75 73 148 88 116 109 92 87 86 138 53 76 77 73 129 87 
58 19 53 65 21 46 40 60 38 43 32 57 8 83 45 20 66 90 29 36 20 58 104 52 47 120 65 35 40 37 0 51 96 106 37 35 115 54 79 78 89 58 48 100 32 39 48 36 100 51 
33 41 83 74 66 97 76 15 70 65 83 108 60 118 46 58 19 132 79 70 68 84 71 29 99 159 93 65 75 50 51 0 112 127 72 70 118 69 105 127 42 109 80 137 29 69 99 67 94 98 
140 84 147 38 113 112 58 106 58 53 87 98 98 42 66 115 131 65 86 60 83 38 95 135 106 73 34 61 58 132 96 112 0 15 60 62 32 45 22 90 116 94 49 51 86 56 94 59 44 72 
154 96 156 53 123 117 67 121 68 65 94 101 108 40 80 125 145 61 93 70 92 48 110 148 111 63 42 72 67 144 106 127 15 0 70 71 40 58 28 89 132 97 58 43 99 67 98 70 58 76 
91 32 86 38 53 56 4 74 4 16 30 51 37 48 37 55 91 59 27 2 22 22 98 85 52 87 28 8 3 75 37 72 60 70 0 2 84 27 42 59 97 49 11 66 43 7 43 7 75 29 
89 30 84 38 51 55 6 72 4 16 30 51 36 50 35 53 89 61 27 2 21 24 97 83 52 89 30 7 5 73 35 70 62 71 2 0 85 27 43 60 96 49 13 68 41 7 43 6 75 30 
149 99 168 50 135 139 82 107 81 72 114 128 119 74 76 135 135 97 112 83 106 62 80 144 134 103 62 82 82 148 115 118 32 40 84 85 0 61 54 122 110 124 75 83 97 78 122 81 27 101 
95 39 106 11 74 82 27 64 23 11 57 77 58 54 23 74 88 73 54 25 47 18 74 89 79 95 26 21 26 88 54 69 45 58 27 27 61 0 36 82 82 75 23 72 41 20 70 21 49 53 
129 70 127 35 94 90 38 101 41 40 66 76 79 23 59 97 124 46 65 42 64 21 102 123 84 62 13 44 39 116 79 105 22 28 42 43 54 36 0 68 117 72 30 38 76 39 71 43 59 49 
136 86 100 90 77 49 57 132 63 74 45 27 71 49 96 85 144 31 48 62 59 67 156 130 42 57 62 68 58 109 78 127 90 89 59 60 122 82 68 0 156 23 59 52 100 65 32 66 124 30 
69 73 125 81 106 135 100 28 94 84 116 142 97 136 61 99 43 154 113 94 101 100 39 68 135 177 109 89 99 92 89 42 116 132 97 96 110 82 117 156 0 142 101 154 58 92 133 90 83 126 
115 69 78 85 55 27 48 116 53 65 26 5 51 59 84 63 125 49 29 51 41 64 147 109 19 77 62 57 49 87 58 109 94 97 49 49 124 75 72 23 142 0 53 68 84 56 9 56 122 23 
101 42 97 32 64 64 8 80 11 17 39 56 49 38 40 67 99 52 37 12 33 12 97 95 59 78 16 16 8 86 48 80 49 58 11 13 75 23 30 59 101 53 0 56 51 11 49 14 69 30 
157 98 140 73 110 93 62 136 67 72 76 73 98 18 94 115 156 20 77 68 81 54 141 151 86 23 45 72 63 138 100 137 51 43 66 68 83 72 38 52 154 68 56 0 107 67 72 70 95 53 
54 15 80 48 53 77 47 31 41 36 58 84 41 89 20 48 48 102 55 40 43 55 72 48 77 130 64 35 45 53 32 29 86 99 43 41 97 41 76 100 58 84 51 107 0 40 75 37 76 70 
90 31 90 31 57 62 8 70 3 9 37 58 41 49 31 58 88 63 34 5 28 18 91 84 59 89 26 5 7 76 39 69 56 67 7 7 78 20 39 65 92 56 11 67 40 0 50 3 68 35 
105 60 70 81 45 20 43 107 47 59 17 8 41 61 77 53 115 55 20 45 32 60 140 99 13 84 60 50 44 77 48 99 94 98 43 43 122 70 71 32 133 9 49 72 75 50 0 50 118 21 
87 28 87 32 54 61 10 68 3 10 36 57 38 52 29 55 85 65 33 4 26 21 91 81 58 92 29 2 8 73 36 67 59 70 7 6 81 21 43 66 90 56 14 70 37 3 50 0 70 36 
127 82 153 37 121 131 75 82 71 60 106 125 105 82 56 119 110 105 103 73 96 58 53 122 127 117 61 70 74 129 100 94 44 58 75 75 27 49 59 124 83 122 69 95 76 68 118 70 0 99 
110 56 86 63 57 41 27 102 33 45 22 26 47 40 66 63 115 39 24 32 31 41 127 104 35 69 39 37 28 87 51 98 72 76 29 30 101 53 49 30 126 23 30 53 70 35 21 36 99 0 
0 0 23 0 9706 8393 136 0 97 0 0 0 52 0 2 1549 0 0 0 287 0 0 0 0 348 0 0 0 0 157 51 1 79814 713 0 0 1 0 3 0 0 56 0 0 20156 0 0 0 9 5 
0 0 0 1 0 589 1 50 7 6 0 1496 10113 1233 0 0 0 82208 0 0 0 0 0 47779 0 0 91548 0 0 0 11 13010 0 0 7995 0 2 10 246 29480 0 0 0 0 981 0 4646 0 0 0 
23 0 0 22369 0 0 399 1786 77452 0 0 0 119 2 36584 0 0 182 0 2 0 688 0 6029 0 0 0 2377 2069 62 0 39831 451 0 283 8 0 91 7 0 37377 51939 0 35 0 5 41042 91676 43676 633 
0 1 22369 0 0 3485 0 0 2570 3512 0 0 39312 0 0 21 0 358 0 0 0 27089 1 0 0 5358 50 7923 1 0 65 53032 28 1 2 3543 1 2 0 3 0 2830 808 1 0 4692 616 11 0 193 
9706 0 0 0 0 0 0 0 0 10 0 0 15 0 0 0 0 0 192 43 0 0 0 0 3070 41983 1 118 0 0 0 29 0 0 0 0 0 254 319 0 253 1655 15 441 112 0 357 0 0 0 
8393 589 0 3485 0 0 213 90 67 0 0 786 3 2 75262 0 0 0 2586 0 2 0 13136 11501 9913 12 32791 0 0 0 3 5 11 11 0 96732 3 14 56127 0 4238 2 21 0 0 0 0 13849 80961 0 
136 1 399 0 0 213 0 1612 672 0 0 0 0 11676 33 28 0 641 0 0 12 0 86915 4 0 0 47 0 0 0 0 0 0 0 0 3550 23018 0 1299 0 0 0 0 181 295 49060 0 0 0 0 
0 50 1786 0 0 90 1612 0 0 0 0 36 1 1 16639 43 23255 0 590 244 12211 0 9346 9400 0 6385 15 1050 0 3318 0 12345 0 0 14 0 0 3543 0 0 0 26044 0 0 2 18 0 370 0 2 
97 7 77452 2570 0 67 672 0 0 8 15381 7020 0 25 0 1 0 0 1657 56013 33309 0 130 5604 0 0 1926 0 3288 18 587 0 2 3238 81 3623 0 0 810 0 61355 16 0 0 0 1018 0 0 2 11714 
0 6 0 3512 10 0 0 0 8 0 14 0 0 0 0 0 0 0 827 453 0 129 0 16 32024 0 0 95661 0 11587 1968 41237 1519 0 0 0 0 1 99625 123 3426 0 5 0 0 0 0 91 1309 194 
0 0 0 0 0 0 0 0 15381 14 0 0 0 0 0 0 4725 21 4871 0 1150 0 0 0 0 0 21 3 0 0 663 0 0 0 0 0 27682 41288 40824 0 0 0 1 0 0 0 3 29 0 11 
0 1496 0 0 0 786 0 36 7020 0 0 0 0 2 0 6351 396 0 0 0 2073 1174 0 0 41863 0 0 0 63 0 0 0 0 6 0 106 0 0 1 598 0 0 3406 2 52296 0 9707 44158 0 576 
52 10113 119 39312 15 3 0 1 0 0 0 0 0 0 0 0 0 0 0 4 50 0 0 52 0 1418 0 0 32 0 0 21 0 21406 0 5534 1079 15 36420 0 38 3656 0 0 2111 0 0 0 3104 88098 
0 1233 2 0 0 2 11676 1 25 0 0 2 0 0 0 6399 0 0 15553 0 55 0 15228 55 1520 264 0 0 0 1667 7 0 0 11567 1056 0 1381 10 90 0 17 0 0 0 4 4214 0 0 5753 5 
2 0 36584 0 0 75262 33 16639 0 0 0 0 0 0 0 6 0 0 241 0 1740 5 1 0 0 0 307 1 23386 14 0 0 37 11822 0 56991 0 0 606 0 0 17 0 0 6557 0 0 0 4 3 
1549 0 0 21 0 0 28 43 1 0 0 6351 0 6399 6 0 35 0 0 17592 9713 0 2 504 260 2 119 473 0 0 0 0 183 3152 0 0 1168 0 0 0 1093 3007 45 0 0 678 0 0 0 0 
0 0 0 0 0 0 0 23255 0 0 4725 396 0 0 0 35 0 0 2964 0 0 27 2 0 1 0 11232 9 17 0 0 217 50469 0 23778 4737 44882 7118 9 46 0 11328 1701 4 0 1526 218 68908 74204 441 
0 82208 182 358 0 0 641 0 0 0 21 0 0 0 0 0 0 0 0 0 0 0 30 49 32 0 2 537 0 0 0 11 0 1 0 93260 0 0 0 0 0 0 0 8 148 0 0 0 0 0 
0 0 0 0 192 2586 0 590 1657 827 4871 0 0 15553 241 0 2964 0 0 0 3721 0 0 223 0 4677 0 104 0 1 241 659 69 0 240 62201 135 0 4 7 1 0 0 0 0 0 0 0 4 2 
287 0 2 0 43 0 0 244 56013 453 0 0 4 0 0 17592 0 0 0 0 599 54088 0 0 316 0 1490 0 0 0 0 81 0 29 1 7 0 0 41 0 0 232 0 3 0 105 0 0 0 45429 
0 0 0 0 0 2 12 12211 33309 0 1150 2073 50 55 1740 9713 0 0 3721 599 0 5223 0 0 0 0 0 0 0 0 0 1254 840 48 0 6817 11001 1442 0 21665 4489 4402 5 178 1 1 1 12 0 4 
0 0 688 27089 0 0 0 0 0 129 0 1174 0 0 5 0 27 0 0 54088 5223 0 13 0 0 0 12225 0 27368 0 1 0 4 17154 0 215 0 10510 0 0 11672 2864 0 218 0 2221 826 56 0 2504 
0 0 0 1 0 13136 86915 9346 130 0 0 0 0 15228 1 2 2 30 0 0 0 13 0 641 0 372 7 0 20 0 0 0 0 29012 0 352 0 13 76280 0 197 0 0 18 0 0 0 49477 2190 31 
0 47779 6029 0 0 11501 4 9400 5604 16 0 0 52 55 0 504 0 49 223 0 0 0 641 0 27 5157 0 0 0 0 0 0 0 31279 1493 27101 0 1324 90 0 9 1 100 1266 76467 0 104 0 0 4 
348 0 0 0 3070 9913 0 0 0 32024 0 41863 0 1520 0 260 1 32 0 316 0 0 0 27 0 0 1463 328 19 0 382 15820 415 0 0 10 0 6867 133 92428 0 9654 1 3 32 280 0 552 3 0 
0 0 0 5358 41983 12 0 6385 0 0 0 0 1418 264 0 2 0 0 4677 0 0 0 372 5157 0 0 3 0 0 33 3776 0 0 0 9446 0 0 0 0 0 299 1543 0 2733 0 54707 0 0 0 52446 
0 91548 0 50 1 32791 47 15 1926 0 21 0 0 0 307 119 11232 2 0 1490 0 12225 7 0 1463 3 0 0 0 0 10 305 30009 58 0 0 2 393 0 447 0 23 0 0 525 0 18927 0 55 0 
0 0 2377 7923 118 0 0 1050 0 95661 3 0 0 0 1 473 9 537 104 0 0 0 0 0 328 0 0 0 0 925 27 129 389 0 36065 19 48 0 0 0 0 22 0 0 0 0 0 7853 912 0 
0 0 2069 1 0 0 0 0 3288 0 0 63 32 0 23386 0 17 0 0 0 0 27368 20 0 19 0 0 0 0 0 0 23 8 0 0 320 0 42081 0 0 40 1795 60188 0 0 289 30 0 29399 0 
157 0 62 0 0 0 0 3318 18 11587 0 0 0 1667 14 0 0 0 1 0 0 0 0 0 0 33 0 925 0 0 0 167 9649 0 0 43 0 0 45085 0 33 7350 30520 0 181 100 16333 3388 114 0 
51 11 0 65 0 3 0 0 587 1968 663 0 0 7 0 0 0 0 241 0 0 1 0 0 382 3776 10 27 0 0 0 0 14 124 0 6 0 15286 0 2673 752 37718 1 0 8 0 4 445 54289 4849 
1 13010 39831 53032 29 5 0 12345 0 41237 0 0 21 0 0 0 217 11 659 81 1254 0 0 0 15820 0 305 129 23 167 0 0 3185 0 18221 11 560 2485 1121 0 0 246 4 18 202 180 111 0 188 0 
79814 0 451 28 0 11 0 0 2 1519 0 0 0 0 37 183 50469 0 69 0 840 4 0 0 415 0 30009 389 8 9649 14 3185 0 2369 6 0 0 1 0 0 4 0 0 17171 35 0 0 0 48013 0 
713 0 0 1 0 11 0 0 3238 0 0 6 21406 11567 11822 3152 0 1 0 29 48 17154 29012 31279 0 0 58 0 0 0 124 0 2369 0 1168 16742 0 561 0 0 42700 6965 0 0 3951 0 362 2 23 4 
0 7995 283 2 0 0 0 14 81 0 0 0 0 1056 0 0 23778 0 240 1 0 0 0 1493 0 9446 0 36065 0 0 0 18221 6 1168 0 1664 220 734 0 429 1 0 14 66 0 0 4 0 0 14 
0 0 8 3543 0 96732 3550 0 3623 0 0 106 5534 0 56991 0 4737 93260 62201 7 6817 215 352 27101 10 0 0 19 320 43 6 11 0 16742 1664 0 14593 12522 1676 40608 0 5 0 558 64385 35743 0 0 1 0 
1 2 0 1 0 3 23018 0 0 0 27682 0 1079 1381 0 1168 44882 0 135 0 11001 0 0 0 0 0 2 48 0 0 0 560 0 0 220 14593 0 1390 0 0 0 0 11662 235 0 0 0 0 1 24 
0 10 91 2 254 14 0 3543 0 1 41288 0 15 10 0 0 7118 0 0 0 1442 10510 13 1324 6867 0 393 0 42081 0 15286 2485 1 561 734 12522 1390 0 145 607 63 0 0 0 0 0 0 9 4 27560 
3 246 7 0 319 56127 1299 0 810 99625 40824 1 36420 90 606 0 9 0 4 41 0 0 76280 90 133 0 0 0 0 45085 0 1121 0 0 0 1676 0 145 0 7 0 5054 92 13 18 0 451 0 7993 16 
0 29480 0 3 0 0 0 0 0 123 0 598 0 0 0 0 46 0 7 0 21665 0 0 0 92428 0 447 0 0 0 2673 0 0 0 429 40608 0 607 7 0 0 0 4992 0 0 0 0 5637 5347 2 
0 0 37377 0 253 4238 0 0 61355 3426 0 0 38 17 0 1093 0 0 1 0 4489 11672 197 9 0 299 0 0 40 33 752 0 4 42700 1 0 0 63 0 0 0 0 11203 0 22 379 19 0 0 0 
56 0 51939 2830 1655 2 0 26044 16 0 0 0 3656 0 17 3007 11328 0 0 232 4402 2864 0 1 9654 1543 23 22 1795 7350 37718 246 0 6965 0 5 0 0 5054 0 0 0 216 4525 0 147 0 0 0 803 
0 0 0 808 15 21 0 0 0 5 1 3406 0 0 0 45 1701 0 0 0 5 0 0 100 1 0 0 0 60188 30520 1 4 0 0 14 0 11662 0 92 4992 11203 216 0 0 0 53059 0 4 0 646 
0 0 35 1 441 0 181 0 0 0 0 2 0 0 0 0 4 8 0 3 178 218 18 1266 3 2733 0 0 0 0 0 18 17171 0 66 558 235 0 13 0 0 4525 0 0 10 72 4182 0 2 1954 
20156 981 0 0 112 0 295 2 0 0 0 52296 2111 4 6557 0 0 148 0 0 1 0 0 76467 32 0 525 0 0 181 8 202 35 3951 0 64385 0 0 18 0 22 0 0 10 0 1489 0 0 0 0 
0 0 5 4692 0 0 49060 18 1018 0 0 0 0 4214 0 678 1526 0 0 105 1 2221 0 0 280 54707 0 0 289 100 0 180 0 0 0 35743 0 0 0 0 379 147 53059 72 1489 0 0 0 0 5 
0 4646 41042 616 357 0 0 0 0 0 3 9707 0 0 0 0 218 0 0 0 1 826 0 104 0 0 18927 0 30 16333 4 111 0 362 4 0 0 0 451 0 19 0 0 4182 0 0 0 0 0 2355 
0 0 91676 11 0 13849 0 370 0 91 29 44158 0 0 0 0 68908 0 0 0 12 56 49477 0 552 0 0 7853 0 3388 445 0 0 2 0 0 0 9 0 5637 0 0 4 0 0 0 0 0 0 17 
9 0 43676 0 0 80961 0 0 2 1309 0 0 3104 5753 4 0 74204 0 4 0 0 0 2190 0 3 0 55 912 29399 114 54289 188 48013 23 0 1 1 4 7993 5347 0 0 0 2 0 0 0 0 0 0 
5 0 633 193 0 0 0 2 11714 194 11 576 88098 5 3 0 441 0 2 45429 4 2504 31 4 0 52446 0 0 0 0 4849 0 0 4 14 0 24 27560 16 2 0 803 646 1954 0 5 2355 17 0 0 
0 4546 2 462 0 190 22 0 0 0 0 0 10 420 0 3762 3 0 0 0 0 0 1 2 0 1 839 25 0 0 36 12 51375 0 7 0 2 0 0 0 554 0 1 172 0 0 1315 12 22 0 
4546 0 0 0 933 0 0 90 7 7 0 0 0 0 1336 0 0 20598 4 6668 7 1328 0 0 47878 0 0 2342 98438 596 25 2350 8039 0 3687 12 69 0 5237 540 0 0 3 0 0 17 0 0 0 0 
2 0 0 0 4 190 0 109 0 27784 370 0 0 0 24559 0 0 58 4 0 1 6139 0 0 1 5 0 0 0 0 0 4505 14258 2 3578 0 1 9 40 0 0 0 0 0 91 1 0 0 15776 581 
462 0 0 0 399 0 27239 5639 0 0 0 17295 0 0 412 9 0 0 1 8113 0 0 0 0 63913 0 687 871 0 2591 211 47965 7 0 0 24510 9 0 2 0 105 1682 1006 2 126 236 0 0 0 79 
0 933 4 399 0 0 0 28860 0 102 23 0 0 0 0 0 0 626 0 0 51217 0 0 86 233 0 0 0 127 1630 1 0 195 1 511 0 0 280 741 0 495 0 0 84 1879 0 283 11 0 0 
190 0 190 0 0 0 3 219 0 0 0 0 0 0 0 0 0 0 4528 0 12 0 1607 17515 0 1 84788 58 13 0 7 0 23 2273 0 0 0 711 5174 0 0 0 6 0 0 0 0 0 0 26752 
22 0 0 27239 0 3 0 1083 0 957 2 0 0 33384 0 0 0 0 1 12524 47 1 0 0 27126 0 0 1 0 0 0 182 0 1 53 4157 0 40950 0 208 40343 0 0 0 177 39220 0 1521 0 0 
0 90 109 5639 28860 219 1083 0 1604 22097 0 0 0 0 0 0 56224 2 79 308 19178 0 0 260 181 0 149 249 0 7591 0 435 6773 1 48 0 0 0 0 0 0 0 1487 20 3 0 0 0 242 0 
0 7 0 0 0 0 0 1604 0 0 0 3806 363 11 21794 0 0 0 45 0 0 3240 747 0 0 0 754 1 106 0 0 0 6 1490 0 329 0 1 333 0 21280 0 0 0 0 204 0 0 0 0 
0 7 27784 0 102 0 957 22097 0 0 0 0 0 0 0 2 6286 0 20559 0 635 518 153 0 0 0 0 0 0 0 827 5523 1880 1 11362 2 0 0 65835 14197 0 10 0 0 15 0 43699 543 500 5 
0 0 370 0 23 0 2 0 0 0 0 11 0 61718 0 0 7610 0 3670 53 0 9 67137 0 0 0 0 0 0 0 1124 0 1999 5003 513 32 0 2112 12993 3 0 0 19 0 5 0 0 0 0 5 
0 0 0 17295 0 0 0 0 3806 0 11 0 0 0 0 0 0 4 0 5610 0 0 0 20 22944 0 0 59 24 17356 360 215 13967 0 29 0 0 14 0 1 6948 0 69502 0 0 0 0 1603 0 6860 
10 0 0 0 0 0 0 0 363 0 0 0 0 36971 191 6194 241 2004 4318 0 1207 164 20 0 90 0 53 20054 168 40590 0 15 0 0 0 0 583 1 0 0 0 2057 2 141 0 56 133 1398 0 0 
420 0 0 0 0 0 33384 0 11 0 61718 0 36971 0 1 0 0 0 0 4095 0 133 41775 30 17930 0 411 0 0 0 0 1 1999 0 0 0 0 2 130 0 5 5 31 0 0 0 0 0 0 2 
0 1336 24559 412 0 0 0 0 21794 0 0 0 191 1 0 6 0 0 0 0 38088 1035 0 22 0 0 35 0 8014 10793 0 2225 1098 3551 27011 0 0 2 3694 8607 0 3233 497 6 1384 22294 0 0 0 0 
3762 0 0 9 0 0 0 0 0 2 0 0 6194 0 6 0 0 1 4252 0 2322 0 0 53 1551 0 0 82 31759 0 0 246 10 0 153 2 0 1320 120 12 0 2378 0 2 0 0 0 18758 0 55 
3 0 0 0 0 0 0 56224 0 6286 7610 0 241 0 0 0 0 0 0 0 0 98 0 0 0 1 20128 0 0 0 0 0 0 8 0 97733 2428 26063 0 546 0 8795 0 0 0 5280 0 18982 51112 0 
0 20598 58 0 626 0 0 2 0 0 0 4 2004 0 0 1 0 0 4 0 6 0 6 0 6 2 0 0 45472 0 4799 0 0 0 25 2530 3976 17 0 711 36 0 0 3 90 45 262 3 1 20141 
0 4 4 1 0 4528 1 79 45 20559 3670 0 4318 0 0 4252 0 4 0 1479 0 0 33203 13 45 0 2598 385 0 491 24 0 128 0 24 8708 210 0 7 0 0 0 0 2153 843 0 0 0 0 3 
0 6668 0 8113 0 0 12524 308 0 0 53 5610 0 4095 0 0 0 0 1479 0 0 5172 50082 0 3 0 0 3 172 5015 1 154 0 22 0 0 0 26 0 0 0 0 0 0 124 202 0 0 4 20297 
0 7 1 0 51217 12 47 19178 0 635 0 0 1207 0 38088 2322 0 6 0 0 0 50688 0 21 0 126 0 0 7 14 26 0 73 41 11705 0 0 2973 2 0 0 3276 15 0 0 0 0 0 302 2 
0 1328 6139 0 0 0 1 0 3240 518 9 0 164 133 1035 0 98 0 0 5172 50688 0 0 0 1136 3 0 0 10855 0 0 6 0 510 6 0 77442 0 40 1 2471 0 7852 0 1008 1371 54802 0 0 0 
1 0 0 0 0 1607 0 0 747 153 67137 0 20 41775 0 0 0 6 33203 50082 0 0 0 1234 0 0 43 0 1 0 5 17 0 0 0 0 35995 16 6469 0 508 434 0 64 0 0 0 8568 0 0 
2 0 0 0 86 17515 0 260 0 0 0 20 0 30 22 53 0 0 13 0 21 0 1234 0 0 0 1127 14 0 0 27559 9 0 0 6472 7812 0 0 178 0 0 0 4 1231 68275 0 0 3467 1028 1 
0 47878 1 63913 233 0 27126 181 0 0 0 22944 90 17930 0 1551 0 6 45 3 0 1136 0 0 0 0 2962 20 0 1638 52 1111 30078 0 54 0 852 12632 10 0 0 0 0 0 0 1937 0 0 0 38057 
1 0 5 0 0 1 0 0 0 0 0 0 0 0 0 0 1 2 0 0 126 3 0 0 0 0 0 0 0 0 0 2089 357 359 0 416 1 0 0 0 0 0 13546 0 1575 0 142 160 0 0 
839 0 0 687 0 84788 0 149 754 0 0 0 53 411 35 0 20128 0 2598 0 0 0 43 1127 2962 0 0 82190 0 39899 0 0 17933 0 915 31 0 5390 0 1869 15785 0 1133 0 925 1098 56947 0 0 0 
25 2342 0 871 0 58 1 249 1 0 0 59 20054 0 0 82 0 0 385 3 0 0 0 14 20 0 82190 0 229 5382 0 6 40 1 0 3 20 0 0 79 10895 0 0 0 0 0 0 0 0 110 
0 98438 0 0 127 13 0 0 106 0 0 24 168 0 8014 31759 0 45472 0 172 7 10855 1 0 0 0 0 229 0 3 9 311 0 7447 0 133 0 30750 21179 0 0 0 60688 0 0 0 157 0 6910 1 
0 596 0 2591 1630 0 0 7591 0 0 0 17356 40590 0 10793 0 0 0 491 5015 14 0 0 0 1638 0 39899 5382 3 0 12268 18 15791 18 523 0 8440 39 0 5 0 0 0 0 255 5 53323 16768 0 4 
36 25 0 211 1 7 0 0 0 827 1124 360 0 0 0 0 0 4799 24 1 26 0 5 27559 52 0 0 0 9 12268 0 0 0 18 569 0 0 260 14 250 0 9640 1 0 15 0 4 0 54761 25102 
12 2350 4505 47965 0 0 182 435 0 5523 0 215 15 1 2225 246 0 0 0 154 0 6 17 9 1111 2089 0 6 311 18 0 0 21501 1 12833 0 86 45 767 1843 0 55 3 11 105 100 0 0 103 7 
51375 8039 14258 7 195 23 0 6773 6 1880 1999 13967 0 1999 1098 10 0 0 128 0 73 0 0 0 30078 357 17933 40 0 15791 0 21501 0 13279 294 0 1340 0 555 1 0 7 6003 0 0 0 0 0 6374 226 
0 0 2 0 1 2273 1 1 1490 1 5003 0 0 0 3551 0 8 0 0 22 41 510 0 0 0 359 0 1 7447 18 18 1 13279 0 6 8096 0 0 4969 307 0 1395 0 7 0 0 19 0 226 0 
7 3687 3578 0 511 0 53 48 0 11362 513 29 0 0 27011 153 0 25 24 0 11705 6 0 6472 54 0 915 0 0 523 569 12833 294 6 0 2081 0 0 0 0 0 0 0 0 3 164 7 252 308 0 
0 12 0 24510 0 0 4157 0 329 2 32 0 0 0 0 2 97733 2530 8708 0 0 0 0 7812 0 416 31 3 133 0 0 0 0 8096 2081 0 45329 25320 0 2343 0 12 3050 1461 0 18132 1070 13128 0 0 
2 69 1 9 0 0 0 0 0 0 0 0 583 0 0 0 2428 3976 210 0 0 77442 35995 0 852 1 0 20 0 8440 0 86 1340 0 0 45329 0 7814 10 4314 922 0 0 0 4557 188 185 0 0 0 
0 0 9 0 280 711 40950 0 1 0 2112 14 1 2 2 1320 26063 17 0 26 2973 0 16 0 12632 0 5390 0 30750 39 260 45 0 0 0 25320 7814 0 6421 0 0 4735 0 95425 0 0 0 64 0 1892 
0 5237 40 2 741 5174 0 0 333 65835 12993 0 0 130 3694 120 0 0 7 0 2 40 6469 178 10 0 0 0 21179 0 14 767 555 4969 0 0 10 6421 0 16 37 5609 131 16 0 0 0 10317 0 0 
0 540 0 0 0 0 208 0 0 14197 3 1 0 0 8607 12 546 711 0 0 0 1 0 0 0 0 1869 79 0 5 250 1843 1 307 0 2343 4314 0 16 0 19726 8 581 6 0 3 0 0 285 0 
554 0 0 105 495 0 40343 0 21280 0 0 6948 0 5 0 0 0 36 0 0 0 2471 508 0 0 0 15785 10895 0 0 0 0 0 0 0 0 922 0 37 19726 0 0 311 15654 10 0 18 0 4 7 
0 0 0 1682 0 0 0 0 0 10 0 0 2057 5 3233 2378 8795 0 0 0 3276 0 434 0 0 0 0 0 0 0 9640 55 7 1395 0 12 0 4735 5609 8 0 0 3 0 22022 35 0 7 0 0 
1 3 0 1006 0 6 0 1487 0 0 19 69502 2 31 497 0 0 0 0 0 15 7852 0 4 0 13546 1133 0 60688 0 1 3 6003 0 0 3050 0 0 131 581 311 3 0 14403 0 71763 0 0 0 0 
172 0 0 2 84 0 0 20 0 0 0 0 141 0 6 2 0 3 2153 0 0 0 64 1231 0 0 0 0 0 0 0 11 0 7 0 1461 0 95425 16 6 15654 0 14403 0 0 0 3207 0 0 0 
0 0 91 126 1879 0 177 3 0 15 5 0 0 0 1384 0 0 90 843 124 0 1008 0 68275 0 1575 925 0 0 255 15 105 0 0 3 0 4557 0 0 0 10 22022 0 0 0 13348 0 0 4 796 
0 17 1 236 0 0 39220 0 204 0 0 0 56 0 22294 0 5280 45 0 202 0 1371 0 0 1937 0 1098 0 0 5 0 100 0 0 164 18132 188 0 0 3 0 35 71763 0 13348 0 0 39 753 0 
1315 0 0 0 283 0 0 0 0 43699 0 0 133 0 0 0 0 262 0 0 0 54802 0 0 0 142 56947 0 157 53323 4 0 0 19 7 1070 185 0 0 0 18 0 0 3207 0 0 0 377 6678 0 
12 0 0 0 11 0 1521 0 0 543 0 1603 1398 0 0 18758 18982 3 0 0 0 0 8568 3467 0 160 0 0 0 16768 0 0 0 0 252 13128 0 64 10317 0 0 7 0 0 0 39 377 0 0 250 
22 0 15776 0 0 0 0 242 0 500 0 0 0 0 0 0 51112 1 0 4 302 0 0 1028 0 0 0 0 6910 0 54761 103 6374 226 308 0 0 0 0 285 4 0 0 0 4 753 6678 0 0 3198 
0 0 581 79 0 26752 0 0 0 5 5 6860 0 2 0 55 0 20141 3 20297 2 0 0 1 38057 0 0 110 1 4 25102 7 226 0 0 0 0 1892 0 0 7 0 0 0 796 0 0 250 3198 0 
0 14 0 9 0 7618 0 0 451 0 4338 3671 11 28 3 8800 0 299 46182 0 264 0 88085 0 5834 0 0 0 1196 13533 0 0 0 789 0 0 1 0 12 0 0 0 0 0 40577 1 39 96 0 0 
14 0 0 1 2 260 0 1766 0 0 0 107 1730 0 28 0 0 0 0 0 0 8 16 0 15981 0 9984 39462 0 195 0 0 0 36 0 11 0 1 0 0 149 1329 0 0 0 0 0 0 968 361 
0 0 0 7017 0 0 0 0 0 0 4 6 7 0 1677 68 0 6657 1101 0 0 0 47 11 8 0 0 1822 0 0 0 0 43 2 10 0 0 0 8 9240 0 0 0 303 24 0 0 90699 52794 0 
9 1 7017 0 0 13936 0 0 24257 0 1540 0 0 0 1 0 0 0 0 0 0 0 25 0 59823 5974 0 1043 1 0 9 26167 20 0 0 1119 0 0 244 0 37 9880 1136 0 170 527 746 553 70882 0 
0 2 0 0 0 746 0 678 276 55 5 8857 0 3 5 1187 83712 37 278 368 0 41 6052 0 7824 3734 53 4048 0 29 16 25 74 0 0 0 0 0 2393 0 15 0 42 12917 0 0 1973 338 0 2662 
7618 260 0 13936 746 0 54 194 7 0 3 438 0 1 0 0 904 9 0 476 46 0 0 0 0 378 0 1 492 475 356 4 133 0 809 3574 0 0 0 0 0 1 18 2 0 878 0 0 0 0 
0 0 0 0 0 54 0 0 4318 0 0 0 0 0 8 0 3 0 0 0 0 15763 78642 9 0 154 0 4 6 0 0 0 38272 0 0 4461 67737 7767 10900 4773 8109 1 0 321 1610 22171 0 10 29692 9650 
0 1766 0 0 678 194 0 0 0 0 1159 209 0 0 20183 49 5077 0 799 56 5648 0 0 1540 77 0 106 0 0 0 1 0 1026 0 0 4902 44 5108 17 0 0 2075 4 49219 4 0 0 250 116 2 
451 0 0 24257 276 7 4318 0 0 0 0 0 0 0 17 10 3339 0 94 26557 0 90074 0 6700 33189 0 7493 77 0 1 158 0 0 1262 0 0 24348 0 0 60 0 438 313 0 0 0 34 0 0 2091 
0 0 0 0 55 0 0 0 0 0 0 1096 0 27759 1 5087 0 157 0 0 466 0 0 8 0 0 18 691 194 4325 0 21180 1058 28465 0 0 2023 12 0 9449 2997 0 0 2 3 1 4793 81 0 0 
4338 0 4 1540 5 3 0 1159 0 0 0 427 0 0 2652 0 0 44 315 0 0 0 12 1 1 2420 0 0 10 8736 954 0 0 402 0 0 0 0 0 1171 0 13 7 181 25455 38481 0 421 59882 0 
3671 107 6 0 8857 438 0 209 0 1096 427 0 40219 2 0 67220 0 23329 0 0 0 0 0 163 0 0 13065 0 14 3101 153 99 0 36 0 0 263 8 0 0 0 1 20956 0 23061 2 0 19587 265 0 
11 1730 7 0 0 0 0 0 0 0 0 40219 0 0 65 2 5468 0 363 96 0 8103 10 4 0 36 0 6 0 2 0 0 1 0 0 0 21 0 1682 148 28 0 70791 0 0 8 0 0 75244 0 
28 0 0 0 3 1 0 0 0 27759 0 2 0 0 0 82594 4 0 327 0 0 1245 0 5947 0 0 758 3 0 21656 0 0 55346 0 0 14769 0 123 306 12495 0 3644 5035 0 0 1516 0 0 278 0 
3 28 1677 1 5 0 8 20183 17 1 2652 0 65 0 0 14 2265 0 948 14874 0 1 0 0 1 22 0 0 7794 0 0 55 0 25209 0 54603 0 0 0 3496 1 0 0 4 86 1 4973 2 0 0 
8800 0 68 0 1187 0 0 49 10 5087 0 67220 2 82594 14 0 2665 0 0 5141 0 2 0 5287 0 0 156 5465 81689 17 0 0 42 10080 70 0 0 0 0 0 11374 16648 151 0 0 135 0 8272 1 3695 
0 0 0 0 83712 904 3 5077 3339 0 0 0 5468 4 2265 2665 0 0 210 55 52338 7 0 149 16 2306 0 10 0 0 0 0 10646 73 17922 11349 0 0 0 407 0 38035 0 0 0 198 0 0 12229 0 
299 0 6657 0 37 9 0 0 0 157 44 23329 0 0 0 0 0 0 73739 0 0 1153 0 0 161 0 0 0 12986 0 5779 62 133 0 568 1511 0 30153 1 0 0 0 1 0 0 79524 0 6625 0 680 
46182 0 1101 0 278 0 0 799 94 0 315 0 363 327 948 0 210 73739 0 0 11310 33 2743 0 0 0 58 4 4 0 20920 31606 0 0 93 0 48 0 19 0 0 556 90 0 0 57448 10 0 0 1 
0 0 0 0 368 476 0 56 26557 0 0 0 96 0 14874 5141 55 0 0 0 5842 16977 11 3 0 0 1514 28 1 0 0 0 1957 92 0 3 1 11960 0 50 63487 395 9 0 0 0 0 0 6 0 
264 0 0 0 0 46 0 5648 0 466 0 0 0 0 0 0 52338 0 11310 5842 0 0 0 0 15 0 0 28016 0 37 0 58 237 0 0 47076 3811 1190 33 0 87 6269 0 0 0 1 1 0 52075 150 
0 8 0 0 41 0 15763 0 90074 0 0 0 8103 1245 1 2 7 1153 33 16977 0 0 0 6871 74188 98 0 191 2147 64 0 741 0 0 0 185 2 221 0 0 4081 0 517 1454 0 0 5863 0 9685 0 
88085 16 47 25 6052 0 78642 0 0 0 12 0 10 0 0 0 0 0 2743 11 0 0 0 11008 24 0 0 2799 0 53 0 0 0 0 0 0 0 99 88062 0 803 2 0 0 114 0 88020 0 0 9 
0 0 11 0 0 0 9 1540 6700 8 1 163 4 5947 0 5287 149 0 0 3 0 6871 11008 0 11 434 0 15797 0 1499 7519 182 33 0 0 0 672 597 6146 13266 0 0 0 4838 34374 3208 302 0 14548 0 
5834 15981 8 59823 7824 0 0 77 33189 0 1 0 0 0 1 0 16 161 0 0 15 74188 24 11 0 0 533 0 148 0 76 58633 0 0 506 73 0 4395 82 0 43244 13895 0 0 0 12180 15 0 0 3 
0 0 0 5974 3734 378 154 0 0 0 2420 0 36 0 22 0 2306 0 0 0 0 98 0 434 0 0 0 37 0 0 1727 1 11 2 17684 0 12 0 8911 0 0 0 26 0 2361 0 0 0 22362 0 
0 9984 0 0 53 0 0 106 7493 18 0 13065 0 758 0 156 0 0 58 1514 0 0 0 0 533 0 0 82 1 1749 0 1458 0 0 0 0 6 0 2409 705 0 0 6 0 3970 6 0 91389 17 46 
0 39462 1822 1043 4048 1 4 0 77 691 0 0 6 3 0 5465 10 0 4 28 28016 191 2799 15797 0 37 82 0 3 1109 0 0 327 21867 11374 0 101 0 0 0 4258 11 949 60017 152 524 27 0 0 0 
1196 0 0 1 0 492 6 0 0 194 10 14 0 0 7794 81689 0 12986 4 1 0 2147 0 0 148 0 1 3 0 6 1 0 0 0 8 0 299 0 0 27307 1743 94937 0 48 699 260 0 1301 38054 0 
13533 195 0 0 29 475 0 0 1 4325 8736 3101 2 21656 0 17 0 0 0 0 37 64 53 1499 0 0 1749 1109 6 0 0 0 2 0 6 0 0 0 28690 1 7 1308 598 0 20 0 10175 19756 984 0 
0 0 0 9 16 356 0 1 158 0 954 153 0 0 0 0 0 5779 20920 0 0 0 0 7519 76 1727 0 0 1 0 0 0 14 0 0 0 0 0 0 17568 17 0 0 0 0 715 24 4542 0 415 
0 0 0 26167 25 4 0 0 0 21180 0 99 0 0 55 0 0 62 31606 0 58 741 0 182 58633 1 1458 0 0 0 0 0 25357 9 90456 0 8539 0 1133 0 3 3215 1 0 55 64 0 25 0 14 
0 0 43 20 74 133 38272 1026 0 1058 0 0 1 55346 0 42 10646 133 0 1957 237 0 0 33 0 11 0 327 0 2 14 25357 0 0 0 0 0 0 0 351 0 66 483 82138 385 17655 4 0 14861 170 
789 36 2 0 0 0 0 0 1262 28465 402 36 0 0 25209 10080 73 0 0 92 0 0 0 0 0 2 0 21867 0 0 0 9 0 0 0 0 11 0 3301 2489 62410 0 434 24 0 0 436 0 14253 0 
0 0 10 0 0 809 0 0 0 0 0 0 0 0 0 70 17922 568 93 0 0 0 0 0 506 17684 0 11374 8 6 0 90456 0 0 0 0 0 0 0 1782 0 0 0 0 18671 7904 0 29 61511 4 
0 11 0 1119 0 3574 4461 4902 0 0 0 0 0 14769 54603 0 11349 1511 0 3 47076 185 0 0 73 0 0 0 0 0 0 0 0 0 0 0 22088 2167 1454 0 3 0 0 584 0 0 22 0 1 29151 
1 0 0 0 0 0 67737 44 24348 2023 0 263 21 0 0 0 0 0 48 1 3811 2 0 672 0 12 6 101 299 0 0 8539 0 11 0 22088 0 2465 0 0 3 86 99945 148 1 784 1291 0 4 0 
0 1 0 0 0 0 7767 5108 0 12 0 8 0 123 0 0 0 30153 0 11960 1190 221 99 597 4395 0 0 0 0 0 0 0 0 0 0 2167 2465 0 106 585 2211 0 0 2072 0 18 0 2 0 6880 
12 0 8 244 2393 0 10900 17 0 0 0 0 1682 306 0 0 0 1 19 0 33 0 88062 6146 82 8911 2409 0 0 28690 0 1133 0 3301 0 1454 0 106 0 6 169 94442 907 0 0 0 0 0 9809 0 
0 0 9240 0 0 0 4773 0 60 9449 1171 0 148 12495 3496 0 407 0 0 50 0 0 0 13266 0 0 705 0 27307 1 17568 0 351 2489 1782 0 0 585 6 0 0 0 3652 35557 14589 3 2 1107 0 0 
0 149 0 37 15 0 8109 0 0 2997 0 0 28 0 1 11374 0 0 0 63487 87 4081 803 0 43244 0 0 4258 1743 7 17 3 0 62410 0 3 3 2211 169 0 0 11735 2207 839 0 0 68 270 280 5 
0 1329 0 9880 0 1 1 2075 438 0 13 1 0 3644 0 16648 38035 0 556 395 6269 0 2 0 13895 0 0 11 94937 1308 0 3215 66 0 0 0 86 0 94442 0 11735 0 145 0 0 0 4000 8 0 157 
0 0 0 1136 42 18 0 4 313 0 7 20956 70791 5035 0 151 0 1 90 9 0 517 0 0 0 26 6 949 0 598 0 1 483 434 0 0 99945 0 907 3652 2207 145 0 0 9748 1064 65197 0 9005 8848 
0 0 303 0 12917 2 321 49219 0 2 181 0 0 0 4 0 0 0 0 0 0 1454 0 4838 0 0 0 60017 48 0 0 0 82138 24 0 584 148 2072 0 35557 839 0 0 0 1348 1268 0 0 0 158 
40577 0 24 170 0 0 1610 4 0 3 25455 23061 0 0 86 0 0 0 0 0 0 0 114 34374 0 2361 3970 152 699 20 0 55 385 0 18671 0 1 0 0 14589 0 0 9748 1348 0 0 0 1 0 43 
1 0 0 527 0 878 22171 0 0 1 38481 2 8 1516 1 135 198 79524 57448 0 1 0 0 3208 12180 0 6 524 260 0 715 64 17655 0 7904 0 784 18 0 3 0 0 1064 1268 0 0 379 30 645 0 
39 0 0 746 1973 0 0 0 34 4793 0 0 0 0 4973 0 0 0 10 0 1 5863 88020 302 15 0 0 27 0 10175 24 0 4 436 0 22 1291 0 0 2 68 4000 65197 0 0 379 0 365 0 0 
96 0 90699 553 338 0 10 250 0 81 421 19587 0 0 2 8272 0 6625 0 0 0 0 0 0 0 0 91389 0 1301 19756 4542 25 0 0 29 0 0 2 0 1107 270 8 0 0 1 30 365 0 0 0 
0 968 52794 70882 0 0 29692 116 0 0 59882 265 75244 278 0 1 12229 0 0 6 52075 9685 0 14548 0 22362 17 0 38054 984 0 0 14861 14253 61511 1 4 0 9809 0 280 0 9005 0 0 645 0 0 0 95 
0 361 0 0 2662 0 9650 2 2091 0 0 0 0 0 0 3695 0 680 1 0 150 0 9 0 3 0 46 0 0 0 415 14 170 0 4 29151 0 6880 0 0 5 157 8848 158 43 0 0 0 95 0 
0 0 31 5896 3796 42613 0 98414 0 0 7471 48738 77 0 0 3518 5 106 0 0 0 4623 203 0 1048 0 2 0 0 1615 5 0 0 15482 0 85 0 4 0 0 7742 0 24 704 0 4 0 5 7 1 
0 0 2675 0 15300 1091 0 85189 0 30 926 753 0 633 2 3016 0 0 0 0 3242 1244 96928 0 0 36 17489 909 7485 2 1 0 66 0 0 1 0 0 0 6235 0 0 7 5 0 350 0 3953 0 0 
31 2675 0 11154 1899 40316 38 3979 0 0 0 1370 3 0 0 44 6 268 0 1 16564 0 32 0 1970 0 0 3084 0 429 13116 47733 0 0 1442 7 0 0 0 0 0 0 10042 1905 3751 0 0 0 0 0 
5896 0 11154 0 0 16354 67 0 0 934 52418 0 0 3184 0 0 12 0 0 0 1504 18252 0 0 28 2710 5 0 0 0 0 872 0 0 0 100 0 5 0 0 1644 0 113 0 7 0 92494 0 1 0 
3796 15300 1899 0 0 1163 90 0 0 0 2027 74 0 0 28179 20 0 0 0 1 40197 0 41 4593 665 0 0 0 0 0 2796 38 0 0 6 2 0 60 0 0 132 1127 0 0 185 0 0 17 3412 1 
42613 1091 40316 16354 1163 0 854 0 0 0 5 0 0 32 0 192 10 0 300 43 0 0 0 0 0 2 0 0 4796 0 0 0 0 1 0 63003 76 3 2938 0 10869 143 8 0 4 0 348 14723 9035 4 
0 0 38 67 90 854 0 7540 10 0 527 0 0 41060 12 0 71 0 27507 0 1 0 11685 1 380 0 0 1 9875 2 0 0 4 0 1 0 150 47 356 1273 145 100 34358 8 15 0 0 0 0 79 
98414 85189 3979 0 0 0 7540 0 0 0 0 1 0 0 0 0 19982 0 0 1636 51201 709 4627 13063 3 676 66 0 1 0 0 9763 0 0 0 5 4 0 11918 0 0 3186 65 6 0 2 21 237 630 1 
0 0 0 0 0 0 10 0 0 48 0 15900 0 0 6629 0 61463 213 0 929 4225 0 8 711 30 0 0 255 0 0 0 0 0 194 138 0 21768 0 0 2151 45823 0 36 3952 0 613 19523 0 0 20772 
0 30 0 934 0 0 0 0 48 0 0 33217 0 0 0 7432 9 5 149 0 29 161 17680 0 20729 0 1 44736 57 0 9116 0 2152 15 0 12 0 0 66654 314 0 0 0 217 0 0 0 0 0 3 
7471 926 0 52418 2027 5 527 0 0 0 0 0 108 0 0 30696 27441 0 0 3 0 55741 10212 226 0 0 0 2 3425 0 0 1440 16 3522 338 9617 19790 0 0 19570 10 7 0 0 231 83 0 43 0 3 
48738 753 1370 0 74 0 0 1 15900 33217 0 0 0 0 3 0 0 46 0 4 127 453 0 0 10998 0 234 105 0 115 2184 0 756 8 63 5 21276 0 0 176 0 76025 0 0 2986 82 0 2554 0 25 
77 0 3 0 0 0 0 0 0 0 108 0 0 16609 0 1130 0 0 56942 0 0 26 0 0 37 0 81274 41 8 50 115 0 0 4803 0 0 801 0 14322 7 34 9839 11 5 402 8077 947 0 0 2273 
0 633 0 3184 0 32 41060 0 0 0 0 0 16609 0 1078 0 1294 7894 58221 20 7919 338 0 170 0 0 305 20 3 0 0 4581 0 0 0 74 339 5 0 3447 0 32 3 0 0 9305 0 210 67438 17 
0 2 0 0 28179 0 12 0 6629 0 0 3 0 1078 0 0 33 0 4712 0 0 0 0 815 55 1 59 1 0 1 0 1211 147 5476 0 11495 0 4 0 22571 0 0 0 37 977 0 0 0 28 0 
3518 3016 44 0 20 192 0 0 0 7432 30696 0 1130 0 0 0 45 40 0 68 17 70981 0 0 94 0 0 4248 5292 5208 0 265 0 0 0 3579 0 0 0 2141 570 526 425 34385 0 0 1 4987 3 0 
5 0 6 12 0 10 71 19982 61463 9 27441 0 0 1294 33 45 0 450 584 0 34 0 3 0 0 1 0 0 0 829 153 3045 611 1576 0 0 0 0 0 276 0 0 0 0 4 722 54 0 0 21266 
106 0 268 0 0 0 0 0 213 5 0 46 0 7894 0 40 450 0 0 0 0 0 0 0 1 20 20 0 0 6748 0 0 3207 0 6 2958 0 8 155 12 0 0 0 1 308 26 17 4408 0 0 
0 0 0 0 0 300 27507 0 0 149 0 0 56942 58221 4712 0 584 0 0 206 10413 233 0 13 47777 97586 0 10 0 0 178 0 76 41515 4080 31261 0 0 0 0 0 0 16029 0 0 1 51146 20651 1 0 
0 0 1 0 1 43 0 1636 929 0 3 4 0 20 0 68 0 0 206 0 0 0 0 0 912 48 0 0 0 0 22757 0 316 0 0 0 0 80 0 0 1056 0 0 0 2441 124 0 0 0 0 
0 3242 16564 1504 40197 0 1 51201 4225 29 0 127 0 7919 0 17 34 0 10413 0 0 828 70 1 1437 1 0 1621 0 1 0 4691 1132 1419 22454 0 0 18244 64 0 459 0 1 0 1 0 0 0 0 0 
4623 1244 0 18252 0 0 0 709 0 161 55741 453 26 338 0 70981 0 0 233 0 828 0 0 1744 0 61729 0 49283 0 1871 0 0 7 21190 0 79 96 185 2075 81 0 0 135 21 0 0 108 1159 1 58392 
203 96928 32 0 41 0 11685 4627 8 17680 10212 0 0 0 0 0 3 0 0 0 70 0 0 64 2 0 0 0 16 0 1 0 32429 0 0 0 45057 2 8953 0 0 3032 44 0 28392 334 89908 340 1797 4 
0 0 0 0 4593 0 1 13063 711 0 226 0 0 170 815 0 0 0 13 0 1 1744 64 0 2 0 0 0 0 24 0 276 2417 57305 0 0 1468 136 0 0 0 0 0 0 0 0 0 29377 14 0 
1048 0 1970 28 665 0 380 3 30 20729 0 10998 37 0 55 94 0 1 47777 912 1437 0 2 2 0 0 77089 508 0 0 1138 0 0 5 15 12 3 162 0 0 0 0 0 18 0 0 0 1344 8 0 
0 36 0 2710 0 2 0 676 0 0 0 0 0 0 1 0 1 20 97586 48 1 61729 0 0 0 0 8 0 1 0 1644 2 0 0 0 1 0 0 2 0 2788 1858 31 69864 0 0 0 0 7 56711 
2 17489 0 5 0 0 0 66 0 1 0 234 81274 305 59 0 0 20 0 0 0 0 0 0 77089 8 0 0 0 1 8 15607 93215 0 0 0 0 33 0 154 3198 0 793 5 0 0 0 39605 0 0 
0 909 3084 0 0 0 1 0 255 44736 2 105 41 20 1 4248 0 0 10 0 1621 49283 0 0 508 0 0 0 0 0 5 44 125 1 17213 48 45 2 0 0 3305 1 0 5701 0 1272 0 0 5956 3 
0 7485 0 0 0 4796 9875 1 0 57 3425 0 8 3 0 5292 0 0 0 0 0 0 16 0 0 1 0 0 0 0 58 0 0 0 1209 13405 0 0 40 0 0 0 0 0 0 230 0 0 0 1 
1615 2 429 0 0 0 2 0 0 0 0 115 50 0 1 5208 829 6748 0 0 1 1871 0 24 0 0 1 0 0 0 0 692 0 945 2 0 0 45546 0 27264 0 0 13522 0 0 0 20565 1439 3912 0 
5 1 13116 0 2796 0 0 0 0 9116 0 2184 115 0 0 0 153 0 178 22757 0 0 1 0 1138 1644 8 5 58 0 0 0 1 0 0 0 17 9568 0 19434 0 3801 0 2549 0 0 0 0 6813 17832 
0 0 47733 872 38 0 0 9763 0 0 1440 0 0 4581 1211 265 3045 0 0 0 4691 0 0 276 0 2 15607 44 0 692 0 0 0 0 0 6 582 0 3116 8905 23639 8958 0 0 0 179 24 32968 5757 0 
0 66 0 0 0 0 4 0 0 2152 16 756 0 0 147 0 611 3207 76 316 1132 7 32429 2417 0 0 93215 125 0 0 1 0 0 0 96 4 0 0 19469 2 32 5 821 62944 0 39180 92345 0 0 4 
15482 0 0 0 0 1 0 0 194 15 3522 8 4803 0 5476 0 1576 0 41515 0 1419 21190 0 57305 5 0 0 1 0 945 0 0 0 0 0 0 0 21 42390 15167 0 0 0 0 5915 40 1637 57 11 0 
0 0 1442 0 6 0 1 0 138 0 338 63 0 0 0 0 0 6 4080 0 22454 0 0 0 15 0 0 17213 1209 2 0 0 96 0 0 0 36 0 21 0 0 258 60 0 0 0 5 1 1127 40 
85 1 7 100 2 63003 0 5 0 12 9617 5 0 74 11495 3579 0 2958 31261 0 0 79 0 0 12 1 0 48 13405 0 0 6 4 0 0 0 0 0 0 0 29 0 0 0 5932 0 0 0 0 31 
0 0 0 0 0 76 150 4 21768 0 19790 21276 801 339 0 0 0 0 0 0 0 96 45057 1468 3 0 0 45 0 0 17 582 0 0 36 0 0 4166 0 0 99 0 2215 3815 0 4168 239 445 33 76 
4 0 0 5 60 3 47 0 0 0 0 0 0 5 4 0 0 8 0 80 18244 185 2 136 162 0 33 2 0 45546 9568 0 0 21 0 0 4166 0 0 0 50 1 123 0 0 0 2449 187 0 46437 
0 0 0 0 0 2938 356 11918 0 66654 0 0 14322 0 0 0 0 155 0 0 64 2075 8953 0 0 2 0 0 40 0 0 3116 19469 42390 21 0 0 0 0 29 26608 0 0 0 772 0 0 1474 0 90 
0 6235 0 0 0 0 1273 0 2151 314 19570 176 7 3447 22571 2141 276 12 0 0 0 81 0 0 0 0 154 0 0 27264 19434 8905 2 15167 0 0 0 0 29 0 0 0 405 0 0 5 3 5475 0 7 
7742 0 0 1644 132 10869 145 0 45823 0 10 0 34 0 0 570 0 0 0 1056 459 0 0 0 0 2788 3198 3305 0 0 0 23639 32 0 0 29 99 50 26608 0 0 0 88695 39442 552 0 208 0 16 0 
0 0 0 0 1127 143 100 3186 0 0 7 76025 9839 32 0 526 0 0 0 0 0 0 3032 0 0 1858 0 1 0 0 3801 8958 5 0 258 0 0 1 0 0 0 0 0 4430 5 0 0 10 0 549 
24 7 10042 113 0 8 34358 65 36 0 0 0 11 3 0 425 0 0 16029 0 1 135 44 0 0 31 793 0 0 13522 0 0 821 0 60 0 2215 123 0 405 88695 0 0 9 0 0 12807 0 40975 572 
704 5 1905 0 0 0 8 6 3952 217 0 0 5 0 37 34385 0 1 0 0 0 21 0 0 18 69864 5 5701 0 0 2549 0 62944 0 0 0 3815 0 0 0 39442 4430 9 0 97 42 0 21845 0 0 
0 0 3751 7 185 4 15 0 0 0 231 2986 402 0 977 0 4 308 0 2441 1 0 28392 0 0 0 0 0 0 0 0 0 0 5915 0 5932 0 0 772 0 552 5 0 97 0 14 4 74595 0 120 
4 350 0 0 0 0 0 2 613 0 83 82 8077 9305 0 0 722 26 1 124 0 0 334 0 0 0 0 1272 230 0 0 179 39180 40 0 0 4168 0 0 5 0 0 0 42 14 0 0 0 0 0 
0 0 0 92494 0 348 0 21 19523 0 0 0 947 0 0 1 54 17 51146 0 0 108 89908 0 0 0 0 0 0 20565 0 24 92345 1637 5 0 239 2449 0 3 208 0 12807 0 4 0 0 0 9366 550 
5 3953 0 0 17 14723 0 237 0 0 43 2554 0 210 0 4987 0 4408 20651 0 0 1159 340 29377 1344 0 39605 0 0 1439 0 32968 0 57 1 0 445 187 1474 5475 0 10 0 21845 74595 0 0 0 0 40 
7 0 0 1 3412 9035 0 630 0 0 0 0 0 67438 28 3 0 0 1 0 0 1 1797 14 8 7 0 5956 0 3912 6813 5757 0 11 1127 0 33 0 0 0 16 0 40975 0 0 0 9366 0 0 0 
1 0 0 0 1 4 79 1 20772 3 3 25 2273 17 0 0 21266 0 0 0 0 58392 4 0 0 56711 0 3 1 0 17832 0 4 0 40 31 76 46437 90 7 0 549 572 0 120 0 550 40 0 0 
