30 3
0 123 17 72 89 90 77 84 122 70 141 118 117 117 58 85 94 145 69 99 137 99 30 139 114 56 50 94 70 158 
123 0 116 51 121 48 96 115 59 63 25 47 40 16 64 39 31 87 58 23 83 33 103 24 65 67 92 40 53 45 
17 116 0 64 101 90 86 66 108 71 133 119 117 113 52 81 90 150 68 93 122 97 14 135 118 53 57 84 66 154 
72 51 64 0 97 39 71 77 62 33 69 64 60 49 13 21 29 104 24 28 84 38 52 71 72 21 53 26 13 91 
89 121 101 97 0 73 26 158 158 64 146 84 88 106 88 88 93 82 73 107 181 88 104 121 67 78 49 121 84 131 
90 48 90 39 73 0 47 116 91 20 73 28 27 34 42 20 20 64 22 35 115 15 82 53 32 38 48 55 28 69 
77 96 86 71 26 47 0 136 132 38 121 63 66 81 63 62 67 73 47 81 155 62 85 98 49 54 29 95 58 110 
84 115 66 77 158 116 136 0 73 105 118 141 136 120 76 98 104 181 98 96 73 114 56 139 149 84 109 75 89 160 
122 59 108 62 158 91 132 73 0 94 51 103 96 73 74 71 70 145 85 56 25 79 93 83 118 83 115 37 74 101 
70 63 71 33 64 20 38 105 94 0 87 48 47 52 29 25 32 79 8 44 117 32 64 72 47 21 28 56 20 89 
141 25 133 69 146 73 121 118 51 87 0 70 64 41 83 62 55 108 81 43 71 58 119 37 89 88 115 49 74 52 
118 47 119 64 84 28 63 141 103 48 70 0 6 30 70 43 37 42 50 48 128 26 110 38 19 66 73 72 55 47 
117 40 117 60 88 27 66 136 96 47 64 6 0 24 67 39 32 48 48 42 121 22 108 32 25 64 74 66 52 44 
117 16 113 49 106 34 81 120 73 52 41 30 24 0 60 31 22 72 48 24 98 19 101 21 48 61 81 46 46 42 
58 64 52 13 88 42 63 76 74 29 83 70 67 60 0 29 38 107 21 41 95 45 41 82 74 9 41 39 15 102 
85 39 81 21 88 20 62 98 71 25 62 43 39 31 29 0 9 83 18 19 96 17 70 53 51 29 52 34 14 73 
94 31 90 29 93 20 67 104 70 32 55 37 32 22 38 9 0 79 27 14 95 10 79 44 48 38 60 36 24 64 
145 87 150 104 82 64 73 181 145 79 108 42 48 72 107 83 79 0 85 91 170 68 144 71 32 101 95 114 92 67 
69 58 68 24 73 22 47 98 85 8 81 50 48 48 21 18 27 85 0 37 108 30 60 70 52 16 34 48 11 88 
99 23 93 28 107 35 81 96 56 44 43 48 42 24 41 19 14 91 37 0 81 23 80 43 62 45 71 23 30 64 
137 83 122 84 181 115 155 73 25 117 71 128 121 98 95 96 95 170 108 81 0 104 107 106 143 104 136 61 97 123 
99 33 97 38 88 15 62 114 79 32 58 26 22 19 45 17 10 68 30 23 104 0 87 40 38 44 61 46 30 58 
30 103 14 52 104 82 85 56 93 64 119 110 108 101 41 70 79 144 60 80 107 87 0 123 111 44 56 70 56 143 
139 24 135 71 121 53 98 139 83 72 37 38 32 21 82 53 44 71 70 43 106 40 123 0 57 83 101 64 68 21 
114 65 118 72 67 32 49 149 118 47 89 19 25 48 74 51 48 32 52 62 143 38 111 57 0 68 66 84 60 63 
56 67 53 21 78 38 54 84 83 21 88 66 64 61 9 29 38 101 16 45 104 44 44 83 68 0 32 47 14 102 
50 92 57 53 49 48 29 109 115 28 115 73 74 81 41 52 60 95 34 71 136 61 56 101 66 32 0 79 42 117 
94 40 84 26 121 55 95 75 37 56 49 72 66 46 39 34 36 114 48 23 61 46 70 64 84 47 79 0 37 85 
70 53 66 13 84 28 58 89 74 20 74 55 52 46 15 14 24 92 11 30 97 30 56 68 60 14 42 37 0 88 
158 45 154 91 131 69 110 160 101 89 52 47 44 42 102 73 64 67 88 64 123 58 143 21 63 102 117 85 88 0 
0 0 0 0 0 1100 0 39 11 36724 101 307 1 0 24 105 0 10 5 0 0 0 49 0 58 0 32 6589 0 0 
0 0 0 41938 0 2 0 86584 1613 0 1 0 0 0 0 116 0 0 47 12266 1 85076 0 0 3706 90274 508 0 28745 0 
0 0 0 0 0 3 10 0 54661 0 0 3 124 429 0 0 7 0 3 0 0 0 1268 0 0 23339 382 102 0 37 
0 41938 0 0 14 671 4 0 1 357 98197 493 0 6 1 0 0 7133 0 0 10 0 3614 5 6 0 0 88 38 0 
0 0 0 14 0 43683 0 24 0 0 1 0 0 10911 981 676 0 401 0 5 2 3174 148 1371 0 0 0 17 20315 0 
1100 2 3 671 43683 0 571 0 0 0 73 6487 705 82568 0 17825 1 406 0 2011 0 0 0 10725 0 0 0 14 4 0 
0 0 10 4 0 571 0 11 10232 20 374 3 22 0 0 6915 0 0 194 2716 0 1253 0 0 0 0 0 0 0 0 
39 86584 0 0 24 0 11 0 0 0 0 4315 34966 19 694 36225 0 0 3690 0 1 0 0 7149 0 0 74 0 0 442 
11 1613 54661 1 0 0 10232 0 0 0 0 0 2823 0 0 2 0 0 0 1627 17375 6 0 206 496 0 0 0 0 0 
36724 0 0 357 0 0 20 0 0 0 90 0 136 15172 0 0 0 621 0 6111 33035 2 61710 1776 29233 0 437 57 0 223 
101 1 0 98197 1 73 374 0 0 90 0 0 0 0 0 3 0 21 0 0 5 2 23445 0 0 27 0 0 0 93826 
307 0 3 493 0 6487 3 4315 0 0 0 0 29 29339 2 0 0 9 0 0 0 0 0 1 74935 0 7581 5501 8295 156 
1 0 124 0 0 705 22 34966 2823 136 0 29 0 14 0 1 2088 0 0 2290 0 0 1009 21924 9876 8 25 562 0 0 
0 0 429 6 10911 82568 0 19 0 15172 0 29339 14 0 57 270 0 0 0 0 0 46356 31 235 1623 0 4 0 47 715 
24 0 0 1 981 0 0 694 0 0 0 2 0 57 0 0 0 0 366 0 62765 39281 0 0 81459 0 0 0 8538 15838 
105 116 0 0 676 17825 6915 36225 2 0 3 0 1 270 0 0 0 0 0 4 398 45 28 1446 0 0 2270 0 3588 0 
0 0 7 0 0 1 0 0 0 0 0 0 2088 0 0 0 0 28434 0 0 0 102 35 0 0 0 0 0 0 1 
10 0 0 7133 401 406 0 0 0 621 21 9 0 0 0 0 28434 0 47616 0 0 74896 345 3 7 12 0 0 88 5746 
5 47 3 0 0 0 194 3690 0 0 0 0 0 0 366 0 0 47616 0 0 0 0 2042 6466 0 0 1164 23 25320 0 
0 12266 0 0 5 2011 2716 0 1627 6111 0 0 2290 0 0 4 0 0 0 0 156 0 0 0 6 32 0 0 0 0 
0 1 0 10 2 0 0 1 17375 33035 5 0 0 0 62765 398 0 0 0 156 0 1680 283 0 0 0 0 0 0 1 
0 85076 0 0 3174 0 1253 0 6 2 2 0 0 46356 39281 45 102 74896 0 0 1680 0 0 0 0 0 43382 0 0 0 
49 0 1268 3614 148 0 0 0 0 61710 23445 0 1009 31 0 28 35 345 2042 0 283 0 0 0 11209 0 5661 65 0 0 
0 0 0 5 1371 10725 0 7149 206 1776 0 1 21924 235 0 1446 0 3 6466 0 0 0 0 0 11547 26735 0 0 0 4204 
58 3706 0 6 0 0 0 0 496 29233 0 74935 9876 1623 81459 0 0 7 0 6 0 0 11209 11547 0 0 352 0 0 0 
0 90274 23339 0 0 0 0 0 0 0 27 0 8 0 0 0 0 12 0 32 0 0 0 26735 0 0 0 0 114 0 
32 508 382 0 0 0 0 74 0 437 0 7581 25 4 0 2270 0 0 1164 0 0 43382 5661 0 352 0 0 0 0 590 
6589 0 102 88 17 14 0 0 0 57 0 5501 562 0 0 0 0 0 23 0 0 0 65 0 0 0 0 0 0 0 
0 28745 0 38 20315 4 0 0 0 0 0 8295 0 47 8538 3588 0 88 25320 0 0 0 0 0 0 114 0 0 0 7250 
0 0 37 0 0 0 0 442 0 223 93826 156 0 715 15838 0 1 5746 0 0 1 0 0 4204 0 0 590 0 7250 0 
0 8359 115 53852 415 0 1546 0 0 0 0 0 0 13607 7 0 30 0 0 174 1 3572 0 209 0 496 0 0 39 10 
8359 0 12633 0 11 2 51 0 0 2 0 37 9534 76 12 0 0 1 0 0 1 0 205 102 0 0 0 0 0 20875 
115 12633 0 31 15915 0 0 20782 0 1135 1837 0 0 0 13557 4489 0 10 0 53304 1 778 0 630 38659 0 0 0 54911 0 
53852 0 31 0 0 0 0 25 3 0 0 0 8 0 4 1729 680 0 6 6981 0 4519 0 4 0 107 41 0 0 638 
415 11 15915 0 0 0 169 0 621 1 39 0 802 0 0 0 23862 0 41 0 4 0 0 0 82 99 12476 7 0 249 
0 2 0 0 0 0 0 14824 21077 92 0 0 0 0 668 0 3 0 59 0 118 363 1 0 1855 133 43 0 0 0 
1546 51 0 0 169 0 0 0 0 0 0 0 0 53816 188 0 28223 111 0 0 27896 0 49311 4295 1 85 9 25 124 9 
0 0 20782 25 0 14824 0 0 6649 3546 6173 0 0 0 0 0 4261 1534 0 142 0 343 47633 0 616 39 0 6918 246 0 
0 0 0 3 621 21077 0 6649 0 6 446 3054 0 2368 307 0 1 1 97 0 0 0 5313 0 0 80 11551 13 6 0 
0 2 1135 0 1 92 0 3546 6 0 0 5036 0 0 1 35055 0 0 27694 0 0 0 0 0 0 1370 0 0 3424 0 
0 0 1837 0 39 0 0 6173 446 0 0 87971 5 3696 202 0 22826 0 5 14 0 3 0 2 0 0 64 450 608 0 
0 37 0 0 0 0 0 0 3054 5036 87971 0 0 0 0 86719 18490 0 18793 14450 1 0 93 0 0 303 0 0 0 0 
0 9534 0 8 802 0 0 0 0 0 5 0 0 0 9905 1 0 6 2 0 747 407 0 0 0 0 0 0 6772 19 
13607 76 0 0 0 0 53816 0 2368 0 3696 0 0 0 0 0 26 1583 17 27 6 0 0 0 0 86 0 1563 0 0 
7 12 13557 4 0 668 188 0 307 1 202 0 9905 0 0 685 3195 77278 0 1 0 0 1 826 0 262 253 7703 0 0 
0 0 4489 1729 0 0 0 0 0 35055 0 86719 1 0 685 0 743 55622 31332 49 0 0 0 0 16 38 0 510 0 5139 
30 0 0 680 23862 3 28223 4261 1 0 22826 18490 0 26 3195 743 0 0 799 22 1133 0 0 75 31370 5209 10438 486 275 0 
0 1 10 0 0 0 111 1534 1 0 0 0 6 1583 77278 55622 0 0 0 186 31678 0 0 0 0 0 11149 0 0 0 
0 0 0 6 41 59 0 0 97 27694 5 18793 2 17 0 31332 799 0 0 1266 3506 643 0 0 3 2141 0 0 0 20071 
174 0 53304 6981 0 0 0 142 0 0 14 14450 0 27 1 49 22 186 1266 0 0 12324 139 353 0 0 9 62918 14708 61707 
1 1 1 0 4 118 27896 0 0 0 0 1 747 6 0 0 1133 31678 3506 0 0 0 0 69 1 1 724 10 1356 6 
3572 0 778 4519 0 363 0 343 0 0 3 0 407 0 0 0 0 0 643 12324 0 0 466 0 55 16860 0 1 0 0 
0 205 0 0 0 1 49311 47633 5313 0 0 93 0 0 1 0 0 0 0 139 0 466 0 2 0 74077 0 0 31410 1281 
209 102 630 4 0 0 4295 0 0 0 2 0 0 0 826 0 75 0 0 353 69 0 2 0 0 0 10732 18330 3570 0 
0 0 38659 0 82 1855 1 616 0 0 0 0 0 0 0 16 31370 0 3 0 1 55 0 0 0 65 0 5541 3599 1118 
496 0 0 107 99 133 85 39 80 1370 0 303 0 86 262 38 5209 0 2141 0 1 16860 74077 0 65 0 1 15 0 6020 
0 0 0 41 12476 43 9 0 11551 0 64 0 0 0 253 0 10438 11149 0 9 724 0 0 10732 0 1 0 679 1813 0 
0 0 0 0 7 0 25 6918 13 0 450 0 0 1563 7703 510 486 0 0 62918 10 1 0 18330 5541 15 679 0 345 168 
39 0 54911 0 0 0 124 246 6 3424 608 0 6772 0 0 0 275 0 0 14708 1356 0 31410 3570 3599 0 1813 345 0 0 
10 20875 0 638 249 0 9 0 0 0 0 0 19 0 0 5139 0 0 20071 61707 6 0 1281 0 1118 6020 0 168 0 0 
0 154 105 17240 379 0 4413 0 1 0 4 0 4 4315 0 0 0 0 0 240 3 49102 0 89 0 3739 0 0 5286 106 
154 0 95 0 129 0 110 0 0 8 3 23 4055 141 864 0 0 0 0 0 1 0 625 5222 0 0 0 4 0 47818 
105 95 0 124 2074 0 0 44072 0 1833 8033 0 0 0 22 7155 0 527 0 1682 6 31830 0 23 5748 0 0 0 18564 0 
17240 0 124 0 1 0 0 0 2 0 0 0 3 0 20 86 9580 0 0 851 0 195 0 0 0 184 72 0 0 287 
379 129 2074 1 0 0 11 0 12 8 0 0 10496 0 0 0 52921 0 6 0 0 0 0 0 127 0 24 0 0 8255 
0 0 0 0 0 0 0 6161 24296 64 0 0 0 0 305 0 4 0 32 0 21 82 1 0 1518 66815 1356 0 0 3 
4413 110 0 0 11 0 0 0 0 0 0 0 0 4001 7 0 1593 1 0 0 51410 0 27067 3388 0 146 81 55 39119 358 
0 0 44072 0 0 6161 0 0 97335 15774 6975 0 0 0 0 0 322 397 0 835 0 266 43203 0 12450 125 0 195 204 0 
1 0 0 2 12 24296 0 97335 0 0 1606 1688 0 5149 0 0 12225 0 51 0 0 9 30223 1 0 10 77227 75 0 0 
0 8 1833 0 8 64 0 15774 0 0 0 17337 0 0 0 79876 0 0 183 0 0 0 0 0 0 46 0 0 2749 0 
4 3 8033 0 0 0 0 6975 1606 0 0 3451 82 2750 5522 1 1310 0 1 706 1 0 0 4 2 0 52 6979 17598 0 
0 23 0 0 0 0 0 0 1688 17337 3451 0 0 0 0 42 581 0 84 439 59 6 23 0 0 11 0 0 0 0 
4 4055 0 3 10496 0 0 0 0 0 82 0 0 0 6483 0 0 4675 1 0 45 83455 0 0 0 0 0 0 13 14428 
4315 141 0 0 0 0 4001 0 5149 0 2750 0 0 0 0 0 23 2179 10467 1 5 0 0 0 0 2730 0 579 0 0 
0 864 22 20 0 305 7 0 0 0 5522 0 6483 0 0 11951 3978 3720 0 0 0 0 59 5161 0 532 0 6 0 0 
0 0 7155 86 0 0 0 0 0 79876 1 42 0 0 11951 0 42239 3163 8769 22 0 0 0 0 215 298 0 163 0 4 
0 0 0 9580 52921 4 1593 322 12225 0 1310 581 0 23 3978 42239 0 0 1343 46 1578 0 0 1 14153 4802 1989 182 1013 7 
0 0 527 0 0 0 1 397 0 0 0 0 4675 2179 3720 3163 0 0 0 17903 1257 0 0 3 0 0 2166 400 0 0 
0 0 0 0 6 32 0 0 51 183 1 84 1 10467 0 8769 1343 0 0 115 2123 5 0 0 0 525 0 1 0 32 
240 0 1682 851 0 0 0 835 0 0 706 439 0 1 0 22 46 17903 115 0 0 8629 309 13229 0 0 17073 66730 1060 1096 
3 1 6 0 0 21 51410 0 0 0 1 59 45 5 0 0 1578 1257 2123 0 0 0 0 0 74 2 22862 0 39 0 
49102 0 31830 195 0 82 0 266 9 0 0 6 83455 0 0 0 0 0 5 8629 0 0 5665 5 254 34 0 57 1 37 
0 625 0 0 0 1 27067 43203 30223 0 0 23 0 0 59 0 0 0 0 309 0 5665 0 7344 0 6076 0 0 17 34 
89 5222 23 0 0 0 3388 0 1 0 4 0 0 0 5161 0 1 3 0 13229 0 5 7344 0 0 0 3082 16216 43578 0 
0 0 5748 0 127 1518 0 12450 0 0 2 0 0 0 0 215 14153 0 0 0 74 254 0 0 0 4 0 8805 71378 498 
3739 0 0 184 0 66815 146 125 10 46 0 11 0 2730 532 298 4802 0 525 0 2 34 6076 0 4 0 0 1 0 860 
0 0 0 72 24 1356 81 0 77227 0 52 0 0 0 0 0 1989 2166 0 17073 22862 0 0 3082 0 0 0 461 22020 0 
0 4 0 0 0 0 55 195 75 0 6979 0 0 579 6 163 182 400 1 66730 0 57 0 16216 8805 1 461 0 11601 45654 
5286 0 18564 0 0 0 39119 204 0 2749 17598 0 13 0 0 0 1013 0 0 1060 39 1 17 43578 71378 0 22020 11601 0 0 
106 47818 0 287 8255 3 358 0 0 0 0 0 14428 0 0 4 7 0 32 1096 0 37 34 0 498 860 0 45654 0 0 
