8 4
0 123 17 72 89 90 77 84 
123 0 116 51 121 48 96 115 
17 116 0 64 101 90 86 66 
72 51 64 0 97 39 71 77 
89 121 101 97 0 73 26 158 
90 48 90 39 73 0 47 116 
77 96 86 71 26 47 0 136 
84 115 66 77 158 116 136 0 
0 326 0 0 0 0 921 3 
326 0 92 77 17910 92 9 283 
0 92 0 0 0 67094 4 818 
0 77 0 0 0 0 34 0 
0 17910 0 0 0 0 0 0 
0 92 67094 0 0 0 184 1 
921 9 4 34 0 184 0 0 
3 283 818 0 0 1 0 0 
0 0 28 87 47935 27 0 0 
0 0 0 0 0 0 0 0 
28 0 0 276 0 0 1 0 
87 0 276 0 15 1 0 1357 
47935 0 0 15 0 78623 1513 313 
27 0 0 1 78623 0 0 0 
0 0 1 0 1513 0 0 157 
0 0 0 1357 313 0 157 0 
0 0 3 16386 10908 0 0 0 
0 0 0 0 0 0 0 0 
3 0 0 0 1 0 0 0 
16386 0 0 0 2093 583 0 1702 
10908 0 1 2093 0 413 5 15 
0 0 0 583 413 0 0 0 
0 0 0 0 5 0 0 1 
0 0 0 1702 15 0 1 0 
0 0 1 485 2 21 0 0 
0 0 0 0 0 0 0 0 
1 0 0 0 17 0 0 0 
485 0 0 0 25 20 0 3831 
2 0 17 25 0 185 856 9683 
21 0 0 20 185 0 0 2 
0 0 0 0 856 0 0 78734 
0 0 0 3831 9683 2 78734 0 
