7 4
0 123 17 72 89 90 77 
123 0 116 51 121 48 96 
17 116 0 64 101 90 86 
72 51 64 0 97 39 71 
89 121 101 97 0 73 26 
90 48 90 39 73 0 47 
77 96 86 71 26 47 0 
0 0 0 0 0 6690 33 
0 0 0 1 2721 267 46 
0 0 0 0 68 1209 0 
0 1 0 0 2711 0 0 
0 2721 68 2711 0 0 0 
6690 267 1209 0 0 0 55106 
33 46 0 0 0 55106 0 
0 20667 2 14079 478 0 0 
20667 0 1658 0 1206 2 82 
2 1658 0 0 344 0 0 
14079 0 0 0 0 0 129 
478 1206 344 0 0 4766 1124 
0 2 0 0 4766 0 0 
0 82 0 129 1124 0 0 
0 536 0 64 6 0 0 
536 0 8528 56191 0 0 0 
0 8528 0 0 0 76 13188 
64 56191 0 0 8711 0 35 
6 0 0 8711 0 0 0 
0 0 76 0 0 0 0 
0 0 13188 35 0 0 0 
0 5 0 0 84 0 17593 
5 0 0 183 0 0 0 
0 0 0 0 0 0 8327 
0 183 0 0 0 52 253 
84 0 0 0 0 117 3 
0 0 0 52 117 0 16645 
17593 0 8327 253 3 16645 0 
