40 3
0 123 17 72 89 90 77 84 122 70 141 118 117 117 58 85 94 145 69 99 137 99 30 139 114 56 50 94 70 158 148 87 53 161 64 94 106 62 87 81 
123 0 116 51 121 48 96 115 59 63 25 47 40 16 64 39 31 87 58 23 83 33 103 24 65 67 92 40 53 45 35 36 95 46 119 29 43 89 107 43 
17 116 0 64 101 90 86 66 108 71 133 119 117 113 52 81 90 150 68 93 122 97 14 135 118 53 57 84 66 154 139 82 62 151 46 88 94 69 69 78 
72 51 64 0 97 39 71 77 62 33 69 64 60 49 13 21 29 104 24 28 84 38 52 71 72 21 53 26 13 91 77 19 58 89 74 23 41 56 72 18 
89 121 101 97 0 73 26 158 158 64 146 84 88 106 88 88 93 82 73 107 181 88 104 121 67 78 49 121 84 131 156 94 43 167 143 101 136 41 157 86 
90 48 90 39 73 0 47 116 91 20 73 28 27 34 42 20 20 64 22 35 115 15 82 53 32 38 48 55 28 69 83 26 49 95 111 30 68 42 111 21 
77 96 86 71 26 47 0 136 132 38 121 63 66 81 63 62 67 73 47 81 155 62 85 98 49 54 29 95 58 110 130 68 24 142 124 75 110 17 134 60 
84 115 66 77 158 116 136 0 73 105 118 141 136 120 76 98 104 181 98 96 73 114 56 139 149 84 109 75 89 160 120 94 114 129 22 95 74 118 9 96 
122 59 108 62 158 91 132 73 0 94 51 103 96 73 74 71 70 145 85 56 25 79 93 83 118 83 115 37 74 101 50 65 120 57 87 60 22 118 63 72 
70 63 71 33 64 20 38 105 94 0 87 48 47 52 29 25 32 79 8 44 117 32 64 72 47 21 28 56 20 89 96 31 31 108 97 38 71 26 102 23 
141 25 133 69 146 73 121 118 51 87 0 70 64 41 83 62 55 108 81 43 71 58 119 37 89 88 115 49 74 52 10 57 118 21 127 50 44 113 110 65 
118 47 119 64 84 28 63 141 103 48 70 0 6 30 70 43 37 42 50 48 128 26 110 38 19 66 73 72 55 47 80 46 73 90 138 47 82 64 135 45 
117 40 117 60 88 27 66 136 96 47 64 6 0 24 67 39 32 48 48 42 121 22 108 32 25 64 74 66 52 44 73 42 75 83 134 41 76 66 130 42 
117 16 113 49 106 34 81 120 73 52 41 30 24 0 60 31 22 72 48 24 98 19 101 21 48 61 81 46 46 42 51 31 83 62 122 26 54 76 113 35 
58 64 52 13 88 42 63 76 74 29 83 70 67 60 0 29 38 107 21 41 95 45 41 82 74 9 41 39 15 102 90 29 47 103 69 35 53 47 72 25 
85 39 81 21 88 20 62 98 71 25 62 43 39 31 29 0 9 83 18 19 96 17 70 53 51 29 52 34 14 73 71 6 56 83 95 13 49 51 92 3 
94 31 90 29 93 20 67 104 70 32 55 37 32 22 38 9 0 79 27 14 95 10 79 44 48 38 60 36 24 64 64 10 64 76 103 10 48 58 98 13 
145 87 150 104 82 64 73 181 145 79 108 42 48 72 107 83 79 0 85 91 170 68 144 71 32 101 95 114 92 67 117 88 93 125 176 89 125 84 176 85 
69 58 68 24 73 22 47 98 85 8 81 50 48 48 21 18 27 85 0 37 108 30 60 70 52 16 34 48 11 88 90 23 38 102 91 31 63 34 94 15 
99 23 93 28 107 35 81 96 56 44 43 48 42 24 41 19 14 91 37 0 81 23 80 43 62 45 71 23 30 64 52 13 75 65 98 6 34 70 89 21 
137 83 122 84 181 115 155 73 25 117 71 128 121 98 95 96 95 170 108 81 0 104 107 106 143 104 136 61 97 123 67 89 142 71 92 85 47 141 64 96 
99 33 97 38 88 15 62 114 79 32 58 26 22 19 45 17 10 68 30 23 104 0 87 40 38 44 61 46 30 58 68 19 63 79 112 20 58 56 108 20 
30 103 14 52 104 82 85 56 93 64 119 110 108 101 41 70 79 144 60 80 107 87 0 123 111 44 56 70 56 143 125 70 61 137 39 76 80 68 58 67 
139 24 135 71 121 53 98 139 83 72 37 38 32 21 82 53 44 71 70 43 106 40 123 0 57 83 101 64 68 21 46 52 103 54 142 47 68 95 131 57 
114 65 118 72 67 32 49 149 118 47 89 19 25 48 74 51 48 32 52 62 143 38 111 57 0 68 66 84 60 63 99 57 65 109 143 59 97 55 144 53 
56 67 53 21 78 38 54 84 83 21 88 66 64 61 9 29 38 101 16 45 104 44 44 83 68 0 32 47 14 102 96 31 37 109 75 39 62 37 81 25 
50 92 57 53 49 48 29 109 115 28 115 73 74 81 41 52 60 95 34 71 136 61 56 101 66 32 0 79 42 117 124 57 5 136 95 65 94 12 107 49 
94 40 84 26 121 55 95 75 37 56 49 72 66 46 39 34 36 114 48 23 61 46 70 64 84 47 79 0 37 85 55 28 84 67 79 25 15 81 67 35 
70 53 66 13 84 28 58 89 74 20 74 55 52 46 15 14 24 92 11 30 97 30 56 68 60 14 42 37 0 88 82 17 47 95 83 24 52 44 84 11 
158 45 154 91 131 69 110 160 101 89 52 47 44 42 102 73 64 67 88 64 123 58 143 21 63 102 117 85 88 0 58 73 118 62 163 68 88 110 152 76 
148 35 139 77 156 83 130 120 50 96 10 80 73 51 90 71 64 117 90 52 67 68 125 46 99 96 124 55 82 58 0 66 128 12 130 58 47 122 111 74 
87 36 82 19 94 26 68 94 65 31 57 46 42 31 29 6 10 88 23 13 89 19 70 52 57 31 57 28 17 73 66 0 61 78 93 7 42 57 88 8 
53 95 62 58 43 49 24 114 120 31 118 73 75 83 47 56 64 93 38 75 142 63 61 103 65 37 5 84 47 118 128 61 0 140 100 69 99 9 113 53 
161 46 151 89 167 95 142 129 57 108 21 90 83 62 103 83 76 125 102 65 71 79 137 54 109 109 136 67 95 62 12 78 140 0 141 71 58 134 120 86 
64 119 46 74 143 111 124 22 87 97 127 138 134 122 69 95 103 176 91 98 92 112 39 142 143 75 95 79 83 163 130 93 100 141 0 96 82 106 28 92 
94 29 88 23 101 30 75 95 60 38 50 47 41 26 35 13 10 89 31 6 85 20 76 47 59 39 65 25 24 68 58 7 69 71 96 0 38 64 89 15 
106 43 94 41 136 68 110 74 22 71 44 82 76 54 53 49 48 125 63 34 47 58 80 68 97 62 94 15 52 88 47 42 99 58 82 38 0 96 65 49 
62 89 69 56 41 42 17 118 118 26 113 64 66 76 47 51 58 84 34 70 141 56 68 95 55 37 12 81 44 110 122 57 9 134 106 64 96 0 116 49 
87 107 69 72 157 111 134 9 63 102 110 135 130 113 72 92 98 176 94 89 64 108 58 131 144 81 107 67 84 152 111 88 113 120 28 89 65 116 0 90 
81 43 78 18 86 21 60 96 72 23 65 45 42 35 25 3 13 85 15 21 96 20 67 57 53 25 49 35 11 76 74 8 53 86 92 15 49 49 90 0 
0 93 0 10 0 0 200 86 0 0 0 2479 0 56 0 9047 0 0 0 5 0 77626 0 0 83427 1456 0 0 874 0 0 0 0 136 0 0 146 2604 0 0 
93 0 0 0 0 0 795 0 0 0 141 0 0 0 0 2222 34830 0 5585 2181 6 0 0 0 60 0 0 0 0 1665 0 4770 6770 0 0 0 0 24 0 170 
0 0 0 0 3 0 0 0 0 4 46 0 0 0 13234 0 22077 1350 0 0 0 0 123 52 6273 574 1 148 0 161 7 1 172 14 0 0 0 1 0 0 
10 0 0 0 179 1438 350 0 5 0 0 0 0 39 0 0 9492 0 0 0 268 0 3 0 15 0 0 0 0 7576 482 34497 1 67 0 7925 290 0 8 2 
0 0 3 179 0 0 782 0 0 173 16 3563 232 0 1 35 12 13027 0 2869 0 0 0 0 0 0 0 0 36295 0 910 0 13893 0 65 201 0 0 76 0 
0 0 0 1438 0 0 0 0 48 0 1 0 0 195 0 0 0 41 77478 269 0 91 0 6 242 876 13 0 0 0 0 0 89 0 0 1024 0 43 3 72 
200 795 0 350 782 0 0 0 204 0 2087 47 0 4 10225 0 8993 1869 280 281 0 0 0 34 0 0 8510 36032 26420 0 1087 0 0 0 1879 0 11 0 222 7563 
86 0 0 0 0 0 0 0 71593 11 0 0 1018 0 0 49 0 0 0 0 1683 4 32846 0 2000 0 0 0 249 979 5 0 113 0 48 0 0 84 41 11046 
0 0 0 5 0 48 204 71593 0 0 0 12665 0 0 0 0 3 50 56 270 0 0 0 0 0 0 212 10007 0 3 11547 96799 77602 0 0 588 0 0 69088 0 
0 0 4 0 173 0 0 11 0 0 0 1240 5385 0 11 8 0 0 0 2 23414 8518 10 2 0 18 7 144 288 0 0 0 0 0 0 1173 11 0 0 0 
0 141 46 0 16 1 2087 0 0 0 0 6987 0 0 88 279 0 0 0 89 539 401 0 1194 0 673 0 0 0 0 762 9528 1 1736 0 4 15554 0 0 0 
2479 0 0 0 3563 0 47 0 12665 1240 6987 0 0 0 0 0 0 0 0 0 45 0 38649 0 47 0 0 2 17985 0 5471 328 2 520 12 0 7 9 0 0 
0 0 0 0 232 0 0 1018 0 5385 0 0 0 34310 15316 0 429 0 83 9179 27315 406 192 0 9 108 0 0 4 0 0 65232 0 0 0 0 0 90 0 192 
56 0 0 39 0 195 4 0 0 0 0 0 34310 0 923 0 6 0 1674 0 37 155 0 7619 1 56344 0 0 0 320 389 10148 0 7119 3375 11 76437 0 1362 0 
0 0 13234 0 1 0 10225 0 0 11 88 0 15316 923 0 0 42 0 1 0 1050 10595 0 0 0 0 0 0 0 154 0 0 2270 39 0 364 0 2543 0 32437 
9047 2222 0 0 35 0 0 49 0 8 279 0 0 0 0 0 0 12 0 0 0 0 2318 0 12264 0 91014 1468 0 378 0 1255 0 13 1 0 176 315 0 0 
0 34830 22077 9492 12 0 8993 0 3 0 0 0 429 6 42 0 0 330 0 53905 397 0 237 0 160 0 0 1 0 0 0 4420 62 17025 6 185 1 9 0 30916 
0 0 1350 0 13027 41 1869 0 50 0 0 0 0 0 0 12 330 0 1 0 2 0 13074 24 9 0 22436 0 0 8 172 0 31063 0 13 11 1 0 0 89 
0 5585 0 0 0 77478 280 0 56 0 0 0 83 1674 1 0 0 1 0 2 10 11 1921 0 0 8 1998 319 34 1 255 13 18 4217 20315 25 0 0 2 6891 
5 2181 0 0 2869 269 281 0 270 2 89 0 9179 0 0 0 53905 0 2 0 5821 0 298 166 24 0 7 0 0 1 9 0 0 0 18204 0 0 1326 0 3 
0 6 0 268 0 0 0 1683 0 23414 539 45 27315 37 1050 0 397 2 10 5821 0 0 0 3 0 36658 53 0 0 0 0 0 0 0 5 0 0 2639 0 58 
77626 0 0 0 0 91 0 4 0 8518 401 0 406 155 10595 0 0 0 11 0 0 0 0 19 1 0 11167 29518 14615 11 10517 19 16519 7 0 0 5795 680 952 157 
0 0 123 3 0 0 0 32846 0 10 0 38649 192 0 0 2318 237 13074 1921 298 0 0 0 0 16706 1 44197 0 0 159 90274 0 0 0 137 0 0 0 0 0 
0 0 52 0 0 6 34 0 0 2 1194 0 0 7619 0 0 0 24 0 166 3 19 0 0 0 35510 38 0 8 10487 23339 96418 0 1576 0 0 0 0 0 36916 
83427 60 6273 15 0 242 0 2000 0 0 0 47 9 1 0 12264 160 9 0 24 0 1 16706 0 0 0 0 0 6 53568 5 87856 242 56 0 0 20371 0 264 260 
1456 0 574 0 0 876 0 0 0 18 673 0 108 56344 0 0 0 0 8 0 36658 0 1 35510 0 0 0 0 0 0 21173 1214 0 22 0 0 9140 16441 40 0 
0 0 1 0 0 13 8510 0 212 7 0 0 0 0 0 91014 0 22436 1998 7 53 11167 44197 38 0 0 0 0 130 3 27989 1 0 30486 1819 0 0 19 0 0 
0 0 148 0 0 0 36032 0 10007 144 0 2 0 0 0 1468 1 0 319 0 0 29518 0 0 0 0 0 0 10 466 0 0 7 0 51 18205 1 0 0 0 
874 0 0 0 36295 0 26420 249 0 288 0 17985 4 0 0 0 0 0 34 0 0 14615 0 8 6 0 130 10 0 1 13941 0 44 63879 0 0 0 101 4 401 
0 1665 161 7576 0 0 0 979 3 0 0 0 0 320 154 378 0 8 1 1 0 11 159 10487 53568 0 3 466 1 0 0 353 741 0 0 0 0 0 0 0 
0 0 7 482 910 0 1087 5 11547 0 762 5471 0 389 0 0 0 172 255 9 0 10517 90274 23339 5 21173 27989 0 13941 0 0 120 96 6207 3 0 0 4 74 37 
0 4770 1 34497 0 0 0 0 96799 0 9528 328 65232 10148 0 1255 4420 0 13 0 0 19 0 96418 87856 1214 1 0 0 353 120 0 11864 0 47 0 590 0 695 0 
0 6770 172 1 13893 89 0 113 77602 0 1 2 0 0 2270 0 62 31063 18 0 0 16519 0 0 242 0 0 7 44 741 96 11864 0 0 0 47 0 7 513 0 
136 0 14 67 0 0 0 0 0 0 1736 520 0 7119 39 13 17025 0 4217 0 0 7 0 1576 56 22 30486 0 63879 0 6207 0 0 0 16 196 428 0 0 248 
0 0 0 0 65 0 1879 48 0 0 0 12 0 3375 0 1 6 13 20315 18204 5 0 137 0 0 0 1819 51 0 0 3 47 0 16 0 0 3 23907 0 0 
0 0 0 7925 201 1024 0 0 588 1173 4 0 0 11 364 0 185 11 25 0 0 0 0 0 0 0 0 18205 0 0 0 0 47 196 0 0 0 0 622 0 
146 0 0 290 0 0 11 0 0 11 15554 7 0 76437 0 176 1 1 0 0 0 5795 0 0 20371 9140 0 1 0 0 0 590 0 428 3 0 0 13796 2875 0 
2604 24 1 0 0 43 0 84 0 0 0 9 90 0 2543 315 9 0 0 1326 2639 680 0 0 0 16441 19 0 101 0 4 0 7 0 23907 0 13796 0 1 0 
0 0 0 8 76 3 222 41 69088 0 0 0 0 1362 0 0 0 0 2 0 0 952 0 0 264 40 0 0 4 0 74 695 513 0 0 622 2875 1 0 0 
0 170 0 2 0 72 7563 11046 0 0 0 0 192 0 32437 0 30916 89 6891 3 58 157 0 36916 260 0 0 0 401 0 37 0 0 248 0 0 0 0 0 0 
0 0 0 0 1086 45 0 0 34 1928 10 0 6 0 3054 0 12151 1 19 0 55195 0 45 38490 0 0 21139 2189 0 31 52210 33761 12476 0 1 6 0 0 4141 6 
0 0 24983 119 2 9700 0 3 11192 88 0 15834 104 14 30923 0 0 94 0 0 0 1 143 9 0 0 2 45 507 0 55 0 0 564 62918 275 12 0 51 0 
0 24983 0 2100 0 2 759 4413 8 0 0 1531 95 194 0 9 0 0 576 78382 2 7966 0 0 0 0 0 0 64 0 0 0 0 0 10 1 9 0 20 3 
0 119 2100 0 0 0 0 1669 0 67725 4745 20790 45 0 19883 102 0 15 99 3054 0 1046 0 284 0 304 65 1 31563 0 0 0 0 0 1 0 0 5912 0 0 
1086 2 0 0 0 2039 0 3344 72 0 0 0 0 16 1 0 0 0 22 0 25699 1688 51 3626 83 1 17921 9108 0 4 0 140 0 4758 0 0 206 2332 0 1687 
45 9700 2 0 2039 0 6 29 0 1002 0 190 37202 0 16567 0 92 0 0 0 1470 0 0 0 0 0 0 329 0 51457 1 7219 0 1228 11 0 1296 0 0 0 
0 0 759 0 0 6 0 321 0 574 0 0 12 0 0 1563 0 0 0 0 4261 7 5 0 5 6425 0 0 0 308 0 33 0 31793 0 14708 0 1 0 0 
0 3 4413 1669 3344 29 321 0 0 0 89218 4997 0 1904 258 0 937 48 13 7157 0 0 0 3760 0 3 0 1001 0 0 0 398 0 232 0 18 0 0 0 0 
34 11192 8 0 72 0 0 0 0 162 14157 0 682 182 2 5 0 0 0 0 322 9 2 8769 86313 289 0 0 489 0 0 0 0 1234 3 0 1 648 0 27144 
1928 88 0 67725 0 1002 574 0 162 0 76 0 0 0 0 0 7 122 11 1 0 0 0 0 4 0 0 0 0 87 4530 5 3205 27980 6276 0 0 22640 35916 268 
10 0 0 4745 0 0 0 89218 14157 76 0 0 66921 13042 0 0 13607 1245 11272 0 0 0 555 0 2971 0 10996 4 62396 1301 0 0 0 0 679 0 0 6 48 338 
0 15834 1531 20790 0 190 0 4997 0 0 0 0 2407 26242 887 35 76 20304 31 632 0 3168 0 26436 0 147 7616 0 0 1180 0 0 0 0 0 45 0 0 68 6 
6 104 95 45 0 37202 12 0 682 0 66921 2407 0 0 0 2518 0 23708 0 0 0 0 0 1954 1 0 522 1740 8 42790 847 0 4145 10376 10 42699 23486 0 1007 0 
0 14 194 0 16 0 0 1904 182 0 13042 26242 0 0 0 1508 0 0 0 161 0 0 23787 0 1 0 36657 4 5222 0 0 0 253 0 0 0 0 4502 0 48697 
3054 30923 0 19883 1 16567 0 258 2 0 0 887 0 0 0 6 0 2848 0 3988 0 0 13400 61 8 11 3 65107 17 0 8 5550 0 0 59 0 28903 0 13937 0 
0 0 9 102 0 0 1563 0 5 0 0 35 2518 1508 6 0 2108 0 3 1188 14461 9 0 568 0 76 0 0 12780 0 3305 0 28 0 0 63 0 0 812 89 
12151 0 0 0 0 92 0 937 0 7 13607 76 0 0 0 2108 0 0 13 0 0 29 0 20 0 2412 3393 0 656 12 21474 0 0 0 0 0 0 0 54 0 
1 94 0 15 0 0 0 48 0 122 1245 20304 23708 0 2848 0 0 0 0 31429 11 5153 0 0 0 218 0 32 505 0 0 2 0 982 0 0 2 0 12 0 
19 0 576 99 22 0 0 13 0 11 11272 31 0 0 0 3 13 0 0 0 0 0 0 5142 30 0 0 0 0 0 0 0 0 0 0 0 0 13751 0 0 
0 0 78382 3054 0 0 0 7157 0 1 0 632 0 161 3988 1188 0 31429 0 0 0 25474 0 0 0 3951 5 381 44 0 0 7700 1081 80488 0 39939 2 0 62244 0 
55195 0 2 0 25699 1470 4261 0 322 0 0 0 0 0 0 14461 0 11 0 0 0 1534 13 0 23 0 0 3 5500 77152 3 65 23140 8 0 1089 0 0 427 0 
0 1 7966 1046 1688 0 7 0 9 0 0 3168 0 0 0 9 29 5153 0 25474 1534 0 345 0 0 6 0 0 0 0 0 0 0 0 370 4 0 0 0 0 
45 143 0 0 51 0 5 0 2 0 555 0 0 23787 13400 0 0 0 0 0 13 345 0 1694 0 0 0 82 71369 0 0 10 1582 90374 0 906 2292 71263 71263 1618 
38490 9 0 284 3626 0 0 3760 8769 0 0 26436 1954 0 61 568 20 0 5142 0 0 0 1694 0 102 0 0 1 0 0 0 0 27797 0 124 45 1092 26 3274 0 
0 0 0 0 83 0 5 0 86313 4 2971 0 1 1 8 0 0 0 30 0 23 0 0 102 0 466 8629 5 0 0 0 0 0 0 12245 5751 0 1 0 0 
0 0 0 304 1 0 6425 3 289 0 0 147 0 0 11 76 2412 218 0 3951 0 6 0 0 466 0 11581 11179 17 38 0 0 88 0 0 110 0 0 0 9 
21139 2 0 65 17921 0 0 0 0 0 10996 7616 522 36657 3 0 3393 0 0 5 0 0 0 0 8629 11581 0 27 0 0 0 0 3 0 0 25163 51 8 53743 2 
2189 45 0 1 9108 329 0 1001 0 0 4 0 1740 4 65107 0 0 32 0 381 3 0 82 1 5 11179 27 0 0 0 55 1 0 2038 0 0 992 718 27759 86188 
0 507 64 31563 0 0 0 0 489 0 62396 0 8 5222 17 12780 656 505 0 44 5500 0 71369 0 0 17 0 0 0 0 0 88466 0 0 3384 1 11907 0 0 0 
31 0 0 0 4 51457 308 0 0 87 1301 1180 42790 0 0 0 12 0 0 0 77152 0 0 0 0 38 0 0 0 0 6505 0 0 4633 13 5 1118 966 12 1 
52210 55 0 0 0 1 0 0 0 4530 0 0 847 0 8 3305 21474 0 0 0 3 0 0 0 0 0 0 55 0 6505 0 0 0 0 3 10 805 0 0 0 
33761 0 0 0 140 7219 33 398 0 5 0 0 0 0 5550 0 0 2 0 7700 65 0 10 0 0 0 0 1 88466 0 0 0 0 0 0 2 0 1290 0 81 
12476 0 0 0 0 0 0 0 0 3205 0 0 4145 253 0 28 0 0 0 1081 23140 0 1582 27797 0 88 3 0 0 0 0 0 0 8969 292 1 132 0 0 14 
0 564 0 0 4758 1228 31793 232 1234 27980 0 0 10376 0 0 0 0 982 0 80488 8 0 90374 0 0 0 0 2038 0 4633 0 0 8969 0 0 0 0 3293 6455 0 
1 62918 10 1 0 11 0 0 3 6276 679 0 10 0 59 0 0 0 0 0 0 370 0 124 12245 0 0 0 3384 13 3 0 292 0 0 1948 0 0 7568 25146 
6 275 1 0 0 0 14708 18 0 0 0 45 42699 0 0 63 0 0 0 39939 1089 4 906 45 5751 110 25163 0 1 5 10 2 1 0 1948 0 3 33 0 694 
0 12 9 0 206 1296 0 0 1 0 0 0 23486 0 28903 0 0 2 0 2 0 0 2292 1092 0 0 51 992 11907 1118 805 0 132 0 0 3 0 0 0 4646 
0 0 0 5912 2332 0 1 0 648 22640 6 0 0 4502 0 0 0 0 13751 0 0 0 71263 26 1 0 8 718 0 966 0 1290 0 3293 0 33 0 0 0 127 
4141 51 20 0 0 0 0 0 0 35916 48 68 1007 0 13937 812 54 12 0 62244 427 0 71263 3274 0 0 53743 27759 0 12 0 0 0 6455 7568 0 0 0 0 417 
6 0 3 0 1687 0 0 0 27144 268 338 6 0 48697 0 89 0 0 0 0 0 0 1618 0 0 9 2 86188 0 1 0 81 14 0 25146 694 4646 127 417 0 
0 0 37 0 74 1 0 0 7 5066 1 0 4839 0 1688 0 2149 2 1 0 0 0 2985 5083 0 0 11 2503 0 862 74 2799 1080 0 1 1011 0 0 2 18 
0 0 33 24746 41 3 0 114 0 76 0 1 170 67956 4233 0 0 26 0 0 0 12 1207 0 0 7 25 28 1619 0 3798 0 0 661 66730 18 3 0 1 0 
37 33 0 1 0 65612 7125 4893 25 0 0 4 4440 4567 0 46 0 0 36 1681 1 3 0 0 0 0 0 0 22 0 0 67 0 0 0 1609 1002 0 2 4 
0 24746 1 0 0 0 0 180 0 45609 27 1099 10 0 16910 55119 0 216 675 86719 0 139 0 18793 0 63 1 1 110 0 0 0 0 0 57 0 0 1 0 1 
74 41 0 0 0 2551 0 84047 7 0 0 0 0 66 0 0 0 0 4 0 192 37266 2561 34 11 44 3872 49311 0 40 0 0 0 26 0 0 25 94 0 1609 
1 3 65612 0 2551 0 37954 79561 0 3654 0 94 2627 0 155 8 364 0 0 0 15476 0 61 0 0 0 0 10436 115 24313 7901 86 0 1066 0 0 1 0 0 0 
0 0 7125 0 0 37954 0 891 0 89 0 0 14 0 0 4 0 0 0 0 69308 925 8 0 4 38 0 0 0 397 0 36 1730 22 0 1060 0 3 0 0 
0 114 4893 180 84047 79561 891 0 0 0 1093 3552 0 19616 17 0 368 1623 259 1 0 1 0 380 0 40 6 1685 0 0 0 13003 0 62 0 2 23 0 0 0 
7 0 25 0 7 0 0 0 0 35 4 0 2946 3 305 802 0 0 0 0 89684 98025 59 4386 24093 33 0 0 28 0 0 0 0 4 74368 0 7713 8168 0 26 
5066 76 0 45609 0 3654 89 0 35 0 934 0 0 22 0 0 4 3938 1043 15 0 0 0 0 0 0 0 0 0 778 29 4246 9 391 592 0 0 496 2184 0 
1 0 0 27 0 0 0 1093 4 934 0 0 53510 57559 0 0 4315 6 554 0 0 0 7568 0 45 0 16806 15 23580 419 0 0 2 0 653 1 0 0 3 1 
0 1 4 1099 0 94 0 3552 0 0 0 0 238 3 3 51 141 7 38527 41980 0 2 0 3564 0 8796 19 0 0 80 0 0 0 0 0 15 0 1 531 0 
4839 170 4440 10 0 2627 14 0 2946 0 53510 238 0 0 0 0 0 376 0 0 0 0 0 0 1 0 83 321 0 1 7714 0 0 3 0 165 8340 0 7363 0 
0 67956 4567 0 66 0 0 19616 3 22 57559 3 0 0 0 3084 13 0 0 8872 0 0 273 0 0 0 3690 19 2759 0 0 0 0 0 0 0 0 1674 0 30049 
1688 4233 0 16910 0 155 0 17 305 0 0 3 0 0 0 3 0 1425 7 11285 0 0 4815 8 707 1133 6957 215 0 0 18 1 0 0 38 0 395 0 132 0 
0 0 46 55119 0 8 4 0 802 0 0 51 0 3084 3 0 11 0 1239 2 114 6 0 155 0 7 0 0 32749 0 817 0 10438 0 2 318 0 0 1763 6 
2149 0 0 0 0 364 0 368 0 4 4315 141 0 13 0 11 0 0 418 0 0 10531 0 25967 0 337 83260 0 16 264 18741 0 0 0 0 0 0 0 974 0 
2 26 0 216 0 0 0 1623 0 3938 6 7 376 0 1425 0 0 0 6 7168 0 1 0 0 0 5 0 344 1 0 0 11 0 5 0 0 0 1 3 0 
1 0 36 675 4 0 0 259 0 1043 554 38527 0 0 7 1239 418 6 0 0 0 0 0 95741 1219 0 0 0 0 0 0 0 0 0 0 0 2 4 0 0 
0 0 1681 86719 0 0 0 1 0 15 0 41980 0 8872 11285 2 0 7168 0 0 0 5 0 0 0 4820 0 55046 17110 0 10 101 338 3 0 0 91011 0 26 0 
0 0 1 0 192 15476 69308 0 89684 0 0 0 0 0 0 114 0 0 0 0 0 1 323 0 14897 0 0 30 608 1650 5496 27074 9 375 0 99 0 0 7308 0 
0 12 3 139 37266 0 925 1 98025 0 0 2 0 0 0 6 10531 1 0 5 1 0 3 0 0 126 0 0 0 0 0 0 0 0 10614 40483 0 0 0 0 
2985 1207 0 0 2561 61 8 0 59 0 7568 0 0 273 4815 0 0 0 0 0 323 3 0 16645 0 1 0 2 11029 0 0 1717 11790 2895 0 330 47779 113 4608 2 
5083 0 0 18793 34 0 0 380 4386 0 0 3564 0 0 8 155 25967 0 95741 0 0 0 16645 0 833 0 0 88 0 0 0 0 88 0 78 11 0 73 329 0 
0 0 0 0 11 0 4 0 24093 0 45 0 1 0 707 0 0 0 1219 0 14897 0 0 833 0 9577 83 9 0 0 0 0 0 0 37096 2236 0 1 0 0 
0 7 0 63 44 0 38 40 33 0 0 8796 0 0 1133 7 337 5 0 4820 0 126 1 0 9577 0 14 1094 31 38 0 0 2316 0 260 328 0 0 0 24 
11 25 0 1 3872 0 0 6 0 0 16806 19 83 3690 6957 0 83260 0 0 0 0 0 0 0 83 14 0 17 0 3 0 4 303 0 0 23 1281 0 64 37 
2503 28 0 1 49311 10436 0 1685 0 0 15 0 321 19 215 0 0 344 0 55046 30 0 2 88 9 1094 17 0 0 0 99 280 0 2298 0 0 0 0 58363 16591 
0 1619 22 110 0 115 0 0 28 0 23580 0 0 2759 0 32749 16 1 0 17110 608 0 11029 0 0 31 0 0 0 4 0 74 0 0 6597 131 155 0 0 0 
862 0 0 0 40 24313 397 0 0 778 419 80 1 0 0 0 264 0 0 0 1650 0 0 0 0 38 3 0 4 0 469 0 0 3 572 223 498 9682 0 18135 
74 3798 0 0 0 7901 0 0 0 29 0 0 7714 0 18 817 18741 0 0 10 5496 0 0 0 0 0 0 99 0 469 0 0 0 0 0 106 860 0 0 0 
2799 0 67 0 0 86 36 13003 0 4246 0 0 0 0 1 0 0 11 0 101 27074 0 1717 0 0 0 4 280 74 0 0 0 0 281 0 2190 0 1571 0 1558 
1080 0 0 0 0 0 1730 0 0 9 2 0 0 0 0 10438 0 0 0 338 9 0 11790 88 0 2316 303 0 0 0 0 0 0 7972 0 0 168 0 0 95 
0 661 0 0 26 1066 22 62 4 391 0 0 3 0 0 0 0 5 0 3 375 0 2895 0 0 0 0 2298 0 3 0 281 7972 0 0 0 0 0 570 0 
1 66730 0 57 0 0 0 0 74368 592 653 0 0 0 38 2 0 0 0 0 0 10614 0 78 37096 260 0 0 6597 572 0 0 0 0 0 7 1 0 295 4162 
1011 18 1609 0 0 0 1060 2 0 0 1 15 165 0 0 318 0 0 0 0 99 40483 330 11 2236 328 23 0 131 223 106 2190 0 0 7 0 0 33 0 244 
0 3 1002 0 25 1 0 23 7713 0 0 0 8340 0 395 0 0 0 2 91011 0 0 47779 0 0 0 1281 0 155 498 860 0 168 0 1 0 0 0 0 1976 
0 0 0 1 94 0 3 0 8168 496 0 1 0 1674 0 0 0 1 4 0 0 0 113 73 1 0 0 0 0 9682 0 1571 0 0 0 33 0 0 0 2278 
2 1 2 0 0 0 0 0 0 2184 3 531 7363 0 132 1763 974 3 0 26 7308 0 4608 329 0 0 64 58363 0 0 0 0 0 570 295 0 0 0 0 5090 
18 0 4 1 1609 0 0 0 26 0 1 0 0 30049 0 6 0 0 0 0 0 0 2 0 0 24 37 16591 0 18135 0 1558 95 0 4162 244 1976 2278 5090 0 
