9 3
0 46 118 40 96 98 46 64 2 
46 0 88 10 53 127 3 66 48 
118 88 0 85 53 137 85 71 120 
40 10 85 0 56 117 8 56 42 
96 53 53 56 0 154 51 82 98 
98 127 137 117 154 0 125 72 99 
46 3 85 8 51 125 0 63 48 
64 66 71 56 82 72 63 0 66 
2 48 120 42 98 99 48 66 0 
0 0 10409 0 0 9 13075 0 215 
0 0 5 0 39 0 0 0 12 
10409 5 0 0 1 70 5 48785 0 
0 0 0 0 0 6734 0 33648 20406 
0 39 1 0 0 0 40 2 10 
9 0 70 6734 0 0 32 0 0 
13075 0 5 0 40 32 0 5572 9113 
0 0 48785 33648 2 0 5572 0 14534 
215 12 0 20406 10 0 9113 14534 0 
0 0 8250 0 0 0 0 0 0 
0 0 2 0 0 256 1031 0 58 
8250 2 0 0 27991 0 0 0 15 
0 0 0 0 0 0 44 0 17 
0 0 27991 0 0 166 325 0 0 
0 256 0 0 166 0 39602 0 1466 
0 1031 0 44 325 39602 0 9 44 
0 0 0 0 0 0 9 0 902 
0 58 15 17 0 1466 44 902 0 
0 341 40 54 0 0 4 401 55 
341 0 0 0 0 4 14 0 0 
40 0 0 0 1 85 7 33189 301 
54 0 0 0 152 0 0 118 86911 
0 0 1 152 0 0 0 12 0 
0 4 85 0 0 0 41 0 0 
4 14 7 0 0 41 0 743 81080 
401 0 33189 118 12 0 743 0 0 
55 0 301 86911 0 0 81080 0 0 
