7 2
0 59 64 103 62 95 95 
59 0 70 49 40 62 36 
64 70 0 118 33 51 89 
103 49 118 0 85 94 38 
62 40 33 85 0 33 56 
95 62 51 94 33 0 57 
95 36 89 38 56 57 0 
0 25 24948 110 28 0 0 
25 0 8692 35898 2 3964 0 
24948 8692 0 0 0 6953 0 
110 35898 0 0 0 22042 0 
28 2 0 0 0 749 780 
0 3964 6953 22042 749 0 0 
0 0 0 0 780 0 0 
0 0 23657 43 1 0 0 
0 0 51364 7074 10 28333 0 
23657 51364 0 0 0 12080 0 
43 7074 0 0 0 7035 0 
1 10 0 0 0 11 2725 
0 28333 12080 7035 11 0 0 
0 0 0 0 2725 0 0 
