5 4
0 123 17 72 89 
123 0 116 51 121 
17 116 0 64 101 
72 51 64 0 97 
89 121 101 97 0 
0 40 0 0 27805 
40 0 0 0 0 
0 0 0 0 12798 
0 0 0 0 0 
27805 0 12798 0 0 
0 0 20667 830 0 
0 0 0 5 3 
20667 0 0 2 26004 
830 5 2 0 20505 
0 3 26004 20505 0 
0 158 536 519 0 
158 0 1947 164 134 
536 1947 0 0 0 
519 164 0 0 1346 
0 134 0 1346 0 
0 726 5 328 0 
726 0 55977 723 2 
5 55977 0 0 0 
328 723 0 0 6 
0 2 0 6 0 
