7 4
0 59 64 103 62 95 95 
59 0 70 49 40 62 36 
64 70 0 118 33 51 89 
103 49 118 0 85 94 38 
62 40 33 85 0 33 56 
95 62 51 94 33 0 57 
95 36 89 38 56 57 0 
0 0 0 0 0 0 0 
0 0 138 0 0 24 28333 
0 138 0 1 0 0 0 
0 0 1 0 4879 0 0 
0 0 0 4879 0 0 0 
0 24 0 0 0 0 0 
0 28333 0 0 0 0 0 
0 0 0 202 0 21175 140 
0 0 2316 8692 7776 34092 0 
0 2316 0 0 0 0 12080 
202 8692 0 0 0 0 23433 
0 7776 0 0 0 75 207 
21175 34092 0 0 75 0 0 
140 0 12080 23433 207 0 0 
0 8 0 47 0 0 0 
8 0 0 0 0 0 0 
0 0 0 5 0 0 0 
47 0 5 0 0 0 749 
0 0 0 0 0 11 0 
0 0 0 0 11 0 0 
0 0 0 749 0 0 0 
0 0 9 0 0 1082 13697 
0 0 0 1 35898 0 0 
9 0 0 128 6717 0 0 
0 1 128 0 0 0 11 
0 35898 6717 0 0 6 0 
1082 0 0 0 6 0 0 
13697 0 0 11 0 0 0 
