10 4
0 59 64 103 62 95 95 48 90 88 
59 0 70 49 40 62 36 46 31 30 
64 70 0 118 33 51 89 98 88 95 
103 49 118 0 85 94 38 68 34 23 
62 40 33 85 0 33 56 78 55 62 
95 62 51 94 33 0 57 107 59 71 
95 36 89 38 56 57 0 77 6 17 
48 46 98 68 78 107 77 0 71 63 
90 31 88 34 55 59 6 71 0 12 
88 30 95 23 62 71 17 63 12 0 
0 0 0 0 71328 4879 0 6953 0 1 
0 0 0 0 0 0 0 0 72154 0 
0 0 0 6076 0 0 14 12080 780 0 
0 0 6076 0 2180 26 0 0 0 0 
71328 0 0 2180 0 0 11 7035 14 0 
4879 0 0 26 0 0 0 75163 0 0 
0 0 14 0 11 0 0 0 0 0 
6953 0 12080 0 7035 75163 0 0 255 68996 
0 72154 780 0 14 0 0 255 0 258 
1 0 0 0 0 0 0 68996 258 0 
0 3 41 2 0 0 62 0 36 0 
3 0 4 1014 7474 49 258 1061 0 61068 
41 4 0 0 55 1298 0 0 0 5 
2 1014 0 0 0 0 4454 2 245 1 
0 7474 55 0 0 29 0 0 0 1685 
0 49 1298 0 29 0 1772 0 71247 1366 
62 258 0 4454 0 1772 0 5101 118 7 
0 1061 0 2 0 0 5101 0 0 0 
36 0 0 245 0 71247 118 0 0 0 
0 61068 5 1 1685 1366 7 0 0 0 
0 1 4 1 0 0 1455 0 12769 0 
1 0 582 4 2 892 119 11 0 53 
4 582 0 0 160 19850 0 0 0 645 
1 4 0 0 0 0 2752 396 21073 87105 
0 2 160 0 0 144 0 0 0 9 
0 892 19850 0 144 0 2 0 2518 4 
1455 119 0 2752 0 2 0 190 1220 33061 
0 11 0 396 0 0 190 0 0 0 
12769 0 0 21073 0 2518 1220 0 0 0 
0 53 645 87105 9 4 33061 0 0 0 
0 930 20 684 0 0 3960 0 102 0 
930 0 3266 2 39 106 1123 87 0 1 
20 3266 0 0 706 3942 0 0 0 2213 
684 2 0 0 0 0 66 48408 3581 70 
0 39 706 0 0 8 0 0 0 3 
0 106 3942 0 8 0 549 0 127 556 
3960 1123 0 66 0 549 0 30 62451 43924 
0 87 0 48408 0 0 30 0 0 0 
102 0 0 3581 0 127 62451 0 0 0 
0 1 2213 70 3 556 43924 0 0 0 
