8 3
0 46 118 40 96 98 46 64 
46 0 88 10 53 127 3 66 
118 88 0 85 53 137 85 71 
40 10 85 0 56 117 8 56 
96 53 53 56 0 154 51 82 
98 127 137 117 154 0 125 72 
46 3 85 8 51 125 0 63 
64 66 71 56 82 72 63 0 
0 328 37 173 6 14 56 84 
328 0 884 52 0 57 1 56 
37 884 0 0 69 0 20 0 
173 52 0 0 0 0 0 0 
6 0 69 0 0 0 0 0 
14 57 0 0 0 0 458 0 
56 1 20 0 0 458 0 0 
84 56 0 0 0 0 0 0 
0 0 37955 1 1 0 0 0 
0 0 0 0 2146 0 0 0 
37955 0 0 0 0 0 765 832 
1 0 0 0 0 0 1509 1 
1 2146 0 0 0 0 4 43010 
0 0 0 0 0 0 0 331 
0 0 765 1509 4 0 0 0 
0 0 832 1 43010 331 0 0 
0 0 0 92446 0 4017 0 0 
0 0 99608 6285 325 104 114 325 
0 99608 0 2 33750 0 0 0 
92446 6285 2 0 61 0 0 0 
0 325 33750 61 0 0 27390 0 
4017 104 0 0 0 0 2 16 
0 114 0 0 27390 2 0 0 
0 325 0 0 0 16 0 0 
