30 4
0 46 118 40 96 98 46 64 2 33 36 47 55 9 108 78 35 54 61 95 45 105 61 79 70 72 108 28 39 45 
46 0 88 10 53 127 3 66 48 60 37 19 78 48 107 43 36 50 104 90 43 84 63 35 92 25 124 21 29 63 
118 88 0 85 53 137 85 71 120 144 83 106 102 125 70 117 84 138 148 59 75 25 72 92 105 80 111 92 78 92 
40 10 85 0 56 117 8 56 42 59 26 26 68 43 98 54 26 55 95 82 33 79 53 44 82 34 114 12 19 52 
96 53 53 56 0 154 51 82 98 112 71 66 108 100 106 67 71 96 146 90 69 65 81 42 118 33 138 68 62 93 
98 127 137 117 154 0 125 72 99 127 90 138 49 106 75 170 91 153 52 79 87 112 73 161 36 148 37 107 99 64 
46 3 85 8 51 125 0 63 48 61 34 22 76 49 104 46 34 53 103 87 40 81 60 36 90 26 122 20 27 60 
64 66 71 56 82 72 63 0 66 97 32 83 30 73 44 110 33 107 76 31 23 50 3 95 36 81 59 52 37 22 
2 48 120 42 98 99 48 66 0 32 38 48 56 7 110 78 37 54 61 97 47 107 63 81 71 74 110 30 42 47 
33 60 144 59 112 127 61 97 32 0 67 48 88 24 142 71 66 34 83 128 77 134 94 83 103 82 141 52 68 79 
36 37 83 26 71 90 34 32 38 67 0 51 41 44 77 80 1 75 74 61 10 68 29 70 55 58 88 20 9 26 
47 19 106 26 66 138 22 83 48 48 51 0 90 45 125 31 50 31 108 109 59 103 80 35 105 34 140 31 46 76 
55 78 102 68 108 49 76 30 56 88 41 90 0 63 62 121 41 107 46 54 39 80 29 112 15 99 53 58 50 15 
9 48 125 43 100 106 49 73 7 24 44 45 63 0 117 75 43 47 66 104 53 112 70 79 79 73 117 33 47 54 
108 107 70 98 106 75 104 44 110 142 77 125 62 117 0 149 78 152 105 17 67 45 48 131 55 116 42 96 80 64 
78 43 117 54 67 170 46 110 78 71 80 31 121 75 149 0 80 40 140 132 87 120 107 25 135 36 168 62 73 106 
35 36 84 26 71 91 34 33 37 66 1 50 41 43 78 80 0 74 74 62 11 69 30 70 55 58 89 19 9 26 
54 50 138 55 96 153 53 107 54 34 75 31 107 47 152 40 74 0 113 136 84 134 104 59 123 63 160 55 72 95 
61 104 148 95 146 52 103 76 61 83 74 108 46 66 105 140 74 113 0 100 77 126 75 139 50 129 81 83 83 56 
95 90 59 82 90 79 87 31 97 128 61 109 54 104 17 132 62 136 100 0 52 34 34 114 51 99 52 81 64 52 
45 43 75 33 69 87 40 23 47 77 10 59 39 53 67 87 11 84 77 52 0 59 20 74 51 61 81 29 13 24 
105 84 25 79 65 112 81 50 107 134 68 103 80 112 45 120 69 134 126 34 59 0 51 98 81 84 86 82 66 72 
61 63 72 53 81 73 60 3 63 94 29 80 29 70 48 107 30 104 75 34 20 51 0 93 37 79 61 49 34 20 
79 35 92 44 42 161 36 95 81 83 70 35 112 79 131 25 70 59 139 114 74 98 93 0 125 14 155 56 62 96 
70 92 105 82 118 36 90 36 71 103 55 105 15 79 55 135 55 123 50 51 51 81 37 125 0 112 38 73 63 29 
72 25 80 34 33 148 26 81 74 82 58 34 99 73 116 36 58 63 129 99 61 84 79 14 112 0 140 46 49 83 
108 124 111 114 138 37 122 59 110 141 88 140 53 117 42 168 89 160 81 52 81 86 61 155 38 140 0 108 95 65 
28 21 92 12 68 107 20 52 30 52 20 31 58 33 96 62 19 55 83 81 29 82 49 56 73 46 108 0 17 44 
39 29 78 19 62 99 27 37 42 68 9 46 50 47 80 73 9 72 83 64 13 66 34 62 63 49 95 17 0 34 
45 63 92 52 93 64 60 22 47 79 26 76 15 54 64 106 26 95 56 52 24 72 20 96 29 83 65 44 34 0 
0 16588 0 434 0 81 0 0 5 0 0 15 2070 2 1052 0 0 0 24159 0 20 7 0 1128 0 0 0 4 3197 0 
16588 0 4810 24 7 11922 0 0 3 0 1103 0 35107 76 19743 0 5264 91433 0 75300 4 11 4027 0 38863 9 0 0 481 1 
0 4810 0 10 0 98273 0 5 70 294 16 26 0 0 0 165 0 3423 0 0 3 0 0 0 225 4 0 0 2 0 
434 24 10 0 5677 0 426 71 0 0 303 0 0 0 0 1 3301 0 0 20153 51 0 173 22 0 57 7442 0 11774 0 
0 7 0 5677 0 45859 211 0 0 0 0 2227 0 520 0 0 2 528 22 32 0 0 7 0 0 0 0 13 0 71835 
81 11922 98273 0 45859 0 0 0 651 10912 0 384 9 28577 0 49 0 0 39 1707 58 0 0 67425 0 1 0 4 224 29 
0 0 0 426 211 0 0 0 1 0 0 1028 89 0 0 0 0 0 166 0 0 0 129 0 5 0 0 883 0 375 
0 0 5 71 0 0 0 0 0 45463 0 0 170 481 1 7 0 9 0 14 0 20755 0 0 18170 204 1153 19 14 229 
5 3 70 0 0 651 1 0 0 0 0 0 0 8825 1 0 221 0 0 238 0 0 292 0 29087 27182 653 0 301 34478 
0 0 294 0 0 10912 0 45463 0 0 0 0 89 298 0 198 352 2650 0 0 12 29489 0 0 0 671 0 0 127 348 
0 1103 16 303 0 0 0 0 0 0 0 1018 0 0 161 10215 0 0 0 114 323 0 8 37906 0 0 4259 0 0 6 
15 0 26 0 2227 384 1028 0 0 0 1018 0 151 1 0 0 0 251 40345 10896 8 0 0 87057 0 11 0 0 22113 142 
2070 35107 0 0 0 9 89 170 0 89 0 151 0 3 1455 0 97330 0 139 0 0 14950 0 22 1 366 32 108 0 7 
2 76 0 0 520 28577 0 481 8825 298 0 1 3 0 467 0 260 259 2 0 0 0 7759 37994 501 3775 87822 42501 1 30809 
1052 19743 0 0 0 0 0 1 1 0 161 0 1455 467 0 26583 0 16422 76870 9 0 0 0 46101 1039 17311 63189 0 24037 0 
0 0 165 1 0 49 0 7 0 198 10215 0 0 0 26583 0 199 262 0 0 0 0 30039 0 1826 336 0 0 0 0 
0 5264 0 3301 2 0 0 0 221 352 0 0 97330 260 0 199 0 0 166 5266 0 3 0 1 18788 0 80785 0 6 2 
0 91433 3423 0 528 0 0 9 0 2650 0 251 0 259 16422 262 0 0 0 110 0 88637 2 0 0 2853 0 33396 1612 0 
24159 0 0 0 22 39 166 0 0 0 0 40345 139 2 76870 0 166 0 0 0 0 3372 10722 0 223 69 0 3 7167 0 
0 75300 0 20153 32 1707 0 14 238 0 114 10896 0 0 9 0 5266 110 0 0 48 7129 0 932 0 2410 0 0 2 0 
20 4 3 51 0 58 0 0 0 12 323 8 0 0 0 0 0 0 0 48 0 0 178 5 4 26 1 0 0 0 
7 11 0 0 0 0 0 20755 0 29489 0 0 14950 0 0 0 3 88637 3372 7129 0 0 33 274 214 3 289 0 10119 0 
0 4027 0 173 7 0 129 0 292 0 8 0 0 7759 0 30039 0 2 10722 0 178 33 0 7690 4 0 0 10174 3 85 
1128 0 0 22 0 67425 0 0 0 0 37906 87057 22 37994 46101 0 1 0 0 932 5 274 7690 0 90329 0 89610 0 629 4 
0 38863 225 0 0 0 5 18170 29087 0 0 0 1 501 1039 1826 18788 0 223 0 4 214 4 90329 0 0 0 442 65 0 
0 9 4 57 0 1 0 204 27182 671 0 11 366 3775 17311 336 0 2853 69 2410 26 3 0 0 0 0 629 0 0 0 
0 0 0 7442 0 0 0 1153 653 0 4259 0 32 87822 63189 0 80785 0 0 0 1 289 0 89610 0 629 0 51433 1288 3513 
4 0 0 0 13 4 883 19 0 0 0 0 108 42501 0 0 0 33396 3 0 0 0 10174 0 442 0 51433 0 21 4892 
3197 481 2 11774 0 224 0 14 301 127 0 22113 0 1 24037 0 6 1612 7167 2 0 10119 3 629 65 0 1288 21 0 0 
0 1 0 0 71835 29 375 229 34478 348 6 142 7 30809 0 0 2 0 0 0 0 0 85 4 0 0 3513 4892 0 0 
0 0 0 0 39 472 56704 1 0 67529 80488 0 0 0 0 0 0 501 21688 1 0 0 0 0 0 0 0 0 435 0 
0 0 0 58764 19 0 1 404 0 5093 0 90343 0 0 0 0 0 0 78 0 0 0 25 1639 1 0 17053 67283 0 0 
0 0 0 0 0 42 1419 11274 0 3454 191 0 0 83 0 0 64077 0 8 0 0 0 80 17 0 0 1182 2475 147 9531 
0 58764 0 0 88533 9 0 58 294 4646 0 0 8 0 5 0 0 778 87 0 0 0 68 632 0 0 0 5530 0 0 
39 19 0 88533 0 0 0 4 85418 54333 4 388 0 0 74016 245 0 0 0 0 28301 2 31668 1 286 0 12581 0 11412 0 
472 0 42 9 0 0 439 1 0 0 40 0 0 0 47 0 541 138 0 0 7 5568 173 33497 0 0 0 0 0 0 
56704 1 1419 0 0 439 0 6 28 0 6 0 0 0 135 0 9299 79998 0 3 46 4072 1 32856 0 0 0 187 229 0 
1 404 11274 58 4 1 6 0 39 0 290 25775 1917 0 0 0 1 0 81944 0 27 10268 0 3 9406 0 0 0 0 21 
0 0 0 294 85418 0 28 39 0 3 48 0 0 14546 23887 1406 49083 5 0 0 368 0 51524 10 0 78011 0 16 0 0 
67529 5093 3454 4646 54333 0 0 0 3 0 1560 4296 0 0 461 0 0 1273 0 14366 49960 0 1 0 730 43357 0 6 0 0 
80488 0 191 0 4 40 6 290 48 1560 0 0 0 0 0 0 3 17602 17 0 261 33 0 0 0 2 0 0 59368 213 
0 90343 0 0 388 0 0 25775 0 4296 0 0 35 413 2 10 1985 2 1211 0 0 0 88494 0 16 0 3 0 0 96 
0 0 0 8 0 0 0 1917 0 0 0 35 0 0 0 7 17619 0 1165 240 69 0 2497 0 102 0 0 2096 1 0 
0 0 83 0 0 0 0 0 14546 0 0 413 0 0 0 0 0 1241 0 38 453 34293 16805 0 26524 314 0 1109 0 0 
0 0 0 5 74016 47 135 0 23887 461 0 2 0 0 0 0 0 0 0 0 3065 36 77480 0 1 0 0 0 0 57 
0 0 0 0 245 0 0 0 1406 0 0 10 7 0 0 0 0 0 15 69169 941 0 3 10 0 0 6643 29 17 54 
0 0 64077 0 0 541 9299 1 49083 0 3 1985 17619 0 0 0 0 0 0 0 0 2 7 0 0 1776 0 946 0 37 
501 0 0 778 0 138 79998 0 5 1273 17602 2 0 1241 0 0 0 0 0 0 38277 0 0 6 8 114 5288 1253 18281 6082 
21688 78 8 87 0 0 0 81944 0 0 17 1211 1165 0 0 15 0 0 0 7758 91110 2 0 2237 0 0 0 0 2065 0 
1 0 0 0 0 0 3 0 0 14366 0 0 240 38 0 69169 0 0 7758 0 0 0 0 2 0 0 13 460 0 0 
0 0 0 0 28301 7 46 27 368 49960 261 0 69 453 3065 941 0 38277 91110 0 0 30313 0 0 0 0 0 4241 85 3725 
0 0 0 0 2 5568 4072 10268 0 0 33 0 0 34293 36 0 2 0 2 0 30313 0 0 0 2104 0 0 1703 0 23093 
0 25 80 68 31668 173 1 0 51524 1 0 88494 2497 16805 77480 3 7 0 0 0 0 0 0 0 0 0 209 0 0 0 
0 1639 17 632 1 33497 32856 3 10 0 0 0 0 0 0 10 0 6 2237 2 0 0 0 0 0 1 0 48379 16276 0 
0 1 0 0 286 0 0 9406 0 730 0 16 102 26524 1 0 0 8 0 0 0 2104 0 0 0 13 287 0 0 98 
0 0 0 0 0 0 0 0 78011 43357 2 0 0 314 0 0 1776 114 0 0 0 0 0 1 13 0 0 0 0 87827 
0 17053 1182 0 12581 0 0 0 0 0 0 3 0 0 0 6643 0 5288 0 13 0 0 209 0 287 0 0 0 0 0 
0 67283 2475 5530 0 0 187 0 16 6 0 0 2096 1109 0 29 946 1253 0 460 4241 1703 0 48379 0 0 0 0 0 3837 
435 0 147 0 11412 0 229 0 0 0 59368 0 1 0 0 17 0 18281 2065 0 85 0 0 16276 0 0 0 0 0 82 
0 0 9531 0 0 0 0 21 0 0 213 96 0 0 57 54 37 6082 0 0 3725 23093 0 0 98 87827 0 3837 82 0 
0 0 54 0 0 0 86 0 118 489 11967 0 0 0 410 7 275 60955 0 2111 0 0 32 0 28352 0 21637 5822 0 0 
0 0 0 0 0 0 1 0 0 1975 41 94346 0 0 0 1960 0 0 681 0 0 107 0 5 1 0 91380 90022 0 0 
54 0 0 21 49201 0 56 0 8 0 0 0 0 0 857 1 25796 0 3 2261 0 49 0 519 170 0 18791 39343 0 93 
0 0 21 0 2 0 0 0 0 8905 0 0 7 33377 389 0 0 131 579 17621 0 61865 0 0 301 2075 5780 1033 4851 0 
0 0 49201 2 0 0 7 3597 1120 996 0 0 473 4 0 1004 39235 36 84 0 316 0 0 61 1130 133 8908 0 0 0 
0 0 0 0 0 0 34 74268 0 0 28 0 0 0 3874 0 0 135 0 0 50085 0 14384 0 0 0 4 0 0 0 
86 1 56 0 7 34 0 2149 0 26169 0 0 0 0 0 0 4331 0 0 22 377 856 0 0 0 4 175 9 49 0 
0 0 0 0 3597 74268 2149 0 5 0 0 38464 0 0 0 7525 0 0 65903 0 0 0 9 153 0 0 0 0 0 0 
118 0 8 0 1120 0 0 5 0 10 4650 11558 2583 0 0 0 0 148 6705 0 1107 5 0 0 0 0 18 509 0 0 
489 1975 0 8905 996 0 26169 0 10 0 0 58 378 0 0 3 0 0 4989 0 12 0 9 18046 23 5 534 3 0 0 
11967 41 0 0 0 28 0 0 4650 0 0 0 0 50266 0 82 0 0 49 442 0 5421 0 0 0 0 0 120 101 1 
0 94346 0 0 0 0 0 38464 11558 58 0 0 0 0 42497 0 1480 0 0 0 0 0 1867 0 0 0 15 1 0 0 
0 0 0 7 473 0 0 0 2583 378 0 0 0 0 0 3 0 1485 0 871 122 0 19848 0 0 0 2 666 0 0 
0 0 0 33377 4 0 0 0 0 0 50266 0 0 0 0 9 98969 0 0 24 63 166 18870 45 0 0 0 0 20474 20 
410 0 857 389 0 3874 0 0 0 0 0 42497 0 0 0 9035 489 4071 0 0 3 0 17418 22 0 0 0 403 0 2400 
7 1960 1 0 1004 0 0 7525 0 3 82 0 3 9 9035 0 0 0 7 7759 104 0 0 7 0 0 49015 2 0 107 
275 0 25796 0 39235 0 4331 0 0 0 0 1480 0 98969 489 0 0 0 0 0 0 0 72 0 2 30 0 3 0 188 
60955 0 0 131 36 135 0 0 148 0 0 0 1485 0 4071 0 0 0 0 52 8 0 0 0 0 0 8 0 0 13251 
0 681 3 579 84 0 0 65903 6705 4989 49 0 0 0 0 7 0 0 0 10 3270 0 418 17 0 0 30543 0 0 228 
2111 0 2261 17621 0 0 22 0 0 0 442 0 871 24 0 7759 0 52 10 0 0 0 0 0 1 0 3927 78426 0 0 
0 0 0 0 316 50085 377 0 1107 12 0 0 122 63 3 104 0 8 3270 0 0 6879 0 0 0 0 0 38647 191 1 
0 107 49 61865 0 0 856 0 5 0 5421 0 0 166 0 0 0 0 0 0 6879 0 0 0 0 0 0 1227 1 0 
32 0 0 0 0 14384 0 9 0 9 0 1867 19848 18870 17418 0 72 0 418 0 0 0 0 807 0 2 585 0 0 0 
0 5 519 0 61 0 0 153 0 18046 0 0 0 45 22 7 0 0 17 0 0 0 807 0 0 0 258 4 0 3 
28352 1 170 301 1130 0 0 0 0 23 0 0 0 0 0 0 2 0 0 1 0 0 0 0 0 0 4 0 40 6 
0 0 0 2075 133 0 4 0 0 5 0 0 0 0 0 0 30 0 0 0 0 0 2 0 0 0 0 0 2 14736 
21637 91380 18791 5780 8908 4 175 0 18 534 0 15 2 0 0 49015 0 8 30543 3927 0 0 585 258 4 0 0 0 0 0 
5822 90022 39343 1033 0 0 9 0 509 3 120 1 666 0 403 2 3 0 0 78426 38647 1227 0 4 0 0 0 0 0 99 
0 0 0 4851 0 0 49 0 0 0 101 0 0 20474 0 0 0 0 0 0 191 1 0 0 40 2 0 0 0 857 
0 0 93 0 0 0 0 0 0 0 1 0 0 20 2400 107 188 13251 228 0 1 0 0 3 6 14736 0 99 857 0 
0 0 12 4367 64887 2682 6618 0 0 727 21789 491 0 0 0 1493 24349 1997 2327 0 0 0 0 0 48643 13798 57 0 0 32 
0 0 39 0 29 33055 18 1439 0 13144 0 0 0 2 361 4 0 0 6415 0 0 0 0 7375 10383 0 0 1034 0 0 
12 39 0 0 10 0 316 0 0 0 0 3175 0 4 0 0 16032 0 15 0 73641 103 26 0 0 84339 0 1192 0 0 
4367 0 0 0 0 0 0 0 0 2662 566 0 83987 52651 0 0 0 2 46 0 0 47 0 0 15 0 0 0 0 203 
64887 29 10 0 0 0 0 4661 79 76966 40 6846 0 0 13132 1 0 0 0 0 0 57344 29223 0 0 1 5 1787 4 0 
2682 33055 0 0 0 0 385 10205 1582 0 20 0 0 0 425 0 9 4270 0 16 0 3052 53 0 40 0 16904 1653 0 0 
6618 18 316 0 0 385 0 0 0 44 0 0 0 6 63216 0 51 0 0 12007 1 16 0 0 1596 111 25704 0 8 0 
0 1439 0 0 4661 10205 0 0 1082 0 43 19433 5159 0 1043 0 3968 0 3 0 3054 0 24 26868 0 0 0 0 0 0 
0 0 0 0 79 1582 0 1082 0 1 1695 511 4765 77 0 27 0 0 306 0 27 2 0 4528 0 0 0 19 0 0 
727 13144 0 2662 76966 0 44 0 1 0 0 0 0 0 132 0 0 8061 389 296 0 0 0 0 613 0 479 0 0 0 
21789 0 0 566 40 20 0 43 1695 0 0 354 1 44302 0 0 1587 0 1 1711 0 1741 1017 0 0 70 713 5364 1 0 
491 0 3175 0 6846 0 0 19433 511 0 354 0 0 0 5 1031 7881 0 0 0 0 149 6 0 48296 0 13629 8 0 1 
0 0 0 83987 0 0 0 5159 4765 0 1 0 0 0 0 40 0 203 0 3 0 0 0 7 0 22 52 0 80 0 
0 2 4 52651 0 0 6 0 77 0 44302 0 0 0 0 0 0 1182 0 22 4 1825 0 0 0 0 0 34824 0 0 
0 361 0 0 13132 425 63216 1043 0 132 0 5 0 0 0 7 4 0 0 3 14 142 21 0 0 0 0 9200 0 29 
1493 4 0 0 1 0 0 0 27 0 0 1031 40 0 7 0 17944 0 418 13 0 34126 937 282 0 0 0 0 1907 111 
24349 0 16032 0 0 9 51 3968 0 0 1587 7881 0 0 4 17944 0 28300 326 0 0 0 10 0 0 0 0 0 3762 0 
1997 0 0 2 0 4270 0 0 0 8061 0 0 203 1182 0 0 28300 0 1 0 147 0 0 0 0 41 2 0 44 26 
2327 6415 15 46 0 0 0 3 306 389 1 0 0 0 0 418 326 1 0 61 0 525 6 1240 0 0 293 0 2963 12 
0 0 0 0 0 16 12007 0 0 296 1711 0 3 22 3 13 0 0 61 0 0 0 412 33538 0 0 31 0 0 76 
0 0 73641 0 0 0 1 3054 27 0 0 0 0 4 14 0 0 147 0 0 0 5 0 0 0 848 346 0 0 509 
0 0 103 47 57344 3052 16 0 2 0 1741 149 0 1825 142 34126 0 0 525 0 5 0 0 0 0 0 0 6 799 0 
0 0 26 0 29223 53 0 24 0 0 1017 6 0 0 21 937 10 0 6 412 0 0 0 0 0 0 0 9531 0 1604 
0 7375 0 0 0 0 0 26868 4528 0 0 0 7 0 0 282 0 0 1240 33538 0 0 0 0 851 20953 0 32 0 0 
48643 10383 0 15 0 40 1596 0 0 613 0 48296 0 0 0 0 0 0 0 0 0 0 0 851 0 0 6472 664 185 43961 
13798 0 84339 0 1 0 111 0 0 0 70 0 22 0 0 0 0 41 0 0 848 0 0 20953 0 0 0 21 666 3964 
57 0 0 0 5 16904 25704 0 0 479 713 13629 52 0 0 0 0 2 293 31 346 0 0 0 6472 0 0 0 25 0 
0 1034 1192 0 1787 1653 0 0 19 0 5364 8 0 34824 9200 0 0 0 0 0 0 6 9531 32 664 21 0 0 0 0 
0 0 0 0 4 0 8 0 0 0 1 0 80 0 0 1907 3762 44 2963 0 0 799 0 0 185 666 25 0 0 0 
32 0 0 203 0 0 0 0 0 0 0 1 0 0 29 111 0 26 12 76 509 0 1604 0 43961 3964 0 0 0 0 
