7 3
0 59 64 103 62 95 95 
59 0 70 49 40 62 36 
64 70 0 118 33 51 89 
103 49 118 0 85 94 38 
62 40 33 85 0 33 56 
95 62 51 94 33 0 57 
95 36 89 38 56 57 0 
0 24948 0 0 0 1452 3 
24948 0 2 0 0 0 5365 
0 2 0 0 3 21 0 
0 0 0 0 0 109 4194 
0 0 3 0 0 4 0 
1452 0 21 109 4 0 0 
3 5365 0 4194 0 0 0 
0 0 36 1444 4 0 0 
0 0 0 14052 12579 2 0 
36 0 0 11 0 0 3156 
1444 14052 11 0 67 0 0 
4 12579 0 67 0 6 62 
0 2 0 0 6 0 24024 
0 0 3156 0 62 24024 0 
0 0 0 6472 1 0 0 
0 0 5 11281 5921 42 0 
0 5 0 76 0 0 17231 
6472 11281 76 0 24 0 0 
1 5921 0 24 0 0 4 
0 42 0 0 0 0 2253 
0 0 17231 0 4 2253 0 
