9 4
0 123 17 72 89 90 77 84 122 
123 0 116 51 121 48 96 115 59 
17 116 0 64 101 90 86 66 108 
72 51 64 0 97 39 71 77 62 
89 121 101 97 0 73 26 158 158 
90 48 90 39 73 0 47 116 91 
77 96 86 71 26 47 0 136 132 
84 115 66 77 158 116 136 0 73 
122 59 108 62 158 91 132 73 0 
0 67111 183 503 61 14123 10 37258 67 
67111 0 0 0 1 31909 95626 6628 83 
183 0 0 0 0 120 0 0 0 
503 0 0 0 65985 8 0 65232 2071 
61 1 0 65985 0 0 3 490 0 
14123 31909 120 8 0 0 756 33 0 
10 95626 0 0 3 756 0 10561 0 
37258 6628 0 65232 490 33 10561 0 0 
67 83 0 2071 0 0 0 0 0 
0 1209 136 78 1258 7921 0 430 2 
1209 0 0 1 11 51 97 775 56 
136 0 0 0 0 3133 0 0 0 
78 1 0 0 15207 14 0 3667 497 
1258 11 0 15207 0 0 1 1726 0 
7921 51 3133 14 0 0 94 245 0 
0 97 0 0 1 94 0 42260 0 
430 775 0 3667 1726 245 42260 0 0 
2 56 0 497 0 0 0 0 0 
0 227 2318 921 6 5680 517 5369 8 
227 0 0 0 0 95876 97763 2074 769 
2318 0 0 0 0 1149 0 0 0 
921 0 0 0 13311 2 0 31414 1752 
6 0 0 13311 0 0 38 181 0 
5680 95876 1149 2 0 0 117 349 0 
517 97763 0 0 38 117 0 126 0 
5369 2074 0 31414 181 349 126 0 0 
8 769 0 1752 0 0 0 0 0 
0 7575 28 378 109 15045 0 949 8504 
7575 0 0 0 0 16999 49217 43263 11 
28 0 0 0 0 165 0 0 0 
378 0 0 0 53235 2 0 9766 36 
109 0 0 53235 0 0 1 6388 0 
15045 16999 165 2 0 0 44 208 0 
0 49217 0 0 1 44 0 3745 0 
949 43263 0 9766 6388 208 3745 0 0 
8504 11 0 36 0 0 0 0 0 
