6 3
0 46 118 40 96 98 
46 0 88 10 53 127 
118 88 0 85 53 137 
40 10 85 0 56 117 
96 53 53 56 0 154 
98 127 137 117 154 0 
0 0 0 0 6083 2 
0 0 0 0 0 2 
0 0 0 2 0 15 
0 0 2 0 9939 0 
6083 0 0 9939 0 0 
2 2 15 0 0 0 
0 0 5729 3780 884 0 
0 0 5713 6233 53 2684 
5729 5713 0 0 23692 0 
3780 6233 0 0 0 3 
884 53 23692 0 0 1654 
0 2684 0 3 1654 0 
0 0 41 7 0 0 
0 0 0 90764 4 222 
41 0 0 0 875 73994 
7 90764 0 0 0 4648 
0 4 875 0 0 52 
0 222 73994 4648 52 0 
