8 2
0 59 64 103 62 95 95 48 
59 0 70 49 40 62 36 46 
64 70 0 118 33 51 89 98 
103 49 118 0 85 94 38 68 
62 40 33 85 0 33 56 78 
95 62 51 94 33 0 57 107 
95 36 89 38 56 57 0 77 
48 46 98 68 78 107 77 0 
0 99829 0 2428 134 0 0 47 
99829 0 25 81 0 106 15344 0 
0 25 0 0 0 4415 0 0 
2428 81 0 0 0 138 68535 4 
134 0 0 0 0 93 73 290 
0 106 4415 138 93 0 0 6076 
0 15344 0 68535 73 0 0 84 
47 0 0 4 290 6076 84 0 
0 0 2576 598 0 0 172 0 
0 0 0 0 27 1213 0 24963 
2576 0 0 21 0 0 1458 3 
598 0 21 0 0 2316 0 10 
0 27 0 0 0 17 0 0 
0 1213 0 2316 17 0 6 0 
172 0 1458 0 0 6 0 0 
0 24963 3 10 0 0 0 0 
