9 4
0 46 118 40 96 98 46 64 2 
46 0 88 10 53 127 3 66 48 
118 88 0 85 53 137 85 71 120 
40 10 85 0 56 117 8 56 42 
96 53 53 56 0 154 51 82 98 
98 127 137 117 154 0 125 72 99 
46 3 85 8 51 125 0 63 48 
64 66 71 56 82 72 63 0 66 
2 48 120 42 98 99 48 66 0 
0 406 43 8081 0 183 1269 0 0 
406 0 2110 0 177 64 2 2911 0 
43 2110 0 4577 1 4 19 0 0 
8081 0 4577 0 0 0 0 3 1 
0 177 1 0 0 20 0 2 0 
183 64 4 0 20 0 254 410 8 
1269 2 19 0 0 254 0 0 0 
0 2911 0 3 2 410 0 0 0 
0 0 0 1 0 8 0 0 0 
0 18928 8 3686 0 7 2615 0 0 
18928 0 9520 0 46 551 0 11578 0 
8 9520 0 26315 0 7 823 5 0 
3686 0 26315 0 0 0 0 33 8 
0 46 0 0 0 13 0 0 0 
7 551 7 0 13 0 2882 19 0 
2615 0 823 0 0 2882 0 0 1 
0 11578 5 33 0 19 0 0 0 
0 0 0 8 0 0 1 0 0 
0 3 241 514 0 217 31993 0 0 
3 0 7718 0 739 438 11 2507 0 
241 7718 0 284 36 1 71 1 0 
514 0 284 0 0 0 0 0 0 
0 739 36 0 0 146 0 17 0 
217 438 1 0 146 0 13 656 2 
31993 11 71 0 0 13 0 0 6 
0 2507 1 0 17 656 0 0 0 
0 0 0 0 0 2 6 0 0 
0 20 1390 947 0 3 10 0 0 
20 0 6414 0 29 257 2 104 0 
1390 6414 0 131 7 88 14 0 0 
947 0 131 0 0 0 0 0 0 
0 29 7 0 0 0 0 0 0 
3 257 88 0 0 0 1 144 0 
10 2 14 0 0 1 0 0 2 
0 104 0 0 0 144 0 0 0 
0 0 0 0 0 0 2 0 0 
