6 3
0 46 118 40 96 98 
46 0 88 10 53 127 
118 88 0 85 53 137 
40 10 85 0 56 117 
96 53 53 56 0 154 
98 127 137 117 154 0 
0 1 0 39490 0 544 
1 0 341 6083 30228 0 
0 341 0 0 0 54 
39490 6083 0 0 27 0 
0 30228 0 27 0 0 
544 0 54 0 0 0 
0 760 0 37 0 0 
760 0 0 884 47 11 
0 0 0 0 173 74 
37 884 0 0 52 0 
0 47 173 52 0 6 
0 11 74 0 6 0 
0 0 0 37955 0 0 
0 0 0 0 73994 77683 
0 0 0 1 1 964 
37955 0 1 0 0 1919 
0 73994 1 0 0 1 
0 77683 964 1919 1 0 
