10 3
0 46 118 40 96 98 46 64 2 33 
46 0 88 10 53 127 3 66 48 60 
118 88 0 85 53 137 85 71 120 144 
40 10 85 0 56 117 8 56 42 59 
96 53 53 56 0 154 51 82 98 112 
98 127 137 117 154 0 125 72 99 127 
46 3 85 8 51 125 0 63 48 61 
64 66 71 56 82 72 63 0 66 97 
2 48 120 42 98 99 48 66 0 32 
33 60 144 59 112 127 61 97 32 0 
0 328 2 10507 52 0 0 0 0 0 
328 0 8 5 0 6 0 0 114 0 
2 8 0 2 0 1 0 0 95682 0 
10507 5 2 0 2 0 1 0 0 14 
52 0 0 2 0 0 27991 0 1509 0 
0 6 1 0 0 0 1 0 0 0 
0 0 0 1 27991 1 0 224 0 1 
0 0 0 0 0 0 224 0 257 0 
0 114 95682 0 1509 0 0 257 0 0 
0 0 0 14 0 0 1 0 0 0 
0 0 0 0 0 88 3693 22 2 36159 
0 0 0 0 16345 0 4 1756 0 252 
0 0 0 0 2 0 48286 3263 0 10156 
0 0 0 0 0 53 0 1 9 0 
0 16345 2 0 0 5702 0 993 0 13 
88 0 0 53 5702 0 0 43507 8496 74 
3693 4 48286 0 0 0 0 0 52335 0 
22 1756 3263 1 993 43507 0 0 0 5703 
2 0 0 9 0 8496 52335 0 0 13 
36159 252 10156 0 13 74 0 5703 13 0 
0 0 0 0 0 423 165 1 25950 2911 
0 0 0 0 87 0 3279 12 0 48 
0 0 0 0 5921 0 1 6373 0 44 
0 0 0 0 0 14652 0 79567 1193 0 
0 87 5921 0 0 1 0 365 0 892 
423 0 0 14652 1 0 0 4 666 2033 
165 3279 1 0 0 0 0 0 40729 0 
1 12 6373 79567 365 4 0 0 0 65582 
25950 0 0 1193 0 666 40729 0 0 62930 
2911 48 44 0 892 2033 0 65582 62930 0 
