5 4
0 59 64 103 62 
59 0 70 49 40 
64 70 0 118 33 
103 49 118 0 85 
62 40 33 85 0 
0 0 15344 0 9117 
0 0 0 0 26 
15344 0 0 0 1082 
0 0 0 0 0 
9117 26 1082 0 0 
0 21 0 1 0 
21 0 1058 39 0 
0 1058 0 10 0 
1 39 10 0 0 
0 0 0 0 0 
0 461 0 289 0 
461 0 698 421 0 
0 698 0 9 0 
289 421 9 0 14 
0 0 0 14 0 
0 1 0 1586 0 
1 0 3927 5 0 
0 3927 0 3416 0 
1586 5 3416 0 94001 
0 0 0 94001 0 
