15 3
0 59 64 103 62 95 95 48 90 88 90 112 64 139 74 
59 0 70 49 40 62 36 46 31 30 43 69 27 80 26 
64 70 0 118 33 51 89 98 88 95 64 73 48 126 97 
103 49 118 0 85 94 38 68 34 23 68 88 69 56 28 
62 40 33 85 0 33 56 78 55 62 34 51 15 94 66 
95 62 51 94 33 0 57 107 59 71 25 22 37 82 84 
95 36 89 38 56 57 0 77 6 17 31 50 41 44 39 
48 46 98 68 78 107 77 0 71 63 90 115 69 117 41 
90 31 88 34 55 59 6 71 0 12 34 55 39 49 33 
88 30 95 23 62 71 17 63 12 0 46 67 46 53 23 
90 43 64 68 34 25 31 90 34 46 0 25 25 61 61 
112 69 73 88 51 22 50 115 55 67 25 0 49 63 86 
64 27 48 69 15 37 41 69 39 46 25 49 0 81 52 
139 80 126 56 94 82 44 117 49 53 61 63 81 0 75 
74 26 97 28 66 84 39 41 33 23 61 86 52 75 0 
0 0 1452 92839 0 3288 0 20374 322 66 0 0 0 0 174 
0 0 0 6061 0 140 271 25 1299 0 0 0 0 56093 3 
1452 0 0 0 875 1 6136 12954 0 33 0 26228 0 0 0 
92839 6061 0 0 2 2076 3558 723 28 52 10 0 0 17311 40 
0 0 875 2 0 823 1 0 0 0 0 0 8416 7 0 
3288 140 1 2076 823 0 0 9 1 0 0 309 1 150 0 
0 271 6136 3558 1 0 0 15282 32529 0 6 1170 90 609 79 
20374 25 12954 723 0 9 15282 0 0 5668 0 9280 9706 0 0 
322 1299 0 28 0 1 32529 0 0 177 98278 2 0 0 0 
66 0 33 52 0 0 0 5668 177 0 0 0 0 499 23 
0 0 0 10 0 0 6 0 98278 0 0 0 0 28987 3 
0 0 26228 0 0 309 1170 9280 2 0 0 0 80 181 1032 
0 0 0 0 8416 1 90 9706 0 0 0 80 0 0 146 
0 56093 0 17311 7 150 609 0 0 499 28987 181 0 0 5201 
174 3 0 40 0 0 79 0 0 23 3 1032 146 5201 0 
0 1010 0 0 0 0 24 0 0 0 138 4570 276 4608 0 
1010 0 2 0 478 0 0 0 0 22 29 0 219 0 0 
0 2 0 228 0 25 0 0 24549 0 5009 0 78182 270 0 
0 0 228 0 0 0 0 0 0 0 0 35 7 0 0 
0 478 0 0 0 0 0 5459 2 1 47004 2 0 1 69 
0 0 25 0 0 0 2809 0 0 938 1 0 0 0 6 
24 0 0 0 0 2809 0 0 0 66519 0 0 0 0 0 
0 0 0 0 5459 0 0 0 28067 0 0 0 0 3059 3151 
0 0 24549 0 2 0 0 28067 0 0 0 0 145 418 42529 
0 22 0 0 1 938 66519 0 0 0 637 31 21705 0 0 
138 29 5009 0 47004 1 0 0 0 637 0 20 3 0 0 
4570 0 0 35 2 0 0 0 0 31 20 0 0 0 0 
276 219 78182 7 0 0 0 0 145 21705 3 0 0 4 0 
4608 0 270 0 1 0 0 3059 418 0 0 0 4 0 0 
0 0 0 0 69 6 0 3151 42529 0 0 0 0 0 0 
0 1667 0 0 78 0 11 0 0 0 248 70302 465 20265 0 
1667 0 42 0 4855 0 0 3 0 351 189 9 35 0 0 
0 42 0 18 0 0 0 0 118 0 1517 0 303 125 9 
0 0 18 0 0 0 0 0 0 0 0 217 3 0 0 
78 4855 0 0 0 0 0 75170 7 7 1504 0 0 0 3 
0 0 0 0 0 0 1855 0 0 6423 73 0 0 0 5 
11 0 0 0 0 1855 0 0 0 58168 0 0 0 0 0 
0 3 0 0 75170 0 0 0 4148 0 1 0 0 32539 588 
0 0 118 0 7 0 0 4148 0 0 0 26 505 7 3521 
0 351 0 0 7 6423 58168 0 0 0 760 0 878 0 0 
248 189 1517 0 1504 73 0 1 0 760 0 3 562 0 1 
70302 9 0 217 0 0 0 0 26 0 3 0 0 0 0 
465 35 303 3 0 0 0 0 505 878 562 0 0 12 0 
20265 0 125 0 0 0 0 32539 7 0 0 0 12 0 0 
0 0 9 0 3 5 0 588 3521 0 1 0 0 0 0 
