15 4
0 59 64 103 62 95 95 48 90 88 90 112 64 139 74 
59 0 70 49 40 62 36 46 31 30 43 69 27 80 26 
64 70 0 118 33 51 89 98 88 95 64 73 48 126 97 
103 49 118 0 85 94 38 68 34 23 68 88 69 56 28 
62 40 33 85 0 33 56 78 55 62 34 51 15 94 66 
95 62 51 94 33 0 57 107 59 71 25 22 37 82 84 
95 36 89 38 56 57 0 77 6 17 31 50 41 44 39 
48 46 98 68 78 107 77 0 71 63 90 115 69 117 41 
90 31 88 34 55 59 6 71 0 12 34 55 39 49 33 
88 30 95 23 62 71 17 63 12 0 46 67 46 53 23 
90 43 64 68 34 25 31 90 34 46 0 25 25 61 61 
112 69 73 88 51 22 50 115 55 67 25 0 49 63 86 
64 27 48 69 15 37 41 69 39 46 25 49 0 81 52 
139 80 126 56 94 82 44 117 49 53 61 63 81 0 75 
74 26 97 28 66 84 39 41 33 23 61 86 52 75 0 
0 0 0 14 8105 0 0 65044 1 11 0 11 69399 88 0 
0 0 0 0 0 0 11 0 10 0 0 2407 0 0 0 
0 0 0 37293 21 60 805 0 37 0 21208 3453 0 91344 0 
14 0 37293 0 0 0 0 0 0 70915 0 0 0 14 0 
8105 0 21 0 0 27 0 39580 0 0 81613 986 16 0 8 
0 0 60 0 27 0 0 85705 0 0 0 12 0 0 58077 
0 11 805 0 0 0 0 60759 0 100 0 84378 0 0 140 
65044 0 0 0 39580 85705 60759 0 7 0 0 1 62674 4 145 
1 10 37 0 0 0 0 7 0 0 1 149 1146 9109 0 
11 0 0 70915 0 0 100 0 0 0 105 3192 0 0 11771 
0 0 21208 0 81613 0 0 0 1 105 0 0 180 0 364 
11 2407 3453 0 986 12 84378 1 149 3192 0 0 0 0 0 
69399 0 0 0 16 0 0 62674 1146 0 180 0 0 142 37 
88 0 91344 14 0 0 0 4 9109 0 0 0 142 0 42 
0 0 0 0 8 58077 140 145 0 11771 364 0 37 42 0 
0 202 0 255 57 0 1075 0 0 439 0 0 2841 24734 0 
202 0 0 16 2 36 9 0 6687 0 0 66005 1 0 0 
0 0 0 7758 0 0 1628 221 0 467 9 0 2992 56 0 
255 16 7758 0 109 5 0 0 0 41 0 10 78 0 5 
57 2 0 109 0 236 7399 13 0 66904 0 0 23828 357 706 
0 36 0 5 236 0 121 17 4 0 0 209 271 8 10815 
1075 9 1628 0 7399 121 0 33 1297 2 47740 482 71 0 176 
0 0 221 0 13 17 33 0 9288 0 0 17 2437 6 0 
0 6687 0 0 0 4 1297 9288 0 614 0 22 0 0 0 
439 0 467 41 66904 0 2 0 614 0 6125 0 3 3 0 
0 0 9 0 0 0 47740 0 0 6125 0 0 0 0 616 
0 66005 0 10 0 209 482 17 22 0 0 0 2 1425 2499 
2841 1 2992 78 23828 271 71 2437 0 3 0 2 0 0 12707 
24734 0 56 0 357 8 0 6 0 3 0 1425 0 0 0 
0 0 0 5 706 10815 176 0 0 0 616 2499 12707 0 0 
0 47 0 5516 0 133 0 96820 3312 21 10 0 8 7075 32367 
47 0 0 0 1 376 6335 0 0 19283 0 0 2460 26 0 
0 0 0 0 1718 0 427 21398 1083 96 41 0 0 10 1012 
5516 0 0 0 2483 0 38597 0 9 0 0 20 59 0 0 
0 1 1718 2483 0 11 1 917 0 0 0 0 0 0 0 
133 376 0 0 11 0 562 1 0 35188 3288 15 6 7 0 
0 6335 427 38597 1 562 0 3142 29 0 851 2 149 0 0 
96820 0 21398 0 917 1 3142 0 0 0 0 226 0 31 0 
3312 0 1083 9 0 0 29 0 0 0 6 3854 0 0 0 
21 19283 96 0 0 35188 0 0 0 0 0 0 0 351 3 
10 0 41 0 0 3288 851 0 6 0 0 24285 2 71 62530 
0 0 0 20 0 15 2 226 3854 0 24285 0 5039 0 104 
8 2460 0 59 0 6 149 0 0 0 2 5039 0 3059 3 
7075 26 10 0 0 7 0 31 0 351 71 0 3059 0 1 
32367 0 1012 0 0 0 0 0 0 3 62530 104 3 1 0 
0 0 0 4 4 0 10831 0 44 0 507 2 0 0 19114 
0 0 0 2818 104 1100 16887 145 1 427 0 0 0 112 0 
0 0 0 4 2349 3 61 8840 755 1052 3 7258 0 0 0 
4 2818 4 0 3396 0 0 1 0 0 81 0 0 0 0 
4 104 2349 3396 0 0 0 16481 0 0 0 132 3784 0 0 
0 1100 3 0 0 0 0 0 1 1687 0 0 0 0 0 
10831 16887 61 0 0 0 0 21 6235 92269 140 0 0 27722 0 
0 145 8840 1 16481 0 21 0 0 111 0 0 0 0 0 
44 1 755 0 0 1 6235 0 0 30 1981 25614 0 0 0 
0 427 1052 0 0 1687 92269 111 30 0 318 7175 0 0 10 
507 0 3 81 0 0 140 0 1981 318 0 991 0 0 5 
2 0 7258 0 132 0 0 0 25614 7175 991 0 1890 760 42922 
0 0 0 0 3784 0 0 0 0 0 0 1890 0 8525 34 
0 112 0 0 0 0 27722 0 0 0 0 760 8525 0 0 
19114 0 0 0 0 0 0 0 0 10 5 42922 34 0 0 
