15 2
0 46 118 40 96 98 46 64 2 33 36 47 55 9 108 
46 0 88 10 53 127 3 66 48 60 37 19 78 48 107 
118 88 0 85 53 137 85 71 120 144 83 106 102 125 70 
40 10 85 0 56 117 8 56 42 59 26 26 68 43 98 
96 53 53 56 0 154 51 82 98 112 71 66 108 100 106 
98 127 137 117 154 0 125 72 99 127 90 138 49 106 75 
46 3 85 8 51 125 0 63 48 61 34 22 76 49 104 
64 66 71 56 82 72 63 0 66 97 32 83 30 73 44 
2 48 120 42 98 99 48 66 0 32 38 48 56 7 110 
33 60 144 59 112 127 61 97 32 0 67 48 88 24 142 
36 37 83 26 71 90 34 32 38 67 0 51 41 44 77 
47 19 106 26 66 138 22 83 48 48 51 0 90 45 125 
55 78 102 68 108 49 76 30 56 88 41 90 0 63 62 
9 48 125 43 100 106 49 73 7 24 44 45 63 0 117 
108 107 70 98 106 75 104 44 110 142 77 125 62 117 0 
0 10507 0 12 4 118 0 42507 91 0 0 59125 0 0 8 
10507 0 1 165 0 1 1466 3148 0 0 0 0 6291 28 0 
0 1 0 0 5 0 0 5650 19933 1916 0 0 0 64389 4266 
12 165 0 0 0 12 52844 124 627 0 8 0 0 0 0 
4 0 5 0 0 1 0 0 6360 21 1 0 1516 0 873 
118 1 0 12 1 0 0 0 0 0 6355 0 0 0 102 
0 1466 0 52844 0 0 0 0 0 1630 61 0 0 36 0 
42507 3148 5650 124 0 0 0 0 0 0 26175 0 8965 853 97 
91 0 19933 627 6360 0 0 0 0 9 0 88533 0 5370 6 
0 0 1916 0 21 0 1630 0 9 0 0 8 2307 5 7 
0 0 0 8 1 6355 61 26175 0 0 0 0 550 137 13 
59125 0 0 0 0 0 0 0 88533 8 0 0 0 0 0 
0 6291 0 0 1516 0 0 8965 0 2307 550 0 0 0 292 
0 28 64389 0 0 0 36 853 5370 5 137 0 0 0 1 
8 0 4266 0 873 102 0 97 6 7 13 0 292 1 0 
0 0 12 0 1 0 141 0 0 582 1246 0 102 8601 0 
0 0 0 0 49 0 0 0 18 39911 7 101 0 0 5 
12 0 0 48995 0 13071 148 0 0 0 4891 42076 26949 0 0 
0 0 48995 0 982 0 0 0 0 393 0 489 55 50 601 
1 49 0 982 0 0 14 3571 0 0 0 27 0 1 0 
0 0 13071 0 0 0 405 1747 6790 0 0 39 82 30 0 
141 0 148 0 14 405 0 11790 4 0 0 610 50 0 0 
0 0 0 0 3571 1747 11790 0 330 12 0 7391 0 0 0 
0 18 0 0 0 6790 4 330 0 1 138 0 31939 0 0 
582 39911 0 393 0 0 0 12 1 0 10599 0 0 0 0 
1246 7 4891 0 0 0 0 0 138 10599 0 3971 0 0 0 
0 101 42076 489 27 39 610 7391 0 0 3971 0 16473 14929 89 
102 0 26949 55 0 82 50 0 31939 0 0 16473 0 320 0 
8601 0 0 50 1 30 0 0 0 0 0 14929 320 0 0 
0 5 0 601 0 0 0 0 0 0 0 89 0 0 0 
