6 4
0 46 118 40 96 98 
46 0 88 10 53 127 
118 88 0 85 53 137 
40 10 85 0 56 117 
96 53 53 56 0 154 
98 127 137 117 154 0 
0 781 15 0 10792 0 
781 0 97 0 37 10507 
15 97 0 142 6083 1330 
0 0 142 0 8552 0 
10792 37 6083 8552 0 0 
0 10507 1330 0 0 0 
0 0 0 5843 0 48674 
0 0 0 37 0 0 
0 0 0 0 0 0 
5843 37 0 0 0 10 
0 0 0 0 0 4720 
48674 0 0 10 4720 0 
0 0 0 3786 0 875 
0 0 0 14 0 0 
0 0 0 0 0 0 
3786 14 0 0 0 90 
0 0 0 0 0 2172 
875 0 0 90 2172 0 
0 0 0 1 0 28723 
0 0 0 572 0 0 
0 0 0 0 0 0 
1 572 0 0 0 16385 
0 0 0 0 0 1560 
28723 0 0 16385 1560 0 
