30 3
0 123 17 72 89 90 77 84 122 70 141 118 117 117 58 85 94 145 69 99 137 99 30 139 114 56 50 94 70 158 
123 0 116 51 121 48 96 115 59 63 25 47 40 16 64 39 31 87 58 23 83 33 103 24 65 67 92 40 53 45 
17 116 0 64 101 90 86 66 108 71 133 119 117 113 52 81 90 150 68 93 122 97 14 135 118 53 57 84 66 154 
72 51 64 0 97 39 71 77 62 33 69 64 60 49 13 21 29 104 24 28 84 38 52 71 72 21 53 26 13 91 
89 121 101 97 0 73 26 158 158 64 146 84 88 106 88 88 93 82 73 107 181 88 104 121 67 78 49 121 84 131 
90 48 90 39 73 0 47 116 91 20 73 28 27 34 42 20 20 64 22 35 115 15 82 53 32 38 48 55 28 69 
77 96 86 71 26 47 0 136 132 38 121 63 66 81 63 62 67 73 47 81 155 62 85 98 49 54 29 95 58 110 
84 115 66 77 158 116 136 0 73 105 118 141 136 120 76 98 104 181 98 96 73 114 56 139 149 84 109 75 89 160 
122 59 108 62 158 91 132 73 0 94 51 103 96 73 74 71 70 145 85 56 25 79 93 83 118 83 115 37 74 101 
70 63 71 33 64 20 38 105 94 0 87 48 47 52 29 25 32 79 8 44 117 32 64 72 47 21 28 56 20 89 
141 25 133 69 146 73 121 118 51 87 0 70 64 41 83 62 55 108 81 43 71 58 119 37 89 88 115 49 74 52 
118 47 119 64 84 28 63 141 103 48 70 0 6 30 70 43 37 42 50 48 128 26 110 38 19 66 73 72 55 47 
117 40 117 60 88 27 66 136 96 47 64 6 0 24 67 39 32 48 48 42 121 22 108 32 25 64 74 66 52 44 
117 16 113 49 106 34 81 120 73 52 41 30 24 0 60 31 22 72 48 24 98 19 101 21 48 61 81 46 46 42 
58 64 52 13 88 42 63 76 74 29 83 70 67 60 0 29 38 107 21 41 95 45 41 82 74 9 41 39 15 102 
85 39 81 21 88 20 62 98 71 25 62 43 39 31 29 0 9 83 18 19 96 17 70 53 51 29 52 34 14 73 
94 31 90 29 93 20 67 104 70 32 55 37 32 22 38 9 0 79 27 14 95 10 79 44 48 38 60 36 24 64 
145 87 150 104 82 64 73 181 145 79 108 42 48 72 107 83 79 0 85 91 170 68 144 71 32 101 95 114 92 67 
69 58 68 24 73 22 47 98 85 8 81 50 48 48 21 18 27 85 0 37 108 30 60 70 52 16 34 48 11 88 
99 23 93 28 107 35 81 96 56 44 43 48 42 24 41 19 14 91 37 0 81 23 80 43 62 45 71 23 30 64 
137 83 122 84 181 115 155 73 25 117 71 128 121 98 95 96 95 170 108 81 0 104 107 106 143 104 136 61 97 123 
99 33 97 38 88 15 62 114 79 32 58 26 22 19 45 17 10 68 30 23 104 0 87 40 38 44 61 46 30 58 
30 103 14 52 104 82 85 56 93 64 119 110 108 101 41 70 79 144 60 80 107 87 0 123 111 44 56 70 56 143 
139 24 135 71 121 53 98 139 83 72 37 38 32 21 82 53 44 71 70 43 106 40 123 0 57 83 101 64 68 21 
114 65 118 72 67 32 49 149 118 47 89 19 25 48 74 51 48 32 52 62 143 38 111 57 0 68 66 84 60 63 
56 67 53 21 78 38 54 84 83 21 88 66 64 61 9 29 38 101 16 45 104 44 44 83 68 0 32 47 14 102 
50 92 57 53 49 48 29 109 115 28 115 73 74 81 41 52 60 95 34 71 136 61 56 101 66 32 0 79 42 117 
94 40 84 26 121 55 95 75 37 56 49 72 66 46 39 34 36 114 48 23 61 46 70 64 84 47 79 0 37 85 
70 53 66 13 84 28 58 89 74 20 74 55 52 46 15 14 24 92 11 30 97 30 56 68 60 14 42 37 0 88 
158 45 154 91 131 69 110 160 101 89 52 47 44 42 102 73 64 67 88 64 123 58 143 21 63 102 117 85 88 0 
0 67111 0 0 0 0 78 0 0 0 0 0 0 91 2 0 15033 8 0 0 0 93 0 33 5 0 0 7 0 9 
67111 0 0 1 0 4007 0 0 0 6241 24 37 422 1923 0 43 490 162 0 30056 0 1198 0 9060 4309 0 52 0 0 1 
0 0 0 0 34 0 0 0 243 0 0 7549 0 3 54617 13827 109 0 0 0 0 0 0 964 356 0 0 26146 0 0 
0 1 0 0 0 0 0 12 0 9941 14123 119 25 1 0 14213 212 0 0 0 0 2 0 714 0 0 0 1 0 63295 
0 0 34 0 0 2 3344 2426 0 66 0 0 0 4 2126 18845 0 0 3 0 5 0 0 0 376 0 0 54311 0 93 
0 4007 0 0 2 0 1 18 0 1 0 1094 0 0 8 0 0 0 179 0 1 0 0 0 0 14723 19 1 0 0 
78 0 0 0 3344 1 0 1 0 53235 1329 14718 0 0 582 0 13243 19261 0 0 0 35698 0 5 19 0 32530 0 2 142 
0 0 0 12 2426 18 1 0 0 0 0 55 0 0 47 0 1 0 24015 138 0 75 0 2868 16967 77655 1100 0 0 0 
0 0 243 0 0 0 0 0 0 11375 154 3205 24990 1 310 0 757 0 265 12228 0 0 0 0 0 0 167 39 14358 0 
0 6241 0 9941 66 1 53235 0 11375 0 0 14 0 0 111 65232 9747 107 0 0 41 23 17 2 0 14 0 549 5 2 
0 24 0 14123 0 0 1329 0 154 0 0 0 3 0 0 7939 0 0 2241 0 14 21 197 3517 0 85 47456 5 44 0 
0 37 7549 119 0 1094 14718 55 3205 14 0 0 58166 136 0 6 15049 0 0 0 19 4032 271 2592 0 0 525 350 0 6259 
0 422 0 25 0 0 0 0 24990 0 3 58166 0 0 0 11 0 67 0 0 1572 0 33 708 0 0 0 2 0 0 
91 1923 3 1 4 0 0 0 1 0 0 136 0 0 23 0 349 2 174 0 4 4111 213 0 6 0 0 782 162 0 
2 0 54617 0 2126 8 582 47 310 111 0 0 0 23 0 0 0 218 0 5078 0 0 0 9586 4 0 0 0 0 0 
0 43 13827 14213 18845 0 0 0 0 65232 7939 6 11 0 0 0 3147 0 3 0 0 65095 940 0 5 60369 48648 0 91 138 
15033 490 109 212 0 0 13243 1 757 9747 0 15049 0 349 0 3147 0 701 0 0 77 0 209 0 0 0 32 0 0 0 
8 162 0 0 0 0 19261 0 0 107 0 0 67 2 218 0 701 0 3583 35377 1445 4946 3388 0 21 0 0 0 4 10 
0 0 0 0 3 179 0 24015 265 0 2241 0 0 174 0 3 0 3583 0 0 0 0 0 33722 1 40 2 780 87 0 
0 30056 0 0 0 0 0 138 12228 0 0 0 0 0 5078 0 0 35377 0 0 0 0 1438 554 0 0 12795 51308 375 1 
0 0 0 0 5 1 0 0 0 41 14 19 1572 4 0 0 77 1445 0 0 0 0 0 0 0 441 21 1597 597 6 
93 1198 0 2 0 0 35698 75 0 23 21 4032 0 4111 0 65095 0 4946 0 0 0 0 0 86 0 13 2 57 1 3 
0 0 0 0 0 0 0 0 0 17 197 271 33 213 0 940 209 3388 0 1438 0 0 0 0 0 30 0 0 619 8126 
33 9060 964 714 0 0 5 2868 0 2 3517 2592 708 0 9586 0 0 0 33722 554 0 86 0 0 313 11 5 0 0 2074 
5 4309 356 0 376 0 19 16967 0 0 0 0 0 6 4 5 0 21 1 0 0 0 0 313 0 0 0 0 0 462 
0 0 0 0 0 14723 0 77655 0 14 85 0 0 0 0 60369 0 0 40 0 441 13 30 11 0 0 0 0 0 0 
0 52 0 0 0 19 32530 1100 167 0 47456 525 0 0 0 48648 32 0 2 12795 21 2 0 5 0 0 0 0 3 0 
7 0 26146 1 54311 1 0 0 39 549 5 350 2 782 0 0 0 0 780 51308 1597 57 0 0 0 0 0 0 0 2117 
0 0 0 0 0 0 2 0 14358 5 44 0 0 162 0 91 0 4 87 375 597 1 619 0 0 0 3 0 0 22325 
9 1 0 63295 93 0 142 0 0 2 0 6259 0 0 0 138 0 10 0 1 6 3 8126 2074 462 0 0 2117 22325 0 
0 0 412 7307 1697 4 0 20461 9320 37 3600 65 18 0 0 6 0 0 7411 1776 275 0 18 0 0 9 20 0 63 0 
0 0 49526 0 1 0 1236 21700 8 0 0 0 0 0 27 0 0 0 1 0 52 0 24 0 0 76250 0 1849 2196 0 
412 49526 0 4 0 34 242 6 0 5289 21190 0 719 0 0 0 0 3 3 3342 9 350 57 0 0 1 1 0 3963 177 
7307 0 4 0 60993 89 62698 0 772 0 0 0 0 0 10 0 0 24 128 188 446 0 39 0 7821 31 1 0 293 0 
1697 1 0 60993 0 0 0 0 1359 0 1 15584 1 0 0 0 64759 38626 0 24 0 12 50251 45 0 7 14 0 46 0 
4 0 34 89 0 0 0 0 7551 0 8 0 123 54884 0 48 26636 1334 0 2797 0 39282 96389 4541 6866 0 0 0 969 17328 
0 1236 242 62698 0 0 0 0 159 0 0 0 4233 8337 0 2 0 0 38 3 66364 0 13059 0 0 1 0 32016 0 0 
20461 21700 6 0 0 0 0 0 15 4 51899 0 1331 1965 0 1 0 37 0 0 70 0 10270 0 0 0 0 17 13 12 
9320 8 0 772 1359 7551 159 15 0 0 0 0 0 0 0 7 0 306 0 0 1476 3 2 2295 328 6 0 0 0 113 
37 0 5289 0 0 0 0 4 0 0 423 0 2930 1540 0 0 0 0 13237 49 0 0 0 0 3015 0 11 0 0 0 
3600 0 21190 0 1 8 0 51899 0 423 0 27 0 83592 4 0 25275 80 0 14947 0 0 0 0 6374 0 0 0 0 64171 
65 0 0 0 15584 0 0 0 0 0 27 0 0 0 47923 0 0 33 599 10 0 0 0 0 30 1935 0 0 972 0 
18 0 719 0 1 123 4233 1331 0 2930 0 0 0 27 17183 0 55 0 2 335 0 3476 0 0 98 5099 5 0 834 95 
0 0 0 0 0 54884 8337 1965 0 1540 83592 0 27 0 0 2546 0 0 0 8 0 0 0 7544 0 13231 13925 0 0 2 
0 27 0 10 0 0 0 0 0 0 4 47923 17183 0 0 2 22 0 219 0 15996 6563 1 0 0 127 20215 2 30 422 
6 0 0 0 0 48 2 1 7 0 0 0 0 2546 2 0 0 944 0 1471 858 0 0 194 0 0 0 2133 0 0 
0 0 0 0 64759 26636 0 0 0 0 25275 0 55 0 22 0 0 0 1 426 0 1191 0 75592 1 2 0 1969 16 4 
0 0 3 24 38626 1334 0 37 306 0 80 33 0 0 0 944 0 0 0 0 0 0 0 3 0 3068 419 13 0 0 
7411 1 3 128 0 0 38 0 0 13237 0 599 2 0 219 0 1 0 0 14991 2892 1759 2 0 0 0 0 0 0 5 
1776 0 3342 188 24 2797 3 0 0 49 14947 10 335 8 0 1471 426 0 14991 0 689 20044 0 0 63 113 0 0 0 0 
275 52 9 446 0 0 66364 70 1476 0 0 0 0 0 15996 858 0 0 2892 689 0 19511 2324 1 951 0 0 0 0 0 
0 0 350 0 12 39282 0 0 3 0 0 0 3476 0 6563 0 1191 0 1759 20044 19511 0 2039 0 24255 0 0 0 0 0 
18 24 57 39 50251 96389 13059 10270 2 0 0 0 0 0 1 0 0 0 2 0 2324 2039 0 21 703 0 669 108 0 0 
0 0 0 0 45 4541 0 0 2295 0 0 0 0 7544 0 194 75592 3 0 0 1 0 21 0 0 0 0 10355 86 0 
0 0 0 7821 0 6866 0 0 328 3015 6374 30 98 0 0 0 1 0 0 63 951 24255 703 0 0 227 121 35539 62461 0 
9 76250 1 31 7 0 1 0 6 0 0 1935 5099 13231 127 0 2 3068 0 113 0 0 0 0 227 0 5 130 120 6449 
20 0 1 1 14 0 0 0 0 11 0 0 5 13925 20215 0 0 419 0 0 0 0 669 0 121 5 0 57 0 11966 
0 1849 0 0 0 0 32016 17 0 0 0 0 0 0 2 2133 1969 13 0 0 0 0 108 10355 35539 130 57 0 7062 0 
63 2196 3963 293 46 969 0 13 0 0 0 972 834 0 30 0 16 0 0 0 0 0 0 86 62461 120 0 7062 0 0 
0 0 177 0 0 17328 0 12 113 0 64171 0 95 2 422 0 4 0 5 0 0 0 0 0 0 6449 11966 0 0 0 
0 0 80 12 27 1 0 26 1967 594 1 71079 1 0 0 57 0 0 43 3206 1 0 536 0 0 1741 1 0 546 0 
0 0 132 0 6 0 46 52171 1 0 0 0 0 0 3 0 0 0 1 0 8 0 3 0 0 3 0 107 8523 0 
80 132 0 40398 0 1109 6151 19 0 518 6 0 14 0 0 0 0 2 37 6 35 1 271 0 0 299 45997 0 492 3997 
12 0 40398 0 59 14113 44101 0 1848 0 0 0 0 0 868 0 0 8293 1 83 1 0 7 0 6 66622 2967 0 203 0 
27 6 0 59 0 0 0 0 11831 0 34 1 3689 0 0 0 20 19405 0 5225 0 206 10 57 0 631 412 0 55876 0 
1 0 1109 14113 0 0 0 0 3 0 66426 0 1002 2 0 3879 12 1955 0 19 0 94 309 491 24 0 0 0 1 3 
0 46 6151 44101 0 0 0 0 17 0 0 0 14 8856 0 3834 0 0 63 20334 4 0 13396 0 0 1755 0 44208 0 0 
26 52171 19 0 0 0 0 0 8 2924 582 0 1 114 0 8073 0 102 0 0 6 0 32 0 0 0 0 37 117 339 
1967 1 0 1848 11831 3 17 8 0 0 0 0 0 0 0 594 0 6 0 0 4 252 109 305 610 6 0 0 0 8 
594 0 518 0 0 0 0 2924 0 0 93160 0 16 20 0 0 0 0 3972 1 0 0 0 0 16 0 3 0 0 0 
1 0 6 0 34 66426 0 582 0 93160 0 8453 0 30068 36 0 1834 1174 0 80868 0 0 0 0 2951 0 0 0 0 457 
71079 0 0 0 1 0 0 0 0 0 8453 0 0 0 61039 0 0 83 118 304 0 0 0 0 33128 5 0 0 2 0 
1 0 14 0 3689 1002 14 1 0 16 0 0 0 17776 144 0 3 0 17 51526 0 40 0 0 44213 99478 68758 0 399 759 
0 0 0 0 0 2 8856 114 0 20 30068 0 17776 0 0 202 0 0 0 27 0 0 0 1124 0 7 210 0 0 86 
0 3 0 868 0 0 0 0 0 0 36 61039 144 0 0 12190 10 0 9756 0 3 7389 2400 0 0 40044 26988 1322 9 1 
57 0 0 0 0 3879 3834 8073 594 0 0 0 0 202 12190 0 0 53167 0 3630 42 0 0 2683 0 0 0 87522 0 0 
0 0 0 0 20 12 0 0 0 0 1834 0 3 0 10 0 0 0 48940 5042 0 8781 0 1 1 36967 0 175 37 110 
0 0 2 8293 19405 1955 0 102 6 0 1174 83 0 0 0 53167 0 0 0 0 0 0 0 11581 0 3 607 1309 0 0 
43 1 37 1 0 0 63 0 0 3972 0 118 17 0 9756 0 48940 0 0 15 11889 85 65612 0 0 0 0 0 0 1037 
3206 0 6 83 5225 19 20334 0 0 1 80868 304 51526 27 0 3630 5042 0 15 0 1 1611 0 0 47659 73965 0 0 0 0 
1 8 35 1 0 0 4 6 4 0 0 0 0 0 3 42 0 0 11889 1 0 3 3710 13 24 0 0 0 0 0 
0 0 1 0 206 94 0 0 252 0 0 0 40 0 7389 0 8781 0 85 1611 3 0 2551 0 16 0 0 0 0 0 
536 3 271 7 10 309 13396 32 109 0 0 0 0 0 2400 0 0 0 65612 0 3710 2551 0 4 153 0 8192 29589 0 0 
0 0 0 0 57 491 0 0 305 0 0 0 0 1124 0 2683 1 11581 0 0 13 0 4 0 0 0 0 278 5 0 
0 0 0 6 0 24 0 0 610 16 2951 33128 44213 0 0 0 1 0 0 47659 24 16 153 0 0 16066 2125 9640 22 0 
1741 3 299 66622 631 0 1755 0 6 0 0 5 99478 7 40044 0 36967 3 0 73965 0 0 0 0 16066 0 1658 3 4781 119 
1 0 45997 2967 412 0 0 0 0 3 0 0 68758 210 26988 0 0 607 0 0 0 0 8192 0 2125 1658 0 2729 0 4435 
0 107 0 0 0 0 44208 37 0 0 0 0 0 0 1322 87522 175 1309 0 0 0 0 29589 278 9640 3 2729 0 15170 0 
546 8523 492 203 55876 1 0 117 0 0 0 2 399 0 9 0 37 0 0 0 0 0 0 5 22 4781 0 15170 0 0 
0 0 3997 0 0 3 0 339 8 0 457 0 759 86 1 0 110 0 1037 0 0 0 0 0 0 119 4435 0 0 0 
