8 4
0 59 64 103 62 95 95 48 
59 0 70 49 40 62 36 46 
64 70 0 118 33 51 89 98 
103 49 118 0 85 94 38 68 
62 40 33 85 0 33 56 78 
95 62 51 94 33 0 57 107 
95 36 89 38 56 57 0 77 
48 46 98 68 78 107 77 0 
0 0 42 18167 0 1 0 2 
0 0 2 128 0 27 34428 1 
42 2 0 303 232 0 63 0 
18167 128 303 0 1230 0 0 131 
0 0 232 1230 0 35024 61474 0 
1 27 0 0 35024 0 1 4 
0 34428 63 0 61474 1 0 6181 
2 1 0 131 0 4 6181 0 
0 0 24 17135 0 1 6 0 
0 0 0 0 0 0 0 1 
24 0 0 50762 0 3283 805 0 
17135 0 50762 0 0 0 6540 0 
0 0 0 0 0 6066 0 0 
1 0 3283 0 6066 0 121 2 
6 0 805 6540 0 121 0 21398 
0 1 0 0 0 2 21398 0 
0 2 0 72154 0 0 0 0 
2 0 1638 0 13364 56479 213 0 
0 1638 0 0 0 7 0 4 
72154 0 0 0 1041 0 30524 0 
0 13364 0 1041 0 0 7399 0 
0 56479 7 0 0 0 0 0 
0 213 0 30524 7399 0 0 1128 
0 0 4 0 0 0 1128 0 
0 0 0 4440 7818 0 0 5 
0 0 10 0 647 0 10831 0 
0 10 0 0 0 1 0 0 
4440 0 0 0 1373 0 12 17 
7818 647 0 1373 0 0 0 1513 
0 0 1 0 0 0 0 0 
0 10831 0 12 0 0 0 0 
5 0 0 17 1513 0 0 0 
