9 2
0 46 118 40 96 98 46 64 2 
46 0 88 10 53 127 3 66 48 
118 88 0 85 53 137 85 71 120 
40 10 85 0 56 117 8 56 42 
96 53 53 56 0 154 51 82 98 
98 127 137 117 154 0 125 72 99 
46 3 85 8 51 125 0 63 48 
64 66 71 56 82 72 63 0 66 
2 48 120 42 98 99 48 66 0 
0 67 1821 15 2 0 14 0 0 
67 0 0 0 74 0 12 1 5 
1821 0 0 0 0 61 165 95682 0 
15 0 0 0 0 8 0 0 0 
2 74 0 0 0 0 0 14 1 
0 0 61 8 0 0 224 0 325 
14 12 165 0 0 224 0 0 43010 
0 1 95682 0 14 0 0 0 331 
0 5 0 0 1 325 43010 331 0 
0 0 0 0 1 32670 0 5 49 
0 0 4429 86020 0 87656 0 0 0 
0 4429 0 3 3 0 0 0 982 
0 86020 3 0 12 0 48995 1146 2033 
1 0 3 12 0 16959 24018 0 4 
32670 87656 0 0 16959 0 0 1 0 
0 0 0 48995 24018 0 0 4456 0 
5 0 0 1146 0 1 4456 0 0 
49 0 982 2033 4 0 0 0 0 
