9 4
0 46 118 40 96 98 46 64 2 
46 0 88 10 53 127 3 66 48 
118 88 0 85 53 137 85 71 120 
40 10 85 0 56 117 8 56 42 
96 53 53 56 0 154 51 82 98 
98 127 137 117 154 0 125 72 99 
46 3 85 8 51 125 0 63 48 
64 66 71 56 82 72 63 0 66 
2 48 120 42 98 99 48 66 0 
0 39921 56 215 228 289 26175 13 0 
39921 0 0 13962 0 0 52 6042 2 
56 0 0 0 0 7027 0 23351 0 
215 13962 0 0 19933 3825 13 0 0 
228 0 0 19933 0 1630 740 0 10 
289 0 7027 3825 1630 0 28702 739 97 
26175 52 0 13 740 28702 0 0 0 
13 6042 23351 0 0 739 0 0 618 
0 2 0 0 10 97 0 618 0 
0 0 0 0 0 0 0 0 2 
0 0 982 0 3 1 0 0 0 
0 982 0 141 61 0 9 0 5 
0 0 141 0 0 0 0 2 648 
0 3 61 0 0 0 0 14 0 
0 1 0 0 0 0 0 0 0 
0 0 9 0 0 0 0 1 27 
0 0 0 2 14 0 1 0 0 
2 0 5 648 0 0 27 0 0 
0 0 0 0 0 0 0 0 1058 
0 0 1430 0 700 45 0 0 0 
0 1430 0 3 0 0 138 0 333 
0 0 3 0 0 0 0 171 22 
0 700 0 0 0 0 0 10802 0 
0 45 0 0 0 0 0 0 0 
0 0 138 0 0 0 0 1188 89 
0 0 0 171 10802 0 1188 0 0 
1058 0 333 22 0 0 89 0 0 
0 0 0 0 0 0 0 0 320 
0 0 5753 0 30854 6590 0 0 0 
0 5753 0 259 18 0 0 0 0 
0 0 259 0 0 0 0 25 8530 
0 30854 18 0 0 0 0 920 0 
0 6590 0 0 0 0 0 0 0 
0 0 0 0 0 0 0 850 1 
0 0 0 25 920 0 850 0 0 
320 0 0 8530 0 0 1 0 0 
