30 3
0 123 17 72 89 90 77 84 122 70 141 118 117 117 58 85 94 145 69 99 137 99 30 139 114 56 50 94 70 158 
123 0 116 51 121 48 96 115 59 63 25 47 40 16 64 39 31 87 58 23 83 33 103 24 65 67 92 40 53 45 
17 116 0 64 101 90 86 66 108 71 133 119 117 113 52 81 90 150 68 93 122 97 14 135 118 53 57 84 66 154 
72 51 64 0 97 39 71 77 62 33 69 64 60 49 13 21 29 104 24 28 84 38 52 71 72 21 53 26 13 91 
89 121 101 97 0 73 26 158 158 64 146 84 88 106 88 88 93 82 73 107 181 88 104 121 67 78 49 121 84 131 
90 48 90 39 73 0 47 116 91 20 73 28 27 34 42 20 20 64 22 35 115 15 82 53 32 38 48 55 28 69 
77 96 86 71 26 47 0 136 132 38 121 63 66 81 63 62 67 73 47 81 155 62 85 98 49 54 29 95 58 110 
84 115 66 77 158 116 136 0 73 105 118 141 136 120 76 98 104 181 98 96 73 114 56 139 149 84 109 75 89 160 
122 59 108 62 158 91 132 73 0 94 51 103 96 73 74 71 70 145 85 56 25 79 93 83 118 83 115 37 74 101 
70 63 71 33 64 20 38 105 94 0 87 48 47 52 29 25 32 79 8 44 117 32 64 72 47 21 28 56 20 89 
141 25 133 69 146 73 121 118 51 87 0 70 64 41 83 62 55 108 81 43 71 58 119 37 89 88 115 49 74 52 
118 47 119 64 84 28 63 141 103 48 70 0 6 30 70 43 37 42 50 48 128 26 110 38 19 66 73 72 55 47 
117 40 117 60 88 27 66 136 96 47 64 6 0 24 67 39 32 48 48 42 121 22 108 32 25 64 74 66 52 44 
117 16 113 49 106 34 81 120 73 52 41 30 24 0 60 31 22 72 48 24 98 19 101 21 48 61 81 46 46 42 
58 64 52 13 88 42 63 76 74 29 83 70 67 60 0 29 38 107 21 41 95 45 41 82 74 9 41 39 15 102 
85 39 81 21 88 20 62 98 71 25 62 43 39 31 29 0 9 83 18 19 96 17 70 53 51 29 52 34 14 73 
94 31 90 29 93 20 67 104 70 32 55 37 32 22 38 9 0 79 27 14 95 10 79 44 48 38 60 36 24 64 
145 87 150 104 82 64 73 181 145 79 108 42 48 72 107 83 79 0 85 91 170 68 144 71 32 101 95 114 92 67 
69 58 68 24 73 22 47 98 85 8 81 50 48 48 21 18 27 85 0 37 108 30 60 70 52 16 34 48 11 88 
99 23 93 28 107 35 81 96 56 44 43 48 42 24 41 19 14 91 37 0 81 23 80 43 62 45 71 23 30 64 
137 83 122 84 181 115 155 73 25 117 71 128 121 98 95 96 95 170 108 81 0 104 107 106 143 104 136 61 97 123 
99 33 97 38 88 15 62 114 79 32 58 26 22 19 45 17 10 68 30 23 104 0 87 40 38 44 61 46 30 58 
30 103 14 52 104 82 85 56 93 64 119 110 108 101 41 70 79 144 60 80 107 87 0 123 111 44 56 70 56 143 
139 24 135 71 121 53 98 139 83 72 37 38 32 21 82 53 44 71 70 43 106 40 123 0 57 83 101 64 68 21 
114 65 118 72 67 32 49 149 118 47 89 19 25 48 74 51 48 32 52 62 143 38 111 57 0 68 66 84 60 63 
56 67 53 21 78 38 54 84 83 21 88 66 64 61 9 29 38 101 16 45 104 44 44 83 68 0 32 47 14 102 
50 92 57 53 49 48 29 109 115 28 115 73 74 81 41 52 60 95 34 71 136 61 56 101 66 32 0 79 42 117 
94 40 84 26 121 55 95 75 37 56 49 72 66 46 39 34 36 114 48 23 61 46 70 64 84 47 79 0 37 85 
70 53 66 13 84 28 58 89 74 20 74 55 52 46 15 14 24 92 11 30 97 30 56 68 60 14 42 37 0 88 
158 45 154 91 131 69 110 160 101 89 52 47 44 42 102 73 64 67 88 64 123 58 143 21 63 102 117 85 88 0 
0 12 0 2 249 26 15045 10 433 0 0 0 3022 362 0 88 0 6 0 0 1224 0 0 0 270 140 0 20895 1361 0 
12 0 1 0 332 0 0 0 75 0 0 78 5701 0 6383 43 0 7196 2 0 0 3 16 0 0 0 22788 0 1424 3507 
0 1 0 0 901 0 0 0 0 8 8504 4135 3 36616 0 0 0 1 1 0 0 0 0 0 0 6055 52615 925 0 0 
2 0 0 0 0 5 18 0 0 122 0 0 545 1986 8 0 0 60385 0 0 0 0 0 935 0 0 0 0 36724 1 
249 332 901 0 0 0 14 0 385 1 2 2234 0 0 0 0 31221 22325 10 47 0 1 42 5142 0 0 7 72 0 0 
26 0 0 5 0 0 0 646 8 294 75 0 0 0 5883 2 2 7 0 157 1 0 13 0 0 0 32 0 44 316 
15045 0 0 18 14 0 0 1679 0 150 24108 4572 0 42286 0 0 14358 0 111 0 12 0 0 0 395 0 0 0 3 0 
10 0 0 0 0 646 1679 0 0 2 81 0 0 111 38988 87199 0 846 1 1910 0 2376 20 0 1 173 3977 0 0 77 
433 75 0 0 385 8 0 0 0 0 0 1 0 0 11111 0 0 0 44 1 95 0 19 39973 0 159 102 0 0 0 
0 0 8 122 1 294 150 2 0 0 578 0 0 0 0 0 0 5118 0 2610 0 86584 2 0 9610 16154 95367 588 76392 0 
0 0 8504 0 2 75 24108 81 0 578 0 0 0 5 0 0 0 0 0 22732 0 76 0 0 1444 0 7 0 20 0 
0 78 4135 0 2234 0 4572 0 1 0 0 0 24 0 0 0 4 12 0 11 0 0 0 0 0 3 0 2 0 97 
3022 5701 3 545 0 0 0 0 0 0 0 24 0 3517 44386 27 381 0 0 0 0 1 2 0 9 9184 8258 775 67969 940 
362 0 36616 1986 0 0 42286 111 0 0 5 0 3517 0 72 0 0 0 11 268 0 218 0 0 0 0 38325 1685 0 0 
0 6383 0 8 0 5883 0 38988 11111 0 0 0 44386 72 0 0 3682 0 85 138 6 0 5748 0 387 6446 0 173 0 0 
88 43 0 0 0 2 0 87199 0 0 0 0 27 0 0 0 0 0 7356 16 0 156 0 0 0 26 6939 20 179 0 
0 0 0 0 31221 2 14358 0 0 0 0 4 381 0 3682 0 0 15 0 42255 20788 0 2 1077 57955 196 293 0 0 1187 
6 7196 1 60385 22325 7 0 846 0 5118 0 12 0 0 0 0 15 0 7135 7 0 0 0 2446 148 1 0 0 0 0 
0 2 1 0 10 0 111 1 44 0 0 0 0 11 85 7356 0 7135 0 1 0 550 11028 6287 0 3259 0 0 0 0 
0 0 0 0 47 157 0 1910 1 2610 22732 11 0 268 138 16 42255 7 1 0 23179 1 2 0 0 0 20624 7080 2049 3425 
1224 0 0 0 0 1 12 0 95 0 0 0 0 0 6 0 20788 0 0 23179 0 0 0 496 0 0 0 0 603 30567 
0 3 0 0 1 0 0 2376 0 86584 76 0 1 218 0 156 0 0 550 1 0 0 144 37 1613 89 4 0 263 0 
0 16 0 0 42 13 0 20 19 2 0 0 2 0 5748 0 2 0 11028 2 0 144 0 306 28781 77253 0 0 131 0 
0 0 0 935 5142 0 0 0 39973 0 0 0 0 0 0 0 1077 2446 6287 0 496 37 306 0 0 246 0 0 26816 0 
270 0 0 0 0 0 395 1 0 9610 1444 0 9 0 387 0 57955 148 0 0 0 1613 28781 0 0 0 0 0 139 0 
140 0 6055 0 0 0 0 173 159 16154 0 3 9184 0 6446 26 196 1 3259 0 0 89 77253 246 0 0 25 10 0 593 
0 22788 52615 0 7 32 0 3977 102 95367 7 0 8258 38325 0 6939 293 0 0 20624 0 4 0 0 0 25 0 7 2 0 
20895 0 925 0 72 0 0 0 0 588 0 2 775 1685 173 20 0 0 0 7080 0 0 0 0 0 10 7 0 11896 0 
1361 1424 0 36724 0 44 3 0 0 76392 20 0 67969 0 0 179 0 0 0 2049 603 263 131 26816 139 0 2 11896 0 3216 
0 3507 0 1 0 316 0 77 0 0 0 97 940 0 0 0 1187 0 0 3425 30567 0 0 0 0 593 0 0 3216 0 
0 0 0 0 0 89330 0 136 0 0 0 0 0 0 6 0 1916 3 24 0 282 5800 769 4 100 0 300 106 0 465 
0 0 0 21936 1434 2 0 71 0 0 8 0 1 1438 2 0 54 0 0 0 0 0 0 0 1819 0 0 2453 0 1 
0 0 0 20 0 0 0 0 0 0 0 1 2 137 21 0 6 416 246 1 1 0 47671 97261 0 0 0 0 0 0 
0 21936 20 0 242 13311 202 85 54617 3 0 694 8 1631 3 30330 0 196 0 0 40 21 14 0 872 5 0 0 0 25 
0 1434 0 242 0 0 249 0 7 5 0 0 0 0 32 0 9 0 7 117 0 139 0 0 7896 9 0 306 0 444 
89330 2 0 13311 0 0 0 0 582 0 12 1 0 0 0 0 0 0 0 1 8785 99 7 7 0 0 166 0 0 0 
0 0 0 202 249 0 0 0 0 15033 0 0 0 196 102 0 5 43 0 0 180 2 0 0 78 0 26578 229 0 1 
136 71 0 85 0 0 0 0 0 2126 0 0 1415 0 66 1 0 264 0 0 3 1 0 0 0 0 3578 0 0 0 
0 0 0 54617 7 582 0 0 0 41938 129 35377 3 0 2025 0 12 2 40 17602 0 0 0 0 0 0 0 0 24945 1 
0 0 0 3 5 0 15033 2126 41938 0 0 0 0 0 0 0 0 2272 0 37 0 13600 167 0 0 9580 60795 4 23 68 
0 8 0 0 0 12 0 0 129 0 0 0 430 2868 0 0 0 1167 0 3 12 223 2993 96 47 0 0 0 0 1 
0 0 1 694 0 1 0 0 35377 0 0 0 3083 0 0 0 87 0 0 0 3 0 4 0 2 217 0 2 91995 12714 
0 1 2 8 0 0 0 1415 3 0 430 3083 0 2592 0 20 63141 0 125 32 11 19026 0 0 11465 2 0 16 0 0 
0 1438 137 1631 0 0 196 0 0 0 2868 0 2592 0 931 0 11220 0 187 0 0 48983 134 0 0 72022 4396 9 0 0 
6 2 21 3 32 0 102 66 2025 0 0 0 0 931 0 34 57 1 1 0 0 0 0 0 105 12716 621 1 3193 305 
0 0 0 30330 0 0 0 1 0 0 0 0 20 0 34 0 0 0 0 10588 2 0 2630 273 3 1 217 0 0 0 
1916 54 6 0 9 0 5 0 12 0 0 87 63141 11220 57 0 0 686 0 41711 33858 0 12300 0 2998 0 29594 0 0 0 
3 0 416 196 0 0 43 264 2 2272 1167 0 0 0 1 0 686 0 203 0 1 9 0 208 0 62 801 12174 714 0 
24 0 246 0 7 0 0 0 40 0 0 0 125 187 1 0 0 203 0 0 0 4333 359 0 0 24384 0 0 0 0 
0 0 1 0 117 1 0 0 17602 37 3 0 32 0 0 10588 41711 0 0 0 0 0 245 0 0 0 14394 0 0 1859 
282 0 1 40 0 8785 180 3 0 0 12 3 11 0 0 2 33858 1 0 0 0 1351 878 800 15187 0 0 1 0 2 
5800 0 0 21 139 99 2 1 0 13600 223 0 19026 48983 0 0 0 9 4333 0 1351 0 3355 45946 0 57 0 0 0 12 
769 0 47671 14 0 7 0 0 0 167 2993 4 0 134 0 2630 12300 0 359 245 878 3355 0 20 4 2087 8 0 0 0 
4 0 97261 0 0 7 0 0 0 0 96 0 0 0 0 273 0 208 0 0 800 45946 20 0 54661 546 0 0 0 0 
100 1819 0 872 7896 0 78 0 0 0 47 2 11465 0 105 3 2998 0 0 0 15187 0 4 54661 0 0 2773 133 3991 400 
0 0 0 5 9 0 0 0 0 9580 0 217 2 72022 12716 1 0 62 24384 0 0 57 2087 546 0 0 436 2 4 0 
300 0 0 0 0 166 26578 3578 0 60795 0 0 0 4396 621 217 29594 801 0 14394 0 0 8 0 2773 436 0 0 15 16 
106 2453 0 0 306 0 229 0 0 4 0 2 16 9 1 0 0 12174 0 0 1 0 0 0 133 2 0 0 1545 0 
0 0 0 0 0 0 0 0 24945 23 0 91995 0 0 3193 0 0 714 0 0 0 0 0 0 3991 4 15 1545 0 20 
465 1 0 25 444 0 1 0 1 68 1 12714 0 0 305 0 0 0 0 1859 2 12 0 0 400 0 16 0 20 0 
0 3 0 92 4514 2 0 0 0 0 0 0 0 1 4 19 0 8126 2793 0 0 204 39263 297 391 78 0 43 0 1059 
3 0 0 0 4186 213 0 0 0 1489 701 1393 62 0 358 0 726 0 0 21 0 0 0 0 1222 7363 0 1 3 60 
0 0 0 0 27218 0 0 2257 3207 1 29752 6 0 41 1 0 0 0 16 11203 4052 0 642 166 5 0 0 5782 0 0 
92 0 0 0 3975 0 0 3 0 320 0 0 1 1 22714 0 0 500 0 0 0 0 10004 0 0 0 0 3 17821 7 
4514 4186 27218 3975 0 0 72805 0 0 6570 0 0 0 48741 1139 0 2 0 0 0 0 3487 7 0 87010 0 282 0 2 0 
2 213 0 0 0 0 2 0 47 222 0 0 19463 0 1057 4086 0 9132 1 86747 4451 244 449 10 0 0 0 0 0 442 
0 0 0 0 72805 2 0 44 0 490 0 41631 0 33 16323 0 44 7 0 0 0 58997 27310 25585 108 508 678 0 0 0 
0 0 2257 3 0 0 44 0 0 0 3 0 9 0 11 2 0 0 0 0 0 0 2 0 396 5840 12 0 0 44930 
0 0 3207 0 0 47 0 0 0 0 0 0 0 0 1889 0 0 18362 0 1 75655 0 27 3 6411 1976 0 41941 0 26965 
0 1489 1 320 6570 222 490 0 0 0 0 1 3 2 30 4 91 77752 490 1 0 3 0 76 39006 0 1 0 6987 0 
0 701 29752 0 0 0 0 3 0 0 0 13 65095 0 73781 65076 0 95 0 2563 60 0 1139 0 0 176 431 11936 0 0 
0 1393 6 0 0 0 41631 0 0 1 13 0 771 160 2 0 375 2 0 8066 231 7 6356 14436 0 0 0 0 14549 0 
0 62 0 1 0 19463 0 9 0 3 65095 771 0 708 14723 43683 1 0 194 15279 0 0 0 347 0 13482 45 33 0 0 
1 0 41 1 48741 0 33 0 0 2 0 160 708 0 30 1799 0 249 0 4 0 0 0 0 0 0 6049 0 3359 2 
4 358 1 22714 1139 1057 16323 11 1889 30 73781 2 14723 30 0 26146 0 0 1 0 1392 6297 0 159 0 6051 2 7871 357 0 
19 0 0 0 0 4086 0 2 0 4 65076 0 43683 1799 26146 0 0 7 1161 2 13181 151 2 26981 0 918 986 0 418 0 
0 726 0 0 2 0 44 0 0 91 0 375 1 0 0 0 0 46905 78454 630 0 24 49065 0 1000 4 336 0 0 0 
8126 0 0 500 0 9132 7 0 18362 77752 95 2 0 249 0 7 46905 0 454 94603 23 0 0 4723 173 0 2835 2479 23803 0 
2793 0 16 0 0 1 0 0 0 490 0 0 194 0 1 1161 78454 454 0 2492 2682 220 3 0 11 83 74888 151 0 0 
0 21 11203 0 0 86747 0 0 1 1 2563 8066 15279 4 0 2 630 94603 2492 0 2 0 0 2 33 225 0 34 1 0 
0 0 4052 0 0 4451 0 0 75655 0 60 231 0 0 1392 13181 0 23 2682 2 0 678 64 59 0 0 0 0 141 1 
204 0 0 0 3487 244 58997 0 0 3 0 7 0 0 6297 151 24 0 220 0 678 0 32 0 42 0 16192 0 51 183 
39263 0 642 10004 7 449 27310 2 27 0 1139 6356 0 0 0 2 49065 0 3 0 64 32 0 3 0 0 3 335 0 10 
297 0 166 0 0 10 25585 0 3 76 0 14436 347 0 159 26981 0 4723 0 2 59 0 3 0 0 2 97471 0 10 16458 
391 1222 5 0 87010 0 108 396 6411 39006 0 0 0 0 0 0 1000 173 11 33 0 42 0 0 0 0 4 0 0 2 
78 7363 0 0 0 0 508 5840 1976 0 176 0 13482 0 6051 918 4 0 83 225 0 0 0 2 0 0 0 0 0 588 
0 0 0 0 282 0 678 12 0 1 431 0 45 6049 2 986 336 2835 74888 0 0 16192 3 97471 4 0 0 0 17 0 
43 1 5782 3 0 0 0 0 41941 0 11936 0 33 0 7871 0 0 2479 151 34 0 0 335 0 0 0 0 0 0 0 
0 3 0 17821 2 0 0 0 0 6987 0 14549 0 3359 357 418 0 23803 0 1 141 51 0 10 0 0 17 0 0 4791 
1059 60 0 7 0 442 0 44930 26965 0 0 0 0 2 0 0 0 0 0 0 1 183 10 16458 2 588 0 0 4791 0 
