6 4
0 46 118 40 96 98 
46 0 88 10 53 127 
118 88 0 85 53 137 
40 10 85 0 56 117 
96 53 53 56 0 154 
98 127 137 117 154 0 
0 388 16987 0 1 14534 
388 0 0 1963 47 0 
16987 0 0 16 15616 0 
0 1963 16 0 0 0 
1 47 15616 0 0 19 
14534 0 0 0 19 0 
0 0 964 0 0 902 
0 0 4 0 0 14 
964 4 0 27 0 11 
0 0 27 0 0 15 
0 0 0 0 0 0 
902 14 11 15 0 0 
0 0 107 0 0 0 
0 0 87598 331 0 0 
107 87598 0 147 0 0 
0 331 147 0 45173 3 
0 0 0 45173 0 22 
0 0 0 3 22 0 
0 0 4017 0 0 1905 
0 0 2 0 12 0 
4017 2 0 0 0 1379 
0 0 0 0 164 0 
0 12 0 164 0 57 
1905 0 1379 0 57 0 
