20 3
0 59 64 103 62 95 95 48 90 88 90 112 64 139 74 53 26 148 87 89 
59 0 70 49 40 62 36 46 31 30 43 69 27 80 26 37 59 91 39 30 
64 70 0 118 33 51 89 98 88 95 64 73 48 126 97 33 87 124 64 86 
103 49 118 0 85 94 38 68 34 23 68 88 69 56 28 85 93 77 65 36 
62 40 33 85 0 33 56 78 55 62 34 51 15 94 66 8 77 96 33 53 
95 62 51 94 33 0 57 107 59 71 25 22 37 82 84 42 110 75 28 57 
95 36 89 38 56 57 0 77 6 17 31 50 41 44 39 58 95 55 29 6 
48 46 98 68 78 107 77 0 71 63 90 115 69 117 41 71 27 133 86 71 
90 31 88 34 55 59 6 71 0 12 34 55 39 49 33 57 89 61 31 2 
88 30 95 23 62 71 17 63 12 0 46 67 46 53 23 63 84 69 43 14 
90 43 64 68 34 25 31 90 34 46 0 25 25 61 61 41 99 61 3 32 
112 69 73 88 51 22 50 115 55 67 25 0 49 63 86 60 123 54 29 53 
64 27 48 69 15 37 41 69 39 46 25 49 0 81 52 17 74 86 23 37 
139 80 126 56 94 82 44 117 49 53 61 63 81 0 75 99 137 23 62 50 
74 26 97 28 66 84 39 41 33 23 61 86 52 75 0 64 65 92 58 34 
53 37 33 85 8 42 58 71 57 63 41 60 17 99 64 0 69 102 39 55 
26 59 87 93 77 110 95 27 89 84 99 123 74 137 65 69 0 150 95 88 
148 91 124 77 96 75 55 133 61 69 61 54 86 23 92 102 150 0 63 62 
87 39 64 65 33 28 29 86 31 43 3 29 23 62 58 39 95 63 0 29 
89 30 86 36 53 57 6 71 2 14 32 53 37 50 34 55 88 62 29 0 
0 0 4194 0 65 0 1299 0 0 0 0 146 0 0 0 1142 8454 0 22 0 
0 0 0 0 3453 615 0 5668 0 0 0 5201 276 1150 2663 863 28606 43347 0 1188 
4194 0 0 875 0 1 28 177 0 8416 499 35925 209 0 0 0 0 0 735 21744 
0 0 875 0 0 1 0 0 0 1 28987 0 0 926 0 1 7540 1473 90 2694 
65 3453 0 0 0 20374 1 48016 0 90 181 0 26 1 44873 18103 2358 0 454 252 
0 615 1 1 20374 0 32529 2 26228 9706 0 0 291 0 47 0 0 16 0 0 
1299 0 28 0 1 32529 0 0 0 0 0 18494 1594 167 0 317 0 471 42 197 
0 5668 177 0 48016 2 0 0 0 0 174 0 6936 70 0 82111 0 0 0 0 
0 0 0 0 0 26228 0 0 0 0 3 0 35 1 1 0 35 3389 10 0 
0 0 8416 1 90 9706 0 0 0 0 0 784 712 0 1728 0 0 0 0 0 
0 0 499 28987 181 0 0 174 3 0 0 0 9203 0 3 280 0 0 0 395 
146 5201 35925 0 0 0 18494 0 0 784 0 0 4 0 0 0 667 0 0 117 
0 276 209 0 26 291 1594 6936 35 712 9203 4 0 284 4373 2 84417 0 0 14 
0 1150 0 926 1 0 167 70 1 0 0 0 284 0 0 0 1 0 86 1363 
0 2663 0 0 44873 47 0 0 1 1728 3 0 4373 0 0 25 1512 97688 0 993 
1142 863 0 1 18103 0 317 82111 0 0 280 0 2 0 25 0 7 0 47 0 
8454 28606 0 7540 2358 0 0 0 35 0 0 667 84417 1 1512 7 0 54477 0 0 
0 43347 0 1473 0 16 471 0 3389 0 0 0 0 0 97688 0 54477 0 0 0 
22 0 735 90 454 0 42 0 10 0 0 0 0 86 0 47 0 0 0 59 
0 1188 21744 2694 252 0 197 0 0 0 395 117 14 1363 993 0 0 0 59 0 
0 11 0 0 0 1 0 66519 0 78182 3059 0 10809 78 6 0 0 18653 0 21112 
11 0 62 478 0 0 24549 0 539 7 418 0 0 0 0 0 0 0 1442 0 
0 62 0 0 4783 21 0 0 136 0 0 0 0 4 214 3 0 45 0 0 
0 478 0 0 12 2 2 20359 4570 0 0 38 1024 0 3462 0 0 0 0 0 
0 0 4783 12 0 0 0 0 0 0 0 10 0 11 0 0 0 0 0 0 
1 0 21 2 0 0 0 0 0 0 4 17494 0 3 0 37 1977 0 9328 19452 
0 24549 0 2 0 0 0 25 35 145 38 0 0 0 388 0 1331 0 0 0 
66519 0 0 20359 0 0 25 0 2 21705 0 25098 0 0 64 0 1 0 10873 9379 
0 539 136 4570 0 0 35 2 0 3 0 14810 0 1 3 1 0 0 0 27018 
78182 7 0 0 0 0 145 21705 3 0 0 0 0 1583 0 135 6000 26686 189 216 
3059 418 0 0 0 4 38 0 0 0 0 6699 0 119 6 0 0 1 5610 0 
0 0 0 38 10 17494 0 25098 14810 0 6699 0 0 38 21 15259 0 6641 82376 0 
10809 0 0 1024 0 0 0 0 0 0 0 0 0 0 0 5 0 27182 7056 0 
78 0 4 0 11 3 0 0 1 1583 119 38 0 0 153 186 0 415 0 0 
6 0 214 3462 0 0 388 64 3 0 6 21 0 153 0 0 0 0 10 0 
0 0 3 0 0 37 0 0 1 135 0 15259 5 186 0 0 0 861 0 310 
0 0 0 0 0 1977 1331 1 0 6000 0 0 0 0 0 0 0 0 54 81 
18653 0 45 0 0 0 0 0 0 26686 1 6641 27182 415 0 861 0 0 1 7 
0 1442 0 0 0 9328 0 10873 0 189 5610 82376 7056 0 10 0 54 1 0 0 
21112 0 0 0 0 19452 0 9379 27018 216 0 0 0 0 0 310 81 7 0 0 
0 76 0 78 0 7960 0 58168 2 303 32539 0 3448 1676 342 0 0 22142 0 1785 
76 0 4 4855 0 0 118 0 13593 3 7 0 0 0 0 0 0 0 25076 0 
0 4 0 0 3093 0 0 0 5 0 0 0 0 4 3 0 0 54 0 0 
78 4855 0 0 0 0 7 5824 70302 0 0 13 80 0 1391 1 0 0 0 0 
0 0 3093 0 0 0 0 0 9 0 0 0 0 145 0 0 0 630 0 0 
7960 0 0 0 0 0 0 8 0 0 12 32012 0 18 0 3112 447 0 51995 89 
0 118 0 7 0 0 0 138 217 505 519 0 0 0 843 0 7914 0 0 0 
58168 0 0 5824 0 8 138 0 0 878 0 9 0 5 241 0 151 0 25530 315 
2 13593 5 70302 9 0 217 0 0 562 0 1344 0 0 70 9 0 0 0 733 
303 3 0 0 0 0 505 878 562 0 9 0 0 556 0 223 1983 223 36 441 
32539 7 0 0 0 12 519 0 0 9 0 4 0 327 1 0 3533 8 65956 0 
0 0 0 13 0 32012 0 9 1344 0 4 0 2 10 106 18424 0 92925 10980 0 
3448 0 0 80 0 0 0 0 0 0 0 2 0 0 0 0 0 4207 1 0 
1676 0 4 0 145 18 0 5 0 556 327 10 0 0 0 4 1 761 0 0 
342 0 3 1391 0 0 843 241 70 0 1 106 0 0 0 0 0 0 3 0 
0 0 0 1 0 3112 0 0 9 223 0 18424 0 4 0 0 0 776 0 342 
0 0 0 0 0 447 7914 151 0 1983 3533 0 0 1 0 0 0 0 72 109 
22142 0 54 0 630 0 0 0 0 223 8 92925 4207 761 0 776 0 0 9 8 
0 25076 0 0 0 51995 0 25530 0 36 65956 10980 1 0 3 0 72 9 0 0 
1785 0 0 0 0 89 0 315 733 441 0 0 0 0 0 342 109 8 0 0 
