9 2
0 59 64 103 62 95 95 48 90 
59 0 70 49 40 62 36 46 31 
64 70 0 118 33 51 89 98 88 
103 49 118 0 85 94 38 68 34 
62 40 33 85 0 33 56 78 55 
95 62 51 94 33 0 57 107 59 
95 36 89 38 56 57 0 77 6 
48 46 98 68 78 107 77 0 71 
90 31 88 34 55 59 6 71 0 
0 81044 0 0 0 2 57545 749 1081 
81044 0 106 1 21 0 1 75163 14 
0 106 0 0 0 0 0 0 18 
0 1 0 0 0 0 3964 1016 0 
0 21 0 0 0 0 13697 0 0 
2 0 0 0 0 0 0 50 0 
57545 1 0 3964 13697 0 0 72154 14 
749 75163 0 1016 0 50 72154 0 39002 
1081 14 18 0 0 0 14 39002 0 
0 0 0 341 10 0 0 0 0 
0 0 0 0 0 12800 0 0 0 
0 0 0 2494 2 21156 1667 29163 0 
341 0 2494 0 113 0 0 0 71247 
10 0 2 113 0 82 0 2 1493 
0 12800 21156 0 82 0 3 0 7 
0 0 1667 0 0 3 0 0 0 
0 0 29163 0 2 0 0 0 0 
0 0 0 71247 1493 7 0 0 0 
