8 2
0 59 64 103 62 95 95 48 
59 0 70 49 40 62 36 46 
64 70 0 118 33 51 89 98 
103 49 118 0 85 94 38 68 
62 40 33 85 0 33 56 78 
95 62 51 94 33 0 57 107 
95 36 89 38 56 57 0 77 
48 46 98 68 78 107 77 0 
0 228 0 9 0 0 3 904 
228 0 81044 133 0 1568 10 0 
0 81044 0 0 0 68535 0 128 
9 133 0 0 9 73 0 8 
0 0 0 9 0 0 0 0 
0 1568 68535 73 0 0 8692 22 
3 10 0 0 0 8692 0 558 
904 0 128 8 0 22 558 0 
0 43 0 0 0 15344 24948 0 
43 0 0 5686 106 21 0 51364 
0 0 0 0 4415 0 84 0 
0 5686 0 0 76 9875 0 0 
0 106 4415 76 0 47 1899 0 
15344 21 0 9875 47 0 0 0 
24948 0 84 0 1899 0 0 405 
0 51364 0 0 0 0 405 0 
