5 3
0 46 118 40 96 
46 0 88 10 53 
118 88 0 85 53 
40 10 85 0 56 
96 53 53 56 0 
0 0 2 73994 1 
0 0 0 0 8830 
2 0 0 0 39921 
73994 0 0 0 0 
1 8830 39921 0 0 
0 7 0 6285 0 
7 0 0 0 0 
0 0 0 4 0 
6285 0 4 0 0 
0 0 0 0 0 
0 5729 0 16987 0 
5729 0 99803 268 2146 
0 99803 0 9821 0 
16987 268 9821 0 0 
0 2146 0 0 0 
