10 3
0 59 64 103 62 95 95 48 90 88 
59 0 70 49 40 62 36 46 31 30 
64 70 0 118 33 51 89 98 88 95 
103 49 118 0 85 94 38 68 34 23 
62 40 33 85 0 33 56 78 55 62 
95 62 51 94 33 0 57 107 59 71 
95 36 89 38 56 57 0 77 6 17 
48 46 98 68 78 107 77 0 71 63 
90 31 88 34 55 59 6 71 0 12 
88 30 95 23 62 71 17 63 12 0 
0 0 123 0 1711 0 23433 0 19293 0 
0 0 15344 2103 0 0 0 255 0 0 
123 15344 0 0 0 0 1016 0 65 107 
0 2103 0 0 26 57545 0 0 138 57 
1711 0 0 26 0 0 0 0 4 0 
0 0 0 57545 0 0 2 49 1785 0 
23433 0 1016 0 0 2 0 0 1230 4446 
0 255 0 0 0 49 0 0 0 1 
19293 0 65 138 4 1785 1230 0 0 27 
0 0 107 57 0 0 4446 1 27 0 
0 0 0 610 4879 0 749 0 0 0 
0 0 630 0 501 0 207 5516 237 0 
0 630 0 22 9117 0 0 16 755 773 
610 0 22 0 0 0 50 37293 0 0 
4879 501 9117 0 0 1518 0 0 0 2 
0 0 0 0 1518 0 678 0 232 21 
749 207 0 50 0 678 0 28 0 0 
0 5516 16 37293 0 0 28 0 0 1 
0 237 755 0 0 232 0 0 0 0 
0 0 773 0 2 21 0 1 0 0 
0 2879 0 0 0 0 11 39002 0 43 
2879 0 0 0 0 75 0 4 0 0 
0 0 0 0 155 0 0 0 0 0 
0 0 0 0 0 34 17135 7758 0 4 
0 0 155 0 0 0 1630 2238 63092 1 
0 75 0 34 0 0 780 0 4238 0 
11 0 0 17135 1630 780 0 264 0 0 
39002 4 0 7758 2238 0 264 0 23624 78 
0 0 0 0 63092 4238 0 23624 0 56479 
43 0 0 4 1 0 0 78 56479 0 
