20 2
0 59 64 103 62 95 95 48 90 88 90 112 64 139 74 53 26 148 87 89 
59 0 70 49 40 62 36 46 31 30 43 69 27 80 26 37 59 91 39 30 
64 70 0 118 33 51 89 98 88 95 64 73 48 126 97 33 87 124 64 86 
103 49 118 0 85 94 38 68 34 23 68 88 69 56 28 85 93 77 65 36 
62 40 33 85 0 33 56 78 55 62 34 51 15 94 66 8 77 96 33 53 
95 62 51 94 33 0 57 107 59 71 25 22 37 82 84 42 110 75 28 57 
95 36 89 38 56 57 0 77 6 17 31 50 41 44 39 58 95 55 29 6 
48 46 98 68 78 107 77 0 71 63 90 115 69 117 41 71 27 133 86 71 
90 31 88 34 55 59 6 71 0 12 34 55 39 49 33 57 89 61 31 2 
88 30 95 23 62 71 17 63 12 0 46 67 46 53 23 63 84 69 43 14 
90 43 64 68 34 25 31 90 34 46 0 25 25 61 61 41 99 61 3 32 
112 69 73 88 51 22 50 115 55 67 25 0 49 63 86 60 123 54 29 53 
64 27 48 69 15 37 41 69 39 46 25 49 0 81 52 17 74 86 23 37 
139 80 126 56 94 82 44 117 49 53 61 63 81 0 75 99 137 23 62 50 
74 26 97 28 66 84 39 41 33 23 61 86 52 75 0 64 65 92 58 34 
53 37 33 85 8 42 58 71 57 63 41 60 17 99 64 0 69 102 39 55 
26 59 87 93 77 110 95 27 89 84 99 123 74 137 65 69 0 150 95 88 
148 91 124 77 96 75 55 133 61 69 61 54 86 23 92 102 150 0 63 62 
87 39 64 65 33 28 29 86 31 43 3 29 23 62 58 39 95 63 0 29 
89 30 86 36 53 57 6 71 2 14 32 53 37 50 34 55 88 62 29 0 
0 0 0 243 0 1 48146 0 0 0 25818 582 3429 0 0 29639 0 4000 0 0 
0 0 0 5365 427 1 35188 22303 859 22550 10 472 0 0 0 1041 106 10 31643 40 
0 0 0 9 61474 460 15686 0 1051 4 4 0 2816 25770 1561 2288 92622 0 0 0 
243 5365 9 0 0 1248 0 0 1146 19114 637 22 0 0 10 9 40776 274 140 0 
0 427 61474 0 0 1 0 0 0 0 0 0 608 0 0 0 46 130 0 0 
1 1 460 1248 1 0 0 10 0 0 0 0 31 3150 35 859 0 0 301 0 
48146 35188 15686 0 0 0 0 0 1890 0 0 7 0 0 0 1170 5 0 85 479 
0 22303 0 0 0 10 0 0 62 0 0 624 59803 3609 4 0 42221 0 0 72569 
0 859 1051 1146 0 0 1890 62 0 20374 0 0 8 0 29994 6496 3892 0 1 5 
0 22550 4 19114 0 0 0 0 20374 0 0 21 0 0 0 0 0 80 2 0 
25818 10 4 637 0 0 0 0 0 0 0 123 0 278 0 7 0 8074 0 6505 
582 472 0 22 0 0 7 624 0 21 123 0 0 0 0 44341 0 4035 6 54255 
3429 0 2816 0 608 31 0 59803 8 0 0 0 0 0 0 2 897 32170 0 5738 
0 0 25770 0 0 3150 0 3609 0 0 278 0 0 0 851 0 77 0 66707 1375 
0 0 1561 10 0 35 0 4 29994 0 0 0 0 851 0 0 17973 67606 1 5446 
29639 1041 2288 9 0 859 1170 0 6496 0 7 44341 2 0 0 0 1603 0 25 0 
0 106 92622 40776 46 0 5 42221 3892 0 0 0 897 77 17973 1603 0 0 0 0 
4000 10 0 274 130 0 0 0 0 80 8074 4035 32170 0 67606 0 0 0 0 497 
0 31643 0 140 0 301 85 0 1 2 0 6 0 66707 1 25 0 0 0 25 
0 40 0 0 0 0 479 72569 5 0 6505 54255 5738 1375 5446 0 0 497 25 0 
0 0 0 43 0 3 36770 2 149 0 7084 832 13543 0 0 22741 1 912 0 0 
0 0 0 6066 61 0 233 452 2437 9127 17 7779 0 0 0 30870 19 13 32877 2203 
0 0 0 67 38597 2301 200 0 4579 26 1 0 238 301 9878 309 17588 0 0 0 
43 6066 67 0 0 2244 0 0 278 3481 9797 10 0 0 10 0 5195 1 499 6 
0 61 38597 0 0 7 0 0 0 0 0 0 33 0 0 0 256 89377 0 0 
3 0 2301 2244 7 0 3 20 0 0 0 0 3 6610 3 3025 0 0 199 0 
36770 233 200 0 0 3 0 0 549 0 0 0 41 0 1 606 1 0 358 140 
2 452 0 0 0 20 0 0 9 8 4 52 51359 5836 1 0 17731 1 0 59760 
149 2437 4579 278 0 0 549 9 0 11637 0 0 17 0 1006 4449 16129 0 0 0 
0 9127 26 3481 0 0 0 8 11637 0 0 125 0 0 0 7 0 139 0 0 
7084 17 1 9797 0 0 0 4 0 0 0 53 0 1380 0 138 0 217 0 4734 
832 7779 0 10 0 0 0 52 0 125 53 0 0 0 0 15311 0 2643 1235 88969 
13543 0 238 0 33 3 41 51359 17 0 0 0 0 0 0 34 1129 3261 0 1032 
0 0 301 0 0 6610 0 5836 0 0 1380 0 0 0 2962 0 0 0 4562 1900 
0 0 9878 10 0 3 1 1 1006 0 0 0 0 2962 0 0 56721 5391 0 5673 
22741 30870 309 0 0 3025 606 0 4449 7 138 15311 34 0 0 0 30622 0 3 0 
1 19 17588 5195 256 0 1 17731 16129 0 0 0 1129 0 56721 30622 0 0 0 0 
912 13 0 1 89377 0 0 1 0 139 217 2643 3261 0 5391 0 0 0 0 1326 
0 32877 0 499 0 199 358 0 0 0 0 1235 0 4562 0 3 0 0 0 33 
0 2203 0 6 0 0 140 59760 0 0 4734 88969 1032 1900 5673 0 0 1326 33 0 
