10 3
0 59 64 103 62 95 95 48 90 88 
59 0 70 49 40 62 36 46 31 30 
64 70 0 118 33 51 89 98 88 95 
103 49 118 0 85 94 38 68 34 23 
62 40 33 85 0 33 56 78 55 62 
95 62 51 94 33 0 57 107 59 71 
95 36 89 38 56 57 0 77 6 17 
48 46 98 68 78 107 77 0 71 63 
90 31 88 34 55 59 6 71 0 12 
88 30 95 23 62 71 17 63 12 0 
0 84 198 0 109 0 0 875 0 3453 
84 0 0 0 4 35 917 2 0 0 
198 0 0 3 19674 92839 0 0 0 0 
0 0 3 0 3 6061 11 439 3288 0 
109 4 19674 3 0 0 3 19283 140 0 
0 35 92839 6061 0 0 2 1052 1 7 
0 917 0 11 3 2 0 0 2076 0 
875 2 0 439 19283 1052 0 0 823 3 
0 0 0 3288 140 1 2076 823 0 0 
3453 0 0 0 0 7 0 3 0 0 
0 0 0 4 0 26 310 0 10393 0 
0 0 1010 12579 6 0 0 0 24841 4783 
0 1010 0 0 0 0 85 22829 261 12 
4 12579 0 0 0 0 0 0 0 11493 
0 6 0 0 0 228 3 0 0 19 
26 0 0 0 228 0 2 0 25 0 
310 0 85 0 3 2 0 518 0 3 
0 0 22829 0 0 0 518 0 0 0 
10393 24841 261 0 0 25 0 0 0 24 
0 4783 12 11493 19 0 3 0 24 0 
0 0 0 1 0 10 16776 0 43703 0 
0 0 1667 5921 0 0 0 0 210 3093 
0 1667 0 0 0 0 503 17338 466 0 
1 5921 0 0 0 0 0 0 0 823 
0 0 0 0 0 18 0 0 0 5492 
10 0 0 0 18 0 0 0 0 0 
16776 0 503 0 0 0 0 45607 0 851 
0 0 17338 0 0 0 45607 0 0 0 
43703 210 466 0 0 0 0 0 0 11 
0 3093 0 823 5492 0 851 0 11 0 
