15 3
0 59 64 103 62 95 95 48 90 88 90 112 64 139 74 
59 0 70 49 40 62 36 46 31 30 43 69 27 80 26 
64 70 0 118 33 51 89 98 88 95 64 73 48 126 97 
103 49 118 0 85 94 38 68 34 23 68 88 69 56 28 
62 40 33 85 0 33 56 78 55 62 34 51 15 94 66 
95 62 51 94 33 0 57 107 59 71 25 22 37 82 84 
95 36 89 38 56 57 0 77 6 17 31 50 41 44 39 
48 46 98 68 78 107 77 0 71 63 90 115 69 117 41 
90 31 88 34 55 59 6 71 0 12 34 55 39 49 33 
88 30 95 23 62 71 17 63 12 0 46 67 46 53 23 
90 43 64 68 34 25 31 90 34 46 0 25 25 61 61 
112 69 73 88 51 22 50 115 55 67 25 0 49 63 86 
64 27 48 69 15 37 41 69 39 46 25 49 0 81 52 
139 80 126 56 94 82 44 117 49 53 61 63 81 0 75 
74 26 97 28 66 84 39 41 33 23 61 86 52 75 0 
0 0 0 0 0 72154 0 1 0 106 0 285 0 0 117 
0 0 1 0 1518 23410 0 0 0 0 0 5234 2692 0 1861 
0 1 0 3940 0 0 0 0 32 1040 0 10831 0 7 58 
0 0 3940 0 28333 523 0 0 1 0 0 0 0 0 0 
0 1518 0 28333 0 0 0 31339 13 133 0 2599 0 39580 31527 
72154 23410 0 523 0 0 65 0 14634 36 0 6 0 3 0 
0 0 0 0 0 65 0 2 0 41 57 0 8695 82 9784 
1 0 0 0 31339 0 2 0 0 0 213 61 0 0 1 
0 0 32 1 13 14634 0 0 0 0 2 38597 2 3142 37901 
106 0 1040 0 133 36 41 0 0 0 0 7399 1 855 0 
0 0 0 0 0 0 57 213 2 0 0 0 0 983 6687 
285 5234 10831 0 2599 6 0 61 38597 7399 0 0 0 9 0 
0 2692 0 0 0 0 8695 0 2 1 0 0 0 12833 2522 
0 0 7 0 39580 3 82 0 3142 855 983 9 12833 0 1083 
117 1861 58 0 31527 0 9784 1 37901 0 6687 0 2522 1083 0 
0 4 0 0 34 0 1366 0 0 0 5 13526 11389 0 0 
4 0 0 16814 0 0 39 0 2 2845 14178 0 0 221 1 
0 0 0 0 3964 1081 19 0 0 0 0 0 7934 0 0 
0 16814 0 0 0 0 258 34 0 0 20428 20 0 0 460 
34 0 3964 0 0 71247 7 4 596 0 34617 0 9 13 0 
0 0 1081 0 71247 0 0 4 0 376 34428 0 42764 85705 486 
1366 39 19 258 7 0 0 0 28 0 0 6540 0 51760 0 
0 0 0 34 4 4 0 0 4935 152 0 4042 0 1837 0 
0 2 0 0 596 0 28 4935 0 12 511 0 23 21 0 
0 2845 0 0 0 376 0 152 12 0 0 1 0 0 1012 
5 14178 0 20428 34617 34428 0 0 511 0 0 121 21 20986 0 
13526 0 0 20 0 0 6540 4042 0 1 121 0 193 14711 28 
11389 0 7934 0 9 42764 0 0 23 0 21 193 0 73 0 
0 221 0 0 13 85705 51760 1837 21 0 20986 14711 73 0 755 
0 1 0 460 0 486 0 0 0 1012 0 28 0 755 0 
0 4415 341 7 0 780 4 0 1 0 232 0 2 145 130 
4415 0 0 30195 0 0 7 43 3551 9 0 0 60 21398 0 
341 0 0 0 37009 1186 83064 12052 9 0 1828 0 0 0 0 
7 30195 0 0 0 0 0 8105 0 3 900 0 4 418 113 
0 0 37009 0 0 22 12 0 0 0 35 0 3450 917 0 
780 0 1186 0 22 0 3 0 0 0 132 0 3 17 505 
4 7 83064 0 12 3 0 0 59181 0 0 30524 0 60759 1911 
0 43 12052 8105 0 0 0 0 64 1 0 0 36 11 0 
1 3551 9 0 0 0 59181 64 0 8 0 14 1 0 0 
0 9 0 3 0 0 0 1 8 0 0 0 0 206 61 
232 0 1828 900 35 132 0 0 0 0 0 562 0 0 0 
0 0 0 0 0 0 30524 0 14 0 562 0 65044 0 1946 
2 60 0 4 3450 3 0 36 1 0 0 65044 0 11 0 
145 21398 0 418 917 17 60759 11 0 206 0 0 11 0 0 
130 0 0 113 0 505 1911 0 0 61 0 1946 0 0 0 
