9 2
0 59 64 103 62 95 95 48 90 
59 0 70 49 40 62 36 46 31 
64 70 0 118 33 51 89 98 88 
103 49 118 0 85 94 38 68 34 
62 40 33 85 0 33 56 78 55 
95 62 51 94 33 0 57 107 59 
95 36 89 38 56 57 0 77 6 
48 46 98 68 78 107 77 0 71 
90 31 88 34 55 59 6 71 0 
0 0 110 0 749 0 0 189 9 
0 0 35898 0 0 0 60513 0 2 
110 35898 0 0 0 0 0 0 0 
0 0 0 0 0 0 1041 107 2845 
749 0 0 0 0 0 23624 0 14752 
0 0 0 0 0 0 57 0 3 
0 60513 0 1041 23624 57 0 243 0 
189 0 0 107 0 0 243 0 0 
9 2 0 2845 14752 3 0 0 0 
0 67715 0 32006 0 0 96875 0 0 
67715 0 0 3 2 96 0 5106 0 
0 0 0 0 109 4 15 132 3156 
32006 3 0 0 11281 3095 0 0 0 
0 2 109 11281 0 9885 0 63 0 
0 96 4 3095 9885 0 0 603 0 
96875 0 15 0 0 0 0 0 1892 
0 5106 132 0 63 603 0 0 1 
0 0 3156 0 0 0 1892 1 0 
