6 4
0 123 17 72 89 90 
123 0 116 51 121 48 
17 116 0 64 101 90 
72 51 64 0 97 39 
89 121 101 97 0 73 
90 48 90 39 73 0 
0 95 24573 0 0 267 
95 0 0 0 2 0 
24573 0 0 0 68 0 
0 0 0 0 0 7307 
0 2 68 0 0 0 
267 0 0 7307 0 0 
0 2519 0 0 0 2 
2519 0 0 0 0 0 
0 0 0 0 344 0 
0 0 0 0 9 0 
0 0 344 9 0 0 
2 0 0 0 0 0 
0 42326 0 0 0 1209 
42326 0 326 0 2191 0 
0 326 0 0 0 0 
0 0 0 0 5 7575 
0 2191 0 5 0 793 
1209 0 0 7575 793 0 
0 4271 0 1 0 0 
4271 0 727 0 0 0 
0 727 0 245 196 0 
1 0 245 0 43 0 
0 0 196 43 0 0 
0 0 0 0 0 0 
