30 2
0 46 118 40 96 98 46 64 2 33 36 47 55 9 108 78 35 54 61 95 45 105 61 79 70 72 108 28 39 45 
46 0 88 10 53 127 3 66 48 60 37 19 78 48 107 43 36 50 104 90 43 84 63 35 92 25 124 21 29 63 
118 88 0 85 53 137 85 71 120 144 83 106 102 125 70 117 84 138 148 59 75 25 72 92 105 80 111 92 78 92 
40 10 85 0 56 117 8 56 42 59 26 26 68 43 98 54 26 55 95 82 33 79 53 44 82 34 114 12 19 52 
96 53 53 56 0 154 51 82 98 112 71 66 108 100 106 67 71 96 146 90 69 65 81 42 118 33 138 68 62 93 
98 127 137 117 154 0 125 72 99 127 90 138 49 106 75 170 91 153 52 79 87 112 73 161 36 148 37 107 99 64 
46 3 85 8 51 125 0 63 48 61 34 22 76 49 104 46 34 53 103 87 40 81 60 36 90 26 122 20 27 60 
64 66 71 56 82 72 63 0 66 97 32 83 30 73 44 110 33 107 76 31 23 50 3 95 36 81 59 52 37 22 
2 48 120 42 98 99 48 66 0 32 38 48 56 7 110 78 37 54 61 97 47 107 63 81 71 74 110 30 42 47 
33 60 144 59 112 127 61 97 32 0 67 48 88 24 142 71 66 34 83 128 77 134 94 83 103 82 141 52 68 79 
36 37 83 26 71 90 34 32 38 67 0 51 41 44 77 80 1 75 74 61 10 68 29 70 55 58 88 20 9 26 
47 19 106 26 66 138 22 83 48 48 51 0 90 45 125 31 50 31 108 109 59 103 80 35 105 34 140 31 46 76 
55 78 102 68 108 49 76 30 56 88 41 90 0 63 62 121 41 107 46 54 39 80 29 112 15 99 53 58 50 15 
9 48 125 43 100 106 49 73 7 24 44 45 63 0 117 75 43 47 66 104 53 112 70 79 79 73 117 33 47 54 
108 107 70 98 106 75 104 44 110 142 77 125 62 117 0 149 78 152 105 17 67 45 48 131 55 116 42 96 80 64 
78 43 117 54 67 170 46 110 78 71 80 31 121 75 149 0 80 40 140 132 87 120 107 25 135 36 168 62 73 106 
35 36 84 26 71 91 34 33 37 66 1 50 41 43 78 80 0 74 74 62 11 69 30 70 55 58 89 19 9 26 
54 50 138 55 96 153 53 107 54 34 75 31 107 47 152 40 74 0 113 136 84 134 104 59 123 63 160 55 72 95 
61 104 148 95 146 52 103 76 61 83 74 108 46 66 105 140 74 113 0 100 77 126 75 139 50 129 81 83 83 56 
95 90 59 82 90 79 87 31 97 128 61 109 54 104 17 132 62 136 100 0 52 34 34 114 51 99 52 81 64 52 
45 43 75 33 69 87 40 23 47 77 10 59 39 53 67 87 11 84 77 52 0 59 20 74 51 61 81 29 13 24 
105 84 25 79 65 112 81 50 107 134 68 103 80 112 45 120 69 134 126 34 59 0 51 98 81 84 86 82 66 72 
61 63 72 53 81 73 60 3 63 94 29 80 29 70 48 107 30 104 75 34 20 51 0 93 37 79 61 49 34 20 
79 35 92 44 42 161 36 95 81 83 70 35 112 79 131 25 70 59 139 114 74 98 93 0 125 14 155 56 62 96 
70 92 105 82 118 36 90 36 71 103 55 105 15 79 55 135 55 123 50 51 51 81 37 125 0 112 38 73 63 29 
72 25 80 34 33 148 26 81 74 82 58 34 99 73 116 36 58 63 129 99 61 84 79 14 112 0 140 46 49 83 
108 124 111 114 138 37 122 59 110 141 88 140 53 117 42 168 89 160 81 52 81 86 61 155 38 140 0 108 95 65 
28 21 92 12 68 107 20 52 30 52 20 31 58 33 96 62 19 55 83 81 29 82 49 56 73 46 108 0 17 44 
39 29 78 19 62 99 27 37 42 68 9 46 50 47 80 73 9 72 83 64 13 66 34 62 63 49 95 17 0 34 
45 63 92 52 93 64 60 22 47 79 26 76 15 54 64 106 26 95 56 52 24 72 20 96 29 83 65 44 34 0 
0 0 104 16588 0 4 0 8 0 0 8 0 97 0 550 16675 1270 0 42343 529 0 0 46 0 0 274 110 31 0 7030 
0 0 23068 0 37 20406 1225 228 0 28536 0 19527 0 6291 10 0 0 0 58073 0 1 0 494 20430 0 0 0 0 0 0 
104 23068 0 2 0 0 4810 241 0 10 1 1 0 27 32253 72556 0 0 0 0 0 46306 0 13 1 9 82 41 0 23 
16588 0 2 0 0 44928 0 0 9 516 1 29 0 51718 0 151 11436 0 17663 0 388 0 8289 0 33749 0 0 0 10912 7784 
0 37 0 0 0 10 0 34 2928 0 6355 0 0 10632 4192 14 0 618 0 0 0 0 0 0 364 0 320 0 0 3 
4 20406 0 44928 10 0 0 0 8 279 23341 13 587 0 0 81 8 3 47 57 0 12434 0 0 0 0 100 0 3 2516 
0 1225 4810 0 0 0 0 23 18573 0 3018 0 7 0 0 5092 8 6 0 0 1163 2615 19 0 0 0 0 30205 20843 6 
8 228 241 0 34 0 23 0 7 1 8 14 357 0 0 14671 0 0 0 4896 0 0 0 6 0 0 0 1 0 19 
0 0 0 9 2928 8 18573 7 0 77742 14 0 44278 0 0 0 4266 0 1554 0 0 1 645 0 0 12 61353 0 223 0 
0 28536 10 516 0 279 0 1 77742 0 0 67 0 3962 0 56 0 1 548 0 0 0 2833 0 27 8 492 0 47742 25922 
8 0 1 1 6355 23341 3018 8 14 0 0 0 0 1711 0 0 1091 0 0 0 0 31993 823 5 0 2 82 0 45463 1 
0 19527 1 29 0 13 0 14 0 67 0 0 18 4 0 98273 0 0 0 0 0 0 6 0 0 0 0 18 0 0 
97 0 0 0 0 587 7 357 44278 0 0 18 0 26006 0 0 4 0 62 0 13497 404 71 0 0 0 7831 0 38 0 
0 6291 27 51718 10632 0 0 0 0 3962 1711 4 26006 0 28 137 0 67 0 4099 0 341 0 0 1 0 0 4 6637 0 
550 10 32253 0 4192 0 0 0 0 0 0 0 0 28 0 95589 10 1292 4 0 131 525 0 12479 3 0 0 0 9862 0 
16675 0 72556 151 14 81 5092 14671 0 56 0 98273 0 137 95589 0 0 0 0 0 324 5 0 2212 3 0 0 104 16 43775 
1270 0 0 11436 0 8 8 0 4266 0 1091 0 4 0 10 0 0 2516 426 13 0 0 0 2679 70 0 0 0 86 7 
0 0 0 0 618 3 6 0 0 1 0 0 0 67 1292 0 2516 0 30 18924 0 8 2796 0 0 0 4745 0 3575 0 
42343 58073 0 17663 0 47 0 0 1554 548 0 0 62 0 4 0 426 30 0 146 33571 0 2 16819 0 15395 2271 3151 0 0 
529 0 0 0 0 57 0 4896 0 0 0 0 0 4099 0 0 13 18924 146 0 0 71 0 0 0 40133 1095 422 0 7028 
0 1 0 388 0 0 1163 0 0 0 0 0 13497 0 131 324 0 0 33571 0 0 3056 0 144 0 2319 26747 0 0 0 
0 0 46306 0 0 12434 2615 0 1 0 31993 0 404 341 525 5 0 8 0 71 3056 0 0 9330 0 0 70 19 0 3050 
46 494 0 8289 0 0 19 0 645 2833 823 6 71 0 0 0 0 2796 2 0 0 0 0 9 0 66589 0 4576 0 1 
0 20430 13 0 0 0 0 6 0 0 5 0 0 0 12479 2212 2679 0 16819 0 144 9330 9 0 85418 2609 0 294 0 7 
0 0 1 33749 364 0 0 0 0 27 0 0 0 1 3 3 70 0 0 0 0 0 0 85418 0 0 63 0 650 4130 
274 0 9 0 0 0 0 0 12 8 2 0 0 0 0 0 0 0 15395 40133 2319 0 66589 2609 0 0 5 0 0 2480 
110 0 82 0 320 100 0 0 61353 492 82 0 7831 0 0 0 0 4745 2271 1095 26747 70 0 0 63 5 0 0 18 0 
31 0 41 0 0 0 30205 1 0 0 0 18 0 4 0 104 0 0 3151 422 0 19 4576 294 0 0 0 0 5864 3 
0 0 0 10912 0 3 20843 0 223 47742 45463 0 38 6637 9862 16 86 3575 0 0 0 0 0 0 650 0 18 5864 0 0 
7030 0 23 7784 3 2516 6 19 0 25922 1 0 0 0 0 43775 7 0 0 7028 0 3050 1 7 4130 2480 0 3 0 0 
0 9821 0 0 81 0 54 0 3 76657 0 15741 0 102 0 0 0 1990 0 0 4 91 0 20 1155 0 0 0 54333 0 
9821 0 0 13 0 0 0 0 1799 0 17789 0 489 0 0 2 1942 8872 0 83131 0 17397 0 0 12691 129 91460 41715 9984 11112 
0 0 0 0 3 91 0 0 21 0 0 0 27 0 0 0 45953 33 2 4923 47 0 57 0 0 0 0 0 87730 0 
0 13 0 0 2 0 8970 27 0 0 0 0 39 0 18213 0 0 1 0 51315 0 1189 0 8280 0 1982 40673 82 0 0 
81 0 3 2 0 0 1981 0 0 1459 0 136 8 0 0 0 1 0 5 44980 2605 11268 5 59 0 751 0 27124 115 0 
0 0 91 0 0 0 19 29174 0 0 0 0 0 4 4211 0 0 0 0 0 834 0 38343 3 2894 10403 0 7354 0 0 
54 0 0 8970 1981 19 0 0 0 16118 0 4 0 34998 43 0 0 0 25255 4459 0 0 0 376 73694 1575 16195 0 0 0 
0 0 0 27 0 29174 0 0 0 0 0 0 0 77 24559 0 5 1350 56704 0 6 31 36030 0 32505 2 4606 0 2 0 
3 1799 21 0 0 0 0 0 0 0 0 84937 0 3261 2147 34529 0 131 0 1434 1990 0 0 15 7 0 0 23 0 16938 
76657 0 0 0 1459 0 16118 0 0 0 61492 0 2 0 1 0 1483 0 0 43480 485 1 0 1136 0 0 0 7 0 0 
0 17789 0 0 0 0 0 0 0 61492 0 8603 257 0 45 57494 0 80767 1 3662 6 0 0 0 26 0 0 925 0 0 
15741 0 0 0 136 0 4 0 84937 0 8603 0 0 0 548 0 9344 2616 372 15 1100 23 0 83824 23 1 11 0 40 2935 
0 489 27 39 8 0 0 0 0 2 257 0 0 0 8601 4 0 44277 0 38087 0 0 0 7 129 43 0 88 0 40387 
102 0 0 0 0 4 34998 77 3261 0 0 0 0 0 0 0 8530 0 1419 0 4093 0 1199 20 0 174 289 0 0 38 
0 0 0 18213 0 4211 43 24559 2147 1 45 548 8601 0 0 0 0 0 0 72335 0 0 1935 0 0 90183 1 6086 0 8105 
0 2 0 0 0 0 0 0 34529 0 57494 0 4 0 0 0 9 480 5629 20 0 0 604 0 0 7 2 0 0 0 
0 1942 45953 0 1 0 0 5 0 1483 0 9344 0 8530 0 9 0 0 0 0 4882 22922 5 0 0 78 82 33673 0 0 
1990 8872 33 1 0 0 0 1350 131 0 80767 2616 44277 0 0 480 0 0 0 0 1418 0 0 31 18 28158 0 67529 0 7652 
0 0 2 0 5 0 25255 56704 0 0 1 372 0 1419 0 5629 0 0 0 0 0 2412 0 0 6834 0 0 0 104 45 
0 83131 4923 51315 44980 0 4459 0 1434 43480 3662 15 38087 0 72335 20 0 0 0 0 223 0 1 1 294 0 0 0 22545 0 
4 0 47 0 2605 834 0 6 1990 485 6 1100 0 4093 0 0 4882 1418 0 223 0 0 320 0 1 0 0 5093 3 127 
91 17397 0 1189 11268 0 0 31 0 1 0 23 0 0 0 0 22922 0 2412 0 0 0 1259 0 19 552 0 0 11070 0 
0 0 57 0 5 38343 0 36030 0 0 0 0 0 1199 1935 604 5 0 0 1 320 1259 0 0 334 0 2212 0 57 0 
20 0 0 8280 59 3 376 0 15 1136 0 83824 7 20 0 0 0 31 0 1 0 0 0 0 0 0 182 0 481 0 
1155 12691 0 0 0 2894 73694 32505 7 0 26 23 129 0 0 0 0 18 6834 294 1 19 334 0 0 2260 0 332 0 0 
0 129 0 1982 751 10403 1575 2 0 0 0 1 43 174 90183 7 78 28158 0 0 0 552 0 0 2260 0 0 4 1 0 
0 91460 0 40673 0 0 16195 4606 0 0 0 11 0 289 1 2 82 0 0 0 0 0 2212 182 0 0 0 4646 0 1852 
0 41715 0 82 27124 7354 0 0 23 7 925 0 88 0 6086 0 33673 67529 0 0 5093 0 0 0 332 4 4646 0 0 0 
54333 9984 87730 0 115 0 0 2 0 0 0 40 0 0 0 0 0 0 104 22545 3 11070 57 481 0 1 0 0 0 44980 
0 11112 0 0 0 0 0 0 16938 0 0 2935 40387 38 8105 0 0 7652 45 0 127 0 0 0 0 0 1852 0 44980 0 
