15 4
0 46 118 40 96 98 46 64 2 33 36 47 55 9 108 
46 0 88 10 53 127 3 66 48 60 37 19 78 48 107 
118 88 0 85 53 137 85 71 120 144 83 106 102 125 70 
40 10 85 0 56 117 8 56 42 59 26 26 68 43 98 
96 53 53 56 0 154 51 82 98 112 71 66 108 100 106 
98 127 137 117 154 0 125 72 99 127 90 138 49 106 75 
46 3 85 8 51 125 0 63 48 61 34 22 76 49 104 
64 66 71 56 82 72 63 0 66 97 32 83 30 73 44 
2 48 120 42 98 99 48 66 0 32 38 48 56 7 110 
33 60 144 59 112 127 61 97 32 0 67 48 88 24 142 
36 37 83 26 71 90 34 32 38 67 0 51 41 44 77 
47 19 106 26 66 138 22 83 48 48 51 0 90 45 125 
55 78 102 68 108 49 76 30 56 88 41 90 0 63 62 
9 48 125 43 100 106 49 73 7 24 44 45 63 0 117 
108 107 70 98 106 75 104 44 110 142 77 125 62 117 0 
0 8552 0 0 0 0 6 0 6414 0 0 0 0 0 0 
8552 0 0 0 0 9 0 18225 627 3 0 0 4 8 0 
0 0 0 0 832 0 393 0 492 289 0 61 1 0 0 
0 0 0 0 0 215 16 0 0 300 9738 3686 1 61 10 
0 0 832 0 0 236 1 0 0 0 15 49 26315 0 0 
0 9 0 215 236 0 1162 57 83 0 9334 0 0 0 177 
6 0 393 16 1 1162 0 14 7692 51087 443 12 17704 0 0 
0 18225 0 0 0 57 14 0 1 0 0 0 0 0 0 
6414 627 492 0 0 83 7692 1 0 28536 3164 0 0 1711 3 
0 3 289 300 0 0 51087 0 28536 0 1337 0 19 26006 28 
0 0 0 9738 15 9334 443 0 3164 1337 0 0 29 3 0 
0 0 61 3686 49 0 12 0 0 0 0 0 0 11 29 
0 4 1 1 26315 0 17704 0 0 19 29 0 0 0 128 
0 8 0 61 0 0 0 0 1711 26006 3 11 0 0 0 
0 0 0 10 0 177 0 0 3 28 0 29 128 0 0 
0 0 9821 11591 48 7 0 4848 0 1556 12 4415 346 16 12315 
0 0 13853 4 770 0 148 0 0 0 8475 3 0 0 20 
9821 13853 0 993 0 40 0 11310 0 0 11027 0 0 79 31939 
11591 4 993 0 2033 0 0 6 2 0 0 0 0 0 0 
48 770 0 2033 0 0 0 66 3893 60052 0 0 0 63 18213 
7 0 40 0 0 0 0 0 0 13842 0 2282 350 661 0 
0 148 0 0 0 0 0 0 0 0 0 0 0 4 24559 
4848 0 11310 6 66 0 0 0 0 20898 4891 235 27 9 3 
0 0 0 2 3893 0 0 0 0 0 0 2 7662 0 0 
1556 0 0 0 60052 13842 0 20898 0 0 0 1 0 0 0 
12 8475 11027 0 0 0 0 4891 0 0 0 2597 0 0 86 
4415 3 0 0 0 2282 0 235 2 1 2597 0 49201 0 0 
346 0 0 0 0 350 0 27 7662 0 0 49201 0 177 0 
16 0 79 0 63 661 4 9 0 0 0 0 177 0 33 
12315 20 31939 0 18213 0 24559 3 0 0 86 0 0 33 0 
0 0 5 1 2374 23606 0 761 0 42234 14 15 1069 71122 10 
0 0 1 1 9 0 173 0 0 0 17180 28427 0 0 50 
5 1 0 365 0 40336 0 3451 0 0 1686 0 0 5 32690 
1 1 365 0 116 0 0 32623 2 0 0 0 0 0 0 
2374 9 0 116 0 0 0 65197 2 2 0 0 0 13720 21696 
23606 0 40336 0 0 0 0 0 0 15897 0 2 5335 4333 0 
0 173 0 0 0 0 0 0 0 0 0 0 0 2 7 
761 0 3451 32623 65197 0 0 0 0 15 245 44190 2114 3261 45 
0 0 0 2 2 0 0 0 0 0 0 329 877 0 0 
42234 0 0 0 2 15897 0 15 0 0 0 1215 0 0 0 
14 17180 1686 0 0 0 0 245 0 0 0 13 0 0 2387 
15 28427 0 0 0 2 0 44190 329 1215 13 0 10 0 0 
1069 0 0 0 0 5335 0 2114 877 0 0 10 0 661 0 
71122 0 5 0 13720 4333 2 3261 0 0 0 0 661 0 18686 
10 50 32690 0 21696 0 7 45 0 0 2387 0 0 18686 0 
0 0 3 3263 12 9836 0 1 0 1 266 119 471 22272 17653 
0 0 795 79567 13 0 49 0 0 0 8062 2 0 0 790 
3 795 0 20816 0 558 0 3498 0 0 175 0 0 1163 52 
3263 79567 20816 0 142 0 0 41670 1 0 0 0 0 0 0 
12 13 0 142 0 0 0 17742 24939 6201 0 0 0 25083 33 
9836 0 558 0 0 0 0 0 0 3070 0 3 3127 2 0 
0 49 0 0 0 0 0 0 0 0 0 0 0 62 14 
1 0 3498 41670 17742 0 0 0 0 76657 6 327 11 1928 1 
0 0 0 1 24939 0 0 0 0 0 0 1154 5982 0 0 
1 0 0 0 6201 3070 0 76657 0 0 0 125 0 0 0 
266 8062 175 0 0 0 0 6 0 0 0 8603 0 0 33 
119 2 0 0 0 3 0 327 1154 125 8603 0 3 0 0 
471 0 0 0 0 3127 0 11 5982 0 0 3 0 8828 0 
22272 0 1163 0 25083 2 62 1928 0 0 0 0 8828 0 50 
17653 790 52 0 33 0 14 1 0 0 33 0 0 50 0 
