7 4
0 59 64 103 62 95 95 
59 0 70 49 40 62 36 
64 70 0 118 33 51 89 
103 49 118 0 85 94 38 
62 40 33 85 0 33 56 
95 62 51 94 33 0 57 
95 36 89 38 56 57 0 
0 3 0 0 0 0 1230 
3 0 0 75 0 378 0 
0 0 0 0 4440 0 1452 
0 75 0 0 523 0 4446 
0 0 4440 523 0 0 1 
0 378 0 0 0 0 27 
1230 0 1452 4446 1 27 0 
0 0 39 0 11 415 0 
0 0 10 0 8236 0 442 
39 10 0 1 0 19 0 
0 0 1 0 0 10885 0 
11 8236 0 0 0 5 0 
415 0 19 10885 5 0 0 
0 442 0 0 0 0 0 
0 0 421 14 76 2 0 
0 0 9 0 2679 0 7016 
421 9 0 3 0 83064 0 
14 0 3 0 0 73845 0 
76 2679 0 0 0 13364 0 
2 0 83064 73845 13364 0 0 
0 7016 0 0 0 0 0 
0 0 5 94001 504 9885 0 
0 0 3416 0 1 0 546 
5 3416 0 0 0 2 0 
94001 0 0 0 0 7818 0 
504 1 0 0 0 647 0 
9885 0 2 7818 647 0 0 
0 546 0 0 0 0 0 
