9 4
0 46 118 40 96 98 46 64 2 
46 0 88 10 53 127 3 66 48 
118 88 0 85 53 137 85 71 120 
40 10 85 0 56 117 8 56 42 
96 53 53 56 0 154 51 82 98 
98 127 137 117 154 0 125 72 99 
46 3 85 8 51 125 0 63 48 
64 66 71 56 82 72 63 0 66 
2 48 120 42 98 99 48 66 0 
0 39921 56 215 228 289 26175 13 0 
39921 0 0 13962 0 0 52 6042 2 
56 0 0 0 0 7027 0 23351 0 
215 13962 0 0 19933 3825 13 0 0 
228 0 0 19933 0 1630 740 0 10 
289 0 7027 3825 1630 0 28702 739 97 
26175 52 0 13 740 28702 0 0 0 
13 6042 23351 0 0 739 0 0 618 
0 2 0 0 10 97 0 618 0 
0 0 0 12 0 0 0 0 2 
0 0 0 0 3 1 3 0 8 
0 0 0 0 61 0 9 50905 5 
12 0 0 0 0 0 14 2 648 
0 3 61 0 0 0 0 14 8 
0 1 0 0 0 0 0 0 998 
0 3 9 14 0 0 0 1 27 
0 0 50905 2 14 0 1 0 1499 
2 8 5 648 8 998 27 1499 0 
0 0 14 0 0 0 56405 2 0 
0 0 0 20406 700 0 0 0 0 
14 0 0 3 1 4367 0 32253 333 
0 20406 3 0 0 1346 473 0 22 
0 700 1 0 0 1216 0 0 0 
0 0 4367 1346 1216 0 0 29 0 
56405 0 0 473 0 0 0 0 0 
2 0 32253 0 0 29 0 0 0 
0 0 333 22 0 0 0 0 0 
0 38747 0 0 15 3 0 37 320 
38747 0 5753 86911 30854 6590 0 0 0 
0 5753 0 0 18 2598 1 4707 1 
0 86911 0 0 32443 44 0 25 8530 
15 30854 18 32443 0 0 98 0 15 
3 6590 2598 44 0 0 26315 0 7 
0 0 1 0 98 26315 0 0 1 
37 0 4707 25 0 0 0 0 0 
320 0 1 8530 15 7 1 0 0 
