5 3
0 46 118 40 96 
46 0 88 10 53 
118 88 0 85 53 
40 10 85 0 56 
96 53 53 56 0 
0 0 3297 143 39589 
0 0 67 0 0 
3297 67 0 0 99608 
143 0 0 0 7 
39589 0 99608 7 0 
0 781 0 0 4490 
781 0 0 142 0 
0 0 0 2 0 
0 142 2 0 10507 
4490 0 0 10507 0 
0 1 0 23 0 
1 0 326 7 53 
0 326 0 8 10409 
23 7 8 0 5 
0 53 10409 5 0 
