6 4
0 59 64 103 62 95 
59 0 70 49 40 62 
64 70 0 118 33 51 
103 49 118 0 85 94 
62 40 33 85 0 33 
95 62 51 94 33 0 
0 0 134 0 0 0 
0 0 0 87694 0 0 
134 0 0 4 70 21 
0 87694 4 0 558 0 
0 0 70 558 0 3940 
0 0 21 0 3940 0 
0 0 1144 15344 1 1 
0 0 14 1385 51364 33 
1144 14 0 0 0 116 
15344 1385 0 0 405 7 
1 51364 0 405 0 26 
1 33 116 7 26 0 
0 0 0 630 904 0 
0 0 0 0 2103 23911 
0 0 0 0 22 1 
630 0 0 0 0 0 
904 2103 22 0 0 0 
0 23911 1 0 0 0 
0 25 0 0 0 110 
25 0 428 47 0 7074 
0 428 0 4 0 0 
0 47 4 0 0 9117 
0 0 0 0 0 0 
110 7074 0 9117 0 0 
