7 2
0 59 64 103 62 95 95 
59 0 70 49 40 62 36 
64 70 0 118 33 51 89 
103 49 118 0 85 94 38 
62 40 33 85 0 33 56 
95 62 51 94 33 0 57 
95 36 89 38 56 57 0 
0 7 0 730 5686 0 0 
7 0 10129 598 0 106 15344 
0 10129 0 0 0 4415 21 
730 598 0 0 14 76 0 
5686 0 0 14 0 0 9875 
0 106 4415 76 0 0 47 
0 15344 21 0 9875 47 0 
0 0 0 99832 0 0 0 
0 0 2775 24943 0 1213 630 
0 2775 0 0 0 0 87694 
99832 24943 0 0 0 0 0 
0 0 0 0 0 0 11 
0 1213 0 0 0 0 0 
0 630 87694 0 11 0 0 
