40 4
0 46 118 40 96 98 46 64 2 33 36 47 55 9 108 78 35 54 61 95 45 105 61 79 70 72 108 28 39 45 38 87 44 18 35 31 32 15 62 109 
46 0 88 10 53 127 3 66 48 60 37 19 78 48 107 43 36 50 104 90 43 84 63 35 92 25 124 21 29 63 42 51 30 53 36 49 49 33 99 116 
118 88 0 85 53 137 85 71 120 144 83 106 102 125 70 117 84 138 148 59 75 25 72 92 105 80 111 92 78 92 82 118 118 110 84 135 94 113 133 90 
40 10 85 0 56 117 8 56 42 59 26 26 68 43 98 54 26 55 95 82 33 79 53 44 82 34 114 12 19 52 32 61 35 44 26 50 39 29 89 107 
96 53 53 56 0 154 51 82 98 112 71 66 108 100 106 67 71 96 146 90 69 65 81 42 118 33 138 68 62 93 74 66 78 97 71 102 86 85 136 122 
98 127 137 117 154 0 125 72 99 127 90 138 49 106 75 170 91 153 52 79 87 112 73 161 36 148 37 107 99 64 85 178 140 81 91 129 77 111 38 58 
46 3 85 8 51 125 0 63 48 61 34 22 76 49 104 46 34 53 103 87 40 81 60 36 90 26 122 20 27 60 40 53 33 52 34 51 48 34 98 113 
64 66 71 56 82 72 63 0 66 97 32 83 30 73 44 110 33 107 76 31 23 50 3 95 36 81 59 52 37 22 27 116 89 48 33 92 32 67 61 50 
2 48 120 42 98 99 48 66 0 32 38 48 56 7 110 78 37 54 61 97 47 107 63 81 71 74 110 30 42 47 41 88 44 19 37 30 34 16 62 110 
33 60 144 59 112 127 61 97 32 0 67 48 88 24 142 71 66 34 83 128 77 134 94 83 103 82 141 52 68 79 71 81 38 51 66 10 65 31 89 143 
36 37 83 26 71 90 34 32 38 67 0 51 41 44 77 80 1 75 74 61 10 68 29 70 55 58 88 20 9 26 5 88 57 27 1 61 15 36 66 82 
47 19 106 26 66 138 22 83 48 48 51 0 90 45 125 31 50 31 108 109 59 103 80 35 105 34 140 31 46 76 57 41 12 59 50 37 61 32 107 133 
55 78 102 68 108 49 76 30 56 88 41 90 0 63 62 121 41 107 46 54 39 80 29 112 15 99 53 58 50 15 36 129 93 36 41 86 28 65 31 57 
9 48 125 43 100 106 49 73 7 24 44 45 63 0 117 75 43 47 66 104 53 112 70 79 79 73 117 33 47 54 47 85 40 27 43 23 41 14 69 118 
108 107 70 98 106 75 104 44 110 142 77 125 62 117 0 149 78 152 105 17 67 45 48 131 55 116 42 96 80 64 72 155 133 92 78 137 76 112 87 20 
78 43 117 54 67 170 46 110 78 71 80 31 121 75 149 0 80 40 140 132 87 120 107 25 135 36 168 62 73 106 86 10 35 91 80 61 92 63 138 160 
35 36 84 26 71 91 34 33 37 66 1 50 41 43 78 80 0 74 74 62 11 69 30 70 55 58 89 19 9 26 6 87 56 27 0 60 15 35 66 83 
54 50 138 55 96 153 53 107 54 34 75 31 107 47 152 40 74 0 113 136 84 134 104 59 123 63 160 55 72 95 80 50 20 72 74 26 80 42 117 157 
61 104 148 95 146 52 103 76 61 83 74 108 46 66 105 140 74 113 0 100 77 126 75 139 50 129 81 83 83 56 71 149 106 51 74 87 59 76 18 94 
95 90 59 82 90 79 87 31 97 128 61 109 54 104 17 132 62 136 100 0 52 34 34 114 51 99 52 81 64 52 57 138 117 79 62 123 63 98 83 32 
45 43 75 33 69 87 40 23 47 77 10 59 39 53 67 87 11 84 77 52 0 59 20 74 51 61 81 29 13 24 7 94 66 35 11 71 19 46 67 74 
105 84 25 79 65 112 81 50 107 134 68 103 80 112 45 120 69 134 126 34 59 0 51 98 81 84 86 82 66 72 66 123 114 93 69 127 77 102 111 65 
61 63 72 53 81 73 60 3 63 94 29 80 29 70 48 107 30 104 75 34 20 51 0 93 37 79 61 49 34 20 24 114 86 45 30 89 29 64 61 53 
79 35 92 44 42 161 36 95 81 83 70 35 112 79 131 25 70 59 139 114 74 98 93 0 125 14 155 56 62 96 75 25 45 88 70 72 84 65 134 143 
70 92 105 82 118 36 90 36 71 103 55 105 15 79 55 135 55 123 50 51 51 81 37 125 0 112 38 73 63 29 50 143 108 52 55 102 44 80 32 45 
72 25 80 34 33 148 26 81 74 82 58 34 99 73 116 36 58 63 129 99 61 84 79 14 112 0 140 46 49 83 63 39 45 78 58 71 72 59 123 129 
108 124 111 114 138 37 122 59 110 141 88 140 53 117 42 168 89 160 81 52 81 86 61 155 38 140 0 108 95 65 82 175 144 90 89 140 80 118 64 22 
28 21 92 12 68 107 20 52 30 52 20 31 58 33 96 62 19 55 83 81 29 82 49 56 73 46 108 0 17 44 25 70 37 32 19 44 30 20 78 102 
39 29 78 19 62 99 27 37 42 68 9 46 50 47 80 73 9 72 83 64 13 66 34 62 63 49 95 17 0 34 13 81 53 34 9 61 24 36 75 87 
45 63 92 52 93 64 60 22 47 79 26 76 15 54 64 106 26 95 56 52 24 72 20 96 29 83 65 44 34 0 20 114 79 28 26 76 15 53 43 63 
38 42 82 32 74 85 40 27 41 71 5 57 36 47 72 86 6 80 71 57 7 66 24 75 50 63 82 25 13 20 0 94 62 27 6 65 12 40 62 77 
87 51 118 61 66 178 53 116 88 81 88 41 129 85 155 10 87 50 149 138 94 123 114 25 143 39 175 70 81 114 94 0 45 100 87 71 100 72 148 166 
44 30 118 35 78 140 33 89 44 38 57 12 93 40 133 35 56 20 106 117 66 114 86 45 108 45 144 37 53 79 62 45 0 59 56 27 65 29 106 139 
18 53 110 44 97 81 52 48 19 51 27 59 36 27 92 91 27 72 51 79 35 93 45 88 52 78 90 32 34 28 27 100 59 0 27 50 17 30 47 91 
35 36 84 26 71 91 34 33 37 66 1 50 41 43 78 80 0 74 74 62 11 69 30 70 55 58 89 19 9 26 6 87 56 27 0 60 15 35 66 83 
31 49 135 50 102 129 51 92 30 10 61 37 86 23 137 61 60 26 87 123 71 127 89 72 102 71 140 44 61 76 65 71 27 50 60 0 62 25 92 140 
32 49 94 39 86 77 48 32 34 65 15 61 28 41 76 92 15 80 59 63 19 77 29 84 44 72 80 30 24 15 12 100 65 17 15 62 0 38 51 77 
15 33 113 29 85 111 34 67 16 31 36 32 65 14 112 63 35 42 76 98 46 102 64 65 80 59 118 20 36 53 40 72 29 30 35 25 38 0 76 116 
62 99 133 89 136 38 98 61 62 89 66 107 31 69 87 138 66 117 18 83 67 111 61 134 32 123 64 78 75 43 62 148 106 47 66 92 51 76 0 76 
109 116 90 107 122 58 113 50 110 143 82 133 57 118 20 160 83 157 94 32 74 65 53 143 45 129 22 102 87 63 77 166 139 91 83 140 77 116 76 0 
0 4 45760 2777 0 0 0 0 0 0 0 0 4681 0 131 0 19 0 0 0 6 0 699 234 0 7853 1660 0 0 0 20 2127 6 0 0 0 0 0 1 1330 
4 0 183 0 807 1608 49 0 2 17481 33 0 4 1475 38 28 0 1681 0 0 1 0 2 1762 0 57 0 0 11 0 0 0 7 0 13387 0 612 0 13660 16949 
45760 183 0 11 0 11 0 1 37 19240 0 53171 0 1 0 0 13375 0 0 0 0 0 0 1238 0 0 0 0 0 0 0 9 23 21835 3135 0 112 0 2 0 
2777 0 11 0 0 0 0 0 0 0 0 934 0 42 0 0 0 0 0 0 0 0 0 0 1580 1 3422 2276 997 2 0 0 0 829 1 1756 0 2 144 0 
0 807 0 0 0 8 29047 1178 29673 22842 1938 0 0 0 4 0 2 435 0 857 0 1 1140 2667 0 0 349 0 0 360 0 40619 0 462 45 0 0 2 3710 0 
0 1608 11 0 8 0 1 5 326 0 0 0 8 0 0 0 0 29 9678 0 1 0 0 1 0 3 0 714 3153 15 4 0 0 97786 0 0 27923 0 16 0 
0 49 0 0 29047 1 0 0 7 10478 0 0 0 0 10046 2369 210 9129 0 0 20582 0 7 0 1302 0 0 0 0 0 61360 2 48091 0 0 1106 5 23024 0 4415 
0 0 1 0 1178 5 0 0 1 2977 0 0 0 39103 162 0 0 0 0 0 0 6040 0 0 0 15755 2945 1 0 0 0 0 0 17 0 26 962 0 0 0 
0 2 37 0 29673 326 7 1 0 0 266 0 2 779 0 0 40 362 0 7 5190 36 44 0 0 0 15356 65284 1 5 0 0 257 51326 0 0 30394 0 3 9664 
0 17481 19240 0 22842 0 10478 2977 0 0 116 0 87660 34 10682 346 0 56232 75203 442 0 0 0 240 0 0 0 6397 0 408 158 0 6 0 0 3 0 14154 0 1770 
0 33 0 0 1938 0 0 0 266 116 0 556 29 0 0 6 492 89 0 786 44004 23247 556 62 15510 28 67 0 0 0 14545 0 0 0 22748 1609 0 729 55274 0 
0 0 53171 934 0 0 0 0 0 0 556 0 37369 8280 0 82841 0 54371 0 910 0 0 4362 0 6292 22 3925 0 0 0 14652 3 16773 99442 71 1468 0 0 0 0 
4681 4 0 0 0 8 0 0 2 87660 29 37369 0 0 0 44199 16100 0 93 0 2162 0 28805 0 882 0 0 0 0 1 1113 711 0 4552 0 3 830 0 1796 1 
0 1475 1 42 0 0 0 39103 779 34 0 8280 0 0 0 759 128 0 15 0 0 721 0 0 0 0 0 643 3718 35 13 83023 40 4178 0 0 13122 0 0 27 
131 38 0 0 4 0 10046 162 0 10682 0 0 0 0 0 37244 1565 11680 5 29 1 2876 0 0 15439 0 0 82 1 27444 4 481 69 50 0 285 275 0 3342 19 
0 28 0 0 0 0 2369 0 0 346 6 82841 44199 759 37244 0 0 71 31933 20857 0 0 1071 0 1146 0 6557 0 77 0 0 0 0 0 0 787 0 8786 2996 800 
19 0 13375 0 2 0 210 0 40 0 492 0 16100 128 1565 0 0 0 0 3344 21051 32 2819 206 476 2110 0 0 0 2 5034 7 0 24 0 0 81 1029 8106 358 
0 1681 0 0 435 29 9129 0 362 56232 89 54371 0 0 11680 71 0 0 0 0 0 1 3626 0 0 0 7 2328 0 7142 0 0 0 73309 10 0 887 0 0 0 
0 0 0 0 0 9678 0 0 0 75203 0 0 93 15 5 31933 0 0 0 448 203 0 331 1458 0 4 212 0 0 4691 0 0 0 32950 0 0 0 10668 75857 0 
0 0 0 0 857 0 0 0 7 442 786 910 0 0 29 20857 3344 0 448 0 67071 12718 0 770 0 0 0 1 24542 0 7740 54072 0 181 0 153 7 0 3392 0 
6 1 0 0 0 1 20582 0 5190 0 44004 0 2162 0 1 0 21051 0 203 67071 0 22851 6 0 0 90044 281 0 32091 0 1 16 2234 5065 91157 455 0 21 0 6 
0 0 0 0 1 0 0 6040 36 0 23247 0 0 721 2876 0 32 1 0 12718 22851 0 0 2 0 0 0 1821 0 1 0 75 4307 0 53 0 0 13 0 0 
699 2 0 0 1140 0 7 0 44 0 556 4362 28805 0 0 1071 2819 3626 331 0 6 0 0 0 685 0 1417 0 21 52929 0 12 8 0 0 0 0 563 21 24 
234 1762 1238 0 2667 1 0 0 0 240 62 0 0 0 0 0 206 0 1458 770 0 2 0 0 6398 62 0 0 2462 21251 0 53 0 1 0 24802 0 45 70027 0 
0 0 0 1580 0 0 1302 0 0 0 15510 6292 882 0 15439 1146 476 0 0 0 0 0 685 6398 0 0 58062 0 0 0 0 0 0 0 63 8 0 1 4268 0 
7853 57 0 1 0 3 0 15755 0 0 28 22 0 0 0 0 2110 0 4 0 90044 0 0 62 0 0 9180 321 95 0 0 66677 0 0 0 0 0 2 60774 33 
1660 0 0 3422 349 0 0 2945 15356 0 67 3925 0 0 0 6557 0 7 212 0 281 0 1417 0 58062 9180 0 119 60 10877 0 12 11 0 5 31142 0 1993 0 0 
0 0 0 2276 0 714 0 1 65284 6397 0 0 0 643 82 0 0 2328 0 1 0 1821 0 0 0 321 119 0 0 0 0 16 12 0 33 0 0 0 13553 23043 
0 11 0 997 0 3153 0 0 1 0 0 0 0 3718 1 77 0 0 0 24542 32091 0 21 2462 0 95 60 0 0 0 0 0 0 0 3994 0 7 4704 0 0 
0 0 0 2 360 15 0 0 5 408 0 0 1 35 27444 0 2 7142 4691 0 0 1 52929 21251 0 0 10877 0 0 0 0 0 121 68107 0 3 1042 249 2518 0 
20 0 0 0 0 4 61360 0 0 158 14545 14652 1113 13 4 0 5034 0 0 7740 1 0 0 0 0 0 0 0 0 0 0 0 4 0 4606 34 0 4 0 0 
2127 0 9 0 40619 0 2 0 0 0 0 3 711 83023 481 0 7 0 0 54072 16 75 12 53 0 66677 12 16 0 0 0 0 6605 871 0 88064 0 0 25237 16222 
6 7 23 0 0 0 48091 0 257 6 0 16773 0 40 69 0 0 0 0 0 2234 4307 8 0 0 0 11 12 0 121 4 6605 0 0 3622 1949 46951 0 0 0 
0 0 21835 829 462 97786 0 17 51326 0 0 99442 4552 4178 50 0 24 73309 32950 181 5065 0 0 1 0 0 0 0 0 68107 0 871 0 0 0 11816 0 16421 0 1 
0 13387 3135 1 45 0 0 0 0 0 22748 71 0 0 0 0 0 10 0 0 91157 53 0 0 63 0 5 33 3994 0 4606 0 3622 0 0 1 0 389 0 0 
0 0 0 1756 0 0 1106 26 0 3 1609 1468 3 0 285 787 0 0 0 153 455 0 0 24802 8 0 31142 0 0 3 34 88064 1949 11816 1 0 2 0 0 3 
0 612 112 0 0 27923 5 962 30394 0 0 0 830 13122 275 0 81 887 0 7 0 0 0 0 0 0 0 0 7 1042 0 0 46951 0 0 2 0 4 4438 3076 
0 0 0 2 2 0 23024 0 0 14154 729 0 0 0 0 8786 1029 0 10668 0 21 13 563 45 1 2 1993 0 4704 249 4 0 0 16421 389 0 4 0 47 0 
1 13660 2 144 3710 16 0 0 3 0 55274 0 1796 0 3342 2996 8106 0 75857 3392 0 0 21 70027 4268 60774 0 13553 0 2518 0 25237 0 0 0 0 4438 47 0 12 
1330 16949 0 0 0 0 4415 0 9664 1770 0 0 1 27 19 800 358 0 0 0 6 0 24 0 0 33 0 23043 0 0 0 16222 0 1 0 3 3076 0 12 0 
0 0 0 0 1 53675 78251 0 75 1984 8 2254 0 31 0 0 0 0 13809 17203 0 2609 0 0 9 0 0 9 8 1 0 0 1 3186 1 1 3219 1379 0 0 
0 0 0 7369 0 0 0 7 0 0 0 30 0 0 0 0 0 0 4 1001 6 61335 0 0 14706 0 2549 2055 1 1 18539 29 1 0 0 1773 0 12405 0 0 
0 0 0 0 9854 0 241 20 0 0 18 0 149 2 2550 297 0 198 1 303 0 1224 11227 0 5672 12 2 1556 0 306 906 0 0 0 0 0 0 14362 1 52 
0 7369 0 0 5 155 1 7536 1183 9878 87352 0 26 0 15 28 8 65 74 15 6125 11 3 57 0 0 0 0 0 532 2332 148 12 0 109 0 717 0 0 0 
1 0 9854 5 0 0 0 0 0 0 0 6 211 13 0 2531 1 0 58299 0 7330 0 0 0 9 814 0 4351 758 0 51137 0 34637 0 0 66 1 0 0 11971 
53675 0 0 155 0 0 5 0 0 78 41 4271 0 15453 107 41326 83 1 0 307 0 721 77 6 9141 1 14967 0 0 1 0 20 16629 0 229 206 0 519 3 20716 
78251 0 241 1 0 5 0 997 0 0 13 22 13 24 0 0 0 0 11007 80 0 9 0 13659 0 1 234 16386 4042 12 0 0 0 7725 11561 0 23 0 131 0 
0 7 20 7536 0 0 997 0 0 0 3836 60102 2186 0 0 50774 32 41 49096 58022 421 0 1 0 669 0 0 0 538 2 44 11817 2 0 570 0 0 2951 36 227 
75 0 0 1183 0 0 0 0 0 623 0 70 0 0 1800 31 0 0 9 0 0 1 0 5076 9829 93 0 0 17 0 56392 918 0 0 0 1119 0 73 0 0 
1984 0 0 9878 0 78 0 0 623 0 0 6 0 0 0 0 0 0 0 0 651 35 73 0 0 221 33879 0 808 0 0 90 0 6 1264 0 1979 0 0 0 
8 0 18 87352 0 41 13 3836 0 0 0 0 0 513 9 0 0 0 58634 0 0 0 0 0 0 0 0 1586 0 8877 0 1472 578 139 0 0 6 0 0 108 
2254 30 0 0 6 4271 22 60102 70 6 0 0 0 0 40134 0 172 0 499 0 130 454 0 8 0 0 0 88 410 2 0 0 0 0 0 0 23980 85 299 1408 
0 0 149 26 211 0 13 2186 0 0 0 0 0 696 17087 0 0 2467 0 8978 0 1930 0 0 0 726 149 1182 1009 2 0 0 222 0 22 0 0 4298 0 3 
31 0 2 0 13 15453 24 0 0 0 513 0 696 0 930 0 0 0 0 244 786 0 32145 1439 18062 1385 21703 0 0 0 0 0 0 0 77 15 0 1043 56 0 
0 0 2550 15 0 107 0 0 1800 0 9 40134 17087 930 0 0 0 0 0 0 3 0 2757 129 0 13 58 0 0 0 0 0 0 0 6034 0 0 1 0 0 
0 0 297 28 2531 41326 0 50774 31 0 0 0 0 0 0 0 1689 0 0 0 1 113 0 0 0 2 0 19179 0 53128 66 50 390 17187 217 0 1 0 0 0 
0 0 0 8 1 83 0 32 0 0 0 172 0 0 0 1689 0 4 509 0 0 0 0 0 0 0 260 5016 538 0 0 0 30 0 17 238 0 0 0 0 
0 0 198 65 0 1 0 41 0 0 0 0 2467 0 0 0 4 0 1001 248 2 0 0 1731 29131 30221 8 0 17 0 0 71 10 0 0 6 0 7 9031 3640 
13809 4 1 74 58299 0 11007 49096 9 0 58634 499 0 0 0 0 509 1001 0 0 0 10244 0 0 76343 0 0 1050 39 0 0 6 377 0 3606 5960 304 0 0 5154 
17203 1001 303 15 0 307 80 58022 0 0 0 0 8978 244 0 0 0 248 0 0 0 0 805 0 19 5 722 0 0 25564 0 0 4 0 49136 0 0 2 0 4429 
0 6 0 6125 7330 0 0 421 0 651 0 130 0 786 3 1 0 2 0 0 0 0 0 9038 0 0 0 63864 0 45 1 0 0 0 0 0 3225 0 1008 0 
2609 61335 1224 11 0 721 9 0 1 35 0 454 1930 0 0 113 0 0 10244 0 0 0 146 0 150 33 2 0 11 0 673 0 0 1285 0 2 221 7 621 1456 
0 0 11227 3 0 77 0 1 0 73 0 0 0 32145 2757 0 0 0 0 805 0 146 0 27 0 54987 0 3390 0 0 2401 0 0 8 26 37747 53 0 0 0 
0 0 0 57 0 6 13659 0 5076 0 0 8 0 1439 129 0 0 1731 0 0 9038 0 27 0 0 0 2403 3716 0 0 1751 0 5761 1 1871 0 2 0 0 0 
9 14706 5672 0 9 9141 0 669 9829 0 0 0 0 18062 0 0 0 29131 76343 19 0 150 0 0 0 784 0 27 1 49769 22 2 3 1933 0 12 0 0 0 31191 
0 0 12 0 814 1 1 0 93 221 0 0 726 1385 13 2 0 30221 0 5 0 33 54987 0 784 0 0 0 0 43 14688 0 20703 2113 437 98801 3119 0 0 0 
0 2549 2 0 0 14967 234 0 0 33879 0 0 149 21703 58 0 260 8 0 722 0 2 0 2403 0 0 0 0 0 0 66 1 0 14 1 0 103 0 10082 0 
9 2055 1556 0 4351 0 16386 0 0 0 1586 88 1182 0 0 19179 5016 0 1050 0 63864 0 3390 3716 27 0 0 0 642 14 3 0 0 4 0 20248 0 4 0 0 
8 1 0 0 758 0 4042 538 17 808 0 410 1009 0 0 0 538 17 39 0 0 11 0 0 1 0 0 642 0 627 6 20742 1338 36104 0 32337 15 0 12509 0 
1 1 306 532 0 1 12 2 0 0 8877 2 2 0 0 53128 0 0 0 25564 45 0 0 0 49769 43 0 14 627 0 1328 435 0 0 2224 0 0 0 0 25545 
0 18539 906 2332 51137 0 0 44 56392 0 0 0 0 0 0 66 0 0 0 0 1 673 2401 1751 22 14688 66 3 6 1328 0 32329 0 10850 0 0 4 1 4083 59449 
0 29 0 148 0 20 0 11817 918 90 1472 0 0 0 0 50 0 71 6 0 0 0 0 0 2 0 1 0 20742 435 32329 0 0 0 2 0 405 33273 0 0 
1 1 0 12 34637 16629 0 2 0 0 578 0 222 0 0 390 30 10 377 4 0 0 0 5761 3 20703 0 0 1338 0 0 0 0 2067 0 0 0 6415 13474 6 
3186 0 0 0 0 0 7725 0 0 6 139 0 0 0 0 17187 0 0 0 0 0 1285 8 1 1933 2113 14 4 36104 0 10850 0 2067 0 79 0 8 0 1 23 
1 0 0 109 0 229 11561 570 0 1264 0 0 22 77 6034 217 17 0 3606 49136 0 0 26 1871 0 437 1 0 0 2224 0 2 0 79 0 0 27 0 33 179 
1 1773 0 0 66 206 0 0 1119 0 0 0 0 15 0 0 238 6 5960 0 0 2 37747 0 12 98801 0 20248 32337 0 0 0 0 0 0 0 382 2399 6275 0 
3219 0 0 717 1 0 23 0 0 1979 6 23980 0 0 0 1 0 0 304 0 3225 221 53 2 0 3119 103 0 15 0 4 405 0 8 27 382 0 0 0 0 
1379 12405 14362 0 0 519 0 2951 73 0 0 85 4298 1043 1 0 0 7 0 2 0 7 0 0 0 0 0 4 0 0 1 33273 6415 0 0 2399 0 0 0 37 
0 0 1 0 0 3 131 36 0 0 0 299 0 56 0 0 0 9031 0 0 1008 621 0 0 0 0 10082 0 12509 0 4083 0 13474 1 33 6275 0 0 0 0 
0 0 52 0 11971 20716 0 227 0 0 108 1408 3 0 0 0 0 3640 5154 4429 0 1456 0 0 31191 0 0 0 0 25545 59449 0 6 23 179 0 0 37 0 0 
0 0 0 0 2963 24189 2768 4 24447 11311 0 1721 0 47 0 0 0 86 5353 2549 0 28383 0 0 7 0 0 2 18 0 0 0 0 272 0 15 476 4508 42 0 
0 0 0 6303 0 0 0 77 0 0 0 59 1 0 0 0 94 0 95 32459 0 903 1 0 9492 0 295 70 0 14 37025 3 2 120 0 4780 0 26025 0 0 
0 0 0 2 93715 0 44 5 0 0 150 0 774 12 656 35 0 292 0 46 7 14652 13394 0 20547 218 44 887 0 766 66 0 0 0 0 273 0 56619 0 6 
0 6303 2 0 0 14 8 84151 450 3639 54817 0 0 0 2 301 0 401 56 59 982 1 814 4355 0 0 0 0 0 0 2121 26 10 0 0 0 2239 62 0 5 
2963 0 93715 0 0 0 0 0 0 0 0 113 0 34 4 166 0 0 69793 0 2786 0 0 0 301 114 0 646 28252 0 9163 0 159 0 0 74 1 0 0 51706 
24189 0 0 14 0 0 6 0 0 0 216 88 1 31 59 37724 1 7 0 382 10 0 84 4 8099 3 83 0 0 0 5 27 59000 0 13638 189 0 6 0 4470 
2768 0 44 8 0 6 0 1404 4 0 2136 461 0 16434 0 0 0 0 1468 606 0 0 2 120 0 4 189 14805 44796 0 0 0 0 3460 23616 0 0 0 6 0 
4 77 5 84151 0 0 1404 0 0 0 54009 6418 2585 0 0 6016 14 184 7554 229 678 0 133 24283 93887 0 0 0 317 25 45 456 7 0 192 0 0 2357 8 332 
24447 0 0 450 0 0 4 0 0 408 0 143 0 0 4405 2459 0 0 11 0 0 0 0 26543 20802 125 0 0 0 0 416 97410 0 0 305 6516 0 10 1 0 
11311 0 0 3639 0 0 0 0 408 0 0 1 0 0 0 0 341 0 0 0 424 0 28 0 5 6 11547 0 2 0 0 2852 0 0 42633 2 12817 0 2081 0 
0 0 150 54817 0 216 2136 54009 0 0 0 0 0 35 86 0 0 0 24187 0 0 0 0 0 0 0 0 22 0 11073 0 1229 2477 17148 0 0 32 0 0 7 
1721 59 0 0 113 88 461 6418 143 1 0 0 0 0 46962 0 0 0 0 0 10337 7282 0 8 0 0 0 202 4 11 0 0 0 0 0 0 15300 8 6333 457 
0 1 774 0 0 1 0 2585 0 0 0 0 0 6 9349 0 0 10935 0 955 0 485 0 7 0 146 13 212 857 0 0 0 3952 0 0 0 0 11530 0 0 
47 0 12 0 34 31 16434 0 0 0 35 0 6 0 1 0 0 97 3 158 40536 0 17493 4 1827 5968 30051 0 0 0 0 0 0 0 35789 2 0 399 48430 2 
0 0 656 2 4 59 0 0 4405 0 86 46962 9349 1 0 0 0 0 0 0 0 0 9570 0 0 36 0 0 0 0 0 0 0 0 20452 0 0 21 0 0 
0 0 35 301 166 37724 0 6016 2459 0 0 0 0 0 0 0 112 0 0 0 198 78 0 0 0 6 0 43530 0 1683 23 254 322 402 25 0 0 0 0 0 
0 94 0 0 0 1 0 14 0 341 0 0 0 0 0 112 0 2 614 0 0 0 0 0 0 0 630 25336 3822 0 0 0 4834 0 5 4079 0 0 0 0 
86 0 292 401 0 7 0 184 0 0 0 0 10935 97 0 0 2 0 24 3183 1908 0 0 313 12269 11113 0 0 25 0 105 81921 2 0 0 0 0 95 3395 2951 
5353 95 0 56 69793 0 1468 7554 11 0 24187 0 0 3 0 0 614 24 0 0 0 22039 0 0 1653 0 0 1431 96 0 29 7087 64584 0 48 50330 195 0 0 36966 
2549 32459 46 59 0 382 606 229 0 0 0 0 955 158 0 0 0 3183 0 0 0 0 6230 0 14 38 43970 0 0 671 0 0 8 0 21489 0 0 4 0 74 
0 0 7 982 2786 10 0 678 0 424 0 10337 0 40536 0 198 0 1908 0 0 0 0 0 14532 0 0 0 873 0 19 1 0 0 0 0 0 962 0 3279 0 
28383 903 14652 1 0 0 0 0 0 0 0 7282 485 0 0 78 0 0 22039 0 0 0 1531 0 26 2 14 0 47 1 913 0 0 407 0 0 1686 0 34 15 
0 1 13394 814 0 84 2 133 0 28 0 0 0 17493 9570 0 0 0 0 6230 0 1531 0 105 0 79173 0 2036 0 0 21425 0 0 39 759 93 8978 0 0 0 
0 0 0 4355 0 4 120 24283 26543 0 0 8 7 4 0 0 0 313 0 0 14532 0 105 0 0 0 10287 384 0 0 3517 0 11 0 30395 0 95 0 0 0 
7 9492 20547 0 301 8099 0 93887 20802 5 0 0 0 1827 0 0 0 12269 1653 14 0 26 0 0 0 912 0 7 18 5432 23 0 62 9 0 2 19 0 0 20724 
0 0 218 0 114 3 4 0 125 6 0 0 146 5968 36 6 0 11113 0 38 0 2 79173 0 912 0 0 0 0 0 2652 0 5387 50 685 10349 11620 0 0 0 
0 295 44 0 0 83 189 0 0 11547 0 0 13 30051 0 0 630 0 0 43970 0 14 0 10287 0 0 0 0 0 0 99 0 0 11 0 0 647 0 5471 0 
2 70 887 0 646 0 14805 0 0 0 22 202 212 0 0 43530 25336 0 1431 0 873 0 2036 384 7 0 0 0 1228 9 132 0 0 2 0 7134 3 271 0 0 
18 0 0 0 28252 0 44796 317 0 2 0 4 857 0 0 0 3822 25 96 0 0 47 0 0 18 0 0 1228 0 1 1 18117 27 11105 0 38 0 0 71074 4 
0 14 766 0 0 0 0 25 0 0 11073 11 0 0 0 1683 0 0 0 671 19 1 0 0 5432 0 0 9 1 0 438 436 0 0 133 1 0 0 0 0 
0 37025 66 2121 9163 5 0 45 416 0 0 0 0 0 0 23 0 105 29 0 1 913 21425 3517 23 2652 99 132 1 438 0 25080 0 27947 0 0 14 1 1982 22614 
0 3 0 26 0 27 0 456 97410 2852 1229 0 0 0 0 254 0 81921 7087 0 0 0 0 0 0 0 0 0 18117 436 25080 0 0 0 168 0 3 2708 0 0 
0 2 0 10 159 59000 0 7 0 0 2477 0 3952 0 0 322 4834 2 64584 8 0 0 0 11 62 5387 0 0 27 0 0 0 0 817 0 0 0 3915 50076 3 
272 120 0 0 0 0 3460 0 0 0 17148 0 0 0 0 402 0 0 0 0 0 407 39 0 9 50 11 2 11105 0 27947 0 817 0 0 0 108 0 10 0 
0 0 0 0 0 13638 23616 192 305 42633 0 0 0 35789 20452 25 5 0 48 21489 0 0 759 30395 0 685 0 0 0 133 0 168 0 0 0 0 23 0 997 1 
15 4780 273 0 74 189 0 0 6516 2 0 0 0 2 0 0 4079 0 50330 0 0 0 93 0 2 10349 0 7134 38 1 0 0 0 0 0 0 1 7496 64564 3 
476 0 0 2239 1 0 0 0 0 12817 32 15300 0 0 0 0 0 0 195 0 962 1686 8978 95 19 11620 647 3 0 0 14 3 0 108 23 1 0 1 0 0 
4508 26025 56619 62 0 6 0 2357 10 0 0 8 11530 399 21 0 0 95 0 4 0 0 0 0 0 0 0 271 0 0 1 2708 3915 0 0 7496 1 0 0 5 
42 0 0 0 0 0 6 8 1 2081 0 6333 0 48430 0 0 0 3395 0 0 3279 34 0 0 0 0 5471 0 71074 0 1982 0 50076 10 997 64564 0 0 0 0 
0 0 6 5 51706 4470 0 332 0 0 7 457 0 2 0 0 0 2951 36966 74 0 15 0 0 20724 0 0 0 4 0 22614 0 3 0 1 3 0 5 0 0 
0 0 0 0 281 36564 154 5 9 42378 0 16 0 16 0 31 0 0 9843 68545 0 31166 0 0 6 0 0 9 5 31 0 0 0 39 82 3 5849 262 21 0 
0 0 0 1062 0 0 0 0 0 0 0 0 0 0 0 0 92 0 4952 31679 0 81475 1 0 33157 0 3054 16 1 9 69 18 0 0 0 11 0 8709 0 0 
0 0 0 0 88876 0 203 0 0 0 5 0 76 0 81 40915 0 222 0 16 0 24602 4 0 4169 2 2 45 4 68 536 32 0 0 0 8 0 21469 6 32 
0 1062 0 0 65 7 0 51359 19313 58668 3955 0 0 0 35 0 25 12 4 14 7413 0 134 992 0 15 0 0 0 0 4049 312 63 0 43 0 5689 0 0 6 
281 0 88876 65 0 0 0 0 0 0 0 307 8 0 181 7350 0 0 60534 0 579 0 0 0 339 162 0 5672 34232 0 10442 0 52258 0 0 160 0 0 0 15500 
36564 0 0 7 0 0 16 2 0 3405 15 3621 0 18 177 11224 114 0 0 0 0 568 248 1 27 0 1685 0 0 0 0 8 8011 0 43465 169 0 229 0 1125 
154 0 203 0 0 16 0 19 0 0 1779 283 13 268 0 0 0 0 4515 205 0 2 1 66 0 135 2563 8567 16705 19 0 0 0 43744 9327 0 4 0 6 0 
5 0 0 51359 0 2 19 0 0 0 10335 58994 132 0 0 30501 0 14 8758 1038 3836 0 26 15 18139 0 0 1 1 6 21 30233 80 0 431 0 0 8872 19 25 
9 0 0 19313 0 0 0 0 0 2043 0 6 0 0 17464 7 0 0 40 1 0 0 0 32 2890 23 0 0 0 0 383 1099 0 0 68 2838 0 48 5 0 
42378 0 0 58668 0 3405 0 0 2043 0 0 14 0 0 0 0 104 0 0 0 1151 3 0 0 55 354 4687 0 8 0 0 880 0 12 49 0 4684 0 13396 0 
0 0 5 3955 0 15 1779 10335 0 0 0 0 0 3205 258 0 0 0 1991 0 0 0 0 0 0 0 0 1166 0 26243 0 120 7319 316 0 0 2795 0 0 9 
16 0 0 0 307 3621 283 58994 6 14 0 0 0 0 1675 0 0 0 1096 0 280 6194 0 9 0 0 0 2435 3 18 0 0 0 0 0 0 474 157 2046 10160 
0 0 76 0 8 0 13 132 0 0 0 0 0 5 54790 0 0 17574 0 7535 0 820 0 0 0 5574 1014 37 2723 10 0 0 16869 0 826 7 0 56372 0 2 
16 0 0 0 0 18 268 0 0 0 3205 0 5 0 70 0 0 0 0 628 104 0 357 21938 17 1563 31267 0 0 0 0 0 0 0 3974 0 0 14144 1381 0 
0 0 81 35 181 177 0 0 17464 0 258 1675 54790 70 0 0 0 0 4 0 0 0 12816 343 0 1 14 0 0 0 0 0 0 4 2927 0 0 0 0 0 
31 0 40915 0 7350 11224 0 30501 7 0 0 0 0 0 0 0 7072 0 0 0 4 581 0 678 0 3 0 19673 0 11062 3 0 0 62399 0 0 2 0 0 0 
0 92 0 25 0 114 0 0 0 104 0 0 0 0 0 7072 0 0 4 0 0 0 0 0 0 0 2793 18836 266 0 0 0 226 0 38 444 0 0 0 0 
0 0 222 12 0 0 0 14 0 0 0 0 17574 0 0 0 0 0 12 15601 15 1 0 139 1771 5665 0 0 68 0 648 1544 1 0 0 0 0 257 4096 6870 
9843 4952 0 4 60534 0 4515 8758 40 0 1991 1096 0 0 4 0 4 12 0 0 0 12118 0 0 31791 1 0 1334 324 0 156 2509 298 0 56984 5341 9 0 0 27748 
68545 31679 16 14 0 0 205 1038 1 0 0 0 7535 628 0 0 0 15601 0 0 0 0 24 0 107 372 56672 22 0 127 0 0 0 0 2199 0 0 141 0 8 
0 0 0 7413 579 0 0 3836 0 1151 0 280 0 104 0 4 0 15 0 0 0 0 0 3329 32 0 0 927 0 281 4 0 0 0 0 0 30694 0 22639 0 
31166 81475 24602 0 0 568 2 0 0 3 0 6194 820 0 0 581 0 1 12118 0 0 0 17 1 1 5 0 0 50 0 193 0 0 31 0 148 2209 0 270 73 
0 1 4 134 0 248 1 26 0 0 0 0 0 357 12816 0 0 0 0 24 0 17 0 32203 0 49479 0 31680 0 0 14736 0 0 238 1 10666 2781 0 0 0 
0 0 0 992 0 1 66 15 32 0 0 9 0 21938 343 678 0 139 0 0 3329 1 32203 0 0 0 58435 2593 0 0 33 0 15 1 6148 0 88 0 0 4 
6 33157 4169 0 339 27 0 18139 2890 55 0 0 0 17 0 0 0 1771 31791 107 32 1 0 0 0 706 0 74 5 12920 0 8 350 797 0 0 0 4 0 28386 
0 0 2 15 162 0 135 0 23 354 0 0 5574 1563 1 3 0 5665 1 372 0 5 49479 0 706 0 0 0 0 0 4935 0 95342 1673 2532 8290 51172 0 0 0 
0 3054 2 0 0 1685 2563 0 0 4687 0 0 1014 31267 14 0 2793 0 0 56672 0 0 0 58435 0 0 0 0 0 0 84 0 0 479 0 0 164 0 3907 9 
9 16 45 0 5672 0 8567 1 0 0 1166 2435 37 0 0 19673 18836 0 1334 22 927 0 31680 2593 74 0 0 0 2392 14444 1557 0 2 41 0 1615 0 0 0 0 
5 1 4 0 34232 0 16705 1 0 8 0 3 2723 0 0 0 266 68 324 0 0 50 0 0 5 0 0 2392 0 87 0 2685 961 11455 0 724 0 0 11939 0 
31 9 68 0 0 0 19 6 0 0 26243 18 10 0 0 11062 0 0 0 127 281 0 0 0 12920 0 0 14444 87 0 1941 24 0 0 45298 3 0 0 0 659 
0 69 536 4049 10442 0 0 21 383 0 0 0 0 0 0 3 0 648 156 0 4 193 14736 33 0 4935 84 1557 0 1941 0 136 0 36629 0 0 2273 0 32913 10630 
0 18 32 312 0 8 0 30233 1099 880 120 0 0 0 0 0 0 1544 2509 0 0 0 0 0 8 0 0 0 2685 24 136 0 0 0 0 0 111 17178 0 0 
0 0 0 63 52258 8011 0 80 0 0 7319 0 16869 0 0 0 226 1 298 0 0 0 0 15 350 95342 0 2 961 0 0 0 0 634 0 0 0 1343 33896 1 
39 0 0 0 0 0 43744 0 0 12 316 0 0 0 4 62399 0 0 0 0 0 31 238 1 797 1673 479 41 11455 0 36629 0 634 0 27 0 826 0 0 0 
82 0 0 43 0 43465 9327 431 68 49 0 0 826 3974 2927 0 38 0 56984 2199 0 0 1 6148 0 2532 0 0 0 45298 0 0 0 27 0 3 1 0 0 124 
3 11 8 0 160 169 0 0 2838 0 0 0 7 0 0 0 444 0 5341 0 0 148 10666 0 0 8290 0 1615 724 3 0 0 0 0 3 0 0 28699 1753 0 
5849 0 0 5689 0 0 4 0 0 4684 2795 474 0 0 0 2 0 0 9 0 30694 2209 2781 88 0 51172 164 0 0 0 2273 111 0 826 1 0 0 0 0 0 
262 8709 21469 0 0 229 0 8872 48 0 0 157 56372 14144 0 0 0 257 0 141 0 0 0 0 4 0 0 0 0 0 0 17178 1343 0 0 28699 0 0 0 113 
21 0 6 0 0 0 6 19 5 13396 0 2046 0 1381 0 0 0 4096 0 0 22639 270 0 0 0 0 3907 0 11939 0 32913 0 33896 0 0 1753 0 0 0 0 
0 0 32 6 15500 1125 0 25 0 0 9 10160 2 0 0 0 0 6870 27748 8 0 73 0 4 28386 0 9 0 0 659 10630 0 1 0 124 0 0 113 0 0 
