7 4
0 59 64 103 62 95 95 
59 0 70 49 40 62 36 
64 70 0 118 33 51 89 
103 49 118 0 85 94 38 
62 40 33 85 0 33 56 
95 62 51 94 33 0 57 
95 36 89 38 56 57 0 
0 0 0 14634 3633 917 875 
0 0 0 64894 63 11578 801 
0 0 0 289 1555 8497 62143 
14634 64894 289 0 0 1248 406 
3633 63 1555 0 0 25 0 
917 11578 8497 1248 25 0 0 
875 801 62143 406 0 0 0 
0 0 4 35024 285 855 197 
0 0 0 6066 805 14711 8 
4 0 0 2845 121 1861 467 
35024 6066 2845 0 0 2244 25 
285 805 121 0 0 0 0 
855 14711 1861 2244 0 0 59 
197 8 467 25 0 59 0 
0 0 0 1222 1075 206 210 
0 0 0 2215 4042 12833 178 
0 0 0 1040 2692 9326 30232 
1222 2215 1040 0 0 3312 100 
1075 4042 2692 0 0 0 0 
206 12833 9326 3312 0 0 0 
210 178 30232 100 0 0 0 
0 0 0 5365 10831 20986 498 
0 0 0 28536 1 203 11 
0 0 0 4194 60 2301 9878 
5365 28536 4194 0 0 1083 212 
10831 1 60 0 0 4 0 
20986 203 2301 1083 4 0 0 
498 11 9878 212 0 0 0 
