6 4
0 46 118 40 96 98 
46 0 88 10 53 127 
118 88 0 85 53 137 
40 10 85 0 56 117 
96 53 53 56 0 154 
98 127 137 117 154 0 
0 0 0 147 1279 39 
0 0 4333 15616 23 1630 
0 4333 0 17 0 18486 
147 15616 17 0 9 61 
1279 23 0 9 0 0 
39 1630 18486 61 0 0 
0 0 106 37 17364 80 
0 0 6734 24364 91 4236 
106 6734 0 44 0 46768 
37 24364 44 0 0 4917 
17364 91 0 0 0 13 
80 4236 46768 4917 13 0 
0 0 0 118 8511 279 
0 0 1509 4538 2 718 
0 1509 0 0 0 3164 
118 4538 0 0 60 3 
8511 2 0 60 0 9 
279 718 3164 3 9 0 
0 0 1 12 9520 44 
0 0 16588 24670 151 650 
1 16588 0 1 0 628 
12 24670 1 0 122 29 
9520 151 0 122 0 3 
44 650 628 29 3 0 
