20 4
0 59 64 103 62 95 95 48 90 88 90 112 64 139 74 53 26 148 87 89 
59 0 70 49 40 62 36 46 31 30 43 69 27 80 26 37 59 91 39 30 
64 70 0 118 33 51 89 98 88 95 64 73 48 126 97 33 87 124 64 86 
103 49 118 0 85 94 38 68 34 23 68 88 69 56 28 85 93 77 65 36 
62 40 33 85 0 33 56 78 55 62 34 51 15 94 66 8 77 96 33 53 
95 62 51 94 33 0 57 107 59 71 25 22 37 82 84 42 110 75 28 57 
95 36 89 38 56 57 0 77 6 17 31 50 41 44 39 58 95 55 29 6 
48 46 98 68 78 107 77 0 71 63 90 115 69 117 41 71 27 133 86 71 
90 31 88 34 55 59 6 71 0 12 34 55 39 49 33 57 89 61 31 2 
88 30 95 23 62 71 17 63 12 0 46 67 46 53 23 63 84 69 43 14 
90 43 64 68 34 25 31 90 34 46 0 25 25 61 61 41 99 61 3 32 
112 69 73 88 51 22 50 115 55 67 25 0 49 63 86 60 123 54 29 53 
64 27 48 69 15 37 41 69 39 46 25 49 0 81 52 17 74 86 23 37 
139 80 126 56 94 82 44 117 49 53 61 63 81 0 75 99 137 23 62 50 
74 26 97 28 66 84 39 41 33 23 61 86 52 75 0 64 65 92 58 34 
53 37 33 85 8 42 58 71 57 63 41 60 17 99 64 0 69 102 39 55 
26 59 87 93 77 110 95 27 89 84 99 123 74 137 65 69 0 150 95 88 
148 91 124 77 96 75 55 133 61 69 61 54 86 23 92 102 150 0 63 62 
87 39 64 65 33 28 29 86 31 43 3 29 23 62 58 39 95 63 0 29 
89 30 86 36 53 57 6 71 2 14 32 53 37 50 34 55 88 62 29 0 
0 0 3964 21328 0 5 2062 0 392 111 0 22 0 61 0 0 10 0 11 0 
0 0 0 258 32 0 0 4 0 0 0 0 0 148 42922 2397 0 0 0 0 
3964 0 0 0 76 1828 7934 8497 210 333 0 0 2 1425 12707 0 0 23 0 0 
21328 258 0 0 0 8 0 0 801 17 6 0 0 0 30 0 0 0 0 1751 
0 32 76 0 0 34428 42764 0 6846 1 8888 73336 0 8525 76 0 123 5254 0 0 
5 0 1828 8 34428 0 0 2301 0 14553 0 14326 0 62 61 0 0 43300 0 1 
2062 0 7934 0 42764 0 0 146 80 0 958 31 2 0 81 383 0 80 125 18454 
0 4 8497 0 0 2301 146 0 6 0 0 34 0 0 139 0 0 5949 1 882 
392 0 210 801 6846 0 80 6 0 0 0 0 0 0 1480 0 25 0 0 2 
111 0 333 17 1 14553 0 0 0 0 2 0 681 0 100 1529 99122 0 34310 99296 
0 0 0 6 8888 0 958 0 0 2 0 73 0 3 17 0 6879 10944 37 36 
22 0 0 0 73336 14326 31 34 0 0 73 0 0 0 9 35 16 91972 1 0 
0 0 2 0 0 0 2 0 0 681 0 0 0 0 0 0 7508 81 1993 0 
61 148 1425 0 8525 62 0 0 0 0 3 0 0 0 14731 2 18 3 0 0 
0 42922 12707 30 76 61 81 139 1480 100 17 9 0 14731 0 0 2 206 506 0 
0 2397 0 0 0 0 383 0 0 1529 0 35 0 2 0 0 12 13 1 0 
10 0 0 0 123 0 0 0 25 99122 6879 16 7508 18 2 12 0 44 75337 0 
0 0 23 0 5254 43300 80 5949 0 0 10944 91972 81 3 206 13 44 0 34636 0 
11 0 0 0 0 0 125 1 0 34310 37 1 1993 0 506 1 75337 34636 0 399 
0 0 0 1751 0 1 18454 882 2 99296 36 0 0 0 0 0 0 0 399 0 
0 7811 0 10930 1 0 5 0 0 3 7 0 7736 0 2499 765 0 27148 0 2 
7811 0 3 0 0 6 359 0 0 1161 3242 3192 6337 0 0 0 1 8455 0 568 
0 3 0 41131 0 84 0 71 0 0 62 20 0 0 3 232 0 500 28 4700 
10930 0 41131 0 39 11983 9 68 8 0 0 29238 49 0 0 90 2272 13009 28 0 
1 0 0 39 0 0 0 460 0 0 495 0 23 0 0 2 0 0 1 1 
0 6 84 11983 0 0 0 0 132 8 11 0 0 350 0 0 84 0 11530 0 
5 359 0 9 0 0 0 0 21314 16 0 0 1236 32367 0 0 1 12015 0 0 
0 0 71 68 460 0 0 0 0 3 18789 832 39 3 6 0 1 0 0 0 
0 0 0 8 0 132 21314 0 0 196 12 16858 5 13067 0 6297 0 66 0 0 
3 1161 0 0 0 8 16 3 196 0 0 7398 0 0 0 0 0 1862 50 0 
7 3242 62 0 495 11 0 18789 12 0 0 0 6370 0 0 5 139 0 0 0 
0 3192 20 29238 0 0 0 832 16858 7398 0 0 72 1 0 0 0 0 0 0 
7736 6337 0 49 23 0 1236 39 5 0 6370 72 0 395 2 39331 0 478 12 0 
0 0 0 0 0 350 32367 3 13067 0 0 1 395 0 0 0 0 0 11 0 
2499 0 3 0 0 0 0 6 0 0 0 0 2 0 0 31952 0 0 2 0 
765 0 232 90 2 0 0 0 6297 0 5 0 39331 0 31952 0 0 0 0 6610 
0 1 0 2272 0 84 1 1 0 0 139 0 0 0 0 0 0 0 34 0 
27148 8455 500 13009 0 0 12015 0 66 1862 0 0 478 0 0 0 0 0 0 120 
0 0 28 28 1 11530 0 0 0 50 0 0 12 11 2 0 34 0 0 0 
2 568 4700 0 1 0 0 0 0 0 0 0 0 0 0 6610 0 120 0 0 
0 3590 0 68996 0 17310 0 3 0 0 0 0 51 0 104 3 0 13 156 0 
3590 0 158 0 9 0 60 11 0 94635 6125 2 34 0 0 0 22 96 0 6 
0 158 0 3 0 0 0 130 0 57 21454 1 0 615 0 6561 289 0 25 1 
68996 0 3 0 20 35 3450 617 0 0 0 32 0 17491 0 48523 2234 1500 2295 0 
0 9 0 20 0 4 0 113 8517 0 1 0 57050 0 51 1425 47987 0 5023 3030 
17310 0 0 35 4 0 12049 0 70685 0 7 0 14 0 0 5729 276 0 7 0 
0 60 0 3450 0 12049 0 0 0 220 0 0 0 4805 0 0 38523 1 0 0 
3 11 130 617 113 0 0 0 0 1436 165 7 722 0 0 1455 1 321 0 0 
0 0 0 0 8517 70685 0 0 0 0 0 10362 0 1 0 2106 0 0 353 42 
0 94635 57 0 0 0 220 1436 0 0 0 0 0 0 94926 0 0 51 0 0 
0 6125 21454 0 1 7 0 165 0 0 0 27 0 0 0 0 0 0 0 713 
0 2 1 32 0 0 0 7 10362 0 27 0 9343 0 0 0 0 0 0 7377 
51 34 0 0 57050 14 0 722 0 0 0 9343 0 40 20294 6 0 2816 0 0 
0 0 615 17491 0 0 4805 0 1 0 0 0 40 0 6 0 0 0 0 167 
104 0 0 0 51 0 0 0 0 94926 0 0 20294 6 0 136 14 45 0 6 
3 0 6561 48523 1425 5729 0 1455 2106 0 0 0 6 0 136 0 0 0 5668 15191 
0 22 289 2234 47987 276 38523 1 0 0 0 0 0 0 14 0 0 0 0 59272 
13 96 0 1500 0 0 1 321 0 51 0 0 2816 0 45 0 0 0 0 0 
156 0 25 2295 5023 7 0 0 353 0 0 0 0 0 0 5668 0 0 0 0 
0 6 1 0 3030 0 0 0 42 0 713 7377 0 167 6 15191 59272 0 0 0 
0 0 0 0 3551 0 0 113 0 0 49818 0 2 0 2582 1 0 36167 85907 59059 
0 0 11 0 0 0 0 0 11305 335 62 4 8328 31328 0 0 4 11006 33 0 
0 11 0 138 596 0 0 0 0 0 10512 0 0 142 42 7805 0 0 3 553 
0 0 138 0 528 5417 131 0 0 0 0 13 13749 354 0 0 142 11376 14 0 
3551 0 596 528 0 0 0 194 0 0 2234 0 1191 0 0 4482 0 0 379 25611 
0 0 0 5417 0 0 0 0 7 0 0 0 987 0 0 11360 8 0 81 0 
0 0 0 131 0 0 0 0 0 59 0 0 0 7 0 0 624 1 0 0 
113 0 0 0 194 0 0 0 0 0 11 0 5 0 26 59539 21 0 0 0 
0 11305 0 0 0 7 0 0 0 4 2472 1 5703 412 0 279 0 10754 0 0 
0 335 0 0 0 0 59 0 4 0 0 15684 0 0 0 0 0 0 1819 0 
49818 62 10512 0 2234 0 0 11 2472 0 0 76 14 0 0 0 0 8 0 0 
0 4 0 13 0 0 0 0 1 15684 76 0 25445 66 0 0 8 0 0 5493 
2 8328 0 13749 1191 987 0 5 5703 0 14 25445 0 0 25812 9 0 238 0 1990 
0 31328 142 354 0 0 7 0 412 0 0 66 0 0 9797 48 74 26286 11 0 
2582 0 42 0 0 0 0 26 0 0 0 0 25812 9797 0 9122 0 0 347 5 
1 0 7805 0 4482 11360 0 59539 279 0 0 0 9 48 9122 0 15089 0 0 2639 
0 4 0 142 0 8 624 21 0 0 0 8 0 74 0 15089 0 0 0 0 
36167 11006 0 11376 0 0 1 0 10754 0 8 0 238 26286 0 0 0 0 0 0 
85907 33 3 14 379 81 0 0 0 1819 0 0 0 11 347 0 0 0 0 0 
59059 0 553 0 25611 0 0 0 0 0 0 5493 1990 0 5 2639 0 0 0 0 
