5 4
0 46 118 40 96 
46 0 88 10 53 
118 88 0 85 53 
40 10 85 0 56 
96 53 53 56 0 
0 143 7761 8830 0 
143 0 15 325 6734 
7761 15 0 76837 0 
8830 325 76837 0 56 
0 6734 0 56 0 
0 7 2684 0 0 
7 0 0 0 0 
2684 0 0 0 0 
0 0 0 0 0 
0 0 0 0 0 
0 0 0 2146 0 
0 0 27 4 0 
0 27 0 0 0 
2146 4 0 0 14 
0 0 0 14 0 
0 0 0 0 0 
0 0 0 0 765 
0 0 0 0 0 
0 0 0 0 0 
0 765 0 0 0 
