9 4
0 123 17 72 89 90 77 84 122 
123 0 116 51 121 48 96 115 59 
17 116 0 64 101 90 86 66 108 
72 51 64 0 97 39 71 77 62 
89 121 101 97 0 73 26 158 158 
90 48 90 39 73 0 47 116 91 
77 96 86 71 26 47 0 136 132 
84 115 66 77 158 116 136 0 73 
122 59 108 62 158 91 132 73 0 
0 67111 183 503 61 14123 10 37258 67 
67111 0 0 0 1 31909 95626 6628 83 
183 0 0 0 0 120 0 0 0 
503 0 0 0 65985 8 0 65232 2071 
61 1 0 65985 0 0 3 490 0 
14123 31909 120 8 0 0 756 33 0 
10 95626 0 0 3 756 0 10561 0 
37258 6628 0 65232 490 33 10561 0 0 
67 83 0 2071 0 0 0 0 0 
0 0 0 0 0 0 24 0 0 
0 0 8191 0 0 0 0 0 0 
0 8191 0 7 13848 0 44262 38205 1 
0 0 7 0 0 0 773 0 0 
0 0 13848 0 0 8632 0 0 2 
0 0 0 0 8632 0 0 0 45960 
24 0 44262 773 0 0 0 0 9832 
0 0 38205 0 0 0 0 0 1 
0 0 1 0 2 45960 9832 1 0 
0 0 0 0 0 0 0 0 0 
0 0 1049 753 3 0 0 0 0 
0 1049 0 1 15084 0 64199 91575 20 
0 753 1 0 0 0 3221 0 0 
0 3 15084 0 0 6156 0 0 36 
0 0 0 0 6156 0 0 0 8239 
0 0 64199 3221 0 0 0 0 21455 
0 0 91575 0 0 0 0 0 83 
0 0 20 0 36 8239 21455 83 0 
0 0 0 0 0 0 1 0 0 
0 0 2688 571 1 0 0 0 0 
0 2688 0 12 67223 0 35936 9691 52 
0 571 12 0 0 0 3552 0 0 
0 1 67223 0 0 64890 0 0 120 
0 0 0 0 64890 0 0 0 64664 
1 0 35936 3552 0 0 0 0 44909 
0 0 9691 0 0 0 0 0 196 
0 0 52 0 120 64664 44909 196 0 
