20 3
0 123 17 72 89 90 77 84 122 70 141 118 117 117 58 85 94 145 69 99 
123 0 116 51 121 48 96 115 59 63 25 47 40 16 64 39 31 87 58 23 
17 116 0 64 101 90 86 66 108 71 133 119 117 113 52 81 90 150 68 93 
72 51 64 0 97 39 71 77 62 33 69 64 60 49 13 21 29 104 24 28 
89 121 101 97 0 73 26 158 158 64 146 84 88 106 88 88 93 82 73 107 
90 48 90 39 73 0 47 116 91 20 73 28 27 34 42 20 20 64 22 35 
77 96 86 71 26 47 0 136 132 38 121 63 66 81 63 62 67 73 47 81 
84 115 66 77 158 116 136 0 73 105 118 141 136 120 76 98 104 181 98 96 
122 59 108 62 158 91 132 73 0 94 51 103 96 73 74 71 70 145 85 56 
70 63 71 33 64 20 38 105 94 0 87 48 47 52 29 25 32 79 8 44 
141 25 133 69 146 73 121 118 51 87 0 70 64 41 83 62 55 108 81 43 
118 47 119 64 84 28 63 141 103 48 70 0 6 30 70 43 37 42 50 48 
117 40 117 60 88 27 66 136 96 47 64 6 0 24 67 39 32 48 48 42 
117 16 113 49 106 34 81 120 73 52 41 30 24 0 60 31 22 72 48 24 
58 64 52 13 88 42 63 76 74 29 83 70 67 60 0 29 38 107 21 41 
85 39 81 21 88 20 62 98 71 25 62 43 39 31 29 0 9 83 18 19 
94 31 90 29 93 20 67 104 70 32 55 37 32 22 38 9 0 79 27 14 
145 87 150 104 82 64 73 181 145 79 108 42 48 72 107 83 79 0 85 91 
69 58 68 24 73 22 47 98 85 8 81 50 48 48 21 18 27 85 0 37 
99 23 93 28 107 35 81 96 56 44 43 48 42 24 41 19 14 91 37 0 
0 693 0 89 0 24 0 7 0 0 151 0 3 350 0 0 3 0 0 0 
693 0 0 330 1 1329 136 21 0 0 0 30 11 782 0 0 11 0 250 0 
0 0 0 0 60 0 179 129 354 9874 45926 88947 1 0 138 0 32 5 0 4 
89 330 0 0 0 154 3 0 0 0 35698 48741 0 194 0 0 15279 0 0 0 
0 1 60 0 0 0 0 0 0 102 0 0 14723 0 0 0 0 48 25 173 
24 1329 0 154 0 0 0 0 687 102 0 0 0 1072 0 0 0 204 0 0 
0 136 179 3 0 0 0 0 0 0 0 52 85 0 30 0 14234 71593 0 0 
7 21 129 0 0 0 0 0 0 30296 3445 144 0 1916 0 0 0 39 0 11 
0 0 354 0 0 687 0 0 0 4135 5 49 0 0 0 0 2 0 1 0 
0 0 9874 0 102 102 0 30296 4135 0 0 9586 0 0 2720 0 1 87820 0 0 
151 0 45926 35698 0 0 0 3445 5 0 0 0 0 0 0 0 223 0 0 1 
0 30 88947 48741 0 0 52 144 49 9586 0 0 167 0 0 0 701 76 18437 1077 
3 11 1 0 14723 0 85 0 0 0 0 167 0 0 15 0 12 0 2 208 
350 782 0 194 0 1072 0 1916 0 0 0 0 0 0 686 0 180 0 26760 4723 
0 0 138 0 0 0 30 0 0 2720 0 0 15 686 0 0 0 0 8222 3 
0 0 0 0 0 0 0 0 0 0 0 0 0 0 0 0 0 0 0 79881 
3 11 32 15279 0 0 14234 0 2 1 223 701 12 180 0 0 0 24 32 0 
0 0 5 0 48 204 71593 39 0 87820 0 76 0 0 0 0 24 0 0 506 
0 250 0 0 25 0 0 0 1 0 0 18437 2 26760 8222 0 32 0 0 295 
0 0 4 0 173 0 0 11 0 0 1 1077 208 4723 3 79881 0 506 295 0 
0 236 2 3 98 0 0 0 0 599 0 2039 32 0 2 0 0 11192 16 1928 
236 0 0 0 0 0 10 0 2 0 0 0 0 17 422 1669 0 8 0 88 
2 0 0 0 18 51899 0 0 1 4532 5701 0 0 0 0 3344 0 2368 18 297 
3 0 0 0 0 23 97 0 19353 0 4032 111 0 0 0 0 0 72 0 0 
98 0 18 0 0 0 8 0 0 0 14 0 0 19399 816 321 65004 0 0 0 
0 0 51899 23 0 0 293 0 14920 0 25 0 88122 0 0 0 16 0 0 1002 
0 10 0 97 8 293 0 9746 4 0 0 160 37 0 0 3169 0 13900 8 0 
0 0 0 0 0 0 9746 0 6 1157 0 0 0 157 0 0 0 0 7793 4 
0 2 1 19353 0 14920 4 6 0 0 0 569 0 0 0 0 0 0 0 162 
599 0 4532 0 0 0 0 1157 0 0 0 0 195 0 0 49 0 2376 1 0 
0 0 5701 4032 14 25 0 0 0 0 0 194 0 1 1 0 15 7762 0 0 
2039 0 0 111 0 0 160 0 569 0 194 0 525 162 0 18 0 0 0 2446 
32 0 0 0 0 88122 37 0 0 195 0 525 0 0 0 0 0 0 0 0 
0 17 0 0 19399 0 0 157 0 0 1 162 0 0 0 249 0 0 0 0 
2 422 0 0 816 0 0 0 0 0 1 0 0 0 0 485 3 22987 3355 2 
0 1669 3344 0 321 0 3169 0 0 49 0 18 0 249 485 0 0 1 43 45946 
0 0 0 0 65004 16 0 0 0 0 15 0 0 0 3 0 0 1 4 492 
11192 8 2368 72 0 0 13900 0 0 2376 7762 0 0 0 22987 1 1 0 0 114 
16 0 18 0 0 0 8 7793 0 1 0 0 0 0 3355 43 4 0 0 0 
1928 88 297 0 0 1002 0 4 162 0 0 2446 0 0 2 45946 492 114 0 0 
0 55106 2463 807 11 26 0 8 0 118 6766 2551 3 155 86 0 0 2 0 5066 
55106 0 0 0 0 0 0 47 1 0 1 0 30 38 1 0 0 25 0 76 
2463 0 0 122 0 582 517 111 126 0 19463 24932 0 37954 2 84047 0 0 1783 0 
807 0 122 0 0 474 44 0 15008 21 4111 0 631 0 324 79561 10588 7 0 0 
11 0 0 0 0 3 40 0 0 0 22239 317 931 0 0 0 0 308 5 0 
26 0 582 474 3 0 0 138 0 0 0 0 0 271 9198 93 47 0 4458 0 
0 0 517 44 40 0 0 0 0 188 0 0 1750 124 0 0 8250 3487 0 0 
8 47 111 0 0 138 0 0 2620 0 0 708 0 0 0 0 0 0 544 0 
0 1 126 15008 0 0 0 2620 0 12228 2 0 0 0 104 0 1 477 0 0 
118 0 0 21 0 0 188 0 12228 0 0 0 246 5960 0 173 1 86584 0 5230 
6766 1 19463 4111 22239 0 0 0 2 0 0 2683 0 0 2 0 0 630 29 0 
2551 0 24932 0 317 0 0 708 0 0 2683 0 48648 0 856 2 0 111 11028 0 
3 30 0 631 931 0 1750 0 0 246 0 48648 0 0 0 0 0 13283 3 0 
155 38 37954 0 0 271 124 0 0 5960 0 0 0 0 1081 0 12 0 0 0 
86 1 2 324 0 9198 0 0 104 0 2 856 0 1081 0 0 0 14 12504 2 
0 0 84047 79561 0 93 0 0 0 173 0 2 0 0 0 0 0 1 23 0 
0 0 0 10588 0 47 8250 0 1 1 0 0 0 12 0 0 0 19 2 1434 
2 25 0 7 308 0 3487 0 477 86584 630 111 13283 0 14 1 19 0 253 109 
0 0 1783 0 5 4458 0 544 0 0 29 11028 3 0 12504 23 2 253 0 656 
5066 76 0 0 0 0 0 0 0 5230 0 0 0 0 2 0 1434 109 656 0 
