8 3
0 59 64 103 62 95 95 48 
59 0 70 49 40 62 36 46 
64 70 0 118 33 51 89 98 
103 49 118 0 85 94 38 68 
62 40 33 85 0 33 56 78 
95 62 51 94 33 0 57 107 
95 36 89 38 56 57 0 77 
48 46 98 68 78 107 77 0 
0 0 11 0 0 274 0 1 
0 0 0 23911 140 0 23624 78 
11 0 0 1 0 0 35194 0 
0 23911 1 0 0 0 0 0 
0 140 0 0 0 0 2 3 
274 0 0 0 0 0 0 0 
0 23624 35194 0 2 0 0 64894 
1 78 0 0 3 0 64894 0 
0 148 0 1825 0 37293 0 1 
148 0 0 0 6953 1 0 0 
0 0 0 7 11 3 0 0 
1825 0 7 0 0 19 2079 0 
0 6953 11 0 0 0 0 1 
37293 1 3 19 0 0 0 220 
0 0 0 2079 0 0 0 6066 
1 0 0 0 1 220 6066 0 
0 2 0 12 5051 2238 161 0 
2 0 684 6717 0 87105 97501 0 
0 684 0 3 0 7 9622 0 
12 6717 3 0 0 83064 0 1 
5051 0 0 0 0 0 4 0 
2238 87105 7 83064 0 0 18 25098 
161 97501 9622 0 4 18 0 0 
0 0 0 1 0 25098 0 0 
