40 4
0 59 64 103 62 95 95 48 90 88 90 112 64 139 74 53 26 148 87 89 78 107 103 6 100 177 116 85 94 32 58 33 140 154 91 89 149 95 129 136 
59 0 70 49 40 62 36 46 31 30 43 69 27 80 26 37 59 91 39 30 28 48 85 53 62 119 57 26 35 49 19 41 84 96 32 30 99 39 70 86 
64 70 0 118 33 51 89 98 88 95 64 73 48 126 97 33 87 124 64 86 63 108 150 62 58 154 114 86 89 33 53 83 147 156 86 84 168 106 127 100 
103 49 118 0 85 94 38 68 34 23 68 88 69 56 28 85 93 77 65 36 58 23 68 97 90 97 30 33 37 98 65 74 38 53 38 38 50 11 35 90 
62 40 33 85 0 33 56 78 55 62 34 51 15 94 66 8 77 96 33 53 30 75 125 57 38 126 81 53 55 32 21 66 113 123 53 51 135 74 94 77 
95 62 51 94 33 0 57 107 59 71 25 22 37 82 84 42 110 75 28 57 37 76 147 91 7 104 78 61 57 65 46 97 112 117 56 55 139 82 90 49 
95 36 89 38 56 57 0 77 6 17 31 50 41 44 39 58 95 55 29 6 25 20 100 89 52 83 25 11 1 78 40 76 58 67 4 6 82 27 38 57 
48 46 98 68 78 107 77 0 71 63 90 115 69 117 41 71 27 133 86 71 75 81 55 45 108 159 90 66 76 65 60 15 106 121 74 72 107 64 101 132 
90 31 88 34 55 59 6 71 0 12 34 55 39 49 33 57 89 61 31 2 25 20 94 84 56 89 27 5 5 75 38 70 58 68 4 4 81 23 41 63 
88 30 95 23 62 71 17 63 12 0 46 67 46 53 23 63 84 69 43 14 35 19 82 82 68 95 28 10 16 78 43 65 53 65 16 16 72 11 40 74 
90 43 64 68 34 25 31 90 34 46 0 25 25 61 61 41 99 61 3 32 15 51 124 84 22 92 53 36 32 65 32 83 87 94 30 30 114 57 66 45 
112 69 73 88 51 22 50 115 55 67 25 0 49 63 86 60 123 54 29 53 40 67 148 107 15 82 66 58 51 84 57 108 98 101 51 51 128 77 76 27 
64 27 48 69 15 37 41 69 39 46 25 49 0 81 52 17 74 86 23 37 16 60 112 58 38 116 66 37 40 40 8 60 98 108 37 36 119 58 79 71 
139 80 126 56 94 82 44 117 49 53 61 63 81 0 75 99 137 23 62 50 65 36 125 133 74 41 27 54 45 121 83 118 42 40 48 50 74 54 23 49 
74 26 97 28 66 84 39 41 33 23 61 86 52 75 0 64 65 92 58 34 47 39 62 69 83 117 49 28 38 73 45 46 66 80 37 35 76 23 59 96 
53 37 33 85 8 42 58 71 57 63 41 60 17 99 64 0 69 102 39 55 34 77 120 48 46 132 83 54 58 24 20 58 115 125 55 53 135 74 97 85 
26 59 87 93 77 110 95 27 89 84 99 123 74 137 65 69 0 150 95 88 85 103 79 26 113 178 112 83 93 54 66 19 131 145 91 89 135 88 124 144 
148 91 124 77 96 75 55 133 61 69 61 54 86 23 92 102 150 0 63 62 70 55 146 142 68 30 47 67 57 126 90 132 65 61 59 61 97 73 46 31 
87 39 64 65 33 28 29 86 31 43 3 29 23 62 58 39 95 63 0 29 11 49 121 81 25 93 52 33 29 63 29 79 86 93 27 27 112 54 65 48 
89 30 86 36 53 57 6 71 2 14 32 53 37 50 34 55 88 62 29 0 23 22 95 83 54 89 29 5 5 73 36 70 60 70 2 2 83 25 42 62 
78 28 63 58 30 37 25 75 25 35 15 40 16 65 47 34 85 70 11 23 0 45 110 72 35 100 50 25 25 56 20 68 83 92 22 21 106 47 64 59 
107 48 108 23 75 76 20 81 20 19 51 67 60 36 39 77 103 55 49 22 45 0 91 101 71 77 9 23 20 95 58 84 38 48 22 24 62 18 21 67 
103 85 150 68 125 147 100 55 94 82 124 148 112 125 62 120 79 146 121 95 110 91 0 100 146 164 99 90 98 119 104 71 95 110 98 97 80 74 102 156 
6 53 62 97 57 91 89 45 84 82 84 107 58 133 69 48 26 142 81 83 72 101 100 0 95 171 110 79 88 29 52 29 135 148 85 83 144 89 123 130 
100 62 58 90 38 7 52 108 56 68 22 15 38 74 83 46 113 68 25 54 35 71 146 95 0 97 72 58 53 70 47 99 106 111 52 52 134 79 84 42 
177 119 154 97 126 104 83 159 89 95 92 82 116 41 117 132 178 30 93 89 100 77 164 171 97 0 68 94 84 156 120 159 73 63 87 89 103 95 62 57 
116 57 114 30 81 78 25 90 27 28 53 66 66 27 49 83 112 47 52 29 50 9 99 110 72 68 0 31 25 102 65 93 34 42 28 30 62 26 13 62 
85 26 86 33 53 61 11 66 5 10 36 58 37 54 28 54 83 67 33 5 25 23 90 79 58 94 31 0 10 72 35 65 61 72 8 7 82 21 44 68 
94 35 89 37 55 57 1 76 5 16 32 51 40 45 38 58 93 57 29 5 25 20 98 88 53 84 25 10 0 78 40 75 58 67 3 5 82 26 39 58 
32 49 33 98 32 65 78 65 75 78 65 84 40 121 73 24 54 126 63 73 56 95 119 29 70 156 102 72 78 0 37 50 132 144 75 73 148 88 116 109 
58 19 53 65 21 46 40 60 38 43 32 57 8 83 45 20 66 90 29 36 20 58 104 52 47 120 65 35 40 37 0 51 96 106 37 35 115 54 79 78 
33 41 83 74 66 97 76 15 70 65 83 108 60 118 46 58 19 132 79 70 68 84 71 29 99 159 93 65 75 50 51 0 112 127 72 70 118 69 105 127 
140 84 147 38 113 112 58 106 58 53 87 98 98 42 66 115 131 65 86 60 83 38 95 135 106 73 34 61 58 132 96 112 0 15 60 62 32 45 22 90 
154 96 156 53 123 117 67 121 68 65 94 101 108 40 80 125 145 61 93 70 92 48 110 148 111 63 42 72 67 144 106 127 15 0 70 71 40 58 28 89 
91 32 86 38 53 56 4 74 4 16 30 51 37 48 37 55 91 59 27 2 22 22 98 85 52 87 28 8 3 75 37 72 60 70 0 2 84 27 42 59 
89 30 84 38 51 55 6 72 4 16 30 51 36 50 35 53 89 61 27 2 21 24 97 83 52 89 30 7 5 73 35 70 62 71 2 0 85 27 43 60 
149 99 168 50 135 139 82 107 81 72 114 128 119 74 76 135 135 97 112 83 106 62 80 144 134 103 62 82 82 148 115 118 32 40 84 85 0 61 54 122 
95 39 106 11 74 82 27 64 23 11 57 77 58 54 23 74 88 73 54 25 47 18 74 89 79 95 26 21 26 88 54 69 45 58 27 27 61 0 36 82 
129 70 127 35 94 90 38 101 41 40 66 76 79 23 59 97 124 46 65 42 64 21 102 123 84 62 13 44 39 116 79 105 22 28 42 43 54 36 0 68 
136 86 100 90 77 49 57 132 63 74 45 27 71 49 96 85 144 31 48 62 59 67 156 130 42 57 62 68 58 109 78 127 90 89 59 60 122 82 68 0 
0 20905 4 9878 1073 0 0 1684 0 4435 0 293 0 0 0 369 43 2689 130 0 0 1123 0 3 0 13 0 0 10242 0 0 101 0 191 0 47114 0 0 3 123 
20905 0 2692 0 42698 0 10112 0 0 0 0 791 0 0 731 0 0 8643 49 0 0 0 0 88657 35420 0 2486 0 0 3 0 6031 19 1 0 7272 0 0 4 1307 
4 2692 0 239 0 73727 9 2 0 0 0 10464 260 7 39 11 365 0 0 6007 0 1380 0 0 0 0 10278 0 29797 0 0 40445 0 419 1 0 0 771 0 949 
9878 0 239 0 2 61 10 3150 0 2840 0 17 41 5759 41 0 0 73521 15 224 0 540 0 0 7393 4586 0 0 21627 0 28362 0 0 371 0 0 3 0 3 14 
1073 42698 0 2 0 0 1211 0 0 0 0 69 9 0 225 295 0 642 156 9 43 23 0 0 99 90160 0 155 0 0 5 0 2328 0 2208 0 0 0 0 0 
0 0 73727 61 0 0 0 16 0 319 17133 19 0 164 671 0 0 0 0 0 1901 7127 0 0 0 0 0 44996 2168 0 0 0 64 1 28 10 29585 24 0 9 
0 10112 9 10 1211 0 0 0 57 0 12807 0 34 0 0 0 219 0 0 4495 0 2 1559 0 0 0 0 0 0 131 0 0 39027 1 0 86 0 0 19 20375 
1684 0 2 3150 0 16 0 0 0 0 0 0 0 72634 40 0 0 2 0 383 104 0 0 101 0 46 8702 0 1730 0 1144 0 0 75262 0 0 0 23916 0 0 
0 0 0 0 0 0 57 0 0 87060 0 0 28772 3 1420 0 194 1473 6 1550 1 0 38274 0 6 73456 0 0 326 0 0 16 1247 1 0 260 0 0 11035 1524 
4435 0 0 2840 0 319 0 0 87060 0 65543 21632 26 0 13 0 0 9 0 0 6 4453 0 0 4626 90334 0 0 0 0 14551 0 0 0 0 15 1610 0 110 0 
0 0 0 0 0 17133 12807 0 0 65543 0 0 0 82 0 541 136 32 27 6 9 0 0 0 2 11375 0 0 2 0 1102 0 8 0 0 1060 0 0 0 0 
293 791 10464 17 69 19 0 0 0 21632 0 0 1436 0 0 13 0 7886 41035 45210 30 8 0 0 0 0 3 0 13 0 2427 4 48 0 0 86 2 0 4493 0 
0 0 260 41 9 0 34 0 28772 26 0 1436 0 81115 0 0 16038 0 25 0 9 0 72177 310 74143 2859 8 0 812 33352 2 0 45 1 6 2023 0 4 7 0 
0 0 7 5759 0 164 0 72634 3 0 82 0 81115 0 2300 0 545 289 505 0 0 0 0 0 10 0 2941 0 8677 0 0 47696 0 0 1 0 5418 7 0 0 
0 731 39 41 225 671 0 40 1420 13 0 0 0 2300 0 0 0 153 1 0 6139 45141 0 71 0 3 0 0 0 121 42 0 0 12568 0 0 9573 410 396 586 
369 0 11 0 295 0 0 0 0 0 541 13 0 0 0 0 23 2 0 2694 263 113 47086 0 0 0 2124 0 0 23650 0 97 0 0 2 2006 8 1052 0 0 
43 0 365 0 0 0 219 0 194 0 136 0 16038 545 0 23 0 0 420 0 0 0 0 0 2 659 413 0 3397 1537 0 6 64 0 0 0 70 0 0 0 
2689 8643 0 73521 642 0 0 2 1473 9 32 7886 0 289 153 2 0 0 1 5 3512 0 0 316 27 0 7 0 7309 0 0 0 618 0 0 166 3073 0 1921 292 
130 49 0 15 156 0 0 0 6 0 27 41035 25 505 1 0 420 1 0 169 0 0 41 0 0 2369 66 1072 1708 0 3705 1 13921 0 3 0 26437 0 0 0 
0 0 6007 224 9 0 4495 383 1550 0 6 45210 0 0 0 2694 0 5 169 0 0 9822 0 0 0 0 0 105 0 0 0 0 0 9929 165 11 2 1 149 0 
0 0 0 0 43 1901 0 104 1 6 9 30 9 0 6139 263 0 3512 0 0 0 670 0 0 0 0 5 0 1106 0 0 0 445 4460 0 0 66 0 19 0 
1123 0 1380 540 23 7127 2 0 0 4453 0 8 0 0 45141 113 0 0 0 9822 670 0 0 160 0 0 1 11767 0 0 0 13669 0 0 0 1 413 0 7 0 
0 0 0 0 0 0 1559 0 38274 0 0 0 72177 0 0 47086 0 0 41 0 0 0 0 0 0 728 1690 70 0 7 32315 1 103 0 0 7663 0 24 0 673 
3 88657 0 0 0 0 0 101 0 0 0 0 310 0 71 0 0 316 0 0 0 160 0 0 4397 0 0 85129 3488 1590 26511 0 0 0 1 0 0 6 1616 0 
0 35420 0 7393 99 0 0 0 6 4626 2 0 74143 10 0 0 2 27 0 0 0 0 0 4397 0 0 1 0 0 18457 567 108 0 12423 0 0 0 63796 0 1 
13 0 0 4586 90160 0 0 46 73456 90334 11375 0 2859 0 3 0 659 0 2369 0 0 0 728 0 0 0 87 15816 0 0 154 38 5784 87 0 0 0 9 231 61950 
0 2486 10278 0 0 0 0 8702 0 0 0 3 8 2941 0 2124 413 7 66 0 5 1 1690 0 1 87 0 367 0 0 117 0 16 10 0 0 0 6649 2 434 
0 0 0 0 155 44996 0 0 0 0 0 0 0 0 0 0 0 0 1072 105 0 11767 70 85129 0 15816 367 0 1628 0 6041 0 0 67845 0 20961 1 0 59 0 
10242 0 29797 21627 0 2168 0 1730 326 0 2 13 812 8677 0 0 3397 7309 1708 0 1106 0 0 3488 0 0 0 1628 0 14799 17784 0 0 0 4209 13 6149 0 1059 19797 
0 3 0 0 0 0 131 0 0 0 0 0 33352 0 121 23650 1537 0 0 0 0 0 7 1590 18457 0 0 0 14799 0 0 0 0 0 1187 1 515 0 0 0 
0 0 0 28362 5 0 0 1144 0 14551 1102 2427 2 0 42 0 0 0 3705 0 0 0 32315 26511 567 154 117 6041 17784 0 0 0 1257 0 1 24522 0 37 21724 0 
101 6031 40445 0 0 0 0 0 16 0 0 4 0 47696 0 97 6 0 1 0 0 13669 1 0 108 38 0 0 0 0 0 0 0 5 0 0 690 61416 0 3 
0 19 0 0 2328 64 39027 0 1247 0 8 48 45 0 0 0 64 618 13921 0 445 0 103 0 0 5784 16 0 0 0 1257 0 0 221 1556 0 7721 49 0 0 
191 1 419 371 0 1 1 75262 1 0 0 0 1 0 12568 0 0 0 0 9929 4460 0 0 0 12423 87 10 67845 0 0 0 5 221 0 3292 0 0 0 0 3744 
0 0 1 0 2208 28 0 0 0 0 0 0 6 1 0 2 0 0 3 165 0 0 0 1 0 0 0 0 4209 1187 1 0 1556 3292 0 0 1622 0 0 5 
47114 7272 0 0 0 10 86 0 260 15 1060 86 2023 0 0 2006 0 166 0 11 0 1 7663 0 0 0 0 20961 13 1 24522 0 0 0 0 0 0 0 746 33 
0 0 0 3 0 29585 0 0 0 1610 0 2 0 5418 9573 8 70 3073 26437 2 66 413 0 0 0 0 0 1 6149 515 0 690 7721 0 1622 0 0 0 0 0 
0 0 771 0 0 24 0 23916 0 0 0 0 4 7 410 1052 0 0 0 1 0 0 24 6 63796 9 6649 0 0 0 37 61416 49 0 0 0 0 0 75 0 
3 4 0 3 0 0 19 0 11035 110 0 4493 7 0 396 0 0 1921 0 149 19 7 0 1616 0 231 2 59 1059 0 21724 0 0 0 0 746 0 75 0 0 
123 1307 949 14 0 9 20375 0 1524 0 0 0 0 0 586 0 0 292 0 0 0 0 673 0 1 61950 434 0 19797 0 0 3 0 3744 5 33 0 0 0 0 
0 15 2062 3697 0 66 6 25770 28 85 0 12936 20766 10 0 102 28 74 28395 0 139 0 0 0 0 0 2591 727 0 0 60 2 4 8 5820 0 38326 0 0 467 
15 0 1053 0 231 0 0 0 0 0 173 0 0 16 0 0 0 0 1333 18484 0 0 0 9 0 67292 0 0 62366 537 0 6 7 2976 0 0 0 0 0 0 
2062 1053 0 0 0 72012 0 0 1 0 789 0 10209 0 0 38426 0 0 0 0 9668 5 0 47249 0 98380 0 2683 0 0 0 67646 0 0 114 0 1 15 23255 109 
3697 0 0 0 0 0 13081 0 5 9366 0 0 0 0 8 0 169 0 0 0 402 5 60164 0 0 0 2618 0 19 1289 0 0 0 0 4957 0 346 699 0 16556 
0 231 0 0 0 0 97935 1 298 9803 1 0 0 0 0 478 1197 0 457 1877 0 0 6 0 0 80 0 0 0 0 122 33384 1 0 2 0 0 1 1336 61721 
66 0 72012 0 0 0 0 59 0 78973 2 0 0 0 1467 14 0 35305 618 78484 2 0 3104 223 60 1049 0 4 20 0 0 0 0 0 2088 0 0 0 62715 0 
6 0 0 13081 97935 0 0 0 0 57 4 0 0 0 0 0 2 0 0 0 0 0 0 14 1 0 0 619 0 6480 0 0 0 0 4 63404 0 74 20 1327 
25770 0 0 0 1 59 0 0 3226 40 0 2 0 296 0 0 81 0 0 0 15951 57901 0 0 0 0 23631 88621 119 0 0 0 37821 9 0 0 0 5045 2 13 
28 0 1 5 298 0 0 3226 0 0 1161 79 0 0 0 0 1612 659 0 0 0 0 43228 2289 331 10676 69 0 0 0 1138 0 3 4024 0 0 0 11 0 45156 
85 0 0 9366 9803 78973 57 40 0 0 66999 30 1 1 0 0 0 98297 277 2 0 27 7185 0 192 18515 0 4 7 166 0 0 0 16639 0 18 0 0 565 357 
0 173 789 0 1 2 4 0 1161 66999 0 0 0 0 0 0 12 0 812 0 0 1 0 1897 0 0 0 0 15 587 0 0 0 9863 2234 0 0 52331 0 0 
12936 0 0 0 0 0 0 2 79 30 0 0 0 2184 0 21 0 106 2 0 468 17792 39746 12 0 0 51051 0 0 0 11907 0 0 1 2 0 0 0 25 3049 
20766 0 10209 0 0 0 0 0 0 1 0 0 0 10 3147 0 0 96 0 0 0 1119 0 0 0 0 0 12039 6 0 26535 0 0 145 160 0 455 5 0 0 
10 16 0 0 0 0 0 296 0 1 0 2184 10 0 19921 0 0 0 26903 15640 30 0 10 0 1 2 0 4 80 0 0 778 0 3 0 8800 0 145 30507 19 
0 0 0 8 0 1467 0 0 0 0 0 0 3147 19921 0 0 0 8 43816 95 0 0 0 0 26648 2 30972 0 0 0 1 10 421 0 14 0 0 73606 17229 0 
102 0 38426 0 478 14 0 0 0 0 0 21 0 0 0 0 0 92 0 9 2420 16 3 102 167 0 0 0 18644 3248 1 21 14 76976 0 0 0 0 0 2 
28 0 0 169 1197 0 2 81 1612 0 12 0 0 0 0 0 0 0 0 20 25118 0 0 46991 5947 0 0 0 0 75077 0 0 0 2 80 2164 2325 0 0 151 
74 0 0 0 0 35305 0 0 659 98297 0 106 96 0 8 92 0 0 2570 7866 0 0 0 6941 0 0 69650 0 0 26 315 2 29865 0 5 534 0 0 1 0 
28395 1333 0 0 457 618 0 0 0 277 812 2 0 26903 43816 0 0 2570 0 0 0 0 2 14448 18395 0 0 490 0 0 0 7553 23 0 53068 0 0 0 0 0 
0 18484 0 0 1877 78484 0 0 0 2 0 0 0 15640 95 9 20 7866 0 0 0 0 32660 0 0 0 480 0 0 2008 0 0 52314 9 18802 17 8 0 2665 0 
139 0 9668 402 0 2 0 15951 0 0 0 468 0 30 0 2420 25118 0 0 0 0 0 602 9643 0 2010 34560 5282 0 4 0 0 0 1 0 808 3579 15 0 0 
0 0 5 5 0 0 0 57901 0 27 1 17792 1119 0 0 16 0 0 0 0 0 0 3410 2 0 73981 0 1 285 12831 0 3 918 0 10 33 4 1 9 3 
0 0 0 60164 6 3104 0 0 43228 7185 0 39746 0 10 0 3 0 0 2 32660 602 3410 0 0 0 3806 22310 0 3420 16 10259 0 4 0 28829 10 0 0 0 0 
0 9 47249 0 0 223 14 0 2289 0 1897 12 0 0 0 102 46991 6941 14448 0 9643 2 0 0 69 0 24760 43 0 104 0 88846 111 75 0 0 75724 0 212 51799 
0 0 0 0 0 60 1 0 331 192 0 0 0 1 26648 167 5947 0 18395 0 0 0 0 69 0 1 0 37716 6215 0 62642 0 0 0 8 0 0 0 6687 468 
0 67292 98380 0 80 1049 0 0 10676 18515 0 0 0 2 2 0 0 0 0 0 2010 73981 3806 0 1 0 1 453 0 0 0 0 30488 5 0 0 0 0 0 0 
2591 0 0 2618 0 0 0 23631 69 0 0 51051 0 0 30972 0 0 69650 0 480 34560 0 22310 24760 0 1 0 0 0 906 0 0 0 94 5439 0 8016 66153 0 0 
727 0 2683 0 0 4 619 88621 0 4 0 0 12039 4 0 0 0 0 490 0 5282 1 0 43 37716 453 0 0 0 23 0 0 33 0 0 49 1399 0 380 0 
0 62366 0 19 0 20 0 119 0 7 15 0 6 80 0 18644 0 0 0 0 0 285 3420 0 6215 0 0 0 0 0 0 5 0 0 0 163 0 1191 0 0 
0 537 0 1289 0 0 6480 0 0 166 587 0 0 0 0 3248 75077 26 0 2008 4 12831 16 104 0 0 906 23 0 0 5211 0 450 16907 0 0 3 0 0 0 
60 0 0 0 122 0 0 0 1138 0 0 11907 26535 0 1 1 0 315 0 0 0 0 10259 0 62642 0 0 0 0 5211 0 42 9559 12 0 0 7 0 4288 778 
2 6 67646 0 33384 0 0 0 0 0 0 0 0 778 10 21 0 2 7553 0 0 3 0 88846 0 0 0 0 5 0 42 0 44653 4 25268 1 10432 12536 15 188 
4 7 0 0 1 0 0 37821 3 0 0 0 0 0 421 14 0 29865 23 52314 0 918 4 111 0 30488 0 33 0 450 9559 44653 0 1 0 0 0 0 3077 0 
8 2976 0 0 0 0 0 9 4024 16639 9863 1 145 3 0 76976 2 0 0 9 1 0 0 75 0 5 94 0 0 16907 12 4 1 0 0 2982 473 0 0 0 
5820 0 114 4957 2 2088 4 0 0 0 2234 2 160 0 14 0 80 5 53068 18802 0 10 28829 0 8 0 5439 0 0 0 0 25268 0 0 0 0 4928 539 0 0 
0 0 0 0 0 0 63404 0 0 18 0 0 0 8800 0 0 2164 534 0 17 808 33 10 0 0 0 0 49 163 0 0 1 0 2982 0 0 0 0 0 0 
38326 0 1 346 0 0 0 0 0 0 0 0 455 0 0 0 2325 0 0 8 3579 4 0 75724 0 0 8016 1399 0 3 7 10432 0 473 4928 0 0 0 3225 0 
0 0 15 699 1 0 74 5045 11 0 52331 0 5 145 73606 0 0 0 0 0 15 1 0 0 0 0 66153 0 1191 0 0 12536 0 0 539 0 0 0 5992 0 
0 0 23255 0 1336 62715 20 2 0 565 0 25 0 30507 17229 0 0 1 0 2665 0 9 0 212 6687 0 0 380 0 0 4288 15 3077 0 0 0 3225 5992 0 79 
467 0 109 16556 61721 0 1327 13 45156 357 0 3049 0 19 0 2 151 0 0 0 0 3 0 51799 468 0 0 0 0 0 778 188 0 0 0 0 0 0 79 0 
0 1230 5 0 7398 8750 59 544 0 1628 0 36767 0 0 344 9 8329 0 1532 0 0 0 0 1103 5677 6 45500 0 0 24 5970 64250 0 0 0 14138 0 23 0 0 
1230 0 0 3 27 30 245 37019 0 0 0 0 1033 52682 0 0 0 6 0 0 0 0 7 2 0 2 0 174 0 285 0 2 0 2177 960 0 0 35935 0 16319 
5 0 0 4 3 51 96653 0 10880 0 85 52202 8991 0 37 0 0 84242 949 0 0 0 0 0 0 4 0 57851 2429 123 0 0 0 3 7 432 0 0 0 0 
0 3 4 0 0 81 714 0 0 30027 6 0 358 0 113 51151 0 0 0 48 0 0 612 188 967 913 0 109 0 0 99 11676 0 36584 0 1114 0 5 0 0 
7398 27 3 0 0 388 0 0 0 10 1 1 1718 0 0 79 0 1538 22 0 279 0 243 1 2 0 0 16182 0 0 22 0 0 0 0 91 0 0 0 0 
8750 30 51 81 388 0 401 3609 1041 0 181 0 14643 1150 0 1 0 43347 25 0 34620 0 3956 50 1 0 0 0 66329 1 83594 0 917 8 15 24 67080 4660 9527 0 
59 245 96653 714 0 401 0 785 0 71020 0 62083 209 11 133 0 0 438 0 1870 0 0 0 0 1 99 0 0 0 0 0 0 1145 618 0 0 84 335 0 0 
544 37019 0 0 0 3609 785 0 237 21 1 79 0 0 0 1437 0 0 0 12 21947 0 2 0 2 3811 2 0 0 0 2160 200 0 0 0 717 0 1 6 0 
0 0 10880 0 0 1041 0 237 0 45 0 0 0 13 7 0 0 0 0 12212 0 0 0 0 124 256 0 0 40202 0 0 1 68415 0 49 13 0 0 0 0 
1628 0 0 30027 10 0 71020 21 45 0 90 0 27 0 36 22 0 4099 214 0 0 2 248 1039 0 1067 1248 0 0 0 941 4555 0 0 1 2 12 19683 4725 9926 
0 0 85 6 1 181 0 1 0 90 0 0 0 209 0 16913 0 169 0 1188 813 7450 27 41 0 0 0 0 5 448 1 4905 0 439 0 0 360 0 2 0 
36767 0 52202 0 1 0 62083 79 0 0 0 0 0 0 72 18908 0 62 0 0 302 0 2 0 363 0 1712 0 0 0 1873 29963 14 0 324 9 611 61 0 56 
0 1033 8991 358 1718 14643 209 0 0 27 0 0 0 11 0 0 3 0 0 51087 7 0 0 14460 1013 3648 6958 0 90 0 0 0 0 0 4 38245 15072 12040 0 0 
0 52682 0 0 0 1150 11 0 13 0 209 0 11 0 8607 13153 28170 0 454 8785 29701 0 4 2 18 528 1200 2880 0 48780 82191 214 0 0 2632 71 0 0 1 0 
344 0 37 113 0 0 133 0 7 36 0 72 0 8607 0 64 525 0 11 0 0 31 0 0 0 0 66089 2246 3576 44 30 0 0 719 0 0 0 0 0 0 
9 0 0 51151 79 1 0 1437 0 22 16913 18908 0 13153 64 0 0 0 0 12094 14767 5731 0 14 0 14 0 7528 35 3 0 0 0 0 0 966 0 1575 0 3204 
8329 0 0 0 0 0 0 0 0 0 0 0 3 28170 525 0 0 125 0 0 156 0 0 0 0 0 0 0 24 0 0 16748 0 0 28 0 0 111 0 0 
0 6 84242 0 1538 43347 438 0 0 4099 169 62 0 0 0 0 125 0 0 0 0 141 876 17 7977 0 3178 3 0 0 0 0 0 0 40 0 0 2 0 24 
1532 0 949 0 22 25 0 0 0 214 0 0 0 454 11 0 0 0 0 72 0 1 0 0 20 0 47761 0 139 0 65861 20 0 0 0 0 8 361 0 298 
0 0 0 48 0 0 1870 12 12212 0 1188 0 51087 8785 0 12094 0 0 72 0 55 1 0 0 1204 0 0 9214 0 4868 0 8716 0 248 15 0 34412 114 1041 0 
0 0 0 0 279 34620 0 21947 0 0 813 302 7 29701 0 14767 156 0 0 55 0 33 0 1 0 209 0 0 72 0 164 3329 143 0 1917 1277 0 0 71021 0 
0 0 0 0 0 0 0 0 0 2 7450 0 0 0 31 5731 0 141 1 1 33 0 20845 339 17 1 0 0 0 26 92398 0 0 0 66415 0 41 0 0 0 
0 7 0 612 243 3956 0 2 0 248 27 2 0 4 0 0 0 876 0 0 0 20845 0 98 43 0 0 901 0 0 1 1599 432 7 0 0 0 1 1695 2 
1103 2 0 188 1 50 0 0 0 1039 41 0 14460 2 0 14 0 17 0 0 1 339 98 0 18562 2 0 0 0 1566 21485 0 0 0 39314 0 0 0 0 0 
5677 0 0 967 2 1 1 2 124 0 0 363 1013 18 0 0 0 7977 20 1204 0 17 43 18562 0 0 0 19989 0 22 3 0 0 16 7738 0 0 28 3880 33527 
6 2 4 913 0 0 99 3811 256 1067 0 0 3648 528 0 14 0 0 0 0 209 1 0 2 0 0 2870 0 7 3 0 0 0 60073 5 0 0 2 62235 27 
45500 0 0 0 0 0 0 2 0 1248 0 1712 6958 1200 66089 0 0 3178 47761 0 0 0 0 0 0 2870 0 1 18 1 1041 2758 0 0 0 31536 79320 88050 57956 0 
0 174 57851 109 16182 0 0 0 0 0 0 0 0 2880 2246 7528 0 3 0 9214 0 0 901 0 19989 0 1 0 0 2362 0 81917 60286 85 133 1 0 56 0 0 
0 0 2429 0 0 66329 0 0 40202 0 5 0 90 0 3576 35 24 0 139 0 72 0 0 0 0 7 18 0 0 0 0 70 0 32506 0 0 0 0 0 1 
24 285 123 0 0 1 0 0 0 0 448 0 0 48780 44 3 0 0 0 4868 0 26 0 1566 22 3 1 2362 0 0 0 0 185 0 0 0 49966 0 137 75051 
5970 0 0 99 22 83594 0 2160 0 941 1 1873 0 82191 30 0 0 0 65861 0 164 92398 1 21485 3 0 1041 0 0 0 0 0 0 0 13 17 0 0 10803 0 
64250 2 0 11676 0 0 0 200 1 4555 4905 29963 0 214 0 0 16748 0 20 8716 3329 0 1599 0 0 0 2758 81917 70 0 0 0 28447 0 0 258 7 1 0 361 
0 0 0 0 0 917 1145 0 68415 0 0 14 0 0 0 0 0 0 0 0 143 0 432 0 0 0 0 60286 0 185 0 28447 0 0 82 0 25 0 0 5662 
0 2177 3 36584 0 8 618 0 0 0 439 0 0 0 719 0 0 0 0 248 0 0 7 0 16 60073 0 85 32506 0 0 0 0 0 43433 26944 0 0 103 4493 
0 960 7 0 0 15 0 0 49 1 0 324 4 2632 0 0 28 40 0 15 1917 66415 0 39314 7738 5 0 133 0 0 13 0 82 43433 0 6351 0 1077 9 5 
14138 0 432 1114 91 24 0 717 13 2 0 9 38245 71 0 966 0 0 0 0 1277 0 0 0 0 0 31536 1 0 0 17 258 0 26944 6351 0 583 0 0 19 
0 0 0 0 0 67080 84 0 0 12 360 611 15072 0 0 0 0 0 8 34412 0 41 0 0 0 0 79320 0 0 49966 0 7 25 0 0 583 0 1489 16 0 
23 35935 0 5 0 4660 335 1 0 19683 0 61 12040 0 0 1575 111 2 361 114 0 0 1 0 28 2 88050 56 0 0 0 1 0 0 1077 0 1489 0 580 270 
0 0 0 0 0 9527 0 6 0 4725 2 0 0 1 0 0 0 0 0 1041 71021 0 1695 0 3880 62235 57956 0 0 137 10803 0 0 103 9 0 16 580 0 0 
0 16319 0 0 0 0 0 0 0 9926 0 56 0 0 0 3204 0 24 298 0 0 0 2 0 33527 27 0 0 1 75051 0 361 5662 4493 5 19 0 270 0 0 
0 0 0 25 0 0 0 0 75951 590 847 0 348 31 33318 0 0 0 0 4 0 0 5859 0 0 10 0 0 0 0 0 0 81 6732 0 0 0 54 8 415 
0 0 0 36770 76 0 16 0 0 7468 28987 0 0 1 23 0 0 6 0 2701 0 0 3 0 0 0 0 367 11 0 0 1 2 2 0 0 28101 1 8 0 
0 0 0 4514 1143 0 7370 0 1 1 18853 2 2 0 0 6850 12262 590 0 10 2 0 135 3 0 0 1750 0 8884 0 0 249 1994 0 0 1 0 4339 0 96054 
25 36770 4514 0 0 1 52222 6610 29639 0 0 0 0 29 0 1142 0 0 18 0 0 448 3 0 1 1 12618 0 58 2 238 38 0 0 95 2 0 223 100 86 
0 76 1143 0 0 26 0 0 499 0 22863 0 102 0 232 3868 10 22 0 15 0 0 52032 0 0 0 0 2749 0 1190 24 407 1674 156 0 5385 1529 0 11 80 
0 0 0 1 26 0 2 5836 0 47 0 124 2 0 0 14 0 61102 0 2 0 0 10 3724 23 0 0 0 94985 0 7779 0 28 48148 11158 17 1 0 7 2 
0 16 7370 52222 0 2 0 88 30870 101 2 18494 0 0 0 4719 0 250 0 0 0 2242 0 60541 0 33 3 0 0 28127 0 49 0 7940 0 0 15520 2664 0 0 
0 0 0 6610 0 5836 88 0 0 65 0 0 0 0 350 0 38470 0 0 0 0 0 0 7844 3644 0 0 0 0 20 0 18 0 0 3015 43 0 5019 21 9 
75951 0 1 29639 499 0 30870 0 0 2340 0 0 96 227 594 2 0 0 0 249 0 0 0 15290 0 0 66 82939 7276 0 52 0 3 16397 0 0 32 0 0 19065 
590 7468 1 0 0 47 101 65 2340 0 0 0 0 79 367 0 0 4129 0 0 0 709 0 27477 0 0 176 0 39312 0 5184 0 0 10579 0 0 0 73517 0 0 
847 28987 18853 0 22863 0 2 0 0 0 0 76 291 0 1345 0 19 0 1 69 1304 398 9 0 866 107 0 0 0 0 0 3908 0 0 22134 1 0 55 0 8 
0 0 2 0 0 124 18494 0 0 0 76 0 0 64 6353 0 6847 0 0 51606 0 0 0 0 25 0 0 741 0 3026 22112 0 5085 0 0 5 82 3 31 1 
348 0 2 0 102 2 0 0 96 0 291 0 0 10556 53017 0 0 0 0 21744 0 9 0 0 40187 57120 351 24 3 0 0 0 176 0 0 0 0 60 0 2 
31 1 0 29 0 0 0 0 227 79 0 64 10556 0 0 0 8241 0 0 0 140 0 0 40 3053 0 2340 0 0 0 12 38091 0 265 827 0 24 16 0 0 
33318 23 0 0 232 0 0 350 594 367 1345 6353 53017 0 0 0 0 471 170 0 0 0 0 13 5369 0 0 0 0 10955 3 726 0 0 0 0 0 1 0 0 
0 0 6850 1142 3868 14 4719 0 2 0 0 0 0 0 0 0 0 0 451 0 5 0 0 0 638 0 0 3221 77277 0 15 0 0 211 913 0 0 0 0 102 
0 0 12262 0 10 0 0 38470 0 0 19 6847 0 8241 0 0 0 8113 77452 126 0 641 0 7 0 5 0 1485 1391 0 189 10361 0 2 13796 73 9 1225 0 4232 
0 6 590 0 22 61102 250 0 0 4129 0 0 0 0 471 0 8113 0 163 61 10 0 0 0 0 0 0 4356 0 5 0 57143 3862 0 4 15 75611 650 0 1070 
0 0 0 18 0 0 0 0 0 0 1 0 0 0 170 451 77452 163 0 11 2 0 8 11913 184 5 0 37945 4276 26382 12934 0 35 0 0 0 0 77348 18158 16987 
4 2701 10 0 15 2 0 0 249 0 69 51606 21744 0 0 0 126 61 11 0 0 0 0 5 0 3057 2584 33512 0 79708 0 39351 81286 16 0 0 0 0 15214 0 
0 0 2 0 0 0 0 0 0 0 1304 0 0 140 0 5 0 10 2 0 0 1 1 83 0 0 0 0 0 2079 0 6745 440 683 24197 149 0 0 0 3 
0 0 0 448 0 0 2242 0 0 709 398 0 9 0 0 0 641 0 0 0 1 0 0 0 0 0 0 0 0 46024 307 5 24 5 0 5 0 0 0 3170 
5859 3 135 3 52032 10 0 0 0 0 9 0 0 0 0 0 0 0 8 0 1 0 0 0 0 257 0 3 0 0 0 1 0 0 1222 2 3282 557 0 335 
0 0 3 0 0 3724 60541 7844 15290 27477 0 0 0 40 13 0 7 0 11913 5 83 0 0 0 0 1279 0 0 40612 0 0 2 0 73463 822 1088 73 0 1 33 
0 0 0 1 0 23 0 3644 0 0 866 25 40187 3053 5369 638 0 0 184 0 0 0 0 0 0 114 834 0 78 0 0 96 27 0 38 0 0 0 177 0 
10 0 0 1 0 0 33 0 0 0 107 0 57120 0 0 0 5 0 5 3057 0 0 257 1279 114 0 0 0 0 0 0 586 33 0 0 4 10041 0 32630 111 
0 0 1750 12618 0 0 3 0 66 176 0 0 351 2340 0 0 0 0 0 2584 0 0 0 0 834 0 0 20593 17 493 86 62600 0 45 13442 0 1550 0 0 0 
0 367 0 0 2749 0 0 0 82939 0 0 741 24 0 0 3221 1485 4356 37945 33512 0 0 3 0 0 0 20593 0 6 4 4 0 0 0 47 0 12615 0 7 1261 
0 11 8884 58 0 94985 0 0 7276 39312 0 0 3 0 0 77277 1391 0 4276 0 0 0 0 40612 78 0 17 6 0 0 0 5764 0 0 4 0 1 2 0 64366 
0 0 0 2 1190 0 28127 20 0 0 0 3026 0 0 10955 0 0 5 26382 79708 2079 46024 0 0 0 0 493 4 0 0 21924 620 65 0 6158 0 700 0 3825 0 
0 0 0 238 24 7779 0 0 52 5184 0 22112 0 12 3 15 189 0 12934 0 0 307 0 0 0 0 86 4 0 21924 0 0 4020 0 918 10 0 0 4898 19 
0 1 249 38 407 0 49 18 0 0 3908 0 0 38091 726 0 10361 57143 0 39351 6745 5 1 2 96 586 62600 0 5764 620 0 0 64935 0 364 0 42 0 1 12 
81 2 1994 0 1674 28 0 0 3 0 0 5085 176 0 0 0 0 3862 35 81286 440 24 0 0 27 33 0 0 0 65 4020 64935 0 4037 0 0 11837 0 165 82417 
6732 2 0 0 156 48148 7940 0 16397 10579 0 0 0 265 0 211 2 0 0 16 683 5 0 73463 0 0 45 0 0 0 0 0 4037 0 0 659 0 0 0 0 
0 0 0 95 0 11158 0 3015 0 0 22134 0 0 827 0 913 13796 4 0 0 24197 0 1222 822 38 0 13442 47 4 6158 918 364 0 0 0 15999 0 0 0 132 
0 0 1 2 5385 17 0 43 0 0 1 5 0 0 0 0 73 15 0 0 149 5 2 1088 0 4 0 0 0 0 10 0 0 659 15999 0 3 0 0 0 
0 28101 0 0 1529 1 15520 0 32 0 0 82 0 24 0 0 9 75611 0 0 0 0 3282 73 0 10041 1550 12615 1 700 0 42 11837 0 0 3 0 28 52 11005 
54 1 4339 223 0 0 2664 5019 0 73517 55 3 60 16 1 0 1225 650 77348 0 0 0 557 0 0 0 0 0 2 0 0 0 0 0 0 0 28 0 0 788 
8 8 0 100 11 7 0 21 0 0 0 31 0 0 0 0 0 0 18158 15214 0 0 0 1 177 32630 0 7 0 3825 4898 1 165 0 0 0 52 0 0 0 
415 0 96054 86 80 2 0 9 19065 0 8 1 2 0 0 102 4232 1070 16987 0 3 3170 335 33 0 111 0 1261 64366 0 19 12 82417 0 132 0 11005 788 0 0 
