8 4
0 46 118 40 96 98 46 64 
46 0 88 10 53 127 3 66 
118 88 0 85 53 137 85 71 
40 10 85 0 56 117 8 56 
96 53 53 56 0 154 51 82 
98 127 137 117 154 0 125 72 
46 3 85 8 51 125 0 63 
64 66 71 56 82 72 63 0 
0 9939 76837 41 13962 228 0 0 
9939 0 755 0 0 0 289 23341 
76837 755 0 0 902 0 0 26175 
41 0 0 0 21 19933 7027 52 
13962 0 902 21 0 0 3825 0 
228 0 0 19933 0 0 1630 13 
0 289 0 7027 3825 1630 0 740 
0 23341 26175 52 0 13 740 0 
0 0 0 0 0 0 47333 1 
0 0 107 191 0 3 0 628 
0 107 0 0 1905 61 1 0 
0 191 0 0 39 0 0 3 
0 0 1905 39 0 0 0 9 
0 3 61 0 0 0 0 14 
47333 0 1 0 0 0 0 0 
1 628 0 3 9 14 0 0 
0 0 0 0 20406 0 0 11565 
0 0 4017 0 3 700 0 0 
0 4017 0 0 132 1 0 56405 
0 0 0 0 0 0 4367 0 
20406 3 132 0 0 0 1346 0 
0 700 1 0 0 0 1216 473 
0 0 0 4367 1346 1216 0 0 
11565 0 56405 0 0 473 0 0 
0 1316 0 27 86911 15 0 158 
1316 0 1343 0 0 30854 3 4917 
0 1343 0 3446 194 18 6590 0 
27 0 3446 0 4 32443 2598 0 
86911 0 194 4 0 3 44 1 
15 30854 18 32443 3 0 0 0 
0 3 6590 2598 44 0 0 98 
158 4917 0 0 1 0 98 0 
