10 4
0 123 17 72 89 90 77 84 122 70 
123 0 116 51 121 48 96 115 59 63 
17 116 0 64 101 90 86 66 108 71 
72 51 64 0 97 39 71 77 62 33 
89 121 101 97 0 73 26 158 158 64 
90 48 90 39 73 0 47 116 91 20 
77 96 86 71 26 47 0 136 132 38 
84 115 66 77 158 116 136 0 73 105 
122 59 108 62 158 91 132 73 0 94 
70 63 71 33 64 20 38 105 94 0 
0 16 4135 0 0 10 582 67 833 0 
16 0 0 4709 6 0 37258 83 0 0 
4135 0 0 44574 4234 10 6628 0 5 159 
0 4709 44574 0 14123 95626 0 2071 63334 137 
0 6 4234 14123 0 0 65232 0 135 0 
10 0 10 95626 0 0 490 0 5701 2 
582 37258 6628 0 65232 490 0 0 23 0 
67 83 0 2071 0 0 0 0 0 2120 
833 0 5 63334 135 5701 23 0 0 0 
0 0 159 137 0 2 0 2120 0 0 
0 1 1604 0 0 0 47 2 640 0 
1 0 0 3975 5 0 430 56 0 0 
1604 0 0 4015 26514 0 775 0 1 57 
0 3975 4015 0 7921 97 0 497 1572 41 
0 5 26514 7921 0 0 3667 0 6766 0 
0 0 0 97 0 0 1726 0 1198 49 
47 430 775 0 3667 1726 0 0 21 0 
2 56 0 497 0 0 0 0 12 471 
640 0 1 1572 6766 1198 21 12 0 0 
0 0 57 41 0 49 0 471 0 0 
0 69 802 0 0 16 111 8 55264 0 
69 0 0 33773 7 0 5369 769 0 0 
802 0 0 66784 8140 517 2074 0 0 209 
0 33773 66784 0 5680 97763 0 1752 32044 33 
0 7 8140 5680 0 0 31414 0 2429 0 
16 0 517 97763 0 0 181 0 20903 1 
111 5369 2074 0 31414 181 0 0 120 0 
8 769 0 1752 0 0 0 0 25 2765 
55264 0 0 32044 2429 20903 120 25 0 0 
0 0 209 33 0 1 0 2765 0 0 
0 2 155 0 0 5 22967 8504 2285 0 
2 0 0 22493 120 0 949 11 0 6 
155 0 0 31205 6014 0 43263 0 41 54 
0 22493 31205 0 15045 49217 0 36 1413 964 
0 120 6014 15045 0 0 9766 0 25 0 
5 0 0 49217 0 0 6388 0 1415 1 
22967 949 43263 0 9766 6388 0 0 3 0 
8504 11 0 36 0 0 0 0 0 3766 
2285 0 41 1413 25 1415 3 0 0 0 
0 6 54 964 0 1 0 3766 0 0 
