5 3
0 46 118 40 96 
46 0 88 10 53 
118 88 0 85 53 
40 10 85 0 56 
96 53 53 56 0 
0 57 84 0 0 
57 0 1522 0 0 
84 1522 0 0 2 
0 0 0 0 0 
0 0 2 0 0 
0 0 5709 5713 3780 
0 0 0 185 6233 
5709 0 0 341 0 
5713 185 341 0 10792 
3780 6233 0 10792 0 
0 781 10 0 7 
781 0 0 0 90764 
10 0 0 0 0 
0 0 0 0 12250 
7 90764 0 12250 0 
