10 3
0 46 118 40 96 98 46 64 2 33 
46 0 88 10 53 127 3 66 48 60 
118 88 0 85 53 137 85 71 120 144 
40 10 85 0 56 117 8 56 42 59 
96 53 53 56 0 154 51 82 98 112 
98 127 137 117 154 0 125 72 99 127 
46 3 85 8 51 125 0 63 48 61 
64 66 71 56 82 72 63 0 66 97 
2 48 120 42 98 99 48 66 0 32 
33 60 144 59 112 127 61 97 32 0 
0 0 0 0 0 104 0 44 33648 55 
0 0 0 0 0 0 1080 0 629 15616 
0 0 0 2 61 0 4 43010 1 24364 
0 0 2 0 755 0 16588 331 12 15 
0 0 61 755 0 0 2 16 0 24670 
104 0 0 0 0 0 0 0 47 86911 
0 1080 4 16588 2 0 0 0 0 3785 
44 0 43010 331 16 0 0 0 11 0 
33648 629 1 12 0 47 0 11 0 44 
55 15616 24364 15 24670 86911 3785 0 44 0 
0 185 53 0 45 0 1193 0 0 0 
185 0 23692 0 0 0 721 142 0 0 
53 23692 0 16987 0 106 27390 0 0 5 
0 0 16987 0 0 63309 0 0 0 301 
45 0 0 0 0 8 0 27 285 0 
0 0 106 63309 8 0 110 0 0 0 
1193 721 27390 0 0 110 0 147 40 0 
0 142 0 0 27 0 147 0 0 9113 
0 0 0 0 285 0 40 0 0 0 
0 0 5 301 0 0 0 9113 0 0 
0 0 4 25071 58095 1831 2 0 5 0 
0 0 875 5921 87656 1343 0 1963 0 0 
4 875 0 0 0 0 0 6874 1708 0 
25071 5921 0 0 0 9 0 0 0 0 
58095 87656 0 0 0 43507 13075 79708 969 0 
1831 1343 0 9 43507 0 4 0 0 0 
2 0 0 0 13075 4 0 0 40336 1466 
0 1963 6874 0 79708 0 0 0 0 67752 
5 0 1708 0 969 0 40336 0 0 0 
0 0 0 0 0 0 1466 67752 0 0 
