40 2
0 46 118 40 96 98 46 64 2 33 36 47 55 9 108 78 35 54 61 95 45 105 61 79 70 72 108 28 39 45 38 87 44 18 35 31 32 15 62 109 
46 0 88 10 53 127 3 66 48 60 37 19 78 48 107 43 36 50 104 90 43 84 63 35 92 25 124 21 29 63 42 51 30 53 36 49 49 33 99 116 
118 88 0 85 53 137 85 71 120 144 83 106 102 125 70 117 84 138 148 59 75 25 72 92 105 80 111 92 78 92 82 118 118 110 84 135 94 113 133 90 
40 10 85 0 56 117 8 56 42 59 26 26 68 43 98 54 26 55 95 82 33 79 53 44 82 34 114 12 19 52 32 61 35 44 26 50 39 29 89 107 
96 53 53 56 0 154 51 82 98 112 71 66 108 100 106 67 71 96 146 90 69 65 81 42 118 33 138 68 62 93 74 66 78 97 71 102 86 85 136 122 
98 127 137 117 154 0 125 72 99 127 90 138 49 106 75 170 91 153 52 79 87 112 73 161 36 148 37 107 99 64 85 178 140 81 91 129 77 111 38 58 
46 3 85 8 51 125 0 63 48 61 34 22 76 49 104 46 34 53 103 87 40 81 60 36 90 26 122 20 27 60 40 53 33 52 34 51 48 34 98 113 
64 66 71 56 82 72 63 0 66 97 32 83 30 73 44 110 33 107 76 31 23 50 3 95 36 81 59 52 37 22 27 116 89 48 33 92 32 67 61 50 
2 48 120 42 98 99 48 66 0 32 38 48 56 7 110 78 37 54 61 97 47 107 63 81 71 74 110 30 42 47 41 88 44 19 37 30 34 16 62 110 
33 60 144 59 112 127 61 97 32 0 67 48 88 24 142 71 66 34 83 128 77 134 94 83 103 82 141 52 68 79 71 81 38 51 66 10 65 31 89 143 
36 37 83 26 71 90 34 32 38 67 0 51 41 44 77 80 1 75 74 61 10 68 29 70 55 58 88 20 9 26 5 88 57 27 1 61 15 36 66 82 
47 19 106 26 66 138 22 83 48 48 51 0 90 45 125 31 50 31 108 109 59 103 80 35 105 34 140 31 46 76 57 41 12 59 50 37 61 32 107 133 
55 78 102 68 108 49 76 30 56 88 41 90 0 63 62 121 41 107 46 54 39 80 29 112 15 99 53 58 50 15 36 129 93 36 41 86 28 65 31 57 
9 48 125 43 100 106 49 73 7 24 44 45 63 0 117 75 43 47 66 104 53 112 70 79 79 73 117 33 47 54 47 85 40 27 43 23 41 14 69 118 
108 107 70 98 106 75 104 44 110 142 77 125 62 117 0 149 78 152 105 17 67 45 48 131 55 116 42 96 80 64 72 155 133 92 78 137 76 112 87 20 
78 43 117 54 67 170 46 110 78 71 80 31 121 75 149 0 80 40 140 132 87 120 107 25 135 36 168 62 73 106 86 10 35 91 80 61 92 63 138 160 
35 36 84 26 71 91 34 33 37 66 1 50 41 43 78 80 0 74 74 62 11 69 30 70 55 58 89 19 9 26 6 87 56 27 0 60 15 35 66 83 
54 50 138 55 96 153 53 107 54 34 75 31 107 47 152 40 74 0 113 136 84 134 104 59 123 63 160 55 72 95 80 50 20 72 74 26 80 42 117 157 
61 104 148 95 146 52 103 76 61 83 74 108 46 66 105 140 74 113 0 100 77 126 75 139 50 129 81 83 83 56 71 149 106 51 74 87 59 76 18 94 
95 90 59 82 90 79 87 31 97 128 61 109 54 104 17 132 62 136 100 0 52 34 34 114 51 99 52 81 64 52 57 138 117 79 62 123 63 98 83 32 
45 43 75 33 69 87 40 23 47 77 10 59 39 53 67 87 11 84 77 52 0 59 20 74 51 61 81 29 13 24 7 94 66 35 11 71 19 46 67 74 
105 84 25 79 65 112 81 50 107 134 68 103 80 112 45 120 69 134 126 34 59 0 51 98 81 84 86 82 66 72 66 123 114 93 69 127 77 102 111 65 
61 63 72 53 81 73 60 3 63 94 29 80 29 70 48 107 30 104 75 34 20 51 0 93 37 79 61 49 34 20 24 114 86 45 30 89 29 64 61 53 
79 35 92 44 42 161 36 95 81 83 70 35 112 79 131 25 70 59 139 114 74 98 93 0 125 14 155 56 62 96 75 25 45 88 70 72 84 65 134 143 
70 92 105 82 118 36 90 36 71 103 55 105 15 79 55 135 55 123 50 51 51 81 37 125 0 112 38 73 63 29 50 143 108 52 55 102 44 80 32 45 
72 25 80 34 33 148 26 81 74 82 58 34 99 73 116 36 58 63 129 99 61 84 79 14 112 0 140 46 49 83 63 39 45 78 58 71 72 59 123 129 
108 124 111 114 138 37 122 59 110 141 88 140 53 117 42 168 89 160 81 52 81 86 61 155 38 140 0 108 95 65 82 175 144 90 89 140 80 118 64 22 
28 21 92 12 68 107 20 52 30 52 20 31 58 33 96 62 19 55 83 81 29 82 49 56 73 46 108 0 17 44 25 70 37 32 19 44 30 20 78 102 
39 29 78 19 62 99 27 37 42 68 9 46 50 47 80 73 9 72 83 64 13 66 34 62 63 49 95 17 0 34 13 81 53 34 9 61 24 36 75 87 
45 63 92 52 93 64 60 22 47 79 26 76 15 54 64 106 26 95 56 52 24 72 20 96 29 83 65 44 34 0 20 114 79 28 26 76 15 53 43 63 
38 42 82 32 74 85 40 27 41 71 5 57 36 47 72 86 6 80 71 57 7 66 24 75 50 63 82 25 13 20 0 94 62 27 6 65 12 40 62 77 
87 51 118 61 66 178 53 116 88 81 88 41 129 85 155 10 87 50 149 138 94 123 114 25 143 39 175 70 81 114 94 0 45 100 87 71 100 72 148 166 
44 30 118 35 78 140 33 89 44 38 57 12 93 40 133 35 56 20 106 117 66 114 86 45 108 45 144 37 53 79 62 45 0 59 56 27 65 29 106 139 
18 53 110 44 97 81 52 48 19 51 27 59 36 27 92 91 27 72 51 79 35 93 45 88 52 78 90 32 34 28 27 100 59 0 27 50 17 30 47 91 
35 36 84 26 71 91 34 33 37 66 1 50 41 43 78 80 0 74 74 62 11 69 30 70 55 58 89 19 9 26 6 87 56 27 0 60 15 35 66 83 
31 49 135 50 102 129 51 92 30 10 61 37 86 23 137 61 60 26 87 123 71 127 89 72 102 71 140 44 61 76 65 71 27 50 60 0 62 25 92 140 
32 49 94 39 86 77 48 32 34 65 15 61 28 41 76 92 15 80 59 63 19 77 29 84 44 72 80 30 24 15 12 100 65 17 15 62 0 38 51 77 
15 33 113 29 85 111 34 67 16 31 36 32 65 14 112 63 35 42 76 98 46 102 64 65 80 59 118 20 36 53 40 72 29 30 35 25 38 0 76 116 
62 99 133 89 136 38 98 61 62 89 66 107 31 69 87 138 66 117 18 83 67 111 61 134 32 123 64 78 75 43 62 148 106 47 66 92 51 76 0 76 
109 116 90 107 122 58 113 50 110 143 82 133 57 118 20 160 83 157 94 32 74 65 53 143 45 129 22 102 87 63 77 166 139 91 83 140 77 116 76 0 
0 166 4 23 0 0 0 119 47 0 0 0 26747 650 0 0 486 89 0 22766 0 0 0 0 1 0 0 0 21231 121 75 439 11404 3 8038 0 138 227 0 0 
166 0 0 0 1630 0 0 0 6378 0 0 8 0 0 7964 154 0 11 0 9299 0 0 0 35949 3884 4 10 0 421 0 0 0 4 29256 0 0 14059 0 575 0 
4 0 0 3 0 4 8965 21116 1554 0 3 0 0 333 0 1768 33 170 0 0 24 0 0 0 501 96768 42814 0 0 0 0 0 10722 0 24337 214 3775 0 0 1951 
23 0 3 0 0 1 10201 0 0 12 2796 0 5 7030 0 49 0 45760 0 0 0 0 0 0 52 0 0 0 0 0 1066 78 0 86096 10383 71 0 793 287 9200 
0 1630 0 0 0 1 0 8 0 0 0 0 37094 1234 0 137 0 0 1 0 0 0 40 39 0 0 139 32 0 0 20755 0 2476 0 0 4 0 0 1 29 
0 0 4 1 1 0 0 0 0 324 364 12 2911 0 0 0 3 188 0 1064 9848 0 13995 621 8695 67 0 0 0 0 55 135 9 0 36 0 1546 0 48908 70420 
0 0 8965 10201 0 0 0 0 0 238 15 3 0 0 0 68804 0 89 0 0 19239 359 0 17619 4 0 2 40399 196 14651 0 0 0 33555 0 90329 0 16904 20 8 
119 0 21116 0 8 0 0 0 426 33571 0 0 1 0 1 0 0 378 26824 0 1455 51419 0 2 6 0 76870 0 0 205 0 0 178 0 0 0 29 0 56 0 
47 6378 1554 0 0 0 0 426 0 0 0 0 0 25922 0 28213 0 0 7251 0 1 245 8 0 0 0 0 0 0 83010 38 0 31022 28927 5 67 31 6607 0 0 
0 0 0 12 0 324 238 33571 0 0 88 0 0 0 707 0 74 0 0 0 467 0 0 0 81 72442 0 1441 115 0 10 25 60414 0 1130 0 0 3979 0 36 
0 0 3 2796 0 364 15 0 0 88 0 0 1 33 0 0 6 151 2 0 0 0 1 2 1 0 19 70 0 0 8202 1417 28792 19 0 0 0 0 7 55 
0 8 0 0 0 12 3 0 0 0 0 0 0 0 0 0 1 12860 0 0 5407 0 131 199 136 0 166 73892 3 0 40845 0 0 0 0 0 0 0 5455 260 
26747 0 0 5 37094 2911 0 1 0 0 1 0 0 43775 0 0 4 5831 0 1029 0 0 80616 4212 4270 0 0 3140 20 45 0 0 91 1183 0 9627 23 2 0 0 
650 0 333 7030 1234 0 0 0 25922 0 33 0 43775 0 3 2 44 87720 0 2791 0 0 155 0 0 0 0 0 4 0 14950 772 0 5 0 2 0 4259 5822 8 
0 7964 0 0 0 0 0 1 0 707 0 0 0 3 0 28 0 13196 0 0 2 0 0 0 274 6 0 0 3 5703 0 0 5855 10 1596 0 72 2 0 0 
0 154 1768 49 137 0 68804 0 28213 0 0 0 0 2 28 0 41841 0 0 0 6 69 0 0 996 34 0 0 0 0 0 0 0 0 9406 0 0 0 4 0 
486 0 33 0 0 3 0 0 0 74 6 1 4 44 0 41841 0 0 0 11 0 30 49 94 0 14 1 1711 0 0 3522 30 2747 62 29 2513 0 0 0 0 
89 11 170 45760 0 188 89 378 0 0 151 12860 5831 87720 13196 0 0 0 296 0 154 0 0 228 0 0 22 28 558 0 0 14384 0 0 545 2 0 0 39343 1929 
0 0 0 0 1 0 0 26824 7251 0 2 0 0 0 0 0 0 296 0 438 4 0 65 0 2650 2 0 874 0 0 0 0 47 331 0 0 0 14 0 0 
22766 9299 0 0 0 1064 0 0 0 0 0 0 1029 2791 0 0 11 0 438 0 0 70 27 32063 28603 0 378 0 8009 94383 0 5122 0 50 0 0 0 52 61790 9 
0 0 24 0 0 9848 19239 1455 1 467 0 5407 0 0 2 6 0 154 4 0 0 0 39400 0 0 186 21537 0 0 0 47941 0 0 15 784 1903 0 0 0 442 
0 0 0 0 0 0 359 51419 245 0 0 0 0 0 0 69 30 0 0 70 0 0 0 0 96522 2327 4 0 0 0 3 0 0 2 0 0 0 59577 0 0 
0 0 0 0 40 13995 0 0 8 0 1 131 80616 155 0 0 49 0 65 27 39400 0 0 0 0 33 0 0 16 0 45538 0 0 33538 16 44 140 0 1787 1 
0 35949 0 0 39 621 17619 2 0 0 2 199 4212 0 0 0 94 228 0 32063 0 0 0 0 2 6415 0 22 0 0 6632 0 0 0 385 84339 0 77 0 0 
1 3884 501 52 0 8695 4 6 0 81 1 136 4270 0 274 996 0 0 2650 28603 0 96522 0 2 0 10 0 0 1066 641 23 30449 0 0 0 0 0 0 1653 0 
0 4 96768 0 0 67 0 0 0 72442 0 0 0 0 6 34 14 0 2 0 186 2327 33 6415 10 0 7 0 0 0 0 0 50032 6828 501 0 0 0 187 51433 
0 10 42814 0 139 0 2 76870 0 0 19 166 0 0 0 0 1 22 0 378 21537 4 0 0 0 7 0 47505 0 0 7129 3122 7 0 0 0 36267 0 1262 2886 
0 0 0 0 32 0 40399 0 0 1441 70 73892 3140 0 0 0 1711 28 874 0 0 0 0 22 0 0 47505 0 0 0 3 1017 5 0 224 2 0 0 35 20716 
21231 421 0 0 0 0 196 0 0 115 0 3 20 4 3 0 0 558 0 8009 0 0 16 0 1066 0 0 0 0 0 0 88494 0 0 0 3 484 145 0 0 
121 0 0 0 0 0 14651 205 83010 0 0 0 45 0 5703 0 0 0 0 94383 0 0 0 0 641 0 0 0 0 0 473 70 0 0 1103 0 0 0 0 1 
75 0 0 1066 20755 55 0 0 38 10 8202 40845 0 14950 0 0 3522 0 0 0 47941 3 45538 6632 23 0 7129 3 0 473 0 62 0 57128 0 5 0 31 22651 0 
439 0 0 78 0 135 0 0 0 25 1417 0 0 772 0 0 30 14384 0 5122 0 0 0 0 30449 0 3122 1017 88494 70 62 0 632 4227 0 0 67204 0 0 0 
11404 4 10722 0 2476 9 0 178 31022 60414 28792 0 91 0 5855 0 2747 0 47 0 0 0 0 0 0 50032 7 5 0 0 0 632 0 0 0 0 2 154 0 0 
3 29256 0 86096 0 0 33555 0 28927 0 19 0 1183 5 10 0 62 0 331 50 15 2 33538 0 0 6828 0 0 0 0 57128 4227 0 0 0 0 0 1 9041 6 
8038 0 24337 10383 0 36 0 0 5 1130 0 0 0 0 1596 9406 29 545 0 0 784 0 16 385 0 501 0 224 0 1103 0 0 0 0 0 671 63 0 1 0 
0 0 214 71 4 0 90329 0 67 0 0 0 9627 2 0 0 2513 2 0 0 1903 0 44 84339 0 0 0 2 3 0 5 0 0 0 671 0 2908 0 0 147 
138 14059 3775 0 0 1546 0 29 31 0 0 0 23 0 72 0 0 0 0 0 0 0 140 0 0 0 36267 0 484 0 0 67204 2 0 63 2908 0 0 0 35105 
227 0 0 793 0 0 16904 0 6607 3979 0 0 2 4259 2 0 0 0 14 52 0 59577 0 77 0 0 0 0 145 0 31 0 154 1 0 0 0 0 1 0 
0 575 0 287 1 48908 20 56 0 0 7 5455 0 5822 0 4 0 39343 0 61790 0 0 1787 0 1653 187 1262 35 0 0 22651 0 0 9041 1 0 0 1 0 0 
0 0 1951 9200 29 70420 8 0 0 36 55 260 0 8 0 0 0 1929 0 9 442 0 1 0 0 51433 2886 20716 0 1 0 0 0 6 0 147 35105 0 0 0 
0 0 24670 15 0 1 0 0 21 39 0 0 596 0 0 0 0 0 0 16 1 18045 0 0 0 2486 0 0 0 0 138 0 0 153 38863 5669 373 5780 0 0 
0 0 44928 0 1 2 0 0 32154 0 0 3 0 5864 0 0 0 0 1 0 7360 1493 0 0 0 0 0 0 0 10 3052 0 9 5 0 98064 22 0 0 0 
24670 44928 0 9520 4236 56 35 0 438 0 0 0 0 28 40 63165 2021 1917 0 84313 2 0 0 0 60955 2777 13 1339 35 0 0 0 0 0 197 2104 314 14928 0 0 
15 0 9520 0 718 0 550 8534 0 0 21324 0 0 0 17 0 11438 5159 95 0 26 29508 0 54701 18 2 0 2294 0 0 0 0 0 0 121 0 0 0 0 9 
0 1 4236 718 0 0 32253 28 0 21054 0 39102 0 7784 20 152 879 0 0 0 666 9982 1 100 0 34998 1165 0 28990 0 10268 17 0 3256 170 0 6912 0 31 0 
1 2 56 0 0 0 3317 0 4 0 9432 651 0 2516 6 3606 59 227 0 3485 0 1 9 0 53950 0 2786 0 0 579 0 0 0 37906 0 72 726 0 0 49086 
0 0 35 550 32253 3317 0 1 316 20 13 0 41 19 0 0 3378 0 89858 0 0 316 143 260 2 534 3 0 12330 8 0 0 412 3981 0 0 0 0 31754 3 
0 0 0 8534 28 0 1 0 5880 3 0 1 0 2869 686 24 0 0 14587 25487 0 2919 9 98969 131 0 0 9767 4869 1 29489 0 0 14 0 0 10 13 0 33396 
21 32154 438 0 0 4 316 5880 0 6 35530 0 0 8 0 11 6093 0 316 21 0 44 1851 0 528 0 0 12374 22 3270 0 205 0 285 0 1377 30 42993 0 74 
39 0 0 0 21054 0 20 3 6 0 1366 0 0 0 19 18798 23391 1 0 362 0 235 0 4 36 0 15 2542 0 48 293 0 0 37994 0 3304 2853 0 0 58 
0 0 0 21324 0 9432 13 0 35530 1366 0 0 11578 5 4650 0 34894 35 0 0 2073 643 0 4 0 0 1 0 0 43956 0 2191 1 45 0 24 4832 0 0 2 
0 3 0 0 39102 651 0 1 0 0 0 0 0 656 0 4136 0 183 38 0 6840 0 15035 0 11090 0 31612 0 0 0 1634 173 0 46101 1 11926 69 2 0 0 
596 0 0 0 0 0 41 0 0 0 11578 0 0 144 0 1216 0 45861 0 0 0 0 145 17944 63997 155 326 8996 797 5266 149 0 53706 22 0 3 0 479 3904 179 
0 5864 28 0 7784 2516 19 2869 8 0 5 656 144 0 8829 0 1887 313 33377 1444 0 7 206 15828 0 85 0 114 0 0 0 7 0 31 0 10 0 0 0 0 
0 0 40 17 20 6 0 686 0 19 4650 0 0 8829 0 12 15 0 520 1 0 0 0 0 0 64 2 0 0 0 0 122 88 1729 53 0 26 713 81041 29 
0 0 63165 0 152 3606 0 24 11 18798 0 4136 1216 0 12 0 1 73 0 19927 27 0 26 0 1937 0 0 0 0 0 0 0 90587 29 29087 0 1176 2465 0 0 
0 0 2021 11438 879 59 3378 0 6093 23391 34894 0 0 1887 15 1 0 0 28577 0 4569 0 294 8 11023 25 0 45714 0 33 27037 0 0 0 0 8 3 32 0 19475 
0 0 1917 5159 0 227 0 0 0 1 35 183 45861 313 0 73 0 0 0 159 0 198 1 0 0 0 0 0 1049 38597 0 129 54 0 0 15357 16779 0 1192 9531 
0 1 0 95 0 0 89858 14587 316 0 0 38 0 33377 520 0 28577 0 0 23282 0 0 0 0 1273 24159 0 0 6 0 0 15771 0 416 0 0 0 17 5530 0 
16 0 84313 0 0 3485 0 25487 21 362 0 0 0 1444 1 19927 0 159 23282 0 91240 0 0 0 8061 0 19882 38 316 223 0 0 0 84679 0 1 4 0 16324 0 
1 7360 2 26 666 0 0 0 0 0 2073 6840 0 0 0 27 4569 0 0 91240 0 0 0 0 0 11 0 7479 58 9158 11646 9 0 1253 0 102 0 0 353 0 
18045 1493 0 29508 9982 1 316 2919 44 235 643 0 0 7 0 0 0 198 0 0 0 0 5264 6859 0 0 0 3020 0 0 2 292 232 0 0 4 0 57 0 0 
0 0 0 0 1 9 143 9 1851 0 0 15035 145 206 0 26 294 1 0 0 0 5264 0 15 0 0 19 0 0 0 38531 68242 18367 172 0 3 4390 0 0 0 
0 0 0 54701 100 0 260 98969 0 4 4 0 17944 15828 0 0 8 0 0 0 0 6859 15 0 0 0 0 602 0 0 0 0 1 0 0 0 0 24025 15 8587 
0 0 60955 18 0 53950 2 131 528 36 0 11090 63997 0 0 1937 11023 0 1273 8061 0 0 0 0 0 0 26 5266 0 0 6860 0 1128 17 89468 0 0 80785 0 21 
2486 0 2777 2 34998 0 534 0 0 0 0 0 155 85 64 0 25 0 24159 0 11 0 0 0 0 0 264 4 0 15355 525 8 0 0 26524 1 29 0 9 0 
0 0 13 0 1165 2786 3 0 0 15 1 31612 326 0 2 0 0 0 0 19882 0 0 19 0 26 264 0 0 93 53688 0 0 0 10 0 1 262 0 1 0 
0 0 1339 2294 0 0 0 9767 12374 2542 0 0 8996 114 0 0 45714 0 0 38 7479 3020 0 602 5266 4 0 0 2 330 0 35740 7375 0 0 0 649 279 0 0 
0 0 35 0 28990 0 12330 4869 22 0 0 0 797 0 0 0 0 1049 6 316 58 0 0 0 0 0 93 2 0 13 4 0 0 0 0 0 0 0 5 1 
0 10 0 0 0 579 8 1 3270 48 43956 0 5266 0 0 0 33 38597 0 223 9158 0 0 0 0 15355 53688 330 13 0 2 2047 149 3 0 0 3 0 0 108 
138 3052 0 0 10268 0 0 29489 0 293 0 1634 149 0 0 0 27037 0 0 0 11646 2 38531 0 6860 525 0 0 4 2 0 0 0 0 219 0 5 0 26745 3197 
0 0 0 0 17 0 0 0 205 0 2191 173 0 7 122 0 0 129 15771 0 9 292 68242 0 0 8 0 35740 0 2047 0 0 0 0 18 0 6 10213 3698 3102 
0 9 0 0 0 0 412 0 0 0 1 0 53706 0 88 90587 0 54 0 0 0 232 18367 1 1128 0 0 7375 0 149 0 0 0 8 0 0 0 31 120 481 
153 5 0 0 3256 37906 3981 14 285 37994 45 46101 22 31 1729 29 0 0 416 84679 1253 0 172 0 17 0 10 0 0 3 0 0 8 0 142 5816 21637 0 0 0 
38863 0 197 121 170 0 0 0 0 0 0 1 0 0 53 29087 0 0 0 0 0 0 0 0 89468 26524 0 0 0 0 219 18 0 142 0 43357 151 0 0 50320 
5669 98064 2104 0 0 72 0 0 1377 3304 24 11926 3 10 0 0 8 15357 0 1 102 4 3 0 0 1 1 0 0 0 0 0 0 5816 43357 0 0 603 108 0 
373 22 314 0 6912 726 0 10 30 2853 4832 69 0 0 26 1176 3 16779 0 4 0 0 4390 0 0 29 262 649 0 3 5 6 0 21637 151 0 0 2 0 0 
5780 0 14928 0 0 0 0 13 42993 0 0 2 479 0 713 2465 32 0 17 0 0 57 0 24025 80785 0 0 279 0 0 0 10213 31 0 0 603 2 0 42501 0 
0 0 0 0 31 0 31754 0 0 0 0 0 3904 0 81041 0 0 1192 5530 16324 353 0 0 15 0 9 1 0 5 0 26745 3698 120 0 0 108 0 42501 0 1302 
0 0 0 9 0 49086 3 33396 74 58 2 0 179 0 29 0 19475 9531 0 0 0 0 0 8587 21 0 0 0 1 108 3197 3102 481 0 50320 0 0 0 1302 0 
