50 3
0 46 118 40 96 98 46 64 2 33 36 47 55 9 108 78 35 54 61 95 45 105 61 79 70 72 108 28 39 45 38 87 44 18 35 31 32 15 62 109 41 45 37 61 89 27 39 29 62 61 
46 0 88 10 53 127 3 66 48 60 37 19 78 48 107 43 36 50 104 90 43 84 63 35 92 25 124 21 29 63 42 51 30 53 36 49 49 33 99 116 43 28 60 98 101 30 35 74 67 104 
118 88 0 85 53 137 85 71 120 144 83 106 102 125 70 117 84 138 148 59 75 25 72 92 105 80 111 92 78 92 82 118 118 110 84 135 94 113 133 90 80 73 99 135 92 90 79 133 76 148 
40 10 85 0 56 117 8 56 42 59 26 26 68 43 98 54 26 55 95 82 33 79 53 44 82 34 114 12 19 52 32 61 35 44 26 50 39 29 89 107 32 19 50 89 91 20 25 66 58 95 
96 53 53 56 0 154 51 82 98 112 71 66 108 100 106 67 71 96 146 90 69 65 81 42 118 33 138 68 62 93 74 66 78 97 71 102 86 85 136 122 73 57 95 137 116 72 68 121 86 146 
98 127 137 117 154 0 125 72 99 127 90 138 49 106 75 170 91 153 52 79 87 112 73 161 36 148 37 107 99 64 85 178 140 81 91 129 77 111 38 58 86 103 67 41 45 97 92 77 68 52 
46 3 85 8 51 125 0 63 48 61 34 22 76 49 104 46 34 53 103 87 40 81 60 36 90 26 122 20 27 60 40 53 33 52 34 51 48 34 98 113 40 25 58 97 99 28 33 73 65 103 
64 66 71 56 82 72 63 0 66 97 32 83 30 73 44 110 33 107 76 31 23 50 3 95 36 81 59 52 37 22 27 116 89 48 33 92 32 67 61 50 26 38 31 63 36 44 32 68 4 76 
2 48 120 42 98 99 48 66 0 32 38 48 56 7 110 78 37 54 61 97 47 107 63 81 71 74 110 30 42 47 41 88 44 19 37 30 34 16 62 110 43 47 38 61 91 29 41 28 64 61 
33 60 144 59 112 127 61 97 32 0 67 48 88 24 142 71 66 34 83 128 77 134 94 83 103 82 141 52 68 79 71 81 38 51 66 10 65 31 89 143 73 72 71 87 123 56 69 50 95 83 
36 37 83 26 71 90 34 32 38 67 0 51 41 44 77 80 1 75 74 61 10 68 29 70 55 58 88 20 9 26 5 88 57 27 1 61 15 36 66 82 6 14 25 66 65 11 3 52 32 74 
47 19 106 26 66 138 22 83 48 48 51 0 90 45 125 31 50 31 108 109 59 103 80 35 105 34 140 31 46 76 57 41 12 59 50 37 61 32 107 133 58 46 71 106 117 41 51 76 84 108 
55 78 102 68 108 49 76 30 56 88 41 90 0 63 62 121 41 107 46 54 39 80 29 112 15 99 53 58 50 15 36 129 93 36 41 86 28 65 31 57 36 54 19 33 36 48 43 46 26 46 
9 48 125 43 100 106 49 73 7 24 44 45 63 0 117 75 43 47 66 104 53 112 70 79 79 73 117 33 47 54 47 85 40 27 43 23 41 14 69 118 49 51 46 67 98 34 46 32 71 66 
108 107 70 98 106 75 104 44 110 142 77 125 62 117 0 149 78 152 105 17 67 45 48 131 55 116 42 96 80 64 72 155 133 92 78 137 76 112 87 20 70 79 73 90 31 88 76 107 46 105 
78 43 117 54 67 170 46 110 78 71 80 31 121 75 149 0 80 40 140 132 87 120 107 25 135 36 168 62 73 106 86 10 35 91 80 61 92 63 138 160 86 72 102 137 145 72 79 107 111 140 
35 36 84 26 71 91 34 33 37 66 1 50 41 43 78 80 0 74 74 62 11 69 30 70 55 58 89 19 9 26 6 87 56 27 0 60 15 35 66 83 7 14 25 66 66 10 4 51 33 74 
54 50 138 55 96 153 53 107 54 34 75 31 107 47 152 40 74 0 113 136 84 134 104 59 123 63 160 55 72 95 80 50 20 72 74 26 80 42 117 157 81 73 89 115 139 63 75 80 107 113 
61 104 148 95 146 52 103 76 61 83 74 108 46 66 105 140 74 113 0 100 77 126 75 139 50 129 81 83 83 56 71 149 106 51 74 87 59 76 18 94 73 88 51 15 74 75 77 33 72 0 
95 90 59 82 90 79 87 31 97 128 61 109 54 104 17 132 62 136 100 0 52 34 34 114 51 99 52 81 64 52 57 138 117 79 62 123 63 98 83 32 55 63 61 85 33 73 60 97 33 100 
45 43 75 33 69 87 40 23 47 77 10 59 39 53 67 87 11 84 77 52 0 59 20 74 51 61 81 29 13 24 7 94 66 35 11 71 19 46 67 74 5 15 26 67 58 21 8 58 24 77 
105 84 25 79 65 112 81 50 107 134 68 103 80 112 45 120 69 134 126 34 59 0 51 98 81 84 86 82 66 72 66 123 114 93 69 127 77 102 111 65 64 62 80 113 67 78 66 116 54 126 
61 63 72 53 81 73 60 3 63 94 29 80 29 70 48 107 30 104 75 34 20 51 0 93 37 79 61 49 34 20 24 114 86 45 30 89 29 64 61 53 22 35 29 62 38 40 29 65 5 75 
79 35 92 44 42 161 36 95 81 83 70 35 112 79 131 25 70 59 139 114 74 98 93 0 125 14 155 56 62 96 75 25 45 88 70 72 84 65 134 143 75 59 95 134 132 65 68 108 98 139 
70 92 105 82 118 36 90 36 71 103 55 105 15 79 55 135 55 123 50 51 51 81 37 125 0 112 38 73 63 29 50 143 108 52 55 102 44 80 32 45 50 67 34 35 24 63 57 58 32 50 
72 25 80 34 33 148 26 81 74 82 58 34 99 73 116 36 58 63 129 99 61 84 79 14 112 0 140 46 49 83 63 39 45 78 58 71 72 59 123 129 62 45 83 123 117 54 55 100 84 129 
108 124 111 114 138 37 122 59 110 141 88 140 53 117 42 168 89 160 81 52 81 86 61 155 38 140 0 108 95 65 82 175 144 90 89 140 80 118 64 22 82 97 71 67 23 98 89 96 57 81 
28 21 92 12 68 107 20 52 30 52 20 31 58 33 96 62 19 55 83 81 29 82 49 56 73 46 108 0 17 44 25 70 37 32 19 44 30 20 78 102 26 20 40 77 86 10 20 54 53 83 
39 29 78 19 62 99 27 37 42 68 9 46 50 47 80 73 9 72 83 64 13 66 34 62 63 49 95 17 0 34 13 81 53 34 9 61 24 36 75 87 13 5 34 75 72 12 6 59 38 83 
45 63 92 52 93 64 60 22 47 79 26 76 15 54 64 106 26 95 56 52 24 72 20 96 29 83 65 44 34 0 20 114 79 28 26 76 15 53 43 63 21 38 9 44 44 34 28 45 19 56 
38 42 82 32 74 85 40 27 41 71 5 57 36 47 72 86 6 80 71 57 7 66 24 75 50 63 82 25 13 20 0 94 62 27 6 65 12 40 62 77 2 18 21 62 60 16 7 51 27 71 
87 51 118 61 66 178 53 116 88 81 88 41 129 85 155 10 87 50 149 138 94 123 114 25 143 39 175 70 81 114 94 0 45 100 87 71 100 72 148 166 94 78 110 147 152 80 87 116 118 149 
44 30 118 35 78 140 33 89 44 38 57 12 93 40 133 35 56 20 106 117 66 114 86 45 108 45 144 37 53 79 62 45 0 59 56 27 65 29 106 139 64 54 74 105 123 46 57 73 90 106 
18 53 110 44 97 81 52 48 19 51 27 59 36 27 92 91 27 72 51 79 35 93 45 88 52 78 90 32 34 28 27 100 59 0 27 50 17 30 47 91 30 40 19 46 71 25 31 24 46 51 
35 36 84 26 71 91 34 33 37 66 1 50 41 43 78 80 0 74 74 62 11 69 30 70 55 58 89 19 9 26 6 87 56 27 0 60 15 35 66 83 7 14 25 66 66 10 4 51 33 74 
31 49 135 50 102 129 51 92 30 10 61 37 86 23 137 61 60 26 87 123 71 127 89 72 102 71 140 44 61 76 65 71 27 50 60 0 62 25 92 140 67 64 68 90 120 50 63 54 91 87 
32 49 94 39 86 77 48 32 34 65 15 61 28 41 76 92 15 80 59 63 19 77 29 84 44 72 80 30 24 15 12 100 65 17 15 62 0 38 51 77 14 29 10 51 59 20 18 39 30 59 
15 33 113 29 85 111 34 67 16 31 36 32 65 14 112 63 35 42 76 98 46 102 64 65 80 59 118 20 36 53 40 72 29 30 35 25 38 0 76 116 42 40 46 75 97 25 38 44 67 76 
62 99 133 89 136 38 98 61 62 89 66 107 31 69 87 138 66 117 18 83 67 111 61 134 32 123 64 78 75 43 62 148 106 47 66 92 51 76 0 76 63 80 41 3 56 69 69 39 57 18 
109 116 90 107 122 58 113 50 110 143 82 133 57 118 20 160 83 157 94 32 74 65 53 143 45 129 22 102 87 63 77 166 139 91 83 140 77 116 76 0 75 88 72 79 21 93 82 103 49 94 
41 43 80 32 73 86 40 26 43 73 6 58 36 49 70 86 7 81 73 55 5 64 22 75 50 62 82 26 13 21 2 94 64 30 7 67 14 42 63 75 0 17 22 63 59 18 7 53 26 73 
45 28 73 19 57 103 25 38 47 72 14 46 54 51 79 72 14 73 88 63 15 62 35 59 67 45 97 20 5 38 18 78 54 40 14 64 29 40 80 88 17 0 39 80 73 17 11 65 39 88 
37 60 99 50 95 67 58 31 38 71 25 71 19 46 73 102 25 89 51 61 26 80 29 95 34 83 71 40 34 9 21 110 74 19 25 68 10 46 41 72 22 39 0 41 52 30 28 36 28 51 
61 98 135 89 137 41 97 63 61 87 66 106 33 67 90 137 66 115 15 85 67 113 62 134 35 123 67 77 75 44 62 147 105 46 66 90 51 75 3 79 63 80 41 0 59 69 69 36 59 15 
89 101 92 91 116 45 99 36 91 123 65 117 36 98 31 145 66 139 74 33 58 67 38 132 24 117 23 86 72 44 60 152 123 71 66 120 59 97 56 21 59 73 52 59 0 76 66 82 34 74 
27 30 90 20 72 97 28 44 29 56 11 41 48 34 88 72 10 63 75 73 21 78 40 65 63 54 98 10 12 34 16 80 46 25 10 50 20 25 69 93 18 17 30 69 76 0 13 48 43 75 
39 35 79 25 68 92 33 32 41 69 3 51 43 46 76 79 4 75 77 60 8 66 29 68 57 55 89 20 6 28 7 87 57 31 4 63 18 38 69 82 7 11 28 69 66 13 0 55 32 77 
29 74 133 66 121 77 73 68 28 50 52 76 46 32 107 107 51 80 33 97 58 116 65 108 58 100 96 54 59 45 51 116 73 24 51 54 39 44 39 103 53 65 36 36 82 48 55 0 64 33 
62 67 76 58 86 68 65 4 64 95 32 84 26 71 46 111 33 107 72 33 24 54 5 98 32 84 57 53 38 19 27 118 90 46 33 91 30 67 57 49 26 39 28 59 34 43 32 64 0 72 
61 104 148 95 146 52 103 76 61 83 74 108 46 66 105 140 74 113 0 100 77 126 75 139 50 129 81 83 83 56 71 149 106 51 74 87 59 76 18 94 73 88 51 15 74 75 77 33 72 0 
0 33189 127 718 0 5 0 0 88 0 76966 16 0 1887 0 16 467 26 0 78 0 553 0 2126 10 15771 0 1 2 0 15 0 1 348 29 123 2 0 6 4 0 4 25330 1420 0 0 0 0 42 0 
33189 0 85258 74 0 0 2008 0 1366 81330 0 191 0 218 0 97042 0 70 0 1 1475 378 10 56 293 0 0 10383 10 0 39081 0 5 0 0 0 3009 0 435 0 0 0 2 7569 2315 0 0 0 0 4253 
127 85258 0 18486 5677 2 55823 21054 2846 0 20843 303 0 0 16 1 5407 0 9 0 0 19882 61 0 0 9 0 121 0 4390 154 0 0 41 53 36413 0 0 26551 1 1779 63 3 0 2999 0 1 0 0 74277 
718 74 18486 0 88533 2269 0 0 1056 11167 0 0 11 4 0 0 6840 0 21942 501 45153 0 34 8 1634 24 0 0 0 0 31 29 0 7389 10 39 103 3 1860 0 0 2452 3 9 0 0 207 0 0 12305 
0 0 5677 88533 0 14 94140 20 0 0 0 0 58923 0 93187 1801 0 0 0 60955 6 0 0 0 0 293 0 0 2 0 909 0 5 142 119 1934 0 74794 0 9958 6 0 273 0 0 18 0 2 0 710 
5 0 2 2269 14 0 5583 0 0 0 0 21935 2 0 0 1064 0 7960 19857 91433 64 0 99119 55190 0 0 1 0 15357 36267 0 8 20474 96 0 0 0 0 65976 56 0 41384 259 32748 0 0 0 81 0 140 
0 2008 55823 0 94140 5583 0 6 0 2609 9862 4 0 37928 0 3485 6 371 0 171 0 0 0 307 0 0 159 286 180 262 289 3 0 0 21614 28 0 0 26265 1611 11322 0 0 8 560 0 0 10 11095 0 
0 0 21054 0 20 0 6 0 38339 0 0 0 44 0 259 6 27 30 221 8695 25 0 912 0 33 0 37 1130 287 0 0 0 92683 1168 0 1 0 822 0 1 0 0 0 0 0 0 0 259 95132 62634 
88 1366 2846 1056 0 0 0 38339 0 56 0 0 2 0 0 1663 1110 0 49083 53950 0 0 0 0 0 0 0 0 1903 0 0 74 51 30809 0 828 225 10 10005 43 0 0 135 0 0 0 4 75 0 0 
0 81330 0 11167 0 0 2609 0 56 0 5082 0 0 64 0 0 0 10 0 0 24159 5 3542 0 518 88494 153 0 102 0 0 1 7822 292 355 14247 0 0 0 0 0 5007 171 42052 3 0 34 0 0 0 
76966 0 20843 0 0 0 9862 0 0 5082 0 686 491 0 0 0 7 0 0 131 21688 10637 0 3270 0 0 0 5 0 12239 575 0 36 0 0 7 2764 89 0 0 863 0 7261 0 0 42450 0 0 543 53 
16 191 303 0 0 21935 4 0 0 0 686 0 12669 0 12111 6585 5310 0 0 2 0 1 0 0 0 62 0 0 3 2 0 0 20 0 0 0 0 9830 7915 121 1579 29460 0 0 33 0 0 0 0 0 
0 0 0 11 58923 2 0 44 2 0 491 12669 0 0 0 0 0 0 0 0 46 0 421 43956 17494 0 0 18170 153 0 287 179 3762 0 1970 7 0 0 2622 7064 0 6420 281 0 674 306 0 34 7215 14479 
1887 218 0 4 0 0 37928 0 0 64 0 0 0 0 0 1 45 6 54701 153 4 0 0 0 2102 0 0 9406 2075 63 0 0 40 111 1501 1 0 0 0 0 339 1 0 32 0 2534 0 1 0 0 
0 0 16 0 93187 0 0 259 0 0 0 12111 0 0 0 40987 1075 4519 21 0 6415 0 0 5266 6632 1144 0 29087 0 151 48908 29 0 0 0 0 0 33 6015 0 0 0 2 0 19176 0 0 0 112 1 
16 97042 1 0 1801 1064 3485 6 1663 0 0 6585 0 1 40987 0 11 0 97330 46493 0 3678 0 1507 0 60031 14 1612 85 83504 0 1227 125 5 0 0 1281 77 0 1589 0 0 0 0 0 0 15 0 0 8 
467 0 5407 6840 0 0 6 27 1110 0 7 5310 0 45 1075 11 0 0 17619 0 0 0 0 0 0 200 79630 5 2 0 56 6 0 370 95 4 70 0 0 0 0 0 0 0 0 1 424 0 0 31 
26 70 0 0 0 7960 371 30 0 10 0 0 0 6 4519 0 0 0 260 9 3 0 12330 0 0 0 181 0 0 913 0 1929 54 12 0 0 35665 3783 0 2408 8484 21 4 0 0 0 1962 0 0 6562 
0 0 9 21942 0 19857 0 221 49083 0 0 0 0 54701 21 97330 17619 260 0 0 46 0 0 33 2 0 19 0 0 2447 0 9531 68550 0 3 0 43603 0 0 24 16488 0 0 0 0 52 205 5 0 0 
78 1 0 501 60955 91433 171 8695 53950 0 131 2 0 153 0 46493 0 9 0 0 0 0 22 0 855 7 45 0 111 227 78 23405 0 0 0 0 26151 0 0 1 0 0 0 0 0 0 155 0 6296 0 
0 1475 0 45153 6 64 0 25 0 24159 21688 0 46 4 6415 0 0 3 46 0 0 0 11 0 473 72 0 0 0 5780 5455 4 191 1 0 39237 0 98 0 66 0 5 2 305 1 0 0 78167 0 0 
553 378 19882 0 0 0 0 0 0 5 10637 1 0 0 0 3678 0 0 0 0 0 0 0 0 2 2 22 385 5 0 0 442 0 0 64756 0 0 0 129 7199 242 2429 0 376 0 0 0 0 1 0 
0 10 61 34 0 99119 0 912 0 3542 0 0 421 0 0 0 0 12330 0 22 11 0 0 19951 43678 0 0 0 0 14928 5822 0 1 629 376 0 0 0 1166 115 0 845 0 58 0 1801 0 21170 0 2476 
2126 56 0 8 0 55190 307 0 0 0 3270 0 43956 0 5266 1507 0 0 33 0 0 0 19951 0 0 0 1729 501 0 0 0 1 799 11 462 0 136 4564 0 0 22613 3 63237 0 77452 0 0 0 23654 0 
10 293 0 1634 0 0 0 33 0 518 0 0 17494 2102 6632 0 0 0 2 855 473 2 43678 0 0 0 15069 26524 5 0 4 0 0 2 0 0 11091 1352 0 3 13091 0 30 0 8714 0 0 23 0 0 
15771 0 9 24 293 0 0 0 0 88494 0 62 0 0 1144 60031 200 0 0 7 72 2 0 0 0 0 0 0 37448 16904 0 0 0 0 17922 0 16 0 0 611 6 4 0 211 61236 0 0 3 3 1 
0 0 0 0 0 1 159 37 0 153 0 0 0 0 0 14 79630 181 19 45 0 22 0 1729 15069 0 0 0 0 0 39343 74 65 0 0 0 0 213 4 317 49539 0 4 0 104 87 4176 9 2559 0 
1 10383 121 0 0 0 286 1130 0 0 5 0 18170 9406 29087 1612 5 0 0 0 0 385 0 501 26524 0 0 0 307 6607 1192 2886 0 0 3 135 0 0 142 9778 0 0 1 0 289 7954 0 0 0 1463 
2 10 0 0 2 15357 180 287 1903 102 0 3 153 2075 0 85 2 0 0 111 0 5 0 0 5 37448 0 307 0 42993 25 0 0 1604 0 0 0 19 0 1 43520 0 74 7 226 0 0 64 0 0 
0 0 4390 0 0 36267 262 0 0 0 12239 2 0 63 151 83504 0 913 2447 227 5780 0 14928 0 0 16904 0 6607 42993 0 10 0 0 0 6 6 0 7 0 0 0 0 1 5128 0 26725 0 32561 0 1522 
15 39081 154 31 909 0 289 0 0 0 575 0 287 0 48908 0 56 0 0 78 5455 0 5822 0 4 0 39343 1192 25 10 0 0 2 0 0 0 34 0 0 8250 0 0 0 0 64 10 588 0 0 7 
0 0 0 29 0 8 3 0 74 1 0 0 179 0 29 1227 6 1929 9531 23405 4 442 0 1 0 0 74 2886 0 0 0 0 93 6 94 6493 96918 1 111 0 88 78805 13 4 0 62240 0 0 306 23082 
1 5 0 0 5 20474 0 92683 51 7822 36 20 3762 40 0 125 0 54 68550 0 191 0 1 799 0 0 65 0 0 0 2 93 0 43961 0 7 0 9 0 0 29047 49177 964 0 0 3884 0 29 545 0 
348 0 41 7389 142 96 0 1168 30809 292 0 0 0 111 0 5 370 12 0 0 1 0 629 11 2 0 0 0 1604 0 0 6 43961 0 0 14 7947 0 0 68952 0 4994 106 76605 0 0 0 4 6 0 
29 0 53 10 119 0 21614 0 0 355 0 0 1970 1501 0 0 95 0 3 0 0 64756 376 462 0 17922 0 3 0 6 0 94 0 0 0 23993 337 0 0 953 0 206 0 0 0 0 514 0 0 1 
123 0 36413 39 1934 0 28 1 828 14247 7 0 7 1 0 0 4 0 0 0 39237 0 0 0 0 0 0 135 0 6 0 6493 7 14 23993 0 99751 12 0 46 0 0 18 3739 53 41221 24719 0 0 20258 
2 3009 0 103 0 0 0 0 225 0 2764 0 0 0 0 1281 70 35665 43603 26151 0 0 0 136 11091 16 0 0 0 0 34 96918 0 7947 337 99751 0 39 470 3509 0 0 28736 0 5 0 2 4 722 0 
0 0 0 3 74794 0 0 822 10 0 89 9830 0 0 33 77 0 3783 0 0 98 0 0 4564 1352 0 213 0 19 7 0 1 9 0 0 12 39 0 38 9076 3 1 0 31 0 4 0 63 64058 0 
6 435 26551 1860 0 65976 26265 0 10005 0 0 7915 2622 0 6015 0 0 0 0 0 0 129 1166 0 0 0 4 142 0 0 0 111 0 0 0 0 470 38 0 0 11 503 0 0 1269 0 24 318 0 0 
4 0 1 0 9958 56 1611 1 43 0 0 121 7064 0 0 1589 0 2408 24 1 66 7199 115 0 3 611 317 9778 1 0 8250 0 0 68952 953 46 3509 9076 0 0 236 0 251 0 0 0 0 14326 2 0 
0 0 1779 0 6 0 11322 0 0 0 863 1579 0 339 0 0 0 8484 16488 0 0 242 0 22613 13091 6 49539 0 43520 0 0 88 29047 0 0 0 0 3 11 236 0 0 0 0 10 0 48 0 0 0 
4 0 63 2452 0 41384 0 0 0 5007 0 29460 6420 1 0 0 0 21 0 0 5 2429 845 3 0 4 0 0 0 0 0 78805 49177 4994 206 0 0 1 503 0 0 0 0 0 0 0 0 0 0 5869 
25330 2 3 3 273 259 0 0 135 171 7261 0 281 0 2 0 0 4 0 0 2 0 0 63237 30 0 4 1 74 1 0 13 964 106 0 18 28736 0 0 251 0 0 0 2 65 1151 0 0 0 0 
1420 7569 0 9 0 32748 8 0 0 42052 0 0 0 32 0 0 0 0 0 0 305 376 58 0 0 211 0 0 7 5128 0 4 0 76605 0 3739 0 31 0 0 0 0 2 0 0 0 762 0 0 0 
0 2315 2999 0 0 0 560 0 0 3 0 33 674 0 19176 0 0 0 0 0 1 0 0 77452 8714 61236 104 289 226 0 64 0 0 0 0 53 5 0 1269 0 10 0 65 0 0 164 419 0 0 22 
0 0 0 0 18 0 0 0 0 0 42450 0 306 2534 0 0 1 0 52 0 0 0 1801 0 0 0 87 7954 0 26725 10 62240 3884 0 0 41221 0 4 0 0 0 0 1151 0 164 0 13959 16079 48 0 
0 0 1 207 0 0 0 0 4 34 0 0 0 0 0 15 424 1962 205 155 0 0 0 0 0 0 4176 0 0 0 588 0 0 0 514 24719 2 0 24 0 48 0 0 762 419 13959 0 0 0 0 
0 0 0 0 2 81 10 259 75 0 0 0 34 1 0 0 0 0 5 0 78167 0 21170 0 23 3 9 0 64 32561 0 0 29 4 0 0 4 63 318 14326 0 0 0 0 0 16079 0 0 0 0 
42 0 0 0 0 0 11095 95132 0 0 543 0 7215 0 112 0 0 0 0 6296 0 1 0 23654 0 3 2559 0 0 0 0 306 545 6 0 0 722 64058 0 2 0 0 0 0 0 48 0 0 0 0 
0 4253 74277 12305 710 140 0 62634 0 0 53 0 14479 0 1 8 31 6562 0 0 0 0 2476 0 0 1 0 1463 0 1522 7 23082 0 0 1 20258 0 0 0 0 0 5869 0 0 22 0 0 0 0 0 
0 0 0 0 2 0 1163 5 0 174 0 0 2 0 1182 0 0 0 13 0 46152 0 27853 0 0 0 54 0 0 1 0 1 0 0 0 0 0 25275 0 0 29378 0 0 0 2283 152 20776 3803 0 11541 
0 0 0 0 49201 40835 0 95 0 0 115 0 9 0 199 0 15 0 7 0 0 0 0 0 0 6 3 0 0 3754 0 13970 0 9663 6848 265 0 18697 0 9521 215 7581 0 0 0 177 20904 53158 4 0 
0 0 0 0 0 0 0 0 0 206 0 0 53116 343 0 0 0 31961 0 1 39 0 0 14 63910 0 333 0 43 0 0 174 1 0 0 0 27609 27 0 0 0 0 0 45 0 5 0 9 69627 0 
0 0 0 0 0 0 1 4882 0 0 4724 7528 0 0 1869 21546 0 570 0 0 0 661 0 0 0 0 1 1897 12 5 0 0 16 0 0 0 0 0 0 28 302 0 0 0 5 2989 0 2651 3963 0 
2 49201 0 0 0 0 0 0 8280 1262 1472 4 0 78577 0 0 49 317 743 0 0 6625 163 34 38665 0 2680 4282 0 2011 0 1 0 0 0 0 813 0 753 0 0 125 0 194 28 0 62363 0 19 0 
0 40835 0 0 0 0 0 223 39099 552 6 0 0 995 19263 0 59 0 0 0 0 3088 0 0 2 1 0 4 0 0 28 0 0 0 16635 1857 51 167 0 0 159 0 0 0 25 1092 774 0 6488 0 
1163 0 0 1 0 0 0 0 796 0 0 0 60768 0 8 0 0 0 18 0 1221 1634 1 0 13341 9 0 0 0 0 0 0 171 5 0 0 3614 450 0 0 0 9 1528 0 0 5 4500 0 0 2 
5 95 0 4882 0 223 0 0 0 2 115 419 0 1 0 0 0 0 0 0 0 2340 0 1 0 17671 0 0 0 6962 507 267 0 0 25902 0 12865 0 58953 0 21233 2202 1 482 25189 2035 513 0 0 0 
0 0 0 0 8280 39099 796 0 0 0 104 777 0 4669 6712 0 0 29 0 0 534 2 30265 938 84090 147 588 3 0 22817 4 0 0 0 612 0 0 0 0 0 997 3647 0 2281 18 1708 0 0 1 3854 
174 0 206 0 1262 552 0 2 0 0 0 335 2 0 4598 2922 5 0 5939 778 0 0 0 91110 0 0 0 75 0 251 94662 0 0 0 0 0 17036 51 2 407 23 0 0 0 0 5 0 13540 3279 509 
0 115 0 4724 1472 6 0 115 104 0 0 0 0 52109 16191 6018 0 51559 449 0 0 0 441 0 30 791 10 0 2100 0 0 460 0 57 478 0 0 0 75 423 0 25074 0 1277 6287 0 2 2673 0 0 
0 0 0 7528 4 0 0 419 777 335 0 0 0 3 0 0 0 23 3 0 1070 0 18127 1 34126 0 4528 170 0 0 1 2 0 1704 5 323 1784 0 0 0 0 0 108 172 0 90 23120 4 3 7541 
2 9 53116 0 0 0 60768 0 0 2 0 0 0 3 715 74 81079 809 12 1914 0 1041 0 0 0 2 1084 0 0 46 0 0 0 107 0 0 88972 912 0 0 2443 0 0 60 0 0 900 0 0 0 
0 0 343 0 78577 995 0 1 4669 0 52109 3 3 0 3086 0 0 0 0 0 0 41695 89946 2137 0 13 61568 0 0 0 25441 198 0 0 0 0 164 95557 439 42 0 0 18395 0 1 0 1 0 1548 13 
1182 199 0 1869 0 19263 8 0 6712 4598 16191 0 715 3086 0 0 0 0 0 33302 0 5 9399 0 0 0 4 0 313 0 0 0 2105 8 46 10 8826 0 0 3 230 3 0 28 0 3 17 79 0 0 
0 0 0 21546 0 0 0 0 0 2922 6018 0 74 0 0 0 0 1314 0 0 3 0 53842 0 503 0 0 0 0 0 1 0 0 0 109 26833 0 0 1 0 5 1 1745 14995 903 1018 0 104 42470 0 
0 15 0 0 49 59 0 0 0 5 0 0 81079 0 0 0 0 103 0 38 37 55687 4432 7 33 0 0 0 0 77 0 0 17214 0 0 0 0 42 19 31425 8 3474 3 199 23669 0 0 75124 1218 0 
0 0 31961 570 317 0 0 0 29 0 51559 23 809 0 0 1314 103 0 0 0 0 2111 0 3 138 558 0 7832 156 0 64 0 0 0 1426 44 0 0 632 0 0 0 0 18360 21108 3782 0 8312 3792 0 
13 7 0 0 743 0 18 0 0 5939 449 3 12 0 0 0 0 0 0 13919 0 48902 3 0 0 270 0 4 4 0 73888 0 0 13 0 7851 0 79497 1585 0 0 34191 167 3 3 0 0 0 22 146 
0 0 1 0 0 0 0 0 0 778 0 0 1914 0 33302 0 38 0 13919 0 2904 2 0 4 0 0 0 1 0 0 0 0 85 1114 9 55090 0 1477 19859 0 964 2 17559 50 176 7 0 14886 0 3944 
46152 0 39 0 0 0 1221 0 534 0 0 1070 0 0 0 3 37 0 0 2904 0 27 0 11063 0 0 10877 56 8 0 0 0 0 0 3588 0 18 0 521 0 18 0 0 0 0 4107 191 0 1 307 
0 0 0 661 6625 3088 1634 2340 2 0 0 0 1041 41695 5 0 55687 2111 48902 2 27 0 5 1104 0 0 0 0 0 309 289 0 55879 12681 0 5 463 73406 0 0 0 0 18247 0 3 7 7751 180 0 18 
27853 0 0 0 163 0 1 0 30265 0 441 18127 0 89946 9399 53842 4432 0 3 0 0 5 0 0 0 973 1005 3203 5742 0 0 3 0 0 0 18 5 187 0 0 5 0 9 0 3 0 22 0 393 0 
0 0 14 0 34 0 0 1 938 91110 0 1 0 2137 0 0 7 3 0 4 11063 1104 0 0 53 82 0 0 65846 6 82026 0 0 0 0 38 0 0 39017 718 0 0 0 36 0 148 1453 2 0 131 
0 0 63910 0 38665 2 13341 0 84090 0 30 34126 0 0 0 503 33 138 0 0 0 0 0 53 0 818 0 0 0 653 0 89 3064 0 23895 71212 0 0 2 0 0 634 0 1880 0 60730 44589 0 199 17648 
0 6 0 0 0 1 9 17671 147 0 791 0 2 13 0 0 0 558 270 0 0 0 973 82 818 0 6 4735 0 0 15733 7 40344 10 0 3386 0 26593 46778 0 0 0 2447 0 0 27 78 0 0 0 
54 3 333 1 2680 0 0 0 588 0 10 4528 1084 61568 4 0 0 0 0 0 10877 0 1005 0 0 6 0 361 1442 639 0 0 0 1 105 2682 31602 0 0 0 0 1519 0 5 0 0 0 0 0 40 
0 0 0 1897 4282 4 0 0 3 75 0 170 0 0 0 0 0 7832 4 1 56 0 3203 0 0 4735 361 0 0 0 0 0 38 10967 0 0 2 13297 0 0 410 61 0 2 0 0 1972 3 11 0 
0 0 43 12 0 0 0 0 0 0 2100 0 0 0 313 0 0 156 4 0 8 0 5742 65846 0 0 1442 0 0 0 0 47298 3038 0 731 94 214 0 9 0 0 45 0 0 0 61 106 0 2 8 
1 3754 0 5 2011 0 0 6962 22817 251 0 0 46 0 0 0 77 0 0 0 0 309 0 6 653 0 639 0 0 0 0 44 41399 608 0 0 54 0 499 70359 8 31 0 0 20696 0 1 0 27 0 
0 0 0 0 0 28 0 507 4 94662 0 1 0 25441 0 1 0 64 73888 0 0 289 0 82026 0 15733 0 0 0 0 0 3296 0 3137 147 14380 0 1 3263 0 10051 16598 236 58850 0 0 0 167 3 0 
1 13970 174 0 1 0 0 267 0 0 460 2 0 198 0 0 0 0 0 0 0 0 3 0 89 7 0 0 47298 44 3296 0 0 0 0 0 0 0 0 1 0 0 0 0 44 0 7469 55555 0 0 
0 0 1 16 0 0 171 0 0 0 0 0 0 0 2105 0 17214 0 0 85 0 55879 0 0 3064 40344 0 38 3038 41399 0 0 0 0 78 0 36 0 3 1002 0 0 0 1045 140 0 16 0 0 3 
0 9663 0 0 0 0 5 0 0 0 57 1704 107 0 8 0 0 0 13 1114 0 12681 0 0 0 10 1 10967 0 608 3137 0 0 0 84149 0 0 18752 92 0 345 0 0 0 76 27771 8540 0 0 1362 
0 6848 0 0 0 16635 0 25902 612 0 478 5 0 0 46 109 0 1426 0 9 3588 0 0 0 23895 0 105 0 731 0 147 0 78 84149 0 0 0 764 13 0 4580 0 5477 1 302 1 0 10858 1 0 
0 265 0 0 0 1857 0 0 0 0 0 323 0 0 10 26833 0 44 7851 55090 0 5 18 38 71212 3386 2682 0 94 0 14380 0 0 0 0 0 0 0 4520 0 6508 1728 0 0 0 0 0 4796 82051 0 
0 0 27609 0 813 51 3614 12865 0 17036 0 1784 88972 164 8826 0 0 0 0 0 18 463 5 0 0 0 31602 2 214 54 0 0 36 0 0 0 0 0 0 0 109 4 0 29743 0 12443 0 0 0 109 
25275 18697 27 0 0 167 450 0 0 51 0 0 912 95557 0 0 42 0 79497 1477 0 73406 187 0 0 26593 0 13297 0 0 1 0 0 18752 764 0 0 0 0 0 0 0 27310 0 466 0 14827 0 0 446 
0 0 0 0 753 0 0 58953 0 2 75 0 0 439 0 1 19 632 1585 19859 521 0 0 39017 2 46778 0 0 9 499 3263 0 3 92 13 4520 0 0 0 7 0 0 1 29454 0 7 0 0 4 1175 
0 9521 0 28 0 0 0 0 0 407 423 0 0 42 3 0 31425 0 0 0 0 0 0 718 0 0 0 0 0 70359 0 1 1002 0 0 0 0 0 7 0 0 1763 0 289 128 49 50012 0 0 54 
29378 215 0 302 0 159 0 21233 997 23 0 0 2443 0 230 5 8 0 0 964 18 0 5 0 0 0 0 410 0 8 10051 0 0 345 4580 6508 109 0 0 0 0 1 68185 17 0 2213 0 17797 18 3413 
0 7581 0 0 125 0 9 2202 3647 0 25074 0 0 0 3 1 3474 0 34191 2 0 0 0 0 634 0 1519 61 45 31 16598 0 0 0 0 1728 4 0 0 1763 1 0 10 3031 343 38165 70358 4 58 0 
0 0 0 0 0 0 1528 1 0 0 0 108 0 18395 0 1745 3 0 167 17559 0 18247 9 0 0 2447 0 0 0 0 236 0 0 0 5477 0 0 27310 1 0 68185 10 0 0 0 0 88 15492 5 3 
0 0 45 0 194 0 0 482 2281 0 1277 172 60 0 28 14995 199 18360 3 50 0 0 0 36 1880 0 5 2 0 0 58850 0 1045 0 1 0 29743 0 29454 289 17 3031 0 0 41632 10 0 192 20049 423 
2283 0 0 5 28 25 0 25189 18 0 6287 0 0 1 0 903 23669 21108 3 176 0 3 3 0 0 0 0 0 0 20696 0 44 140 76 302 0 0 466 0 128 0 343 0 41632 0 0 0 3001 95828 0 
152 177 5 2989 0 1092 5 2035 1708 5 0 90 0 0 3 1018 0 3782 0 7 4107 7 0 148 60730 27 0 0 61 0 0 0 0 27771 1 0 12443 0 7 49 2213 38165 0 10 0 0 0 0 0 1 
20776 20904 0 0 62363 774 4500 513 0 0 2 23120 900 1 17 0 0 0 0 0 191 7751 22 1453 44589 78 0 1972 106 1 0 7469 16 8540 0 0 0 14827 0 50012 0 70358 88 0 0 0 0 4342 76148 513 
3803 53158 9 2651 0 0 0 0 0 13540 2673 4 0 0 79 104 75124 8312 0 14886 0 180 0 2 0 0 0 3 0 0 167 55555 0 0 10858 4796 0 0 0 0 17797 4 15492 192 3001 0 4342 0 14 6 
0 4 69627 3963 19 6488 0 0 1 3279 0 3 0 1548 0 42470 1218 3792 22 0 1 0 393 0 199 0 0 11 2 27 3 0 0 0 1 82051 0 0 4 0 18 58 5 20049 95828 0 76148 14 0 61428 
11541 0 0 0 0 0 2 0 3854 509 0 7541 0 13 0 0 0 0 146 3944 307 18 0 131 17648 0 40 0 8 0 0 0 3 1362 0 0 109 446 1175 54 3413 0 3 423 0 1 513 6 61428 0 
0 0 0 0 1058 0 82990 36738 0 24420 0 0 82948 0 53 0 0 0 7359 0 2 0 292 0 0 0 7952 0 0 495 0 30084 0 0 0 0 0 1 0 0 821 0 0 0 17 80214 144 492 0 49446 
0 0 0 0 10 1 0 3624 0 0 3 0 13 0 35 0 14399 0 3678 0 0 0 0 0 0 6267 5 0 0 527 0 162 0 18 871 103 0 1629 0 6693 50888 5 0 0 0 5 1 69 54 0 
0 0 0 0 0 0 0 0 0 3 0 0 14806 1652 0 0 0 5 0 8 184 0 0 10096 30 0 61 0 11194 0 0 949 9 0 0 0 2 4 0 0 0 0 0 1101 0 2195 0 1257 72 0 
0 0 0 0 0 0 4939 18123 0 0 69095 28220 0 0 2 147 0 21267 0 0 0 86 0 0 0 0 33 158 906 24 0 0 422 0 0 0 0 0 0 12175 25 0 0 0 8348 319 0 5768 394 0 
1058 10 0 0 0 0 0 0 2707 12489 13 99 0 13 0 0 8413 20 1 0 0 1396 721 1 1098 0 10 36 0 1705 0 70061 0 0 0 0 44996 0 10 0 0 67395 0 3256 65 0 215 0 13 0 
0 1 0 0 0 0 0 457 94 9 3 0 0 412 89 0 2 0 0 0 0 4 0 0 3 55180 0 774 0 0 5889 0 0 0 32 550 461 126 0 0 1747 0 0 0 13875 259 3665 0 1 0 
82990 0 0 4939 0 0 0 0 4 0 0 0 1 0 16717 0 0 0 19921 0 42 324 51 0 18767 141 0 0 0 0 0 0 1 889 0 0 10 21058 0 0 0 326 22053 0 0 2137 327 0 0 25 
36738 3624 0 18123 0 457 0 0 0 2327 1823 223 0 94235 0 0 0 0 0 0 0 104 0 38277 0 41 0 0 0 49 5166 11197 0 0 9278 0 34744 0 13 0 4999 46 38 86 9659 1884 3 0 0 0 
0 0 0 0 2707 94 4 0 0 0 70 948 0 310 1078 0 0 2 0 0 39390 7 24 147 156 59783 54 17 0 628 31 0 0 0 20 0 0 0 0 0 16048 16 0 48 2484 3 0 0 6 2 
24420 0 3 0 12489 9 0 2327 0 0 0 20 1135 0 16 1 3 0 25052 1 0 0 0 526 0 0 0 40 0 81978 154 0 0 0 0 0 1857 7863 6 13 20 0 0 0 0 1235 0 3 26327 6 
0 3 0 69095 13 3 0 1823 70 0 0 0 0 2 205 11 0 273 59957 0 0 0 9342 0 69240 14309 361 0 41 0 0 78426 0 2400 70728 0 0 0 16 4210 0 4 0 1 82301 0 72 598 0 0 
0 0 0 28220 99 0 0 223 948 20 0 0 0 48 0 0 0 840 15 0 5 0 18 7 2 0 3 12634 0 0 18 3301 0 995 78 2 37479 0 0 0 0 0 5522 689 0 43766 2 4 2550 44803 
82948 13 14806 0 0 0 1 0 0 1135 0 0 0 98050 64 87346 2 5 1 1 0 133 0 0 0 3 147 0 0 46516 0 0 0 5 0 0 29406 1 0 0 107 0 0 2 0 0 75016 0 0 0 
0 0 1652 0 13 412 0 94235 310 0 2 48 98050 0 2098 0 0 0 0 0 0 35 1884 115 0 43440 51570 0 0 0 1773 10020 0 0 0 0 66 68357 10843 1 0 0 5674 0 2268 0 2 0 2599 1538 
53 35 0 2 0 89 16717 0 1078 16 205 0 64 2098 0 0 0 0 0 9 0 120 222 0 0 0 14796 0 133 0 0 0 20 4344 155 2 652 0 0 469 21 3 0 1079 0 11302 372 30 0 0 
0 0 0 147 0 0 0 0 0 1 11 0 87346 0 0 0 0 8012 0 0 15 0 9 0 26191 0 0 0 0 0 56350 0 0 0 2551 2 0 0 1 0 967 16790 5 15 4316 140 0 4191 908 0 
0 14399 0 0 8413 2 0 0 0 3 0 0 2 0 0 0 0 275 0 32 12778 24622 37 17 26701 0 0 0 0 10873 0 0 219 0 0 0 0 20744 36 10 133 537 23016 29830 2 0 0 224 13 0 
0 0 5 21267 20 0 0 0 2 0 273 840 5 0 0 8012 275 0 0 0 0 51923 0 1351 148 2 0 2 84 0 175 0 0 0 4508 1307 0 0 43777 0 0 0 0 7774 1186 1412 0 6 61742 0 
7359 3678 0 0 1 0 19921 0 0 25052 59957 15 1 0 0 0 0 0 0 541 0 42 379 0 0 1 0 14 747 0 845 0 0 228 0 159 0 768 17 0 0 2040 16 127 141 0 0 0 8 88 
0 0 8 0 0 0 0 0 0 1 0 0 1 0 9 0 32 0 541 0 1995 69 0 1 0 0 0 1 0 0 0 0 16 265 3327 34 0 9717 8 0 4644 212 1487 56 2567 1395 0 3714 0 1442 
2 0 184 0 0 0 42 0 39390 0 0 5 0 0 0 15 12778 0 0 1995 0 32 0 4728 0 0 3904 42 6 0 0 0 0 0 373 0 52 0 23097 0 12460 0 0 0 0 2 19 0 2207 126 
0 0 0 86 1396 4 324 104 7 0 0 0 133 35 120 0 24622 51923 42 69 32 0 13 4 0 0 0 0 0 35470 19760 0 30 23 0 7 70972 830 0 0 0 0 135 0 38 41 1 37 0 22 
292 0 0 0 721 0 51 0 24 0 9342 18 0 1884 222 9 37 0 379 0 0 13 0 0 0 17 7 94587 8196 0 0 1 0 0 0 26135 464 4568 0 0 290 0 1812 0 54353 0 1323 0 67 0 
0 0 10096 0 1 0 0 38277 147 526 0 7 0 115 0 0 17 1351 0 1 4728 4 0 0 121 6471 0 0 35171 88 90022 0 0 0 0 52642 0 0 4452 68352 0 0 0 94105 0 7 56652 7 0 480 
0 0 30 0 1098 3 18767 0 156 0 69240 2 0 0 0 26191 26701 148 0 0 0 0 0 121 0 88 0 0 0 8 0 29305 7931 0 1 27 0 0 301 0 0 44 0 18 0 44 24044 0 1082 26 
0 6267 0 0 0 55180 141 41 59783 0 14309 0 3 43440 0 0 0 2 1 0 0 0 17 6471 88 0 10 10197 0 0 119 71716 921 125 0 199 0 11 26 0 0 0 6224 0 0 1938 1647 0 0 0 
7952 5 61 33 10 0 0 0 54 0 361 3 147 51570 14796 0 0 0 0 0 3904 0 7 0 0 10 0 12 1071 1149 0 0 0 162 4955 52 780 0 0 0 0 21 0 38 0 0 0 0 0 358 
0 0 0 158 36 774 0 0 17 40 0 12634 0 0 0 0 0 2 14 1 42 0 94587 0 0 10197 12 0 0 0 0 0 4305 41 0 0 2 282 0 0 350 3 0 27636 0 0 3680 22 4 0 
0 0 11194 906 0 0 0 0 0 0 41 0 0 0 133 0 0 84 747 0 6 0 8196 35171 0 0 1071 0 0 0 0 88 1 0 91 1099 8924 0 15820 0 0 3 0 0 0 37035 88 0 7 4828 
495 527 0 24 1705 0 0 49 628 81978 0 0 46516 0 0 0 10873 0 0 0 0 35470 0 88 8 0 1149 0 0 0 0 339 11350 2 0 0 1 0 96 47 132 11898 0 0 25 0 9 0 29 0 
0 0 0 0 0 5889 0 5166 31 154 0 18 0 1773 0 56350 0 175 845 0 0 19760 0 90022 0 119 0 0 0 0 0 9193 0 50359 197 2 0 2 272 0 3809 1050 9005 5284 0 0 0 35258 6385 0 
30084 162 949 0 70061 0 0 11197 0 0 78426 3301 0 10020 0 0 0 0 0 0 0 0 1 0 29305 71716 0 0 88 339 9193 0 0 0 0 0 0 0 0 3605 0 0 0 0 4214 0 1626 2860 0 0 
0 0 9 422 0 0 1 0 0 0 0 0 0 0 20 0 219 0 0 16 0 30 0 0 7931 921 0 4305 1 11350 0 0 0 0 181 0 1249 0 4437 23 0 0 0 1 175 0 7723 0 0 5 
0 18 0 0 0 0 889 0 0 0 2400 995 5 0 4344 0 0 0 228 265 0 23 0 0 0 125 162 41 0 2 50359 0 0 0 21348 0 0 49 1 0 9 0 0 0 2 547 20461 0 0 42869 
0 871 0 0 0 32 0 9278 20 0 70728 78 0 0 155 2551 0 4508 0 3327 373 0 0 0 1 0 4955 0 91 0 197 0 181 21348 0 0 0 34 2 0 17 0 64401 22958 72407 1 0 2 34807 0 
0 103 0 0 0 550 0 0 0 0 0 2 0 0 2 2 0 1307 159 34 0 7 26135 52642 27 199 52 0 1099 0 2 0 0 0 0 0 0 0 1687 0 3 6826 0 0 0 0 0 48797 1865 0 
0 0 2 0 44996 461 10 34744 0 1857 0 37479 29406 66 652 0 0 0 0 0 52 70972 464 0 0 0 780 2 8924 1 0 0 1249 0 0 0 0 0 0 0 60 332 0 250 0 1698 0 0 0 3 
1 1629 4 0 0 126 21058 0 0 7863 0 0 1 68357 0 0 20744 0 768 9717 0 830 4568 0 0 11 0 282 0 0 2 0 0 49 34 0 0 0 0 0 0 0 23 0 74886 0 22 0 0 2133 
0 0 0 0 10 0 0 13 0 6 16 0 0 10843 0 1 36 43777 17 8 23097 0 0 4452 301 26 0 0 15820 96 272 0 4437 1 2 1687 0 0 0 63 0 0 271 74 0 636 0 0 5 2 
0 6693 0 12175 0 0 0 0 0 13 4210 0 0 1 469 0 10 0 0 0 0 0 0 68352 0 0 0 0 0 47 0 3605 23 0 0 0 0 0 63 0 0 21920 0 42 17778 37895 25 0 0 1176 
821 50888 0 25 0 1747 0 4999 16048 20 0 0 107 0 21 967 133 0 0 4644 12460 0 290 0 0 0 0 350 0 132 3809 0 0 9 17 3 60 0 0 0 0 32 76840 3898 0 3504 0 51682 431 150 
0 5 0 0 67395 0 326 46 16 0 4 0 0 0 3 16790 537 0 2040 212 0 0 0 0 44 0 21 3 3 11898 1050 0 0 0 0 6826 332 0 0 21920 32 0 7 14 2601 42 3731 93 598 0 
0 0 0 0 0 0 22053 38 0 0 0 5522 0 5674 0 5 23016 0 16 1487 0 135 1812 0 0 6224 0 0 0 0 9005 0 0 0 64401 0 0 23 271 0 76840 7 0 0 0 0 7 363 626 34595 
0 0 1101 0 3256 0 0 86 48 0 1 689 2 0 1079 15 29830 7774 127 56 0 0 0 94105 18 0 38 27636 0 0 5284 0 1 0 22958 0 250 0 74 42 3898 14 0 0 2 3 0 11616 113 46 
17 0 0 8348 65 13875 0 9659 2484 0 82301 0 0 2268 0 4316 2 1186 141 2567 0 38 54353 0 0 0 0 0 0 25 0 4214 175 2 72407 0 0 74886 0 17778 0 2601 0 2 0 0 0 4 72804 0 
80214 5 2195 319 0 259 2137 1884 3 1235 0 43766 0 0 11302 140 0 1412 0 1395 2 41 0 7 44 1938 0 0 37035 0 0 0 0 547 1 0 1698 0 636 37895 3504 42 0 3 0 0 0 0 0 2208 
144 1 0 0 215 3665 327 3 0 0 72 2 75016 2 372 0 0 0 0 0 19 1 1323 56652 24044 1647 0 3680 88 9 0 1626 7723 20461 0 0 0 22 0 25 0 3731 7 0 0 0 0 200 1 32 
492 69 1257 5768 0 0 0 0 0 3 598 4 0 0 30 4191 224 6 0 3714 0 37 0 7 0 0 0 22 0 0 35258 2860 0 0 2 48797 0 0 0 0 51682 93 363 11616 4 0 200 0 19 2128 
0 54 72 394 13 1 0 0 6 26327 0 2550 0 2599 0 908 13 61742 8 0 2207 0 67 0 1082 0 0 4 7 29 6385 0 0 0 34807 1865 0 0 5 0 431 598 626 113 72804 0 1 19 0 18943 
49446 0 0 0 0 0 25 0 2 6 0 44803 0 1538 0 0 0 0 88 1442 126 22 0 480 26 0 358 0 4828 0 0 0 5 42869 0 0 3 2133 2 1176 150 0 34595 46 0 2208 32 2128 18943 0 
