10 4
0 46 118 40 96 98 46 64 2 33 
46 0 88 10 53 127 3 66 48 60 
118 88 0 85 53 137 85 71 120 144 
40 10 85 0 56 117 8 56 42 59 
96 53 53 56 0 154 51 82 98 112 
98 127 137 117 154 0 125 72 99 127 
46 3 85 8 51 125 0 63 48 61 
64 66 71 56 82 72 63 0 66 97 
2 48 120 42 98 99 48 66 0 32 
33 60 144 59 112 127 61 97 32 0 
0 8250 16 0 0 52 23351 0 217 63 
8250 0 0 0 24 0 0 10 58073 47769 
16 0 0 0 0 13 0 97 6378 341 
0 0 0 0 2598 740 739 0 0 129 
0 24 0 2598 0 28702 0 618 0 0 
52 0 13 740 28702 0 0 0 146 3 
23351 0 0 739 0 0 0 0 0 15 
0 10 97 0 618 0 0 0 0 0 
217 58073 6378 0 0 146 0 0 0 0 
63 47769 341 129 0 3 15 0 0 0 
0 0 0 14 21 0 0 648 0 0 
0 0 15 11 0 9 2 0 0 0 
0 15 0 15 582 0 14 0 0 0 
14 11 15 0 0 0 0 27 20 0 
21 0 582 0 0 0 1 0 886 38323 
0 9 0 0 0 0 85 131 0 0 
0 2 14 0 1 85 0 44277 14 0 
648 0 0 27 0 131 44277 0 14 28 
0 0 0 20 886 0 14 14 0 427 
0 0 0 0 38323 0 0 28 427 0 
0 0 0 32 3 0 0 22 0 0 
0 0 39 526 0 138 171 0 0 0 
0 39 0 3 31497 0 10802 0 0 0 
32 526 3 0 0 0 0 89 94 0 
3 0 31497 0 0 0 1188 0 41070 99 
0 138 0 0 0 0 2 10 0 0 
0 171 10802 0 1188 2 0 10300 299 0 
22 0 0 89 0 10 10300 0 0 3 
0 0 0 94 41070 0 299 0 0 195 
0 0 0 0 99 0 0 3 195 0 
0 0 0 33 370 0 0 8530 0 0 
0 0 3 1379 1 0 25 0 0 0 
0 3 0 17 46338 0 920 0 0 0 
33 1379 17 0 0 0 0 1 2 0 
370 1 46338 0 0 0 850 0 24888 8569 
0 0 0 0 0 0 9 162 0 0 
0 25 920 0 850 9 0 3 6150 0 
8530 0 0 1 0 162 3 0 12 0 
0 0 0 2 24888 0 6150 12 0 21168 
0 0 0 0 8569 0 0 0 21168 0 
