15 2
0 59 64 103 62 95 95 48 90 88 90 112 64 139 74 
59 0 70 49 40 62 36 46 31 30 43 69 27 80 26 
64 70 0 118 33 51 89 98 88 95 64 73 48 126 97 
103 49 118 0 85 94 38 68 34 23 68 88 69 56 28 
62 40 33 85 0 33 56 78 55 62 34 51 15 94 66 
95 62 51 94 33 0 57 107 59 71 25 22 37 82 84 
95 36 89 38 56 57 0 77 6 17 31 50 41 44 39 
48 46 98 68 78 107 77 0 71 63 90 115 69 117 41 
90 31 88 34 55 59 6 71 0 12 34 55 39 49 33 
88 30 95 23 62 71 17 63 12 0 46 67 46 53 23 
90 43 64 68 34 25 31 90 34 46 0 25 25 61 61 
112 69 73 88 51 22 50 115 55 67 25 0 49 63 86 
64 27 48 69 15 37 41 69 39 46 25 49 0 81 52 
139 80 126 56 94 82 44 117 49 53 61 63 81 0 75 
74 26 97 28 66 84 39 41 33 23 61 86 52 75 0 
0 0 0 0 0 0 1041 2215 7 1053 0 449 392 0 0 
0 0 0 0 1016 0 23624 2 0 0 0 25 106 62143 3 
0 0 0 75 0 0 0 0 13526 52 51760 0 0 397 14553 
0 0 75 0 50 378 2349 2845 5234 119 2 0 197 427 23094 
0 1016 0 50 0 7 27 14752 0 37760 4 0 0 70915 0 
0 0 0 378 7 0 0 3 0 1 206 0 498 406 0 
1041 23624 0 2349 27 0 0 0 0 0 0 0 801 0 0 
2215 2 0 2845 14752 3 0 0 0 22 0 4 0 0 0 
7 0 13526 5234 0 0 0 0 0 0 73 0 0 0 9 
1053 0 52 119 37760 1 0 22 0 0 203 0 49964 0 2238 
0 0 51760 2 4 206 0 0 73 203 0 15 0 614 23 
449 25 0 0 0 0 0 4 0 0 15 0 0 0 2033 
392 106 0 197 0 498 801 0 0 49964 0 0 0 0 0 
0 62143 397 427 70915 406 0 0 0 0 614 0 0 0 81 
0 3 14553 23094 0 0 0 0 9 2238 23 2033 0 81 0 
0 3 0 82 0 0 276 67 0 0 1163 1083 0 2 8 
3 0 5 94001 5 0 0 1 0 0 0 0 0 0 0 
0 5 0 11 2 0 0 0 0 9 60759 2 0 13 7470 
82 94001 11 0 2 0 2483 46078 0 131 0 9 1278 2003 3343 
0 5 2 2 0 3 0 2428 0 12049 0 0 5 9878 2 
0 0 0 0 3 0 0 6 4 23 0 0 0 0 196 
276 0 0 2483 0 0 0 0 0 413 0 0 8 0 0 
67 1 0 46078 2428 6 0 0 3483 0 0 0 0 12 0 
0 0 0 0 0 4 0 3483 0 21 11 0 9738 3341 0 
0 0 9 131 12049 23 413 0 21 0 71 23479 0 561 0 
1163 0 60759 0 0 0 0 0 11 71 0 0 2 0 1 
1083 0 2 9 0 0 0 0 0 23479 0 0 3543 0 0 
0 0 0 1278 5 0 8 0 9738 0 2 3543 0 0 8780 
2 0 13 2003 9878 0 0 12 3341 561 0 0 0 0 0 
8 0 7470 3343 2 196 0 0 0 0 1 0 8780 0 0 
