15 4
0 46 118 40 96 98 46 64 2 33 36 47 55 9 108 
46 0 88 10 53 127 3 66 48 60 37 19 78 48 107 
118 88 0 85 53 137 85 71 120 144 83 106 102 125 70 
40 10 85 0 56 117 8 56 42 59 26 26 68 43 98 
96 53 53 56 0 154 51 82 98 112 71 66 108 100 106 
98 127 137 117 154 0 125 72 99 127 90 138 49 106 75 
46 3 85 8 51 125 0 63 48 61 34 22 76 49 104 
64 66 71 56 82 72 63 0 66 97 32 83 30 73 44 
2 48 120 42 98 99 48 66 0 32 38 48 56 7 110 
33 60 144 59 112 127 61 97 32 0 67 48 88 24 142 
36 37 83 26 71 90 34 32 38 67 0 51 41 44 77 
47 19 106 26 66 138 22 83 48 48 51 0 90 45 125 
55 78 102 68 108 49 76 30 56 88 41 90 0 63 62 
9 48 125 43 100 106 49 73 7 24 44 45 63 0 117 
108 107 70 98 106 75 104 44 110 142 77 125 62 117 0 
0 11 0 6 17364 0 8081 0 0 394 316 0 0 0 100 
11 0 4 24364 28 0 26175 10 0 998 244 0 37 0 492 
0 4 0 24670 2 586 3 21365 73776 58711 1 3 21324 0 47 
6 24364 24670 0 0 10 19527 27 0 39 0 32 55 0 0 
17364 28 2 0 0 0 0 0 14 618 242 0 35530 39102 596 
0 0 586 10 0 0 473 1711 11922 600 0 0 1056 0 0 
8081 26175 3 19527 0 473 0 2 0 0 0 0 15287 0 0 
0 10 21365 27 0 1711 2 0 0 2516 0 0 0 0 0 
0 0 73776 0 14 11922 0 0 0 0 6194 5 0 2 11578 
394 998 58711 39 618 600 0 2516 0 0 185 71 0 0 0 
316 244 1 0 242 0 0 0 6194 185 0 0 9330 0 0 
0 0 3 32 0 0 0 0 5 71 0 0 2 1789 0 
0 37 21324 55 35530 1056 15287 0 0 0 9330 2 0 0 3454 
0 0 0 0 39102 0 0 0 2 0 0 1789 0 0 0 
100 492 47 0 596 0 0 0 11578 0 0 0 3454 0 0 
0 77683 1509 0 0 0 61 134 0 15 30 0 71 63 775 
77683 0 27390 5 0 0 0 0 9154 0 0 238 3 1 0 
1509 27390 0 0 241 4367 514 2 9 0 0 2 0 0 2 
0 5 0 0 23 0 0 187 0 787 529 63 0 0 2271 
0 0 241 23 0 3825 0 0 0 1 26333 0 36075 0 48 
0 0 4367 0 3825 0 740 17 0 0 0 14 0 0 37094 
61 0 514 0 0 740 0 2 95589 67 0 0 0 39 17401 
134 0 2 187 0 17 2 0 45859 31 52324 0 5 0 0 
0 9154 9 0 0 0 95589 45859 0 13 0 11274 0 0 2 
15 0 0 787 1 0 67 31 13 0 1733 0 16819 81330 4 
30 0 0 529 26333 0 0 52324 0 1733 0 5 0 15395 0 
0 238 2 63 0 14 0 0 11274 0 5 0 0 0 19 
71 3 0 0 36075 0 0 5 0 16819 0 0 0 0 0 
63 1 0 0 0 0 39 0 0 81330 15395 0 0 0 0 
775 0 2 2271 48 37094 17401 0 2 4 0 19 0 0 0 
0 0 0 1 4 3 2294 4960 128 0 1637 167 0 0 15154 
0 0 257 0 0 94 3 86 0 7 6 20 0 10309 0 
0 257 0 10 0 39 0 1882 5 13 0 0 1 467 0 
1 0 10 0 15 21 0 0 72556 0 24621 3 0 0 0 
4 0 0 15 0 182 0 0 14671 0 20232 0 0 0 0 
3 94 39 21 182 0 0 0 98273 65234 20 1269 0 0 0 
2294 3 0 0 0 0 0 0 0 0 0 0 0 5 0 
4960 86 1882 0 0 0 0 0 12863 0 0 341 116 12 0 
128 0 5 72556 14671 98273 0 12863 0 2008 30 71 2212 0 2507 
0 7 13 0 0 65234 0 0 2008 0 0 0 0 0 18109 
1637 6 0 24621 20232 20 0 0 30 0 0 0 8 15 3151 
167 20 0 3 0 1269 0 341 71 0 0 0 1 0 1727 
0 0 1 0 0 0 0 116 2212 0 8 1 0 2296 40250 
0 10309 467 0 0 0 5 12 0 0 15 0 2296 0 0 
15154 0 0 0 0 0 0 0 2507 18109 3151 1727 40250 0 0 
0 76 198 13962 5650 384 0 126 0 22 7 324 0 0 0 
76 0 0 20406 8 7027 0 0 26 0 1 0 2 70 0 
198 0 0 0 1390 80 2477 0 0 82 0 168 15 0 39 
13962 20406 0 0 72 0 13 0 0 0 0 1 1 85418 70 
5650 8 1390 72 0 0 67 37 2682 0 0 46306 20430 0 5 
384 7027 80 0 0 0 4768 20063 42 68 18905 2615 0 9 31 
0 0 2477 13 67 4768 0 0 0 2 4099 31993 0 1082 0 
126 0 0 0 37 20063 0 0 0 0 18924 20 551 0 0 
0 26 0 0 2682 42 0 0 0 55823 0 58 0 0 43 
22 0 82 0 0 68 2 0 55823 0 0 0 0 0 0 
7 1 0 0 0 18905 4099 18924 0 0 0 1041 1270 0 5 
324 0 168 1 46306 2615 31993 20 58 0 1041 0 0 0 0 
0 2 15 1 20430 0 0 551 0 0 1270 0 0 39789 793 
0 70 0 85418 0 9 1082 0 0 0 0 0 39789 0 0 
0 0 39 70 5 31 0 0 43 0 5 0 793 0 0 
