7 4
0 46 118 40 96 98 46 
46 0 88 10 53 127 3 
118 88 0 85 53 137 85 
40 10 85 0 56 117 8 
96 53 53 56 0 154 51 
98 127 137 117 154 0 125 
46 3 85 8 51 125 0 
0 0 1 11 0 256 5 
0 0 1330 964 14 85 44 
1 1330 0 1 0 0 0 
11 964 1 0 0 4 0 
0 14 0 0 0 2 0 
256 85 0 4 2 0 0 
5 44 0 0 0 0 0 
0 0 7 77683 0 4 0 
0 0 7761 87 0 20 0 
7 7761 0 8830 104 1509 0 
77683 87 8830 0 0 27390 0 
0 0 104 0 0 0 0 
4 20 1509 27390 0 0 37 
0 0 0 0 0 37 0 
0 0 10507 0 0 1 7 
0 0 0 0 4017 765 0 
10507 0 0 0 0 0 331 
0 0 0 0 1343 257 0 
0 4017 0 1343 0 13075 147 
1 765 0 257 13075 0 48785 
7 0 331 0 147 48785 0 
0 0 5 76 12732 0 0 
0 0 0 0 165 0 43010 
5 0 0 0 1831 198 16 
76 0 0 0 0 0 0 
12732 165 1831 0 0 0 0 
0 0 198 0 0 0 0 
0 43010 16 0 0 0 0 
