15 4
0 46 118 40 96 98 46 64 2 33 36 47 55 9 108 
46 0 88 10 53 127 3 66 48 60 37 19 78 48 107 
118 88 0 85 53 137 85 71 120 144 83 106 102 125 70 
40 10 85 0 56 117 8 56 42 59 26 26 68 43 98 
96 53 53 56 0 154 51 82 98 112 71 66 108 100 106 
98 127 137 117 154 0 125 72 99 127 90 138 49 106 75 
46 3 85 8 51 125 0 63 48 61 34 22 76 49 104 
64 66 71 56 82 72 63 0 66 97 32 83 30 73 44 
2 48 120 42 98 99 48 66 0 32 38 48 56 7 110 
33 60 144 59 112 127 61 97 32 0 67 48 88 24 142 
36 37 83 26 71 90 34 32 38 67 0 51 41 44 77 
47 19 106 26 66 138 22 83 48 48 51 0 90 45 125 
55 78 102 68 108 49 76 30 56 88 41 90 0 63 62 
9 48 125 43 100 106 49 73 7 24 44 45 63 0 117 
108 107 70 98 106 75 104 44 110 142 77 125 62 117 0 
0 0 902 0 0 97 0 0 2507 1 11558 10 6585 0 0 
0 0 21 7027 13 0 0 1 0 20 0 0 0 3 4 
902 21 0 3825 6042 618 63 0 0 0 0 0 0 0 44 
0 7027 3825 0 23351 0 47769 0 0 0 2 0 2 0 0 
0 13 6042 23351 0 0 341 0 0 14070 6 0 0 0 47 
97 0 618 0 0 0 129 0 5082 0 0 0 0 31 0 
0 0 63 47769 341 129 0 0 28 23297 0 28577 0 0 0 
0 1 0 0 0 0 0 0 0 0 9 0 0 1 91433 
2507 0 0 0 0 5082 28 0 0 206 0 8825 5310 39400 53950 
1 20 0 0 14070 0 23297 0 206 0 166 1 0 8055 46493 
11558 0 0 2 6 0 0 9 0 166 0 0 1002 0 1937 
10 0 0 0 0 0 28577 0 8825 1 0 0 176 0 28603 
6585 0 0 2 0 0 0 0 5310 0 1002 176 0 0 0 
0 3 0 0 0 31 0 1 39400 8055 0 0 0 0 98508 
0 4 44 0 47 0 0 91433 53950 46493 1937 28603 0 98508 0 
0 0 1905 1 0 998 0 0 0 0 511 0 76294 20396 157 
0 0 39 0 0 27 0 4 0 1 2411 8 4 0 0 
1905 39 0 0 0 1499 0 294 4646 48 0 0 0 840 0 
1 0 0 0 50905 131 0 0 95 21 0 0 73 71024 0 
0 0 0 50905 0 44277 58 0 1472 0 0 27 0 29 0 
998 27 1499 131 44277 0 4661 0 650 0 0 0 10 0 19659 
0 0 0 0 58 4661 0 0 0 0 1226 0 1381 942 54 
0 4 294 0 0 0 0 0 6403 10 0 0 0 0 0 
0 0 4646 95 1472 650 0 6403 0 0 0 14546 4137 7634 0 
0 1 48 21 0 0 0 10 0 0 473 1 0 19708 0 
511 2411 0 0 0 0 1226 0 0 473 0 0 1269 0 2650 
0 8 0 0 27 0 0 0 14546 1 0 0 0 955 8061 
76294 4 0 73 0 10 1381 0 4137 0 1269 0 0 0 6 
20396 0 840 71024 29 0 942 0 7634 19708 0 955 0 0 16422 
157 0 0 0 0 19659 54 0 0 0 2650 8061 6 16422 0 
0 0 132 0 0 0 3 0 0 0 0 0 1444 0 32 
0 0 0 4367 2 0 0 0 33673 0 0 16717 9845 0 0 
132 0 0 1346 0 0 0 0 8905 0 70 0 19 0 0 
0 4367 1346 0 32253 10 0 33 0 0 3 1419 0 3 0 
0 2 0 32253 0 10300 10 0 0 775 0 83 0 0 194 
0 0 0 10 10300 0 0 0 333 3 1057 0 0 0 0 
3 0 0 0 10 0 0 0 23 0 1 0 69 0 78074 
0 0 0 33 0 0 0 0 5 15048 0 4 0 0 8695 
0 33673 8905 0 0 333 23 5 0 49 88672 25266 0 25796 0 
0 0 0 0 775 3 0 15048 49 0 0 0 0 0 996 
0 0 70 3 0 1057 1 0 88672 0 0 14 0 2 0 
0 16717 0 1419 83 0 0 4 25266 0 14 0 0 0 0 
1444 9845 19 0 0 0 69 0 0 0 0 0 0 0 0 
0 0 0 3 0 0 0 0 25796 0 2 0 0 0 0 
32 0 0 0 194 0 78074 8695 0 996 0 0 0 0 0 
0 0 194 6590 0 7 0 129 0 0 0 233 0 0 0 
0 0 4 2598 37 1 0 0 0 707 1 5763 1084 0 0 
194 4 0 44 0 0 0 19 0 0 0 33 0 0 299 
6590 2598 44 0 4707 0 404 12 69095 37059 6 1 0 0 2148 
0 37 0 4707 0 3 0 1982 0 0 0 0 0 37410 3 
7 1 0 0 3 0 19 152 0 170 7 1152 0 0 0 
0 0 0 404 0 19 0 90183 0 4576 0 0 0 0 1997 
129 0 19 12 1982 152 90183 0 72753 0 0 8 0 0 0 
0 0 0 69095 0 0 0 72753 0 0 0 0 23649 3301 4270 
0 707 0 37059 0 170 4576 0 0 0 156 0 0 39235 0 
0 1 0 6 0 7 0 0 0 156 0 0 359 7 0 
233 5763 33 1 0 1152 0 8 0 0 0 0 44 743 0 
0 1084 0 0 0 0 0 0 23649 0 359 44 0 0 891 
0 0 0 0 37410 0 0 0 3301 39235 7 743 0 0 5273 
0 0 299 2148 3 0 1997 0 4270 0 0 0 891 5273 0 
