50 3
0 123 17 72 89 90 77 84 122 70 141 118 117 117 58 85 94 145 69 99 137 99 30 139 114 56 50 94 70 158 148 87 53 161 64 94 106 62 87 81 66 9 49 48 135 73 47 81 16 69 
123 0 116 51 121 48 96 115 59 63 25 47 40 16 64 39 31 87 58 23 83 33 103 24 65 67 92 40 53 45 35 36 95 46 119 29 43 89 107 43 57 113 75 95 85 58 91 43 139 54 
17 116 0 64 101 90 86 66 108 71 133 119 117 113 52 81 90 150 68 93 122 97 14 135 118 53 57 84 66 154 139 82 62 151 46 88 94 69 69 78 59 15 41 32 119 72 32 78 31 65 
72 51 64 0 97 39 71 77 62 33 69 64 60 49 13 21 29 104 24 28 84 38 52 71 72 21 53 26 13 91 77 19 58 89 74 23 41 56 72 18 5 62 23 46 83 30 41 18 88 13 
89 121 101 97 0 73 26 158 158 64 146 84 88 106 88 88 93 82 73 107 181 88 104 121 67 78 49 121 84 131 156 94 43 167 143 101 136 41 157 86 94 86 92 116 180 69 112 86 92 83 
90 48 90 39 73 0 47 116 91 20 73 28 27 34 42 20 20 64 22 35 115 15 82 53 32 38 48 55 28 69 83 26 49 95 111 30 68 42 111 21 41 81 54 82 115 17 77 21 104 28 
77 96 86 71 26 47 0 136 132 38 121 63 66 81 63 62 67 73 47 81 155 62 85 98 49 54 29 95 58 110 130 68 24 142 124 75 110 17 134 60 69 71 69 95 154 42 90 60 85 57 
84 115 66 77 158 116 136 0 73 105 118 141 136 120 76 98 104 181 98 96 73 114 56 139 149 84 109 75 89 160 120 94 114 129 22 95 74 118 9 96 75 79 67 42 70 103 46 96 96 88 
122 59 108 62 158 91 132 73 0 94 51 103 96 73 74 71 70 145 85 56 25 79 93 83 118 83 115 37 74 101 50 65 120 57 87 60 22 118 63 72 66 113 76 77 25 89 76 72 138 75 
70 63 71 33 64 20 38 105 94 0 87 48 47 52 29 25 32 79 8 44 117 32 64 72 47 21 28 56 20 89 96 31 31 108 97 38 71 26 102 23 32 61 39 67 116 5 62 23 84 19 
141 25 133 69 146 73 121 118 51 87 0 70 64 41 83 62 55 108 81 43 71 58 119 37 89 88 115 49 74 52 10 57 118 21 127 50 44 113 110 65 75 131 92 107 73 82 104 65 158 75 
118 47 119 64 84 28 63 141 103 48 70 0 6 30 70 43 37 42 50 48 128 26 110 38 19 66 73 72 55 47 80 46 73 90 138 47 82 64 135 45 67 109 82 109 128 46 104 45 132 56 
117 40 117 60 88 27 66 136 96 47 64 6 0 24 67 39 32 48 48 42 121 22 108 32 25 64 74 66 52 44 73 42 75 83 134 41 76 66 130 42 64 108 79 106 122 44 101 42 131 53 
117 16 113 49 106 34 81 120 73 52 41 30 24 0 60 31 22 72 48 24 98 19 101 21 48 61 81 46 46 42 51 31 83 62 122 26 54 76 113 35 54 107 72 95 99 47 91 35 132 48 
58 64 52 13 88 42 63 76 74 29 83 70 67 60 0 29 38 107 21 41 95 45 41 82 74 9 41 39 15 102 90 29 47 103 69 35 53 47 72 25 8 48 12 39 93 27 34 25 75 14 
85 39 81 21 88 20 62 98 71 25 62 43 39 31 29 0 9 83 18 19 96 17 70 53 51 29 52 34 14 73 71 6 56 83 95 13 49 51 92 3 25 75 41 67 95 20 62 3 101 16 
94 31 90 29 93 20 67 104 70 32 55 37 32 22 38 9 0 79 27 14 95 10 79 44 48 38 60 36 24 64 64 10 64 76 103 10 48 58 98 13 33 85 50 75 95 27 70 13 110 25 
145 87 150 104 82 64 73 181 145 79 108 42 48 72 107 83 79 0 85 91 170 68 144 71 32 101 95 114 92 67 117 88 93 125 176 89 125 84 176 85 106 138 118 146 171 79 141 85 156 93 
69 58 68 24 73 22 47 98 85 8 81 50 48 48 21 18 27 85 0 37 108 30 60 70 52 16 34 48 11 88 90 23 38 102 91 31 63 34 94 15 24 60 32 61 107 5 56 15 84 10 
99 23 93 28 107 35 81 96 56 44 43 48 42 24 41 19 14 91 37 0 81 23 80 43 62 45 71 23 30 64 52 13 75 65 98 6 34 70 89 21 33 89 51 72 81 39 68 21 115 31 
137 83 122 84 181 115 155 73 25 117 71 128 121 98 95 96 95 170 108 81 0 104 107 106 143 104 136 61 97 123 67 89 142 71 92 85 47 141 64 96 87 129 96 90 3 113 90 96 153 98 
99 33 97 38 88 15 62 114 79 32 58 26 22 19 45 17 10 68 30 23 104 0 87 40 38 44 61 46 30 58 68 19 63 79 112 20 58 56 108 20 42 90 57 84 105 28 79 20 114 32 
30 103 14 52 104 82 85 56 93 64 119 110 108 101 41 70 79 144 60 80 107 87 0 123 111 44 56 70 56 143 125 70 61 137 39 76 80 68 58 67 47 23 29 18 105 65 18 67 45 55 
139 24 135 71 121 53 98 139 83 72 37 38 32 21 82 53 44 71 70 43 106 40 123 0 57 83 101 64 68 21 46 52 103 54 142 47 68 95 131 57 76 129 94 116 107 68 112 57 154 69 
114 65 118 72 67 32 49 149 118 47 89 19 25 48 74 51 48 32 52 62 143 38 111 57 0 68 66 84 60 63 99 57 65 109 143 59 97 55 144 53 73 106 85 113 143 46 108 53 126 60 
56 67 53 21 78 38 54 84 83 21 88 66 64 61 9 29 38 101 16 45 104 44 44 83 68 0 32 47 14 102 96 31 37 109 75 39 62 37 81 25 17 46 17 45 103 21 40 25 71 13 
50 92 57 53 49 48 29 109 115 28 115 73 74 81 41 52 60 95 34 71 136 61 56 101 66 32 0 79 42 117 124 57 5 136 95 65 94 12 107 49 49 43 43 67 135 33 63 49 60 41 
94 40 84 26 121 55 95 75 37 56 49 72 66 46 39 34 36 114 48 23 61 46 70 64 84 47 79 0 37 85 55 28 84 67 79 25 15 81 67 35 30 84 45 57 60 52 54 35 111 38 
70 53 66 13 84 28 58 89 74 20 74 55 52 46 15 14 24 92 11 30 97 30 56 68 60 14 42 37 0 88 82 17 47 95 83 24 52 44 84 11 13 61 27 54 96 16 49 11 86 1 
158 45 154 91 131 69 110 160 101 89 52 47 44 42 102 73 64 67 88 64 123 58 143 21 63 102 117 85 88 0 58 73 118 62 163 68 88 110 152 76 96 148 114 137 125 86 132 76 173 89 
148 35 139 77 156 83 130 120 50 96 10 80 73 51 90 71 64 117 90 52 67 68 125 46 99 96 124 55 82 58 0 66 128 12 130 58 47 122 111 74 82 139 99 112 69 91 109 74 165 84 
87 36 82 19 94 26 68 94 65 31 57 46 42 31 29 6 10 88 23 13 89 19 70 52 57 31 57 28 17 73 66 0 61 78 93 7 42 57 88 8 23 77 41 65 89 26 60 8 103 18 
53 95 62 58 43 49 24 114 120 31 118 73 75 83 47 56 64 93 38 75 142 63 61 103 65 37 5 84 47 118 128 61 0 140 100 69 99 9 113 53 54 47 49 72 141 36 68 53 62 46 
161 46 151 89 167 95 142 129 57 108 21 90 83 62 103 83 76 125 102 65 71 79 137 54 109 109 136 67 95 62 12 78 140 0 141 71 58 134 120 86 95 151 112 124 74 103 121 86 177 96 
64 119 46 74 143 111 124 22 87 97 127 138 134 122 69 95 103 176 91 98 92 112 39 142 143 75 95 79 83 163 130 93 100 141 0 96 82 106 28 92 70 61 58 30 88 96 35 92 74 82 
94 29 88 23 101 30 75 95 60 38 50 47 41 26 35 13 10 89 31 6 85 20 76 47 59 39 65 25 24 68 58 7 69 71 96 0 38 64 89 15 29 84 47 69 85 33 64 15 110 25 
106 43 94 41 136 68 110 74 22 71 44 82 76 54 53 49 48 125 63 34 47 58 80 68 97 62 94 15 52 88 47 42 99 58 82 38 0 96 65 49 45 97 58 65 46 67 63 49 123 53 
62 89 69 56 41 42 17 118 118 26 113 64 66 76 47 51 58 84 34 70 141 56 68 95 55 37 12 81 44 110 122 57 9 134 106 64 96 0 116 49 53 55 52 77 140 31 72 49 72 43 
87 107 69 72 157 111 134 9 63 102 110 135 130 113 72 92 98 176 94 89 64 108 58 131 144 81 107 67 84 152 111 88 113 120 28 89 65 116 0 90 70 82 65 42 61 99 45 90 100 84 
81 43 78 18 86 21 60 96 72 23 65 45 42 35 25 3 13 85 15 21 96 20 67 57 53 25 49 35 11 76 74 8 53 86 92 15 49 49 90 0 22 72 37 64 96 18 59 0 97 12 
66 57 59 5 94 41 69 75 66 32 75 67 64 54 8 25 33 106 24 33 87 42 47 76 73 17 49 30 13 96 82 23 54 95 70 29 45 53 70 22 0 56 18 42 86 29 37 22 82 13 
9 113 15 62 86 81 71 79 113 61 131 109 108 107 48 75 85 138 60 89 129 90 23 129 106 46 43 84 61 148 139 77 47 151 61 84 97 55 82 72 56 0 39 41 127 63 40 72 26 59 
49 75 41 23 92 54 69 67 76 39 92 82 79 72 12 41 50 118 32 51 96 57 29 94 85 17 43 45 27 114 99 41 49 112 58 47 58 52 65 37 18 39 0 28 94 38 23 37 65 26 
48 95 32 46 116 82 95 42 77 67 107 109 106 95 39 67 75 146 61 72 90 84 18 116 113 45 67 57 54 137 112 65 72 124 30 69 65 77 42 64 42 41 28 0 87 66 5 64 63 53 
135 85 119 83 180 115 154 70 25 116 73 128 122 99 93 95 95 171 107 81 3 105 105 107 143 103 135 60 96 125 69 89 141 74 88 85 46 140 61 96 86 127 94 87 0 112 87 96 150 97 
73 58 72 30 69 17 42 103 89 5 82 46 44 47 27 20 27 79 5 39 113 28 65 68 46 21 33 52 16 86 91 26 36 103 96 33 67 31 99 18 29 63 38 66 112 0 61 18 87 16 
47 91 32 41 112 77 90 46 76 62 104 104 101 91 34 62 70 141 56 68 90 79 18 112 108 40 63 54 49 132 109 60 68 121 35 64 63 72 45 59 37 40 23 5 87 61 0 59 63 48 
81 43 78 18 86 21 60 96 72 23 65 45 42 35 25 3 13 85 15 21 96 20 67 57 53 25 49 35 11 76 74 8 53 86 92 15 49 49 90 0 22 72 37 64 96 18 59 0 97 12 
16 139 31 88 92 104 85 96 138 84 158 132 131 132 75 101 110 156 84 115 153 114 45 154 126 71 60 111 86 173 165 103 62 177 74 110 123 72 100 97 82 26 65 63 150 87 63 97 0 85 
69 54 65 13 83 28 57 88 75 19 75 56 53 48 14 16 25 93 10 31 98 32 55 69 60 13 41 38 1 89 84 18 46 96 82 25 53 43 84 12 13 59 26 53 97 16 48 12 85 0 
0 0 0 38 4473 2773 0 0 0 1 7133 166 62765 0 0 0 0 0 0 10184 26 25 8250 600 0 34719 1 16 2 0 7787 0 15837 0 0 2852 38 1426 7 0 0 0 0 0 0 0 0 0 125 0 
0 0 284 57 39 0 0 124 9 270 401 3 398 0 26478 12 0 0 27316 5 6815 0 11651 103 0 1 3 89072 1531 371 0 1 0 1 36 0 484 26 76472 39 0 17 2 365 0 1973 215 5678 65049 5308 
0 284 0 0 86584 0 0 0 0 0 406 19630 0 0 0 0 57 0 4 0 52496 0 0 0 0 0 629 0 2 48 545 95186 0 0 93 45730 13 4 0 726 4 0 0 4353 0 0 0 27 24 0 
38 57 0 0 0 57736 0 0 4122 84 0 0 0 0 0 32 0 0 4 34510 0 0 20 1 0 6 0 0 0 438 1837 0 0 0 0 0 0 49 141 380 5741 56 0 5 214 1 12 0 0 0 
4473 39 86584 0 0 0 4 705 35 0 0 2 0 61710 58 0 5501 37 0 295 634 275 1 6 266 0 56 0 0 0 0 0 0 93 0 0 6 0 80174 12375 2 115 0 44984 61638 2290 0 0 0 90 
2773 0 0 57736 0 0 0 22 0 0 0 77537 156 23445 3706 0 562 0 70 0 10 0 0 2 568 0 0 16686 0 0 18480 16619 19378 0 0 0 0 644 0 98272 12883 44658 1511 0 0 0 21412 56 1 0 
0 0 0 0 4 0 0 34966 0 0 621 0 0 0 0 0 0 0 0 37 4 34212 1422 0 0 0 0 0 1806 124 2 0 1 0 5 0 0 0 1606 0 0 0 330 0 0 4 12400 0 0 0 
0 124 0 0 705 22 34966 0 54983 0 21 12266 6 1009 6 26735 0 0 0 4 0 0 2876 0 2071 0 177 34 125 2572 12872 0 0 0 0 20359 0 2674 3278 0 0 0 2 12 1 0 0 0 0 0 
0 9 0 4122 35 0 0 54983 0 0 9 0 5 31 0 0 0 0 0 0 0 1773 0 0 837 83653 2 0 93 18 0 1456 1 802 149 0 0 6 11 12 58 0 60952 6 0 0 728 0 17 29230 
1 270 0 84 0 0 0 0 0 0 0 0 0 0 0 61 0 442 0 231 59055 0 99024 0 2 46 0 0 0 25787 0 0 1 0 0 0 0 0 432 0 0 0 1 0 24498 0 20545 0 0 0 
7133 401 406 0 0 0 621 21 9 0 0 5 36165 28 0 21 0 0 0 0 65 0 114 0 0 37 29085 16 299 6525 0 7863 597 5970 0 208 1240 0 0 0 0 0 32027 53 190 1825 0 0 0 196 
166 3 19630 0 2 77537 0 12266 0 0 5 0 0 35 0 0 23 223 0 0 0 47840 0 1650 25877 0 0 0 34872 0 0 1 8368 733 8365 40 10029 0 33636 0 25266 90872 12564 26 7854 0 0 38007 1 0 
62765 398 0 0 0 156 0 6 5 0 36165 0 0 345 496 353 0 93826 34 143 1598 0 0 968 58 0 4 0 62 0 1 176 1 0 14746 318 3409 13 0 0 95981 0 14789 0 0 0 35004 0 0 3866 
0 0 0 0 61710 23445 0 1009 31 0 28 35 345 0 29233 32 0 156 1 2 2 0 372 18799 0 577 0 23035 1064 390 0 0 20935 367 12536 512 0 0 0 0 11751 2854 0 17308 0 0 32 0 0 0 
0 26478 0 0 58 3706 0 6 0 0 0 0 496 29233 0 508 0 0 1 0 862 23 0 17 0 0 624 0 0 844 20 111 30 0 1249 0 0 26 0 0 789 1 4802 0 0 0 0 0 5 0 
0 12 0 32 0 0 0 26735 0 61 21 0 353 32 508 0 65 715 3422 0 47866 159 0 0 42925 0 0 4396 8531 13220 0 54 0 2554 0 1 7 0 0 0 0 179 98685 1465 0 0 2372 193 0 0 
0 0 57 0 5501 562 0 0 0 0 0 23 0 0 0 65 0 15838 0 51022 119 0 12765 6941 106 0 11 0 0 0 17205 0 0 0 9 1911 0 1 25246 0 2 0 0 71 0 447 0 0 0 0 
0 0 0 0 37 0 0 0 0 442 0 223 93826 156 0 715 15838 0 0 269 0 0 0 0 0 0 0 0 3 2 0 16199 2 13 12235 0 29 33570 0 0 12802 0 0 15 49 0 69823 0 144 37380 
0 27316 4 4 0 70 0 0 0 0 0 0 34 1 1 3422 0 0 0 0 0 1 42250 86 781 1 15 69924 0 0 7028 10396 3 99 0 712 421 104 0 0 0 55271 0 16 5109 0 0 16609 195 0 
10184 5 0 34510 295 0 37 4 0 231 0 0 143 2 0 0 51022 269 0 0 196 88412 0 0 3 1725 6288 0 778 0 635 4 0 2385 0 3441 0 2861 33584 0 0 6570 0 1006 1 0 0 2925 2356 0 
26 6815 52496 0 634 10 4 0 0 59055 65 0 1598 2 862 47866 119 0 0 196 0 0 144 0 0 0 0 265 0 0 0 1918 3 2785 0 0 1853 1 2048 0 79848 0 0 15707 169 0 36 2585 0 28 
25 0 0 0 275 0 34212 0 1773 0 0 47840 0 0 23 159 0 0 1 88412 0 0 6 647 0 0 0 0 0 0 0 48 0 223 0 1 4703 0 142 679 0 738 0 31122 8 0 530 0 0 627 
8250 11651 0 20 1 0 1422 2876 0 99024 114 0 0 372 0 0 12765 0 42250 0 144 6 0 0 26537 0 123 152 0 0 3 0 0 45728 0 1 32 0 0 1696 0 0 11 0 0 0 2653 56 1798 0 
600 103 0 1 6 2 0 0 0 0 0 1650 968 18799 17 0 6941 0 86 0 0 647 0 0 0 93095 795 0 0 50 10 162 59 122 0 8 6767 0 5573 0 0 0 0 2319 184 1 0 0 0 0 
0 0 0 0 266 568 0 2071 837 2 0 25877 58 0 0 42925 106 0 781 3 0 0 26537 0 0 0 0 0 10 0 0 424 0 0 0 0 3 0 0 0 0 3777 0 0 75866 17 0 0 2973 31 
34719 1 0 6 0 0 0 0 83653 46 37 0 0 577 0 0 0 0 1 1725 0 0 0 93095 0 0 6607 181 10168 64 38 0 240 0 0 4287 88 64 46715 16857 448 0 1 48314 381 0 41229 0 26 0 
1 3 629 0 56 0 0 177 2 0 29085 0 4 0 624 0 11 0 15 6288 0 0 123 795 0 6607 0 2123 42410 12236 0 0 192 0 1 142 0 3 0 56173 0 244 4 0 0 0 0 5298 800 0 
16 89072 0 0 0 16686 0 34 0 0 16 0 0 23035 0 4396 0 0 69924 0 265 0 152 0 0 181 2123 0 0 0 1546 0 0 4552 0 1030 14 30820 0 0 20109 0 0 1757 38402 0 0 0 0 9 
2 1531 2 0 0 0 1806 125 93 0 299 34872 62 1064 0 8531 0 3 0 778 0 0 0 0 10 10168 42410 0 0 1 64 0 679 458 16435 0 0 0 41 3651 0 0 1823 0 0 125 0 13846 0 4 
0 371 48 438 0 0 124 2572 18 25787 6525 0 0 390 844 13220 0 2 0 0 0 0 0 50 0 64 12236 0 1 0 0 13 0 0 911 0 0 0 636 1 68 0 15 5369 3 9 0 16 22 1 
7787 0 545 1837 0 18480 2 12872 0 0 0 0 1 0 20 0 17205 0 7028 635 0 0 3 10 0 38 0 1546 64 0 0 0 0 0 0 0 11226 0 0 33 0 0 0 1243 7940 47356 0 812 51 0 
0 1 95186 0 0 16619 0 0 1456 0 7863 1 176 0 111 54 0 16199 10396 4 1918 48 0 162 424 0 0 0 0 13 0 0 14687 0 2 44115 0 25 3594 34 2813 0 14 2132 2 14 1 5 1729 0 
15837 0 0 0 0 19378 1 0 1 1 597 8368 1 20935 30 0 0 2 3 0 3 0 0 59 0 240 192 0 679 0 0 14687 0 15839 0 8 0 0 0 4366 22523 27 1241 114 46019 27123 3294 343 314 0 
0 1 0 0 93 0 0 0 802 0 5970 733 0 367 0 2554 0 13 99 2385 2785 223 45728 122 0 0 0 4552 458 0 0 0 15839 0 0 1 55385 588 3 0 800 3 201 0 40510 0 0 0 47287 0 
0 36 93 0 0 0 5 0 149 0 0 8365 14746 12536 1249 0 9 12235 0 0 0 0 0 0 0 0 1 0 16435 911 0 2 0 0 0 0 794 10 10496 0 8443 1 17315 0 31801 0 332 0 90 928 
2852 0 45730 0 0 0 0 20359 0 0 208 40 318 512 0 1 1911 0 712 3441 0 1 1 8 0 4287 142 1030 0 0 0 44115 8 1 0 0 0 0 0 54419 2 13 0 0 0 3611 65 146 19760 0 
38 484 13 0 6 0 0 0 0 0 1240 10029 3409 0 0 7 0 29 421 0 1853 4703 32 6767 3 88 0 14 0 0 11226 0 0 55385 794 0 0 0 94301 0 45 0 4419 0 0 0 0 0 371 153 
1426 26 4 49 0 644 0 2674 6 0 0 0 13 0 26 0 1 33570 104 2861 1 0 0 0 0 64 3 30820 0 0 0 25 0 588 10 0 0 0 57 3412 0 0 10 20 12874 0 17956 0 19884 2293 
7 76472 0 141 80174 0 1606 3278 11 432 0 33636 0 0 0 0 25246 0 0 33584 2048 142 0 5573 0 46715 0 0 41 636 0 3594 0 3 10496 0 94301 57 0 0 0 0 0 84855 0 7373 9 0 0 0 
0 39 726 380 12375 98272 0 0 12 0 0 0 0 0 0 0 0 0 0 0 0 679 1696 0 0 16857 56173 0 3651 1 33 34 4366 0 0 54419 0 3412 0 0 0 0 0 0 342 14229 0 7 24 152 
0 0 4 5741 2 12883 0 0 58 0 0 25266 95981 11751 789 0 2 12802 0 0 79848 0 0 0 0 448 0 20109 0 68 0 2813 22523 800 8443 2 45 0 0 0 0 0 0 0 21 0 4476 6869 0 17717 
0 17 0 56 115 44658 0 0 0 0 0 90872 0 2854 1 179 0 0 55271 6570 0 738 0 0 3777 0 244 0 0 0 0 0 27 3 1 13 0 0 0 0 0 0 61968 0 486 0 3695 0 0 0 
0 2 0 0 0 1511 330 2 60952 1 32027 12564 14789 0 4802 98685 0 0 0 0 0 0 11 0 0 1 4 0 1823 15 0 14 1241 201 17315 0 4419 10 0 0 0 61968 0 0 0 3 60241 343 0 59 
0 365 4353 5 44984 0 0 12 6 0 53 26 0 17308 0 1465 71 15 16 1006 15707 31122 0 2319 0 48314 0 1757 0 5369 1243 2132 114 0 0 0 0 20 84855 0 0 0 0 0 0 467 0 0 275 0 
0 0 0 214 61638 0 0 1 0 24498 190 7854 0 0 0 0 0 49 5109 1 169 8 0 184 75866 381 0 38402 0 3 7940 2 46019 40510 31801 0 0 12874 0 342 21 486 0 0 0 0 545 0 1002 857 
0 1973 0 1 2290 0 4 0 0 0 1825 0 0 0 0 0 447 0 0 0 0 0 0 1 17 0 0 0 125 9 47356 14 27123 0 0 3611 0 0 7373 14229 0 0 3 467 0 0 39966 0 95682 20 
0 215 0 12 0 21412 12400 0 728 20545 0 0 35004 32 0 2372 0 69823 0 0 36 530 2653 0 0 41229 0 0 0 0 0 1 3294 0 332 65 0 17956 9 0 4476 3695 60241 0 545 39966 0 1 0 0 
0 5678 27 0 0 56 0 0 0 0 0 38007 0 0 0 193 0 0 16609 2925 2585 0 56 0 0 0 5298 0 13846 16 812 5 343 0 0 146 0 0 0 7 6869 0 343 0 0 0 1 0 230 0 
125 65049 24 0 0 1 0 0 17 0 0 1 0 0 5 0 0 144 195 2356 0 0 1798 0 2973 26 800 0 0 22 51 1729 314 47287 90 19760 371 19884 0 24 0 0 0 275 1002 95682 0 230 0 16104 
0 5308 0 0 90 0 0 0 29230 0 196 0 3866 0 0 0 0 37380 0 0 28 627 0 0 31 0 0 9 4 1 0 0 0 0 928 0 153 2293 0 152 17717 0 59 0 857 20 0 0 16104 0 
0 0 0 17 13900 436 0 0 0 0 21051 2 51133 0 0 0 0 0 0 3419 797 683 481 30 0 209 320 6 1 0 491 0 5484 0 0 13817 70 1556 2 0 0 0 0 0 0 0 0 0 132 0 
0 0 1157 35 244 0 0 4692 26 24 1344 19 49 0 27296 6 0 0 2713 0 38390 0 59 10 0 3 14 7439 21102 65 0 8 0 0 194 2 14 17 39441 305 0 3 2 3771 0 5711 11 34032 68620 6103 
0 1157 0 0 111 0 0 0 0 0 210 2770 0 0 0 0 460 0 15 0 56631 0 0 0 3 116 99 0 0 45 1522 67520 0 0 475 11698 18 11 0 49 1 0 0 10479 0 0 0 147 10 0 
17 35 0 0 0 41941 0 0 5621 88 0 0 0 0 0 15 0 0 1 2270 0 0 3 47 0 33 0 0 0 383 69 2 1 2 0 0 1 1 0 387 2149 25 0 14 7030 1 0 0 0 0 
13900 244 111 0 0 0 4 1306 943 0 0 0 0 6 3 0 16618 86 0 99 0 20 13 1 3 0 896 0 0 0 0 0 0 1 0 0 0 0 35661 20942 1 29 0 11153 1407 2706 0 1 0 2 
436 0 0 41941 0 0 0 22 0 0 0 4700 9 30445 68327 0 700 0 15 0 2 2 0 0 648 0 0 1675 0 0 209 41521 6570 0 0 0 0 160 0 30127 418 79911 2988 0 5 0 83072 26 0 0 
0 0 0 0 4 0 0 6648 0 0 4594 0 0 0 0 0 0 0 0 1 62 24972 1529 0 0 0 0 0 207 33 0 0 0 3 220 0 0 0 1378 0 0 0 245 1 0 30 67796 0 0 0 
0 4692 0 0 1306 22 6648 0 48612 0 210 8842 46 88534 1 2816 0 2 0 0 0 0 20 0 176 0 176 9 219 4364 30616 10 0 0 0 9608 0 417 916 0 0 0 0 12 6 0 0 0 0 0 
0 26 0 5621 943 0 0 48612 0 0 14 0 48 4448 0 0 0 0 0 0 0 8019 0 0 257 18260 96 0 15 39176 0 809 0 4 413 0 0 398 21 1 628 0 113 7 19 0 9351 0 14450 5783 
0 24 0 88 0 0 0 0 0 0 0 0 0 0 0 18 0 7603 0 1583 70611 0 7887 0 5 14 0 0 3 6903 0 0 0 0 0 0 0 0 1338 0 0 0 45 0 3113 0 6744 0 1 0 
21051 1344 210 0 0 0 4594 210 14 0 0 14 4116 98 0 88 32 1 0 0 7 0 467 0 0 38 71772 40 36 13593 0 96535 146 324 0 58 138 0 0 0 0 0 1293 149 686 2106 0 0 89 923 
2 19 2770 0 0 4700 0 8842 0 0 14 0 0 31 0 0 2 2369 0 0 0 1152 0 1552 6641 0 1 0 3697 0 0 19 63981 102 16897 16 15553 0 29157 0 7639 4093 17395 3 14116 0 0 33857 0 0 
51133 49 0 0 0 9 0 46 48 0 4116 0 0 136 68336 1 0 28262 8538 24 34 0 0 160 6663 0 103 0 292 0 2 35 0 0 59073 41 6735 0 0 0 75983 0 1321 0 0 0 16982 1 0 506 
0 0 0 0 6 30445 0 88534 4448 0 98 31 136 0 1174 51 0 594 0 52 2 0 168 19439 0 206 0 9133 910 888 0 0 23237 193 26441 12 0 0 0 0 7606 354 0 11919 0 0 160 0 0 0 
0 27296 0 0 3 68327 0 1 0 0 0 0 68336 1174 0 19 0 0 0 0 7 0 0 0 0 0 3364 0 3 27214 15 10 859 0 53854 0 0 182 1 0 5 2 4833 0 0 0 0 0 2 0 
0 6 0 15 0 0 0 2816 0 18 88 0 1 51 19 0 18 1244 785 0 8379 781 0 0 78746 0 0 4504 3868 27 0 184 0 7066 0 2 0 0 0 0 0 539 40499 119 0 0 68 33013 0 0 
0 0 460 0 16618 700 0 0 0 0 32 2 0 0 0 18 0 279 0 746 23 0 30440 5297 30116 0 18 0 0 0 16520 0 0 0 9 133 0 117 66364 0 14 0 0 36 0 92 1 0 0 0 
0 0 0 0 86 0 0 2 0 7603 1 2369 28262 594 0 1244 279 0 0 506 0 0 0 0 0 0 0 0 12 0 0 26519 0 0 6452 0 14 628 0 0 1048 0 0 0 1 0 7338 0 4 18409 
0 2713 15 1 0 15 0 0 0 0 0 0 8538 0 0 785 0 0 0 0 0 0 4946 126 59 41 28 71736 0 0 53441 5849 0 4579 0 555 97 0 0 0 0 745 0 18 1784 0 0 33681 12 0 
3419 0 0 2270 99 0 1 0 0 1583 0 0 24 52 0 0 746 506 0 0 476 18549 0 0 19 11 10561 0 10 0 580 12 0 1320 0 1529 0 16825 39243 0 13 336 0 3401 9 2 1 93 11036 0 
797 38390 56631 0 0 2 62 0 0 70611 7 0 34 2 7 8379 23 0 0 476 0 0 636 0 0 0 0 187 0 0 0 2994 17 7825 0 26 994 0 483 0 47316 5 0 52236 598 0 364 250 0 339 
683 0 0 0 20 2 24972 0 8019 0 0 1152 0 0 0 781 0 0 0 18549 0 0 7 903 0 0 0 0 11 0 0 1 0 3811 0 51 6999 7 310 46 0 6879 0 46395 30 0 180 0 0 307 
481 59 0 3 13 0 1529 20 0 7887 467 0 0 168 0 0 30440 0 4946 0 636 7 0 0 6521 0 1 39 0 0 0 0 0 68163 0 0 112 0 0 1147 0 0 45 7 0 0 25495 2 2323 0 
30 10 0 47 1 0 0 0 0 0 0 1552 160 19439 0 0 5297 0 126 0 0 903 0 0 0 48017 277 0 0 293 3 0 215 9 0 40 637 0 890 0 0 0 0 960 142 23 0 0 172 0 
0 0 3 0 3 648 0 176 257 5 0 6641 6663 0 0 78746 30116 0 59 19 0 0 6521 0 0 0 6 0 31 0 0 172 0 0 0 0 2 1 0 0 0 1221 0 0 26487 1803 0 0 142 3 
209 3 116 33 0 0 0 0 18260 14 38 0 0 206 0 0 0 0 41 11 0 0 0 48017 0 0 3791 892 1646 29 37 0 15 0 0 55 12 865 114 4313 40 0 0 32741 683 0 25834 0 14 0 
320 14 99 0 896 0 0 176 96 0 71772 1 103 0 3364 0 18 0 28 10561 0 0 1 277 6 3791 0 1180 9803 7132 0 0 68 0 0 39 0 1 0 9629 0 4 37 1 0 0 0 47 37 0 
6 7439 0 0 0 1675 0 9 0 0 40 0 0 9133 0 4504 0 0 71736 0 187 0 39 0 0 892 1180 0 0 0 1485 0 0 12601 0 50 10 6181 0 0 55018 0 0 4115 81119 0 0 0 0 2 
1 21102 0 0 0 0 207 219 15 3 36 3697 292 910 3 3868 0 12 0 10 0 11 0 0 31 1646 9803 0 0 47 4 0 55190 203 4511 4 0 0 25 793 0 0 22907 0 0 390 0 7098 1 4 
0 65 45 383 0 0 33 4364 39176 6903 13593 0 0 888 27214 27 0 0 0 0 0 0 0 293 0 29 7132 0 47 0 0 177 0 0 253 0 0 0 124 8 485 1 0 3291 45 0 0 25 74 30 
491 0 1522 69 0 209 0 30616 0 0 0 0 2 0 15 0 16520 0 53441 580 0 0 0 3 0 37 0 1485 4 0 0 0 0 0 0 6 1429 0 0 125 0 0 0 16195 1940 73020 0 2733 33 0 
0 8 67520 2 0 41521 0 10 809 0 96535 19 35 0 10 184 0 26519 5849 12 2994 1 0 0 172 0 0 0 0 177 0 0 994 0 14 39167 0 54 3272 0 2053 0 14 2091 207 36 2 1 100 0 
5484 0 0 1 0 6570 0 0 0 0 146 63981 0 23237 859 0 0 0 0 0 17 0 0 215 0 15 68 0 55190 0 0 994 0 81571 0 0 0 0 0 2022 9017 366 172 1203 5694 58238 7094 675 856 0 
0 0 0 2 1 0 3 0 4 0 324 102 0 193 0 7066 0 0 4579 1320 7825 3811 68163 9 0 0 0 12601 203 0 0 0 81571 0 0 4 1203 11 2 0 61 1 1206 0 20052 0 0 0 54409 1 
0 194 475 0 0 0 220 0 413 0 0 16897 59073 26441 53854 0 9 6452 0 0 0 0 0 0 0 0 0 0 4511 253 0 14 0 0 0 0 1799 1 31056 0 3981 12 38538 0 3016 0 26 0 152 3207 
13817 2 11698 0 0 0 0 9608 0 0 58 16 41 12 0 2 133 0 555 1529 26 51 0 40 0 55 39 50 4 0 6 39167 0 4 0 0 0 0 0 29925 0 0 0 0 0 6547 181 459 67033 1 
70 14 18 1 0 0 0 0 0 0 138 15553 6735 0 0 0 0 14 97 0 994 6999 112 637 2 12 0 10 0 0 1429 0 0 1203 1799 0 0 0 5006 0 34 0 2147 0 0 0 0 0 4864 308 
1556 17 11 1 0 160 0 417 398 0 0 0 0 0 182 0 117 628 0 16825 0 7 0 0 1 865 1 6181 0 0 0 54 0 11 1 0 0 0 14 898 0 0 75 1 3205 25 33105 0 549 7542 
2 39441 0 0 35661 0 1378 916 21 1338 0 29157 0 0 1 0 66364 0 0 39243 483 310 0 890 0 114 0 0 25 124 0 3272 0 2 31056 0 5006 14 0 1 0 0 0 993 0 1315 0 0 0 0 
0 305 49 387 20942 30127 0 0 1 0 0 0 0 0 0 0 0 0 0 0 0 46 1147 0 0 4313 9629 0 793 8 125 0 2022 0 0 29925 0 898 1 0 0 0 0 0 1658 30169 6 54 0 1721 
0 0 1 2149 1 418 0 0 628 0 0 7639 75983 7606 5 0 14 1048 0 13 47316 0 0 0 0 40 0 55018 0 485 0 2053 9017 61 3981 0 34 0 0 0 0 1 0 0 211 0 3196 1722 0 286 
0 3 0 25 29 79911 0 0 0 0 0 4093 0 354 2 539 0 0 745 336 5 6879 0 0 1221 0 4 0 0 1 0 0 366 1 12 0 0 0 0 0 1 0 68625 0 423 0 94 8 0 0 
0 2 0 0 0 2988 245 0 113 45 1293 17395 1321 0 4833 40499 0 0 0 0 0 0 45 0 0 0 37 0 22907 0 0 14 172 1206 38538 0 2147 75 0 0 0 68625 0 0 0 13 10612 7747 0 686 
0 3771 10479 14 11153 0 1 12 7 0 149 3 0 11919 0 119 36 0 18 3401 52236 46395 7 960 0 32741 1 4115 0 3291 16195 2091 1203 0 0 0 0 1 993 0 0 0 0 0 0 195 0 0 1327 0 
0 0 0 7030 1407 5 0 6 19 3113 686 14116 0 0 0 0 0 1 1784 9 598 30 0 142 26487 683 0 81119 0 45 1940 207 5694 20052 3016 0 0 3205 0 1658 211 423 0 0 0 0 882 0 95 4008 
0 5711 0 1 2706 0 30 0 0 0 2106 0 0 0 0 0 92 0 0 2 0 0 0 23 1803 0 0 0 390 0 73020 36 58238 0 0 6547 0 25 1315 30169 0 0 13 195 0 0 1160 0 6713 168 
0 11 0 0 0 83072 67796 0 9351 6744 0 0 16982 160 0 68 1 7338 0 1 364 180 25495 0 0 25834 0 0 0 0 0 2 7094 0 26 181 0 33105 0 6 3196 94 10612 0 882 1160 0 24 0 0 
0 34032 147 0 1 26 0 0 0 0 0 33857 1 0 0 33013 0 0 33681 93 250 0 2 0 0 0 47 0 7098 25 2733 1 675 0 0 459 0 0 0 54 1722 8 7747 0 0 0 24 0 85 0 
132 68620 10 0 0 0 0 0 14450 1 89 0 0 0 2 0 0 4 12 11036 0 0 2323 172 142 14 37 0 1 74 33 100 856 54409 152 67033 4864 549 0 0 0 0 0 1327 95 6713 0 85 0 39832 
0 6103 0 0 2 0 0 0 5783 0 923 0 506 0 0 0 0 18409 0 0 339 307 0 0 3 0 0 2 4 30 0 0 0 1 3207 1 308 7542 0 1721 286 0 686 0 4008 168 0 0 39832 0 
0 0 0 55 3487 6102 0 0 0 105 2380 5576 56344 0 0 0 0 0 0 14285 3 12 15351 951 0 255 0 1691 0 0 30 0 14057 0 0 1564 116 972 1 0 0 0 0 0 0 0 0 0 59 6 
0 0 138 929 349 0 0 279 0 3040 4092 0 96769 0 98912 7 0 0 17093 1 11510 0 5456 262 0 0 0 8818 7458 2429 0 0 0 10 31 1 485 27 14100 17 0 2 0 9 0 2725 135 55751 3128 1535 
0 138 0 0 1764 0 0 0 0 0 279 22916 0 0 0 0 2 0 1 0 173 0 0 0 0 2 3106 0 1 49 120 26935 0 0 55 88109 0 0 0 1183 272 0 0 247 0 0 0 452 30 0 
55 929 0 0 0 38616 0 0 635 14 0 0 0 0 0 308 0 0 4 96847 0 4 4 0 0 183 0 0 0 22 25909 0 0 0 0 0 0 613 0 32 2987 718 0 12 1 34 23 0 0 0 
3487 349 1764 0 0 0 42 19 152 0 0 4 0 14178 69 0 1576 30 0 220 95976 462 6 4 9834 0 43 0 0 0 0 0 0 3145 0 0 435 0 732 4506 4 63 0 3806 36267 580 0 0 0 7 
6102 0 0 38616 0 0 0 1 0 0 2 1620 3 306 28067 0 214 0 333 0 2 1 0 0 5725 0 0 11369 0 0 19167 9348 265 0 0 0 0 143 0 14323 35372 4960 421 0 0 0 47754 22 54 0 
0 0 0 0 42 0 0 2665 0 0 13570 0 0 0 0 0 0 0 0 70 219 399 503 0 0 0 0 0 2085 368 1 0 1 0 403 0 0 0 137 2 0 0 437 0 0 121 2918 0 0 0 
0 279 0 0 19 1 2665 0 3368 1 44 38434 17 29518 8 43380 0 0 0 0 0 0 88 0 7478 0 71 8 366 4448 5502 0 0 0 0 35950 0 1548 3191 0 0 0 0 118 1 0 0 0 0 0 
0 0 0 635 152 0 0 3368 0 0 83 0 4 2 0 0 0 0 0 0 0 105 0 0 1517 65241 5 0 57 0 58 2376 0 4063 693 0 0 22 0 0 18 0 6293 0 0 0 74696 0 7 8778 
105 3040 0 14 0 0 0 1 0 0 0 0 0 0 0 1242 0 71 0 3123 26436 0 42266 4 0 17 0 0 0 30927 0 0 1 0 0 0 0 0 3 0 0 0 0 0 3045 0 24 0 0 0 
2380 4092 279 0 0 2 13570 44 83 0 0 84 4899 166 3 1214 0 11 0 0 56 0 92 0 0 481 8925 25 9 10740 0 32135 905 26272 0 135 6595 0 0 0 0 0 8009 14 5 685 0 0 50 10 
5576 0 22916 0 4 1620 0 38434 0 0 84 0 0 5 0 0 0 1099 1 0 0 51157 0 426 7443 0 0 0 28510 0 0 0 1940 20612 57760 5 2155 0 2261 0 5413 14928 12298 886 12643 0 0 1112 0 0 
56344 96769 0 0 0 3 0 17 4 0 4899 0 0 7962 32 407 0 82975 7 19 8867 0 0 6407 1757 0 0 0 30 0 1 25 18 0 8396 3860 79888 32 0 0 5757 0 6665 0 0 0 235 0 0 10325 
0 0 0 0 14178 306 0 29518 2 0 166 5 7962 0 466 127 2 1057 0 1 3 0 2233 1298 0 2184 0 4371 320 569 0 0 10696 428 343 1089 0 0 0 0 21939 608 0 33468 0 1 50 0 3 0 
0 98912 0 0 69 28067 0 8 0 0 3 0 32 466 0 2987 0 0 6 0 25379 96 0 12 0 0 106 0 0 383 7 194 7274 0 31 0 1 45 0 0 49805 0 4471 0 0 0 0 0 24 0 
0 7 0 308 0 0 0 43380 0 1242 1214 0 407 127 2987 0 1 2389 5489 0 66635 27 0 32 8937 0 0 58786 13306 2383 0 621 0 507 0 0 3 0 0 0 0 7559 26520 97179 0 0 208 88 0 0 
0 0 2 0 1576 214 0 0 0 0 0 0 0 2 0 1 0 11612 0 9687 5 47 3024 32409 2251 0 55 0 0 0 547 0 0 0 5 3717 0 18 36432 0 0 0 0 69 0 314 1 0 0 1 
0 0 0 0 30 0 0 0 0 71 11 1099 82975 1057 0 2389 11612 0 0 150 0 0 0 0 0 0 4 12 0 1 0 55974 508 37 852 0 9 5414 0 0 22943 0 0 317 169 0 569 0 1254 36766 
0 17093 1 4 0 333 0 0 0 0 0 1 7 0 6 5489 0 0 0 0 0 0 4138 717 721 0 6 14902 0 0 18 2253 55 190 0 1451 5886 9 0 0 0 468 0 11 14167 0 0 42109 123 0 
14285 1 0 96847 220 0 70 0 0 3123 0 0 19 1 0 0 9687 150 0 0 5 23929 0 0 4 14771 55884 0 1530 0 64 0 0 167 0 691 0 336 2699 1 1 5801 0 5496 0 0 0 5169 248 0 
3 11510 173 0 95976 2 219 0 0 26436 56 0 8867 3 25379 66635 5 0 0 5 0 0 157 0 0 0 0 46 0 0 0 1858 6 15963 0 1 3083 0 7412 0 86 0 0 21139 188 4 4 3774 0 10 
12 0 0 4 462 1 399 0 105 0 0 51157 0 0 96 27 47 0 0 23929 0 0 47 73 2 0 0 0 0 0 0 204 0 2369 0 11 4149 0 28 132 0 178 0 1284 0 0 1315 0 1 13737 
15351 5456 0 4 6 0 503 88 0 42266 92 0 0 2233 0 0 3024 0 4138 0 157 47 0 0 4965 0 20 1509 0 0 9 0 0 41745 0 0 6483 0 0 3832 0 0 89 0 0 0 294 567 3888 0 
951 262 0 0 4 0 0 0 0 4 0 426 6407 1298 12 32 32409 0 717 0 0 73 0 0 0 19549 288 0 0 44 0 1487 114 1003 0 11 11015 0 27821 0 0 0 0 2594 24 7 0 0 2 0 
0 0 0 0 9834 5725 0 7478 1517 0 0 7443 1757 0 0 8937 2251 0 721 4 0 2 4965 0 0 0 6 0 26 0 0 109 0 0 0 0 1 2 0 0 0 2234 0 0 6183 1 0 0 6992 13 
255 0 2 183 0 0 0 0 65241 17 481 0 0 2184 0 0 0 0 0 14771 0 0 0 19549 0 0 5887 132 1724 3073 253 0 2647 0 0 1069 10 0 36565 537 404 0 0 7087 958 0 70211 0 0 0 
0 0 3106 0 43 0 0 71 5 0 8925 0 0 0 106 0 55 4 6 55884 0 0 20 288 6 5887 0 97058 41653 12310 0 0 132 0 0 229 0 0 0 49472 0 122 12 0 0 1 0 3822 91 0 
1691 8818 0 0 0 11369 0 8 0 0 25 0 0 4371 0 58786 0 12 14902 0 46 0 1509 0 0 132 97058 0 0 0 1185 0 0 1428 0 321 10 11386 0 0 28515 0 0 55 44 0 0 0 27 7 
0 7458 1 0 0 0 2085 366 57 0 9 28510 30 320 0 13306 0 0 0 1530 0 0 0 0 26 1724 41653 0 0 0 30 0 4142 5679 27574 6 0 0 3 1393 0 0 401 0 0 508 0 8695 3 7 
0 2429 49 22 0 0 368 4448 0 30927 10740 0 0 569 383 2383 0 1 0 0 0 0 0 44 0 3073 12310 0 0 0 0 12 0 0 171 0 0 0 10 0 684 0 438 12113 0 14 0 6 44 6 
30 0 120 25909 0 19167 1 5502 58 0 0 0 1 0 7 0 547 0 18 64 0 0 9 0 0 253 0 1185 30 0 0 0 0 0 0 0 54225 0 0 2 0 0 0 31819 34780 142 0 49 1 0 
0 0 26935 0 0 9348 0 0 2376 0 32135 0 25 0 194 621 0 55974 2253 0 1858 204 0 1487 109 0 0 0 0 12 0 0 1760 0 0 32827 0 1 140 7 69 0 1 7118 0 6 2 0 147 0 
14057 0 0 0 0 265 1 0 0 1 905 1940 18 10696 7274 0 0 508 55 0 6 0 0 114 0 2647 132 0 4142 0 0 1760 0 18795 0 0 0 0 0 77833 3535 170 316 46 4951 36470 1577 580 285 0 
0 10 0 0 3145 0 0 0 4063 0 26272 20612 0 428 0 507 0 37 190 167 15963 2369 41745 1003 0 0 0 1428 5679 0 0 0 18795 0 0 516 81478 4364 2 0 814 10 465 0 3619 0 0 0 82037 0 
0 31 55 0 0 0 403 0 693 0 0 57760 8396 343 31 0 5 852 0 0 0 0 0 0 0 0 0 0 27574 171 0 0 0 0 0 0 406 51 47513 0 3693 0 64123 0 648 0 8 0 614 32120 
1564 1 88109 0 0 0 0 35950 0 0 135 5 3860 1089 0 0 3717 0 1451 691 1 11 0 11 0 1069 229 321 6 0 0 32827 0 516 0 0 0 0 0 4555 2 2 0 0 0 3748 95 645 81028 0 
116 485 0 0 435 0 0 0 0 0 6595 2155 79888 0 1 3 0 9 5886 0 3083 4149 6483 11015 1 10 0 10 0 0 54225 0 0 81478 406 0 0 0 71327 0 0 0 367 0 0 0 0 0 62 18 
972 27 0 613 0 143 0 1548 22 0 0 0 32 0 45 0 18 5414 9 336 0 0 0 0 2 0 0 11386 0 0 0 1 0 4364 51 0 0 0 16 740 0 0 2 1036 9342 1 600 0 1301 2086 
1 14100 0 0 732 0 137 3191 0 3 0 2261 0 0 0 0 36432 0 0 2699 7412 28 0 27821 0 36565 0 0 3 10 0 140 0 2 47513 0 71327 16 0 4 0 0 0 5252 0 986 0 0 0 0 
0 17 1183 32 4506 14323 2 0 0 0 0 0 0 0 0 0 0 0 0 1 0 132 3832 0 0 537 49472 0 1393 0 2 7 77833 0 0 4555 0 740 4 0 0 0 0 0 3933 20 0 140 1931 321 
0 0 272 2987 4 35372 0 0 18 0 0 5413 5757 21939 49805 0 0 22943 0 1 86 0 0 0 0 404 0 28515 0 684 0 69 3535 814 3693 2 0 0 0 0 0 1 0 0 4 0 468 10599 1 9489 
0 2 0 718 63 4960 0 0 0 0 0 14928 0 608 0 7559 0 0 468 5801 0 178 0 0 2234 0 122 0 0 0 0 0 170 10 0 2 0 0 0 0 1 0 3332 0 24127 0 66039 0 0 1 
0 0 0 0 0 421 437 0 6293 0 8009 12298 6665 0 4471 26520 0 0 0 0 0 0 89 0 0 0 12 0 401 438 0 1 316 465 64123 0 367 2 0 0 0 3332 0 0 0 6 74921 125 0 195 
0 9 247 12 3806 0 0 118 0 0 14 886 0 33468 0 97179 69 317 11 5496 21139 1284 0 2594 0 7087 0 55 0 12113 31819 7118 46 0 0 0 0 1036 5252 0 0 0 0 0 0 1614 0 0 46 0 
0 0 0 1 36267 0 0 1 0 3045 5 12643 0 0 0 0 0 169 14167 0 188 0 0 24 6183 958 0 44 0 0 34780 0 4951 3619 648 0 0 9342 0 3933 4 24127 0 0 0 0 206 0 308 63111 
0 2725 0 34 580 0 121 0 0 0 685 0 0 1 0 0 314 0 0 0 4 0 0 7 1 0 1 0 508 14 142 6 36470 0 0 3748 0 1 986 20 0 0 6 1614 0 0 20247 0 40162 1 
0 135 0 23 0 47754 2918 0 74696 24 0 0 235 50 0 208 1 569 0 0 4 1315 294 0 0 70211 0 0 0 0 0 2 1577 0 8 95 0 600 0 0 468 66039 74921 0 206 20247 0 0 0 0 
0 55751 452 0 0 22 0 0 0 0 0 1112 0 0 0 88 0 0 42109 5169 3774 0 567 0 0 0 3822 0 8695 6 49 0 580 0 0 645 0 0 0 140 10599 0 125 0 0 0 0 0 16 0 
59 3128 30 0 0 54 0 0 7 0 50 0 0 3 24 0 0 1254 123 248 0 1 3888 2 6992 0 91 27 3 44 1 147 285 82037 614 81028 62 1301 0 1931 1 0 0 46 308 40162 0 16 0 249 
6 1535 0 0 7 0 0 0 8778 0 10 0 10325 0 0 0 1 36766 0 0 10 13737 0 0 13 0 0 7 7 6 0 0 0 0 32120 0 18 2086 0 321 9489 1 195 0 63111 1 0 0 249 0 
