15 4
0 59 64 103 62 95 95 48 90 88 90 112 64 139 74 
59 0 70 49 40 62 36 46 31 30 43 69 27 80 26 
64 70 0 118 33 51 89 98 88 95 64 73 48 126 97 
103 49 118 0 85 94 38 68 34 23 68 88 69 56 28 
62 40 33 85 0 33 56 78 55 62 34 51 15 94 66 
95 62 51 94 33 0 57 107 59 71 25 22 37 82 84 
95 36 89 38 56 57 0 77 6 17 31 50 41 44 39 
48 46 98 68 78 107 77 0 71 63 90 115 69 117 41 
90 31 88 34 55 59 6 71 0 12 34 55 39 49 33 
88 30 95 23 62 71 17 63 12 0 46 67 46 53 23 
90 43 64 68 34 25 31 90 34 46 0 25 25 61 61 
112 69 73 88 51 22 50 115 55 67 25 0 49 63 86 
64 27 48 69 15 37 41 69 39 46 25 49 0 81 52 
139 80 126 56 94 82 44 117 49 53 61 63 81 0 75 
74 26 97 28 66 84 39 41 33 23 61 86 52 75 0 
0 6953 0 61474 14711 0 1334 0 364 4 17769 1 660 0 616 
6953 0 1452 1 0 0 4789 88 0 0 0 22369 180 307 1603 
0 1452 0 0 146 0 0 681 37 182 0 413 0 0 0 
61474 1 0 0 8 40 132 0 0 0 0 2 6 0 0 
14711 0 146 8 0 0 22148 38 0 71 0 0 21 1 9366 
0 0 0 40 0 0 3854 0 15 0 46548 15191 20 0 9803 
1334 4789 0 132 22148 3854 0 23 0 4 2 59 0 0 9706 
0 88 681 0 38 0 23 0 0 0 41 613 0 26 0 
364 0 37 0 0 15 0 0 0 18 125 0 0 1953 0 
4 0 182 0 71 0 4 0 18 0 0 0 7565 14176 0 
17769 0 0 0 0 46548 2 41 125 0 0 0 0 405 0 
1 22369 413 2 0 15191 59 613 0 0 0 0 0 0 1049 
660 180 0 6 21 20 0 0 0 7565 0 0 0 0 0 
0 307 0 0 1 0 0 26 1953 14176 405 0 0 0 0 
616 1603 0 0 9366 9803 9706 0 0 0 0 1049 0 0 0 
0 0 442 0 0 51 0 987 0 0 0 0 0 9058 0 
0 0 0 0 8 264 0 0 176 31952 252 0 0 0 0 
442 0 0 195 0 3341 29688 0 0 0 54301 0 191 345 303 
0 0 195 0 0 0 0 6370 1522 1015 427 0 21 823 526 
0 8 0 0 0 16 0 0 19 0 150 11 0 0 0 
51 264 3341 0 16 0 0 11 0 368 0 0 0 1128 0 
0 0 29688 0 0 0 0 0 75170 0 3 0 2487 172 0 
987 0 0 6370 0 11 0 0 148 62 0 0 41 0 933 
0 176 0 1522 19 0 75170 148 0 0 0 863 1 0 0 
0 31952 0 1015 0 368 0 62 0 0 8 1378 0 0 399 
0 252 54301 427 150 0 3 0 0 8 0 1507 93660 0 13 
0 0 0 0 11 0 0 0 863 1378 1507 0 58113 26499 0 
0 0 191 21 0 0 2487 41 1 0 93660 58113 0 570 188 
9058 0 345 823 0 1128 172 0 0 0 0 26499 570 0 816 
0 0 303 526 0 0 0 933 0 399 13 0 188 816 0 
0 0 7016 0 0 81795 0 2 0 0 0 0 0 19009 0 
0 0 0 0 44 45607 0 0 15063 0 4881 0 0 0 0 
7016 0 0 211 0 7059 14 0 0 0 4538 0 144 13937 1319 
0 0 211 0 0 0 0 64 423 5 2578 8 0 2767 16854 
0 44 0 0 0 220 0 0 766 0 19906 17097 0 0 0 
81795 45607 7059 0 220 0 0 34 0 113 0 0 0 6 0 
0 0 14 0 0 0 0 0 98 0 0 0 20118 2373 0 
2 0 0 64 0 34 0 0 1 23 0 0 3659 0 2 
0 15063 0 423 766 0 98 1 0 0 0 189 3 0 33 
0 0 0 5 0 113 0 23 0 0 2248 1517 0 0 38721 
0 4881 4538 2578 19906 0 0 0 0 2248 0 6079 8488 0 462 
0 0 0 8 17097 0 0 0 189 1517 6079 0 42 79 0 
0 0 144 0 0 0 20118 3659 3 0 8488 42 0 63 2374 
19009 0 13937 2767 0 6 2373 0 0 0 0 79 63 0 1714 
0 0 1319 16854 0 0 0 2 33 38721 462 0 2374 1714 0 
0 0 546 0 0 20 0 11120 0 0 0 1 0 1936 0 
0 0 0 0 486 1 0 0 65515 72 1 0 0 0 0 
546 0 0 2044 0 1425 15 0 0 0 96693 0 26889 37692 2501 
0 0 2044 0 0 0 0 1 84859 0 296 0 0 15034 35 
0 486 0 0 0 1 0 0 0 0 8763 3267 0 0 0 
20 1 1425 0 1 0 0 11 0 99560 0 0 0 18079 0 
0 0 15 0 0 0 0 0 6 0 0 0 20116 12999 0 
11120 0 0 1 0 11 0 0 2 315 0 0 4333 0 15300 
0 65515 0 84859 0 0 6 2 0 0 0 17509 6 0 1899 
0 72 0 0 0 99560 0 315 0 0 121 5 0 0 58887 
0 1 96693 296 8763 0 0 0 0 121 0 6588 2518 0 64140 
1 0 0 0 3267 0 0 0 17509 5 6588 0 17393 32356 0 
0 0 26889 0 0 0 20116 4333 6 0 2518 17393 0 3 1 
1936 0 37692 15034 0 18079 12999 0 0 0 0 32356 3 0 398 
0 0 2501 35 0 0 0 15300 1899 58887 64140 0 1 398 0 
