50 2
0 59 64 103 62 95 95 48 90 88 90 112 64 139 74 53 26 148 87 89 78 107 103 6 100 177 116 85 94 32 58 33 140 154 91 89 149 95 129 136 69 115 101 157 54 90 105 87 127 110 
59 0 70 49 40 62 36 46 31 30 43 69 27 80 26 37 59 91 39 30 28 48 85 53 62 119 57 26 35 49 19 41 84 96 32 30 99 39 70 86 73 69 42 98 15 31 60 28 82 56 
64 70 0 118 33 51 89 98 88 95 64 73 48 126 97 33 87 124 64 86 63 108 150 62 58 154 114 86 89 33 53 83 147 156 86 84 168 106 127 100 125 78 97 140 80 90 70 87 153 86 
103 49 118 0 85 94 38 68 34 23 68 88 69 56 28 85 93 77 65 36 58 23 68 97 90 97 30 33 37 98 65 74 38 53 38 38 50 11 35 90 81 85 32 73 48 31 81 32 37 63 
62 40 33 85 0 33 56 78 55 62 34 51 15 94 66 8 77 96 33 53 30 75 125 57 38 126 81 53 55 32 21 66 113 123 53 51 135 74 94 77 106 55 64 110 53 57 45 54 121 57 
95 62 51 94 33 0 57 107 59 71 25 22 37 82 84 42 110 75 28 57 37 76 147 91 7 104 78 61 57 65 46 97 112 117 56 55 139 82 90 49 135 27 64 93 77 62 20 61 131 41 
95 36 89 38 56 57 0 77 6 17 31 50 41 44 39 58 95 55 29 6 25 20 100 89 52 83 25 11 1 78 40 76 58 67 4 6 82 27 38 57 100 48 8 62 47 8 43 10 75 27 
48 46 98 68 78 107 77 0 71 63 90 115 69 117 41 71 27 133 86 71 75 81 55 45 108 159 90 66 76 65 60 15 106 121 74 72 107 64 101 132 28 116 80 136 31 70 107 68 82 102 
90 31 88 34 55 59 6 71 0 12 34 55 39 49 33 57 89 61 31 2 25 20 94 84 56 89 27 5 5 75 38 70 58 68 4 4 81 23 41 63 94 53 11 67 41 3 47 3 71 33 
88 30 95 23 62 71 17 63 12 0 46 67 46 53 23 63 84 69 43 14 35 19 82 82 68 95 28 10 16 78 43 65 53 65 16 16 72 11 40 74 84 65 17 72 36 9 59 10 60 45 
90 43 64 68 34 25 31 90 34 46 0 25 25 61 61 41 99 61 3 32 15 51 124 84 22 92 53 36 32 65 32 83 87 94 30 30 114 57 66 45 116 26 39 76 58 37 17 36 106 22 
112 69 73 88 51 22 50 115 55 67 25 0 49 63 86 60 123 54 29 53 40 67 148 107 15 82 66 58 51 84 57 108 98 101 51 51 128 77 76 27 142 5 56 73 84 58 8 57 125 26 
64 27 48 69 15 37 41 69 39 46 25 49 0 81 52 17 74 86 23 37 16 60 112 58 38 116 66 37 40 40 8 60 98 108 37 36 119 58 79 71 97 51 49 98 41 41 41 38 105 47 
139 80 126 56 94 82 44 117 49 53 61 63 81 0 75 99 137 23 62 50 65 36 125 133 74 41 27 54 45 121 83 118 42 40 48 50 74 54 23 49 136 59 38 18 89 49 61 52 82 40 
74 26 97 28 66 84 39 41 33 23 61 86 52 75 0 64 65 92 58 34 47 39 62 69 83 117 49 28 38 73 45 46 66 80 37 35 76 23 59 96 61 84 40 94 20 31 77 29 56 66 
53 37 33 85 8 42 58 71 57 63 41 60 17 99 64 0 69 102 39 55 34 77 120 48 46 132 83 54 58 24 20 58 115 125 55 53 135 74 97 85 99 63 67 115 48 58 53 55 119 63 
26 59 87 93 77 110 95 27 89 84 99 123 74 137 65 69 0 150 95 88 85 103 79 26 113 178 112 83 93 54 66 19 131 145 91 89 135 88 124 144 43 125 99 156 48 88 115 85 110 115 
148 91 124 77 96 75 55 133 61 69 61 54 86 23 92 102 150 0 63 62 70 55 146 142 68 30 47 67 57 126 90 132 65 61 59 61 97 73 46 31 154 49 52 20 102 63 55 65 105 39 
87 39 64 65 33 28 29 86 31 43 3 29 23 62 58 39 95 63 0 29 11 49 121 81 25 93 52 33 29 63 29 79 86 93 27 27 112 54 65 48 113 29 37 77 55 34 20 33 103 24 
89 30 86 36 53 57 6 71 2 14 32 53 37 50 34 55 88 62 29 0 23 22 95 83 54 89 29 5 5 73 36 70 60 70 2 2 83 25 42 62 94 51 12 68 40 5 45 4 73 32 
78 28 63 58 30 37 25 75 25 35 15 40 16 65 47 34 85 70 11 23 0 45 110 72 35 100 50 25 25 56 20 68 83 92 22 21 106 47 64 59 101 41 33 81 43 28 32 26 96 31 
107 48 108 23 75 76 20 81 20 19 51 67 60 36 39 77 103 55 49 22 45 0 91 101 71 77 9 23 20 95 58 84 38 48 22 24 62 18 21 67 100 64 12 54 55 18 60 21 58 41 
103 85 150 68 125 147 100 55 94 82 124 148 112 125 62 120 79 146 121 95 110 91 0 100 146 164 99 90 98 119 104 71 95 110 98 97 80 74 102 156 39 147 97 141 72 91 140 91 53 127 
6 53 62 97 57 91 89 45 84 82 84 107 58 133 69 48 26 142 81 83 72 101 100 0 95 171 110 79 88 29 52 29 135 148 85 83 144 89 123 130 68 109 95 151 48 84 99 81 122 104 
100 62 58 90 38 7 52 108 56 68 22 15 38 74 83 46 113 68 25 54 35 71 146 95 0 97 72 58 53 70 47 99 106 111 52 52 134 79 84 42 135 19 59 86 77 59 13 58 127 35 
177 119 154 97 126 104 83 159 89 95 92 82 116 41 117 132 178 30 93 89 100 77 164 171 97 0 68 94 84 156 120 159 73 63 87 89 103 95 62 57 177 77 78 23 130 89 84 92 117 69 
116 57 114 30 81 78 25 90 27 28 53 66 66 27 49 83 112 47 52 29 50 9 99 110 72 68 0 31 25 102 65 93 34 42 28 30 62 26 13 62 109 62 16 45 64 26 60 29 61 39 
85 26 86 33 53 61 11 66 5 10 36 58 37 54 28 54 83 67 33 5 25 23 90 79 58 94 31 0 10 72 35 65 61 72 8 7 82 21 44 68 89 57 16 72 35 5 50 2 70 37 
94 35 89 37 55 57 1 76 5 16 32 51 40 45 38 58 93 57 29 5 25 20 98 88 53 84 25 10 0 78 40 75 58 67 3 5 82 26 39 58 99 49 8 63 45 7 44 8 74 28 
32 49 33 98 32 65 78 65 75 78 65 84 40 121 73 24 54 126 63 73 56 95 119 29 70 156 102 72 78 0 37 50 132 144 75 73 148 88 116 109 92 87 86 138 53 76 77 73 129 87 
58 19 53 65 21 46 40 60 38 43 32 57 8 83 45 20 66 90 29 36 20 58 104 52 47 120 65 35 40 37 0 51 96 106 37 35 115 54 79 78 89 58 48 100 32 39 48 36 100 51 
33 41 83 74 66 97 76 15 70 65 83 108 60 118 46 58 19 132 79 70 68 84 71 29 99 159 93 65 75 50 51 0 112 127 72 70 118 69 105 127 42 109 80 137 29 69 99 67 94 98 
140 84 147 38 113 112 58 106 58 53 87 98 98 42 66 115 131 65 86 60 83 38 95 135 106 73 34 61 58 132 96 112 0 15 60 62 32 45 22 90 116 94 49 51 86 56 94 59 44 72 
154 96 156 53 123 117 67 121 68 65 94 101 108 40 80 125 145 61 93 70 92 48 110 148 111 63 42 72 67 144 106 127 15 0 70 71 40 58 28 89 132 97 58 43 99 67 98 70 58 76 
91 32 86 38 53 56 4 74 4 16 30 51 37 48 37 55 91 59 27 2 22 22 98 85 52 87 28 8 3 75 37 72 60 70 0 2 84 27 42 59 97 49 11 66 43 7 43 7 75 29 
89 30 84 38 51 55 6 72 4 16 30 51 36 50 35 53 89 61 27 2 21 24 97 83 52 89 30 7 5 73 35 70 62 71 2 0 85 27 43 60 96 49 13 68 41 7 43 6 75 30 
149 99 168 50 135 139 82 107 81 72 114 128 119 74 76 135 135 97 112 83 106 62 80 144 134 103 62 82 82 148 115 118 32 40 84 85 0 61 54 122 110 124 75 83 97 78 122 81 27 101 
95 39 106 11 74 82 27 64 23 11 57 77 58 54 23 74 88 73 54 25 47 18 74 89 79 95 26 21 26 88 54 69 45 58 27 27 61 0 36 82 82 75 23 72 41 20 70 21 49 53 
129 70 127 35 94 90 38 101 41 40 66 76 79 23 59 97 124 46 65 42 64 21 102 123 84 62 13 44 39 116 79 105 22 28 42 43 54 36 0 68 117 72 30 38 76 39 71 43 59 49 
136 86 100 90 77 49 57 132 63 74 45 27 71 49 96 85 144 31 48 62 59 67 156 130 42 57 62 68 58 109 78 127 90 89 59 60 122 82 68 0 156 23 59 52 100 65 32 66 124 30 
69 73 125 81 106 135 100 28 94 84 116 142 97 136 61 99 43 154 113 94 101 100 39 68 135 177 109 89 99 92 89 42 116 132 97 96 110 82 117 156 0 142 101 154 58 92 133 90 83 126 
115 69 78 85 55 27 48 116 53 65 26 5 51 59 84 63 125 49 29 51 41 64 147 109 19 77 62 57 49 87 58 109 94 97 49 49 124 75 72 23 142 0 53 68 84 56 9 56 122 23 
101 42 97 32 64 64 8 80 11 17 39 56 49 38 40 67 99 52 37 12 33 12 97 95 59 78 16 16 8 86 48 80 49 58 11 13 75 23 30 59 101 53 0 56 51 11 49 14 69 30 
157 98 140 73 110 93 62 136 67 72 76 73 98 18 94 115 156 20 77 68 81 54 141 151 86 23 45 72 63 138 100 137 51 43 66 68 83 72 38 52 154 68 56 0 107 67 72 70 95 53 
54 15 80 48 53 77 47 31 41 36 58 84 41 89 20 48 48 102 55 40 43 55 72 48 77 130 64 35 45 53 32 29 86 99 43 41 97 41 76 100 58 84 51 107 0 40 75 37 76 70 
90 31 90 31 57 62 8 70 3 9 37 58 41 49 31 58 88 63 34 5 28 18 91 84 59 89 26 5 7 76 39 69 56 67 7 7 78 20 39 65 92 56 11 67 40 0 50 3 68 35 
105 60 70 81 45 20 43 107 47 59 17 8 41 61 77 53 115 55 20 45 32 60 140 99 13 84 60 50 44 77 48 99 94 98 43 43 122 70 71 32 133 9 49 72 75 50 0 50 118 21 
87 28 87 32 54 61 10 68 3 10 36 57 38 52 29 55 85 65 33 4 26 21 91 81 58 92 29 2 8 73 36 67 59 70 7 6 81 21 43 66 90 56 14 70 37 3 50 0 70 36 
127 82 153 37 121 131 75 82 71 60 106 125 105 82 56 119 110 105 103 73 96 58 53 122 127 117 61 70 74 129 100 94 44 58 75 75 27 49 59 124 83 122 69 95 76 68 118 70 0 99 
110 56 86 63 57 41 27 102 33 45 22 26 47 40 66 63 115 39 24 32 31 41 127 104 35 69 39 37 28 87 51 98 72 76 29 30 101 53 49 30 126 23 30 53 70 35 21 36 99 0 
0 0 0 1465 0 4168 1 65 71 760 94926 49 59 0 399 0 0 1166 181 0 0 18590 0 532 5 0 0 0 26358 2255 0 428 15770 57 0 4792 0 96 17026 0 6 0 21755 0 0 391 1039 0 0 874 
0 0 0 2010 0 0 5273 22303 0 0 4 0 1227 1993 7 0 0 0 12 0 0 74 79 4 0 48020 3 0 4831 0 88995 0 0 21428 37008 0 0 0 367 19836 0 78653 2 21727 0 564 0 0 0 7232 
0 0 0 0 4 0 57 0 49097 976 9 1 80 1334 56 0 8 0 21 0 2461 1150 0 0 0 0 22593 41113 7 0 0 0 0 3 0 0 108 20 0 60 3 0 0 0 0 6 0 0 0 0 
1465 2010 0 0 0 0 0 0 1051 65 0 1 0 0 613 0 1 321 87060 205 0 54255 0 0 0 0 12 0 13 50397 0 23 196 0 4099 0 0 54784 6 8523 0 0 0 0 27 0 0 39841 0 242 
0 0 4 0 0 0 0 0 0 0 0 0 9 786 0 0 9 156 1272 14986 0 0 0 22 26 0 55979 0 0 0 22 0 0 0 32 0 7474 0 0 0 813 0 0 0 0 0 2084 955 0 0 
4168 0 0 0 0 0 111 4789 0 0 4118 1 0 79 55 3321 0 2753 37 0 65543 0 0 0 0 0 0 207 0 0 541 0 0 5711 0 0 0 0 0 3183 30 14542 0 0 2 12 0 0 8 89604 
1 5273 57 0 0 111 0 0 0 0 0 21710 321 75695 0 37247 0 0 0 2024 58 39176 0 0 0 0 82 0 0 5 49 0 0 4571 2099 1820 41035 22824 0 69167 7 34 0 8 0 1228 310 0 0 0 
65 22303 0 0 0 4789 0 0 0 26 0 0 0 0 0 0 0 0 274 41177 0 19870 0 0 0 0 278 30295 0 47229 11408 50 0 1 1 0 0 0 0 39996 0 31 0 159 0 0 0 0 1013 101 
71 0 49097 1051 0 0 0 0 0 0 9797 289 0 75337 0 3 12773 0 35 24 59 16 0 0 0 0 35 0 0 0 2 0 0 0 62 0 0 559 0 9 0 2 5861 0 0 0 0 0 10 129 
760 0 976 65 0 0 0 26 0 0 0 0 746 0 1380 0 859 46 27187 0 4562 99 0 2 1436 0 0 0 337 16849 18908 29757 78025 48035 0 4406 13664 4710 0 1346 7 1720 0 0 0 0 12 35 0 205 
94926 4 9 0 0 4118 0 0 9797 0 0 49 51 79 1 273 548 139 36 4832 79 0 0 38 0 7 0 0 0 378 0 0 0 4952 20 47 0 0 9872 2 0 0 1 15 1 0 2 0 0 0 
49 0 1 1 0 1 21710 0 289 0 49 0 10944 0 0 14006 2 0 0 3335 0 1375 12676 0 7 1645 81115 2658 560 0 6 0 3 0 16 28460 505 0 0 0 424 0 0 0 2605 0 71 0 949 1582 
59 1227 80 0 9 0 321 0 0 746 51 10944 0 0 0 20 735 0 81795 0 3652 0 134 0 23 59 0 0 0 0 51255 51652 545 1 0 554 52 212 8785 0 0 0 45141 0 8900 2451 0 44 0 230 
0 1993 1334 0 786 79 75695 0 75337 0 79 0 0 0 0 18836 0 0 0 63650 0 0 326 0 38991 14606 0 370 2300 4015 0 7120 0 0 0 18628 0 14565 0 0 0 800 0 31581 0 0 20314 10 0 8277 
399 7 56 613 0 55 0 0 0 1380 1 0 0 0 0 10 9280 5 72022 918 1322 5673 784 0 0 98795 717 0 0 0 13153 0 2358 0 153 747 0 0 0 5874 0 0 103 0 47086 331 0 0 0 16 
0 0 0 0 0 3321 37247 0 3 0 273 14006 20 18836 10 0 0 87 4 150 0 2 0 50005 3673 2 0 0 1 0 0 3 0 77781 0 30800 11 25492 4395 130 263 0 0 1 1 0 14 0 4428 5 
0 0 8 1 9 0 0 0 12773 859 548 2 735 0 9280 0 0 22 0 0 0 73471 8393 0 7 0 0 609 0 3 15348 1 525 93718 0 3748 0 0 21 1 1089 0 5731 0 0 0 0 0 3038 0 
1166 0 0 321 156 2753 0 0 0 46 139 0 0 0 5 87 22 0 0 0 1 0 0 65842 311 36609 0 0 1 0 134 3 23 58 0 0 0 3 12094 0 0 864 0 0 0 0 497 0 0 1160 
181 12 21 87060 1272 37 0 274 35 27187 36 0 81795 0 72022 4 0 0 0 296 3225 0 0 0 1 136 0 0 0 14174 1 0 44249 0 0 0 0 390 0 23 6773 0 26960 0 0 0 15381 0 27 0 
0 0 0 205 14986 0 2024 41177 24 0 4832 3335 0 63650 918 150 0 0 296 0 2 61560 0 0 3268 4075 0 0 0 0 530 0 1 0 0 0 7 0 86634 30 156 161 0 432 0 0 14 11 0 120 
0 0 2461 0 0 65543 58 0 59 4562 79 0 3652 0 1322 0 0 1 3225 2 0 15 11 836 10 0 0 27 14962 71420 0 0 0 0 0 0 0 0 0 0 3512 1049 30 0 17046 0 17 392 0 5 
18590 74 1150 54255 0 0 39176 19870 16 99 0 1375 0 0 5673 2 73471 0 0 61560 15 0 0 0 0 3038 0 0 151 0 0 10090 0 0 0 20120 1 2001 0 23 0 0 141 193 21 305 0 0 279 0 
0 79 0 0 0 0 0 0 0 0 0 12676 134 326 784 0 8393 0 0 0 11 0 0 0 0 3021 0 0 0 86 82111 0 2 0 7202 5 20 5 0 0 0 0 0 0 2284 0 10162 0 20 1349 
532 4 0 0 22 0 0 0 0 2 38 0 0 0 0 50005 0 65842 0 0 836 0 0 0 5 10330 0 0 0 13114 64 8 0 0 0 0 42 0 169 15049 0 0 0 1 0 0 143 2452 0 0 
5 0 0 0 26 0 0 0 0 1436 0 7 23 38991 0 3673 7 311 1 3268 10 0 0 5 0 3 0 6 0 0 85 1215 0 0 0 0 0 0 0 0 0 0 2027 75 0 0 0 0 34 13 
0 48020 0 0 0 0 0 0 0 0 7 1645 59 14606 98795 2 0 36609 136 4075 0 3038 3021 10330 3 0 0 0 68395 0 7 0 0 0 0 41 0 2 9747 0 0 135 1 1 0 3 0 33 0 90039 
0 3 22593 12 55979 0 82 278 35 0 0 81115 0 0 717 0 0 0 0 0 0 0 0 0 0 0 0 0 33 4 0 0 0 750 147 0 0 2 9 0 0 1123 1 12348 0 0 0 5677 1 381 
0 0 41113 0 0 207 0 30295 0 0 0 2658 0 370 0 0 609 0 0 0 27 0 0 0 6 0 0 0 2 0 148 0 754 56359 59449 0 3 0 28643 15489 276 14 670 0 0 2 514 35420 0 0 
26358 4831 7 13 0 0 0 0 0 337 0 560 0 2300 0 1 0 1 0 0 14962 151 0 0 0 68395 33 2 0 0 155 687 0 2689 1 0 78696 0 63266 0 102 0 187 0 0 0 0 0 0 2 
2255 0 0 50397 0 0 5 47229 0 16849 378 0 0 4015 0 0 3 0 14174 0 71420 0 86 13114 0 0 4 0 0 0 0 0 0 215 83 1532 43 201 48 0 0 0 262 178 0 2 1269 219 337 0 
0 88995 0 0 22 541 49 11408 2 18908 0 6 51255 0 13153 0 15348 134 1 530 0 0 82111 64 85 7 0 148 155 0 0 8329 44525 164 0 49 0 49378 0 0 0 0 0 198 0 0 339 5731 0 0 
428 0 0 23 0 0 0 50 0 29757 0 0 51652 7120 0 3 1 3 0 0 0 10090 0 8 1215 0 0 0 687 0 8329 0 35 0 36 26 0 0 84284 6966 0 1380 36 4726 0 357 0 0 12 7858 
15770 0 0 196 0 0 0 0 0 78025 0 3 545 0 2358 0 525 23 44249 1 0 0 2 0 0 0 0 754 0 0 44525 35 0 6 0 0 0 6007 0 65 9 73792 0 0 0 22 24 7393 43 0 
57 21428 3 0 0 5711 4571 1 0 48035 4952 0 1 0 0 77781 93718 58 0 0 0 0 0 0 0 0 750 56359 2689 215 164 0 6 0 0 0 0 0 1333 0 42523 381 1 0 17304 0 69 0 4397 913 
0 37008 0 4099 32 0 2099 1 62 0 20 16 0 0 153 0 0 0 0 0 0 0 7202 0 0 0 147 59449 1 83 0 36 0 0 0 949 51244 2 837 0 0 0 43443 0 0 188 0 120 0 90160 
4792 0 0 0 0 0 1820 0 0 4406 47 28460 554 18628 747 30800 3748 0 0 0 0 20120 5 0 0 41 0 0 0 1532 49 26 0 0 949 0 0 10279 0 0 0 0 0 3 1187 0 8886 0 1095 0 
0 0 108 0 7474 0 41035 0 0 13664 0 505 52 0 0 11 0 0 0 7 0 1 20 42 0 0 0 3 78696 43 0 0 0 0 51244 0 0 48 0 1769 0 23 0 0 0 21 0 2 0 0 
96 0 20 54784 0 0 22824 0 559 4710 0 0 212 14565 0 25492 0 3 390 0 0 2001 5 0 0 2 2 0 0 201 49378 0 6007 0 2 10279 48 0 60471 2 3390 1109 0 243 3 0 0 0 0 246 
17026 367 0 6 0 0 0 0 0 0 9872 0 8785 0 0 4395 21 12094 0 86634 0 0 0 169 0 9747 9 28643 63266 48 0 84284 0 1333 837 0 0 60471 0 279 8606 0 0 0 0 67 0 0 2405 0 
0 19836 60 8523 0 3183 69167 39996 9 1346 2 0 0 0 5874 130 1 0 23 30 0 23 0 15049 0 0 0 15489 0 0 0 6966 65 0 0 0 1769 2 279 0 0 0 0 0 26 50 11753 0 93 0 
6 0 3 0 813 30 7 0 0 7 0 424 0 0 0 263 1089 0 6773 156 3512 0 0 0 0 0 0 276 102 0 0 0 9 42523 0 0 0 3390 8606 0 0 0 0 0 2615 0 3 2879 1 8 
0 78653 0 0 0 14542 34 31 2 1720 0 0 0 800 0 0 0 864 0 161 1049 0 0 0 0 135 1123 14 0 0 0 1380 73792 381 0 0 23 1109 0 0 0 0 0 0 12 0 14 1 2 0 
21755 2 0 0 0 0 0 0 5861 0 1 0 45141 0 103 0 5731 0 26960 0 30 141 0 0 2027 1 1 670 187 262 0 36 0 1 43443 0 0 0 0 0 0 0 0 0 4 35012 0 0 37229 70716 
0 21727 0 0 0 0 8 159 0 0 15 0 0 31581 0 1 0 0 0 432 0 193 0 1 75 1 12348 0 0 178 198 4726 0 0 0 3 0 243 0 0 0 0 0 0 0 0 0 2152 4851 3811 
0 0 0 27 0 2 0 0 0 0 1 2605 8900 0 47086 1 0 0 0 0 17046 21 2284 0 0 0 0 0 0 0 0 0 0 17304 0 1187 0 3 0 26 2615 12 4 0 0 0 0 0 0 73456 
391 564 6 0 0 12 1228 0 0 0 0 0 2451 0 331 0 0 0 0 0 0 305 0 0 0 3 0 2 0 2 0 357 22 0 188 0 21 0 67 50 0 0 35012 0 0 0 157 61 2866 0 
1039 0 0 0 2084 0 310 0 0 12 2 71 0 20314 0 14 0 497 15381 14 17 0 10162 143 0 0 0 514 0 1269 339 0 24 69 0 8886 0 0 0 11753 3 14 0 0 0 157 0 124 2477 7 
0 0 0 39841 955 0 0 0 0 35 0 0 44 10 0 0 0 0 0 11 392 0 0 2452 0 33 5677 35420 0 219 5731 0 7393 0 120 0 2 0 0 0 2879 1 0 2152 0 61 124 0 0 134 
0 0 0 0 0 8 0 1013 10 0 0 949 0 0 0 4428 3038 0 27 0 0 279 20 0 34 0 1 0 0 337 0 12 43 4397 0 1095 0 0 2405 93 1 2 37229 4851 0 2866 2477 0 0 1067 
874 7232 0 242 0 89604 0 101 129 205 0 1582 230 8277 16 5 0 1160 0 120 5 0 1349 0 13 90039 381 0 2 0 0 7858 0 913 90160 0 0 246 0 0 8 0 70716 3811 73456 0 7 134 1067 0 
0 0 0 17310 0 0 0 2407 149 0 5759 5692 0 855 68851 21 30870 0 15917 0 0 9882 0 0 0 51594 0 2811 3 0 0 0 0 667 93 3 0 0 2 0 0 225 2 0 5173 10 27477 477 0 0 
0 0 12 0 22 148 6 452 62674 3059 0 95125 116 12 8 0 3226 0 4 0 410 24114 0 62 139 753 0 471 32 0 0 0 0 689 0 0 277 0 0 0 1 0 709 1 432 26 1897 0 20719 341 
0 12 0 0 0 0 30328 6 6136 9127 0 0 12015 4 124 1 94 0 65 5705 6 1 79 549 0 1 0 0 594 7 7781 0 0 0 65653 0 2666 0 0 0 1012 3 1 0 24010 0 0 4 866 10 
17310 0 0 0 0 0 0 0 4579 0 1 0 0 0 0 0 19 0 0 0 0 0 536 4 96 18596 0 0 0 0 0 0 0 17 4129 0 0 0 0 4 4146 318 0 0 9 169 1912 2 0 33901 
0 22 0 0 0 104 0 0 0 0 2104 0 0 0 0 0 84156 146 0 1101 0 46 1 0 1 811 0 16008 0 77 0 34795 0 500 0 5 90 0 873 395 1304 18489 0 0 39746 0 0 5166 38096 1061 
0 148 0 0 104 0 40 0 0 0 14731 0 0 0 32 2298 31569 17588 0 17 66999 5 16442 0 0 19 79 0 32 0 0 0 10 0 0 82 1 0 3 0 468 0 0 0 111 16 0 0 20 0 
0 6 30328 0 0 40 0 1594 0 32367 0 0 4 1378 0 1568 0 3041 0 5583 66707 5738 0 71499 0 45018 0 0 0 80092 9818 96854 19 0 98034 743 2 84990 0 0 5860 0 0 2003 0 0 0 0 58 0 
2407 452 6 0 0 0 1594 0 598 0 15282 72447 0 35496 0 711 22276 0 0 0 174 0 0 3 0 0 0 23 1345 1 18103 1 0 0 0 0 0 0 51606 0 6 5 1119 0 9 0 2 84780 40187 0 
149 62674 6136 4579 0 0 0 598 0 0 39896 0 0 34 0 0 10 0 10230 101 31 146 16264 0 291 10837 10824 7447 0 0 0 514 2784 1 0 0 0 9 0 47970 0 29294 3 0 0 0 34049 0 1 25 
0 3059 9127 0 0 0 32367 0 0 0 275 4519 0 0 0 84 0 8327 3 28 6445 44712 586 1201 0 0 0 0 8423 523 0 0 0 16889 96 13710 0 224 512 0 0 2065 0 56 10 195 3 321 0 3618 
5759 0 0 1 2104 14731 0 15282 39896 275 0 123 0 0 0 318 0 0 1 1 25 0 29378 0 51355 0 64 5336 0 2 0 0 4519 3 0 0 0 766 1 0 30 3048 1 0 0 3 40 6 14 0 
5692 95125 0 0 0 0 0 72447 0 4519 123 0 0 25 0 273 1170 0 0 7 21 0 974 62 2 13 10 284 0 0 0 25 0 0 0 14 26903 860 13 14 7719 15 0 0 0 0 0 58 6 0 
0 116 12015 0 0 0 4 0 0 0 0 0 0 177 0 6999 0 14176 0 2 0 1900 0 0 13 0 0 62914 53017 0 0 0 0 0 0 97688 11804 7 0 161 0 83776 0 0 1 0 0 43 5369 23 
855 12 4 0 0 0 1378 35496 34 0 0 25 177 0 0 4 0 0 0 24988 14 3851 4 0 29 1161 0 1 19921 85 0 90 0 0 0 35779 0 0 95 3254 17514 166 0 0 0 0 0 11328 167 27347 
68851 8 124 0 0 32 0 0 0 0 0 0 0 0 0 0 0 0 0 0 0 0 9007 0 268 1 0 0 2109 12591 0 0 0 162 8 44 0 1 1 0 0 0 0 1659 3 0 34 0 0 0 
21 0 1 0 0 2298 1568 711 0 84 318 273 6999 4 0 0 23 42221 0 84 0 0 219 0 0 6925 0 0 0 0 0 34799 4768 366 5 0 170 273 0 70661 2420 10120 1 3 1184 4102 0 42 5 3463 
30870 3226 94 19 84156 31569 0 22276 10 0 0 1170 0 0 0 23 0 0 0 0 0 1 190 15326 89 13038 0 342 408 1 8 0 0 15702 552 0 0 3 0 22 5223 7232 0 0 0 2 46991 2625 2 0 
0 0 0 0 146 17588 3041 0 0 8327 0 0 14176 0 0 42221 0 0 6 0 5 0 0 0 41582 1962 0 26 0 333 0 1766 0 0 0 203 0 0 0 1112 4 0 0 0 0 328 183 0 0 6946 
15917 4 65 0 0 0 0 0 10230 3 1 0 0 0 0 0 0 6 0 0 0 146 0 4437 3205 13 1 0 13100 0 0 0 0 797 0 20 1 0 20 0 4 0 0 0 0 0 1 470 0 0 
0 0 5705 0 1101 17 5583 0 101 28 1 7 2 24988 0 84 0 0 0 0 0 0 589 0 0 0 64 65 0 2 3 85189 24 116 0 0 7 0 5532 15145 0 7949 0 335 0 5518 64650 98 0 0 
0 410 6 0 0 66999 66707 174 31 6445 25 21 0 14 0 0 0 5 0 0 0 5 0 0 6936 0 0 1 0 0 96 3447 702 226 242 11 77452 0 7 20 0 29 0 4 0 32 0 42837 0 33105 
9882 24114 1 0 46 5 5738 0 146 44712 0 0 1900 3851 0 0 1 0 146 0 5 0 31 65 45 15988 5958 11514 0 2 0 0 0 0 0 0 2570 0 252 0 934 1 0 0 39 2 14448 0 60 0 
0 0 79 536 1 16442 0 0 16264 586 29378 974 0 4 9007 219 190 0 0 589 0 31 0 619 0 8 9 0 132 0 0 0 956 21 77933 0 0 0 61 0 0 147 0 0 0 20666 15 0 184 8 
0 62 549 4 0 0 71499 3 0 1201 0 62 0 0 0 0 15326 0 4437 0 0 65 619 0 3804 95 0 0 0 0 0 3979 32211 0 5 10 0 0 0 0 0 0 0 2856 8 46960 40989 0 0 1 
0 139 0 96 1 0 0 0 291 0 51355 2 13 29 268 0 89 41582 3205 0 6936 45 0 3804 0 582 0 0 24 0 531 318 0 0 92 1775 0 77669 4 820 2 38 0 0 32660 0 0 0 5 0 
51594 753 1 18596 811 19 45018 0 10837 0 0 13 0 1161 1 6925 13038 1962 13 0 0 15988 8 95 582 0 0 16038 16 5830 0 0 0 0 0 43981 7 47 17210 0 0 0 3212 2145 79 0 5 0 4 3376 
0 0 0 0 0 79 0 0 10824 0 64 10 0 0 0 0 0 0 1 64 0 5958 9 0 0 0 0 123 0 4310 0 0 2 55708 0 109 0 0 15179 0 0 0 0 2273 19 1208 9643 0 2057 466 
2811 471 0 0 16008 0 0 23 7447 0 5336 284 62914 1 0 0 342 26 0 65 1 11514 0 0 0 16038 123 0 11 1 0 0 0 0 0 932 42 0 0 0 35 39 0 5859 2052 0 0 0 0 0 
3 32 594 0 0 32 0 1345 0 8423 0 0 53017 19921 2109 0 408 0 13100 0 0 0 132 0 24 16 0 11 0 17 0 293 0 74 8724 1 40857 0 0 0 0 0 0 0 1 0 8 74 0 0 
0 0 7 0 77 0 80092 1 0 523 2 0 0 85 12591 0 1 333 0 2 0 2 0 0 0 5830 4310 1 17 0 2 166 0 0 3 0 24257 0 299 0 134 13465 1225 2631 3410 0 83 0 0 98380 
0 0 7781 0 0 0 9818 18103 0 0 0 0 0 0 0 0 8 0 0 3 96 0 0 0 531 0 0 0 0 2 0 0 0 9701 0 1333 0 33707 0 0 5187 0 3 0 0 47249 0 7366 45 0 
0 0 0 0 34795 0 96854 1 514 0 0 25 0 90 0 34799 0 1766 0 85189 3447 0 0 3979 318 0 0 0 293 166 0 0 20 0 0 2027 1644 2701 0 0 27496 5 0 0 78068 0 0 0 0 0 
0 0 0 0 0 10 19 0 2784 0 4519 0 0 0 0 4768 0 0 0 24 702 0 956 32211 0 0 2 0 0 0 0 20 0 6 0 37 0 0 1 369 0 0 0 135 3 0 3 0 0 664 
667 689 0 17 500 0 0 0 1 16889 3 0 0 0 162 366 15702 0 797 116 226 0 21 0 0 0 55708 0 74 0 9701 0 6 0 148 0 67 0 0 2 13 0 0 60164 15500 484 3 0 69 1 
93 0 65653 4129 0 0 98034 0 0 96 0 0 0 0 8 5 552 0 0 0 242 0 77933 5 92 0 0 0 8724 3 0 0 0 148 0 0 7 0 766 402 0 323 0 0 0 0 0 0 1306 80 
3 0 0 0 5 82 743 0 0 13710 0 14 97688 35779 44 0 0 203 20 0 11 0 0 10 1775 43981 109 932 1 0 1333 2027 37 0 0 0 6475 0 0 59 457 448 0 120 0 0 11896 0 1880 0 
0 277 2666 0 90 1 2 0 0 0 0 26903 11804 0 0 170 0 0 1 7 77452 2570 0 0 0 7 0 42 40857 24257 0 1644 0 67 7 6475 0 0 0 0 0 0 75762 0 1 0 0 0 91368 5 
0 0 0 0 0 0 84990 0 9 224 766 860 7 0 1 273 3 0 0 0 0 0 0 0 77669 47 0 0 0 0 33707 2701 0 0 0 0 0 0 0 3307 0 868 0 52032 155 0 0 60 1 0 
2 0 0 0 873 3 0 51606 0 512 1 13 0 95 1 0 0 0 20 5532 7 252 61 0 4 17210 15179 0 0 299 0 0 1 0 766 0 0 0 0 0 215 0 0 3104 43276 0 478 135 0 0 
0 0 0 4 395 0 0 0 47970 0 0 14 161 3254 0 70661 22 1112 0 15145 20 0 0 0 820 0 0 0 0 0 0 0 369 2 402 59 0 3307 0 0 0 0 0 0 0 3724 0 0 0 0 
0 1 1012 4146 1304 468 5860 6 0 0 30 7719 0 17514 0 2420 5223 4 4 0 0 934 0 0 2 0 0 35 0 134 5187 27496 0 13 0 457 0 0 215 0 0 0 0 0 0 14 76725 59 0 0 
225 0 3 318 18489 0 0 5 29294 2065 3048 15 83776 166 0 10120 7232 0 0 7949 29 1 147 0 38 0 0 39 0 13465 0 5 0 0 323 448 0 868 0 0 0 0 0 0 0 3 0 0 0 0 
2 709 1 0 0 0 0 1119 3 0 1 0 0 0 0 1 0 0 0 0 0 0 0 0 0 3212 0 0 0 1225 3 0 0 0 0 0 75762 0 0 0 0 0 0 0 0 100 0 0 319 0 
0 1 0 0 0 0 2003 0 0 56 0 0 0 0 1659 3 0 0 0 335 4 0 0 2856 0 2145 2273 5859 0 2631 0 0 135 60164 0 120 0 52032 3104 0 0 0 0 0 44 8 0 0 1409 0 
5173 432 24010 9 39746 111 0 9 0 10 0 0 1 0 3 1184 0 0 0 0 0 39 0 8 32660 79 19 2052 1 3410 0 78068 3 15500 0 0 1 155 43276 0 0 0 0 44 0 7844 1 0 4762 10676 
10 26 0 169 0 16 0 0 0 195 3 0 0 0 0 4102 2 328 0 5518 32 2 20666 46960 0 0 1208 0 0 0 47249 0 0 484 0 0 0 0 0 3724 14 3 100 8 7844 0 75625 0 0 4 
27477 1897 0 1912 0 0 0 2 34049 3 40 0 0 0 34 0 46991 183 1 64650 0 14448 15 40989 0 5 9643 0 8 83 0 0 3 3 0 11896 0 0 478 0 76725 0 0 0 1 75625 0 0 0 1162 
477 0 4 2 5166 0 0 84780 0 321 6 58 43 11328 0 42 2625 0 470 98 42837 0 0 0 0 0 0 0 74 0 7366 0 0 0 0 0 0 60 135 0 59 0 0 0 0 0 0 0 18 1496 
0 20719 866 0 38096 20 58 40187 1 0 14 6 5369 167 0 5 2 0 0 0 0 60 184 0 5 4 2057 0 0 0 45 0 0 69 1306 1880 91368 1 0 0 0 0 319 1409 4762 0 0 18 0 0 
0 341 10 33901 1061 0 0 0 25 3618 0 0 23 27347 0 3463 0 6946 0 0 33105 0 8 1 0 3376 466 0 0 98380 0 0 664 1 80 0 5 0 0 0 0 0 0 0 10676 4 1162 1496 0 0 
