7 4
0 123 17 72 89 90 77 
123 0 116 51 121 48 96 
17 116 0 64 101 90 86 
72 51 64 0 97 39 71 
89 121 101 97 0 73 26 
90 48 90 39 73 0 47 
77 96 86 71 26 47 0 
0 0 2296 0 0 92 921 
0 0 0 0 0 67094 9 
2296 0 0 0 0 0 4 
0 0 0 0 2 0 34 
0 0 0 2 0 3 0 
92 67094 0 0 3 0 184 
921 9 4 34 0 184 0 
0 0 0 10816 0 0 0 
0 0 3 164 15 0 0 
0 3 0 2 1 1 1 
10816 164 2 0 0 78623 0 
0 15 1 0 0 0 1513 
0 0 1 78623 0 0 0 
0 0 1 0 1513 0 0 
0 0 0 24421 1 0 0 
0 0 2 17169 2093 0 0 
0 2 0 5057 9068 583 0 
24421 17169 5057 0 1 413 0 
1 2093 9068 1 0 0 5 
0 0 583 413 0 0 0 
0 0 0 0 5 0 0 
0 0 0 60733 17 0 0 
0 0 900 4083 25 0 0 
0 900 0 25301 6 20 0 
60733 4083 25301 0 0 185 0 
17 25 6 0 0 0 856 
0 0 20 185 0 0 0 
0 0 0 0 856 0 0 
