8 2
0 59 64 103 62 95 95 48 
59 0 70 49 40 62 36 46 
64 70 0 118 33 51 89 98 
103 49 118 0 85 94 38 68 
62 40 33 85 0 33 56 78 
95 62 51 94 33 0 57 107 
95 36 89 38 56 57 0 77 
48 46 98 68 78 107 77 0 
0 5686 71328 16814 0 0 0 0 
5686 0 0 155 0 0 0 60513 
71328 0 0 28 3964 0 0 0 
16814 155 28 0 6953 0 0 1041 
0 0 3964 6953 0 780 378 23624 
0 0 0 0 780 0 0 57 
0 0 0 0 378 0 0 0 
0 60513 0 1041 23624 57 0 0 
0 2316 5216 3940 0 0 0 0 
2316 0 0 24 0 0 0 77319 
5216 0 0 1 28333 0 0 0 
3940 24 1 0 12080 0 0 276 
0 0 28333 12080 0 2725 21328 31339 
0 0 0 0 2725 0 0 11 
0 0 0 0 21328 0 0 2 
0 77319 0 276 31339 11 2 0 
