15 3
0 123 17 72 89 90 77 84 122 70 141 118 117 117 58 
123 0 116 51 121 48 96 115 59 63 25 47 40 16 64 
17 116 0 64 101 90 86 66 108 71 133 119 117 113 52 
72 51 64 0 97 39 71 77 62 33 69 64 60 49 13 
89 121 101 97 0 73 26 158 158 64 146 84 88 106 88 
90 48 90 39 73 0 47 116 91 20 73 28 27 34 42 
77 96 86 71 26 47 0 136 132 38 121 63 66 81 63 
84 115 66 77 158 116 136 0 73 105 118 141 136 120 76 
122 59 108 62 158 91 132 73 0 94 51 103 96 73 74 
70 63 71 33 64 20 38 105 94 0 87 48 47 52 29 
141 25 133 69 146 73 121 118 51 87 0 70 64 41 83 
118 47 119 64 84 28 63 141 103 48 70 0 6 30 70 
117 40 117 60 88 27 66 136 96 47 64 6 0 24 67 
117 16 113 49 106 34 81 120 73 52 41 30 24 0 60 
58 64 52 13 88 42 63 76 74 29 83 70 67 60 0 
0 6 1789 0 29 0 0 2507 27236 0 0 507 0 571 160 
6 0 861 208 29 0 0 0 0 57 73781 0 3 0 0 
1789 861 0 1664 0 1679 79 0 0 4 1 38 0 0 0 
0 208 1664 0 0 1303 0 0 21 0 94 57 846 0 60 
29 29 0 0 0 0 0 1752 19 1 284 0 0 0 0 
0 0 1679 1303 0 0 0 7 32044 714 76 0 122 0 0 
0 0 79 0 0 0 0 5264 0 3517 52 0 11 0 0 
2507 0 0 0 1752 7 5264 0 0 12 0 2 75611 9 4 
27236 0 0 21 19 32044 0 0 0 0 1100 0 49 2563 48 
0 57 4 0 1 714 3517 12 0 0 2 0 0 0 4473 
0 73781 1 94 284 76 52 0 1100 2 0 228 0 10588 39 
507 0 38 57 0 0 0 2 0 0 228 0 10 94603 86584 
0 3 0 846 0 122 11 75611 49 0 0 10 0 0 0 
571 0 0 0 0 0 0 9 2563 0 10588 94603 0 0 0 
160 0 0 60 0 0 0 4 48 4473 39 86584 0 0 0 
0 2 80 0 120 0 0 24108 64012 0 0 155 0 194 1320 
2 0 23 166 0 0 0 0 0 38 4553 17 1 2 0 
80 23 0 39732 0 263 2408 0 0 54 2 17 0 0 0 
0 166 39732 0 0 3592 0 0 41 0 40 35 264 0 231 
120 0 0 0 0 0 0 2241 1572 111 167 0 0 0 0 
0 0 263 3592 0 0 0 3 1445 52 211 0 1 0 2 
0 0 2408 0 0 0 0 7456 0 2592 0 0 64 0 0 
24108 0 0 0 2241 3 7456 0 0 1 0 5 8032 37 2368 
64012 0 0 41 1572 1445 0 0 0 0 167 0 0 8066 19 
0 38 54 0 111 52 2592 1 0 0 0 0 0 0 13900 
0 4553 2 40 167 211 0 0 167 0 0 132 0 41711 244 
155 17 17 35 0 0 0 5 0 0 132 0 7 2492 111 
0 1 0 264 0 1 64 8032 0 0 0 7 0 0 0 
194 2 0 0 0 0 0 37 8066 0 41711 2492 0 0 0 
1320 0 0 231 0 2 0 2368 19 13900 244 111 0 0 0 
0 188 123 0 3 0 0 1992 414 0 0 56 0 85 40 
188 0 5704 26878 0 0 0 0 0 1438 98959 0 0 0 0 
123 5704 0 464 0 2 43 0 0 1 0 55 0 0 0 
0 26878 464 0 0 10 0 0 56 1 441 929 95 0 11 
3 0 0 0 0 27 0 526 46 0 715 0 0 0 0 
0 0 2 10 27 0 1 1636 5990 311 0 0 663 0 0 
0 0 43 0 0 1 0 4532 0 569 4 89 12 0 0 
1992 0 0 0 526 1636 4532 0 0 0 0 9 56449 3 3 
414 0 0 56 46 5990 0 0 0 0 47276 0 4 268 16 
0 1438 1 1 0 311 569 0 0 0 1 0 0 0 3487 
0 98959 0 441 715 0 4 0 47276 1 0 80 0 541 349 
56 0 55 929 0 0 89 9 0 0 80 0 1 1436 1764 
0 0 0 95 0 663 12 56449 4 0 0 1 0 1 0 
85 0 0 0 0 0 0 3 268 0 541 1436 1 0 354 
40 0 0 11 0 0 0 3 16 3487 349 1764 0 354 0 
