7 3
0 123 17 72 89 90 77 
123 0 116 51 121 48 96 
17 116 0 64 101 90 86 
72 51 64 0 97 39 71 
89 121 101 97 0 73 26 
90 48 90 39 73 0 47 
77 96 86 71 26 47 0 
0 27805 2711 92 0 13049 0 
27805 0 833 0 0 195 4699 
2711 833 0 0 1787 0 0 
92 0 0 0 0 7195 0 
0 0 1787 0 0 0 0 
13049 195 0 7195 0 0 0 
0 4699 0 0 0 0 0 
0 0 0 0 47 0 9 
0 0 0 387 23307 0 0 
0 0 0 36580 0 4585 2 
0 387 36580 0 10816 0 47215 
47 23307 0 10816 0 434 2688 
0 0 4585 0 434 0 60993 
9 0 2 47215 2688 60993 0 
0 0 0 0 276 0 10521 
0 0 0 1011 41305 0 0 
0 0 0 3726 0 6 2463 
0 1011 3726 0 24421 0 463 
276 41305 0 24421 0 61 171 
0 0 6 0 61 0 1 
10521 0 2463 463 171 1 0 
