8 4
0 123 17 72 89 90 77 84 
123 0 116 51 121 48 96 115 
17 116 0 64 101 90 86 66 
72 51 64 0 97 39 71 77 
89 121 101 97 0 73 26 158 
90 48 90 39 73 0 47 116 
77 96 86 71 26 47 0 136 
84 115 66 77 158 116 136 0 
0 1 0 21936 283 23 0 3 
1 0 0 4 12579 5 10 756 
0 0 0 0 0 0 0 0 
21936 4 0 0 0 202 10 582 
283 12579 0 0 0 168 95626 37258 
23 5 0 202 168 0 0 6628 
0 10 0 10 95626 0 0 0 
3 756 0 582 37258 6628 0 0 
0 76 0 861 311 265 0 1 
76 0 0 11 39732 29 0 94 
0 0 0 0 0 0 0 0 
861 11 0 0 0 249 0 47 
311 39732 0 0 0 3133 97 430 
265 29 0 249 3133 0 0 775 
0 0 0 0 97 0 0 0 
1 94 0 47 430 775 0 0 
0 0 0 2091 818 1034 0 38 
0 0 0 3 4218 0 16 117 
0 0 0 0 0 0 0 2 
2091 3 0 0 0 135 517 111 
818 4218 0 0 0 1149 97763 5369 
1034 0 0 135 1149 0 0 2074 
0 16 0 517 97763 0 0 0 
38 117 2 111 5369 2074 0 0 
0 0 0 44859 467 37 0 1 
0 0 0 3 9493 0 5 44 
0 0 0 0 0 0 0 0 
44859 3 0 0 0 120 0 22967 
467 9493 0 0 0 165 49217 949 
37 0 0 120 165 0 0 43263 
0 5 0 0 49217 0 0 0 
1 44 0 22967 949 43263 0 0 
