10 3
0 123 17 72 89 90 77 84 122 70 
123 0 116 51 121 48 96 115 59 63 
17 116 0 64 101 90 86 66 108 71 
72 51 64 0 97 39 71 77 62 33 
89 121 101 97 0 73 26 158 158 64 
90 48 90 39 73 0 47 116 91 20 
77 96 86 71 26 47 0 136 132 38 
84 115 66 77 158 116 136 0 73 105 
122 59 108 62 158 91 132 73 0 94 
70 63 71 33 64 20 38 105 94 0 
0 0 0 0 0 29 2 3591 149 1765 
0 0 0 2191 0 0 0 14 13 0 
0 0 0 344 7575 6 0 533 0 20 
0 2191 344 0 0 70176 0 0 881 0 
0 0 7575 0 0 0 0 13049 136 2026 
29 0 6 70176 0 0 0 216 13 0 
2 0 0 0 0 0 0 0 0 0 
3591 14 533 0 13049 216 0 0 17910 0 
149 13 0 881 136 13 0 17910 0 0 
1765 0 20 0 2026 0 0 0 0 0 
0 0 0 2721 52 93 0 127 0 0 
0 0 0 0 41 2296 58428 0 1 0 
0 0 0 0 0 304 0 1 0 1386 
2721 0 0 0 793 0 4 16320 0 18199 
52 41 0 793 0 69 2 10 86582 0 
93 2296 304 0 69 0 0 2 0 0 
0 58428 0 4 2 0 0 1 0 3 
127 0 1 16320 10 2 1 0 0 0 
0 1 0 0 86582 0 0 0 0 4135 
0 0 1386 18199 0 0 3 0 4135 0 
0 7 1982 1206 227 0 1 1 24207 8 
7 0 1 13 99438 1 60107 0 0 34 
1982 1 0 196 0 0 0 0 0 0 
1206 13 196 0 0 652 0 9080 0 0 
227 99438 0 0 0 0 0 6401 23 0 
0 1 0 652 0 0 0 210 0 0 
1 60107 0 0 0 0 0 0 0 1612 
1 0 0 9080 6401 210 0 0 392 19626 
24207 0 0 0 23 0 0 392 0 1604 
8 34 0 0 0 0 1612 19626 1604 0 
