15 2
0 46 118 40 96 98 46 64 2 33 36 47 55 9 108 
46 0 88 10 53 127 3 66 48 60 37 19 78 48 107 
118 88 0 85 53 137 85 71 120 144 83 106 102 125 70 
40 10 85 0 56 117 8 56 42 59 26 26 68 43 98 
96 53 53 56 0 154 51 82 98 112 71 66 108 100 106 
98 127 137 117 154 0 125 72 99 127 90 138 49 106 75 
46 3 85 8 51 125 0 63 48 61 34 22 76 49 104 
64 66 71 56 82 72 63 0 66 97 32 83 30 73 44 
2 48 120 42 98 99 48 66 0 32 38 48 56 7 110 
33 60 144 59 112 127 61 97 32 0 67 48 88 24 142 
36 37 83 26 71 90 34 32 38 67 0 51 41 44 77 
47 19 106 26 66 138 22 83 48 48 51 0 90 45 125 
55 78 102 68 108 49 76 30 56 88 41 90 0 63 62 
9 48 125 43 100 106 49 73 7 24 44 45 63 0 117 
108 107 70 98 106 75 104 44 110 142 77 125 62 117 0 
0 5 0 0 69 0 0 4 0 5572 44928 21 235 0 19933 
5 0 1330 544 45 152 1 1031 2 47 10 0 5 2 627 
0 1330 0 2 33750 104 114 5 0 743 3785 0 0 113 492 
0 544 2 0 0 0 0 0 401 4540 0 0 0 0 0 
69 45 33750 0 0 0 0 7 0 11 0 0 1279 34 0 
0 152 104 0 0 0 166 44 0 215 45903 1 122 0 0 
0 1 114 0 0 166 0 1 0 236 6 0 5946 23 0 
4 1031 5 0 7 44 1 0 33189 1 81080 21 1035 0 83 
0 2 0 401 0 0 0 33189 0 58 0 4810 0 3 0 
5572 47 743 4540 11 215 236 1 58 0 52844 804 42507 10910 0 
44928 10 3785 0 0 45903 6 81080 0 52844 0 0 3148 0 0 
21 0 0 0 0 1 0 21 4810 804 0 0 5650 0 0 
235 5 0 0 1279 122 5946 1035 0 42507 3148 5650 0 97 2928 
0 2 113 0 34 0 23 0 3 10910 0 0 97 0 8 
19933 627 492 0 0 0 0 83 0 0 0 0 2928 8 0 
0 0 717 0 0 4 5 56 0 9 0 0 0 8 0 
0 0 0 0 0 0 6734 14 0 0 0 1 0 0 3 
717 0 0 16987 4 0 0 0 4 0 0 2 139 0 32443 
0 0 16987 0 87656 0 8746 832 0 0 0 14 19 0 2 
0 0 4 87656 0 0 0 0 12388 0 5 405 22 0 1 
4 0 0 0 0 0 0 0 3 0 0 92 0 29174 1 
5 6734 0 8746 0 0 0 0 0 12 0 0 0 15 24939 
56 14 0 832 0 0 0 0 0 0 0 0 0 0 0 
0 0 4 0 12388 3 0 0 0 0 0 0 0 0 602 
9 0 0 0 0 0 12 0 0 0 0 39 0 0 0 
0 0 0 0 5 0 0 0 0 0 0 19 0 61 0 
0 1 2 14 405 92 0 0 0 39 19 0 0 0 0 
0 0 139 19 22 0 0 0 0 0 0 0 0 0 0 
8 0 0 0 0 29174 15 0 0 0 61 0 0 0 0 
0 3 32443 2 1 1 24939 0 602 0 0 0 0 0 0 
