40 3
0 123 17 72 89 90 77 84 122 70 141 118 117 117 58 85 94 145 69 99 137 99 30 139 114 56 50 94 70 158 148 87 53 161 64 94 106 62 87 81 
123 0 116 51 121 48 96 115 59 63 25 47 40 16 64 39 31 87 58 23 83 33 103 24 65 67 92 40 53 45 35 36 95 46 119 29 43 89 107 43 
17 116 0 64 101 90 86 66 108 71 133 119 117 113 52 81 90 150 68 93 122 97 14 135 118 53 57 84 66 154 139 82 62 151 46 88 94 69 69 78 
72 51 64 0 97 39 71 77 62 33 69 64 60 49 13 21 29 104 24 28 84 38 52 71 72 21 53 26 13 91 77 19 58 89 74 23 41 56 72 18 
89 121 101 97 0 73 26 158 158 64 146 84 88 106 88 88 93 82 73 107 181 88 104 121 67 78 49 121 84 131 156 94 43 167 143 101 136 41 157 86 
90 48 90 39 73 0 47 116 91 20 73 28 27 34 42 20 20 64 22 35 115 15 82 53 32 38 48 55 28 69 83 26 49 95 111 30 68 42 111 21 
77 96 86 71 26 47 0 136 132 38 121 63 66 81 63 62 67 73 47 81 155 62 85 98 49 54 29 95 58 110 130 68 24 142 124 75 110 17 134 60 
84 115 66 77 158 116 136 0 73 105 118 141 136 120 76 98 104 181 98 96 73 114 56 139 149 84 109 75 89 160 120 94 114 129 22 95 74 118 9 96 
122 59 108 62 158 91 132 73 0 94 51 103 96 73 74 71 70 145 85 56 25 79 93 83 118 83 115 37 74 101 50 65 120 57 87 60 22 118 63 72 
70 63 71 33 64 20 38 105 94 0 87 48 47 52 29 25 32 79 8 44 117 32 64 72 47 21 28 56 20 89 96 31 31 108 97 38 71 26 102 23 
141 25 133 69 146 73 121 118 51 87 0 70 64 41 83 62 55 108 81 43 71 58 119 37 89 88 115 49 74 52 10 57 118 21 127 50 44 113 110 65 
118 47 119 64 84 28 63 141 103 48 70 0 6 30 70 43 37 42 50 48 128 26 110 38 19 66 73 72 55 47 80 46 73 90 138 47 82 64 135 45 
117 40 117 60 88 27 66 136 96 47 64 6 0 24 67 39 32 48 48 42 121 22 108 32 25 64 74 66 52 44 73 42 75 83 134 41 76 66 130 42 
117 16 113 49 106 34 81 120 73 52 41 30 24 0 60 31 22 72 48 24 98 19 101 21 48 61 81 46 46 42 51 31 83 62 122 26 54 76 113 35 
58 64 52 13 88 42 63 76 74 29 83 70 67 60 0 29 38 107 21 41 95 45 41 82 74 9 41 39 15 102 90 29 47 103 69 35 53 47 72 25 
85 39 81 21 88 20 62 98 71 25 62 43 39 31 29 0 9 83 18 19 96 17 70 53 51 29 52 34 14 73 71 6 56 83 95 13 49 51 92 3 
94 31 90 29 93 20 67 104 70 32 55 37 32 22 38 9 0 79 27 14 95 10 79 44 48 38 60 36 24 64 64 10 64 76 103 10 48 58 98 13 
145 87 150 104 82 64 73 181 145 79 108 42 48 72 107 83 79 0 85 91 170 68 144 71 32 101 95 114 92 67 117 88 93 125 176 89 125 84 176 85 
69 58 68 24 73 22 47 98 85 8 81 50 48 48 21 18 27 85 0 37 108 30 60 70 52 16 34 48 11 88 90 23 38 102 91 31 63 34 94 15 
99 23 93 28 107 35 81 96 56 44 43 48 42 24 41 19 14 91 37 0 81 23 80 43 62 45 71 23 30 64 52 13 75 65 98 6 34 70 89 21 
137 83 122 84 181 115 155 73 25 117 71 128 121 98 95 96 95 170 108 81 0 104 107 106 143 104 136 61 97 123 67 89 142 71 92 85 47 141 64 96 
99 33 97 38 88 15 62 114 79 32 58 26 22 19 45 17 10 68 30 23 104 0 87 40 38 44 61 46 30 58 68 19 63 79 112 20 58 56 108 20 
30 103 14 52 104 82 85 56 93 64 119 110 108 101 41 70 79 144 60 80 107 87 0 123 111 44 56 70 56 143 125 70 61 137 39 76 80 68 58 67 
139 24 135 71 121 53 98 139 83 72 37 38 32 21 82 53 44 71 70 43 106 40 123 0 57 83 101 64 68 21 46 52 103 54 142 47 68 95 131 57 
114 65 118 72 67 32 49 149 118 47 89 19 25 48 74 51 48 32 52 62 143 38 111 57 0 68 66 84 60 63 99 57 65 109 143 59 97 55 144 53 
56 67 53 21 78 38 54 84 83 21 88 66 64 61 9 29 38 101 16 45 104 44 44 83 68 0 32 47 14 102 96 31 37 109 75 39 62 37 81 25 
50 92 57 53 49 48 29 109 115 28 115 73 74 81 41 52 60 95 34 71 136 61 56 101 66 32 0 79 42 117 124 57 5 136 95 65 94 12 107 49 
94 40 84 26 121 55 95 75 37 56 49 72 66 46 39 34 36 114 48 23 61 46 70 64 84 47 79 0 37 85 55 28 84 67 79 25 15 81 67 35 
70 53 66 13 84 28 58 89 74 20 74 55 52 46 15 14 24 92 11 30 97 30 56 68 60 14 42 37 0 88 82 17 47 95 83 24 52 44 84 11 
158 45 154 91 131 69 110 160 101 89 52 47 44 42 102 73 64 67 88 64 123 58 143 21 63 102 117 85 88 0 58 73 118 62 163 68 88 110 152 76 
148 35 139 77 156 83 130 120 50 96 10 80 73 51 90 71 64 117 90 52 67 68 125 46 99 96 124 55 82 58 0 66 128 12 130 58 47 122 111 74 
87 36 82 19 94 26 68 94 65 31 57 46 42 31 29 6 10 88 23 13 89 19 70 52 57 31 57 28 17 73 66 0 61 78 93 7 42 57 88 8 
53 95 62 58 43 49 24 114 120 31 118 73 75 83 47 56 64 93 38 75 142 63 61 103 65 37 5 84 47 118 128 61 0 140 100 69 99 9 113 53 
161 46 151 89 167 95 142 129 57 108 21 90 83 62 103 83 76 125 102 65 71 79 137 54 109 109 136 67 95 62 12 78 140 0 141 71 58 134 120 86 
64 119 46 74 143 111 124 22 87 97 127 138 134 122 69 95 103 176 91 98 92 112 39 142 143 75 95 79 83 163 130 93 100 141 0 96 82 106 28 92 
94 29 88 23 101 30 75 95 60 38 50 47 41 26 35 13 10 89 31 6 85 20 76 47 59 39 65 25 24 68 58 7 69 71 96 0 38 64 89 15 
106 43 94 41 136 68 110 74 22 71 44 82 76 54 53 49 48 125 63 34 47 58 80 68 97 62 94 15 52 88 47 42 99 58 82 38 0 96 65 49 
62 89 69 56 41 42 17 118 118 26 113 64 66 76 47 51 58 84 34 70 141 56 68 95 55 37 12 81 44 110 122 57 9 134 106 64 96 0 116 49 
87 107 69 72 157 111 134 9 63 102 110 135 130 113 72 92 98 176 94 89 64 108 58 131 144 81 107 67 84 152 111 88 113 120 28 89 65 116 0 90 
81 43 78 18 86 21 60 96 72 23 65 45 42 35 25 3 13 85 15 21 96 20 67 57 53 25 49 35 11 76 74 8 53 86 92 15 49 49 90 0 
0 0 0 0 57 160 11 0 7 0 29339 2 7 0 0 10 46356 0 0 0 352 4 0 0 336 0 5438 0 1422 679 0 0 0 0 0 0 10 844 0 0 
0 0 213 0 0 0 1613 77 0 124 14 0 0 0 166 2 39281 23499 0 0 0 0 1 0 0 2478 89 0 2876 0 0 0 0 0 0 47497 10168 13220 18480 0 
0 213 0 0 0 0 54661 2 214 0 0 12981 0 0 3 0 45 0 0 0 11864 0 5746 0 0 0 264 1 0 0 97095 0 0 177 0 176 42410 0 2 38254 
0 0 0 0 0 60 1 0 142 0 60509 0 1 0 19630 0 102 0 0 12 0 0 0 0 10184 24567 9962 88412 99024 11 73821 456 1 2 7 72 0 2 12872 0 
57 0 0 0 0 0 0 0 113 705 0 0 0 28434 0 1 74896 85155 496 0 0 0 0 0 5 0 0 0 114 600 0 14 1725 0 0 14396 0 0 0 10427 
160 0 0 60 0 0 0 0 0 22 0 15 0 0 2 17375 0 14485 29233 32 6589 0 1 34 0 0 1 3 0 103 0 1 0 29085 16 0 1417 0 0 43146 
11 1613 54661 1 0 0 0 2 0 34966 7 86974 0 0 77537 33035 0 0 0 0 0 8295 0 1 34510 0 0 0 0 0 800 41618 0 0 89072 247 76240 0 0 0 
0 77 2 0 0 0 2 0 29 2823 2137 0 0 0 0 5 1680 0 74935 0 102 0 0 1 295 0 0 0 372 1 1539 0 0 4 0 4 0 0 0 1 
7 0 214 142 113 0 0 29 0 136 56976 105 0 942 12266 0 5 0 9876 0 88 47 4204 3422 0 2 0 2341 0 6 402 698 93095 0 0 0 1 0 1 95186 
0 124 0 0 705 22 34966 2823 136 0 41 116 0 37 0 0 4776 5 1623 26735 17 8538 0 0 37 0 0 25 0 2 0 0 0 624 0 0 0 50 0 0 
29339 14 0 60509 0 0 7 2137 56976 41 0 0 2088 0 0 0 0 1371 81459 0 14 3588 0 0 4 0 59 1730 12765 0 69 11476 0 0 16686 0 1620 0 20 0 
2 0 12981 0 0 15 86974 0 105 116 0 0 0 0 5 62765 0 10725 0 61 0 0 590 196 0 61529 14 3969 0 0 1 0 4736 11 0 13 0 64 0 16619 
7 0 0 1 0 0 0 0 0 0 2088 0 0 10419 2011 398 9204 0 0 21 0 88 0 11847 231 0 1 1 42250 0 0 9157 2248 0 34 0 69179 12236 17205 0 
0 0 0 0 28434 0 0 0 942 37 0 0 10419 0 2716 0 0 7149 7 0 0 25320 7250 1 0 26 0 0 0 0 97307 0 134 15 0 0 14 0 0 0 
0 166 3 19630 0 2 77537 0 12266 0 0 5 2011 2716 0 0 0 206 0 353 57 0 0 74 0 6815 0 21374 144 0 0 0 150 6288 0 0 264 1 7028 1456 
10 2 0 0 1 17375 33035 5 0 0 0 62765 398 0 0 0 0 1776 6 32 0 0 27541 513 143 52496 123 71 6 1650 0 0 0 0 16 2 49 0 635 0 
46356 39281 45 102 74896 0 0 1680 5 4776 0 0 9204 0 0 0 0 0 0 508 5501 0 2604 40 2 0 0 0 200 968 0 0 3 0 0 1531 6 0 0 7863 
0 23499 0 0 85155 14485 0 0 0 5 1371 10725 0 7149 206 1776 0 0 0 382 562 0 24 0 0 634 1117 2284 1053 18799 0 170 3978 123 0 2 0 1287 0 1 
0 0 0 0 496 29233 0 74935 9876 1623 81459 0 0 7 0 6 0 0 0 0 0 0 0 68 0 10 0 90 0 17 266 0 267 795 23035 0 0 0 3 176 
0 0 0 12 0 32 0 0 0 26735 0 61 21 0 353 32 508 382 0 0 0 0 3 0 51022 4 6 206 0 0 568 23 10782 0 0 0 0 6 10 0 
352 0 11864 0 0 6589 0 102 88 17 14 0 0 0 57 0 5501 562 0 0 0 114 0 0 269 0 0 13724 0 6941 0 0 497 6607 4396 0 2718 254 0 111 
4 0 0 0 0 0 8295 0 47 8538 3588 0 88 25320 0 0 0 0 0 0 114 0 0 0 0 0 0 0 81964 0 2071 12 1 6 0 1806 11 0 38 54 
0 1 5746 0 0 1 0 0 4204 0 0 590 0 7250 0 27541 2604 24 0 3 0 0 0 31 2 59055 0 20502 0 86 837 0 1 0 0 125 0 0 0 0 
0 0 0 0 0 34 1 1 3422 0 0 196 11847 1 74 513 40 0 68 0 0 0 31 0 9 65 25 0 0 0 2 0 0 945 69924 93 0 3695 1546 16199 
336 0 0 10184 5 0 34510 295 0 37 4 0 231 0 0 143 2 0 0 51022 269 0 2 9 0 0 0 109 1 0 0 34719 0 0 0 0 3401 0 64 10396 
0 2478 0 24567 0 0 0 0 2 0 0 61529 0 26 6815 52496 0 634 10 4 0 0 59055 65 0 0 0 606 94 647 25877 1 83308 0 265 299 0 453 0 4 
5438 89 264 9962 0 1 0 0 0 0 59 14 1 0 0 123 0 1117 0 6 0 0 0 25 0 0 0 59 479 0 58 0 0 0 0 34872 371 0 181 1918 
0 0 1 88412 0 3 0 0 2341 25 1730 3969 1 0 21374 71 0 2284 90 206 13724 0 20502 0 109 606 59 0 0 71 0 6 0 0 152 62 48 100 14 48 
1422 2876 0 99024 114 0 0 372 0 0 12765 0 42250 0 144 6 200 1053 0 0 0 81964 0 0 1 94 479 0 0 0 0 0 3191 99 0 1064 438 13 0 0 
679 0 0 11 600 103 0 1 6 2 0 0 0 0 0 1650 968 18799 17 0 6941 0 86 0 0 647 0 71 0 0 42925 0 0 0 0 0 0 0 0 162 
0 0 97095 73821 0 0 800 1539 402 0 69 1 0 97307 0 0 0 0 266 568 0 2071 837 2 0 25877 58 0 0 42925 0 0 430 0 181 8531 0 0 8 424 
0 0 0 456 14 1 41618 0 698 0 11476 0 9157 0 0 0 0 170 0 23 0 12 0 0 34719 1 0 6 0 0 0 0 35836 0 2123 0 124 0 3910 0 
0 0 0 1 1725 0 0 0 93095 0 0 4736 2248 134 150 0 3 3978 267 10782 497 1 1 0 0 83308 0 0 3191 0 430 35836 0 81301 1969 3 2572 11223 0 0 
0 0 177 2 0 29085 0 4 0 624 0 11 0 15 6288 0 0 123 795 0 6607 6 0 945 0 0 0 0 99 0 0 0 81301 0 2 0 18 0 31069 0 
0 0 0 7 0 16 89072 0 0 0 16686 0 34 0 0 16 0 0 23035 0 4396 0 0 69924 0 265 0 152 0 0 181 2123 1969 2 0 778 25787 0 9014 0 
0 47497 176 72 14396 0 247 4 0 0 0 13 0 0 0 2 1531 2 0 0 0 1806 125 93 0 299 34872 62 1064 0 8531 0 3 0 778 0 6525 7787 0 13 
10 10168 42410 0 0 1417 76240 0 1 0 1620 0 69179 14 264 49 6 0 0 0 2718 11 0 0 3401 0 371 48 438 0 0 124 2572 18 25787 6525 0 0 0 0 
844 13220 0 2 0 0 0 0 0 50 0 64 12236 0 1 0 0 1287 0 6 254 0 0 3695 0 453 0 100 13 0 0 0 11223 0 0 7787 0 0 1 0 
0 18480 2 12872 0 0 0 0 1 0 20 0 17205 0 7028 635 0 0 3 10 0 38 0 1546 64 0 181 14 0 0 8 3910 0 31069 9014 0 0 1 0 0 
0 0 38254 0 10427 43146 0 1 95186 0 0 16619 0 0 1456 0 7863 1 176 0 111 54 0 16199 10396 4 1918 48 0 162 424 0 0 0 0 13 0 0 0 0 
0 0 0 0 35 1320 323 0 11 0 9286 2 2 0 0 4 2498 0 0 0 123 1 0 0 51 0 1273 0 1529 2360 0 0 0 0 0 0 31 27214 0 0 
0 0 42 0 0 0 4463 68 0 4692 16 0 0 0 2 0 13594 9962 0 0 0 0 1 0 0 6168 2376 0 20 1 0 0 0 0 0 1021 1646 27 209 0 
0 42 0 0 0 0 83572 0 18 0 0 14067 0 0 19 0 36 0 0 0 84900 0 2359 0 0 0 8542 0 0 0 10096 0 0 176 0 42 9803 0 0 12714 
0 0 0 0 0 231 0 0 3 0 20005 0 0 0 2770 0 10 0 0 6 0 0 0 0 3419 16699 2001 18549 7887 36 40518 106 41 96 17 4731 0 0 30616 0 
35 0 0 0 0 0 0 3 105 1306 0 0 0 25661 0 2 22436 2762 68336 0 0 0 0 0 0 0 0 0 467 30 0 26 11 0 0 206 0 0 0 75776 
1320 0 0 231 0 0 0 0 0 22 0 8 0 0 0 5195 0 37244 1174 15 52777 0 0 8538 0 0 0 105 0 10 0 10 0 71772 6 0 411 0 0 20272 
323 4463 83572 0 0 0 0 18 0 6648 170 2346 0 0 4700 40657 0 0 1 0 4 1520 1 0 2270 0 0 0 0 0 140 1634 0 1 7439 61 31850 0 0 0 
0 68 0 0 3 0 18 0 7 313 9 12 3 0 0 32 12954 0 19340 0 63 0 0 0 99 0 0 0 168 47 49 0 0 103 0 0 0 0 0 8 
11 0 18 3 105 0 0 7 0 83 3728 484 0 494 8842 0 1 0 179 0 132 25 676 785 0 0 0 1813 0 1 502 10841 48017 0 0 0 3 0 2 67520 
0 4692 0 0 1306 22 6648 313 83 0 4 6 0 40 0 0 95354 0 48383 2816 0 52313 0 0 1 0 0 20 0 0 0 0 0 3364 0 0 0 293 0 2 
9286 16 0 20005 0 0 170 9 3728 4 0 0 601 0 0 0 0 145 5844 0 1 1394 0 0 0 0 57 1726 30440 0 41 1263 0 0 1675 0 8155 0 15 0 
2 0 14067 0 0 8 2346 12 484 6 0 0 0 0 14 51133 0 660 0 18 0 0 643 2874 0 85823 0 70 0 0 17 0 28968 18 0 0 0 29 0 41521 
2 0 0 0 0 0 0 3 0 0 601 0 0 2258 652 49 4469 0 0 88 0 14 0 650 1583 0 0 4 4946 0 0 48278 27932 0 9 0 30559 7132 16520 0 
0 0 0 0 25661 0 0 0 494 40 0 0 2258 0 624 0 0 5284 2 0 0 973 36555 0 0 797 0 0 0 0 16543 0 6 28 0 0 1 0 0 10 
0 2 19 2770 0 0 4700 0 8842 0 0 14 652 624 0 0 0 2 0 1 460 0 0 58 0 38390 0 427 636 0 0 0 35 10561 0 0 1813 47 53441 809 
4 0 0 0 2 5195 40657 32 0 0 0 51133 49 0 0 0 0 118 6 51 0 0 87274 1245 24 56631 38 1184 7 1552 0 0 0 0 40 1 125 0 580 0 
2498 13594 36 10 22436 0 0 12954 1 95354 0 0 4469 0 0 0 0 0 0 19 16618 28 392 2 52 0 0 0 234 160 3 0 9 0 0 21102 10 0 0 96535 
0 9962 0 0 2762 37244 0 0 0 0 145 660 0 5284 2 118 0 0 0 26010 700 0 254 0 0 0 9797 239 75 19439 0 17 242 1 0 0 0 43 0 19 
0 0 0 0 68336 1174 1 19340 179 48383 5844 0 0 2 0 6 0 0 0 0 0 0 0 3392 0 2 0 1113 0 0 3 0 415 277 9133 0 0 0 0 35 
0 0 0 6 0 15 0 0 0 2816 0 18 88 0 1 51 19 26010 0 0 0 0 3 0 746 62 2 48 0 0 648 2333 4156 6 0 0 0 120 3 0 
123 0 84900 0 0 52777 4 63 132 0 1 0 0 0 460 0 16618 700 0 0 0 1186 0 0 506 0 0 1572 0 5297 0 0 504 3791 4504 0 30460 207 0 10 
1 0 0 0 0 0 1520 0 25 52313 1394 0 14 973 0 0 28 0 0 0 1186 0 1 0 0 0 3 0 21719 0 176 142 3 349 0 207 4 0 37 184 
0 1 2359 0 0 0 1 0 676 0 0 643 0 36555 0 87274 392 254 0 3 0 1 0 25 5 70611 0 9011 0 126 257 0 0 0 0 219 0 0 0 0 
0 0 0 0 0 8538 0 0 785 0 0 2874 650 0 58 1245 2 0 3392 0 0 0 25 0 496 7 683 0 0 0 5 0 0 42 71736 15 0 1057 1485 26519 
51 0 0 3419 0 0 2270 99 0 1 0 0 1583 0 0 24 52 0 0 746 506 0 5 496 0 0 0 20 0 0 0 209 0 0 0 3 94 1 4 5849 
0 6168 0 16699 0 0 0 0 0 0 0 85823 0 797 38390 56631 0 0 2 62 0 0 70611 7 0 0 0 1542 14254 903 6641 3 29040 0 187 36 0 73 0 12 
1273 2376 8542 2001 0 0 0 0 0 0 57 0 0 0 0 38 0 9797 0 2 0 3 0 683 0 0 0 77 16 0 6663 116 0 0 0 3697 65 0 9 2994 
0 0 0 18549 0 105 0 0 1813 20 1726 70 4 0 427 1184 0 239 1113 48 1572 0 9011 0 20 1542 77 0 0 15 0 33 0 0 39 292 45 6 2 1 
1529 20 0 7887 467 0 0 168 0 0 30440 0 4946 0 636 7 234 75 0 0 0 21719 0 0 0 14254 16 0 0 0 0 0 4151 10 0 910 383 15 0 0 
2360 1 0 36 30 10 0 47 1 0 0 0 0 0 0 1552 160 19439 0 0 5297 0 126 0 0 903 0 15 0 0 78746 0 0 0 0 3 0 0 1 0 
0 0 10096 40518 0 0 140 49 502 0 41 17 0 16543 0 0 3 0 3 648 0 176 257 5 0 6641 6663 0 0 78746 0 0 4 0 892 3868 0 0 33 172 
0 0 0 106 26 10 1634 0 10841 0 1263 0 48278 0 0 0 0 17 0 2333 0 142 0 0 209 3 116 33 0 0 0 0 12172 0 1180 0 33 0 75551 0 
0 0 0 41 11 0 0 0 48017 0 0 28968 27932 6 35 0 9 242 415 4156 504 3 0 0 0 29040 0 0 4151 0 4 12172 0 19932 157 12 4364 60941 0 0 
0 0 176 96 0 71772 1 103 0 3364 0 18 0 28 10561 0 0 1 277 6 3791 349 0 42 0 0 0 0 10 0 0 0 19932 0 7 0 39176 0 34 0 
0 0 0 17 0 6 7439 0 0 0 1675 0 9 0 0 40 0 0 9133 0 4504 0 0 71736 0 187 0 39 0 0 892 1180 157 7 0 10 6903 0 14 0 
0 1021 42 4731 206 0 61 0 0 0 0 0 0 0 0 1 21102 0 0 0 0 207 219 15 3 36 3697 292 910 3 3868 0 12 0 10 0 13593 491 0 177 
31 1646 9803 0 0 411 31850 0 3 0 8155 0 30559 1 1813 125 10 0 0 0 30460 4 0 0 94 0 65 45 383 0 0 33 4364 39176 6903 13593 0 0 0 0 
27214 27 0 0 0 0 0 0 0 293 0 29 7132 0 47 0 0 43 0 120 207 0 0 1057 1 73 0 6 15 0 0 0 60941 0 0 491 0 0 8 0 
0 209 0 30616 0 0 0 0 2 0 15 0 16520 0 53441 580 0 0 0 3 0 37 0 1485 4 0 9 2 0 1 33 75551 0 34 14 0 0 8 0 0 
0 0 12714 0 75776 20272 0 8 67520 2 0 41521 0 10 809 0 96535 19 35 0 10 184 0 26519 5849 12 2994 1 0 0 172 0 0 0 0 177 0 0 0 0 
0 0 0 0 929 40 0 0 3 0 3966 0 1905 0 0 3 580 0 0 0 835 4 0 0 173 0 502 47 503 20414 0 0 0 0 0 0 26 383 0 0 
0 0 373 0 0 0 699 1187 0 279 31 0 0 0 5576 11 3121 62711 0 0 8 0 0 0 0 421 967 0 88 2 0 0 0 0 0 60251 1724 2383 19167 0 
0 373 0 0 0 0 77414 0 62 0 0 12744 0 0 0 0 136 0 3 0 42204 0 82830 0 0 0 168 0 0 0 31996 0 0 71 1 6 41653 0 1 1564 
0 0 0 0 89 11 0 0 3 0 959 0 0 0 22916 0 115 0 0 7 0 2 0 0 14285 7923 127 23929 42266 1 1099 1011 0 5 27 84 0 1 5502 0 
929 0 0 89 0 0 0 0 957 19 0 0 0 7804 0 31 3663 70371 32 0 0 0 0 1 1 0 0 0 92 951 0 0 14771 0 0 2291 0 0 58 3927 
40 0 0 11 0 0 0 0 0 1 0 133 0 0 4 3851 0 172 466 308 1874 0 2 7 0 0 4 2 0 262 0 0 0 8925 1691 0 491 0 0 25405 
0 699 77414 0 0 0 0 0 0 2665 9 17173 0 0 1620 98658 0 0 0 0 0 77 0 0 96847 0 0 0 0 0 659 5726 0 0 8818 321 34142 0 0 0 
0 1187 0 0 0 0 0 0 6 955 1350 0 1 1 0 0 6391 0 2801 0 2 0 0 6 220 0 0 0 2233 0 22286 0 0 0 0 35 0 0 0 0 
3 0 62 3 957 0 0 6 0 7478 2564 1 0 175 38434 0 170 0 97889 0 226 6775 351 5489 0 0 0 2543 0 4 1139 123 19549 0 0 0 7 0 1 26935 
0 279 0 0 19 1 2665 955 7478 0 0 549 0 2 0 0 8818 79 9638 43380 4 9395 0 0 70 0 0 0 0 0 0 0 0 106 0 0 0 44 0 0 
3966 31 0 959 0 0 9 1350 2564 0 0 0 6121 0 0 0 0 1633 5510 0 7 828 0 0 0 0 480 1470 3024 0 860 41030 0 0 11369 0 35844 0 7 0 
0 0 12744 0 0 133 17173 0 1 549 0 0 0 0 84 56344 0 2593 0 1242 0 0 45 48 0 51553 9 19899 0 0 0 0 794 55 0 7 0 3073 0 9348 
1905 0 0 0 0 0 0 1 0 0 6121 0 0 24785 122 96769 42 0 0 1214 0 1183 0 86187 3123 0 1 0 4138 0 0 3161 4679 4 8 1 10046 12310 547 0 
0 0 0 0 7804 0 0 1 175 2 0 0 24785 0 53 0 0 98 13 0 0 30226 8687 5 0 3 0 0 0 4 9086 0 418 6 0 0 251 0 0 0 
0 5576 0 22916 0 4 1620 0 38434 0 0 84 122 53 0 0 0 0 1 407 2 0 0 67 0 11510 0 12 157 0 0 0 31 55884 0 0 18674 0 18 2376 
3 11 0 0 31 3851 98658 0 0 0 0 56344 96769 0 0 0 0 426 2 127 0 0 1432 363 19 173 29 8 47 426 0 0 0 0 25 0 308 0 64 0 
580 3121 136 115 3663 0 0 6391 170 8818 0 0 42 0 0 0 0 0 0 2987 1576 0 760 32 1 0 0 0 26 6407 0 0 0 0 0 7458 2 0 0 32135 
0 62711 0 0 70371 172 0 0 0 79 1633 2593 0 98 0 426 0 0 0 145 214 0 3 0 0 95976 365 2353 1419 1298 0 2 45 20 0 1 0 83466 0 0 
0 0 3 0 32 466 0 2801 97889 9638 5510 0 0 13 1 2 0 0 0 0 0 0 0 158 0 2 0 88 0 12 9834 0 62 288 4371 0 0 0 9 25 
0 0 0 7 0 308 0 0 0 43380 0 1242 1214 0 407 127 2987 145 0 0 0 0 5 0 9687 219 0 81 5 32 5725 34 14530 6 0 0 0 35 0 0 
835 8 42204 0 0 1874 0 2 226 4 7 0 0 0 2 0 1576 214 0 0 0 42 0 0 150 0 0 63564 0 32409 0 0 89 5887 58786 0 10377 10 0 194 
4 0 0 2 0 0 77 0 6775 9395 828 0 1183 30226 0 0 0 0 0 0 42 0 0 0 0 0 0 0 2378 0 7478 1 0 0 0 2085 98 0 253 621 
0 0 82830 0 0 2 0 0 351 0 0 45 0 8687 0 1432 760 3 0 5 0 0 0 9 4 26436 0 937 0 717 1517 0 0 0 12 366 0 10 0 0 
0 0 0 0 1 7 0 6 5489 0 0 48 86187 5 67 363 32 0 158 0 0 0 9 0 16 56 12 0 0 0 0 0 130 47663 14902 57 0 16086 1185 55974 
173 0 0 14285 1 0 96847 220 0 70 0 0 3123 0 0 19 1 0 0 9687 150 0 4 16 0 0 0 21827 35 0 0 255 0 0 0 0 1614 0 30 2253 
0 421 0 7923 0 0 0 0 0 0 0 51553 0 3 11510 173 0 95976 2 219 0 0 26436 56 0 0 0 40 79 73 7443 0 4597 0 46 9 0 286 0 0 
502 967 168 127 0 4 0 0 0 0 480 9 1 0 0 29 0 365 0 0 0 0 0 12 0 0 0 4 589 0 1757 2 5 0 0 28510 2429 0 42 1858 
47 0 0 23929 0 2 0 0 2543 0 1470 19899 0 0 12 8 0 2353 88 81 63564 0 937 0 21827 40 4 0 0 41 0 183 0 0 1509 30 49 50 45 204 
503 88 0 42266 92 0 0 2233 0 0 3024 0 4138 0 157 47 26 1419 0 5 0 2378 0 0 35 79 589 0 0 0 0 0 3074 130 0 320 22 15 0 0 
20414 2 0 1 951 262 0 0 4 0 0 0 0 4 0 426 6407 1298 12 32 32409 0 717 0 0 73 0 41 0 0 8937 0 0 0 0 0 0 0 0 1487 
0 0 31996 1099 0 0 659 22286 1139 0 860 0 0 9086 0 0 0 0 9834 5725 0 7478 1517 0 0 7443 1757 0 0 8937 0 0 2728 0 132 13306 0 0 1 109 
0 0 0 1011 0 0 5726 0 123 0 41030 0 3161 0 0 0 0 2 0 34 0 1 0 0 255 0 2 183 0 0 0 0 2012 0 97058 0 368 2 1369 0 
0 0 0 0 14771 0 0 0 19549 0 0 794 4679 418 31 0 0 45 62 14530 89 0 0 130 0 4597 5 0 3074 0 2728 2012 0 6530 13027 0 4448 6542 0 0 
0 0 71 5 0 8925 0 0 0 106 0 55 4 6 55884 0 0 20 288 6 5887 0 0 47663 0 0 0 0 130 0 0 0 6530 0 0 0 0 0 12247 0 
0 0 1 27 0 1691 8818 0 0 0 11369 0 8 0 0 25 0 0 4371 0 58786 0 12 14902 0 46 0 1509 0 0 132 97058 13027 0 0 1530 30927 0 1132 0 
0 60251 6 84 2291 0 321 35 0 0 0 7 1 0 0 0 7458 1 0 0 0 2085 366 57 0 9 28510 30 320 0 13306 0 0 0 1530 0 10740 30 0 12 
26 1724 41653 0 0 491 34142 0 7 0 35844 0 10046 251 18674 308 2 0 0 0 10377 98 0 0 1614 0 2429 49 22 0 0 368 4448 0 30927 10740 0 0 0 0 
383 2383 0 1 0 0 0 0 0 44 0 3073 12310 0 0 0 0 83466 0 35 10 0 10 16086 0 286 0 50 15 0 0 2 6542 0 0 30 0 0 1 0 
0 19167 1 5502 58 0 0 0 1 0 7 0 547 0 18 64 0 0 9 0 0 253 0 1185 30 0 42 45 0 0 1 1369 0 12247 1132 0 0 1 0 0 
0 0 1564 0 3927 25405 0 0 26935 0 0 9348 0 0 2376 0 32135 0 25 0 194 621 0 55974 2253 0 1858 204 0 1487 109 0 0 0 0 12 0 0 0 0 
