6 4
0 59 64 103 62 95 
59 0 70 49 40 62 
64 70 0 118 33 51 
103 49 118 0 85 94 
62 40 33 85 0 33 
95 62 51 94 33 0 
0 0 1 0 2 0 
0 0 0 0 1 0 
1 0 0 0 226 0 
0 0 0 0 40 1828 
2 1 226 40 0 3633 
0 0 0 1828 3633 0 
0 67715 0 9 8 4219 
67715 0 32006 53 0 71 
0 32006 0 4 0 49 
9 53 4 0 0 0 
8 0 0 0 0 0 
4219 71 49 0 0 0 
0 203 0 16 0 62 
203 0 1010 8994 1 0 
0 1010 0 1 0 1012 
16 8994 1 0 0 0 
0 1 0 0 0 0 
62 0 1012 0 0 0 
0 120 0 6 0 9175 
120 0 1667 96 6 6 
0 1667 0 0 0 26 
6 96 0 0 0 0 
0 6 0 0 0 0 
9175 6 26 0 0 0 
