30 4
0 59 64 103 62 95 95 48 90 88 90 112 64 139 74 53 26 148 87 89 78 107 103 6 100 177 116 85 94 32 
59 0 70 49 40 62 36 46 31 30 43 69 27 80 26 37 59 91 39 30 28 48 85 53 62 119 57 26 35 49 
64 70 0 118 33 51 89 98 88 95 64 73 48 126 97 33 87 124 64 86 63 108 150 62 58 154 114 86 89 33 
103 49 118 0 85 94 38 68 34 23 68 88 69 56 28 85 93 77 65 36 58 23 68 97 90 97 30 33 37 98 
62 40 33 85 0 33 56 78 55 62 34 51 15 94 66 8 77 96 33 53 30 75 125 57 38 126 81 53 55 32 
95 62 51 94 33 0 57 107 59 71 25 22 37 82 84 42 110 75 28 57 37 76 147 91 7 104 78 61 57 65 
95 36 89 38 56 57 0 77 6 17 31 50 41 44 39 58 95 55 29 6 25 20 100 89 52 83 25 11 1 78 
48 46 98 68 78 107 77 0 71 63 90 115 69 117 41 71 27 133 86 71 75 81 55 45 108 159 90 66 76 65 
90 31 88 34 55 59 6 71 0 12 34 55 39 49 33 57 89 61 31 2 25 20 94 84 56 89 27 5 5 75 
88 30 95 23 62 71 17 63 12 0 46 67 46 53 23 63 84 69 43 14 35 19 82 82 68 95 28 10 16 78 
90 43 64 68 34 25 31 90 34 46 0 25 25 61 61 41 99 61 3 32 15 51 124 84 22 92 53 36 32 65 
112 69 73 88 51 22 50 115 55 67 25 0 49 63 86 60 123 54 29 53 40 67 148 107 15 82 66 58 51 84 
64 27 48 69 15 37 41 69 39 46 25 49 0 81 52 17 74 86 23 37 16 60 112 58 38 116 66 37 40 40 
139 80 126 56 94 82 44 117 49 53 61 63 81 0 75 99 137 23 62 50 65 36 125 133 74 41 27 54 45 121 
74 26 97 28 66 84 39 41 33 23 61 86 52 75 0 64 65 92 58 34 47 39 62 69 83 117 49 28 38 73 
53 37 33 85 8 42 58 71 57 63 41 60 17 99 64 0 69 102 39 55 34 77 120 48 46 132 83 54 58 24 
26 59 87 93 77 110 95 27 89 84 99 123 74 137 65 69 0 150 95 88 85 103 79 26 113 178 112 83 93 54 
148 91 124 77 96 75 55 133 61 69 61 54 86 23 92 102 150 0 63 62 70 55 146 142 68 30 47 67 57 126 
87 39 64 65 33 28 29 86 31 43 3 29 23 62 58 39 95 63 0 29 11 49 121 81 25 93 52 33 29 63 
89 30 86 36 53 57 6 71 2 14 32 53 37 50 34 55 88 62 29 0 23 22 95 83 54 89 29 5 5 73 
78 28 63 58 30 37 25 75 25 35 15 40 16 65 47 34 85 70 11 23 0 45 110 72 35 100 50 25 25 56 
107 48 108 23 75 76 20 81 20 19 51 67 60 36 39 77 103 55 49 22 45 0 91 101 71 77 9 23 20 95 
103 85 150 68 125 147 100 55 94 82 124 148 112 125 62 120 79 146 121 95 110 91 0 100 146 164 99 90 98 119 
6 53 62 97 57 91 89 45 84 82 84 107 58 133 69 48 26 142 81 83 72 101 100 0 95 171 110 79 88 29 
100 62 58 90 38 7 52 108 56 68 22 15 38 74 83 46 113 68 25 54 35 71 146 95 0 97 72 58 53 70 
177 119 154 97 126 104 83 159 89 95 92 82 116 41 117 132 178 30 93 89 100 77 164 171 97 0 68 94 84 156 
116 57 114 30 81 78 25 90 27 28 53 66 66 27 49 83 112 47 52 29 50 9 99 110 72 68 0 31 25 102 
85 26 86 33 53 61 11 66 5 10 36 58 37 54 28 54 83 67 33 5 25 23 90 79 58 94 31 0 10 72 
94 35 89 37 55 57 1 76 5 16 32 51 40 45 38 58 93 57 29 5 25 20 98 88 53 84 25 10 0 78 
32 49 33 98 32 65 78 65 75 78 65 84 40 121 73 24 54 126 63 73 56 95 119 29 70 156 102 72 78 0 
0 4446 8 22148 15 2 0 0 0 0 31 0 0 0 932 19851 1 0 0 36 0 63 0 54 75262 827 6 0 2358 358 
4446 0 0 3854 0 41 0 0 0 0 0 0 50 2 0 993 0 0 40187 7020 0 0 0 0 33 0 17513 0 0 0 
8 0 0 0 0 125 7565 0 15 0 137 0 1786 0 0 120 30 0 14 0 5401 0 0 199 16639 28 67080 11 0 0 
22148 3854 0 0 2104 0 0 1049 6 172 0 0 0 0 14565 169 0 0 6 0 0 1190 16 28 0 0 0 0 123 641 
15 0 0 2104 0 20 0 0 0 0 28 0 0 1 0 0 0 0 0 0 0 46 0 8010 0 24197 0 2 0 0 
2 41 125 0 20 0 10 0 31 1 79 0 90 0 0 0 282 0 0 71832 0 7969 1233 0 0 164 12 0 0 0 
0 0 7565 0 0 10 0 5 5201 0 209 0 1612 316 5 0 0 0 0 0 0 33352 2 45249 0 0 0 0 9 0 
0 0 0 1049 0 0 5 0 567 1 0 2 19 90489 0 3307 0 0 0 546 0 0 0 0 0 0 17 0 0 21 
0 0 15 6 0 31 5201 567 0 34 0 5 0 80770 0 78 1 0 0 35 0 8071 0 0 0 1745 8 0 11 0 
0 0 0 172 0 1 0 1 34 0 136 41349 2 2900 12 0 0 0 0 0 0 0 2 713 0 51 2325 0 0 0 
31 0 137 0 28 79 209 0 0 136 0 0 754 0 1 0 0 15381 0 50280 0 104 11676 11444 683 43433 3073 0 4440 0 
0 0 0 0 0 0 0 2 5 41349 0 0 0 0 4495 0 0 14 0 2602 0 0 1 0 77 0 0 0 0 0 
0 50 1786 0 0 90 1612 19 0 2 754 0 0 0 0 6 2977 17 7232 59 0 1 25 0 1 2246 0 0 2 0 
0 2 0 0 1 0 316 90489 80770 2900 0 0 0 0 0 0 26072 5 0 1033 52 0 0 0 0 2894 0 23255 0 0 
932 0 0 14565 0 0 5 0 0 12 1 4495 0 0 0 3512 64 0 1582 0 10113 1616 0 12 169 0 0 0 4232 0 
19851 993 120 169 0 0 0 3307 78 0 0 0 6 0 3512 0 0 0 23 1 119 218 2 185 0 1549 0 0 0 0 
1 0 30 0 0 282 0 0 1 0 0 0 2977 26072 64 0 0 0 3463 228 39312 0 0 0 0 0 1157 4725 61 329 
0 0 0 0 0 0 0 0 0 0 15381 14 17 5 0 0 0 0 13523 0 15 0 0 0 0 0 0 396 978 6206 
0 40187 14 6 0 0 0 0 0 0 0 0 7232 0 1582 23 3463 13523 0 676 3 352 70 1209 0 21 473 0 0 0 
36 7020 0 0 0 71832 0 546 35 0 50280 2602 59 1033 0 1 228 0 676 0 0 0 0 0 80 0 0 0 472 63078 
0 0 5401 0 0 0 0 0 0 0 0 0 0 52 10113 119 39312 15 3 0 0 0 0 34473 960 0 0 0 756 0 
63 0 0 1190 46 7969 33352 0 8071 0 104 0 1 0 1616 218 0 0 352 0 0 0 5 0 0 28 0 35 0 0 
0 0 0 16 0 1233 2 0 0 2 11676 1 25 0 0 2 0 0 70 0 0 5 0 1890 28 43 34941 9 0 0 
54 0 199 28 8010 0 45249 0 0 713 11444 0 0 0 12 185 0 0 1209 0 34473 0 1890 0 0 1 0 1695 0 3296 
75262 33 16639 0 0 0 0 0 0 0 683 77 1 0 169 0 0 0 0 80 960 0 28 0 0 0 710 0 5 3 
827 0 28 0 24197 164 0 0 1745 51 43433 0 2246 2894 0 1549 0 0 21 0 0 28 43 1 0 0 0 470 11005 814 
6 17513 67080 0 0 12 0 17 8 2325 3073 0 0 0 0 0 1157 0 473 0 0 0 34941 0 710 0 0 17 0 8 
0 0 11 0 2 0 0 0 0 0 0 0 0 23255 0 0 4725 396 0 0 0 35 9 1695 0 470 17 0 82208 2737 
2358 0 0 123 0 0 9 0 11 0 4440 0 2 0 4232 0 61 978 0 472 756 0 0 0 5 11005 0 82208 0 0 
358 0 0 641 0 0 0 21 0 0 0 0 0 0 0 0 329 6206 0 63078 0 0 0 3296 3 814 8 2737 0 0 
0 0 44 0 0 0 0 4 0 0 7 53 0 0 9482 0 3 0 0 0 1 1818 28 31 0 3749 6 0 0 0 
0 0 28 6655 0 252 0 399 0 46 82000 1416 90 0 0 0 55 0 0 3806 0 122 3269 2639 0 0 69239 18 7 626 
44 28 0 0 148 8 0 13 5 0 0 4082 109 17 0 0 2 0 0 0 0 195 0 0 0 0 0 0 6498 0 
0 6655 0 0 0 8 0 0 1 8 5 15166 5639 0 0 40 2 0 2 11 0 131 1 0 21794 0 0 12 415 0 
0 0 148 0 0 0 58113 188 0 299 7 14524 28860 0 3 0 0 370 140 59683 0 0 420 37821 0 66415 0 0 0 2 
0 252 8 8 0 0 0 0 356 0 0 32 219 4 0 0 0 0 48 0 73 0 0 37 0 0 0 15 2937 0 
0 0 0 0 58113 0 0 0 1326 3 10824 36194 1083 0 0 14 0 23 1448 0 757 0 0 82024 0 2 6 3 38 0 
4 399 13 0 188 0 0 0 0 20 0 0 3 10933 0 0 21 0 0 1072 2031 42 0 0 191 20 0 0 11 0 
0 0 5 1 0 356 1326 0 0 195 0 0 22806 743 1021 0 0 2 0 7185 10 0 0 1876 1 1187 0 0 0 4 
0 46 0 8 299 0 3 20 195 0 22 17740 956 0 2 0 0 0 0 2 0 14527 0 0 0 13 0 0 0 2004 
7 82000 0 5 7 0 10824 0 0 22 0 48 81 0 0 1170 1232 0 0 2902 0 1566 33384 0 3116 700 13220 0 0 0 
53 1416 4082 15166 14524 32 36194 0 0 17740 48 0 0 1000 0 0 3189 0 18539 0 5108 0 0 0 209 28831 133 0 0 0 
0 90 109 5639 28860 219 1083 3 22806 956 81 0 0 0 6 7 335 0 0 0 0 4 11 0 0 28 56915 0 0 1 
0 0 17 0 0 4 0 10933 743 0 0 1000 0 0 6060 27784 0 1 0 0 10 0 0 0 2615 21237 0 56224 13 0 
9482 0 0 0 3 0 0 0 1021 2 0 0 6 6060 0 0 0 0 0 17151 0 8210 61718 14 0 0 0 0 0 3 
0 0 0 40 0 0 14 0 0 0 1170 0 7 27784 0 0 16220 0 0 0 0 0 0 65 0 3762 1 6286 73 0 
3 55 2 2 0 0 0 21 0 0 1232 3189 335 0 0 16220 0 1213 196 13 0 0 36971 364 4 0 0 7610 1 0 
0 0 0 0 370 0 23 0 2 0 0 0 0 1 0 0 1213 0 0 0 0 0 0 88851 20093 0 0 0 0 14116 
0 0 0 2 140 48 1448 0 0 0 0 18539 0 0 0 0 196 0 0 22310 0 99 0 1929 10 9 1622 241 1 3209 
0 3806 0 11 59683 0 0 1072 7185 2 2902 0 0 0 17151 0 13 0 22310 0 0 171 6076 2 1167 0 24210 0 59 0 
1 0 0 0 0 73 757 2031 10 0 0 5108 0 10 0 0 0 0 0 0 0 47681 0 0 0 0 0 0 66 6163 
1818 122 195 131 0 0 0 42 0 14527 1566 0 4 0 8210 0 0 0 99 171 47681 0 0 43 0 0 59945 0 0 4 
28 3269 0 1 420 0 0 0 0 0 33384 0 11 0 61718 0 36971 0 0 6076 0 0 0 0 2088 0 0 0 0 4570 
31 2639 0 0 37821 37 82024 0 1876 0 0 0 0 0 14 65 364 88851 1929 2 0 43 0 0 33404 0 0 0 74 11200 
0 0 0 21794 0 0 0 191 1 0 3116 209 0 2615 0 0 4 20093 10 1167 0 0 2088 33404 0 2 597 0 3 45 
3749 0 0 0 66415 0 2 20 1187 13 700 28831 28 21237 0 3762 0 0 9 0 0 0 0 0 2 0 20679 0 19303 0 
6 69239 0 0 0 0 6 0 0 0 13220 133 56915 0 0 1 0 0 1622 24210 0 59945 0 0 597 20679 0 0 0 2 
0 18 0 12 0 15 3 0 0 0 0 0 0 56224 0 6286 7610 0 241 0 0 0 0 0 0 0 0 0 20598 0 
0 7 6498 415 0 2937 38 11 0 0 0 0 0 13 0 73 1 0 1 59 66 0 0 74 3 19303 0 20598 0 8 
0 626 0 0 2 0 0 0 4 2004 0 0 1 0 3 0 0 14116 3209 0 6163 4 4570 11200 45 0 2 0 8 0 
0 0 0 0 6 0 0 0 0 3 0 0 0 38 0 0 31 0 0 209 14352 8173 0 0 0 0 14 0 746 0 
0 0 1946 1985 98 0 3 0 9 0 0 97 1766 0 0 15145 0 0 14304 0 4717 0 42171 0 8 2834 29585 0 59 37 
0 1946 0 83306 1 1 0 0 0 2 164 29023 0 0 6177 0 25 4338 0 1096 3221 196 195 0 20183 0 0 0 0 9 
0 1985 83306 0 0 2248 0 0 0 0 2 9181 0 0 0 820 0 0 0 427 0 0 0 45 17 0 2903 91 79 0 
6 98 1 0 0 0 42 2374 0 128 227 237 678 0 161 0 0 4 0 46 0 0 28 0 1 39314 67 0 41 0 
0 0 1 2248 0 0 0 1714 0 10 0 421 194 0 300 113 57 1540 0 0 13445 2672 0 0 2652 52813 222 0 0 0 
0 3 0 0 42 0 0 0 0 66 0 0 0 0 47 1 0 5 34601 0 0 0 0 15870 0 0 0 0 0 157 
0 0 0 0 2374 1714 0 0 0 153 11 0 23 62069 42994 3416 1178 3 1 0 31 476 0 0 65 13824 3 0 0 44 
0 9 0 0 0 0 0 0 0 287 1 0 0 0 24509 0 1 0 1616 19 0 4868 3 0 0 0 0 0 0 23329 
3 0 2 0 128 10 66 153 287 0 0 0 0 0 0 172 0 1159 319 0 0 5 1 0 44 82 5686 0 0 0 
0 0 164 2 227 0 0 11 1 0 0 0 33 0 0 39939 1167 0 18 0 0 0 0 432 38 0 3579 83712 0 0 
0 97 29023 9181 237 421 0 0 0 0 0 0 850 0 0 0 1 0 65870 0 0 9520 0 0 0 0 0 904 0 0 
0 1766 0 0 678 194 0 23 0 0 33 850 0 432 6 0 2028 0 42277 2218 18 0 0 1271 0 432 0 3 10 0 
38 0 0 0 0 0 0 62069 0 0 0 0 432 0 56290 0 2273 69 24341 1712 11 0 27759 61 175 5385 0 5077 308 0 
0 0 6177 0 161 300 47 42994 24509 0 0 0 6 56290 0 0 981 1 230 0 1730 1060 0 450 0 0 0 3339 8759 0 
0 15145 0 820 0 113 1 3416 0 172 39939 0 0 0 0 0 586 0 1 0 7 2 2 4020 0 8800 7180 0 0 63 
31 0 25 0 0 57 0 1178 1 0 1167 1 2028 2273 981 586 0 738 0 21 0 2 0 0 1 0 0 0 0 103 
0 0 4338 0 4 1540 5 3 0 1159 0 0 0 69 1 0 738 0 33105 27 0 0 710 0 0 68 171 0 0 0 
0 14304 0 0 0 0 34601 1 1616 319 18 65870 42277 24341 230 1 0 33105 0 0 0 1144 0 0 0 0 1069 5468 0 1001 
209 0 1096 427 46 0 0 0 19 0 0 0 2218 1712 0 0 21 27 0 0 0 99025 0 27601 0 1187 0 4 0 3457 
14352 4717 3221 0 0 13445 0 31 0 0 0 0 18 11 1730 7 0 0 0 0 0 1 7 0 588 0 0 2265 0 0 
8173 0 196 0 0 2672 0 476 4868 5 0 9520 0 0 1060 2 2 0 1144 99025 1 0 0 49983 0 0 43 2665 520 3 
0 42171 195 0 28 0 0 0 3 1 0 0 0 27759 0 2 0 710 0 0 7 0 0 0 0 49 0 0 19350 7 
0 0 0 45 0 0 15870 0 0 0 432 0 1271 61 450 4020 0 0 0 27601 0 49983 0 0 0 10 0 0 0 735 
0 8 20183 17 1 2652 0 65 0 44 38 0 0 175 0 0 1 0 0 0 588 0 0 0 0 5087 63 595 0 0 
0 2834 0 0 39314 52813 0 13824 0 82 0 0 432 5385 0 8800 0 68 0 1187 0 0 49 10 5087 0 0 0 0 248 
14 29585 0 2903 67 222 0 3 0 5686 3579 0 0 0 0 7180 0 171 1069 0 0 43 0 0 63 0 0 0 299 0 
0 0 0 91 0 0 0 0 0 0 83712 904 3 5077 3339 0 0 0 5468 4 2265 2665 0 0 595 0 0 0 0 0 
746 59 0 79 41 0 0 0 0 0 0 0 10 308 8759 0 0 0 0 0 0 520 19350 0 0 0 299 0 0 3 
0 37 9 0 0 0 157 44 23329 0 0 0 0 0 0 63 103 0 1001 3457 0 3 7 735 0 248 0 0 3 0 
0 2349 46 35196 26 14 0 1899 3157 0 4 2 98414 11641 5390 0 0 0 0 1 19 537 7146 11606 0 8600 0 1 6023 0 
2349 0 1 0 6 129 0 0 12 323 2 160 85189 2 1 0 0 597 3053 15900 16972 0 27879 0 12 3645 1852 0 0 0 
46 1 0 0 2 0 0 0 2 1 0 0 3979 488 0 0 13 7471 0 33217 1485 0 0 0 0 0 0 0 0 0 
35196 0 0 0 0 121 0 3261 0 68 0 72 0 0 273 0 0 926 0 0 19912 0 0 0 6629 8 0 1446 0 0 
26 6 2 0 0 14 17393 1 64182 0 424 69 0 0 3 2891 0 0 0 0 917 17 0 1247 0 7738 0 0 33 0 
14 129 0 121 14 0 0 398 497 0 278 0 0 0 0 0 7580 52418 42890 61240 122 6653 633 168 0 0 0 0 2845 213 
0 0 0 0 17393 0 0 0 0 20 0 0 7540 606 0 0 7 2027 272 68738 64436 25029 0 24168 3 0 1660 5 6 5 
1899 0 0 3261 1 398 0 0 0 0 0 0 0 0 58058 0 0 5 14344 2356 0 0 3184 0 0 0 1 0 0 0 
3157 12 2 0 64182 497 0 0 0 139 24 0 27 4406 0 0 4 527 0 0 19 63935 0 0 1078 6158 5 6 40 46 
0 323 1 68 0 0 20 0 139 0 0 59274 0 0 15 62768 0 0 11 0 1616 0 32 0 0 18 0 12 187 0 
4 2 0 0 424 278 0 0 24 0 0 1 16943 0 0 0 17 0 26 0 3 31 41060 0 19596 283 0 0 2644 7894 
2 160 0 72 69 0 0 0 0 59274 1 0 0 7 12973 0 0 0 105 1248 0 68351 0 20 0 0 8941 10 0 0 
98414 85189 3979 0 0 0 7540 0 27 0 16943 0 0 1608 4995 30 2856 0 0 3 73 0 0 379 0 6833 9 71 0 40 
11641 2 488 0 0 0 606 0 4406 0 0 7 1608 0 0 0 0 0 0 6958 77 1 0 0 0 596 1 19982 0 450 
5390 1 0 273 3 0 0 58058 0 15 0 12973 4995 0 0 934 0 4 0 5 0 0 0 0 0 240 0 61463 0 1 
0 0 0 0 2891 0 0 0 0 62768 0 0 30 0 934 0 0 13 419 0 3 5670 0 0 0 3518 0 9 3 0 
0 0 13 0 0 7580 7 0 4 0 17 0 2856 0 0 0 0 0 6946 480 0 10 16609 10 57 3016 7721 27441 335 0 
0 597 7471 926 0 52418 2027 5 527 0 0 0 0 0 4 13 0 0 0 3915 0 0 356 0 0 44 1 0 0 0 
0 3053 0 0 0 42890 272 14344 0 11 26 105 0 0 0 419 6946 0 0 7277 0 0 0 0 76 0 583 0 269 22725 
1 15900 33217 0 0 61240 68738 2356 0 0 0 1248 3 6958 5 0 480 3915 7277 0 0 12 31 11 0 20 8435 1294 0 9011 
19 16972 1485 19912 917 122 64436 0 19 1616 3 0 73 77 0 3 0 0 0 0 0 0 95879 4205 0 192 1 33 778 0 
537 0 0 0 17 6653 25029 0 63935 0 31 68351 0 1 0 5670 10 0 0 12 0 0 1 1911 3 0 8781 45 4346 0 
7146 27879 0 0 0 633 0 3184 0 32 41060 0 0 0 0 0 16609 356 0 31 95879 1 0 0 0 0 10642 15 0 1 
11606 0 0 0 1247 168 24168 0 0 0 0 20 379 0 0 0 10 0 0 11 4205 1911 0 0 21873 0 48904 212 48331 0 
0 12 0 6629 0 0 3 0 1078 0 19596 0 0 0 0 0 57 0 76 0 0 3 0 21873 0 7432 935 117 0 0 
8600 3645 0 8 7738 0 0 0 6158 18 283 0 6833 596 240 3518 3016 44 0 20 192 0 0 0 7432 0 0 0 97221 102 
0 1852 0 0 0 0 1660 1 5 0 0 8941 9 1 0 0 7721 1 583 8435 1 8781 10642 48904 935 0 0 0 106 0 
1 0 0 1446 0 0 5 0 6 12 0 10 71 19982 61463 9 27441 0 0 1294 33 45 15 212 117 0 0 0 0 0 
6023 0 0 0 33 2845 6 0 40 187 2644 0 0 0 0 3 335 0 269 0 778 4346 0 48331 0 97221 106 0 0 1 
0 0 0 0 0 213 5 0 46 0 7894 0 40 450 1 0 0 0 22725 9011 0 0 1 0 0 102 0 0 1 0 
