50 4
0 46 118 40 96 98 46 64 2 33 36 47 55 9 108 78 35 54 61 95 45 105 61 79 70 72 108 28 39 45 38 87 44 18 35 31 32 15 62 109 41 45 37 61 89 27 39 29 62 61 
46 0 88 10 53 127 3 66 48 60 37 19 78 48 107 43 36 50 104 90 43 84 63 35 92 25 124 21 29 63 42 51 30 53 36 49 49 33 99 116 43 28 60 98 101 30 35 74 67 104 
118 88 0 85 53 137 85 71 120 144 83 106 102 125 70 117 84 138 148 59 75 25 72 92 105 80 111 92 78 92 82 118 118 110 84 135 94 113 133 90 80 73 99 135 92 90 79 133 76 148 
40 10 85 0 56 117 8 56 42 59 26 26 68 43 98 54 26 55 95 82 33 79 53 44 82 34 114 12 19 52 32 61 35 44 26 50 39 29 89 107 32 19 50 89 91 20 25 66 58 95 
96 53 53 56 0 154 51 82 98 112 71 66 108 100 106 67 71 96 146 90 69 65 81 42 118 33 138 68 62 93 74 66 78 97 71 102 86 85 136 122 73 57 95 137 116 72 68 121 86 146 
98 127 137 117 154 0 125 72 99 127 90 138 49 106 75 170 91 153 52 79 87 112 73 161 36 148 37 107 99 64 85 178 140 81 91 129 77 111 38 58 86 103 67 41 45 97 92 77 68 52 
46 3 85 8 51 125 0 63 48 61 34 22 76 49 104 46 34 53 103 87 40 81 60 36 90 26 122 20 27 60 40 53 33 52 34 51 48 34 98 113 40 25 58 97 99 28 33 73 65 103 
64 66 71 56 82 72 63 0 66 97 32 83 30 73 44 110 33 107 76 31 23 50 3 95 36 81 59 52 37 22 27 116 89 48 33 92 32 67 61 50 26 38 31 63 36 44 32 68 4 76 
2 48 120 42 98 99 48 66 0 32 38 48 56 7 110 78 37 54 61 97 47 107 63 81 71 74 110 30 42 47 41 88 44 19 37 30 34 16 62 110 43 47 38 61 91 29 41 28 64 61 
33 60 144 59 112 127 61 97 32 0 67 48 88 24 142 71 66 34 83 128 77 134 94 83 103 82 141 52 68 79 71 81 38 51 66 10 65 31 89 143 73 72 71 87 123 56 69 50 95 83 
36 37 83 26 71 90 34 32 38 67 0 51 41 44 77 80 1 75 74 61 10 68 29 70 55 58 88 20 9 26 5 88 57 27 1 61 15 36 66 82 6 14 25 66 65 11 3 52 32 74 
47 19 106 26 66 138 22 83 48 48 51 0 90 45 125 31 50 31 108 109 59 103 80 35 105 34 140 31 46 76 57 41 12 59 50 37 61 32 107 133 58 46 71 106 117 41 51 76 84 108 
55 78 102 68 108 49 76 30 56 88 41 90 0 63 62 121 41 107 46 54 39 80 29 112 15 99 53 58 50 15 36 129 93 36 41 86 28 65 31 57 36 54 19 33 36 48 43 46 26 46 
9 48 125 43 100 106 49 73 7 24 44 45 63 0 117 75 43 47 66 104 53 112 70 79 79 73 117 33 47 54 47 85 40 27 43 23 41 14 69 118 49 51 46 67 98 34 46 32 71 66 
108 107 70 98 106 75 104 44 110 142 77 125 62 117 0 149 78 152 105 17 67 45 48 131 55 116 42 96 80 64 72 155 133 92 78 137 76 112 87 20 70 79 73 90 31 88 76 107 46 105 
78 43 117 54 67 170 46 110 78 71 80 31 121 75 149 0 80 40 140 132 87 120 107 25 135 36 168 62 73 106 86 10 35 91 80 61 92 63 138 160 86 72 102 137 145 72 79 107 111 140 
35 36 84 26 71 91 34 33 37 66 1 50 41 43 78 80 0 74 74 62 11 69 30 70 55 58 89 19 9 26 6 87 56 27 0 60 15 35 66 83 7 14 25 66 66 10 4 51 33 74 
54 50 138 55 96 153 53 107 54 34 75 31 107 47 152 40 74 0 113 136 84 134 104 59 123 63 160 55 72 95 80 50 20 72 74 26 80 42 117 157 81 73 89 115 139 63 75 80 107 113 
61 104 148 95 146 52 103 76 61 83 74 108 46 66 105 140 74 113 0 100 77 126 75 139 50 129 81 83 83 56 71 149 106 51 74 87 59 76 18 94 73 88 51 15 74 75 77 33 72 0 
95 90 59 82 90 79 87 31 97 128 61 109 54 104 17 132 62 136 100 0 52 34 34 114 51 99 52 81 64 52 57 138 117 79 62 123 63 98 83 32 55 63 61 85 33 73 60 97 33 100 
45 43 75 33 69 87 40 23 47 77 10 59 39 53 67 87 11 84 77 52 0 59 20 74 51 61 81 29 13 24 7 94 66 35 11 71 19 46 67 74 5 15 26 67 58 21 8 58 24 77 
105 84 25 79 65 112 81 50 107 134 68 103 80 112 45 120 69 134 126 34 59 0 51 98 81 84 86 82 66 72 66 123 114 93 69 127 77 102 111 65 64 62 80 113 67 78 66 116 54 126 
61 63 72 53 81 73 60 3 63 94 29 80 29 70 48 107 30 104 75 34 20 51 0 93 37 79 61 49 34 20 24 114 86 45 30 89 29 64 61 53 22 35 29 62 38 40 29 65 5 75 
79 35 92 44 42 161 36 95 81 83 70 35 112 79 131 25 70 59 139 114 74 98 93 0 125 14 155 56 62 96 75 25 45 88 70 72 84 65 134 143 75 59 95 134 132 65 68 108 98 139 
70 92 105 82 118 36 90 36 71 103 55 105 15 79 55 135 55 123 50 51 51 81 37 125 0 112 38 73 63 29 50 143 108 52 55 102 44 80 32 45 50 67 34 35 24 63 57 58 32 50 
72 25 80 34 33 148 26 81 74 82 58 34 99 73 116 36 58 63 129 99 61 84 79 14 112 0 140 46 49 83 63 39 45 78 58 71 72 59 123 129 62 45 83 123 117 54 55 100 84 129 
108 124 111 114 138 37 122 59 110 141 88 140 53 117 42 168 89 160 81 52 81 86 61 155 38 140 0 108 95 65 82 175 144 90 89 140 80 118 64 22 82 97 71 67 23 98 89 96 57 81 
28 21 92 12 68 107 20 52 30 52 20 31 58 33 96 62 19 55 83 81 29 82 49 56 73 46 108 0 17 44 25 70 37 32 19 44 30 20 78 102 26 20 40 77 86 10 20 54 53 83 
39 29 78 19 62 99 27 37 42 68 9 46 50 47 80 73 9 72 83 64 13 66 34 62 63 49 95 17 0 34 13 81 53 34 9 61 24 36 75 87 13 5 34 75 72 12 6 59 38 83 
45 63 92 52 93 64 60 22 47 79 26 76 15 54 64 106 26 95 56 52 24 72 20 96 29 83 65 44 34 0 20 114 79 28 26 76 15 53 43 63 21 38 9 44 44 34 28 45 19 56 
38 42 82 32 74 85 40 27 41 71 5 57 36 47 72 86 6 80 71 57 7 66 24 75 50 63 82 25 13 20 0 94 62 27 6 65 12 40 62 77 2 18 21 62 60 16 7 51 27 71 
87 51 118 61 66 178 53 116 88 81 88 41 129 85 155 10 87 50 149 138 94 123 114 25 143 39 175 70 81 114 94 0 45 100 87 71 100 72 148 166 94 78 110 147 152 80 87 116 118 149 
44 30 118 35 78 140 33 89 44 38 57 12 93 40 133 35 56 20 106 117 66 114 86 45 108 45 144 37 53 79 62 45 0 59 56 27 65 29 106 139 64 54 74 105 123 46 57 73 90 106 
18 53 110 44 97 81 52 48 19 51 27 59 36 27 92 91 27 72 51 79 35 93 45 88 52 78 90 32 34 28 27 100 59 0 27 50 17 30 47 91 30 40 19 46 71 25 31 24 46 51 
35 36 84 26 71 91 34 33 37 66 1 50 41 43 78 80 0 74 74 62 11 69 30 70 55 58 89 19 9 26 6 87 56 27 0 60 15 35 66 83 7 14 25 66 66 10 4 51 33 74 
31 49 135 50 102 129 51 92 30 10 61 37 86 23 137 61 60 26 87 123 71 127 89 72 102 71 140 44 61 76 65 71 27 50 60 0 62 25 92 140 67 64 68 90 120 50 63 54 91 87 
32 49 94 39 86 77 48 32 34 65 15 61 28 41 76 92 15 80 59 63 19 77 29 84 44 72 80 30 24 15 12 100 65 17 15 62 0 38 51 77 14 29 10 51 59 20 18 39 30 59 
15 33 113 29 85 111 34 67 16 31 36 32 65 14 112 63 35 42 76 98 46 102 64 65 80 59 118 20 36 53 40 72 29 30 35 25 38 0 76 116 42 40 46 75 97 25 38 44 67 76 
62 99 133 89 136 38 98 61 62 89 66 107 31 69 87 138 66 117 18 83 67 111 61 134 32 123 64 78 75 43 62 148 106 47 66 92 51 76 0 76 63 80 41 3 56 69 69 39 57 18 
109 116 90 107 122 58 113 50 110 143 82 133 57 118 20 160 83 157 94 32 74 65 53 143 45 129 22 102 87 63 77 166 139 91 83 140 77 116 76 0 75 88 72 79 21 93 82 103 49 94 
41 43 80 32 73 86 40 26 43 73 6 58 36 49 70 86 7 81 73 55 5 64 22 75 50 62 82 26 13 21 2 94 64 30 7 67 14 42 63 75 0 17 22 63 59 18 7 53 26 73 
45 28 73 19 57 103 25 38 47 72 14 46 54 51 79 72 14 73 88 63 15 62 35 59 67 45 97 20 5 38 18 78 54 40 14 64 29 40 80 88 17 0 39 80 73 17 11 65 39 88 
37 60 99 50 95 67 58 31 38 71 25 71 19 46 73 102 25 89 51 61 26 80 29 95 34 83 71 40 34 9 21 110 74 19 25 68 10 46 41 72 22 39 0 41 52 30 28 36 28 51 
61 98 135 89 137 41 97 63 61 87 66 106 33 67 90 137 66 115 15 85 67 113 62 134 35 123 67 77 75 44 62 147 105 46 66 90 51 75 3 79 63 80 41 0 59 69 69 36 59 15 
89 101 92 91 116 45 99 36 91 123 65 117 36 98 31 145 66 139 74 33 58 67 38 132 24 117 23 86 72 44 60 152 123 71 66 120 59 97 56 21 59 73 52 59 0 76 66 82 34 74 
27 30 90 20 72 97 28 44 29 56 11 41 48 34 88 72 10 63 75 73 21 78 40 65 63 54 98 10 12 34 16 80 46 25 10 50 20 25 69 93 18 17 30 69 76 0 13 48 43 75 
39 35 79 25 68 92 33 32 41 69 3 51 43 46 76 79 4 75 77 60 8 66 29 68 57 55 89 20 6 28 7 87 57 31 4 63 18 38 69 82 7 11 28 69 66 13 0 55 32 77 
29 74 133 66 121 77 73 68 28 50 52 76 46 32 107 107 51 80 33 97 58 116 65 108 58 100 96 54 59 45 51 116 73 24 51 54 39 44 39 103 53 65 36 36 82 48 55 0 64 33 
62 67 76 58 86 68 65 4 64 95 32 84 26 71 46 111 33 107 72 33 24 54 5 98 32 84 57 53 38 19 27 118 90 46 33 91 30 67 57 49 26 39 28 59 34 43 32 64 0 72 
61 104 148 95 146 52 103 76 61 83 74 108 46 66 105 140 74 113 0 100 77 126 75 139 50 129 81 83 83 56 71 149 106 51 74 87 59 76 18 94 73 88 51 15 74 75 77 33 72 0 
0 33749 0 0 0 4246 0 935 1938 13112 0 0 0 0 89126 0 20582 32 0 0 15755 7 0 0 0 0 0 18 3 7 249 1330 0 0 32 0 69 8423 1447 1189 105 0 0 420 325 808 0 533 63485 0 
33749 0 525 60031 8 0 6187 18 0 0 1 226 2369 17 1 435 0 1 0 18145 0 212 0 32 158 54072 121 0 1609 0 4 16949 0 0 14264 8 0 10 1694 0 0 0 0 1615 0 0 0 0 0 0 
0 525 0 0 0 7458 0 3331 0 3 0 0 0 0 0 0 5190 0 7 0 0 0 0 0 14545 16 4 13387 1468 0 0 0 48 3312 0 0 3974 16614 1600 0 0 3 0 0 0 0 338 0 0 0 
0 60031 0 0 355 49732 440 37479 0 10423 0 358 0 84056 0 0 0 12718 0 0 28 281 155 0 14652 75 6605 3135 3 0 0 0 15 19462 8515 0 1670 0 0 0 0 0 0 0 16806 0 0 1 9639 0 
0 8 0 355 0 0 30 3741 266 2 0 0 346 31 7 0 44004 22851 23911 0 22 0 0 0 1113 12 3397 1 0 0 16421 0 0 0 252 0 0 0 2 21858 0 0 0 31 8705 0 0 41844 520 0 
4246 0 7458 49732 0 0 0 28 116 21914 1 131 6 0 0 0 0 2283 139 0 0 1417 6977 2 13 53 65046 45 285 0 389 0 6 2 11 0 0 13 0 14562 0 486 0 126 0 0 0 91 0 0 
0 6187 0 440 30 0 0 0 6 0 1 38 82841 0 0 0 2162 0 0 1580 0 0 0 360 4 0 6 0 787 0 0 4415 98121 2 0 1738 0 3 73035 1 185 0 0 76795 16 0 0 0 3 0 
935 18 3331 37479 3741 28 0 0 2 0 0 0 44199 0 5027 0 0 0 0 0 0 58062 248 15 0 66677 0 0 0 0 4 0 4380 37272 63022 0 65 2000 5 0 1825 301 0 0 469 0 118 0 0 0 
1938 0 0 0 266 116 6 2 0 236 1 0 759 1567 1 857 1 36425 0 0 0 9180 0 0 5034 12 160 0 0 0 72 9664 1062 34 12 5 95955 0 0 0 2 0 0 416 0 5 0 0 0 39602 
13112 0 3 10423 2 21914 0 0 236 0 1 4 37244 256 149 0 0 711 5287 1302 2110 119 54948 0 0 16 0 0 0 7 18643 1770 0 0 0 36 0 0 0 0 0 4 0 0 0 0 0 0 64313 1560 
0 1 0 0 0 1 1 0 1 1 0 0 27644 1944 0 0 21051 2 17 0 0 0 0 5 0 0 0 0 153 1042 1 0 0 8038 1669 0 0 10 0 4 0 0 5989 380 0 0 28 0 0 0 
0 226 0 358 0 131 38 0 0 4 0 0 57691 439 0 0 0 0 1 0 4 9912 0 408 7740 0 0 22748 455 0 13660 0 0 0 0 0 0 0 0 0 21 0 0 55078 0 85446 18976 0 0 0 
0 2369 0 0 346 6 82841 44199 759 37244 27644 57691 0 0 0 7 203 1026 78951 0 0 0 0 0 1 0 0 71 0 0 2 1 309 3916 0 0 0 0 0 203 0 53 11500 648 75 1820 0 0 0 14146 
0 17 0 84056 31 0 0 0 1567 256 1944 439 0 0 711 442 67071 1391 234 15510 90044 65 11 0 0 0 21835 0 0 46951 144 27 3634 0 10 932 10 0 1 58 70659 19146 0 1 0 0 1068 5 0 0 
89126 1 0 0 7 0 0 5027 1 149 0 0 0 711 0 786 62927 0 1762 6292 0 0 0 1 0 12 829 0 24802 0 3710 19 830 1 65721 0 0 19597 0 0 0 1042 0 0 531 0 0 1369 2 2232 
0 435 0 0 0 0 0 0 857 0 0 0 7 442 786 0 0 9449 1238 882 0 1272 997 35 0 21 462 0 8 0 16 800 26048 0 0 0 47450 0 3981 2171 189 4622 131 0 7 1 14817 0 11375 0 
20582 0 5190 0 44004 0 2162 0 1 0 21051 0 203 67071 62927 0 0 0 0 0 62 0 0 27444 0 23 97786 0 0 2 0 358 56421 474 155 50542 0 0 0 0 0 2 7456 0 0 0 5428 37 3 0 
32 1 0 12718 22851 2283 0 0 36425 711 2 0 1026 1391 0 9449 0 0 2667 15439 0 319 3153 0 0 119 0 0 31142 0 0 0 14 1 0 0 0 0 0 0 690 0 0 0 5840 942 65 102 38426 59873 
0 0 7 0 23911 139 0 0 0 5287 17 1 78951 234 1762 1238 0 2667 0 1146 16441 0 0 2 0 1 17 10 0 53 3 0 0 0 18840 2 66323 19 3 0 0 0 3653 7946 0 9426 0 49365 85583 0 
0 18145 0 0 0 0 1580 0 0 1302 0 0 0 15510 6292 882 0 15439 1146 0 78 0 0 7142 0 0 51326 0 0 71775 0 0 0 686 3 20 0 0 81 52 0 1963 52242 0 1 7 4 696 0 0 
15755 0 0 28 22 0 0 0 0 2110 0 4 0 90044 0 0 62 0 16441 78 0 0 1 4691 0 5 0 0 3 0 55274 6 0 5 55968 8 23678 28 0 1699 58 0 665 0 44901 0 1856 46271 0 0 
7 212 0 281 0 1417 0 58062 9180 119 0 9912 0 65 0 1272 0 319 0 0 0 0 0 0 0 6 0 91157 34 0 0 0 0 0 26531 0 0 3433 66441 4892 79363 433 1 0 0 234 236 1 45438 0 
0 0 0 155 0 6977 0 248 0 54948 0 0 0 11 0 997 0 3153 0 0 1 0 0 0 0 7 99442 53 88064 0 1796 24 37 571 0 0 0 0 0 0 1980 0 0 2064 5937 0 0 0 0 119 
0 32 0 0 0 2 360 15 0 0 5 408 0 0 1 35 27444 0 2 7142 4691 0 0 0 141 23 4552 0 1949 2 0 0 0 36598 2 0 14 0 0 0 102 0 14 0 9 0 0 590 939 0 
0 158 14545 14652 1113 13 4 0 5034 0 0 7740 1 0 0 0 0 0 0 0 0 0 0 141 0 0 4178 0 11816 2 3342 0 0 2015 0 231 0 0 60310 0 1030 0 0 0 13 10501 9468 0 0 0 
0 54072 16 75 12 53 0 66677 12 16 0 0 0 0 12 21 23 119 1 0 5 6 7 23 0 0 50 63 1 0 2996 33 0 0 0 0 0 3371 29 122 31 0 0 0 2997 0 0 94 0 160 
0 121 4 6605 3397 65046 6 0 160 0 0 0 0 21835 829 462 97786 0 17 51326 0 0 99442 4552 4178 50 0 0 0 23024 8106 0 71750 1 3 0 48 1 127 0 0 14 6098 8 38 0 0 1 0 1 
18 0 13387 3135 1 45 0 0 0 0 0 22748 71 0 0 0 0 0 10 0 0 91157 53 0 0 63 0 0 44 0 0 23043 0 2986 0 17 0 0 4133 3845 0 0 0 1297 22 0 75841 0 0 0 
3 1609 1468 3 0 285 787 0 0 0 153 455 0 0 24802 8 0 31142 0 0 3 34 88064 1949 11816 1 0 44 0 0 75857 0 294 0 0 0 5753 50881 1258 764 41 0 1 5 647 0 0 0 0 68 
7 0 0 0 0 0 0 0 0 7 1042 0 0 46951 0 0 2 0 53 71775 0 0 0 2 2 0 23024 0 0 0 3392 0 0 0 2073 0 0 362 0 1351 277 0 1 15016 10 23322 5644 0 5 61848 
249 4 0 0 16421 389 0 4 72 18643 1 13660 2 144 3710 16 0 0 3 0 55274 0 1796 0 3342 2996 8106 0 75857 3392 0 0 1917 2 0 0 0 0 46135 0 0 691 0 0 166 0 1403 0 1 0 
1330 16949 0 0 0 0 4415 0 9664 1770 0 0 1 27 19 800 358 0 0 0 6 0 24 0 0 33 0 23043 0 0 0 0 0 0 0 193 83308 0 9721 167 0 1 2 1149 112 0 1 0 71179 5 
0 0 48 15 0 6 98121 4380 1062 0 0 0 309 3634 830 26048 56421 14 0 0 0 0 37 0 0 0 71750 0 294 0 1917 0 0 0 33937 0 0 0 31 0 747 6063 0 0 0 0 80 0 91474 218 
0 0 3312 19462 0 2 2 37272 34 0 8038 0 3916 0 1 0 474 1 0 686 5 0 571 36598 2015 0 1 2986 0 0 2 0 0 0 27818 896 6 83136 655 0 1 23616 33 551 1625 306 6 23 0 0 
32 14264 0 8515 252 11 0 63022 12 0 1669 0 0 10 65721 0 155 0 18840 3 55968 26531 0 2 0 0 3 0 0 2073 0 0 33937 27818 0 0 0 34446 53 3564 0 0 4563 0 670 61 0 1417 190 20239 
0 8 0 0 0 0 1738 0 5 36 0 0 0 932 0 0 50542 0 2 20 8 0 0 0 231 0 0 17 0 0 0 193 0 896 0 0 0 0 0 0 0 0 3676 0 0 25 0 460 5 61297 
69 0 3974 1670 0 0 0 65 95955 0 0 0 0 10 0 47450 0 0 66323 0 23678 0 0 14 0 0 48 0 5753 0 0 83308 0 6 0 0 0 989 0 0 0 1124 312 0 230 0 0 6 3130 888 
8423 10 16614 0 0 13 3 2000 0 0 10 0 0 0 19597 0 0 0 19 0 28 3433 0 0 0 3371 1 0 50881 362 0 0 0 83136 34446 0 989 0 64638 0 0 2053 0 0 0 1 32195 51 5 109 
1447 1694 1600 0 2 0 73035 5 0 0 0 0 0 1 0 3981 0 0 3 81 0 66441 0 0 60310 29 127 4133 1258 0 46135 9721 31 655 53 0 0 64638 0 258 39 2863 0 18 3164 0 10 0 19927 163 
1189 0 0 0 21858 14562 1 0 0 0 4 0 203 58 0 2171 0 0 0 52 1699 4892 0 0 0 122 0 3845 764 1351 0 167 0 0 3564 0 0 0 258 0 3008 0 0 0 0 1336 4966 215 0 0 
105 0 0 0 0 0 185 1825 2 0 0 21 0 70659 0 189 0 690 0 0 58 79363 1980 102 1030 31 0 0 41 277 0 0 747 1 0 0 0 0 39 3008 0 84207 0 4338 16383 0 798 44 2103 0 
0 0 3 0 0 486 0 301 0 4 0 0 53 19146 1042 4622 2 0 0 1963 0 433 0 0 0 0 14 0 0 0 691 1 6063 23616 0 0 1124 2053 2863 0 84207 0 0 13 0 35 279 9 0 0 
0 0 0 0 0 0 0 0 0 0 5989 0 11500 0 0 131 7456 0 3653 52242 665 1 0 14 0 0 6098 0 1 1 0 2 0 33 4563 3676 312 0 0 0 0 0 0 0 11338 2347 2 273 7 0 
420 1615 0 0 31 126 76795 0 416 0 380 55078 648 1 0 0 0 0 7946 0 0 0 2064 0 0 0 8 1297 5 15016 0 1149 0 551 0 0 0 0 18 0 4338 13 0 0 0 0 31 0 1425 0 
325 0 0 16806 8705 0 16 469 0 0 0 0 75 0 531 7 0 5840 0 1 44901 0 5937 9 13 2997 38 22 647 10 166 112 0 1625 670 0 230 0 3164 0 16383 0 11338 0 0 0 88 32424 18076 0 
808 0 0 0 0 0 0 0 5 0 0 85446 1820 0 0 1 0 942 9426 7 0 234 0 0 10501 0 0 0 0 23322 0 0 0 306 61 25 0 1 0 1336 0 35 2347 0 0 0 11192 0 20 0 
0 0 338 0 0 0 0 118 0 0 28 18976 0 1068 0 14817 5428 65 0 4 1856 236 0 0 9468 0 0 75841 0 5644 1403 1 80 6 0 0 0 32195 10 4966 798 279 2 31 88 11192 0 0 0 0 
533 0 0 1 41844 91 0 0 0 0 0 0 0 5 1369 0 37 102 49365 696 46271 1 0 590 0 94 1 0 0 0 0 0 0 23 1417 460 6 51 0 215 44 9 273 0 32424 0 0 0 0 0 
63485 0 0 9639 520 0 3 0 0 64313 0 0 0 0 2 11375 3 38426 85583 0 0 45438 0 939 0 0 0 0 0 5 1 71179 91474 0 190 5 3130 5 19927 0 2103 0 7 1425 18076 20 0 0 0 0 
0 0 0 0 0 0 0 0 39602 1560 0 0 14146 0 2232 0 0 59873 0 0 0 0 119 0 0 160 1 0 68 61848 0 5 218 0 20239 61297 888 109 163 0 0 0 0 0 0 0 0 0 0 0 
0 6283 0 0 0 5297 0 2223 52261 32902 0 0 0 0 1887 0 6463 10 0 1 15422 0 0 0 0 0 0 28 33 53 45 20389 0 0 28 0 111 4758 138 13857 7 0 0 26 10 976 1 2680 5901 0 
6283 0 31 30039 30 0 494 2 0 0 65 3246 328 21 2 1012 0 1 0 5411 0 223 0 120 154 42889 47 0 283 0 0 70767 0 0 1677 3 0 69 5 0 0 0 0 95873 0 0 0 0 0 0 
0 31 0 0 0 31 1 64441 0 0 0 0 0 0 0 0 7482 0 479 0 0 0 0 0 5502 131 6 64457 68 0 0 0 1077 259 0 0 216 20918 24974 0 0 0 0 0 2 0 1207 0 0 0 
0 30039 0 0 1970 127 92 7559 0 1740 0 2046 0 28464 0 0 0 3326 0 0 16 26 1037 0 2041 259 23 64007 18 0 0 3 24 109 12813 0 28164 6 0 0 0 0 0 0 11326 0 0 6 37755 0 
0 30 0 1970 0 0 972 1732 135 5 0 120 5641 3 1 0 30137 41591 2043 0 686 0 0 0 5651 5 581 0 0 0 1227 0 0 0 14257 0 0 0 22 7850 0 0 0 21 3655 0 0 4288 1165 0 
5297 0 31 127 0 0 0 6 713 43006 29 3061 5 0 0 0 0 2648 47 0 0 2461 1311 0 13 32 32934 19 312 2 163 0 0 8 0 0 0 1 0 5288 15 90 0 1 0 0 0 17 0 0 
0 494 1 92 972 0 0 0 0 1 0 59 228 0 0 0 22978 0 0 20979 0 0 0 13259 35 0 33 0 3034 0 0 23897 29243 1 0 1419 0 4 12689 6 2 0 2 57636 4 0 0 0 64 0 
2223 2 64441 7559 1732 6 0 0 6 0 0 0 64035 0 2418 0 0 0 2 0 0 1719 1154 0 0 8354 1 0 0 0 2 0 68927 67661 47644 0 153 1167 18 0 616 45181 0 0 2911 0 54 0 3 0 
52261 0 0 0 135 713 0 6 0 9 0 0 277 6462 5 226 0 3373 1 0 0 462 0 0 1834 0 3 0 0 1 4 414 209 587 153 1 28693 0 0 0 40 0 0 1113 0 0 0 0 0 2173 
32902 0 0 1740 5 43006 1 0 9 0 4 642 30003 1401 108 0 0 1318 22872 1137 49588 40 16198 0 1 238 0 2 0 0 10364 29 0 0 0 5747 0 0 0 0 0 774 0 0 0 0 0 0 15918 1614 
0 65 0 0 0 29 0 0 0 4 0 0 1932 16 0 0 5323 0 0 0 0 0 0 38 9 0 0 0 6 1627 23 0 1 7810 5209 0 0 286 0 2140 0 0 8147 89 0 0 5 0 0 0 
0 3246 0 2046 120 3061 59 0 0 642 0 0 22335 1777 0 0 0 0 8 0 22 535 0 87 1373 0 0 93658 1730 0 2315 0 0 5 0 0 0 0 0 0 6 0 0 13774 0 552 4206 0 0 0 
0 328 0 0 5641 5 228 64035 277 30003 1932 22335 0 0 0 4 2083 107 76053 10 0 0 0 0 0 0 1 56 0 0 0 0 832 25607 0 1 0 0 0 7769 0 63 74853 5399 123 356 0 0 0 3247 
0 21 0 28464 3 0 0 0 6462 1401 16 1777 0 0 1017 276 12514 2227 84 15101 7540 145 0 0 0 0 24192 0 0 2343 212 73 5415 0 8 4518 819 0 0 44 11760 49374 0 18 0 1 624 139 0 0 
1887 2 0 0 1 0 0 2418 5 108 0 0 0 1017 0 254 51980 0 10640 409 0 0 1 0 0 2 3706 0 6853 0 7199 2 34738 2 66834 0 0 13637 0 0 0 149 0 0 393 0 0 1123 1417 13 
0 1012 0 0 0 0 0 0 226 0 0 0 4 276 254 0 0 8312 1263 175 0 142 9935 29 0 72 66 0 0 0 0 289 78178 0 0 0 22454 0 20008 65146 76 18356 8446 0 0 11 16078 0 32097 0 
6463 0 7482 0 30137 0 22978 0 0 0 5323 0 2083 12514 51980 0 0 0 0 0 23 0 0 35056 0 1 26885 0 0 0 0 362 4759 1941 9272 2012 0 0 2 0 0 0 6821 0 0 0 2933 8 8 0 
10 1 0 3326 41591 2648 0 0 3373 1318 0 0 107 2227 0 8312 0 0 31381 29376 0 862 8483 0 0 4 0 0 50581 0 0 0 6 0 0 0 0 0 0 0 47 0 0 0 59 6649 7 238 38250 31639 
0 0 479 0 2043 47 0 2 1 22872 0 8 76053 84 10640 1263 0 31381 0 1353 90304 0 0 1 0 0 92 1 0 36 42 0 0 0 1421 3 14190 0 1 0 3 0 20383 283 0 4861 0 39064 56385 0 
1 5411 0 0 0 0 20979 0 0 1137 0 0 10 15101 409 175 0 29376 1353 0 174 0 0 8725 0 0 145 0 0 58770 1 0 0 1809 7 4 0 0 15 13 0 1114 441 0 14 6 6 6675 0 0 
15422 0 0 16 686 0 0 0 0 49588 0 22 0 7540 0 0 23 0 90304 174 0 0 0 4387 0 27 0 0 7 0 16995 106 0 0 66245 2 6048 29992 0 263 3 0 468 0 29404 0 1171 5834 0 0 
0 223 0 26 0 2461 0 1719 462 40 0 535 0 145 0 142 0 862 0 0 0 0 0 0 0 0 0 73755 81 0 0 0 5 0 88786 0 0 854 4485 12939 50830 17893 18 0 0 127 8 4 1640 0 
0 0 0 1037 0 1311 0 1154 0 16198 0 0 0 0 1 9935 0 8483 0 0 0 0 0 0 0 0 1505 70 30275 0 75 1 0 50 0 0 0 0 0 0 17853 0 0 2346 999 0 2 0 0 304 
0 120 0 0 0 0 13259 0 0 0 38 87 0 0 0 29 35056 0 1 8725 4387 0 0 0 355 7 44995 0 388 4 0 2 0 27464 3 3 18 0 0 0 136 0 74 0 59 0 0 389 42 0 
0 154 5502 2041 5651 13 35 0 1834 1 9 1373 0 0 0 0 0 0 0 0 0 0 0 355 0 0 5208 0 4856 125 514 0 0 986 0 889 0 0 1745 0 88772 0 24 1 133 2253 192 0 0 0 
0 42889 131 259 5 32 0 8354 0 238 0 0 0 0 2 72 1 4 0 0 27 0 0 7 0 0 3 117 12 0 272 111 0 0 0 0 4 3903 15 133 5 0 2 0 14 0 0 20 0 81 
0 47 6 23 581 32934 33 1 3 0 0 0 1 24192 3706 66 26885 0 92 145 0 0 1505 44995 5208 3 0 0 0 83727 11979 1 19494 0 0 0 336 10 275 0 0 0 1310 0 7 0 0 2 1 1 
28 0 64457 64007 0 19 0 0 0 2 0 93658 56 0 0 0 0 0 1 0 0 73755 70 0 0 117 0 0 7 0 0 693 0 2243 0 25 0 2 203 440 0 0 0 1909 29 0 12883 0 0 0 
33 283 68 18 0 312 3034 0 0 0 6 1730 0 0 6853 0 0 50581 0 0 7 81 30275 388 4856 12 0 7 0 0 90079 5 9 0 0 0 15032 9312 399 74 1603 0 5 33 6338 0 0 0 0 126 
53 0 0 0 0 2 0 0 1 0 1627 0 0 2343 0 0 0 0 36 58770 0 0 0 4 125 0 83727 0 0 0 1974 0 0 0 18156 8 0 2983 0 10765 1289 0 15 5733 1 3120 12029 0 18 27589 
45 0 0 0 1227 163 0 2 4 10364 23 2315 0 212 7199 0 0 0 42 1 16995 0 75 0 514 272 11979 0 90079 1974 0 0 4827 0 0 10 0 0 4986 0 0 3257 0 0 10359 0 1400 0 0 0 
20389 70767 0 3 0 0 23897 0 414 29 0 0 0 73 2 289 362 0 0 0 106 0 1 2 0 111 1 693 5 0 0 0 0 0 0 161 2694 0 348 277 0 0 0 1310 36 0 324 0 59980 1 
0 0 1077 24 0 0 29243 68927 209 0 1 0 832 5415 34738 78178 4759 6 0 0 0 5 0 0 0 0 19494 0 9 0 4827 0 0 0 3278 0 0 0 1639 0 1760 2991 0 0 0 0 9 0 78072 5 
0 0 259 109 0 8 1 67661 587 0 7810 5 25607 0 2 0 1941 0 0 1809 0 0 50 27464 986 0 0 2243 0 0 0 0 0 0 1327 130 0 13831 843 0 20 1616 59 5626 4615 3219 5322 7919 0 0 
28 1677 0 12813 14257 0 0 47644 153 0 5209 0 0 8 66834 0 9272 0 1421 7 66245 88786 0 3 0 0 0 0 0 18156 0 0 3278 1327 0 4 0 9718 38 401 0 0 1400 0 229 842 0 34087 3902 25632 
0 3 0 0 0 0 1419 0 1 5747 0 0 1 4518 0 0 2012 0 3 4 2 0 0 3 889 0 0 25 0 8 10 161 0 130 4 0 0 0 0 0 0 0 1338 0 0 5 0 913 0 68087 
111 0 216 28164 0 0 0 153 28693 0 0 0 0 819 0 22454 0 0 14190 0 6048 0 0 18 0 4 336 0 15032 0 0 2694 0 0 0 0 0 3540 0 0 0 12 10 0 2299 0 0 0 47403 9743 
4758 69 20918 6 0 1 4 1167 0 0 286 0 0 0 13637 0 0 0 0 0 29992 854 0 0 0 3903 10 2 9312 2983 0 0 0 13831 9718 0 3540 0 14396 0 0 75 0 0 0 3 2665 2 4 24 
138 5 24974 0 22 0 12689 18 0 0 0 0 0 0 0 20008 2 0 1 15 0 4485 0 0 1745 15 275 203 399 0 4986 348 1639 843 38 0 0 14396 0 59 1 2110 0 625 5510 0 375 0 55869 5 
13857 0 0 0 7850 5288 6 0 0 0 2140 0 7769 44 0 65146 0 0 0 13 263 12939 0 0 0 133 0 440 74 10765 0 277 0 0 401 0 0 0 59 0 2052 0 0 0 0 1090 10125 53 0 0 
7 0 0 0 0 15 2 616 40 0 0 6 0 11760 0 76 0 47 3 0 3 50830 17853 136 88772 5 0 0 1603 1289 0 0 1760 20 0 0 0 0 1 2052 0 34931 0 13307 34684 0 439 886 6013 0 
0 0 0 0 0 90 0 45181 0 774 0 0 63 49374 149 18356 0 0 0 1114 0 17893 0 0 0 0 0 0 0 0 3257 0 2991 1616 0 0 12 75 2110 0 34931 0 0 36 0 1 18 12 6 0 
0 0 0 0 0 0 2 0 0 0 8147 0 74853 0 0 8446 6821 0 20383 441 468 18 0 74 24 2 1310 0 5 15 0 0 0 59 1400 1338 10 0 0 0 0 0 0 0 1139 717 3 0 2 0 
26 95873 0 0 21 1 57636 0 1113 0 89 13774 5399 18 0 0 0 0 283 0 0 0 2346 0 1 0 0 1909 33 5733 0 1310 0 5626 0 0 0 0 625 0 13307 36 0 0 0 0 0 0 21689 0 
10 0 2 11326 3655 0 4 2911 0 0 0 0 123 0 393 0 0 59 0 14 29404 0 999 59 133 14 7 29 6338 1 10359 36 0 4615 229 0 2299 0 5510 0 34684 0 1139 0 0 244 2251 1047 94 0 
976 0 0 0 0 0 0 0 0 0 0 552 356 1 0 11 0 6649 4861 6 0 127 0 0 2253 0 0 0 0 3120 0 0 0 3219 842 5 0 3 0 1090 0 1 717 0 244 0 8340 0 6 0 
1 0 1207 0 0 0 0 54 0 0 5 4206 0 624 0 16078 2933 7 0 6 1171 8 2 0 192 0 0 12883 0 12029 1400 324 9 5322 0 0 0 2665 375 10125 439 18 3 0 2251 8340 0 0 0 1 
2680 0 0 6 4288 17 0 0 0 0 0 0 0 139 1123 0 8 238 39064 6675 5834 4 0 389 0 20 2 0 0 0 0 0 0 7919 34087 913 0 2 0 53 886 12 0 0 1047 0 0 0 0 0 
5901 0 0 37755 1165 0 64 3 0 15918 0 0 0 0 1417 32097 8 38250 56385 0 0 1640 0 42 0 0 1 0 0 18 0 59980 78072 0 3902 0 47403 4 55869 0 6013 6 2 21689 94 6 0 0 0 0 
0 0 0 0 0 0 0 0 2173 1614 0 0 3247 0 13 0 0 31639 0 0 0 0 304 0 0 81 1 0 126 27589 0 1 5 0 25632 68087 9743 24 5 0 0 0 0 0 0 0 1 0 0 0 
0 54309 0 0 0 17 6 303 1911 397 0 8 0 0 9623 0 68381 1 0 0 34974 65 0 0 0 0 0 22 0 1 6869 152 0 0 2 0 3 80699 1973 1573 1286 0 0 50 36 38 0 25 3658 0 
54309 0 8 53706 5 0 110 16 0 0 0 178 4079 2 51 2444 0 2 0 6523 0 76 0 42 241 41202 12 1 106 0 0 1926 0 0 3624 8 0 54 298 0 0 0 0 16462 0 1 0 0 0 1 
0 8 0 0 0 59044 3 13416 0 0 0 0 0 0 0 0 351 0 16 0 0 0 0 8 23488 13 38 2409 14762 0 0 0 3784 173 0 0 734 4037 8646 0 0 36 0 0 1 0 8 0 0 0 
0 53706 0 0 48 69945 143 178 0 885 0 8 0 22821 0 0 0 4076 0 0 41 7 159 0 321 10 16848 19508 1 0 0 0 97 4771 3607 0 56 0 0 2 4 0 0 0 19556 7 0 0 69617 0 
0 5 0 48 0 0 1 875 408 7 0 0 35 11 19 0 4464 5367 26967 0 2 0 0 0 1001 46 2295 1 0 0 24775 0 0 0 26 0 0 0 4 19186 0 0 0 54 1815 0 0 60744 424 0 
17 0 59044 69945 0 0 0 5 5 68523 249 4015 40 0 0 0 0 63033 42 0 0 2554 53 1 6 1589 6786 28 49 0 438 0 3900 0 46 0 0 0 0 4037 0 2140 4 14 0 0 0 8 0 0 
6 110 3 143 1 0 0 0 16 0 0 2 25288 0 0 0 322 0 0 10006 0 0 0 198 20 59 0 0 1400 0 0 16768 73490 75 0 540 0 86 92 3 11323 0 0 17590 0 0 0 0 54 0 
303 16 13416 178 875 5 0 0 54 0 0 0 45208 0 198 0 0 0 0 0 0 5600 51 2 0 6704 0 0 0 0 0 0 7263 12315 44943 0 1136 153 7 0 25344 5398 0 0 366 0 3 7 0 0 
1911 0 0 0 408 5 16 54 0 2438 0 0 1554 10 58 6122 33 9937 0 0 0 10153 0 1 6015 460 1206 0 1 0 10 265 22 829 0 0 1374 0 0 0 7 0 0 474 0 32 11 0 0 4907 
397 0 0 885 7 68523 0 0 2438 0 0 0 1469 1063 4070 0 0 49 39611 7822 2145 6 28866 0 0 17 0 0 0 6 541 73592 0 0 1 5 0 0 0 0 0 1 0 0 0 0 0 0 19263 864 
0 0 0 0 0 249 0 0 0 0 0 0 94888 3233 0 0 30554 1 18 0 0 0 0 2 0 0 0 0 29 5909 0 0 1 8359 24296 0 1 2 0 3 0 0 90 936 0 0 679 0 0 0 
8 178 0 8 0 4015 2 0 0 0 0 0 42175 1135 0 0 0 0 1 0 46 512 0 351 60944 0 0 6858 184 0 1273 0 0 1 0 0 0 4 0 0 769 1 0 25588 0 23279 62111 0 0 0 
0 4079 0 0 35 40 25288 45208 1554 1469 94888 42175 0 0 0 256 187 470 22301 0 0 0 0 0 0 0 0 22 1 0 1 10 1829 12194 0 0 0 0 0 92 0 107 5804 55 649 645 0 0 0 1349 
0 2 0 22821 11 0 0 0 10 1063 3233 1135 0 0 579 775 5175 4951 21 41753 77149 3 1 0 0 0 8289 6 0 2533 712 0 414 0 65 22195 5 0 0 15 5740 34565 0 0 0 1 24229 356 67 33 
9623 51 0 0 19 0 0 198 58 4070 0 0 0 579 0 51110 68950 0 36788 3842 0 0 1 9 0 112 4628 0 980 0 68833 2 95 16 46922 0 0 18795 0 0 0 53400 0 0 1337 0 25 8212 0 7817 
0 2444 0 0 0 0 0 0 6122 0 0 0 256 775 51110 0 0 11720 37 51244 0 598 1484 2818 0 83 1628 0 0 0 17 4299 92956 2 0 0 16945 0 2768 71 21 318 759 0 844 1 5159 0 469 0 
68381 0 351 0 4464 0 322 0 33 0 30554 0 187 5175 68950 0 0 0 0 0 5193 0 0 71208 0 81 10211 0 0 0 0 35354 72990 3 54 37151 0 0 0 0 0 4 1027 0 10 0 4734 48 0 0 
1 2 0 4076 5367 63033 0 0 9937 49 1 0 470 4951 0 11720 0 0 519 98 0 6503 34515 0 0 5 0 0 17619 0 0 0 106 2 0 0 0 0 0 0 322 0 0 0 6293 114 1634 14 4103 48835 
0 0 16 0 26967 42 0 0 0 39611 18 1 22301 21 36788 37 0 519 0 1352 15463 0 0 1 0 0 37 4 0 2 0 0 0 0 61 0 1627 5 1 0 0 0 35258 3245 0 49 0 1632 12183 0 
0 6523 0 0 0 0 10006 0 0 7822 0 0 0 41753 3842 51244 0 98 1352 0 82 0 0 1191 0 0 10334 0 0 611 0 0 0 131 24 1 0 0 59661 1 0 739 6497 0 9 1 1990 1323 0 0 
34974 0 0 41 2 0 0 0 0 2145 0 46 0 77149 0 0 5193 0 15463 82 0 0 5 15453 0 10 19 0 0 0 37232 9 7 324 66832 19 43949 1 0 9606 9 0 1432 0 45495 0 121 10879 0 0 
65 76 0 7 0 2554 0 5600 10153 6 0 512 0 3 0 598 0 6503 0 0 0 0 0 0 0 7 0 370 445 0 0 0 4 0 1836 0 0 73601 17071 77 14660 29 1 0 0 1698 159 4 5276 0 
0 0 0 159 0 53 0 51 0 28866 0 0 0 1 1 1484 0 34515 0 0 5 0 0 0 0 0 17947 62 19606 0 3124 1121 17 17367 0 2 0 0 1 0 51 0 0 40168 37139 0 3 0 0 520 
0 42 8 0 0 1 198 2 1 0 2 351 0 0 9 2818 71208 0 1 1191 15453 0 0 0 3743 1 3399 0 37342 0 0 9 0 15957 0 17 1 0 0 0 229 0 14 0 1 0 0 9479 12 0 
0 241 23488 321 1001 6 20 0 6015 0 0 60944 0 0 0 0 0 0 0 0 0 0 0 3743 0 0 14 0 68156 215 35744 0 0 6797 0 184 0 0 21786 0 27596 0 0 0 10793 60347 52935 0 0 0 
0 41202 13 10 46 1589 59 6704 460 17 0 0 0 0 112 83 81 5 0 0 10 7 0 1 0 0 14 4 20 0 36890 5 0 0 0 0 0 146 842 28 62 0 0 0 43132 0 0 252 0 5413 
0 12 38 16848 2295 6786 0 0 1206 0 0 0 0 8289 4628 1628 10211 0 37 10334 19 0 17947 3399 14 14 0 0 0 8157 2240 1 31930 1 0 0 36 1 45 0 0 398 3518 0 364 37 0 1 0 75 
22 1 2409 19508 1 28 0 0 0 0 0 6858 22 6 0 0 0 0 4 0 0 370 62 0 0 4 0 0 1 0 0 448 0 2335 0 59 0 0 312 477 0 0 0 224 154 0 20327 0 0 0 
0 106 14762 1 0 49 1400 0 1 0 29 184 1 0 980 0 0 17619 0 0 0 445 19606 37342 68156 20 0 1 0 0 4460 0 784 0 0 0 15048 11304 146 5458 9 0 0 1 34686 0 0 0 0 1167 
1 0 0 0 0 0 0 0 0 6 5909 0 0 2533 0 0 0 0 2 611 0 0 0 0 215 0 8157 0 0 0 6726 4 0 0 3404 4 0 12809 0 294 480 0 25 206 2 13711 16105 2 11 20035 
6869 0 0 0 24775 438 0 0 10 541 0 1273 1 712 68833 17 0 0 0 0 37232 0 3124 0 35744 36890 2240 0 4460 6726 0 0 362 1 0 0 0 0 98527 0 0 2204 0 0 364 0 1722 0 0 0 
152 1926 0 0 0 0 16768 0 265 73592 0 0 10 0 2 4299 35354 0 0 0 9 0 1121 9 0 5 1 448 0 4 0 0 0 0 0 7 10107 0 501 14 0 2 0 43850 566 0 0 0 75461 2 
0 0 3784 97 0 3900 73490 7263 22 0 1 0 1829 414 95 92956 72990 106 0 0 7 4 17 0 0 0 31930 0 784 0 362 0 0 0 13664 0 0 0 3 0 546 1592 0 0 0 0 0 6 61065 31 
0 0 173 4771 0 0 75 12315 829 0 8359 1 12194 0 16 2 3 2 0 131 324 0 17367 15957 6797 0 1 2335 0 0 1 0 0 0 276 947 31 6897 576 0 0 138 2 47 840 53 135 35 0 0 
2 3624 0 3607 26 46 0 44943 0 1 24296 0 0 65 46922 0 54 0 61 24 66832 1836 0 0 0 0 0 0 0 3404 0 0 13664 276 0 2 0 30152 92 4270 0 0 923 0 7 389 0 4718 0 470 
0 8 0 0 0 0 540 0 0 5 0 0 0 22195 0 0 37151 0 0 1 19 0 2 17 184 0 0 59 0 4 0 7 0 947 2 0 0 0 0 0 1 0 4370 0 0 94 2 13 8 38666 
3 0 734 56 0 0 0 1136 1374 0 1 0 0 5 0 16945 0 0 1627 0 43949 0 0 1 0 0 36 0 15048 0 0 10107 0 31 0 0 0 184 0 0 0 4123 3083 0 293 3 0 19 1350 44 
80699 54 4037 0 0 0 86 153 0 0 2 4 0 0 18795 0 0 0 5 0 1 73601 0 0 0 146 1 0 11304 12809 0 0 0 6897 30152 0 184 0 62319 0 0 907 0 8 0 0 33525 184 79 419 
1973 298 8646 0 4 0 92 7 0 0 0 0 0 0 0 2768 0 0 1 59661 0 17071 1 0 21786 842 45 312 146 0 98527 501 3 576 92 0 0 62319 0 387 530 25451 0 1 4058 0 3 0 22884 19 
1573 0 0 2 19186 4037 3 0 0 0 3 0 92 15 0 71 0 0 0 1 9606 77 0 0 0 28 0 477 5458 294 0 14 0 0 4270 0 0 0 387 0 2703 0 0 0 0 151 82558 655 0 0 
1286 0 0 4 0 0 11323 25344 7 0 0 769 0 5740 0 21 0 322 0 0 9 14660 51 229 27596 62 0 0 9 480 0 0 546 0 0 1 0 0 530 2703 0 17045 0 482 15994 0 144 8457 4572 25 
0 0 36 0 0 2140 0 5398 0 1 0 1 107 34565 53400 318 4 0 0 739 0 29 0 0 0 0 398 0 0 0 2204 2 1592 138 0 0 4123 907 25451 0 17045 0 0 41 0 0 149 31 6 0 
0 0 0 0 0 4 0 0 0 0 90 0 5804 0 0 759 1027 0 35258 6497 1432 1 0 14 0 0 3518 0 0 25 0 0 0 2 923 4370 3083 0 0 0 0 0 0 0 3936 10539 39 129 403 0 
50 16462 0 0 54 14 17590 0 474 0 936 25588 55 0 0 0 0 0 3245 0 0 0 40168 0 0 0 0 224 1 206 0 43850 0 47 0 0 0 8 1 0 482 41 0 0 0 0 134 0 449 0 
36 0 1 19556 1815 0 0 366 0 0 0 0 649 0 1337 844 10 6293 0 9 45495 0 37139 1 10793 43132 364 154 34686 2 364 566 0 840 7 0 293 0 4058 0 15994 0 3936 0 0 4 187 1173 5768 0 
38 1 0 7 0 0 0 0 32 0 0 23279 645 1 0 1 0 114 49 1 0 1698 0 0 60347 0 37 0 0 13711 0 0 0 53 389 94 3 0 0 151 0 0 10539 0 4 0 844 0 5 0 
0 0 8 0 0 0 0 3 11 0 679 62111 0 24229 25 5159 4734 1634 0 1990 121 159 3 0 52935 0 0 20327 0 16105 1722 0 0 135 0 2 0 33525 3 82558 144 149 39 134 187 844 0 0 0 0 
25 0 0 0 60744 8 0 7 0 0 0 0 0 356 8212 0 48 14 1632 1323 10879 4 0 9479 0 252 1 0 0 2 0 0 6 35 4718 13 19 184 0 655 8457 31 129 0 1173 0 0 0 0 0 
3658 0 0 69617 424 0 54 0 0 19263 0 0 0 67 0 469 0 4103 12183 0 0 5276 0 12 0 0 0 0 0 11 0 75461 61065 0 0 8 1350 79 22884 0 4572 6 403 449 5768 5 0 0 0 0 
0 1 0 0 0 0 0 0 4907 864 0 0 1349 33 7817 0 0 48835 0 0 0 0 520 0 0 5413 75 0 1167 20035 0 2 31 0 470 38666 44 419 19 0 25 0 0 0 0 0 0 0 0 0 
0 1082 0 0 0 441 0 429 6469 1623 0 0 0 0 87495 0 21399 79 0 0 3809 1 0 0 0 0 0 31 5 21 17582 2 0 0 105 0 3472 2 31132 19 0 0 0 6 574 28123 0 6 354 0 
1082 0 89 88 29 0 2000 5 0 0 5 53 2938 7 1 244 0 0 0 1777 0 40 0 33 204 2990 190 0 56102 0 41 1814 0 0 3505 45 0 51 9 0 0 0 0 9704 0 1 0 0 0 0 
0 89 0 0 0 29 0 4785 0 1 0 0 0 0 0 0 3729 0 0 0 0 0 0 0 1431 29 414 14717 1719 0 0 0 13 47 0 0 1144 1695 6092 0 0 2 0 0 0 0 104 0 0 0 
0 88 0 0 95 8898 484 36197 0 86743 1 696 0 48723 0 0 0 419 0 0 4 4694 0 0 64002 36 4257 226 0 0 0 0 21 60517 9911 0 7490 0 0 0 0 0 0 0 1428 0 0 23 4411 0 
0 29 0 95 0 0 2 2181 2216 3 0 0 270 69 26 0 46310 23710 27427 0 2009 70 0 0 417 13 16 0 1 0 13308 0 0 0 563 0 0 0 10 91861 0 7 0 142 3848 0 0 2953 6167 0 
441 0 29 8898 0 0 0 222 1 15541 0 685 3 0 1 0 0 6159 125 0 0 33467 170 1 1 391 1934 5 37 1 55 0 1 1 16 0 0 0 0 33528 0 83 0 647 1 0 0 41 0 0 
0 2000 0 484 2 0 0 0 137 0 2 312 45022 0 0 0 3748 0 0 721 0 0 0 45799 8 0 0 0 293 0 0 17583 78553 1 0 5304 0 0 53173 1 29 0 4 91333 318 4 0 0 225 0 
429 5 4785 36197 2181 222 0 0 8 0 7 0 5083 0 66 0 0 0 2 0 0 5779 375 1920 0 133 0 0 0 0 17 0 28029 39542 1049 0 247 23551 7 0 25 400 0 0 46187 0 13755 0 0 0 
6469 0 0 0 2216 1 137 8 0 11498 0 0 12 6476 8 394 2 208 64 0 0 76490 0 0 10024 163 728 0 2 2 80 79 102 380 319 0 22422 0 0 0 0 0 0 43062 0 10 0 0 0 54858 
1623 0 1 86743 3 15541 0 0 11498 0 10 0 7806 3061 77 2 0 1024 3538 398 6612 865 30007 0 0 439 0 0 0 4013 4941 137 0 0 0 9 0 0 0 0 0 1 0 0 0 0 0 0 32148 18094 
0 5 0 1 0 0 2 7 0 10 0 0 447 32535 0 0 5172 0 17 0 0 0 0 19 0 0 0 0 615 27000 0 0 0 11816 3807 0 0 28 0 0 0 0 4983 134 0 0 14 0 0 0 
0 53 0 696 0 685 312 0 0 0 0 0 6224 29 0 0 0 0 0 0 0 565 1 856 12247 0 0 19029 190 0 45602 0 0 0 0 0 6 0 0 0 0 0 0 2415 0 68622 3324 0 0 0 
0 2938 0 0 270 3 45022 5083 12 7806 447 6224 0 0 0 0 81 1456 37044 0 0 0 0 0 0 0 2 4 0 0 0 0 16441 966 0 0 0 0 0 675 0 50 17327 330 78 327 0 0 0 314 
0 7 0 48723 69 0 0 0 6476 3061 32535 29 0 0 2602 7 20695 1494 32 34323 82254 27 0 0 0 0 8948 0 0 6749 24 199 51 0 1 207 19 0 0 10 1432 52128 0 0 0 0 680 1 42 0 
87495 1 0 0 26 1 0 66 8 77 0 0 0 2602 0 1841 68072 0 80648 2104 0 0 0 0 0 1 592 0 15383 0 13946 50 65234 10 98272 0 0 56 0 0 0 118 0 0 10884 0 0 3 0 394 
0 244 0 0 0 0 0 0 394 2 0 0 0 7 1841 0 0 21339 3195 16604 0 251 25 75 0 11 209 0 28 0 2 37 588 0 0 1 9849 0 394 2164 16527 549 785 0 0 22 418 0 80 0 
21399 0 3729 0 46310 0 3748 0 2 0 5172 0 81 20695 68072 0 0 0 0 0 1 0 0 11738 1 64 12166 1 0 1 0 23444 7059 5267 209 20958 0 0 0 0 0 0 77874 0 0 0 14 264 93 0 
79 0 0 419 23710 6159 0 0 208 1024 0 0 1456 1494 0 21339 0 0 68150 2748 0 169 8337 0 0 2557 0 0 26984 0 0 0 59 0 0 0 0 0 0 0 11 0 0 0 1695 1566 3341 179 7150 11084 
0 0 0 0 27427 125 0 2 64 3538 17 0 37044 32 80648 3195 0 68150 0 167 29956 0 0 1 0 1 10 1 0 14 0 0 0 0 3061 0 9002 44 274 0 0 0 8 2265 0 2502 0 53 98182 0 
0 1777 0 0 0 0 721 0 0 398 0 0 0 34323 2104 16604 0 2748 167 0 15 0 0 141 0 0 39 0 0 76160 0 0 0 26592 5 23 0 0 263 9 0 845 16241 0 1 39 6 372 0 11 
3809 0 0 4 2009 0 0 0 0 6612 0 0 0 82254 0 0 1 0 29956 15 0 0 34 1103 29 1 0 0 0 0 28160 113 0 0 25421 229 371 136 0 97 10 0 17871 0 23125 0 48982 19976 8 0 
1 40 0 4694 70 33467 0 5779 76490 865 0 565 0 27 0 251 0 169 0 0 0 0 0 0 0 24 0 7429 230 0 0 0 0 0 3436 0 0 2273 27160 31886 20813 1072 0 0 0 101 32 0 74381 0 
0 0 0 0 0 170 0 375 0 30007 0 1 0 0 0 25 0 8337 0 0 34 0 0 0 49 35 19024 5 9795 0 2438 15 3 4237 0 23 0 0 0 14 772 0 0 4259 566 0 41 0 0 372 
0 33 0 0 0 1 45799 1920 0 0 19 856 0 0 0 75 11738 0 1 141 1103 0 0 0 24 671 46627 0 627 1 0 0 0 472 0 0 17 0 0 0 43358 0 19 0 12 0 0 761 564 0 
0 204 1431 64002 417 1 8 0 10024 0 0 12247 0 0 0 0 1 0 0 0 29 0 49 24 0 0 3489 0 7149 17 295 0 0 9238 18 1351 0 0 66391 0 99 0 0 0 128 3287 2875 0 0 0 
0 2990 29 36 13 391 0 133 163 439 0 0 0 0 1 11 64 2557 1 0 1 24 35 671 0 0 0 219 0 0 125 2 0 0 0 0 0 92235 96 40 8 0 0 1 2366 0 0 614 0 41 
0 190 414 4257 16 1934 0 0 728 0 0 0 2 8948 592 209 12166 0 10 39 0 0 19024 46627 3489 0 0 0 0 331 1239 0 87267 0 543 0 11 1 1204 0 2 5 120 5 82 0 0 12 0 0 
31 0 14717 226 0 5 0 0 0 0 0 19029 4 0 0 0 1 0 1 0 0 7429 5 0 0 219 0 0 110 0 0 33091 0 3473 0 0 0 0 53 4204 0 0 0 6765 32 0 3677 0 0 0 
5 56102 1719 0 1 37 293 0 2 0 615 190 0 0 15383 28 0 26984 0 0 0 230 9795 627 7149 0 0 110 0 0 437 20 460 0 0 0 259 31950 692 107 136 0 5 10 41 0 0 0 0 399 
21 0 0 0 0 1 0 0 2 4013 27000 0 0 6749 0 0 1 0 14 76160 0 0 0 1 17 0 331 0 0 0 8974 0 0 0 526 0 0 49655 0 15355 239 0 0 496 5 4784 51814 0 43 74396 
17582 41 0 0 13308 55 0 17 80 4941 0 45602 0 24 13946 2 0 0 0 0 28160 0 2438 0 295 125 1239 0 437 8974 0 0 6948 0 0 0 0 0 555 0 0 22 0 0 86 0 719 0 2 0 
2 1814 0 0 0 0 17583 0 79 137 0 0 0 199 50 37 23444 0 0 0 113 0 15 0 0 2 0 33091 20 0 0 0 0 0 0 325 26826 0 28 0 0 161 14 61 562 0 4 0 8704 98 
0 0 13 21 0 1 78553 28029 102 0 0 0 16441 51 65234 588 7059 59 0 0 0 0 3 0 0 0 87267 0 460 0 6948 0 0 0 29951 0 0 0 6 0 4 6423 0 0 0 0 15 0 1034 81 
0 0 47 60517 0 1 1 39542 380 0 11816 0 966 0 10 0 5267 0 0 26592 0 0 4237 472 9238 0 0 3473 0 0 0 0 0 0 47892 98 19 11685 16 0 4 14688 373 28629 26344 328 0 56 0 0 
105 3505 0 9911 563 16 0 1049 319 0 3807 0 0 1 98272 0 209 0 3061 5 25421 3436 0 0 18 0 543 0 0 526 0 0 29951 47892 0 0 0 386 20 66964 0 0 19723 0 4718 1 0 427 31 6522 
0 45 0 0 0 0 5304 0 0 9 0 0 0 207 0 1 20958 0 0 23 229 0 23 0 1351 0 0 0 0 0 0 325 0 98 0 0 7 0 0 0 1 0 7356 0 0 44 0 6317 2 63870 
3472 0 1144 7490 0 0 0 247 22422 0 0 6 0 19 0 9849 0 0 9002 0 371 0 0 17 0 0 11 0 259 0 0 26826 0 19 0 7 0 8291 0 0 0 291 328 0 46 0 0 0 618 1202 
2 51 1695 0 0 0 0 23551 0 0 28 0 0 0 56 0 0 0 44 0 136 2273 0 0 0 92235 1 0 31950 49655 0 0 0 11685 386 0 8291 0 17473 0 0 2486 0 0 0 0 66143 186 0 472 
31132 9 6092 0 10 0 53173 7 0 0 0 0 0 0 0 394 0 0 274 263 0 27160 0 0 66391 96 1204 53 692 0 555 28 6 16 20 0 0 17473 0 1034 417 1066 0 611 193 0 0 0 3732 10 
19 0 0 0 91861 33528 1 0 0 0 0 0 675 10 0 2164 0 0 0 9 97 31886 14 0 0 40 0 4204 107 15355 0 0 0 0 66964 0 0 0 1034 0 26 0 0 0 0 1477 164 152 0 0 
0 0 0 0 0 0 29 25 0 0 0 0 0 1432 0 16527 0 11 0 0 10 20813 772 43358 99 8 2 0 136 239 0 0 4 4 0 1 0 0 417 26 0 3176 25 8614 2872 0 5147 1076 5367 0 
0 0 2 0 7 83 0 400 0 1 0 0 50 52128 118 549 0 0 0 845 0 1072 0 0 0 0 5 0 0 0 22 161 6423 14688 0 0 291 2486 1066 0 3176 0 0 71 0 0 267 6 0 0 
0 0 0 0 0 0 4 0 0 0 4983 0 17327 0 0 785 77874 0 8 16241 17871 0 0 19 0 0 120 0 5 0 0 14 0 373 19723 7356 328 0 0 0 25 0 0 0 21960 427 66 70 0 0 
6 9704 0 0 142 647 91333 0 43062 0 134 2415 330 0 0 0 0 0 2265 0 0 0 4259 0 0 1 5 6765 10 496 0 61 0 28629 0 0 0 0 611 0 8614 71 0 0 0 0 24 0 3364 0 
574 0 0 1428 3848 1 318 46187 0 0 0 0 78 0 10884 0 0 1695 0 1 23125 0 566 12 128 2366 82 32 41 5 86 562 0 26344 4718 0 46 0 193 0 2872 0 21960 0 0 0 532 89225 13118 0 
28123 1 0 0 0 0 4 0 10 0 0 68622 327 0 0 22 0 1566 2502 39 0 101 0 0 3287 0 0 0 0 4784 0 0 0 328 1 44 0 0 0 1477 0 0 427 0 0 0 1793 3 3 0 
0 0 104 0 0 0 0 13755 0 0 14 3324 0 680 0 418 14 3341 0 6 48982 32 41 0 2875 0 0 3677 0 51814 719 4 15 0 0 0 0 66143 0 164 5147 267 66 24 532 1793 0 0 0 0 
6 0 0 23 2953 41 0 0 0 0 0 0 0 1 3 0 264 179 53 372 19976 0 0 761 0 614 12 0 0 0 0 0 0 56 427 6317 0 186 0 152 1076 6 70 0 89225 3 0 0 0 0 
354 0 0 4411 6167 0 225 0 0 32148 0 0 0 42 0 80 93 7150 98182 0 8 74381 0 564 0 0 0 0 0 43 2 8704 1034 0 31 2 618 0 3732 0 5367 0 0 3364 13118 3 0 0 0 0 
0 0 0 0 0 0 0 0 54858 18094 0 0 314 0 394 0 0 11084 0 11 0 0 372 0 0 41 0 0 399 74396 0 98 81 0 6522 63870 1202 472 10 0 0 0 0 0 0 0 0 0 0 0 
