30 3
0 59 64 103 62 95 95 48 90 88 90 112 64 139 74 53 26 148 87 89 78 107 103 6 100 177 116 85 94 32 
59 0 70 49 40 62 36 46 31 30 43 69 27 80 26 37 59 91 39 30 28 48 85 53 62 119 57 26 35 49 
64 70 0 118 33 51 89 98 88 95 64 73 48 126 97 33 87 124 64 86 63 108 150 62 58 154 114 86 89 33 
103 49 118 0 85 94 38 68 34 23 68 88 69 56 28 85 93 77 65 36 58 23 68 97 90 97 30 33 37 98 
62 40 33 85 0 33 56 78 55 62 34 51 15 94 66 8 77 96 33 53 30 75 125 57 38 126 81 53 55 32 
95 62 51 94 33 0 57 107 59 71 25 22 37 82 84 42 110 75 28 57 37 76 147 91 7 104 78 61 57 65 
95 36 89 38 56 57 0 77 6 17 31 50 41 44 39 58 95 55 29 6 25 20 100 89 52 83 25 11 1 78 
48 46 98 68 78 107 77 0 71 63 90 115 69 117 41 71 27 133 86 71 75 81 55 45 108 159 90 66 76 65 
90 31 88 34 55 59 6 71 0 12 34 55 39 49 33 57 89 61 31 2 25 20 94 84 56 89 27 5 5 75 
88 30 95 23 62 71 17 63 12 0 46 67 46 53 23 63 84 69 43 14 35 19 82 82 68 95 28 10 16 78 
90 43 64 68 34 25 31 90 34 46 0 25 25 61 61 41 99 61 3 32 15 51 124 84 22 92 53 36 32 65 
112 69 73 88 51 22 50 115 55 67 25 0 49 63 86 60 123 54 29 53 40 67 148 107 15 82 66 58 51 84 
64 27 48 69 15 37 41 69 39 46 25 49 0 81 52 17 74 86 23 37 16 60 112 58 38 116 66 37 40 40 
139 80 126 56 94 82 44 117 49 53 61 63 81 0 75 99 137 23 62 50 65 36 125 133 74 41 27 54 45 121 
74 26 97 28 66 84 39 41 33 23 61 86 52 75 0 64 65 92 58 34 47 39 62 69 83 117 49 28 38 73 
53 37 33 85 8 42 58 71 57 63 41 60 17 99 64 0 69 102 39 55 34 77 120 48 46 132 83 54 58 24 
26 59 87 93 77 110 95 27 89 84 99 123 74 137 65 69 0 150 95 88 85 103 79 26 113 178 112 83 93 54 
148 91 124 77 96 75 55 133 61 69 61 54 86 23 92 102 150 0 63 62 70 55 146 142 68 30 47 67 57 126 
87 39 64 65 33 28 29 86 31 43 3 29 23 62 58 39 95 63 0 29 11 49 121 81 25 93 52 33 29 63 
89 30 86 36 53 57 6 71 2 14 32 53 37 50 34 55 88 62 29 0 23 22 95 83 54 89 29 5 5 73 
78 28 63 58 30 37 25 75 25 35 15 40 16 65 47 34 85 70 11 23 0 45 110 72 35 100 50 25 25 56 
107 48 108 23 75 76 20 81 20 19 51 67 60 36 39 77 103 55 49 22 45 0 91 101 71 77 9 23 20 95 
103 85 150 68 125 147 100 55 94 82 124 148 112 125 62 120 79 146 121 95 110 91 0 100 146 164 99 90 98 119 
6 53 62 97 57 91 89 45 84 82 84 107 58 133 69 48 26 142 81 83 72 101 100 0 95 171 110 79 88 29 
100 62 58 90 38 7 52 108 56 68 22 15 38 74 83 46 113 68 25 54 35 71 146 95 0 97 72 58 53 70 
177 119 154 97 126 104 83 159 89 95 92 82 116 41 117 132 178 30 93 89 100 77 164 171 97 0 68 94 84 156 
116 57 114 30 81 78 25 90 27 28 53 66 66 27 49 83 112 47 52 29 50 9 99 110 72 68 0 31 25 102 
85 26 86 33 53 61 11 66 5 10 36 58 37 54 28 54 83 67 33 5 25 23 90 79 58 94 31 0 10 72 
94 35 89 37 55 57 1 76 5 16 32 51 40 45 38 58 93 57 29 5 25 20 98 88 53 84 25 10 0 78 
32 49 33 98 32 65 78 65 75 78 65 84 40 121 73 24 54 126 63 73 56 95 119 29 70 156 102 72 78 0 
0 405 0 39002 492 243 39671 0 145 2 53 200 0 0 7 0 0 0 1724 4488 49 154 2816 8085 61166 0 47 984 27 0 
405 0 0 0 9622 43 0 0 0 0 0 751 0 0 53 0 0 0 86416 35448 123 9 238 1 0 0 180 14006 0 0 
0 0 0 0 2 6299 1828 0 7 1 0 89558 140 986 1073 0 0 0 0 396 35 0 0 0 0 32 1975 273 0 0 
39002 0 0 0 0 147 84 0 0 0 0 333 118 0 0 32547 0 0 3009 17020 0 10 26286 1148 882 7 0 0 6071 0 
492 9622 2 0 0 1 8 0 0 0 948 0 1 0 1 0 0 3 0 92858 0 0 0 1819 0 278 0 4 0 0 
243 43 6299 147 1 0 11983 0 39580 6687 0 17 77 209 2460 0 2 10 6 0 8 714 249 79030 15796 0 28494 0 499 6198 
39671 0 1828 84 8 11983 0 2 13 0 125 0 0 15 0 6 615 157 9797 0 87019 52222 5485 14 0 0 2 39340 0 0 
0 0 0 0 0 0 2 0 917 2522 0 1 6 0 76 19 142 33 39896 35 14840 0 0 0 0 0 15 1 0 13099 
145 0 7 0 0 39580 13 917 0 0 0 0 1981 10678 445 0 0 0 0 0 624 60 669 0 5669 0 14622 0 0 0 
2 0 1 0 0 6687 0 2522 0 0 21 0 0 0 0 0 1 2499 0 0 52 0 0 0 713 0 37 0 0 0 
53 0 0 0 948 0 125 0 0 21 0 23094 308 0 2 0 65 104 0 322 16 1500 0 0 0 24128 95172 0 966 0 
200 751 89558 333 0 17 0 1 0 0 23094 0 4602 3 0 112 0 42922 446 121 0 5254 46548 79 3 10 0 0 6606 0 
0 0 140 118 1 77 0 6 1981 0 308 4602 0 149 23828 0 0 4204 2380 0 0 0 11 0 0 938 0 12 1 0 
0 0 986 0 0 209 15 0 10678 0 0 3 149 0 0 0 0 0 0 1299 0 1227 0 0 0 10 0 42 19 554 
7 53 1073 0 1 2460 0 76 445 0 2 0 23828 0 0 506 19114 42 53713 582 0 116 0 0 2 0 0 19269 995 18 
0 0 0 32547 0 0 6 19 0 0 0 112 0 0 506 0 3481 0 0 832 16 14310 0 0 0 21793 101 0 0 0 
0 0 0 0 0 2 615 142 0 1 65 0 0 0 19114 3481 0 72012 0 8 0 43 0 0 0 2579 0 0 0 0 
0 0 0 0 3 10 157 33 0 2499 104 42922 4204 0 42 0 72012 0 0 38923 7508 9 25 0 0 17902 2 0 22276 30 
1724 86416 0 3009 0 6 9797 39896 0 0 0 446 2380 0 53713 0 0 0 0 7779 0 0 3 663 0 0 0 0 0 67961 
4488 35448 396 17020 92858 0 0 35 0 0 322 121 0 1299 582 832 8 38923 7779 0 18 321 243 0 1 44 0 0 0 1 
49 123 35 0 0 8 87019 14840 624 52 16 0 0 0 0 16 0 7508 0 18 0 4 52 34880 0 0 3 0 2 1 
154 9 0 10 0 714 52222 0 60 0 1500 5254 0 1227 116 14310 43 9 0 321 4 0 14 7017 59272 0 1224 2962 1170 12 
2816 238 0 26286 0 249 5485 0 669 0 0 46548 11 0 0 0 0 25 3 243 52 14 0 47 0 74665 0 0 606 0 
8085 1 0 1148 1819 79030 14 0 0 0 0 79 0 0 0 0 0 0 663 0 34880 7017 47 0 5836 0 188 0 55552 124 
61166 0 0 882 0 15796 0 0 5669 713 0 3 0 0 2 0 0 0 0 1 0 59272 0 5836 0 19740 37247 1 9280 0 
0 0 32 7 278 0 0 0 0 0 24128 10 938 10 0 21793 2579 17902 0 44 0 0 74665 0 19740 0 1568 2797 0 0 
47 180 1975 0 0 28494 2 15 14622 37 95172 0 0 0 0 101 0 2 0 0 3 1224 0 188 37247 1568 0 26228 0 62 
984 14006 273 0 4 0 39340 1 0 0 0 0 12 42 19269 0 0 0 0 0 0 2962 0 0 1 2797 26228 0 0 1 
27 0 0 6071 0 499 0 0 0 0 966 6606 1 19 995 0 0 22276 0 0 2 1170 606 55552 9280 0 0 0 0 7 
0 0 0 0 0 6198 0 13099 0 0 0 0 0 554 18 0 0 30 67961 1 1 12 0 124 0 0 62 1 7 0 
0 0 34 0 0 0 0 62126 0 0 0 0 2097 3 0 20 1 4476 0 0 0 0 0 0 0 61 0 0 0 23 
0 0 1772 5 0 0 31 1205 11 220 1964 0 9225 418 0 2 5925 56 0 0 0 0 0 0 42958 2355 0 0 723 42166 
34 1772 0 485 0 0 0 418 0 0 29185 0 0 0 0 87 248 4264 2 0 0 179 67076 8 5 0 0 0 37908 5541 
0 5 485 0 13 0 0 10 577 61564 7 0 0 81492 18 0 2675 7 0 0 62 0 0 0 0 0 7189 43401 0 1 
0 0 0 13 0 0 0 7498 3 1012 0 777 0 1106 0 7410 32694 0 314 0 5258 36167 220 0 112 0 19303 0 116 4 
0 0 0 0 0 0 0 211 0 0 2 0 0 0 0 987 0 0 0 12 0 0 0 0 0 235 0 8 0 0 
0 31 0 0 0 0 0 0 0 28 0 27 76 0 1662 0 0 0 0 24 0 0 0 0 18264 9 0 0 47687 115 
62126 1205 418 10 7498 211 0 0 0 0 15 0 0 1 0 0 0 0 0 0 0 7072 427 170 19 127 0 0 247 0 
0 11 0 577 3 0 0 0 0 10409 6626 2006 0 0 0 26599 47487 4 9 632 0 0 0 1109 0 2 0 17146 1 4 
0 220 0 61564 1012 0 28 0 10409 0 0 326 587 87 1 41672 0 0 16 39331 0 36069 25 11 0 8 0 18924 55560 40342 
0 1964 29185 7 0 2 0 15 6626 0 0 0 0 9 0 1618 0 0 697 0 0 0 6 11 25 0 0 607 0 704 
0 0 0 0 777 0 27 0 2006 326 0 0 0 0 1298 0 5916 0 0 0 1599 0 0 0 0 0 99135 1 0 45132 
2097 9225 0 0 0 0 76 0 0 587 0 0 0 0 0 6370 19 0 0 550 36233 23 0 5896 7 0 12495 0 0 621 
3 418 0 81492 1106 0 0 1 0 87 9 0 0 0 40 4 56892 2985 72 0 9 0 106 23808 1990 0 1 0 0 0 
0 0 0 18 0 0 1662 0 0 1 0 1298 0 40 0 0 0 0 0 0 3729 0 56069 1859 0 8 165 0 0 0 
20 2 87 0 7410 987 0 0 26599 41672 1618 0 6370 4 0 0 0 85864 13360 0 0 0 16 2825 11 0 0 480 56186 4758 
1 5925 248 2675 32694 0 0 0 47487 0 0 5916 19 56892 0 0 0 0 1 0 52 0 28 19 17750 0 5 860 30 49534 
4476 56 4264 7 0 0 0 0 4 0 0 0 0 2985 0 85864 0 0 9 0 0 0 0 1137 5 0 0 10225 0 0 
0 0 2 0 314 0 0 0 9 16 697 0 0 72 0 13360 1 9 0 0 23 109 0 0 5 6235 76 4 9271 0 
0 0 0 0 0 12 24 0 632 39331 0 0 550 0 0 0 0 0 0 0 0 0 0 256 0 0 1 8 58113 0 
0 0 0 62 5258 0 0 0 0 0 0 1599 36233 9 3729 0 52 0 23 0 0 0 0 0 171 24 0 3 0 0 
0 0 179 0 36167 0 0 7072 0 36069 0 0 23 0 0 0 0 0 109 0 0 0 0 0 0 223 0 0 0 0 
0 0 67076 0 220 0 0 427 0 25 6 0 0 106 56069 16 28 0 0 0 0 0 0 0 18997 0 27 1693 0 2 
0 0 8 0 0 0 0 170 1109 11 11 0 5896 23808 1859 2825 19 1137 0 256 0 0 0 0 0 416 0 117 0 0 
0 42958 5 0 112 0 18264 19 0 0 25 0 7 1990 0 11 17750 5 5 0 171 0 18997 0 0 0 0 0 0 2918 
61 2355 0 0 0 235 9 127 2 8 0 0 0 0 8 0 0 0 6235 0 24 223 0 416 0 0 0 0 25488 50259 
0 0 0 7189 19303 0 0 0 0 0 0 99135 12495 1 165 0 5 0 76 1 0 0 27 0 0 0 0 0 67 0 
0 0 0 43401 0 8 0 0 17146 18924 607 1 0 0 0 480 860 10225 4 8 3 0 1693 117 0 0 0 0 354 0 
0 723 37908 0 116 0 47687 247 1 55560 0 0 0 0 0 56186 30 0 9271 58113 0 0 0 0 0 25488 67 354 0 0 
23 42166 5541 1 4 0 115 0 4 40342 704 45132 621 0 0 4758 49534 0 0 0 0 0 2 0 2918 50259 0 0 0 0 
0 0 794 0 0 0 0 72 0 0 0 0 69094 12626 0 49 624 1 0 0 0 0 0 0 0 31864 0 0 0 92 
0 0 2 687 0 0 20 27202 46258 13825 4226 0 12324 1 0 13749 1230 2 0 0 0 0 0 0 120 57 0 0 47 192 
794 2 0 434 0 0 0 12473 0 0 32 0 0 0 0 53906 4 34309 20294 0 0 6 3138 2248 7 0 0 0 74 39130 
0 687 434 0 12052 0 0 3483 1 11673 3646 0 0 14422 51 0 890 11957 0 0 84 0 0 0 0 0 37 29798 0 1864 
0 0 0 12052 0 0 0 849 418 61 0 6098 0 302 0 2504 11940 0 122 0 11 78670 2125 0 114 0 2 0 331 17 
0 0 0 0 0 0 0 2044 0 0 46167 0 0 0 0 2 0 0 0 35 0 0 0 0 0 11750 0 82 0 0 
0 20 0 0 0 0 0 0 0 1946 0 268 64 0 17299 0 0 0 0 42 0 0 0 0 16813 16 0 0 10205 12729 
72 27202 12473 3483 849 2044 0 0 0 0 1050 0 0 6942 0 0 0 0 0 0 0 2 2578 14120 1907 17947 0 0 9 0 
0 46258 0 1 418 0 0 0 0 1590 63 7 0 0 0 521 9883 1336 243 62130 0 0 0 83229 0 268 0 8 222 823 
0 13825 0 11673 61 0 1946 0 1590 0 0 102 4 1 10693 30 0 0 180 6 0 285 103 20 0 1 0 6 15126 277 
0 4226 32 3646 0 46167 0 1050 63 0 0 0 0 4762 0 8255 0 0 9539 0 0 0 8763 2 7377 0 0 85603 0 1550 
0 0 0 0 6098 0 268 0 7 102 0 0 0 0 119 0 13 0 0 0 57035 0 0 0 0 0 10647 141 0 6 
69094 12324 0 0 0 0 64 0 0 4 0 0 0 0 0 1032 37 0 0 195 661 1 0 11741 9214 0 78 0 0 19867 
12626 1 0 14422 302 0 0 6942 0 1 4762 0 0 0 1 20 4805 1855 15190 0 26228 0 92686 86797 1 0 31430 0 0 0 
0 0 0 51 0 0 17299 0 0 10693 0 119 0 1 0 0 0 0 0 0 389 0 7 222 0 13 161 0 0 0 
49 13749 53906 0 2504 2 0 0 521 30 8255 0 1032 20 0 0 0 2763 81989 0 0 0 1833 58853 10 0 0 49773 135 2456 
624 1230 4 890 11940 0 0 0 9883 0 0 13 37 4805 0 0 0 0 8240 0 894 0 1 1590 15203 0 109 49 33810 2 
1 2 34309 11957 0 0 0 0 1336 0 0 0 0 1855 0 2763 0 0 32 0 0 0 0 389 3 0 0 230 0 0 
0 0 20294 0 122 0 0 0 243 180 9539 0 0 15190 0 81989 8240 32 0 0 315 2 0 0 38976 27 4 132 31 0 
0 0 0 0 0 35 42 0 62130 6 0 0 195 0 0 0 0 0 0 0 0 0 0 47295 0 0 30689 258 42 0 
0 0 0 84 11 0 0 0 0 0 0 57035 661 26228 389 0 894 0 315 0 0 0 0 0 1290 2451 0 20 0 0 
0 0 6 0 78670 0 0 2 0 285 0 0 1 0 0 0 0 0 2 0 0 0 0 0 0 3110 0 0 0 0 
0 0 3138 0 2125 0 0 2578 0 103 8763 0 0 92686 7 1833 1 0 0 0 0 0 0 0 26 0 18223 790 0 128 
0 0 2248 0 0 0 0 14120 83229 20 2 0 11741 86797 222 58853 1590 389 0 47295 0 0 0 0 0 114 0 12 0 0 
0 120 7 0 114 0 16813 1907 0 0 7377 0 9214 1 0 10 15203 3 38976 0 1290 0 26 0 0 0 0 0 0 4 
31864 57 0 0 0 11750 16 17947 268 1 0 0 0 0 13 0 0 0 27 0 2451 3110 0 114 0 0 0 0 1535 20 
0 0 0 37 2 0 0 0 0 0 0 10647 78 31430 161 0 109 0 4 30689 0 0 18223 0 0 0 0 0 21094 0 
0 0 0 29798 0 82 0 0 8 6 85603 141 0 0 0 49773 49 230 132 258 20 0 790 12 0 0 0 0 840 0 
0 47 74 0 331 0 10205 9 222 15126 0 0 0 0 0 135 33810 0 31 42 0 0 0 0 0 1535 21094 840 0 0 
92 192 39130 1864 17 0 12729 0 823 277 1550 6 19867 0 0 2456 2 0 0 0 0 0 128 0 4 20 0 0 0 0 
