15 4
0 123 17 72 89 90 77 84 122 70 141 118 117 117 58 
123 0 116 51 121 48 96 115 59 63 25 47 40 16 64 
17 116 0 64 101 90 86 66 108 71 133 119 117 113 52 
72 51 64 0 97 39 71 77 62 33 69 64 60 49 13 
89 121 101 97 0 73 26 158 158 64 146 84 88 106 88 
90 48 90 39 73 0 47 116 91 20 73 28 27 34 42 
77 96 86 71 26 47 0 136 132 38 121 63 66 81 63 
84 115 66 77 158 116 136 0 73 105 118 141 136 120 76 
122 59 108 62 158 91 132 73 0 94 51 103 96 73 74 
70 63 71 33 64 20 38 105 94 0 87 48 47 52 29 
141 25 133 69 146 73 121 118 51 87 0 70 64 41 83 
118 47 119 64 84 28 63 141 103 48 70 0 6 30 70 
117 40 117 60 88 27 66 136 96 47 64 6 0 24 67 
117 16 113 49 106 34 81 120 73 52 41 30 24 0 60 
58 64 52 13 88 42 63 76 74 29 83 70 67 60 0 
0 183 44574 0 0 1 0 43683 56449 223 449 39006 8 7 42284 
183 0 0 0 65232 833 2 4011 0 57 390 387 1118 0 79999 
44574 0 0 10 490 0 0 9 0 0 87401 0 13580 0 204 
0 0 10 0 33 5 2120 0 10 11545 0 699 0 2 0 
0 65232 490 33 0 63334 0 726 0 0 2 28 2 0 0 
1 833 0 5 63334 0 0 0 1390 0 0 515 21 0 23 
0 2 0 2120 0 0 0 9 387 776 0 159 180 2 363 
43683 4011 9 0 726 0 9 0 0 15728 0 0 244 0 23110 
56449 0 0 10 0 1390 387 0 0 0 4 0 3 0 0 
223 57 0 11545 0 0 776 15728 0 0 0 15 1 4192 28 
449 390 87401 0 2 0 0 0 4 0 0 0 0 2 0 
39006 387 0 699 28 515 159 0 0 15 0 0 209 3732 7 
8 1118 13580 0 2 21 180 244 3 1 0 209 0 0 469 
7 0 0 2 0 0 2 0 0 4192 2 3732 0 0 0 
42284 79999 204 0 0 23 363 23110 0 28 0 7 469 0 0 
0 136 4015 0 0 6 0 1799 75246 15 19 11546 3 213 21665 
136 0 0 0 3667 640 49 6598 0 12 2993 105 326 0 91889 
4015 0 0 0 1726 0 0 55 0 0 26760 0 2975 0 163 
0 0 0 0 245 1 471 0 10 23179 0 83572 1 0 0 
0 3667 1726 245 0 1572 0 157 0 4 3 122 16 0 0 
6 640 0 1 1572 0 0 0 5918 0 0 15418 1 0 5 
0 49 0 471 0 0 0 6 20 71593 0 267 52 18 2 
1799 6598 55 0 157 0 6 0 0 99 0 0 115 0 5595 
75246 0 0 10 0 5918 20 0 0 0 3 0 0 0 0 
15 12 0 23179 4 0 71593 99 0 0 0 21 0 2453 0 
19 2993 26760 0 3 0 0 0 3 0 0 0 0 0 0 
11546 105 0 83572 122 15418 267 0 0 21 0 0 14 282 55 
3 326 2975 1 16 1 52 115 0 0 0 14 0 0 677 
213 0 0 0 0 0 18 0 0 2453 0 282 0 0 2 
21665 91889 163 0 0 5 2 5595 0 0 0 55 677 2 0 
0 2318 66784 0 0 44 0 2155 15071 2543 2457 93174 4 1 13231 
2318 0 0 0 31414 55264 1 17 0 231 577 2100 2280 0 1716 
66784 0 0 16 181 0 0 2 0 0 3355 0 1975 0 11 
0 0 16 0 349 0 2765 1 1161 6011 0 41 0 2 0 
0 31414 181 349 0 32044 0 89 0 5 0 51 0 0 0 
44 55264 0 0 32044 0 0 0 94 0 0 508 27 0 596 
0 1 0 2765 0 0 0 1 21 164 0 26 133 0 832 
2155 17 2 1 89 0 1 0 0 1727 1 0 2831 0 7589 
15071 0 0 1161 0 94 21 0 0 0 17 0 2 0 0 
2543 231 0 6011 5 0 164 1727 0 0 0 3 0 142 743 
2457 577 3355 0 0 0 0 1 17 0 0 0 0 144 0 
93174 2100 0 41 51 508 26 0 0 3 0 0 2049 302 12 
4 2280 1975 0 0 27 133 2831 2 0 0 2049 0 0 860 
1 0 0 2 0 0 0 0 0 142 144 302 0 0 0 
13231 1716 11 0 0 596 832 7589 0 743 0 12 860 0 0 
0 28 31205 0 0 1 0 549 11899 3 167 58557 436 7 10055 
28 0 0 0 9766 2285 1 780 0 11 4402 148 20895 0 6974 
31205 0 0 5 6388 0 0 0 0 0 12504 0 6934 0 194 
0 0 5 0 208 41 3766 48 0 86405 0 20 0 30 0 
0 9766 6388 208 0 1413 0 895 0 0 10 9 1 0 0 
1 2285 0 41 1413 0 0 0 191 0 0 1723 0 0 1 
0 1 0 3766 0 0 0 3 150 139 0 918 8 0 2065 
549 780 0 48 895 0 3 0 0 58997 2 0 47 0 17610 
11899 0 0 0 0 191 150 0 0 0 2 0 3 0 0 
3 11 0 86405 0 0 139 58997 0 0 0 439 0 5723 22 
167 4402 12504 0 10 0 0 2 2 0 0 0 0 4 0 
58557 148 0 20 9 1723 918 0 0 439 0 0 20 72 54 
436 20895 6934 0 1 0 8 47 3 0 0 20 0 0 646 
7 0 0 30 0 0 0 0 0 5723 4 72 0 0 0 
10055 6974 194 0 0 1 2065 17610 0 22 0 54 646 0 0 
