5 4
0 123 17 72 89 
123 0 116 51 121 
17 116 0 64 101 
72 51 64 0 97 
89 121 101 97 0 
0 0 0 0 92 
0 0 5431 0 0 
0 5431 0 1 0 
0 0 1 0 2296 
92 0 0 2296 0 
0 33 0 0 0 
33 0 0 2 0 
0 0 0 0 12 
0 2 0 0 8342 
0 0 12 8342 0 
0 154 0 35 9 
154 0 12798 2 0 
0 12798 0 0 29 
35 2 0 0 0 
9 0 29 0 0 
0 0 5881 208 82 
0 0 5817 2 0 
5881 5817 0 76 1 
208 2 76 0 66866 
82 0 1 66866 0 
