20 2
0 123 17 72 89 90 77 84 122 70 141 118 117 117 58 85 94 145 69 99 
123 0 116 51 121 48 96 115 59 63 25 47 40 16 64 39 31 87 58 23 
17 116 0 64 101 90 86 66 108 71 133 119 117 113 52 81 90 150 68 93 
72 51 64 0 97 39 71 77 62 33 69 64 60 49 13 21 29 104 24 28 
89 121 101 97 0 73 26 158 158 64 146 84 88 106 88 88 93 82 73 107 
90 48 90 39 73 0 47 116 91 20 73 28 27 34 42 20 20 64 22 35 
77 96 86 71 26 47 0 136 132 38 121 63 66 81 63 62 67 73 47 81 
84 115 66 77 158 116 136 0 73 105 118 141 136 120 76 98 104 181 98 96 
122 59 108 62 158 91 132 73 0 94 51 103 96 73 74 71 70 145 85 56 
70 63 71 33 64 20 38 105 94 0 87 48 47 52 29 25 32 79 8 44 
141 25 133 69 146 73 121 118 51 87 0 70 64 41 83 62 55 108 81 43 
118 47 119 64 84 28 63 141 103 48 70 0 6 30 70 43 37 42 50 48 
117 40 117 60 88 27 66 136 96 47 64 6 0 24 67 39 32 48 48 42 
117 16 113 49 106 34 81 120 73 52 41 30 24 0 60 31 22 72 48 24 
58 64 52 13 88 42 63 76 74 29 83 70 67 60 0 29 38 107 21 41 
85 39 81 21 88 20 62 98 71 25 62 43 39 31 29 0 9 83 18 19 
94 31 90 29 93 20 67 104 70 32 55 37 32 22 38 9 0 79 27 14 
145 87 150 104 82 64 73 181 145 79 108 42 48 72 107 83 79 0 85 91 
69 58 68 24 73 22 47 98 85 8 81 50 48 48 21 18 27 85 0 37 
99 23 93 28 107 35 81 96 56 44 43 48 42 24 41 19 14 91 37 0 
0 0 13 46 2308 0 0 0 0 0 0 30 3707 0 0 0 4234 202 27094 0 
0 0 0 203 188 0 24207 0 0 2091 0 4 131 38 89330 0 29 14 14 127 
13 0 0 0 0 40658 1 44924 0 0 0 99676 283 0 0 9 129 7166 0 16 
46 203 0 0 6 5964 0 0 0 4 0 0 0 0 0 0 0 0 0 0 
2308 188 0 6 0 0 0 0 34 0 3344 5711 0 0 0 7228 4490 0 0 0 
0 0 40658 5964 0 0 0 0 3102 1620 0 184 0 18 4 24647 0 70 99 5 
0 24207 1 0 0 0 0 0 41 1 0 0 5 0 53168 0 0 12 0 490 
0 0 44924 0 0 0 0 0 2527 90056 9 0 208 0 0 0 0 1188 95735 0 
0 0 0 0 34 3102 41 2527 0 0 0 4514 1264 0 0 3535 1329 0 3 0 
0 2091 0 4 0 1620 1 90056 0 0 0 1434 6 0 0 0 4 0 0 0 
0 0 0 0 3344 0 0 9 0 0 0 901 0 33390 4574 0 154 3133 0 0 
30 4 99676 0 5711 184 0 0 4514 1434 901 0 39732 0 12531 0 5680 0 0 0 
3707 131 283 0 0 0 5 208 1264 6 0 39732 0 1 3 37 6 0 1739 0 
0 38 0 0 0 18 0 0 0 0 33390 0 1 0 0 12323 15045 8 0 517 
0 89330 0 0 0 4 53168 0 0 0 4574 12531 3 0 0 7 1264 658 234 0 
0 0 9 0 7228 24647 0 0 3535 0 0 0 37 12323 7 0 12 119 0 95626 
4234 29 129 0 4490 0 0 0 1329 4 154 5680 6 15045 1264 12 0 0 0 41063 
202 14 7166 0 0 70 12 1188 0 0 3133 0 0 8 658 119 0 0 0 0 
27094 14 0 0 0 99 0 95735 3 0 0 0 1739 0 234 0 0 0 0 0 
0 127 16 0 0 5 490 0 0 0 0 0 0 517 0 95626 41063 0 0 0 
0 0 2 82 0 7 0 37201 216 0 15 0 15811 13358 60483 11375 0 0 0 128 
0 0 196 0 66866 10 1 0 105 23 0 0 0 0 2 0 34999 249 0 1 
2 196 0 0 0 3591 0 275 3 5704 0 0 0 60 2 23 24 0 714 0 
82 0 0 0 42 2 0 0 3 11 19449 0 0 5 0 0 0 95876 0 422 
0 66866 0 42 0 0 881 0 446 48 1 0 0 0 0 0 14123 135 0 1680 
7 10 3591 2 0 0 0 0 14227 39258 98 336 747 0 16 0 0 16999 0 25 
0 1 0 0 881 0 0 0 0 0 0 0 0 0 1489 3738 0 168 0 10 
37201 0 275 0 0 0 0 0 0 0 6 2404 12579 0 0 0 44124 0 21135 0 
216 105 3 3 446 14227 0 0 0 14520 4 194 26 0 0 484 0 5 53 10 
0 23 5704 11 48 39258 0 0 14520 0 0 4186 26878 4041 0 0 3 0 0 152 
15 0 0 19449 1 98 0 6 4 0 0 0 0 0 0 0 0 83835 4066 17 
0 0 0 0 0 336 0 2404 194 4186 0 0 0 997 0 58821 86789 0 0 2257 
15811 0 0 0 0 747 0 12579 26 26878 0 0 0 0 0 73968 5995 0 0 85 
13358 0 60 5 0 0 0 0 0 4041 0 997 0 0 0 113 0 0 0 0 
60483 2 2 0 0 16 1489 0 0 0 0 0 0 0 0 12210 0 0 335 0 
11375 0 23 0 0 0 3738 0 484 0 0 58821 73968 113 12210 0 1 0 0 0 
0 34999 24 0 14123 0 0 44124 0 3 0 86789 5995 0 0 1 0 0 17483 0 
0 249 0 95876 135 16999 168 0 5 0 83835 0 0 0 0 0 0 0 10 97 
0 0 714 0 0 0 0 21135 53 0 4066 0 0 0 335 0 17483 10 0 44 
128 1 0 422 1680 25 10 0 10 152 17 2257 85 0 0 0 0 97 44 0 
