40 2
0 46 118 40 96 98 46 64 2 33 36 47 55 9 108 78 35 54 61 95 45 105 61 79 70 72 108 28 39 45 38 87 44 18 35 31 32 15 62 109 
46 0 88 10 53 127 3 66 48 60 37 19 78 48 107 43 36 50 104 90 43 84 63 35 92 25 124 21 29 63 42 51 30 53 36 49 49 33 99 116 
118 88 0 85 53 137 85 71 120 144 83 106 102 125 70 117 84 138 148 59 75 25 72 92 105 80 111 92 78 92 82 118 118 110 84 135 94 113 133 90 
40 10 85 0 56 117 8 56 42 59 26 26 68 43 98 54 26 55 95 82 33 79 53 44 82 34 114 12 19 52 32 61 35 44 26 50 39 29 89 107 
96 53 53 56 0 154 51 82 98 112 71 66 108 100 106 67 71 96 146 90 69 65 81 42 118 33 138 68 62 93 74 66 78 97 71 102 86 85 136 122 
98 127 137 117 154 0 125 72 99 127 90 138 49 106 75 170 91 153 52 79 87 112 73 161 36 148 37 107 99 64 85 178 140 81 91 129 77 111 38 58 
46 3 85 8 51 125 0 63 48 61 34 22 76 49 104 46 34 53 103 87 40 81 60 36 90 26 122 20 27 60 40 53 33 52 34 51 48 34 98 113 
64 66 71 56 82 72 63 0 66 97 32 83 30 73 44 110 33 107 76 31 23 50 3 95 36 81 59 52 37 22 27 116 89 48 33 92 32 67 61 50 
2 48 120 42 98 99 48 66 0 32 38 48 56 7 110 78 37 54 61 97 47 107 63 81 71 74 110 30 42 47 41 88 44 19 37 30 34 16 62 110 
33 60 144 59 112 127 61 97 32 0 67 48 88 24 142 71 66 34 83 128 77 134 94 83 103 82 141 52 68 79 71 81 38 51 66 10 65 31 89 143 
36 37 83 26 71 90 34 32 38 67 0 51 41 44 77 80 1 75 74 61 10 68 29 70 55 58 88 20 9 26 5 88 57 27 1 61 15 36 66 82 
47 19 106 26 66 138 22 83 48 48 51 0 90 45 125 31 50 31 108 109 59 103 80 35 105 34 140 31 46 76 57 41 12 59 50 37 61 32 107 133 
55 78 102 68 108 49 76 30 56 88 41 90 0 63 62 121 41 107 46 54 39 80 29 112 15 99 53 58 50 15 36 129 93 36 41 86 28 65 31 57 
9 48 125 43 100 106 49 73 7 24 44 45 63 0 117 75 43 47 66 104 53 112 70 79 79 73 117 33 47 54 47 85 40 27 43 23 41 14 69 118 
108 107 70 98 106 75 104 44 110 142 77 125 62 117 0 149 78 152 105 17 67 45 48 131 55 116 42 96 80 64 72 155 133 92 78 137 76 112 87 20 
78 43 117 54 67 170 46 110 78 71 80 31 121 75 149 0 80 40 140 132 87 120 107 25 135 36 168 62 73 106 86 10 35 91 80 61 92 63 138 160 
35 36 84 26 71 91 34 33 37 66 1 50 41 43 78 80 0 74 74 62 11 69 30 70 55 58 89 19 9 26 6 87 56 27 0 60 15 35 66 83 
54 50 138 55 96 153 53 107 54 34 75 31 107 47 152 40 74 0 113 136 84 134 104 59 123 63 160 55 72 95 80 50 20 72 74 26 80 42 117 157 
61 104 148 95 146 52 103 76 61 83 74 108 46 66 105 140 74 113 0 100 77 126 75 139 50 129 81 83 83 56 71 149 106 51 74 87 59 76 18 94 
95 90 59 82 90 79 87 31 97 128 61 109 54 104 17 132 62 136 100 0 52 34 34 114 51 99 52 81 64 52 57 138 117 79 62 123 63 98 83 32 
45 43 75 33 69 87 40 23 47 77 10 59 39 53 67 87 11 84 77 52 0 59 20 74 51 61 81 29 13 24 7 94 66 35 11 71 19 46 67 74 
105 84 25 79 65 112 81 50 107 134 68 103 80 112 45 120 69 134 126 34 59 0 51 98 81 84 86 82 66 72 66 123 114 93 69 127 77 102 111 65 
61 63 72 53 81 73 60 3 63 94 29 80 29 70 48 107 30 104 75 34 20 51 0 93 37 79 61 49 34 20 24 114 86 45 30 89 29 64 61 53 
79 35 92 44 42 161 36 95 81 83 70 35 112 79 131 25 70 59 139 114 74 98 93 0 125 14 155 56 62 96 75 25 45 88 70 72 84 65 134 143 
70 92 105 82 118 36 90 36 71 103 55 105 15 79 55 135 55 123 50 51 51 81 37 125 0 112 38 73 63 29 50 143 108 52 55 102 44 80 32 45 
72 25 80 34 33 148 26 81 74 82 58 34 99 73 116 36 58 63 129 99 61 84 79 14 112 0 140 46 49 83 63 39 45 78 58 71 72 59 123 129 
108 124 111 114 138 37 122 59 110 141 88 140 53 117 42 168 89 160 81 52 81 86 61 155 38 140 0 108 95 65 82 175 144 90 89 140 80 118 64 22 
28 21 92 12 68 107 20 52 30 52 20 31 58 33 96 62 19 55 83 81 29 82 49 56 73 46 108 0 17 44 25 70 37 32 19 44 30 20 78 102 
39 29 78 19 62 99 27 37 42 68 9 46 50 47 80 73 9 72 83 64 13 66 34 62 63 49 95 17 0 34 13 81 53 34 9 61 24 36 75 87 
45 63 92 52 93 64 60 22 47 79 26 76 15 54 64 106 26 95 56 52 24 72 20 96 29 83 65 44 34 0 20 114 79 28 26 76 15 53 43 63 
38 42 82 32 74 85 40 27 41 71 5 57 36 47 72 86 6 80 71 57 7 66 24 75 50 63 82 25 13 20 0 94 62 27 6 65 12 40 62 77 
87 51 118 61 66 178 53 116 88 81 88 41 129 85 155 10 87 50 149 138 94 123 114 25 143 39 175 70 81 114 94 0 45 100 87 71 100 72 148 166 
44 30 118 35 78 140 33 89 44 38 57 12 93 40 133 35 56 20 106 117 66 114 86 45 108 45 144 37 53 79 62 45 0 59 56 27 65 29 106 139 
18 53 110 44 97 81 52 48 19 51 27 59 36 27 92 91 27 72 51 79 35 93 45 88 52 78 90 32 34 28 27 100 59 0 27 50 17 30 47 91 
35 36 84 26 71 91 34 33 37 66 1 50 41 43 78 80 0 74 74 62 11 69 30 70 55 58 89 19 9 26 6 87 56 27 0 60 15 35 66 83 
31 49 135 50 102 129 51 92 30 10 61 37 86 23 137 61 60 26 87 123 71 127 89 72 102 71 140 44 61 76 65 71 27 50 60 0 62 25 92 140 
32 49 94 39 86 77 48 32 34 65 15 61 28 41 76 92 15 80 59 63 19 77 29 84 44 72 80 30 24 15 12 100 65 17 15 62 0 38 51 77 
15 33 113 29 85 111 34 67 16 31 36 32 65 14 112 63 35 42 76 98 46 102 64 65 80 59 118 20 36 53 40 72 29 30 35 25 38 0 76 116 
62 99 133 89 136 38 98 61 62 89 66 107 31 69 87 138 66 117 18 83 67 111 61 134 32 123 64 78 75 43 62 148 106 47 66 92 51 76 0 76 
109 116 90 107 122 58 113 50 110 143 82 133 57 118 20 160 83 157 94 32 74 65 53 143 45 129 22 102 87 63 77 166 139 91 83 140 77 116 76 0 
0 0 1516 0 1082 0 0 9 19708 0 16 0 0 2 0 6709 0 0 0 78 16 331 3 69062 0 0 6 1 0 0 17187 0 0 2298 0 0 68193 48244 4 0 
0 0 550 4017 0 0 4116 72327 0 0 0 0 0 16904 2 0 0 106 0 0 463 0 0 0 11169 0 0 58 0 1514 0 0 0 529 0 0 0 0 0 0 
1516 550 0 0 0 11967 3638 0 541 0 0 0 9406 653 0 0 0 0 5007 0 12 0 48 7 0 2 1 2561 166 0 3724 0 27 420 0 2 2 0 5 125 
0 4017 0 0 0 7 0 0 0 381 0 1017 8 0 0 0 31 0 0 0 122 0 0 0 0 438 0 0 41 0 0 49977 0 0 0 32670 2 0 5707 99455 
1082 0 0 0 0 0 0 257 0 45153 0 0 0 0 1260 65 6 5 2949 1 62233 0 45 4999 0 2465 10158 3882 42880 0 0 0 0 0 0 34 0 2 3 112 
0 0 11967 7 0 0 35 0 352 186 1019 18870 0 1857 14 0 704 0 2 0 0 112 0 0 0 82458 0 0 1693 1 0 0 2565 15 0 0 0 0 0 15169 
0 4116 3638 0 0 35 0 0 0 3 0 1 0 0 10 0 6 0 0 0 38891 0 0 25 0 505 3 27 2349 16 1938 0 0 0 0 2585 10 0 1 55 
9 72327 0 0 257 0 0 0 1587 30321 579 7 0 0 12 128 12 77304 845 0 0 0 0 1 0 0 0 25770 1623 8373 24 0 436 18 9 0 161 0 0 0 
19708 0 541 0 0 352 0 1587 0 0 0 0 0 0 80 0 5 0 4 2315 0 10 0 14798 11 0 0 19 63 809 0 0 0 267 389 0 0 688 0 0 
0 0 0 381 45153 186 3 30321 0 0 48 0 142 616 92683 5709 0 1482 0 9 213 0 0 0 1 748 0 24916 0 0 0 0 0 0 739 0 0 11063 66484 16486 
16 0 0 0 0 1019 0 579 0 48 0 1 0 10213 0 0 2 1611 0 0 874 0 0 1302 0 0 0 0 0 0 156 0 29397 142 0 1439 0 25837 0 48 
0 0 0 1017 0 18870 1 7 0 0 1 0 0 0 0 245 54 0 2754 3718 0 0 0 0 0 53 0 1810 3668 0 0 0 319 0 0 3787 0 0 44801 0 
0 0 9406 8 0 0 0 0 0 142 0 0 0 346 1 0 214 0 0 0 17 0 0 0 0 2482 0 196 11947 0 849 0 41 1 2438 339 9 0 0 38264 
2 16904 653 0 0 1857 0 0 0 616 10213 0 346 0 16276 0 0 1589 52426 0 32094 0 6187 92340 18 79626 1996 0 31 94 0 0 0 0 12 83 7 0 0 0 
0 2 0 0 1260 14 10 12 80 92683 0 0 1 16276 0 0 468 0 170 0 5781 0 1298 0 0 14 2 0 15 0 29 0 0 5544 116 6266 0 30 0 6475 
6709 0 0 0 65 0 0 128 0 5709 0 245 0 0 0 0 20062 5 0 0 135 722 42203 0 0 0 748 1133 0 0 0 0 0 4 0 21 0 9275 0 72 
0 0 0 31 6 704 6 12 5 0 2 54 214 0 468 20062 0 0 0 0 13702 0 0 0 0 46198 17 0 0 3497 0 0 0 267 3095 6950 0 28 6356 1 
0 106 0 0 5 0 0 77304 0 1482 1611 0 0 1589 0 5 0 0 0 0 0 0 12 0 0 28177 2 207 0 12749 16995 23923 483 5 61496 14 0 0 0 0 
0 0 5007 0 2949 2 0 845 4 0 0 2754 0 52426 170 0 0 0 0 65 0 3 3 0 0 0 1821 11799 0 0 0 4 0 0 10 11 0 0 0 0 
78 0 0 0 1 0 0 0 2315 9 0 3718 0 0 0 0 0 0 65 0 3 0 0 1 0 25052 5 4 21974 0 20 0 0 0 0 0 0 7 2 25 
16 463 12 122 62233 0 38891 0 0 213 874 0 17 32094 5781 135 13702 0 0 3 0 3 48 0 9 9 0 2547 7054 78 0 0 24154 8 0 18246 1935 0 14517 177 
331 0 0 0 0 112 0 0 10 0 0 0 0 0 0 722 0 0 3 0 3 0 82 0 1668 1904 0 89981 3 7 0 0 0 0 3 0 477 0 0 0 
3 0 48 0 45 0 0 0 0 0 0 0 0 6187 1298 42203 0 12 3 0 48 82 0 6 0 4 58 0 0 0 461 3 0 3 0 0 99568 91422 0 2 
69062 0 7 0 4999 0 25 1 14798 0 1302 0 0 92340 0 0 0 0 0 1 0 0 6 0 0 0 56452 0 0 0 100 2748 4734 0 0 77776 1 6256 0 210 
0 11169 0 0 0 0 0 0 11 1 0 0 0 18 0 0 0 0 0 0 9 1668 0 0 0 0 0 0 0 29 34648 82 1557 0 0 4 1 0 62 115 
0 0 2 438 2465 82458 505 0 0 748 0 53 2482 79626 14 0 46198 28177 0 25052 9 1904 4 0 0 0 7320 10 0 0 0 293 19444 497 30977 0 4443 0 10020 0 
6 0 1 0 10158 0 3 0 0 0 0 0 0 1996 2 748 17 2 1821 5 0 0 58 56452 0 7320 0 0 15642 0 0 0 0 1063 0 459 0 11548 0 78852 
1 58 2561 0 3882 0 27 25770 19 24916 0 1810 196 0 0 1133 0 207 11799 4 2547 89981 0 0 0 10 0 0 22 3 3 67916 0 86 0 3120 0 7467 10 0 
0 0 166 41 42880 1693 2349 1623 63 0 0 3668 11947 31 15 0 0 0 0 21974 7054 3 0 0 0 0 15642 22 0 0 1 25 510 7020 2 0 61343 7513 368 0 
0 1514 0 0 0 1 16 8373 809 0 0 0 0 94 0 0 3497 12749 0 0 78 7 0 0 29 0 0 3 0 0 0 0 147 0 0 0 0 0 0 0 
17187 0 3724 0 0 0 1938 24 0 0 156 0 849 0 29 0 0 16995 0 20 0 0 461 100 34648 0 0 3 1 0 0 123 934 7 12 0 9575 25364 3 14 
0 0 0 49977 0 0 0 0 0 0 0 0 0 0 0 0 0 23923 4 0 0 0 3 2748 82 293 0 67916 25 0 123 0 0 30 7256 0 616 1 40 50620 
0 0 27 0 0 2565 0 436 0 0 29397 319 41 0 0 0 0 483 0 0 24154 0 0 4734 1557 19444 0 0 510 147 934 0 0 0 0 3761 0 11 0 139 
2298 529 420 0 0 15 0 18 267 0 142 0 1 0 5544 4 267 5 0 0 8 0 3 0 0 497 1063 86 7020 0 7 30 0 0 0 0 0 0 0 0 
0 0 0 0 0 0 0 9 389 739 0 0 2438 12 116 0 3095 61496 10 0 0 3 0 0 0 30977 0 0 2 0 12 7256 0 0 0 0 15 0 630 0 
0 0 2 32670 34 0 2585 0 0 0 1439 3787 339 83 6266 21 6950 14 11 0 18246 0 0 77776 4 0 459 3120 0 0 0 0 3761 0 0 0 0 865 0 1887 
68193 0 2 2 0 0 10 161 0 0 0 0 9 7 0 0 0 0 0 0 1935 477 99568 1 1 4443 0 0 61343 0 9575 616 0 0 15 0 0 57 0 0 
48244 0 0 0 2 0 0 0 688 11063 25837 0 0 0 30 9275 28 0 0 7 0 0 91422 6256 0 0 11548 7467 7513 0 25364 1 11 0 0 865 57 0 64 0 
4 0 5 5707 3 0 1 0 0 66484 0 44801 0 0 0 0 6356 0 0 2 14517 0 0 0 62 10020 0 10 368 0 3 40 0 0 630 0 0 64 0 869 
0 0 125 99455 112 15169 55 0 0 16486 48 0 38264 0 6475 72 1 0 0 25 177 0 2 210 115 0 78852 0 0 0 14 50620 139 0 0 1887 0 0 869 0 
0 0 2307 0 24 13 0 24 39235 0 192 0 0 0 0 1648 0 0 0 44 28 11095 0 94797 0 0 390 0 0 0 1898 0 0 906 0 0 21444 15707 1 0 
0 0 954 134 0 0 473 18060 0 0 0 0 0 42993 1 0 0 111 0 0 26 0 0 0 27 0 0 87 0 693 0 0 0 72 0 3 0 0 0 0 
2307 954 0 0 0 21789 156 0 135 0 0 0 29087 16854 0 0 0 0 6287 0 49 0 2 18 0 120 2 235 14373 0 727 1 109 570 0 0 9475 1 4 1102 
0 134 0 0 0 41 0 0 5 155 0 645 206 0 0 0 25 0 0 2 182 0 0 0 0 1794 0 3 49 0 0 412 0 0 0 90683 45 0 74515 8604 
24 0 0 0 0 0 0 154 0 21688 0 0 0 0 2455 71 75 1 120 0 4370 0 32428 56275 0 471 170 11 28 0 0 0 0 0 0 265 0 1 83 161 
13 0 21789 41 0 0 38 0 32300 87 55190 30039 0 87822 7 0 9986 0 0 0 0 8 0 0 0 3977 0 0 1354 15 0 0 2955 1 6 0 0 0 0 90893 
0 473 156 0 0 38 0 0 0 0 0 0 0 0 5 0 0 0 11 0 4952 0 0 581 0 24 1 1 966 308 52261 0 0 0 0 4729 0 0 5 75 
24 18060 0 0 154 0 0 0 1085 6705 205 9 0 0 0 31 15 48717 314 0 0 0 0 0 0 0 9 5963 2696 73 22 0 64 11 1 0 32 0 0 0 
39235 0 135 5 0 32300 0 1085 0 2 18 0 0 0 4705 0 1 0 436 2999 15 11 0 50583 266 0 0 149 1034 2830 0 0 0 79 0 0 0 1272 0 0 
0 0 0 155 21688 87 0 6705 2 0 45 0 8240 39081 18281 17922 0 2 0 696 849 0 0 0 164 24559 0 10478 0 0 0 0 0 0 1197 0 0 1385 23599 9652 
192 0 0 0 0 55190 0 205 18 45 0 0 1 909 0 0 23 3062 0 0 215 0 0 19162 0 0 0 0 0 0 122 0 3603 2106 0 86264 0 7713 0 0 
0 0 0 645 0 30039 0 9 0 0 0 0 0 0 0 6 258 0 78805 1925 0 0 0 0 0 50 0 2393 782 0 0 0 6 0 0 4136 0 0 14852 0 
0 0 29087 206 0 0 0 0 0 8240 1 0 0 575 0 0 14 0 0 0 21 0 0 0 0 21164 0 260 4016 0 2038 0 36 0 26 207 23 0 0 9416 
0 42993 16854 0 0 87822 0 0 0 39081 909 0 575 0 22610 0 0 9875 23570 0 19882 0 494 97302 6 84590 7130 0 9 118 0 0 0 0 356 3514 0 0 0 21 
0 1 0 0 2455 7 5 0 4705 18281 0 0 0 22610 0 0 33 0 503 0 38 0 5751 3 0 827 2 0 10 2 1230 0 0 4161 2 2922 0 18 0 154 
1648 0 0 0 71 0 0 31 0 17922 0 6 0 0 0 0 3495 3 0 0 3 1014 5948 0 0 0 303 311 0 0 0 0 0 4 0 2 0 237 0 80 
0 0 0 25 75 9986 0 15 1 0 23 258 14 0 33 3495 0 0 0 0 55307 0 0 0 0 592 7 0 0 20 0 0 0 255 4460 1257 0 1 39701 0 
0 111 0 0 1 0 0 48717 0 2 3062 0 0 9875 0 3 0 0 0 0 0 0 2 0 0 25390 2 313 0 442 3553 1340 3074 10 28920 1 10 0 0 0 
0 0 6287 0 120 0 11 314 436 0 0 78805 0 23570 503 0 0 0 0 154 0 3 53 0 9 0 4512 36974 2 3 2 0 0 0 6 19 0 0 0 0 
44 0 0 2 0 0 0 0 2999 696 0 1925 0 0 0 0 0 0 154 0 28 0 0 0 0 451 6 20 19224 0 169 0 0 28 0 0 1 1 0 0 
28 26 49 182 4370 0 4952 0 15 849 215 0 21 19882 38 3 55307 0 0 28 0 0 58 2 53 118 0 3884 13931 6 0 7 7917 9 0 25909 18633 0 37747 3 
11095 0 0 0 0 8 0 0 11 0 0 0 0 0 0 1014 0 0 3 0 0 0 5164 0 85 114 0 2185 0 25 0 0 0 0 0 0 2 0 0 0 
0 0 2 0 32428 0 0 0 0 0 0 0 0 494 5751 5948 0 2 53 0 58 5164 0 15 0 211 178 0 0 0 811 4 0 9 0 1 850 9296 0 0 
94797 0 18 0 56275 0 581 0 50583 0 19162 0 0 97302 3 0 0 0 0 0 2 0 15 0 0 12 62648 0 0 0 5 1794 32486 0 0 6879 30 242 0 8495 
0 27 0 0 0 0 0 0 266 164 0 0 0 6 0 0 0 0 9 0 53 85 0 0 0 0 0 0 0 2 13070 211 30747 0 0 0 0 0 28 334 
0 0 120 1794 471 3977 24 0 0 24559 0 50 21164 84590 827 0 592 25390 0 451 118 114 211 12 0 0 875 1 0 1 0 153 336 42 89288 0 192 0 5565 0 
390 0 2 0 170 0 1 9 0 0 0 0 0 7130 2 303 7 2 4512 6 0 0 178 62648 0 875 0 0 190 0 0 0 0 397 0 27405 0 15471 0 52721 
0 87 235 3 11 0 1 5963 149 10478 0 2393 260 0 0 311 0 313 36974 20 3884 2185 0 0 0 1 0 0 14 0 2 15612 1 4 0 476 0 26558 0 0 
0 0 14373 49 28 1354 966 2696 1034 0 0 782 4016 9 10 0 0 0 2 19224 13931 0 0 0 0 0 190 14 0 0 0 34 428 1623 0 0 49516 16445 81765 0 
0 693 0 0 0 15 308 73 2830 0 0 0 0 118 2 0 20 442 3 0 6 25 0 0 2 1 0 0 0 0 1 0 11799 0 0 3 0 0 0 0 
1898 0 727 0 0 0 52261 22 0 0 122 0 2038 0 1230 0 0 3553 2 169 0 0 811 5 13070 0 0 2 0 1 0 3858 1860 7 28 0 5363 2280 0 486 
0 0 1 412 0 0 0 0 0 0 0 0 0 0 0 0 0 1340 0 0 7 0 4 1794 211 153 0 15612 34 0 3858 0 0 3 42836 0 2120 0 1 1709 
0 0 109 0 0 2955 0 64 0 0 3603 6 36 0 0 0 0 3074 0 0 7917 0 0 32486 30747 336 0 1 428 11799 1860 0 0 0 0 3161 0 5 0 11 
906 72 570 0 0 1 0 11 79 0 2106 0 0 0 4161 4 255 10 0 28 9 0 9 0 0 42 397 4 1623 0 7 3 0 0 0 0 0 0 0 0 
0 0 0 0 0 6 0 1 0 1197 0 0 26 356 2 0 4460 28920 6 0 0 0 0 0 0 89288 0 0 0 0 28 42836 0 0 0 0 2 0 1254 0 
0 3 0 90683 265 0 4729 0 0 0 86264 4136 207 3514 2922 2 1257 1 19 0 25909 0 1 6879 0 0 27405 476 0 3 0 0 3161 0 0 0 0 144 0 53986 
21444 0 9475 45 0 0 0 32 0 0 0 0 23 0 0 0 0 10 0 1 18633 2 850 30 0 192 0 0 49516 0 5363 2120 0 0 2 0 0 15 0 0 
15707 0 1 0 1 0 0 0 1272 1385 7713 0 0 0 18 237 1 0 0 1 0 0 9296 242 0 0 15471 26558 16445 0 2280 0 5 0 0 144 15 0 421 0 
1 0 4 74515 83 0 5 0 0 23599 0 14852 0 0 0 0 39701 0 0 0 37747 0 0 0 28 5565 0 0 81765 0 0 1 0 0 1254 0 0 421 0 6055 
0 0 1102 8604 161 90893 75 0 0 9652 0 0 9416 21 154 80 0 0 0 0 3 0 0 8495 334 0 52721 0 0 0 486 1709 11 0 0 53986 0 0 6055 0 
