50 2
0 46 118 40 96 98 46 64 2 33 36 47 55 9 108 78 35 54 61 95 45 105 61 79 70 72 108 28 39 45 38 87 44 18 35 31 32 15 62 109 41 45 37 61 89 27 39 29 62 61 
46 0 88 10 53 127 3 66 48 60 37 19 78 48 107 43 36 50 104 90 43 84 63 35 92 25 124 21 29 63 42 51 30 53 36 49 49 33 99 116 43 28 60 98 101 30 35 74 67 104 
118 88 0 85 53 137 85 71 120 144 83 106 102 125 70 117 84 138 148 59 75 25 72 92 105 80 111 92 78 92 82 118 118 110 84 135 94 113 133 90 80 73 99 135 92 90 79 133 76 148 
40 10 85 0 56 117 8 56 42 59 26 26 68 43 98 54 26 55 95 82 33 79 53 44 82 34 114 12 19 52 32 61 35 44 26 50 39 29 89 107 32 19 50 89 91 20 25 66 58 95 
96 53 53 56 0 154 51 82 98 112 71 66 108 100 106 67 71 96 146 90 69 65 81 42 118 33 138 68 62 93 74 66 78 97 71 102 86 85 136 122 73 57 95 137 116 72 68 121 86 146 
98 127 137 117 154 0 125 72 99 127 90 138 49 106 75 170 91 153 52 79 87 112 73 161 36 148 37 107 99 64 85 178 140 81 91 129 77 111 38 58 86 103 67 41 45 97 92 77 68 52 
46 3 85 8 51 125 0 63 48 61 34 22 76 49 104 46 34 53 103 87 40 81 60 36 90 26 122 20 27 60 40 53 33 52 34 51 48 34 98 113 40 25 58 97 99 28 33 73 65 103 
64 66 71 56 82 72 63 0 66 97 32 83 30 73 44 110 33 107 76 31 23 50 3 95 36 81 59 52 37 22 27 116 89 48 33 92 32 67 61 50 26 38 31 63 36 44 32 68 4 76 
2 48 120 42 98 99 48 66 0 32 38 48 56 7 110 78 37 54 61 97 47 107 63 81 71 74 110 30 42 47 41 88 44 19 37 30 34 16 62 110 43 47 38 61 91 29 41 28 64 61 
33 60 144 59 112 127 61 97 32 0 67 48 88 24 142 71 66 34 83 128 77 134 94 83 103 82 141 52 68 79 71 81 38 51 66 10 65 31 89 143 73 72 71 87 123 56 69 50 95 83 
36 37 83 26 71 90 34 32 38 67 0 51 41 44 77 80 1 75 74 61 10 68 29 70 55 58 88 20 9 26 5 88 57 27 1 61 15 36 66 82 6 14 25 66 65 11 3 52 32 74 
47 19 106 26 66 138 22 83 48 48 51 0 90 45 125 31 50 31 108 109 59 103 80 35 105 34 140 31 46 76 57 41 12 59 50 37 61 32 107 133 58 46 71 106 117 41 51 76 84 108 
55 78 102 68 108 49 76 30 56 88 41 90 0 63 62 121 41 107 46 54 39 80 29 112 15 99 53 58 50 15 36 129 93 36 41 86 28 65 31 57 36 54 19 33 36 48 43 46 26 46 
9 48 125 43 100 106 49 73 7 24 44 45 63 0 117 75 43 47 66 104 53 112 70 79 79 73 117 33 47 54 47 85 40 27 43 23 41 14 69 118 49 51 46 67 98 34 46 32 71 66 
108 107 70 98 106 75 104 44 110 142 77 125 62 117 0 149 78 152 105 17 67 45 48 131 55 116 42 96 80 64 72 155 133 92 78 137 76 112 87 20 70 79 73 90 31 88 76 107 46 105 
78 43 117 54 67 170 46 110 78 71 80 31 121 75 149 0 80 40 140 132 87 120 107 25 135 36 168 62 73 106 86 10 35 91 80 61 92 63 138 160 86 72 102 137 145 72 79 107 111 140 
35 36 84 26 71 91 34 33 37 66 1 50 41 43 78 80 0 74 74 62 11 69 30 70 55 58 89 19 9 26 6 87 56 27 0 60 15 35 66 83 7 14 25 66 66 10 4 51 33 74 
54 50 138 55 96 153 53 107 54 34 75 31 107 47 152 40 74 0 113 136 84 134 104 59 123 63 160 55 72 95 80 50 20 72 74 26 80 42 117 157 81 73 89 115 139 63 75 80 107 113 
61 104 148 95 146 52 103 76 61 83 74 108 46 66 105 140 74 113 0 100 77 126 75 139 50 129 81 83 83 56 71 149 106 51 74 87 59 76 18 94 73 88 51 15 74 75 77 33 72 0 
95 90 59 82 90 79 87 31 97 128 61 109 54 104 17 132 62 136 100 0 52 34 34 114 51 99 52 81 64 52 57 138 117 79 62 123 63 98 83 32 55 63 61 85 33 73 60 97 33 100 
45 43 75 33 69 87 40 23 47 77 10 59 39 53 67 87 11 84 77 52 0 59 20 74 51 61 81 29 13 24 7 94 66 35 11 71 19 46 67 74 5 15 26 67 58 21 8 58 24 77 
105 84 25 79 65 112 81 50 107 134 68 103 80 112 45 120 69 134 126 34 59 0 51 98 81 84 86 82 66 72 66 123 114 93 69 127 77 102 111 65 64 62 80 113 67 78 66 116 54 126 
61 63 72 53 81 73 60 3 63 94 29 80 29 70 48 107 30 104 75 34 20 51 0 93 37 79 61 49 34 20 24 114 86 45 30 89 29 64 61 53 22 35 29 62 38 40 29 65 5 75 
79 35 92 44 42 161 36 95 81 83 70 35 112 79 131 25 70 59 139 114 74 98 93 0 125 14 155 56 62 96 75 25 45 88 70 72 84 65 134 143 75 59 95 134 132 65 68 108 98 139 
70 92 105 82 118 36 90 36 71 103 55 105 15 79 55 135 55 123 50 51 51 81 37 125 0 112 38 73 63 29 50 143 108 52 55 102 44 80 32 45 50 67 34 35 24 63 57 58 32 50 
72 25 80 34 33 148 26 81 74 82 58 34 99 73 116 36 58 63 129 99 61 84 79 14 112 0 140 46 49 83 63 39 45 78 58 71 72 59 123 129 62 45 83 123 117 54 55 100 84 129 
108 124 111 114 138 37 122 59 110 141 88 140 53 117 42 168 89 160 81 52 81 86 61 155 38 140 0 108 95 65 82 175 144 90 89 140 80 118 64 22 82 97 71 67 23 98 89 96 57 81 
28 21 92 12 68 107 20 52 30 52 20 31 58 33 96 62 19 55 83 81 29 82 49 56 73 46 108 0 17 44 25 70 37 32 19 44 30 20 78 102 26 20 40 77 86 10 20 54 53 83 
39 29 78 19 62 99 27 37 42 68 9 46 50 47 80 73 9 72 83 64 13 66 34 62 63 49 95 17 0 34 13 81 53 34 9 61 24 36 75 87 13 5 34 75 72 12 6 59 38 83 
45 63 92 52 93 64 60 22 47 79 26 76 15 54 64 106 26 95 56 52 24 72 20 96 29 83 65 44 34 0 20 114 79 28 26 76 15 53 43 63 21 38 9 44 44 34 28 45 19 56 
38 42 82 32 74 85 40 27 41 71 5 57 36 47 72 86 6 80 71 57 7 66 24 75 50 63 82 25 13 20 0 94 62 27 6 65 12 40 62 77 2 18 21 62 60 16 7 51 27 71 
87 51 118 61 66 178 53 116 88 81 88 41 129 85 155 10 87 50 149 138 94 123 114 25 143 39 175 70 81 114 94 0 45 100 87 71 100 72 148 166 94 78 110 147 152 80 87 116 118 149 
44 30 118 35 78 140 33 89 44 38 57 12 93 40 133 35 56 20 106 117 66 114 86 45 108 45 144 37 53 79 62 45 0 59 56 27 65 29 106 139 64 54 74 105 123 46 57 73 90 106 
18 53 110 44 97 81 52 48 19 51 27 59 36 27 92 91 27 72 51 79 35 93 45 88 52 78 90 32 34 28 27 100 59 0 27 50 17 30 47 91 30 40 19 46 71 25 31 24 46 51 
35 36 84 26 71 91 34 33 37 66 1 50 41 43 78 80 0 74 74 62 11 69 30 70 55 58 89 19 9 26 6 87 56 27 0 60 15 35 66 83 7 14 25 66 66 10 4 51 33 74 
31 49 135 50 102 129 51 92 30 10 61 37 86 23 137 61 60 26 87 123 71 127 89 72 102 71 140 44 61 76 65 71 27 50 60 0 62 25 92 140 67 64 68 90 120 50 63 54 91 87 
32 49 94 39 86 77 48 32 34 65 15 61 28 41 76 92 15 80 59 63 19 77 29 84 44 72 80 30 24 15 12 100 65 17 15 62 0 38 51 77 14 29 10 51 59 20 18 39 30 59 
15 33 113 29 85 111 34 67 16 31 36 32 65 14 112 63 35 42 76 98 46 102 64 65 80 59 118 20 36 53 40 72 29 30 35 25 38 0 76 116 42 40 46 75 97 25 38 44 67 76 
62 99 133 89 136 38 98 61 62 89 66 107 31 69 87 138 66 117 18 83 67 111 61 134 32 123 64 78 75 43 62 148 106 47 66 92 51 76 0 76 63 80 41 3 56 69 69 39 57 18 
109 116 90 107 122 58 113 50 110 143 82 133 57 118 20 160 83 157 94 32 74 65 53 143 45 129 22 102 87 63 77 166 139 91 83 140 77 116 76 0 75 88 72 79 21 93 82 103 49 94 
41 43 80 32 73 86 40 26 43 73 6 58 36 49 70 86 7 81 73 55 5 64 22 75 50 62 82 26 13 21 2 94 64 30 7 67 14 42 63 75 0 17 22 63 59 18 7 53 26 73 
45 28 73 19 57 103 25 38 47 72 14 46 54 51 79 72 14 73 88 63 15 62 35 59 67 45 97 20 5 38 18 78 54 40 14 64 29 40 80 88 17 0 39 80 73 17 11 65 39 88 
37 60 99 50 95 67 58 31 38 71 25 71 19 46 73 102 25 89 51 61 26 80 29 95 34 83 71 40 34 9 21 110 74 19 25 68 10 46 41 72 22 39 0 41 52 30 28 36 28 51 
61 98 135 89 137 41 97 63 61 87 66 106 33 67 90 137 66 115 15 85 67 113 62 134 35 123 67 77 75 44 62 147 105 46 66 90 51 75 3 79 63 80 41 0 59 69 69 36 59 15 
89 101 92 91 116 45 99 36 91 123 65 117 36 98 31 145 66 139 74 33 58 67 38 132 24 117 23 86 72 44 60 152 123 71 66 120 59 97 56 21 59 73 52 59 0 76 66 82 34 74 
27 30 90 20 72 97 28 44 29 56 11 41 48 34 88 72 10 63 75 73 21 78 40 65 63 54 98 10 12 34 16 80 46 25 10 50 20 25 69 93 18 17 30 69 76 0 13 48 43 75 
39 35 79 25 68 92 33 32 41 69 3 51 43 46 76 79 4 75 77 60 8 66 29 68 57 55 89 20 6 28 7 87 57 31 4 63 18 38 69 82 7 11 28 69 66 13 0 55 32 77 
29 74 133 66 121 77 73 68 28 50 52 76 46 32 107 107 51 80 33 97 58 116 65 108 58 100 96 54 59 45 51 116 73 24 51 54 39 44 39 103 53 65 36 36 82 48 55 0 64 33 
62 67 76 58 86 68 65 4 64 95 32 84 26 71 46 111 33 107 72 33 24 54 5 98 32 84 57 53 38 19 27 118 90 46 33 91 30 67 57 49 26 39 28 59 34 43 32 64 0 72 
61 104 148 95 146 52 103 76 61 83 74 108 46 66 105 140 74 113 0 100 77 126 75 139 50 129 81 83 83 56 71 149 106 51 74 87 59 76 18 94 73 88 51 15 74 75 77 33 72 0 
0 0 7 22863 7 0 0 0 0 0 2016 4 0 20062 6 22 38891 0 0 0 0 2 48 0 0 4 510 0 0 0 0 0 14 3 30 0 3176 0 0 87293 0 5 0 0 0 0 39012 0 0 0 
0 0 13 0 0 0 0 203 1019 0 0 0 0 26 0 70 0 0 62943 0 0 1821 0 19 0 0 147 0 1439 1935 25364 0 6425 0 0 0 349 9961 0 0 26179 1 205 0 0 3 25 0 0 725 
7 13 0 1 191 0 7 0 0 33497 17311 0 128 0 863 0 0 3 7 3 748 5 0 0 156 0 934 0 3787 477 1 125 30743 0 12 270 3 0 0 1731 0 0 0 0 0 0 0 0 594 0 
22863 0 1 0 5173 20 0 0 579 159 726 0 0 77 156 53 213 0 0 0 0 0 379 1514 0 0 0 0 339 99568 11 99455 0 0 89186 0 5 525 7872 0 1801 25516 0 0 0 328 0 160 0 0 
7 0 191 5173 0 316 17 2486 0 0 0 108 5709 18 0 78 874 3 0 11169 53 0 0 0 849 3 0 0 83 1 0 112 107 0 7 477 0 296 60 20376 165 18 0 0 2 1154 2692 39469 0 2 
0 0 0 20 316 0 0 87 48 29256 2410 0 0 0 20675 0 0 57986 57 0 2482 58 0 0 0 2748 3 0 6266 1 0 15169 67450 0 113 0 0 0 3 34 1 1562 8 122 78918 0 20 0 0 4 
0 0 7 0 17 0 0 0 0 0 0 2 245 0 0 0 17 0 45617 0 79626 56452 0 0 29 82 5 0 21 4443 865 55 2 0 0 0 10364 3192 0 25 0 3 0 16 0 2 0 10466 0 0 
0 203 0 0 2486 87 0 0 0 33555 0 0 0 49394 242 0 32094 1371 15201 0 14 0 21 1 0 293 0 0 6950 0 57 0 0 0 261 0 38 19 0 0 1 0 117 3 3 15556 6 0 0 0 
0 1019 0 579 0 48 0 0 0 87057 0 0 0 9 145 1 5781 0 0 0 0 7320 6409 16 0 0 80 9 14 0 0 0 7 0 0 0 19719 0 24 0 0 19 0 0 0 0 0 0 50 36240 
0 0 33497 159 0 29256 0 33555 87057 0 0 1260 0 229 0 0 135 0 52 0 46198 0 3 8373 16995 67916 99409 389 11 61343 0 16486 9 7180 0 0 19 0 0 1082 23026 0 3 9 3973 282 0 0 0 0 
2016 0 17311 726 0 2410 0 0 0 0 0 14 291 0 0 0 13702 0 0 0 28177 0 5551 809 0 25 0 739 0 0 4 48 61 26 32807 0 0 0 2 161 34 605 0 5 0 19888 0 0 63036 0 
4 0 0 0 108 0 2 0 0 1260 14 0 0 1 236 0 0 8 29 11 0 8339 0 0 20 0 2298 0 18246 9575 0 0 0 0 4618 0 10061 9 93 0 0 0 0 15401 18952 0 2 0 0 12384 
0 0 128 0 5709 0 245 0 0 0 291 0 0 0 117 2315 0 26 0 1 25052 5 0 0 0 123 529 0 0 616 5 38264 0 18218 81479 0 25 1339 0 1 0 0 24 0 86966 451 0 0 20 20 
20062 26 0 77 18 0 0 49394 9 229 0 1 0 0 13496 9 3 0 69062 0 9 0 0 0 0 26386 420 2438 0 0 5707 0 0 571 0 0 0 2514 5887 0 0 0 0 3226 38 0 0 0 0 0 
6 0 863 156 0 20675 0 242 145 0 0 236 117 13496 0 0 24 0 0 0 1904 0 166 0 461 0 0 12 77776 0 3 6475 0 0 19 10 0 90968 62076 0 612 0 0 0 0 0 0 513 1148 26259 
22 70 0 53 78 0 0 0 1 0 0 0 2315 9 0 0 1 0 7 0 4 0 41 94 100 44620 0 116 4 15 0 72 0 0 6663 0 3901 22292 799 1 4 0 5666 0 0 0 2 323 4837 0 
38891 0 0 213 874 0 17 32094 5781 135 13702 0 0 3 24 1 0 3114 0 18 0 3812 42880 0 34648 99 15 0 0 0 1 1 0 58252 0 25288 8287 0 6834 0 1163 2298 2241 28032 331 193 0 0 0 0 
0 0 3 0 3 57986 0 1371 0 0 0 8 26 0 0 0 3114 0 4999 0 0 3 1693 0 0 4871 0 3095 459 0 0 0 0 0 0 62963 0 50 34643 0 0 0 0 5324 0 0 43 0 0 2 
0 62943 7 0 0 57 45617 15201 0 52 0 29 0 69062 0 7 0 4999 0 0 4225 762 2349 3497 0 0 18 61496 3120 4 0 0 2103 0 9228 0 32402 91 0 27 0 0 0 1203 49 0 0 7 70 0 
0 0 3 0 11169 0 0 0 0 0 0 11 1 0 0 0 18 0 0 0 326 30 1623 12749 3 2278 267 10 0 9727 66484 25 59 0 164 1853 778 0 0 20087 0 66 5 0 0 99 0 0 7 0 
0 0 748 0 53 2482 79626 14 0 46198 28177 0 25052 9 1904 4 0 0 4225 326 0 17 63 0 1 0 0 0 0 48244 0 177 0 18561 0 2 5436 0 93 0 0 11 0 3 991 0 0 5323 0 0 
2 1821 5 0 0 58 56452 0 7320 0 0 8339 5 0 0 0 3812 3 762 30 17 0 0 0 0 0 142 0 0 0 44801 0 3061 0 32 14756 0 0 0 0 15 0 0 178 0 0 0 25 99 68451 
48 0 0 379 0 0 0 21 6409 3 5551 0 0 0 166 41 42880 1693 2349 1623 63 0 0 78 24 0 0 3 0 0 0 2 16 0 16966 5016 27852 2619 0 5609 14515 8784 0 13 58 0 1135 36065 0 0 
0 19 0 1514 0 0 0 1 16 8373 809 0 0 0 0 94 0 0 3497 12749 0 0 78 0 0 27 1 0 3761 0 0 210 0 36222 0 0 0 0 0 279 62999 90865 0 67 1836 466 0 1 11567 0 
0 0 156 0 849 0 29 0 0 16995 0 20 0 0 461 100 34648 0 0 3 1 0 24 0 0 0 0 0 0 2 0 115 15794 0 10 0 0 0 0 0 0 491 0 6 35805 42 0 0 0 0 
4 0 0 0 3 2748 82 293 0 67916 25 0 123 26386 0 44620 99 4871 0 2278 0 0 0 27 0 0 5544 0 0 0 0 0 0 0 2919 1203 123 1 0 0 16339 0 3201 0 45453 0 65 203 15577 1668 
510 147 934 0 0 3 5 0 80 99409 0 2298 529 420 0 0 15 0 18 267 0 142 0 1 0 5544 0 30977 3 0 6356 78852 0 3306 17 0 0 294 774 1040 43170 10139 0 0 0 0 0 0 36874 1028 
0 0 0 0 0 0 0 0 9 389 739 0 0 2438 12 116 0 3095 61496 10 0 0 3 0 0 0 30977 0 0 0 0 0 0 43333 0 167 24 0 25851 52 0 0 0 0 600 0 2 256 18012 0 
0 1439 3787 339 83 6266 21 6950 14 11 0 18246 0 0 77776 4 0 459 3120 0 0 0 0 3761 0 0 3 0 0 688 0 0 0 0 1 66 202 44 0 0 0 0 24 23 0 0 0 4 0 38 
0 1935 477 99568 1 1 4443 0 0 61343 0 9575 616 0 0 15 0 0 4 9727 48244 0 0 0 2 0 0 0 688 0 2 0 0 0 48203 3 28904 0 0 0 0 230 0 0 4 0 0 0 0 957 
0 25364 1 11 0 0 865 57 0 0 4 0 5 5707 3 0 1 0 0 66484 0 44801 0 0 0 0 6356 0 0 2 0 14 4 0 1 41 0 0 1 0 0 3 1 0 0 9214 11110 0 0 13577 
0 0 125 99455 112 15169 55 0 0 16486 48 0 38264 0 6475 72 1 0 0 25 177 0 2 210 115 0 78852 0 0 0 14 0 0 0 363 24097 0 0 2 0 0 0 15 0 0 62 0 0 506 0 
14 6425 30743 0 107 67450 2 0 7 9 61 0 0 0 0 0 0 0 2103 59 0 3061 16 0 15794 0 0 0 0 0 4 0 0 17 0 1 0 0 50 0 43043 654 0 6451 0 2 0 25 33381 32 
3 0 0 0 0 0 0 0 0 7180 26 0 18218 571 0 0 58252 0 0 0 18561 0 0 36222 0 0 3306 43333 0 0 0 0 17 0 27385 13330 640 0 84 0 0 0 0 0 602 56 3829 8362 88 0 
30 0 12 89186 7 113 0 261 0 0 32807 4618 81479 0 19 6663 0 0 9228 164 0 32 16966 0 10 2919 17 0 1 48203 1 363 0 27385 0 0 0 0 0 0 1 711 0 3943 4 9297 1 0 0 30 
0 0 270 0 477 0 0 0 0 0 0 0 0 0 10 0 25288 62963 0 1853 2 14756 5016 0 0 1203 0 167 66 3 41 24097 1 13330 0 0 23373 0 0 0 0 40 325 0 55 0 100 0 1 1 
3176 349 3 5 0 0 10364 38 19719 19 0 10061 25 0 0 3901 8287 0 32402 778 5436 0 27852 0 0 123 0 24 202 28904 0 0 0 640 0 23373 0 0 0 0 0 0 7 0 279 0 3 2033 0 591 
0 9961 0 525 296 0 3192 19 0 0 0 9 1339 2514 90968 22292 0 50 91 0 0 0 2619 0 0 1 294 0 44 0 0 0 0 0 0 0 0 0 0 0 0 2602 4 0 0 1281 1143 16 3993 0 
0 0 0 7872 60 3 0 0 24 0 2 93 0 5887 62076 799 6834 34643 0 0 93 0 0 0 0 0 774 25851 0 0 1 2 50 84 0 0 0 0 0 10 6 0 0 3836 0 0 3263 0 3 0 
87293 0 1731 0 20376 34 25 0 0 1082 161 0 1 0 0 1 0 0 27 20087 0 0 5609 279 0 0 1040 52 0 0 0 0 0 0 0 0 0 0 10 0 0 72 12452 0 31 1217 351 0 0 402 
0 26179 0 1801 165 1 0 1 0 23026 34 0 0 0 612 4 1163 0 0 0 0 15 14515 62999 0 16339 43170 0 0 0 0 0 43043 0 1 0 0 0 6 0 0 0 0 4334 0 121 14 0 242 419 
5 1 0 25516 18 1562 3 0 19 0 605 0 0 0 0 0 2298 0 0 66 11 0 8784 90865 491 0 10139 0 0 230 3 0 654 0 711 40 0 2602 0 72 0 0 0 0 0 0 3729 0 2 54 
0 205 0 0 0 8 0 117 0 3 0 0 24 0 0 5666 2241 0 0 5 0 0 0 0 0 3201 0 0 24 0 1 15 0 0 0 325 7 4 0 12452 0 0 0 0 0 22021 1538 7816 0 1748 
0 0 0 0 0 122 16 3 0 9 5 15401 0 3226 0 0 28032 5324 1203 0 3 178 13 67 6 0 0 0 23 0 0 0 6451 0 3943 0 0 0 3836 0 4334 0 0 0 9 0 108 0 0 2283 
0 0 0 0 2 78918 0 3 0 3973 0 18952 86966 38 0 0 331 0 49 0 991 0 58 1836 35805 45453 0 600 0 4 0 0 0 602 4 55 279 0 0 31 0 0 0 9 0 0 30968 26 83595 18960 
0 3 0 328 1154 0 2 15556 0 282 19888 0 451 0 0 0 193 0 0 99 0 0 0 466 42 0 0 0 0 0 9214 62 2 56 9297 0 0 1281 0 1217 121 0 22021 0 0 0 82635 81858 12 9 
39012 25 0 0 2692 20 0 6 0 0 0 2 0 0 0 2 0 43 0 0 0 0 1135 0 0 65 0 2 0 0 11110 0 0 3829 1 100 3 1143 3263 351 14 3729 1538 108 30968 82635 0 1495 28 2400 
0 0 0 160 39469 0 10466 0 0 0 0 0 0 0 513 323 0 0 7 0 5323 25 36065 1 0 203 0 256 4 0 0 0 25 8362 0 0 2033 16 0 0 0 0 7816 0 26 81858 1495 0 2 0 
0 0 594 0 0 0 0 0 50 0 63036 0 20 0 1148 4837 0 0 70 7 0 99 0 11567 0 15577 36874 18012 0 0 0 506 33381 88 0 1 0 3993 3 0 242 2 0 0 83595 12 28 2 0 67 
0 725 0 0 2 4 0 0 36240 0 0 12384 20 0 26259 0 0 2 0 0 0 68451 0 0 0 1668 1028 0 38 957 13577 0 32 0 30 1 591 0 0 402 419 54 1748 2283 18960 9 2400 0 67 0 
0 17217 0 0 0 4953 12992 64 454 6 0 1 93633 0 0 0 0 7 435 127 6 0 0 27 2136 34 0 22 6 0 226 24 0 0 0 7799 0 903 0 0 282 0 605 23 186 21 0 8115 1 1224 
17217 0 0 5 111 88 176 0 0 87 13380 46 30 0 23 0 3711 28 0 1 63 0 3 0 5393 961 0 178 0 0 0 3959 0 13 0 354 0 0 1932 196 0 44 0 399 16 16 0 15 20727 0 
0 0 0 0 0 122 0 35 314 0 0 1525 0 3 0 586 0 0 0 0 0 0 549 8279 0 0 0 15925 0 0 12 0 0 12901 0 0 0 218 18 0 2 3442 4670 181 15 2265 202 1 0 1 
0 5 0 0 0 0 28902 8667 0 0 0 19990 121 0 0 0 0 7 1 40 1053 1 0 0 3836 18 7181 11351 0 0 0 0 3 1593 0 5485 0 0 0 104 0 0 29148 6120 12063 0 327 0 7320 11 
0 111 0 0 0 0 1 0 0 33 38044 0 0 0 241 0 0 15 5 0 0 259 20 36 0 0 97055 844 0 0 69 0 0 8811 0 0 65363 0 0 0 0 0 6221 120 8 0 0 0 1223 14 
4953 88 122 0 0 0 295 0 0 0 0 2101 8 5 0 18 203 0 0 509 0 0 3989 1070 4512 0 0 11402 0 4 1 0 0 12103 0 1125 38 54 0 0 0 0 0 0 0 14 0 13 752 0 
12992 176 0 28902 1 295 0 2 2 9820 0 0 0 4 1 44334 0 1177 0 459 0 0 6966 1294 0 0 0 0 0 0 0 0 0 5993 31176 9 0 0 1195 0 21968 0 0 0 58 0 10610 0 3089 72262 
64 0 35 8667 0 0 2 0 9056 0 418 804 4 0 0 0 0 0 0 74 0 453 0 0 33 0 5887 35101 0 2 0 756 2082 258 0 88 0 0 88249 73751 0 7 1 0 3 0 0 1811 20292 16739 
454 0 314 0 0 0 2 9056 0 0 10 261 2 0 0 15 0 2706 292 1204 2 0 0 0 51 32870 0 0 0 3615 13550 2 0 40134 52 6 0 9619 0 0 1 0 0 2613 3 18933 37055 873 0 0 
6 87 0 0 33 0 9820 0 0 0 173 0 5 0 322 4753 0 150 0 34111 0 9905 9 0 0 0 0 1 0 0 36657 0 0 0 0 24 0 1514 203 0 0 0 0 3 0 0 1185 11817 2 94217 
0 13380 0 0 38044 0 0 418 10 173 0 0 0 78 7 13682 0 1650 0 131 0 0 0 0 0 0 25 0 11408 21554 0 12 0 0 0 0 8 31 0 0 0 0 7 0 382 0 2872 3 0 108 
1 46 1525 19990 0 2101 0 804 261 0 0 0 590 0 0 2 1394 0 0 0 41 0 10 25319 0 17 0 182 0 0 23084 2651 0 17087 0 77688 0 0 0 156 17568 2 7554 0 0 0 0 291 1404 0 
93633 30 0 121 0 8 0 4 2 5 0 590 0 0 0 0 607 0 2 0 0 0 1081 11870 31538 0 0 7126 231 0 0 0 33665 0 0 163 0 0 3004 0 3838 88 0 2492 0 0 60 22 0 0 
0 0 3 0 0 5 4 0 0 0 78 0 0 0 0 0 0 17988 0 64948 0 70 7891 659 30572 0 0 0 0 257 0 0 4423 0 677 3009 1038 0 0 364 3099 4 8758 0 0 25 0 583 225 0 
0 23 0 0 241 0 1 0 0 322 7 0 0 0 0 23 0 4 13005 306 0 1984 0 1572 0 673 1171 0 0 580 0 0 18 930 0 1 3097 0 0 1374 0 485 9 595 207 37 0 0 0 0 
0 0 586 0 0 18 44334 0 15 4753 13682 2 0 0 23 0 44 780 0 4940 0 3372 0 0 0 0 1920 0 1 0 31 0 9230 2 0 538 0 0 0 3 16 120 0 180 579 2982 0 0 0 63 
0 3711 0 0 0 203 0 0 0 0 0 1394 607 0 0 44 0 0 605 0 0 0 0 0 0 0 0 5 38 16 0 27 30 0 169 0 0 65926 0 1110 0 0 0 0 0 0 7 264 55024 288 
7 28 0 7 15 0 1177 0 2706 150 1650 0 0 17988 4 780 0 0 0 3 44 0 0 21079 591 0 70 0 0 18401 4 19 25592 19950 1 0 5195 0 0 73 4997 14103 4582 0 28536 16560 0 18018 676 0 
435 0 0 1 5 0 0 0 292 0 0 0 2 0 13005 0 605 0 0 21 0 0 0 0 282 0 0 0 0 19 447 244 0 2 0 3 0 0 20462 0 16 15 21 0 0 4794 28004 0 0 14717 
127 1 0 40 0 509 459 74 1204 34111 131 0 0 64948 306 4940 0 3 21 0 0 0 0 0 0 0 0 0 1 0 0 1 0 5 0 0 0 5181 922 0 7 0 0 0 8978 0 6125 0 0 5746 
6 63 0 1053 0 0 0 0 2 0 0 41 0 0 0 0 0 44 0 0 0 0 0 0 1 1 1 3 0 0 32 0 40 0 1 0 0 60281 0 198 9 0 24187 0 0 14 10626 0 5718 861 
0 0 0 1 259 0 0 453 0 9905 0 0 0 70 1984 3372 0 0 0 0 0 0 10451 6 0 5438 0 47735 4832 10835 0 3143 0 0 0 0 4510 962 14 201 0 1 51421 0 170 2774 982 0 0 0 
0 3 549 0 20 3989 6966 0 0 9 0 10 1081 7891 0 0 0 0 0 0 0 10451 0 0 0 8665 652 5 774 0 185 9 0 0 0 0 0 0 52 0 0 0 0 0 0 8908 0 0 13177 1 
27 0 8279 0 36 1070 1294 0 0 0 0 25319 11870 659 1572 0 0 21079 0 0 0 6 0 0 33268 0 18 8620 0 396 443 0 6 0 1257 13 6644 45 16625 0 0 0 1 0 0 0 3840 0 0 47 
2136 5393 0 3836 0 4512 0 33 51 0 0 0 31538 30572 0 0 0 591 282 0 1 0 0 33268 0 65943 561 1 5728 0 13595 0 0 27895 0 25464 14 177 0 43541 1161 0 1 0 0 0 3772 15 793 485 
34 961 0 18 0 0 0 0 32870 0 0 17 0 0 673 0 0 0 0 0 1 5438 8665 0 65943 0 0 11 781 6 6148 85649 8037 5035 0 0 0 0 4618 401 0 2579 0 1346 0 4392 0 0 0 0 
0 0 0 7181 97055 0 0 5887 0 0 25 0 0 0 1171 1920 0 70 0 0 1 0 652 18 561 0 0 0 0 7 0 0 43094 0 2 1483 73 0 0 0 0 0 43 89 244 2710 4 3893 0 0 
22 178 15925 11351 844 11402 0 35101 0 1 0 182 7126 0 0 0 5 0 0 0 3 47735 5 8620 1 11 0 0 1 80037 72 4 5534 0 1110 0 7 0 0 0 4791 4295 575 35 0 6014 0 0 0 619 
6 0 0 0 0 0 0 0 0 0 11408 0 231 0 0 1 38 0 0 1 0 4832 774 0 5728 781 0 1 0 0 62727 90 1414 18313 2 0 0 0 71155 29771 7 50 0 0 158 263 2072 0 28 0 
0 0 0 0 0 4 0 2 3615 0 21554 0 0 257 580 0 16 18401 19 0 0 10835 0 396 0 6 7 80037 0 0 1 3 35 74 0 7 0 350 86237 7 11301 0 15233 74242 0 44 316 5348 1 0 
226 0 12 0 69 1 0 0 13550 36657 0 23084 0 0 0 31 0 4 447 0 32 0 185 443 13595 6148 0 72 62727 1 0 0 0 23083 0 2 11 53 3 5945 29905 7 0 0 3178 0 0 2730 1475 0 
24 3959 0 0 0 0 0 756 2 0 12 2651 0 0 0 0 27 19 244 1 0 3143 9 0 0 85649 0 4 90 3 0 0 0 2 0 0 9 22 0 53 5 4 0 53450 15675 2 421 7057 0 581 
0 0 0 3 0 0 0 2082 0 0 0 0 33665 4423 18 9230 30 25592 0 0 40 0 0 6 0 8037 43094 5534 1414 35 0 0 0 0 106 0 0 4085 0 2042 0 0 14 0 205 0 19202 0 0 0 
0 13 12901 1593 8811 12103 5993 258 40134 0 0 17087 0 0 930 2 0 19950 2 5 0 0 0 0 27895 5035 0 0 18313 74 23083 2 0 0 0 0 0 238 0 10270 0 481 9971 0 0 0 0 0 0 2052 
0 0 0 0 0 0 31176 0 52 0 0 0 0 677 0 0 169 1 0 0 1 0 0 1257 0 0 2 1110 2 0 0 0 106 0 0 3704 0 238 390 82 0 0 0 0 0 0 0 3065 0 0 
7799 354 0 5485 0 1125 9 88 6 24 0 77688 163 3009 1 538 0 0 3 0 0 0 0 13 25464 0 1483 0 0 7 2 0 0 0 3704 0 0 17688 26 51308 96 0 0 15976 1 22669 0 1385 4 0 
0 0 0 0 65363 38 0 0 0 0 8 0 0 1038 3097 0 0 5195 0 0 0 4510 0 6644 14 0 73 7 0 0 11 9 0 0 0 0 0 991 3 25607 68 4 1 5258 0 215 1 0 0 0 
903 0 218 0 0 54 0 0 9619 1514 31 0 0 0 0 0 65926 0 0 5181 60281 962 0 45 177 0 0 0 0 350 53 22 4085 238 238 17688 991 0 29 40 662 0 0 62674 24 0 0 0 0 16818 
0 1932 18 0 0 0 1195 88249 0 203 0 0 3004 0 0 0 0 0 20462 922 0 14 52 16625 0 4618 0 0 71155 86237 3 0 0 0 390 26 3 29 0 0 0 105 13398 0 581 55 0 2354 0 53 
0 196 0 104 0 0 0 73751 0 0 0 156 0 364 1374 3 1110 73 0 0 198 201 0 0 43541 401 0 0 29771 7 5945 53 2042 10270 82 51308 25607 40 0 0 139 0 0 0 0 0 0 2 771 0 
282 0 2 0 0 0 21968 0 1 0 0 17568 3838 3099 0 16 0 4997 16 7 9 0 0 0 1161 0 0 4791 7 11301 29905 5 0 0 0 96 68 662 0 139 0 3159 17310 0 238 0 0 1257 1 0 
0 44 3442 0 0 0 0 7 0 0 0 2 88 4 485 120 0 14103 15 0 0 1 0 0 0 2579 0 4295 50 0 7 4 0 481 0 0 4 0 105 0 3159 0 86 2 4909 6258 0 13342 0 0 
605 0 4670 29148 6221 0 0 1 0 0 7 7554 0 8758 9 0 0 4582 21 0 24187 51421 0 1 1 0 43 575 0 15233 0 0 14 9971 0 0 1 0 13398 0 17310 86 0 1949 108 0 0 0 58 0 
23 399 181 6120 120 0 0 0 2613 3 0 0 2492 0 595 180 0 0 0 0 0 0 0 0 0 1346 89 35 0 74242 0 53450 0 0 0 15976 5258 62674 0 0 0 2 1949 0 1 0 0 817 2609 0 
186 16 15 12063 8 0 58 3 3 0 382 0 0 0 207 579 0 28536 0 8978 0 170 0 0 0 0 244 0 158 0 3178 15675 205 0 0 1 0 24 581 0 238 4909 108 1 0 1 0 1 0 0 
21 16 2265 0 0 14 0 0 18933 0 0 0 0 25 37 2982 0 16560 4794 0 14 2774 8908 0 0 4392 2710 6014 263 44 0 2 0 0 0 22669 215 0 55 0 0 6258 0 0 1 0 0 0 0 0 
0 0 202 327 0 0 10610 0 37055 1185 2872 0 60 0 0 0 7 0 28004 6125 10626 982 0 3840 3772 0 4 0 2072 316 0 421 19202 0 0 0 1 0 0 0 0 0 0 0 0 0 0 0 0 0 
8115 15 1 0 0 13 0 1811 873 11817 3 291 22 583 0 0 264 18018 0 0 0 0 0 0 15 0 3893 0 0 5348 2730 7057 0 0 3065 1385 0 0 2354 2 1257 13342 0 817 1 0 0 0 9 7086 
1 20727 0 7320 1223 752 3089 20292 0 2 0 1404 0 225 0 0 55024 676 0 0 5718 0 13177 0 793 0 0 0 28 1 1475 0 0 0 0 4 0 0 0 771 1 0 58 2609 0 0 0 9 0 0 
1224 0 1 11 14 0 72262 16739 0 94217 108 0 0 0 0 63 288 0 14717 5746 861 0 1 47 485 0 0 619 0 0 0 581 0 2052 0 0 0 16818 53 0 0 0 0 0 0 0 0 7086 0 0 
