15 4
0 123 17 72 89 90 77 84 122 70 141 118 117 117 58 
123 0 116 51 121 48 96 115 59 63 25 47 40 16 64 
17 116 0 64 101 90 86 66 108 71 133 119 117 113 52 
72 51 64 0 97 39 71 77 62 33 69 64 60 49 13 
89 121 101 97 0 73 26 158 158 64 146 84 88 106 88 
90 48 90 39 73 0 47 116 91 20 73 28 27 34 42 
77 96 86 71 26 47 0 136 132 38 121 63 66 81 63 
84 115 66 77 158 116 136 0 73 105 118 141 136 120 76 
122 59 108 62 158 91 132 73 0 94 51 103 96 73 74 
70 63 71 33 64 20 38 105 94 0 87 48 47 52 29 
141 25 133 69 146 73 121 118 51 87 0 70 64 41 83 
118 47 119 64 84 28 63 141 103 48 70 0 6 30 70 
117 40 117 60 88 27 66 136 96 47 64 6 0 24 67 
117 16 113 49 106 34 81 120 73 52 41 30 24 0 60 
58 64 52 13 88 42 63 76 74 29 83 70 67 60 0 
0 2296 0 0 0 827 0 0 354 0 56 33225 0 211 63141 
2296 0 2 184 1737 8 10 0 2252 27331 0 0 2238 0 0 
0 2 0 1434 7228 0 0 0 0 0 0 209 0 47456 0 
0 184 1434 0 0 0 0 0 38 0 0 0 0 1939 0 
0 1737 7228 0 0 0 0 94 0 1393 0 1438 0 32 90 
827 8 0 0 0 0 3 0 108 6 0 88947 0 0 0 
0 10 0 0 0 3 0 1486 701 0 0 0 0 0 3899 
0 0 0 0 94 0 1486 0 170 5078 771 1 0 0 1 
354 2252 0 38 0 108 701 170 0 131 0 9060 1889 0 155 
0 27331 0 0 1393 6 0 5078 131 0 0 3836 0 17 0 
56 0 0 0 0 0 0 771 0 0 0 2592 14723 3763 1167 
33225 0 209 0 1438 88947 0 1 9060 3836 2592 0 0 0 0 
0 2238 0 0 0 0 0 0 1889 0 14723 0 0 5 15 
211 0 47456 1939 32 0 0 0 0 17 3763 0 5 0 11 
63141 0 0 0 90 0 3899 1 155 0 1167 0 15 11 0 
0 0 1 1513 180 0 7006 21 0 2 0 0 5805 0 0 
0 0 0 0 0 0 24 2980 0 0 1326 1 0 615 120 
1 0 0 0 0 95 2947 136 38626 2473 612 0 4 0 339 
1513 0 0 0 1 2363 35936 28176 0 24 2497 5 29521 0 64171 
180 0 0 1 0 536 3221 0 8323 0 8 0 328 0 0 
0 0 95 2363 536 0 0 2546 0 1 350 0 530 121 4 
7006 24 2947 35936 3221 0 0 0 0 1 61 1866 130 0 0 
21 2980 136 28176 0 2546 0 0 0 0 0 0 24255 25 7 
0 0 38626 0 8323 0 0 0 0 0 26001 0 0 77 0 
2 0 2473 24 0 1 1 0 0 0 406 0 220 0 1537 
0 1326 612 2497 8 350 61 0 26001 406 0 0 0 0 0 
0 1 0 5 0 0 1866 0 0 0 0 0 2085 2998 43147 
5805 0 4 29521 328 530 130 24255 0 220 0 2085 0 0 0 
0 615 0 0 0 121 0 25 77 0 0 2998 0 0 0 
0 120 339 64171 0 4 0 7 0 1537 0 43147 0 0 0 
0 0 9068 5 2 0 112 3457 0 2074 0 0 52625 0 0 
0 0 1 0 0 0 0 65774 0 0 125 4620 0 1 365 
9068 1 0 0 0 5848 75809 1981 6 188 10 0 430 0 1445 
5 0 0 0 10169 52052 1968 1 0 263 15 2 1 0 8442 
2 0 0 10169 0 1 59106 0 4762 0 10946 0 12 0 0 
0 0 5848 52052 1 0 0 202 0 0 3959 0 1355 229 66 
112 0 75809 1968 59106 0 0 0 0 8 279 1 33760 4 0 
3457 65774 1981 1 0 202 0 0 0 0 0 0 25872 22 0 
0 0 6 0 4762 0 0 0 0 0 5504 0 0 149 0 
2074 0 188 263 0 0 8 0 0 0 719 0 1464 0 1 
0 125 10 15 10946 3959 279 0 5504 719 0 0 0 0 0 
0 4620 0 2 0 0 1 0 0 0 0 0 42 8136 2450 
52625 0 430 1 12 1355 33760 25872 0 1464 0 42 0 0 0 
0 1 0 0 0 229 4 22 149 0 0 8136 0 0 0 
0 365 1445 8442 0 66 0 0 0 1 0 2450 0 0 0 
0 0 6 856 72962 0 6 2 0 11 0 0 232 0 0 
0 0 0 0 0 0 0 38205 0 0 50 1857 0 13 1 
6 0 0 0 0 38365 1 80766 53418 83 1 0 14561 0 4322 
856 0 0 0 67 8599 11 3947 0 3 545 65612 937 0 13 
72962 0 0 67 0 51 3552 0 4 0 931 0 6227 0 0 
0 0 38365 8599 51 0 0 14196 0 0 1213 0 76870 1849 10777 
6 0 1 11 3552 0 0 0 0 27 0 5670 24 8917 0 
2 38205 80766 3947 0 14196 0 0 0 0 0 0 1 0 0 
0 0 53418 0 4 0 0 0 0 0 37586 0 0 530 0 
11 0 83 3 0 0 27 0 0 0 9 0 631 0 5 
0 50 1 545 931 1213 0 0 37586 9 0 0 0 0 0 
0 1857 0 65612 0 0 5670 0 0 0 0 0 2 33 856 
232 0 14561 937 6227 76870 24 1 0 631 0 2 0 0 0 
0 13 0 0 0 1849 8917 0 530 0 0 33 0 0 0 
0 1 4322 13 0 10777 0 0 0 5 0 856 0 0 0 
