30 4
0 59 64 103 62 95 95 48 90 88 90 112 64 139 74 53 26 148 87 89 78 107 103 6 100 177 116 85 94 32 
59 0 70 49 40 62 36 46 31 30 43 69 27 80 26 37 59 91 39 30 28 48 85 53 62 119 57 26 35 49 
64 70 0 118 33 51 89 98 88 95 64 73 48 126 97 33 87 124 64 86 63 108 150 62 58 154 114 86 89 33 
103 49 118 0 85 94 38 68 34 23 68 88 69 56 28 85 93 77 65 36 58 23 68 97 90 97 30 33 37 98 
62 40 33 85 0 33 56 78 55 62 34 51 15 94 66 8 77 96 33 53 30 75 125 57 38 126 81 53 55 32 
95 62 51 94 33 0 57 107 59 71 25 22 37 82 84 42 110 75 28 57 37 76 147 91 7 104 78 61 57 65 
95 36 89 38 56 57 0 77 6 17 31 50 41 44 39 58 95 55 29 6 25 20 100 89 52 83 25 11 1 78 
48 46 98 68 78 107 77 0 71 63 90 115 69 117 41 71 27 133 86 71 75 81 55 45 108 159 90 66 76 65 
90 31 88 34 55 59 6 71 0 12 34 55 39 49 33 57 89 61 31 2 25 20 94 84 56 89 27 5 5 75 
88 30 95 23 62 71 17 63 12 0 46 67 46 53 23 63 84 69 43 14 35 19 82 82 68 95 28 10 16 78 
90 43 64 68 34 25 31 90 34 46 0 25 25 61 61 41 99 61 3 32 15 51 124 84 22 92 53 36 32 65 
112 69 73 88 51 22 50 115 55 67 25 0 49 63 86 60 123 54 29 53 40 67 148 107 15 82 66 58 51 84 
64 27 48 69 15 37 41 69 39 46 25 49 0 81 52 17 74 86 23 37 16 60 112 58 38 116 66 37 40 40 
139 80 126 56 94 82 44 117 49 53 61 63 81 0 75 99 137 23 62 50 65 36 125 133 74 41 27 54 45 121 
74 26 97 28 66 84 39 41 33 23 61 86 52 75 0 64 65 92 58 34 47 39 62 69 83 117 49 28 38 73 
53 37 33 85 8 42 58 71 57 63 41 60 17 99 64 0 69 102 39 55 34 77 120 48 46 132 83 54 58 24 
26 59 87 93 77 110 95 27 89 84 99 123 74 137 65 69 0 150 95 88 85 103 79 26 113 178 112 83 93 54 
148 91 124 77 96 75 55 133 61 69 61 54 86 23 92 102 150 0 63 62 70 55 146 142 68 30 47 67 57 126 
87 39 64 65 33 28 29 86 31 43 3 29 23 62 58 39 95 63 0 29 11 49 121 81 25 93 52 33 29 63 
89 30 86 36 53 57 6 71 2 14 32 53 37 50 34 55 88 62 29 0 23 22 95 83 54 89 29 5 5 73 
78 28 63 58 30 37 25 75 25 35 15 40 16 65 47 34 85 70 11 23 0 45 110 72 35 100 50 25 25 56 
107 48 108 23 75 76 20 81 20 19 51 67 60 36 39 77 103 55 49 22 45 0 91 101 71 77 9 23 20 95 
103 85 150 68 125 147 100 55 94 82 124 148 112 125 62 120 79 146 121 95 110 91 0 100 146 164 99 90 98 119 
6 53 62 97 57 91 89 45 84 82 84 107 58 133 69 48 26 142 81 83 72 101 100 0 95 171 110 79 88 29 
100 62 58 90 38 7 52 108 56 68 22 15 38 74 83 46 113 68 25 54 35 71 146 95 0 97 72 58 53 70 
177 119 154 97 126 104 83 159 89 95 92 82 116 41 117 132 178 30 93 89 100 77 164 171 97 0 68 94 84 156 
116 57 114 30 81 78 25 90 27 28 53 66 66 27 49 83 112 47 52 29 50 9 99 110 72 68 0 31 25 102 
85 26 86 33 53 61 11 66 5 10 36 58 37 54 28 54 83 67 33 5 25 23 90 79 58 94 31 0 10 72 
94 35 89 37 55 57 1 76 5 16 32 51 40 45 38 58 93 57 29 5 25 20 98 88 53 84 25 10 0 78 
32 49 33 98 32 65 78 65 75 78 65 84 40 121 73 24 54 126 63 73 56 95 119 29 70 156 102 72 78 0 
0 0 43 8695 0 0 9 61 1572 0 0 0 0 0 79 791 0 3 82 0 0 32 0 0 4792 1 1550 169 0 0 
0 0 0 0 948 0 0 0 16 51359 10 0 3612 48993 3 10464 0 310 0 731 28 157 136 2689 12520 0 0 0 0 0 
43 0 0 1 6 537 0 1480 13128 295 0 0 17731 295 0 17 0 9445 81115 39 16849 0 0 8643 0 5 6 0 78653 9822 
8695 0 1 0 0 0 0 94926 139 37 0 0 0 0 10771 69 105 14125 938 41 0 0 16038 0 0 0 45210 0 5298 670 
0 948 6 0 0 2206 872 1724 8 0 0 57 0 364 0 19 0 1 0 225 0 89199 545 73521 47 0 0 0 34 0 
0 0 537 0 2206 0 0 4118 53 0 1 0 0 0 1446 0 0 3 0 671 227 55249 0 642 6 0 0 0 0 0 
9 0 0 0 872 0 0 0 0 17 0 309 422 5391 0 0 0 9750 0 0 0 0 23 0 30800 25 0 43 0 0 
61 0 1480 94926 1724 4118 0 0 0 75337 45348 0 1149 14986 71 0 0 0 0 40 0 72 0 0 27 4315 2694 1901 0 0 
1572 16 13128 139 8 53 0 0 0 34636 0 0 4435 0 28 21632 10 0 47 1420 0 0 2 2 0 0 0 0 0 3 
0 51359 295 37 0 0 17 75337 34636 0 0 2 0 0 0 0 0 0 0 13 0 0 56115 1473 45 142 5 104 1031 0 
0 10 0 0 0 1 0 45348 0 0 0 15440 0 0 0 0 0 6048 2 0 369 0 754 9 41 0 169 1 0 0 
0 0 0 0 57 0 309 0 0 2 15440 0 2840 918 4 134 260 7 7420 0 0 0 849 32 130 20 26728 6 0 33 
0 3612 17731 0 0 0 422 1149 4435 0 0 2840 0 70 140 621 41 106 17657 0 11 0 126 7886 49 0 63266 9 1123 0 
0 48993 295 0 364 0 5391 14986 0 0 0 918 70 0 0 0 9 2 0 2300 0 0 2 0 0 0 51 30 0 0 
79 3 0 10771 0 1446 0 71 28 0 0 4 140 0 0 0 0 0 0 33759 295 0 48 289 15 0 1333 9 1380 0 
791 10464 17 69 19 0 0 0 21632 0 0 134 621 0 0 0 34 0 1343 0 0 1 40695 153 156 212 542 0 540 0 
0 0 0 105 0 0 0 0 10 0 0 260 41 9 0 34 0 0 44 0 0 12775 36125 2 0 0 0 6139 23 13 
3 310 9445 14125 1 3 9750 0 0 0 6048 7 106 2 0 0 0 0 4356 0 0 10090 0 0 0 3 19797 263 7127 31581 
82 0 81115 938 0 0 0 0 47 0 2 7420 17657 0 0 1343 44 4356 0 918 0 1 0 43 0 3812 1 0 2 12731 
0 731 39 41 225 671 0 40 1420 13 0 0 0 2300 33759 0 0 0 918 0 0 0 0 0 6 5 0 3512 0 0 
0 28 16849 0 0 227 0 0 0 0 369 0 11 0 295 0 0 0 0 0 0 43 0 3 0 0 5 0 0 783 
32 157 0 0 89199 55249 0 72 0 0 0 0 0 0 0 1 12775 10090 1 0 43 0 84417 83 27 0 0 0 4453 1 
0 136 0 16038 545 0 23 0 2 56115 754 849 126 2 48 40695 36125 0 0 0 0 84417 0 0 41035 0 0 0 0 0 
0 2689 8643 0 73521 642 0 0 2 1473 9 32 7886 0 289 153 2 0 43 0 3 83 0 0 25 6007 508 0 8 0 
4792 12520 0 0 47 6 30800 27 0 45 41 130 49 0 15 156 0 0 0 6 0 27 41035 25 0 224 1346 0 0 0 
1 0 5 0 0 0 25 4315 0 142 0 20 0 0 0 212 0 3 3812 5 0 0 0 6007 224 0 4 0 0 0 
1550 0 6 45210 0 0 0 2694 0 5 169 26728 63266 51 1333 542 0 19797 1 0 5 0 0 508 1346 4 0 0 45141 0 
169 0 0 0 0 0 43 1901 0 104 1 6 9 30 9 0 6139 263 0 3512 0 0 0 0 0 0 0 0 113 0 
0 0 78653 5298 34 0 0 0 0 1031 0 0 1123 0 1380 540 23 7127 2 0 0 4453 0 8 0 0 45141 113 0 1559 
0 0 9822 670 0 0 0 0 3 0 0 33 0 0 0 0 13 31581 12731 0 783 1 0 0 0 0 0 0 1559 0 
0 0 6299 0 0 36851 6 0 0 2906 8 1 14176 879 25 0 0 1 0 0 77 0 0 55 3 0 0 0 0 0 
0 0 6066 2 0 0 2 0 0 0 0 5 1 0 0 0 0 0 2184 0 0 510 12 74 596 0 2 820 0 0 
6299 6066 0 0 0 61 681 0 0 0 0 298 3 1 0 0 0 0 10 0 523 0 0 0 82 0 0 139 0 0 
0 2 0 0 4 6 0 5759 16 0 0 0 0 0 0 0 0 2969 0 8 2429 22585 0 0 53 1644 0 0 13 0 
0 0 0 4 0 0 25445 86416 25 0 0 0 0 46052 0 0 4437 808 0 0 12591 0 0 0 0 0 0 9668 0 0 
36851 0 61 6 0 0 0 14731 0 0 19740 3226 0 0 2203 0 0 43264 136 1467 68 0 0 0 0 0 15640 402 486 0 
6 2 681 0 25445 0 0 0 14 347 3892 0 0 0 61719 2 172 20 5958 0 2 108 0 35305 0 2008 95 0 15 282 
0 0 0 5759 86416 14731 0 0 6 34 1166 0 56721 1101 0 79 0 51594 0 0 19 0 0 0 15 0 9 2 15 0 
0 0 0 16 25 0 14 6 0 0 516 0 85 0 55516 30 68 0 4 0 0 0 956 0 11 0 20 0 7232 7580 
2906 0 0 0 0 0 347 34 0 0 887 1170 0 28 0 0 20766 19 0 0 0 0 4568 659 0 3658 7866 15951 29 0 
8 0 0 0 0 19740 3892 1166 516 887 0 2132 0 23808 79 0 0 6 27859 0 102 0 0 98297 43981 0 0 0 1 19 
1 5 298 0 0 3226 0 0 0 1170 2132 0 9366 0 0 0 10209 0 1012 0 0 96854 0 0 28395 0 315 0 1 0 
14176 1 3 0 0 0 0 56721 85 0 0 9366 0 1 51008 0 0 3962 6286 3147 38426 0 81 106 1333 947 0 0 0 109 
879 0 1 0 46052 0 0 1101 0 28 23808 0 1 0 15147 0 0 6925 0 19921 0 25 33 96 0 0 0 468 0 0 
25 0 0 0 0 2203 61719 0 55516 0 79 0 51008 15147 0 0 0 7991 0 28 478 0 16943 0 0 0 0 0 5 0 
0 0 0 0 0 0 2 79 30 0 0 0 0 0 0 0 0 0 14484 13100 14 0 41 8 457 7 896 30 5 0 
0 0 0 0 4437 0 172 0 68 20766 0 10209 0 0 0 0 0 0 0 0 0 0 1038 92 618 0 3 0 0 254 
1 0 0 2969 808 43264 20 51594 0 19 6 0 3962 6925 7991 0 0 0 46185 0 0 0 0 0 0 0 0 2420 0 0 
0 2184 10 0 0 136 5958 0 4 0 27859 1012 6286 0 0 14484 0 46185 0 0 0 0 5390 227 0 86 233 25118 0 223 
0 0 0 8 0 1467 0 0 0 0 0 0 3147 19921 28 13100 0 0 0 0 0 0 10 92 0 0 2946 0 57901 0 
77 0 523 2429 12591 68 2 19 0 0 102 0 38426 0 478 14 0 0 0 0 0 28 17 0 277 0 0 0 0 2028 
0 510 0 22585 0 0 108 0 0 0 0 96854 0 25 0 0 0 0 0 0 28 0 71507 3 812 0 88188 0 27 2856 
0 12 0 0 0 0 0 0 956 4568 0 0 81 33 16943 41 1038 0 5390 10 17 71507 0 1966 2 18484 395 11 1 0 
55 74 0 0 0 0 35305 0 0 659 98297 0 106 96 0 8 92 0 227 92 0 3 1966 0 0 0 0 5187 17792 0 
3 596 82 53 0 0 0 15 11 0 43981 28395 1333 0 0 457 618 0 0 0 277 812 2 0 0 0 0 2252 1119 0 
0 0 0 1644 0 0 2008 0 0 3658 0 0 947 0 0 7 0 0 86 0 0 0 18484 0 0 0 12 457 0 60164 
0 2 0 0 0 15640 95 9 20 7866 0 315 0 0 0 896 3 0 233 2946 0 88188 395 0 0 12 0 1074 0 6 
0 820 139 0 9668 402 0 2 0 15951 0 0 0 468 0 30 0 2420 25118 0 0 0 11 5187 2252 457 1074 0 16 3104 
0 0 0 13 0 486 15 15 7232 29 1 1 0 0 5 5 0 0 0 57901 0 27 1 17792 1119 0 0 16 0 0 
0 0 0 0 0 0 282 0 7580 0 19 0 109 0 0 0 254 0 223 0 2028 2856 0 0 0 60164 6 3104 0 0 
0 0 147 0 0 0 19 81 0 0 5 10880 0 0 1922 0 36373 0 209 344 11834 0 0 56359 118 0 12212 15049 0 141 
0 0 69634 23 0 0 17365 388 0 0 2526 0 22 1 1322 52202 0 84890 0 0 0 196 0 0 0 72439 0 0 0 1 
147 69634 0 0 0 22303 14656 100 37 1148 1 0 0 0 8662 0 0 0 11 37 1 0 0 6 0 0 1188 0 848 1 
0 23 0 0 0 0 0 0 0 1 535 1041 3925 0 2 1 65842 9203 0 113 4015 15 3 84242 4406 1945 0 0 14542 33 
0 0 0 0 0 0 24980 0 0 1334 356 0 0 68 40 0 0 42 25 0 2 2593 28170 0 0 0 51087 0 0 36 
0 0 22303 0 0 0 38 0 74 506 486 237 0 0 0 62083 0 0 0 0 14174 1 525 1538 747 10 8785 0 0 36 
19 17365 14656 0 24980 38 0 0 4 0 0 0 0 205 0 79 28683 52 0 133 61 63915 0 43347 0 0 0 279 0 0 
81 388 100 0 0 0 0 0 59 0 0 11431 0 65992 0 0 8 12 0 0 13114 1387 0 438 0 85938 12094 34620 0 0 
0 0 37 0 0 74 4 59 0 0 0 548 1628 24 0 0 240 0 8449 7 0 428 98632 0 0 46643 0 0 0 0 
0 0 1148 1 1334 506 0 0 0 0 1 606 0 146 28 0 0 7 1 36 0 0 0 0 0 0 0 21947 1049 0 
5 2526 1 535 356 486 0 0 0 1 0 0 0 63650 67 12676 1033 0 38 0 9 0 0 4099 7 0 72 0 1 3 
10880 0 0 1041 0 237 0 11431 548 606 0 0 30027 2 0 0 8991 0 101 72 0 0 35 169 1532 0 28643 0 135 130 
0 22 0 3925 0 0 0 0 1628 0 0 30027 0 296 0 8393 358 98795 0 0 0 0 5 62 0 22824 0 813 0 0 
0 1 0 0 68 0 205 65992 24 146 63650 2 296 0 0 485 1718 423 0 8607 51151 6 9940 0 949 0 0 302 0 6769 
1922 1322 8662 2 40 0 0 0 0 28 67 0 0 0 0 0 14643 4075 8 1 79 3 0 0 0 0 0 7 0 159 
0 52202 0 1 0 62083 79 0 0 0 12676 0 8393 485 0 0 209 0 0 0 1 95556 3975 0 22 3203 60471 29701 0 0 
36373 0 0 65842 0 0 28683 8 240 0 1033 8991 358 1718 14643 209 0 3 0 0 0 0 0 0 25 0 0 0 0 0 
0 84890 0 9203 42 0 52 12 0 7 0 0 98795 423 4075 0 3 0 0 4123 1437 109 0 125 0 0 85177 14767 0 0 
209 0 11 0 25 0 0 0 8449 1 38 101 0 0 8 0 0 0 0 2 0 0 2317 0 0 2001 10 156 0 0 
344 0 37 113 0 0 133 0 7 36 0 72 0 8607 1 0 0 4123 2 0 22 7931 3 49 0 0 0 0 0 5002 
11834 0 1 4015 2 14174 61 13114 0 0 9 0 0 51151 79 1 0 1437 0 22 0 8329 0 1 214 2 0 0 0 0 
0 196 0 15 2593 1 63915 1387 428 0 0 0 0 6 3 95556 0 109 0 7931 8329 0 1 0 0 0 8523 55 2 594 
0 0 0 3 28170 525 0 0 98632 0 0 35 5 9940 0 3975 0 0 2317 3 0 1 0 0 0 0 59126 0 7450 0 
56359 0 6 84242 0 1538 43347 438 0 0 4099 169 62 0 0 0 0 125 0 49 1 0 0 0 0 0 9 0 0 7 
118 0 0 4406 0 747 0 0 0 0 7 1532 0 949 0 22 25 0 0 0 214 0 0 0 0 48 0 0 0 0 
0 72439 0 1945 0 10 0 85938 46643 0 0 0 22824 0 0 3203 0 0 2001 0 2 0 0 0 48 0 0 0 0 612 
12212 0 1188 0 51087 8785 0 12094 0 0 72 28643 0 0 0 60471 0 85177 10 0 0 8523 59126 9 0 0 0 0 31 243 
15049 0 0 0 0 0 279 34620 0 21947 0 0 813 302 7 29701 0 14767 156 0 0 55 0 0 0 0 0 0 5731 3956 
0 0 848 14542 0 0 0 0 0 1049 1 135 0 0 0 0 0 0 0 0 0 2 7450 0 0 0 31 5731 0 0 
141 1 1 33 36 36 0 0 0 0 3 130 0 6769 159 0 0 0 0 5002 0 594 0 7 0 612 243 3956 0 0 
0 0 1 12049 132 3530 0 1 0 1 0 1 6 369 0 0 0 712 0 33318 8807 2 0 0 0 7 249 0 0 0 
0 0 0 1 24339 0 0 26 1416 0 24003 29639 0 72 0 2 0 1294 64 23 0 1136 19 0 5 0 0 0 225 0 
1 0 0 0 397 452 405 6021 125 1819 388 499 8132 49 0 0 0 192 10556 0 0 21017 6847 6 1390 0 69 0 4 0 
12049 1 0 0 1618 0 77483 0 0 6183 60 0 0 92330 0 0 0 1501 0 0 85 0 0 590 13710 0 51606 0 0 1 
132 24339 397 1618 0 1594 0 2104 18 4 0 30870 0 4004 0 124 1 21842 95 232 0 0 8241 0 0 6475 21744 2 35457 0 
3530 0 452 0 1594 0 9 6 27 2 0 0 77 47 17 18494 619 4 0 0 0 0 0 22 44 6 0 0 3048 0 
0 0 405 77483 0 9 0 275 0 35496 471 31569 0 0 0 0 1 82 0 0 0 1445 0 61102 28 23019 0 0 0 75762 
1 26 6021 0 2104 6 275 0 0 0 0 41558 0 0 0 0 0 0 0 350 0 0 0 250 0 0 0 0 10120 57 
0 1416 125 0 18 27 0 0 0 177 131 0 590 101 3801 0 0 811 29439 594 0 0 0 0 54477 0 126 0 0 0 
1 0 1819 6183 4 2 35496 0 177 0 0 55552 7468 12883 0 76 348 0 0 367 17 2 2 0 1775 0 61 0 29 0 
0 24003 388 60 0 0 471 0 131 0 0 23 1 24988 4000 974 0 0 13362 1345 0 0 0 4129 24 0 11 0 1 54 
1 29639 499 0 30870 0 31569 41558 0 55552 23 0 0 0 0 826 2 2 40 6353 0 0 20 0 0 34 0 0 0 45243 
6 0 8132 0 0 77 0 0 590 7468 1 0 0 0 59760 190 0 1 0 53017 6850 0 0 0 0 84990 0 1304 0 0 
369 72 49 92330 4004 47 0 0 101 12883 24988 0 0 0 0 42613 102 2 0 0 1142 0 0 0 0 381 1 0 0 0 
0 0 0 0 0 17 0 0 3801 0 4000 0 59760 0 0 31 2 0 0 0 3868 34799 1795 0 18 860 0 0 0 0 
0 2 0 0 124 18494 0 0 0 76 974 826 190 42613 31 0 0 23 54 0 14 0 64502 471 0 0 0 140 448 30472 
0 0 0 0 1 619 1 0 0 348 0 2 0 102 2 0 0 582 0 132 4719 3447 7 0 0 3 31 0 0 0 
712 1294 192 1501 21842 4 82 0 811 0 0 2 1 2 0 23 582 0 471 186 0 0 0 8113 0 0 0 5 0 11477 
0 64 10556 0 95 0 0 0 29439 0 13362 40 0 0 0 54 0 471 0 11 2 0 0 5 0 0 0 0 2242 0 
33318 23 0 0 232 0 0 350 594 367 1345 6353 53017 0 0 0 132 186 11 0 0 6010 0 40 0 20255 5943 10 0 0 
8807 0 0 85 0 0 0 0 0 17 0 0 6850 1142 3868 14 4719 0 2 0 0 0 0 8724 0 0 0 2 0 0 
2 1136 21017 0 0 0 1445 0 0 2 0 0 0 0 34799 0 3447 0 0 6010 0 0 0 9212 1 4 4 0 709 57 
0 19 6847 0 8241 0 0 0 0 2 0 20 0 0 1795 64502 7 0 0 0 0 0 0 148 0 2701 19182 134 398 5859 
0 0 6 590 0 22 61102 250 0 0 4129 0 0 0 0 471 0 8113 5 40 8724 9212 148 0 0 10 47970 0 0 3 
0 5 1390 13710 0 44 28 0 54477 1775 24 0 0 0 18 0 0 0 0 0 0 1 0 0 0 0 42 0 9 135 
7 0 0 0 6475 6 23019 0 0 0 0 34 84990 381 860 0 3 0 0 20255 0 4 2701 10 0 0 3254 4882 0 3 
249 0 69 51606 21744 0 0 0 126 61 11 0 0 1 0 0 31 0 0 5943 0 4 19182 47970 42 3254 0 0 0 52032 
0 0 0 0 2 0 0 0 0 0 0 0 1304 0 0 140 0 5 0 10 2 0 134 0 0 4882 0 0 0 10 
0 225 4 0 35457 3048 0 10120 0 29 1 0 0 0 0 448 0 0 2242 0 0 709 398 0 9 0 0 0 0 0 
0 0 0 1 0 0 75762 57 0 0 54 45243 0 0 0 30472 0 11477 0 0 0 57 5859 3 135 3 52032 10 0 0 
