6 4
0 123 17 72 89 90 
123 0 116 51 121 48 
17 116 0 64 101 90 
72 51 64 0 97 39 
89 121 101 97 0 73 
90 48 90 39 73 0 
0 72 0 0 0 40564 
72 0 66866 44390 21936 0 
0 66866 0 0 4 3975 
0 44390 0 0 0 283 
0 21936 4 0 0 12579 
40564 0 3975 283 12579 0 
0 0 229 58990 0 0 
0 0 0 0 0 138 
229 0 0 15 0 0 
58990 0 15 0 259 0 
0 0 0 259 0 0 
0 138 0 0 0 0 
0 0 57 65024 0 0 
0 0 0 0 0 1426 
57 0 0 2093 0 0 
65024 0 2093 0 28 0 
0 0 0 28 0 0 
0 1426 0 0 0 0 
0 0 31 3036 0 0 
0 0 0 0 0 263 
31 0 0 25 0 0 
3036 0 25 0 6 0 
0 0 0 6 0 0 
0 263 0 0 0 0 
