15 4
0 123 17 72 89 90 77 84 122 70 141 118 117 117 58 
123 0 116 51 121 48 96 115 59 63 25 47 40 16 64 
17 116 0 64 101 90 86 66 108 71 133 119 117 113 52 
72 51 64 0 97 39 71 77 62 33 69 64 60 49 13 
89 121 101 97 0 73 26 158 158 64 146 84 88 106 88 
90 48 90 39 73 0 47 116 91 20 73 28 27 34 42 
77 96 86 71 26 47 0 136 132 38 121 63 66 81 63 
84 115 66 77 158 116 136 0 73 105 118 141 136 120 76 
122 59 108 62 158 91 132 73 0 94 51 103 96 73 74 
70 63 71 33 64 20 38 105 94 0 87 48 47 52 29 
141 25 133 69 146 73 121 118 51 87 0 70 64 41 83 
118 47 119 64 84 28 63 141 103 48 70 0 6 30 70 
117 40 117 60 88 27 66 136 96 47 64 6 0 24 67 
117 16 113 49 106 34 81 120 73 52 41 30 24 0 60 
58 64 52 13 88 42 63 76 74 29 83 70 67 60 0 
0 7967 0 2 37201 0 18 0 0 14123 0 97 0 0 0 
7967 0 29 533 2026 39 0 0 0 0 66353 0 0 0 0 
0 29 0 16320 0 5704 0 1245 0 3 0 0 2 0 2994 
2 533 16320 0 1612 0 22 17383 2 0 129 3592 0 98 245 
37201 2026 0 1612 0 0 0 0 53235 0 0 0 0 147 43967 
0 39 5704 0 0 0 0 34 500 0 12578 0 7 3 2 
18 0 0 22 0 0 0 0 0 0 17483 91 47 11 0 
0 0 1245 17383 0 34 0 0 32 0 101 902 0 0 0 
0 0 0 2 53235 500 0 32 0 16999 0 0 2 0 475 
14123 0 3 0 0 0 0 0 16999 0 326 1 0 3667 0 
0 66353 0 129 0 12578 17483 101 0 326 0 69877 0 1163 0 
97 0 0 3592 0 0 91 902 0 1 69877 0 777 1 14920 
0 0 2 0 0 7 47 0 2 0 0 777 0 0 0 
0 0 0 98 147 3 11 0 0 3667 1163 1 0 0 0 
0 0 2994 245 43967 2 0 0 475 0 0 14920 0 0 0 
0 0 0 14 0 123 3 0 0 0 0 0 1 0 0 
0 0 93 1 0 2091 0 0 12531 1329 99 0 10 176 181 
0 93 0 9080 0 0 162 0 6241 0 0 345 0 2221 6388 
14 1 9080 0 5 1 0 0 59 15045 0 385 0 0 0 
0 0 0 5 0 61817 0 243 0 0 14 0 54617 0 3 
123 2091 0 1 61817 0 4514 18 9 0 0 0 0 3757 0 
3 0 162 0 0 4514 0 0 0 2033 0 1923 310 0 0 
0 0 0 0 243 18 0 0 0 0 127 17156 0 615 0 
0 12531 6241 59 0 9 0 0 0 0 0 0 0 2 126 
0 1329 0 15045 0 0 2033 0 0 0 490 0 0 0 41634 
0 99 0 0 14 0 0 127 0 490 0 136 0 122 0 
0 0 345 385 0 0 1923 17156 0 0 136 0 0 5 0 
1 10 0 0 54617 0 310 0 0 0 0 0 0 222 0 
0 176 2221 0 0 3757 0 615 2 0 122 5 222 0 0 
0 181 6388 0 3 0 0 0 126 41634 0 0 0 0 0 
0 14 0 0 18199 0 0 254 4 1884 0 0 3 74 7095 
14 0 0 0 0 23 0 0 0 0 0 49217 0 0 0 
0 0 0 0 0 0 20 165 0 1 87918 0 75 20463 15049 
0 0 0 0 0 0 0 13358 0 0 4066 0 0 0 194 
18199 0 0 0 0 2963 0 0 0 0 1983 0 0 0 10561 
0 23 0 0 2963 0 194 0 23 0 0 0 21 0 34459 
0 0 20 0 0 194 0 0 316 0 59 3 111 3151 62340 
254 0 165 13358 0 0 0 0 0 135 1 515 22967 5 0 
4 0 0 0 0 23 316 0 0 33 151 1 34 0 4 
1884 0 1 0 0 0 0 135 33 0 10 5517 0 8 0 
0 0 87918 4066 1983 0 59 1 151 10 0 0 23 3 158 
0 49217 0 0 0 0 3 515 1 5517 0 0 0 6570 28535 
3 0 75 0 0 21 111 22967 34 0 23 0 0 1723 0 
74 0 20463 0 0 0 3151 5 0 8 3 6570 1723 0 0 
7095 0 15049 194 10561 34459 62340 0 4 0 158 28535 0 0 0 
0 55963 0 0 0 0 0 0 4574 0 0 37874 70 0 13243 
55963 0 0 0 0 44859 0 0 556 2 8 1303 433 43 20 
0 0 0 58 822 1620 99676 0 48216 6 0 3 0 3990 0 
0 0 58 0 1 89 0 140 346 0 0 0 3207 45034 0 
0 0 822 1 0 0 0 0 0 0 234 0 0 0 0 
0 44859 1620 89 0 0 0 146 1636 2 0 0 5 94 42260 
0 0 99676 0 0 0 0 0 0 0 0 1 0 42 1 
0 0 0 140 0 146 0 0 0 0 0 0 0 0 0 
4574 556 48216 346 0 1636 0 0 0 0 5 0 0 0 2252 
0 2 6 0 0 2 0 0 0 0 136 0 430 0 0 
0 8 0 0 234 0 0 0 5 136 0 1093 0 320 4 
37874 1303 3 0 0 0 1 0 0 0 1093 0 0 0 574 
70 433 0 3207 0 5 0 0 0 430 0 0 0 0 18268 
0 43 3990 45034 0 94 42 0 0 0 320 0 0 0 0 
13243 20 0 0 0 42260 1 0 2252 0 4 574 18268 0 0 
