5 3
0 46 118 40 96 
46 0 88 10 53 
118 88 0 85 53 
40 10 85 0 56 
96 53 53 56 0 
0 0 0 0 328 
0 0 0 0 0 
0 0 0 3297 0 
0 0 3297 0 0 
328 0 0 0 0 
0 7 2595 10 0 
7 0 12756 1010 5713 
2595 12756 0 0 1579 
10 1010 0 0 4 
0 5713 1579 4 0 
0 11095 429 23893 0 
11095 0 132 426 20038 
429 132 0 0 4 
23893 426 0 0 2 
0 20038 4 2 0 
