15 4
0 46 118 40 96 98 46 64 2 33 36 47 55 9 108 
46 0 88 10 53 127 3 66 48 60 37 19 78 48 107 
118 88 0 85 53 137 85 71 120 144 83 106 102 125 70 
40 10 85 0 56 117 8 56 42 59 26 26 68 43 98 
96 53 53 56 0 154 51 82 98 112 71 66 108 100 106 
98 127 137 117 154 0 125 72 99 127 90 138 49 106 75 
46 3 85 8 51 125 0 63 48 61 34 22 76 49 104 
64 66 71 56 82 72 63 0 66 97 32 83 30 73 44 
2 48 120 42 98 99 48 66 0 32 38 48 56 7 110 
33 60 144 59 112 127 61 97 32 0 67 48 88 24 142 
36 37 83 26 71 90 34 32 38 67 0 51 41 44 77 
47 19 106 26 66 138 22 83 48 48 51 0 90 45 125 
55 78 102 68 108 49 76 30 56 88 41 90 0 63 62 
9 48 125 43 100 106 49 73 7 24 44 45 63 0 117 
108 107 70 98 106 75 104 44 110 142 77 125 62 117 0 
0 17 0 0 0 2 0 0 0 11 0 7 219 0 0 
17 0 0 0 0 0 45760 467 2 10 0 0 0 0 0 
0 0 0 4896 0 0 183 91240 98969 20298 0 0 11926 0 0 
0 0 4896 0 0 1 20392 2 0 411 0 60031 26 453 8918 
0 0 0 0 0 0 259 7 3182 117 0 0 85 16324 36 
2 0 0 1 0 0 5 0 162 166 0 0 7283 0 19 
0 45760 183 20392 259 5 0 10215 781 0 48 519 0 0 0 
0 467 91240 2 7 0 10215 0 0 85264 0 67425 31 23405 1608 
0 2 98969 0 3182 162 781 0 0 6062 107 0 11789 0 11 
11 10 20298 411 117 166 0 85264 6062 0 0 0 0 35105 0 
0 0 0 0 0 0 48 0 107 0 0 807 0 14 8 
7 0 0 60031 0 0 519 67425 0 0 807 0 0 70317 0 
219 0 11926 26 85 7283 0 31 11789 0 0 0 0 4705 355 
0 0 0 453 16324 0 0 23405 0 35105 14 70317 4705 0 71 
0 0 0 8918 36 19 0 1608 11 0 8 0 355 71 0 
0 44 0 0 1 166 0 0 0 46 0 68 8240 0 0 
44 0 0 0 0 0 5159 6840 0 3 0 0 0 0 0 
0 0 0 4017 0 0 38 65739 4212 30321 0 0 1253 0 0 
0 0 4017 0 0 0 96185 0 0 5585 0 30039 1 2475 31869 
1 0 0 0 0 0 450 44 41 40 0 0 2 1787 213 
166 0 0 0 0 0 44 0 18 326 0 0 12370 1 7 
0 5159 38 96185 450 44 0 4523 81 0 45 632 0 0 0 
0 6840 65739 0 44 0 4523 0 0 10637 0 33497 30 8587 629 
0 0 4212 0 41 18 81 0 0 26960 0 0 1921 0 3 
46 3 30321 5585 40 326 0 10637 26960 0 0 0 0 4851 0 
0 0 0 0 0 0 45 0 0 0 0 2 0 7 30 
68 0 0 30039 0 0 632 33497 0 0 2 0 0 49522 0 
8240 0 1253 1 2 12370 0 30 1921 0 0 0 0 3762 1970 
0 0 0 2475 1787 1 0 8587 0 4851 7 49522 3762 0 203 
0 0 0 31869 213 7 0 629 3 0 30 0 1970 203 0 
0 0 0 0 0 17 0 0 0 0 0 3 214 0 0 
0 0 0 0 0 0 21893 257 2 22 0 0 0 0 0 
0 0 0 18905 0 0 3193 4137 32063 65903 0 0 17100 0 3 
0 0 18905 0 8 19 3710 6 0 1211 0 53706 57 1192 229 
0 0 0 8 0 0 2621 10 3884 204 0 0 204 21298 52 
17 0 0 19 0 0 38 0 5048 22 0 0 37448 0 20 
0 21893 3193 3710 2621 38 0 7960 1 0 1507 6 0 0 0 
0 257 4137 6 10 0 7960 0 0 53784 0 7218 2853 22371 23093 
0 2 32063 0 3884 5048 1 0 0 2261 783 0 848 0 6 
0 22 65903 1211 204 22 0 53784 2261 0 0 0 3 29425 0 
0 0 0 0 0 0 1507 0 783 0 0 499 0 2 5 
3 0 0 53706 0 0 6 7218 0 0 499 0 0 20474 0 
214 0 17100 57 204 37448 0 2853 848 3 0 0 0 18281 48 
0 0 0 1192 21298 0 0 22371 0 29425 2 20474 18281 0 110 
0 0 3 229 52 20 0 23093 6 0 5 0 48 110 0 
0 1 0 0 5 13 0 0 0 10 0 30 71 0 0 
1 0 0 0 0 0 32473 5310 0 39 0 0 0 0 1 
0 0 0 4099 0 0 670 95861 4010 17002 0 0 1903 0 0 
0 0 4099 0 0 4 8525 0 0 1165 0 88 1 10 34478 
5 0 0 0 0 0 0 0 501 8 0 0 671 9041 96 
13 0 0 4 0 0 0 0 131 553 18 0 314 3 57 
0 32473 670 8525 0 0 0 401 136 0 322 0 0 0 0 
0 5310 95861 0 0 0 401 0 0 31011 0 3256 69 3197 1604 
0 0 4010 0 501 131 136 0 0 20153 75 0 36267 0 26 
10 39 17002 1165 8 553 0 31011 20153 0 0 0 0 2455 0 
0 0 0 0 0 18 322 0 75 0 0 1130 0 51 29 
30 0 0 88 0 0 0 3256 0 0 1130 0 0 24037 0 
71 0 1903 1 671 314 0 69 36267 0 0 0 0 2065 95 
0 0 0 10 9041 3 0 3197 0 2455 51 24037 2065 0 11 
0 1 0 34478 96 57 0 1604 26 0 29 0 95 11 0 
