20 4
0 123 17 72 89 90 77 84 122 70 141 118 117 117 58 85 94 145 69 99 
123 0 116 51 121 48 96 115 59 63 25 47 40 16 64 39 31 87 58 23 
17 116 0 64 101 90 86 66 108 71 133 119 117 113 52 81 90 150 68 93 
72 51 64 0 97 39 71 77 62 33 69 64 60 49 13 21 29 104 24 28 
89 121 101 97 0 73 26 158 158 64 146 84 88 106 88 88 93 82 73 107 
90 48 90 39 73 0 47 116 91 20 73 28 27 34 42 20 20 64 22 35 
77 96 86 71 26 47 0 136 132 38 121 63 66 81 63 62 67 73 47 81 
84 115 66 77 158 116 136 0 73 105 118 141 136 120 76 98 104 181 98 96 
122 59 108 62 158 91 132 73 0 94 51 103 96 73 74 71 70 145 85 56 
70 63 71 33 64 20 38 105 94 0 87 48 47 52 29 25 32 79 8 44 
141 25 133 69 146 73 121 118 51 87 0 70 64 41 83 62 55 108 81 43 
118 47 119 64 84 28 63 141 103 48 70 0 6 30 70 43 37 42 50 48 
117 40 117 60 88 27 66 136 96 47 64 6 0 24 67 39 32 48 48 42 
117 16 113 49 106 34 81 120 73 52 41 30 24 0 60 31 22 72 48 24 
58 64 52 13 88 42 63 76 74 29 83 70 67 60 0 29 38 107 21 41 
85 39 81 21 88 20 62 98 71 25 62 43 39 31 29 0 9 83 18 19 
94 31 90 29 93 20 67 104 70 32 55 37 32 22 38 9 0 79 27 14 
145 87 150 104 82 64 73 181 145 79 108 42 48 72 107 83 79 0 85 91 
69 58 68 24 73 22 47 98 85 8 81 50 48 48 21 18 27 85 0 37 
99 23 93 28 107 35 81 96 56 44 43 48 42 24 41 19 14 91 37 0 
0 0 0 28 0 31205 0 0 0 0 0 8 0 116 0 6056 0 350 2 0 
0 0 0 1678 378 0 5050 0 23 0 0 29752 78 0 283 0 0 0 4 0 
0 0 0 345 0 4218 24647 0 814 0 0 59690 1 0 0 0 66283 0 3002 0 
28 1678 345 0 1233 0 0 1094 0 0 0 2 0 3 8478 0 17580 0 1 0 
0 378 0 1233 0 868 0 739 1070 0 8104 0 1117 8 0 0 0 0 24219 75611 
31205 0 4218 0 868 0 5 0 0 93 757 0 132 0 1986 117 21157 0 1 0 
0 5050 24647 0 0 5 0 22282 0 949 33 0 16933 0 0 0 1 0 4102 349 
0 0 0 1094 739 0 22282 0 0 0 0 0 2 23 0 0 167 0 10 53 
0 23 814 0 1070 0 0 0 0 0 26 64 19 0 9060 0 0 0 9935 0 
0 0 0 0 0 93 949 0 0 0 0 265 0 57083 0 16323 2 1 2074 75246 
0 0 0 0 8104 757 33 0 26 0 0 0 3752 4946 0 0 0 89 0 2793 
8 29752 59690 2 0 0 0 0 64 265 0 0 0 4017 2 46855 2 14358 1 15071 
0 78 1 0 1117 132 16933 2 19 0 3752 0 0 0 346 289 422 0 3194 0 
116 0 0 3 8 0 0 23 0 57083 4946 4017 0 0 0 17304 0 0 846 54655 
0 283 0 8478 0 1986 0 0 9060 0 0 2 346 0 0 77655 38669 0 2 0 
6056 0 0 0 0 117 0 0 0 16323 0 46855 289 17304 77655 0 2 0 77752 44 
0 0 66283 17580 0 21157 1 167 0 2 0 2 422 0 38669 2 0 619 41 0 
350 0 0 0 0 0 0 0 0 1 89 14358 0 0 0 0 619 0 122 0 
2 4 3002 1 24219 1 4102 10 9935 2074 0 1 3194 846 2 77752 41 122 0 4 
0 0 0 0 75611 0 349 53 0 75246 2793 15071 0 54655 0 44 0 0 4 0 
0 0 7 0 15 1664 11375 0 0 0 0 701 0 5990 6918 611 406 2 89 15 
0 0 0 802 39311 126 11974 0 0 0 0 0 0 2429 0 0 0 17 0 0 
7 0 0 0 98 3023 0 14 0 37258 9766 769 6 5701 0 0 0 0 142 0 
0 802 0 0 77605 1 0 14718 0 0 0 11 65396 2 38 0 0 14405 0 8 
15 39311 98 77605 0 0 0 2 0 0 0 0 26550 1 36616 0 52 0 2 0 
1664 126 3023 1 0 0 1262 0 0 0 9747 578 0 0 1631 0 0 12630 2451 15 
11375 11974 0 0 0 1262 0 337 1914 0 0 0 2 14 48741 8 107 0 4870 56449 
0 0 14 14718 2 0 337 0 0 0 0 0 0 21 1 32 0 1 0 1 
0 0 0 0 0 0 1914 0 0 0 189 0 48729 0 964 1057 0 3 0 0 
0 0 37258 0 0 0 0 0 0 0 0 0 1 24 0 0 0 0 462 0 
0 0 9766 0 0 9747 0 0 189 0 0 3 98202 0 6473 0 0 2 1432 2 
701 0 769 11 0 578 0 0 0 0 3 0 2285 0 3517 1 12795 5 1 0 
0 0 6 65396 26550 0 2 0 48729 1 98202 2285 0 30 22424 0 0 0 0 27 
5990 2429 5701 2 1 0 14 21 0 24 0 0 30 0 4078 72 0 28 264 0 
6918 0 0 38 36616 1631 48741 1 964 0 6473 3517 22424 4078 0 0 5 0 18362 1 
611 0 0 0 0 0 8 32 1057 0 0 1 0 72 0 0 0 0 0 40 
406 0 0 0 52 0 107 0 0 0 0 12795 0 0 5 0 0 0 0 490 
2 17 0 14405 0 12630 0 1 3 0 2 5 0 28 0 0 0 0 0 0 
89 0 142 0 2 2451 4870 0 0 462 1432 1 0 264 18362 0 0 0 0 557 
15 0 0 8 0 15 56449 1 0 0 2 0 27 0 1 40 490 0 557 0 
0 0 0 4135 0 39732 0 0 0 0 0 83 0 0 0 376 0 782 0 686 
0 0 0 0 3344 1828 7228 37 650 0 4541 74 1393 3022 2 42470 16223 45 80 1081 
0 0 0 23 10620 150 0 0 0 2952 2 170 0 1 0 15 0 0 0 2 
4135 0 23 0 0 9493 0 55 0 26 41938 0 0 0 0 0 0 55 2 0 
0 3344 10620 0 0 0 12 0 21705 59 0 0 0 2 137 140 0 0 0 410 
39732 1828 150 9493 0 0 7 10 34935 5369 0 0 131 15430 1 0 0 0 0 5340 
0 7228 0 0 12 7 0 95735 0 0 0 0 0 0 34 3 0 94414 2 221 
0 37 0 55 0 10 95735 0 259 2341 0 3 0 4032 0 1139 0 2 0 0 
0 650 0 0 21705 34935 0 259 0 181 0 0 64012 0 714 0 0 2 3899 0 
0 0 2952 26 59 5369 0 2341 181 0 1 72743 0 3083 206 0 4086 31221 0 1 
0 4541 2 41938 0 0 0 0 0 1 0 0 0 0 0 71 3797 0 2117 32 
83 74 170 0 0 0 0 3 0 72743 0 0 616 0 2592 0 21 44 7 0 
0 1393 0 0 0 131 0 0 64012 0 0 616 0 0 12 44386 671 6 43 11899 
0 3022 1 0 2 15430 0 4032 0 3083 0 0 0 0 0 931 0 0 0 111 
0 2 0 0 137 1 34 0 714 206 0 2592 12 0 0 944 0 0 1089 0 
376 42470 15 0 140 0 3 1139 0 0 71 0 44386 931 944 0 34 0 0 0 
0 16223 0 0 0 0 0 0 0 4086 3797 21 671 0 0 34 0 3682 0 170 
782 45 0 55 0 0 94414 2 2 31221 0 44 6 0 0 0 3682 0 2720 100 
0 80 0 2 0 0 2 0 3899 0 2117 7 43 0 1089 0 0 2720 0 72336 
686 1081 2 0 410 5340 221 0 0 1 32 0 11899 111 0 0 170 100 72336 0 
0 0 0 1604 558 0 19290 0 0 0 0 56 0 6766 33225 0 4008 0 0 46905 
0 0 0 64573 1 22768 0 7549 66 0 150 0 0 0 6 0 0 0 1001 0 
0 0 0 0 0 1 0 0 10 23 2126 2507 0 62 362 0 0 780 188 12 
1604 64573 0 0 0 285 0 3205 0 7600 0 81 0 6 1438 10974 836 3763 0 13382 
558 1 0 0 0 60 15006 714 44156 0 0 129 5078 0 41 6383 6 35 0 8032 
0 22768 1 285 60 0 12210 12 0 2 0 0 1 35698 0 21 0 3077 1 0 
19290 0 0 0 15006 12210 0 21135 0 0 349 0 0 0 0 22714 0 740 0 0 
0 7549 0 3205 714 12 21135 0 784 2074 208 179 13 0 0 0 30330 48 0 0 
0 66 10 0 44156 0 0 784 0 0 354 11 0 430 0 0 0 0 0 0 
0 0 23 7600 0 2 0 2074 0 0 0 36 4 771 5 0 48648 9 0 3591 
0 150 2126 0 0 0 349 208 354 0 0 0 55264 2 0 0 3 0 22325 27246 
56 0 2507 81 129 0 0 179 11 36 0 0 0 0 708 0 2 0 0 0 
0 0 0 0 5078 1 0 13 0 4 55264 0 0 0 2950 0 1625 162 7 0 
6766 0 62 6 0 35698 0 0 430 771 2 0 0 0 0 30 27 0 2 0 
33225 6 362 1438 41 0 0 0 0 5 0 708 2950 0 0 0 0 21267 238 0 
0 0 0 10974 6383 21 22714 0 0 0 0 0 0 30 0 0 26146 0 0 0 
4008 0 0 836 6 0 0 30330 0 48648 3 2 1625 27 0 26146 0 57 0 0 
0 0 780 3763 35 3077 740 48 0 9 0 0 162 0 21267 0 57 0 0 0 
0 1001 188 0 0 1 0 0 0 0 22325 0 7 2 238 0 0 0 0 15870 
46905 0 12 13382 8032 0 0 0 0 3591 27246 0 0 0 0 0 0 0 15870 0 
