6 3
0 59 64 103 62 95 
59 0 70 49 40 62 
64 70 0 118 33 51 
103 49 118 0 85 94 
62 40 33 85 0 33 
95 62 51 94 33 0 
0 894 19 0 40667 0 
894 0 0 0 0 0 
19 0 0 0 9 87694 
0 0 0 0 93 18968 
40667 0 9 93 0 4 
0 0 87694 18968 4 0 
0 0 0 295 0 172 
0 0 8 12733 4 1458 
0 8 0 27 0 1385 
295 12733 27 0 17 0 
0 4 0 17 0 0 
172 1458 1385 0 0 0 
0 0 0 220 3 12523 
0 0 133 23845 4415 13 
0 133 0 0 2316 0 
220 23845 0 0 0 0 
3 4415 2316 0 0 0 
12523 13 0 0 0 0 
