7 3
0 59 64 103 62 95 95 
59 0 70 49 40 62 36 
64 70 0 118 33 51 89 
103 49 118 0 85 94 38 
62 40 33 85 0 33 56 
95 62 51 94 33 0 57 
95 36 89 38 56 57 0 
0 228 0 0 0 0 1 
228 0 0 0 0 24948 0 
0 0 0 40667 0 0 0 
0 0 40667 0 87694 0 70 
0 0 0 87694 0 23657 0 
0 24948 0 0 23657 0 25 
1 0 0 70 0 25 0 
0 0 26058 13594 0 3 0 
0 0 7735 0 172 0 7811 
26058 7735 0 0 1458 6076 167 
13594 0 0 0 1385 5 0 
0 172 1458 1385 0 0 22838 
3 0 6076 5 0 0 0 
0 7811 167 0 22838 0 0 
0 50072 15583 0 2 315 0 
50072 0 2 4 12523 0 3590 
15583 2 0 3 13 2907 68 
0 4 3 0 0 0 0 
2 12523 13 0 0 0 558 
315 0 2907 0 0 0 0 
0 3590 68 0 558 0 0 
