7 2
0 59 64 103 62 95 95 
59 0 70 49 40 62 36 
64 70 0 118 33 51 89 
103 49 118 0 85 94 38 
62 40 33 85 0 33 56 
95 62 51 94 33 0 57 
95 36 89 38 56 57 0 
0 37449 337 59142 0 81 0 
37449 0 228 0 0 24943 12733 
337 228 0 0 150 0 5686 
59142 0 0 0 0 2879 1144 
0 0 150 0 0 0 0 
81 24943 0 2879 0 0 0 
0 12733 5686 1144 0 0 0 
0 0 0 0 284 0 3659 
0 0 0 1 930 0 0 
0 0 0 2576 0 21 0 
0 1 2576 0 26058 0 0 
284 930 0 26058 0 295 3 
0 0 21 0 295 0 189 
3659 0 0 0 3 189 0 
