30 4
0 59 64 103 62 95 95 48 90 88 90 112 64 139 74 53 26 148 87 89 78 107 103 6 100 177 116 85 94 32 
59 0 70 49 40 62 36 46 31 30 43 69 27 80 26 37 59 91 39 30 28 48 85 53 62 119 57 26 35 49 
64 70 0 118 33 51 89 98 88 95 64 73 48 126 97 33 87 124 64 86 63 108 150 62 58 154 114 86 89 33 
103 49 118 0 85 94 38 68 34 23 68 88 69 56 28 85 93 77 65 36 58 23 68 97 90 97 30 33 37 98 
62 40 33 85 0 33 56 78 55 62 34 51 15 94 66 8 77 96 33 53 30 75 125 57 38 126 81 53 55 32 
95 62 51 94 33 0 57 107 59 71 25 22 37 82 84 42 110 75 28 57 37 76 147 91 7 104 78 61 57 65 
95 36 89 38 56 57 0 77 6 17 31 50 41 44 39 58 95 55 29 6 25 20 100 89 52 83 25 11 1 78 
48 46 98 68 78 107 77 0 71 63 90 115 69 117 41 71 27 133 86 71 75 81 55 45 108 159 90 66 76 65 
90 31 88 34 55 59 6 71 0 12 34 55 39 49 33 57 89 61 31 2 25 20 94 84 56 89 27 5 5 75 
88 30 95 23 62 71 17 63 12 0 46 67 46 53 23 63 84 69 43 14 35 19 82 82 68 95 28 10 16 78 
90 43 64 68 34 25 31 90 34 46 0 25 25 61 61 41 99 61 3 32 15 51 124 84 22 92 53 36 32 65 
112 69 73 88 51 22 50 115 55 67 25 0 49 63 86 60 123 54 29 53 40 67 148 107 15 82 66 58 51 84 
64 27 48 69 15 37 41 69 39 46 25 49 0 81 52 17 74 86 23 37 16 60 112 58 38 116 66 37 40 40 
139 80 126 56 94 82 44 117 49 53 61 63 81 0 75 99 137 23 62 50 65 36 125 133 74 41 27 54 45 121 
74 26 97 28 66 84 39 41 33 23 61 86 52 75 0 64 65 92 58 34 47 39 62 69 83 117 49 28 38 73 
53 37 33 85 8 42 58 71 57 63 41 60 17 99 64 0 69 102 39 55 34 77 120 48 46 132 83 54 58 24 
26 59 87 93 77 110 95 27 89 84 99 123 74 137 65 69 0 150 95 88 85 103 79 26 113 178 112 83 93 54 
148 91 124 77 96 75 55 133 61 69 61 54 86 23 92 102 150 0 63 62 70 55 146 142 68 30 47 67 57 126 
87 39 64 65 33 28 29 86 31 43 3 29 23 62 58 39 95 63 0 29 11 49 121 81 25 93 52 33 29 63 
89 30 86 36 53 57 6 71 2 14 32 53 37 50 34 55 88 62 29 0 23 22 95 83 54 89 29 5 5 73 
78 28 63 58 30 37 25 75 25 35 15 40 16 65 47 34 85 70 11 23 0 45 110 72 35 100 50 25 25 56 
107 48 108 23 75 76 20 81 20 19 51 67 60 36 39 77 103 55 49 22 45 0 91 101 71 77 9 23 20 95 
103 85 150 68 125 147 100 55 94 82 124 148 112 125 62 120 79 146 121 95 110 91 0 100 146 164 99 90 98 119 
6 53 62 97 57 91 89 45 84 82 84 107 58 133 69 48 26 142 81 83 72 101 100 0 95 171 110 79 88 29 
100 62 58 90 38 7 52 108 56 68 22 15 38 74 83 46 113 68 25 54 35 71 146 95 0 97 72 58 53 70 
177 119 154 97 126 104 83 159 89 95 92 82 116 41 117 132 178 30 93 89 100 77 164 171 97 0 68 94 84 156 
116 57 114 30 81 78 25 90 27 28 53 66 66 27 49 83 112 47 52 29 50 9 99 110 72 68 0 31 25 102 
85 26 86 33 53 61 11 66 5 10 36 58 37 54 28 54 83 67 33 5 25 23 90 79 58 94 31 0 10 72 
94 35 89 37 55 57 1 76 5 16 32 51 40 45 38 58 93 57 29 5 25 20 98 88 53 84 25 10 0 78 
32 49 33 98 32 65 78 65 75 78 65 84 40 121 73 24 54 126 63 73 56 95 119 29 70 156 102 72 78 0 
0 12049 0 356 12 0 0 0 0 1119 1 0 0 0 0 0 0 6261 315 0 0 0 6 1 566 0 1 4 0 1148 
12049 0 0 6559 0 0 0 1 273 5731 0 50280 12 0 0 86 0 0 74 0 0 0 0 0 0 0 4141 0 0 0 
0 0 0 0 48993 619 0 0 0 13 0 0 1146 7 0 0 0 337 0 0 6586 0 0 0 5553 20 0 46707 0 0 
356 6559 0 0 0 0 22228 0 0 0 74 0 1 4673 0 0 11 0 180 0 0 0 0 0 10 7 0 0 0 662 
12 0 48993 0 0 2125 3 0 0 36346 120 0 3627 0 135 5 37777 0 0 2952 1280 0 32 4 1186 0 20467 0 6895 0 
0 0 619 0 2125 0 0 89200 0 0 0 413 0 16 16639 0 0 0 0 3 0 18 0 1 3 0 0 30104 9 0 
0 0 0 22228 3 0 0 61102 789 0 0 0 0 0 0 0 17152 103 0 0 1686 529 1793 7 4 0 14935 717 21 0 
0 1 0 0 0 89200 61102 0 0 0 40187 0 0 64250 2 0 0 0 7234 2 0 0 0 3 1120 37 2878 31 545 0 
0 273 0 0 0 0 789 0 0 0 0 0 4 50 0 0 59 0 0 479 0 18252 59 1661 0 83 11 1 12076 0 
1119 5731 13 0 36346 0 0 0 0 0 0 36 0 1 5 0 4898 1 1393 657 0 115 21 253 37 4 0 7814 73 13 
1 0 0 74 120 0 0 40187 0 0 0 197 285 0 0 3 0 0 0 10 177 2 7 312 4720 0 100 0 78234 95 
0 50280 0 0 0 413 0 0 0 36 197 0 51 0 0 0 8 0 58 0 1150 0 114 0 0 0 34 135 0 25 
0 12 1146 1 3627 0 0 0 4 0 285 51 0 2 0 157 0 0 0 72 50 0 2 60 1936 0 8888 0 0 1 
0 0 7 4673 0 16 0 64250 50 1 0 0 2 0 10 0 11 3551 0 192 1463 0 74122 0 0 43655 0 0 0 3012 
0 0 0 0 135 16639 0 2 0 5 0 0 0 10 0 0 0 14263 38447 0 0 0 0 47226 40848 0 0 0 0 12 
0 86 0 0 5 0 0 0 0 0 3 0 157 0 0 0 0 0 5514 54011 17 7 0 0 0 0 16 291 3 11 
0 0 0 11 37777 0 17152 0 59 4898 0 8 0 11 0 0 0 432 13078 2 7475 25636 27179 1177 7358 0 1 0 0 61873 
6261 0 337 0 0 0 103 0 0 1 0 0 0 3551 14263 0 432 0 0 0 0 80 82130 0 0 0 150 235 0 0 
315 74 0 180 0 0 0 7234 0 1393 0 58 0 0 38447 5514 13078 0 0 0 918 0 0 30 0 236 1926 537 0 1389 
0 0 0 0 2952 3 0 2 479 657 10 0 72 192 0 54011 2 0 0 0 3562 2 16 7 2321 9 0 0 235 175 
0 0 6586 0 1280 0 1686 0 0 0 177 1150 50 1463 0 17 7475 0 918 3562 0 731 518 0 5 0 0 0 13156 0 
0 0 0 0 0 18 529 0 18252 115 2 0 0 0 0 7 25636 80 0 2 731 0 0 0 1551 0 0 0 80849 33 
6 0 0 0 32 0 1793 0 59 21 7 114 2 74122 0 0 27179 82130 0 16 518 0 0 0 161 8848 202 0 62364 0 
1 0 0 0 4 1 7 3 1661 253 312 0 60 0 47226 0 1177 0 30 7 0 0 0 0 10 0 0 0 0 21 
566 0 5553 10 1186 3 4 1120 0 37 4720 0 1936 0 40848 0 7358 0 0 2321 5 1551 161 10 0 0 0 0 0 56544 
0 0 20 7 0 0 0 37 83 4 0 0 0 43655 0 0 0 0 236 9 0 0 8848 0 0 0 0 0 1015 5895 
1 4141 0 0 20467 0 14935 2878 11 0 100 34 8888 0 0 16 1 150 1926 0 0 0 202 0 0 0 0 14524 0 0 
4 0 46707 0 0 30104 717 31 1 7814 0 135 0 0 0 291 0 235 537 0 0 0 0 0 0 0 14524 0 298 0 
0 0 0 0 6895 9 21 545 12076 73 78234 0 0 0 0 3 0 0 0 235 13156 80849 62364 0 0 1015 0 298 0 0 
1148 0 0 662 0 0 0 0 0 13 95 25 1 3012 12 11 61873 0 1389 175 0 33 0 21 56544 5895 0 0 0 0 
0 0 0 0 0 5144 1 39216 1 0 2 524 216 693 6242 229 14 0 0 0 1 23743 0 0 0 346 0 0 657 0 
0 0 1 0 72 45 361 0 0 0 0 0 1 6 3755 3 76 5380 0 4237 1050 48096 2039 2149 5840 0 0 840 11374 131 
0 1 0 1175 0 0 36 17259 32006 0 245 5 0 0 10 23 1483 0 9 223 0 1833 1459 13550 0 1 53005 0 37097 24832 
0 0 1175 0 270 10809 0 447 554 673 0 348 0 0 76 20 3 0 0 0 4324 15897 26606 5 0 0 0 85 98457 0 
0 72 0 270 0 0 6 24 51554 0 0 29031 0 29431 0 0 0 0 0 0 0 295 0 0 0 3175 0 2 0 0 
5144 45 0 10809 0 0 153 0 1785 477 583 0 4 0 0 443 69 1 21502 1 7 0 1468 2 3 295 37626 0 0 6 
1 361 36 0 6 153 0 0 0 359 2066 1916 2936 22738 1048 78 0 0 5036 1147 0 0 0 0 0 0 0 0 0 8 
39216 0 17259 447 24 0 0 0 5393 98768 0 166 311 0 2 812 88 0 0 0 2177 2 3473 0 0 0 0 0 0 0 
1 0 32006 554 51554 1785 0 5393 0 949 87 5 0 0 0 52129 0 1981 15 0 126 0 0 0 37 0 2 0 0 13152 
0 0 0 673 0 477 359 98768 949 0 420 0 3339 3 0 300 0 0 0 0 23 0 0 0 0 0 136 0 0 0 
2 0 245 0 0 583 2066 0 87 420 0 0 0 51 3654 0 20 17 7962 0 0 0 2 0 0 8356 0 9087 0 0 
524 0 5 348 29031 0 1916 166 5 0 0 0 0 0 1468 211 6 31622 1 632 0 0 0 149 1 725 0 0 5472 0 
216 1 0 0 0 4 2936 311 0 3339 0 0 0 0 78 0 470 43287 1742 0 0 20319 0 0 0 1355 0 4691 3 199 
693 6 0 0 29431 0 22738 0 0 3 51 0 0 0 0 1479 0 0 886 0 0 6 0 8137 44 0 135 13955 1559 0 
6242 3755 10 76 0 0 1048 2 0 0 3654 1468 78 0 0 5 1138 0 0 701 115 3 421 0 0 58 9041 37798 2 0 
229 3 23 20 0 443 78 812 52129 300 0 211 0 1479 5 0 2 19835 0 0 0 0 2609 3 29 5 4 0 0 0 
14 76 1483 3 0 69 0 88 0 0 20 6 470 0 1138 2 0 0 0 30 0 0 0 0 0 1 0 1 1956 0 
0 5380 0 0 0 1 0 0 1981 0 17 31622 43287 0 0 19835 0 0 15 1019 29 0 0 21 53504 3736 0 0 29 472 
0 0 9 0 0 21502 5036 0 15 0 7962 1 1742 886 0 0 0 15 0 0 0 139 10933 1 3 0 0 0 8004 0 
0 4237 223 0 0 1 1147 0 0 0 0 632 0 0 701 0 30 1019 0 0 0 16 0 0 0 0 5143 3144 0 0 
1 1050 0 4324 0 7 0 2177 126 23 0 0 0 0 115 0 0 29 0 0 0 0 0 295 4 95571 1826 2450 0 4 
23743 48096 1833 15897 295 0 0 2 0 0 0 0 20319 6 3 0 0 0 139 16 0 0 10 3 0 58870 2 3 0 0 
0 2039 1459 26606 0 1468 0 3473 0 0 2 0 0 0 421 2609 0 0 10933 0 0 10 0 42310 0 0 1 3 0 2 
0 2149 13550 5 0 2 0 0 0 0 0 149 0 8137 0 3 0 21 1 0 295 3 42310 0 0 192 1 0 34 0 
0 5840 0 0 0 3 0 0 37 0 0 1 0 44 0 29 0 53504 3 0 4 0 0 0 0 877 24 14 3 0 
346 0 1 0 3175 295 0 0 0 0 8356 725 1355 0 58 5 1 3736 0 0 95571 58870 0 192 877 0 62079 8 0 0 
0 0 53005 0 0 37626 0 0 2 136 0 0 0 135 9041 4 0 0 0 5143 1826 2 1 1 24 62079 0 0 434 155 
0 840 0 85 2 0 0 0 0 0 9087 0 4691 13955 37798 0 1 0 0 3144 2450 3 3 0 14 8 0 0 0 922 
657 11374 37097 98457 0 0 0 0 0 0 0 5472 3 1559 2 0 1956 29 8004 0 0 0 0 34 3 0 434 0 0 317 
0 131 24832 0 0 6 8 0 13152 0 0 0 199 0 0 0 0 472 0 0 4 0 2 0 0 0 155 922 317 0 
0 0 34 0 0 18883 2 33066 11 0 0 304 2 63073 45959 97695 0 0 0 161 215 88869 0 0 0 73031 5 0 18156 0 
0 0 0 0 2 0 664 0 0 0 839 0 0 90 214 0 8043 245 0 215 77 650 31604 0 96062 0 0 10212 37214 13 
34 0 0 25 0 0 275 4013 9719 0 290 21 0 0 373 0 440 0 4 0 0 49866 94 7977 0 0 3940 0 1280 10440 
0 0 25 0 125 3448 0 101 249 48440 0 2452 9 0 28 0 0 60 0 0 86504 5841 18351 87 0 0 13 1759 964 0 
0 2 0 125 0 0 1 1498 8652 0 0 33981 0 96894 0 23 0 6 61 0 0 1066 0 0 0 8865 0 0 0 3825 
18883 0 0 3448 0 0 0 0 173 1843 337 0 40 0 0 83 8192 11 71479 4 694 0 26234 3 3 4 25290 0 0 24 
2 664 275 0 1 0 0 0 0 149 38059 53781 698 46062 98 12136 0 0 1563 86 0 0 0 0 0 0 0 0 0 2 
33066 0 4013 101 1498 0 0 0 4076 46418 0 5 3205 0 0 8 97 2 0 0 307 2618 503 0 0 0 0 0 0 0 
11 0 9719 249 8652 173 0 4076 0 5 0 16 15 0 34 11030 9 1175 2 0 22104 0 0 0 25 0 0 0 0 19209 
0 0 0 48440 0 1843 149 46418 5 0 4790 0 419 5 0 0 0 0 0 0 10 0 0 0 4 0 5712 0 0 0 
0 839 290 0 0 337 38059 0 0 4790 0 0 0 1 3565 17 0 604 4607 0 0 8 0 0 0 6942 0 9256 0 0 
304 0 21 2452 33981 0 53781 5 16 0 0 0 0 2 122 9006 0 71919 0 3752 0 3 0 0 36 95115 0 0 55430 0 
2 0 0 9 0 40 698 3205 15 419 0 0 0 0 0 0 1251 44 480 0 0 6 0 0 0 234 0 60 40 5 
63073 90 0 0 96894 0 46062 0 0 5 1 2 0 0 1 367 0 0 21 0 0 0 0 420 0 0 2287 6029 100 0 
45959 214 373 28 0 0 98 0 34 0 3565 122 0 1 0 576 732 0 0 593 26 11 2005 0 0 20171 20106 316 2 0 
97695 0 0 0 23 83 12136 8 11030 0 17 9006 0 367 576 0 2 2123 0 0 0 0 25 1 107 98 0 0 0 0 
0 8043 440 0 0 8192 0 97 9 0 0 0 1251 0 732 2 0 0 0 0 0 0 0 0 0 537 0 10 547 0 
0 245 0 60 6 11 0 2 1175 0 604 71919 44 0 0 2123 0 0 33 780 0 0 0 88 46462 242 0 0 3 44256 
0 0 4 0 61 71479 1563 0 2 0 4607 0 480 21 0 0 0 33 0 3 0 2 798 0 23 0 0 0 3595 0 
161 215 0 0 0 4 86 0 0 0 0 3752 0 0 593 0 0 780 3 0 0 0 0 0 0 0 21 6922 0 0 
215 77 0 86504 0 694 0 307 22104 10 0 0 0 0 26 0 0 0 0 0 0 0 0 3108 0 257 63798 629 0 121 
88869 650 49866 5841 1066 0 0 2618 0 0 8 3 6 0 11 0 0 0 2 0 0 0 815 6 0 42615 182 0 0 0 
0 31604 94 18351 0 26234 0 503 0 0 0 0 0 0 2005 25 0 0 798 0 0 815 0 1611 0 0 0 1 0 991 
0 0 7977 87 0 3 0 0 0 0 0 0 0 420 0 1 0 88 0 0 3108 6 1611 0 0 4 134 69 36368 0 
0 96062 0 0 0 3 0 0 25 4 0 36 0 0 0 107 0 46462 23 0 0 0 0 0 0 181 1195 1039 0 0 
73031 0 0 0 8865 4 0 0 0 0 6942 95115 234 0 20171 98 537 242 0 0 257 42615 0 4 181 0 45870 2 0 0 
5 0 3940 13 0 25290 0 0 0 5712 0 0 0 2287 20106 0 0 0 0 21 63798 182 0 134 1195 45870 0 0 61546 9 
0 10212 0 1759 0 0 0 0 0 0 9256 0 60 6029 316 0 10 0 0 6922 629 0 1 69 1039 2 0 0 0 153 
18156 37214 1280 964 0 0 0 0 0 0 0 55430 40 100 2 0 547 3 3595 0 0 0 0 36368 0 0 61546 0 0 2 
0 13 10440 0 3825 24 2 0 19209 0 0 0 5 0 0 0 0 44256 0 0 121 0 991 0 0 0 9 153 2 0 
0 0 0 0 0 14253 5 826 29 0 0 41048 3 10386 83658 1465 0 0 0 0 18 24890 0 0 0 51638 0 1 456 0 
0 0 0 0 3 34 149 3 0 0 769 0 0 125 1974 0 56 1023 0 13360 3 77153 16427 2 301 3 0 39131 66468 654 
0 0 0 138 0 0 269 4062 79457 0 19 2 0 0 23 21 7137 0 56 533 0 2802 13 3979 0 0 7424 0 8239 25547 
0 0 138 0 124 8030 0 8727 30725 13 0 527 78 0 3504 376 0 56 0 1 2008 22328 2127 3 0 0 13 1567 1706 0 
0 3 0 124 0 0 0 0 6829 0 0 19360 0 85 0 0 0 0 0 0 0 17502 0 0 0 4882 0 1 0 138 
14253 34 0 8030 0 0 254 0 11826 2 439 0 1598 0 0 185 3385 18 6687 0 503 0 1308 0 0 582 7055 0 0 5 
5 149 269 0 0 254 0 0 0 125 15929 16151 3919 1410 215 14387 0 0 2087 1346 0 0 0 0 0 3 0 0 0 3 
826 3 4062 8727 0 0 0 0 88225 6035 0 21 220 0 0 184 56 101 0 207 336 8567 55605 29 0 0 0 0 0 0 
29 0 79457 30725 6829 11826 0 88225 0 4371 0 0 40 0 65 13211 0 741 1 0 189 0 0 0 0 0 0 0 0 788 
0 0 0 13 0 2 125 6035 4371 0 794 0 68 1 0 555 0 5 0 0 27 0 0 0 0 0 3839 0 0 0 
0 769 19 0 0 439 15929 0 0 794 0 0 0 1 82407 0 4 2024 972 0 0 1 6 0 0 28332 0 8279 0 0 
41048 0 2 527 19360 0 16151 21 0 0 0 0 0 0 1979 83 0 65254 1 1 0 0 0 0 1 87409 0 0 54668 0 
3 0 0 78 0 1598 3919 220 40 68 0 0 0 0 8 0 16 340 6 0 0 1886 0 1 0 1504 0 1519 140 2 
10386 125 0 0 85 0 1410 0 0 1 1 0 0 0 2 207 0 0 26 0 0 0 0 385 4 0 18339 4375 1480 0 
83658 1974 23 3504 0 0 215 0 65 0 82407 1979 8 2 0 1414 16565 0 0 371 5 0 9507 0 0 9693 4230 61358 129 0 
1465 0 21 376 0 185 14387 184 13211 555 0 83 0 207 1414 0 8 7149 0 0 0 0 4146 757 11 35 0 0 0 0 
0 56 7137 0 0 3385 0 56 0 0 4 0 16 0 16565 8 0 0 0 0 0 0 0 0 0 0 0 1 4103 0 
0 1023 0 56 0 18 0 101 741 5 2024 65254 340 0 0 7149 0 0 14 841 20 0 0 3 27678 731 0 1 4 112 
0 0 56 0 0 6687 2087 0 1 0 972 1 6 26 0 0 0 14 0 18 0 1 3187 6 2433 0 0 0 9217 0 
0 13360 533 1 0 0 1346 207 0 0 0 1 0 0 371 0 0 841 18 0 0 0 0 0 0 0 15984 6 0 0 
18 3 0 2008 0 503 0 336 189 27 0 0 0 0 5 0 0 20 0 0 0 0 0 244 1 7 1076 2176 0 11 
24890 77153 2802 22328 17502 0 0 8567 0 0 1 0 1886 0 0 0 0 0 1 0 0 0 46 0 0 10242 0 0 0 0 
0 16427 13 2127 0 1308 0 55605 0 0 6 0 0 0 9507 4146 0 0 3187 0 0 46 0 206 0 0 0 3 0 22 
0 2 3979 3 0 0 0 29 0 0 0 0 1 385 0 757 0 3 6 0 244 0 206 0 0 38 77 12 1365 0 
0 301 0 0 0 0 0 0 0 0 0 1 0 4 0 11 0 27678 2433 0 1 0 0 0 0 0 7861 4966 50 0 
51638 3 0 0 4882 582 3 0 0 0 28332 87409 1504 0 9693 35 0 731 0 0 7 10242 0 38 0 0 16087 105 0 0 
0 0 7424 13 0 7055 0 0 0 3839 0 0 0 18339 4230 0 0 0 0 15984 1076 0 0 77 7861 16087 0 0 10197 1805 
1 39131 0 1567 1 0 0 0 0 0 8279 0 1519 4375 61358 0 1 1 0 6 2176 0 3 12 4966 105 0 0 0 241 
456 66468 8239 1706 0 0 0 0 0 0 0 54668 140 1480 129 0 4103 4 9217 0 0 0 0 1365 50 0 10197 0 0 0 
0 654 25547 0 138 5 3 0 788 0 0 0 2 0 0 0 0 112 0 0 11 0 22 0 0 0 1805 241 0 0 
