6 3
0 123 17 72 89 90 
123 0 116 51 121 48 
17 116 0 64 101 90 
72 51 64 0 97 39 
89 121 101 97 0 73 
90 48 90 39 73 0 
0 0 6 6 0 275 
0 0 67111 0 0 3 
6 67111 0 0 0 0 
6 0 0 0 8598 0 
0 0 0 8598 0 1789 
275 3 0 0 1789 0 
0 0 2 2 0 7802 
0 0 1209 0 0 2 
2 1209 0 0 0 0 
2 0 0 0 60 0 
0 0 0 60 0 80 
7802 2 0 0 80 0 
0 0 196 188 0 38 
0 0 227 0 0 0 
196 227 0 0 0 0 
188 0 0 0 35015 2 
0 0 0 35015 0 123 
38 0 0 2 123 0 
