50 4
0 59 64 103 62 95 95 48 90 88 90 112 64 139 74 53 26 148 87 89 78 107 103 6 100 177 116 85 94 32 58 33 140 154 91 89 149 95 129 136 69 115 101 157 54 90 105 87 127 110 
59 0 70 49 40 62 36 46 31 30 43 69 27 80 26 37 59 91 39 30 28 48 85 53 62 119 57 26 35 49 19 41 84 96 32 30 99 39 70 86 73 69 42 98 15 31 60 28 82 56 
64 70 0 118 33 51 89 98 88 95 64 73 48 126 97 33 87 124 64 86 63 108 150 62 58 154 114 86 89 33 53 83 147 156 86 84 168 106 127 100 125 78 97 140 80 90 70 87 153 86 
103 49 118 0 85 94 38 68 34 23 68 88 69 56 28 85 93 77 65 36 58 23 68 97 90 97 30 33 37 98 65 74 38 53 38 38 50 11 35 90 81 85 32 73 48 31 81 32 37 63 
62 40 33 85 0 33 56 78 55 62 34 51 15 94 66 8 77 96 33 53 30 75 125 57 38 126 81 53 55 32 21 66 113 123 53 51 135 74 94 77 106 55 64 110 53 57 45 54 121 57 
95 62 51 94 33 0 57 107 59 71 25 22 37 82 84 42 110 75 28 57 37 76 147 91 7 104 78 61 57 65 46 97 112 117 56 55 139 82 90 49 135 27 64 93 77 62 20 61 131 41 
95 36 89 38 56 57 0 77 6 17 31 50 41 44 39 58 95 55 29 6 25 20 100 89 52 83 25 11 1 78 40 76 58 67 4 6 82 27 38 57 100 48 8 62 47 8 43 10 75 27 
48 46 98 68 78 107 77 0 71 63 90 115 69 117 41 71 27 133 86 71 75 81 55 45 108 159 90 66 76 65 60 15 106 121 74 72 107 64 101 132 28 116 80 136 31 70 107 68 82 102 
90 31 88 34 55 59 6 71 0 12 34 55 39 49 33 57 89 61 31 2 25 20 94 84 56 89 27 5 5 75 38 70 58 68 4 4 81 23 41 63 94 53 11 67 41 3 47 3 71 33 
88 30 95 23 62 71 17 63 12 0 46 67 46 53 23 63 84 69 43 14 35 19 82 82 68 95 28 10 16 78 43 65 53 65 16 16 72 11 40 74 84 65 17 72 36 9 59 10 60 45 
90 43 64 68 34 25 31 90 34 46 0 25 25 61 61 41 99 61 3 32 15 51 124 84 22 92 53 36 32 65 32 83 87 94 30 30 114 57 66 45 116 26 39 76 58 37 17 36 106 22 
112 69 73 88 51 22 50 115 55 67 25 0 49 63 86 60 123 54 29 53 40 67 148 107 15 82 66 58 51 84 57 108 98 101 51 51 128 77 76 27 142 5 56 73 84 58 8 57 125 26 
64 27 48 69 15 37 41 69 39 46 25 49 0 81 52 17 74 86 23 37 16 60 112 58 38 116 66 37 40 40 8 60 98 108 37 36 119 58 79 71 97 51 49 98 41 41 41 38 105 47 
139 80 126 56 94 82 44 117 49 53 61 63 81 0 75 99 137 23 62 50 65 36 125 133 74 41 27 54 45 121 83 118 42 40 48 50 74 54 23 49 136 59 38 18 89 49 61 52 82 40 
74 26 97 28 66 84 39 41 33 23 61 86 52 75 0 64 65 92 58 34 47 39 62 69 83 117 49 28 38 73 45 46 66 80 37 35 76 23 59 96 61 84 40 94 20 31 77 29 56 66 
53 37 33 85 8 42 58 71 57 63 41 60 17 99 64 0 69 102 39 55 34 77 120 48 46 132 83 54 58 24 20 58 115 125 55 53 135 74 97 85 99 63 67 115 48 58 53 55 119 63 
26 59 87 93 77 110 95 27 89 84 99 123 74 137 65 69 0 150 95 88 85 103 79 26 113 178 112 83 93 54 66 19 131 145 91 89 135 88 124 144 43 125 99 156 48 88 115 85 110 115 
148 91 124 77 96 75 55 133 61 69 61 54 86 23 92 102 150 0 63 62 70 55 146 142 68 30 47 67 57 126 90 132 65 61 59 61 97 73 46 31 154 49 52 20 102 63 55 65 105 39 
87 39 64 65 33 28 29 86 31 43 3 29 23 62 58 39 95 63 0 29 11 49 121 81 25 93 52 33 29 63 29 79 86 93 27 27 112 54 65 48 113 29 37 77 55 34 20 33 103 24 
89 30 86 36 53 57 6 71 2 14 32 53 37 50 34 55 88 62 29 0 23 22 95 83 54 89 29 5 5 73 36 70 60 70 2 2 83 25 42 62 94 51 12 68 40 5 45 4 73 32 
78 28 63 58 30 37 25 75 25 35 15 40 16 65 47 34 85 70 11 23 0 45 110 72 35 100 50 25 25 56 20 68 83 92 22 21 106 47 64 59 101 41 33 81 43 28 32 26 96 31 
107 48 108 23 75 76 20 81 20 19 51 67 60 36 39 77 103 55 49 22 45 0 91 101 71 77 9 23 20 95 58 84 38 48 22 24 62 18 21 67 100 64 12 54 55 18 60 21 58 41 
103 85 150 68 125 147 100 55 94 82 124 148 112 125 62 120 79 146 121 95 110 91 0 100 146 164 99 90 98 119 104 71 95 110 98 97 80 74 102 156 39 147 97 141 72 91 140 91 53 127 
6 53 62 97 57 91 89 45 84 82 84 107 58 133 69 48 26 142 81 83 72 101 100 0 95 171 110 79 88 29 52 29 135 148 85 83 144 89 123 130 68 109 95 151 48 84 99 81 122 104 
100 62 58 90 38 7 52 108 56 68 22 15 38 74 83 46 113 68 25 54 35 71 146 95 0 97 72 58 53 70 47 99 106 111 52 52 134 79 84 42 135 19 59 86 77 59 13 58 127 35 
177 119 154 97 126 104 83 159 89 95 92 82 116 41 117 132 178 30 93 89 100 77 164 171 97 0 68 94 84 156 120 159 73 63 87 89 103 95 62 57 177 77 78 23 130 89 84 92 117 69 
116 57 114 30 81 78 25 90 27 28 53 66 66 27 49 83 112 47 52 29 50 9 99 110 72 68 0 31 25 102 65 93 34 42 28 30 62 26 13 62 109 62 16 45 64 26 60 29 61 39 
85 26 86 33 53 61 11 66 5 10 36 58 37 54 28 54 83 67 33 5 25 23 90 79 58 94 31 0 10 72 35 65 61 72 8 7 82 21 44 68 89 57 16 72 35 5 50 2 70 37 
94 35 89 37 55 57 1 76 5 16 32 51 40 45 38 58 93 57 29 5 25 20 98 88 53 84 25 10 0 78 40 75 58 67 3 5 82 26 39 58 99 49 8 63 45 7 44 8 74 28 
32 49 33 98 32 65 78 65 75 78 65 84 40 121 73 24 54 126 63 73 56 95 119 29 70 156 102 72 78 0 37 50 132 144 75 73 148 88 116 109 92 87 86 138 53 76 77 73 129 87 
58 19 53 65 21 46 40 60 38 43 32 57 8 83 45 20 66 90 29 36 20 58 104 52 47 120 65 35 40 37 0 51 96 106 37 35 115 54 79 78 89 58 48 100 32 39 48 36 100 51 
33 41 83 74 66 97 76 15 70 65 83 108 60 118 46 58 19 132 79 70 68 84 71 29 99 159 93 65 75 50 51 0 112 127 72 70 118 69 105 127 42 109 80 137 29 69 99 67 94 98 
140 84 147 38 113 112 58 106 58 53 87 98 98 42 66 115 131 65 86 60 83 38 95 135 106 73 34 61 58 132 96 112 0 15 60 62 32 45 22 90 116 94 49 51 86 56 94 59 44 72 
154 96 156 53 123 117 67 121 68 65 94 101 108 40 80 125 145 61 93 70 92 48 110 148 111 63 42 72 67 144 106 127 15 0 70 71 40 58 28 89 132 97 58 43 99 67 98 70 58 76 
91 32 86 38 53 56 4 74 4 16 30 51 37 48 37 55 91 59 27 2 22 22 98 85 52 87 28 8 3 75 37 72 60 70 0 2 84 27 42 59 97 49 11 66 43 7 43 7 75 29 
89 30 84 38 51 55 6 72 4 16 30 51 36 50 35 53 89 61 27 2 21 24 97 83 52 89 30 7 5 73 35 70 62 71 2 0 85 27 43 60 96 49 13 68 41 7 43 6 75 30 
149 99 168 50 135 139 82 107 81 72 114 128 119 74 76 135 135 97 112 83 106 62 80 144 134 103 62 82 82 148 115 118 32 40 84 85 0 61 54 122 110 124 75 83 97 78 122 81 27 101 
95 39 106 11 74 82 27 64 23 11 57 77 58 54 23 74 88 73 54 25 47 18 74 89 79 95 26 21 26 88 54 69 45 58 27 27 61 0 36 82 82 75 23 72 41 20 70 21 49 53 
129 70 127 35 94 90 38 101 41 40 66 76 79 23 59 97 124 46 65 42 64 21 102 123 84 62 13 44 39 116 79 105 22 28 42 43 54 36 0 68 117 72 30 38 76 39 71 43 59 49 
136 86 100 90 77 49 57 132 63 74 45 27 71 49 96 85 144 31 48 62 59 67 156 130 42 57 62 68 58 109 78 127 90 89 59 60 122 82 68 0 156 23 59 52 100 65 32 66 124 30 
69 73 125 81 106 135 100 28 94 84 116 142 97 136 61 99 43 154 113 94 101 100 39 68 135 177 109 89 99 92 89 42 116 132 97 96 110 82 117 156 0 142 101 154 58 92 133 90 83 126 
115 69 78 85 55 27 48 116 53 65 26 5 51 59 84 63 125 49 29 51 41 64 147 109 19 77 62 57 49 87 58 109 94 97 49 49 124 75 72 23 142 0 53 68 84 56 9 56 122 23 
101 42 97 32 64 64 8 80 11 17 39 56 49 38 40 67 99 52 37 12 33 12 97 95 59 78 16 16 8 86 48 80 49 58 11 13 75 23 30 59 101 53 0 56 51 11 49 14 69 30 
157 98 140 73 110 93 62 136 67 72 76 73 98 18 94 115 156 20 77 68 81 54 141 151 86 23 45 72 63 138 100 137 51 43 66 68 83 72 38 52 154 68 56 0 107 67 72 70 95 53 
54 15 80 48 53 77 47 31 41 36 58 84 41 89 20 48 48 102 55 40 43 55 72 48 77 130 64 35 45 53 32 29 86 99 43 41 97 41 76 100 58 84 51 107 0 40 75 37 76 70 
90 31 90 31 57 62 8 70 3 9 37 58 41 49 31 58 88 63 34 5 28 18 91 84 59 89 26 5 7 76 39 69 56 67 7 7 78 20 39 65 92 56 11 67 40 0 50 3 68 35 
105 60 70 81 45 20 43 107 47 59 17 8 41 61 77 53 115 55 20 45 32 60 140 99 13 84 60 50 44 77 48 99 94 98 43 43 122 70 71 32 133 9 49 72 75 50 0 50 118 21 
87 28 87 32 54 61 10 68 3 10 36 57 38 52 29 55 85 65 33 4 26 21 91 81 58 92 29 2 8 73 36 67 59 70 7 6 81 21 43 66 90 56 14 70 37 3 50 0 70 36 
127 82 153 37 121 131 75 82 71 60 106 125 105 82 56 119 110 105 103 73 96 58 53 122 127 117 61 70 74 129 100 94 44 58 75 75 27 49 59 124 83 122 69 95 76 68 118 70 0 99 
110 56 86 63 57 41 27 102 33 45 22 26 47 40 66 63 115 39 24 32 31 41 127 104 35 69 39 37 28 87 51 98 72 76 29 30 101 53 49 30 126 23 30 53 70 35 21 36 99 0 
0 0 4168 0 94926 0 0 0 0 15 0 87327 0 56115 4792 0 6 9822 391 0 11375 5 0 3 2427 13669 0 1 2023 0 49 14 119 24498 20248 0 0 0 46 0 0 0 48423 0 0 0 1 0 0 26 
0 0 0 0 1724 11 3 422 0 0 0 8 0 754 12520 0 9 670 128 35420 0 1 0 0 2 1 2658 0 0 0 0 0 0 4373 0 0 0 64 0 277 5613 0 4627 6 0 121 0 1045 0 10 
4168 0 0 0 4118 31437 3321 1149 65543 88 0 0 541 849 0 0 30 0 12 0 2859 1690 0 0 0 0 134 2208 0 0 0 9 1645 0 0 156 0 484 0 0 656 0 4327 0 18256 665 0 0 2 17753 
0 0 0 0 0 0 7402 4435 0 0 6048 731 13 126 0 6007 9 0 0 7393 0 0 109 0 42 108 0 28 2006 0 0 20375 347 7 0 0 1 27705 24410 0 7947 0 0 20 0 0 0 36162 28078 13476 
94926 1724 4118 0 0 28 273 0 79 16354 7 39 0 2 47 224 0 0 0 99 3 1 0 0 0 38 1 0 0 0 0 0 1125 0 104 31851 4386 0 0 0 3 880 8 6441 1976 0 0 42083 3238 0 
0 11 31437 0 28 0 0 0 3 0 106 41 0 48 6 9 6139 0 1545 0 0 87 0 131 0 0 12392 0 166 1 0 1524 331 226 0 12066 0 33649 0 0 15 0 0 0 34 10 0 0 8773 0 
0 3 3321 7402 273 0 0 2840 0 1215 2 225 0 40695 30800 0 263 3 0 0 659 22 0 0 0 0 0 0 0 6149 0 0 3809 0 7470 33 61680 0 0 26403 3 0 0 0 0 0 0 16391 0 0 
0 422 1149 4435 0 0 2840 0 10771 0 0 671 1 36125 27 4495 0 0 6052 0 0 0 0 0 3705 0 1890 0 11 515 3 0 0 0 0 0 0 18657 254 0 2159 879 4 105 0 0 0 0 84876 2533 
0 0 65543 0 79 3 0 10771 0 0 0 0 0 0 0 383 3512 0 0 6 2369 0 0 0 0 0 191 0 0 0 4 0 0 12 70 2 49301 0 0 0 0 0 0 0 0 0 6987 0 28919 687 
15 0 88 0 16354 0 1215 0 0 0 0 40 11499 0 45 1550 0 33 0 4626 0 12513 10242 0 0 0 1 0 1 690 0 0 0 0 0 0 6 0 62289 19309 1 4 12 211 12 4473 0 0 777 0 
0 0 0 6048 7 106 2 0 0 0 0 1420 7 0 41 0 0 0 3 2 0 0 0 0 0 2 419 6 7663 7721 3 0 0 8 0 4291 167 429 0 9360 50 0 0 48 13 536 5 128 3243 0 
87327 8 0 731 39 41 225 671 0 40 1420 0 32 0 130 6 0 0 88657 0 0 10 29797 33352 32315 24437 371 1 0 0 0 586 3 0 0 19461 0 1 0 17702 156 19 103 1731 0 0 1216 8781 0 9 
0 0 541 13 0 0 0 1 0 11499 7 32 0 84417 49 45210 0 0 0 74143 728 0 21627 0 26511 6224 0 0 0 1622 0 0 514 0 0 0 25 13677 7919 386 41223 5 33189 0 2 0 0 0 0 7 
56115 754 849 126 2 48 40695 36125 0 0 0 0 84417 0 0 0 0 0 0 10 0 151 0 121 567 0 1 2 0 0 19 0 6991 1 0 6854 0 1 0 2 270 7163 18 0 31984 0 8990 0 87 2864 
4792 12520 0 0 47 6 30800 27 0 45 41 130 49 0 0 0 0 13 0 0 0 0 2168 23650 154 53447 1 0 0 5861 0 292 0 8 55144 89511 12 1 115 0 7 0 0 5 0 8326 0 0 12576 75611 
0 0 0 6007 224 9 0 4495 383 1550 0 6 45210 0 0 0 0 31581 0 0 12 82 0 1537 117 1 75262 0 20961 25247 11035 0 0 0 0 0 5141 9 0 0 21 0 0 0 584 0 2049 0 0 0 
6 9 30 9 0 6139 263 0 3512 0 0 0 0 0 0 0 0 12731 0 2 0 53 1730 0 6041 0 1 3 13 3 110 0 24 12370 0 15873 0 6994 2116 0 0 0 0 20 0 65 16 0 6 0 
9822 670 0 0 0 0 3 0 0 33 0 0 0 0 13 31581 12731 0 101 27 11877 0 326 0 17784 2 0 165 1 0 0 0 83775 26 260 0 4 0 0 0 0 4 0 0 6249 0 11 5358 5074 2340 
391 128 12 0 0 1545 0 6052 0 0 3 88657 0 0 0 0 0 101 0 0 0 178 0 0 0 0 0 0 24522 0 4493 0 0 28 0 1910 46 9 0 0 29402 9 0 0 214 15008 13046 0 0 2865 
0 35420 0 7393 99 0 0 0 6 4626 2 0 74143 10 0 0 2 27 0 0 3312 0 2 0 0 19 0 0 0 771 7 673 0 0 0 0 0 0 0 18 0 0 0 0 70 1936 44646 2710 0 84352 
11375 0 2859 0 3 0 659 0 2369 0 0 0 728 0 0 12 0 11877 0 3312 0 0 13 0 0 0 1 0 0 0 0 0 0 0 4508 0 0 30 0 0 0 1 34 5 18 1796 77 31062 230 61445 
5 1 1690 0 1 87 22 0 0 12513 0 10 0 151 0 82 53 0 178 0 0 0 812 7 723 0 0 1 0 0 396 1 2 0 0 0 0 0 4152 1847 9 0 3 14235 0 0 0 0 0 0 
0 0 0 109 0 0 0 0 0 10242 0 29797 21627 0 2168 0 1730 326 0 2 13 812 0 1590 6559 2328 12568 0 0 24 0 61950 1 0 4 0 4 0 0 0 5172 0 4 0 99884 0 0 0 0 1706 
3 0 0 0 0 131 0 0 0 0 0 33352 0 121 23650 1537 0 0 0 0 0 7 1590 0 1 64 0 0 0 0 0 434 0 0 0 0 10 39213 0 0 10 5 0 85384 518 5834 77 141 2 22 
2427 2 0 42 0 0 0 3705 0 0 0 32315 26511 567 154 117 6041 17784 0 0 0 723 6559 1 0 39027 0 0 4886 23916 1921 0 0 0 0 0 0 9 0 0 96313 25 2085 0 0 22923 0 0 143 0 
13669 1 0 108 38 0 0 0 0 0 2 24437 6224 0 53447 1 0 2 0 19 0 0 2328 64 39027 0 0 0 0 0 0 19797 35 0 36985 1 230 0 190 61 0 0 10876 0 0 26 1 0 0 0 
0 2658 134 0 1 12392 0 1890 191 1 419 371 0 1 1 75262 1 0 0 0 1 0 12568 0 0 0 0 4209 0 0 149 0 20824 4781 38 0 0 0 27 0 46 1 0 36444 13551 40848 0 67599 0 41719 
1 0 2208 28 0 0 0 0 0 0 6 1 0 2 0 0 3 165 0 0 0 1 0 0 0 0 4209 0 0 0 19 0 63078 6093 113 1 0 0 0 14413 427 140 0 0 0 0 786 19589 0 2 
2023 0 0 2006 0 166 0 11 0 1 7663 0 0 0 0 20961 13 1 24522 0 0 0 0 0 4886 0 0 0 0 0 7 3 0 0 16 0 35 0 0 0 0 94 13 0 0 0 0 0 40 3998 
0 0 0 0 0 1 6149 515 0 690 7721 0 1622 0 5861 25247 3 0 0 771 0 0 24 0 23916 0 0 0 0 0 0 0 0 1 39391 0 0 67583 0 0 2 0 0 0 4603 0 0 1 0 0 
49 0 0 0 0 0 0 3 4 0 3 0 0 19 0 11035 110 0 4493 7 0 396 0 0 1921 0 149 19 7 0 0 3744 0 0 19 2 44 696 17224 9 71 3904 0 17515 0 9913 0 0 80419 7 
14 0 9 20375 0 1524 0 0 0 0 0 586 0 0 292 0 0 0 0 673 0 1 61950 434 0 19797 0 0 3 0 3744 0 0 16 26536 0 0 0 0 9969 0 2 0 1430 116 48 0 0 73928 0 
119 0 1645 347 1125 331 3809 0 0 0 0 3 514 6991 0 0 24 83775 0 0 0 2 1 0 0 35 20824 63078 0 0 0 0 0 0 92597 0 0 74284 0 30 0 0 0 662 0 10385 0 0 0 234 
24498 4373 0 7 0 226 0 0 12 0 8 0 0 1 8 0 12370 26 28 0 0 0 0 0 0 0 4781 6093 0 1 0 16 0 0 0 0 0 0 0 0 0 1233 253 0 25398 22 0 0 0 14 
20248 0 0 0 104 0 7470 0 70 0 0 0 0 0 55144 0 0 260 0 0 4508 0 4 0 0 36985 38 113 16 39391 19 26536 92597 0 0 0 40 0 28 0 0 16 0 0 68 14 29723 18 357 0 
0 0 156 0 31851 12066 33 0 2 0 4291 19461 0 6854 89511 0 15873 0 1910 0 0 0 0 0 0 1 0 1 0 0 2 0 0 0 0 0 28007 947 0 0 0 0 56272 0 0 3 402 0 49 62661 
0 0 0 1 4386 0 61680 0 49301 6 167 0 25 0 12 5141 0 4 46 0 0 0 4 10 0 230 0 0 35 0 44 0 0 0 40 28007 0 19 31556 60274 0 0 0 0 21 5401 21 176 173 17 
0 64 484 27705 0 33649 0 18657 0 0 429 1 13677 1 1 9 6994 0 9 0 30 0 0 39213 9 0 0 0 0 67583 696 0 74284 0 0 947 19 0 286 6139 0 4 0 34 0 0 0 404 0 0 
46 0 0 24410 0 0 0 254 0 62289 0 0 7919 0 115 0 2116 0 0 0 0 4152 0 0 0 190 27 0 0 0 17224 0 0 0 28 0 31556 286 0 0 0 0 242 0 0 2 177 0 6 14179 
0 277 0 0 0 0 26403 0 0 19309 9360 17702 386 2 0 0 0 0 0 18 0 1847 0 0 0 61 0 14413 0 0 9 9969 30 0 0 0 60274 6139 0 0 612 21431 0 0 0 0 0 0 0 7 
0 5613 656 7947 3 15 3 2159 0 1 50 156 41223 270 7 21 0 0 29402 0 0 9 5172 10 96313 0 46 427 0 2 71 0 0 0 0 0 0 0 0 612 0 0 0 8 24552 0 0 36 756 2507 
0 0 0 0 880 0 0 879 0 4 0 19 5 7163 0 0 0 4 9 0 1 0 0 5 25 0 1 140 94 0 3904 2 0 1233 16 0 0 4 0 21431 0 0 0 721 82741 0 1055 9113 0 0 
48423 4627 4327 0 8 0 0 4 0 12 0 103 33189 18 0 0 0 0 0 0 34 3 4 0 2085 10876 0 0 13 0 0 0 0 253 0 56272 0 0 242 0 0 0 0 0 1 0 0 1059 1 0 
0 6 0 20 6441 0 0 105 0 211 48 1731 0 0 5 0 20 0 0 0 5 14235 0 85384 0 0 36444 0 0 0 17515 1430 662 0 0 0 0 34 0 0 8 721 0 0 0 5 133 119 2 0 
0 0 18256 0 1976 34 0 0 0 12 13 0 2 31984 0 584 0 6249 214 70 18 0 99884 518 0 0 13551 0 0 4603 0 116 0 25398 68 0 21 0 0 0 24552 82741 1 0 0 67622 0 89659 100 0 
0 121 665 0 0 10 0 0 0 4473 536 0 0 0 8326 0 65 0 15008 1936 1796 0 0 5834 22923 26 40848 0 0 0 9913 48 10385 22 14 3 5401 0 2 0 0 0 0 5 67622 0 0 1 24 0 
1 0 0 0 0 0 0 0 6987 0 5 1216 0 8990 0 2049 16 11 13046 44646 77 0 0 77 0 1 0 786 0 0 0 0 0 0 29723 402 21 0 177 0 0 1055 0 133 0 0 0 0 2 18796 
0 1045 0 36162 42083 0 16391 0 0 0 128 8781 0 0 0 0 0 5358 0 2710 31062 0 0 141 0 0 67599 19589 0 1 0 0 0 0 18 0 176 404 0 0 36 9113 1059 119 89659 1 0 0 0 0 
0 0 2 28078 3238 8773 0 84876 28919 777 3243 0 0 87 12576 0 6 5074 0 0 230 0 0 2 143 0 0 0 40 0 80419 73928 0 0 357 49 173 0 6 0 756 0 1 2 100 24 2 0 0 0 
26 10 17753 13476 0 0 0 2533 687 0 0 9 7 2864 75611 0 0 2340 2865 84352 61445 0 1706 22 0 0 41719 2 3998 0 7 0 234 14 0 62661 17 0 14179 7 2507 0 0 0 0 0 18796 0 0 0 
0 6066 0 0 5759 0 21 0 0 1091 51594 14 0 4568 3 0 0 0 10 0 0 34560 10 537 11907 3 44653 114 0 0 0 16556 13917 0 0 0 0 0 0 0 39 0 289 1 17 5 0 0 0 0 
6066 0 0 0 86416 0 1224 0 1161 22348 0 3020 0 0 596 0 0 0 6 0 0 0 9222 0 26535 0 65414 4957 8800 75724 0 61721 1351 44898 0 0 2 0 0 0 2915 28029 0 92428 0 0 0 884 284 4 
0 0 0 4518 14731 0 2298 56721 66999 27565 19 0 0 0 82 18484 468 0 16 0 0 22310 14 1289 0 88846 3017 2 0 0 539 0 2 0 71300 0 8 0 0 0 0 139 3 0 0 0 679 0 159 205 
0 0 4518 0 0 25 3826 85 0 0 6 0 21 81 53 0 0 0 0 0 2 24760 0 0 1 0 0 2088 0 0 0 1327 170 0 41 0 18 0 0 0 1 0 0 0 5287 3 2430 23 0 2 
5759 86416 14731 0 0 0 318 0 25 0 0 0 0 33 0 0 30 282 3 0 2 0 66192 0 1 0 1929 4 2164 8016 0 13 0 4113 0 0 453 53 0 4 1035 5 747 0 3070 49 3 1 0 3 
0 0 0 25 0 0 1 0 0 1642 3962 8 0 16943 0 1877 0 0 0 60 0 1 4 6480 0 0 0 0 534 1399 0 45156 439 199 327 70609 0 5 46 1 11474 0 0 91673 0 250 316 6 1 0 
21 1224 2298 3826 318 1 0 9366 0 3 6925 0 0 41 0 78484 2420 7580 4102 1 0 0 0 0 315 0 0 0 0 0 0 357 8 1337 58221 0 0 0 598 0 0 0 77994 12486 0 0 42 0 0 213 
0 0 56721 85 0 0 9366 0 0 41922 7991 1467 317 1038 15 0 25118 0 0 0 0 0 0 0 0 5 2 0 17 3 0 0 16761 6580 948 0 0 0 425 3 1 0 3893 34 66594 66 0 0 0 50 
0 1161 66999 0 25 0 0 0 0 0 0 0 96 0 11 0 0 19 32 331 0 0 0 166 0 0 8 2234 808 7 0 3049 0 0 34500 0 4 0 11 0 25 0 0 7950 313 0 161 0 0 0 
1091 22348 27565 0 0 1642 3 41922 0 0 0 0 1 5390 0 0 0 0 33 192 0 0 0 587 0 42 2976 2 33 10432 23255 0 195 2 15435 0 0 0 0 0 0 0 1042 0 49 0 0 0 73635 105 
51594 0 19 6 0 3962 6925 7991 0 0 0 0 0 10 43981 2 0 109 0 0 2010 0 62366 0 0 91929 0 160 10 0 0 19 0 5916 2017 0 1779 0 55 17518 443 0 32 0 0 0 18996 0 0 0 
14 3020 0 0 0 8 0 1467 0 0 0 0 0 17 28395 0 11 0 9 0 73981 4 0 0 10259 3548 0 0 0 473 1336 0 5442 4 0 415 150 0 14 0 27 500 0 0 0 724 0 0 2 0 
0 0 0 21 0 0 0 317 96 1 0 0 0 71507 1333 0 5187 0 47249 0 3806 0 19 0 0 20400 0 14 0 4928 62715 2 6261 0 0 107 4 0 0 90248 2 298 840 18480 0 929 0 0 3606 338 
4568 0 0 81 33 16943 41 1038 0 5390 10 17 71507 0 0 0 2252 0 0 1 0 568 0 0 62642 23648 0 0 0 0 20 151 0 0 2 5 0 0 0 0 0 4 0 6542 748 0 0 0 23 3 
3 596 82 53 0 0 0 15 11 0 43981 28395 1333 0 0 15640 457 254 0 26648 1 0 20 3248 0 0 0 80 0 1206 2 0 0 0 0 1109 0 2 0 22093 0 3 0 18 24845 470 4 0 9659 14623 
0 0 18484 0 0 1877 78484 0 0 0 2 0 0 0 15640 0 1074 0 223 167 0 98714 0 75077 0 28863 9 5 49 0 0 0 0 0 0 1285 0 4 0 0 626 50 0 1 0 0 0 2144 222 0 
0 0 468 0 30 0 2420 25118 0 0 0 11 5187 2252 457 1074 0 223 14 5947 0 0 119 26 0 38472 4024 53068 163 0 565 0 0 0 6408 0 0 14 0 1138 13 0 0 0 0 6 0 1 0 14 
0 0 0 0 282 0 7580 0 19 0 109 0 0 0 254 0 223 0 0 0 0 0 0 0 0 6205 16639 18802 0 0 0 0 0 2 0 48008 0 600 618 0 11 14 7 7774 0 0 20787 0 6 0 
10 6 16 0 3 0 4102 0 32 33 0 9 47249 0 0 223 14 0 0 18395 0 0 7 2008 5211 4 9863 0 0 0 25 3 0 0 0 29 373 1815 0 0 25636 0 2 0 0 0 21055 885 0 0 
0 0 0 0 0 60 1 0 331 192 0 0 0 1 26648 167 5947 0 18395 0 757 727 15 4 0 7 1 10 1 15 0 0 2 3 0 0 82809 0 0 0 13 29435 0 595 1275 0 0 1 0 4 
0 0 0 2 2 0 0 0 0 0 2010 73981 3806 0 1 0 0 0 0 757 0 0 0 12831 64 0 145 28829 0 699 30507 51799 0 0 12 0 10 20154 0 0 0 643 47829 0 50 0 0 0 31555 21 
34560 0 22310 24760 0 1 0 0 0 0 0 4 0 568 0 98714 0 0 0 727 0 0 6 16 0 0 3 0 2982 1 17229 468 0 0 0 2 0 0 0 0 0 0 0 10 17 48 0 16402 1 66 
10 9222 14 0 66192 4 0 0 0 0 62366 0 19 0 20 0 119 0 7 15 0 6 0 104 0 1 0 8 0 0 0 0 0 944 0 0 0 0 5842 0 18 1 75 4 858 299 13406 69258 0 0 
537 0 1289 0 0 6480 0 0 166 587 0 0 0 0 3248 75077 26 0 2008 4 12831 16 104 0 0 0 76976 0 0 74 0 0 0 5984 7234 0 54346 0 0 69272 0 0 21793 40 0 0 0 78 0 914 
11907 26535 0 1 1 0 315 0 0 0 0 10259 0 62642 0 0 0 0 5211 0 64 0 0 0 0 0 2 5439 2 5045 1 0 0 11306 3074 1 30274 69 55 42 46428 3 0 12168 3168 0 0 14 4 0 
3 0 88846 0 0 0 0 5 0 42 91929 3548 20400 23648 0 28863 38472 6205 4 7 0 0 1 0 0 0 0 0 88673 11 0 0 103 0 0 0 72 0 13 0 828 70 0 0 0 0 0 2 0 0 
44653 65414 3017 0 1929 0 0 2 8 2976 0 0 0 0 0 9 4024 16639 9863 1 145 3 0 76976 2 0 0 0 1115 0 2665 0 0 0 0 0 7 18 0 0 0 0 0 277 0 48797 670 9541 0 35 
114 4957 2 2088 4 0 0 0 2234 2 160 0 14 0 80 5 53068 18802 0 10 28829 0 8 0 5439 0 0 0 38326 52331 0 778 0 0 0 16 0 0 10 0 0 0 15699 0 0 0 764 6385 0 0 
0 8800 0 0 2164 534 0 17 808 33 10 0 0 0 0 49 163 0 0 1 0 2982 0 0 2 88673 1115 38326 0 0 9 188 0 21328 0 1267 0 0 8330 0 10057 0 1301 0 1720 0 17739 21 0 0 
0 75724 0 0 8016 1399 0 3 7 10432 0 473 4928 0 1206 0 0 0 0 15 699 1 0 74 5045 11 0 52331 0 0 0 0 2376 0 0 30 23665 1 0 13400 0 67836 11 60 77 920 271 366 225 0 
0 0 539 0 0 0 0 0 0 23255 0 1336 62715 20 2 0 565 0 25 0 30507 17229 0 0 1 0 2665 0 9 0 0 0 0 0 322 0 0 2733 86 309 3765 0 3303 44230 0 1 0 0 300 67 
16556 61721 0 1327 13 45156 357 0 3049 0 19 0 2 151 0 0 0 0 3 0 51799 468 0 0 0 0 0 778 188 0 0 0 0 0 110 0 4 0 0 0 0 0 0 0 11 0 0 800 0 0 
13917 1351 2 170 0 439 8 16761 0 195 0 5442 6261 0 0 0 0 0 0 2 0 0 0 0 0 103 0 0 0 2376 0 0 0 0 0 0 0 0 4367 343 31 314 0 8129 20 0 0 0 0 0 
0 44898 0 0 4113 199 1337 6580 0 2 5916 4 0 0 0 0 0 2 0 3 0 0 944 5984 11306 0 0 0 21328 0 0 0 0 0 9474 43192 7831 0 0 0 86 35122 226 0 12504 0 5 0 4417 0 
0 0 71300 41 0 327 58221 948 34500 15435 2017 0 0 2 0 0 6408 0 0 0 12 0 0 7234 3074 0 0 0 0 0 322 110 0 9474 0 0 0 1 29 213 0 99 0 47226 0 0 1242 0 0 6060 
0 0 0 0 0 70609 0 0 0 0 0 415 107 5 1109 1285 0 48008 29 0 0 2 0 0 1 0 0 16 1267 30 0 0 0 43192 0 0 0 0 49 8 0 1 1141 1 974 0 0 1 0 0 
0 2 8 18 453 0 0 0 4 0 1779 150 4 0 0 0 0 0 373 82809 10 0 0 54346 30274 72 7 0 0 23665 0 4 0 7831 0 0 0 0 205 0 64 79 20 3893 6430 0 34 0 0 0 
0 0 0 0 53 5 0 0 0 0 0 0 0 0 2 4 14 600 1815 0 20154 0 0 0 69 0 18 0 0 1 2733 0 0 0 1 0 0 0 21124 225 0 83484 12 0 0 8 0 0 0 51 
0 0 0 0 0 46 598 425 11 0 55 14 0 0 0 0 0 618 0 0 0 0 5842 0 55 13 0 10 8330 0 86 0 4367 0 29 49 205 21124 0 0 0 986 0 0 20910 94854 0 0 0 0 
0 0 0 0 4 1 0 3 0 0 17518 0 90248 0 22093 0 1138 0 0 0 0 0 0 69272 42 0 0 0 0 13400 309 0 343 0 213 8 0 225 0 0 44731 0 0 0 0 2321 2 0 3 0 
39 2915 0 1 1035 11474 0 1 25 0 443 27 2 0 0 626 13 11 25636 13 0 0 18 0 46428 828 0 0 10057 0 3765 0 31 86 0 0 64 0 0 44731 0 0 303 0 3827 0 6448 264 503 19390 
0 28029 139 0 5 0 0 0 0 0 0 500 298 4 3 50 0 14 0 29435 643 0 1 0 3 70 0 0 0 67836 0 0 314 35122 99 1 79 83484 986 0 0 0 0 5982 10 0 0 0 6486 0 
289 0 3 0 747 0 77994 3893 0 1042 32 0 840 0 0 0 0 7 2 0 47829 0 75 21793 0 0 0 15699 1301 11 3303 0 0 226 0 1141 20 12 0 0 303 0 0 0 467 0 0 0 0 0 
1 92428 0 0 0 91673 12486 34 7950 0 0 0 18480 6542 18 1 0 7774 0 595 0 10 4 40 12168 0 277 0 0 60 44230 0 8129 0 47226 1 3893 0 0 0 0 5982 0 0 9403 10998 0 0 0 14 
17 0 0 5287 3070 0 0 66594 313 49 0 0 0 748 24845 0 0 0 0 1275 50 17 858 0 3168 0 0 0 1720 77 0 11 20 12504 0 974 6430 0 20910 0 3827 10 467 9403 0 302 0 0 0 51156 
5 0 0 3 49 250 0 66 0 0 0 724 929 0 470 0 6 0 0 0 0 48 299 0 0 0 48797 0 0 920 1 0 0 0 0 0 0 8 94854 2321 0 0 0 10998 302 0 7450 0 18 3 
0 0 679 2430 3 316 42 0 161 0 18996 0 0 0 4 0 0 20787 21055 0 0 0 13406 0 0 0 670 764 17739 271 0 0 0 5 1242 0 34 0 0 2 6448 0 0 0 0 7450 0 0 0 6 
0 884 0 23 1 6 0 0 0 0 0 0 0 0 0 2144 1 0 885 1 0 16402 69258 78 14 2 9541 6385 21 366 0 800 0 0 0 1 0 0 0 0 264 0 0 0 0 0 0 0 0 7691 
0 284 159 0 0 1 0 0 0 73635 0 2 3606 23 9659 222 0 6 0 0 31555 1 0 0 4 0 0 0 0 225 300 0 0 4417 0 0 0 0 0 3 503 6486 0 0 0 18 0 0 0 0 
0 4 205 2 3 0 213 50 0 105 0 0 338 3 14623 0 14 0 0 4 21 66 0 914 0 0 35 0 0 0 67 0 0 0 6060 0 0 51 0 0 19390 0 0 14 51156 3 6 7691 0 0 
0 69634 0 14 0 768 0 0 1 89798 12 0 0 0 118 2 0 1 0 5677 0 0 0 285 1873 0 28447 7 38245 0 0 0 0 0 77088 48 34 0 104 61850 15 74139 0 5 115 0 0 3 0 186 
69634 0 0 14326 0 5 0 0 0 0 0 29774 22 0 0 0 813 33 0 0 0 0 0 123 0 1599 2 0 71 0 0 0 1 23814 7622 15441 37 34243 0 0 0 0 688 0 8253 0 0 0 0 122 
0 0 0 0 0 2446 0 0 90 50 7 344 16913 35 0 0 302 36 0 0 3648 0 0 0 82191 0 0 0 0 0 1077 0 0 3 21 849 0 330 51 2 5663 0 0 0 50 2 2894 0 38105 0 
14 14326 0 0 0 3 0 1628 4562 13936 0 0 18908 5 4406 0 7 36 0 967 528 0 0 0 30 0 1 15 966 0 0 0 0 56939 1 0 0 0 21 0 0 6 3 22366 0 0 1 0 56 13 
0 0 0 0 0 0 46 0 1922 76 0 37 0 9940 0 48 29701 0 0 2 0 0 4 1 0 0 3310 0 0 79320 1489 0 0 0 137 7 226 460 0 0 286 54732 0 0 0 0 26 3 6426 0 
768 5 2446 3 0 0 10 0 1322 4897 98795 113 13153 0 747 0 0 0 331 1 14 2870 0 0 0 2758 3 0 0 0 62 0 0 0 1 38767 41907 7 0 208 50 0 0 0 403 592 0 13 1964 0 
0 0 0 0 46 10 0 30027 8662 13 423 0 64 3975 0 0 14767 0 0 1 0 0 0 0 0 81917 30 49 0 0 0 9926 1094 1711 3 1 1009 0 0 86924 21818 0 0 0 0 0 3 2 0 0 
0 0 0 1628 0 0 30027 0 2 17679 4075 0 530 0 0 1870 156 0 0 2 0 0 0 0 65861 70 1079 1 0 49966 0 0 0 934 0 0 314 0 0 1210 0 0 84256 1 16617 0 0 0 17124 7 
1 0 90 4562 1922 1322 8662 2 0 36 0 133 14 0 0 12 0 3 14801 124 0 0 0 0 0 0 0 0 1277 0 0 56 0 3394 0 952 37 9264 127 0 101 3 225 1855 29 0 55039 769 0 9 
89798 0 50 13936 76 4897 13 17679 36 0 3 0 85 2317 0 12212 0 130 0 0 0 0 0 448 164 0 2177 324 0 7 0 0 0 0 0 0 0 9469 0 0 0 0 4800 29 14604 0 19 0 1 45 
12 0 7 0 0 98795 423 4075 0 3 0 7 62 3 7 0 55 0 1103 0 209 1811 0 0 92398 11098 3 4 0 25 0 0 44 297 0 31 331 0 0 28 2 0 0 356 3 43603 150 10559 3 0 
0 29774 344 0 37 113 0 0 133 0 7 0 0 0 1532 1188 0 6769 2 363 1 0 2429 0 1 2 36584 2632 0 0 0 0 0 2 1307 1231 0 0 7 1 0 0 3 520 0 356 2 7096 25930 1 
0 22 16913 18908 0 13153 64 530 14 85 62 0 0 1 0 0 0 159 0 1013 0 0 0 48780 21485 10 0 0 0 0 9527 3204 208 3376 0 0 0 164 0 563 0 0 118 1 0 0 16 0 90234 0 
0 0 35 5 9940 0 3975 0 0 2317 3 0 1 0 949 51087 0 0 188 18 2 0 0 44 3 120 8 0 0 583 0 0 0 0 73822 73614 0 10 0 30 0 0 0 0 0 101 277 0 0 0 
118 0 0 4406 0 747 0 0 0 0 7 1532 0 949 0 8785 0 0 1 0 0 0 66329 3 0 0 618 28 31536 0 6 24 249 2981 10966 3046 327 30 2322 0 60 0 393 10 0 0 1346 0 93 0 
2 0 0 0 48 0 0 1870 12 12212 0 1188 0 51087 8785 0 0 0 50 0 2 181 0 0 1041 5011 0 40 1 467 0 298 0 0 0 4121 0 15 0 0 10492 13486 743 31 0 0 12 1342 0 0 
0 813 302 7 29701 0 14767 156 0 0 55 0 0 0 0 0 0 0 0 0 3151 0 0 0 0 0 0 0 0 0 4725 0 0 0 0 68 657 0 0 98433 285 0 8271 604 3 61 0 0 128 668 
1 33 36 36 0 0 0 0 3 130 0 6769 159 0 0 0 0 0 0 7977 35621 3 40202 0 0 0 0 15 0 23 2 0 0 0 0 103 0 0 1 0 0 548 0 0 3 13 2 0 506 41 
0 0 0 0 0 331 0 0 14801 0 1103 2 0 188 1 50 0 0 0 20 0 2893 0 4868 0 0 439 1917 17 35935 0 0 0 0 0 3 0 40 0 8 0 56 164 62817 0 0 319 5974 3 9 
5677 0 0 967 2 1 1 2 124 0 0 363 1013 18 0 0 0 7977 20 0 0 0 5 0 2184 0 0 66415 258 0 0 2 76 1 0 1438 80048 0 1336 15832 120 0 0 0 0 3970 0 0 4 79 
0 0 3648 528 0 14 0 0 0 0 209 1 0 2 0 2 3151 35621 0 0 0 174 0 26 1 0 0 0 0 5 1 0 22807 114 0 22 29 0 28 0 0 32 518 0 642 2 733 0 5 10973 
0 0 0 0 0 2870 0 0 0 0 1811 0 0 0 0 181 0 3 2893 0 174 0 90 0 0 0 0 39314 26944 0 0 33527 0 0 0 0 2 0 21703 19555 0 0 449 3 0 0 10 0 0 0 
0 0 0 0 4 0 0 0 0 0 0 2429 0 0 66329 0 0 40202 0 5 0 90 0 1566 0 0 719 7738 6351 4660 0 27 0 50286 0 2 184 0 8 4284 17076 0 0 253 0 0 19 2 1 0 
285 123 0 0 1 0 0 0 0 448 0 0 48780 44 3 0 0 0 4868 0 26 0 1566 0 722 917 0 5 63 335 0 0 34924 0 6 556 7 5 71 0 0 45177 0 0 0 1048 0 0 0 5 
1873 0 82191 30 0 0 0 65861 0 164 92398 1 21485 3 0 1041 0 0 0 2184 1 0 0 722 0 1145 0 0 82594 1 0 0 2 0 0 2 3474 0 0 0 24 2 0 6029 88647 1 15161 2014 24 2649 
0 1599 0 0 0 2758 81917 70 0 0 11098 2 10 120 0 5011 0 0 0 0 0 0 0 917 1145 0 0 133 396 0 0 1 6206 0 18511 0 0 1 0 410 17 0 4792 186 0 26211 0 9 23535 0 
28447 2 0 1 3310 3 30 1079 0 2177 3 36584 0 8 618 0 0 0 439 0 0 0 719 0 0 0 0 0 14 19683 1041 75051 59 3593 0 0 21 10 0 14 3 0 169 0 9176 0 0 20 0 20128 
7 0 0 15 0 0 49 1 0 324 4 2632 0 0 28 40 0 15 1917 66415 0 39314 7738 5 0 133 0 0 0 0 71021 0 4532 79770 939 2911 0 0 30 0 0 0 0 13 0 0 0 0 0 0 
38245 71 0 966 0 0 0 0 1277 0 0 0 0 0 31536 1 0 0 17 258 0 26944 6351 63 82594 396 14 0 0 61 0 361 2955 110 0 762 192 0 0 0 63248 0 975 1020 0 0 7 20899 0 72 
0 0 0 0 79320 0 0 49966 0 7 25 0 0 583 0 467 0 23 35935 0 5 0 4660 335 1 0 19683 0 61 0 1695 5662 14 0 0 3482 2839 0 0 745 0 40 0 1688 0 2 185 0 0 0 
0 0 1077 0 1489 62 0 0 0 0 0 0 9527 0 6 0 4725 2 0 0 1 0 0 0 0 0 1041 71021 0 1695 0 4493 0 2 151 32121 0 476 0 1427 13 1 3 0 1229 7358 0 0 13 0 
0 0 0 0 0 0 9926 0 56 0 0 0 3204 0 24 298 0 0 0 2 0 33527 27 0 0 1 75051 0 361 5662 4493 0 0 63205 0 0 776 4686 0 0 0 10 1 0 148 10748 0 5 505 1 
0 1 0 0 0 0 1094 0 0 0 44 0 208 0 249 0 0 0 0 76 22807 0 0 34924 2 6206 59 4532 2955 14 0 0 0 2 0 21 0 35194 0 492 29004 0 29 0 32397 0 0 0 276 0 
0 23814 3 56939 0 0 1711 934 3394 0 297 2 3376 0 2981 0 0 0 0 1 114 0 50286 0 0 0 3593 79770 110 0 2 63205 2 0 0 43 0 1291 2 42 0 3238 0 0 0 0 729 0 249 0 
77088 7622 21 1 137 1 3 0 0 0 0 1307 0 73822 10966 0 0 0 0 0 0 0 0 6 0 18511 0 939 0 0 151 0 0 0 0 368 0 0 57 17 5 61667 1 0 0 0 0 0 0 44520 
48 15441 849 0 7 38767 1 0 952 0 31 1231 0 73614 3046 4121 68 103 3 1438 22 0 2 556 2 0 0 2911 762 3482 32121 0 21 43 368 0 0 2 5563 15 79243 162 0 0 2118 11015 88190 1 0 0 
34 37 0 0 226 41907 1009 314 37 0 331 0 0 0 327 0 657 0 0 80048 29 2 184 7 3474 0 21 0 192 2839 0 776 0 0 0 0 0 0 0 6 0 764 0 0 0 0 378 0 288 33579 
0 34243 330 0 460 7 0 0 9264 9469 0 0 164 10 30 15 0 0 40 0 0 0 0 5 0 1 10 0 0 0 476 4686 35194 1291 0 2 0 0 245 1636 0 321 0 0 0 90 0 0 42385 300 
104 0 51 21 0 0 0 0 127 0 0 7 0 0 2322 0 0 1 0 1336 28 21703 8 71 0 0 0 30 0 0 0 0 0 2 57 5563 0 245 0 0 5 0 2 0 0 0 4 1418 0 12225 
61850 0 2 0 0 208 86924 1210 0 0 28 1 563 30 0 0 98433 0 8 15832 0 19555 4284 0 0 410 14 0 0 745 1427 0 492 42 17 15 6 1636 0 0 313 0 831 0 5553 103 54 0 0 0 
15 0 5663 0 286 50 21818 0 101 0 2 0 0 0 60 10492 285 0 0 120 0 0 17076 0 24 17 3 0 63248 0 13 0 29004 0 5 79243 0 0 5 313 0 0 0 0 20 0 0 1010 0 0 
74139 0 0 6 54732 0 0 0 3 0 0 0 0 0 0 13486 0 548 56 0 32 0 0 45177 2 0 0 0 0 40 1 10 0 3238 61667 162 764 321 0 0 0 0 0 0 0 16551 22 0 40988 7849 
0 688 0 3 0 0 0 84256 225 4800 0 3 118 0 393 743 8271 0 164 0 518 449 0 0 0 4792 169 0 975 0 3 1 29 0 1 0 0 0 2 831 0 0 0 244 0 0 0 0 0 41 
5 0 0 22366 0 0 0 1 1855 29 356 520 1 0 10 31 604 0 62817 0 0 3 253 0 6029 186 0 13 1020 1688 0 0 0 0 0 0 0 0 0 0 0 0 244 0 1 98287 184 0 0 0 
115 8253 50 0 0 403 0 16617 29 14604 3 0 0 0 0 0 3 3 0 0 642 0 0 0 88647 0 9176 0 0 0 1229 148 32397 0 0 2118 0 0 0 5553 20 0 0 1 0 1520 0 52551 0 6199 
0 0 2 0 0 592 0 0 0 0 43603 356 0 101 0 0 61 13 0 3970 2 0 0 1048 1 26211 0 0 0 2 7358 10748 0 0 0 11015 0 90 0 103 0 16551 0 98287 1520 0 7559 0 0 0 
0 0 2894 1 26 0 3 0 55039 19 150 2 16 277 1346 12 0 2 319 0 733 10 19 0 15161 0 0 0 7 185 0 0 0 729 0 88190 378 0 4 54 0 22 0 184 0 7559 0 0 5712 4675 
3 0 0 0 3 13 2 0 769 0 10559 7096 0 0 0 1342 0 0 5974 0 0 0 2 0 2014 9 20 0 20899 0 0 5 0 0 0 1 0 0 1418 0 1010 0 0 0 52551 0 0 0 0 1 
0 0 38105 56 6426 1964 0 17124 0 1 3 25930 90234 0 93 0 128 506 3 4 5 0 1 0 24 23535 0 0 0 0 13 505 276 249 0 0 288 42385 0 0 0 40988 0 0 0 0 5712 0 0 3403 
186 122 0 13 0 0 0 7 9 45 0 1 0 0 0 0 668 41 9 79 10973 0 0 5 2649 0 20128 0 72 0 0 1 0 0 44520 0 33579 300 12225 0 0 7849 41 0 6199 0 4675 1 3403 0 
0 0 0 30 0 13050 9418 77 0 542 0 123 2 2 0 0 0 0 40 0 107 0 0 0 22112 5 64935 0 0 3282 0 86 0 8895 0 3108 0 5015 0 0 1174 5 0 0 0 1120 20 814 42 23780 
0 0 104 0 2104 0 0 0 0 1 811 1 0 0 5 4 1304 1 0 0 0 0 0 0 0 1 61 95 0 73 0 80 9447 0 65 0 14 0 81894 3250 1 33 0 0 0 13619 0 55351 0 0 
0 104 0 0 6 31 68 0 0 0 0 33318 0 20 1390 2701 0 0 0 0 57120 0 84 2 12 2 1 0 0 0 0 2 13106 0 6 0 8 0 23 0 0 0 72318 9 0 6559 37 1 12 0 
30 0 0 0 275 243 84 590 6445 0 0 23 0 0 13710 10 0 0 195 1 0 0 106 1190 3 96 0 11158 0 10041 0 0 332 0 15553 1 2952 0 0 6 0 32552 0 1488 0 1330 812 8 5 0 
0 2104 6 275 0 59803 11142 7468 0 12586 2 0 0 0 0 0 140 75762 0 0 0 834 15210 0 15 586 0 0 73 1550 28 9 0 1 0 0 0 8 51201 0 0 0 10992 10125 4409 0 0 3481 3 0 
13050 0 31 243 59803 0 0 1 0 523 1 0 0 1795 44 15 0 57 0 23 0 0 26 28127 189 62600 0 3015 15 12615 0 19065 1 0 0 0 0 0 1 320 7370 90 0 4 0 66780 2765 0 177 0 
9418 0 68 84 11142 0 0 0 0 0 2 232 0 64502 28 2 5 0 38 0 5 3 447 20 0 0 36 0 0 1 0 0 43595 0 0 0 0 0 12 0 15857 14888 0 3 0 1 0 9 2464 0 
77 0 0 590 7468 1 0 0 0 0 0 0 3 7 0 0 0 0 5518 3644 0 45697 260 0 12934 5764 0 0 0 700 8 8 0 0 0 0 0 0 2 0 23409 0 82130 0 1082 0 0 0 0 2 
0 0 0 6445 0 0 0 0 0 71 23 0 0 0 54477 0 10 54 0 0 5 0 6 0 0 620 6732 22134 149 0 8 1 21 4099 0 646 0 32 0 1139 0 0 0 1426 3 328 3098 94 0 0 
542 1 0 0 12586 523 0 0 71 0 582 350 531 0 1775 249 2 45243 0 0 3057 3264 0 0 0 0 2 0 5 42 0 2 0 0 6494 0 5148 45 1207 107 0 0 0 89211 0 0 32 0 518 0 
0 811 0 0 2 1 2 0 23 582 0 594 16 0 24 0 0 0 0 866 0 0 11 3026 307 9043 0 0 2 11837 100 0 0 20 0 0 93275 64 7 0 2 1253 0 260 13 0 46 199 0 2309 
123 1 33318 23 0 0 232 0 0 350 594 0 2 0 0 69 134 0 0 25 0 0 8884 0 0 47582 0 827 1088 0 11 0 2 11 4 0 0 0 0 0 12 1671 0 4977 0 517 125 73 2286 1 
2 0 0 0 0 0 0 3 0 531 16 2 0 0 0 51606 0 0 3 40187 257 51224 58 0 0 14818 156 0 0 0 7 102 0 0 0 51306 2212 19898 9713 1 0 19 0 10663 0 784 0 0 0 0 
2 0 20 0 0 1795 64502 7 0 0 0 0 0 0 0 21744 0 30472 0 3053 1279 0 0 10955 0 269 48148 913 4 3 0 4232 0 125 153 51 204 12 0 0 3614 0 0 0 1555 11 3221 0 0 1 
0 5 1390 13710 0 44 28 0 54477 1775 24 0 0 0 0 0 4882 0 0 5369 114 0 94985 0 0 0 7940 13796 0 43 21 1070 0 0 0 97490 0 0 0 0 0 162 0 2986 472 2026 897 0 5288 642 
0 4 2701 10 0 15 2 0 0 249 0 69 51606 21744 0 0 0 11477 3724 638 345 1 0 0 86 121 0 4 0 0 0 16987 0 167 570 152 0 0 0 0 0 92244 1 0 11008 10670 916 0 0 0 
0 1304 0 0 140 0 5 0 10 2 0 134 0 0 4882 0 0 0 60541 0 0 47 0 5 4 0 16397 0 0 0 0 0 12 0 0 1162 0 0 0 0 0 52 1 0 0 77 72732 0 0 0 
0 1 0 0 75762 57 0 0 54 45243 0 0 0 30472 0 11477 0 0 7844 0 0 3307 7276 26382 0 23150 10579 0 0 54 0 3 0 0 182 19608 80279 0 0 38082 0 20735 16 0 90 514 79 0 0 0 
40 0 0 195 0 0 38 5518 0 0 0 0 3 0 0 3724 60541 7844 0 184 0 11 39312 79708 21924 81 0 24197 10 1 31 3170 0 73884 0 43 27 0 9 0 3020 95 193 0 0 0 1574 71 342 0 
0 0 0 1 0 23 0 3644 0 0 866 25 40187 3053 5369 638 0 0 184 0 0 0 0 2079 0 2 0 0 0 4339 0 335 0 876 62 14 0 0 0 7 0 0 0 5814 0 1944 63514 0 0 0 
107 0 57120 0 0 0 5 0 5 3057 0 0 257 1279 114 345 0 0 0 0 0 367 0 46024 0 1994 0 1222 0 223 0 33 68470 61439 6 0 0 0 10413 0 0 125 4519 74477 1000 0 0 17 0 0 
0 0 0 0 834 0 3 45697 0 3264 0 0 51224 0 0 1 47 3307 11 0 367 0 3 0 0 0 265 822 659 0 0 0 0 10 19098 41 0 17 0 0 0 467 0 0 0 2 14 0 0 61 
0 0 84 106 15210 26 447 260 6 0 11 8884 58 0 94985 0 0 7276 39312 0 0 3 0 0 36658 1674 0 38 15999 0 0 111 0 3354 1055 0 0 3 6468 31 1346 0 0 0 6912 0 38258 0 18863 0 
0 0 2 1190 0 28127 20 0 0 0 3026 0 0 10955 0 0 5 26382 79708 2079 46024 0 0 0 0 28 211 0 0 2664 0 0 0 703 450 0 0 0 137 0 0 50 0 178 0 2326 13 88536 1 307 
22112 0 12 3 15 189 0 12934 0 0 307 0 0 0 0 86 4 0 21924 0 0 0 36658 0 0 0 2 13442 6 5019 0 1261 0 85 3 0 1 17 0 280 0 4 1589 312 654 0 63586 0 4 119 
5 1 2 96 586 62600 0 5764 620 0 9043 47582 14818 269 0 121 0 23150 81 2 1994 0 1674 28 0 0 0 47 0 0 18158 64366 14116 0 271 0 0 48260 0 0 0 7 0 0 83 1 0 0 2141 0 
64935 61 1 0 0 0 36 0 6732 2 0 0 156 48148 7940 0 16397 10579 0 0 0 265 0 211 2 0 0 4 17513 73517 15214 0 5164 0 0 32 0 0 1120 0 1954 4 1212 0 80 19969 230 40 0 1 
0 95 0 11158 0 3015 0 0 22134 0 0 827 0 913 13796 4 0 0 24197 0 1222 822 38 0 13442 47 4 0 0 55 0 19 0 616 0 0 149 37349 0 389 0 0 0 0 0 0 0 0 184 2768 
0 0 0 0 73 15 0 0 149 5 2 1088 0 4 0 0 0 0 10 0 0 659 15999 0 6 0 17513 0 0 3 0 12 0 12 1393 77 0 0 0 0 1223 319 0 11501 2 151 120 0 0 0 
3282 73 0 10041 1550 12615 1 700 0 42 11837 0 0 3 43 0 0 54 1 4339 223 0 0 2664 5019 0 73517 55 3 0 0 82417 43 0 0 0 3 17 9118 0 155 0 0 6970 0 0 1551 0 0 20 
0 0 0 0 28 0 0 8 8 0 100 11 7 0 21 0 0 0 31 0 0 0 0 0 0 18158 15214 0 0 0 0 0 0 0 0 658 0 2475 362 529 0 0 3944 1600 34 0 15 1487 0 951 
86 80 2 0 9 19065 0 8 1 2 0 0 102 4232 1070 16987 0 3 3170 335 33 0 111 0 1261 64366 0 19 12 82417 0 0 1917 12 54 0 0 379 0 2171 2 0 0 26870 366 0 436 35362 0 3366 
0 9447 13106 332 0 1 43595 0 21 0 0 2 0 0 0 0 12 0 0 0 68470 0 0 0 0 14116 5164 0 0 43 0 1917 0 22284 0 1407 0 24254 763 41502 0 265 10 9 0 0 7 0 0 4 
8895 0 0 0 1 0 0 0 4099 0 20 11 0 125 0 167 0 0 73884 876 61439 10 3354 703 85 0 0 616 12 0 0 12 22284 0 3039 0 3213 25184 10004 90989 0 0 7698 9400 0 173 30 0 0 0 
0 65 6 15553 0 0 0 0 0 6494 0 4 0 153 0 570 0 182 0 62 6 19098 1055 450 3 271 0 0 1393 0 0 54 0 3039 0 0 2 0 23 59 0 1107 11 0 0 0 854 964 0 8387 
3108 0 0 1 0 0 0 0 646 0 0 0 51306 51 97490 152 1162 19608 43 14 0 41 0 0 0 0 32 0 77 0 658 0 1407 0 0 0 0 0 1142 26694 0 0 0 0 1 32024 6236 0 0 62046 
0 14 8 2952 0 0 0 0 0 5148 93275 0 2212 204 0 0 0 80279 27 0 0 0 0 0 1 0 0 149 0 3 0 0 0 3213 2 0 0 59703 116 0 0 28 0 5 75 0 49 0 0 247 
5015 0 0 0 8 0 0 0 32 45 64 0 19898 12 0 0 0 0 0 0 0 17 3 0 17 48260 0 37349 0 17 2475 379 24254 25184 0 0 59703 0 4 18252 16377 0 91 0 3 20339 84924 0 0 213 
0 81894 23 0 51201 1 12 2 0 1207 7 0 9713 0 0 0 0 0 9 0 10413 0 6468 137 0 0 1120 0 0 9118 362 0 763 10004 23 1142 116 4 0 0 24954 3 54 11982 4 0 31 0 0 468 
0 3250 0 6 0 320 0 0 1139 107 0 0 1 0 0 0 0 38082 0 7 0 0 31 0 280 0 0 389 0 0 529 2171 41502 90989 59 26694 0 18252 0 0 0 8987 16968 1177 0 3622 52 20 39759 0 
1174 1 0 0 0 7370 15857 23409 0 0 2 12 0 3614 0 0 0 0 3020 0 0 0 1346 0 0 0 1954 0 1223 155 0 2 0 0 0 0 0 16377 24954 0 0 0 0 0 0 0 3262 25686 0 4 
5 33 0 32552 0 90 14888 0 0 0 1253 1671 19 0 162 92244 52 20735 95 0 125 467 0 50 4 7 4 0 319 0 0 0 265 0 1107 0 28 0 3 8987 0 0 4 24056 2 41863 4 433 1047 6214 
0 0 72318 0 10992 0 0 82130 0 0 0 0 0 0 0 1 1 16 193 0 4519 0 0 0 1589 0 1212 0 0 0 3944 0 10 7698 11 0 0 91 54 16968 0 4 0 16 0 0 766 0 1571 0 
0 0 9 1488 10125 4 3 0 1426 89211 260 4977 10663 0 2986 0 0 0 0 5814 74477 0 0 178 312 0 0 0 11501 6970 1600 26870 9 9400 0 0 5 0 11982 1177 0 24056 16 0 2 3 0 37342 0 533 
0 0 0 0 4409 0 0 1082 3 0 13 0 0 1555 472 11008 0 90 0 0 1000 0 6912 0 654 83 80 0 2 0 34 366 0 0 0 1 75 3 4 0 0 2 0 2 0 2 0 12783 0 23 
1120 13619 6559 1330 0 66780 1 0 328 0 0 517 784 11 2026 10670 77 514 0 1944 0 2 0 2326 0 1 19969 0 151 0 0 0 0 173 0 32024 0 20339 0 3622 0 41863 0 3 2 0 0 0 2692 338 
20 0 37 812 0 2765 0 0 3098 32 46 125 0 3221 897 916 72732 79 1574 63514 0 14 38258 13 63586 0 230 0 120 1551 15 436 7 30 854 6236 49 84924 31 52 3262 4 766 0 0 0 0 4677 0 8 
814 55351 1 8 3481 0 9 0 94 0 199 73 0 0 0 0 0 0 71 0 17 0 0 88536 0 0 40 0 0 0 1487 35362 0 0 964 0 0 0 0 20 25686 433 0 37342 12783 0 4677 0 0 0 
42 0 12 5 3 177 2464 0 0 518 0 2286 0 0 5288 0 0 0 342 0 0 0 18863 1 4 2141 0 184 0 0 0 0 0 0 0 0 0 0 0 39759 0 1047 1571 0 0 2692 0 0 0 0 
23780 0 0 0 0 0 0 2 0 0 2309 1 0 1 642 0 0 0 0 0 0 61 0 307 119 0 1 2768 0 20 951 3366 4 0 8387 62046 247 213 468 0 4 6214 0 533 23 338 8 0 0 0 
