40 2
0 123 17 72 89 90 77 84 122 70 141 118 117 117 58 85 94 145 69 99 137 99 30 139 114 56 50 94 70 158 148 87 53 161 64 94 106 62 87 81 
123 0 116 51 121 48 96 115 59 63 25 47 40 16 64 39 31 87 58 23 83 33 103 24 65 67 92 40 53 45 35 36 95 46 119 29 43 89 107 43 
17 116 0 64 101 90 86 66 108 71 133 119 117 113 52 81 90 150 68 93 122 97 14 135 118 53 57 84 66 154 139 82 62 151 46 88 94 69 69 78 
72 51 64 0 97 39 71 77 62 33 69 64 60 49 13 21 29 104 24 28 84 38 52 71 72 21 53 26 13 91 77 19 58 89 74 23 41 56 72 18 
89 121 101 97 0 73 26 158 158 64 146 84 88 106 88 88 93 82 73 107 181 88 104 121 67 78 49 121 84 131 156 94 43 167 143 101 136 41 157 86 
90 48 90 39 73 0 47 116 91 20 73 28 27 34 42 20 20 64 22 35 115 15 82 53 32 38 48 55 28 69 83 26 49 95 111 30 68 42 111 21 
77 96 86 71 26 47 0 136 132 38 121 63 66 81 63 62 67 73 47 81 155 62 85 98 49 54 29 95 58 110 130 68 24 142 124 75 110 17 134 60 
84 115 66 77 158 116 136 0 73 105 118 141 136 120 76 98 104 181 98 96 73 114 56 139 149 84 109 75 89 160 120 94 114 129 22 95 74 118 9 96 
122 59 108 62 158 91 132 73 0 94 51 103 96 73 74 71 70 145 85 56 25 79 93 83 118 83 115 37 74 101 50 65 120 57 87 60 22 118 63 72 
70 63 71 33 64 20 38 105 94 0 87 48 47 52 29 25 32 79 8 44 117 32 64 72 47 21 28 56 20 89 96 31 31 108 97 38 71 26 102 23 
141 25 133 69 146 73 121 118 51 87 0 70 64 41 83 62 55 108 81 43 71 58 119 37 89 88 115 49 74 52 10 57 118 21 127 50 44 113 110 65 
118 47 119 64 84 28 63 141 103 48 70 0 6 30 70 43 37 42 50 48 128 26 110 38 19 66 73 72 55 47 80 46 73 90 138 47 82 64 135 45 
117 40 117 60 88 27 66 136 96 47 64 6 0 24 67 39 32 48 48 42 121 22 108 32 25 64 74 66 52 44 73 42 75 83 134 41 76 66 130 42 
117 16 113 49 106 34 81 120 73 52 41 30 24 0 60 31 22 72 48 24 98 19 101 21 48 61 81 46 46 42 51 31 83 62 122 26 54 76 113 35 
58 64 52 13 88 42 63 76 74 29 83 70 67 60 0 29 38 107 21 41 95 45 41 82 74 9 41 39 15 102 90 29 47 103 69 35 53 47 72 25 
85 39 81 21 88 20 62 98 71 25 62 43 39 31 29 0 9 83 18 19 96 17 70 53 51 29 52 34 14 73 71 6 56 83 95 13 49 51 92 3 
94 31 90 29 93 20 67 104 70 32 55 37 32 22 38 9 0 79 27 14 95 10 79 44 48 38 60 36 24 64 64 10 64 76 103 10 48 58 98 13 
145 87 150 104 82 64 73 181 145 79 108 42 48 72 107 83 79 0 85 91 170 68 144 71 32 101 95 114 92 67 117 88 93 125 176 89 125 84 176 85 
69 58 68 24 73 22 47 98 85 8 81 50 48 48 21 18 27 85 0 37 108 30 60 70 52 16 34 48 11 88 90 23 38 102 91 31 63 34 94 15 
99 23 93 28 107 35 81 96 56 44 43 48 42 24 41 19 14 91 37 0 81 23 80 43 62 45 71 23 30 64 52 13 75 65 98 6 34 70 89 21 
137 83 122 84 181 115 155 73 25 117 71 128 121 98 95 96 95 170 108 81 0 104 107 106 143 104 136 61 97 123 67 89 142 71 92 85 47 141 64 96 
99 33 97 38 88 15 62 114 79 32 58 26 22 19 45 17 10 68 30 23 104 0 87 40 38 44 61 46 30 58 68 19 63 79 112 20 58 56 108 20 
30 103 14 52 104 82 85 56 93 64 119 110 108 101 41 70 79 144 60 80 107 87 0 123 111 44 56 70 56 143 125 70 61 137 39 76 80 68 58 67 
139 24 135 71 121 53 98 139 83 72 37 38 32 21 82 53 44 71 70 43 106 40 123 0 57 83 101 64 68 21 46 52 103 54 142 47 68 95 131 57 
114 65 118 72 67 32 49 149 118 47 89 19 25 48 74 51 48 32 52 62 143 38 111 57 0 68 66 84 60 63 99 57 65 109 143 59 97 55 144 53 
56 67 53 21 78 38 54 84 83 21 88 66 64 61 9 29 38 101 16 45 104 44 44 83 68 0 32 47 14 102 96 31 37 109 75 39 62 37 81 25 
50 92 57 53 49 48 29 109 115 28 115 73 74 81 41 52 60 95 34 71 136 61 56 101 66 32 0 79 42 117 124 57 5 136 95 65 94 12 107 49 
94 40 84 26 121 55 95 75 37 56 49 72 66 46 39 34 36 114 48 23 61 46 70 64 84 47 79 0 37 85 55 28 84 67 79 25 15 81 67 35 
70 53 66 13 84 28 58 89 74 20 74 55 52 46 15 14 24 92 11 30 97 30 56 68 60 14 42 37 0 88 82 17 47 95 83 24 52 44 84 11 
158 45 154 91 131 69 110 160 101 89 52 47 44 42 102 73 64 67 88 64 123 58 143 21 63 102 117 85 88 0 58 73 118 62 163 68 88 110 152 76 
148 35 139 77 156 83 130 120 50 96 10 80 73 51 90 71 64 117 90 52 67 68 125 46 99 96 124 55 82 58 0 66 128 12 130 58 47 122 111 74 
87 36 82 19 94 26 68 94 65 31 57 46 42 31 29 6 10 88 23 13 89 19 70 52 57 31 57 28 17 73 66 0 61 78 93 7 42 57 88 8 
53 95 62 58 43 49 24 114 120 31 118 73 75 83 47 56 64 93 38 75 142 63 61 103 65 37 5 84 47 118 128 61 0 140 100 69 99 9 113 53 
161 46 151 89 167 95 142 129 57 108 21 90 83 62 103 83 76 125 102 65 71 79 137 54 109 109 136 67 95 62 12 78 140 0 141 71 58 134 120 86 
64 119 46 74 143 111 124 22 87 97 127 138 134 122 69 95 103 176 91 98 92 112 39 142 143 75 95 79 83 163 130 93 100 141 0 96 82 106 28 92 
94 29 88 23 101 30 75 95 60 38 50 47 41 26 35 13 10 89 31 6 85 20 76 47 59 39 65 25 24 68 58 7 69 71 96 0 38 64 89 15 
106 43 94 41 136 68 110 74 22 71 44 82 76 54 53 49 48 125 63 34 47 58 80 68 97 62 94 15 52 88 47 42 99 58 82 38 0 96 65 49 
62 89 69 56 41 42 17 118 118 26 113 64 66 76 47 51 58 84 34 70 141 56 68 95 55 37 12 81 44 110 122 57 9 134 106 64 96 0 116 49 
87 107 69 72 157 111 134 9 63 102 110 135 130 113 72 92 98 176 94 89 64 108 58 131 144 81 107 67 84 152 111 88 113 120 28 89 65 116 0 90 
81 43 78 18 86 21 60 96 72 23 65 45 42 35 25 3 13 85 15 21 96 20 67 57 53 25 49 35 11 76 74 8 53 86 92 15 49 49 90 0 
0 17910 464 1983 0 4 94 2 0 1 1505 82 0 0 0 119 0 41490 10409 0 0 0 13732 6 0 0 0 0 0 1253 0 0 0 0 14024 0 0 0 0 0 
17910 0 1245 127 2126 0 105 0 125 15728 347 0 0 0 0 0 0 2823 0 191 1341 805 27 0 0 0 34843 22657 32 75 0 0 768 0 23339 0 0 0 1934 0 
464 1245 0 151 13243 2 16223 1 1 0 0 1431 0 0 5 0 821 0 0 0 0 12 0 12 1 174 0 3336 1 0 0 0 6059 66008 27 982 0 41988 0 1 
1983 127 151 0 2994 20903 0 0 0 2 273 281 0 0 93 0 0 0 0 0 154 0 1677 34002 41684 0 0 74 0 0 1 0 5774 0 0 0 0 0 28745 16 
0 2126 13243 2994 0 35698 0 10 1910 0 4723 0 244 1293 0 0 791 0 64 6899 0 0 0 0 1080 601 0 0 0 70 0 0 0 788 0 13 109 15 3 11 
4 0 2 20903 35698 0 19 3899 22732 0 45377 0 0 0 185 0 0 0 0 0 0 0 198 2157 0 79 0 10012 2472 0 0 10927 1740 11518 0 0 0 0 191 121 
94 105 16223 0 0 19 0 1 8066 0 295 439 554 0 1190 74460 0 29 0 3728 0 0 0 6 1507 2 5 0 2 870 21547 0 1046 4680 13941 0 0 0 12 0 
2 0 1 0 10 3899 1 0 5 19026 0 7 36724 0 97713 0 798 0 619 1869 0 1 27399 37 3 0 649 1 7 0 412 0 0 5278 15605 1 33992 100 0 0 
0 125 1 0 1910 22732 8066 5 0 223 391 1320 2 0 6 71 0 51 0 11 5585 676 0 51292 0 5 65 0 0 2533 8426 20 0 179 0 0 242 22 0 0 
1 15728 0 2 0 0 0 19026 223 0 6 678 1819 1 1 0 3 2 311 0 0 0 0 42 142 19382 9769 43 0 0 719 36295 1 52379 49269 11 0 3942 3 0 
1505 347 0 273 4723 45377 295 0 391 6 0 95367 0 142 0 267 8 0 0 0 0 0 0 0 0 0 10112 0 0 216 4 0 0 100 138 21 0 0 0 5608 
82 0 1431 281 0 0 439 7 1320 678 95367 0 0 0 1048 8 1052 0 0 1 39 54021 7278 4 0 12748 0 87 0 7 0 0 0 48383 5209 0 0 0 2 0 
0 0 0 0 244 0 554 36724 2 1819 0 0 0 0 2 81 77 44 0 23 541 6915 2394 0 0 0 2292 0 0 1 64 0 3 0 47 0 0 2 0 68076 
0 0 0 0 1293 0 0 0 0 1 142 0 0 0 2 770 4 7283 0 0 0 20 1880 0 0 2 29912 2 0 1 23 0 0 0 253 0 0 214 16 0 
0 0 5 93 0 185 1190 97713 6 1 0 1048 2 2 0 9 0 0 81 0 81395 0 0 0 494 0 849 780 13122 0 37665 0 4 59 0 3 0 0 12 1 
119 0 0 0 0 0 74460 0 71 0 267 8 81 770 9 0 0 0 0 2 0 8912 6364 2 0 0 652 0 2 0 0 21 2078 0 27 3299 7 0 0 11 
0 0 821 0 791 0 0 798 0 3 8 1052 77 4 0 0 0 2 78405 0 0 2 2 0 0 33560 0 778 0 0 0 0 130 2 572 0 741 0 4 7 
41490 2823 0 0 0 0 29 0 51 2 0 0 44 7283 0 0 2 0 0 120 0 0 11 1603 0 14 17621 6 0 13594 47 0 0 42 0 13 0 0 174 3381 
10409 0 0 0 64 0 0 619 0 311 0 0 0 0 81 0 78405 0 0 0 5892 11 0 0 11 1164 11 1 22456 0 0 0 91 0 0 172 0 0 10974 0 
0 191 0 0 6899 0 3728 1869 11 0 0 1 23 0 0 2 0 120 0 0 0 0 0 0 0 615 70395 0 0 1201 2895 0 0 2 3 0 10 461 0 0 
0 1341 0 154 0 0 0 0 5585 0 0 39 541 0 81395 0 0 0 5892 0 0 780 1474 264 3410 0 6111 0 0 102 0 5560 13963 1034 0 13 11864 111 0 244 
0 805 12 0 0 0 0 1 676 0 0 54021 6915 20 0 8912 2 0 11 0 780 0 0 0 0 5 13 0 0 0 61710 1985 6082 66005 2402 669 23 0 59768 0 
13732 27 0 1677 0 198 0 27399 0 0 0 7278 2394 1880 0 6364 2 11 0 0 1474 0 0 689 0 45702 0 0 36165 0 4 2 161 0 0 0 93619 23 0 1199 
6 0 12 34002 0 2157 6 37 51292 42 0 4 0 0 0 2 0 1603 0 0 264 0 689 0 2547 0 10960 0 2154 0 0 0 0 0 0 0 0 0 8295 0 
0 0 1 41684 1080 0 1507 3 0 142 0 0 0 0 494 0 0 0 11 0 3410 0 0 2547 0 0 1 292 23218 0 0 279 1963 68223 41780 638 0 0 0 0 
0 0 174 0 601 79 2 0 5 19382 0 12748 0 2 0 0 33560 14 1164 615 0 5 45702 0 0 0 277 0 0 115 0 0 0 0 0 0 2522 0 0 0 
0 34843 0 0 0 0 5 649 65 9769 10112 0 2292 29912 849 652 0 17621 11 70395 6111 13 0 10960 1 277 0 2914 240 3663 39 26932 131 8 9528 0 0 0 16 0 
0 22657 3336 74 0 10012 0 1 0 43 0 87 0 2 780 0 778 6 1 0 0 0 0 0 292 0 2914 0 0 38 0 110 3706 7 0 0 0 13018 0 6253 
0 32 1 0 0 2472 2 7 0 0 0 0 0 0 13122 2 0 0 22456 0 0 0 36165 2154 23218 0 240 0 0 1998 1009 27 0 0 40697 0 0 0 0 0 
1253 75 0 0 70 0 870 0 2533 0 216 7 1 1 0 0 0 13594 0 1201 102 0 0 0 0 115 3663 38 1998 0 531 143 1 172 0 0 67 0 47 17 
0 0 0 1 0 0 21547 412 8426 719 4 0 64 23 37665 0 0 47 0 2895 0 61710 4 0 0 0 39 0 1009 531 0 0 0 0 27402 0 21955 0 0 0 
0 0 0 0 0 10927 0 0 20 36295 0 0 0 0 0 21 0 0 0 0 5560 1985 2 0 279 0 26932 110 27 143 0 0 0 91677 0 6879 0 338 24967 47 
0 768 6059 5774 0 1740 1046 0 0 1 0 0 3 0 4 2078 130 0 91 0 13963 6082 161 0 1963 0 131 3706 0 1 0 0 0 113 0 1 0 0 0 0 
0 0 66008 0 788 11518 4680 5278 179 52379 100 48383 0 0 59 0 2 42 0 2 1034 66005 0 0 68223 0 8 7 0 172 0 91677 113 0 308 634 196 0 52313 0 
14024 23339 27 0 0 0 13941 15605 0 49269 138 5209 47 253 0 27 572 0 0 3 0 2402 0 0 41780 0 9528 0 40697 0 27402 0 0 308 0 0 0 27284 828 706 
0 0 982 0 13 0 0 1 0 11 21 0 0 0 3 3299 0 13 172 0 13 669 0 0 638 0 0 0 0 0 0 6879 1 634 0 0 5563 17 3 253 
0 0 0 0 109 0 0 33992 242 0 0 0 0 0 0 7 741 0 0 10 11864 23 93619 0 0 2522 0 0 0 67 21955 0 0 196 0 5563 0 666 0 6845 
0 0 41988 0 15 0 0 100 22 3942 0 0 2 214 0 0 0 0 0 461 111 0 23 0 0 0 0 13018 0 0 0 338 0 0 27284 17 666 0 0 0 
0 1934 0 28745 3 191 12 0 0 3 0 2 0 16 12 0 4 174 10974 0 0 59768 0 8295 0 0 16 0 0 47 0 24967 0 52313 828 3 0 0 0 0 
0 0 1 16 11 121 0 0 0 0 5608 0 68076 0 1 11 7 3381 0 0 244 0 1199 0 0 0 0 6253 0 17 0 47 0 0 706 253 6845 0 0 0 
0 35015 3023 2098 0 3 40 1 0 139 4 2004 0 0 0 77 0 2665 2481 0 0 0 699 25 83 22 0 0 0 80231 0 0 0 0 15285 0 0 0 0 0 
35015 0 9493 422 1726 0 11 0 233 99 28 0 0 0 0 0 0 313 0 2362 6047 405 40 0 0 0 77537 11424 24 25 0 9 529 3 3539 0 0 0 235 0 
3023 9493 0 490 9747 8 836 2 0 0 0 47722 0 0 2 0 13 0 0 0 0 32 0 135 16 520 0 1810 1 0 0 0 401 466 105 1415 0 2780 0 1 
2098 422 490 0 6388 19463 0 0 0 1 220 21 8 0 22 0 0 0 0 0 3 0 990 22420 2240 0 0 27213 0 0 3 0 8660 1 0 0 0 0 3375 1 
0 1726 9747 6388 0 4032 0 3 150 0 45946 0 115 1068 0 0 4721 0 179 56976 1 0 0 0 16213 7481 0 4 0 465 0 0 0 242 0 5 284 7 0 0 
3 0 8 19463 4032 0 167 462 62494 111 109 0 0 0 4 0 0 0 0 0 0 0 173 23247 0 152 0 515 949 0 0 30581 5413 74935 0 0 0 0 3 67 
40 11 836 0 0 167 0 0 1186 0 4047 1637 1353 0 1595 30827 1 3 0 576 0 0 0 8 28434 4 174 1 0 8510 20308 0 550 19340 11871 0 0 0 6 0 
1 0 2 0 3 462 0 0 268 48983 0 32 34052 0 34031 0 63 15 185 256 0 0 11024 1 14 0 454 25 108 0 588 0 0 246 199 0 1351 121 1 0 
0 233 0 0 150 62494 1186 268 0 156 237 1319 0 0 90 56 0 150 0 4 517 274 0 10854 26 0 5 0 0 1486 436 2 0 148 0 0 615 700 0 0 
139 99 0 1 0 111 0 48983 156 0 5 241 968 3 37 0 10 20 42 2 0 0 0 5463 7 1548 12266 48 0 0 47 62711 1 12439 36082 0 0 27522 0 0 
4 28 0 220 45946 109 4047 0 237 5 0 60795 0 268 0 271 44 0 0 0 0 0 0 0 0 0 8842 0 0 9 26 0 0 44 130 32 0 0 0 501 
2004 0 47722 21 0 0 1637 32 1319 241 60795 0 0 0 46180 0 46 0 0 9 231 6651 20513 0 0 12215 0 44 0 2 0 0 0 2582 1355 0 0 0 0 0 
0 0 0 8 115 0 1353 34052 0 968 0 0 0 0 0 563 13 45 0 26 265 193 269 0 0 1 350 0 0 1 29 0 0 0 0 0 0 0 0 68557 
0 0 0 0 1068 0 0 0 0 3 268 0 0 0 226 121 1 35 0 0 0 298 477 3 0 0 387 12 0 60 278 0 0 0 29 0 0 6207 23 0 
0 0 2 22 0 4 1595 34031 90 37 0 46180 0 226 0 1 0 0 19 0 29628 0 0 0 532 0 2223 733 53228 0 1698 0 0 98 0 7 0 0 52 759 
77 0 0 0 0 0 30827 0 56 0 271 0 563 121 1 0 13 0 0 0 0 4406 9947 3 0 0 624 141 1 0 0 2 48798 7 134 3623 2 0 0 1450 
0 0 13 0 4721 0 1 63 0 10 44 46 13 1 0 13 0 902 486 0 0 8 0 0 0 94280 1 874 0 0 0 0 6 2 14086 0 835 0 34 25 
2665 313 0 0 0 0 3 15 150 20 0 0 45 35 0 0 902 0 0 943 0 0 1 16280 0 50 83427 1 0 86320 16 0 0 2857 0 293 0 0 705 54160 
2481 0 0 0 179 0 0 185 0 42 0 0 0 0 19 0 486 0 0 0 781 2 0 0 179 6236 23 0 75500 0 6 0 6 0 0 748 5 0 1819 0 
0 2362 0 0 56976 0 576 256 4 2 0 9 26 0 0 0 0 943 0 0 0 0 0 0 0 144 20414 0 0 136 1634 0 0 0 28 0 8 283 0 0 
0 6047 0 3 1 0 0 0 517 0 0 231 265 0 29628 0 0 0 781 0 0 93 113 28 10419 1 27635 0 0 10 0 363 18868 11209 0 738 84900 1095 0 1764 
0 405 32 0 0 0 0 0 274 0 0 6651 193 298 0 4406 8 0 2 0 93 0 0 0 0 35 607 0 0 45 6 44644 7881 5363 834 0 2137 0 29742 0 
699 40 0 990 0 173 0 11024 0 0 0 20513 269 477 0 9947 0 1 0 0 113 0 0 73 0 5756 0 0 4116 0 1 1 2971 0 1 0 5796 2 0 330 
25 0 135 22420 0 23247 8 1 10854 5463 0 0 0 3 0 3 0 16280 0 0 28 0 73 0 2086 0 8029 0 159 0 0 0 0 0 0 2 1 0 1520 0 
83 0 16 2240 16213 0 28434 14 26 7 0 0 0 0 532 0 0 0 179 0 10419 0 0 2086 0 0 0 4 464 0 0 1050 11983 61866 79727 1639 0 0 0 0 
22 0 520 0 7481 152 4 0 0 1548 0 12215 1 0 0 0 94280 50 6236 144 1 35 5756 0 0 0 230 0 0 114 0 0 0 0 0 1 22 0 1 0 
0 77537 0 0 0 0 174 454 5 12266 8842 0 350 387 2223 624 1 83427 23 20414 27635 607 0 8029 0 230 0 13795 31 4411 319 10725 69 101 48554 0 0 0 7 0 
0 11424 1810 27213 4 515 1 25 0 48 0 44 0 12 733 141 874 1 0 0 0 0 0 0 4 0 13795 0 0 65 0 3 68327 20 0 0 0 36705 0 21593 
0 24 1 0 0 949 0 108 0 0 0 0 0 0 53228 1 0 0 75500 0 0 0 4116 159 464 0 31 0 0 994 88534 0 0 0 328 0 0 0 0 0 
80231 25 0 0 465 0 8510 0 1486 0 9 2 1 60 0 0 0 86320 0 136 10 45 0 0 0 114 4411 65 994 0 4519 34 1 30409 0 0 125 0 25 13 
0 0 0 3 0 0 20308 588 436 47 26 0 29 278 1698 0 0 16 6 1634 0 6 1 0 0 0 319 0 88534 4519 0 0 0 0 8356 0 24664 0 0 0 
0 9 0 0 0 30581 0 0 2 62711 0 0 0 0 0 2 0 0 0 0 363 44644 1 0 1050 0 10725 3 0 34 0 0 0 1332 0 11842 0 3 7073 196 
0 529 401 8660 0 5413 550 0 0 1 0 0 0 0 0 48798 6 0 6 0 18868 7881 2971 0 11983 0 69 68327 0 1 0 0 0 42 0 25 1 0 0 0 
0 3 466 1 242 74935 19340 246 148 12439 44 2582 0 0 98 7 2 2857 0 0 11209 5363 0 0 61866 0 101 20 0 30409 0 1332 42 0 1255 714 9999 0 1293 0 
15285 3539 105 0 0 0 11871 199 0 36082 130 1355 0 29 0 134 14086 0 0 28 0 834 1 0 79727 0 48554 0 328 0 8356 0 0 1255 0 0 0 60936 468 2607 
0 0 1415 0 5 0 0 0 0 0 32 0 0 0 7 3623 0 293 748 0 738 0 0 2 1639 1 0 0 0 0 0 11842 25 714 0 0 919 5 1 113 
0 0 0 0 284 0 0 1351 615 0 0 0 0 0 0 2 835 0 5 8 84900 2137 5796 1 0 22 0 0 0 125 24664 0 1 9999 0 919 0 27 0 11664 
0 0 2780 0 7 0 0 121 700 27522 0 0 0 6207 0 0 0 0 0 283 1095 0 2 0 0 0 0 36705 0 0 0 3 0 0 60936 5 27 0 0 0 
0 235 0 3375 0 3 6 1 0 0 0 0 0 23 52 0 34 705 1819 0 0 29742 0 1520 0 1 7 0 0 25 0 7073 0 1293 468 1 0 0 0 0 
0 0 1 1 0 67 0 0 0 0 501 0 68557 0 759 1450 25 54160 0 0 1764 0 330 0 0 0 0 21593 0 13 0 196 0 0 2607 113 11664 0 0 0 
