6 4
0 46 118 40 96 98 
46 0 88 10 53 127 
118 88 0 85 53 137 
40 10 85 0 56 117 
96 53 53 56 0 154 
98 127 137 117 154 0 
0 388 16987 0 1 14534 
388 0 0 1963 47 0 
16987 0 0 16 15616 0 
0 1963 16 0 0 0 
1 47 15616 0 0 19 
14534 0 0 0 19 0 
0 0 0 15778 0 0 
0 0 4 0 0 14 
0 4 0 0 0 11 
15778 0 0 0 29 15 
0 0 0 29 0 0 
0 14 11 15 0 0 
0 0 0 1079 1 0 
0 0 87598 0 0 32 
0 87598 0 0 0 526 
1079 0 0 0 45173 3 
1 0 0 45173 0 0 
0 32 526 3 0 0 
0 0 0 13703 0 0 
0 0 2 0 0 33 
0 2 0 0 0 1379 
13703 0 0 0 164 17 
0 0 0 164 0 0 
0 33 1379 17 0 0 
