50 3
0 59 64 103 62 95 95 48 90 88 90 112 64 139 74 53 26 148 87 89 78 107 103 6 100 177 116 85 94 32 58 33 140 154 91 89 149 95 129 136 69 115 101 157 54 90 105 87 127 110 
59 0 70 49 40 62 36 46 31 30 43 69 27 80 26 37 59 91 39 30 28 48 85 53 62 119 57 26 35 49 19 41 84 96 32 30 99 39 70 86 73 69 42 98 15 31 60 28 82 56 
64 70 0 118 33 51 89 98 88 95 64 73 48 126 97 33 87 124 64 86 63 108 150 62 58 154 114 86 89 33 53 83 147 156 86 84 168 106 127 100 125 78 97 140 80 90 70 87 153 86 
103 49 118 0 85 94 38 68 34 23 68 88 69 56 28 85 93 77 65 36 58 23 68 97 90 97 30 33 37 98 65 74 38 53 38 38 50 11 35 90 81 85 32 73 48 31 81 32 37 63 
62 40 33 85 0 33 56 78 55 62 34 51 15 94 66 8 77 96 33 53 30 75 125 57 38 126 81 53 55 32 21 66 113 123 53 51 135 74 94 77 106 55 64 110 53 57 45 54 121 57 
95 62 51 94 33 0 57 107 59 71 25 22 37 82 84 42 110 75 28 57 37 76 147 91 7 104 78 61 57 65 46 97 112 117 56 55 139 82 90 49 135 27 64 93 77 62 20 61 131 41 
95 36 89 38 56 57 0 77 6 17 31 50 41 44 39 58 95 55 29 6 25 20 100 89 52 83 25 11 1 78 40 76 58 67 4 6 82 27 38 57 100 48 8 62 47 8 43 10 75 27 
48 46 98 68 78 107 77 0 71 63 90 115 69 117 41 71 27 133 86 71 75 81 55 45 108 159 90 66 76 65 60 15 106 121 74 72 107 64 101 132 28 116 80 136 31 70 107 68 82 102 
90 31 88 34 55 59 6 71 0 12 34 55 39 49 33 57 89 61 31 2 25 20 94 84 56 89 27 5 5 75 38 70 58 68 4 4 81 23 41 63 94 53 11 67 41 3 47 3 71 33 
88 30 95 23 62 71 17 63 12 0 46 67 46 53 23 63 84 69 43 14 35 19 82 82 68 95 28 10 16 78 43 65 53 65 16 16 72 11 40 74 84 65 17 72 36 9 59 10 60 45 
90 43 64 68 34 25 31 90 34 46 0 25 25 61 61 41 99 61 3 32 15 51 124 84 22 92 53 36 32 65 32 83 87 94 30 30 114 57 66 45 116 26 39 76 58 37 17 36 106 22 
112 69 73 88 51 22 50 115 55 67 25 0 49 63 86 60 123 54 29 53 40 67 148 107 15 82 66 58 51 84 57 108 98 101 51 51 128 77 76 27 142 5 56 73 84 58 8 57 125 26 
64 27 48 69 15 37 41 69 39 46 25 49 0 81 52 17 74 86 23 37 16 60 112 58 38 116 66 37 40 40 8 60 98 108 37 36 119 58 79 71 97 51 49 98 41 41 41 38 105 47 
139 80 126 56 94 82 44 117 49 53 61 63 81 0 75 99 137 23 62 50 65 36 125 133 74 41 27 54 45 121 83 118 42 40 48 50 74 54 23 49 136 59 38 18 89 49 61 52 82 40 
74 26 97 28 66 84 39 41 33 23 61 86 52 75 0 64 65 92 58 34 47 39 62 69 83 117 49 28 38 73 45 46 66 80 37 35 76 23 59 96 61 84 40 94 20 31 77 29 56 66 
53 37 33 85 8 42 58 71 57 63 41 60 17 99 64 0 69 102 39 55 34 77 120 48 46 132 83 54 58 24 20 58 115 125 55 53 135 74 97 85 99 63 67 115 48 58 53 55 119 63 
26 59 87 93 77 110 95 27 89 84 99 123 74 137 65 69 0 150 95 88 85 103 79 26 113 178 112 83 93 54 66 19 131 145 91 89 135 88 124 144 43 125 99 156 48 88 115 85 110 115 
148 91 124 77 96 75 55 133 61 69 61 54 86 23 92 102 150 0 63 62 70 55 146 142 68 30 47 67 57 126 90 132 65 61 59 61 97 73 46 31 154 49 52 20 102 63 55 65 105 39 
87 39 64 65 33 28 29 86 31 43 3 29 23 62 58 39 95 63 0 29 11 49 121 81 25 93 52 33 29 63 29 79 86 93 27 27 112 54 65 48 113 29 37 77 55 34 20 33 103 24 
89 30 86 36 53 57 6 71 2 14 32 53 37 50 34 55 88 62 29 0 23 22 95 83 54 89 29 5 5 73 36 70 60 70 2 2 83 25 42 62 94 51 12 68 40 5 45 4 73 32 
78 28 63 58 30 37 25 75 25 35 15 40 16 65 47 34 85 70 11 23 0 45 110 72 35 100 50 25 25 56 20 68 83 92 22 21 106 47 64 59 101 41 33 81 43 28 32 26 96 31 
107 48 108 23 75 76 20 81 20 19 51 67 60 36 39 77 103 55 49 22 45 0 91 101 71 77 9 23 20 95 58 84 38 48 22 24 62 18 21 67 100 64 12 54 55 18 60 21 58 41 
103 85 150 68 125 147 100 55 94 82 124 148 112 125 62 120 79 146 121 95 110 91 0 100 146 164 99 90 98 119 104 71 95 110 98 97 80 74 102 156 39 147 97 141 72 91 140 91 53 127 
6 53 62 97 57 91 89 45 84 82 84 107 58 133 69 48 26 142 81 83 72 101 100 0 95 171 110 79 88 29 52 29 135 148 85 83 144 89 123 130 68 109 95 151 48 84 99 81 122 104 
100 62 58 90 38 7 52 108 56 68 22 15 38 74 83 46 113 68 25 54 35 71 146 95 0 97 72 58 53 70 47 99 106 111 52 52 134 79 84 42 135 19 59 86 77 59 13 58 127 35 
177 119 154 97 126 104 83 159 89 95 92 82 116 41 117 132 178 30 93 89 100 77 164 171 97 0 68 94 84 156 120 159 73 63 87 89 103 95 62 57 177 77 78 23 130 89 84 92 117 69 
116 57 114 30 81 78 25 90 27 28 53 66 66 27 49 83 112 47 52 29 50 9 99 110 72 68 0 31 25 102 65 93 34 42 28 30 62 26 13 62 109 62 16 45 64 26 60 29 61 39 
85 26 86 33 53 61 11 66 5 10 36 58 37 54 28 54 83 67 33 5 25 23 90 79 58 94 31 0 10 72 35 65 61 72 8 7 82 21 44 68 89 57 16 72 35 5 50 2 70 37 
94 35 89 37 55 57 1 76 5 16 32 51 40 45 38 58 93 57 29 5 25 20 98 88 53 84 25 10 0 78 40 75 58 67 3 5 82 26 39 58 99 49 8 63 45 7 44 8 74 28 
32 49 33 98 32 65 78 65 75 78 65 84 40 121 73 24 54 126 63 73 56 95 119 29 70 156 102 72 78 0 37 50 132 144 75 73 148 88 116 109 92 87 86 138 53 76 77 73 129 87 
58 19 53 65 21 46 40 60 38 43 32 57 8 83 45 20 66 90 29 36 20 58 104 52 47 120 65 35 40 37 0 51 96 106 37 35 115 54 79 78 89 58 48 100 32 39 48 36 100 51 
33 41 83 74 66 97 76 15 70 65 83 108 60 118 46 58 19 132 79 70 68 84 71 29 99 159 93 65 75 50 51 0 112 127 72 70 118 69 105 127 42 109 80 137 29 69 99 67 94 98 
140 84 147 38 113 112 58 106 58 53 87 98 98 42 66 115 131 65 86 60 83 38 95 135 106 73 34 61 58 132 96 112 0 15 60 62 32 45 22 90 116 94 49 51 86 56 94 59 44 72 
154 96 156 53 123 117 67 121 68 65 94 101 108 40 80 125 145 61 93 70 92 48 110 148 111 63 42 72 67 144 106 127 15 0 70 71 40 58 28 89 132 97 58 43 99 67 98 70 58 76 
91 32 86 38 53 56 4 74 4 16 30 51 37 48 37 55 91 59 27 2 22 22 98 85 52 87 28 8 3 75 37 72 60 70 0 2 84 27 42 59 97 49 11 66 43 7 43 7 75 29 
89 30 84 38 51 55 6 72 4 16 30 51 36 50 35 53 89 61 27 2 21 24 97 83 52 89 30 7 5 73 35 70 62 71 2 0 85 27 43 60 96 49 13 68 41 7 43 6 75 30 
149 99 168 50 135 139 82 107 81 72 114 128 119 74 76 135 135 97 112 83 106 62 80 144 134 103 62 82 82 148 115 118 32 40 84 85 0 61 54 122 110 124 75 83 97 78 122 81 27 101 
95 39 106 11 74 82 27 64 23 11 57 77 58 54 23 74 88 73 54 25 47 18 74 89 79 95 26 21 26 88 54 69 45 58 27 27 61 0 36 82 82 75 23 72 41 20 70 21 49 53 
129 70 127 35 94 90 38 101 41 40 66 76 79 23 59 97 124 46 65 42 64 21 102 123 84 62 13 44 39 116 79 105 22 28 42 43 54 36 0 68 117 72 30 38 76 39 71 43 59 49 
136 86 100 90 77 49 57 132 63 74 45 27 71 49 96 85 144 31 48 62 59 67 156 130 42 57 62 68 58 109 78 127 90 89 59 60 122 82 68 0 156 23 59 52 100 65 32 66 124 30 
69 73 125 81 106 135 100 28 94 84 116 142 97 136 61 99 43 154 113 94 101 100 39 68 135 177 109 89 99 92 89 42 116 132 97 96 110 82 117 156 0 142 101 154 58 92 133 90 83 126 
115 69 78 85 55 27 48 116 53 65 26 5 51 59 84 63 125 49 29 51 41 64 147 109 19 77 62 57 49 87 58 109 94 97 49 49 124 75 72 23 142 0 53 68 84 56 9 56 122 23 
101 42 97 32 64 64 8 80 11 17 39 56 49 38 40 67 99 52 37 12 33 12 97 95 59 78 16 16 8 86 48 80 49 58 11 13 75 23 30 59 101 53 0 56 51 11 49 14 69 30 
157 98 140 73 110 93 62 136 67 72 76 73 98 18 94 115 156 20 77 68 81 54 141 151 86 23 45 72 63 138 100 137 51 43 66 68 83 72 38 52 154 68 56 0 107 67 72 70 95 53 
54 15 80 48 53 77 47 31 41 36 58 84 41 89 20 48 48 102 55 40 43 55 72 48 77 130 64 35 45 53 32 29 86 99 43 41 97 41 76 100 58 84 51 107 0 40 75 37 76 70 
90 31 90 31 57 62 8 70 3 9 37 58 41 49 31 58 88 63 34 5 28 18 91 84 59 89 26 5 7 76 39 69 56 67 7 7 78 20 39 65 92 56 11 67 40 0 50 3 68 35 
105 60 70 81 45 20 43 107 47 59 17 8 41 61 77 53 115 55 20 45 32 60 140 99 13 84 60 50 44 77 48 99 94 98 43 43 122 70 71 32 133 9 49 72 75 50 0 50 118 21 
87 28 87 32 54 61 10 68 3 10 36 57 38 52 29 55 85 65 33 4 26 21 91 81 58 92 29 2 8 73 36 67 59 70 7 6 81 21 43 66 90 56 14 70 37 3 50 0 70 36 
127 82 153 37 121 131 75 82 71 60 106 125 105 82 56 119 110 105 103 73 96 58 53 122 127 117 61 70 74 129 100 94 44 58 75 75 27 49 59 124 83 122 69 95 76 68 118 70 0 99 
110 56 86 63 57 41 27 102 33 45 22 26 47 40 66 63 115 39 24 32 31 41 127 104 35 69 39 37 28 87 51 98 72 76 29 30 101 53 49 30 126 23 30 53 70 35 21 36 99 0 
0 6 0 0 14 0 448 161 0 369 0 23019 78 0 183 0 87 0 0 1 0 0 0 2 0 5 0 709 2666 35 0 14577 18201 6970 2 106 0 0 22 0 397 156 10 11917 0 0 13 0 0 0 
6 0 8 0 1329 1170 1975 532 11 0 0 12 340 0 316 0 0 1260 0 10 0 1906 4 21 568 0 21 0 28007 2 0 0 445 0 0 0 1 59090 0 0 0 604 2 6242 2037 0 9 0 0 0 
0 8 0 0 0 606 0 276 0 13 0 0 86 0 6941 1349 0 0 0 3 4460 0 3282 0 0 0 0 0 1438 127 1427 0 0 0 49 26 1620 97308 119 0 20 1 8679 1653 848 40099 5304 0 0 86637 
0 0 0 0 20 23 0 0 0 0 0 0 15951 11477 17 10 0 3627 95 53447 1 47114 79320 0 0 0 1 0 10 33 529 0 11024 1 0 0 0 0 41719 42158 0 1 16 2672 0 0 0 23 0 2014 
14 1329 0 20 0 0 0 1 167 14 0 0 0 0 16 0 0 0 0 2 0 0 1550 0 2 17 58221 0 0 968 0 0 0 0 0 64 31645 0 154 0 0 16 0 0 3384 3 0 4 0 0 
0 1170 606 23 0 0 18 62 0 0 0 51 0 3 0 7858 0 1000 0 821 0 0 0 1 0 0 0 304 46594 7 0 2365 21793 0 0 1 0 6 0 0 0 0 0 22 17859 0 167 0 50 0 
448 1975 0 0 0 18 0 0 0 0 1 0 0 0 2 0 0 165 0 0 53613 0 0 0 0 80194 0 0 3194 1740 225 781 0 0 0 0 0 71345 0 14 0 0 0 700 0 2 0 0 0 0 
161 532 276 0 1 62 0 0 101 1 21 47 9 0 0 18515 181 17 1 0 122 432 0 7610 10685 137 0 16 0 319 1636 0 1589 0 2676 2586 8781 90 0 0 0 210 0 0 0 39831 0 3186 0 65 
0 11 0 0 167 0 0 101 0 11408 0 0 139 0 52 1067 1 0 28110 37 0 0 1157 820 428 1 0 0 0 0 0 0 2115 711 0 0 0 0 72 0 0 627 2886 282 17 0 4393 0 365 0 
369 0 13 0 14 0 0 1 11408 0 0 0 0 60164 5 0 1979 83532 0 49 10 621 0 0 0 40 2 2 64 0 41 15577 17588 0 578 0 0 62 0 0 47 80240 0 0 0 0 93129 0 16150 3892 
0 0 0 0 0 0 1 21 0 0 0 0 0 3 0 3 11 4 0 87098 1 0 11837 0 47 0 11 0 0 0 151 16 8292 0 356 27 0 0 0 22756 69567 0 0 0 0 53032 0 16 0 0 
23019 12 0 0 0 51 0 47 0 0 0 0 0 0 10926 0 174 0 1 48 2540 0 0 0 1211 371 1 1459 0 362 0 0 833 0 517 0 0 0 0 14 5 0 12 0 65814 0 2304 6319 0 0 
78 340 86 15951 0 0 0 9 139 0 0 0 0 0 0 0 0 0 0 0 19 0 62 18158 0 3916 0 0 90 0 0 1671 283 0 3 0 0 0 0 71 184 0 0 0 10 17 0 0 0 17625 
0 0 0 11477 0 3 0 0 0 60164 3 0 0 0 0 438 0 28 154 8427 0 14517 0 2 0 1711 0 43192 18657 55 46 0 0 244 3250 0 0 69 8387 0 618 0 1243 0 2127 4 23 6 0 0 
183 316 6941 17 16 0 2 0 52 5 0 10926 0 0 0 0 0 9 0 0 682 0 1 1 1 0 2 0 0 0 0 42 0 0 8326 687 80 328 51986 0 3739 0 0 0 95 0 23082 59 1 0 
0 0 1349 10 0 7858 0 18515 1067 0 3 0 0 438 0 0 222 18 32196 797 0 149 0 0 0 26193 36985 0 0 0 1251 0 0 75 470 0 51362 38 0 0 0 0 6896 0 1273 0 0 0 3 2 
87 0 0 0 0 0 0 181 1 1979 11 174 0 0 0 222 0 0 7772 82024 0 9 3 0 0 0 0 7949 0 274 0 986 31 0 34083 782 404 0 47 0 0 235 0 0 0 14 605 7243 0 63634 
0 1260 0 3627 0 1000 165 17 0 83532 4 0 0 28 9 18 0 0 5211 0 0 27 0 28 0 2619 39391 31 0 0 412 0 356 0 78 0 0 2568 300 0 228 170 35 762 76680 19014 0 237 0 9 
0 0 0 95 0 0 0 1 28110 0 0 1 0 154 0 32196 7772 5211 0 4 36867 0 4339 2 9931 215 0 0 69 10004 133 0 54 81305 213 17913 21 0 0 0 9120 356 0 375 59239 0 0 4 2273 0 
1 10 3 53447 2 821 0 0 37 49 87098 48 0 8427 0 797 82024 0 4 0 189 0 0 0 43595 0 54 7195 0 23 0 0 0 2 15008 84 40 357 468 4 0 13156 42 0 0 0 0 0 86148 0 
0 0 4460 1 0 0 53613 122 0 10 1 2540 19 0 682 0 0 0 36867 189 0 0 0 10803 15769 0 21 56013 0 0 0 125 94416 0 0 790 50670 49 75063 2 0 0 845 0 0 82 0 0 23 0 
0 1906 0 47114 0 0 0 432 0 621 0 0 0 14517 0 149 9 27 0 0 0 0 1 0 44 0 0 0 9 0 3 7942 0 0 1796 772 1487 0 0 59019 0 0 0 0 0 0 85 0 60 14 
0 4 3282 79320 1550 0 0 0 1157 0 11837 0 62 0 1 0 3 0 4339 0 0 1 0 0 0 0 0 0 0 4 0 196 8 1082 0 0 132 6 7849 0 4 0 42267 54333 1138 0 0 0 0 15 
2 21 0 0 0 1 0 7610 820 0 0 0 18158 2 1 0 0 28 2 0 10803 0 0 0 6261 8207 0 2 70713 54 526 71537 0 35524 0 7 0 0 6214 36647 6 57769 38162 5 11 9 60049 1205 2 0 
0 568 0 0 2 0 0 10685 428 0 47 1211 0 0 1 0 0 0 9931 43595 15769 44 0 6261 0 0 0 14 0 0 0 3415 40 584 0 0 0 366 2962 143 0 2155 0 0 0 0 48578 1 0 283 
5 0 0 0 17 0 80194 137 1 40 0 371 3916 1711 0 26193 0 2619 215 0 0 0 0 8207 0 0 6926 0 2428 0 0 140 0 0 0 4 0 0 0 9942 140 74321 5 47352 21212 24773 0 0 191 0 
0 21 0 1 58221 0 0 0 0 2 11 1 0 0 2 36985 0 39391 0 54 21 0 0 0 0 6926 0 226 346 0 7 35164 1 0 2 0 0 0 3 21 33292 0 0 0 87687 0 226 684 0 19230 
709 0 0 0 0 304 0 16 0 2 0 1459 0 43192 0 0 7949 31 0 7195 56013 0 0 2 14 0 226 0 14 6204 285 77590 0 0 7358 21 176 63305 0 0 2257 0 0 903 0 0 5 343 0 0 
2666 28007 1438 10 0 46594 3194 0 0 64 0 0 90 18657 0 0 0 0 69 0 0 9 0 70713 0 2428 346 14 0 1962 0 35122 9 2500 0 34 0 0 0 0 0 0 70 0 3374 4 646 0 0 2 
35 2 127 33 968 7 1740 319 0 0 0 362 0 55 0 0 274 0 10004 23 0 0 4 54 0 0 0 6204 1962 0 0 0 10125 0 2 487 0 23780 0 1 545 0 0 1 0 50857 0 0 228 14 
0 0 1427 529 0 0 225 1636 0 41 151 0 0 46 0 1251 0 412 133 0 0 3 0 526 0 0 7 285 0 0 0 0 0 0 173 0 1418 86549 0 38886 0 2 0 23262 1012 0 0 0 4130 0 
14577 0 0 0 0 2365 781 0 0 15577 16 0 1671 0 42 0 986 0 0 0 125 7942 196 71537 3415 140 35164 77590 35122 0 0 0 3 45 0 466 359 0 16818 1 4922 0 551 370 0 305 89 0 0 14 
18201 445 0 11024 0 21793 0 1589 2115 17588 8292 833 283 0 0 0 31 356 54 0 94416 0 8 0 40 0 1 0 9 10125 0 3 0 38 0 1 43 17753 11345 0 0 0 96 0 3088 0 28 0 0 2 
6970 0 0 1 0 0 0 0 711 0 0 0 0 244 0 75 0 0 81305 2 0 0 1082 35524 584 0 0 0 2500 0 0 45 38 0 32024 37 0 22784 114 724 0 11738 8 4649 37 0 0 0 55207 13315 
2 0 49 0 0 0 0 2676 0 578 356 517 3 3250 8326 470 34083 78 213 15008 0 1796 0 0 0 0 2 7358 0 2 173 0 0 32024 0 71 132 0 0 1726 0 0 21656 25 4 31713 4 0 0 0 
106 0 26 0 64 1 0 2586 0 0 27 0 0 0 687 0 782 0 17913 84 790 772 0 7 0 4 0 21 34 487 0 466 1 37 71 0 0 0 0 0 125 0 0 0 0 0 0 0 0 2 
0 1 1620 0 31645 0 0 8781 0 0 0 0 0 0 80 51362 404 0 21 40 50670 1487 132 0 0 0 0 176 0 0 1418 359 43 0 132 0 0 53 39 27544 60928 148 0 0 0 0 0 56 0 0 
0 59090 97308 0 0 6 71345 90 0 62 0 0 0 69 328 38 0 2568 0 357 49 0 6 0 366 0 0 63305 0 23780 86549 0 17753 22784 0 0 53 0 0 2 2 0 11 0 0 0 0 0 0 0 
22 0 119 41719 154 0 0 0 72 0 0 0 0 8387 51986 0 47 300 0 468 75063 0 7849 6214 2962 0 3 0 0 0 0 16818 11345 114 0 0 39 0 0 0 64416 0 6 0 3227 0 8413 4560 41 7 
0 0 0 42158 0 0 14 0 0 0 22756 14 71 0 0 0 0 0 0 4 2 59019 0 36647 143 9942 21 0 0 1 38886 1 0 724 1726 0 27544 2 0 0 0 0 0 1 43097 1 0 9382 0 0 
397 0 20 0 0 0 0 0 0 47 69567 5 184 618 3739 0 0 228 9120 0 0 0 4 6 0 140 33292 2257 0 545 0 4922 0 0 0 125 60928 2 64416 0 0 0 0 63760 807 0 29841 0 0 2 
156 604 1 1 16 0 0 210 627 80240 0 0 0 0 0 0 235 170 356 13156 0 0 0 57769 2155 74321 0 0 0 0 2 0 0 11738 0 0 148 0 0 0 0 0 28 0 10666 4 2283 6 0 5578 
10 2 8679 16 0 0 0 0 2886 0 0 12 0 1243 0 6896 0 35 0 42 845 0 42267 38162 0 5 0 0 70 0 0 551 96 8 21656 0 0 11 6 0 0 28 0 226 0 1 2 0 0 0 
11917 6242 1653 2672 0 22 700 0 282 0 0 0 0 0 0 0 0 762 375 0 0 0 54333 5 0 47352 0 903 0 1 23262 370 0 4649 25 0 0 0 0 1 63760 0 226 0 0 0 0 0 282 0 
0 2037 848 0 3384 17859 0 0 17 0 0 65814 10 2127 95 1273 0 76680 59239 0 0 0 1138 11 0 21212 87687 0 3374 0 1012 0 3088 37 4 0 0 0 3227 43097 807 10666 0 0 0 0 885 0 39338 87480 
0 0 40099 0 3 0 2 39831 0 0 53032 0 17 4 0 0 14 19014 0 0 82 0 0 9 0 24773 0 0 4 50857 0 305 0 0 31713 0 0 0 0 1 0 4 1 0 0 0 1549 0 0 0 
13 9 5304 0 0 167 0 0 4393 93129 0 2304 0 23 23082 0 605 0 0 0 0 85 0 60049 48578 0 226 5 646 0 0 89 28 0 4 0 0 0 8413 0 29841 2283 2 0 885 1549 0 0 0 0 
0 0 0 23 4 0 0 3186 0 0 16 6319 0 6 59 0 7243 237 4 0 0 0 0 1205 1 0 684 343 0 0 0 0 0 0 0 0 56 0 4560 9382 0 6 0 0 0 0 0 0 692 1 
0 0 0 0 0 50 0 0 365 16150 0 0 0 0 1 3 0 0 2273 86148 23 60 0 2 0 191 0 0 0 228 4130 0 0 55207 0 0 0 0 41 0 0 0 0 282 39338 0 0 692 0 0 
0 0 86637 2014 0 0 0 65 0 3892 0 0 17625 0 0 2 63634 9 0 0 0 14 15 0 283 0 19230 0 2 14 0 14 2 13315 0 2 0 0 7 0 2 5578 0 0 87480 0 0 1 0 0 
0 0 1 259 0 55 0 0 16 0 1 0 0 1232 0 1007 0 220 58 0 2838 83377 133 0 74 0 2825 0 0 0 3921 0 0 0 9 0 5 116 0 29 0 0 0 0 36 5333 0 5 2115 6 
0 0 0 15 0 0 0 0 4 146 11713 0 0 125 0 33 139 0 6 0 32626 0 0 0 0 71919 0 178 0 0 57988 205 0 1 5 48 0 0 1 28 1919 0 0 0 0 46 0 74 109 5890 
1 0 0 0 2248 0 4 0 11 0 39216 12 0 4 0 0 16 9 10 3 0 27674 0 2984 65728 3 300 12 0 0 0 123 1141 20837 0 0 0 0 2 43 0 0 0 0 0 0 0 135 26 0 
259 15 0 0 0 0 2668 5 3 33 1 4610 0 0 0 0 50622 0 0 0 0 0 0 90370 44 9166 0 122 0 0 0 7651 0 0 14 55059 22725 4712 0 0 21954 0 0 0 70 4 12 0 883 0 
0 0 2248 0 0 23 1 0 0 0 62 180 94 2998 0 14376 76984 353 8402 0 379 2 0 130 0 0 0 0 6 0 5859 219 188 136 343 0 0 8 0 976 248 10 3926 127 0 0 95 0 1 0 
55 0 0 0 23 0 0 0 29068 5 16795 1 219 0 4004 0 80644 0 9935 0 2 390 4 11 1 42 0 0 0 0 2 0 0 182 289 0 284 10 53 67 4 0 86458 0 0 82791 0 4 0 6074 
0 0 4 2668 1 0 0 69341 52781 37 0 29 56934 6035 0 13346 99355 0 4545 612 0 1 65 6 75984 0 89023 433 0 0 0 0 1874 1863 21151 65 1 0 92225 0 15 15987 26 0 0 0 825 10 757 4 
0 0 0 5 0 0 69341 0 0 0 0 0 0 16220 8874 0 0 0 0 28389 0 0 1 0 0 0 440 0 21490 0 0 23660 0 3932 0 0 0 0 298 40666 73 0 720 3985 0 0 327 0 879 0 
16 4 11 3 0 29068 52781 0 0 0 601 42994 0 18 0 0 0 3606 0 0 4578 5 0 0 0 0 212 69779 74 4 255 29 0 0 2 744 5 4130 1 26971 4269 0 0 0 0 4 0 2766 0 1 
0 146 0 33 0 5 37 0 0 0 2 1021 608 0 0 358 0 0 33 0 0 0 1928 241 25963 0 0 0 0 12 0 0 0 43 0 8682 7356 0 2598 4 0 0 14152 61 26 1759 0 9638 0 0 
1 11713 39216 1 62 16795 0 0 601 2 0 336 17 1 386 0 0 0 11 0 0 12 0 43 0 53 0 391 0 1 0 0 0 0 0 0 668 6 810 0 0 0 1 404 7319 0 29915 0 1156 39440 
0 0 12 4610 180 1 29 0 42994 1021 336 0 15 250 0 118 0 3919 0 0 0 1 1 274 0 0 11 0 1879 0 1392 2 0 20 0 130 98 24217 1 0 105 1119 24 2642 0 0 0 0 1138 86 
0 0 0 0 94 219 56934 0 0 608 17 15 0 233 7643 2411 402 6962 58 96 0 2 0 0 626 0 7 231 0 9942 18189 0 0 49047 0 602 345 29 88243 0 0 704 10637 334 0 0 5 537 8 0 
1232 125 4 0 2998 0 6035 16220 18 0 1 250 233 0 650 0 4 0 0 0 78 0 24210 0 7 0 4 0 0 0 0 2835 5032 0 0 346 13 0 0 34 0 8 0 24 0 0 0 0 46 99256 
0 0 0 0 0 4004 0 8874 0 0 386 0 7643 650 0 219 8787 0 28 17 0 11303 0 48 0 3514 0 3 6 8150 4 0 620 24553 0 0 0 0 0 5 0 4 1497 29 0 10 0 0 96 2974 
1007 33 0 0 14376 0 13346 0 0 358 0 118 2411 0 219 0 0 0 0 0 20093 0 100 353 0 0 0 13746 30772 32 0 2039 8 0 0 38937 0 0 3707 95706 4814 3595 0 3766 0 0 32514 2 0 0 
0 139 16 50622 76984 80644 99355 0 0 0 0 0 402 4 8787 0 0 2 0 0 177 0 0 5 5 1805 93437 0 656 0 6731 0 0 39 0 0 0 4 0 5 5028 0 596 30412 17607 0 0 0 1 0 
220 0 9 0 353 0 0 0 3606 0 0 3919 6962 0 0 0 2 0 0 8 361 0 4 0 1506 0 0 0 27366 37646 0 66454 0 11692 0 2542 20 0 0 1 0 0 0 0 0 0 167 0 82 0 
58 6 10 0 8402 9935 4545 0 0 33 11 0 58 0 28 0 0 0 0 0 0 34683 0 1 0 0 63 176 0 0 0 255 0 0 0 0 0 1635 84271 2533 0 0 26363 0 0 7 82530 0 0 2 
0 0 3 0 0 0 612 28389 0 0 0 0 96 0 17 0 0 8 0 0 0 178 11 1 0 72 0 0 161 0 613 26758 2 0 0 0 0 0 0 2 83282 0 0 0 197 7 3 30222 0 0 
2838 32626 0 0 379 2 0 0 4578 0 0 0 0 78 0 20093 177 361 0 0 0 192 47 0 0 1161 0 0 13 81062 76074 0 0 164 12 0 0 0 0 0 56 45472 0 1 9 0 435 7506 0 3389 
83377 0 27674 0 2 390 1 0 5 0 12 1 2 0 11303 0 0 0 34683 178 192 0 0 7 0 59272 16086 1048 0 4 0 0 6 22652 0 0 0 1 45870 0 6 1319 9762 1990 64 954 1 6 0 0 
133 0 0 0 0 4 65 1 0 1928 0 1 0 24210 0 100 0 4 0 11 47 0 0 2124 7169 59 1 12 1 0 6 0 0 0 5 9 0 0 0 322 0 12 0 0 0 7912 23 164 27 0 
0 0 2984 90370 130 11 6 0 0 241 43 274 0 0 48 353 5 0 1 1 0 7 2124 0 0 0 2935 0 0 0 0 0 12 0 5966 0 2 86255 0 0 0 0 0 0 13 1 0 0 8 1 
74 0 65728 44 0 1 75984 0 0 25963 0 0 626 7 0 0 5 1506 0 0 0 0 7169 0 0 3 37857 0 0 0 1712 0 0 0 506 54519 15742 0 0 0 58586 0 102 579 48 16 0 0 14 0 
0 71919 3 9166 0 42 0 0 0 0 53 0 0 0 3514 0 1805 0 0 72 1161 59272 59 0 3 0 0 2769 0 1150 11 0 6 11111 29 1 1 7095 40 0 0 0 0 0 0 0 0 6358 0 21 
2825 0 300 0 0 0 89023 440 212 0 0 11 7 4 0 0 93437 0 63 0 0 16086 1 2935 37857 0 0 0 0 20721 0 0 0 57 0 23 437 8 3 0 0 77695 42503 0 0 8 0 0 662 0 
0 178 12 122 0 0 433 0 69779 0 391 0 231 0 3 13746 0 0 176 0 0 1048 12 0 0 2769 0 0 0 0 0 0 24450 10395 0 0 0 0 64 105 0 36368 26449 0 202 34 0 0 954 511 
0 0 0 0 6 0 0 21490 74 0 0 1879 0 0 6 30772 656 27366 0 161 13 0 1 0 0 0 0 0 0 0 0 0 0 0 29722 0 84903 47727 96 17 15432 6 0 8 0 0 0 260 4 48 
0 0 0 0 0 0 0 0 4 12 1 0 9942 0 8150 32 0 37646 0 0 81062 4 0 0 0 1150 20721 0 0 0 73 1985 0 217 3 0 254 0 4180 0 0 2777 263 4 26 0 2 64 0 0 
3921 57988 0 0 5859 2 0 0 255 0 0 1392 18189 0 4 0 6731 0 0 613 76074 0 6 0 1712 11 0 0 0 73 0 7 5 99921 0 8 0 0 35 0 77 0 20577 0 0 97 66 19152 0 207 
0 205 123 7651 219 0 0 23660 29 0 0 2 0 2835 0 2039 0 66454 255 26758 0 0 0 0 0 0 0 0 0 1985 7 0 0 0 547 0 0 367 0 7 0 1442 0 0 50 0 0 3122 32532 0 
0 0 1141 0 188 0 1874 0 0 0 0 0 0 5032 620 8 0 0 0 2 0 6 0 12 0 6 0 24450 0 0 5 0 0 0 33189 0 0 0 0 14 1 352 0 118 0 309 0 388 1 0 
0 1 20837 0 136 182 1863 3932 0 43 0 20 49047 0 24553 0 39 11692 0 0 164 22652 0 0 0 11111 57 10395 0 217 99921 0 0 0 0 0 22 0 0 0 0 0 0 0 0 1 37 26 0 0 
9 5 0 14 343 289 21151 0 2 0 0 0 0 0 0 0 0 0 0 0 12 0 5 5966 506 29 0 0 29722 3 0 547 33189 0 0 0 0 16742 12679 0 887 9287 0 0 0 0 3 29701 1898 2 
0 48 0 55059 0 0 65 0 744 8682 0 130 602 346 0 38937 0 2542 0 0 0 0 9 0 54519 1 23 0 0 0 8 0 0 0 0 0 45 8291 258 18376 0 4 32852 93377 1050 14704 533 873 64 0 
5 0 0 22725 0 284 1 0 5 7356 668 98 345 13 0 0 0 20 0 0 0 0 0 2 15742 1 437 0 84903 254 0 0 0 22 0 45 0 0 0 0 0 0 12065 57 0 4080 13 0 4 4969 
116 0 0 4712 8 10 0 0 4130 0 6 24217 29 0 0 0 4 0 1635 0 0 1 0 86255 0 7095 8 0 47727 0 0 367 0 0 16742 8291 0 0 1 0 0 10300 0 14031 9712 5038 0 86 8 483 
0 1 2 0 0 53 92225 298 1 2598 810 1 88243 0 0 3707 0 0 84271 0 0 45870 0 0 0 40 3 64 96 4180 35 0 0 0 12679 258 0 1 0 14 0 424 0 28 0 861 0 0 0 0 
29 28 43 0 976 67 0 40666 26971 4 0 0 0 34 5 95706 5 1 2533 2 0 0 322 0 0 0 0 105 17 0 0 7 14 0 0 18376 0 0 14 0 32 30 1 8 0 0 11596 0 185 80 
0 1919 0 21954 248 4 15 73 4269 0 0 105 0 0 0 4814 5028 0 0 83282 56 6 0 0 58586 0 0 0 15432 0 77 0 1 0 887 0 0 0 0 32 0 15 1492 0 0 21658 0 18 4605 0 
0 0 0 0 10 0 15987 0 0 0 0 1119 704 8 4 3595 0 0 0 0 45472 1319 12 0 0 0 77695 36368 6 2777 0 1442 352 0 9287 4 0 10300 424 30 15 0 0 2184 0 0 0 0 0 0 
0 0 0 0 3926 86458 26 720 0 14152 1 24 10637 0 1497 0 596 0 26363 0 0 9762 0 0 102 0 42503 26449 0 263 20577 0 0 0 0 32852 12065 0 0 1 1492 0 0 0 2991 0 2 3 183 3 
0 0 0 0 127 0 0 3985 0 61 404 2642 334 24 29 3766 30412 0 0 0 1 1990 0 0 579 0 0 0 8 4 0 0 118 0 0 93377 57 14031 28 8 0 2184 0 0 2882 2 91 34475 0 10 
36 0 0 70 0 0 0 0 0 26 7319 0 0 0 0 0 17607 0 0 197 9 64 0 13 48 0 0 202 0 26 0 50 0 0 0 1050 0 9712 0 0 0 0 2991 2882 0 3 0 779 0 0 
5333 46 0 4 0 82791 0 0 4 1759 0 0 0 0 10 0 0 0 7 7 0 954 7912 1 16 0 8 34 0 0 97 0 309 1 0 14704 4080 5038 861 0 21658 0 0 2 3 0 0 735 72702 1499 
0 0 0 12 95 0 825 327 0 0 29915 0 5 0 0 32514 0 167 82530 3 435 1 23 0 0 0 0 0 0 2 66 0 0 37 3 533 13 0 0 11596 0 0 2 91 0 0 0 25831 0 12341 
5 74 135 0 0 4 10 0 2766 9638 0 0 537 0 0 2 0 0 0 30222 7506 6 164 0 0 6358 0 0 260 64 19152 3122 388 26 29701 873 0 86 0 0 18 0 3 34475 779 735 25831 0 0 0 
2115 109 26 883 1 0 757 879 0 0 1156 1138 8 46 96 0 1 82 0 0 0 0 27 8 14 0 662 954 4 0 0 32532 1 0 1898 64 4 8 0 185 4605 0 183 0 0 72702 0 0 0 18 
6 5890 0 0 0 6074 4 0 1 0 39440 86 0 99256 2974 0 0 0 2 0 3389 0 0 1 0 21 0 511 48 0 207 0 0 0 2 0 4969 483 0 80 0 0 3 10 0 1499 12341 0 18 0 
0 6 1568 0 0 1013 0 0 36 0 850 0 0 1167 0 232 0 4 1663 0 44 104 4 0 24 0 11343 0 0 0 62418 0 0 0 0 0 4172 11092 0 0 0 0 0 0 42 418 0 1 3609 36441 
6 0 0 3775 0 0 0 0 0 17 18 0 0 0 0 10 137 0 397 0 1291 0 0 3 0 65254 0 3374 0 0 36 6 0 2649 1384 10150 0 0 0 14 62030 0 0 0 0 4 0 75 30 754 
1568 0 0 2556 121 0 69 0 145 0 1337 1 0 375 0 0 5108 78 627 0 0 178 0 85211 24 1 178 5 0 0 0 581 1 2103 0 0 0 0 0 71 0 0 0 0 0 0 0 1999 48 0 
0 3775 2556 0 0 0 0 185 18 11241 23898 11 0 0 1 0 1182 0 0 0 0 0 0 74 211 18844 7 450 0 0 0 32 0 0 81719 2 9 47 0 0 37 0 0 0 8691 5640 2580 0 76 0 
0 0 121 0 0 92 418 3 0 3 84562 2 23 20 0 29 5568 6 442 0 7 3 0 18 1 0 0 2 35060 0 11743 9377 6 177 3 0 0 816 0 8512 29029 0 124 1029 0 0 1380 0 9287 1840 
1013 0 0 0 92 0 0 0 310 14 2756 0 53 0 11265 0 29233 0 12 0 15 73 5 0 28 6 73739 0 0 0 2618 0 0 383 4 0 60 0 31 137 2767 4796 13730 0 0 7 0 618 0 1 
0 0 69 0 418 0 0 739 6 6 0 3 258 1129 1 3671 30 0 1828 18037 0 1435 657 217 981 0 91 488 0 0 0 0 9895 36143 5 28004 4466 0 19995 0 830 6 2560 0 4914 0 1200 1114 0 0 
0 0 0 185 3 0 739 0 0 0 0 0 0 586 1 0 0 0 0 287 0 0 30248 0 0 0 1 0 912 0 0 3051 0 31 0 0 0 0 48335 381 4966 0 5289 153 0 0 8626 0 1469 0 
36 0 145 18 0 310 6 0 0 0 0 58058 0 8 0 0 0 2936 0 0 18 8643 0 0 0 0 21502 5329 22396 3604 3036 242 0 0 5 7 79 9846 0 439 8 0 0 0 0 221 0 2 0 46 
0 17 0 11241 3 14 6 0 0 0 9281 24509 17714 0 51 0 0 0 693 0 3 0 5710 5468 4200 0 0 0 0 14 1 0 0 12 0 24 614 0 58 34 0 0 45373 11195 11059 9 0 32 0 0 
850 18 1337 23898 84562 2756 0 0 0 9281 0 1034 174 0 3 3 0 0 6 0 0 7 0 0 0 271 3 2 73 917 0 0 0 226 0 0 33198 1648 2119 0 0 2 1686 395 488 0 15 0 36 93 
0 0 1 11 2 0 3 0 58058 24509 1034 0 1 3322 0 1213 0 461 0 0 0 370 1 531 0 0 0 0 1666 0 92 444 0 163 0 6453 16463 85 44292 0 0 16 0 1 0 4 0 0 2 4769 
0 0 0 0 23 53 258 0 0 17714 174 1 0 19890 116 196 5 101 164 9584 0 21824 0 0 37 0 0 13786 0 2 416 0 0 23 0 14192 1 830 53 0 0 1178 717 0 0 0 9 2 369 0 
1167 0 375 0 20 0 1129 586 8 0 0 3322 19890 0 27 0 127 0 0 0 4848 0 3939 0 401 0 2 0 0 0 0 11266 357 0 0 13 3736 0 0 2535 0 58 0 18282 0 0 0 0 25 21800 
0 0 0 1 0 11265 1 1 0 51 3 0 116 27 0 17485 5362 0 1459 1186 0 6 2 0 0 35349 0 2 1 25697 3 0 1226 12 0 0 0 0 0 112 0 1574 1010 28 0 1937 0 0 0 5 
232 10 0 0 29 0 3671 0 0 0 3 1213 196 0 17485 0 0 0 0 0 22271 0 685 76 2 0 0 51 0 1 0 66 41 0 0 82 0 0 238 79991 2 9217 0 0 0 7134 39778 7485 0 0 
0 137 5108 1182 5568 29233 30 0 0 0 0 0 5 127 5362 0 0 1965 0 0 203 0 0 595 81 28 9109 0 7 0 112 0 0 22 0 0 0 3315 0 387 8696 0 195 15254 6819 0 0 0 50590 0 
4 0 78 0 6 0 0 0 2936 0 0 461 101 0 0 0 1965 0 0 51 1 0 89 0 19518 0 0 0 1260 1620 0 1 0 36679 0 12662 16131 0 0 5 0 0 0 0 0 0 3518 0 36 0 
1663 397 627 0 442 12 1828 0 0 693 6 0 164 0 1459 0 0 0 0 0 0 485 0 0 0 0 336 278 0 0 0 39 0 0 0 0 0 22 18312 616 0 0 113 0 0 50698 3244 0 0 4 
0 0 0 0 0 0 18037 287 0 0 0 0 9584 0 1186 0 0 51 0 0 0 443 21587 80 0 29353 0 0 16 0 2444 630 116 0 0 0 0 0 0 0 2 0 0 10170 42 13 105 4 0 97 
44 1291 0 0 7 15 0 0 18 3 0 0 0 4848 0 22271 203 1 0 0 0 7265 61552 0 0 107 0 0 9198 6173 27147 0 0 2355 1423 0 0 0 0 0 80 12986 0 4 325 0 2029 10810 0 129 
104 0 178 0 3 73 1435 0 8643 0 7 370 21824 0 6 0 0 0 485 443 7265 0 0 59 0 24849 2199 2 0 175 0 0 2060 93430 0 0 0 1840 16087 0 1 3138 0 4 10 29 0 614 0 0 
4 0 0 0 0 5 657 30248 0 5710 0 1 0 3939 2 685 0 89 0 21587 61552 0 0 239 2 99 1036 66 22171 0 0 0 1 0 20917 19104 0 0 0 12463 0 12402 0 0 0 1 131 1464 1827 0 
0 3 85211 74 18 0 217 0 0 5468 0 531 0 0 0 76 595 0 0 80 0 59 239 0 0 0 1742 0 0 0 0 0 1 0 65 0 269 684 0 0 0 0 0 0 0 0 0 0 4 3530 
24 0 24 211 1 28 981 0 0 4200 0 0 37 401 0 2 81 19518 0 0 0 0 2 0 0 1 5 0 7 25 163 0 0 0 320 3 1 0 0 0 22092 0 2747 390 0 1 0 0 0 0 
0 65254 1 18844 0 6 0 0 0 0 271 0 0 0 35349 0 28 0 0 29353 107 24849 99 0 1 0 0 1302 0 34654 19012 1 96139 3 107 0 0 3610 2 0 0 0 0 0 0 0 0 3744 0 2843 
11343 0 178 7 0 73739 91 1 21502 0 3 0 0 2 0 0 9109 0 336 0 0 2199 1036 1742 5 0 0 0 0 0 0 0 11 3860 0 24972 4 7 0 0 0 2623 1 7 0 9631 0 0 461 0 
0 3374 5 450 2 0 488 0 5329 0 2 0 13786 0 2 51 0 0 278 0 0 2 66 0 0 1302 0 0 0 0 0 0 4 12610 0 0 0 0 50 90 0 62092 22 0 2 72 0 0 2162 561 
0 0 0 0 35060 0 0 912 22396 0 73 1666 0 0 1 0 7 1260 0 16 9198 0 22171 0 7 0 0 0 0 0 49 0 0 0 1 0 9354 54460 664 18090 11 528 0 364 0 0 0 9321 18846 0 
0 0 0 0 0 0 0 0 3604 14 917 0 2 0 25697 1 0 1620 0 0 6173 175 0 0 25 34654 0 0 0 0 20 3156 0 7917 1 0 1839 0 0 0 0 4374 2 0 1 0 3631 1194 0 0 
62418 36 0 0 11743 2618 0 0 3036 1 0 92 416 0 3 0 112 0 0 2444 27147 0 0 0 163 19012 0 0 49 20 0 2 22890 26 0 7536 0 0 11276 0 0 0 729 0 0 23 97 19 0 0 
0 6 581 32 9377 0 0 3051 242 0 0 444 0 11266 0 66 0 1 39 630 0 0 0 0 0 1 0 0 0 3156 2 0 0 0 4 0 0 29 0 0 0 8 0 0 4 0 0 57094 31750 0 
0 0 1 0 6 0 9895 0 0 0 0 0 0 357 1226 41 0 0 0 116 0 2060 1 1 0 96139 11 4 0 0 22890 0 0 0 30 3 0 0 0 15 13 0 0 16 0 2630 0 265 8 0 
0 2649 2103 0 177 383 36143 31 0 12 226 163 23 0 12 0 22 36679 0 0 2355 93430 0 0 0 3 3860 12610 0 7917 26 0 0 0 0 0 877 0 0 0 1610 0 0 0 0 22477 11 247 0 0 
0 1384 0 81719 3 4 5 0 5 0 0 0 0 0 0 0 0 0 0 0 1423 0 20917 65 320 107 0 0 1 1 0 4 30 0 0 0 0 52538 27613 0 1 84 0 0 5 0 0 432 14822 0 
0 10150 0 2 0 0 28004 0 7 24 0 6453 14192 13 0 82 0 12662 0 0 0 0 19104 0 3 0 24972 0 0 0 7536 0 3 0 0 0 47 45 14606 41 0 953 34947 3306 131 1726 274 6 3096 1 
4172 0 0 9 0 60 4466 0 79 614 33198 16463 1 3736 0 0 0 16131 0 0 0 0 0 269 1 0 4 0 9354 1839 0 0 0 877 0 47 0 0 0 0 0 0 414 3981 1806 103 349 0 1512 6296 
11092 0 0 47 816 0 0 0 9846 0 1648 85 830 0 0 0 3315 0 22 0 0 1840 0 684 0 3610 7 0 54460 0 0 29 0 0 52538 45 0 0 27102 0 0 1 0 22 4704 2 0 1082 1 2513 
0 0 0 0 0 31 19995 48335 0 58 2119 44292 53 0 0 238 0 0 18312 0 0 16087 0 0 0 2 0 50 664 0 11276 0 0 0 27613 14606 0 27102 0 5 0 0 0 1832 0 85 0 0 0 0 
0 14 71 0 8512 137 0 381 439 34 0 0 0 2535 112 79991 387 5 616 0 0 0 12463 0 0 0 0 90 18090 0 0 0 15 0 0 41 0 0 5 0 1 229 33588 0 0 0 102 0 626 5410 
0 62030 0 37 29029 2767 830 4966 8 0 0 0 0 0 0 2 8696 0 0 2 80 1 0 0 22092 0 0 0 11 0 0 0 13 1610 1 0 0 0 0 1 0 659 0 0 0 8 0 198 3 0 
0 0 0 0 0 4796 6 0 0 0 2 16 1178 58 1574 9217 0 0 0 0 12986 3138 12402 0 0 0 2623 62092 528 4374 0 8 0 0 84 953 0 1 0 229 659 0 0 3 0 0 0 0 93 0 
0 0 0 0 124 13730 2560 5289 0 45373 1686 0 717 0 1010 0 195 0 113 0 0 0 0 0 2747 0 1 22 0 2 729 0 0 0 0 34947 414 0 0 33588 0 0 0 0 84 0 0 4793 8461 1 
0 0 0 0 1029 0 0 153 0 11195 395 1 0 18282 28 0 15254 0 0 10170 4 4 0 0 390 0 7 0 364 0 0 0 16 0 0 3306 3981 22 1832 0 0 3 0 0 35 0 2 1 0 153 
42 0 0 8691 0 0 4914 0 0 11059 488 0 0 0 0 0 6819 0 0 42 325 10 0 0 0 0 0 2 0 1 0 4 0 0 5 131 1806 4704 0 0 0 0 84 35 0 0 0 916 0 0 
418 4 0 5640 0 7 0 0 221 9 0 4 0 0 1937 7134 0 0 50698 13 0 29 1 0 1 0 9631 72 0 0 23 0 2630 22477 0 1726 103 2 85 0 8 0 0 0 0 0 0 4732 88425 131 
0 0 0 2580 1380 0 1200 8626 0 0 15 0 9 0 0 39778 0 3518 3244 105 2029 0 131 0 0 0 0 0 0 3631 97 0 0 11 0 274 349 0 0 102 0 0 0 2 0 0 0 188 21867 17850 
1 75 1999 0 0 618 1114 0 2 32 0 0 2 0 0 7485 0 0 0 4 10810 614 1464 0 0 3744 0 0 9321 1194 19 57094 265 247 432 6 0 1082 0 0 198 0 4793 1 916 4732 188 0 0 0 
3609 30 48 76 9287 0 0 1469 0 0 36 2 369 25 0 0 50590 36 0 0 0 0 1827 4 0 0 461 2162 18846 0 0 31750 8 0 14822 3096 1512 1 0 626 3 93 8461 0 0 88425 21867 0 0 452 
36441 754 0 0 1840 1 0 0 46 0 93 4769 0 21800 5 0 0 0 4 97 129 0 0 3530 0 2843 0 561 0 0 0 0 0 0 0 1 6296 2513 0 5410 0 0 1 153 0 131 17850 0 452 0 
