50 2
0 59 64 103 62 95 95 48 90 88 90 112 64 139 74 53 26 148 87 89 78 107 103 6 100 177 116 85 94 32 58 33 140 154 91 89 149 95 129 136 69 115 101 157 54 90 105 87 127 110 
59 0 70 49 40 62 36 46 31 30 43 69 27 80 26 37 59 91 39 30 28 48 85 53 62 119 57 26 35 49 19 41 84 96 32 30 99 39 70 86 73 69 42 98 15 31 60 28 82 56 
64 70 0 118 33 51 89 98 88 95 64 73 48 126 97 33 87 124 64 86 63 108 150 62 58 154 114 86 89 33 53 83 147 156 86 84 168 106 127 100 125 78 97 140 80 90 70 87 153 86 
103 49 118 0 85 94 38 68 34 23 68 88 69 56 28 85 93 77 65 36 58 23 68 97 90 97 30 33 37 98 65 74 38 53 38 38 50 11 35 90 81 85 32 73 48 31 81 32 37 63 
62 40 33 85 0 33 56 78 55 62 34 51 15 94 66 8 77 96 33 53 30 75 125 57 38 126 81 53 55 32 21 66 113 123 53 51 135 74 94 77 106 55 64 110 53 57 45 54 121 57 
95 62 51 94 33 0 57 107 59 71 25 22 37 82 84 42 110 75 28 57 37 76 147 91 7 104 78 61 57 65 46 97 112 117 56 55 139 82 90 49 135 27 64 93 77 62 20 61 131 41 
95 36 89 38 56 57 0 77 6 17 31 50 41 44 39 58 95 55 29 6 25 20 100 89 52 83 25 11 1 78 40 76 58 67 4 6 82 27 38 57 100 48 8 62 47 8 43 10 75 27 
48 46 98 68 78 107 77 0 71 63 90 115 69 117 41 71 27 133 86 71 75 81 55 45 108 159 90 66 76 65 60 15 106 121 74 72 107 64 101 132 28 116 80 136 31 70 107 68 82 102 
90 31 88 34 55 59 6 71 0 12 34 55 39 49 33 57 89 61 31 2 25 20 94 84 56 89 27 5 5 75 38 70 58 68 4 4 81 23 41 63 94 53 11 67 41 3 47 3 71 33 
88 30 95 23 62 71 17 63 12 0 46 67 46 53 23 63 84 69 43 14 35 19 82 82 68 95 28 10 16 78 43 65 53 65 16 16 72 11 40 74 84 65 17 72 36 9 59 10 60 45 
90 43 64 68 34 25 31 90 34 46 0 25 25 61 61 41 99 61 3 32 15 51 124 84 22 92 53 36 32 65 32 83 87 94 30 30 114 57 66 45 116 26 39 76 58 37 17 36 106 22 
112 69 73 88 51 22 50 115 55 67 25 0 49 63 86 60 123 54 29 53 40 67 148 107 15 82 66 58 51 84 57 108 98 101 51 51 128 77 76 27 142 5 56 73 84 58 8 57 125 26 
64 27 48 69 15 37 41 69 39 46 25 49 0 81 52 17 74 86 23 37 16 60 112 58 38 116 66 37 40 40 8 60 98 108 37 36 119 58 79 71 97 51 49 98 41 41 41 38 105 47 
139 80 126 56 94 82 44 117 49 53 61 63 81 0 75 99 137 23 62 50 65 36 125 133 74 41 27 54 45 121 83 118 42 40 48 50 74 54 23 49 136 59 38 18 89 49 61 52 82 40 
74 26 97 28 66 84 39 41 33 23 61 86 52 75 0 64 65 92 58 34 47 39 62 69 83 117 49 28 38 73 45 46 66 80 37 35 76 23 59 96 61 84 40 94 20 31 77 29 56 66 
53 37 33 85 8 42 58 71 57 63 41 60 17 99 64 0 69 102 39 55 34 77 120 48 46 132 83 54 58 24 20 58 115 125 55 53 135 74 97 85 99 63 67 115 48 58 53 55 119 63 
26 59 87 93 77 110 95 27 89 84 99 123 74 137 65 69 0 150 95 88 85 103 79 26 113 178 112 83 93 54 66 19 131 145 91 89 135 88 124 144 43 125 99 156 48 88 115 85 110 115 
148 91 124 77 96 75 55 133 61 69 61 54 86 23 92 102 150 0 63 62 70 55 146 142 68 30 47 67 57 126 90 132 65 61 59 61 97 73 46 31 154 49 52 20 102 63 55 65 105 39 
87 39 64 65 33 28 29 86 31 43 3 29 23 62 58 39 95 63 0 29 11 49 121 81 25 93 52 33 29 63 29 79 86 93 27 27 112 54 65 48 113 29 37 77 55 34 20 33 103 24 
89 30 86 36 53 57 6 71 2 14 32 53 37 50 34 55 88 62 29 0 23 22 95 83 54 89 29 5 5 73 36 70 60 70 2 2 83 25 42 62 94 51 12 68 40 5 45 4 73 32 
78 28 63 58 30 37 25 75 25 35 15 40 16 65 47 34 85 70 11 23 0 45 110 72 35 100 50 25 25 56 20 68 83 92 22 21 106 47 64 59 101 41 33 81 43 28 32 26 96 31 
107 48 108 23 75 76 20 81 20 19 51 67 60 36 39 77 103 55 49 22 45 0 91 101 71 77 9 23 20 95 58 84 38 48 22 24 62 18 21 67 100 64 12 54 55 18 60 21 58 41 
103 85 150 68 125 147 100 55 94 82 124 148 112 125 62 120 79 146 121 95 110 91 0 100 146 164 99 90 98 119 104 71 95 110 98 97 80 74 102 156 39 147 97 141 72 91 140 91 53 127 
6 53 62 97 57 91 89 45 84 82 84 107 58 133 69 48 26 142 81 83 72 101 100 0 95 171 110 79 88 29 52 29 135 148 85 83 144 89 123 130 68 109 95 151 48 84 99 81 122 104 
100 62 58 90 38 7 52 108 56 68 22 15 38 74 83 46 113 68 25 54 35 71 146 95 0 97 72 58 53 70 47 99 106 111 52 52 134 79 84 42 135 19 59 86 77 59 13 58 127 35 
177 119 154 97 126 104 83 159 89 95 92 82 116 41 117 132 178 30 93 89 100 77 164 171 97 0 68 94 84 156 120 159 73 63 87 89 103 95 62 57 177 77 78 23 130 89 84 92 117 69 
116 57 114 30 81 78 25 90 27 28 53 66 66 27 49 83 112 47 52 29 50 9 99 110 72 68 0 31 25 102 65 93 34 42 28 30 62 26 13 62 109 62 16 45 64 26 60 29 61 39 
85 26 86 33 53 61 11 66 5 10 36 58 37 54 28 54 83 67 33 5 25 23 90 79 58 94 31 0 10 72 35 65 61 72 8 7 82 21 44 68 89 57 16 72 35 5 50 2 70 37 
94 35 89 37 55 57 1 76 5 16 32 51 40 45 38 58 93 57 29 5 25 20 98 88 53 84 25 10 0 78 40 75 58 67 3 5 82 26 39 58 99 49 8 63 45 7 44 8 74 28 
32 49 33 98 32 65 78 65 75 78 65 84 40 121 73 24 54 126 63 73 56 95 119 29 70 156 102 72 78 0 37 50 132 144 75 73 148 88 116 109 92 87 86 138 53 76 77 73 129 87 
58 19 53 65 21 46 40 60 38 43 32 57 8 83 45 20 66 90 29 36 20 58 104 52 47 120 65 35 40 37 0 51 96 106 37 35 115 54 79 78 89 58 48 100 32 39 48 36 100 51 
33 41 83 74 66 97 76 15 70 65 83 108 60 118 46 58 19 132 79 70 68 84 71 29 99 159 93 65 75 50 51 0 112 127 72 70 118 69 105 127 42 109 80 137 29 69 99 67 94 98 
140 84 147 38 113 112 58 106 58 53 87 98 98 42 66 115 131 65 86 60 83 38 95 135 106 73 34 61 58 132 96 112 0 15 60 62 32 45 22 90 116 94 49 51 86 56 94 59 44 72 
154 96 156 53 123 117 67 121 68 65 94 101 108 40 80 125 145 61 93 70 92 48 110 148 111 63 42 72 67 144 106 127 15 0 70 71 40 58 28 89 132 97 58 43 99 67 98 70 58 76 
91 32 86 38 53 56 4 74 4 16 30 51 37 48 37 55 91 59 27 2 22 22 98 85 52 87 28 8 3 75 37 72 60 70 0 2 84 27 42 59 97 49 11 66 43 7 43 7 75 29 
89 30 84 38 51 55 6 72 4 16 30 51 36 50 35 53 89 61 27 2 21 24 97 83 52 89 30 7 5 73 35 70 62 71 2 0 85 27 43 60 96 49 13 68 41 7 43 6 75 30 
149 99 168 50 135 139 82 107 81 72 114 128 119 74 76 135 135 97 112 83 106 62 80 144 134 103 62 82 82 148 115 118 32 40 84 85 0 61 54 122 110 124 75 83 97 78 122 81 27 101 
95 39 106 11 74 82 27 64 23 11 57 77 58 54 23 74 88 73 54 25 47 18 74 89 79 95 26 21 26 88 54 69 45 58 27 27 61 0 36 82 82 75 23 72 41 20 70 21 49 53 
129 70 127 35 94 90 38 101 41 40 66 76 79 23 59 97 124 46 65 42 64 21 102 123 84 62 13 44 39 116 79 105 22 28 42 43 54 36 0 68 117 72 30 38 76 39 71 43 59 49 
136 86 100 90 77 49 57 132 63 74 45 27 71 49 96 85 144 31 48 62 59 67 156 130 42 57 62 68 58 109 78 127 90 89 59 60 122 82 68 0 156 23 59 52 100 65 32 66 124 30 
69 73 125 81 106 135 100 28 94 84 116 142 97 136 61 99 43 154 113 94 101 100 39 68 135 177 109 89 99 92 89 42 116 132 97 96 110 82 117 156 0 142 101 154 58 92 133 90 83 126 
115 69 78 85 55 27 48 116 53 65 26 5 51 59 84 63 125 49 29 51 41 64 147 109 19 77 62 57 49 87 58 109 94 97 49 49 124 75 72 23 142 0 53 68 84 56 9 56 122 23 
101 42 97 32 64 64 8 80 11 17 39 56 49 38 40 67 99 52 37 12 33 12 97 95 59 78 16 16 8 86 48 80 49 58 11 13 75 23 30 59 101 53 0 56 51 11 49 14 69 30 
157 98 140 73 110 93 62 136 67 72 76 73 98 18 94 115 156 20 77 68 81 54 141 151 86 23 45 72 63 138 100 137 51 43 66 68 83 72 38 52 154 68 56 0 107 67 72 70 95 53 
54 15 80 48 53 77 47 31 41 36 58 84 41 89 20 48 48 102 55 40 43 55 72 48 77 130 64 35 45 53 32 29 86 99 43 41 97 41 76 100 58 84 51 107 0 40 75 37 76 70 
90 31 90 31 57 62 8 70 3 9 37 58 41 49 31 58 88 63 34 5 28 18 91 84 59 89 26 5 7 76 39 69 56 67 7 7 78 20 39 65 92 56 11 67 40 0 50 3 68 35 
105 60 70 81 45 20 43 107 47 59 17 8 41 61 77 53 115 55 20 45 32 60 140 99 13 84 60 50 44 77 48 99 94 98 43 43 122 70 71 32 133 9 49 72 75 50 0 50 118 21 
87 28 87 32 54 61 10 68 3 10 36 57 38 52 29 55 85 65 33 4 26 21 91 81 58 92 29 2 8 73 36 67 59 70 7 6 81 21 43 66 90 56 14 70 37 3 50 0 70 36 
127 82 153 37 121 131 75 82 71 60 106 125 105 82 56 119 110 105 103 73 96 58 53 122 127 117 61 70 74 129 100 94 44 58 75 75 27 49 59 124 83 122 69 95 76 68 118 70 0 99 
110 56 86 63 57 41 27 102 33 45 22 26 47 40 66 63 115 39 24 32 31 41 127 104 35 69 39 37 28 87 51 98 72 76 29 30 101 53 49 30 126 23 30 53 70 35 21 36 99 0 
0 51486 0 0 7 0 0 467 0 132 0 0 723 67222 0 1294 0 1 0 711 57 0 6260 0 4832 0 5746 0 0 36373 5 0 0 0 0 3 81838 1402 96 756 0 0 0 0 747 0 0 1 11 1 
51486 0 0 1222 0 0 7 30232 0 0 62674 0 0 2397 0 2 59803 0 0 3826 0 0 0 0 3335 410 51008 83144 0 38 0 0 0 136 5336 0 280 0 0 0 0 36125 6 0 30800 0 1158 0 17210 0 
0 0 0 5365 30581 0 449 1052 81 0 396 0 0 0 0 0 24 3 2526 54 0 30 4 0 0 0 0 69507 589 0 28772 2 0 68913 0 0 0 0 11499 0 136 0 0 0 3748 2120 46643 27280 315 1112 
0 1222 5365 0 554 0 1 0 106 2 6136 14 0 1996 4519 43300 0 0 0 984 2288 0 0 0 23808 1161 59760 0 0 0 0 1 38281 5229 0 13 0 0 837 0 484 63237 0 0 0 7405 142 0 0 993 
7 0 30581 554 0 0 2522 9878 0 1 0 0 0 3 4116 14 0 0 0 0 3226 2237 343 53 0 0 15147 27878 0 0 0 92082 0 0 32 0 0 0 0 866 0 7 84242 92 203 0 3 6 63266 0 
0 0 0 0 0 0 1260 0 0 10678 0 0 0 0 0 80 0 0 1 20 6606 0 17609 0 918 0 0 12936 9254 0 96 0 11564 0 38437 0 0 0 354 34799 19 0 0 0 20 13664 0 0 0 48839 
0 7 449 1 2522 1260 0 66904 0 0 0 61 66 0 0 0 2906 99296 0 0 94 0 0 5287 6 0 605 68 0 0 32718 6 0 0 0 32 0 367 0 0 0 0 0 3 0 0 0 78484 0 0 
467 30232 1052 0 9878 0 66904 0 10 0 0 0 37 23544 71819 0 0 0 5 1 0 92622 2371 0 2 0 0 0 37970 105 1 21842 0 0 609 0 3 6740 148 3 2784 0 0 0 11 505 0 0 0 20 
0 0 81 106 0 0 0 10 0 22148 0 0 4204 0 276 5949 29 190 0 4 9 124 0 0 0 0 1 0 15 20829 0 1 0 47 2107 1345 5 1 32 95556 6847 5390 35271 0 22 2477 228 4495 84284 1 
132 0 0 2 1 10678 0 0 22148 0 598 0 0 1 0 0 0 5669 0 75531 0 3268 0 0 0 59 0 0 41 65842 0 43264 0 1 0 0 3553 0 0 0 0 0 0 0 54477 52 0 2 0 0 
0 62674 396 6136 0 0 0 0 0 598 0 0 0 6 1572 0 17 1684 74665 66880 0 48 0 8074 0 4562 18590 0 0 4 0 0 7 0 26 72 0 0 33 0 4519 0 0 0 0 454 1 1870 1333 0 
0 0 0 14 0 0 61 0 0 0 0 0 30 0 0 0 0 0 55 0 0 25260 0 0 0 1 1 0 4 5 291 9750 24365 0 0 0 0 0 157 0 0 10 0 9212 10 0 0 2 837 0 
723 0 0 0 0 0 66 37 4204 0 0 30 0 32 0 9168 34310 3 69 29994 12773 0 0 78 0 79 74 52202 25620 0 15956 0 0 7459 65 0 0 6098 0 3447 5260 7 0 1966 1775 0 0 0 0 2577 
67222 2397 0 1996 3 0 0 23544 0 1 6 0 32 0 0 0 1148 0 808 336 0 2075 2 10110 0 0 0 0 1 0 45378 34 5759 399 1 8 2063 9215 0 7435 0 0 0 4 0 0 48345 12 0 0 
0 0 0 4519 4116 0 0 71819 276 0 1572 0 0 0 0 0 37 0 44243 3581 0 0 2840 0 609 21 12057 0 16253 0 0 0 11 701 1 0 2 0 26601 0 2358 17 0 0 0 0 0 161 0 0 
1294 2 0 43300 14 80 0 0 5949 0 0 0 9168 0 0 0 180 37019 0 0 33771 0 0 0 0 0 1 0 27565 0 23 0 0 0 11514 47 0 0 0 8 0 500 5 0 0 97 9155 0 0 0 
0 59803 24 0 0 0 2906 0 29 0 17 0 34310 1148 37 180 0 0 3892 0 0 0 0 2643 0 0 56 0 89632 0 13 48020 0 0 0 19921 2505 0 21017 1215 0 0 0 84 932 0 0 12212 6113 0 
1 0 3 0 0 0 99296 0 190 5669 1684 0 3 0 0 37019 0 0 0 0 10 0 17 0 0 1322 4 69 18 284 2 12 0 17 0 2109 0 0 22585 0 20720 4571 438 27467 1 0 0 0 14720 0 
0 0 2526 0 0 1 0 5 0 0 74665 55 69 808 44243 0 3892 0 0 12 735 321 0 0 10 0 46 0 0 1287 0 0 0 0 87327 0 77 0 17329 0 2 0 2 0 0 1 381 2 0 83 
711 3826 54 984 0 20 0 1 4 75531 66880 0 29994 336 3581 0 0 0 12 0 606 156 0 0 0 0 5 0 0 0 0 0 0 1 0 0 0 863 421 0 0 12636 25564 90489 61 0 0 0 1939 0 
57 0 0 2288 3226 6606 94 0 9 0 0 0 12773 0 0 33771 0 10 735 606 0 2753 0 879 0 0 88969 19 0 0 7 0 253 0 0 408 28 0 5 0 0 75 0 0 1333 0 0 0 1139 0 
0 0 30 0 2237 0 0 92622 124 3268 48 25260 0 2075 0 0 0 0 321 156 2753 0 1 10 2 10771 5738 0 76 0 311 811 1150 17657 0 0 47229 4719 0 43 0 48035 0 0 6 77452 212 400 0 136 
6260 0 4 0 343 17609 0 2371 0 0 0 0 0 2 2840 0 0 17 0 0 0 1 0 369 0 3225 0 0 0 65162 1 19 5 0 0 0 0 0 2593 0 0 21 592 7872 0 5 14565 1188 10134 0 
0 0 0 0 53 0 5287 0 0 0 8074 0 78 10110 0 0 2643 0 0 0 879 10 369 0 0 2 0 124 19246 0 3752 45018 2 0 1 0 0 1437 55249 166 0 4952 0 3110 0 2570 3203 0 0 2 
4832 3335 0 23808 0 918 6 2 0 0 0 0 0 0 609 0 0 0 10 0 0 2 0 0 0 0 0 0 0 0 3268 0 11 0 0 0 33777 0 130 3517 2 0 37008 3694 3 0 0 3 529 402 
0 410 0 1161 0 0 0 0 0 59 4562 1 79 0 21 0 0 1322 0 0 0 10771 3225 2 0 0 0 62083 0 12 10 10837 72634 0 0 0 378 0 1 0 0 0 0 62 0 163 0 0 10 59 
5746 51008 0 59760 15147 0 605 0 1 0 18590 1 74 0 12057 1 56 4 46 5 88969 5738 0 0 0 0 0 0 5 16661 0 0 500 0 344 0 0 0 2218 0 0 2 65653 62069 0 0 0 51606 0 0 
0 83144 69507 0 27878 12936 68 0 0 0 0 0 52202 0 0 0 0 69 0 0 19 0 0 124 0 62083 0 0 13 78 0 0 826 213 731 121 0 0 0 0 0 0 0 3857 5 0 3 0 0 2 
0 0 589 0 0 9254 0 37970 15 41 0 4 25620 1 16253 27565 89632 18 0 0 0 76 0 19246 0 0 5 13 0 1 0 0 0 0 0 0 0 0 29060 365 0 1512 0 0 156 7 390 512 0 279 
36373 38 0 0 0 0 0 105 20829 65842 4 5 0 0 0 0 0 284 1287 0 0 0 65162 0 0 12 16661 78 1 0 15237 2 0 31 0 0 12 22 0 917 2 77781 0 0 0 0 0 21744 0 1901 
5 0 28772 0 0 96 32718 1 0 0 0 291 15956 45378 0 23 13 2 0 0 7 311 1 3752 3268 10 0 0 0 15237 0 0 614 289 39 68395 0 541 577 0 0 13106 0 0 26 72439 0 15640 0 0 
0 0 2 1 92082 0 6 21842 1 43264 0 9750 0 34 0 0 48020 12 0 0 0 811 19 45018 0 10837 0 0 0 2 0 0 13 3 0 918 0 46752 0 0 0 93718 7886 0 327 78696 0 13 0 2550 
0 0 0 38281 0 11564 0 0 0 0 7 24365 0 5759 11 0 0 0 0 0 253 1150 5 2 11 72634 500 826 0 0 614 13 0 44 1 33 3 16913 0 169 0 0 1 0 0 43 3 472 88188 340 
0 136 68913 5229 0 0 0 0 47 1 0 0 7459 399 701 0 0 17 0 1 0 17657 0 0 0 0 0 213 0 31 289 3 44 0 0 2 0 11408 0 0 44525 4 0 0 618 0 2196 0 62 0 
0 5336 0 0 32 38437 0 609 2107 0 26 0 65 1 1 11514 0 0 87327 0 0 0 0 1 0 0 344 731 0 0 39 0 1 0 0 0 333 2 428 66 35 0 950 2718 938 0 0 95 0 1046 
3 0 0 13 0 0 32 0 1345 0 72 0 0 8 0 47 19921 2109 0 0 408 0 0 0 0 0 0 121 0 0 68395 918 33 2 0 0 19048 0 1 0 94360 797 219 0 76 1644 0 1 3183 0 
81838 280 0 0 0 0 0 3 5 3553 0 0 0 2063 2 0 2505 0 77 0 28 47229 0 0 33777 378 0 0 0 12 0 0 3 0 333 19048 0 0 0 10 126 116 20 0 51837 0 0 0 59126 0 
1402 0 0 0 0 0 367 6740 1 0 0 0 6098 9215 0 0 0 0 0 863 0 4719 0 1437 0 0 0 0 0 22 541 46752 16913 11408 2 0 0 0 0 0 0 226 0 0 0 67 2 21 508 1 
96 0 11499 837 0 354 0 148 32 0 33 157 0 0 26601 0 21017 22585 17329 421 5 0 2593 55249 130 1 2218 0 29060 0 577 0 0 0 428 1 0 0 0 0 0 0 289 5 0 0 0 2445 0 0 
756 0 0 0 866 34799 0 3 95556 0 0 0 3447 7435 0 8 1215 0 0 0 0 43 0 166 3517 0 0 0 365 917 0 0 169 0 66 0 10 0 0 0 292 21 20 82 0 24180 0 2 117 0 
0 0 136 484 0 19 0 2784 6847 0 4519 0 5260 0 2358 0 0 20720 2 0 0 0 0 0 2 0 0 0 0 2 0 0 0 44525 35 94360 126 0 0 292 0 0 23 524 0 6475 201 927 1346 1 
0 36125 0 63237 7 0 0 0 5390 0 0 10 7 0 17 500 0 4571 0 12636 75 48035 21 4952 0 0 2 0 1512 77781 13106 93718 0 4 0 797 116 226 0 21 0 0 2 1390 6 0 0 86634 1866 0 
0 6 0 0 84242 0 0 0 35271 0 0 0 0 0 0 5 0 438 2 25564 0 0 592 0 37008 0 65653 0 0 0 0 7886 1 0 950 219 20 0 289 20 23 2 0 53 0 0 256 0 0 0 
0 0 0 0 92 0 3 0 0 0 0 9212 1966 4 0 0 84 27467 0 90489 0 0 7872 3110 3694 62 62069 3857 0 0 0 0 0 0 2718 0 0 0 5 82 524 1390 53 0 0 0 0 7 4 0 
747 30800 3748 0 203 20 0 11 22 54477 0 10 1775 0 0 0 932 1 0 61 1333 6 0 0 3 0 0 5 156 0 26 327 0 618 938 76 51837 0 0 0 0 6 0 0 0 0 2701 252 0 0 
0 0 2120 7405 0 13664 0 505 2477 52 454 0 0 0 0 97 0 0 1 0 0 77452 5 2570 0 163 0 0 7 0 72439 78696 43 0 0 1644 0 67 0 24180 6475 0 0 0 0 0 0 61 161 0 
0 1158 46643 142 3 0 0 0 228 0 1 0 0 48345 0 9155 0 0 381 0 0 212 14565 3203 0 0 0 3 390 0 0 0 3 2196 0 0 0 2 0 0 201 0 256 0 2701 0 0 12806 3254 0 
1 0 27280 0 6 0 78484 0 4495 2 1870 2 0 12 161 0 12212 0 2 0 0 400 1188 0 3 0 51606 0 512 21744 15640 13 472 0 95 1 0 21 2445 2 927 86634 0 7 252 61 12806 0 0 813 
11 17210 315 0 63266 0 0 0 84284 0 1333 837 0 0 0 0 6113 14720 0 1939 1139 0 10134 0 529 10 0 0 0 0 0 0 88188 62 0 3183 59126 508 0 117 1346 1866 0 4 0 161 3254 0 0 0 
1 0 1112 993 0 48839 0 20 1 0 0 0 2577 0 0 0 0 0 83 0 0 136 0 2 402 59 0 2 279 1901 0 2550 340 0 1046 0 0 1 0 0 1 0 0 0 0 0 0 813 0 0 
0 0 611 4935 0 21 1012 96 836 0 9 9109 364 0 5378 0 1 0 0 0 0 0 17973 0 1 1 0 530 6968 0 287 21472 32948 24 0 0 0 0 14 0 6 80313 0 4774 44 128 0 0 0 22 
0 0 60513 0 0 0 46 0 8780 0 0 28 7851 0 5 0 0 882 0 0 0 1690 4 21299 0 0 0 0 0 0 0 4034 10 0 0 7 1728 14573 4 72 0 0 6 1 0 41035 0 1 0 10564 
611 60513 0 0 0 4397 0 0 0 7 0 236 79076 9 2272 23 0 0 24003 273 2 0 0 522 3 0 3 0 0 62 0 0 41 0 0 7713 6 0 1 153 12 20 5122 758 0 0 0 0 28643 0 
4935 0 0 0 0 80650 0 2 0 0 0 0 0 0 0 0 11530 2 33 14006 0 3 93 418 63650 0 21059 5421 0 0 0 0 0 0 370 0 990 0 0 3 0 10 31250 73 1655 0 0 0 44 0 
0 0 0 0 0 2 0 3697 0 0 21399 624 15809 0 54679 0 129 1 58 5230 0 0 4435 44 49988 0 0 0 1770 2 35 0 1038 0 0 0 3629 146 875 0 15 15719 0 49 131 23 0 0 0 291 
21 0 4397 80650 2 0 0 58 71497 0 5 5925 2269 0 69273 12015 2 3336 388 0 0 1128 30622 1 0 1701 7 36767 0 0 0 2053 52 0 0 261 6 4351 0 0 0 2 85744 2021 0 0 5 213 0 0 
1012 46 0 0 0 0 0 0 3288 0 278 0 0 98766 0 417 0 0 0 43401 0 26 72 80 0 2418 0 0 5906 5 0 0 11 0 1 44873 78 0 228 4 0 18 14 0 0 0 15 0 8 3472 
96 0 0 2 3697 58 0 0 0 9 0 0 0 0 7 350 51359 19 0 0 1411 0 0 63417 0 81674 121 10330 0 0 27 0 1273 73 0 20 0 13 0 0 0 0 1 13 0 0 0 463 36 0 
836 8780 0 0 0 71497 3288 0 0 0 3 71 0 2 8 0 0 0 5 0 84156 0 0 0 0 174 15799 3 1091 0 0 0 72583 0 0 0 0 0 0 0 0 2317 642 2885 5 0 0 0 0 0 
0 0 7 0 0 0 0 9 0 0 0 312 89 0 1 3 0 713 96 0 31569 85 3949 121 1513 31 0 45 0 0 0 0 379 0 8 4082 2091 0 60 0 0 5 0 0 0 0 0 0 1 27333 
9 0 0 0 21399 5 278 0 3 0 0 55971 2066 0 0 66 0 25770 0 0 0 0 16 0 596 0 0 120 4 19521 0 674 0 29068 17 0 0 69 0 85189 0 46291 7 36 240 0 406 0 0 2008 
9109 28 236 0 624 5925 0 0 71 312 55971 0 0 0 0 0 1 7377 1 1330 22276 0 1 0 0 0 0 0 0 0 0 0 2252 0 2580 19 4 5432 510 13 545 3 154 0 0 0 34 0 0 1 
364 7851 79076 0 15809 2269 0 0 0 89 2066 0 0 0 439 0 50 0 155 2940 0 34842 1991 0 0 25 0 0 0 26 0 66 0 1 0 17741 22 167 0 0 0 0 0 0 0 2941 947 0 2 0 
0 0 9 0 0 0 98766 0 2 0 0 0 0 0 368 1862 1819 0 0 550 9271 0 0 217 16 13864 10725 1336 0 323 7 0 0 0 0 0 0 0 14 0 19 64296 17185 0 0 2283 34 0 97 77 
5378 5 2272 0 54679 69273 0 7 8 1 0 0 439 368 0 0 0 18 0 0 548 1166 0 1 0 0 0 14 0 0 23 2875 67241 2 7495 15166 0 19668 19 3 0 0 133 21 3311 2 28 12973 4 0 
0 0 23 0 0 12015 417 350 0 3 66 0 0 1862 0 0 0 0 0 3 0 4 359 31830 6 176 0 99 50 43 0 51594 29 52781 2002 0 70991 14 107 3979 0 0 0 2 3618 0 0 0 18014 3732 
1 0 0 11530 129 2 0 51359 0 0 0 1 50 1819 0 0 0 0 0 2 17393 0 20001 0 412 14 0 177 0 0 0 0 476 1970 10740 8607 0 398 0 318 7248 62 88932 316 0 0 2 249 0 0 
0 882 0 2 1 3336 0 19 0 713 25770 7377 0 0 18 0 0 0 0 0 0 0 8416 0 289 0 0 0 0 0 0 0 405 7420 1871 0 4373 0 0 0 23 0 250 0 0 420 21702 6060 0 5674 
0 0 24003 33 58 388 0 0 5 96 0 1 155 0 0 0 0 0 0 0 0 0 9554 744 0 24 0 441 592 0 3673 1 1 0 14 69 11834 266 0 0 0 0 0 24453 49 0 0 0 7 0 
0 0 273 14006 5230 0 43401 0 0 0 0 1330 2940 550 0 3 2 0 0 0 55552 146 31 188 5 8662 0 93 0 0 20 18596 68 0 4 32 29678 0 89199 28162 22806 57233 0 10933 0 863 8754 0 19797 0 
0 0 2 0 0 0 0 1411 84156 31569 0 22276 0 9271 548 0 17393 0 0 55552 0 17588 0 0 4 10 0 0 0 22 89 279 0 2023 8 0 0 206 0 24515 0 0 42 0 0 12200 860 67 0 9668 
0 1690 0 3 0 1128 26 0 0 85 0 0 34842 0 1166 4 0 0 0 146 17588 0 0 0 32877 0 0 10652 12586 0 41582 25889 0 6286 1 214 1 57116 1249 0 66 0 143 60853 0 0 7 0 85177 0 
17973 4 0 93 4435 30622 72 0 0 3949 16 1 1991 0 0 359 20001 8416 9554 31 0 0 0 0 50 0 16 4413 1642 0 0 7 45519 86 2909 13100 5009 6975 0 12 0 0 0 0 0 0 0 0 1 13 
0 21299 522 418 44 1 80 63417 0 121 0 0 0 217 1 31830 0 0 744 188 0 0 0 0 20848 0 99 0 0 20175 0 6048 0 0 0 4 5 0 0 0 27 3 93 0 949 0 0 67238 4835 0 
1 0 3 63650 49988 0 0 0 0 1513 596 0 0 16 0 6 412 289 0 5 4 32877 50 20848 0 37197 0 9 11025 299 0 1255 0 1 82 139 0 19 0 0 956 42566 0 0 15 42 50489 789 0 0 
1 0 0 0 0 1701 2418 81674 174 31 0 0 25 13864 0 176 14 0 24 8662 10 0 0 0 37197 0 9 18494 561 25442 0 0 0 0 5 0 2 32817 0 924 32211 175 208 0 127 0 5225 0 0 0 
0 0 3 21059 0 7 0 121 15799 0 0 0 0 10725 0 0 0 0 0 0 0 0 16 99 0 9 0 1 0 0 25 3 0 0 33318 0 0 2 0 7643 0 52 0 0 0 13295 3 0 2946 26 
530 0 0 5421 0 36767 0 10330 3 45 120 0 0 1336 14 99 177 0 441 93 0 10652 4413 0 9 18494 1 0 0 17 0 0 0 3 0 0 553 14 274 0 262 163 32 0 0 82840 0 51087 0 3307 
6968 0 0 0 1770 0 5906 0 1091 0 4 0 0 0 0 50 0 0 592 0 0 12586 1642 0 11025 561 0 0 0 0 5 2436 1702 19022 0 0 37 37 0 0 0 0 35 184 0 21513 0 0 743 0 
0 0 62 0 2 0 5 0 0 0 19521 0 26 323 0 43 0 0 0 0 22 0 0 20175 299 25442 0 17 0 0 0 0 851 0 23 24 0 0 72 90 0 0 4111 5728 3 21 0 0 0 0 
287 0 0 0 35 0 0 27 0 0 0 0 0 7 23 0 0 0 3673 20 89 41582 0 0 0 0 25 0 5 0 0 19906 0 11904 0 0 12591 0 0 12262 0 0 1 0 0 0 300 0 19836 2803 
21472 4034 0 0 0 2053 0 0 0 0 674 0 66 0 2875 51594 0 0 1 18596 279 25889 7 6048 1255 0 3 0 2436 0 19906 0 227 0 0 0 0 1 5297 262 0 0 0 3420 0 40857 1 0 60 0 
32948 10 41 0 1038 52 11 1273 72583 379 0 2252 0 0 67241 29 476 405 1 68 0 0 45519 0 0 0 0 0 1702 851 0 227 0 0 0 0 1 0 0 0 255 2418 0 4792 0 24257 5 0 8523 0 
24 0 0 0 0 0 0 73 0 0 29068 0 1 0 2 52781 1970 7420 0 0 2023 6286 86 0 1 0 0 3 19022 0 11904 0 0 0 235 0 3 18103 27 0 0 0 0 0 0 3 0 0 0 8 
0 0 0 370 0 0 1 0 0 8 17 2580 0 0 7495 2002 10740 1871 14 4 8 1 2909 0 82 5 33318 0 0 23 0 0 0 235 0 39 0 0 0 0 0 0 67 0 0 0 20255 0 6285 0 
0 7 7713 0 0 261 44873 20 0 4082 0 19 17741 0 15166 0 8607 0 69 32 0 214 13100 4 139 0 0 0 0 24 0 0 0 0 39 0 0 0 2862 0 0 0 0 12520 0 1945 540 0 0 62768 
0 1728 6 990 3629 6 78 0 0 2091 0 4 22 0 0 70991 0 4373 11834 29678 0 1 5009 5 0 2 0 553 37 0 12591 0 1 3 0 0 0 0 48274 0 0 0 0 0 0 0 2176 1 19182 1170 
0 14573 0 0 146 4351 0 13 0 0 69 5432 167 0 19668 14 398 0 266 0 206 57116 6975 0 19 32817 2 14 37 0 0 1 0 18103 0 0 0 0 2 0 40 24394 0 0 0 0 0 0 0 0 
14 4 1 0 875 0 228 0 0 60 0 510 0 14 19 107 0 0 0 89199 0 1249 0 0 0 0 0 274 0 72 0 5297 0 27 0 2862 48274 2 0 39 1321 3 0 13636 0 0 0 0 0 46847 
0 72 153 3 0 0 4 0 0 0 85189 13 0 0 3 3979 318 0 0 28162 24515 0 12 0 0 924 7643 0 0 90 12262 262 0 0 0 0 0 0 39 0 0 0 0 0 60 0 0 0 0 115 
6 0 12 0 15 0 0 0 0 0 0 545 0 19 0 0 7248 23 0 22806 0 66 0 27 956 32211 0 262 0 0 0 0 255 0 0 0 0 40 1321 0 0 128 1355 0 0 4318 0 0 0 0 
80313 0 20 10 15719 2 18 0 2317 5 46291 3 0 64296 0 0 62 0 0 57233 0 0 0 3 42566 175 52 163 0 0 0 0 2418 0 0 0 0 24394 3 0 128 0 0 0 0 10 18484 5532 3869 0 
0 6 5122 31250 0 85744 14 1 642 0 7 154 0 17185 133 0 88932 250 0 0 42 143 0 93 0 208 0 32 35 4111 1 0 0 0 67 0 0 0 0 0 1355 0 0 4406 39685 25 0 727 42 0 
4774 1 758 73 49 2021 0 13 2885 0 36 0 0 0 21 2 316 0 24453 10933 0 60853 0 0 0 0 0 0 184 5728 0 3420 4792 0 0 12520 0 0 13636 0 0 0 4406 0 0 14170 1021 0 0 0 
44 0 0 1655 131 0 0 0 5 0 240 0 0 0 3311 3618 0 0 49 0 0 0 0 949 15 127 0 0 0 3 0 0 0 0 0 0 0 0 0 60 0 0 39685 0 0 33451 0 441 12 578 
128 41035 0 0 23 0 0 0 0 0 0 0 2941 2283 2 0 0 420 0 863 12200 0 0 0 42 0 13295 82840 21513 21 0 40857 24257 3 0 1945 0 0 0 0 4318 10 25 14170 33451 0 0 0 80 10064 
0 0 0 0 0 5 15 0 0 0 406 34 947 34 28 0 2 21702 0 8754 860 7 0 0 50489 5225 3 0 0 0 300 1 5 0 20255 540 2176 0 0 0 0 18484 0 1021 0 0 0 0 0 4146 
0 1 0 0 0 213 0 463 0 0 0 0 0 0 12973 0 249 6060 0 0 67 0 0 67238 789 0 0 51087 0 0 0 0 0 0 0 0 1 0 0 0 0 5532 727 0 441 0 0 0 130 0 
0 0 28643 44 0 0 8 36 0 1 0 0 2 97 4 18014 0 0 7 19797 0 85177 1 4835 0 0 2946 0 743 0 19836 60 8523 0 6285 0 19182 0 0 0 0 3869 42 0 12 80 0 130 0 1748 
22 10564 0 0 291 0 3472 0 0 27333 2008 1 0 77 0 3732 0 5674 0 0 9668 0 13 0 0 0 26 3307 0 0 2803 0 0 8 0 62768 1170 0 46847 115 0 0 0 0 578 10064 4146 0 1748 0 
