50 2
0 46 118 40 96 98 46 64 2 33 36 47 55 9 108 78 35 54 61 95 45 105 61 79 70 72 108 28 39 45 38 87 44 18 35 31 32 15 62 109 41 45 37 61 89 27 39 29 62 61 
46 0 88 10 53 127 3 66 48 60 37 19 78 48 107 43 36 50 104 90 43 84 63 35 92 25 124 21 29 63 42 51 30 53 36 49 49 33 99 116 43 28 60 98 101 30 35 74 67 104 
118 88 0 85 53 137 85 71 120 144 83 106 102 125 70 117 84 138 148 59 75 25 72 92 105 80 111 92 78 92 82 118 118 110 84 135 94 113 133 90 80 73 99 135 92 90 79 133 76 148 
40 10 85 0 56 117 8 56 42 59 26 26 68 43 98 54 26 55 95 82 33 79 53 44 82 34 114 12 19 52 32 61 35 44 26 50 39 29 89 107 32 19 50 89 91 20 25 66 58 95 
96 53 53 56 0 154 51 82 98 112 71 66 108 100 106 67 71 96 146 90 69 65 81 42 118 33 138 68 62 93 74 66 78 97 71 102 86 85 136 122 73 57 95 137 116 72 68 121 86 146 
98 127 137 117 154 0 125 72 99 127 90 138 49 106 75 170 91 153 52 79 87 112 73 161 36 148 37 107 99 64 85 178 140 81 91 129 77 111 38 58 86 103 67 41 45 97 92 77 68 52 
46 3 85 8 51 125 0 63 48 61 34 22 76 49 104 46 34 53 103 87 40 81 60 36 90 26 122 20 27 60 40 53 33 52 34 51 48 34 98 113 40 25 58 97 99 28 33 73 65 103 
64 66 71 56 82 72 63 0 66 97 32 83 30 73 44 110 33 107 76 31 23 50 3 95 36 81 59 52 37 22 27 116 89 48 33 92 32 67 61 50 26 38 31 63 36 44 32 68 4 76 
2 48 120 42 98 99 48 66 0 32 38 48 56 7 110 78 37 54 61 97 47 107 63 81 71 74 110 30 42 47 41 88 44 19 37 30 34 16 62 110 43 47 38 61 91 29 41 28 64 61 
33 60 144 59 112 127 61 97 32 0 67 48 88 24 142 71 66 34 83 128 77 134 94 83 103 82 141 52 68 79 71 81 38 51 66 10 65 31 89 143 73 72 71 87 123 56 69 50 95 83 
36 37 83 26 71 90 34 32 38 67 0 51 41 44 77 80 1 75 74 61 10 68 29 70 55 58 88 20 9 26 5 88 57 27 1 61 15 36 66 82 6 14 25 66 65 11 3 52 32 74 
47 19 106 26 66 138 22 83 48 48 51 0 90 45 125 31 50 31 108 109 59 103 80 35 105 34 140 31 46 76 57 41 12 59 50 37 61 32 107 133 58 46 71 106 117 41 51 76 84 108 
55 78 102 68 108 49 76 30 56 88 41 90 0 63 62 121 41 107 46 54 39 80 29 112 15 99 53 58 50 15 36 129 93 36 41 86 28 65 31 57 36 54 19 33 36 48 43 46 26 46 
9 48 125 43 100 106 49 73 7 24 44 45 63 0 117 75 43 47 66 104 53 112 70 79 79 73 117 33 47 54 47 85 40 27 43 23 41 14 69 118 49 51 46 67 98 34 46 32 71 66 
108 107 70 98 106 75 104 44 110 142 77 125 62 117 0 149 78 152 105 17 67 45 48 131 55 116 42 96 80 64 72 155 133 92 78 137 76 112 87 20 70 79 73 90 31 88 76 107 46 105 
78 43 117 54 67 170 46 110 78 71 80 31 121 75 149 0 80 40 140 132 87 120 107 25 135 36 168 62 73 106 86 10 35 91 80 61 92 63 138 160 86 72 102 137 145 72 79 107 111 140 
35 36 84 26 71 91 34 33 37 66 1 50 41 43 78 80 0 74 74 62 11 69 30 70 55 58 89 19 9 26 6 87 56 27 0 60 15 35 66 83 7 14 25 66 66 10 4 51 33 74 
54 50 138 55 96 153 53 107 54 34 75 31 107 47 152 40 74 0 113 136 84 134 104 59 123 63 160 55 72 95 80 50 20 72 74 26 80 42 117 157 81 73 89 115 139 63 75 80 107 113 
61 104 148 95 146 52 103 76 61 83 74 108 46 66 105 140 74 113 0 100 77 126 75 139 50 129 81 83 83 56 71 149 106 51 74 87 59 76 18 94 73 88 51 15 74 75 77 33 72 0 
95 90 59 82 90 79 87 31 97 128 61 109 54 104 17 132 62 136 100 0 52 34 34 114 51 99 52 81 64 52 57 138 117 79 62 123 63 98 83 32 55 63 61 85 33 73 60 97 33 100 
45 43 75 33 69 87 40 23 47 77 10 59 39 53 67 87 11 84 77 52 0 59 20 74 51 61 81 29 13 24 7 94 66 35 11 71 19 46 67 74 5 15 26 67 58 21 8 58 24 77 
105 84 25 79 65 112 81 50 107 134 68 103 80 112 45 120 69 134 126 34 59 0 51 98 81 84 86 82 66 72 66 123 114 93 69 127 77 102 111 65 64 62 80 113 67 78 66 116 54 126 
61 63 72 53 81 73 60 3 63 94 29 80 29 70 48 107 30 104 75 34 20 51 0 93 37 79 61 49 34 20 24 114 86 45 30 89 29 64 61 53 22 35 29 62 38 40 29 65 5 75 
79 35 92 44 42 161 36 95 81 83 70 35 112 79 131 25 70 59 139 114 74 98 93 0 125 14 155 56 62 96 75 25 45 88 70 72 84 65 134 143 75 59 95 134 132 65 68 108 98 139 
70 92 105 82 118 36 90 36 71 103 55 105 15 79 55 135 55 123 50 51 51 81 37 125 0 112 38 73 63 29 50 143 108 52 55 102 44 80 32 45 50 67 34 35 24 63 57 58 32 50 
72 25 80 34 33 148 26 81 74 82 58 34 99 73 116 36 58 63 129 99 61 84 79 14 112 0 140 46 49 83 63 39 45 78 58 71 72 59 123 129 62 45 83 123 117 54 55 100 84 129 
108 124 111 114 138 37 122 59 110 141 88 140 53 117 42 168 89 160 81 52 81 86 61 155 38 140 0 108 95 65 82 175 144 90 89 140 80 118 64 22 82 97 71 67 23 98 89 96 57 81 
28 21 92 12 68 107 20 52 30 52 20 31 58 33 96 62 19 55 83 81 29 82 49 56 73 46 108 0 17 44 25 70 37 32 19 44 30 20 78 102 26 20 40 77 86 10 20 54 53 83 
39 29 78 19 62 99 27 37 42 68 9 46 50 47 80 73 9 72 83 64 13 66 34 62 63 49 95 17 0 34 13 81 53 34 9 61 24 36 75 87 13 5 34 75 72 12 6 59 38 83 
45 63 92 52 93 64 60 22 47 79 26 76 15 54 64 106 26 95 56 52 24 72 20 96 29 83 65 44 34 0 20 114 79 28 26 76 15 53 43 63 21 38 9 44 44 34 28 45 19 56 
38 42 82 32 74 85 40 27 41 71 5 57 36 47 72 86 6 80 71 57 7 66 24 75 50 63 82 25 13 20 0 94 62 27 6 65 12 40 62 77 2 18 21 62 60 16 7 51 27 71 
87 51 118 61 66 178 53 116 88 81 88 41 129 85 155 10 87 50 149 138 94 123 114 25 143 39 175 70 81 114 94 0 45 100 87 71 100 72 148 166 94 78 110 147 152 80 87 116 118 149 
44 30 118 35 78 140 33 89 44 38 57 12 93 40 133 35 56 20 106 117 66 114 86 45 108 45 144 37 53 79 62 45 0 59 56 27 65 29 106 139 64 54 74 105 123 46 57 73 90 106 
18 53 110 44 97 81 52 48 19 51 27 59 36 27 92 91 27 72 51 79 35 93 45 88 52 78 90 32 34 28 27 100 59 0 27 50 17 30 47 91 30 40 19 46 71 25 31 24 46 51 
35 36 84 26 71 91 34 33 37 66 1 50 41 43 78 80 0 74 74 62 11 69 30 70 55 58 89 19 9 26 6 87 56 27 0 60 15 35 66 83 7 14 25 66 66 10 4 51 33 74 
31 49 135 50 102 129 51 92 30 10 61 37 86 23 137 61 60 26 87 123 71 127 89 72 102 71 140 44 61 76 65 71 27 50 60 0 62 25 92 140 67 64 68 90 120 50 63 54 91 87 
32 49 94 39 86 77 48 32 34 65 15 61 28 41 76 92 15 80 59 63 19 77 29 84 44 72 80 30 24 15 12 100 65 17 15 62 0 38 51 77 14 29 10 51 59 20 18 39 30 59 
15 33 113 29 85 111 34 67 16 31 36 32 65 14 112 63 35 42 76 98 46 102 64 65 80 59 118 20 36 53 40 72 29 30 35 25 38 0 76 116 42 40 46 75 97 25 38 44 67 76 
62 99 133 89 136 38 98 61 62 89 66 107 31 69 87 138 66 117 18 83 67 111 61 134 32 123 64 78 75 43 62 148 106 47 66 92 51 76 0 76 63 80 41 3 56 69 69 39 57 18 
109 116 90 107 122 58 113 50 110 143 82 133 57 118 20 160 83 157 94 32 74 65 53 143 45 129 22 102 87 63 77 166 139 91 83 140 77 116 76 0 75 88 72 79 21 93 82 103 49 94 
41 43 80 32 73 86 40 26 43 73 6 58 36 49 70 86 7 81 73 55 5 64 22 75 50 62 82 26 13 21 2 94 64 30 7 67 14 42 63 75 0 17 22 63 59 18 7 53 26 73 
45 28 73 19 57 103 25 38 47 72 14 46 54 51 79 72 14 73 88 63 15 62 35 59 67 45 97 20 5 38 18 78 54 40 14 64 29 40 80 88 17 0 39 80 73 17 11 65 39 88 
37 60 99 50 95 67 58 31 38 71 25 71 19 46 73 102 25 89 51 61 26 80 29 95 34 83 71 40 34 9 21 110 74 19 25 68 10 46 41 72 22 39 0 41 52 30 28 36 28 51 
61 98 135 89 137 41 97 63 61 87 66 106 33 67 90 137 66 115 15 85 67 113 62 134 35 123 67 77 75 44 62 147 105 46 66 90 51 75 3 79 63 80 41 0 59 69 69 36 59 15 
89 101 92 91 116 45 99 36 91 123 65 117 36 98 31 145 66 139 74 33 58 67 38 132 24 117 23 86 72 44 60 152 123 71 66 120 59 97 56 21 59 73 52 59 0 76 66 82 34 74 
27 30 90 20 72 97 28 44 29 56 11 41 48 34 88 72 10 63 75 73 21 78 40 65 63 54 98 10 12 34 16 80 46 25 10 50 20 25 69 93 18 17 30 69 76 0 13 48 43 75 
39 35 79 25 68 92 33 32 41 69 3 51 43 46 76 79 4 75 77 60 8 66 29 68 57 55 89 20 6 28 7 87 57 31 4 63 18 38 69 82 7 11 28 69 66 13 0 55 32 77 
29 74 133 66 121 77 73 68 28 50 52 76 46 32 107 107 51 80 33 97 58 116 65 108 58 100 96 54 59 45 51 116 73 24 51 54 39 44 39 103 53 65 36 36 82 48 55 0 64 33 
62 67 76 58 86 68 65 4 64 95 32 84 26 71 46 111 33 107 72 33 24 54 5 98 32 84 57 53 38 19 27 118 90 46 33 91 30 67 57 49 26 39 28 59 34 43 32 64 0 72 
61 104 148 95 146 52 103 76 61 83 74 108 46 66 105 140 74 113 0 100 77 126 75 139 50 129 81 83 83 56 71 149 106 51 74 87 59 76 18 94 73 88 51 15 74 75 77 33 72 0 
0 0 3148 0 0 0 0 131 0 0 0 1 0 0 2794 6 1110 401 0 0 0 23 0 2 142 34 0 0 0 6000 19598 11 3762 0 4 0 1 0 663 81 1552 0 0 0 0 0 5622 0 0 0 
0 0 124 74 18 0 0 0 0 0 0 0 89012 21 0 0 0 0 0 2 15515 2 872 0 0 0 0 0 26 0 0 0 18281 0 71 0 43603 944 0 0 0 0 0 376 0 0 0 1414 14161 2 
3148 124 0 1216 5677 0 217 3284 0 0 0 0 26 0 11 85 7 26062 0 0 21688 1 27408 0 22002 3939 0 0 0 739 0 108 44 0 33545 0 87518 0 5335 7199 0 0 32 0 1 19 1 0 0 0 
0 74 1216 0 0 0 58073 0 0 0 0 0 0 1 0 4 0 0 2 153 0 0 68 0 17494 7759 1 13 0 0 0 0 2065 1015 0 0 0 6 1166 0 13091 3 30 0 0 0 424 2 34 568 
0 18 5677 0 0 56 0 2 551 0 54 0 0 8207 2621 6585 65739 0 32300 0 46 0 0 0 88637 0 0 0 153 36032 629 1004 2963 12 83 0 0 0 0 5 0 41 0 1346 0 19 874 0 0 0 
0 0 0 0 56 0 64 1389 0 16 0 2868 0 0 0 746 0 6 0 46493 0 0 883 1507 3372 0 11 0 1 0 91997 1227 0 2385 128 0 0 0 0 0 0 4 4 211 29542 1 0 0 33950 0 
0 0 217 58073 0 64 0 0 0 775 0 1695 2227 0 5 1 0 33 0 0 10 0 0 322 0 3034 0 2 0 83504 96 10174 13183 0 1932 0 2 0 0 0 4879 0 0 540 8714 0 0 0 3595 0 
131 0 3284 0 2 1389 0 0 0 212 17 1560 336 0 1 72753 1 17 21 9 32 51 0 0 0 0 0 1612 0 0 0 158 0 0 0 0 11091 0 6140 9778 0 0 1 0 0 0 0 0 14 0 
0 0 0 0 551 0 0 0 0 753 0 0 384 0 0 0 0 0 0 19 0 0 0 18 0 0 2189 206 1 913 0 23405 0 0 0 0 0 0 2 1 0 0 0 7637 0 0 346 0 0 6562 
0 0 0 0 0 16 775 212 753 0 0 15 1028 7854 20 969 0 0 13 0 0 44 0 0 2 0 79630 613 0 0 54594 9597 0 0 0 0 9986 0 0 49504 1010 1396 810 5128 226 0 0 137 0 0 
0 0 0 0 54 0 0 17 0 0 0 0 62749 0 0 0 4137 2906 0 0 312 75300 1 0 9189 0 7 0 0 0 11 0 0 11 0 1303 34 7 2502 10433 1 0 964 53 20 0 441 0 0 0 
1 0 0 0 0 2868 1695 1560 0 15 0 0 6643 473 38113 0 0 13 0 35 18712 0 11 0 0 2 50593 0 204 0 4 0 0 0 245 0 0 313 0 0 0 0 402 4 64 37 0 0 0 20 
0 89012 26 0 0 0 2227 336 384 1028 62749 6643 0 9 0 389 0 0 0 16913 0 0 0 12 43678 87 0 0 0 12581 0 0 629 0 0 0 796 1 106 875 0 78805 300 44 151 7954 5781 0 48 1017 
0 21 0 1 8207 0 0 0 0 7854 0 473 9 0 0 782 561 0 1085 3098 0 2261 348 0 2 0 152 0 27182 0 0 0 7370 4 0 255 43 0 4864 68952 209 29270 5027 76605 0 0 5 0 0 0 
2794 0 11 0 2621 0 5 1 0 20 0 38113 0 0 0 201 12 0 0 0 0 20153 16521 0 0 418 0 1 329 0 453 0 0 0 0 14772 91982 3516 0 539 0 0 21 0 0 26725 1160 3 0 0 
6 0 85 4 6585 746 1 72753 0 969 0 0 389 782 201 0 0 0 0 0 30321 17621 0 1041 3272 0 0 12669 7283 0 0 1159 0 0 0 0 0 27 0 2142 0 0 0 3739 0 16 0 0 0 0 
1110 0 7 0 65739 0 0 1 0 0 4137 0 0 561 12 0 0 31 511 98508 65903 14 3 4395 53 0 15069 0 5 0 0 0 92 0 0 14 15 12 0 9076 0 466 0 0 0 0 0 0 11 0 
401 0 26062 0 0 6 33 17 0 0 2906 13 0 0 0 0 31 0 1 0 0 1707 65 0 0 0 12 0 0 0 6 0 2 0 0 0 337 2990 0 0 11 170 31 31 0 0 3 0 2559 1 
0 0 0 2 32300 0 0 21 0 13 0 0 0 1085 0 0 511 1 0 0 85 9335 51 0 0 2438 0 1039 20 26007 25 0 2 0 0 0 0 0 4 406 0 140 46492 43528 0 2 588 0 24 0 
0 2 0 153 0 46493 0 9 19 0 0 35 16913 3098 0 0 98508 0 0 0 0 0 0 0 2119 33 0 2212 475 92921 0 0 25 0 0 0 0 0 71063 16 0 0 13 0 0 2 0 0 0 1463 
0 15515 21688 0 46 0 10 32 0 0 312 18712 0 0 0 30321 65903 0 85 0 0 0 0 0 2816 14657 0 1826 366 16854 0 900 7 77137 0 0 0 0 0 343 811 4804 298 0 33 0 0 30864 0 0 
23 2 1 0 0 0 0 51 0 44 75300 0 0 2261 20153 17621 14 1707 9335 0 0 0 0 465 21 5 0 0 2016 0 0 435 0 157 0 0 0 69270 6 0 0 0 49732 0 0 78 596 0 0 1522 
0 872 27408 68 0 883 0 0 0 0 1 11 0 348 16521 0 3 65 51 0 0 0 0 0 1813 0 0 18788 19260 38 0 0 401 0 41 84511 15 0 1 1 0 0 0 91 0 933 0 0 0 0 
2 0 0 0 0 1507 322 0 18 0 0 0 12 0 0 1041 4395 0 0 0 0 465 0 0 0 42125 0 2 0 0 0 0 0 0 7 0 1845 0 0 270 0 0 339 0 0 12 375 724 0 56 
142 0 22002 17494 88637 3372 0 0 0 2 9189 0 43678 2 0 3272 53 0 0 2119 2816 21 1813 0 0 3458 0 0 17311 0 0 0 1179 0 0 499 0 0 826 0 48 0 40 1373 0 0 2 230 0 0 
34 0 3939 7759 0 0 3034 0 0 0 0 2 87 0 418 0 0 0 2438 33 14657 5 0 42125 3458 0 465 0 336 0 0 0 586 409 15493 112 258 295 2 4052 12 0 0 0 596 1720 0 1478 0 18 
0 0 0 1 0 11 0 0 2189 79630 7 50593 0 152 0 0 15069 12 0 0 0 0 0 0 0 465 0 0 0 1857 299 1 908 0 133 17772 0 110 13 0 0 0 2089 8218 0 0 24 2110 12115 0 
0 0 0 13 0 0 2 1612 206 613 0 0 0 0 1 12669 0 0 1039 2212 1826 0 18788 2 0 0 0 0 0 0 172 0 0 0 69 294 19 16390 0 0 0 47 0 0 58 0 0 14326 0 0 
0 26 0 0 153 1 0 0 1 0 0 204 0 27182 329 7283 5 0 20 475 366 2016 19260 0 17311 336 0 0 0 0 509 17766 10 2356 82499 2 468 605 79257 6 0 0 4 2538 7643 0 48 0 34 20 
6000 0 739 0 36032 0 83504 0 913 0 0 0 12581 0 0 0 0 0 26007 92921 16854 0 38 0 0 0 1857 0 0 0 21298 0 0 0 4603 0 0 7 0 20575 921 25330 3534 0 1894 0 0 0 0 1 
19598 0 0 0 629 91997 96 0 0 54594 11 4 0 0 453 0 0 6 25 0 0 0 0 0 0 0 299 172 509 21298 0 58 3 0 78204 0 265 6 0 3003 0 45 0 52 0 0 0 0 0 0 
11 0 108 0 1004 1227 10174 158 23405 9597 0 0 0 0 0 1159 0 0 0 0 900 435 0 0 0 0 1 0 17766 0 58 0 1 103 0 24727 0 1 0 0 0 0 550 0 9184 0 0 31 0 0 
3762 18281 44 2065 2963 0 13183 0 0 0 0 0 629 7370 0 0 92 2 2 25 7 0 401 0 1179 586 908 0 10 0 3 1 0 5 0 0 26 0 0 529 2452 273 0 9 0 42 419 0 1 13 
0 0 0 1015 12 2385 0 0 0 0 11 0 0 4 0 0 0 0 0 0 77137 157 0 0 0 409 0 0 2356 0 0 103 5 0 0 0 166 0 906 821 0 0 2782 0 0 182 646 0 0 3 
4 71 33545 0 83 128 1932 0 0 0 0 245 0 0 0 0 0 0 0 0 0 0 41 7 0 15493 133 69 82499 4603 78204 0 0 0 0 0 0 0 845 0 41384 23 0 0 0 0 0 16079 0 0 
0 0 0 0 0 0 0 0 0 0 1303 0 0 255 14772 0 14 0 0 0 0 0 84511 0 499 112 17772 294 2 0 0 24727 0 0 0 0 0 26265 0 3675 0 773 0 3718 0 4316 63 13469 0 0 
1 43603 87518 0 0 0 2 11091 0 9986 34 0 796 43 91982 0 15 337 0 0 0 0 15 1845 0 258 0 19 468 0 265 0 26 166 0 0 0 2581 0 9 0 135 0 560 1 0 0 0 0 1 
0 944 0 6 0 0 0 0 0 0 7 313 1 0 3516 27 12 2990 0 0 0 69270 0 0 0 295 110 16390 605 7 6 1 0 0 0 26265 2581 0 0 0 0 0 49054 44 0 1 26 86296 53005 0 
663 0 5335 1166 0 0 0 6140 2 0 2502 0 106 4864 0 0 0 0 4 71063 0 6 1 0 826 2 13 0 79257 0 0 0 0 906 845 0 0 0 0 863 0 2 0 0 0 0 0 61742 0 0 
81 0 7199 0 5 0 0 9778 1 49504 10433 0 875 68952 539 2142 9076 0 406 16 343 0 1 270 0 4052 0 0 6 20575 3003 0 529 821 0 3675 9 0 863 0 86 1 0 61 821 38891 28258 0 0 0 
1552 0 0 13091 0 0 4879 0 0 1010 1 0 0 209 0 0 0 11 0 0 811 0 0 0 48 12 0 0 0 921 0 0 2452 0 41384 0 0 0 0 86 0 0 0 0 41 70860 35167 0 34 0 
0 0 0 3 41 4 0 0 0 1396 0 0 78805 29270 0 0 466 170 140 0 4804 0 0 0 0 0 0 47 0 25330 45 0 273 0 23 773 135 0 2 1 0 0 32 67735 955 0 0 48479 0 45 
0 0 32 30 0 4 0 1 0 810 964 402 300 5027 21 0 0 31 46492 13 298 49732 0 339 40 0 2089 0 4 3534 0 550 0 2782 0 0 0 49054 0 0 0 32 0 674 0 1 332 2539 9592 23 
0 376 0 0 1346 211 540 0 7637 5128 53 4 44 76605 0 3739 0 31 43528 0 0 0 91 0 1373 0 8218 0 2538 0 52 0 9 0 0 3718 560 44 0 61 0 67735 674 0 15 0 81 0 6867 1 
0 0 1 0 0 29542 8714 0 0 226 20 64 151 0 0 0 0 0 0 0 33 0 0 0 0 596 0 58 7643 1894 0 9184 0 0 0 0 1 0 0 821 41 955 0 15 0 0 22 0 12305 0 
0 0 19 0 19 1 0 0 0 0 0 37 7954 0 26725 16 0 0 2 2 0 78 933 12 0 1720 0 0 0 0 0 0 42 182 0 4316 0 1 0 38891 70860 0 1 0 0 0 0 0 0 0 
5622 0 1 424 874 0 0 0 346 0 441 0 5781 5 1160 0 0 3 588 0 0 596 0 375 2 0 24 0 48 0 0 0 419 646 0 63 0 26 0 28258 35167 0 332 81 22 0 0 0 1095 32448 
0 1414 0 2 0 0 0 0 0 137 0 0 0 0 3 0 0 0 0 0 30864 0 0 724 230 1478 2110 14326 0 0 0 31 0 0 16079 13469 0 86296 61742 0 0 48479 2539 0 0 0 0 0 1371 10 
0 14161 0 34 0 33950 3595 14 0 0 0 0 48 0 0 0 11 2559 24 0 0 0 0 0 0 0 12115 0 34 0 0 0 1 0 0 0 0 53005 0 0 34 0 9592 6867 12305 0 1095 1371 0 1 
0 2 0 568 0 0 0 0 6562 0 0 20 1017 0 0 0 0 1 0 1463 0 1522 0 56 0 18 0 0 20 1 0 0 13 3 0 0 1 0 0 0 0 45 23 1 0 0 32448 10 1 0 
0 1534 28 2951 0 151 0 0 0 56 0 8 5373 0 0 1663 0 0 3 781 23 2 10412 18 42 6 0 0 9 0 258 61506 40 2 2 0 0 5 0 0 183 5 0 0 0 0 0 34 0 0 
1534 0 43 18486 0 81 18258 0 0 2296 0 0 0 96139 6 0 0 26583 352 0 1 0 3285 0 0 1 7218 0 1 12239 0 0 1 0 20 29 26151 12048 151 0 0 11 381 58 65 0 57 506 0 53 
28 43 0 14 88533 14671 277 0 0 0 1225 0 0 0 211 0 5310 9035 0 0 0 0 0 0 0 0 0 5 29234 0 9 14936 125 0 0 115 704 65 81 115 28 0 82056 22 0 20272 213 0 0 3835 
2951 18486 14 0 9271 11922 0 0 0 4 0 0 0 43172 90339 0 195 0 0 0 0 0 80904 0 2102 16805 205 0 57 0 6472 0 0 1756 0 31086 0 0 0 455 6 0 0 0 0 161 1962 0 23 14479 
0 0 88533 9271 0 1416 0 0 32 320 0 0 0 0 12111 0 45 0 0 0 4 53784 0 0 17 1144 0 18170 2075 0 33649 69536 54 0 0 0 50370 13064 198 3 0 0 387 0 0 168 7 0 0 0 
151 81 14671 11922 1416 0 551 32 2212 0 18 4 0 0 0 76294 1234 4519 1587 0 0 0 0 0 2 1 0 50 92298 1716 0 6 0 0 64756 45 3730 0 0 17 1 0 1 0 3136 15246 215 0 18037 1 
0 18258 277 0 0 551 0 126 0 15154 0 0 388 0 0 40987 1999 0 2 0 0 0 0 0 0 30039 26594 8 85 0 0 0 0 0 0 0 8 0 21881 834 297 0 3004 0 61236 1801 77214 2625 0 0 
0 0 0 0 0 32 126 0 2132 492 0 0 6846 166 44 611 0 0 97330 0 0 31011 17730 0 0 17 87057 5 0 1182 0 118 0 0 14161 0 16 0 18683 1 0 436 0 0 18118 72021 600 33 0 26 
0 0 0 0 32 2212 0 2132 0 0 23 26066 266 7 38 8 0 0 169 2 3 89700 26 21 0 0 22 0 0 2447 0 4 31225 0 0 2249 5 17 42 0 0 0 98 0 4 0 0 0 38121 0 
56 2296 0 4 320 0 15154 492 0 0 3 0 0 0 0 0 0 0 0 0 22 0 0 0 855 0 181 0 21 0 78 0 0 0 0 71 0 0 1380 8250 88 0 0 0 0 0 0 0 26 0 
0 0 1225 0 0 18 0 0 23 3 0 0 1 0 2 11 0 0 19 0 84 0 0 1224 1 0 0 0 111 16788 0 0 0 2 0 0 0 0 2 68 25 0 106 279 0 757 32094 18297 5195 0 
8 0 0 0 0 4 0 0 26066 0 0 0 0 0 76 0 0 0 0 0 20298 0 0 10772 41 0 1 0 0 2 0 664 4012 23093 0 0 0 0 0 0 1 11 0 0 0 161 16614 125 10 0 
5373 0 0 0 0 0 388 6846 266 0 1 0 0 0 1 0 867 0 0 2697 166 0 0 19951 0 0 0 0 5 30204 1 0 16276 0 0 18 0 9 111 0 6427 49177 18 0 177 0 0 0 0 0 
0 96139 0 43172 0 0 0 166 7 0 0 0 0 0 0 870 5371 243 0 0 1 0 1 19884 0 17 0 23325 78011 0 67283 0 138 0 0 2067 429 814 0 953 0 1 856 0 0 13716 44855 13 15022 2476 
0 6 211 90339 12111 0 0 44 38 0 2 76 1 0 0 47288 0 525 0 251 0 6196 0 384 32421 6 21533 102 0 4 10 74 0 0 0 0 0 0 0 0 0 0 7458 5270 0 10 38 9 776 4277 
1663 0 0 0 0 76294 40987 611 8 0 11 0 0 870 47288 0 50520 53735 0 7 8884 882 16 0 70773 0 1 0 12370 0 2475 0 0 11 33792 0 0 0 0 6438 19 0 0 0 0 10347 46 0 0 0 
0 0 5310 195 45 1234 1999 0 0 0 0 0 867 5371 0 50520 0 0 0 262 0 0 0 2135 2 0 0 0 37448 4 0 22371 0 4058 0 23993 4 39 0 0 4600 0 251 0 53 1561 0 64 219 0 
0 26583 9035 0 0 4519 0 0 0 0 0 0 0 243 525 53735 0 0 26130 1485 0 0 73641 5 0 0 0 0 0 1153 0 77 1288 98 70811 12452 99751 0 204 0 236 0 28 0 63837 87 0 0 0 0 
3 352 0 0 0 1587 2 97330 169 0 19 0 0 0 0 0 0 26130 0 259 0 16 0 6 0 42 0 1 307 653 10 0 93 0 0 0 0 0 0 0 1 0 0 0 2 0 0 0 0 1 
781 0 0 0 0 0 0 0 2 0 0 0 2697 0 251 7 262 1485 259 0 0 367 20 30579 1211 0 671 0 0 18 13 845 704 6247 1 35 4 0 7 20 0 1 0 171 224 0 26 0 0 0 
23 1 0 0 4 0 0 0 3 22 84 20298 166 1 0 8884 0 0 0 0 0 14 0 7 0 0 932 0 0 34 175 0 2933 8 2 0 31 0 5 119 159 0 0 0 0 1548 0 29 0 233 
2 0 0 0 53784 0 0 31011 89700 0 0 0 0 0 6196 882 0 0 16 367 14 0 53 11 0 0 25 734 0 0 4 1803 1737 0 6 25 49 0 0 27758 14340 0 17 1 9 463 729 0 0 7 
10412 3285 0 80904 0 0 0 17730 26 0 0 0 0 1 0 16 0 73641 0 20 0 53 0 0 0 183 5 10 0 0 9374 12284 9374 4892 0 0 208 56 64 1 0 1803 0 2 1 0 25297 1178 306 5666 
18 0 0 0 0 0 0 0 21 0 1224 10772 19951 19884 384 0 2135 5 6 30579 7 11 0 0 0 0 487 0 0 0 883 2 0 0 0 0 23 0 10 1010 147 8789 0 0 0 0 0 1 23 0 
42 0 0 2102 17 2 0 0 0 855 1 41 0 0 32421 70773 2 0 0 1211 0 0 0 0 0 58 274 0 6127 85 0 0 8642 0 0 0 0 0 0 0 0 1466 127 16 17333 0 0 4 19 0 
6 1 0 16805 1144 1 30039 17 0 0 0 0 0 17 6 0 0 0 42 0 0 0 183 0 58 0 7690 3852 151 48 19 11774 23 7 99 0 0 237 12978 0 0 6700 68 72 0 122 0 6 0 1 
0 7218 0 205 0 0 26594 87057 22 181 0 1 0 0 21533 1 0 0 0 671 932 25 5 487 274 7690 0 0 0 0 0 4851 0 0 51928 2616 0 0 11718 0 0 468 0 0 0 1964 0 23790 67324 13 
0 0 5 0 18170 50 8 5 0 0 0 0 0 23325 102 0 0 0 1 0 0 734 10 0 0 3852 0 0 0 2 42345 0 0 8 0 16882 61 0 0 2935 13496 0 1420 2810 0 0 0 0 0 0 
9 1 29234 57 2075 92298 85 0 0 21 111 0 5 78011 0 12370 37448 0 307 0 0 0 0 0 6127 151 0 0 0 87822 0 29425 0 0 17193 55724 33 0 0 0 0 347 0 2135 0 0 0 26710 0 0 
0 12239 0 0 0 1716 0 1182 2447 0 16788 2 30204 0 4 0 4 1153 653 18 34 0 0 0 85 48 0 2 87822 0 0 224 71835 72188 0 0 0 212 0 0 0 2 0 0 0 80 139 61015 0 0 
258 0 9 6472 33649 0 0 0 0 78 0 0 1 67283 10 2475 0 0 10 13 175 4 9374 883 0 19 0 42345 0 0 0 1 0 0 0 0 0 435 0 0 0 0 5 2315 1142 4654 0 2400 0 0 
61506 0 14936 0 69536 6 0 118 4 0 0 664 0 0 74 0 22371 77 0 845 0 1803 12284 2 0 11774 4851 0 29425 224 1 0 0 0 9352 18551 0 0 4 49 77700 0 0 0 0 13051 0 4695 0 1 
40 1 125 0 54 0 0 0 31225 0 0 4012 16276 138 0 0 0 1288 93 704 2933 1737 9374 0 8642 23 0 0 0 71835 0 0 0 423 1395 51 0 47 31070 0 0 259 0 0 346 510 13959 0 0 116 
2 0 0 1756 0 0 0 0 0 0 2 23093 0 0 0 11 4058 98 0 6247 8 0 4892 0 0 7 0 8 0 72188 0 0 423 0 0 0 0 139 1 39398 45421 20 0 0 0 1292 68452 0 0 0 
2 20 0 0 0 64756 0 14161 0 0 0 0 0 0 0 33792 0 70811 0 1 2 6 0 0 0 99 51928 0 17193 0 0 9352 1395 0 0 0 773 1317 4 4508 0 0 0 0 48 15 0 0 0 0 
0 29 115 31086 0 45 0 0 2249 71 0 0 18 2067 0 0 23993 12452 0 35 0 25 0 0 0 0 2616 16882 55724 0 0 18551 51 0 0 0 0 0 9958 10 1 0 52 1925 447 0 2456 0 0 0 
0 26151 704 0 50370 3730 8 16 5 0 0 0 0 429 0 0 4 99751 0 4 31 49 208 23 0 0 0 61 33 0 0 0 0 0 773 0 0 0 2 0 0 171 116 0 0 0 0 0 1038 22 
5 12048 65 0 13064 0 0 0 17 0 0 0 9 814 0 0 39 0 0 0 0 0 56 0 0 237 0 0 0 212 435 0 47 139 1317 0 0 0 187 0 133 100 16 933 80 207 144 0 81577 104 
0 151 81 0 198 0 21881 18683 42 1380 2 0 111 0 0 0 0 204 0 7 5 0 64 10 0 12978 11718 0 0 0 0 4 31070 1 4 9958 2 187 0 1579 1 0 0 9 0 0 1 182 0 0 
0 0 115 455 3 17 834 1 0 8250 68 0 0 953 0 6438 0 0 0 20 119 27758 1 1010 0 0 0 2935 0 0 0 49 0 39398 4508 10 0 0 1579 0 6287 0 0 0 0 0 0 0 0 0 
183 0 28 6 0 1 297 0 0 88 25 1 6427 0 0 19 4600 236 1 0 159 14340 0 147 0 0 0 13496 0 0 0 77700 0 45421 0 1 0 133 1 6287 0 3384 0 0 0 134 15 331 12434 0 
5 11 0 0 0 0 0 436 0 0 0 11 49177 1 0 0 0 0 0 1 0 0 1803 8789 1466 6700 468 0 347 2 0 0 259 20 0 0 171 100 0 0 3384 0 0 101 0 0 40527 0 1332 37735 
0 381 82056 0 387 1 3004 0 98 0 106 0 18 856 7458 0 251 28 0 0 0 17 0 0 127 68 0 1420 0 0 5 0 0 0 0 52 116 16 0 0 0 0 0 0 42 2 0 1 0 44167 
0 58 22 0 0 0 0 0 0 0 279 0 0 0 5270 0 0 0 0 171 0 1 2 0 16 72 0 2810 2135 0 2315 0 0 0 0 1925 0 933 9 0 0 101 0 0 6 0 10 0 0 15588 
0 65 0 0 0 3136 61236 18118 4 0 0 0 177 0 0 0 53 63837 2 224 0 9 1 0 17333 0 0 0 0 0 1142 0 346 0 48 447 0 80 0 0 0 0 42 6 0 0 3900 420 710 32428 
0 0 20272 161 168 15246 1801 72021 0 0 757 161 0 13716 10 10347 1561 87 0 0 1548 463 0 0 0 122 1964 0 0 80 4654 13051 510 1292 15 0 0 207 0 0 134 0 2 0 0 0 19 0 0 4704 
0 57 213 1962 7 215 77214 600 0 0 32094 16614 0 44855 38 46 0 0 0 26 0 729 25297 0 0 0 0 0 0 139 0 0 13959 68452 0 2456 0 144 1 0 15 40527 0 10 3900 19 0 0 0 0 
34 506 0 0 0 0 2625 33 0 0 18297 125 0 13 9 0 64 0 0 0 29 0 1178 1 4 6 23790 0 26710 61015 2400 4695 0 0 0 0 0 0 182 0 331 0 1 0 420 0 0 0 1 0 
0 0 0 23 0 18037 0 0 38121 26 5195 10 0 15022 776 0 219 0 0 0 0 0 306 23 19 0 67324 0 0 0 0 0 0 0 0 0 1038 81577 0 0 12434 1332 0 0 710 0 0 1 0 3 
0 53 3835 14479 0 1 0 26 0 0 0 0 0 2476 4277 0 0 0 1 0 233 7 5666 0 0 1 13 0 0 0 0 1 116 0 0 0 22 104 0 0 0 37735 44167 15588 32428 4704 0 0 3 0 
