40 3
0 123 17 72 89 90 77 84 122 70 141 118 117 117 58 85 94 145 69 99 137 99 30 139 114 56 50 94 70 158 148 87 53 161 64 94 106 62 87 81 
123 0 116 51 121 48 96 115 59 63 25 47 40 16 64 39 31 87 58 23 83 33 103 24 65 67 92 40 53 45 35 36 95 46 119 29 43 89 107 43 
17 116 0 64 101 90 86 66 108 71 133 119 117 113 52 81 90 150 68 93 122 97 14 135 118 53 57 84 66 154 139 82 62 151 46 88 94 69 69 78 
72 51 64 0 97 39 71 77 62 33 69 64 60 49 13 21 29 104 24 28 84 38 52 71 72 21 53 26 13 91 77 19 58 89 74 23 41 56 72 18 
89 121 101 97 0 73 26 158 158 64 146 84 88 106 88 88 93 82 73 107 181 88 104 121 67 78 49 121 84 131 156 94 43 167 143 101 136 41 157 86 
90 48 90 39 73 0 47 116 91 20 73 28 27 34 42 20 20 64 22 35 115 15 82 53 32 38 48 55 28 69 83 26 49 95 111 30 68 42 111 21 
77 96 86 71 26 47 0 136 132 38 121 63 66 81 63 62 67 73 47 81 155 62 85 98 49 54 29 95 58 110 130 68 24 142 124 75 110 17 134 60 
84 115 66 77 158 116 136 0 73 105 118 141 136 120 76 98 104 181 98 96 73 114 56 139 149 84 109 75 89 160 120 94 114 129 22 95 74 118 9 96 
122 59 108 62 158 91 132 73 0 94 51 103 96 73 74 71 70 145 85 56 25 79 93 83 118 83 115 37 74 101 50 65 120 57 87 60 22 118 63 72 
70 63 71 33 64 20 38 105 94 0 87 48 47 52 29 25 32 79 8 44 117 32 64 72 47 21 28 56 20 89 96 31 31 108 97 38 71 26 102 23 
141 25 133 69 146 73 121 118 51 87 0 70 64 41 83 62 55 108 81 43 71 58 119 37 89 88 115 49 74 52 10 57 118 21 127 50 44 113 110 65 
118 47 119 64 84 28 63 141 103 48 70 0 6 30 70 43 37 42 50 48 128 26 110 38 19 66 73 72 55 47 80 46 73 90 138 47 82 64 135 45 
117 40 117 60 88 27 66 136 96 47 64 6 0 24 67 39 32 48 48 42 121 22 108 32 25 64 74 66 52 44 73 42 75 83 134 41 76 66 130 42 
117 16 113 49 106 34 81 120 73 52 41 30 24 0 60 31 22 72 48 24 98 19 101 21 48 61 81 46 46 42 51 31 83 62 122 26 54 76 113 35 
58 64 52 13 88 42 63 76 74 29 83 70 67 60 0 29 38 107 21 41 95 45 41 82 74 9 41 39 15 102 90 29 47 103 69 35 53 47 72 25 
85 39 81 21 88 20 62 98 71 25 62 43 39 31 29 0 9 83 18 19 96 17 70 53 51 29 52 34 14 73 71 6 56 83 95 13 49 51 92 3 
94 31 90 29 93 20 67 104 70 32 55 37 32 22 38 9 0 79 27 14 95 10 79 44 48 38 60 36 24 64 64 10 64 76 103 10 48 58 98 13 
145 87 150 104 82 64 73 181 145 79 108 42 48 72 107 83 79 0 85 91 170 68 144 71 32 101 95 114 92 67 117 88 93 125 176 89 125 84 176 85 
69 58 68 24 73 22 47 98 85 8 81 50 48 48 21 18 27 85 0 37 108 30 60 70 52 16 34 48 11 88 90 23 38 102 91 31 63 34 94 15 
99 23 93 28 107 35 81 96 56 44 43 48 42 24 41 19 14 91 37 0 81 23 80 43 62 45 71 23 30 64 52 13 75 65 98 6 34 70 89 21 
137 83 122 84 181 115 155 73 25 117 71 128 121 98 95 96 95 170 108 81 0 104 107 106 143 104 136 61 97 123 67 89 142 71 92 85 47 141 64 96 
99 33 97 38 88 15 62 114 79 32 58 26 22 19 45 17 10 68 30 23 104 0 87 40 38 44 61 46 30 58 68 19 63 79 112 20 58 56 108 20 
30 103 14 52 104 82 85 56 93 64 119 110 108 101 41 70 79 144 60 80 107 87 0 123 111 44 56 70 56 143 125 70 61 137 39 76 80 68 58 67 
139 24 135 71 121 53 98 139 83 72 37 38 32 21 82 53 44 71 70 43 106 40 123 0 57 83 101 64 68 21 46 52 103 54 142 47 68 95 131 57 
114 65 118 72 67 32 49 149 118 47 89 19 25 48 74 51 48 32 52 62 143 38 111 57 0 68 66 84 60 63 99 57 65 109 143 59 97 55 144 53 
56 67 53 21 78 38 54 84 83 21 88 66 64 61 9 29 38 101 16 45 104 44 44 83 68 0 32 47 14 102 96 31 37 109 75 39 62 37 81 25 
50 92 57 53 49 48 29 109 115 28 115 73 74 81 41 52 60 95 34 71 136 61 56 101 66 32 0 79 42 117 124 57 5 136 95 65 94 12 107 49 
94 40 84 26 121 55 95 75 37 56 49 72 66 46 39 34 36 114 48 23 61 46 70 64 84 47 79 0 37 85 55 28 84 67 79 25 15 81 67 35 
70 53 66 13 84 28 58 89 74 20 74 55 52 46 15 14 24 92 11 30 97 30 56 68 60 14 42 37 0 88 82 17 47 95 83 24 52 44 84 11 
158 45 154 91 131 69 110 160 101 89 52 47 44 42 102 73 64 67 88 64 123 58 143 21 63 102 117 85 88 0 58 73 118 62 163 68 88 110 152 76 
148 35 139 77 156 83 130 120 50 96 10 80 73 51 90 71 64 117 90 52 67 68 125 46 99 96 124 55 82 58 0 66 128 12 130 58 47 122 111 74 
87 36 82 19 94 26 68 94 65 31 57 46 42 31 29 6 10 88 23 13 89 19 70 52 57 31 57 28 17 73 66 0 61 78 93 7 42 57 88 8 
53 95 62 58 43 49 24 114 120 31 118 73 75 83 47 56 64 93 38 75 142 63 61 103 65 37 5 84 47 118 128 61 0 140 100 69 99 9 113 53 
161 46 151 89 167 95 142 129 57 108 21 90 83 62 103 83 76 125 102 65 71 79 137 54 109 109 136 67 95 62 12 78 140 0 141 71 58 134 120 86 
64 119 46 74 143 111 124 22 87 97 127 138 134 122 69 95 103 176 91 98 92 112 39 142 143 75 95 79 83 163 130 93 100 141 0 96 82 106 28 92 
94 29 88 23 101 30 75 95 60 38 50 47 41 26 35 13 10 89 31 6 85 20 76 47 59 39 65 25 24 68 58 7 69 71 96 0 38 64 89 15 
106 43 94 41 136 68 110 74 22 71 44 82 76 54 53 49 48 125 63 34 47 58 80 68 97 62 94 15 52 88 47 42 99 58 82 38 0 96 65 49 
62 89 69 56 41 42 17 118 118 26 113 64 66 76 47 51 58 84 34 70 141 56 68 95 55 37 12 81 44 110 122 57 9 134 106 64 96 0 116 49 
87 107 69 72 157 111 134 9 63 102 110 135 130 113 72 92 98 176 94 89 64 108 58 131 144 81 107 67 84 152 111 88 113 120 28 89 65 116 0 90 
81 43 78 18 86 21 60 96 72 23 65 45 42 35 25 3 13 85 15 21 96 20 67 57 53 25 49 35 11 76 74 8 53 86 92 15 49 49 90 0 
0 0 0 23008 0 37 0 12 3884 0 0 545 1631 0 402 4 0 15870 0 0 0 0 2 0 0 0 26763 0 0 0 0 34043 0 0 0 60 0 2 62120 1477 
0 0 0 0 0 73968 53 0 11 67 0 8 1 721 0 0 0 10 630 15186 19 596 0 4463 82 0 0 0 98 0 204 0 3 0 0 1885 0 1 0 0 
0 0 0 78 2770 0 13903 0 0 0 1 0 48741 0 0 0 0 7356 0 2 79 0 37 0 2004 0 0 0 0 72 163 4 0 0 1 0 0 466 0 0 
23008 0 78 0 0 0 0 0 0 28267 0 0 0 0 4 11220 42 1 15 2560 0 1333 306 0 1431 44 580 465 1584 0 0 3 0 0 0 46 156 0 0 5280 
0 0 2770 0 0 40549 0 0 615 0 0 35698 1 3 65076 0 1 0 2492 0 3 0 20 0 47722 24 0 7 0 0 0 3848 3 0 0 6764 3613 7283 56065 2186 
37 73968 0 0 40549 0 277 117 0 0 0 0 0 136 0 0 7 34584 93047 28 378 0 0 41 21 0 0 3401 174 0 194 0 0 9562 1931 0 1 1 583 0 
0 53 13903 0 0 277 0 96664 0 2 4572 23 0 0 0 0 663 454 0 0 0 12504 0 1 0 2453 36724 0 5 0 0 743 0 13234 3651 13 49 187 0 0 
12 0 0 0 0 117 96664 0 0 75 132 3 0 1 0 2301 0 0 8250 0 0 32 0 0 0 1 0 0 0 5 0 0 21007 0 4 82 0 0 0 0 
3884 11 0 0 615 0 0 0 0 12 0 0 0 73781 0 2 0 0 19 0 0 966 295 574 1 0 34052 316 28 0 0 2195 1171 58195 0 151 1806 0 0 0 
0 67 0 28267 0 0 2 75 12 0 254 0 0 2 2155 0 0 57049 4 5 0 841 4047 0 0 0 44 0 0 0 1927 2 0 0 1780 32657 7047 0 0 0 
0 0 1 0 0 0 4572 132 0 254 0 65095 160 17304 42 63295 2 2 0 32 30624 2 452 0 439 4 0 1 43 0 0 410 0 13379 0 0 0 42841 3 0 
545 8 0 0 35698 0 23 3 0 0 65095 0 144 72 0 119 0 0 0 0 2501 0 0 29270 0 82055 0 0 0 0 15319 0 0 53892 0 0 0 0 36979 101 
1631 1 48741 0 1 0 0 0 0 0 160 144 0 77655 0 407 0 449 0 598 372 261 100 7706 267 0 12665 0 0 0 0 0 0 12 25610 238 1306 0 0 3954 
0 721 0 0 3 136 0 1 73781 2 17304 72 77655 0 0 0 0 1755 19831 0 769 256 1819 51 32 6934 40206 21674 32 409 7 57744 56 0 50 0 0 0 792 82568 
402 0 0 4 65076 0 0 0 0 2155 42 0 0 0 0 2 0 22 0 4 0 0 1114 1881 166 0 1240 68 0 0 4 58837 3 4 4971 3280 1 2 0 44 
4 0 0 11220 0 0 0 2301 2 0 63295 119 407 0 2 0 15 0 309 308 0 0 5 10232 26578 1 492 0 0 62650 0 1609 77 4 0 8 1799 0 61 0 
0 0 0 42 1 7 663 0 0 0 2 0 0 0 0 15 0 94 13077 3 0 0 0 79029 0 588 0 0 0 7568 7 55 0 2 24311 0 3730 0 9838 0 
15870 10 7356 1 0 34584 454 0 0 57049 2 0 449 1755 22 0 94 0 1224 0 0 3 7896 173 102 0 0 0 772 0 51 0 3 11 208 0 0 0 1 0 
0 630 0 15 2492 93047 0 8250 19 4 0 0 0 19831 0 309 13077 1224 0 0 88 51982 87010 1723 95367 11936 0 703 22 0 0 0 0 6914 0 802 4265 92194 0 0 
0 15186 2 2560 0 28 0 0 0 5 32 0 598 0 4 308 3 0 0 0 13 0 0 0 0 0 15 1630 9 0 0 0 0 0 0 0 0 2013 0 0 
0 19 79 0 3 378 0 0 0 0 30624 2501 372 769 0 0 0 0 88 13 0 40 0 16154 0 7 0 0 33 0 0 666 3 106 30000 1033 0 0 3 0 
0 596 0 1333 0 0 12504 32 966 841 2 0 261 256 0 0 0 3 51982 0 40 0 0 0 289 0 125 0 0 0 0 0 88838 112 0 6 0 0 0 52 
2 0 37 306 20 0 0 0 295 4047 452 0 100 1819 1114 5 0 7896 87010 0 0 0 0 176 0 0 0 0 0 0 0 0 74460 88 13 43201 41490 1 10 0 
0 4463 0 0 0 41 1 0 574 0 0 29270 7706 51 1881 10232 79029 173 1723 0 16154 0 176 0 54218 68 763 0 0 2 0 4648 4 0 353 0 2665 3 0 0 
0 82 2004 1431 47722 21 0 0 1 0 439 0 267 32 166 26578 0 102 95367 0 0 289 0 54218 0 20 0 0 232 0 0 0 62427 0 3613 635 0 0 204 24 
0 0 0 44 24 0 2453 1 0 0 4 82055 0 6934 0 1 588 0 11936 0 7 0 0 68 20 0 0 0 65 0 0 0 0 1 7746 32222 13832 31 0 0 
26763 0 0 580 0 0 36724 0 34052 44 0 0 12665 40206 1240 492 0 0 0 15 0 125 0 763 0 0 0 0 0 16 0 0 0 53117 38267 0 955 0 0 0 
0 0 0 465 7 3401 0 0 316 0 1 0 0 21674 68 0 0 0 703 1630 0 0 0 0 0 0 0 0 0 5 2 0 8 53378 67108 0 0 24270 0 89 
0 98 0 1584 0 174 5 0 28 0 43 0 0 32 0 0 0 772 22 9 33 0 0 0 232 65 0 0 0 101 0 5 0 1 0 54 83 0 0 0 
0 0 72 0 0 0 0 5 0 0 0 0 0 409 0 62650 7568 0 0 0 0 0 0 2 0 0 16 5 101 0 8 0 0 76615 34 0 0 0 2 0 
0 204 163 0 0 194 0 0 0 1927 0 15319 0 7 4 0 7 51 0 0 0 0 0 0 0 0 0 2 0 8 0 8 271 584 21716 0 3243 0 6655 10 
34043 0 4 3 3848 0 743 0 2195 2 410 0 0 57744 58837 1609 55 0 0 0 666 0 0 4648 0 0 0 0 5 0 8 0 0 17 0 1307 0 0 1 0 
0 3 0 0 3 0 0 21007 1171 0 0 0 0 56 3 77 0 3 0 0 3 88838 74460 4 62427 0 0 8 0 0 271 0 0 0 74 2002 0 6 2 0 
0 0 0 0 0 9562 13234 0 58195 0 13379 53892 12 0 4 4 2 11 6914 0 106 112 88 0 0 1 53117 53378 1 76615 584 17 0 0 0 1089 0 3 0 0 
0 0 1 0 0 1931 3651 4 0 1780 0 0 25610 50 4971 0 24311 208 0 0 30000 0 13 353 3613 7746 38267 67108 0 34 21716 0 74 0 0 0 0 4796 0 578 
60 1885 0 46 6764 0 13 82 151 32657 0 0 238 0 3280 8 0 0 802 0 1033 6 43201 0 635 32222 0 0 54 0 0 1307 2002 1089 0 0 15 1518 80174 5470 
0 0 0 156 3613 1 49 0 1806 7047 0 0 1306 0 1 1799 3730 0 4265 0 0 0 41490 2665 0 13832 955 0 83 0 3243 0 0 0 0 15 0 0 0 0 
2 1 466 0 7283 1 187 0 0 0 42841 0 0 0 2 0 0 0 92194 2013 0 0 1 3 0 31 0 24270 0 0 0 0 6 3 4796 1518 0 0 2936 0 
62120 0 0 0 56065 583 0 0 0 0 3 36979 0 792 0 61 9838 1 0 0 3 0 10 0 204 0 0 0 0 2 6655 1 2 0 0 80174 0 2936 0 0 
1477 0 0 5280 2186 0 0 0 0 0 0 101 3954 82568 44 0 0 0 0 0 0 52 0 0 24 0 0 89 0 0 10 0 0 0 578 5470 0 0 0 0 
0 0 8 0 41240 0 592 0 155 33 5338 0 0 5883 0 87 0 85 64584 6 333 562 0 42 119 5716 0 34490 21889 36 7820 445 3 167 2229 0 2 0 0 3714 
0 0 7802 2 0 0 10930 7 0 2 20334 1 0 0 35771 6177 12 0 0 0 0 0 198 0 0 0 13 17 0 203 3 4 0 21835 3441 0 177 0 59017 0 
8 7802 0 0 0 872 0 1 2546 30639 0 0 34 104 422 397 92534 0 0 0 0 1977 45946 2 0 2095 0 0 5999 1718 0 4 4 0 0 9 16464 12342 1360 9 
0 2 0 0 47 23692 12849 0 2 0 0 39282 5670 62440 5 0 0 0 0 0 0 0 0 0 0 0 2831 1059 0 16 275 0 58090 0 9 0 7403 88354 2 619 
41240 0 0 47 0 0 61 310 0 30 1 75 111 11111 45 39014 0 3 0 2 0 18317 0 1 0 0 554 213 624 1 311 28 0 7 2296 0 8 0 0 0 
0 0 872 23692 0 0 0 0 876 0 1 0 84 0 62185 120 0 1 0 86405 0 19 114 23 1878 0 287 1 0 2407 753 0 0 0 0 135 0 0 0 24 
592 10930 0 12849 61 0 0 0 0 0 0 0 0 46855 276 3 0 0 91 1252 328 2 0 0 36 0 0 1024 0 2 412 4 47002 0 0 0 0 0 53429 0 
0 7 1 0 310 0 0 0 1489 0 0 0 212 0 857 0 132 12321 0 1 6217 4 0 82327 75122 0 1 0 22798 0 9 22 0 27016 0 0 0 12 0 3574 
155 0 2546 2 0 876 0 1489 0 0 22 1 16937 0 1849 0 1081 2426 3 8 0 0 0 0 0 24046 0 0 0 0 5 0 1215 0 33 5 0 0 5 1658 
33 2 30639 0 30 0 0 0 0 0 0 430 0 0 0 0 0 0 0 159 59 0 656 0 24 39 0 442 1365 0 0 0 0 0 0 0 0 2 44230 2108 
5338 20334 0 0 1 1 0 0 22 0 0 0 0 0 0 93 0 0 9010 0 32 0 0 0 9 4 1819 0 0 69936 16489 0 27 0 1 8650 15542 35 0 0 
0 1 0 39282 75 0 0 0 1 430 0 0 0 931 10250 3002 0 0 52 4370 0 0 270 6055 0 0 0 1287 18490 1 0 17101 41733 0 0 11623 0 1 0 454 
0 0 34 5670 111 84 0 212 16937 0 0 0 0 0 0 0 36582 0 11 0 0 37 391 0 0 5 0 2 49028 17 0 0 0 2 0 0 0 30681 121 0 
5883 0 104 62440 11111 0 46855 0 0 0 0 931 0 0 5 113 0 1390 2 6 39263 0 0 0 0 1018 0 0 0 0 0 115 0 2 1005 552 0 0 0 0 
0 35771 422 5 45 62185 276 857 1849 0 0 10250 0 5 0 0 111 0 12 0 13 55 0 0 0 1 0 0 24 897 0 0 0 0 334 0 0 0 0 81 
87 6177 397 0 39014 120 3 0 0 0 93 3002 0 113 0 0 5340 27 0 0 0 4 0 15418 0 0 0 0 16805 0 996 0 0 0 4963 0 0 4 0 0 
0 12 92534 0 0 0 0 132 1081 0 0 0 36582 0 111 5340 0 0 0 0 10 2 5 0 0 4 1 34313 19787 0 0 0 2 48782 0 80347 0 4900 65 50640 
85 0 0 0 3 1 0 12321 2426 0 0 0 0 1390 0 27 0 0 282 0 31630 0 0 0 0 62141 41269 33508 499 1397 252 0 0 0 106 0 200 11554 0 0 
64584 0 0 0 0 0 91 0 3 0 9010 52 11 2 12 0 0 282 0 7 90 27 0 0 60795 0 82443 0 0 0 5841 0 4 0 0 0 0 0 696 2 
6 0 0 0 2 86405 1252 1 8 159 0 4370 0 6 0 0 0 0 7 0 7 27448 1665 2 844 21 0 0 0 8 3 7076 0 0 0 1 0 0 937 0 
333 0 0 0 0 0 328 6217 0 59 32 0 0 39263 13 0 10 31630 90 7 0 0 1 9580 0 0 1 305 0 13231 3843 54 0 0 1192 89 28450 867 0 35548 
562 0 1977 0 18317 19 2 4 0 0 0 0 37 0 55 4 2 0 27 27448 0 0 6295 3 0 12981 0 0 104 3488 71259 58 0 0 821 0 423 0 70 0 
0 198 45946 0 0 114 0 0 0 656 0 270 391 0 0 0 5 0 0 1665 1 6295 0 0 15008 173 5978 12 95 137 9780 153 0 0 181 3620 0 1 0 0 
42 0 2 0 1 23 0 82327 0 0 0 6055 0 0 0 15418 0 0 0 2 9580 3 0 0 2 0 209 86 45 0 0 0 0 4 597 0 0 0 0 39362 
119 0 0 0 0 1878 36 75122 0 24 9 0 0 0 0 0 0 0 60795 844 0 0 15008 2 0 0 0 0 0 473 96857 9276 71 0 62 0 7516 0 661 0 
5716 0 2095 0 0 0 0 0 24046 39 4 0 5 1018 1 0 4 62141 0 21 0 12981 173 0 0 0 0 0 0 0 14 40563 0 0 0 1 313 0 11859 1 
0 13 0 2831 554 287 0 1 0 0 1819 0 0 0 0 0 1 41269 82443 0 1 0 5978 209 0 0 0 608 20 0 194 7 55522 9740 0 112 0 16835 71511 16736 
34490 17 0 1059 213 1 1024 0 0 442 0 1287 2 0 0 0 34313 33508 0 0 305 0 12 86 0 0 608 0 87 16 0 1 0 0 0 4 0 82122 1 0 
21889 0 5999 0 624 0 0 22798 0 1365 0 18490 49028 0 24 16805 19787 499 0 0 0 104 95 45 0 0 20 87 0 0 4763 0 16 0 61 0 0 2 9 0 
36 203 1718 16 1 2407 2 0 0 0 69936 1 17 0 897 0 0 1397 0 8 13231 3488 137 0 473 0 0 16 0 0 0 3 5170 0 0 23 14 351 0 0 
7820 3 0 275 311 753 412 9 5 0 16489 0 0 0 0 996 0 252 5841 3 3843 71259 9780 0 96857 14 194 0 4763 0 0 0 0 3479 0 0 135 7779 1 0 
445 4 4 0 28 0 4 22 0 0 0 17101 0 115 0 0 0 0 0 7076 54 58 153 0 9276 40563 7 1 0 3 0 0 6410 4696 9 265 39193 13 395 3 
3 0 4 58090 0 0 47002 0 1215 0 27 41733 0 0 0 0 2 0 4 0 0 0 0 0 71 0 55522 0 16 5170 0 6410 0 3 63 53 140 1132 0 1028 
167 21835 0 0 7 0 0 27016 0 0 0 0 2 2 0 0 48782 0 0 0 0 0 0 4 0 0 9740 0 0 0 3479 4696 3 0 3 0 41039 0 19193 497 
2229 3441 0 9 2296 0 0 0 33 0 1 0 0 1005 334 4963 0 106 0 0 1192 821 181 597 62 0 0 0 61 0 0 9 63 3 0 0 24 1183 72902 0 
0 0 9 0 0 135 0 0 5 0 8650 11623 0 552 0 0 80347 0 0 1 89 0 3620 0 0 1 112 4 0 23 0 265 53 0 0 0 1190 28867 0 0 
2 177 16464 7403 8 0 0 0 0 0 15542 0 0 0 0 0 0 200 0 0 28450 423 0 0 7516 313 0 0 0 14 135 39193 140 41039 24 1190 0 239 1328 11610 
0 0 12342 88354 0 0 0 12 0 2 35 1 30681 0 0 4 4900 11554 0 0 867 0 1 0 0 0 16835 82122 2 351 7779 13 1132 0 1183 28867 239 0 0 0 
0 59017 1360 2 0 0 53429 0 5 44230 0 0 121 0 0 0 65 0 696 937 0 70 0 0 661 11859 71511 1 9 0 1 395 0 19193 72902 0 1328 0 0 865 
3714 0 9 619 0 24 0 3574 1658 2108 0 454 0 0 81 0 50640 0 2 0 35548 0 0 39362 0 1 16736 0 0 0 0 3 1028 497 0 0 11610 0 865 0 
0 1258 6 0 4218 0 1 3160 0 83 1157 0 0 0 0 0 0 1 4640 48144 0 51730 0 44771 0 0 0 1545 1674 0 17 0 1406 8019 1 0 619 44 0 179 
1258 0 31 4413 3878 0 358 4 0 218 63 2 0 0 21 63141 69118 0 0 0 0 0 2435 0 0 6868 500 5646 0 2196 0 3 1461 1 0 44 454 0 0 381 
6 31 0 0 0 12210 0 8698 202 38 0 0 0 299 0 43 16 0 336 6011 678 989 0 3 0 2353 3404 3390 2 0 0 0 43012 5 0 6883 19 0 22077 9487 
0 4413 0 0 30812 64 1 0 12190 0 2234 94 4431 66 0 0 0 0 0 0 9561 0 0 7 0 0 1673 0 0 0 0 49577 2 0 1 0 0 12965 0 47644 
4218 3878 0 30812 0 0 12578 208 40325 29752 0 0 0 2025 0 22 0 26712 0 8 0 32 0 3596 0 106 1 0 581 28633 17454 0 0 8 102 0 125 1 0 0 
0 0 12210 64 0 0 0 175 156 0 0 252 1 0 5 3 0 0 140 19 0 0 0 0 0 70 294 1 0 238 0 0 22 0 0 7965 0 0 356 28727 
1 358 0 1 12578 0 0 0 0 0 0 0 0 5 383 11844 0 0 0 208 11 0 61 0 0 0 0 0 68 0 23 0 5 0 0 0 35081 308 1471 0 
3160 4 8698 0 208 175 0 0 94 0 21 0 722 0 20 0 5 0 0 2 115 0 1 0 22788 0 0 18 38846 0 0 2 0 3953 0 0 834 117 0 112 
0 0 202 12190 40325 156 0 94 0 0 16933 3 19588 0 26146 1 7361 0 0 25 22 1382 0 43624 0 0 0 0 2 25424 11853 0 0 0 139 0 0 134 28 61042 
83 218 38 0 29752 0 0 0 0 0 0 7389 311 0 0 159 24 3 0 0 0 0 0 32 0 2687 0 12167 1 57930 0 0 29 6020 0 0 0 99 12 4069 
1157 63 0 2234 0 0 0 21 16933 0 0 0 0 0 0 0 0 0 0 0 250 0 391 0 0 0 61 0 0 4856 1 1779 0 0 13598 0 0 0 0 93 
0 2 0 94 0 252 0 0 3 7389 0 0 708 30 0 142 20 18 2 0 0 870 45 0 6028 0 0 67030 28394 13 0 14156 0 0 27379 0 0 471 0 1341 
0 0 0 4431 0 1 0 722 19588 311 0 708 0 944 3792 1 54097 0 100 0 0 0 237 5 0 12711 1397 21527 0 0 20147 9 249 0 27 0 4 9452 5002 2236 
0 0 299 66 2025 0 5 0 0 0 0 30 944 0 759 8 4 1 2 76 0 0 0 9 0 0 0 164 0 0 0 7 0 2 0 3 0 0 0 11728 
0 21 0 0 0 5 383 20 26146 0 0 0 3792 759 0 0 21 0 16 0 14117 5455 29 114 13127 234 0 0 4 39 0 0 0 10225 0 1495 0 0 20085 19 
0 63141 43 0 22 3 11844 0 1 159 0 142 1 8 0 0 0 114 0 0 18 0 0 166 3977 0 0 394 1293 0 3 1 2427 0 0 0 0 32837 0 78405 
0 69118 16 0 0 0 0 5 7361 24 0 20 54097 4 21 0 0 8 0 0 14 4416 0 0 1123 0 109 16 1068 158 68389 0 0 0 0 0 2111 0 68 2 
1 0 0 0 26712 0 0 0 0 3 0 18 0 1 0 114 8 0 0 1 714 0 0 0 0 0 3 265 0 60 0 1 0 0 22599 1397 8822 1782 0 14121 
4640 0 336 0 0 140 0 0 0 0 0 2 100 2 16 0 0 0 0 2 0 0 0 0 0 2 0 0 0 9 7 9085 183 0 1471 0 0 0 0 0 
48144 0 6011 0 8 19 208 2 25 0 0 0 0 76 0 0 0 1 2 0 0 9 2801 14058 0 2408 0 0 0 0 1547 1136 0 0 62 99644 73 0 368 0 
0 0 678 9561 0 0 11 115 22 0 250 0 0 0 14117 18 14 714 0 0 0 173 0 0 0 0 9 48 0 6100 6 0 0 0 0 0 2723 0 0 1120 
51730 0 989 0 32 0 0 0 1382 0 0 870 0 0 5455 0 4416 0 0 9 173 0 196 0 39 9 0 0 170 3 5 383 0 0 2011 0 0 6799 10409 0 
0 2435 0 0 0 0 61 1 0 0 391 45 237 0 29 0 0 0 0 2801 0 196 0 217 61907 1 132 30 4440 0 0 77 0 0 0 0 49 52 2481 0 
44771 0 3 7 3596 0 0 0 43624 32 0 0 5 9 114 166 0 0 0 14058 0 0 217 0 0 0 0 31812 10 0 10241 11 0 0 791 466 0 0 0 0 
0 0 0 0 0 0 0 22788 0 0 0 6028 0 0 13127 3977 1123 0 0 0 0 39 61907 0 0 2552 1220 30 4428 0 7726 478 2126 347 70600 0 5810 5 0 6 
0 6868 2353 0 106 70 0 0 0 2687 0 0 12711 0 234 0 0 0 2 2408 0 9 1 0 2552 0 104 72 0 0 67956 4700 53188 0 0 0 216 0 58 295 
0 500 3404 1673 1 294 0 0 0 0 61 0 1397 0 0 0 109 3 0 0 9 0 132 0 1220 104 0 30567 1 0 0 2 42 0 0 35 0 55 59630 0 
1545 5646 3390 0 0 1 0 18 0 12167 0 67030 21527 164 0 394 16 265 0 0 48 0 30 31812 30 72 30567 0 11716 0 0 44 0 0 0 7766 97076 0 13 0 
1674 0 2 0 581 0 68 38846 2 1 0 28394 0 0 4 1293 1068 0 0 0 0 170 4440 10 4428 0 1 11716 0 0 0 0 0 390 2130 0 0 0 16600 17 
0 2196 0 0 28633 238 0 0 25424 57930 4856 13 0 0 39 0 158 60 9 0 6100 3 0 0 0 0 0 0 0 0 0 0 1 0 0 54920 0 0 0 0 
17 0 0 0 17454 0 23 0 11853 0 1 0 20147 0 0 3 68389 0 7 1547 6 5 0 10241 7726 67956 0 0 0 0 0 0 0 0 1 397 0 43671 0 0 
0 3 0 49577 0 0 0 2 0 0 1779 14156 9 7 0 1 0 1 9085 1136 0 383 77 11 478 4700 2 44 0 0 0 0 0 0 16 0 29 115 0 4 
1406 1461 43012 2 0 22 5 0 0 29 0 0 249 0 0 2427 0 0 183 0 0 0 0 0 2126 53188 42 0 0 1 0 0 0 498 1 1587 33 37268 0 73 
8019 1 5 0 8 0 0 3953 0 6020 0 0 0 2 10225 0 0 0 0 0 0 0 0 0 347 0 0 0 390 0 0 0 498 0 2170 0 29631 0 0 0 
1 0 0 1 102 0 0 0 139 0 13598 27379 27 0 0 0 0 22599 1471 62 0 2011 0 791 70600 0 0 0 2130 0 1 16 1 2170 0 0 0 0 0 0 
0 44 6883 0 0 7965 0 0 0 0 0 0 0 3 1495 0 0 1397 0 99644 0 0 0 466 0 0 35 7766 0 54920 397 0 1587 0 0 0 0 0 0 0 
619 454 19 0 125 0 35081 834 0 0 0 0 4 0 0 0 2111 8822 0 73 2723 0 49 0 5810 216 0 97076 0 0 0 29 33 29631 0 0 0 13 26 6 
44 0 0 12965 1 0 308 117 134 99 0 471 9452 0 0 32837 0 1782 0 0 0 6799 52 0 5 0 55 0 0 0 43671 115 37268 0 0 0 13 0 0 13 
0 0 22077 0 0 356 1471 0 28 12 0 0 5002 0 20085 0 68 0 0 368 0 10409 2481 0 0 58 59630 13 16600 0 0 0 0 0 0 0 26 0 0 7 
179 381 9487 47644 0 28727 0 112 61042 4069 93 1341 2236 11728 19 78405 2 14121 0 0 1120 0 0 0 6 295 0 0 17 0 0 4 73 0 0 0 6 13 7 0 
