7 4
0 46 118 40 96 98 46 
46 0 88 10 53 127 3 
118 88 0 85 53 137 85 
40 10 85 0 56 117 8 
96 53 53 56 0 154 51 
98 127 137 117 154 0 125 
46 3 85 8 51 125 0 
0 1 2 1316 0 3 0 
1 0 10792 2 0 136 406 
2 10792 0 47 6 0 0 
1316 2 47 0 0 12 0 
0 0 6 0 0 0 0 
3 136 0 12 0 0 114 
0 406 0 0 0 114 0 
0 0 0 0 2333 0 1343 
0 0 0 2684 0 0 0 
0 0 0 73994 0 0 0 
0 2684 73994 0 0 0 56 
2333 0 0 0 0 4 5 
0 0 0 0 4 0 0 
1343 0 0 56 5 0 0 
0 0 0 0 74 0 0 
0 0 0 222 1919 0 0 
0 0 0 0 0 12732 8 
0 222 0 0 2146 0 602 
74 1919 0 2146 0 87598 2 
0 0 12732 0 87598 0 765 
0 0 8 602 2 765 0 
0 0 0 0 964 0 1 
0 0 0 0 1 107 0 
0 0 0 0 0 52906 43507 
0 0 0 0 325 0 70 
964 1 0 325 0 2 25950 
0 107 52906 0 2 0 0 
1 0 43507 70 25950 0 0 
