20 2
0 59 64 103 62 95 95 48 90 88 90 112 64 139 74 53 26 148 87 89 
59 0 70 49 40 62 36 46 31 30 43 69 27 80 26 37 59 91 39 30 
64 70 0 118 33 51 89 98 88 95 64 73 48 126 97 33 87 124 64 86 
103 49 118 0 85 94 38 68 34 23 68 88 69 56 28 85 93 77 65 36 
62 40 33 85 0 33 56 78 55 62 34 51 15 94 66 8 77 96 33 53 
95 62 51 94 33 0 57 107 59 71 25 22 37 82 84 42 110 75 28 57 
95 36 89 38 56 57 0 77 6 17 31 50 41 44 39 58 95 55 29 6 
48 46 98 68 78 107 77 0 71 63 90 115 69 117 41 71 27 133 86 71 
90 31 88 34 55 59 6 71 0 12 34 55 39 49 33 57 89 61 31 2 
88 30 95 23 62 71 17 63 12 0 46 67 46 53 23 63 84 69 43 14 
90 43 64 68 34 25 31 90 34 46 0 25 25 61 61 41 99 61 3 32 
112 69 73 88 51 22 50 115 55 67 25 0 49 63 86 60 123 54 29 53 
64 27 48 69 15 37 41 69 39 46 25 49 0 81 52 17 74 86 23 37 
139 80 126 56 94 82 44 117 49 53 61 63 81 0 75 99 137 23 62 50 
74 26 97 28 66 84 39 41 33 23 61 86 52 75 0 64 65 92 58 34 
53 37 33 85 8 42 58 71 57 63 41 60 17 99 64 0 69 102 39 55 
26 59 87 93 77 110 95 27 89 84 99 123 74 137 65 69 0 150 95 88 
148 91 124 77 96 75 55 133 61 69 61 54 86 23 92 102 150 0 63 62 
87 39 64 65 33 28 29 86 31 43 3 29 23 62 58 39 95 63 0 29 
89 30 86 36 53 57 6 71 2 14 32 53 37 50 34 55 88 62 29 0 
0 123 0 106 13697 14 0 0 13 0 423 6 25 0 0 0 0 28 3343 140 
123 0 22 1 0 0 0 31339 0 36 35 51368 131 0 3 0 948 4 0 0 
0 22 0 2252 0 63 237 40221 0 711 34428 61 8695 0 0 4 80 233 0 11 
106 1 2252 0 166 0 65 4 0 0 4 0 0 0 9326 0 125 92269 0 0 
13697 0 0 166 0 20 3 2 35024 0 213 0 0 16481 2301 2 2 0 507 0 
14 0 63 0 20 0 611 0 1222 3 1669 14 0 17 53068 15 0 0 0 1981 
0 0 237 65 3 611 0 0 5365 5 511 197 23 51760 9784 6235 0 72032 0 6125 
0 31339 40221 4 2 0 0 0 147 0 0 0 1 0 0 9288 0 0 0 308 
13 0 0 0 35024 1222 5365 147 0 7 0 121 544 0 0 0 0 30 2238 45786 
0 36 711 0 0 3 5 0 7 0 0 0 0 21 37901 39512 13 333 3 2076 
423 35 34428 4 213 1669 511 0 0 0 0 0 193 0 44 9280 3606 0 0 550 
6 51368 61 0 0 14 197 0 121 0 0 0 0 0 6687 24 19 17 1 1 
25 131 8695 0 0 0 23 1 544 0 193 0 0 11578 442 0 1052 0 106 0 
0 0 0 0 16481 17 51760 0 0 21 0 0 11578 0 2522 1 41 1 0 8 
0 3 0 9326 2301 53068 9784 0 0 37901 44 6687 442 2522 0 2 406 3 0 0 
0 0 4 0 2 15 6235 9288 0 39512 9280 24 0 1 2 0 0 0 0 0 
0 948 80 125 2 0 0 0 0 13 3606 19 1052 41 406 0 0 0 10 117 
28 4 233 92269 0 0 72032 0 30 333 0 17 0 1 3 0 0 0 43 165 
3343 0 0 0 507 0 0 0 2238 3 0 1 106 0 0 0 10 43 0 0 
140 0 11 0 0 1981 6125 308 45786 2076 550 1 0 8 0 0 117 165 0 0 
0 0 0 0 6953 303 258 8105 596 0 12838 0 0 0 58 0 132 100 1561 118 
0 0 0 0 0 0 0 4 14634 376 5417 9317 0 39580 0 0 0 4514 0 0 
0 0 0 24385 0 0 0 11 528 60 57 4042 0 0 460 0 21314 9765 48387 1 
0 0 24385 0 0 14 755 0 2 49 0 38597 0 0 0 0 0 0 83 0 
6953 0 0 0 0 0 138 1 243 0 0 0 1 21 0 5512 11 0 166 0 
303 0 0 14 0 0 0 21 0 6 92839 0 57151 1 2 0 397 0 0 0 
258 0 0 755 138 0 0 4446 0 0 0 1555 1 60759 0 40 4 200 21208 0 
8105 4 11 0 1 21 4446 0 1 27 0 5744 0 4 1 0 0 1161 10805 4602 
596 14634 528 2 243 0 0 1 0 0 3633 562 0 43 5 0 19283 1 0 873 
0 376 60 49 0 6 0 27 0 0 24931 2 4551 150 0 23178 0 0 1 0 
12838 5417 57 0 0 92839 0 0 3633 24931 0 2 65044 983 0 106 0 371 0 0 
0 9317 4042 38597 0 0 1555 5744 562 2 2 0 2 0 0 875 2003 0 81613 2234 
0 0 0 0 1 57151 1 0 0 4551 65044 2 0 0 37 0 0 0 0 0 
0 39580 0 0 21 1 60759 4 43 150 983 0 0 0 0 0 0 0 0 4694 
58 0 460 0 0 2 0 1 5 0 0 0 37 0 0 2 0 0 71497 36851 
0 0 0 0 5512 0 40 0 0 23178 106 875 0 0 2 0 25 7470 3288 0 
132 0 21314 0 11 397 4 0 19283 0 0 2003 0 0 0 25 0 1 0 17 
100 4514 9765 0 0 0 200 1161 1 0 371 0 0 0 0 7470 1 0 0 11 
1561 0 48387 83 166 0 21208 10805 0 1 0 81613 0 0 71497 3288 0 0 0 0 
118 0 1 0 0 0 0 4602 873 0 0 2234 0 4694 36851 0 17 11 0 0 
