8 4
0 59 64 103 62 95 95 48 
59 0 70 49 40 62 36 46 
64 70 0 118 33 51 89 98 
103 49 118 0 85 94 38 68 
62 40 33 85 0 33 56 78 
95 62 51 94 33 0 57 107 
95 36 89 38 56 57 0 77 
48 46 98 68 78 107 77 0 
0 0 40667 24963 0 9117 88361 51 
0 0 0 0 0 26 0 11 
40667 0 0 202 0 0 0 0 
24963 0 202 0 0 42 3964 0 
0 0 0 0 0 1 0 0 
9117 26 0 42 1 0 0 0 
88361 0 0 3964 0 0 0 0 
51 11 0 0 0 0 0 0 
0 0 0 0 25 0 0 0 
0 0 21012 1014 4 0 1772 0 
0 21012 0 0 0 2252 1518 0 
0 1014 0 0 7776 24 0 2 
25 4 0 7776 0 1638 3 0 
0 0 2252 24 1638 0 0 23410 
0 1772 1518 0 3 0 0 10398 
0 0 0 2 0 23410 10398 0 
0 8 3 0 0 0 11 0 
8 0 3718 4 2870 0 2 0 
3 3718 0 0 0 24385 3744 0 
0 4 0 0 1 34092 0 168 
0 2870 0 1 0 0 158 2 
0 0 24385 34092 0 0 19 0 
11 2 3744 0 158 19 0 1186 
0 0 0 168 2 0 1186 0 
0 133 0 0 0 0 6 0 
133 0 2316 6076 127 1 34 0 
0 2316 0 0 5 7 0 1 
0 6076 0 0 33 0 0 0 
0 127 5 33 0 0 11 678 
0 1 7 0 0 0 14 245 
6 34 0 0 11 14 0 1364 
0 0 1 0 678 245 1364 0 
