20 2
0 59 64 103 62 95 95 48 90 88 90 112 64 139 74 53 26 148 87 89 
59 0 70 49 40 62 36 46 31 30 43 69 27 80 26 37 59 91 39 30 
64 70 0 118 33 51 89 98 88 95 64 73 48 126 97 33 87 124 64 86 
103 49 118 0 85 94 38 68 34 23 68 88 69 56 28 85 93 77 65 36 
62 40 33 85 0 33 56 78 55 62 34 51 15 94 66 8 77 96 33 53 
95 62 51 94 33 0 57 107 59 71 25 22 37 82 84 42 110 75 28 57 
95 36 89 38 56 57 0 77 6 17 31 50 41 44 39 58 95 55 29 6 
48 46 98 68 78 107 77 0 71 63 90 115 69 117 41 71 27 133 86 71 
90 31 88 34 55 59 6 71 0 12 34 55 39 49 33 57 89 61 31 2 
88 30 95 23 62 71 17 63 12 0 46 67 46 53 23 63 84 69 43 14 
90 43 64 68 34 25 31 90 34 46 0 25 25 61 61 41 99 61 3 32 
112 69 73 88 51 22 50 115 55 67 25 0 49 63 86 60 123 54 29 53 
64 27 48 69 15 37 41 69 39 46 25 49 0 81 52 17 74 86 23 37 
139 80 126 56 94 82 44 117 49 53 61 63 81 0 75 99 137 23 62 50 
74 26 97 28 66 84 39 41 33 23 61 86 52 75 0 64 65 92 58 34 
53 37 33 85 8 42 58 71 57 63 41 60 17 99 64 0 69 102 39 55 
26 59 87 93 77 110 95 27 89 84 99 123 74 137 65 69 0 150 95 88 
148 91 124 77 96 75 55 133 61 69 61 54 86 23 92 102 150 0 63 62 
87 39 64 65 33 28 29 86 31 43 3 29 23 62 58 39 95 63 0 29 
89 30 86 36 53 57 6 71 2 14 32 53 37 50 34 55 88 62 29 0 
0 0 0 0 0 21175 57545 1 14 250 611 0 0 0 514 0 0 6 38597 0 
0 0 18968 51364 33 32703 1 11 18 64 0 0 27 0 0 0 0 0 0 7934 
0 18968 0 0 0 42 0 0 0 0 0 0 0 2 0 7 0 0 14 6831 
0 51364 0 0 0 1082 0 260 0 0 83 0 14 0 1040 236 34428 285 7399 0 
0 33 0 0 0 0 1518 0 0 0 0 31339 0 1222 0 27234 0 0 197 0 
21175 32703 42 1082 0 0 140 0 0 0 1785 57 32 43 0 0 0 5234 0 0 
57545 1 0 0 1518 140 0 5 20 7 4 40221 158 5365 0 0 213 0 0 9 
1 11 0 260 0 0 5 0 255 0 15 0 0 64894 133 0 0 10831 121 119 
14 18 0 0 0 0 20 255 0 21328 4238 0 226 147 0 0 2 63 1 0 
250 64 0 0 0 0 7 0 21328 0 77319 2 0 23973 0 0 92839 9 0 37760 
611 0 0 83 0 1785 4 15 4238 77319 0 2 0 0 0 5 7 0 2 8695 
0 0 0 0 31339 57 40221 0 0 2 2 0 32 6066 711 0 0 2599 11 71 
0 27 0 14 0 32 158 0 226 0 0 32 0 9 1100 2010 0 805 2 0 
0 0 2 0 1222 43 5365 64894 147 23973 0 6066 9 0 0 39671 30581 65201 83 0 
514 0 0 1040 0 0 0 133 0 0 0 711 1100 0 0 0 3633 0 2062 0 
0 0 7 236 27234 0 0 0 0 0 5 0 2010 39671 0 0 554 6061 0 2 
0 0 0 34428 0 0 213 0 2 92839 7 0 0 30581 3633 554 0 61 1 57151 
6 0 0 285 0 5234 0 10831 63 9 0 2599 805 65201 0 6061 61 0 2692 0 
38597 0 14 7399 197 0 0 121 1 0 2 11 2 83 2062 0 1 2692 0 1 
0 7934 6831 0 0 0 9 119 0 37760 8695 71 0 0 0 2 57151 0 1 0 
0 7391 6 7811 2093 0 0 0 0 0 0 201 2802 7270 0 294 34617 0 0 78 
7391 0 0 0 0 0 0 0 0 0 77790 12052 0 28 16870 1649 1886 127 5 0 
6 0 0 167 1306 0 1869 4558 71247 15 479 34 45 0 950 0 23276 1482 0 0 
7811 0 167 0 1454 0 3 0 1493 2 0 28469 0 4935 0 0 0 0 0 4 
2093 0 1306 1454 0 58388 0 30 12 3 79430 0 27 0 20481 0 693 10371 0 4 
0 0 0 0 58388 0 0 30 1220 1366 0 0 0 0 67881 240 2 0 20 488 
0 0 1869 3 0 0 0 0 0 0 0 0 0 0 3 5205 0 1 23968 0 
0 0 4558 0 30 30 0 0 0 39 0 675 1 0 0 74399 12919 0 0 0 
0 0 71247 1493 12 1220 0 0 0 0 0 8 0 0 126 298 0 0 0 65394 
0 0 15 2 3 1366 0 39 0 0 0 0 2 0 1917 977 0 0 195 0 
0 77790 479 0 79430 0 0 0 0 0 0 0 18845 2 6136 0 0 8 0 0 
201 12052 34 28469 0 0 0 675 8 0 0 0 0 0 0 41605 1 0 0 0 
2802 0 45 0 27 0 0 1 0 2 18845 0 0 0 0 0 5 0 0 6 
7270 28 0 4935 0 0 0 0 0 0 2 0 0 0 152 0 0 0 0 34712 
0 16870 950 0 20481 67881 3 0 126 1917 6136 0 0 152 0 23 0 6540 0 36 
294 1649 0 0 0 240 5205 74399 298 977 0 41605 0 0 23 0 0 0 11389 0 
34617 1886 23276 0 693 2 0 12919 0 0 0 1 5 0 0 0 0 0 0 0 
0 127 1482 0 10371 0 1 0 0 0 8 0 0 0 6540 0 0 0 0 345 
0 5 0 0 0 20 23968 0 0 195 0 0 0 0 0 11389 0 0 0 0 
78 0 0 4 4 488 0 0 65394 0 0 0 6 34712 36 0 0 345 0 0 
