20 2
0 123 17 72 89 90 77 84 122 70 141 118 117 117 58 85 94 145 69 99 
123 0 116 51 121 48 96 115 59 63 25 47 40 16 64 39 31 87 58 23 
17 116 0 64 101 90 86 66 108 71 133 119 117 113 52 81 90 150 68 93 
72 51 64 0 97 39 71 77 62 33 69 64 60 49 13 21 29 104 24 28 
89 121 101 97 0 73 26 158 158 64 146 84 88 106 88 88 93 82 73 107 
90 48 90 39 73 0 47 116 91 20 73 28 27 34 42 20 20 64 22 35 
77 96 86 71 26 47 0 136 132 38 121 63 66 81 63 62 67 73 47 81 
84 115 66 77 158 116 136 0 73 105 118 141 136 120 76 98 104 181 98 96 
122 59 108 62 158 91 132 73 0 94 51 103 96 73 74 71 70 145 85 56 
70 63 71 33 64 20 38 105 94 0 87 48 47 52 29 25 32 79 8 44 
141 25 133 69 146 73 121 118 51 87 0 70 64 41 83 62 55 108 81 43 
118 47 119 64 84 28 63 141 103 48 70 0 6 30 70 43 37 42 50 48 
117 40 117 60 88 27 66 136 96 47 64 6 0 24 67 39 32 48 48 42 
117 16 113 49 106 34 81 120 73 52 41 30 24 0 60 31 22 72 48 24 
58 64 52 13 88 42 63 76 74 29 83 70 67 60 0 29 38 107 21 41 
85 39 81 21 88 20 62 98 71 25 62 43 39 31 29 0 9 83 18 19 
94 31 90 29 93 20 67 104 70 32 55 37 32 22 38 9 0 79 27 14 
145 87 150 104 82 64 73 181 145 79 108 42 48 72 107 83 79 0 85 91 
69 58 68 24 73 22 47 98 85 8 81 50 48 48 21 18 27 85 0 37 
99 23 93 28 107 35 81 96 56 44 43 48 42 24 41 19 14 91 37 0 
0 52 210 0 184 26638 0 0 0 62340 0 0 0 19 5 10 0 0 0 0 
52 0 2650 93 0 1 16999 0 74 0 0 0 72185 0 0 3899 0 1910 0 2 
210 2650 0 36352 0 26 0 0 2408 0 64012 3806 0 0 157 1 0 22732 23196 0 
0 93 36352 0 4186 0 0 27 0 0 0 5172 611 0 0 60385 15250 8066 0 0 
184 0 0 4186 0 0 119 4 0 0 0 0 18772 1939 0 0 0 5 0 0 
26638 1 26 0 0 0 0 0 3 0 0 3 0 7283 0 0 0 0 0 19026 
0 16999 0 0 119 0 0 0 94 30639 5 6918 406 0 0 15 4 0 0 223 
0 0 0 27 4 0 0 0 5 8504 2 2 0 4 57 41 0 41711 0 0 
0 74 2408 0 0 3 94 5 0 75 21 159 0 1625 132 0 194 0 282 0 
62340 0 0 0 0 0 30639 8504 75 0 63334 0 32 0 0 0 10 0 0 0 
0 0 64012 0 0 0 5 2 21 63334 0 41 16323 7 0 7 203 0 19 3 
0 0 3806 5172 0 3 6918 2 159 0 41 0 0 0 93 2 0 0 21528 0 
0 72185 0 611 18772 0 406 0 0 32 16323 0 0 10250 0 0 258 0 5 732 
19 0 0 0 1939 7283 0 4 1625 0 7 0 10250 0 0 12 0 4382 32 16240 
5 0 157 0 0 0 0 57 132 0 0 93 0 0 0 0 114 0 19 371 
10 3899 1 60385 0 0 15 41 0 0 7 2 0 12 0 0 387 0 768 0 
0 0 0 15250 0 0 4 0 194 10 203 0 258 0 114 387 0 0 0 0 
0 1910 22732 8066 5 0 0 41711 0 0 0 0 0 4382 0 0 0 0 1 7 
0 0 23196 0 0 0 0 0 282 0 19 21528 5 32 19 768 0 1 0 0 
0 2 0 0 0 19026 223 0 0 0 3 0 732 16240 371 0 0 7 0 0 
0 0 0 2 0 0 21 35936 52174 0 0 1194 43519 0 0 0 622 280 5429 58 
0 0 0 0 9631 1 0 773 0 102 163 63789 0 754 15 0 180 0 17259 0 
0 0 0 0 3446 0 105 36 0 27 0 0 430 6991 0 7 99 0 0 68 
2 0 0 0 0 16764 12633 0 158 0 5525 0 0 1628 74948 0 0 0 5 0 
0 9631 3446 0 0 22715 0 0 1981 8323 0 4 0 0 1 395 891 0 588 1410 
0 1 0 16764 22715 0 8632 0 0 6746 10 0 6598 0 71 659 3611 104 368 0 
21 0 105 12633 0 8632 0 7 0 0 0 0 0 16 3766 0 3 665 0 0 
35936 773 36 0 0 0 7 0 2 0 16 0 76870 0 0 0 16 0 0 8327 
52174 0 0 158 1981 0 0 2 0 0 0 0 33760 0 0 0 0 12 0 3906 
0 102 27 0 8323 6746 0 0 0 0 0 637 1 3370 365 2450 0 2 34 3 
0 163 0 5525 0 10 0 16 0 0 0 0 0 0 2144 0 0 15 0 0 
1194 63789 0 0 4 0 0 0 0 637 0 0 3245 8 0 0 67097 0 0 60 
43519 0 430 0 0 6598 0 76870 33760 1 0 3245 0 0 4819 231 0 18761 0 0 
0 754 6991 1628 0 0 16 0 0 3370 0 8 0 0 0 0 5499 0 0 0 
0 15 0 74948 1 71 3766 0 0 365 2144 0 4819 0 0 21249 0 15 0 0 
0 0 7 0 395 659 0 0 0 2450 0 0 231 0 21249 0 0 33 0 752 
622 180 99 0 891 3611 3 16 0 0 0 67097 0 5499 0 0 0 7 10 2981 
280 0 0 0 0 104 665 0 12 2 15 0 18761 0 15 33 7 0 0 0 
5429 17259 0 5 588 368 0 0 0 34 0 0 0 0 0 0 10 0 0 3 
58 0 68 0 1410 0 0 8327 3906 3 0 60 0 0 0 752 2981 0 3 0 
