40 2
0 59 64 103 62 95 95 48 90 88 90 112 64 139 74 53 26 148 87 89 78 107 103 6 100 177 116 85 94 32 58 33 140 154 91 89 149 95 129 136 
59 0 70 49 40 62 36 46 31 30 43 69 27 80 26 37 59 91 39 30 28 48 85 53 62 119 57 26 35 49 19 41 84 96 32 30 99 39 70 86 
64 70 0 118 33 51 89 98 88 95 64 73 48 126 97 33 87 124 64 86 63 108 150 62 58 154 114 86 89 33 53 83 147 156 86 84 168 106 127 100 
103 49 118 0 85 94 38 68 34 23 68 88 69 56 28 85 93 77 65 36 58 23 68 97 90 97 30 33 37 98 65 74 38 53 38 38 50 11 35 90 
62 40 33 85 0 33 56 78 55 62 34 51 15 94 66 8 77 96 33 53 30 75 125 57 38 126 81 53 55 32 21 66 113 123 53 51 135 74 94 77 
95 62 51 94 33 0 57 107 59 71 25 22 37 82 84 42 110 75 28 57 37 76 147 91 7 104 78 61 57 65 46 97 112 117 56 55 139 82 90 49 
95 36 89 38 56 57 0 77 6 17 31 50 41 44 39 58 95 55 29 6 25 20 100 89 52 83 25 11 1 78 40 76 58 67 4 6 82 27 38 57 
48 46 98 68 78 107 77 0 71 63 90 115 69 117 41 71 27 133 86 71 75 81 55 45 108 159 90 66 76 65 60 15 106 121 74 72 107 64 101 132 
90 31 88 34 55 59 6 71 0 12 34 55 39 49 33 57 89 61 31 2 25 20 94 84 56 89 27 5 5 75 38 70 58 68 4 4 81 23 41 63 
88 30 95 23 62 71 17 63 12 0 46 67 46 53 23 63 84 69 43 14 35 19 82 82 68 95 28 10 16 78 43 65 53 65 16 16 72 11 40 74 
90 43 64 68 34 25 31 90 34 46 0 25 25 61 61 41 99 61 3 32 15 51 124 84 22 92 53 36 32 65 32 83 87 94 30 30 114 57 66 45 
112 69 73 88 51 22 50 115 55 67 25 0 49 63 86 60 123 54 29 53 40 67 148 107 15 82 66 58 51 84 57 108 98 101 51 51 128 77 76 27 
64 27 48 69 15 37 41 69 39 46 25 49 0 81 52 17 74 86 23 37 16 60 112 58 38 116 66 37 40 40 8 60 98 108 37 36 119 58 79 71 
139 80 126 56 94 82 44 117 49 53 61 63 81 0 75 99 137 23 62 50 65 36 125 133 74 41 27 54 45 121 83 118 42 40 48 50 74 54 23 49 
74 26 97 28 66 84 39 41 33 23 61 86 52 75 0 64 65 92 58 34 47 39 62 69 83 117 49 28 38 73 45 46 66 80 37 35 76 23 59 96 
53 37 33 85 8 42 58 71 57 63 41 60 17 99 64 0 69 102 39 55 34 77 120 48 46 132 83 54 58 24 20 58 115 125 55 53 135 74 97 85 
26 59 87 93 77 110 95 27 89 84 99 123 74 137 65 69 0 150 95 88 85 103 79 26 113 178 112 83 93 54 66 19 131 145 91 89 135 88 124 144 
148 91 124 77 96 75 55 133 61 69 61 54 86 23 92 102 150 0 63 62 70 55 146 142 68 30 47 67 57 126 90 132 65 61 59 61 97 73 46 31 
87 39 64 65 33 28 29 86 31 43 3 29 23 62 58 39 95 63 0 29 11 49 121 81 25 93 52 33 29 63 29 79 86 93 27 27 112 54 65 48 
89 30 86 36 53 57 6 71 2 14 32 53 37 50 34 55 88 62 29 0 23 22 95 83 54 89 29 5 5 73 36 70 60 70 2 2 83 25 42 62 
78 28 63 58 30 37 25 75 25 35 15 40 16 65 47 34 85 70 11 23 0 45 110 72 35 100 50 25 25 56 20 68 83 92 22 21 106 47 64 59 
107 48 108 23 75 76 20 81 20 19 51 67 60 36 39 77 103 55 49 22 45 0 91 101 71 77 9 23 20 95 58 84 38 48 22 24 62 18 21 67 
103 85 150 68 125 147 100 55 94 82 124 148 112 125 62 120 79 146 121 95 110 91 0 100 146 164 99 90 98 119 104 71 95 110 98 97 80 74 102 156 
6 53 62 97 57 91 89 45 84 82 84 107 58 133 69 48 26 142 81 83 72 101 100 0 95 171 110 79 88 29 52 29 135 148 85 83 144 89 123 130 
100 62 58 90 38 7 52 108 56 68 22 15 38 74 83 46 113 68 25 54 35 71 146 95 0 97 72 58 53 70 47 99 106 111 52 52 134 79 84 42 
177 119 154 97 126 104 83 159 89 95 92 82 116 41 117 132 178 30 93 89 100 77 164 171 97 0 68 94 84 156 120 159 73 63 87 89 103 95 62 57 
116 57 114 30 81 78 25 90 27 28 53 66 66 27 49 83 112 47 52 29 50 9 99 110 72 68 0 31 25 102 65 93 34 42 28 30 62 26 13 62 
85 26 86 33 53 61 11 66 5 10 36 58 37 54 28 54 83 67 33 5 25 23 90 79 58 94 31 0 10 72 35 65 61 72 8 7 82 21 44 68 
94 35 89 37 55 57 1 76 5 16 32 51 40 45 38 58 93 57 29 5 25 20 98 88 53 84 25 10 0 78 40 75 58 67 3 5 82 26 39 58 
32 49 33 98 32 65 78 65 75 78 65 84 40 121 73 24 54 126 63 73 56 95 119 29 70 156 102 72 78 0 37 50 132 144 75 73 148 88 116 109 
58 19 53 65 21 46 40 60 38 43 32 57 8 83 45 20 66 90 29 36 20 58 104 52 47 120 65 35 40 37 0 51 96 106 37 35 115 54 79 78 
33 41 83 74 66 97 76 15 70 65 83 108 60 118 46 58 19 132 79 70 68 84 71 29 99 159 93 65 75 50 51 0 112 127 72 70 118 69 105 127 
140 84 147 38 113 112 58 106 58 53 87 98 98 42 66 115 131 65 86 60 83 38 95 135 106 73 34 61 58 132 96 112 0 15 60 62 32 45 22 90 
154 96 156 53 123 117 67 121 68 65 94 101 108 40 80 125 145 61 93 70 92 48 110 148 111 63 42 72 67 144 106 127 15 0 70 71 40 58 28 89 
91 32 86 38 53 56 4 74 4 16 30 51 37 48 37 55 91 59 27 2 22 22 98 85 52 87 28 8 3 75 37 72 60 70 0 2 84 27 42 59 
89 30 84 38 51 55 6 72 4 16 30 51 36 50 35 53 89 61 27 2 21 24 97 83 52 89 30 7 5 73 35 70 62 71 2 0 85 27 43 60 
149 99 168 50 135 139 82 107 81 72 114 128 119 74 76 135 135 97 112 83 106 62 80 144 134 103 62 82 82 148 115 118 32 40 84 85 0 61 54 122 
95 39 106 11 74 82 27 64 23 11 57 77 58 54 23 74 88 73 54 25 47 18 74 89 79 95 26 21 26 88 54 69 45 58 27 27 61 0 36 82 
129 70 127 35 94 90 38 101 41 40 66 76 79 23 59 97 124 46 65 42 64 21 102 123 84 62 13 44 39 116 79 105 22 28 42 43 54 36 0 68 
136 86 100 90 77 49 57 132 63 74 45 27 71 49 96 85 144 31 48 62 59 67 156 130 42 57 62 68 58 109 78 127 90 89 59 60 122 82 68 0 
0 0 0 109 0 4 11578 1 3 0 1073 14656 0 0 1299 0 0 0 0 0 0 0 49 0 5 0 40 15 1 5 0 0 0 28 0 0 0 33777 22 652 
0 0 0 78 0 0 0 2 0 117 0 0 0 6662 136 0 0 0 0 0 7 0 0 0 28810 4 1446 0 469 4 78 0 0 614 0 92506 0 1 0 83132 
0 0 0 0 3370 1 0 801 0 165 1 0 11637 0 472 1222 0 0 0 10 0 34 3612 45 77416 499 0 1853 0 0 1 0 106 13 71721 1976 0 0 0 130 
109 78 0 0 9 0 73 0 0 0 73 0 0 0 38923 51 2857 0 7 0 4 1009 405 0 0 71166 9291 0 21632 17679 11837 193 15 0 8 0 121 3 0 1 
0 0 3370 9 0 0 0 6846 0 537 27 0 10815 0 0 245 0 0 166 10 0 0 0 0 364 0 0 6 4 0 1033 0 0 160 1343 0 0 12 86 0 
4 0 1 0 0 0 0 8517 3343 2 0 24980 0 0 8 9 5 220 0 0 0 0 3892 0 0 0 0 0 0 0 260 0 594 0 289 39 4123 0 1 0 
11578 0 0 73 0 0 0 0 0 66005 0 0 0 0 182 0 31437 3 0 65308 3508 3 0 181 0 199 71 2277 0 0 0 50535 423 0 3 0 918 2 46752 0 
1 2 801 0 6846 8517 0 0 0 0 78 0 61777 0 22 10 0 413 0 0 27 36863 0 0 12144 94 2466 15942 0 172 10 100 0 209 9123 1 0 227 16913 0 
3 0 0 0 0 3343 0 0 0 0 0 8 0 4 589 8608 0 0 3221 0 67 16275 0 40793 0 0 2320 1 0 31 5592 0 42 0 0 0 0 0 13 1387 
0 117 165 0 537 2 66005 0 0 0 0 0 0 8071 448 714 0 91 1720 3 0 670 1485 31 5391 6 22 0 0 0 358 0 35 45382 4356 113 5 51 0 0 
1073 0 1 73 27 0 0 78 0 0 0 0 19795 1 28 1211 3 61166 0 87 0 0 12 89377 17311 0 0 0 139 10453 9 14312 21 926 0 225 0 329 0 2039 
14656 0 0 0 0 24980 0 0 8 0 0 0 0 0 71 500 28 232 0 0 0 0 0 3684 0 0 0 31 0 3503 2210 3 0 14 222 0 88 61 0 1 
0 0 11637 0 10815 0 0 61777 0 0 19795 0 0 4 0 0 19819 0 5 0 1 0 0 1491 0 1907 3 0 0 0 0 8 0 11 15 0 0 0 0 0 
0 6662 0 0 0 0 0 0 4 8071 1 0 4 0 0 13009 0 0 10 0 0 1400 9299 0 65992 0 6335 497 621 276 1 0 0 938 860 5722 0 98 0 0 
1299 136 472 38923 0 8 182 22 589 448 28 71 0 0 0 401 1 0 0 7402 1041 0 0 31 0 181 0 0 22 0 14643 0 3503 4366 34 0 6699 3 82 0 
0 0 1222 51 245 9 0 10 8608 714 1211 500 0 13009 401 0 0 0 21793 0 57 60 0 0 3764 12807 67 0 0 0 34 84890 50675 1 6147 0 0 167 3 0 
0 0 0 2857 0 5 31437 0 0 0 3 28 19819 0 1 0 0 0 0 0 0 0 0 0 814 0 4 33 9019 0 2626 9445 0 0 0 0 0 0 9020 0 
0 0 0 0 0 220 3 413 0 91 61166 232 0 0 0 0 0 0 1 0 0 30 1149 0 0 0 0 1 485 6702 0 2220 0 25 0 46142 59274 0 64 213 
0 0 0 7 166 0 0 0 3221 1720 0 0 5 10 0 21793 0 1 0 46 966 1 0 18837 146 37 0 41 0 36373 5 15384 0 0 0 0 0 0 1 0 
0 0 10 0 10 0 65308 0 0 3 87 0 0 0 7402 0 0 0 46 0 237 0 0 47055 0 1 72569 0 0 0 0 0 0 0 104 0 81838 12 0 0 
0 7 0 4 0 0 3508 27 67 0 0 0 1 0 1041 57 0 0 966 237 0 19 0 12 0 0 0 38 264 0 28772 9203 91681 0 0 1420 0 0 0 249 
0 0 34 1009 0 0 3 36863 16275 670 0 0 0 1400 0 60 0 30 1 0 19 0 1628 0 448 1235 0 36767 0 482 0 1 0 0 0 0 0 9 7 28046 
49 0 3612 405 0 3892 0 0 0 1485 12 0 0 9299 0 0 0 1149 0 0 0 1628 0 80 6 0 0 791 37970 0 0 0 0 0 0 3271 990 0 14 0 
0 0 45 0 0 0 181 0 40793 31 89377 3684 1491 0 31 0 0 0 18837 47055 12 0 80 0 2 0 1144 2 15 0 1 1933 0 0 0 6416 0 843 11499 6 
5 28810 77416 0 364 0 0 12144 0 5391 17311 0 0 65992 0 3764 814 0 146 0 0 448 6 2 0 90 0 0 41 105 27 31 44470 0 0 36 7656 0 837 0 
0 4 499 71166 0 0 199 94 0 6 0 0 1907 0 181 12807 0 0 37 1 0 1235 0 0 90 0 23 0 0 20829 0 0 24365 22 44379 0 0 367 0 0 
40 1446 0 9291 0 0 71 2466 2320 22 0 0 3 6335 0 67 4 0 0 72569 0 0 0 1144 0 23 0 52202 0 4 0 9750 0 1 2107 44873 0 0 0 1987 
15 0 1853 0 6 0 2277 15942 1 0 0 31 0 497 0 0 33 1 41 0 38 36767 791 2 0 0 52202 0 0 5 0 0 5759 8449 0 20 27094 0 62 105 
1 469 0 21632 4 0 0 0 0 0 139 0 0 621 22 0 9019 485 0 0 264 0 37970 15 41 0 0 0 0 0 0 5 134 0 17 0 0 0 32 95556 
5 4 0 17679 0 0 0 172 31 0 10453 3503 0 276 0 0 0 6702 36373 0 0 482 0 0 105 20829 4 5 0 0 0 1238 0 1 2580 72 0 0 0 12775 
0 78 1 11837 1033 260 0 10 5592 358 9 2210 0 1 14643 34 2626 0 5 0 28772 0 0 1 27 0 0 0 0 0 0 12 2 0 32009 0 2063 0 33 6943 
0 0 0 193 0 0 50535 100 0 0 14312 3 8 0 0 84890 9445 2220 15384 0 9203 1 0 1933 31 0 9750 0 5 1238 12 0 0 1361 7495 8 2 79 89 0 
0 0 106 15 0 594 423 0 42 35 21 0 0 0 3503 50675 0 0 0 0 91681 0 0 0 44470 24365 0 5759 134 0 2 0 0 38 2002 0 0 0 196 0 
28 614 13 0 160 0 0 209 0 45382 926 14 11 938 4366 1 0 25 0 0 0 0 0 0 0 22 1 8449 0 1 0 1361 38 0 10740 842 14794 0 0 109 
0 0 71721 8 1343 289 3 9123 0 4356 0 222 15 860 34 6147 0 0 0 104 0 0 0 0 0 44379 2107 0 17 2580 32009 7495 2002 10740 0 8607 4373 0 19 1 
0 92506 1976 0 0 39 0 1 0 113 225 0 0 5722 0 0 0 46142 0 0 1420 0 3271 6416 36 0 44873 20 0 72 0 8 0 842 8607 0 11834 19280 107 149 
0 0 0 121 0 4123 918 0 0 5 0 88 0 0 6699 0 0 59274 0 81838 0 0 990 0 7656 0 0 27094 0 0 2063 2 0 14794 4373 11834 0 0 0 0 
33777 1 0 3 12 0 2 227 0 51 329 61 0 98 3 167 0 0 0 12 0 9 0 843 0 367 0 0 0 0 0 79 0 0 0 19280 0 0 15 0 
22 0 0 0 86 1 46752 16913 13 0 0 0 0 0 82 3 9020 64 1 0 0 7 14 11499 837 0 0 62 32 0 33 89 196 0 19 107 0 15 0 7931 
652 83132 130 1 0 0 0 0 1387 0 2039 1 0 0 0 0 0 213 0 0 249 28046 0 6 0 0 1987 105 95556 12775 6943 0 0 109 1 149 0 0 7931 0 
0 10 37293 2483 270 2062 0 0 0 0 0 405 8 3009 582 6 0 0 10153 893 28 15311 0 3796 0 0 0 5 40417 18254 20766 0 0 7 0 0 0 0 2 0 
10 0 0 0 0 1297 171 2 7470 17 0 0 0 0 1 0 0 34880 4121 0 0 0 6 8 0 19 2203 5446 1 0 17 0 2 0 0 0 0 0 10770 18332 
37293 0 0 56479 0 1 4 8 1 11 2460 506 0 6 0 0 46548 568 56 10 1 0 1 2340 84 0 0 2 0 0 5 15237 3962 227 0 1 0 2429 2 0 
2483 0 56479 0 0 0 11 38 59 0 0 0 0 0 7779 0 2 0 278 101 0 0 15 4 92330 0 0 0 30 0 0 25181 0 1 0 0 0 0 0 0 
270 0 0 0 0 0 8497 28 3 61 76 0 0 30412 65 16 0 50597 0 0 0 0 0 422 46052 28987 6 69012 0 0 0 91 11 424 14484 23 0 0 0 108 
2062 1297 1 0 0 0 0 0 1561 1334 0 0 140 0 0 0 0 356 0 2 1 0 16129 0 109 789 0 49035 0 161 10209 32 0 3 11904 0 186 0 98 0 
0 171 4 11 8497 0 0 132 0 0 0 0 2582 0 0 0 0 0 0 35 18737 0 8132 0 0 18 0 507 4 0 259 0 2 0 0 0 0 0 1 577 
0 2 8 38 28 0 132 0 48387 3453 59 2836 12954 0 0 0 33 0 4 0 0 37287 0 0 67606 1 44980 6862 76 18 0 0 7991 0 7 0 30 68 0 0 
0 7470 1 59 3 1561 0 48387 0 0 16 7 46012 446 10 61890 0 22607 0 9418 0 0 1508 130 47 358 2189 43911 0 12177 0 33984 0 2184 0 0 0 19048 21 0 
0 17 11 0 61 1334 0 3453 0 0 0 0 0 1 0 52222 101 1 772 1224 29639 24 0 0 0 0 270 64800 0 16 0 18287 0 18135 46185 0 221 0 0 0 
0 0 2460 0 76 0 0 59 16 0 0 23 0 0 0 97935 243 0 24128 0 298 8 3 28193 0 1 3801 41193 56737 105 0 0 74 0 0 0 0 0 0 3074 
405 0 506 0 0 0 0 2836 7 0 23 0 0 0 0 60 0 0 0 188 0 3 0 0 14 5801 0 356 7 303 9769 1 23 0 0 11916 25635 0 0 2862 
8 0 0 0 0 140 2582 12954 46012 0 0 0 0 1785 0 58120 41 0 0 0 2889 4 0 0 15752 0 0 0 826 0 20 173 0 10556 13 4 0 19 0 48274 
3009 0 6 0 30412 0 0 0 446 1 0 0 1785 0 0 1500 24 69179 0 68 0 0 1129 79 0 0 0 0 0 0 2125 0 0 0 0 0 0 0 0 2 
582 1 0 7779 65 0 0 0 10 0 0 0 0 0 0 2 1329 2 0 3826 0 8 616 12 0 0 537 1326 0 101 2 316 0 0 43767 0 1499 0 0 0 
6 0 0 0 16 0 0 0 61890 52222 97935 60 58120 1500 2 0 129 0 2579 54 0 24536 6260 0 0 4 4000 567 0 1397 0 1294 282 144 0 0 0 0 0 0 
0 0 46548 2 0 0 0 33 0 101 243 0 41 24 1329 129 0 99296 0 984 0 28 0 0 0 0 0 0 7618 1 0 0 0 0 0 2464 0 0 0 1720 
0 34880 568 0 50597 356 0 0 22607 1 0 0 0 69179 2 0 99296 0 388 0 2288 0 56721 0 0 39 0 0 42613 0 195 342 0 95 67719 0 22228 0 0 0 
10153 4121 56 278 0 0 0 4 0 772 24128 0 0 0 0 2579 0 388 0 11142 6606 1 343 0 12883 0 5746 1 0 0 287 0 38281 136 50664 0 133 196 317 0 
893 0 10 101 0 2 35 0 9418 1224 0 188 0 68 3826 54 984 0 11142 0 0 0 17609 0 23808 0 0 27878 0 0 0 0 0 68913 2315 350 0 1402 0 0 
28 0 1 0 0 1 18737 0 0 29639 298 0 2889 0 0 0 0 2288 6606 0 0 0 0 1 0 1161 59760 15096 260 0 0 1501 0 5229 0 0 14693 0 61283 1693 
15311 0 0 0 0 0 0 37287 0 24 8 3 4 0 8 24536 28 0 1 0 0 0 590 0 1975 0 15147 0 5906 37244 27674 808 31 0 0 0 12579 0 0 0 
0 6 1 15 0 16129 8132 0 1508 0 3 0 0 1129 616 6260 0 56721 343 17609 0 590 0 40217 0 28 0 0 0 0 32718 6 16 0 32 0 131 0 0 756 
3796 8 2340 4 422 0 0 0 130 0 28193 0 0 79 12 0 0 0 0 0 1 0 40217 0 0 0 0 7 1091 0 0 1 0 0 38437 0 0 26 1 0 
0 0 84 92330 46052 109 0 67606 47 0 0 14 15752 0 0 0 0 0 12883 23808 0 1975 0 0 0 0 0 0 0 0 0 3 132 0 0 367 0 189 0 0 
0 19 0 0 28987 789 18 1 358 0 1 5801 0 0 0 4 0 39 0 0 1161 0 28 0 0 0 0 0 4 44049 0 4 2252 167 1049 0 0 0 354 866 
0 2203 0 0 6 0 0 44980 2189 270 3801 0 0 0 537 4000 0 0 5746 0 59760 15147 0 0 0 0 0 2 25620 19521 398 20 0 2529 209 7 0 6850 0 0 
5 5446 2 0 69012 49035 507 6862 43911 64800 41193 356 0 0 1326 567 0 0 1 27878 15096 0 0 7 0 0 2 0 1 39841 15956 0 0 29439 0 66 0 0 16 24588 
40417 1 0 30 0 0 4 76 0 0 56737 7 826 0 0 0 7618 42613 0 0 260 5906 0 1091 0 4 25620 1 0 1 45378 0 0 0 9898 166 8 69 0 0 
18254 0 0 0 0 161 0 18 12177 16 105 303 0 0 101 1397 1 0 0 0 0 37244 0 0 0 44049 19521 39841 1 0 0 5 778 701 1 6353 0 6098 60 0 
20766 17 5 0 0 10209 259 0 0 0 0 9769 20 2125 2 0 0 195 287 0 0 27674 32718 0 0 0 398 15956 45378 0 0 0 1 0 1075 3147 0 9215 0 1786 
0 0 15237 25181 91 32 0 0 33984 18287 0 1 173 0 316 1294 0 342 0 0 1501 808 6 1 3 4 20 0 0 5 0 0 0 20 0 0 0 3868 0 7435 
0 2 3962 0 11 0 2 7991 0 0 74 23 0 0 0 282 0 0 38281 0 0 31 16 0 132 2252 0 0 0 778 1 0 0 13362 37 47 2505 14 1136 0 
7 0 227 1 424 3 0 0 2184 18135 0 0 10556 0 0 144 0 95 136 68913 5229 0 0 0 0 167 2529 29439 0 701 0 20 13362 0 35 0 0 0 0 0 
0 0 0 0 14484 11904 0 7 0 46185 0 0 13 0 43767 0 0 67719 50664 2315 0 0 32 38437 0 1049 209 0 9898 1 1075 0 37 35 0 0 0 0 0 0 
0 0 1 0 23 0 0 0 0 0 0 11916 4 0 0 0 2464 0 0 350 0 0 0 0 367 0 7 66 166 6353 3147 0 47 0 0 0 8807 10 0 0 
0 0 0 0 0 186 0 30 0 221 0 25635 0 0 1499 0 0 22228 133 0 14693 12579 131 0 0 0 0 0 8 0 0 0 2505 0 0 8807 0 4719 17329 0 
0 0 2429 0 0 0 0 68 19048 0 0 0 19 0 0 0 0 0 196 1402 0 0 0 26 189 0 6850 0 69 6098 9215 3868 14 0 0 10 4719 0 0 178 
2 10770 2 0 0 98 1 0 21 0 0 0 0 0 0 0 0 0 317 0 61283 0 0 1 0 354 0 16 0 60 0 0 1136 0 0 0 17329 0 0 6010 
0 18332 0 0 108 0 577 0 0 0 3074 2862 48274 2 0 0 1720 0 0 0 1693 0 756 0 0 866 0 24588 0 0 1786 7435 0 0 0 0 0 178 6010 0 
