6 4
0 123 17 72 89 90 
123 0 116 51 121 48 
17 116 0 64 101 90 
72 51 64 0 97 39 
89 121 101 97 0 73 
90 48 90 39 73 0 
0 328 0 0 77 0 
328 0 1 2296 0 0 
0 1 0 0 0 17910 
0 2296 0 0 0 0 
77 0 0 0 0 0 
0 0 17910 0 0 0 
0 0 0 0 0 19 
0 0 0 0 276 47935 
0 0 0 3 10816 0 
0 0 3 0 164 0 
0 276 10816 164 0 15 
19 47935 0 0 15 0 
0 0 0 0 0 26 
0 0 0 0 0 10908 
0 0 0 2 24421 0 
0 0 2 0 17169 1 
0 0 24421 17169 0 2093 
26 10908 0 1 2093 0 
0 0 0 0 0 74 
0 0 0 0 0 2 
0 0 0 900 60733 0 
0 0 900 0 4083 17 
0 0 60733 4083 0 25 
74 2 0 17 25 0 
