8 3
0 46 118 40 96 98 46 64 
46 0 88 10 53 127 3 66 
118 88 0 85 53 137 85 71 
40 10 85 0 56 117 8 56 
96 53 53 56 0 154 51 82 
98 127 137 117 154 0 125 72 
46 3 85 8 51 125 0 63 
64 66 71 56 82 72 63 0 
0 1 0 0 0 2684 0 0 
1 0 0 2 0 222 2 6 
0 0 0 8 7 0 16987 1 
0 2 8 0 10507 0 0 0 
0 0 7 10507 0 27 77683 0 
2684 222 0 0 27 0 0 0 
0 2 16987 0 77683 0 0 0 
0 6 1 0 0 0 0 0 
0 0 5713 2 2318 0 2 88 
0 0 1579 0 326 0 0 0 
5713 1579 0 0 0 86020 0 0 
2 0 0 0 0 4648 1068 53 
2318 326 0 0 0 0 0 5702 
0 0 86020 4648 0 0 4 2141 
2 0 0 1068 0 4 0 673 
88 0 0 53 5702 2141 673 0 
0 0 20038 6233 4 0 5921 423 
0 0 4 0 32263 0 0 0 
20038 4 0 0 0 30303 0 0 
6233 0 0 0 0 412 7 14652 
4 32263 0 0 0 0 0 1 
0 0 30303 412 0 0 9821 58095 
5921 0 0 7 0 9821 0 11400 
423 0 0 14652 1 58095 11400 0 
