20 3
0 59 64 103 62 95 95 48 90 88 90 112 64 139 74 53 26 148 87 89 
59 0 70 49 40 62 36 46 31 30 43 69 27 80 26 37 59 91 39 30 
64 70 0 118 33 51 89 98 88 95 64 73 48 126 97 33 87 124 64 86 
103 49 118 0 85 94 38 68 34 23 68 88 69 56 28 85 93 77 65 36 
62 40 33 85 0 33 56 78 55 62 34 51 15 94 66 8 77 96 33 53 
95 62 51 94 33 0 57 107 59 71 25 22 37 82 84 42 110 75 28 57 
95 36 89 38 56 57 0 77 6 17 31 50 41 44 39 58 95 55 29 6 
48 46 98 68 78 107 77 0 71 63 90 115 69 117 41 71 27 133 86 71 
90 31 88 34 55 59 6 71 0 12 34 55 39 49 33 57 89 61 31 2 
88 30 95 23 62 71 17 63 12 0 46 67 46 53 23 63 84 69 43 14 
90 43 64 68 34 25 31 90 34 46 0 25 25 61 61 41 99 61 3 32 
112 69 73 88 51 22 50 115 55 67 25 0 49 63 86 60 123 54 29 53 
64 27 48 69 15 37 41 69 39 46 25 49 0 81 52 17 74 86 23 37 
139 80 126 56 94 82 44 117 49 53 61 63 81 0 75 99 137 23 62 50 
74 26 97 28 66 84 39 41 33 23 61 86 52 75 0 64 65 92 58 34 
53 37 33 85 8 42 58 71 57 63 41 60 17 99 64 0 69 102 39 55 
26 59 87 93 77 110 95 27 89 84 99 123 74 137 65 69 0 150 95 88 
148 91 124 77 96 75 55 133 61 69 61 54 86 23 92 102 150 0 63 62 
87 39 64 65 33 28 29 86 31 43 3 29 23 62 58 39 95 63 0 29 
89 30 86 36 53 57 6 71 2 14 32 53 37 50 34 55 88 62 29 0 
0 0 2103 9117 0 4440 0 0 19674 0 1828 0 0 0 0 0 53 0 0 0 
0 0 0 155 28333 14 68996 0 21311 0 84 9 0 7 0 0 0 3 23094 0 
2103 0 0 0 0 303 0 8105 76 133 8 6335 52 0 0 148 0 36770 0 0 
9117 155 0 0 11 50762 0 57 0 0 11983 16887 0 0 0 0 0 28 0 140 
0 28333 0 11 0 22 65 0 0 0 35 65201 0 39580 0 0 948 100 0 118 
4440 14 303 50762 22 0 755 0 528 1100 5417 51368 0 13 0 0 0 2 0 1 
0 68996 0 0 65 755 0 1 0 2 0 9317 0 917 0 0 125 0 0 77 
0 0 8105 57 0 0 1 0 243 0 0 61474 12049 16481 0 15 0 0 0 0 
19674 21311 76 0 0 528 0 243 0 0 1669 0 0 21 53068 0 0 0 0 6 
0 0 133 0 0 1100 2 0 0 0 92839 0 0 0 2 9288 21 72032 21208 1981 
1828 84 8 11983 35 5417 0 0 1669 92839 0 0 4 60759 0 0 0 200 9 0 
0 9 6335 16887 65201 51368 9317 61474 0 0 0 0 0 33 1 39512 1618 751 41 308 
0 0 52 0 0 0 0 12049 0 0 4 0 0 3142 0 23178 13 89558 3 4602 
0 7 0 0 39580 13 917 16481 21 0 60759 33 3142 0 0 51293 0 333 1 6 
0 0 0 0 0 0 0 0 53068 2 0 1 0 0 0 0 19 0 7 702 
0 0 148 0 0 0 0 15 0 9288 0 39512 23178 51293 0 0 2003 17 770 550 
53 0 0 0 948 0 125 0 0 21 0 1618 13 0 19 2003 0 0 106 0 
0 3 36770 28 100 2 0 0 0 72032 200 751 89558 333 0 17 0 0 0 0 
0 23094 0 0 0 0 0 0 0 21208 9 41 3 1 7 770 106 0 0 7 
0 0 0 140 118 1 77 0 6 1981 0 308 4602 6 702 550 0 0 7 0 
0 586 0 0 19911 0 33061 13 0 313 0 1093 28168 11 113 101 0 264 326 18135 
586 0 1 0 0 0 0 34 0 165 0 0 197 0 1067 2 1964 0 0 2097 
0 1 0 3 158 0 3 0 0 0 0 0 0 577 124 0 29185 0 460 9225 
0 0 3 0 0 0 7 0 7726 39 0 0 960 3 3609 171 7 0 602 0 
19911 0 158 0 0 0 0 1094 20 6136 0 0 3624 0 2626 68 0 0 2 0 
0 0 0 0 0 0 0 538 0 0 0 0 17 0 1 85 2 0 49 0 
33061 0 3 7 0 0 0 0 59181 0 693 0 6 0 30539 60 0 31250 1512 0 
13 34 0 0 1094 538 0 0 0 15583 3 0 0 0 8 0 15 1 4075 76 
0 0 0 7726 20 0 59181 0 0 823 0 62126 2 0 0 871 6626 4608 8 0 
313 165 0 39 6136 0 0 15583 823 0 0 1205 345 71945 0 0 0 0 0 0 
0 0 0 0 0 0 693 3 0 0 0 418 0 0 220 3 288 0 0 587 
1093 0 0 0 0 0 0 0 62126 1205 418 0 4 0 0 0 0 0 0 0 
28168 197 0 960 3624 17 6 0 2 345 0 4 0 0 61564 0 0 0 0 0 
11 0 577 3 0 0 0 0 0 71945 0 0 0 0 1012 0 35080 0 0 0 
113 1067 124 3609 2626 1 30539 8 0 0 220 0 61564 1012 0 9354 0 777 0 0 
101 2 0 171 68 85 60 0 871 0 3 0 0 0 9354 0 0 0 0 0 
0 1964 29185 7 0 2 0 15 6626 0 288 0 0 35080 0 0 0 27 0 1 
264 0 0 0 0 0 31250 1 4608 0 0 0 0 0 777 0 27 0 1 11 
326 0 460 602 2 49 1512 4075 8 0 0 0 0 0 0 0 0 1 0 0 
18135 2097 9225 0 0 0 0 76 0 0 587 0 0 0 0 0 1 11 0 0 
0 10 0 0 37009 0 43924 12052 0 11 0 2 26136 46258 2701 949 0 43 102 613 
10 0 11 0 0 0 0 8793 0 3 0 0 11 0 4516 51 4226 0 0 69094 
0 11 0 29 22 0 2 0 0 0 0 0 0 1 2667 0 32 0 3 12324 
0 0 29 0 0 0 12 0 579 1917 0 0 3450 418 4 28 3646 0 1436 0 
37009 0 22 0 0 0 0 202 42 2028 0 0 61449 0 617 3226 0 0 3906 0 
0 0 0 0 0 0 0 456 0 0 0 0 1 0 163 333 46167 0 69561 0 
43924 0 2 12 0 0 0 0 418 0 8 0 315 0 56149 23479 0 22 7123 0 
12052 8793 0 0 202 456 0 0 0 630 17 0 0 0 44 0 1050 1108 39157 64 
0 0 0 579 42 0 418 0 0 7 0 72 1548 0 0 2003 63 19 164 0 
11 3 0 1917 2028 0 0 630 7 0 0 27202 1513 5 0 0 0 0 0 0 
0 0 0 0 0 0 8 17 0 0 0 12473 0 0 13825 1 42 0 0 4 
2 0 0 0 0 0 0 0 72 27202 12473 0 73 0 0 0 0 0 0 0 
26136 11 0 3450 61449 1 315 0 1548 1513 0 73 0 0 11673 0 0 0 0 0 
46258 0 1 418 0 0 0 0 0 5 0 0 0 0 61 0 3 0 0 0 
2701 4516 2667 4 617 163 56149 44 0 0 13825 0 11673 61 0 64 0 6098 0 0 
949 51 0 28 3226 333 23479 0 2003 0 1 0 0 0 64 0 0 0 0 0 
0 4226 32 3646 0 46167 0 1050 63 0 42 0 0 3 0 0 0 268 0 14948 
43 0 0 0 0 0 22 1108 19 0 0 0 0 0 6098 0 268 0 19 943 
102 0 3 1436 3906 69561 7123 39157 164 0 0 0 0 0 0 0 0 19 0 0 
613 69094 12324 0 0 0 0 64 0 0 4 0 0 0 0 0 14948 943 0 0 
