8 3
0 123 17 72 89 90 77 84 
123 0 116 51 121 48 96 115 
17 116 0 64 101 90 86 66 
72 51 64 0 97 39 71 77 
89 121 101 97 0 73 26 158 
90 48 90 39 73 0 47 116 
77 96 86 71 26 47 0 136 
84 115 66 77 158 116 136 0 
0 0 33338 4301 1544 1346 0 0 
0 0 37 2 0 0 245 6 
33338 37 0 328 1280 64 162 84 
4301 2 328 0 0 0 7967 64137 
1544 0 1280 0 0 0 0 0 
1346 0 64 0 0 0 0 13 
0 245 162 7967 0 0 0 2 
0 6 84 64137 0 13 2 0 
0 30123 0 0 0 0 12 478 
30123 0 0 0 52731 14079 0 0 
0 0 0 0 0 0 0 0 
0 0 0 0 134 1 0 0 
0 52731 0 134 0 74960 998 4 
0 14079 0 1 74960 0 35 0 
12 0 0 0 998 35 0 0 
478 0 0 0 4 0 0 0 
0 28 0 0 0 0 52 8 
28 0 0 0 23306 381 0 0 
0 0 0 0 0 0 0 0 
0 0 0 0 194 267 0 0 
0 23306 0 194 0 2049 13 1 
0 381 0 267 2049 0 208 0 
52 0 0 0 13 208 0 0 
8 0 0 0 1 0 0 0 
