5 3
0 123 17 72 89 
123 0 116 51 121 
17 116 0 64 101 
72 51 64 0 97 
89 121 101 97 0 
0 232 2530 0 7 
232 0 0 14542 2 
2530 0 0 0 5 
0 14542 0 0 0 
7 2 5 0 0 
0 315 9074 0 6 
315 0 2478 0 328 
9074 2478 0 496 0 
0 0 496 0 2 
6 328 0 2 0 
0 12377 0 0 0 
12377 0 183 55977 24573 
0 183 0 0 5 
0 55977 0 0 0 
0 24573 5 0 0 
