50 4
0 46 118 40 96 98 46 64 2 33 36 47 55 9 108 78 35 54 61 95 45 105 61 79 70 72 108 28 39 45 38 87 44 18 35 31 32 15 62 109 41 45 37 61 89 27 39 29 62 61 
46 0 88 10 53 127 3 66 48 60 37 19 78 48 107 43 36 50 104 90 43 84 63 35 92 25 124 21 29 63 42 51 30 53 36 49 49 33 99 116 43 28 60 98 101 30 35 74 67 104 
118 88 0 85 53 137 85 71 120 144 83 106 102 125 70 117 84 138 148 59 75 25 72 92 105 80 111 92 78 92 82 118 118 110 84 135 94 113 133 90 80 73 99 135 92 90 79 133 76 148 
40 10 85 0 56 117 8 56 42 59 26 26 68 43 98 54 26 55 95 82 33 79 53 44 82 34 114 12 19 52 32 61 35 44 26 50 39 29 89 107 32 19 50 89 91 20 25 66 58 95 
96 53 53 56 0 154 51 82 98 112 71 66 108 100 106 67 71 96 146 90 69 65 81 42 118 33 138 68 62 93 74 66 78 97 71 102 86 85 136 122 73 57 95 137 116 72 68 121 86 146 
98 127 137 117 154 0 125 72 99 127 90 138 49 106 75 170 91 153 52 79 87 112 73 161 36 148 37 107 99 64 85 178 140 81 91 129 77 111 38 58 86 103 67 41 45 97 92 77 68 52 
46 3 85 8 51 125 0 63 48 61 34 22 76 49 104 46 34 53 103 87 40 81 60 36 90 26 122 20 27 60 40 53 33 52 34 51 48 34 98 113 40 25 58 97 99 28 33 73 65 103 
64 66 71 56 82 72 63 0 66 97 32 83 30 73 44 110 33 107 76 31 23 50 3 95 36 81 59 52 37 22 27 116 89 48 33 92 32 67 61 50 26 38 31 63 36 44 32 68 4 76 
2 48 120 42 98 99 48 66 0 32 38 48 56 7 110 78 37 54 61 97 47 107 63 81 71 74 110 30 42 47 41 88 44 19 37 30 34 16 62 110 43 47 38 61 91 29 41 28 64 61 
33 60 144 59 112 127 61 97 32 0 67 48 88 24 142 71 66 34 83 128 77 134 94 83 103 82 141 52 68 79 71 81 38 51 66 10 65 31 89 143 73 72 71 87 123 56 69 50 95 83 
36 37 83 26 71 90 34 32 38 67 0 51 41 44 77 80 1 75 74 61 10 68 29 70 55 58 88 20 9 26 5 88 57 27 1 61 15 36 66 82 6 14 25 66 65 11 3 52 32 74 
47 19 106 26 66 138 22 83 48 48 51 0 90 45 125 31 50 31 108 109 59 103 80 35 105 34 140 31 46 76 57 41 12 59 50 37 61 32 107 133 58 46 71 106 117 41 51 76 84 108 
55 78 102 68 108 49 76 30 56 88 41 90 0 63 62 121 41 107 46 54 39 80 29 112 15 99 53 58 50 15 36 129 93 36 41 86 28 65 31 57 36 54 19 33 36 48 43 46 26 46 
9 48 125 43 100 106 49 73 7 24 44 45 63 0 117 75 43 47 66 104 53 112 70 79 79 73 117 33 47 54 47 85 40 27 43 23 41 14 69 118 49 51 46 67 98 34 46 32 71 66 
108 107 70 98 106 75 104 44 110 142 77 125 62 117 0 149 78 152 105 17 67 45 48 131 55 116 42 96 80 64 72 155 133 92 78 137 76 112 87 20 70 79 73 90 31 88 76 107 46 105 
78 43 117 54 67 170 46 110 78 71 80 31 121 75 149 0 80 40 140 132 87 120 107 25 135 36 168 62 73 106 86 10 35 91 80 61 92 63 138 160 86 72 102 137 145 72 79 107 111 140 
35 36 84 26 71 91 34 33 37 66 1 50 41 43 78 80 0 74 74 62 11 69 30 70 55 58 89 19 9 26 6 87 56 27 0 60 15 35 66 83 7 14 25 66 66 10 4 51 33 74 
54 50 138 55 96 153 53 107 54 34 75 31 107 47 152 40 74 0 113 136 84 134 104 59 123 63 160 55 72 95 80 50 20 72 74 26 80 42 117 157 81 73 89 115 139 63 75 80 107 113 
61 104 148 95 146 52 103 76 61 83 74 108 46 66 105 140 74 113 0 100 77 126 75 139 50 129 81 83 83 56 71 149 106 51 74 87 59 76 18 94 73 88 51 15 74 75 77 33 72 0 
95 90 59 82 90 79 87 31 97 128 61 109 54 104 17 132 62 136 100 0 52 34 34 114 51 99 52 81 64 52 57 138 117 79 62 123 63 98 83 32 55 63 61 85 33 73 60 97 33 100 
45 43 75 33 69 87 40 23 47 77 10 59 39 53 67 87 11 84 77 52 0 59 20 74 51 61 81 29 13 24 7 94 66 35 11 71 19 46 67 74 5 15 26 67 58 21 8 58 24 77 
105 84 25 79 65 112 81 50 107 134 68 103 80 112 45 120 69 134 126 34 59 0 51 98 81 84 86 82 66 72 66 123 114 93 69 127 77 102 111 65 64 62 80 113 67 78 66 116 54 126 
61 63 72 53 81 73 60 3 63 94 29 80 29 70 48 107 30 104 75 34 20 51 0 93 37 79 61 49 34 20 24 114 86 45 30 89 29 64 61 53 22 35 29 62 38 40 29 65 5 75 
79 35 92 44 42 161 36 95 81 83 70 35 112 79 131 25 70 59 139 114 74 98 93 0 125 14 155 56 62 96 75 25 45 88 70 72 84 65 134 143 75 59 95 134 132 65 68 108 98 139 
70 92 105 82 118 36 90 36 71 103 55 105 15 79 55 135 55 123 50 51 51 81 37 125 0 112 38 73 63 29 50 143 108 52 55 102 44 80 32 45 50 67 34 35 24 63 57 58 32 50 
72 25 80 34 33 148 26 81 74 82 58 34 99 73 116 36 58 63 129 99 61 84 79 14 112 0 140 46 49 83 63 39 45 78 58 71 72 59 123 129 62 45 83 123 117 54 55 100 84 129 
108 124 111 114 138 37 122 59 110 141 88 140 53 117 42 168 89 160 81 52 81 86 61 155 38 140 0 108 95 65 82 175 144 90 89 140 80 118 64 22 82 97 71 67 23 98 89 96 57 81 
28 21 92 12 68 107 20 52 30 52 20 31 58 33 96 62 19 55 83 81 29 82 49 56 73 46 108 0 17 44 25 70 37 32 19 44 30 20 78 102 26 20 40 77 86 10 20 54 53 83 
39 29 78 19 62 99 27 37 42 68 9 46 50 47 80 73 9 72 83 64 13 66 34 62 63 49 95 17 0 34 13 81 53 34 9 61 24 36 75 87 13 5 34 75 72 12 6 59 38 83 
45 63 92 52 93 64 60 22 47 79 26 76 15 54 64 106 26 95 56 52 24 72 20 96 29 83 65 44 34 0 20 114 79 28 26 76 15 53 43 63 21 38 9 44 44 34 28 45 19 56 
38 42 82 32 74 85 40 27 41 71 5 57 36 47 72 86 6 80 71 57 7 66 24 75 50 63 82 25 13 20 0 94 62 27 6 65 12 40 62 77 2 18 21 62 60 16 7 51 27 71 
87 51 118 61 66 178 53 116 88 81 88 41 129 85 155 10 87 50 149 138 94 123 114 25 143 39 175 70 81 114 94 0 45 100 87 71 100 72 148 166 94 78 110 147 152 80 87 116 118 149 
44 30 118 35 78 140 33 89 44 38 57 12 93 40 133 35 56 20 106 117 66 114 86 45 108 45 144 37 53 79 62 45 0 59 56 27 65 29 106 139 64 54 74 105 123 46 57 73 90 106 
18 53 110 44 97 81 52 48 19 51 27 59 36 27 92 91 27 72 51 79 35 93 45 88 52 78 90 32 34 28 27 100 59 0 27 50 17 30 47 91 30 40 19 46 71 25 31 24 46 51 
35 36 84 26 71 91 34 33 37 66 1 50 41 43 78 80 0 74 74 62 11 69 30 70 55 58 89 19 9 26 6 87 56 27 0 60 15 35 66 83 7 14 25 66 66 10 4 51 33 74 
31 49 135 50 102 129 51 92 30 10 61 37 86 23 137 61 60 26 87 123 71 127 89 72 102 71 140 44 61 76 65 71 27 50 60 0 62 25 92 140 67 64 68 90 120 50 63 54 91 87 
32 49 94 39 86 77 48 32 34 65 15 61 28 41 76 92 15 80 59 63 19 77 29 84 44 72 80 30 24 15 12 100 65 17 15 62 0 38 51 77 14 29 10 51 59 20 18 39 30 59 
15 33 113 29 85 111 34 67 16 31 36 32 65 14 112 63 35 42 76 98 46 102 64 65 80 59 118 20 36 53 40 72 29 30 35 25 38 0 76 116 42 40 46 75 97 25 38 44 67 76 
62 99 133 89 136 38 98 61 62 89 66 107 31 69 87 138 66 117 18 83 67 111 61 134 32 123 64 78 75 43 62 148 106 47 66 92 51 76 0 76 63 80 41 3 56 69 69 39 57 18 
109 116 90 107 122 58 113 50 110 143 82 133 57 118 20 160 83 157 94 32 74 65 53 143 45 129 22 102 87 63 77 166 139 91 83 140 77 116 76 0 75 88 72 79 21 93 82 103 49 94 
41 43 80 32 73 86 40 26 43 73 6 58 36 49 70 86 7 81 73 55 5 64 22 75 50 62 82 26 13 21 2 94 64 30 7 67 14 42 63 75 0 17 22 63 59 18 7 53 26 73 
45 28 73 19 57 103 25 38 47 72 14 46 54 51 79 72 14 73 88 63 15 62 35 59 67 45 97 20 5 38 18 78 54 40 14 64 29 40 80 88 17 0 39 80 73 17 11 65 39 88 
37 60 99 50 95 67 58 31 38 71 25 71 19 46 73 102 25 89 51 61 26 80 29 95 34 83 71 40 34 9 21 110 74 19 25 68 10 46 41 72 22 39 0 41 52 30 28 36 28 51 
61 98 135 89 137 41 97 63 61 87 66 106 33 67 90 137 66 115 15 85 67 113 62 134 35 123 67 77 75 44 62 147 105 46 66 90 51 75 3 79 63 80 41 0 59 69 69 36 59 15 
89 101 92 91 116 45 99 36 91 123 65 117 36 98 31 145 66 139 74 33 58 67 38 132 24 117 23 86 72 44 60 152 123 71 66 120 59 97 56 21 59 73 52 59 0 76 66 82 34 74 
27 30 90 20 72 97 28 44 29 56 11 41 48 34 88 72 10 63 75 73 21 78 40 65 63 54 98 10 12 34 16 80 46 25 10 50 20 25 69 93 18 17 30 69 76 0 13 48 43 75 
39 35 79 25 68 92 33 32 41 69 3 51 43 46 76 79 4 75 77 60 8 66 29 68 57 55 89 20 6 28 7 87 57 31 4 63 18 38 69 82 7 11 28 69 66 13 0 55 32 77 
29 74 133 66 121 77 73 68 28 50 52 76 46 32 107 107 51 80 33 97 58 116 65 108 58 100 96 54 59 45 51 116 73 24 51 54 39 44 39 103 53 65 36 36 82 48 55 0 64 33 
62 67 76 58 86 68 65 4 64 95 32 84 26 71 46 111 33 107 72 33 24 54 5 98 32 84 57 53 38 19 27 118 90 46 33 91 30 67 57 49 26 39 28 59 34 43 32 64 0 72 
61 104 148 95 146 52 103 76 61 83 74 108 46 66 105 140 74 113 0 100 77 126 75 139 50 129 81 83 83 56 71 149 106 51 74 87 59 76 18 94 73 88 51 15 74 75 77 33 72 0 
0 235 10361 4 0 0 23297 0 0 0 0 75300 5703 0 0 0 0 29 819 0 0 1 82056 0 1523 0 0 0 0 0 1 18 0 0 0 31649 0 0 30747 428 7 22345 18969 2343 65 40090 3 0 0 0 
235 0 2 7 0 18 0 89 1052 0 251 0 18 7759 0 0 0 375 0 49 0 0 387 8714 0 6931 1829 4 4285 15697 0 0 5 1623 2 0 1276 1 2865 657 0 0 17035 0 5 5 1398 1100 0 17 
10361 2 0 0 0 0 296 0 19743 0 0 20153 0 0 0 40 0 229 0 208 0 1 3004 104 205 65 0 0 3 0 2 6 8405 44 0 0 3 0 174 0 78 19 0 1 0 371 5323 0 12882 12055 
4 7 0 0 645 0 3 151 0 0 259 32 10772 30039 5 1 33396 34478 0 23 71063 0 0 226 0 23 310 0 54 0 47616 46 1 14 809 0 1 3801 7596 0 31292 34307 0 1929 0 0 0 12823 38911 1 
0 0 0 645 0 0 206 0 0 2067 16422 1707 0 0 18170 3 3 348 68 0 6 423 0 0 0 18037 0 12200 219 0 0 0 0 24 0 156 44 12500 16 14371 0 0 11126 0 0 0 0 0 26 0 
0 18 0 0 0 0 0 0 0 89 262 0 641 2 29087 12239 0 6 0 4 0 3 0 3 0 68254 0 0 18227 42920 0 0 0 2484 0 0 0 0 371 0 17 4729 84 240 3057 0 0 29365 167 0 
23297 0 296 3 206 0 0 0 0 80616 0 14 0 10722 0 0 0 142 1 0 0 0 28736 98285 565 4317 2151 0 62 1137 0 0 11799 7 383 0 10 0 0 0 0 0 306 3549 0 0 11507 2 0 0 
0 89 0 151 0 0 0 0 0 0 0 238 330 0 0 0 0 7 28 26 31 0 0 52428 1160 5195 24 0 18310 1017 0 611 19567 0 26 0 49977 0 536 0 0 482 37727 0 0 0 0 183 5919 3396 
0 1052 19743 0 0 0 0 0 0 49 0 0 7 178 0 0 10174 30809 828 0 241 0 0 0 0 1 1 0 0 6359 1186 1 24744 1538 0 1230 5 24093 6 995 5 0 186 1422 0 184 61 0 0 0 
0 0 0 0 2067 89 80616 0 49 0 0 114 11 33 1 7442 0 0 7 0 0 147 0 0 588 15022 68822 0 10 0 0 1333 9 183 330 96422 934 0 34936 0 283 52 4 2 0 21839 5226 0 4 0 
0 251 0 259 16422 262 0 0 0 0 0 10896 0 5 501 0 442 0 0 10 31070 0 0 0 13 0 602 0 0 0 387 10845 629 3 55518 6 72239 45145 0 46194 356 16 0 0 7 0 7180 9799 0 201 
75300 0 20153 32 1707 0 14 238 0 114 10896 0 0 42125 1039 0 0 2 0 89 1 0 80 1 210 0 0 1141 0 25 3 0 0 0 39 0 0 0 861 0 16403 0 24544 0 29 14852 4 39 0 0 
5703 18 0 10772 0 641 0 330 7 11 0 0 0 0 1826 0 51433 0 4 0 9958 0 0 0 375 0 0 599 0 0 0 0 20 74472 0 0 8 0 5986 136 4 72 0 2316 249 81 0 0 0 5952 
0 7759 0 30039 0 2 10722 0 178 33 5 42125 0 0 18788 1153 0 0 0 35 187 0 69945 0 0 0 0 2100 80 0 0 24 0 0 1897 0 5 29 9953 9 806 0 0 1176 53 0 0 0 0 74303 
0 0 0 5 18170 29087 0 0 0 1 501 1039 1826 18788 0 653 1 0 30349 0 43 0 0 0 25591 6 0 175 0 1 580 58 3 0 0 1252 0 21 0 0 0 0 912 8233 6256 0 0 11 0 0 
0 0 40 1 3 12239 0 0 0 7442 0 0 0 1153 653 0 3197 0 0 6727 1 0 5 64344 0 0 0 376 266 0 0 0 0 0 0 30 43897 4 5 1989 1 12285 0 0 3216 3194 55 0 0 0 
0 0 0 33396 3 0 0 0 10174 0 442 0 51433 0 1 3197 0 0 0 18 2 3403 0 0 0 14124 0 0 739 0 0 1 0 13 0 0 0 0 80 0 0 9277 0 0 3 0 0 147 4015 0 
29 375 229 34478 348 6 142 7 30809 0 0 2 0 0 0 0 0 0 0 98 59 86 0 18 646 0 4756 0 17 27110 34751 9 57431 0 12 0 0 81 0 104 64380 157 3 130 253 0 0 12273 0 28788 
819 0 0 0 68 0 1 28 828 7 0 0 4 0 30349 0 0 0 0 65 2 0 49054 80 63 0 12891 0 2605 22 2 0 0 0 0 92 0 0 1 0 11 3812 0 0 1 24 0 0 2167 2 
0 49 208 23 0 4 0 26 0 0 10 89 0 35 0 6727 18 98 65 0 9875 40 4 0 0 0 0 0 9178 0 0 315 185 0 0 137 1873 2955 1149 497 18 0 1813 15 0 66577 0 0 1 99448 
0 0 0 71063 6 0 0 31 241 0 31070 1 9958 187 43 1 2 59 2 9875 0 0 7 2 3 53005 17930 0 0 0 170 0 0 0 2 50796 6271 97144 55 87 0 23178 0 0 0 29 0 0 0 8631 
1 0 1 0 423 3 0 0 0 147 0 0 0 0 0 0 3403 86 0 40 0 0 162 6 40527 0 16 50583 71218 0 0 0 4 0 0 0 0 64 229 0 4 0 18842 93550 72 0 0 585 1788 26934 
82056 387 3004 0 0 0 28736 0 0 0 0 80 0 69945 0 5 0 0 49054 4 7 162 0 306 0 38 0 1 0 50 3 0 0 1437 0 0 0 98 0 0 0 0 0 4 0 0 12766 5 1894 0 
0 8714 104 226 0 3 98285 52428 0 0 0 1 0 0 0 64344 0 18 80 0 2 6 306 0 0 9592 9920 19162 2954 4 6 27542 0 0 0 0 12060 29397 0 86 61218 0 1557 0 0 3042 0 404 0 0 
1523 0 205 0 0 0 565 1160 0 588 13 210 375 0 25591 0 0 646 63 0 3 40527 0 0 0 29884 1171 1681 0 0 87 19240 7 405 216 54 4 592 165 0 3606 2712 0 3780 0 8 1406 280 28 0 
0 6931 65 23 18037 68254 4317 5195 1 15022 0 0 0 0 6 0 14124 0 0 0 53005 0 38 9592 29884 0 23154 0 0 125 5460 0 152 4680 0 22451 3688 0 0 0 9 0 0 5990 0 3905 7628 0 0 0 
0 1829 0 310 0 0 2151 24 1 68822 602 0 0 0 0 0 0 4756 12891 0 17930 16 0 9920 1171 23154 0 84 0 462 11755 0 84 0 0 36 0 319 77271 50684 0 10 1 10867 0 1250 18030 5 51 1770 
0 4 0 0 12200 0 0 0 0 0 0 1141 599 2100 175 376 0 0 0 0 0 50583 1 19162 1681 0 84 0 1 14 9 12847 379 1 0 0 0 0 30821 52498 0 0 29 0 0 0 0 14909 1 0 
0 4285 3 54 219 18227 62 18310 0 10 0 0 0 80 0 266 739 17 2605 9178 0 71218 0 2954 0 0 0 1 0 0 0 0 0 0 0 5 0 0 420 3 456 1077 0 0 0 12807 0 14290 0 0 
0 15697 0 0 0 42920 1137 1017 6359 0 0 25 0 0 1 0 0 27110 22 0 0 0 50 4 0 125 462 14 0 0 0 6937 165 131 0 9 0 6 0 731 19714 93164 0 0 0 5565 0 0 0 0 
1 0 2 47616 0 0 0 0 1186 0 387 3 0 0 580 0 0 34751 2 0 170 0 3 6 87 5460 11755 9 0 0 0 26794 0 0 5 17433 24078 28486 10 16157 0 70454 1 0 1686 0 0 0 0 0 
18 0 6 46 0 0 0 611 1 1333 10845 0 0 24 58 0 1 9 0 315 0 0 0 27542 19240 0 0 12847 0 6937 26794 0 3 0 1 271 0 5113 0 5 3770 0 0 337 16674 19327 2 0 34224 115 
0 5 8405 1 0 0 11799 19567 24744 9 629 0 20 0 3 0 0 57431 0 185 0 4 0 0 7 152 84 379 0 165 0 3 0 0 70 0 0 0 5 0 43323 0 801 0 144 10 0 12336 112 7987 
0 1623 44 14 24 2484 7 0 1538 183 3 0 74472 0 0 0 13 0 0 0 0 0 1437 0 405 4680 0 1 0 131 0 0 0 0 0 1 3 32 0 20 0 2 28696 16340 0 0 115 37130 9539 89917 
0 2 0 809 0 0 383 26 0 330 55518 39 0 1897 0 0 0 12 0 0 2 0 0 0 216 0 0 0 0 0 5 1 70 0 0 1 0 52 0 0 43118 2 4 0 315 86 0 63911 351 0 
31649 0 0 0 156 0 0 0 1230 96422 6 0 0 0 1252 30 0 0 92 137 50796 0 0 0 54 22451 36 0 5 9 17433 271 0 1 1 0 0 0 1 51 1116 4 31041 0 0 0 27601 67450 0 0 
0 1276 3 1 44 0 10 49977 5 934 72239 0 8 5 0 43897 0 0 0 1873 6271 0 0 12060 4 3688 0 0 0 0 24078 0 0 3 0 0 0 17670 113 0 0 0 0 6623 0 0 57665 13983 17165 0 
0 1 0 3801 12500 0 0 0 24093 0 45145 0 0 29 21 4 0 81 0 2955 97144 64 98 29397 592 0 319 0 0 6 28486 5113 0 32 52 0 17670 0 9349 14 8879 476 7 0 40 51025 5 46 787 6357 
30747 2865 174 7596 16 371 0 536 6 34936 0 861 5986 9953 0 5 80 0 1 1149 55 229 0 0 165 0 77271 30821 420 0 10 0 5 0 0 1 113 9349 0 586 0 0 867 148 945 0 0 67406 0 37058 
428 657 0 0 14371 0 0 0 995 0 46194 0 136 9 0 1989 0 104 0 497 87 0 0 86 0 0 50684 52498 3 731 16157 5 0 20 0 51 0 14 586 0 0 134 242 0 0 0 0 47246 171 0 
7 0 78 31292 0 17 0 0 5 283 356 16403 4 806 0 1 0 64380 11 18 0 4 0 61218 3606 9 0 0 456 19714 0 3770 43323 0 43118 1116 0 8879 0 0 0 0 2557 1272 0 0 0 0 1 8 
22345 0 19 34307 0 4729 0 482 0 52 16 0 72 0 0 12285 9277 157 3812 0 23178 0 0 0 2712 0 10 0 1077 93164 70454 0 0 2 2 4 0 476 0 134 0 0 0 1 909 28225 9428 0 107 11335 
18969 17035 0 0 11126 84 306 37727 186 4 0 24544 0 0 912 0 0 3 0 1813 0 18842 0 1557 0 0 1 29 0 0 1 0 801 28696 4 31041 0 7 867 242 2557 0 0 0 391 0 0 0 31206 0 
2343 0 1 1929 0 240 3549 0 1422 2 0 0 2316 1176 8233 0 0 130 0 15 0 93550 4 0 3780 5990 10867 0 0 0 0 337 0 16340 0 0 6623 0 148 0 1272 1 0 0 514 526 0 308 37 7 
65 5 0 0 0 3057 0 0 0 0 7 29 249 53 6256 3216 3 253 1 0 0 72 0 0 0 0 0 0 0 0 1686 16674 144 0 315 0 0 40 945 0 0 909 391 514 0 7 0 5583 0 293 
40090 5 371 0 0 0 0 0 184 21839 0 14852 81 0 0 3194 0 0 24 66577 29 0 0 3042 8 3905 1250 0 12807 5565 0 19327 10 0 86 0 0 51025 0 0 0 28225 0 526 7 0 12883 7 355 0 
3 1398 5323 0 0 0 11507 0 61 5226 7180 4 0 0 0 55 0 0 0 0 0 0 12766 0 1406 7628 18030 0 0 0 0 2 0 115 0 27601 57665 5 0 0 0 9428 0 0 0 12883 0 0 1572 0 
0 1100 0 12823 0 29365 2 183 0 0 9799 39 0 0 11 0 147 12273 0 0 0 585 5 404 280 0 5 14909 14290 0 0 0 12336 37130 63911 67450 13983 46 67406 47246 0 0 0 308 5583 7 0 0 0 132 
0 0 12882 38911 26 167 0 5919 0 4 0 0 0 0 0 0 4015 0 2167 1 0 1788 1894 0 28 0 51 1 0 0 0 34224 112 9539 351 0 17165 787 0 171 1 107 31206 37 0 355 1572 0 0 1 
0 17 12055 1 0 0 0 3396 0 0 201 0 5952 74303 0 0 0 28788 2 99448 8631 26934 0 0 0 0 1770 0 0 0 0 115 7987 89917 0 0 0 6357 37058 0 8 11335 0 7 293 0 0 132 1 0 
0 0 11 0 6 23 0 0 0 0 17602 0 0 2497 0 1 0 0 0 103 22055 0 0 0 0 0 10 1007 2 1 0 0 48631 255 8 0 13 0 61 1746 0 1 0 1 0 0 0 0 2320 418 
0 0 0 58711 57 0 22566 0 0 53735 2 0 0 16805 286 13 29 0 82499 0 26 0 0 0 6511 0 0 0 0 127 1887 0 0 33 0 0 0 0 0 80 0 57158 0 1112 0 0 0 0 105 0 
11 0 0 66 38343 370 4576 0 0 37410 0 0 0 77480 0 36267 946 21 2 0 4520 25 0 0 0 0 49 28273 0 3985 0 140 27 0 2738 1492 151 36 0 0 0 31 0 0 33 0 0 7 0 0 
0 58711 66 0 0 67529 0 35 0 0 1241 0 0 3 0 484 1253 0 30581 31477 0 6427 0 0 77214 112 0 0 13 623 0 0 0 0 0 4 0 0 0 0 0 2585 635 4443 141 55064 3537 0 0 8 
6 57 38343 0 0 5093 0 24148 5 0 0 0 0 7 9406 0 0 0 0 0 0 0 1 0 0 0 81 5 0 3 8019 0 21800 971 96 98833 0 0 3327 1213 31650 0 9 91 18 386 1 31 11816 0 
23 0 370 67529 5093 0 3 5602 74016 57 0 3 0 0 0 0 460 213 11413 0 286 0 38535 0 207 0 0 0 3 0 1845 211 0 0 2 0 0 0 0 6 0 0 3 0 0 0 1 0 0 3 
0 22566 4576 0 0 3 0 0 47 0 0 0 121 0 730 0 4241 96 0 25275 2 4863 0 0 27 0 0 0 1345 0 3345 4888 0 0 40276 2038 0 596 178 1 0 48020 19361 0 0 3 0 1887 0 34100 
0 0 0 35 24148 5602 0 0 135 15 0 0 0 0 0 17053 1703 0 0 0 0 811 0 0 38 0 0 1408 0 0 1143 222 1 1744 0 6 0 4 0 4 961 0 0 288 6415 1415 7586 0 0 0 
0 0 0 0 5 74016 47 135 0 294 0 14366 0 0 16 1182 0 0 14247 1 0 0 46492 2 88 0 0 432 0 0 103 0 0 41 3439 3 0 0 155 0 0 0 0 0 644 0 8604 19797 29 369 
0 53735 37410 0 0 57 0 15 294 0 0 0 0 0 102 0 48379 57 0 2 1206 0 0 0 0 212 0 1935 0 98153 10155 0 1 0 0 57 0 2 0 0 26 0 46 0 0 23599 0 0 0 4 
17602 2 0 1241 0 0 0 0 0 0 0 0 0 0 26524 12581 0 54 0 0 0 1631 9 0 0 551 0 840 1231 4227 0 0 0 222 476 0 0 0 0 0 0 0 5825 3821 1 18834 0 0 0 0 
0 0 0 0 0 3 0 0 14366 0 0 0 0 0 1 0 0 37 0 0 0 0 3 0 0 11 13 67450 1788 0 0 3 39406 30 0 3675 0 0 0 142 0 0 0 17 0 0 79 0 1 42 
0 0 0 0 0 0 121 0 0 0 0 0 0 1 0 0 0 6082 0 912 56 662 68 0 0 0 3 11557 7 34319 0 1 0 0 1367 2216 6491 34148 0 0 0 0 15459 0 15 0 4024 74 0 0 
2497 16805 77480 3 7 0 0 0 0 0 0 0 1 0 0 0 22371 0 9 0 0 0 4 279 2198 5534 3 0 0 4198 0 0 15 5001 0 25 0 0 0 0 0 1347 94 0 91422 231 0 2085 0 220 
0 286 0 0 9406 0 730 0 16 102 26524 1 0 0 0 0 0 0 0 76 0 45421 7 1142 25012 0 5751 2 30355 0 0 9 0 44409 5 5 78 0 0 0 0 7006 0 0 0 7 2201 0 7638 0 
1 13 36267 484 0 0 0 17053 1182 0 12581 0 0 0 0 0 435 3725 5 0 0 1 0 0 7342 0 2 0 2 5286 0 0 3884 7 3 0 651 0 0 0 0 0 81687 29 0 386 0 0 17497 192 
0 29 946 1253 0 460 4241 1703 0 48379 0 0 0 22371 0 435 0 23093 2 0 0 0 916 0 0 1014 1824 0 0 9 0 0 0 0 9 8 0 844 0 416 2 0 0 0 242 18778 93732 3 1 0 
0 0 21 0 0 213 96 0 0 57 54 37 6082 0 0 3725 23093 0 0 0 0 6287 371 0 0 14356 0 93970 0 24 0 30 0 127 25 482 27072 14695 201 0 0 0 0 0 0 0 72080 0 8277 0 
0 82499 2 30581 0 11413 0 0 14247 0 0 0 0 9 0 5 2 0 0 0 0 17175 16 0 2456 11 0 46435 0 0 0 1 1813 63 4 0 0 0 51884 18 0 0 122 0 0 39701 19409 21 20351 0 
103 0 0 31477 0 0 25275 0 1 2 0 0 912 0 76 0 0 0 0 0 2408 0 0 1 154 1 4639 88 0 36183 4159 0 0 0 0 0 0 0 34 0 3 580 0 8820 0 0 210 5 15794 0 
22055 26 4520 0 0 286 2 0 0 1206 0 0 56 0 0 0 0 0 0 2408 0 32 11 15 35167 0 0 1432 2695 35379 0 1828 13 13972 0 0 0 0 0 0 2716 0 1038 34038 0 0 67554 8849 52622 0 
0 0 25 6427 0 0 4863 811 0 0 1631 0 662 0 45421 1 0 6287 17175 0 32 0 8898 0 0 0 2 0 0 0 12 136 0 0 0 711 2411 29 0 14 1 16 0 0 3 0 61857 0 0 0 
0 0 0 0 1 38535 0 0 46492 0 9 3 68 4 7 0 916 371 16 0 11 8898 0 2534 41737 0 7 1302 0 0 0 45899 933 0 4938 95952 6329 0 160 57361 609 33 2 0 2082 110 0 0 0 1 
0 0 0 0 0 0 0 0 2 0 0 0 0 279 1142 0 0 0 0 1 15 0 2534 0 3 0 1164 0 0 0 0 0 0 0 0 0 2909 0 22 4348 0 0 0 700 37 0 9416 0 3 1451 
0 6511 0 77214 0 207 27 38 88 0 0 0 0 2198 25012 7342 0 0 2456 154 35167 0 41737 3 0 247 5164 0 93277 1608 327 0 0 0 0 0 0 0 0 2 0 18246 13402 9727 16445 0 0 0 0 84870 
0 0 0 112 0 0 0 0 0 212 551 11 0 5534 0 0 1014 14356 11 1 0 0 0 0 247 0 31 635 5867 22649 0 58 0 0 108 0 0 0 63 0 0 79 0 15707 62 0 0 2682 2 26 
10 0 49 0 81 0 0 0 0 0 0 13 3 3 5751 2 1824 0 0 4639 0 2 7 1164 5164 31 0 0 69651 12175 4584 2963 0 15 0 0 1188 0 0 0 5614 0 0 4090 45387 0 0 0 17 0 
1007 0 28273 0 5 0 0 1408 432 1935 840 67450 11557 0 2 0 0 93970 46435 88 1432 0 1302 0 0 635 0 0 0 0 0 29 0 0 22 320 1 59335 0 0 5077 12 1 3 11 3 12637 0 4 2687 
2 0 0 13 0 3 1345 0 0 0 1231 1788 7 0 30355 2 0 0 0 0 2695 0 0 0 93277 5867 69651 0 0 0 0 44476 0 11818 1 0 17 0 0 0 0 0 0 1 13 0 5 0 8017 9479 
1 127 3985 623 3 0 0 0 0 98153 4227 0 34319 4198 0 5286 9 24 0 36183 35379 0 0 0 1608 22649 12175 0 0 0 0 28 1662 3 51 0 0 0 0 0 0 67 29971 118 0 0 292 61656 0 47514 
0 1887 0 0 8019 1845 3345 1143 103 10155 0 0 0 0 0 0 0 0 0 4159 0 12 0 0 327 0 4584 0 0 0 0 0 1471 403 0 0 0 59 104 0 614 0 0 17 0 601 274 2232 0 19106 
0 0 140 0 0 211 4888 222 0 0 0 3 1 0 9 0 0 30 1 0 1828 136 45899 0 0 58 2963 29 44476 28 0 0 0 4901 94 0 5 0 1 0 1165 21635 37 0 865 39103 0 736 59 0 
48631 0 27 0 21800 0 0 1 0 1 0 39406 0 15 0 3884 0 0 1813 0 13 0 933 0 0 0 0 0 0 1662 1471 0 0 0 0 2236 130 2 15 0 0 5 0 353 0 0 21 0 34 0 
255 33 0 0 971 0 0 1744 41 0 222 30 0 5001 44409 7 0 127 63 0 13972 0 0 0 0 0 15 0 11818 3 403 4901 0 0 461 3011 0 0 6119 0 3933 1859 0 0 25 844 0 0 0 0 
8 0 2738 0 96 2 40276 0 3439 0 476 0 1367 0 5 3 9 25 4 0 0 0 4938 0 0 108 0 22 1 51 0 94 0 461 0 0 18 8468 5870 86743 0 0 0 0 99 0 176 0 0 0 
0 0 1492 4 98833 0 2038 6 3 57 0 3675 2216 25 5 0 8 482 0 0 0 711 95952 0 0 0 0 320 0 0 0 0 2236 3011 0 0 10780 5 0 0 0 0 0 2 17753 3957 5 0 632 567 
13 0 151 0 0 0 0 0 0 0 0 0 6491 0 78 651 0 27072 0 0 0 2411 6329 2909 0 0 1188 1 17 0 0 5 130 0 18 10780 0 0 0 0 7 7 18 0 304 0 6 0 0 0 
0 0 36 0 0 0 596 4 0 2 0 0 34148 0 0 0 844 14695 0 0 0 29 0 0 0 0 0 59335 0 0 59 0 2 0 8468 5 0 0 0 0 0 5 0 194 0 0 0 0 0 0 
61 0 0 0 3327 0 178 0 155 0 0 0 0 0 0 0 0 201 51884 34 0 0 160 22 0 63 0 0 0 0 104 1 15 6119 5870 0 0 0 0 0 9 19655 0 7 0 0 1699 6 40280 0 
1746 80 0 0 1213 6 1 4 0 0 0 142 0 0 0 0 416 0 18 0 0 14 57361 4348 2 0 0 0 0 0 0 0 0 0 86743 0 0 0 0 0 72110 13013 0 7 6 1214 0 0 0 134 
0 0 0 0 31650 0 0 961 0 26 0 0 0 0 0 0 2 0 0 3 2716 1 609 0 0 0 5614 5077 0 0 614 1165 0 3933 0 0 7 0 9 72110 0 26 0 0 84580 2076 6 40 29664 0 
1 57158 31 2585 0 0 48020 0 0 0 0 0 0 1347 7006 0 0 0 0 580 0 16 33 0 18246 79 0 12 0 67 0 21635 5 1859 0 0 7 5 19655 13013 26 0 229 0 75833 0 3 9426 0 0 
0 0 0 635 9 3 19361 0 0 46 5825 0 15459 94 0 81687 0 0 122 0 1038 0 2 0 13402 0 0 1 0 29971 0 37 0 0 0 0 18 0 0 0 0 229 0 0 0 71536 20 0 0 1764 
1 1112 0 4443 91 0 0 288 0 0 3821 17 0 0 0 29 0 0 0 8820 34038 0 0 700 9727 15707 4090 3 1 118 17 0 353 0 0 2 0 194 7 7 0 0 0 0 0 22 0 0 0 0 
0 0 33 141 18 0 0 6415 644 0 1 0 15 91422 0 0 242 0 0 0 0 3 2082 37 16445 62 45387 11 13 0 0 865 0 25 99 17753 304 0 0 6 84580 75833 0 0 0 0 4118 0 0 0 
0 0 0 55064 386 0 3 1415 0 23599 18834 0 0 231 7 386 18778 0 39701 0 0 0 110 0 0 0 0 3 0 0 601 39103 0 844 0 3957 0 0 0 1214 2076 0 71536 22 0 0 92824 0 0 0 
0 0 0 3537 1 1 0 7586 8604 0 0 79 4024 0 2201 0 93732 72080 19409 210 67554 61857 0 9416 0 0 0 12637 5 292 274 0 21 0 176 5 6 0 1699 0 6 3 20 0 4118 92824 0 0 0 10348 
0 0 7 0 31 0 1887 0 19797 0 0 0 74 2085 0 0 3 0 21 5 8849 0 0 0 0 2682 0 0 0 61656 2232 736 0 0 0 0 0 0 6 0 40 9426 0 0 0 0 0 0 7 1 
2320 105 0 0 11816 0 0 0 29 0 0 1 0 0 7638 17497 1 8277 20351 15794 52622 0 0 3 0 2 17 4 8017 0 0 59 34 0 0 632 0 0 40280 0 29664 0 0 0 0 0 0 7 0 0 
418 0 0 8 0 3 34100 0 369 4 0 42 0 220 0 192 0 0 0 0 0 0 1 1451 84870 26 0 2687 9479 47514 19106 0 0 0 0 567 0 0 0 134 0 0 1764 0 0 0 10348 1 0 0 
0 0 0 1 2149 0 0 2583 14021 0 0 0 0 19848 301 0 403 0 0 31 0 0 0 77452 1 0 0 242 0 1 0 0 3433 1 0 0 1846 0 0 0 0 219 0 0 4 0 0 2 0 0 
0 0 0 0 46 0 801 378 410 251 0 2261 0 18870 1130 0 2 0 12 0 0 0 1 0 1962 0 0 0 0 0 10 12 0 0 0 49 0 0 9 0 70 90683 0 11 7813 0 0 0 0 0 
0 0 0 39 33 1 0 0 0 1260 1485 17621 11063 17418 0 0 3 0 614 0 1687 0 0 4 15942 0 79 60 0 5219 0 0 0 1034 0 1465 0 19643 0 556 0 264 0 0 0 0 0 34950 7311 0 
1 0 39 0 0 489 2 0 857 9 0 0 0 0 0 0 0 0 18486 46 0 7487 9005 0 4 0 10618 58547 0 61 0 7320 0 0 292 124 0 8994 6415 0 0 0 0 7 122 1836 6 0 28 0 
2149 46 33 0 0 1975 49 4 389 0 4071 0 384 72 0 0 0 0 0 21838 0 3 3265 3 0 0 15 0 0 2966 3066 22 207 2216 0 0 623 44620 0 0 617 3753 0 45252 0 114 207 0 0 0 
0 0 1 489 1975 0 0 6555 0 0 0 22 0 0 0 0 78426 1 13909 0 7 0 1374 0 16614 0 269 12251 0 0 50 528 321 0 3 3 21 0 0 5544 0 1 11739 415 0 12145 37 1 358 10682 
0 801 0 2 49 0 0 0 3874 155 0 0 1 418 23 21637 38647 0 0 0 12978 0 0 0 0 0 0 6152 1 0 16247 35229 0 0 0 0 1 31 6544 49 43993 172 0 0 0 51 0 0 14304 1 
2583 378 0 0 4 6555 0 0 0 11321 0 0 0 0 0 91380 1227 0 12286 0 77304 37156 0 5 0 0 0 118 0 0 84 1 0 4 0 88 0 0 0 0 0 0 1487 0 55 14 0 0 0 0 
14021 410 0 857 389 0 3874 0 0 0 2486 0 0 0 0 18791 0 20 0 73 0 0 76840 1269 0 94605 0 112 0 620 0 1 0 4320 33 0 0 0 0 0 0 66215 0 0 6 0 0 37925 804 1 
0 251 1260 9 0 0 155 11321 0 0 16666 442 107 0 0 5780 4 2400 0 822 688 0 1 1011 0 0 31 57 0 1 0 1 0 0 0 0 9 250 0 22270 0 0 22 61343 20468 0 0 2383 0 0 
0 0 1485 0 4071 0 0 0 2486 16666 0 0 49 0 0 8908 0 107 0 0 0 20 0 2554 0 2559 0 1 0 79 0 0 0 0 0 0 0 0 805 0 0 48 6 11 0 0 0 0 1 0 
0 2261 17621 0 0 22 0 0 0 442 0 0 61865 3458 0 4 0 188 7200 1928 4 5 0 0 514 4 0 0 1 0 0 305 2 8843 0 46 11040 6046 0 0 0 0 0 70368 0 0 0 0 0 0 
0 0 11063 0 384 0 1 0 0 107 49 61865 0 90587 0 175 0 13251 0 1 0 0 1453 5662 0 0 58 0 178 0 813 0 0 39261 20 3413 0 0 0 0 0 0 2 9575 1 0 38947 24607 3 0 
19848 18870 17418 0 72 0 418 0 0 0 0 3458 90587 0 2 0 0 228 1 0 0 15659 0 5 22 545 494 0 0 81 0 93428 0 6 185 44 0 0 0 3 0 4560 1 0 0 160 5453 0 0 0 
301 1130 0 0 0 0 23 0 0 0 0 0 0 2 0 18 108 0 0 2592 0 1 45 13 48 0 64964 4999 149 0 0 20 0 74222 6655 0 0 0 1 132 21120 19567 0 0 0 335 21632 0 131 0 
0 0 0 0 0 0 21637 91380 18791 5780 8908 4 175 0 18 0 0 1 7 63198 0 48 0 0 137 8498 3 0 0 0 2799 3029 29698 44442 0 0 0 0 40 0 0 0 5689 0 0 0 206 0 284 0 
403 2 3 0 0 78426 38647 1227 0 4 0 0 0 0 108 0 0 0 38 0 0 5007 208 2989 72366 0 24461 25 1 19942 2229 92838 9463 0 0 3308 923 0 0 19 271 0 7692 5363 1061 10 517 0 2379 0 
0 0 0 0 0 1 0 0 20 2400 107 188 13251 228 0 1 0 0 4690 0 0 0 12 1694 0 1 0 0 0 7 0 0 0 65965 0 6884 575 0 50668 0 1 0 0 2120 0 1 4 0 1973 0 
0 12 614 18486 0 13909 0 12286 0 0 0 7200 0 1 0 7 38 4690 0 0 0 0 0 45 0 0 3 0 0 0 0 2436 10 1409 126 0 5 0 8 0 0 0 2 0 9730 0 5748 48 0 0 
31 0 0 46 21838 0 0 0 73 822 0 1928 1 0 2592 63198 0 0 0 0 24 0 32 1708 32 3 31936 9183 25647 39 10158 0 0 50198 36 0 0 23 0 523 108 0 0 0 21283 0 0 6506 0 0 
0 0 1687 0 0 7 12978 77304 0 688 0 4 0 0 0 0 0 0 0 24 0 1470 2248 0 15 0 0 11 1 0 0 2 28 14818 617 0 0 0 0 0 12963 0 8709 0 555 0 0 0 1 2248 
0 0 0 7487 3 0 0 37156 0 0 20 5 0 15659 1 48 5007 0 0 0 1470 0 3371 0 0 0 0 1069 0 0 2 5 37 191 186 0 0 0 0 5117 0 3 0 0 0 3 11792 0 0 436 
0 1 0 9005 3265 1374 0 0 76840 1 0 0 1453 0 45 0 208 12 0 32 2248 3371 0 0 22 1662 48 0 18 0 0 9 8162 0 1 1508 16 4909 13621 423 238 872 4846 0 3 11 0 839 439 7478 
77452 0 4 0 3 0 0 5 1269 1011 2554 0 5662 5 13 0 2989 1694 45 1708 0 0 0 0 38 0 0 461 0 0 11460 0 0 0 144 1737 25963 0 0 0 0 0 0 325 0 88727 0 2 9 1013 
1 1962 15942 4 0 16614 0 0 0 0 0 514 0 22 48 137 72366 0 0 32 15 0 22 38 0 0 62138 0 0 15 0 0 0 0 0 0 0 4667 0 12 0 0 9 1779 0 0 0 0 0 9 
0 0 0 0 0 0 0 0 94605 0 2559 4 0 545 0 8498 0 1 0 3 0 0 1662 0 0 0 349 0 0 0 2 22953 0 0 60385 22429 0 8 30859 34047 8 680 5 0 2 0 0 31 81 6 
0 0 79 10618 15 269 0 0 0 31 0 0 58 494 64964 3 24461 0 3 31936 0 0 48 0 62138 349 0 92340 753 0 0 16003 0 0 605 461 16 0 0 7 7 0 0 0 24 0 80 0 0 240 
242 0 60 58547 0 12251 6152 118 112 57 1 0 0 0 4999 0 25 0 0 9183 11 1069 0 461 0 0 92340 0 0 0 336 0 0 0 0 12 28564 0 0 0 3 18 0 8 0 56760 0 178 0 151 
0 0 0 0 0 0 1 0 0 0 0 1 178 0 149 0 1 0 0 25647 1 0 18 0 0 0 753 0 0 80 77 235 0 18574 375 12 43660 20 0 64446 0 0 2220 9 2 0 8235 0 635 1 
1 0 5219 61 2966 0 0 0 620 1 79 0 0 81 0 0 19942 7 0 39 0 0 0 0 15 0 0 0 80 0 0 0 65 0 0 0 749 0 0 0 131 1 37 328 95456 37 0 1 0 12 
0 10 0 0 3066 50 16247 84 0 0 0 0 813 0 0 2799 2229 0 0 10158 0 2 0 11460 0 2 0 336 77 0 0 0 38620 35 13 0 0 0 0 0 0 0 0 0 0 275 46844 25348 0 1183 
0 12 0 7320 22 528 35229 1 1 1 0 305 0 93428 20 3029 92838 0 2436 0 2 5 9 0 0 22953 16003 0 235 0 0 0 0 154 0 51498 23923 0 0 1740 2 0 8364 3 0 0 0 2 0 1165 
3433 0 0 0 207 321 0 0 0 0 0 2 0 0 0 29698 9463 0 10 0 28 37 8162 0 0 0 0 0 0 65 38620 0 0 0 22820 0 155 7731 0 175 0 19 0 5 0 0 63 0 0 0 
1 0 1034 0 2216 0 0 4 4320 0 0 8843 39261 6 74222 44442 0 65965 1409 50198 14818 191 0 0 0 0 0 0 18574 0 35 154 0 0 6222 0 0 0 5087 92 0 459 0 0 12 0 0 0 0 3746 
0 0 0 292 0 3 0 0 33 0 0 0 20 185 6655 0 0 0 126 36 617 186 1 144 0 60385 605 0 375 0 13 0 22820 6222 0 2 2 483 0 0 42426 17931 0 6 109 0 0 0 0 4877 
0 49 1465 124 0 3 0 88 0 0 0 46 3413 44 0 0 3308 6884 0 0 0 0 1508 1737 0 22429 461 12 12 0 0 51498 0 0 2 0 0 53935 0 0 0 0 0 0 4 137 0 0 1 13033 
1846 0 0 0 623 21 1 0 0 9 0 11040 0 0 0 0 923 575 5 0 0 0 16 25963 0 0 16 28564 43660 749 0 23923 155 0 2 0 0 0 0 706 270 44 0 0 10093 0 0 0 0 71 
0 0 19643 8994 44620 0 31 0 0 250 0 6046 0 0 0 0 0 0 0 23 0 0 4909 0 4667 8 0 0 20 0 0 0 7731 0 483 53935 0 0 0 0 0 31651 14520 47444 0 0 0 0 0 0 
0 9 0 6415 0 0 6544 0 0 0 805 0 0 0 1 40 0 50668 8 0 0 0 13621 0 0 30859 0 0 0 0 0 0 0 5087 0 0 0 0 0 0 1808 0 0 0 0 79541 0 0 10046 0 
0 0 556 0 0 5544 49 0 0 22270 0 0 0 3 132 0 19 0 0 523 0 5117 423 0 12 34047 7 0 64446 0 0 1740 175 92 0 0 706 0 0 0 293 0 0 688 6679 40421 217 0 0 285 
0 70 0 0 617 0 43993 0 0 0 0 0 0 0 21120 0 271 1 0 108 12963 0 238 0 0 8 7 3 0 131 0 2 0 0 42426 0 270 0 1808 293 0 33256 120 0 297 10 52721 0 0 127 
219 90683 264 0 3753 1 172 0 66215 0 48 0 0 4560 19567 0 0 0 0 0 0 3 872 0 0 680 0 18 0 1 0 0 19 459 17931 0 44 31651 0 0 33256 0 1185 0 0 0 0 35550 0 0 
0 0 0 0 0 11739 0 1487 0 22 6 0 2 1 0 5689 7692 0 2 0 8709 0 4846 0 9 5 0 0 2220 37 0 8364 0 0 0 0 0 14520 0 0 120 1185 0 8 0 2 65 698 0 0 
0 11 0 7 45252 415 0 0 0 61343 11 70368 9575 0 0 0 5363 2120 0 0 0 0 0 325 1779 0 0 8 9 328 0 3 5 0 6 0 0 47444 0 688 0 0 8 0 1 0 0 0 0 0 
4 7813 0 122 0 0 0 55 6 20468 0 0 1 0 0 0 1061 0 9730 21283 555 0 3 0 0 2 24 0 2 95456 0 0 0 12 109 4 10093 0 0 6679 297 0 0 1 0 0 15601 0 66363 0 
0 0 0 1836 114 12145 51 14 0 0 0 0 0 160 335 0 10 1 0 0 0 3 11 88727 0 0 0 56760 0 37 275 0 0 0 0 137 0 0 79541 40421 10 0 2 0 0 0 0 0 1 81022 
0 0 0 6 207 37 0 0 0 0 0 0 38947 5453 21632 206 517 4 5748 0 0 11792 0 0 0 0 80 0 8235 0 46844 0 63 0 0 0 0 0 0 217 52721 0 65 0 15601 0 0 18017 0 11225 
2 0 34950 0 0 1 0 0 37925 2383 0 0 24607 0 0 0 0 0 48 6506 0 0 839 2 0 31 0 178 0 1 25348 2 0 0 0 0 0 0 0 0 0 35550 698 0 0 0 18017 0 10297 0 
0 0 7311 28 0 358 14304 0 804 0 1 0 3 0 131 284 2379 1973 0 0 1 0 439 9 0 81 0 0 635 0 0 0 0 0 0 1 0 0 10046 0 0 0 0 0 66363 1 0 10297 0 0 
0 0 0 0 0 10682 1 0 1 0 0 0 0 0 0 0 0 0 0 0 2248 436 7478 1013 9 6 240 151 1 12 1183 1165 0 3746 4877 13033 71 0 0 285 127 0 0 0 0 81022 11225 0 0 0 
0 0 36 0 0 8 21 4765 0 525 0 0 0 0 15 20953 9200 0 0 0 196 0 53817 17709 0 0 1284 336 0 42 1 0 0 11941 443 0 7144 6356 2 0 37975 0 0 0 30 0 0 21247 1519 0 
0 0 1 0 0 0 5 0 0 106 0 0 0 0 0 0 0 0 21455 0 0 2972 74 0 3256 0 0 0 0 164 0 0 0 0 308 20194 0 0 0 0 261 1854 0 0 46696 0 0 261 0 0 
36 1 0 787 12981 11339 0 1 361 15 203 0 0 21 40 0 0 0 0 0 21 0 0 0 0 0 0 47472 0 0 0 0 9 0 2 6 0 1 231 2106 0 0 11435 0 1 0 0 0 0 0 
0 0 787 0 0 727 1243 0 0 11 1182 0 0 937 1596 6000 0 0 1 0 5 0 30430 0 5882 0 0 2035 186 0 0 0 0 0 0 0 0 0 420 0 0 0 0 0 10318 563 208 0 0 0 
0 0 12981 0 0 13144 0 93659 0 0 0 16 21 10 0 0 0 0 0 468 0 0 21 44 1453 14 0 0 0 1446 21094 2181 2 0 8 0 0 0 0 0 53 1668 0 571 2 45 1102 1747 0 0 
8 0 11339 727 13144 0 2609 0 13132 0 0 12007 0 0 0 0 0 0 0 0 9090 0 88 0 51 0 19692 97364 0 0 19680 1399 9231 2 76 1 4 27991 0 2610 11 0 55 0 0 0 77 75155 0 4 
21 5 0 1243 0 2609 0 7733 425 206 28300 0 21 6 613 57 0 1 0 0 7095 3 7458 0 0 0 34 127 16729 0 641 754 0 0 0 20 0 38 3846 21652 1080 2059 0 0 2 6 762 0 41263 5 
4765 0 1 0 93659 0 7733 0 63216 1619 22963 0 0 412 0 0 6 0 0 0 0 11 1765 0 0 0 0 1 11169 0 0 0 0 2042 94 0 3182 3 1860 5051 3 6811 0 301 0 0 81 0 0 0 
0 0 361 0 0 13132 425 63216 0 0 20 296 0 0 48296 0 9531 0 0 0 0 0 0 1819 9 0 0 35 21 0 0 0 0 0 8 0 50 0 0 85801 0 7 68193 785 9 217 0 478 54374 333 
525 106 15 11 0 0 206 1619 0 0 2 1711 0 0 0 0 32 29 0 1329 0 0 5 3 557 0 0 0 0 2 3367 46 0 126 0 0 0 3 0 27 0 0 2 809 0 900 0 0 0 0 
0 0 203 1182 0 0 28300 22963 20 2 0 0 103 183 0 5 664 111 48 618 0 0 1 0 0 92299 0 18 2286 0 0 0 0 0 0 0 0 0 218 28 11 145 98901 13 0 1347 0 0 6440 0 
0 0 0 0 16 12007 0 0 296 1711 0 0 47 58 0 16904 21 0 2 0 1482 40 0 0 0 0 47 0 0 0 0 23 11873 0 3497 6392 0 4015 1245 0 10451 4335 0 14 0 0 0 1 14504 0 
0 0 0 0 21 0 21 0 0 0 103 47 0 15 0 25704 0 26 0 91311 466 7581 0 7643 3 0 8240 0 0 323 658 33388 0 0 9 713 0 0 0 7700 0 0 36 0 0 0 0 3234 3478 0 
0 0 21 937 10 0 6 412 0 0 183 58 15 0 0 0 44 12 1613 77 0 0 0 13 114 8 0 0 0 11 6 28575 753 979 0 0 0 0 0 183 0 2 14487 2948 0 1 17 0 0 10 
15 0 40 1596 0 0 613 0 48296 0 0 0 0 0 0 0 900 76 0 19451 1639 189 9 0 0 0 110 0 21083 0 0 0 0 0 0 0 0 0 0 0 0 478 9475 0 0 0 32 0 262 12612 
20953 0 0 6000 0 0 57 0 0 0 5 16904 25704 0 0 0 0 509 0 0 0 0 32748 0 88 64058 5 0 0 216 390 28 14782 0 124 0 0 0 0 0 0 0 1 1683 0 0 0 0 132 2 
9200 0 0 0 0 0 0 6 9531 32 664 21 0 44 900 0 0 0 52642 0 0 0 2 319 37362 0 45 0 0 88 0 0 0 0 174 227 0 58 0 284 53 0 15 7852 11365 634 4 0 0 0 
0 0 0 0 0 0 1 0 0 29 111 0 26 12 76 509 0 0 14999 53885 0 26552 116 0 0 0 7 7628 0 0 7512 0 2 1034 0 784 0 0 39 79 0 0 0 0 0 165 23538 303 59 0 
0 21455 0 1 0 0 0 0 0 0 48 2 0 1613 0 0 52642 14999 0 4564 0 83 0 41 0 2 9983 0 0 1044 0 2 750 3573 29 0 2 108 0 0 0 0 13713 0 11548 0 125 73 0 0 
0 0 0 0 468 0 0 0 0 1329 618 0 91311 77 19451 0 0 53885 4564 0 0 0 0 0 53158 10189 19965 0 0 760 24 29 610 37325 52470 0 88870 436 0 0 0 4 0 2 0 0 31068 0 2 0 
196 0 21 5 0 9090 7095 0 0 0 0 1482 466 0 1639 0 0 0 0 0 0 0 0 0 70 0 0 3 1202 0 0 0 0 1 2 0 0 0 0 0 8636 940 600 3997 1 2 0 98 294 66 
0 2972 0 0 0 0 3 11 0 0 0 40 7581 0 189 0 0 26552 83 0 0 0 0 0 0 0 0 0 0 0 0 39211 0 0 6461 0 0 0 0 28568 0 22 0 6 0 23153 2365 0 5 0 
53817 74 0 30430 21 88 7458 1765 0 5 1 0 0 0 9 32748 2 116 0 0 0 0 0 0 3900 0 1067 7273 6 21164 0 46080 106 0 0 737 0 0 74 0 0 1390 1226 0 1510 84 0 0 0 0 
17709 0 0 0 44 0 0 0 1819 3 0 0 7643 13 0 0 319 0 41 0 0 0 0 0 13540 74277 0 0 0 0 0 0 178 6069 0 104 0 0 22983 4 0 73 25 0 1039 0 0 40638 34 0 
0 3256 0 5882 1453 51 0 0 9 557 0 0 3 114 0 88 37362 0 0 53158 70 0 3900 13540 0 0 0 0 140 23 0 2314 0 0 0 0 0 0 0 0 0 43 1803 59487 9 1 0 0 0 25347 
0 0 0 0 14 0 0 0 0 0 92299 0 0 8 0 64058 0 0 2 10189 0 0 0 74277 0 0 0 20 6 0 0 15300 0 97881 12421 0 0 0 175 893 0 2025 0 20 15 0 0 8 2188 25334 
1284 0 0 0 0 19692 34 0 0 0 0 47 8240 0 110 5 45 7 9983 19965 0 0 1067 0 0 0 0 0 1468 0 0 0 0 0 83 0 77474 6 360 7 94492 0 0 0 71899 786 0 0 0 0 
336 0 47472 2035 0 97364 127 1 35 0 18 0 0 0 0 0 0 7628 0 0 3 0 7273 0 0 20 0 0 50 0 0 0 103 366 29 12 16 0 0 0 3 472 0 21 1 1693 149 1 0 6055 
0 0 0 186 0 0 16729 11169 21 0 2286 0 0 0 21083 0 0 0 0 0 1202 0 6 0 140 6 1468 50 0 885 27 291 0 4 1 0 0 0 570 1580 0 0 1382 15 3224 0 25 0 476 9 
42 164 0 0 1446 0 0 0 0 2 0 0 323 11 0 216 88 0 1044 760 0 0 21164 0 23 0 0 0 885 0 1 0 0 0 7 1629 68558 0 14857 590 0 0 61130 1832 80 0 0 1208 0 0 
1 0 0 0 21094 19680 641 0 0 3367 0 0 658 6 0 390 0 7512 0 24 0 0 0 0 0 0 0 0 27 1 0 0 0 0 0 0 0 33736 2 0 239 0 3468 44798 0 1390 0 0 11161 21 
0 0 0 0 2181 1399 754 0 0 46 0 23 33388 28575 0 28 0 0 2 29 0 39211 46080 0 2314 15300 0 0 291 0 0 0 0 0 0 0 94554 4456 0 61357 0 0 13 0 0 0 210 0 7514 0 
0 0 9 0 2 9231 0 0 0 0 0 11873 0 753 0 14782 0 2 750 610 0 0 106 178 0 0 0 103 0 0 0 0 0 17 0 0 3303 11925 0 0 0 5864 0 2 15 0 23 107 0 0 
11941 0 0 0 0 2 0 2042 0 126 0 0 0 979 0 0 0 1034 3573 37325 1 0 0 6069 0 97881 0 366 4 0 0 0 17 0 0 4933 0 0 3 0 0 0 0 0 0 8225 0 0 0 0 
443 308 2 0 8 76 0 94 8 0 0 3497 9 0 0 124 174 0 29 52470 2 6461 0 0 0 12421 83 29 1 7 0 0 0 0 0 0 1 0 917 0 135 0 0 18817 0 0 1531 0 0 40004 
0 20194 6 0 0 1 20 0 0 0 0 6392 713 0 0 0 227 784 0 0 0 0 737 104 0 0 0 12 0 1629 0 0 0 4933 0 0 14368 4609 0 0 28 0 0 0 21890 4 566 1058 11 6016 
7144 0 0 0 0 4 0 3182 50 0 0 0 0 0 0 0 0 0 2 88870 0 0 0 0 0 0 77474 16 0 68558 0 94554 3303 0 1 14368 0 0 0 0 1090 818 25 0 0 7710 78852 0 0 2 
6356 0 1 0 0 27991 38 3 0 3 0 4015 0 0 0 0 58 0 108 436 0 0 0 0 0 0 6 0 0 0 33736 4456 11925 0 0 4609 0 0 0 0 0 11343 0 2155 0 0 0 177 0 0 
2 0 231 420 0 0 3846 1860 0 0 218 1245 0 0 0 0 0 39 0 0 0 0 74 22983 0 175 360 0 570 14857 2 0 0 3 917 0 0 0 0 0 0 233 0 0 0 14896 394 255 1 0 
0 0 2106 0 0 2610 21652 5051 85801 27 28 0 7700 183 0 0 284 79 0 0 0 28568 0 4 0 893 7 0 1580 590 0 61357 0 0 0 0 0 0 0 0 45 0 0 454 26373 3 291 99 0 5270 
37975 261 0 0 53 11 1080 3 0 0 11 10451 0 0 0 0 53 0 0 0 8636 0 0 0 0 0 94492 3 0 0 239 0 0 0 135 28 1090 0 0 45 0 18469 0 581 1335 846 28 41025 0 0 
0 1854 0 0 1668 0 2059 6811 7 0 145 4335 0 2 478 0 0 0 0 4 940 22 1390 73 43 2025 0 472 0 0 0 0 5864 0 0 0 818 11343 233 0 18469 0 14590 0 0 16 0 512 0 0 
0 0 11435 0 0 55 0 0 68193 2 98901 0 36 14487 9475 1 15 0 13713 0 600 0 1226 25 1803 0 0 0 1382 61130 3468 13 0 0 0 0 25 0 0 0 0 14590 0 6 0 630 0 3 0 748 
0 0 0 0 571 0 0 301 785 809 13 14 0 2948 0 1683 7852 0 0 2 3997 6 0 0 59487 20 0 21 15 1832 44798 0 2 0 18817 0 0 2155 0 454 581 0 6 0 0 0 5 0 0 0 
30 46696 1 10318 2 0 2 0 9 0 0 0 0 0 0 0 11365 0 11548 0 1 0 1510 1039 9 15 71899 1 3224 80 0 0 15 0 0 21890 0 0 0 26373 1335 0 0 0 0 0 1 1461 4032 0 
0 0 0 563 45 0 6 0 217 900 1347 0 0 1 0 0 634 165 0 0 2 23153 84 0 1 0 786 1693 0 0 1390 0 0 8225 0 4 7710 0 14896 3 846 16 630 0 0 0 0 0 0 2 
0 0 0 208 1102 77 762 81 0 0 0 0 0 17 32 0 4 23538 125 31068 0 2365 0 0 0 0 0 149 25 0 0 210 23 0 1531 566 78852 0 394 291 28 0 0 5 1 0 0 1 0 0 
21247 261 0 0 1747 75155 0 0 478 0 0 1 3234 0 0 0 0 303 73 0 98 0 0 40638 0 8 0 1 0 1208 0 0 107 0 0 1058 0 177 255 99 41025 512 3 0 1461 0 1 0 170 0 
1519 0 0 0 0 0 41263 0 54374 0 6440 14504 3478 0 262 132 0 59 0 2 294 5 0 34 0 2188 0 0 476 0 11161 7514 0 0 0 11 0 0 1 0 0 0 0 0 4032 0 0 170 0 3320 
0 0 0 0 0 4 5 0 333 0 0 0 0 10 12612 2 0 0 0 0 66 0 0 0 25347 25334 0 6055 9 0 21 0 0 0 40004 6016 2 0 0 5270 0 0 748 0 0 2 0 0 3320 0 
