6 3
0 59 64 103 62 95 
59 0 70 49 40 62 
64 70 0 118 33 51 
103 49 118 0 85 94 
62 40 33 85 0 33 
95 62 51 94 33 0 
0 1 0 71328 0 0 
1 0 0 0 0 0 
0 0 0 23911 198 0 
71328 0 23911 0 0 0 
0 0 198 0 0 4 
0 0 0 0 4 0 
0 21 0 5216 0 11 
21 0 1014 1825 14 0 
0 1014 0 0 0 0 
5216 1825 0 0 0 0 
0 14 0 0 0 2 
11 0 0 0 2 0 
0 0 684 110 0 0 
0 0 4 12 0 0 
684 4 0 6717 0 48384 
110 12 6717 0 5051 0 
0 0 0 5051 0 0 
0 0 48384 0 0 0 
