7 4
0 123 17 72 89 90 77 
123 0 116 51 121 48 96 
17 116 0 64 101 90 86 
72 51 64 0 97 39 71 
89 121 101 97 0 73 26 
90 48 90 39 73 0 47 
77 96 86 71 26 47 0 
0 1 0 0 40564 0 0 
1 0 0 0 0 88 202 
0 0 0 21936 3975 661 168 
0 0 21936 0 283 24065 8 
40564 0 3975 283 0 23 0 
0 88 661 24065 23 0 0 
0 202 168 8 0 0 0 
0 0 2013 3236 0 9683 53597 
0 0 25301 0 138 1 0 
2013 25301 0 0 0 0 0 
3236 0 0 0 0 0 0 
0 138 0 0 0 0 8632 
9683 1 0 0 0 0 632 
53597 0 0 0 8632 632 0 
0 1 17169 4925 0 7015 455 
1 0 252 0 1426 0 0 
17169 252 0 0 0 0 0 
4925 0 0 0 0 0 0 
0 1426 0 0 0 0 6156 
7015 0 0 0 0 0 77 
455 0 0 0 6156 77 0 
0 1 4083 7765 0 2 5 
1 0 2303 0 263 0 0 
4083 2303 0 0 0 0 0 
7765 0 0 0 0 0 0 
0 263 0 0 0 0 64890 
2 0 0 0 0 0 2316 
5 0 0 0 64890 2316 0 
