10 4
0 59 64 103 62 95 95 48 90 88 
59 0 70 49 40 62 36 46 31 30 
64 70 0 118 33 51 89 98 88 95 
103 49 118 0 85 94 38 68 34 23 
62 40 33 85 0 33 56 78 55 62 
95 62 51 94 33 0 57 107 59 71 
95 36 89 38 56 57 0 77 6 17 
48 46 98 68 78 107 77 0 71 63 
90 31 88 34 55 59 6 71 0 12 
88 30 95 23 62 71 17 63 12 0 
0 0 1082 4440 232 35024 0 0 0 0 
0 0 0 523 1230 2215 2 21 15 0 
1082 0 0 63 0 14752 1 0 1 40 
4440 523 63 0 1452 0 0 14711 0 0 
232 1230 0 1452 0 34428 131 0 0 3 
35024 2215 14752 0 34428 0 0 146 11 507 
0 2 1 0 131 0 0 8 0 23 
0 21 0 14711 0 146 8 0 30232 0 
0 15 1 0 0 11 0 30232 0 0 
0 0 40 0 3 507 23 0 0 0 
0 1058 0 0 0 6066 195 0 1 264 
1058 0 14 0 0 67 0 0 0 3341 
0 14 0 0 442 2428 1 4546 0 0 
0 0 0 0 773 6 0 1861 914 16 
0 0 442 773 0 0 0 8 29185 0 
6066 67 2428 6 0 0 0 0 0 166 
195 0 1 0 0 0 0 44 35080 1 
0 0 4546 1861 8 0 44 0 0 8780 
1 0 0 914 29185 0 35080 0 0 0 
264 3341 0 16 0 166 1 8780 0 0 
0 698 21 0 0 0 211 704 60 0 
698 0 0 0 1041 0 0 0 24 0 
21 0 0 255 7016 0 0 14 0 8 
0 0 255 0 0 0 4 9326 0 220 
0 1041 7016 0 0 213 0 44 0 0 
0 0 0 0 213 0 0 0 13 0 
211 0 0 4 0 0 0 0 3 0 
704 0 14 9326 44 0 0 0 0 90340 
60 24 0 0 0 13 3 0 0 0 
0 0 8 220 0 0 0 90340 0 0 
0 0 0 0 0 0 2044 0 23479 1 
0 0 94001 50762 1373 46078 5 0 197 0 
0 94001 0 4 0 17310 0 0 2 0 
0 50762 4 0 189 0 0 0 4226 0 
0 1373 0 189 0 10831 17 486 0 22 
0 46078 17310 0 10831 0 1513 1 0 2238 
2044 5 0 0 17 1513 0 46 3110 0 
0 0 0 0 486 1 46 0 0 4 
23479 197 2 4226 0 0 3110 0 0 1014 
1 0 0 0 22 2238 0 4 1014 0 
