6 4
0 123 17 72 89 90 
123 0 116 51 121 48 
17 116 0 64 101 90 
72 51 64 0 97 39 
89 121 101 97 0 73 
90 48 90 39 73 0 
0 0 79 27805 1 0 
0 0 0 0 0 2721 
79 0 0 12798 245 68 
27805 0 12798 0 35 2711 
1 0 245 35 0 833 
0 2721 68 2711 833 0 
0 119 0 0 0 478 
119 0 830 3 0 1206 
0 830 0 26004 162 344 
0 3 26004 0 0 0 
0 0 162 0 0 0 
478 1206 344 0 0 0 
0 0 2335 0 56191 6 
0 0 519 134 0 0 
2335 519 0 0 7967 0 
0 134 0 0 0 8711 
56191 0 7967 0 0 0 
6 0 0 8711 0 0 
0 2478 0 0 183 84 
2478 0 328 2 0 0 
0 328 0 0 0 0 
0 2 0 0 55963 0 
183 0 0 55963 0 0 
84 0 0 0 0 0 
