8 2
0 123 17 72 89 90 77 84 
123 0 116 51 121 48 96 115 
17 116 0 64 101 90 86 66 
72 51 64 0 97 39 71 77 
89 121 101 97 0 73 26 158 
90 48 90 39 73 0 47 116 
77 96 86 71 26 47 0 136 
84 115 66 77 158 116 136 0 
0 257 0 0 0 27805 20505 0 
257 0 0 0 12781 5431 32837 0 
0 0 0 0 0 0 1982 0 
0 0 0 0 0 27 0 0 
0 12781 0 0 0 2 1 0 
27805 5431 0 27 2 0 0 0 
20505 32837 1982 0 1 0 0 14 
0 0 0 0 0 0 14 0 
0 0 65058 7049 5 0 1346 0 
0 0 20667 6 5 0 42 0 
65058 20667 0 9366 2 3 64 0 
7049 6 9366 0 0 0 261 27 
5 5 2 0 0 0 0 293 
0 0 3 0 0 0 74960 9 
1346 42 64 261 0 74960 0 55963 
0 0 0 27 293 9 55963 0 
