10 4
0 46 118 40 96 98 46 64 2 33 
46 0 88 10 53 127 3 66 48 60 
118 88 0 85 53 137 85 71 120 144 
40 10 85 0 56 117 8 56 42 59 
96 53 53 56 0 154 51 82 98 112 
98 127 137 117 154 0 125 72 99 127 
46 3 85 8 51 125 0 63 48 61 
64 66 71 56 82 72 63 0 66 97 
2 48 120 42 98 99 48 66 0 32 
33 60 144 59 112 127 61 97 32 0 
0 0 47 33750 0 5 2 10 4810 0 
0 0 216 3 0 7 12 0 0 228 
47 216 0 136 0 1 967 44 19 0 
33750 3 136 0 114 0 743 14534 235 4 
0 0 0 114 0 137 11 1 0 10910 
5 7 1 0 137 0 236 0 0 0 
2 12 967 743 11 236 0 0 5946 19933 
10 0 44 14534 1 0 0 0 0 492 
4810 0 19 235 0 0 5946 0 0 0 
0 228 0 4 10910 0 19933 492 0 0 
0 0 73994 4 0 0 0 0 0 3571 
0 0 27 0 56 0 0 0 19 0 
73994 27 0 0 5 0 0 0 0 11790 
4 0 0 0 0 13 0 902 0 0 
0 56 5 0 0 0 0 16 139 0 
0 0 0 13 0 0 12 1 1490 3019 
0 0 0 0 0 12 0 1 0 0 
0 0 0 902 16 1 1 0 0 32443 
0 19 0 0 139 1490 0 0 0 1 
3571 0 11790 0 0 3019 0 32443 1 0 
0 6233 0 76837 8 0 0 0 0 85258 
6233 0 52 0 602 0 0 9113 13 0 
0 52 0 0 2 1963 0 0 0 8511 
76837 0 0 0 765 6874 0 0 0 72 
8 602 2 765 0 27 0 0 0 0 
0 0 1963 6874 27 0 0 1162 271 16 
0 0 0 0 0 0 0 0 0 0 
0 9113 0 0 0 1162 0 0 672 0 
0 13 0 0 0 271 0 672 0 151 
85258 0 8511 72 0 16 0 0 151 0 
0 90764 0 0 43507 0 1708 0 39 482 
90764 0 0 0 70 0 0 67752 5013 0 
0 0 0 107 25950 0 0 0 190 77 
0 0 107 0 0 2035 0 393 0 4 
43507 70 25950 0 0 79708 0 0 11310 7718 
0 0 0 2035 79708 0 0 59178 6 18 
1708 0 0 0 0 0 0 0 0 3 
0 67752 0 393 0 59178 0 0 2396 0 
39 5013 190 0 11310 6 0 2396 0 2 
482 0 77 4 7718 18 3 0 2 0 
