6 2
0 59 64 103 62 95 
59 0 70 49 40 62 
64 70 0 118 33 51 
103 49 118 0 85 94 
62 40 33 85 0 33 
95 62 51 94 33 0 
0 43 0 0 35898 28 
43 0 0 71328 0 2 
0 0 0 0 0 0 
0 71328 0 0 16814 0 
35898 0 0 16814 0 0 
28 2 0 0 0 0 
0 0 827 2494 0 0 
0 0 67715 0 4434 0 
827 67715 0 62 8 32006 
2494 0 62 0 0 3 
0 4434 8 0 0 0 
0 0 32006 3 0 0 
