40 4
0 46 118 40 96 98 46 64 2 33 36 47 55 9 108 78 35 54 61 95 45 105 61 79 70 72 108 28 39 45 38 87 44 18 35 31 32 15 62 109 
46 0 88 10 53 127 3 66 48 60 37 19 78 48 107 43 36 50 104 90 43 84 63 35 92 25 124 21 29 63 42 51 30 53 36 49 49 33 99 116 
118 88 0 85 53 137 85 71 120 144 83 106 102 125 70 117 84 138 148 59 75 25 72 92 105 80 111 92 78 92 82 118 118 110 84 135 94 113 133 90 
40 10 85 0 56 117 8 56 42 59 26 26 68 43 98 54 26 55 95 82 33 79 53 44 82 34 114 12 19 52 32 61 35 44 26 50 39 29 89 107 
96 53 53 56 0 154 51 82 98 112 71 66 108 100 106 67 71 96 146 90 69 65 81 42 118 33 138 68 62 93 74 66 78 97 71 102 86 85 136 122 
98 127 137 117 154 0 125 72 99 127 90 138 49 106 75 170 91 153 52 79 87 112 73 161 36 148 37 107 99 64 85 178 140 81 91 129 77 111 38 58 
46 3 85 8 51 125 0 63 48 61 34 22 76 49 104 46 34 53 103 87 40 81 60 36 90 26 122 20 27 60 40 53 33 52 34 51 48 34 98 113 
64 66 71 56 82 72 63 0 66 97 32 83 30 73 44 110 33 107 76 31 23 50 3 95 36 81 59 52 37 22 27 116 89 48 33 92 32 67 61 50 
2 48 120 42 98 99 48 66 0 32 38 48 56 7 110 78 37 54 61 97 47 107 63 81 71 74 110 30 42 47 41 88 44 19 37 30 34 16 62 110 
33 60 144 59 112 127 61 97 32 0 67 48 88 24 142 71 66 34 83 128 77 134 94 83 103 82 141 52 68 79 71 81 38 51 66 10 65 31 89 143 
36 37 83 26 71 90 34 32 38 67 0 51 41 44 77 80 1 75 74 61 10 68 29 70 55 58 88 20 9 26 5 88 57 27 1 61 15 36 66 82 
47 19 106 26 66 138 22 83 48 48 51 0 90 45 125 31 50 31 108 109 59 103 80 35 105 34 140 31 46 76 57 41 12 59 50 37 61 32 107 133 
55 78 102 68 108 49 76 30 56 88 41 90 0 63 62 121 41 107 46 54 39 80 29 112 15 99 53 58 50 15 36 129 93 36 41 86 28 65 31 57 
9 48 125 43 100 106 49 73 7 24 44 45 63 0 117 75 43 47 66 104 53 112 70 79 79 73 117 33 47 54 47 85 40 27 43 23 41 14 69 118 
108 107 70 98 106 75 104 44 110 142 77 125 62 117 0 149 78 152 105 17 67 45 48 131 55 116 42 96 80 64 72 155 133 92 78 137 76 112 87 20 
78 43 117 54 67 170 46 110 78 71 80 31 121 75 149 0 80 40 140 132 87 120 107 25 135 36 168 62 73 106 86 10 35 91 80 61 92 63 138 160 
35 36 84 26 71 91 34 33 37 66 1 50 41 43 78 80 0 74 74 62 11 69 30 70 55 58 89 19 9 26 6 87 56 27 0 60 15 35 66 83 
54 50 138 55 96 153 53 107 54 34 75 31 107 47 152 40 74 0 113 136 84 134 104 59 123 63 160 55 72 95 80 50 20 72 74 26 80 42 117 157 
61 104 148 95 146 52 103 76 61 83 74 108 46 66 105 140 74 113 0 100 77 126 75 139 50 129 81 83 83 56 71 149 106 51 74 87 59 76 18 94 
95 90 59 82 90 79 87 31 97 128 61 109 54 104 17 132 62 136 100 0 52 34 34 114 51 99 52 81 64 52 57 138 117 79 62 123 63 98 83 32 
45 43 75 33 69 87 40 23 47 77 10 59 39 53 67 87 11 84 77 52 0 59 20 74 51 61 81 29 13 24 7 94 66 35 11 71 19 46 67 74 
105 84 25 79 65 112 81 50 107 134 68 103 80 112 45 120 69 134 126 34 59 0 51 98 81 84 86 82 66 72 66 123 114 93 69 127 77 102 111 65 
61 63 72 53 81 73 60 3 63 94 29 80 29 70 48 107 30 104 75 34 20 51 0 93 37 79 61 49 34 20 24 114 86 45 30 89 29 64 61 53 
79 35 92 44 42 161 36 95 81 83 70 35 112 79 131 25 70 59 139 114 74 98 93 0 125 14 155 56 62 96 75 25 45 88 70 72 84 65 134 143 
70 92 105 82 118 36 90 36 71 103 55 105 15 79 55 135 55 123 50 51 51 81 37 125 0 112 38 73 63 29 50 143 108 52 55 102 44 80 32 45 
72 25 80 34 33 148 26 81 74 82 58 34 99 73 116 36 58 63 129 99 61 84 79 14 112 0 140 46 49 83 63 39 45 78 58 71 72 59 123 129 
108 124 111 114 138 37 122 59 110 141 88 140 53 117 42 168 89 160 81 52 81 86 61 155 38 140 0 108 95 65 82 175 144 90 89 140 80 118 64 22 
28 21 92 12 68 107 20 52 30 52 20 31 58 33 96 62 19 55 83 81 29 82 49 56 73 46 108 0 17 44 25 70 37 32 19 44 30 20 78 102 
39 29 78 19 62 99 27 37 42 68 9 46 50 47 80 73 9 72 83 64 13 66 34 62 63 49 95 17 0 34 13 81 53 34 9 61 24 36 75 87 
45 63 92 52 93 64 60 22 47 79 26 76 15 54 64 106 26 95 56 52 24 72 20 96 29 83 65 44 34 0 20 114 79 28 26 76 15 53 43 63 
38 42 82 32 74 85 40 27 41 71 5 57 36 47 72 86 6 80 71 57 7 66 24 75 50 63 82 25 13 20 0 94 62 27 6 65 12 40 62 77 
87 51 118 61 66 178 53 116 88 81 88 41 129 85 155 10 87 50 149 138 94 123 114 25 143 39 175 70 81 114 94 0 45 100 87 71 100 72 148 166 
44 30 118 35 78 140 33 89 44 38 57 12 93 40 133 35 56 20 106 117 66 114 86 45 108 45 144 37 53 79 62 45 0 59 56 27 65 29 106 139 
18 53 110 44 97 81 52 48 19 51 27 59 36 27 92 91 27 72 51 79 35 93 45 88 52 78 90 32 34 28 27 100 59 0 27 50 17 30 47 91 
35 36 84 26 71 91 34 33 37 66 1 50 41 43 78 80 0 74 74 62 11 69 30 70 55 58 89 19 9 26 6 87 56 27 0 60 15 35 66 83 
31 49 135 50 102 129 51 92 30 10 61 37 86 23 137 61 60 26 87 123 71 127 89 72 102 71 140 44 61 76 65 71 27 50 60 0 62 25 92 140 
32 49 94 39 86 77 48 32 34 65 15 61 28 41 76 92 15 80 59 63 19 77 29 84 44 72 80 30 24 15 12 100 65 17 15 62 0 38 51 77 
15 33 113 29 85 111 34 67 16 31 36 32 65 14 112 63 35 42 76 98 46 102 64 65 80 59 118 20 36 53 40 72 29 30 35 25 38 0 76 116 
62 99 133 89 136 38 98 61 62 89 66 107 31 69 87 138 66 117 18 83 67 111 61 134 32 123 64 78 75 43 62 148 106 47 66 92 51 76 0 76 
109 116 90 107 122 58 113 50 110 143 82 133 57 118 20 160 83 157 94 32 74 65 53 143 45 129 22 102 87 63 77 166 139 91 83 140 77 116 76 0 
0 0 0 0 0 8 856 0 0 0 0 6876 24 0 0 0 140 0 1 0 4385 49 148 1250 1 0 1 0 211 0 0 3546 2 0 73616 30554 9 1748 0 0 
0 0 16819 206 0 6 30 0 0 0 46721 279 63 68822 3 594 0 17 0 0 0 43 688 5565 57823 366 0 10 0 0 34 58 15719 3375 6 1 0 0 0 5264 
0 16819 0 0 0 34 0 0 0 6830 0 0 332 45 48512 0 1662 0 623 0 1 1659 0 0 0 0 0 0 1724 2230 0 19 0 0 0 12 0 0 0 0 
0 206 0 0 0 0 0 0 0 0 379 0 75 0 0 0 0 0 28 6 0 0 1 0 0 0 1 6 59922 0 10 61 3226 6100 0 10 2 74 50364 139 
0 0 0 0 0 0 3272 11926 108 509 6438 13 3 440 11 0 0 0 0 0 0 0 8 0 16048 0 0 0 1614 0 0 0 0 0 0 2083 49579 0 0 28060 
8 6 34 0 0 0 39761 2513 0 0 1 91 0 30 0 0 0 4925 549 49891 4054 0 0 0 2 11 0 130 6129 0 0 78 65119 0 0 0 0 0 0 0 
856 30 0 0 3272 39761 0 1903 14 0 0 17 0 1 1135 2 0 1 0 0 0 0 0 0 238 0 2077 0 9397 0 0 11 0 0 0 0 0 121 0 0 
0 0 0 0 11926 2513 1903 0 12 0 16604 52 9 0 0 0 166 0 62 0 0 0 18106 5214 17003 45 0 9 0 0 0 0 91255 1 0 0 2046 0 27248 0 
0 0 0 0 108 0 14 12 0 103 0 0 0 0 0 1601 0 0 15 108 4761 0 0 1398 2120 0 0 0 0 1681 0 0 158 0 0 11069 0 26094 0 0 
0 0 6830 0 509 0 0 0 103 0 1163 0 318 0 1 5 0 5 400 0 19 0 188 0 9 0 37 14 204 0 0 627 8 191 0 21 27123 4 0 0 
0 46721 0 379 6438 1 0 16604 0 1163 0 0 241 0 16664 2 636 2 46 165 8196 0 0 0 0 0 31 0 17185 0 11 0 21 0 43 72 0 0 2420 0 
6876 279 0 0 13 91 17 52 0 0 0 0 16079 0 1 3331 1623 1898 61 0 5125 5376 7 79 1057 0 116 11 0 10264 0 5 3749 1033 0 489 2988 0 0 206 
24 63 332 75 3 0 0 9 0 318 241 16079 0 1 0 6 0 0 0 19177 0 2481 0 354 0 0 35591 28904 19649 0 4 17892 0 1239 17902 0 0 557 6 17837 
0 68822 45 0 440 30 1 0 0 0 0 0 1 0 0 8 0 3350 5 13 0 0 63 0 0 4179 0 22 0 0 0 30 0 5479 0 32673 4 0 0 10984 
0 3 48512 0 11 0 1135 0 0 1 16664 1 0 0 0 0 0 1938 49 0 6 0 0 92 0 0 6364 0 0 0 0 137 0 1664 0 422 1 0 0 44819 
0 594 0 0 0 0 2 0 1601 5 2 3331 6 8 0 0 51316 0 2493 120 0 0 1 125 3061 12629 82172 0 0 4 0 266 0 93 714 69 2 0 0 2384 
140 0 1662 0 0 0 0 166 0 0 636 1623 0 0 0 51316 0 0 293 0 0 0 0 72 0 32 0 34795 0 0 6 0 396 0 0 13 0 0 0 34 
0 17 0 0 0 4925 1 0 0 5 2 1898 0 3350 1938 0 0 0 151 79 0 9 0 1535 0 0 5 0 0 0 430 0 8616 0 4282 0 42 5 9 329 
1 0 623 28 0 549 0 62 15 400 46 61 0 5 49 2493 293 151 0 2933 22345 0 0 0 0 0 0 2338 0 11 0 0 0 0 44004 0 0 4613 3626 0 
0 0 0 6 0 49891 0 0 108 0 165 0 19177 13 0 120 0 79 2933 0 0 0 0 0 1 56 22 0 6476 24767 12 284 0 10928 82635 0 16589 337 170 0 
4385 0 1 0 0 4054 0 0 4761 19 8196 5125 0 0 6 0 0 0 22345 0 0 14 865 0 0 0 1 5 11531 0 14712 0 2392 5658 4464 0 0 22 26872 31 
49 43 1659 0 0 0 0 0 0 0 0 5376 2481 0 0 0 0 9 0 0 14 0 0 0 7514 50052 0 4977 205 966 0 0 0 119 0 0 0 0 0 59095 
148 688 0 1 8 0 0 18106 0 188 0 7 0 63 0 1 0 0 0 0 865 0 0 5812 0 10811 0 0 3 4 0 0 0 0 54 0 0 783 0 4 
1250 5565 0 0 0 0 0 5214 1398 0 0 79 354 0 92 125 72 1535 0 0 0 0 5812 0 0 0 27644 525 0 0 24 169 0 344 0 31244 256 18399 0 10 
1 57823 0 0 16048 2 238 17003 2120 9 0 1057 0 0 0 3061 0 0 0 1 0 7514 0 0 0 113 0 0 1 64 0 0 1 0 0 68614 2 0 1071 5296 
0 366 0 0 0 11 0 45 0 0 0 0 0 4179 0 12629 32 0 0 56 0 50052 10811 0 113 0 0 0 32535 2058 0 0 0 0 2162 0 0 11 5 0 
1 0 0 1 0 0 2077 0 0 37 31 116 35591 0 6364 82172 0 5 0 22 1 0 0 27644 0 0 0 0 0 8251 0 325 0 0 0 1786 0 541 5252 969 
0 10 0 6 0 130 0 9 0 14 0 11 28904 22 0 0 34795 0 2338 0 5 4977 0 525 0 0 0 0 1299 0 662 0 19864 0 3 3 0 0 12576 0 
211 0 1724 59922 1614 6129 9397 0 0 204 17185 0 19649 0 0 0 0 0 0 6476 11531 205 3 0 1 32535 0 1299 0 29191 9 17075 3068 0 24405 0 0 0 45 1 
0 0 2230 0 0 0 0 0 1681 0 0 10264 0 0 0 4 0 0 11 24767 0 966 4 0 64 2058 8251 0 29191 0 13983 0 0 0 0 34 0 4 4 11848 
0 34 0 10 0 0 0 0 0 0 11 0 4 0 0 0 6 430 0 12 14712 0 0 24 0 0 0 662 9 13983 0 0 18952 0 1 0 0 80 0 161 
3546 58 19 61 0 78 11 0 0 627 0 5 17892 30 137 266 0 0 0 284 0 0 0 169 0 0 325 0 17075 0 0 0 33841 0 472 0 1393 50 6 7648 
2 15719 0 3226 0 65119 0 91255 158 8 21 3749 0 0 0 0 396 8616 0 0 2392 0 0 0 1 0 0 19864 3068 0 18952 33841 0 323 0 0 0 10630 222 0 
0 3375 0 6100 0 0 0 1 0 191 0 1033 1239 5479 1664 93 0 0 0 10928 5658 119 0 344 0 0 0 0 0 0 0 0 323 0 0 663 1 10576 670 0 
73616 6 0 0 0 0 0 0 0 0 43 0 17902 0 0 714 0 4282 44004 82635 4464 0 54 0 0 2162 0 3 24405 0 1 472 0 0 0 88 79 0 33 0 
30554 1 12 10 2083 0 0 0 11069 21 72 489 0 32673 422 69 13 0 0 0 0 0 0 31244 68614 0 1786 3 0 34 0 0 0 663 88 0 2 0 41914 36607 
9 0 0 2 49579 0 0 2046 0 27123 0 2988 0 4 1 2 0 42 0 16589 0 0 0 256 2 0 0 0 0 0 0 1393 0 1 79 2 0 8 0 33 
1748 0 0 74 0 0 121 0 26094 4 0 0 557 0 0 0 0 5 4613 337 22 0 783 18399 0 11 541 0 0 4 80 50 10630 10576 0 0 8 0 0 0 
0 0 0 50364 0 0 0 27248 0 0 2420 0 6 0 0 0 0 9 3626 170 26872 0 0 0 1071 5 5252 12576 45 4 0 6 222 670 33 41914 0 0 0 38493 
0 5264 0 139 28060 0 0 0 0 0 0 206 17837 10984 44819 2384 34 329 0 0 31 59095 4 10 5296 0 969 0 1 11848 161 7648 0 0 0 36607 33 0 38493 0 
0 101 427 10 145 2 0 64188 13843 18706 277 0 0 1856 50643 14 0 45 2 77 0 0 0 0 0 0 0 17462 0 54 16 0 0 4725 0 0 0 0 7851 7210 
101 0 0 0 10 0 0 26362 52696 5 0 0 0 0 0 0 10 0 46 84174 115 0 0 0 0 0 11130 0 8020 1001 2 0 0 0 0 0 2654 374 781 0 
427 0 0 6847 1381 0 30 23810 2822 0 1184 18 0 0 0 3982 0 3555 0 25328 0 0 2 60 2 198 2541 5525 0 0 1754 0 1198 1 7356 0 472 1946 11861 1125 
10 0 6847 0 3 15255 0 7 71716 2 0 385 0 0 120 0 440 6409 0 65 779 5 7 28679 10287 1138 0 3 0 27002 0 0 0 0 4448 0 0 0 0 0 
145 10 1381 3 0 15897 0 0 0 0 0 0 0 0 0 11573 686 4 1 43845 47735 1 0 3957 0 0 440 2 0 3229 228 4952 21 87 86681 0 0 6502 77 0 
2 0 0 15255 15897 0 0 0 19 136 0 0 9 0 1561 1 101 0 0 0 0 635 1825 1282 0 0 531 0 0 62 11986 0 0 112 1185 10147 784 107 516 3 
0 0 30 0 0 0 0 0 0 150 2627 0 0 0 0 0 127 0 271 3 372 5532 40 46 0 6 0 148 0 156 4 0 288 2 21 3893 37459 0 30313 77 
64188 26362 23810 7 0 0 0 0 2 12434 0 0 0 391 4056 2 0 2 0 486 12578 15135 0 0 0 0 35 0 57 0 149 91 0 0 120 323 0 2216 0 483 
13843 52696 2822 71716 0 19 0 2 0 0 997 2484 4796 68 277 0 221 21133 0 0 0 2585 17773 0 0 24161 27020 52775 47772 0 1 1 0 184 2 0 0 0 10306 81606 
18706 5 0 2 0 136 150 12434 0 0 0 1444 0 0 1 0 23836 0 0 22 0 11 0 4559 0 12 0 0 0 198 7 0 2 0 46844 0 0 0 232 3 
277 0 1184 0 0 0 2627 0 997 0 0 3 0 278 0 0 0 0 0 0 0 43 693 7586 11482 2 0 73 0 65 1 0 0 2863 0 0 164 1 0 15066 
0 0 18 385 0 0 0 0 2484 1444 3 0 0 12 0 0 0 0 0 63 0 0 0 0 0 6 0 0 25 0 14840 1 0 0 982 0 0 30739 19979 0 
0 0 0 0 0 9 0 0 4796 0 0 0 0 0 30 0 10451 344 145 0 9883 0 22350 0 18 25152 0 0 0 1064 0 0 72 0 0 5 1 0 0 0 
1856 0 0 0 0 0 0 391 68 0 278 12 0 0 7879 0 992 0 0 0 3 2 0 3 1 0 0 0 656 2691 7494 0 19 0 579 0 0 5 21 0 
50643 0 0 120 0 1561 0 4056 277 1 0 0 30 7879 0 1932 3231 0 0 70 200 1 154 0 171 67 0 8 1 1 2805 0 6151 0 233 0 11 1099 0 0 
14 0 3982 0 11573 1 0 2 0 0 0 0 0 0 1932 0 0 0 0 0 156 85 0 0 0 0 0 103 1874 0 3279 0 89 0 0 0 0 13839 6 0 
0 10 0 440 686 101 127 0 221 23836 0 0 10451 992 3231 0 0 527 0 0 0 1134 1 0 2437 0 11614 0 8 7249 0 92669 0 33 2 0 5 7 1 0 
45 0 3555 6409 4 0 0 2 21133 0 0 0 344 0 0 0 527 0 0 0 13789 0 1510 0 47689 35345 0 4 210 13377 0 1853 0 13648 0 12 0 0 0 0 
2 46 0 0 1 0 271 0 0 0 0 0 145 0 0 0 0 0 0 0 0 585 162 0 43094 45 8 0 2 0 620 261 4946 5 0 50252 40 0 0 0 
77 84174 25328 65 43845 0 3 486 0 22 0 63 0 0 70 0 0 0 0 0 95227 1185 2904 0 0 0 1 12337 0 0 0 0 14 0 0 1443 0 0 0 233 
0 115 0 779 47735 0 372 12578 0 0 0 0 9883 3 200 156 0 13789 0 95227 0 0 0 180 220 7 0 0 0 7 0 2 0 0 0 5608 44041 0 0 0 
0 0 0 5 1 635 5532 15135 2585 11 43 0 0 2 1 85 1134 0 585 1185 0 0 26 85649 0 0 22545 0 0 0 88763 1 18 0 35 2300 532 7017 1617 0 
0 0 2 7 0 1825 40 0 17773 0 693 0 22350 0 154 0 1 1510 162 2904 0 26 0 0 11 0 5094 960 0 0 9064 932 5474 1 0 3894 288 0 6230 0 
0 0 60 28679 3957 1282 46 0 0 4559 7586 0 0 3 0 0 0 0 0 0 180 85649 0 0 256 5 0 0 7 5 0 0 47648 0 6552 0 0 0 79 0 
0 0 2 10287 0 0 0 0 0 0 11482 0 18 1 171 0 2437 47689 43094 0 220 0 11 256 0 0 4 1333 0 0 13 24 0 62 1 0 0 737 0 0 
0 0 198 1138 0 0 6 0 24161 12 2 6 25152 0 67 0 0 35345 45 0 7 0 0 5 0 0 25464 42 0 0 600 14 2 38 0 2703 104 0 0 3137 
0 11130 2541 0 440 531 0 35 27020 0 0 0 0 0 0 0 11614 0 8 1 0 22545 5094 0 4 25464 0 1 15 0 54 0 303 943 7798 0 47 0 0 0 
17462 0 5525 3 2 0 148 0 52775 0 73 0 0 0 8 103 0 4 0 12337 0 0 960 0 1333 42 1 0 0 789 0 145 0 11546 0 0 2 0 0 942 
0 8020 0 0 0 0 0 57 47772 0 0 25 0 656 1 1874 8 210 2 0 0 0 0 7 0 0 15 0 0 0 3 0 0 15466 0 36223 8 24613 0 0 
54 1001 0 27002 3229 62 156 0 0 198 65 0 1064 2691 1 0 7249 13377 0 0 7 0 0 5 0 0 0 789 0 0 0 1116 965 4 10 0 129 1 0 0 
16 2 1754 0 228 11986 4 149 1 7 1 14840 0 7494 2805 3279 0 0 620 0 0 88763 9064 0 13 600 54 0 3 0 0 36342 0 2 3 880 2917 0 3814 0 
0 0 0 0 4952 0 0 91 1 0 0 1 0 0 0 0 92669 1853 261 0 2 1 932 0 24 14 0 145 0 1116 36342 0 0 8476 0 6272 0 0 0 0 
0 0 1198 0 21 0 288 0 0 2 0 0 72 19 6151 89 0 0 4946 14 0 18 5474 47648 0 2 303 0 0 965 0 0 0 0 33617 6120 54 0 0 2030 
4725 0 1 0 87 112 2 0 184 0 2863 0 0 0 0 0 33 13648 5 0 0 0 1 0 62 38 943 11546 15466 4 2 8476 0 0 7886 0 0 0 0 3823 
0 0 7356 4448 86681 1185 21 120 2 46844 0 982 0 579 233 0 2 0 0 0 0 35 0 6552 1 0 7798 0 0 10 3 0 33617 7886 0 0 0 5401 0 2260 
0 0 0 0 0 10147 3893 323 0 0 0 0 5 0 0 0 0 12 50252 1443 5608 2300 3894 0 0 2703 0 0 36223 0 880 6272 6120 0 0 0 0 34874 0 0 
0 2654 472 0 0 784 37459 0 0 0 164 0 1 0 11 0 5 0 40 0 44041 532 288 0 0 104 47 2 8 129 2917 0 54 0 0 0 0 0 9 0 
0 374 1946 0 6502 107 0 2216 0 0 1 30739 0 5 1099 13839 7 0 0 0 0 7017 0 0 737 0 0 0 24613 1 0 0 0 0 5401 34874 0 0 39204 22025 
7851 781 11861 0 77 516 30313 0 10306 232 0 19979 0 21 0 6 1 0 0 0 0 1617 6230 79 0 0 0 0 0 0 3814 0 0 0 0 0 9 39204 0 0 
7210 0 1125 0 0 3 77 483 81606 3 15066 0 0 0 0 0 0 0 0 233 0 0 0 0 0 3137 0 942 0 0 0 0 2030 3823 2260 0 0 22025 0 0 
0 134 195 15048 162 0 0 56 1 92884 3399 0 0 2429 155 1 0 174 0 232 0 0 0 0 0 99 0 16 0 315 2 0 0 628 0 0 0 0 78762 54641 
134 0 0 0 28246 0 3 28706 30979 7 0 0 0 0 0 0 3989 3 3 27559 2 0 0 0 0 0 10 0 53 9093 0 0 0 0 0 0 5 464 15 0 
195 0 0 2 69 0 1226 30301 8152 0 337 5886 0 0 0 16 0 86719 0 1093 2 0 2786 2 478 8811 582 1527 0 0 102 0 602 2071 202 0 319 15408 3142 5257 
15048 0 2 0 10 51 21 85497 10766 10 0 15 0 0 2824 75 25317 22222 0 0 0 31 13 338 1 1236 0 0 0 12606 0 0 0 0 2700 7 0 0 0 0 
162 28246 69 10 0 1488 0 0 0 0 0 0 2 0 0 141 1323 27 177 6 226 39 0 37 0 4 7223 0 0 361 2606 14440 180 0 3617 0 0 10 4804 0 
0 0 0 51 1488 0 0 0 7687 68 63 0 18 0 8394 15 18084 0 0 0 0 13 20 110 0 0 1069 0 0 14863 28192 0 0 42 61 195 31166 725 405 19 
0 3 1226 21 0 0 0 0 0 4 2214 1 600 21 0 0 46855 0 639 124 5 81596 0 1 0 1 0 841 0 4 2 0 23 152 14563 183 101 0 29127 1471 
56 28706 30301 85497 0 0 0 0 0 6 0 0 0 5 8318 2 0 0 0 2358 167 1872 0 0 0 0 966 0 0 86 24883 3 0 0 434 1520 0 3704 0 40 
1 30979 8152 10766 0 7687 0 0 0 0 241 6 2698 2190 13220 0 346 851 1 0 0 132 18546 0 0 4057 65487 24 77648 0 0 4883 0 28 6993 0 79 0 356 9468 
92884 7 0 10 0 68 4 6 0 0 0 22460 0 22 0 0 65483 0 0 130 0 233 0 6 0 9 0 0 0 292 5 0 0 0 2007 0 0 0 27 47824 
3399 0 337 0 0 63 2214 0 241 0 0 359 0 31061 0 0 0 2 0 0 0 394 1036 15 33665 77 0 24334 0 61864 0 97 0 5934 3 0 0 2 0 1 
0 0 5886 15 0 0 1 0 6 22460 359 0 0 65 0 0 0 0 0 22 0 0 0 0 0 529 0 0 61 0 25 0 0 0 62 0 0 5 26998 0 
0 0 0 0 2 18 600 0 2698 0 0 0 0 0 1778 0 6612 133 5 0 71944 0 61 0 0 2 0 0 0 1133 0 0 1514 0 0 376 139 0 0 0 
2429 0 0 0 0 0 21 5 2190 22 31061 65 0 0 25 0 897 0 34 0 10443 3 0 17 3 0 2984 0 20462 40931 11240 0 6956 0 5590 0 0 831 1 0 
155 0 0 2824 0 8394 0 8318 13220 0 0 0 1778 25 0 23 674 0 18 1087 0 9 2682 0 3 7461 0 0 1 2 287 0 22 0 1182 0 0 1 0 0 
1 0 16 75 141 15 0 2 0 0 0 0 0 0 23 0 0 4 0 0 187 53569 13 0 0 0 0 32 52 0 98 0 16 0 0 0 0 13394 1 0 
0 3989 0 25317 1323 18084 46855 0 346 65483 0 0 6612 897 674 0 0 41 0 9004 1 7910 145 0 3 0 336 0 12519 2625 0 1413 0 63 6 0 72262 6623 1166 0 
174 3 86719 22222 27 0 0 0 851 0 2 0 133 0 0 4 41 0 0 0 1394 0 14887 0 144 5685 0 9 1613 2042 0 442 0 1 0 5362 0 0 0 0 
0 3 0 0 177 0 639 0 1 0 0 0 5 34 18 0 0 0 0 0 0 605 88 1 12606 45 22 0 49453 0 517 329 4767 318 0 32149 0 0 0 30 
232 27559 1093 0 6 0 124 2358 0 130 0 22 0 0 1087 0 9004 0 0 0 1854 0 55704 100 2 0 0 59867 0 0 0 0 13 0 0 6371 0 0 0 3 
0 2 2 0 226 0 5 167 0 0 0 0 71944 10443 0 187 1 1394 0 1854 0 0 0 1 3149 122 0 0 0 8478 0 1991 0 0 0 1002 3144 0 0 0 
0 0 0 31 39 13 81596 1872 132 233 394 0 0 3 9 53569 7910 0 605 0 0 0 26 741 0 0 38 0 0 0 3442 53 2 0 2 39 3529 92488 22505 0 
0 0 2786 13 0 20 0 0 18546 0 1036 0 61 0 2682 13 145 14887 88 55704 0 26 0 0 59 0 22974 13 0 1 770 9 2549 205 0 18748 3710 0 8245 0 
0 0 2 338 37 110 1 0 0 6 15 0 0 17 0 0 0 0 1 100 1 741 0 0 114 36 0 0 79657 3 0 0 1 0 5600 0 0 0 3 6 
0 0 478 1 0 0 0 0 0 0 33665 0 0 3 3 0 3 144 12606 2 3149 0 59 114 0 0 3153 1521 1 0 11656 23 0 348 4 0 0 6894 0 0 
99 0 8811 1236 4 0 1 0 4057 9 77 529 2 0 7461 0 0 5685 45 0 122 0 0 36 0 0 2473 31588 0 0 88 0 763 5974 0 55024 52132 0 0 650 
0 10 582 0 7223 1069 0 966 65487 0 0 0 0 2984 0 0 336 0 22 0 0 38 22974 0 3153 2473 0 31 5 0 337 0 3909 2 8 0 16 0 0 0 
16 0 1527 0 0 0 841 0 24 0 24334 0 0 0 0 32 0 9 0 59867 0 0 13 0 1521 31588 31 0 0 1 0 605 0 3914 0 0 382 245 0 4769 
0 53 0 0 0 0 0 0 77648 0 0 61 0 20462 1 52 12519 1613 49453 0 0 0 0 79657 1 0 5 0 0 0 0 0 0 1352 0 30 13927 2095 0 0 
315 9093 0 12606 361 14863 4 86 0 292 61864 0 1133 40931 2 0 2625 2042 0 0 8478 0 1 3 0 0 0 1 0 0 0 233 19 8 1 0 8904 1 0 0 
2 0 102 0 2606 28192 2 24883 0 5 0 25 0 11240 287 98 0 0 517 0 0 3442 770 0 11656 88 337 0 0 0 0 241 0 7 0 117 27190 0 2853 0 
0 0 0 0 14440 0 0 3 4883 0 97 0 0 0 0 0 1413 442 329 0 1991 53 9 0 23 0 0 605 0 233 241 0 0 398 0 11 0 0 0 0 
0 0 602 0 180 0 23 0 0 0 0 0 1514 6956 22 16 0 0 4767 13 0 2 2549 1 0 763 3909 0 0 19 0 0 0 0 46 74 1509 0 0 0 
628 0 2071 0 0 42 152 0 28 0 5934 0 0 0 0 0 63 1 318 0 0 0 205 0 348 5974 2 3914 1352 8 7 398 0 0 583 0 0 0 0 182 
0 0 202 2700 3617 61 14563 434 6993 2007 3 62 0 5590 1182 0 6 0 0 0 0 2 0 5600 4 0 8 0 0 1 0 0 46 583 0 0 0 162 2 19 
0 0 0 7 0 195 183 1520 0 0 0 0 376 0 0 0 0 5362 32149 6371 1002 39 18748 0 0 55024 0 0 30 0 117 11 74 0 0 0 1 121 0 0 
0 5 319 0 0 31166 101 0 79 0 0 0 139 0 0 0 72262 0 0 0 3144 3529 3710 0 0 52132 16 382 13927 8904 27190 0 1509 0 0 1 0 0 4219 0 
0 464 15408 0 10 725 0 3704 0 0 2 5 0 831 1 13394 6623 0 0 0 0 92488 0 0 6894 0 0 245 2095 1 0 0 0 0 162 121 0 0 12401 1 
78762 15 3142 0 4804 405 29127 0 356 27 0 26998 0 1 0 1 1166 0 0 0 0 22505 8245 3 0 0 0 0 0 0 2853 0 0 0 2 0 4219 12401 0 0 
54641 0 5257 0 0 19 1471 40 9468 47824 1 0 0 0 0 0 0 0 30 3 0 0 0 6 0 650 0 4769 0 0 0 0 0 182 19 0 0 1 0 0 
0 39 21168 98529 225 0 0 1524 371 4253 0 0 0 42 2695 31872 0 4 1 16927 0 0 0 0 0 0 0 81 0 4 24751 0 0 1666 0 0 0 0 3 4 
39 0 0 0 78848 0 0 9381 1986 308 0 0 0 0 0 0 8687 0 8 2007 3 0 0 0 0 0 1425 0 32 5699 0 0 0 0 0 2 17 10 74 0 
21168 0 0 2609 3931 0 26701 5 1525 0 1860 22500 0 0 0 85857 0 7859 0 3 1 0 7623 1 3001 36461 1723 3 0 0 50 1 2492 45669 1823 0 3645 12982 4463 6786 
98529 0 2609 0 142 427 56939 3494 19990 7 0 29454 0 6 2 7108 81709 6958 0 0 3 387 0 1020 3 3662 0 13 0 4 0 0 0 0 11016 0 77 0 0 0 
225 78848 3931 142 0 38 0 0 0 0 0 0 0 0 0 29181 16505 8 1 3 3294 11435 0 470 0 8 36 0 0 988 32099 31504 2755 0 37055 0 0 10333 32 0 
0 0 0 427 38 0 0 0 8 1 0 0 894 0 164 108 1081 0 0 0 0 64 1 7256 0 0 7 0 0 1 445 0 0 41 5 35376 32492 477 31 1 
0 0 26701 56939 0 0 0 0 0 43071 1 1 11 0 0 0 7891 0 21 33 6 1206 1959 4 0 6 0 13177 0 40 412 0 5 3357 2395 377 33 0 39 1150 
1524 9381 5 3494 0 0 0 0 0 1878 0 0 0 1 9 3 0 31 0 10731 11244 681 0 0 0 0 2486 0 2 0 803 403 0 6 54818 155 0 48220 0 258 
371 1986 1525 19990 0 8 0 0 0 0 230 51 14527 796 529 0 168 29917 0 0 0 422 795 0 0 358 6259 15479 27714 0 75794 5205 0 84 32 0 21 0 54852 2546 
4253 308 0 7 0 1 43071 1878 0 0 0 581 0 0 0 0 518 0 0 47940 0 79 0 8730 0 67 0 0 0 222 3312 0 0 0 36582 0 0 1 3 8785 
0 0 1860 0 0 0 1 0 230 0 0 55538 0 6259 0 0 0 0 0 0 0 93627 2868 5 4134 11 0 180 0 1 0 72 0 261 0 0 1932 2573 0 14260 
0 0 22500 29454 0 0 1 0 51 581 55538 0 0 58547 0 0 0 0 0 55517 0 0 0 0 0 2 0 0 183 0 1574 0 0 0 466 0 0 8 2 0 
0 0 0 0 0 894 11 0 14527 0 0 0 0 0 19088 0 319 66 1097 0 1686 0 61 0 6440 3880 0 0 0 30344 0 0 20 0 0 74 14 0 0 0 
42 0 0 6 0 0 0 1 796 0 6259 58547 0 0 98153 0 1263 0 0 0 920 4364 0 44 71 0 9 0 55733 738 901 0 61093 0 5 0 1 1367 57789 0 
2695 0 0 2 0 164 0 9 529 0 0 0 19088 98153 0 3830 1 0 0 23 0 618 0 0 40 33 0 19 14 19 26116 0 265 0 7646 0 0 184 20441 0 
31872 0 85857 7108 29181 108 0 3 0 0 0 0 0 0 3830 0 0 6 0 0 43 9 0 0 0 0 0 10 17 0 139 0 34 0 0 0 0 85071 2 0 
0 8687 0 81709 16505 1081 7891 0 168 518 0 0 319 1263 1 0 0 44938 0 28000 8 286 27325 0 0 0 1570 0 39 26910 0 74 0 52 0 6 9 326 4 0 
4 0 7859 6958 8 0 0 31 29917 0 0 0 66 0 0 6 44938 0 0 0 1586 2 18199 0 13374 125 16 492 7 1197 0 15 0 41737 0 280 0 0 0 0 
1 8 0 0 1 0 21 0 0 0 0 0 1097 0 0 0 0 0 0 0 0 872 2063 68442 4 1 5064 0 8636 0 16 2572 11742 956 0 22 2 0 0 103 
16927 2007 3 0 3 0 33 10731 0 47940 0 55517 0 0 23 0 28000 0 0 0 6 13 1 2 0 0 1 1 0 0 0 0 7 0 0 800 0 0 0 0 
0 3 1 3 3294 0 6 11244 0 0 0 0 1686 920 0 43 8 1586 0 6 0 0 0 485 6961 1 0 0 0 74988 0 219 0 0 0 80411 108 0 0 0 
0 0 0 387 11435 64 1206 681 422 79 93627 0 0 4364 618 9 286 2 872 13 0 0 4 24687 0 0 364 0 0 0 1 72623 15684 0 2011 29686 14 17066 8990 0 
0 0 7623 0 0 1 1959 0 795 0 2868 0 61 0 0 0 27325 18199 2063 1 0 4 0 0 18759 0 506 218 0 0 1839 9138 68545 95432 0 27292 3716 0 842 0 
0 0 1 1020 470 7256 4 0 0 8730 5 0 0 44 0 0 0 0 68442 2 485 24687 0 0 32043 0 0 0 109 87 0 0 2 0 3 0 0 0 560 0 
0 0 3001 3 0 0 0 0 0 0 4134 0 6440 71 40 0 0 13374 4 0 6961 0 18759 32043 0 0 5232 16 11 0 2 0 0 61 280 0 0 130 0 0 
0 0 36461 3662 8 0 6 0 358 67 11 2 3880 0 33 0 0 125 1 0 1 0 0 0 0 0 1483 1514 0 0 129 7 49 49940 0 31566 1 0 0 3882 
0 1425 1723 0 36 7 0 2486 6259 0 0 0 0 9 0 0 1570 16 5064 1 0 364 506 0 5232 1483 0 17979 2543 0 6535 0 30404 6 57344 0 173 0 0 0 
81 0 3 13 0 0 13177 0 15479 0 180 0 0 0 19 10 0 492 0 1 0 0 218 0 16 1514 17979 0 0 21 0 2 0 49627 1 0 4762 50 0 1918 
0 32 0 0 0 0 0 2 27714 0 0 183 0 55733 14 17 39 7 8636 0 0 0 0 109 11 0 2543 0 0 0 0 0 0 14365 0 4 2 431 0 0 
4 5699 0 4 988 1 40 0 0 222 1 0 30344 738 19 0 26910 1197 0 0 74988 0 0 87 0 0 0 21 0 0 0 176 382 76 81006 0 3599 3 0 0 
24751 0 50 0 32099 445 412 803 75794 3312 0 1574 0 901 26116 139 0 0 16 0 0 1 1839 0 2 129 6535 0 0 0 0 4 0 21 0 5696 15398 0 21377 0 
0 0 1 0 31504 0 0 403 5205 0 72 0 0 0 0 0 74 15 2572 0 219 72623 9138 0 0 7 0 2 0 176 4 0 0 396 0 932 0 0 0 0 
0 0 2492 0 2755 0 5 0 0 0 0 0 20 61093 265 34 0 0 11742 7 0 15684 68545 2 0 49 30404 0 0 382 0 0 0 0 19150 8 123 0 0 8 
1666 0 45669 0 0 41 3357 6 84 0 261 0 0 0 0 0 52 41737 956 0 0 0 95432 0 61 49940 6 49627 14365 76 21 396 0 0 5 0 0 0 0 37776 
0 0 1823 11016 37055 5 2395 54818 32 36582 0 466 0 5 7646 0 0 0 0 0 0 2011 0 3 280 0 57344 1 0 81006 0 0 19150 5 0 0 0 8820 0 31876 
0 2 0 0 0 35376 377 155 0 0 0 0 74 0 0 0 6 280 22 800 80411 29686 27292 0 0 31566 0 0 4 0 5696 932 8 0 0 0 0 49 0 0 
0 17 3645 77 0 32492 33 0 21 0 1932 0 14 1 0 0 9 0 2 0 108 14 3716 0 0 1 173 4762 2 3599 15398 0 123 0 0 0 0 0 5759 0 
0 10 12982 0 10333 477 0 48220 0 1 2573 8 0 1367 184 85071 326 0 0 0 0 17066 0 0 130 0 0 50 431 3 0 0 0 0 8820 49 0 0 19 11757 
3 74 4463 0 32 31 39 0 54852 3 0 2 0 57789 20441 2 4 0 0 0 0 8990 842 560 0 0 0 0 0 0 21377 0 0 0 0 0 5759 19 0 0 
4 0 6786 0 0 1 1150 258 2546 8785 14260 0 0 0 0 0 0 0 103 0 0 0 0 0 0 3882 0 1918 0 0 0 0 8 37776 31876 0 0 11757 0 0 
