20 4
0 59 64 103 62 95 95 48 90 88 90 112 64 139 74 53 26 148 87 89 
59 0 70 49 40 62 36 46 31 30 43 69 27 80 26 37 59 91 39 30 
64 70 0 118 33 51 89 98 88 95 64 73 48 126 97 33 87 124 64 86 
103 49 118 0 85 94 38 68 34 23 68 88 69 56 28 85 93 77 65 36 
62 40 33 85 0 33 56 78 55 62 34 51 15 94 66 8 77 96 33 53 
95 62 51 94 33 0 57 107 59 71 25 22 37 82 84 42 110 75 28 57 
95 36 89 38 56 57 0 77 6 17 31 50 41 44 39 58 95 55 29 6 
48 46 98 68 78 107 77 0 71 63 90 115 69 117 41 71 27 133 86 71 
90 31 88 34 55 59 6 71 0 12 34 55 39 49 33 57 89 61 31 2 
88 30 95 23 62 71 17 63 12 0 46 67 46 53 23 63 84 69 43 14 
90 43 64 68 34 25 31 90 34 46 0 25 25 61 61 41 99 61 3 32 
112 69 73 88 51 22 50 115 55 67 25 0 49 63 86 60 123 54 29 53 
64 27 48 69 15 37 41 69 39 46 25 49 0 81 52 17 74 86 23 37 
139 80 126 56 94 82 44 117 49 53 61 63 81 0 75 99 137 23 62 50 
74 26 97 28 66 84 39 41 33 23 61 86 52 75 0 64 65 92 58 34 
53 37 33 85 8 42 58 71 57 63 41 60 17 99 64 0 69 102 39 55 
26 59 87 93 77 110 95 27 89 84 99 123 74 137 65 69 0 150 95 88 
148 91 124 77 96 75 55 133 61 69 61 54 86 23 92 102 150 0 63 62 
87 39 64 65 33 28 29 86 31 43 3 29 23 62 58 39 95 63 0 29 
89 30 86 36 53 57 6 71 2 14 32 53 37 50 34 55 88 62 29 0 
0 0 34428 146 23 3 0 18 0 21 14176 5 552 0 1 0 213 0 22 0 
0 0 63 8 0 0 0 0 1 20 405 5705 537 16264 0 0 0 0 0 0 
34428 63 0 0 0 0 15 58120 22369 0 0 65992 4000 134 1 21 34 0 0 57233 
146 8 0 0 3 88 0 1 413 0 0 7 0 8393 34 23 6147 2 0 1161 
23 0 0 3 0 681 0 4 2 0 9299 0 0 589 0 0 0 5 0 0 
3 0 0 88 681 0 2104 0 0 7565 616 0 0 0 0 31 62914 41349 108 0 
0 0 15 0 0 2104 0 17769 15191 0 1603 0 15 3485 398 0 609 0 0 21 
18 0 58120 1 4 0 17769 0 59 0 0 1767 6 0 0 137 0 14693 50 0 
0 1 22369 413 2 0 15191 59 0 10 0 0 0 18254 7 0 1075 0 1786 6 
21 20 0 0 0 7565 0 0 10 0 9366 4877 31 18 3752 28 0 0 0 0 
14176 405 0 0 9299 616 1603 0 0 9366 0 18 5201 0 6936 79 0 2255 0 0 
5 5705 65992 7 0 0 0 1767 0 4877 18 0 567 4 0 209 92506 80092 90 22 
552 537 4000 0 0 0 15 6 0 31 5201 567 0 0 0 0 0 0 1612 2 
0 16264 134 8393 589 0 3485 0 18254 18 0 4 0 0 342 0 50960 0 19 0 
1 0 1 34 0 0 398 0 7 3752 6936 0 0 342 0 136 3 0 0 169 
0 0 21 23 0 31 0 137 0 28 79 209 0 0 136 0 0 0 2 20 
213 0 34 6147 0 62914 609 0 1075 0 0 92506 0 50960 3 0 0 0 754 0 
0 0 0 2 5 41349 0 14693 0 0 2255 80092 0 0 0 0 0 0 0 2 
22 0 0 0 0 108 0 50 1786 0 0 90 1612 19 0 2 754 0 0 0 
0 0 57233 1161 0 0 21 0 6 0 0 22 2 0 169 20 0 2 0 0 
0 0 0 0 1 0 0 0 462 3 3612 0 28 0 0 530 3 14524 21 5 
0 0 805 44 8780 0 0 0 0 0 0 0 0 12676 3 36108 23151 32 1 1 
0 805 0 28 0 987 0 0 0 0 0 0 0 0 20 74 0 36194 1828 0 
0 44 28 0 43 0 0 1 882 0 570 0 0 190 195 3 67719 0 0 0 
1 8780 0 43 0 0 148 0 3 0 1129 4 0 0 0 0 143 0 5 601 
0 0 987 0 0 0 0 7 11 0 17973 16 0 190 0 7 0 17740 72 4 
0 0 0 0 148 0 0 0 0 0 30622 6426 5 0 7 82000 0 48 0 128 
0 0 0 1 0 7 0 0 56 58113 0 31643 1 0 32 0 8 990 90 159 
462 0 0 882 3 11 0 56 0 0 526 0 0 0 0 5 0 6 109 6 
3 0 0 0 0 0 0 58113 0 0 0 3132 356 0 0 7 32772 2 5639 31250 
3612 0 0 570 1129 17973 30622 0 526 0 0 0 1326 18718 19875 0 2909 2505 28860 55 
0 0 0 0 4 16 6426 31643 0 3132 0 0 0 0 2618 10824 33318 0 219 438 
28 0 0 0 0 0 5 1 0 356 1326 0 0 5 92136 0 9654 0 1083 0 
0 12676 0 190 0 190 0 0 0 0 18718 0 5 0 0 0 0 0 3 143 
0 3 20 195 0 0 7 32 0 0 19875 2618 92136 0 0 22 0 4351 22806 106 
530 36108 74 3 0 7 82000 0 5 7 0 10824 0 0 22 0 53 386 956 0 
3 23151 0 67719 143 0 0 8 0 32772 2909 33318 9654 0 0 53 0 2628 81 0 
14524 32 36194 0 0 17740 48 990 6 2 2505 0 0 0 4351 386 2628 0 0 0 
21 1 1828 0 5 72 0 90 109 5639 28860 219 1083 3 22806 956 81 0 0 17 
5 1 0 0 601 4 128 159 6 31250 55 438 0 143 106 0 0 0 17 0 
0 1424 213 0 0 0 423 2 9 87 0 0 0 0 10 7709 54 237 8 0 
1424 0 0 0 90340 151 766 0 1 65 0 1101 0 0 66 468 0 421 0 23898 
213 0 0 1946 0 2 6 12015 7017 0 79 0 0 326 153 0 0 0 3970 0 
0 0 1946 0 0 2 98 0 0 0 0 0 77305 7618 287 0 0 0 41628 0 
0 90340 0 0 0 0 1 51 0 3 0 0 0 260 57199 0 16306 0 0 2 
0 151 2 2 0 0 0 4 0 0 0 891 9 0 0 0 0 0 428 0 
423 766 6 98 1 0 0 0 0 0 0 0 0 13936 3673 0 0 0 0 19 
2 0 12015 0 51 4 0 0 0 42 0 0 0 746 2999 164 117 0 1766 3708 
9 1 7017 0 0 0 0 0 0 0 16854 15 0 41922 0 2 0 0 0 0 
87 65 0 0 3 0 0 42 0 0 4000 199 0 16 0 227 0 14461 0 16656 
0 0 79 0 0 0 0 0 16854 4000 0 0 0 5 14312 0 396 77 678 0 
0 1101 0 0 0 891 0 0 15 199 0 0 0 101 0 0 0 12591 194 0 
0 0 0 77305 0 9 0 0 0 0 0 0 0 185 0 11 0 0 0 0 
0 0 326 7618 260 0 13936 746 41922 16 5 101 185 0 0 1 0 0 23 8118 
10 66 153 287 57199 0 3673 2999 0 0 14312 0 0 0 0 0 32 61988 0 67 
7709 468 0 0 0 0 0 164 2 227 0 0 11 1 0 0 0 12 0 16 
54 0 0 0 16306 0 0 117 0 0 396 0 0 0 32 0 0 0 33 38 
237 421 0 0 0 0 0 0 0 14461 77 12591 0 0 61988 12 0 0 850 0 
8 0 3970 41628 0 428 0 1766 0 0 678 194 0 23 0 0 33 850 0 0 
0 23898 0 0 2 0 19 3708 0 16656 0 0 0 8118 67 16 38 0 0 0 
0 5057 10831 1 0 2 84859 0 5896 46 0 0 79 30 0 7 854 69 317 1337 
5057 0 0 46 4 0 1 0 0 0 0 0 0 0 20 0 0 0 0 0 
10831 0 0 1 1014 11120 26 0 11154 0 0 12883 0 22 0 0 0 0 0 0 
1 46 1 0 118 26 6 3 2826 0 3 84 0 42613 139 0 104 0 6494 0 
0 4 1014 118 0 0 2 0 39 0 0 0 3157 1091 323 56 0 0 0 0 
2 0 11120 26 0 0 0 38246 0 0 56721 0 12 40316 0 4 44379 59274 0 556 
84859 1 26 6 2 0 0 478 59272 0 590 39 2 16354 0 2 0 1 98414 0 
0 0 0 3 0 38246 478 0 0 17393 0 32877 0 1163 126 0 1 0 85189 34 
5896 0 11154 2826 39 0 59272 0 0 0 35 1368 64182 57445 0 0 2002 0 3979 0 
46 0 0 0 0 0 0 17393 0 0 8416 0 497 0 955 424 347 0 0 0 
0 0 0 3 0 56721 590 0 35 8416 0 6 0 2 0 278 0 8807 0 0 
0 0 12883 84 0 0 39 32877 1368 0 6 0 0 0 0 0 871 19048 0 0 
79 0 0 0 3157 12 2 0 64182 497 0 0 0 25888 2 0 0 34 7540 21 
30 0 22 42613 1091 40316 16354 1163 57445 0 2 0 25888 0 0 24 0 146 0 0 
0 20 0 139 323 0 0 126 0 955 0 0 2 0 0 0 0 76 27 0 
7 0 0 0 56 4 2 0 0 424 278 0 0 24 0 0 2 0 0 0 
854 0 0 104 0 44379 0 1 2002 347 0 871 0 0 0 2 0 2 16943 11641 
69 0 0 0 0 59274 1 0 0 0 8807 19048 34 146 76 0 2 0 0 2 
317 0 0 6494 0 0 98414 85189 3979 0 0 0 7540 0 27 0 16943 0 0 488 
1337 0 0 0 0 556 0 34 0 0 0 0 21 0 0 0 11641 2 488 0 
