50 4
0 59 64 103 62 95 95 48 90 88 90 112 64 139 74 53 26 148 87 89 78 107 103 6 100 177 116 85 94 32 58 33 140 154 91 89 149 95 129 136 69 115 101 157 54 90 105 87 127 110 
59 0 70 49 40 62 36 46 31 30 43 69 27 80 26 37 59 91 39 30 28 48 85 53 62 119 57 26 35 49 19 41 84 96 32 30 99 39 70 86 73 69 42 98 15 31 60 28 82 56 
64 70 0 118 33 51 89 98 88 95 64 73 48 126 97 33 87 124 64 86 63 108 150 62 58 154 114 86 89 33 53 83 147 156 86 84 168 106 127 100 125 78 97 140 80 90 70 87 153 86 
103 49 118 0 85 94 38 68 34 23 68 88 69 56 28 85 93 77 65 36 58 23 68 97 90 97 30 33 37 98 65 74 38 53 38 38 50 11 35 90 81 85 32 73 48 31 81 32 37 63 
62 40 33 85 0 33 56 78 55 62 34 51 15 94 66 8 77 96 33 53 30 75 125 57 38 126 81 53 55 32 21 66 113 123 53 51 135 74 94 77 106 55 64 110 53 57 45 54 121 57 
95 62 51 94 33 0 57 107 59 71 25 22 37 82 84 42 110 75 28 57 37 76 147 91 7 104 78 61 57 65 46 97 112 117 56 55 139 82 90 49 135 27 64 93 77 62 20 61 131 41 
95 36 89 38 56 57 0 77 6 17 31 50 41 44 39 58 95 55 29 6 25 20 100 89 52 83 25 11 1 78 40 76 58 67 4 6 82 27 38 57 100 48 8 62 47 8 43 10 75 27 
48 46 98 68 78 107 77 0 71 63 90 115 69 117 41 71 27 133 86 71 75 81 55 45 108 159 90 66 76 65 60 15 106 121 74 72 107 64 101 132 28 116 80 136 31 70 107 68 82 102 
90 31 88 34 55 59 6 71 0 12 34 55 39 49 33 57 89 61 31 2 25 20 94 84 56 89 27 5 5 75 38 70 58 68 4 4 81 23 41 63 94 53 11 67 41 3 47 3 71 33 
88 30 95 23 62 71 17 63 12 0 46 67 46 53 23 63 84 69 43 14 35 19 82 82 68 95 28 10 16 78 43 65 53 65 16 16 72 11 40 74 84 65 17 72 36 9 59 10 60 45 
90 43 64 68 34 25 31 90 34 46 0 25 25 61 61 41 99 61 3 32 15 51 124 84 22 92 53 36 32 65 32 83 87 94 30 30 114 57 66 45 116 26 39 76 58 37 17 36 106 22 
112 69 73 88 51 22 50 115 55 67 25 0 49 63 86 60 123 54 29 53 40 67 148 107 15 82 66 58 51 84 57 108 98 101 51 51 128 77 76 27 142 5 56 73 84 58 8 57 125 26 
64 27 48 69 15 37 41 69 39 46 25 49 0 81 52 17 74 86 23 37 16 60 112 58 38 116 66 37 40 40 8 60 98 108 37 36 119 58 79 71 97 51 49 98 41 41 41 38 105 47 
139 80 126 56 94 82 44 117 49 53 61 63 81 0 75 99 137 23 62 50 65 36 125 133 74 41 27 54 45 121 83 118 42 40 48 50 74 54 23 49 136 59 38 18 89 49 61 52 82 40 
74 26 97 28 66 84 39 41 33 23 61 86 52 75 0 64 65 92 58 34 47 39 62 69 83 117 49 28 38 73 45 46 66 80 37 35 76 23 59 96 61 84 40 94 20 31 77 29 56 66 
53 37 33 85 8 42 58 71 57 63 41 60 17 99 64 0 69 102 39 55 34 77 120 48 46 132 83 54 58 24 20 58 115 125 55 53 135 74 97 85 99 63 67 115 48 58 53 55 119 63 
26 59 87 93 77 110 95 27 89 84 99 123 74 137 65 69 0 150 95 88 85 103 79 26 113 178 112 83 93 54 66 19 131 145 91 89 135 88 124 144 43 125 99 156 48 88 115 85 110 115 
148 91 124 77 96 75 55 133 61 69 61 54 86 23 92 102 150 0 63 62 70 55 146 142 68 30 47 67 57 126 90 132 65 61 59 61 97 73 46 31 154 49 52 20 102 63 55 65 105 39 
87 39 64 65 33 28 29 86 31 43 3 29 23 62 58 39 95 63 0 29 11 49 121 81 25 93 52 33 29 63 29 79 86 93 27 27 112 54 65 48 113 29 37 77 55 34 20 33 103 24 
89 30 86 36 53 57 6 71 2 14 32 53 37 50 34 55 88 62 29 0 23 22 95 83 54 89 29 5 5 73 36 70 60 70 2 2 83 25 42 62 94 51 12 68 40 5 45 4 73 32 
78 28 63 58 30 37 25 75 25 35 15 40 16 65 47 34 85 70 11 23 0 45 110 72 35 100 50 25 25 56 20 68 83 92 22 21 106 47 64 59 101 41 33 81 43 28 32 26 96 31 
107 48 108 23 75 76 20 81 20 19 51 67 60 36 39 77 103 55 49 22 45 0 91 101 71 77 9 23 20 95 58 84 38 48 22 24 62 18 21 67 100 64 12 54 55 18 60 21 58 41 
103 85 150 68 125 147 100 55 94 82 124 148 112 125 62 120 79 146 121 95 110 91 0 100 146 164 99 90 98 119 104 71 95 110 98 97 80 74 102 156 39 147 97 141 72 91 140 91 53 127 
6 53 62 97 57 91 89 45 84 82 84 107 58 133 69 48 26 142 81 83 72 101 100 0 95 171 110 79 88 29 52 29 135 148 85 83 144 89 123 130 68 109 95 151 48 84 99 81 122 104 
100 62 58 90 38 7 52 108 56 68 22 15 38 74 83 46 113 68 25 54 35 71 146 95 0 97 72 58 53 70 47 99 106 111 52 52 134 79 84 42 135 19 59 86 77 59 13 58 127 35 
177 119 154 97 126 104 83 159 89 95 92 82 116 41 117 132 178 30 93 89 100 77 164 171 97 0 68 94 84 156 120 159 73 63 87 89 103 95 62 57 177 77 78 23 130 89 84 92 117 69 
116 57 114 30 81 78 25 90 27 28 53 66 66 27 49 83 112 47 52 29 50 9 99 110 72 68 0 31 25 102 65 93 34 42 28 30 62 26 13 62 109 62 16 45 64 26 60 29 61 39 
85 26 86 33 53 61 11 66 5 10 36 58 37 54 28 54 83 67 33 5 25 23 90 79 58 94 31 0 10 72 35 65 61 72 8 7 82 21 44 68 89 57 16 72 35 5 50 2 70 37 
94 35 89 37 55 57 1 76 5 16 32 51 40 45 38 58 93 57 29 5 25 20 98 88 53 84 25 10 0 78 40 75 58 67 3 5 82 26 39 58 99 49 8 63 45 7 44 8 74 28 
32 49 33 98 32 65 78 65 75 78 65 84 40 121 73 24 54 126 63 73 56 95 119 29 70 156 102 72 78 0 37 50 132 144 75 73 148 88 116 109 92 87 86 138 53 76 77 73 129 87 
58 19 53 65 21 46 40 60 38 43 32 57 8 83 45 20 66 90 29 36 20 58 104 52 47 120 65 35 40 37 0 51 96 106 37 35 115 54 79 78 89 58 48 100 32 39 48 36 100 51 
33 41 83 74 66 97 76 15 70 65 83 108 60 118 46 58 19 132 79 70 68 84 71 29 99 159 93 65 75 50 51 0 112 127 72 70 118 69 105 127 42 109 80 137 29 69 99 67 94 98 
140 84 147 38 113 112 58 106 58 53 87 98 98 42 66 115 131 65 86 60 83 38 95 135 106 73 34 61 58 132 96 112 0 15 60 62 32 45 22 90 116 94 49 51 86 56 94 59 44 72 
154 96 156 53 123 117 67 121 68 65 94 101 108 40 80 125 145 61 93 70 92 48 110 148 111 63 42 72 67 144 106 127 15 0 70 71 40 58 28 89 132 97 58 43 99 67 98 70 58 76 
91 32 86 38 53 56 4 74 4 16 30 51 37 48 37 55 91 59 27 2 22 22 98 85 52 87 28 8 3 75 37 72 60 70 0 2 84 27 42 59 97 49 11 66 43 7 43 7 75 29 
89 30 84 38 51 55 6 72 4 16 30 51 36 50 35 53 89 61 27 2 21 24 97 83 52 89 30 7 5 73 35 70 62 71 2 0 85 27 43 60 96 49 13 68 41 7 43 6 75 30 
149 99 168 50 135 139 82 107 81 72 114 128 119 74 76 135 135 97 112 83 106 62 80 144 134 103 62 82 82 148 115 118 32 40 84 85 0 61 54 122 110 124 75 83 97 78 122 81 27 101 
95 39 106 11 74 82 27 64 23 11 57 77 58 54 23 74 88 73 54 25 47 18 74 89 79 95 26 21 26 88 54 69 45 58 27 27 61 0 36 82 82 75 23 72 41 20 70 21 49 53 
129 70 127 35 94 90 38 101 41 40 66 76 79 23 59 97 124 46 65 42 64 21 102 123 84 62 13 44 39 116 79 105 22 28 42 43 54 36 0 68 117 72 30 38 76 39 71 43 59 49 
136 86 100 90 77 49 57 132 63 74 45 27 71 49 96 85 144 31 48 62 59 67 156 130 42 57 62 68 58 109 78 127 90 89 59 60 122 82 68 0 156 23 59 52 100 65 32 66 124 30 
69 73 125 81 106 135 100 28 94 84 116 142 97 136 61 99 43 154 113 94 101 100 39 68 135 177 109 89 99 92 89 42 116 132 97 96 110 82 117 156 0 142 101 154 58 92 133 90 83 126 
115 69 78 85 55 27 48 116 53 65 26 5 51 59 84 63 125 49 29 51 41 64 147 109 19 77 62 57 49 87 58 109 94 97 49 49 124 75 72 23 142 0 53 68 84 56 9 56 122 23 
101 42 97 32 64 64 8 80 11 17 39 56 49 38 40 67 99 52 37 12 33 12 97 95 59 78 16 16 8 86 48 80 49 58 11 13 75 23 30 59 101 53 0 56 51 11 49 14 69 30 
157 98 140 73 110 93 62 136 67 72 76 73 98 18 94 115 156 20 77 68 81 54 141 151 86 23 45 72 63 138 100 137 51 43 66 68 83 72 38 52 154 68 56 0 107 67 72 70 95 53 
54 15 80 48 53 77 47 31 41 36 58 84 41 89 20 48 48 102 55 40 43 55 72 48 77 130 64 35 45 53 32 29 86 99 43 41 97 41 76 100 58 84 51 107 0 40 75 37 76 70 
90 31 90 31 57 62 8 70 3 9 37 58 41 49 31 58 88 63 34 5 28 18 91 84 59 89 26 5 7 76 39 69 56 67 7 7 78 20 39 65 92 56 11 67 40 0 50 3 68 35 
105 60 70 81 45 20 43 107 47 59 17 8 41 61 77 53 115 55 20 45 32 60 140 99 13 84 60 50 44 77 48 99 94 98 43 43 122 70 71 32 133 9 49 72 75 50 0 50 118 21 
87 28 87 32 54 61 10 68 3 10 36 57 38 52 29 55 85 65 33 4 26 21 91 81 58 92 29 2 8 73 36 67 59 70 7 6 81 21 43 66 90 56 14 70 37 3 50 0 70 36 
127 82 153 37 121 131 75 82 71 60 106 125 105 82 56 119 110 105 103 73 96 58 53 122 127 117 61 70 74 129 100 94 44 58 75 75 27 49 59 124 83 122 69 95 76 68 118 70 0 99 
110 56 86 63 57 41 27 102 33 45 22 26 47 40 66 63 115 39 24 32 31 41 127 104 35 69 39 37 28 87 51 98 72 76 29 30 101 53 49 30 126 23 30 53 70 35 21 36 99 0 
0 40221 42764 3 34 0 6879 0 75531 0 0 5 4 51594 0 3 0 0 0 0 1333 5187 0 0 0 184 0 0 0 0 0 1030 214 0 9863 0 0 0 0 7 0 204 0 0 15 4 72 1204 10 0 
40221 0 0 28 0 0 16 1751 0 1953 814 5738 0 753 15 3553 108 23216 3694 33451 0 0 0 17304 4 5 0 0 3 0 0 115 0 0 1 0 0 0 74 9 0 0 43 422 0 1 0 7 10332 0 
42764 0 0 2 0 42922 7508 0 336 1290 4832 0 3 18596 0 0 577 0 62069 46026 0 0 43443 0 51987 0 0 21 59 0 0 9865 21 0 0 0 13 0 0 2 1036 0 0 0 0 0 0 2985 12 104 
3 28 2 0 73 12707 18 1 0 0 0 0 1201 19 41113 0 0 0 0 0 3 0 0 0 8 26 2010 0 76 5095 0 126 0 0 0 324 0 32 0 0 0 0 1917 3499 0 37 0 230 6994 598 
34 0 0 73 0 30 2 18454 0 405 0 1900 62 0 34 0 0 7 0 46643 1139 12458 0 0 25 0 909 0 0 0 63935 0 16748 0 265 0 0 1809 11 110 7529 108 0 3 0 98 6041 86972 0 12 
0 0 42922 12707 30 0 12 882 0 0 150 2 0 0 6147 5 2 17 0 3 10134 0 4380 2615 54629 2941 0 676 13095 0 0 0 0 3 0 0 1 0 0 119 0 5 93 206 0 0 330 21 3 425 
6879 16 7508 18 2 12 0 2 0 0 22 69012 15326 59 0 47229 0 0 12520 0 515 8 4 4 0 0 0 8 0 0 46024 5 0 0 2824 14 0 1 0 1 19065 13 0 0 0 0 0 0 29 11 
0 1751 0 1 18454 882 2 0 0 3925 0 0 0 15 0 33777 0 0 0 0 2946 11 0 4 7799 0 1 1 0 3602 1 0 0 0 2 0 38245 27 246 0 0 4 3729 0 0 0 73 403 0 0 
75531 0 336 0 0 0 0 0 0 12 0 0 0 2 0 0 0 1161 1390 0 0 0 16603 0 0 2405 0 0 461 0 3670 0 0 23 0 0 0 455 0 7610 0 0 1206 2 1 15441 1568 0 0 42 
0 1953 1290 0 405 0 0 3925 12 0 0 0 0 0 38437 12 756 0 0 0 0 0 0 0 0 1 1010 7277 0 0 31 0 0 52314 0 132 0 0 0 2 3049 0 79641 5984 55144 12 0 44 0 0 
0 814 4832 0 0 150 22 0 0 0 0 72 1287 7991 1049 0 0 2 244 0 4 0 0 391 0 20 70023 87 29 0 0 92398 0 0 0 13796 0 1416 0 820 0 6626 0 703 10966 13078 0 0 0 834 
5 5738 0 0 1900 2 69012 0 0 0 72 0 0 0 26 0 0 1512 0 224 337 318 0 0 0 4851 1 22 3964 6215 3 0 0 440 10645 1 0 1 410 3561 2 0 0 0 4228 0 0 0 3 14 
4 0 3 1201 62 0 15326 0 0 0 1287 0 0 0 65 0 0 13106 0 860 0 41 112 601 0 2866 0 0 1 0 3820 1349 0 102 43290 4603 24 0 1052 0 0 119 0 0 0 47432 0 0 1 1425 
51594 753 18596 19 0 0 59 15 2 0 7991 0 0 0 1 0 1786 0 203 986 1346 0 0 4 16233 1 5724 0 0 0 0 0 159 0 2561 0 154 0 1124 17152 3305 0 0 5272 0 0 0 0 2428 4 
0 15 0 41113 34 6147 0 0 0 38437 1049 26 65 1 0 13114 0 0 0 0 0 29294 0 0 0 874 4 0 8 0 0 0 2 0 0 0 21 0 111 0 0 127 3757 6093 0 33 0 0 34 0 
3 3553 0 0 0 5 47229 33777 0 12 0 0 0 0 13114 0 1215 226 0 0 161 0 101 0 39841 0 133 12513 919 0 0 0 5 0 0 0 0 0 2 0 151 0 4 79770 0 1 20195 109 0 0 
0 108 577 0 0 2 0 0 0 756 0 0 0 1786 0 1215 0 21 10 0 0 9784 11477 0 0 0 757 0 41 62 3546 44 0 27 0 22 0 0 361 18158 0 347 0 0 3 0 0 12 0 0 
0 23216 0 0 7 17 0 0 1161 0 2 1512 13106 0 0 226 21 0 0 3 79 0 0 0 0 0 0 1109 212 72639 57 0 0 30488 53613 28829 0 2 0 2665 0 1012 735 9 4508 5562 0 0 37349 2116 
0 3694 62069 0 0 0 12520 0 1390 0 244 0 0 203 0 0 10 0 0 0 23 7232 432 0 35 432 184 10 0 0 0 0 0 33 19596 94 149 28550 0 1 0 95486 0 0 0 0 0 0 0 0 
0 33451 46026 0 46643 3 0 0 0 0 0 224 860 986 0 0 0 3 0 0 48839 0 0 328 0 205 13476 0 0 0 0 0 81917 0 0 4 33 0 1 0 0 0 0 3168 0 0 92 0 0 27393 
1333 0 0 3 1139 10134 515 2946 0 0 4 337 0 1346 0 161 0 79 23 48839 0 31 0 5518 0 0 0 1 0 0 0 5211 8674 0 0 8 5 0 0 84426 0 8 8 12 20441 31 3 4 0 0 
5187 0 0 0 12458 0 8 11 0 0 0 318 41 0 29294 0 9784 0 7232 0 31 0 26072 66 0 0 9026 0 47 0 18 0 12358 1220 16903 0 0 0 6 0 3 16761 4 0 1055 283 0 0 0 0 
0 0 43443 0 0 4380 4 0 16603 0 0 0 112 0 0 101 11477 0 432 0 0 26072 0 20666 0 1 0 0 0 0 8210 0 0 0 2540 5 6 3282 0 0 2162 0 47 0 1087 20 0 41460 0 11310 
0 17304 0 0 0 2615 4 4 0 0 391 0 601 4 0 0 0 0 0 328 5518 66 20666 0 11 755 0 0 66192 8622 0 0 0 0 75886 4218 0 915 11 0 0 21 0 0 3074 0 0 19278 1550 10413 
0 4 51987 8 25 54629 0 7799 0 0 0 0 0 16233 0 39841 0 0 35 0 0 0 0 11 0 6946 0 181 0 63 29 0 5 0 0 1911 0 0 0 0 0 898 1 8 3 5 8 2 0 0 
184 5 0 26 0 2941 0 0 2405 1 20 4851 2866 1 874 0 0 0 432 205 0 0 1 755 6946 0 9885 53 54 459 0 0 24437 44653 0 1 4 0 2 62235 468 17 0 11 0 51 18 0 8473 0 
0 0 0 2010 909 0 0 1 0 1010 70023 1 0 5724 4 133 757 0 184 13476 0 9026 0 0 0 9885 0 0 0 1 10 0 2 64935 0 0 43 8016 0 2 0 0 0 1 469 444 929 0 0 6468 
0 0 21 0 0 676 8 1 0 7277 87 22 0 0 0 12513 0 1109 10 0 1 0 0 0 181 53 0 0 242 39619 0 0 196 78946 0 14706 49 8833 0 57956 27 2 77 0 0 1285 0 59 0 8 
0 3 59 76 0 13095 0 0 461 0 29 3964 1 0 8 919 41 212 0 0 0 47 0 66192 0 54 0 242 0 0 60169 0 0 3017 0 6158 0 1 37936 0 0 137 23814 300 42946 3 41907 39 433 55 
0 0 0 5095 0 0 0 3602 0 0 0 6215 0 0 0 0 62 72639 0 0 0 0 0 8622 63 459 1 39619 0 0 0 173 174 0 4586 20 0 12615 0 44180 0 0 0 0 0 0 0 96680 34 0 
0 0 0 0 63935 0 46024 1 3670 31 0 3 3820 0 0 0 3546 57 0 0 0 18 8210 0 29 0 10 0 60169 0 0 0 0 0 0 25268 8481 3910 0 0 1560 0 7 0 6718 0 0 0 0 0 
1030 115 9865 126 0 0 5 0 0 0 92398 0 1349 0 0 0 44 0 0 0 5211 0 0 0 0 0 0 0 0 173 0 0 52276 0 0 1 0 4 0 4192 0 0 1741 0 4477 130 0 0 0 2 
214 0 21 0 16748 0 0 0 0 0 0 0 0 159 2 5 0 0 0 81917 8674 12358 0 0 5 24437 2 196 0 174 0 52276 0 34473 0 0 1 0 84945 1533 1 0 0 6 31 14 6 0 0 10 
0 0 0 0 0 3 0 0 23 52314 0 440 102 0 0 0 27 30488 33 0 0 1220 0 0 0 44653 64935 78946 3017 0 0 0 34473 0 80 96 0 0 49 0 778 0 199 0 4067 1438 0 0 0 8330 
9863 1 0 0 265 0 2824 2 0 0 0 10645 43290 2561 0 0 0 53613 19596 0 0 16903 2540 75886 0 0 0 0 0 4586 0 0 0 80 0 0 0 0 0 0 2 623 0 0 0 0 361 0 0 0 
0 0 0 324 0 0 14 0 0 132 13796 1 4603 0 0 0 22 28829 94 4 8 0 5 4218 1911 1 0 14706 6158 20 25268 1 0 96 0 0 916 473 0 0 40 0 692 1657 0 0 150 0 0 9118 
0 0 13 0 0 1 0 38245 0 0 0 0 24 154 21 0 0 0 149 33 5 0 6 0 0 4 43 49 0 0 8481 0 1 0 0 916 0 47 0 0 0 0 6580 0 5 41 0 0 0 12 
0 0 0 32 1809 0 1 27 455 0 1416 1 0 0 0 0 0 2 28550 0 0 0 3282 915 0 0 8016 8833 1 12615 3910 4 0 0 0 473 47 0 0 0 0 0 12495 0 0 0 0 0 1668 0 
0 74 0 0 11 0 0 246 0 0 0 410 1052 1124 111 2 361 0 0 1 0 6 0 11 0 2 0 0 37936 0 0 0 84945 49 0 0 0 0 0 0 0 0 217 0 0 556 204 0 7094 0 
7 9 2 0 110 119 1 0 7610 2 820 3561 0 17152 0 0 18158 2665 1 0 84426 0 0 0 0 62235 2 57956 0 44180 0 4192 1533 0 0 0 0 0 0 0 28 8 2 4871 2987 0 69272 1347 0 763 
0 0 1036 0 7529 0 19065 0 0 3049 0 2 0 3305 0 151 0 0 0 0 0 3 2162 0 0 468 0 27 0 0 1560 0 1 778 2 40 0 0 0 28 0 286 0 3 0 1 934 1 3 0 
204 0 0 0 108 5 13 4 0 0 6626 0 119 0 127 0 347 1012 95486 0 8 16761 0 21 898 17 0 2 137 0 0 0 0 0 623 0 0 0 0 8 286 0 94081 0 0 0 0 4654 7 57 
0 43 0 1917 0 93 0 3729 1206 79641 0 0 0 0 3757 4 0 735 0 0 8 4 47 0 1 0 0 77 23814 0 7 1741 0 199 0 692 6580 12495 217 2 0 94081 0 0 0 57037 0 0 11 47272 
0 422 0 3499 3 206 0 0 2 5984 703 0 0 5272 6093 79770 0 9 0 3168 12 0 0 0 8 11 1 0 300 0 0 0 6 0 0 1657 0 0 0 4871 3 0 0 0 0 16 43498 0 0 31556 
15 0 0 0 0 0 0 0 1 55144 10966 4228 0 0 0 0 3 4508 0 0 20441 1055 1087 3074 3 0 469 0 42946 0 6718 4477 31 4067 0 0 5 0 0 2987 0 0 0 0 0 0 27 1 0 286 
4 1 0 37 98 0 0 0 15441 12 13078 0 47432 0 33 1 0 5562 0 0 31 283 20 0 5 51 444 1285 3 0 0 130 14 1438 0 0 41 0 556 0 1 0 57037 16 0 0 4 0 0 0 
72 0 0 0 6041 330 0 73 1568 0 0 0 0 0 0 20195 0 0 0 92 3 0 0 0 8 18 929 0 41907 0 0 0 6 0 361 150 0 0 204 69272 934 0 0 43498 27 4 0 13677 24910 0 
1204 7 2985 230 86972 21 0 403 0 44 0 0 0 0 0 109 12 0 0 0 4 0 41460 19278 2 0 0 59 39 96680 0 0 0 0 0 0 0 0 0 1347 1 4654 0 0 1 0 13677 0 7 22252 
10 10332 12 6994 0 3 29 0 0 0 0 3 1 2428 34 0 0 37349 0 0 0 0 0 1550 0 8473 0 0 433 34 0 0 0 0 0 0 0 1668 7094 0 3 7 11 0 0 0 24910 7 0 0 
0 0 104 598 12 425 11 0 42 0 834 14 1425 4 0 0 0 2116 0 27393 0 0 11310 10413 0 0 6468 8 55 0 0 2 10 8330 0 9118 12 0 0 763 0 57 47272 31556 286 0 0 22252 0 0 
0 11 0 36770 832 7851 139 4700 0 0 41177 0 0 0 3 0 25719 1013 37031 25 0 0 1 11062 1 0 819 83456 1485 4381 25006 0 38091 10906 439 0 0 0 21587 0 56 179 15414 93718 0 0 0 0 12 47 
11 0 0 100 16858 2499 0 0 1330 0 0 0 0 0 0 2091 63915 6 0 0 2 42523 0 0 0 0 0 0 4356 87907 0 0 1 0 0 0 5108 0 0 0 91 106 0 0 948 0 43192 0 114 51201 
0 0 0 0 7398 0 0 1 550 0 1 99 6702 0 4 0 0 9 0 0 18014 0 0 0 0 14344 0 0 0 3393 26382 0 0 5261 25698 17 0 0 23916 0 0 0 0 0 4252 6691 0 94 0 4225 
36770 100 0 0 0 3 0 0 3 817 3 12 0 7 0 0 2039 46291 184 0 0 3390 103 3 0 3 209 11289 0 0 49905 27 3 1 625 0 3762 0 5 176 8 38 0 0 0 14183 265 72 14 0 
832 16858 7398 0 0 0 0 0 1104 0 49988 1853 482 1255 0 4373 0 0 116 0 0 0 3 65784 0 1107 0 1 0 0 0 12992 0 0 0 16 0 0 0 0 0 0 9 1 25483 0 0 18550 0 0 
7851 2499 0 3 0 0 0 0 13 0 84 2 50005 3 0 0 0 0 7 0 1 210 0 0 0 55 2 0 0 18 12831 60 1 379 0 0 0 2 0 0 67198 0 0 0 34 41117 0 0 6822 0 
139 0 0 0 0 0 0 0 75 8132 3 0 0 0 263 1 213 62 596 0 0 2128 4 0 0 43084 7 0 2 21 0 0 1 8699 0 0 2023 0 172 0 0 0 7 78383 0 29999 0 149 0 0 
4700 0 1 0 0 0 0 0 0 0 526 15942 5 0 0 0 514 2 82 4 0 78588 7 0 0 30803 0 0 79186 12 13 0 1 0 0 5 0 0 0 31 27131 0 0 10 89023 53 0 0 0 14 
0 1330 550 3 1104 13 75 0 0 3 412 66265 323 0 62914 0 52958 0 0 34 0 1 1 93459 0 0 11309 166 0 3 0 0 8 0 1 0 0 0 61 0 0 47 0 0 0 0 0 48647 22171 0 
0 0 0 817 0 0 8132 0 3 0 5 64182 619 13038 0 0 0 601 37028 1867 88188 68 109 1 0 0 1428 0 92265 6 0 3 1 0 0 0 301 90393 27405 0 56 28 0 0 0 105 292 0 0 1842 
41177 0 1 3 49988 84 3 526 412 5 0 497 0 0 0 0 3 52 554 2 9735 848 322 10 0 647 0 1 0 0 218 307 36971 713 5 0 0 0 3815 0 11 0 379 8250 0 305 81975 48993 9 0 
0 0 99 12 1853 2 0 15942 66265 64182 497 0 8 16 17 3 4 0 747 949 0 0 0 835 386 1409 0 0 15816 0 0 361 54 0 0 0 16983 0 73606 0 0 87 0 19206 0 1 8 31 0 0 
0 0 6702 0 482 50005 0 5 323 619 0 8 0 17381 0 329 0 0 0 0 4 34 0 0 0 0 14 23 4143 15 0 7 1599 0 0 1 0 623 0 0 0 0 435 937 6408 0 0 0 0 7919 
0 0 0 7 1255 3 0 0 0 13038 0 16 17381 0 7495 2 10090 2418 131 0 0 50 0 0 0 3 0 0 91 20 1140 0 58 106 0 2519 0 0 15178 16 0 0 4 100 4778 65297 1 3213 739 0 
3 0 4 0 0 0 263 0 62914 0 0 17 0 7495 0 0 3 4 0 5225 42 0 0 0 22917 0 0 0 0 12761 14799 61297 0 111 0 0 0 0 1225 2265 1011 0 0 0 11113 0 43 47339 0 36137 
0 2091 0 0 4373 0 1 0 0 0 0 3 329 2 0 0 318 24394 73809 161 80 17461 0 195 2 2 0 0 461 6 0 28 38 0 19 36 0 0 650 1140 0 655 0 616 181 0 0 0 245 2000 
25719 63915 0 2039 0 0 213 514 52958 0 3 4 0 10090 3 318 0 0 0 236 130 800 0 2451 15 0 0 54 0 0 0 0 50342 0 411 0 44 21 0 0 3 0 1 26092 0 479 58656 39 25817 0 
1013 6 9 46291 0 0 62 2 0 601 52 0 0 2418 4 24394 0 0 0 5 0 0 2977 25730 33580 399 144 0 8838 0 0 24579 1 0 0 0 206 8 0 1041 73 0 0 0 0 568 35 5 14 0 
37031 0 0 184 116 7 596 82 0 37028 554 747 0 131 0 73809 0 0 0 20255 0 0 0 8 0 0 0 0 10 0 48486 3269 3 0 0 0 0 0 19 0 0 0 0 0 2397 48 213 5067 1 37190 
25 0 0 0 0 0 0 4 34 1867 2 949 0 0 5225 161 236 5 20255 0 0 312 4 16 2 0 176 2436 9222 16176 12899 0 0 0 209 0 0 78 0 7 0 0 4981 0 7 33346 0 203 17 0 
0 2 18014 0 0 1 0 0 0 88188 9735 0 4 0 42 80 130 0 0 0 0 0 0 3924 10 39 43231 0 8 18434 24 0 0 1137 10 0 0 8941 20 790 60 1094 2 10473 0 0 0 0 6 0 
0 42523 0 3390 0 210 2128 78588 1 68 848 0 34 50 0 17461 800 0 0 312 0 0 0 0 11648 1524 0 258 109 0 0 23 0 0 1 1971 14 9 0 66099 0 0 0 0 0 0 34 0 4686 19291 
1 0 0 103 3 0 4 7 1 109 322 0 0 0 0 0 0 2977 0 4 0 0 0 0 15 5 1 15 0 4 0 14967 620 0 0 0 3 0 3 76 0 16399 0 513 0 0 335 690 0 672 
11062 0 0 3 65784 0 0 0 93459 1 10 835 0 0 0 195 2451 25730 8 16 3924 0 0 0 98 0 6 127 0 38 0 2907 0 2555 0 0 0 0 0 30319 5792 15426 10983 4 0 250 945 1 0 0 
1 0 0 0 0 0 0 0 0 0 0 386 0 0 22917 2 15 33580 0 2 10 11648 15 98 0 10 68738 0 39001 2569 2 37628 0 1 1 206 0 0 12 231 0 0 275 0 0 0 0 44 0 21703 
0 0 14344 3 1107 55 43084 30803 0 0 647 1409 0 3 0 2 0 399 0 0 39 1524 5 0 10 0 0 0 1940 8173 612 0 0 0 41118 0 5982 23 0 0 0 0 1922 0 18511 0 0 35060 9519 1 
819 0 0 209 0 2 7 0 11309 1428 0 0 14 0 0 0 0 144 0 176 43231 0 1 6 68738 0 0 175 8 0 0 129 47582 0 0 1745 0 0 0 0 61950 23329 0 0 0 0 38 0 2 988 
83456 0 0 11289 1 0 0 0 166 0 1 0 23 0 0 0 54 0 0 2436 0 258 15 127 0 0 175 0 0 0 7089 119 0 134 5 0 0 0 53 0 0 0 0 2 1 4121 53 0 52342 0 
1485 4356 0 0 0 0 2 79186 0 92265 0 15816 4143 91 0 461 0 8838 10 9222 8 109 0 0 39001 1940 8 0 0 0 0 5 566 0 30 0 2 0 0 24 0 0 0 13 86691 34 0 0 0 0 
4381 87907 3393 0 0 18 21 12 3 6 0 0 15 20 12761 6 0 0 0 16176 18434 0 4 38 2569 8173 0 0 0 0 60 19878 1 42 80 0 0 0 0 0 93442 46 0 235 1393 10781 0 0 0 27 
25006 0 26382 49905 0 12831 0 13 0 0 218 0 0 1140 14799 0 0 0 48486 12899 24 0 0 0 2 612 0 7089 0 60 0 0 1 0 26643 0 0 515 0 0 0 16 0 0 154 4 314 11829 24 27 
0 0 0 27 12992 60 0 0 0 3 307 361 7 0 61297 28 0 24579 3269 0 0 23 14967 2907 37628 0 129 119 5 19878 0 0 0 2 2 0 16650 0 5 0 0 67 2 0 0 0 80548 0 105 0 
38091 1 0 3 0 1 1 1 8 1 36971 54 1599 58 0 38 50342 1 3 0 0 0 620 0 0 0 47582 0 566 1 1 0 0 0 0 18 258 0 0 0 0 582 157 43 0 0 0 5015 725 30 
10906 0 5261 1 0 379 8699 0 0 0 713 0 0 106 111 0 0 0 0 0 1137 0 0 2555 1 0 0 134 0 42 0 2 0 0 0 0 103 17224 0 42 0 22 0 23 0 0 4095 58517 2743 0 
439 0 25698 625 0 0 0 0 1 0 5 0 0 0 0 19 411 0 0 209 10 1 0 0 1 41118 0 5 30 80 26643 2 0 0 0 1 0 25 0 422 0 249 0 2 4 0 0 0 31671 155 
0 0 17 0 16 0 0 5 0 0 0 0 1 2519 0 36 0 0 0 0 0 1971 0 0 206 0 1745 0 0 0 0 0 18 0 1 0 0 0 0 0 0 335 0 0 5 506 0 211 20228 0 
0 5108 0 3762 0 0 2023 0 0 301 0 16983 0 0 0 0 44 206 0 0 0 14 3 0 0 5982 0 0 2 0 0 16650 258 103 0 0 0 1069 40156 253 5 5517 0 0 0 0 693 0 51217 0 
0 0 0 0 0 2 0 0 0 90393 0 0 623 0 0 0 21 8 0 78 8941 9 0 0 0 23 0 0 0 0 515 0 0 17224 25 0 1069 0 0 0 0 0 0 11 0 240 0 58008 2066 4211 
21587 0 23916 5 0 0 172 0 61 27405 3815 73606 0 15178 1225 650 0 0 19 0 20 0 3 0 12 0 0 53 0 0 0 5 0 0 0 0 40156 0 0 1567 48331 2 0 0 67699 0 0 3004 0 2496 
0 0 0 176 0 0 0 31 0 0 0 0 0 16 2265 1140 0 1041 0 7 790 66099 76 30319 231 0 0 0 24 0 0 0 0 42 422 0 253 0 1567 0 0 1 0 3670 299 122 5141 19290 4 154 
56 91 0 8 0 67198 0 27131 0 56 11 0 0 0 1011 0 3 73 0 0 60 0 0 5792 0 0 61950 0 0 93442 0 0 0 0 0 0 5 0 48331 0 0 3 6579 0 11 0 20 1038 61 28 
179 106 0 38 0 0 0 0 47 28 0 87 0 0 0 655 0 0 0 0 1094 0 16399 15426 0 0 23329 0 0 46 16 67 582 22 249 335 5517 0 2 1 3 0 0 0 0 31 7 732 0 0 
15414 0 0 0 9 0 7 0 0 0 379 0 435 4 0 0 1 0 0 4981 2 0 0 10983 275 1922 0 0 0 0 0 2 157 0 0 0 0 0 0 0 6579 0 0 34 2571 1 0 126 0 0 
93718 0 0 0 1 0 78383 10 0 0 8250 19206 937 100 0 616 26092 0 0 0 10473 0 513 4 0 0 0 2 13 235 0 0 43 23 2 0 0 11 0 3670 0 0 34 0 410 0 68 2128 230 205 
0 948 4252 0 25483 34 0 89023 0 0 0 0 6408 4778 11113 181 0 0 2397 7 0 0 0 0 0 18511 0 1 86691 1393 154 0 0 0 4 5 0 0 67699 299 11 0 2571 410 0 65 0 0 4130 0 
0 0 6691 14183 0 41117 29999 53 0 105 305 1 0 65297 0 0 479 568 48 33346 0 0 0 250 0 0 0 4121 34 10781 4 0 0 0 0 506 0 240 0 122 0 31 1 0 65 0 0 60 2174 4958 
0 43192 0 265 0 0 0 0 0 292 81975 8 0 1 43 0 58656 35 213 0 0 34 335 945 0 0 38 53 0 0 314 80548 0 4095 0 0 693 0 0 5141 20 7 0 68 0 0 0 0 0 81062 
0 0 94 72 18550 0 149 0 48647 0 48993 31 0 3213 47339 0 39 5 5067 203 0 0 690 1 44 35060 0 0 0 0 11829 0 5015 58517 0 211 0 58008 3004 19290 1038 732 126 2128 0 60 0 0 0 0 
12 114 0 14 0 6822 0 0 22171 0 9 0 0 739 0 245 25817 14 1 17 6 4686 0 0 0 9519 2 52342 0 0 24 105 725 2743 31671 20228 51217 2066 0 4 61 0 0 230 4130 2174 0 0 0 471 
47 51201 4225 0 0 0 0 14 0 1842 0 0 7919 0 36137 2000 0 0 37190 0 0 19291 672 0 21703 1 988 0 0 27 27 0 30 0 155 0 0 4211 2496 154 28 0 0 205 0 4958 81062 0 471 0 
0 0 0 0 7 62530 0 1 0 1801 0 0 0 0 2105 0 16 1 3299 2008 0 0 3 27 16 33 0 338 0 90349 56 0 74 37 0 0 123 84 0 20 982 0 14 0 3 0 0 10598 0 2 
0 0 12049 0 10362 104 0 0 2 256 0 0 4 0 0 0 1445 0 0 0 0 31 1 0 0 0 0 0 0 93 20471 9379 97 9 0 0 205 0 0 51575 2 1 0 0 0 0 43 0 9 5 
0 12049 0 0 0 0 0 3030 0 0 0 44712 0 0 3 258 280 15222 0 0 4 32069 33 8899 83 0 3057 480 0 11797 720 0 0 0 45 2 0 0 7 395 0 75984 0 4 0 0 2 0 15 0 
0 0 0 0 27 0 0 0 0 6 258 11 0 0 860 70991 6545 83 328 0 0 1 0 11 0 0 0 759 0 9 0 5 205 39837 21 6 35 0 22403 0 396 20147 1657 0 15435 19009 25169 0 0 0 
7 10362 0 27 0 0 14 0 2057 0 14055 0 37244 1 0 54 48274 0 2936 0 0 0 7580 99159 433 0 0 27 712 3728 2110 104 0 0 0 1 0 0 0 81669 0 0 0 0 0 0 0 0 0 0 
62530 104 0 0 0 0 0 0 0 621 70 0 0 1645 30295 0 34795 0 3445 0 233 564 299 0 0 0 15527 63663 278 14292 26 819 43284 0 222 0 0 6 0 11376 77 49471 0 1 0 253 2353 0 0 2 
0 0 0 0 14 0 0 42 0 0 0 0 0 0 6 250 2247 84562 0 161 0 0 22 0 0 10465 6 0 332 0 0 0 29 0 0 0 0 0 52331 0 0 0 5496 76770 705 0 1889 21 0 0 
1 0 3030 0 0 0 42 0 0 0 7 78460 9 0 16306 0 23 75 7241 269 5943 0 2332 0 0 3 0 0 0 119 0 0 3 37312 91 0 0 0 0 97195 6 6741 1781 4614 0 811 0 0 0 225 
0 2 0 0 2057 0 0 0 0 897 0 0 0 0 1809 3 0 0 0 0 0 18 0 815 6914 0 0 0 0 18494 0 14 2 35 0 9797 7 426 3 2 8 0 0 3354 73822 0 0 2839 2 0 
1801 256 0 6 0 621 0 0 897 0 0 297 0 468 0 0 0 18119 1376 0 8523 78653 0 0 14 0 0 0 43 363 0 123 2 81286 11 0 1 34 2462 0 0 0 0 0 0 0 48 30200 0 1803 
0 0 0 258 14055 70 0 7 0 0 0 0 1 0 0 1 14097 0 97688 4710 0 1 0 0 0 0 0 2870 37716 25 22157 0 3 3786 994 0 18757 0 0 0 26 0 0 0 0 0 512 81889 1285 0 
0 0 44712 11 0 0 0 78460 0 297 0 0 0 21 9898 37648 49586 0 44 0 19182 0 12 3578 3 14 0 0 0 78 5248 0 397 0 0 0 25 0 0 0 0 5185 732 8 0 32525 0 54011 0 0 
0 4 0 0 37244 0 0 9 0 0 1 0 0 11 0 84510 6943 0 0 7 9 0 0 6 584 0 101 139 1 4062 0 0 4 0 0 0 0 4 0 16381 0 3 9040 0 2020 0 0 27984 0 0 
0 0 0 0 1 1645 0 0 0 468 0 21 11 0 0 1389 0 561 0 0 0 2 1232 0 294 0 0 42 4 0 20826 9 2 6578 0 0 0 725 0 0 0 0 3 0 28 62263 0 36329 0 0 
2105 0 3 860 0 30295 6 16306 1809 0 0 9898 0 0 0 167 141 116 44856 0 1215 0 17 0 0 0 0 0 0 2 0 1 0 0 5 0 0 17531 4060 33 0 9447 0 0 3 29127 55722 28007 183 0 
0 0 258 70991 54 0 250 0 3 0 1 37648 84510 1389 167 0 0 74 1 3 0 896 6458 4445 0 65021 879 0 0 0 104 0 0 0 155 3 1 26437 515 0 4232 171 0 5 6104 0 0 0 1023 4038 
16 1445 280 6545 48274 34795 2247 23 0 0 14097 49586 6943 0 141 0 0 40248 0 0 70661 166 0 0 0 1061 1 4 0 0 0 0 1447 0 8 0 92 16 1 0 29596 0 0 1 0 581 0 0 0 0 
1 0 15222 83 0 0 84562 75 0 18119 0 0 0 561 116 74 40248 0 109 0 1116 1 2 0 266 2 23700 0 0 0 0 0 43560 0 0 1222 11303 0 0 0 0 0 0 0 67098 0 273 9 8938 415 
3299 0 0 328 2936 3445 0 7241 0 1376 97688 44 0 0 44856 1 0 109 0 2 0 0 0 2 0 0 0 0 0 0 0 42171 0 0 0 0 0 0 0 1695 0 331 31938 64 52 95322 1438 0 379 0 
2008 0 0 0 0 0 161 269 0 0 4710 0 7 0 0 3 0 0 2 0 120 1703 14241 0 316 0 0 46 0 0 0 0 792 2095 161 0 0 133 2060 669 2729 3809 9523 0 12 3 26557 2 1459 96389 
0 0 4 0 0 233 0 5943 0 8523 0 19182 9 0 1215 0 70661 1116 0 120 0 0 1532 0 11328 2665 213 0 442 0 7 0 0 14 1 0 10 32393 1 47936 84 43595 1 16 4285 0 0 261 15735 1 
0 31 32069 1 0 564 0 0 18 78653 1 0 0 2 0 896 166 1 0 1703 0 0 57 0 16 28 0 16 0 19804 0 2184 369 0 0 52813 20 0 0 9 3170 0 0 46 0 0 18687 57 379 15 
3 1 33 0 7580 299 22 2332 0 0 0 12 0 1232 17 6458 0 2 0 14241 1532 57 0 0 0 0 2 2 106 1604 0 75228 0 21 0 0 0 0 17822 1 0 3 7 2 0 0 18 0 6201 0 
27 0 8899 11 99159 0 0 0 815 0 0 3578 6 0 0 4445 0 0 2 0 0 0 0 0 0 0 2 99355 0 0 3633 81 0 1 0 0 0 0 0 1127 4085 0 55 138 0 6854 2 0 0 0 
16 0 83 0 433 0 0 0 6914 14 0 3 584 294 0 0 0 266 0 316 11328 16 0 0 0 0 1 0 67080 0 0 1 0 31 7865 0 7265 10748 91 1683 415 0 0 0 0 0 0 2 522 93330 
33 0 0 0 0 0 10465 3 0 0 0 14 0 0 0 65021 1061 2 0 0 2665 28 0 0 0 0 0 0 0 29 6 60546 0 0 2192 0 0 31 6649 0 0 0 0 0 66 1109 2952 671 3 917 
0 0 3057 0 0 15527 6 0 0 0 0 0 101 0 0 879 1 23700 0 0 213 0 2 2 1 0 0 7 6 0 0 1999 0 65414 1 87025 1 0 15 0 0 0 29825 0 0 0 0 0 0 42 
338 0 480 759 27 63663 0 0 0 0 2870 0 139 42 0 0 4 0 0 46 0 16 2 99355 0 0 7 0 20300 0 0 315 0 0 34621 0 0 0 41 59 434 0 0 1 41 152 856 0 14 0 
0 0 0 0 712 278 332 0 0 43 37716 0 1 4 0 0 0 0 0 0 442 0 106 0 67080 0 6 20300 0 3 0 50376 0 0 10 0 3790 0 0 22595 0 0 0 0 0 0 0 1 0 0 
90349 93 11797 9 3728 14292 0 119 18494 363 25 78 4062 0 2 0 0 0 0 0 0 19804 1604 0 0 29 0 0 3 0 585 0 0 18 0 918 0 0 3 0 0 44 271 81 87884 0 146 0 0 1176 
56 20471 720 0 2110 26 0 0 0 0 22157 5248 0 20826 0 104 0 0 0 0 7 0 0 3633 0 6 0 0 0 585 0 38959 53724 0 9159 15650 0 3 1 0 0 675 0 20745 8860 44281 0 1 12 0 
0 9379 0 5 104 819 0 0 14 123 0 0 0 9 1 0 0 0 42171 0 0 2184 75228 81 1 60546 1999 315 50376 0 38959 0 0 27601 0 3421 1047 7 0 0 0 20 64410 284 0 0 39867 32903 0 0 
74 97 0 205 0 43284 29 3 2 2 3 397 4 2 0 0 1447 43560 0 792 0 369 0 0 0 0 0 0 0 0 53724 0 0 0 0 65904 0 1157 1 10803 9 25442 4756 3 0 4 0 82809 5823 0 
37 9 0 39837 0 0 0 37312 35 81286 3786 0 0 6578 0 0 0 0 0 2095 14 0 21 1 31 0 65414 0 0 18 0 27601 0 0 0 0 0 7721 0 15 0 3 91 278 12775 0 1779 360 0 0 
0 0 45 21 0 222 0 91 0 11 994 0 0 0 5 155 8 0 0 161 1 0 0 0 7865 2192 1 34621 10 0 9159 0 0 0 0 546 20 11837 0 2358 0 0 6654 8938 47236 396 0 747 1326 0 
0 0 2 6 1 0 0 0 9797 0 0 0 0 0 0 3 0 1222 0 0 0 52813 0 0 0 0 87025 0 0 918 15650 3421 65904 0 546 0 0 0 0 3 0 0 27270 3 0 0 0 0 0 86 
123 205 0 35 0 0 0 0 7 1 18757 25 0 0 0 1 92 11303 0 0 10 20 0 0 7265 0 1 0 3790 0 0 1047 0 0 20 0 0 0 0 13836 3744 20 0 20 7291 0 0 241 0 0 
84 0 0 0 0 6 0 0 426 34 0 0 4 725 17531 26437 16 0 0 133 32393 0 0 0 10748 31 0 0 0 0 3 7 1157 7721 11837 0 0 0 0 9 5 0 0 94 6 0 1422 4 440 0 
0 0 7 22403 0 0 52331 0 3 2462 0 0 0 0 4060 515 1 0 0 2060 1 0 17822 0 91 6649 15 41 0 3 1 0 1 0 0 0 0 0 0 0 1 0 0 11 4 0 0 0 0 2 
20 51575 395 0 81669 11376 0 97195 2 0 0 0 16381 0 33 0 0 0 1695 669 47936 9 1 1127 1683 0 0 59 22595 0 0 0 10803 15 2358 3 13836 9 0 0 0 0 0 0 0 450 0 0 520 26063 
982 2 0 396 0 77 0 6 8 0 26 0 0 0 0 4232 29596 0 0 2729 84 3170 0 4085 415 0 0 434 0 0 0 0 9 0 0 0 3744 5 1 0 0 6115 24324 0 0 0 41 590 0 29 
0 1 75984 20147 0 49471 0 6741 0 0 0 5185 3 0 9447 171 0 0 331 3809 43595 0 3 0 0 0 0 0 0 44 675 20 25442 3 0 0 20 0 0 0 6115 0 4 87799 21360 1 434 0 0 0 
14 0 0 1657 0 0 5496 1781 0 0 0 732 9040 3 0 0 0 0 31938 9523 1 0 7 55 0 0 29825 0 0 271 0 64410 4756 91 6654 27270 0 0 0 0 24324 4 0 0 62741 0 0 0 0 0 
0 0 4 0 0 1 76770 4614 3354 0 0 8 0 0 0 5 1 0 64 0 16 46 2 138 0 0 0 1 0 81 20745 284 3 278 8938 3 20 94 11 0 0 87799 0 0 97774 444 0 558 22 0 
3 0 0 15435 0 0 705 0 73822 0 0 0 2020 28 3 6104 0 67098 52 12 4285 0 0 0 0 66 0 41 0 87884 8860 0 0 12775 47236 0 7291 6 4 0 0 21360 62741 97774 0 150 0 0 226 0 
0 0 0 19009 0 253 0 811 0 0 0 32525 0 62263 29127 0 581 0 95322 3 0 0 0 6854 0 1109 0 152 0 0 44281 0 4 0 396 0 0 0 0 450 0 1 0 444 150 0 19 1 0 3503 
0 43 2 25169 0 2353 1889 0 0 48 512 0 0 0 55722 0 0 273 1438 26557 0 18687 18 2 0 2952 0 856 0 146 0 39867 0 1779 0 0 0 1422 0 0 41 434 0 0 0 19 0 0 0 6173 
10598 0 0 0 0 0 21 0 2839 30200 81889 54011 27984 36329 28007 0 0 9 0 2 261 57 0 0 2 671 0 0 1 0 1 32903 82809 360 747 0 241 4 0 0 590 0 0 558 0 1 0 0 0 0 
0 9 15 0 0 0 0 0 2 0 1285 0 0 0 183 1023 0 8938 379 1459 15735 379 6201 0 522 3 0 14 0 0 12 0 5823 0 1326 0 0 440 0 520 0 0 0 22 226 0 0 0 0 2890 
2 5 0 0 0 2 0 225 0 1803 0 0 0 0 0 4038 0 415 0 96389 1 15 0 0 93330 917 42 0 0 1176 0 0 0 0 0 86 0 0 2 26063 29 0 0 0 0 3503 6173 0 2890 0 
0 0 0 0 0 5 0 553 0 139 16 0 0 0 0 0 0 0 27396 0 0 0 1663 3 4 0 38 1162 0 1880 75 0 0 45 136 15019 217 15520 45904 0 0 0 1187 0 0 0 1407 0 2 5648 
0 0 0 0 1 2582 8 0 17146 0 0 0 5 1315 5359 8 0 0 0 0 0 18 0 0 0 0 6 69109 0 0 0 0 4059 176 0 4 0 9 0 0 45138 828 1887 302 6 38447 42 0 0 17 
0 0 0 9765 15684 0 0 25611 0 0 0 1032 0 25889 471 2 0 0 0 0 14720 2 36346 0 0 2309 3 0 1 432 2082 0 0 19 0 491 18 734 1 11035 0 754 497 0 51 15319 13 0 0 4 
0 0 9765 0 76 42 74 0 0 364 79781 0 0 6048 0 38463 328 592 3 8715 19797 1074 0 8 339 0 0 34560 0 1 4 0 110 1541 4 160 6 12 9747 0 5861 10685 0 0 0 0 10746 0 0 18736 
0 1 15684 76 0 0 0 0 19269 0 3 0 0 3 0 0 23 0 225 0 0 914 0 16 24 67 0 3915 0 0 0 217 0 1 719 0 2933 0 63 0 0 0 225 0 4591 0 0 0 22828 0 
5 2582 0 42 0 0 15089 0 258 40161 1 0 20829 13 23 0 0 0 0 0 0 0 3 0 0 0 19509 28454 0 0 8 3 1 0 1 44 0 2 792 0 25 835 0 0 3 16744 330 39 892 0 
0 8 0 74 0 15089 0 0 5 12090 0 0 0 3962 3234 0 1 1 5 0 2316 0 13 0 3 1880 17 0 48 1260 21 12934 457 15125 0 3749 21 0 0 0 0 0 0 0 54374 761 0 266 941 0 
553 0 25611 0 0 0 0 0 851 0 0 417 26 1 284 2 4 69307 0 6373 0 1811 3 0 0 1 0 0 13 0 0 0 0 3036 0 17 0 42811 4276 0 0 2478 101 2 18 0 7949 0 267 14 
0 17146 0 0 19269 258 5 851 0 0 2340 42 65 0 0 0 51652 0 4406 69530 21 247 45243 20270 11 0 46 9256 0 0 0 2 62731 0 361 70115 536 0 60284 0 0 23 1 0 153 0 227 3 0 0 
139 0 0 364 0 40161 12090 0 0 0 69 0 3 136 0 0 0 0 28460 27455 249 8 0 5072 738 0 0 0 0 0 0 370 600 0 29 0 0 0 7 0 0 3 0 1 28740 0 536 25 17 27 
16 0 0 79781 3 1 0 0 2340 69 0 0 10679 0 0 393 445 0 0 87 0 23019 206 0 0 0 0 0 19989 353 454 10259 122 33829 248 0 43 0 16 0 16263 0 99118 0 0 21 244 0 0 0 
0 0 1032 0 0 0 0 417 42 0 0 0 2 74 0 2267 13291 0 130 0 0 0 159 6 86962 0 0 0 0 0 0 73463 60 0 0 3 7 1 1 0 0 1211 5 232 0 90602 1 27437 6586 0 
0 5 0 0 0 20829 0 26 65 3 10679 2 0 32141 0 0 1 0 1655 0 47970 0 0 11 71088 0 11877 137 0 54 493 0 10 0 0 0 0 64 0 0 2062 0 0 49 0 0 7721 62 0 0 
0 1315 25889 6048 3 13 3962 1 0 136 0 74 32141 0 2002 32 0 0 0 25492 3869 8 1167 0 0 3437 0 77 45380 2486 15372 6983 0 0 3116 237 0 48 5043 0 153 15 17963 0 117 0 15 145 0 0 
0 5359 471 0 0 23 3234 284 0 0 0 0 0 2002 0 0 19949 0 8 587 0 0 31581 0 650 398 0 1 0 0 472 28 0 2505 0 172 91 0 80817 526 13 0 208 1411 0 0 8 0 0 0 
0 8 2 38463 0 0 0 2 0 0 393 2267 0 32 0 0 0 0 240 0 0 6 1 1 5166 4919 0 59266 0 2070 27 2 0 5169 4 1497 1332 2 5 0 0 13106 0 0 0 0 0 0 0 29 
0 0 0 328 23 0 1 4 51652 0 445 13291 1 0 19949 0 0 0 0 0 28 71 89 0 1 24341 0 0 41 0 0 0 108 0 1 203 251 16 0 0 4004 0 0 0 0 159 62 0 46 0 
0 0 0 592 0 0 1 69307 0 0 0 0 0 0 0 0 0 0 130 0 0 5384 69 4102 0 22 304 0 107 0 0 7146 45 5 0 0 6 0 15 19 298 0 0 163 0 646 0 11 0 17 
27396 0 0 3 225 0 5 0 4406 28460 0 130 1655 0 8 240 0 130 0 47 0 0 0 24601 0 0 0 0 0 0 571 27879 44 0 0 0 0 0 1 0 0 439 5370 16 1 0 18 26 11964 438 
0 0 0 8715 0 0 0 6373 69530 27455 87 0 0 25492 587 0 0 0 47 0 0 1049 4 0 2119 0 0 289 12854 3 349 0 0 1034 77507 0 2 0 24 7274 2870 22 1 0 697 479 0 177 18 228 
0 0 14720 19797 0 0 2316 0 21 249 0 0 47970 3869 0 0 28 0 0 0 0 76399 75 0 0 230 0 0 51 15608 168 0 0 0 2615 0 0 0 557 15 9 145 0 0 0 415 0 0 0 26841 
0 18 2 1074 914 0 0 1811 247 8 23019 0 0 8 0 6 71 5384 0 1049 76399 0 12348 0 2625 16 0 4 0 3462 0 59 1 2114 0 0 0 35 0 16 0 0 0 1 6 0 1 11993 1 0 
1663 0 36346 0 0 3 13 3 45243 0 206 159 0 1167 31581 1 89 69 0 4 75 12348 0 4312 6860 0 0 0 12879 70 55281 0 34312 4307 0 0 0 0 0 343 0 0 0 0 251 0 0 1 0 0 
3 0 0 8 16 0 0 0 20270 5072 0 6 11 0 0 1 0 4102 24601 0 0 0 4312 0 42837 0 46 30 0 0 4671 377 95879 0 0 0 0 49 0 19698 21300 0 1652 735 0 71466 7871 557 0 0 
4 0 0 339 24 0 3 0 11 738 0 86962 71088 0 650 5166 1 0 0 2119 0 2625 6860 42837 0 5 10357 0 1 845 3 28 9043 7 0 0 0 0 1446 2646 7 16204 0 192 0 0 0 7964 6876 2 
0 0 2309 0 67 0 1880 1 0 0 0 0 0 3437 398 4919 24341 22 0 0 230 16 0 0 5 0 3 0 959 0 0 37 0 0 40 0 0 2989 66153 0 0 0 42 0 1973 3046 0 17872 0 45576 
38 6 3 0 0 19509 17 0 46 0 0 0 11877 0 0 0 0 304 0 0 0 0 0 46 10357 3 0 15258 4 0 0 2 20400 2 39 10896 0 0 1017 544 984 16 3711 0 3647 0 0 7 15099 0 
1162 69109 0 34560 3915 28454 0 0 9256 0 0 0 137 77 1 59266 0 0 0 289 0 4 0 30 0 0 15258 0 3367 0 2 4 0 0 1 17 0 0 0 380 0 6 0 0 0 0 17 0 401 2 
0 0 1 0 0 0 48 13 0 0 19989 0 0 45380 0 0 41 107 0 12854 51 0 12879 0 1 959 4 3367 0 24 0 2050 53447 0 0 0 3 0 0 10294 74 0 19 230 2 0 0 28 0 0 
1880 0 432 1 0 0 1260 0 0 0 353 0 54 2486 0 2070 0 0 0 3 15608 3462 70 0 845 0 0 0 24 0 27274 0 86 412 0 0 87 0 0 30 44494 62 1 23 410 89 721 0 0 0 
75 0 2082 4 0 8 21 0 0 0 454 0 493 15372 472 27 0 0 571 349 168 0 55281 4671 3 0 0 2 0 27274 0 4497 5011 18195 60 1556 0 49966 14 71 0 4 18690 7684 2 86111 8557 11 22880 0 
0 0 0 0 217 3 12934 0 2 370 10259 73463 0 6983 28 2 0 7146 27879 0 0 59 0 377 28 37 2 4 2050 0 4497 0 9 11 0 3292 0 0 0 0 75051 4 0 189 0 0 36 0 11 9 
0 4059 0 110 0 1 457 0 62731 600 122 60 10 0 0 0 108 45 44 0 0 1 34312 95879 9043 0 20400 0 53447 86 5011 9 0 0 0 0 0 32298 0 0 0 9 9 368 92597 5 0 91 1686 0 
45 176 19 1541 1 0 15125 3036 0 0 33829 0 0 0 2505 5169 0 5 0 1034 0 2114 4307 0 7 0 2 0 0 412 18195 11 0 0 36867 0 3041 3 6594 0 3 91528 0 6908 10463 0 331 0 0 0 
136 0 0 4 719 1 0 0 361 29 248 0 0 3116 0 4 1 0 0 77507 2615 0 0 0 0 40 39 1 0 0 60 0 0 36867 0 1 51908 0 0 5 361 0 13081 19028 1 0 2 27705 44 9080 
15019 4 491 160 0 44 3749 17 70115 0 0 3 0 237 172 1497 203 0 0 0 0 0 0 0 0 0 10896 17 0 0 1556 3292 0 0 1 0 0 0 2069 1 0 1 0 0 10 14397 0 88299 22 0 
217 0 18 6 2933 0 21 0 536 0 43 7 0 0 91 1332 251 6 0 2 0 0 0 0 0 0 0 0 3 87 0 0 0 3041 51908 0 0 11629 6 70 0 2765 12 0 0 0 14874 4 520 48256 
15520 9 734 12 0 2 0 42811 0 0 0 1 64 48 0 2 16 0 0 0 0 35 0 49 0 2989 0 0 0 0 49966 0 32298 3 0 0 11629 0 343 1 64 22807 0 827 148 0 0 5615 4627 0 
45904 0 1 9747 63 792 0 4276 60284 7 16 1 0 5043 80817 5 0 15 1 24 557 0 0 0 1446 66153 1017 0 0 0 14 0 0 6594 0 2069 6 343 0 93 33 0 0 0 28 10 327 0 0 34674 
0 0 11035 0 0 0 0 0 0 0 0 0 0 0 526 0 0 19 0 7274 15 16 343 19698 2646 0 544 380 10294 30 71 0 0 0 5 1 70 1 93 0 0 0 0 0 1436 0 392 2 0 0 
0 45138 0 5861 0 25 0 0 0 0 16263 0 2062 153 13 0 4004 298 0 2870 9 0 0 21300 7 0 984 0 74 44494 0 75051 0 3 361 0 0 64 33 0 0 7 297 0 231 0 0 560 0 121 
0 828 754 10685 0 835 0 2478 23 3 0 1211 0 15 0 13106 0 0 439 22 145 0 0 0 16204 0 16 6 0 62 4 4 9 91528 0 1 2765 22807 0 0 7 0 0 0 51471 0 4 0 0 49 
1187 1887 497 0 225 0 0 101 1 0 99118 5 0 17963 208 0 0 0 5370 1 0 0 0 1652 0 42 3711 0 19 1 18690 0 9 0 13081 0 12 0 0 0 297 0 0 6 13 0 46 9469 0 0 
0 302 0 0 0 0 0 2 0 1 0 232 49 0 1411 0 0 163 16 0 0 1 0 735 192 0 0 0 230 23 7684 189 368 6908 19028 0 0 827 0 0 0 0 6 0 0 0 0 0 0 116 
0 6 51 0 4591 3 54374 18 153 28740 0 0 0 117 0 0 0 0 1 697 0 6 251 0 0 1973 3647 0 2 410 2 0 92597 10463 1 10 0 148 28 1436 231 51471 13 0 0 2779 80048 0 12 0 
0 38447 15319 0 0 16744 761 0 0 0 21 90602 0 0 0 0 159 646 0 479 415 0 0 71466 0 3046 0 0 0 89 86111 0 5 0 0 14397 0 0 10 0 0 0 0 0 2779 0 17036 19 10 20511 
1407 42 13 10746 0 330 0 7949 227 536 244 1 7721 15 8 0 62 0 18 0 0 1 0 7871 0 0 0 17 0 721 8557 36 0 331 2 0 14874 0 327 392 0 4 46 0 80048 17036 0 38 0 42 
0 0 0 0 0 39 266 0 3 25 0 27437 62 145 0 0 0 11 26 177 0 11993 1 557 7964 17872 7 0 28 0 11 0 91 0 27705 88299 4 5615 0 2 560 0 9469 0 0 19 38 0 0 10 
2 0 0 0 22828 892 941 267 0 17 0 6586 0 0 0 0 46 0 11964 18 0 1 0 0 6876 0 15099 401 0 0 22880 11 1686 0 44 22 520 4627 0 0 0 0 0 0 12 10 0 0 0 0 
5648 17 4 18736 0 0 0 14 0 27 0 0 0 0 0 29 0 17 438 228 26841 0 0 0 2 45576 0 2 0 0 0 9 0 0 9080 0 48256 0 34674 0 121 49 0 116 0 20511 42 10 0 0 
