50 2
0 59 64 103 62 95 95 48 90 88 90 112 64 139 74 53 26 148 87 89 78 107 103 6 100 177 116 85 94 32 58 33 140 154 91 89 149 95 129 136 69 115 101 157 54 90 105 87 127 110 
59 0 70 49 40 62 36 46 31 30 43 69 27 80 26 37 59 91 39 30 28 48 85 53 62 119 57 26 35 49 19 41 84 96 32 30 99 39 70 86 73 69 42 98 15 31 60 28 82 56 
64 70 0 118 33 51 89 98 88 95 64 73 48 126 97 33 87 124 64 86 63 108 150 62 58 154 114 86 89 33 53 83 147 156 86 84 168 106 127 100 125 78 97 140 80 90 70 87 153 86 
103 49 118 0 85 94 38 68 34 23 68 88 69 56 28 85 93 77 65 36 58 23 68 97 90 97 30 33 37 98 65 74 38 53 38 38 50 11 35 90 81 85 32 73 48 31 81 32 37 63 
62 40 33 85 0 33 56 78 55 62 34 51 15 94 66 8 77 96 33 53 30 75 125 57 38 126 81 53 55 32 21 66 113 123 53 51 135 74 94 77 106 55 64 110 53 57 45 54 121 57 
95 62 51 94 33 0 57 107 59 71 25 22 37 82 84 42 110 75 28 57 37 76 147 91 7 104 78 61 57 65 46 97 112 117 56 55 139 82 90 49 135 27 64 93 77 62 20 61 131 41 
95 36 89 38 56 57 0 77 6 17 31 50 41 44 39 58 95 55 29 6 25 20 100 89 52 83 25 11 1 78 40 76 58 67 4 6 82 27 38 57 100 48 8 62 47 8 43 10 75 27 
48 46 98 68 78 107 77 0 71 63 90 115 69 117 41 71 27 133 86 71 75 81 55 45 108 159 90 66 76 65 60 15 106 121 74 72 107 64 101 132 28 116 80 136 31 70 107 68 82 102 
90 31 88 34 55 59 6 71 0 12 34 55 39 49 33 57 89 61 31 2 25 20 94 84 56 89 27 5 5 75 38 70 58 68 4 4 81 23 41 63 94 53 11 67 41 3 47 3 71 33 
88 30 95 23 62 71 17 63 12 0 46 67 46 53 23 63 84 69 43 14 35 19 82 82 68 95 28 10 16 78 43 65 53 65 16 16 72 11 40 74 84 65 17 72 36 9 59 10 60 45 
90 43 64 68 34 25 31 90 34 46 0 25 25 61 61 41 99 61 3 32 15 51 124 84 22 92 53 36 32 65 32 83 87 94 30 30 114 57 66 45 116 26 39 76 58 37 17 36 106 22 
112 69 73 88 51 22 50 115 55 67 25 0 49 63 86 60 123 54 29 53 40 67 148 107 15 82 66 58 51 84 57 108 98 101 51 51 128 77 76 27 142 5 56 73 84 58 8 57 125 26 
64 27 48 69 15 37 41 69 39 46 25 49 0 81 52 17 74 86 23 37 16 60 112 58 38 116 66 37 40 40 8 60 98 108 37 36 119 58 79 71 97 51 49 98 41 41 41 38 105 47 
139 80 126 56 94 82 44 117 49 53 61 63 81 0 75 99 137 23 62 50 65 36 125 133 74 41 27 54 45 121 83 118 42 40 48 50 74 54 23 49 136 59 38 18 89 49 61 52 82 40 
74 26 97 28 66 84 39 41 33 23 61 86 52 75 0 64 65 92 58 34 47 39 62 69 83 117 49 28 38 73 45 46 66 80 37 35 76 23 59 96 61 84 40 94 20 31 77 29 56 66 
53 37 33 85 8 42 58 71 57 63 41 60 17 99 64 0 69 102 39 55 34 77 120 48 46 132 83 54 58 24 20 58 115 125 55 53 135 74 97 85 99 63 67 115 48 58 53 55 119 63 
26 59 87 93 77 110 95 27 89 84 99 123 74 137 65 69 0 150 95 88 85 103 79 26 113 178 112 83 93 54 66 19 131 145 91 89 135 88 124 144 43 125 99 156 48 88 115 85 110 115 
148 91 124 77 96 75 55 133 61 69 61 54 86 23 92 102 150 0 63 62 70 55 146 142 68 30 47 67 57 126 90 132 65 61 59 61 97 73 46 31 154 49 52 20 102 63 55 65 105 39 
87 39 64 65 33 28 29 86 31 43 3 29 23 62 58 39 95 63 0 29 11 49 121 81 25 93 52 33 29 63 29 79 86 93 27 27 112 54 65 48 113 29 37 77 55 34 20 33 103 24 
89 30 86 36 53 57 6 71 2 14 32 53 37 50 34 55 88 62 29 0 23 22 95 83 54 89 29 5 5 73 36 70 60 70 2 2 83 25 42 62 94 51 12 68 40 5 45 4 73 32 
78 28 63 58 30 37 25 75 25 35 15 40 16 65 47 34 85 70 11 23 0 45 110 72 35 100 50 25 25 56 20 68 83 92 22 21 106 47 64 59 101 41 33 81 43 28 32 26 96 31 
107 48 108 23 75 76 20 81 20 19 51 67 60 36 39 77 103 55 49 22 45 0 91 101 71 77 9 23 20 95 58 84 38 48 22 24 62 18 21 67 100 64 12 54 55 18 60 21 58 41 
103 85 150 68 125 147 100 55 94 82 124 148 112 125 62 120 79 146 121 95 110 91 0 100 146 164 99 90 98 119 104 71 95 110 98 97 80 74 102 156 39 147 97 141 72 91 140 91 53 127 
6 53 62 97 57 91 89 45 84 82 84 107 58 133 69 48 26 142 81 83 72 101 100 0 95 171 110 79 88 29 52 29 135 148 85 83 144 89 123 130 68 109 95 151 48 84 99 81 122 104 
100 62 58 90 38 7 52 108 56 68 22 15 38 74 83 46 113 68 25 54 35 71 146 95 0 97 72 58 53 70 47 99 106 111 52 52 134 79 84 42 135 19 59 86 77 59 13 58 127 35 
177 119 154 97 126 104 83 159 89 95 92 82 116 41 117 132 178 30 93 89 100 77 164 171 97 0 68 94 84 156 120 159 73 63 87 89 103 95 62 57 177 77 78 23 130 89 84 92 117 69 
116 57 114 30 81 78 25 90 27 28 53 66 66 27 49 83 112 47 52 29 50 9 99 110 72 68 0 31 25 102 65 93 34 42 28 30 62 26 13 62 109 62 16 45 64 26 60 29 61 39 
85 26 86 33 53 61 11 66 5 10 36 58 37 54 28 54 83 67 33 5 25 23 90 79 58 94 31 0 10 72 35 65 61 72 8 7 82 21 44 68 89 57 16 72 35 5 50 2 70 37 
94 35 89 37 55 57 1 76 5 16 32 51 40 45 38 58 93 57 29 5 25 20 98 88 53 84 25 10 0 78 40 75 58 67 3 5 82 26 39 58 99 49 8 63 45 7 44 8 74 28 
32 49 33 98 32 65 78 65 75 78 65 84 40 121 73 24 54 126 63 73 56 95 119 29 70 156 102 72 78 0 37 50 132 144 75 73 148 88 116 109 92 87 86 138 53 76 77 73 129 87 
58 19 53 65 21 46 40 60 38 43 32 57 8 83 45 20 66 90 29 36 20 58 104 52 47 120 65 35 40 37 0 51 96 106 37 35 115 54 79 78 89 58 48 100 32 39 48 36 100 51 
33 41 83 74 66 97 76 15 70 65 83 108 60 118 46 58 19 132 79 70 68 84 71 29 99 159 93 65 75 50 51 0 112 127 72 70 118 69 105 127 42 109 80 137 29 69 99 67 94 98 
140 84 147 38 113 112 58 106 58 53 87 98 98 42 66 115 131 65 86 60 83 38 95 135 106 73 34 61 58 132 96 112 0 15 60 62 32 45 22 90 116 94 49 51 86 56 94 59 44 72 
154 96 156 53 123 117 67 121 68 65 94 101 108 40 80 125 145 61 93 70 92 48 110 148 111 63 42 72 67 144 106 127 15 0 70 71 40 58 28 89 132 97 58 43 99 67 98 70 58 76 
91 32 86 38 53 56 4 74 4 16 30 51 37 48 37 55 91 59 27 2 22 22 98 85 52 87 28 8 3 75 37 72 60 70 0 2 84 27 42 59 97 49 11 66 43 7 43 7 75 29 
89 30 84 38 51 55 6 72 4 16 30 51 36 50 35 53 89 61 27 2 21 24 97 83 52 89 30 7 5 73 35 70 62 71 2 0 85 27 43 60 96 49 13 68 41 7 43 6 75 30 
149 99 168 50 135 139 82 107 81 72 114 128 119 74 76 135 135 97 112 83 106 62 80 144 134 103 62 82 82 148 115 118 32 40 84 85 0 61 54 122 110 124 75 83 97 78 122 81 27 101 
95 39 106 11 74 82 27 64 23 11 57 77 58 54 23 74 88 73 54 25 47 18 74 89 79 95 26 21 26 88 54 69 45 58 27 27 61 0 36 82 82 75 23 72 41 20 70 21 49 53 
129 70 127 35 94 90 38 101 41 40 66 76 79 23 59 97 124 46 65 42 64 21 102 123 84 62 13 44 39 116 79 105 22 28 42 43 54 36 0 68 117 72 30 38 76 39 71 43 59 49 
136 86 100 90 77 49 57 132 63 74 45 27 71 49 96 85 144 31 48 62 59 67 156 130 42 57 62 68 58 109 78 127 90 89 59 60 122 82 68 0 156 23 59 52 100 65 32 66 124 30 
69 73 125 81 106 135 100 28 94 84 116 142 97 136 61 99 43 154 113 94 101 100 39 68 135 177 109 89 99 92 89 42 116 132 97 96 110 82 117 156 0 142 101 154 58 92 133 90 83 126 
115 69 78 85 55 27 48 116 53 65 26 5 51 59 84 63 125 49 29 51 41 64 147 109 19 77 62 57 49 87 58 109 94 97 49 49 124 75 72 23 142 0 53 68 84 56 9 56 122 23 
101 42 97 32 64 64 8 80 11 17 39 56 49 38 40 67 99 52 37 12 33 12 97 95 59 78 16 16 8 86 48 80 49 58 11 13 75 23 30 59 101 53 0 56 51 11 49 14 69 30 
157 98 140 73 110 93 62 136 67 72 76 73 98 18 94 115 156 20 77 68 81 54 141 151 86 23 45 72 63 138 100 137 51 43 66 68 83 72 38 52 154 68 56 0 107 67 72 70 95 53 
54 15 80 48 53 77 47 31 41 36 58 84 41 89 20 48 48 102 55 40 43 55 72 48 77 130 64 35 45 53 32 29 86 99 43 41 97 41 76 100 58 84 51 107 0 40 75 37 76 70 
90 31 90 31 57 62 8 70 3 9 37 58 41 49 31 58 88 63 34 5 28 18 91 84 59 89 26 5 7 76 39 69 56 67 7 7 78 20 39 65 92 56 11 67 40 0 50 3 68 35 
105 60 70 81 45 20 43 107 47 59 17 8 41 61 77 53 115 55 20 45 32 60 140 99 13 84 60 50 44 77 48 99 94 98 43 43 122 70 71 32 133 9 49 72 75 50 0 50 118 21 
87 28 87 32 54 61 10 68 3 10 36 57 38 52 29 55 85 65 33 4 26 21 91 81 58 92 29 2 8 73 36 67 59 70 7 6 81 21 43 66 90 56 14 70 37 3 50 0 70 36 
127 82 153 37 121 131 75 82 71 60 106 125 105 82 56 119 110 105 103 73 96 58 53 122 127 117 61 70 74 129 100 94 44 58 75 75 27 49 59 124 83 122 69 95 76 68 118 70 0 99 
110 56 86 63 57 41 27 102 33 45 22 26 47 40 66 63 115 39 24 32 31 41 127 104 35 69 39 37 28 87 51 98 72 76 29 30 101 53 49 30 126 23 30 53 70 35 21 36 99 0 
0 9 0 0 35 0 0 6 0 862 2 3447 0 0 0 0 23 0 209 0 0 0 1 1 6 143 0 0 0 91 0 0 0 18 9080 0 290 0 3 66594 101 3221 0 0 62661 2 0 0 1946 0 
9 0 8 1890 4 0 106 0 1642 0 0 8 4 0 1012 17 26 124 73981 289 12 0 2 0 2234 0 0 39 332 934 112 0 3 346 3562 30 0 13136 0 9 470 686 9 4166 0 592 0 1774 0 1 
0 8 0 62 87216 278 92622 66707 0 0 1 28 3011 0 0 0 0 192 728 51224 0 0 0 1929 12118 0 4163 1371 0 4099 0 0 0 14 0 0 0 425 0 0 7194 916 0 225 33579 0 0 0 951 700 
0 1890 62 0 582 0 40776 1 0 0 133 0 0 201 3 0 0 8 2765 7 0 0 0 18 0 0 1 6143 0 6734 6408 0 27437 67583 10004 0 6 0 8 0 536 27 71 80419 0 0 0 0 584 0 
35 4 87216 582 0 0 46 25 17 1 0 9617 0 0 22886 0 0 0 12 0 36 0 0 0 1 0 78173 96054 0 11 0 1 0 436 57 0 0 0 2 26398 78 0 0 0 12225 0 0 0 113 8415 
0 0 278 0 0 0 0 0 71 0 12579 219 0 48 140 0 195 0 345 0 0 0 0 0 0 0 0 0 93 110 0 0 0 0 0 0 0 48423 10125 0 514 9590 0 0 75063 1 0 20154 0 0 
0 106 92622 40776 46 0 0 0 532 0 3 78 3 1 263 36346 1545 3053 367 0 2716 352 37 0 0 0 19217 0 0 125 0 0 109 0 32193 1 0 3 0 176 890 0 20 3 6 4 0 15173 0 0 
6 0 66707 1 25 0 0 0 105 1 8 0 3 87 5 0 0 0 0 0 17 0 6745 0 8600 0 29281 72 5442 86639 7234 3651 6 0 7 0 0 0 34 641 0 733 1760 182 0 3 0 0 7 0 
0 1642 0 0 17 71 532 105 0 0 0 1 0 0 156 22 0 0 0 0 4 0 0 0 28 0 49 4 6197 0 0 32 0 8473 0 0 0 0 0 0 3970 0 67599 0 0 0 0 1 1615 0 
862 0 0 0 1 0 0 1 0 0 0 3 596 431 10 3 0 279 0 0 72639 0 0 135 4603 0 0 0 0 0 2 2911 0 947 319 0 11018 5568 4 0 0 0 0 366 0 98 0 0 62 0 
2 0 1 133 0 12579 3 8 0 0 0 4768 0 0 0 1 1103 51448 0 157 5 0 0 4 165 0 0 0 0 0 18511 0 177 0 0 0 1055 0 356 0 0 20 0 130 1 0 0 27368 0 0 
3447 8 28 0 9617 219 78 0 1 3 4768 0 53 367 0 20303 0 43 71832 0 1 22735 62600 0 0 0 0 0 0 28 0 0 0 14 0 0 0 0 0 0 0 0 0 0 3434 0 0 0 0 2 
0 4 3011 0 0 0 3 3 0 596 0 53 0 69 0 0 0 69 0 4 0 581 81917 7940 1917 15520 1489 0 76 3499 410 1187 0 0 21 0 444 3893 520 90 233 764 0 0 1271 83996 4922 0 11 0 
0 0 0 201 0 48 1 87 0 431 0 367 69 0 27496 0 0 19368 0 100 845 105 15 0 19 0 28 0 0 0 322 32121 0 0 0 129 16 12 1633 0 118 7 800 0 11345 1 36684 0 95 0 
0 1012 0 3 22886 140 263 5 156 10 0 0 0 27496 0 6458 0 0 0 0 0 22112 0 0 66415 454 34401 0 58909 0 0 0 557 547 14435 1251 0 0 5 238 665 0 0 1 30 3 26 0 461 0 
0 17 0 0 0 0 36346 0 22 3 1 20303 0 0 6458 0 2289 2477 2356 0 0 82191 850 0 0 360 0 2644 0 0 0 0 0 0 0 0 0 0 0 31284 0 0 0 0 0 1749 60928 0 0 0 
23 26 0 0 0 195 1545 0 0 0 1103 0 0 0 0 2289 0 43388 0 0 0 0 2166 0 1 0 0 0 7 3354 4 2 0 0 6204 0 0 382 0 0 5064 0 18 2 0 0 58490 0 0 0 
0 124 192 8 0 0 3053 0 0 279 51448 43 69 19368 0 2477 43388 0 0 19989 0 1688 37 148 822 0 100 2062 329 35457 3039 2 0 0 0 15 50 3 1661 0 0 44508 964 2788 1 0 69589 0 1 26 
209 73981 728 2765 12 345 367 0 0 0 0 71832 0 0 0 2356 0 0 0 453 285 0 10 0 164 0 0 16284 77 0 5 35 11829 10030 0 2915 0 0 1 0 425 0 1 14581 0 0 0 0 0 355 
0 289 51224 7 0 0 0 0 0 0 157 0 4 100 0 0 0 19989 453 0 0 0 23648 0 0 0 20 2 0 110 0 31 0 0 0 0 14 18201 0 1 0 0 0 8888 0 1 0 17820 0 0 
0 12 0 0 36 0 2716 17 4 72639 5 1 0 845 0 0 0 0 285 0 0 0 0 2 0 75611 37777 0 0 0 0 0 1 0 0 0 63749 0 85384 80 0 0 0 1 0 537 0 0 0 0 
0 0 0 0 0 0 352 0 0 0 0 22735 581 105 22112 82191 0 1688 0 0 0 0 0 0 0 41846 21 3207 745 0 0 7195 1120 0 0 286 556 15228 13809 0 0 1439 0 13476 0 0 0 0 10331 5395 
1 2 0 0 0 0 37 6745 0 0 0 62600 81917 15 0 850 2166 37 10 23648 0 0 0 1824 0 2 0 39 0 0 0 0 0 4 0 15857 1 445 186 4784 90 854 0 0 5 417 969 1344 48922 1 
1 0 1929 18 0 0 0 0 0 135 4 0 7940 0 0 0 0 148 0 0 2 0 1824 0 0 413 0 0 0 16 0 0 0 0 0 1 0 52956 39200 0 0 88190 20 0 0 272 3166 1 0 42061 
6 2234 12118 0 1 0 0 8600 28 4603 165 0 1917 19 66415 0 1 822 164 0 0 0 0 0 0 3282 81669 0 0 0 59051 8 0 0 56 526 0 0 0 3 103 0 2 438 0 0 0 0 10793 49 
143 0 0 0 0 0 0 0 0 0 0 0 15520 0 454 360 0 0 0 0 75611 41846 2 413 3282 0 0 0 1 0 0 0 90 0 14435 98 0 0 0 116 2 54 12783 0 36 727 699 0 0 0 
0 0 4163 1 78173 0 19217 29281 49 0 0 0 1489 28 34401 0 0 100 0 20 37777 21 0 0 81669 0 0 0 0 0 0 0 0 0 3 41 10 1 0 30 0 46 0 53 107 26 0 0 0 111 
0 39 1371 6143 96054 0 0 72 4 0 0 0 0 0 0 2644 0 2062 16284 2 0 3207 39 0 0 0 0 0 0 4463 0 0 2 177 320 7 4 4792 0 0 41863 37 0 2636 17927 0 8 0 0 0 
0 332 0 0 0 93 0 5442 6197 0 0 0 76 0 58909 0 7 329 77 0 0 745 0 0 0 1 0 0 0 6 6691 1 0 104 86924 104 0 0 0 0 5 0 0 0 0 11 29 32 0 0 
91 934 4099 6734 11 110 125 86639 0 0 0 28 3499 0 0 0 3354 35457 0 110 0 0 0 16 0 0 0 4463 6 0 6 37 732 1737 1139 0 0 1975 26870 2118 302 0 3 2864 30 0 28112 0 491 0 
0 112 0 6408 0 0 0 7234 0 2 18511 0 410 322 0 0 4 3039 5 0 0 0 0 0 59051 0 0 0 6691 6 0 0 0 0 0 23859 0 1301 0 0 15443 0 0 55 0 9913 0 21 11 749 
0 0 0 0 1 0 0 3651 32 2911 0 0 1187 32121 0 0 2 2 35 31 0 7195 0 0 8 0 0 0 1 37 0 0 0 12 0 0 14615 0 9400 0 194 0 0 0 3 0 0 0 532 0 
0 3 0 27437 0 0 109 6 0 0 177 0 0 0 557 0 0 0 11829 0 1 1120 0 0 0 90 0 2 0 732 0 0 0 968 563 0 1 11 0 20910 235 267 0 1943 0 508 0 21 53600 0 
18 346 14 67583 436 0 0 0 8473 947 0 14 0 0 547 0 0 0 10030 0 0 0 4 0 0 0 0 177 104 1737 0 12 968 0 0 7 0 0 432 0 19 0 0 668 11644 0 0 0 0 0 
9080 3562 0 10004 57 0 32193 7 0 319 0 0 21 0 14435 0 6204 0 0 0 0 0 0 0 56 14435 3 320 86924 1139 0 0 563 0 0 0 1607 0 5604 467 94 1 57 0 0 151 31720 7 0 0 
0 30 0 0 0 0 1 0 0 0 0 0 0 129 1251 0 0 15 2915 0 0 286 15857 1 526 98 41 7 104 0 23859 0 0 7 0 0 0 29 157 0 0 0 0 0 0 54 1429 0 33367 211 
290 0 0 6 0 0 0 0 0 11018 1055 0 444 16 0 0 0 50 0 14 63749 556 1 0 0 0 10 4 0 0 0 14615 1 0 1607 0 0 0 0 333 91 0 13 1 0 33914 18264 0 0 0 
0 13136 425 0 0 48423 3 0 0 5568 0 0 3893 12 0 0 382 3 0 18201 0 15228 445 52956 0 0 1 4792 0 1975 1301 0 11 0 0 29 0 0 0 220 0 1045 3606 10973 98553 2904 261 10 0 2 
3 0 0 8 2 10125 0 34 0 4 356 0 520 1633 5 0 0 1661 1 0 85384 13809 186 39200 0 0 0 0 0 26870 0 9400 0 432 5604 157 0 0 0 77638 0 2 87 0 481 0 3288 0 33 0 
66594 9 0 0 26398 0 176 641 0 0 0 0 90 0 238 31284 0 0 0 1 80 0 4784 0 3 116 30 0 0 2118 0 0 20910 0 467 0 333 220 77638 0 3 0 3 4 0 16 13745 203 37801 0 
101 470 7194 536 78 514 890 0 3970 0 0 0 233 118 665 0 5064 0 425 0 0 0 90 0 103 2 0 41863 5 302 15443 194 235 19 94 0 91 0 0 3 0 8 45853 0 0 555 0 0 0 0 
3221 686 916 27 0 9590 0 733 0 0 20 0 764 7 0 0 0 44508 0 0 0 1439 854 88190 0 54 46 37 0 0 0 0 267 0 1 0 0 1045 2 0 8 0 0 0 0 7 6865 2 0 842 
0 9 0 71 0 0 20 1760 67599 0 0 0 0 800 0 0 18 964 1 0 0 0 0 20 2 12783 0 0 0 3 0 0 0 0 57 0 13 3606 87 3 45853 0 0 0 6 12024 0 0 373 0 
0 4166 225 80419 0 0 3 182 0 366 130 0 0 0 1 0 2 2788 14581 8888 1 13476 0 0 438 0 53 2636 0 2864 55 0 1943 668 0 0 1 10973 0 4 0 0 0 0 2377 10938 0 0 1895 1968 
62661 0 33579 0 12225 75063 6 0 0 0 1 3434 1271 11345 30 0 0 1 0 0 0 0 5 0 0 36 107 17927 0 30 0 3 0 11644 0 0 0 98553 481 0 0 0 6 2377 0 0 0 166 0 5 
2 592 0 0 0 1 4 3 0 98 0 0 83996 1 3 1749 0 0 0 1 537 0 417 272 0 727 26 0 11 0 9913 0 508 0 151 54 33914 2904 0 16 555 7 12024 10938 0 0 8 0 5598 9116 
0 0 0 0 0 0 0 0 0 0 0 0 4922 36684 26 60928 58490 69589 0 0 0 0 969 3166 0 699 0 8 29 28112 0 0 0 0 31720 1429 18264 261 3288 13745 0 6865 0 0 0 8 0 0 0 0 
0 1774 0 0 0 20154 15173 0 1 0 27368 0 0 0 0 0 0 0 0 17820 0 0 1344 1 0 0 0 0 32 0 21 0 21 0 7 0 0 10 0 203 0 2 0 0 166 0 0 0 56544 6 
1946 0 951 584 113 0 0 7 1615 62 0 0 11 95 461 0 0 1 0 0 0 10331 48922 0 10793 0 0 0 0 491 11 532 53600 0 0 33367 0 0 33 37801 0 0 373 1895 0 5598 0 56544 0 19 
0 1 700 0 8415 0 0 0 0 0 0 2 0 0 0 0 0 26 355 0 0 5395 1 42061 49 0 111 0 0 0 749 0 0 0 0 211 0 2 0 0 0 842 0 1968 5 9116 0 6 19 0 
0 0 36449 17421 1 248 0 0 7126 0 0 0 26686 2549 577 0 0 11210 0 4332 5064 27946 0 0 1 0 1253 6 18471 0 0 77285 97 0 0 87 0 0 0 0 0 0 48693 13 0 0 6 1691 0 1925 
0 0 0 0 0 29 0 38 0 1526 241 0 1 1393 0 0 0 0 0 0 0 2 0 50 0 1959 0 0 0 0 0 14 0 0 0 0 205 0 237 0 0 0 10 0 3707 0 66468 0 356 0 
36449 0 0 0 0 0 0 0 21 78 3 0 0 554 13781 18572 1 0 0 0 111 20 74 0 0 12136 0 0 98 0 94 7 13 3 1620 11743 123 0 24450 13434 0 0 98 0 0 0 37097 0 0 0 
17421 0 0 0 0 388 0 1 822 1 0 69 8 0 1 2181 28 0 0 3 6253 45249 60707 0 894 2864 0 0 199 0 0 0 0 0 0 2 0 2 0 42769 0 0 0 0 4 78 1 10 0 730 
1 0 0 0 0 98 0 0 0 0 72838 0 6641 0 0 20 9 7 0 0 0 2426 1536 21 3 10 0 0 253 0 5036 0 4 0 0 539 0 70911 0 0 0 130 242 622 0 12862 12 16 0 0 
248 29 0 388 98 0 276 4 0 17 0 0 1078 0 0 13 0 232 0 4 239 57692 78563 12290 2472 184 10821 2 1 0 35 29 30 36 20 21 7651 0 0 18635 0 0 4861 1614 0 0 964 0 53647 0 
0 0 0 0 0 276 0 173 0 13803 6 3 1 3 0 0 0 0 0 7 0 0 0 28 21 52129 0 0 5990 0 2087 20030 0 3529 0 0 0 3 411 0 0 30 0 0 0 0 9019 0 2613 1627 
0 38 0 1 0 4 173 0 0 3 0 37 0 0 0 1951 0 97 45 127 0 3 0 21412 0 12788 0 0 0 0 0 0 0 0 0 1355 17475 2005 0 0 0 0 0 0 16996 0 1242 1704 7 241 
7126 0 21 822 0 0 0 0 0 47622 14 1 28 2235 0 0 6 360 232 8787 1 76 6 3504 0 4 0 0 0 1161 2 0 1 0 4 6659 259 2609 3 3 0 9 0 684 372 37798 60 34 0 317 
0 1526 78 1 0 17 13803 3 47622 0 297 4 0 0 0 7 16772 0 34 43 0 5 123 0 0 35982 2707 1251 1793 12 1 0 1881 0 0 1710 0 0 0 57 372 3 96 0 64 0 1769 104 0 51540 
0 241 3 0 72838 0 6 0 14 297 0 0 415 66 8 47 0 0 258 0 0 19 49 0 0 1266 24151 0 15 59 0 40 0 1 26 193 0 314 0 0 20917 1 25 0 3 103 98 0 6716 0 
0 0 0 69 0 0 3 37 1 4 0 0 0 0 1518 0 619 0 0 1 0 0 0 3724 7 46 219 2837 241 0 1 15806 60598 0 13872 27171 3 334 68 160 5966 712 24647 0 0 20601 0 0 5321 0 
26686 1 0 8 6641 1078 1 0 28 0 415 0 0 0 1091 125 3214 0 1 0 15 0 0 0 0 0 0 5613 0 0 0 0 21 574 0 32887 0 0 0 0 0 0 472 136 0 0 0 26891 0 334 
2549 1393 554 0 0 0 3 0 2235 0 66 0 0 0 0 98768 896 0 3586 0 0 0 13 9 0 27650 0 239 1 35649 0 0 585 3371 0 0 0 0 0 3 0 0 0 31828 0 7 0 0 0 13629 
577 0 13781 1 0 0 0 0 0 0 8 1518 1091 0 0 0 528 14 3650 2012 88542 0 2 1010 0 0 0 140 0 1637 89 382 0 0 0 0 3531 65877 0 0 0 7481 1228 0 0 0 0 4742 0 92 
0 0 18572 2181 20 13 0 1951 0 7 47 0 125 98768 0 0 0 0 0 6 3339 0 0 1 0 0 8 0 24 553 467 10689 1022 0 0 2318 2039 5442 0 0 61 0 1 16 23 0 0 14 5106 62 
0 0 1 28 9 0 0 0 6 16772 0 619 3214 896 528 0 0 0 2 201 43 1249 0 3105 0 23 74488 1 11 0 0 12 21490 32275 0 1 1 0 29 217 0 665 0 1 2 1 0 12857 47 10145 
11210 0 0 0 7 232 0 97 360 0 0 0 0 0 14 0 0 0 3776 0 68 0 0 0 0 0 0 0 0 0 0 3 589 389 54986 0 0 1 0 44 53504 0 0 0 1 67717 0 434 8 0 
0 0 0 0 0 0 0 45 232 34 258 0 1 3586 3650 0 2 3776 0 0 0 693 0 12494 0 10241 4688 0 0 1589 0 0 0 0 75 0 66454 1421 0 13798 0 4882 0 0 1364 2 1 2 562 0 
4332 0 0 3 0 4 7 127 8787 43 0 1 0 0 2012 6 201 0 0 0 31 11 0 215 11 22029 0 0 2195 0 6191 0 74 350 906 30 0 0 103 0 10 295 4 0 15 1 4084 0 3646 662 
5064 0 111 6253 0 239 0 0 1 0 0 0 15 0 88542 3339 43 68 0 31 0 5 13 2 149 0 0 26290 47646 2905 471 278 11 2177 0 20319 0 8 0 0 0 37505 337 15 94 0 38 36520 263 1077 
27946 2 20 45249 2426 57692 0 3 76 5 19 0 0 0 0 0 1249 0 693 11 5 0 1086 5 27738 0 0 0 0 43 41 0 0 14 0 0 0 0 0 33220 31 0 41360 0 1046 5423 14 17 0 0 
0 0 74 60707 1536 78563 0 0 6 123 49 0 0 13 2 0 0 0 0 0 13 1086 0 0 55701 5 971 1 80 65 1742 365 1879 0 6608 0 1 0 0 0 0 0 184 135 0 0 0 0 0 0 
0 50 0 0 21 12290 28 21412 3504 0 0 3724 0 9 1010 1 3105 0 12494 215 2 5 0 0 278 0 14 6 2 0 4726 78 1309 189 9724 0 3209 0 0 39596 1 0 0 1288 13 0 0 3 10678 0 
1 0 0 894 3 2472 21 0 0 0 0 7 0 0 0 0 0 0 0 11 149 27738 55701 278 0 0 0 0 2731 0 0 0 1666 23 0 0 0 228 4266 1 0 1530 12 0 0 0 3192 1 0 1 
0 1959 12136 2864 10 184 52129 12788 4 35982 1266 46 0 27650 0 0 23 0 10241 22029 0 0 5 0 0 0 69 182 2 1667 21 3968 0 20 0 0 1468 188 13 0 0 0 0 45 0 0 0 0 4 158 
1253 0 0 0 0 10821 0 0 0 2707 24151 219 0 0 0 8 74488 0 4688 0 0 0 971 14 0 69 0 2225 1140 3 0 524 295 27 1 0 0 0 75 0 14001 3 257 0 0 0 0 15 29440 0 
6 0 0 0 0 2 0 0 0 1251 0 2837 5613 239 140 0 1 0 0 0 26290 0 1 6 0 182 2225 0 0 0 1613 0 0 0 0 0 21 0 0 1842 0 0 20665 0 0 88 1 19366 0 23410 
18471 0 98 199 253 1 5990 0 0 1793 15 241 0 1 0 24 11 0 0 2195 47646 0 80 2 2731 2 1140 0 0 0 0 0 2383 0 0 0 65 2 9433 8110 4 50 94 47 16589 0 1 44 97 6 
0 0 0 0 0 0 0 0 1161 12 59 0 0 35649 1637 553 0 0 1589 0 2905 43 65 0 0 1667 3 0 0 0 0 0 0 0 0 76 3448 0 0 0 0 2 0 0 0 520 0 56761 0 1368 
0 0 94 0 5036 35 2087 0 2 1 0 1 0 0 89 467 0 0 0 6191 471 41 1742 4726 0 21 0 1613 0 0 0 2007 0 61048 3 0 29 0 0 3518 0 4355 5 0 35081 0 2806 0 2 0 
77285 14 7 0 0 29 20030 0 0 0 40 15806 0 0 382 10689 12 3 0 0 278 0 365 78 0 3968 524 0 0 0 2007 0 656 0 8275 3016 0 7 0 271 0 355 154 0 0 805 29 14 0 14 
97 0 13 0 4 30 0 0 1 1881 0 60598 21 585 0 1022 21490 589 0 74 11 0 1879 1309 1666 0 295 0 2383 0 0 656 0 0 0 31678 0 0 817 0 0 0 72 0 0 0 2246 0 0 4211 
0 0 3 0 0 36 3529 0 0 0 1 0 574 3371 0 0 32275 389 0 350 2177 14 0 189 23 20 27 0 0 0 61048 0 0 0 24890 0 503 282 0 13161 0 2122 3978 0 0 9710 0 51694 20348 52735 
0 0 1620 0 0 20 0 0 4 0 26 13872 0 0 0 0 0 54986 75 906 0 0 6608 9724 0 0 1 0 0 0 3 8275 0 24890 0 139 0 12 0 0 0 3 0 0 976 0 0 4 18 113 
87 0 11743 2 539 21 0 1355 6659 1710 193 27171 32887 0 0 2318 1 0 0 30 20319 0 0 0 0 0 0 0 0 76 0 3016 31678 0 139 0 199 0 0 9682 438 2707 10089 10588 23 0 0 2511 0 0 
0 205 123 0 0 7651 0 17475 259 0 0 3 0 0 3531 2039 1 0 66454 0 0 0 1 3209 0 1468 0 21 65 3448 29 0 0 503 0 199 0 5889 36854 0 0 2 0 5143 114 0 0 65 0 7502 
0 0 0 2 70911 0 3 2005 2609 0 314 334 0 0 65877 5442 0 1 1421 0 8 0 0 0 228 188 0 0 2 0 0 7 0 282 12 0 5889 0 89634 0 1 0 0 0 0 0 0 0 11 13 
0 237 24450 0 0 0 411 0 3 0 0 68 0 0 0 0 29 0 0 103 0 0 0 0 4266 13 75 0 9433 0 0 0 817 0 0 0 36854 89634 0 0 35495 0 0 1 0 0 0 501 0 16471 
0 0 13434 42769 0 18635 0 0 3 57 0 160 0 3 0 0 217 44 13798 0 0 33220 0 39596 1 0 0 1842 8110 0 3518 271 0 13161 0 9682 0 0 0 0 0 133 0 0 4 0 0 0 0 764 
0 0 0 0 0 0 0 0 0 372 20917 5966 0 0 0 61 0 53504 0 10 0 31 0 1 0 0 14001 0 4 0 0 0 0 0 0 438 0 1 35495 0 0 1 0 1209 1 0 4198 10440 1 66074 
0 0 0 0 130 0 30 0 9 3 1 712 0 0 7481 0 665 0 4882 295 37505 0 0 0 1530 0 3 0 50 2 4355 355 0 2122 3 2707 2 0 0 133 1 0 10 4012 28073 0 0 0 0 0 
48693 10 98 0 242 4861 0 0 0 96 25 24647 472 0 1228 1 0 0 0 4 337 41360 184 0 12 0 257 20665 94 0 5 154 72 3978 0 10089 0 0 0 0 0 10 0 741 0 0 30 124 0 218 
13 0 0 0 622 1614 0 0 684 0 0 0 136 31828 0 16 1 0 0 0 15 0 135 1288 0 45 0 0 47 0 0 0 0 0 0 10588 5143 0 1 0 1209 4012 741 0 0 0 39 59 0 0 
0 3707 0 4 0 0 0 16996 372 64 3 0 0 0 0 23 2 1 1364 15 94 1046 0 13 0 0 0 0 16589 0 35081 0 0 0 976 23 114 0 0 4 1 28073 0 0 0 65449 50116 0 2 0 
0 0 0 78 12862 0 0 0 37798 0 103 20601 0 7 0 0 1 67717 2 1 0 5423 0 0 0 0 0 88 0 520 0 805 0 9710 0 0 0 0 0 0 0 0 0 0 65449 0 0 0 0 0 
6 66468 37097 1 12 964 9019 1242 60 1769 98 0 0 0 0 0 0 0 1 4084 38 14 0 0 3192 0 0 1 1 0 2806 29 2246 0 0 0 0 0 0 0 4198 0 30 39 50116 0 0 17 0 1047 
1691 0 0 10 16 0 0 1704 34 104 0 0 26891 0 4742 14 12857 434 2 0 36520 17 0 3 1 0 15 19366 44 56761 0 14 0 51694 4 2511 65 0 501 0 10440 0 124 59 0 0 17 0 0 0 
0 356 0 0 0 53647 2613 7 0 0 6716 5321 0 0 0 5106 47 8 562 3646 263 0 0 10678 0 4 29440 0 97 0 2 0 0 20348 18 0 0 11 0 0 1 0 0 0 2 0 0 0 0 0 
1925 0 0 730 0 0 1627 241 317 51540 0 0 334 13629 92 62 10145 0 0 662 1077 0 0 0 1 158 0 23410 6 1368 0 14 4211 52735 113 0 7502 13 16471 764 66074 0 218 0 0 0 1047 0 0 0 
