7 3
0 59 64 103 62 95 95 
59 0 70 49 40 62 36 
64 70 0 118 33 51 89 
103 49 118 0 85 94 38 
62 40 33 85 0 33 56 
95 62 51 94 33 0 57 
95 36 89 38 56 57 0 
0 7 0 598 5686 3 0 
7 0 2775 24943 0 0 1568 
0 2775 0 45 0 138 21 
598 24943 45 0 0 2316 87694 
5686 0 0 0 0 0 1385 
3 0 138 2316 0 0 0 
0 1568 21 87694 1385 0 0 
0 0 31826 0 0 0 686 
0 0 0 0 38 11016 0 
31826 0 0 0 36870 0 0 
0 0 0 0 1 0 0 
0 38 36870 1 0 586 0 
0 11016 0 0 586 0 1058 
686 0 0 0 0 1058 0 
0 0 1588 0 0 0 39171 
0 0 0 0 16 994 0 
1588 0 0 0 1207 0 0 
0 0 0 0 41 0 0 
0 16 1207 41 0 10 0 
0 994 0 0 10 0 698 
39171 0 0 0 0 698 0 
