5 3
0 46 118 40 96 
46 0 88 10 53 
118 88 0 85 53 
40 10 85 0 56 
96 53 53 56 0 
0 0 0 406 0 
0 0 77683 4 0 
0 77683 0 0 147 
406 4 0 0 1 
0 0 147 1 0 
0 24550 2444 0 4 
24550 0 0 0 98360 
2444 0 0 60354 0 
0 0 60354 0 0 
4 98360 0 0 0 
0 19499 114 0 460 
19499 0 0 0 302 
114 0 0 52689 0 
0 0 52689 0 0 
460 302 0 0 0 
