20 4
0 46 118 40 96 98 46 64 2 33 36 47 55 9 108 78 35 54 61 95 
46 0 88 10 53 127 3 66 48 60 37 19 78 48 107 43 36 50 104 90 
118 88 0 85 53 137 85 71 120 144 83 106 102 125 70 117 84 138 148 59 
40 10 85 0 56 117 8 56 42 59 26 26 68 43 98 54 26 55 95 82 
96 53 53 56 0 154 51 82 98 112 71 66 108 100 106 67 71 96 146 90 
98 127 137 117 154 0 125 72 99 127 90 138 49 106 75 170 91 153 52 79 
46 3 85 8 51 125 0 63 48 61 34 22 76 49 104 46 34 53 103 87 
64 66 71 56 82 72 63 0 66 97 32 83 30 73 44 110 33 107 76 31 
2 48 120 42 98 99 48 66 0 32 38 48 56 7 110 78 37 54 61 97 
33 60 144 59 112 127 61 97 32 0 67 48 88 24 142 71 66 34 83 128 
36 37 83 26 71 90 34 32 38 67 0 51 41 44 77 80 1 75 74 61 
47 19 106 26 66 138 22 83 48 48 51 0 90 45 125 31 50 31 108 109 
55 78 102 68 108 49 76 30 56 88 41 90 0 63 62 121 41 107 46 54 
9 48 125 43 100 106 49 73 7 24 44 45 63 0 117 75 43 47 66 104 
108 107 70 98 106 75 104 44 110 142 77 125 62 117 0 149 78 152 105 17 
78 43 117 54 67 170 46 110 78 71 80 31 121 75 149 0 80 40 140 132 
35 36 84 26 71 91 34 33 37 66 1 50 41 43 78 80 0 74 74 62 
54 50 138 55 96 153 53 107 54 34 75 31 107 47 152 40 74 0 113 136 
61 104 148 95 146 52 103 76 61 83 74 108 46 66 105 140 74 113 0 100 
95 90 59 82 90 79 87 31 97 128 61 109 54 104 17 132 62 136 100 0 
0 17364 0 33749 491 1 0 6062 1813 85 35105 64756 27 2 0 0 0 326 0 22842 
17364 0 0 250 266 2 3182 0 7 7283 14 68 3322 41 5 2539 440 7 0 0 
0 0 0 0 0 0 162 0 0 0 70317 0 6 206 0 67 30 1 13 10478 
33749 250 0 0 120 467 781 12443 0 31 4705 0 81 0 0 0 0 393 0 2977 
491 266 0 120 0 91240 0 147 60031 11789 0 6830 592 0 0 0 480 0 6 0 
1 2 0 467 91240 0 0 0 0 0 0 6493 7 0 0 0 90965 3851 2412 207 
0 3182 162 781 0 0 0 0 0 0 0 0 31 4246 0 4019 0 11 0 0 
6062 0 0 12443 147 0 0 0 519 0 0 7622 0 0 87 6867 0 29659 4584 5 
1813 7 0 0 60031 0 0 519 0 34 8918 34 1639 7458 26 3835 67450 11770 30034 190 
85 7283 0 31 11789 0 0 0 34 0 36 4 0 49732 1964 0 0 0 935 699 
35105 14 70317 4705 0 0 0 0 8918 36 0 3730 0 0 0 0 0 0 18 0 
64756 68 0 0 6830 6493 0 7622 34 4 3730 0 10 0 0 20 1302 551 3331 0 
27 3322 6 81 592 7 31 0 1639 0 0 10 0 34633 0 0 179 2465 37479 0 
2 41 206 0 0 0 4246 0 7458 49732 0 0 34633 0 0 0 0 0 3741 0 
0 5 0 0 0 0 0 87 26 1964 0 0 0 0 0 32428 0 0 28 31 
0 2539 67 0 0 0 4019 6867 3835 0 0 20 0 0 32428 0 2 0 0 12645 
0 440 30 0 480 90965 0 0 67450 0 0 1302 179 0 0 2 0 1043 17481 0 
326 7 1 393 0 3851 11 29659 11770 0 0 551 2465 0 0 0 1043 0 19240 15 
0 0 13 0 6 2412 0 4584 30034 935 18 3331 37479 3741 28 0 17481 19240 0 44 
22842 0 10478 2977 0 207 0 5 190 699 0 0 0 0 31 12645 0 15 44 0 
0 0 850 0 0 0 3265 0 0 0 0 0 0 2 49 997 0 0 30 0 
0 0 14929 0 0 5 0 198 0 0 0 0 0 0 0 0 0 0 273 78 
850 14929 0 7806 56 5 0 38 94532 13380 0 43656 1 0 37 0 0 0 0 0 
0 0 7806 0 0 0 0 0 58 0 0 0 0 93 68849 5730 1 0 3 0 
0 0 56 0 0 0 26702 0 0 0 41111 0 0 1323 5 1481 5 3 2 623 
0 5 5 0 0 0 21646 27 1366 591 6465 0 0 119 27269 28 0 0 0 0 
3265 0 0 0 26702 21646 0 21 7709 1230 5 1485 2 0 2456 0 1 16 62 161 
0 198 38 0 0 27 21 0 0 1 133 0 168 692 0 0 579 0 0 1 
0 0 94532 58 0 1366 7709 0 0 0 0 0 0 0 0 0 0 0 0 0 
0 0 13380 0 0 591 1230 1 0 0 0 0 3397 0 0 322 451 192 0 0 
0 0 0 0 41111 6465 5 133 0 0 0 0 0 14 45 4 43669 26 0 3 
0 0 43656 0 0 0 1485 0 0 0 0 0 0 3761 1438 0 0 0 0 1 
0 0 1 0 0 0 2 168 0 3397 0 0 0 0 8 0 0 0 0 7739 
2 0 0 93 1323 119 0 692 0 0 14 3761 0 0 0 0 39224 25382 0 0 
49 0 37 68849 5 27269 2456 0 0 0 45 1438 8 0 0 0 75 21 0 0 
997 0 0 5730 1481 28 0 0 0 322 4 0 0 0 0 0 0 4581 1984 0 
0 0 0 1 5 0 1 579 0 451 43669 0 0 39224 75 0 0 0 0 0 
0 0 0 0 3 0 16 0 0 192 26 0 0 25382 21 4581 0 0 0 8 
30 273 0 3 2 0 62 0 0 0 0 0 0 0 0 1984 0 0 0 2 
0 78 0 0 623 0 161 1 0 0 3 1 7739 0 0 0 0 8 2 0 
0 0 1029 0 0 0 2029 0 0 0 0 0 0 0 17 1404 0 0 964 0 
0 0 53 0 0 0 0 14648 0 0 0 0 0 0 0 0 0 4 39 0 
1029 53 0 16977 8 38 0 5 15138 8108 0 16995 0 0 20 0 0 0 0 0 
0 0 16977 0 0 0 0 0 568 0 0 3 1 2334 2499 1 30 0 0 0 
0 0 8 0 0 0 90154 0 0 0 3766 0 0 59308 7589 794 0 21 0 408 
0 0 38 0 0 0 2654 65 83 0 28534 0 8 7896 1726 76331 0 0 0 0 
2029 0 0 0 90154 2654 0 37 3691 3283 95 65745 0 0 1943 0 166 0 4 1158 
0 14648 5 0 0 65 37 0 0 7 0 0 1359 215 0 0 0 0 0 0 
0 0 15138 568 0 83 3691 0 0 0 0 0 0 0 0 0 0 0 0 0 
0 0 8108 0 0 0 3283 7 0 0 0 20 67 0 0 780 53157 3 0 0 
0 0 0 0 3766 28534 95 0 0 0 0 0 128 38 85 8 16691 1 0 90 
0 0 16995 3 0 0 65745 0 0 20 0 0 0 1448 3344 0 0 0 0 3 
0 0 0 1 0 8 0 1359 0 67 128 0 0 0 0 1 0 0 0 1323 
0 0 0 2334 59308 7896 0 215 0 0 38 1448 0 0 4 0 488 2258 0 2 
17 0 20 2499 7589 1726 1943 0 0 0 85 3344 0 4 0 0 24447 105 0 0 
1404 0 0 1 794 76331 0 0 0 780 8 0 1 0 0 0 0 14813 11311 0 
0 0 0 30 0 0 166 0 0 53157 16691 0 0 488 24447 0 0 0 0 2134 
0 4 0 0 21 0 0 0 0 3 1 0 0 2258 105 14813 0 0 0 0 
964 39 0 0 0 0 4 0 0 0 0 0 0 0 0 11311 0 0 0 0 
0 0 0 0 408 0 1158 0 0 0 90 3 1323 2 0 0 2134 0 0 0 
0 0 6331 0 0 19 96 0 0 0 0 0 0 0 0 19 6 0 62 0 
0 0 9006 0 0 0 0 2561 0 0 0 0 0 0 0 0 0 0 20 3405 
6331 9006 0 77703 8 2 0 190 38080 2489 0 22769 0 0 563 0 0 0 0 0 
0 0 77703 0 0 0 0 0 6250 0 0 308 0 19133 3984 134 163 0 8 0 
0 0 8 0 0 0 2177 0 0 0 3431 0 0 21655 496 7 0 1081 0 2043 
19 0 2 0 0 0 91 4 70 1820 12753 0 0 3897 897 20679 0 0 0 0 
96 0 0 0 2177 91 0 2 29250 7110 0 2616 0 0 12846 0 79 0 16 69 
0 2561 190 0 0 4 2 0 1 57 67 0 537 110 0 0 259 0 0 0 
0 0 38080 6250 0 70 29250 1 0 0 0 0 0 0 0 0 0 0 0 0 
0 0 2489 0 0 1820 7110 57 0 0 0 2 1106 0 0 36021 4747 6 0 0 
0 0 0 0 3431 12753 0 67 0 0 0 0 7 16 24 772 1915 0 0 5 
0 0 22769 308 0 0 2616 0 0 2 0 0 0 65157 17512 0 0 0 0 1 
0 0 0 0 0 0 0 537 0 1106 7 0 0 0 5 1 0 0 0 5561 
0 0 0 19133 21655 3897 0 110 0 0 16 65157 0 0 5 0 213 3398 0 1 
0 0 563 3984 496 897 12846 0 0 0 24 17512 5 5 0 0 9 38 0 0 
19 0 0 134 7 20679 0 0 0 36021 772 0 1 0 0 0 0 35106 42378 0 
6 0 0 163 0 0 79 259 0 4747 1915 0 0 213 9 0 0 0 0 191 
0 0 0 0 1081 0 0 0 0 6 0 0 0 3398 38 35106 0 0 0 0 
62 20 0 8 0 0 16 0 0 0 0 0 0 0 0 42378 0 0 0 0 
0 3405 0 0 2043 0 69 0 0 0 5 1 5561 1 0 0 191 0 0 0 
