15 3
0 46 118 40 96 98 46 64 2 33 36 47 55 9 108 
46 0 88 10 53 127 3 66 48 60 37 19 78 48 107 
118 88 0 85 53 137 85 71 120 144 83 106 102 125 70 
40 10 85 0 56 117 8 56 42 59 26 26 68 43 98 
96 53 53 56 0 154 51 82 98 112 71 66 108 100 106 
98 127 137 117 154 0 125 72 99 127 90 138 49 106 75 
46 3 85 8 51 125 0 63 48 61 34 22 76 49 104 
64 66 71 56 82 72 63 0 66 97 32 83 30 73 44 
2 48 120 42 98 99 48 66 0 32 38 48 56 7 110 
33 60 144 59 112 127 61 97 32 0 67 48 88 24 142 
36 37 83 26 71 90 34 32 38 67 0 51 41 44 77 
47 19 106 26 66 138 22 83 48 48 51 0 90 45 125 
55 78 102 68 108 49 76 30 56 88 41 90 0 63 62 
9 48 125 43 100 106 49 73 7 24 44 45 63 0 117 
108 107 70 98 106 75 104 44 110 142 77 125 62 117 0 
0 0 16 458 116 35021 34 24 9334 0 0 10 98273 649 0 
0 0 0 0 0 0 4 0 0 67 8 4192 95589 0 76 
16 0 0 84 967 0 4 0 0 0 11 0 0 0 18140 
458 0 84 0 0 21 0 0 0 20744 0 0 0 17754 0 
116 0 967 0 0 0 6414 2527 14 11 6291 0 1 3 316 
35021 0 0 21 0 0 3 0 5 1 0 22808 0 0 0 
34 4 4 0 6414 3 0 28536 88 0 0 0 1270 65234 439 
24 0 0 0 2527 0 28536 0 0 1 37 0 21116 67 0 
9334 0 0 0 14 5 88 0 0 2306 0 3492 8534 2516 0 
0 67 0 20744 11 1 0 1 2306 0 2 0 1 0 0 
0 8 11 0 6291 0 0 37 0 2 0 0 0 183 0 
10 4192 0 0 0 22808 0 0 3492 0 0 0 10 0 0 
98273 95589 0 0 1 0 1270 21116 8534 1 0 10 0 18258 20 
649 0 0 17754 3 0 65234 67 2516 0 183 0 18258 0 0 
0 76 18140 0 316 0 439 0 0 0 0 0 20 0 0 
0 0 0 0 1708 0 2110 122 0 9 134 0 42 7 0 
0 0 0 0 0 0 0 336 239 3716 10 0 0 352 0 
0 0 0 0 1 0 0 0 0 4768 13 6031 45859 0 0 
0 0 0 0 11 0 97 0 3018 0 0 0 11361 292 4 
1708 0 1 11 0 0 1313 51087 10 4 4 497 46 1499 30 
0 0 0 0 0 0 12 24 56734 0 0 1 25 1 244 
2110 0 0 97 1313 12 0 0 0 0 0 0 0 68 34 
122 336 0 0 51087 24 0 0 0 0 4 0 0 0 15112 
0 239 0 3018 10 56734 0 0 0 131 20063 36 0 31 0 
9 3716 4768 0 4 0 0 0 131 0 0 5370 22 0 0 
134 10 13 0 4 0 0 4 20063 0 0 16675 102 7 0 
0 0 6031 0 497 1 0 0 36 5370 16675 0 8 0 4896 
42 0 45859 11361 46 25 0 0 0 22 102 8 0 42343 18905 
7 352 0 292 1499 1 68 0 31 0 7 0 42343 0 0 
0 0 0 4 30 244 34 15112 0 0 0 4896 18905 0 0 
0 15 107 2 0 0 0 0 0 72144 4960 3317 0 58711 0 
15 0 12732 0 0 1 3 300 0 3 0 0 0 0 0 
107 12732 0 0 3453 0 0 3 6355 28702 21365 46 12863 0 0 
2 0 0 0 0 0 0 0 10 0 0 0 0 0 0 
0 0 3453 0 0 190 0 586 0 56 10632 0 3673 18 1637 
0 1 0 0 190 0 0 58764 168 0 12248 56 119 0 0 
0 3 0 0 0 0 0 0 0 0 3962 128 0 19605 1 
0 300 3 0 586 58764 0 0 0 0 23351 9154 8 2 0 
0 0 6355 10 0 168 0 0 0 44 11 73776 4266 0 853 
72144 3 28702 0 56 0 0 0 44 0 0 0 0 13 0 
4960 0 21365 0 10632 12248 3962 23351 11 0 0 2 727 0 0 
3317 0 46 0 0 56 128 9154 73776 0 2 0 0 94140 4017 
0 0 12863 0 3673 119 0 8 4266 0 727 0 0 0 134 
58711 0 0 0 18 0 19605 2 0 13 0 94140 0 0 4099 
0 0 0 0 1637 0 1 0 853 0 0 4017 134 4099 0 
