6 2
0 46 118 40 96 98 
46 0 88 10 53 127 
118 88 0 85 53 137 
40 10 85 0 56 117 
96 53 53 56 0 154 
98 127 137 117 154 0 
0 404 0 1522 326 0 
404 0 0 3297 0 0 
0 0 0 1 0 0 
1522 3297 1 0 0 5 
326 0 0 0 0 2 
0 0 0 5 2 0 
0 0 271 0 0 0 
0 0 160 0 185 3780 
271 160 0 97 0 0 
0 0 97 0 0 0 
0 185 0 0 0 0 
0 3780 0 0 0 0 
