8 4
0 46 118 40 96 98 46 64 
46 0 88 10 53 127 3 66 
118 88 0 85 53 137 85 71 
40 10 85 0 56 117 8 56 
96 53 53 56 0 154 51 82 
98 127 137 117 154 0 125 72 
46 3 85 8 51 125 0 63 
64 66 71 56 82 72 63 0 
0 0 47 69 0 56 0 0 
0 0 1 0 18928 832 1708 6 
47 1 0 136 0 0 0 0 
69 0 136 0 95682 6874 16270 0 
0 18928 0 95682 0 79708 12 1905 
56 832 0 6874 79708 0 15 132 
0 1708 0 16270 12 15 0 4810 
0 6 0 0 1905 132 4810 0 
0 0 73994 0 0 0 629 0 
0 0 92446 61 224 0 0 0 
73994 92446 0 0 1 1963 47 0 
0 61 0 0 0 137 215 1162 
0 224 1 0 0 0 58 20 
0 0 1963 137 0 0 301 0 
629 0 47 215 58 301 0 0 
0 0 0 1162 20 0 0 0 
0 0 0 33750 0 325 1 5 
0 0 0 755 3 41 0 0 
0 0 0 39 6734 32 0 6 
33750 755 39 0 166 0 0 0 
0 3 6734 166 0 2 0 2 
325 41 32 0 2 0 0 21 
1 0 0 0 0 0 0 0 
5 0 6 0 2 21 0 0 
0 142 0 4 4333 0 6 6 
142 0 2671 0 70 40 5572 0 
0 2671 0 0 0 39602 4540 1 
4 0 0 0 0 0 55 0 
4333 70 0 0 0 0 4538 0 
0 40 39602 0 0 0 44928 0 
6 5572 4540 55 4538 44928 0 190 
6 0 1 0 0 0 190 0 
