9 3
0 123 17 72 89 90 77 84 122 
123 0 116 51 121 48 96 115 59 
17 116 0 64 101 90 86 66 108 
72 51 64 0 97 39 71 77 62 
89 121 101 97 0 73 26 158 158 
90 48 90 39 73 0 47 116 91 
77 96 86 71 26 47 0 136 132 
84 115 66 77 158 116 136 0 73 
122 59 108 62 158 91 132 73 0 
0 37 0 0 43 0 0 0 0 
37 0 2 9 6690 203 0 0 88173 
0 2 0 0 2 0 0 2685 0 
0 9 0 0 0 0 2 102 0 
43 6690 2 0 0 12 0 0 0 
0 203 0 0 12 0 6 0 3016 
0 0 0 2 0 6 0 0 25 
0 0 2685 102 0 0 0 0 0 
0 88173 0 0 0 3016 25 0 0 
0 55977 27 0 0 46 0 10273 0 
55977 0 0 0 2840 0 0 0 0 
27 0 0 0 1209 22 22493 77 0 
0 0 0 0 0 16 0 0 10586 
0 2840 1209 0 0 0 0 0 58 
46 0 22 16 0 0 42 13 28 
0 0 22493 0 0 42 0 4 0 
10273 0 77 0 0 13 4 0 0 
0 0 0 10586 58 28 0 0 0 
0 159 0 35 3376 82 0 0 0 
159 0 16624 10 1780 0 0 127 7 
0 16624 0 0 0 306 42915 85 0 
35 10 0 0 0 236 188 0 3 
3376 1780 0 0 0 3 0 0 195 
82 0 306 236 3 0 0 0 0 
0 0 42915 188 0 0 0 0 7195 
0 127 85 0 0 0 0 0 5 
0 7 0 3 195 0 7195 5 0 
