10 3
0 59 64 103 62 95 95 48 90 88 
59 0 70 49 40 62 36 46 31 30 
64 70 0 118 33 51 89 98 88 95 
103 49 118 0 85 94 38 68 34 23 
62 40 33 85 0 33 56 78 55 62 
95 62 51 94 33 0 57 107 59 71 
95 36 89 38 56 57 0 77 6 17 
48 46 98 68 78 107 77 0 71 63 
90 31 88 34 55 59 6 71 0 12 
88 30 95 23 62 71 17 63 12 0 
0 84 198 0 109 0 0 875 0 3453 
84 0 0 0 4 35 917 2 0 0 
198 0 0 3 19674 92839 0 0 0 0 
0 0 3 0 3 6061 11 439 3288 0 
109 4 19674 3 0 0 3 19283 140 0 
0 35 92839 6061 0 0 2 1052 1 7 
0 917 0 11 3 2 0 0 2076 0 
875 2 0 439 19283 1052 0 0 823 3 
0 0 0 3288 140 1 2076 823 0 0 
3453 0 0 0 0 7 0 3 0 0 
0 8692 11 0 27 0 0 197 0 2206 
8692 0 0 0 0 102 855 2 0 0 
11 0 0 237 21311 10831 0 0 0 0 
0 0 237 0 1 4042 71 4 47740 0 
27 0 21311 1 0 0 0 467 118 0 
0 102 10831 4042 0 0 0 3697 0 8 
0 855 0 71 0 0 0 0 495 0 
197 2 0 4 467 3697 0 0 165 59 
0 0 0 47740 118 0 495 165 0 0 
2206 0 0 0 0 8 0 59 0 0 
0 904 31 0 56479 0 0 210 0 7258 
904 0 0 0 32 2 206 8 0 0 
31 0 0 3 596 51368 0 0 0 3 
0 0 3 0 43 38597 68 1618 10131 0 
56479 32 596 43 0 0 2 30232 77 0 
0 2 51368 38597 0 0 7 25 6 231 
0 206 0 68 2 7 0 0 2234 0 
210 8 0 1618 30232 25 0 0 537 16 
0 0 0 10131 77 6 2234 537 0 0 
7258 0 3 0 0 231 0 16 0 0 
