8 3
0 46 118 40 96 98 46 64 
46 0 88 10 53 127 3 66 
118 88 0 85 53 137 85 71 
40 10 85 0 56 117 8 56 
96 53 53 56 0 154 51 82 
98 127 137 117 154 0 125 72 
46 3 85 8 51 125 0 63 
64 66 71 56 82 72 63 0 
0 0 0 17 228 0 0 0 
0 0 0 0 0 4367 0 0 
0 0 0 0 0 0 0 0 
17 0 0 0 0 44 1 0 
228 0 0 0 0 4236 0 0 
0 4367 0 44 4236 0 0 177 
0 0 0 1 0 0 0 0 
0 0 0 0 0 177 0 0 
0 2444 49 0 0 45 6659 0 
2444 0 4 62 309 0 138 15874 
49 4 0 74684 1318 463 302 1741 
0 62 74684 0 17898 0 5 3 
0 309 1318 17898 0 0 754 36 
45 0 463 0 0 0 0 0 
6659 138 302 5 754 0 0 5230 
0 15874 1741 3 36 0 5230 0 
0 114 0 3 0 46 16042 0 
114 0 460 0 357 0 1931 4583 
0 460 0 4095 24 70 2658 21135 
3 0 4095 0 6790 0 0 82 
0 357 24 6790 0 0 101 46 
46 0 70 0 0 0 51 0 
16042 1931 2658 0 101 51 0 222 
0 4583 21135 82 46 0 222 0 
