8 2
0 46 118 40 96 98 46 64 
46 0 88 10 53 127 3 66 
118 88 0 85 53 137 85 71 
40 10 85 0 56 117 8 56 
96 53 53 56 0 154 51 82 
98 127 137 117 154 0 125 72 
46 3 85 8 51 125 0 63 
64 66 71 56 82 72 63 0 
0 0 0 0 95682 27 0 235 
0 0 0 1831 84 0 393 18225 
0 0 0 0 0 33189 0 17364 
0 1831 0 0 0 3 1 3148 
95682 84 0 0 0 236 21 0 
27 0 33189 3 236 0 190 72 
0 393 0 1 21 190 0 0 
235 18225 17364 3148 0 72 0 0 
0 19499 7937 2896 0 3 1792 0 
19499 0 5 0 0 14032 0 0 
7937 5 0 48995 1079 0 286 0 
2896 0 48995 0 982 0 0 0 
0 0 1079 982 0 0 0 80 
3 14032 0 0 0 0 0 0 
1792 0 286 0 0 0 0 309 
0 0 0 0 80 0 309 0 
