40 2
0 123 17 72 89 90 77 84 122 70 141 118 117 117 58 85 94 145 69 99 137 99 30 139 114 56 50 94 70 158 148 87 53 161 64 94 106 62 87 81 
123 0 116 51 121 48 96 115 59 63 25 47 40 16 64 39 31 87 58 23 83 33 103 24 65 67 92 40 53 45 35 36 95 46 119 29 43 89 107 43 
17 116 0 64 101 90 86 66 108 71 133 119 117 113 52 81 90 150 68 93 122 97 14 135 118 53 57 84 66 154 139 82 62 151 46 88 94 69 69 78 
72 51 64 0 97 39 71 77 62 33 69 64 60 49 13 21 29 104 24 28 84 38 52 71 72 21 53 26 13 91 77 19 58 89 74 23 41 56 72 18 
89 121 101 97 0 73 26 158 158 64 146 84 88 106 88 88 93 82 73 107 181 88 104 121 67 78 49 121 84 131 156 94 43 167 143 101 136 41 157 86 
90 48 90 39 73 0 47 116 91 20 73 28 27 34 42 20 20 64 22 35 115 15 82 53 32 38 48 55 28 69 83 26 49 95 111 30 68 42 111 21 
77 96 86 71 26 47 0 136 132 38 121 63 66 81 63 62 67 73 47 81 155 62 85 98 49 54 29 95 58 110 130 68 24 142 124 75 110 17 134 60 
84 115 66 77 158 116 136 0 73 105 118 141 136 120 76 98 104 181 98 96 73 114 56 139 149 84 109 75 89 160 120 94 114 129 22 95 74 118 9 96 
122 59 108 62 158 91 132 73 0 94 51 103 96 73 74 71 70 145 85 56 25 79 93 83 118 83 115 37 74 101 50 65 120 57 87 60 22 118 63 72 
70 63 71 33 64 20 38 105 94 0 87 48 47 52 29 25 32 79 8 44 117 32 64 72 47 21 28 56 20 89 96 31 31 108 97 38 71 26 102 23 
141 25 133 69 146 73 121 118 51 87 0 70 64 41 83 62 55 108 81 43 71 58 119 37 89 88 115 49 74 52 10 57 118 21 127 50 44 113 110 65 
118 47 119 64 84 28 63 141 103 48 70 0 6 30 70 43 37 42 50 48 128 26 110 38 19 66 73 72 55 47 80 46 73 90 138 47 82 64 135 45 
117 40 117 60 88 27 66 136 96 47 64 6 0 24 67 39 32 48 48 42 121 22 108 32 25 64 74 66 52 44 73 42 75 83 134 41 76 66 130 42 
117 16 113 49 106 34 81 120 73 52 41 30 24 0 60 31 22 72 48 24 98 19 101 21 48 61 81 46 46 42 51 31 83 62 122 26 54 76 113 35 
58 64 52 13 88 42 63 76 74 29 83 70 67 60 0 29 38 107 21 41 95 45 41 82 74 9 41 39 15 102 90 29 47 103 69 35 53 47 72 25 
85 39 81 21 88 20 62 98 71 25 62 43 39 31 29 0 9 83 18 19 96 17 70 53 51 29 52 34 14 73 71 6 56 83 95 13 49 51 92 3 
94 31 90 29 93 20 67 104 70 32 55 37 32 22 38 9 0 79 27 14 95 10 79 44 48 38 60 36 24 64 64 10 64 76 103 10 48 58 98 13 
145 87 150 104 82 64 73 181 145 79 108 42 48 72 107 83 79 0 85 91 170 68 144 71 32 101 95 114 92 67 117 88 93 125 176 89 125 84 176 85 
69 58 68 24 73 22 47 98 85 8 81 50 48 48 21 18 27 85 0 37 108 30 60 70 52 16 34 48 11 88 90 23 38 102 91 31 63 34 94 15 
99 23 93 28 107 35 81 96 56 44 43 48 42 24 41 19 14 91 37 0 81 23 80 43 62 45 71 23 30 64 52 13 75 65 98 6 34 70 89 21 
137 83 122 84 181 115 155 73 25 117 71 128 121 98 95 96 95 170 108 81 0 104 107 106 143 104 136 61 97 123 67 89 142 71 92 85 47 141 64 96 
99 33 97 38 88 15 62 114 79 32 58 26 22 19 45 17 10 68 30 23 104 0 87 40 38 44 61 46 30 58 68 19 63 79 112 20 58 56 108 20 
30 103 14 52 104 82 85 56 93 64 119 110 108 101 41 70 79 144 60 80 107 87 0 123 111 44 56 70 56 143 125 70 61 137 39 76 80 68 58 67 
139 24 135 71 121 53 98 139 83 72 37 38 32 21 82 53 44 71 70 43 106 40 123 0 57 83 101 64 68 21 46 52 103 54 142 47 68 95 131 57 
114 65 118 72 67 32 49 149 118 47 89 19 25 48 74 51 48 32 52 62 143 38 111 57 0 68 66 84 60 63 99 57 65 109 143 59 97 55 144 53 
56 67 53 21 78 38 54 84 83 21 88 66 64 61 9 29 38 101 16 45 104 44 44 83 68 0 32 47 14 102 96 31 37 109 75 39 62 37 81 25 
50 92 57 53 49 48 29 109 115 28 115 73 74 81 41 52 60 95 34 71 136 61 56 101 66 32 0 79 42 117 124 57 5 136 95 65 94 12 107 49 
94 40 84 26 121 55 95 75 37 56 49 72 66 46 39 34 36 114 48 23 61 46 70 64 84 47 79 0 37 85 55 28 84 67 79 25 15 81 67 35 
70 53 66 13 84 28 58 89 74 20 74 55 52 46 15 14 24 92 11 30 97 30 56 68 60 14 42 37 0 88 82 17 47 95 83 24 52 44 84 11 
158 45 154 91 131 69 110 160 101 89 52 47 44 42 102 73 64 67 88 64 123 58 143 21 63 102 117 85 88 0 58 73 118 62 163 68 88 110 152 76 
148 35 139 77 156 83 130 120 50 96 10 80 73 51 90 71 64 117 90 52 67 68 125 46 99 96 124 55 82 58 0 66 128 12 130 58 47 122 111 74 
87 36 82 19 94 26 68 94 65 31 57 46 42 31 29 6 10 88 23 13 89 19 70 52 57 31 57 28 17 73 66 0 61 78 93 7 42 57 88 8 
53 95 62 58 43 49 24 114 120 31 118 73 75 83 47 56 64 93 38 75 142 63 61 103 65 37 5 84 47 118 128 61 0 140 100 69 99 9 113 53 
161 46 151 89 167 95 142 129 57 108 21 90 83 62 103 83 76 125 102 65 71 79 137 54 109 109 136 67 95 62 12 78 140 0 141 71 58 134 120 86 
64 119 46 74 143 111 124 22 87 97 127 138 134 122 69 95 103 176 91 98 92 112 39 142 143 75 95 79 83 163 130 93 100 141 0 96 82 106 28 92 
94 29 88 23 101 30 75 95 60 38 50 47 41 26 35 13 10 89 31 6 85 20 76 47 59 39 65 25 24 68 58 7 69 71 96 0 38 64 89 15 
106 43 94 41 136 68 110 74 22 71 44 82 76 54 53 49 48 125 63 34 47 58 80 68 97 62 94 15 52 88 47 42 99 58 82 38 0 96 65 49 
62 89 69 56 41 42 17 118 118 26 113 64 66 76 47 51 58 84 34 70 141 56 68 95 55 37 12 81 44 110 122 57 9 134 106 64 96 0 116 49 
87 107 69 72 157 111 134 9 63 102 110 135 130 113 72 92 98 176 94 89 64 108 58 131 144 81 107 67 84 152 111 88 113 120 28 89 65 116 0 90 
81 43 78 18 86 21 60 96 72 23 65 45 42 35 25 3 13 85 15 21 96 20 67 57 53 25 49 35 11 76 74 8 53 86 92 15 49 49 90 0 
0 46 71 1107 0 503 6 0 0 2 0 201 3 0 0 0 630 0 0 1415 13 0 2 216 0 0 2301 9132 0 11 0 0 0 4 13 0 1 0 1114 33 
46 0 0 0 34 0 1434 0 0 154 66353 57470 0 0 0 0 64 0 5011 0 33225 0 0 105 0 0 49014 43 86 18 1 0 0 5800 4616 2 0 0 0 15187 
71 0 0 0 123 0 901 0 346 5680 0 0 96664 111 0 0 0 0 0 3 271 1 0 406 65076 5 9 846 3 15870 0 125 0 4 0 0 739 159 0 1613 
1107 0 0 0 3102 2 4709 0 1737 657 22282 0 1 2074 0 0 0 1393 0 0 0 0 7 441 0 94414 0 50321 16 0 0 0 0 3 52 2457 841 273 872 10429 
0 34 123 3102 0 0 27218 1399 0 6 8 37874 0 0 9766 0 11 138 0 120 2 4078 0 4008 27 0 0 0 221 2 2 0 0 71593 79 27 106 15 0 42 
503 0 0 2 0 0 242 146 0 15045 0 0 2 43263 0 38 0 0 0 3 0 0 0 0 0 1 63295 0 53 7356 20 0 0 0 0 1 12 1077 29203 20044 
6 1434 901 4709 27218 242 0 0 0 1264 87918 2 0 74 0 574 1752 0 63334 430 159 0 0 16223 0 0 80 0 0 814 29 0 0 0 0 390 0 4 87010 4 
0 0 0 0 1399 146 0 0 0 0 129 650 44 0 0 0 157 0 56 546 940 89 0 66283 4451 0 0 1 0 1161 8051 6 77051 0 0 0 15 67 0 0 
0 0 346 1737 0 0 0 0 0 0 0 814 0 0 174 523 36 65396 0 24 362 33722 4 715 0 3 0 2272 0 0 0 0 0 21 0 0 261 208 395 54661 
2 154 5680 657 6 15045 1264 0 0 0 4066 3 0 0 7095 107 3 0 0 0 3388 1 0 0 1799 6 0 238 0 78454 21536 0 6 0 2 0 55 3 2 5096 
0 66353 0 22282 8 0 87918 129 0 4066 0 0 0 0 0 0 0 1 2 0 1 0 102 17580 34 0 188 0 0 34584 41461 1436 4074 13900 81763 844 0 6287 0 0 
201 57470 0 0 37874 0 2 650 814 3 0 0 10 0 0 0 0 4572 0 0 1438 0 38988 0 2155 0 0 15 75246 14074 2 0 1392 0 0 6356 3902 3 0 569 
3 0 96664 1 0 2 0 44 0 0 0 10 0 61311 0 2 0 5078 7 30 36616 86 3 0 0 0 36642 0 0 0 0 19831 2 0 0 18259 109 0 140 41 
0 0 111 2074 0 43263 74 0 0 0 0 0 61311 0 24 67 0 41631 0 2 0 9235 0 0 42 0 186 0 24 0 20479 0 20788 99 1033 0 0 0 0 0 
0 0 0 0 9766 0 0 0 174 7095 0 0 0 24 0 0 1 0 0 350 1901 7 0 925 795 0 0 0 2 0 2610 0 1 0 2109 0 0 2 0 20 
0 0 0 0 0 38 574 0 523 107 0 0 2 67 0 0 0 0 0 0 1986 27694 71 6 10250 895 0 0 0 209 0 1334 0 87820 732 0 0 79881 9610 0 
630 64 0 0 11 0 1752 157 36 3 0 0 0 0 1 0 0 254 151 0 30 0 46855 0 0 0 0 0 1 0 22732 32512 0 0 0 5748 97261 10832 0 0 
0 0 0 1393 138 0 0 0 65396 0 1 4572 5078 41631 0 0 254 0 0 814 85657 4578 0 0 39 0 0 2720 15071 0 0 0 2 0 0 0 3 37 6150 574 
0 5011 0 0 0 0 63334 56 0 0 2 0 7 0 0 0 151 0 0 30 1 8170 0 13553 0 0 7 249 3 0 433 1560 0 0 30624 0 935 0 47 0 
1415 0 3 0 120 3 430 546 24 0 0 0 30 2 350 0 0 814 30 0 0 119 0 19 4011 0 1 1 0 1 11 26 15186 0 0 2630 0 306 0 0 
13 33225 271 0 2 0 159 940 362 3388 1 1438 36616 0 1901 1986 30 85657 1 0 0 0 0 107 4483 0 0 0 0 0 62494 0 83 0 381 236 0 54400 0 909 
0 0 1 0 4078 0 0 89 33722 1 0 0 86 9235 7 27694 0 4578 8170 119 0 0 44386 0 350 6 0 0 27 2937 8066 0 15 376 372 2 19 506 93174 78 
2 0 0 7 0 0 0 0 4 0 102 38988 3 0 0 71 46855 0 0 0 0 44386 0 0 0 1 0 15 0 0 32 89859 2560 76 0 0 0 0 11477 0 
216 105 406 441 4008 0 16223 66283 715 0 17580 0 0 0 925 6 0 0 13553 19 107 0 0 0 6598 0 22 663 0 0 1 0 2 0 0 18437 7 0 0 7363 
0 0 65076 0 27 0 0 4451 0 1799 34 2155 0 42 795 10250 0 39 0 4011 4483 350 0 6598 0 0 0 11 1 0 268 1 678 0 16 0 0 0 0 0 
0 0 5 94414 0 1 0 0 3 6 0 0 0 0 0 895 0 0 0 0 0 6 1 0 0 0 0 2 4 0 0 1 624 1371 7 0 0 0 0 7706 
2301 49014 9 0 0 63295 80 0 0 0 188 0 36642 186 0 0 0 0 7 1 0 0 0 22 0 0 0 16119 0 5918 3 0 0 7 0 2 0 0 387 0 
9132 43 846 50321 0 0 0 1 2272 238 0 15 0 0 0 0 0 2720 249 1 0 0 15 663 11 2 16119 0 1 0 0 223 0 0 47671 0 0 295 1105 51 
0 86 3 16 221 53 0 0 0 0 0 75246 0 24 2 0 1 15071 3 0 0 27 0 0 1 4 0 1 0 0 0 0 0 1764 0 2 39973 0 0 0 
11 18 15870 0 2 7356 814 1161 0 78454 34584 14074 0 0 0 209 0 0 0 1 0 2937 0 0 0 0 5918 0 0 0 0 0 21528 0 0 596 2 0 3 515 
0 1 0 0 2 20 29 8051 0 21536 41461 2 0 20479 2610 0 22732 0 433 11 62494 8066 32 1 268 0 3 0 0 0 0 0 0 223 42 8222 3 0 0 10232 
0 0 125 0 0 0 0 6 0 0 1436 0 19831 0 0 1334 32512 0 1560 26 0 0 89859 0 1 1 0 223 0 0 0 0 35461 0 88 1977 0 2914 0 0 
0 0 0 0 0 0 0 77051 0 6 4074 1392 2 20788 1 0 0 2 0 15186 83 15 2560 2 678 624 0 0 0 21528 0 35461 0 6297 7 1333 0 391 15 0 
4 5800 4 3 71593 0 0 0 21 0 13900 0 0 99 0 87820 0 0 0 0 0 376 76 0 0 1371 7 0 1764 0 223 0 6297 0 0 144 0 270 148 173 
13 4616 0 52 79 0 0 0 0 2 81763 0 0 1033 2109 732 0 0 30624 0 381 372 0 0 16 7 0 47671 0 0 42 88 7 0 0 0 6512 0 0 4736 
0 2 0 2457 27 1 390 0 0 0 844 6356 18259 0 0 0 5748 0 0 2630 236 2 0 18437 0 0 2 0 2 596 8222 1977 1333 144 0 0 0 0 5031 5840 
1 0 739 841 106 12 0 15 261 55 0 3902 109 0 0 0 97261 3 935 0 0 19 0 7 0 0 0 0 39973 2 3 0 0 0 6512 0 0 1374 0 0 
0 0 159 273 15 1077 4 67 208 3 6287 3 0 0 2 79881 10832 37 0 306 54400 506 0 0 0 0 0 295 0 0 0 2914 391 270 0 0 1374 0 11 4040 
1114 0 0 872 0 29203 87010 0 395 2 0 0 140 0 0 9610 0 6150 47 0 0 93174 11477 0 0 0 387 1105 0 3 0 0 15 148 0 5031 0 11 0 16154 
33 15187 1613 10429 42 20044 4 0 54661 5096 0 569 41 0 20 0 0 574 0 0 909 78 0 7363 0 7706 0 51 0 515 10232 0 0 173 4736 5840 0 4040 16154 0 
0 82 0 0 3 0 0 60 2587 0 0 1679 6 50 5426 97601 0 2 26 9 0 7544 358 0 735 3077 0 68389 256 0 16521 197 0 776 0 178 0 28 0 156 
82 0 0 66625 0 2775 4186 5 0 0 0 0 4185 15302 4541 8293 0 5338 0 6 0 30962 21 0 52 0 0 7 0 0 11203 0 12 0 1 0 966 0 5 0 
0 0 0 28 0 23008 0 52 0 0 1123 44 0 0 3874 38626 0 0 0 0 0 0 8 0 45 0 1 0 0 85 0 0 0 0 19 184 1382 528 1 0 
0 66625 28 0 0 0 0 9 0 0 337 0 0 0 38773 120 8031 0 0 0 1 194 0 13 0 740 0 0 0 10 47 64429 559 0 0 0 0 0 0 0 
3 0 0 0 0 2 0 570 4 5995 0 97763 13 181 2 53418 0 12228 74442 4111 0 0 4 0 0 68 3997 0 0 0 16271 19 4809 0 0 0 0 0 7896 0 
0 2775 23008 0 2 0 3975 61 33728 0 592 49217 0 5071 14581 0 0 54 1524 0 45 1 1804 513 751 2 93 471 1 0 0 0 11 1 0 0 0 0 0 0 
0 4186 0 0 0 3975 0 0 2 0 0 0 10 0 243 4 0 0 0 0 57 0 5883 0 276 2196 0 5118 69 0 0 51 0 7 2 44953 0 2446 0 0 
60 5 52 9 570 61 0 0 43920 0 0 66 0 176 41938 0 0 0 0 0 209 0 721 0 0 80 17328 0 6 0 0 811 0 0 3 1 0 0 0 2 
2587 0 0 0 4 33728 2 43920 0 72 13903 0 479 6 8104 0 526 0 8 0 0 0 0 0 857 0 407 0 173 3 10 23 0 0 141 4 37 0 0 0 
0 0 0 0 5995 0 0 0 72 0 0 0 213 0 0 0 0 1117 3 1191 0 0 104 0 200 0 0 0 0 0 1910 52 0 0 0 699 0 0 0 0 
0 0 1123 337 0 592 0 0 13903 0 0 6207 2066 14904 63 0 0 0 2558 22239 43049 198 16323 0 26146 1 0 1167 3 1 0 4382 6 0 0 0 88 0 1 1 
1679 0 44 0 97763 49217 0 66 0 0 6207 0 373 45237 4263 19 222 0 46 137 0 13 66 211 0 0 113 12 0 0 9 100 55 18674 328 0 0 2 0 0 
6 4185 0 0 13 0 10 0 479 213 2066 373 0 0 1 0 0 0 0 0 0 0 11111 20 150 41 1 1 418 3300 1 2 13181 411 0 0 0 3501 0 23 
50 15302 0 0 181 5071 0 176 6 0 14904 45237 0 0 0 2 607 21 1326 0 12 0 136 0 0 2998 41179 0 2793 12321 0 454 33858 244 0 0 4 1 4431 1 
5426 4541 3874 38773 2 14581 243 41938 8104 0 63 4263 1 0 0 4677 0 22 28 0 0 0 6 0 14 543 25018 64 0 0 37 12 0 2 0 134 1 0 6411 0 
97601 8293 38626 120 53418 0 4 0 0 0 0 19 0 2 4677 0 1 41149 83 0 0 0 0 0 0 0 0 12 62 0 316 54 10167 2376 0 105 2 0 0 82327 
0 0 0 8031 0 0 0 0 526 0 0 222 0 607 0 1 0 0 0 0 0 24602 0 1 0 0 759 0 0 57049 0 0 167 0 59 0 0 0 1444 8 
2 5338 0 0 12228 54 0 0 0 1117 0 0 0 21 22 41149 0 0 689 0 0 0 76250 9 0 5960 2 0 0 173 600 0 11545 0 15 226 0 45946 0 0 
26 0 0 0 74442 1524 0 0 8 3 2558 46 0 1326 28 83 0 689 0 0 0 0 73781 1 5 1 90 0 0 2 0 0 48144 349 32 16752 0 19 0 66048 
9 6 0 0 4111 0 0 0 0 1191 22239 137 0 0 0 0 0 0 0 0 4 0 299 0 0 9 0 0 2 0 0 0 0 18179 2501 0 2 0 0 0 
0 0 0 1 0 45 57 209 0 0 43049 0 0 12 0 0 0 0 0 4 0 3820 2 0 0 69230 22069 1 10 0 0 240 0 7762 0 0 27448 0 1 0 
7544 30962 0 194 0 1 0 0 0 0 198 13 0 0 0 0 24602 0 0 0 3820 0 0 0 0 0 0 7 11899 0 1186 0 6011 0 0 12300 7185 0 49 0 
358 21 8 0 4 1804 5883 721 0 104 16323 66 11111 136 6 0 0 76250 73781 299 2 0 0 1 3945 0 7701 0 54655 6364 0 0 0 0 769 0 168 114 0 12 
0 0 0 13 0 513 0 0 0 0 0 211 20 0 0 0 1 9 1 0 0 0 1 0 0 28 0 0 0 17 0 4433 0 3338 62660 0 10 0 0 0 
735 52 45 0 0 751 276 0 857 200 26146 0 150 0 14 0 0 0 5 0 0 0 3945 0 0 9 324 0 0 160 0 0 0 0 0 3718 0 1 136 1 
3077 0 0 740 68 2 2196 80 0 0 1 0 41 2998 543 0 0 5960 1 9 69230 0 0 28 9 0 816 0 0 1487 138 0 0 3705 0 5957 50581 0 79 0 
0 0 1 0 3997 93 0 17328 407 0 0 113 1 41179 25018 0 759 2 90 0 22069 0 7701 0 324 816 0 0 0 0 0 40 0 0 0 0 4603 1 105 764 
68389 7 0 0 0 471 5118 0 0 0 1167 12 1 0 64 12 0 0 0 0 1 7 0 0 0 0 0 0 0 27 0 0 11192 43619 642 562 0 0 0 0 
256 0 0 0 0 1 69 6 173 0 3 0 418 2793 0 62 0 0 0 2 10 11899 54655 0 0 0 0 0 0 94 1 2 0 218 14 0 0 4047 0 1881 
0 0 85 10 0 0 0 0 3 0 1 0 3300 12321 0 0 57049 173 2 0 0 0 6364 17 160 1487 0 27 94 0 65004 15 0 0 31630 0 0 0 0 114 
16521 11203 0 47 16271 0 0 0 10 1910 0 9 1 0 37 316 0 600 0 0 0 1186 0 0 0 138 0 0 1 65004 0 8374 8 0 0 0 67 0 2100 15418 
197 0 0 64429 19 0 51 811 23 52 4382 100 2 454 12 54 0 0 0 0 240 0 0 4433 0 0 40 0 2 15 8374 0 0 43230 90 989 76 117 2 79029 
0 12 0 559 4809 11 0 0 0 0 6 55 13181 33858 0 10167 167 11545 48144 0 0 6011 0 0 0 0 0 11192 0 0 8 0 0 0 0 0 96 0 0 508 
776 0 0 0 0 1 7 0 0 0 0 18674 411 244 2 2376 0 0 349 18179 7762 0 0 3338 0 3705 0 43619 218 0 0 43230 0 0 198 3355 0 0 0 0 
0 1 19 0 0 0 2 3 141 0 0 328 0 0 0 0 59 15 32 2501 0 0 769 62660 0 0 0 642 14 31630 0 90 0 198 0 0 11 22 0 0 
178 0 184 0 0 0 44953 1 4 699 0 0 0 0 134 105 0 226 16752 0 0 12300 0 0 3718 5957 0 562 0 0 0 989 0 3355 0 0 33 82 0 0 
0 966 1382 0 0 0 0 0 37 0 88 0 0 4 1 2 0 0 0 2 27448 7185 168 10 0 50581 4603 0 0 0 67 76 96 0 11 33 0 0 8 2 
28 0 528 0 0 0 2446 0 0 0 0 2 3501 1 0 0 0 45946 19 0 0 0 114 0 1 0 1 0 4047 0 0 117 0 0 22 82 0 0 0 0 
0 5 1 0 7896 0 0 0 0 0 1 0 0 4431 6411 0 1444 0 0 0 1 49 0 0 136 79 105 0 0 0 2100 2 0 0 0 0 8 0 0 9580 
156 0 0 0 0 0 0 2 0 0 1 0 23 1 0 82327 8 0 66048 0 0 0 12 0 1 0 764 0 1881 114 15418 79029 508 0 0 0 2 0 9580 0 
