50 4
0 123 17 72 89 90 77 84 122 70 141 118 117 117 58 85 94 145 69 99 137 99 30 139 114 56 50 94 70 158 148 87 53 161 64 94 106 62 87 81 66 9 49 48 135 73 47 81 16 69 
123 0 116 51 121 48 96 115 59 63 25 47 40 16 64 39 31 87 58 23 83 33 103 24 65 67 92 40 53 45 35 36 95 46 119 29 43 89 107 43 57 113 75 95 85 58 91 43 139 54 
17 116 0 64 101 90 86 66 108 71 133 119 117 113 52 81 90 150 68 93 122 97 14 135 118 53 57 84 66 154 139 82 62 151 46 88 94 69 69 78 59 15 41 32 119 72 32 78 31 65 
72 51 64 0 97 39 71 77 62 33 69 64 60 49 13 21 29 104 24 28 84 38 52 71 72 21 53 26 13 91 77 19 58 89 74 23 41 56 72 18 5 62 23 46 83 30 41 18 88 13 
89 121 101 97 0 73 26 158 158 64 146 84 88 106 88 88 93 82 73 107 181 88 104 121 67 78 49 121 84 131 156 94 43 167 143 101 136 41 157 86 94 86 92 116 180 69 112 86 92 83 
90 48 90 39 73 0 47 116 91 20 73 28 27 34 42 20 20 64 22 35 115 15 82 53 32 38 48 55 28 69 83 26 49 95 111 30 68 42 111 21 41 81 54 82 115 17 77 21 104 28 
77 96 86 71 26 47 0 136 132 38 121 63 66 81 63 62 67 73 47 81 155 62 85 98 49 54 29 95 58 110 130 68 24 142 124 75 110 17 134 60 69 71 69 95 154 42 90 60 85 57 
84 115 66 77 158 116 136 0 73 105 118 141 136 120 76 98 104 181 98 96 73 114 56 139 149 84 109 75 89 160 120 94 114 129 22 95 74 118 9 96 75 79 67 42 70 103 46 96 96 88 
122 59 108 62 158 91 132 73 0 94 51 103 96 73 74 71 70 145 85 56 25 79 93 83 118 83 115 37 74 101 50 65 120 57 87 60 22 118 63 72 66 113 76 77 25 89 76 72 138 75 
70 63 71 33 64 20 38 105 94 0 87 48 47 52 29 25 32 79 8 44 117 32 64 72 47 21 28 56 20 89 96 31 31 108 97 38 71 26 102 23 32 61 39 67 116 5 62 23 84 19 
141 25 133 69 146 73 121 118 51 87 0 70 64 41 83 62 55 108 81 43 71 58 119 37 89 88 115 49 74 52 10 57 118 21 127 50 44 113 110 65 75 131 92 107 73 82 104 65 158 75 
118 47 119 64 84 28 63 141 103 48 70 0 6 30 70 43 37 42 50 48 128 26 110 38 19 66 73 72 55 47 80 46 73 90 138 47 82 64 135 45 67 109 82 109 128 46 104 45 132 56 
117 40 117 60 88 27 66 136 96 47 64 6 0 24 67 39 32 48 48 42 121 22 108 32 25 64 74 66 52 44 73 42 75 83 134 41 76 66 130 42 64 108 79 106 122 44 101 42 131 53 
117 16 113 49 106 34 81 120 73 52 41 30 24 0 60 31 22 72 48 24 98 19 101 21 48 61 81 46 46 42 51 31 83 62 122 26 54 76 113 35 54 107 72 95 99 47 91 35 132 48 
58 64 52 13 88 42 63 76 74 29 83 70 67 60 0 29 38 107 21 41 95 45 41 82 74 9 41 39 15 102 90 29 47 103 69 35 53 47 72 25 8 48 12 39 93 27 34 25 75 14 
85 39 81 21 88 20 62 98 71 25 62 43 39 31 29 0 9 83 18 19 96 17 70 53 51 29 52 34 14 73 71 6 56 83 95 13 49 51 92 3 25 75 41 67 95 20 62 3 101 16 
94 31 90 29 93 20 67 104 70 32 55 37 32 22 38 9 0 79 27 14 95 10 79 44 48 38 60 36 24 64 64 10 64 76 103 10 48 58 98 13 33 85 50 75 95 27 70 13 110 25 
145 87 150 104 82 64 73 181 145 79 108 42 48 72 107 83 79 0 85 91 170 68 144 71 32 101 95 114 92 67 117 88 93 125 176 89 125 84 176 85 106 138 118 146 171 79 141 85 156 93 
69 58 68 24 73 22 47 98 85 8 81 50 48 48 21 18 27 85 0 37 108 30 60 70 52 16 34 48 11 88 90 23 38 102 91 31 63 34 94 15 24 60 32 61 107 5 56 15 84 10 
99 23 93 28 107 35 81 96 56 44 43 48 42 24 41 19 14 91 37 0 81 23 80 43 62 45 71 23 30 64 52 13 75 65 98 6 34 70 89 21 33 89 51 72 81 39 68 21 115 31 
137 83 122 84 181 115 155 73 25 117 71 128 121 98 95 96 95 170 108 81 0 104 107 106 143 104 136 61 97 123 67 89 142 71 92 85 47 141 64 96 87 129 96 90 3 113 90 96 153 98 
99 33 97 38 88 15 62 114 79 32 58 26 22 19 45 17 10 68 30 23 104 0 87 40 38 44 61 46 30 58 68 19 63 79 112 20 58 56 108 20 42 90 57 84 105 28 79 20 114 32 
30 103 14 52 104 82 85 56 93 64 119 110 108 101 41 70 79 144 60 80 107 87 0 123 111 44 56 70 56 143 125 70 61 137 39 76 80 68 58 67 47 23 29 18 105 65 18 67 45 55 
139 24 135 71 121 53 98 139 83 72 37 38 32 21 82 53 44 71 70 43 106 40 123 0 57 83 101 64 68 21 46 52 103 54 142 47 68 95 131 57 76 129 94 116 107 68 112 57 154 69 
114 65 118 72 67 32 49 149 118 47 89 19 25 48 74 51 48 32 52 62 143 38 111 57 0 68 66 84 60 63 99 57 65 109 143 59 97 55 144 53 73 106 85 113 143 46 108 53 126 60 
56 67 53 21 78 38 54 84 83 21 88 66 64 61 9 29 38 101 16 45 104 44 44 83 68 0 32 47 14 102 96 31 37 109 75 39 62 37 81 25 17 46 17 45 103 21 40 25 71 13 
50 92 57 53 49 48 29 109 115 28 115 73 74 81 41 52 60 95 34 71 136 61 56 101 66 32 0 79 42 117 124 57 5 136 95 65 94 12 107 49 49 43 43 67 135 33 63 49 60 41 
94 40 84 26 121 55 95 75 37 56 49 72 66 46 39 34 36 114 48 23 61 46 70 64 84 47 79 0 37 85 55 28 84 67 79 25 15 81 67 35 30 84 45 57 60 52 54 35 111 38 
70 53 66 13 84 28 58 89 74 20 74 55 52 46 15 14 24 92 11 30 97 30 56 68 60 14 42 37 0 88 82 17 47 95 83 24 52 44 84 11 13 61 27 54 96 16 49 11 86 1 
158 45 154 91 131 69 110 160 101 89 52 47 44 42 102 73 64 67 88 64 123 58 143 21 63 102 117 85 88 0 58 73 118 62 163 68 88 110 152 76 96 148 114 137 125 86 132 76 173 89 
148 35 139 77 156 83 130 120 50 96 10 80 73 51 90 71 64 117 90 52 67 68 125 46 99 96 124 55 82 58 0 66 128 12 130 58 47 122 111 74 82 139 99 112 69 91 109 74 165 84 
87 36 82 19 94 26 68 94 65 31 57 46 42 31 29 6 10 88 23 13 89 19 70 52 57 31 57 28 17 73 66 0 61 78 93 7 42 57 88 8 23 77 41 65 89 26 60 8 103 18 
53 95 62 58 43 49 24 114 120 31 118 73 75 83 47 56 64 93 38 75 142 63 61 103 65 37 5 84 47 118 128 61 0 140 100 69 99 9 113 53 54 47 49 72 141 36 68 53 62 46 
161 46 151 89 167 95 142 129 57 108 21 90 83 62 103 83 76 125 102 65 71 79 137 54 109 109 136 67 95 62 12 78 140 0 141 71 58 134 120 86 95 151 112 124 74 103 121 86 177 96 
64 119 46 74 143 111 124 22 87 97 127 138 134 122 69 95 103 176 91 98 92 112 39 142 143 75 95 79 83 163 130 93 100 141 0 96 82 106 28 92 70 61 58 30 88 96 35 92 74 82 
94 29 88 23 101 30 75 95 60 38 50 47 41 26 35 13 10 89 31 6 85 20 76 47 59 39 65 25 24 68 58 7 69 71 96 0 38 64 89 15 29 84 47 69 85 33 64 15 110 25 
106 43 94 41 136 68 110 74 22 71 44 82 76 54 53 49 48 125 63 34 47 58 80 68 97 62 94 15 52 88 47 42 99 58 82 38 0 96 65 49 45 97 58 65 46 67 63 49 123 53 
62 89 69 56 41 42 17 118 118 26 113 64 66 76 47 51 58 84 34 70 141 56 68 95 55 37 12 81 44 110 122 57 9 134 106 64 96 0 116 49 53 55 52 77 140 31 72 49 72 43 
87 107 69 72 157 111 134 9 63 102 110 135 130 113 72 92 98 176 94 89 64 108 58 131 144 81 107 67 84 152 111 88 113 120 28 89 65 116 0 90 70 82 65 42 61 99 45 90 100 84 
81 43 78 18 86 21 60 96 72 23 65 45 42 35 25 3 13 85 15 21 96 20 67 57 53 25 49 35 11 76 74 8 53 86 92 15 49 49 90 0 22 72 37 64 96 18 59 0 97 12 
66 57 59 5 94 41 69 75 66 32 75 67 64 54 8 25 33 106 24 33 87 42 47 76 73 17 49 30 13 96 82 23 54 95 70 29 45 53 70 22 0 56 18 42 86 29 37 22 82 13 
9 113 15 62 86 81 71 79 113 61 131 109 108 107 48 75 85 138 60 89 129 90 23 129 106 46 43 84 61 148 139 77 47 151 61 84 97 55 82 72 56 0 39 41 127 63 40 72 26 59 
49 75 41 23 92 54 69 67 76 39 92 82 79 72 12 41 50 118 32 51 96 57 29 94 85 17 43 45 27 114 99 41 49 112 58 47 58 52 65 37 18 39 0 28 94 38 23 37 65 26 
48 95 32 46 116 82 95 42 77 67 107 109 106 95 39 67 75 146 61 72 90 84 18 116 113 45 67 57 54 137 112 65 72 124 30 69 65 77 42 64 42 41 28 0 87 66 5 64 63 53 
135 85 119 83 180 115 154 70 25 116 73 128 122 99 93 95 95 171 107 81 3 105 105 107 143 103 135 60 96 125 69 89 141 74 88 85 46 140 61 96 86 127 94 87 0 112 87 96 150 97 
73 58 72 30 69 17 42 103 89 5 82 46 44 47 27 20 27 79 5 39 113 28 65 68 46 21 33 52 16 86 91 26 36 103 96 33 67 31 99 18 29 63 38 66 112 0 61 18 87 16 
47 91 32 41 112 77 90 46 76 62 104 104 101 91 34 62 70 141 56 68 90 79 18 112 108 40 63 54 49 132 109 60 68 121 35 64 63 72 45 59 37 40 23 5 87 61 0 59 63 48 
81 43 78 18 86 21 60 96 72 23 65 45 42 35 25 3 13 85 15 21 96 20 67 57 53 25 49 35 11 76 74 8 53 86 92 15 49 49 90 0 22 72 37 64 96 18 59 0 97 12 
16 139 31 88 92 104 85 96 138 84 158 132 131 132 75 101 110 156 84 115 153 114 45 154 126 71 60 111 86 173 165 103 62 177 74 110 123 72 100 97 82 26 65 63 150 87 63 97 0 85 
69 54 65 13 83 28 57 88 75 19 75 56 53 48 14 16 25 93 10 31 98 32 55 69 60 13 41 38 1 89 84 18 46 96 82 25 53 43 84 12 13 59 26 53 97 16 48 12 85 0 
0 7228 0 209 0 2 0 0 36 0 0 84 0 6246 3 2405 951 0 0 2 0 0 0 12826 1246 75791 0 0 60149 0 8 2 0 114 0 2 0 154 13 0 0 0 1426 0 0 0 0 25252 0 66717 
7228 0 150 0 1167 8638 1118 0 0 7 0 9179 0 0 574 17 1 1 0 0 0 0 0 0 94167 142 0 0 7828 6 0 3 0 0 0 0 177 148 0 22578 4 2 0 24954 4 1 0 1285 0 36 
0 150 0 1438 0 2 471 0 7153 0 0 65419 17 1060 0 5 0 503 2290 0 0 837 60 0 25694 0 6302 520 1361 3 3074 0 0 55979 51476 0 10 3573 696 0 0 0 0 138 2 2272 2751 616 0 5 
209 0 1438 0 15 8222 0 1 0 0 0 0 3 0 98658 16 14375 23339 24466 0 0 0 269 25 131 0 14254 0 17311 0 73356 0 81 4451 0 247 2503 1 343 99 0 476 3236 132 2 28 69070 8 0 0 
0 1167 0 15 0 21 0 65 0 0 958 0 0 0 46 0 2309 35 0 77 0 63338 2794 0 1 0 0 0 983 0 36950 17 0 1 0 20 0 0 0 5703 15663 0 0 7823 20587 1554 0 40 6 0 
2 8638 2 8222 21 0 1018 0 0 0 193 7991 7087 0 0 0 5774 21173 242 0 0 0 9333 0 0 1637 7 194 0 18260 93080 0 0 0 0 563 0 0 4907 8365 30489 6 0 0 0 4555 0 468 0 0 
0 1118 471 0 0 1018 0 0 0 10 0 29945 2504 0 0 36 2385 5 0 89078 0 81690 5 0 0 457 0 1 0 0 0 0 0 0 0 0 0 252 0 1200 727 10 0 0 0 0 0 2 0 0 
0 0 0 1 65 0 0 0 0 0 34569 0 0 1 90 0 4056 81 1 186 0 0 28 3689 0 0 1098 406 44740 347 17 343 0 0 207 19404 4513 0 1128 0 0 0 0 1 0 4 11323 36014 1 4128 
36 0 7153 0 0 0 0 0 0 68 36802 27399 1272 9769 123 37665 118 0 51613 28140 7 1296 0 0 43 1 5216 44062 15286 0 0 0 23414 0 2 3 0 0 0 0 0 0 1 272 120 0 124 61941 0 425 
0 7 0 0 0 0 10 0 68 0 70329 0 0 0 0 600 0 0 93619 24967 0 0 3 97237 9951 23688 0 75637 0 0 0 0 0 0 0 0 0 3 0 70644 0 0 2 5 0 1 0 0 11 149 
0 0 0 0 958 193 0 34569 36802 70329 0 418 4793 7 0 30867 1031 100 0 0 304 13 2594 0 2 5786 9 0 1 5292 4 147 2 0 0 0 0 0 61347 2 0 42357 0 1344 0 70 15180 0 2072 6 
84 9179 65419 0 0 7991 29945 0 27399 0 418 0 0 115 0 100 6 0 54779 2 0 2955 935 0 4 0 0 0 0 0 0 9 16208 22 0 0 0 0 62383 3979 0 31 38715 0 0 6 0 76 7371 0 
0 0 17 3 0 7087 2504 0 1272 0 4793 0 0 849 2154 150 0 0 136 25320 11270 0 1 7707 20 0 16 0 16 0 0 11369 2 1953 35603 0 2 11 0 0 40 0 955 4 1 0 5 1 0 0 
6246 0 1060 0 0 0 0 1 9769 0 7 115 849 0 4899 0 6 27 63 0 1994 0 0 1 4894 8132 0 48 350 0 0 0 1 2 0 0 0 1 177 0 87518 0 644 1991 250 14043 35733 438 0 27981 
3 574 0 98658 46 0 0 90 123 0 0 0 2154 4899 0 30445 0 14 88 0 0 3 8967 867 34212 46342 0 0 9 0 2398 3 0 0 289 8919 0 3 0 0 1 4727 0 0 96610 25 0 120 522 0 
2405 17 5 16 0 0 36 0 37665 600 30867 100 150 0 30445 0 161 0 0 67 0 0 10 0 0 17 0 0 0 0 0 0 0 0 0 0 12344 0 107 0 0 0 0 26 0 43186 0 388 1 44649 
951 1 0 14375 2309 5774 2385 4056 118 0 1031 6 0 6 0 161 0 0 0 470 727 21624 0 33541 0 0 6 155 0 0 3772 252 0 27038 3 424 0 0 0 0 0 150 41886 38938 508 0 98021 67496 4 5342 
0 1 503 23339 35 21173 5 81 0 0 100 0 0 27 14 0 0 0 0 54 0 10322 0 0 47840 5 0 0 68187 0 670 104 52863 35 0 71 0 0 3651 15 0 36 0 0 0 58497 0 0 0 0 
0 0 2290 24466 0 242 0 1 51613 93619 0 54779 136 63 88 0 0 0 0 0 80283 10 0 31 150 27860 18203 13 37045 99 0 0 62 32219 0 0 0 0 21616 6 0 0 0 0 0 40839 0 0 26563 0 
2 0 0 0 77 0 89078 186 28140 24967 0 2 25320 0 0 67 470 54 0 0 0 260 40865 0 0 0 0 35 225 592 0 10593 107 20487 7667 0 0 292 0 30 24436 775 0 33636 0 0 0 195 0 0 
0 0 0 0 0 0 0 0 7 0 304 0 11270 1994 0 0 727 0 80283 0 0 2 37784 0 430 1 0 0 0 0 0 0 0 0 12679 0 0 0 1434 963 3188 0 0 0 0 1 0 314 22907 0 
0 0 837 0 63338 0 81690 0 1296 0 13 2955 0 0 3 0 21624 10322 10 260 2 0 1 0 0 0 1276 0 0 47 0 690 6 0 115 47 0 1 25385 0 0 0 0 0 0 0 36530 436 15 37 
0 0 60 269 2794 9333 5 28 0 3 2594 935 1 0 8967 10 0 0 0 40865 37784 1 0 217 329 4 33 0 47 792 0 0 36 0 0 70390 6 2 0 0 37459 0 0 7 0 311 642 11 0 199 
12826 0 0 25 0 0 0 3689 0 97237 0 0 7707 1 867 0 33541 0 31 0 0 0 217 0 0 10798 36 0 462 273 82867 58786 0 0 2 0 0 0 0 0 0 0 0 3 0 12883 0 1 0 1 
1246 94167 25694 131 1 0 0 0 43 9951 2 4 20 4894 34212 0 0 47840 150 0 430 0 329 0 0 0 0 1 26 0 0 0 0 218 0 0 0 5661 0 0 142 637 0 285 0 1040 4053 0 0 5 
75791 142 0 0 0 1637 457 0 1 23688 5786 0 0 8132 46342 17 0 5 27860 0 1 0 4 10798 0 0 0 0 0 0 33043 1114 203 0 20 5159 0 0 0 0 0 0 3408 0 279 36 2 2726 3 0 
0 0 6302 14254 0 7 0 1098 5216 0 9 0 16 0 0 0 6 0 18203 0 0 1276 33 36 0 0 0 0 16385 0 1190 81 0 0 650 0 14057 5547 0 2384 0 0 1 43881 6640 670 0 0 0 1418 
0 0 520 0 0 194 1 406 44062 75637 0 0 0 48 0 0 155 0 13 35 0 0 0 0 1 0 0 0 25428 0 0 41653 0 78816 0 0 0 0 0 3 0 2714 534 0 1063 618 1 0 4977 0 
60149 7828 1361 17311 983 0 0 44740 15286 0 1 0 16 350 9 0 0 68187 37045 225 0 0 47 462 26 0 16385 25428 0 0 0 46 11 0 639 2 53895 1005 16 0 65 1 0 0 4 0 76 0 632 28978 
0 6 3 0 0 18260 0 347 0 0 5292 0 0 0 0 0 0 0 99 592 0 47 792 273 0 0 0 0 0 0 2651 11728 0 1 24293 0 0 0 1043 0 18 185 159 0 1 0 23 169 0 0 
8 0 3074 73356 36950 93080 0 17 0 0 4 0 0 0 2398 0 3772 670 0 0 0 0 0 82867 0 33043 1190 0 0 2651 0 0 0 0 0 0 0 0 9104 0 11220 35 4787 7412 6532 4 0 10628 2 0 
2 3 0 0 17 0 0 343 0 0 147 9 11369 0 3 0 252 104 0 10593 0 690 0 58786 0 1114 81 41653 46 11728 0 0 0 12 21557 405 54 0 9309 0 46381 0 761 24764 14 0 0 27720 0 632 
0 0 0 81 0 0 0 0 23414 0 2 16208 2 1 0 0 0 52863 62 107 0 6 36 0 0 203 0 0 11 0 0 0 0 0 53441 0 0 1 81 0 2 98 33646 90067 79 1 0 8 0 0 
114 0 55979 4451 1 0 0 0 0 0 0 22 1953 2 0 0 27038 35 32219 20487 0 0 0 0 218 0 0 78816 0 1 0 12 0 0 184 0 0 0 0 42410 44248 0 0 0 0 0 0 13 0 0 
0 0 51476 0 0 0 0 207 2 0 0 0 35603 0 289 0 3 0 0 7667 12679 115 0 2 0 20 650 0 639 24293 0 21557 53441 184 0 329 0 92 61279 0 0 9775 84097 350 0 5757 480 0 0 1591 
2 0 0 247 20 563 0 19404 3 0 0 0 0 0 8919 0 424 71 0 0 0 47 70390 0 0 5159 0 0 2 0 0 405 0 0 329 0 171 0 10033 22 0 68 0 0 64 0 3 2798 0 2132 
0 177 10 2503 0 0 0 4513 0 0 0 0 2 0 0 12344 0 0 0 0 0 0 6 0 0 0 14057 0 53895 0 0 54 0 0 0 171 0 0 393 0 33 4 0 0 1627 79 0 45832 775 22 
154 148 3573 1 0 0 252 0 0 3 0 0 11 1 3 0 0 0 0 292 0 1 2 0 5661 0 5547 0 1005 0 0 0 1 0 92 0 0 0 843 10590 0 40218 0 10927 66689 158 0 0 0 0 
13 0 696 343 0 4907 0 1128 0 0 61347 62383 0 177 0 107 0 3651 21616 0 1434 25385 0 0 0 0 0 0 16 1043 9104 9309 81 0 61279 10033 393 843 0 0 31794 0 1523 1655 0 0 79911 0 0 0 
0 22578 0 99 5703 8365 1200 0 0 70644 2 3979 0 0 0 0 0 15 6 30 963 0 0 0 0 0 2384 3 0 0 0 0 0 42410 0 22 0 10590 0 0 1 0 38773 915 0 0 0 0 0 0 
0 4 0 0 15663 30489 727 0 0 0 0 0 40 87518 1 0 0 0 0 24436 3188 0 37459 0 142 0 0 0 65 18 11220 46381 2 44248 0 0 33 0 31794 1 0 220 0 272 41 41 334 1902 134 3 
0 2 0 476 0 6 10 0 0 0 42357 31 0 0 4727 0 150 36 0 775 0 0 0 0 637 0 0 2714 1 185 35 0 98 0 9775 68 4 40218 0 0 220 0 79 0 0 1006 93651 330 0 0 
1426 0 0 3236 0 0 0 0 1 2 0 38715 955 644 0 0 41886 0 0 0 0 0 0 0 0 3408 1 534 0 159 4787 761 33646 0 84097 0 0 0 1523 38773 0 79 0 45 3899 275 0 40426 0 1074 
0 24954 138 132 7823 0 0 1 272 5 1344 0 4 1991 0 26 38938 0 0 33636 0 0 7 3 285 0 43881 0 0 0 7412 24764 90067 0 350 0 0 10927 1655 915 272 0 45 0 0 0 0 0 38216 0 
0 4 2 2 20587 0 0 0 120 0 0 0 1 250 96610 0 508 0 0 0 0 0 0 0 0 279 6640 1063 4 1 6532 14 79 0 0 64 1627 66689 0 0 41 0 3899 0 0 95 0 11 847 1 
0 1 2272 28 1554 4555 0 4 0 1 70 6 0 14043 25 43186 0 58497 40839 0 1 0 311 12883 1040 36 670 618 0 0 4 0 1 0 5757 0 79 158 0 0 41 1006 275 0 95 0 0 15936 0 42 
0 0 2751 69070 0 0 0 11323 124 0 15180 0 5 35733 0 0 98021 0 0 0 0 36530 642 0 4053 2 0 1 76 23 0 0 0 0 480 3 0 0 79911 0 334 93651 0 0 0 0 0 0 0 63 
25252 1285 616 8 40 468 2 36014 61941 0 0 76 1 438 120 388 67496 0 0 195 314 436 11 1 0 2726 0 0 0 169 10628 27720 8 13 0 2798 45832 0 0 0 1902 330 40426 0 11 15936 0 0 1 0 
0 0 0 0 6 0 0 1 0 11 2072 7371 0 0 522 1 4 0 26563 0 22907 15 0 0 0 3 0 4977 632 0 2 0 0 0 0 0 775 0 0 0 134 0 0 38216 847 0 0 1 0 0 
66717 36 5 0 0 0 0 4128 425 149 6 0 0 27981 0 44649 5342 0 0 0 0 37 199 1 5 0 1418 0 28978 0 0 632 0 0 1591 2132 22 0 0 0 3 0 1074 0 1 42 63 0 0 0 
0 32 0 0 0 0 1588 3488 3286 117 0 0 0 0 0 2593 2436 0 20603 0 0 381 34 0 0 0 10549 4 0 0 5 24 0 66 399 0 0 7 0 115 5733 0 0 8935 0 0 0 96781 34745 0 
32 0 109 5 0 2630 326 0 3 0 17873 0 3700 148 0 0 0 1 2987 2 1709 0 0 0 5441 0 0 7 0 0 0 0 171 913 0 4 99 0 0 0 0 0 0 0 2 4 492 0 16 55 
0 109 0 54 0 2 20895 0 0 1544 0 66841 0 0 0 1 0 932 0 392 21112 0 243 0 1605 0 44874 418 0 379 430 0 0 0 6667 21 0 447 223 3071 202 0 1324 71 4 0 10407 0 0 14 
0 5 54 0 0 3355 0 1 7166 277 63472 67260 0 40064 6750 30 529 0 5354 0 4 0 0 82 0 0 589 0 0 0 0 0 0 0 2 9 0 0 0 0 139 18 0 4 0 2 0 0 0 0 
0 0 0 0 0 297 1523 0 78 0 0 8 58805 0 28 12 0 662 2 0 0 0 0 0 25 17 0 0 461 0 28022 0 139 0 0 236 0 0 0 20614 0 0 0 8523 94301 0 52924 8 0 205 
0 2630 2 3355 297 0 0 25 1 1120 0 0 635 0 1281 474 8660 0 615 1288 276 0 0 387 7 0 0 0 38 0 0 0 0 6 0 5 33 5 0 16897 23564 0 2806 0 0 1540 2 268 8060 0 
1588 326 20895 0 1523 0 0 412 27832 0 0 0 0 0 0 0 6103 0 0 0 232 25232 1 0 476 0 20583 0 1731 18 0 0 0 0 12 195 0 365 0 0 0 435 0 0 0 0 10875 0 0 4 
3488 0 0 1 0 25 412 0 0 121 0 110 16 0 13 0 0 0 7 112 3427 0 0 0 2 760 72 17484 0 0 0 0 13 0 0 34 0 74290 2576 0 0 0 0 0 0 0 3535 0 0 0 
3286 3 0 7166 78 1 27832 0 0 0 3433 11024 191 12266 0 1698 0 0 38497 53595 33 0 64005 0 0 0 250 0 92 367 5657 0 91880 0 14 0 10 33 2 0 17007 0 0 0 0 0 429 47562 89 53 
117 0 1544 277 0 1120 0 121 0 0 7990 0 0 3 0 0 0 4874 0 7073 21 338 0 0 0 0 4 8360 49 26 33968 0 4 0 0 0 0 52 0 10496 581 0 0 0 1102 0 3255 0 45 0 
0 17873 0 63472 0 0 0 0 3433 7990 0 0 0 59 0 0 10 0 1 0 0 0 0 0 0 0 0 1 0 0 14 30 1 0 2 0 3 0 47399 13 198 0 117 97 8 0 0 6054 0 0 
0 0 66841 67260 8 0 0 110 11024 0 0 0 0 11639 0 144 130 3615 0 0 58243 0 0 0 0 1 0 0 1 85696 0 0 0 31 1945 0 3 2 0 0 0 28 8680 0 0 0 168 89 0 0 
0 3700 0 0 58805 635 0 16 191 0 0 0 0 0 0 1124 36 0 0 973 0 9197 19 1048 0 3041 0 0 0 0 0 0 0 8242 89659 5 0 0 0 0 16 0 236 0 2 0 0 1 0 2777 
0 148 0 40064 0 0 0 0 12266 3 59 11639 0 0 23218 1740 0 134 14 0 0 0 0 7 0 502 71 6 721 7 178 0 0 5 0 0 192 2 0 44910 0 0 0 3 0 122 0 63 7 17308 
0 0 0 6750 28 1281 0 13 0 0 0 0 0 23218 0 0 0 8 0 14 0 0 0 0 24972 0 0 3581 0 0 7948 0 0 0 0 0 4951 2 0 0 0 2877 0 0 0 0 0 0 928 0 
2593 0 1 30 12 474 0 0 1698 0 0 144 1124 1740 0 0 2971 0 4758 0 0 0 40 0 0 42 0 8518 2 2 40 0 286 36869 51049 3 778 4 0 0 0 5 1 0 7 4419 0 366 0 5340 
2436 0 0 529 0 8660 6103 0 0 0 10 130 36 0 0 2971 0 13003 673 0 937 16663 0 0 3 0 45 0 0 4 0 0 4557 10740 0 0 2 40965 6182 5 756 196 0 0 0 0 59786 2220 0 0 
0 1 932 0 662 0 0 0 0 4874 0 3615 0 134 8 0 13003 0 22 6 0 22098 0 82 0 0 0 0 0 425 96 0 0 0 0 0 0 291 0 68 2 14 23 0 0 0 0 24 3495 0 
20603 2987 0 5354 2 615 0 7 38497 0 1 0 0 14 0 4758 673 22 0 5 0 35 622 5 72 5456 0 659 4965 9781 3246 12 0 345 0 0 0 0 0 0 0 0 0 0 0 1425 2285 0 2937 47203 
0 2 392 0 0 1288 0 112 53595 7073 0 0 973 0 14 0 0 6 5 0 0 0 0 85959 0 21 99 0 1153 63 1114 22357 0 0 30616 14 3 0 15 351 41363 0 0 0 5941 0 268 3916 0 0 
0 1709 21112 4 0 276 232 3427 33 21 0 58243 0 0 0 0 937 0 0 0 0 0 0 0 856 0 0 17 10 0 0 0 0 0 0 25220 0 36994 80012 272 0 0 7265 15038 0 0 24 0 3810 0 
381 0 0 0 0 0 25232 0 0 338 0 0 9197 0 0 0 16663 22098 35 0 0 0 0 839 4 42 0 0 0 69 73249 0 0 135 203 0 551 0 38162 0 0 0 0 0 0 0 0 916 0 214 
34 0 243 0 0 0 1 0 64005 0 0 0 19 0 0 40 0 0 622 0 0 0 0 3 0 0 9 0 0 0 0 3 0 68782 0 0 0 0 0 0 32328 0 0 0 0 0 0 0 0 295 
0 0 0 82 0 387 0 0 0 0 0 0 1048 7 0 0 0 82 5 85959 0 839 3 0 1 12798 0 6 1178 35 0 71736 0 0 0 0 4 9920 0 25 0 0 0 0 4 418 0 0 1200 0 
0 5441 1605 0 25 7 476 2 0 0 0 0 0 0 24972 0 3 0 72 0 856 4 0 1 0 2 0 0 0 0 3054 0 11 0 5 0 0 0 0 0 0 0 0 0 0 2640 151 34183 0 0 
0 0 0 0 17 0 0 760 0 0 0 1 3041 502 0 42 0 0 5456 21 0 42 0 12798 2 0 0 1 0 0 0 0 110 0 15 2876 2 0 734 0 4792 0 0 0 1026 9 0 0 23 9480 
10549 0 44874 589 0 0 20583 72 250 4 0 0 0 71 0 0 45 0 0 99 0 0 9 0 0 0 0 0 0 10785 32 0 16969 0 459 0 0 1631 0 0 20 3 0 0 21416 985 10 0 0 0 
4 7 418 0 0 0 0 17484 0 8360 1 0 0 6 3581 8518 0 0 659 0 17 0 0 6 0 1 0 0 0 0 612 0 52 3107 1 0 26655 0 0 0 0 18525 1094 0 0 10 3 16 2147 18703 
0 0 0 0 461 38 1731 0 92 49 0 1 0 721 0 2 0 0 4965 1153 10 0 0 1178 0 0 0 0 0 2506 188 101 66 0 0 0 0 4497 0 31 0 0 853 0 4 0 0 41 15059 0 
0 0 379 0 0 0 18 0 367 26 0 85696 0 7 0 2 4 425 9781 63 0 69 0 35 0 0 10785 0 2506 0 55884 0 48695 1 16520 367 11391 0 0 0 0 3 3 0 0 0 2 0 1948 1 
5 0 430 0 28022 0 0 0 5657 33968 14 0 0 178 7948 40 0 96 3246 1114 0 73249 0 0 3054 0 32 612 188 55884 0 0 9 40 57 0 0 1073 0 0 16883 5 0 0 0 1 5 0 0 0 
24 0 0 0 0 0 0 0 0 0 30 0 0 0 0 0 0 0 12 22357 0 0 3 71736 0 0 0 0 101 0 0 0 0 0 0 0 4 0 162 92 516 148 577 1390 0 0 4 0 42 0 
0 171 0 0 139 0 0 13 91880 4 1 0 0 0 0 286 4557 0 0 0 0 0 0 0 11 110 16969 52 66 48695 9 0 0 76 0 19967 1 0 0 0 1 0 0 0 0 0 20627 2 0 1906 
66 913 0 0 0 6 0 0 0 0 0 31 8242 5 0 36869 10740 0 345 0 0 135 68782 0 0 0 0 3107 0 1 40 0 76 0 0 0 4457 0 0 0 0 0 0 0 2 0 0 0 0 0 
399 0 6667 2 0 0 12 0 14 0 2 1945 89659 0 0 51049 0 0 0 30616 0 203 0 0 5 15 459 1 0 16520 57 0 0 0 0 0 16 0 0 0 0 0 0 0 14 7606 0 0 0 0 
0 4 21 9 236 5 195 34 0 0 0 0 5 0 0 3 0 0 0 14 25220 0 0 0 0 2876 0 0 0 367 0 0 19967 0 0 0 0 1987 0 0 0 0 210 6 0 760 0 0 0 2091 
0 99 0 0 0 33 0 0 10 0 3 3 0 192 4951 778 2 0 0 3 0 551 0 4 0 2 0 26655 0 11391 0 4 1 4457 16 0 0 22081 0 168 24 0 428 1 1147 907 0 0 0 0 
7 0 447 0 0 5 365 74290 33 52 0 2 0 2 2 4 40965 291 0 0 36994 0 0 9920 0 0 1631 0 4497 0 1073 0 0 0 0 1987 22081 0 253 9902 0 4820 0 27821 53845 169 0 0 12627 0 
0 0 223 0 0 0 0 2576 2 0 47399 0 0 0 0 0 6182 0 0 15 80012 38162 0 0 0 734 0 0 0 0 0 162 0 0 0 0 0 253 0 235 0 0 0 0 2640 0 14111 0 11 0 
115 0 3071 0 20614 16897 0 0 0 10496 13 0 0 44910 0 0 5 68 0 351 272 0 0 25 0 0 0 0 31 0 0 92 0 0 0 0 168 9902 235 0 59 0 4364 114 3641 2 6458 51389 79726 5 
5733 0 202 139 0 23564 0 0 17007 581 198 0 16 0 0 0 756 2 0 41363 0 0 32328 0 0 4792 20 0 0 0 16883 516 1 0 0 0 24 0 0 59 0 0 0 0 0 7 27 106 110 0 
0 0 0 18 0 0 435 0 0 0 0 28 0 0 2877 5 196 14 0 0 0 0 0 0 0 0 3 18525 0 3 5 148 0 0 0 0 0 4820 0 0 0 0 373 0 0 0 44244 0 0 19132 
0 0 1324 0 0 2806 0 0 0 0 117 8680 236 0 0 1 0 23 0 0 7265 0 0 0 0 0 0 1094 853 3 0 577 0 0 0 210 428 0 0 4364 0 373 0 62 0 0 0 0 0 0 
8935 0 71 4 8523 0 0 0 0 0 97 0 0 3 0 0 0 0 0 0 15038 0 0 0 0 0 0 0 0 0 0 1390 0 0 0 6 1 27821 0 114 0 0 62 0 19110 2 20 1487 0 0 
0 2 4 0 94301 0 0 0 0 1102 8 0 2 0 0 7 0 0 0 5941 0 0 0 4 0 1026 21416 0 4 0 0 0 0 2 14 0 1147 53845 2640 3641 0 0 0 19110 0 0 0 113 0 0 
0 4 0 2 0 1540 0 0 0 0 0 0 0 122 0 4419 0 0 1425 0 0 0 0 418 2640 9 985 10 0 0 1 0 0 0 7606 760 907 169 0 2 7 0 0 2 0 0 0 6293 59 0 
0 492 10407 0 52924 2 10875 3535 429 3255 0 168 0 0 0 0 59786 0 2285 268 24 0 0 0 151 0 10 3 0 2 5 4 20627 0 0 0 0 0 14111 6458 27 44244 0 20 0 0 0 2419 19419 0 
96781 0 0 0 8 268 0 0 47562 0 6054 89 1 63 0 366 2220 24 0 3916 0 916 0 0 34183 0 0 16 41 0 0 0 2 0 0 0 0 0 0 51389 106 0 0 1487 113 6293 2419 0 0 34 
34745 16 0 0 0 8060 0 0 89 45 0 0 0 7 928 0 0 3495 2937 0 3810 0 0 1200 0 23 0 2147 15059 1948 0 42 0 0 0 0 0 12627 11 79726 110 0 0 0 0 59 19419 0 0 0 
0 55 14 0 205 0 4 0 53 0 0 0 2777 17308 0 5340 0 0 47203 0 0 214 295 0 0 9480 0 18703 0 1 0 0 1906 0 0 2091 0 0 0 5 0 19132 0 0 0 0 0 34 0 0 
0 0 5426 0 1 0 63 0 52 607 1 92 0 0 0 77295 533 0 88 0 0 0 0 0 0 0 10 0 0 0 10 0 0 0 0 0 0 76 0 0 1771 20 0 0 25587 81 6 7411 21985 1426 
0 0 1726 2 41 0 2280 0 3 2 0 13870 9036 0 0 15 0 0 1 0 649 26107 0 0 9797 15 11 0 0 0 843 0 0 9190 6287 2141 0 0 0 59596 1 0 9859 2942 0 0 0 1380 0 0 
5426 1726 0 0 0 0 0 0 25610 7640 62 10492 0 1493 0 0 1 0 27986 3 1 67 0 1 3705 1 0 6728 25877 0 0 0 0 0 0 342 1 1173 0 0 1 3 0 57 0 0 0 207 0 0 
0 2 0 0 0 12504 0 1 0 53429 0 0 30 522 51133 188 0 19973 8165 0 0 148 344 31 49 0 93686 0 0 2730 2728 0 12 19572 5518 0 0 0 0 0 1 0 2773 14 0 202 0 1 0 0 
1 41 0 0 0 0 0 0 13 0 3368 0 7 0 464 0 0 0 0 0 157 52062 143 0 0 391 1645 1 0 0 0 16 0 0 597 1 0 513 0 1801 0 16 0 180 25113 3293 0 0 0 0 
0 0 0 12504 0 0 11936 0 0 231 0 0 2348 0 0 0 30451 25213 238 4698 0 5244 13663 2 2 342 0 0 177 0 0 2 1857 0 1932 0 0 0 1003 57760 29582 0 0 81218 0 0 0 336 921 1 
63 2280 0 0 0 11936 0 1 32919 0 0 11091 0 0 0 0 0 111 0 38595 0 0 0 460 7060 0 0 0 1441 22 0 0 1154 0 0 0 41935 679 0 8396 20359 14 0 2414 93472 0 0 0 8100 0 
0 0 0 1 0 0 1 0 0 0 0 1 28 1 156 0 0 0 0 301 35800 0 0 9154 698 1975 0 2404 621 0 566 0 4150 372 491 12247 0 0 0 295 0 0 777 0 4 0 0 0 0 486 
52 3 25610 0 13 0 32919 0 0 0 1153 4650 0 0 11734 18470 0 297 11864 6775 146 13137 90 27686 0 0 30013 32197 78746 375 0 77753 0 0 0 0 744 1647 0 0 16976 0 0 331 0 0 0 3360 0 0 
607 2 7640 53429 0 231 0 0 0 0 0 139 117 0 8402 0 0 1 0 1293 0 1 0 90249 27124 0 3875 0 39012 4 2952 73 0 98 120 0 0 0 0 0 1 284 0 23 13506 4 0 260 89 0 
1 0 62 0 3368 0 0 0 1153 0 0 0 25661 0 0 311 2078 138 7 91 680 0 0 0 0 0 5 0 0 19129 0 0 0 0 1 45080 0 0 79043 5 2417 0 0 100 0 4 12375 0 8144 14 
92 13870 10492 0 0 0 11091 1 4650 139 0 0 45 0 2890 0 91 22824 38587 0 4 23833 23 0 0 1 0 0 0 2334 0 0 21102 1 10028 334 0 0 10311 1171 0 0 0 0 54 0 23312 2 1508 16 
0 9036 0 30 7 2348 0 28 0 117 25661 45 0 33296 0 6 0 566 22 30226 6894 0 0 20318 0 0 0 487 0 0 1818 47093 0 0 52927 0 0 34 1 12 5 346 0 0 0 0 2 0 2196 0 
0 0 1493 522 0 0 0 1 0 0 0 0 33296 0 1865 321 199 0 0 0 2 26251 0 0 0 0 708 0 0 0 0 13252 0 0 8 6 0 0 64 0 0 0 368 314 248 0 3617 0 5 960 
0 0 0 51133 464 0 0 156 11734 8402 0 2890 0 1865 0 0 7 66 125 0 13598 0 40 0 0 0 0 149 0 0 0 4 0 0 0 12714 0 0 0 0 12 1274 0 61935 465 458 18941 1782 96 2002 
77295 15 0 188 0 0 0 0 18470 0 311 0 6 321 0 0 2222 0 0 0 0 1 37 7354 3116 54 647 40803 16982 6 4 0 1 0 0 6 0 17769 267 0 0 0 14 1 23014 0 60152 0 0 0 
533 0 1 0 0 30451 0 0 0 0 2078 91 0 199 7 2222 0 19 1 0 0 0 488 32284 0 1 1 0 4123 370 75 0 0 1577 0 0 1413 0 68 0 0 29 0 0 360 1465 0 1735 0 0 
0 0 0 19973 0 25213 111 0 297 1 138 22824 566 0 66 0 19 0 0 0 641 0 1 0 24379 0 1044 0 0 78284 1605 73 3697 400 0 7737 2283 0 0 0 0 9 1 17539 10355 0 1 0 0 1 
88 1 27986 8165 0 238 0 0 11864 0 7 38587 22 0 125 0 1 0 0 6035 23907 0 0 64 0 93982 0 0 2676 2 0 1406 0 0 0 0 39 14477 0 24 0 0 5 0 0 1836 0 0 0 0 
0 0 3 0 0 4698 38595 301 6775 1293 91 0 30226 0 0 0 0 0 6035 0 0 410 79643 0 0 180 0 49 0 2572 0 14320 18 0 5502 1544 29178 0 0 0 15140 1853 0 0 115 0 4618 0 0 0 
0 649 1 0 157 0 0 35800 146 0 680 4 6894 2 13598 0 0 641 23907 0 0 0 0 0 982 0 11 494 3273 1 0 0 63014 127 0 0 0 0 40826 2246 0 2 0 0 0 5 108 59 0 0 
0 26107 67 148 52062 5244 0 0 13137 1 0 23833 0 26251 0 1 0 0 0 410 0 0 0 8535 0 0 1958 0 0 57 6096 678 1 0 0 14 0 0 4293 6077 1685 0 10833 1 70249 42539 0 3099 0 0 
0 0 0 344 143 13663 0 0 90 0 0 23 0 0 40 37 488 1 0 79643 0 0 0 0 0 0 11 0 17173 0 0 20967 0 73154 0 0 0 0 2188 0 0 0 11695 12 0 5894 0 5 5 0 
0 0 1 31 0 2 460 9154 27686 90249 0 0 20318 0 0 7354 32284 0 64 0 0 8535 0 0 5 7887 30 0 0 2 0 0 0 414 1 0 0 525 67 45083 0 0 0 0 14997 0 0 0 0 0 
0 9797 3705 49 0 2 7060 698 0 27124 0 0 0 0 0 3116 0 24379 0 0 982 0 0 5 0 0 0 0 0 0 0 0 949 27 0 18330 2 0 47003 39 0 229 0 0 0 0 3712 32408 1 0 
0 15 1 0 391 342 0 1975 0 0 0 1 0 0 0 54 1 0 93982 180 0 0 0 7887 0 0 14 0 22 8592 0 0 10 9 0 0 0 0 0 0 10149 0 0 0 0 0 0 0 0 215 
10 11 0 93686 1645 0 0 0 30013 3875 5 0 0 708 0 647 1 1044 0 0 11 1958 11 30 0 14 0 5 0 524 0 0 39592 2 0 0 4382 460 10698 0 0 94 0 5518 9131 0 15 0 33 960 
0 0 6728 0 1 0 0 2404 32197 0 0 0 487 0 149 40803 0 0 0 49 494 0 0 0 0 0 5 0 21296 87419 0 12953 0 19472 0 0 1 1878 138 0 0 0 865 0 18200 3295 0 0 367 6599 
0 0 25877 0 0 177 1441 621 78746 39012 0 0 0 0 0 16982 4123 0 2676 0 3273 0 17173 0 0 22 0 21296 0 6048 0 22 8 5211 0 0 0 0 0 0 110 0 4 0 0 0 0 0 171 83250 
0 0 0 2730 0 0 22 0 375 4 19129 2334 0 0 0 6 370 78284 2 2572 1 57 0 2 0 8592 524 87419 6048 0 1788 0 892 0 547 10 3445 13 0 0 0 0 6181 782 0 19 0 0 0 0 
10 843 0 2728 0 0 0 566 0 2952 0 0 1818 0 0 4 75 1605 0 0 0 6096 0 0 0 0 0 0 0 1788 0 47094 93280 0 0 33791 1 0 0 1521 0 360 0 0 0 0 4 290 2 5 
0 0 0 0 16 2 0 0 77753 73 0 0 47093 13252 4 0 0 73 1406 14320 0 678 20967 0 0 0 0 12953 22 0 47094 0 0 0 0 0 3 6 2676 5364 61688 9 372 0 1 2 108 47 52 826 
0 0 0 12 0 1857 1154 4150 0 0 0 21102 0 0 0 1 0 3697 0 18 63014 1 0 0 949 10 39592 0 8 892 93280 0 0 193 0 0 61128 0 0 1780 0 0 0 7817 5 0 19208 0 89422 0 
0 9190 0 19572 0 0 0 372 0 98 0 1 0 0 0 0 1577 400 0 0 127 0 73154 414 27 9 2 19472 5211 0 0 0 193 0 114 1587 28962 25 0 14111 0 1076 0 0 0 0 330 0 24134 0 
0 6287 0 5518 597 1932 0 491 0 120 1 10028 52927 8 0 0 0 0 0 5502 0 0 0 1 0 0 0 0 0 547 0 0 0 114 0 0 0 0 0 0 0 4569 0 0 139 21939 1911 0 0 0 
0 2141 342 0 1 0 0 12247 0 0 45080 334 0 6 12714 6 0 7737 0 1544 0 14 0 0 18330 0 0 0 0 10 33791 0 0 1587 0 0 0 0 0 0 18838 0 0 0 0 0 6 0 82840 7118 
0 0 1 0 0 0 41935 0 744 0 0 0 0 0 0 0 1413 2283 39 29178 0 0 0 0 2 0 4382 1 0 3445 1 3 61128 28962 0 0 0 0 0 0 0 19 100 61 3832 0 4466 0 4259 1203 
76 0 1173 0 513 0 679 0 1647 0 0 0 34 0 0 17769 0 0 14477 0 0 0 0 525 0 0 460 1878 0 13 0 6 0 25 0 0 0 0 0 0 0 0 6 57076 0 1048 7626 2 0 2 
0 0 0 0 0 1003 0 0 0 0 79043 10311 1 64 0 267 68 0 0 0 40826 4293 2188 67 47003 0 10698 138 0 0 0 2676 0 0 0 0 0 0 0 0 0 20 0 422 58 208 31313 25 62 0 
0 59596 0 0 1801 57760 8396 295 0 0 5 1171 12 0 0 0 0 0 24 0 2246 6077 0 45083 39 0 0 0 0 0 1521 5364 1780 14111 0 0 0 0 0 0 0 15728 0 8301 4062 874 1 0 5 36 
1771 1 1 1 0 29582 20359 0 16976 1 2417 0 5 0 12 0 0 0 0 15140 0 1685 0 0 0 10149 0 0 110 0 0 61688 0 0 0 18838 0 0 0 0 0 0 50828 247 122 13 0 2988 125 0 
20 0 3 0 16 0 14 0 0 284 0 0 346 0 1274 0 29 9 0 1853 2 0 0 0 229 0 94 0 0 0 360 9 0 1076 4569 0 19 0 20 15728 0 0 117 11 24419 0 0 0 0 9005 
0 9859 0 2773 0 0 0 777 0 0 0 0 0 368 0 14 0 1 5 0 0 10833 11695 0 0 0 0 865 4 6181 0 372 0 0 0 0 100 6 0 0 50828 117 0 0 0 0 0 0 0 60 
0 2942 57 14 180 81218 2414 0 331 23 100 0 0 314 61935 1 0 17539 0 0 0 1 12 0 0 0 5518 0 0 782 0 0 7817 0 0 0 61 57076 422 8301 247 11 0 0 0 0 0 0 0 234 
25587 0 0 0 25113 0 93472 4 0 13506 0 54 0 248 465 23014 360 10355 0 115 0 70249 0 14997 0 0 9131 18200 0 0 0 1 5 0 139 0 3832 0 58 4062 122 24419 0 0 0 0 0 36 6176 0 
81 0 0 202 3293 0 0 0 0 4 4 0 0 0 458 0 1465 0 1836 0 5 42539 5894 0 0 0 0 3295 0 19 0 2 0 0 21939 0 0 1048 208 874 13 0 0 0 0 0 0 0 6043 137 
6 0 0 0 0 0 0 0 0 0 12375 23312 2 3617 18941 60152 0 1 0 4618 108 0 0 0 3712 0 15 0 0 0 4 108 19208 330 1911 6 4466 7626 31313 1 0 0 0 0 0 0 0 0 0 0 
7411 1380 207 1 0 336 0 0 3360 260 0 2 0 0 1782 0 1735 0 0 0 59 3099 5 0 32408 0 0 0 0 0 290 47 0 0 0 0 0 2 25 0 2988 0 0 0 36 0 0 0 0 27 
21985 0 0 0 0 921 8100 0 0 89 8144 1508 2196 5 96 0 0 0 0 0 0 0 5 0 1 0 33 367 171 0 2 52 89422 24134 0 82840 4259 0 62 5 125 0 0 0 6176 6043 0 0 0 0 
1426 0 0 0 0 1 0 486 0 0 14 16 0 960 2002 0 0 1 0 0 0 0 0 0 0 215 960 6599 83250 0 5 826 0 0 0 7118 1203 2 0 36 0 9005 60 234 0 137 0 27 0 0 
0 3535 0 0 0 0 2 23009 0 285 3 0 0 0 0 0 0 2 0 0 5 0 14834 0 0 0 0 0 3939 138 0 0 0 0 241 0 106 0 0 94468 0 69627 1556 8 3 14826 0 65380 45345 2575 
3535 0 0 65612 122 0 0 0 1 0 6771 32034 65828 47258 395 0 0 0 0 0 8718 1835 4 0 57701 0 840 470 40123 33 0 18 1880 0 0 4 4245 765 31 0 0 1 1643 39873 0 0 1 4 2 247 
0 0 0 1631 856 0 0 104 4971 38 2 47 0 474 0 0 38747 15285 0 1 30 0 9687 0 17278 16608 421 0 1322 6 7251 0 6 21124 30915 0 0 84055 3811 46 1910 47975 0 0 0 0 2295 745 0 0 
0 65612 1631 0 0 256 0 0 0 1471 2474 77 210 0 0 0 0 0 11072 0 0 6029 89 10 0 0 972 1686 0 55420 0 0 0 463 38 0 0 0 11 38 87911 0 88438 1003 536 0 0 7 0 0 
0 122 856 0 0 8 0 11 0 44230 0 0 0 7812 0 42621 401 0 88 0 0 0 71 0 0 381 0 0 1757 0 0 0 3730 0 1 8 51 0 24485 0 0 0 7529 0 584 0 0 9 11 0 
0 0 0 256 8 0 16174 1238 43 45 0 0 879 74 0 0 0 0 370 2863 0 8 0 8429 0 0 0 216 0 4334 0 53 0 10 0 1369 0 45105 376 0 0 11 0 0 1 0 2251 0 0 4 
2 0 0 0 0 16174 0 17 20766 0 9423 173 0 1 76 0 0 0 0 0 0 0 0 0 0 0 3 0 0 16 6267 7 0 0 27905 8 0 0 64586 0 0 12 0 0 1 14615 0 0 0 0 
23009 0 104 0 11 1238 17 0 79 1 0 0 0 0 114 31 0 0 0 0 0 1 0 0 0 1123 0 64 48277 14 0 0 59 232 0 0 0 2 11464 921 839 0 0 58 22 0 61 0 0 17039 
0 1 4971 0 0 43 20766 79 0 0 0 3992 16213 8842 0 0 391 4 2137 0 5 13 249 0 854 0 0 3292 0 0 0 4 0 0 1 14 0 1805 0 0 36 111 17 174 39 19 0 23552 0 875 
285 0 38 1471 44230 45 0 1 0 0 0 45292 123 1 23 0 0 0 5796 0 8 0 0 5900 0 0 23111 0 70346 30030 82635 82 0 24474 3548 49 68 0 0 0 0 0 0 0 0 2 11 649 27 0 
3 6771 2 2474 0 0 9423 0 0 0 0 0 0 3 1416 3378 171 0 1 0 0 0 5651 0 0 0 0 1 2 12127 0 1675 0 2 12338 29324 83801 408 0 0 13041 0 0 42 15424 0 0 4 0 0 
0 32034 47 77 0 0 173 0 3992 45292 0 0 0 387 72 303 0 0 18137 0 18 0 27 1 0 0 2 17482 0 19283 3156 0 7458 0 2617 0 0 0 37315 197 2011 38 0 0 131 0 0 9 0 9 
0 65828 0 210 0 879 0 0 16213 123 0 0 0 0 0 0 55049 0 15 51080 0 1 0 41412 2 0 0 0 8 0 0 0 0 4364 0 0 0 2 0 3270 0 209 6 0 0 8 0 0 402 19359 
0 47258 474 0 7812 74 1 0 8842 1 3 387 0 0 0 0 0 0 2 0 61426 79524 1 1 0 0 0 0 0 14781 2096 7561 1 1 0 0 2267 0 31 18 88746 11509 0 56962 0 0 0 27 17562 27443 
0 395 0 0 0 0 76 114 0 23 1416 72 0 0 0 17206 523 3 0 4 0 0 0 1046 0 0 1 1446 4 0 0 9 36891 0 31 1564 25 20 2 5 0 1354 0 428 14202 0 0 2 0 62804 
0 0 0 0 42621 0 0 31 0 0 3378 303 0 0 17206 0 0 15 0 49 36879 4734 0 169 0 0 0 0 12405 0 15590 21451 13441 8709 54785 0 4285 24344 119 0 6868 0 0 0 0 5331 7 0 0 0 
0 0 38747 0 401 0 0 0 391 0 171 0 55049 0 523 0 0 3 1 82 15 0 6 3073 0 0 1 0 0 0 1374 0 14440 1073 0 0 20035 0 0 0 2 117 0 732 351 0 0 752 0 24607 
2 0 15285 0 0 0 0 0 4 0 0 0 0 0 3 15 3 0 0 11 95 0 18304 8 0 0 3644 27 0 2581 0 0 28510 396 1 0 0 23 0 52 242 0 7930 16917 3018 36970 22069 0 55290 0 
0 0 0 11072 88 370 0 0 2137 5796 1 18137 15 2 0 0 1 0 0 0 0 106 0 0 0 0 0 0 5832 1982 10 0 0 0 890 0 12220 1513 3485 2 0 5369 0 0 91447 88329 0 0 0 3 
0 0 1 0 0 2863 0 0 0 0 0 0 51080 0 4 49 82 11 0 0 13 0 576 0 0 2 0 0 4448 925 1147 32742 1 0 16923 45025 2 0 0 0 1185 66 28 29157 0 1 1 0 0 121 
5 8718 30 0 0 0 0 0 5 8 0 18 0 61426 0 36879 15 95 0 13 0 0 2254 0 0 6 0 7 0 17 422 0 1566 9425 0 58114 0 6 0 18143 3146 0 0 0 0 1 4 0 401 308 
0 1835 0 6029 0 8 0 1 13 0 0 0 1 79524 0 4734 0 0 106 0 0 0 0 0 9467 0 0 809 14 0 0 7593 0 0 0 0 0 0 44231 83 0 0 0 16 78 0 544 0 63 0 
14834 4 9687 89 71 0 0 0 249 0 5651 27 0 1 0 0 6 18304 0 576 2254 0 0 0 7 24 329 206 106 0 19 1 0 43311 52 0 0 0 97 11 0 0 0 0 0 4 12990 18 0 626 
0 0 0 10 0 8429 0 0 0 5900 0 1 41412 1 1046 169 3073 8 0 0 0 0 0 0 6 0 0 394 0 190 10278 0 0 0 1 948 1197 0 23 0 3001 0 0 3 0 61268 0 5 0 0 
0 57701 17278 0 0 0 0 0 854 0 0 0 2 0 0 0 0 0 0 0 0 9467 7 6 0 62 0 0 0 2 0 369 208 3 0 1 143 829 7679 0 39 1068 7388 1005 0 57499 1095 0 0 7 
0 0 16608 0 381 0 0 1123 0 0 0 0 0 0 0 0 0 0 0 2 6 0 24 0 62 0 16 44 1 0 119 0 1530 2 1 0 23 58 0 0 0 0 0 0 181 158 0 182 33 15230 
0 840 421 972 0 0 3 0 0 23111 0 2 0 0 1 0 1 3644 0 0 0 0 329 0 0 16 0 21106 50206 41 0 0 0 0 0 0 28160 0 0 22994 0 1 1 0 11985 1577 1 5 19 2594 
0 470 0 1686 0 216 0 64 3292 0 1 17482 0 0 1446 0 0 27 0 0 7 809 206 394 0 44 21106 0 0 850 1 0 0 0 8 0 1 0 0 0 0 0 591 831 0 0 0 0 0 70 
3939 40123 1322 0 1757 0 0 48277 0 70346 2 0 8 0 4 12405 0 0 5832 4448 0 14 106 0 0 1 50206 0 0 9 8021 0 0 0 0 0 433 0 22 75 0 0 31 0 11 0 110 2 1035 48314 
138 33 6 55420 0 4334 16 14 0 30030 12127 19283 0 14781 0 0 0 2581 1982 925 17 0 0 190 2 0 41 850 9 0 1392 0 0 13 43567 25 0 5479 0 0 8 82 0 0 1 235 0 0 0 12 
0 0 7251 0 0 0 6267 0 0 82635 0 3156 0 2096 0 15590 1374 0 10 1147 422 0 19 10278 0 119 0 1 8021 1392 0 9635 0 0 0 0 0 0 0 0 0 5 115 13614 0 0 0 23503 2 2704 
0 18 0 0 0 53 7 0 4 82 1675 0 0 7561 9 21451 0 0 0 32742 0 7593 1 0 369 0 0 0 0 0 9635 0 92344 0 53896 0 0 0 630 1 800 0 0 0 2 38 0 14997 229 0 
0 1880 6 0 3730 0 0 59 0 0 0 7458 0 1 36891 13441 14440 28510 0 1 1566 0 0 0 208 1530 0 0 0 0 0 92344 0 1940 0 0 0 0 0 0 51 195 0 0 330 0 1 0 6 0 
0 0 21124 463 0 10 0 232 0 24474 2 0 4364 1 0 8709 1073 396 0 0 9425 0 43311 0 3 2 0 0 0 13 0 0 1940 0 275 0 0 3 1 3241 0 0 3400 0 3634 0 1 0 1 6 
241 0 30915 38 1 0 27905 0 1 3548 12338 2617 0 0 31 54785 0 1 890 16923 0 0 52 1 0 1 0 8 0 43567 0 53896 0 275 0 0 97 0 0 0 105 64350 76909 0 0 0 132 669 0 31819 
0 4 0 0 8 1369 8 0 14 49 29324 0 0 0 1564 0 0 0 0 45025 58114 0 0 948 1 0 0 0 0 25 0 0 0 0 0 0 0 54915 29985 0 0 702 2324 7 0 48868 0 71518 0 0 
106 4245 0 0 51 0 0 0 0 68 83801 0 0 2267 25 4285 20035 0 12220 2 0 0 0 1197 143 23 28160 1 433 0 0 0 0 0 97 0 0 0 0 5399 0 0 0 8 9505 0 966 1299 147 0 
0 765 84055 0 0 45105 0 2 1805 0 408 0 2 0 20 24344 0 23 1513 0 6 0 0 0 829 58 0 0 0 5479 0 0 0 3 0 54915 0 0 0 0 16662 0 11 0 14327 0 0 50379 0 0 
0 31 3811 11 24485 376 64586 11464 0 0 0 37315 0 31 2 119 0 0 3485 0 0 44231 97 23 7679 0 0 0 22 0 0 630 0 1 0 29985 0 0 0 234 0 0 0 149 0 0 0 0 0 9 
94468 0 46 38 0 0 0 921 0 0 0 197 3270 18 5 0 0 52 2 0 18143 83 11 0 0 0 22994 0 75 0 0 1 0 3241 0 0 5399 0 234 0 8 6276 20493 157 0 3 0 5 2 0 
0 0 1910 87911 0 0 0 839 36 0 13041 2011 0 88746 0 6868 2 242 0 1185 3146 0 0 3001 39 0 0 0 0 8 0 800 51 0 105 0 0 16662 0 8 0 20 0 0 0 0 0 421 0 0 
69627 1 47975 0 0 11 12 0 111 0 0 38 209 11509 1354 0 117 0 5369 66 0 0 0 0 1068 0 1 0 0 82 5 0 195 0 64350 702 0 0 0 6276 20 0 51 0 141 0 18124 0 5 4976 
1556 1643 0 88438 7529 0 0 0 17 0 0 0 6 0 0 0 0 7930 0 28 0 0 0 0 7388 0 1 591 31 0 115 0 0 3400 76909 2324 0 11 0 20493 0 51 0 30 49 0 2 3351 1413 6584 
8 39873 0 1003 0 0 0 58 174 0 42 0 0 56962 428 0 732 16917 0 29157 0 16 0 3 1005 0 0 831 0 0 13614 0 0 0 0 7 8 0 149 157 0 0 30 0 0 0 0 48 324 2191 
3 0 0 536 584 1 1 22 39 0 15424 131 0 0 14202 0 351 3018 91447 0 0 78 0 0 0 181 11985 0 11 1 0 2 330 3634 0 0 9505 14327 0 0 0 141 49 0 0 0 1 0 0 1 
14826 0 0 0 0 0 14615 0 19 2 0 0 8 0 0 5331 0 36970 88329 1 1 0 4 61268 57499 158 1577 0 0 235 0 38 0 0 0 48868 0 0 0 3 0 0 0 0 0 0 5415 0 7360 299 
0 1 2295 0 0 2251 0 61 0 11 0 0 0 0 0 7 0 22069 0 1 4 544 12990 0 1095 0 1 0 110 0 0 0 1 1 132 0 966 0 0 0 0 18124 2 0 1 5415 0 0 0 0 
65380 4 745 7 9 0 0 0 23552 649 4 9 0 27 2 0 752 0 0 0 0 0 18 5 0 182 5 0 2 0 23503 14997 0 0 669 71518 1299 50379 0 5 421 0 3351 48 0 0 0 0 0 9969 
45345 2 0 0 11 0 0 0 0 27 0 0 402 17562 0 0 0 55290 0 0 401 63 0 0 0 33 19 0 1035 0 2 229 6 1 0 0 147 0 0 2 0 5 1413 324 0 7360 0 0 0 15 
2575 247 0 0 0 4 0 17039 875 0 0 9 19359 27443 62804 0 24607 0 3 121 308 0 626 0 7 15230 2594 70 48314 12 2704 0 0 6 31819 0 0 0 9 0 0 4976 6584 2191 1 299 0 9969 15 0 
