9 3
0 59 64 103 62 95 95 48 90 
59 0 70 49 40 62 36 46 31 
64 70 0 118 33 51 89 98 88 
103 49 118 0 85 94 38 68 34 
62 40 33 85 0 33 56 78 55 
95 62 51 94 33 0 57 107 59 
95 36 89 38 56 57 0 77 6 
48 46 98 68 78 107 77 0 71 
90 31 88 34 55 59 6 71 0 
0 8 3 290 0 0 11 0 0 
8 0 9 0 0 1 1 0 0 
3 9 0 1899 1 24385 0 0 2 
290 0 1899 0 0 0 3964 0 2818 
0 0 1 0 0 1638 51486 72154 0 
0 1 24385 0 1638 0 166 0 250 
11 1 0 3964 51486 166 0 128 0 
0 0 0 0 72154 0 128 0 378 
0 0 2 2818 0 250 0 378 0 
0 0 0 0 2180 106 6 0 20 
0 0 76 0 0 0 3 5 12801 
0 76 0 0 0 42 140 0 274 
0 0 0 0 33 2 28333 0 0 
2180 0 0 33 0 0 0 0 4 
106 0 42 2 0 0 0 0 75874 
6 3 140 28333 0 0 0 18 0 
0 5 0 0 0 0 18 0 0 
20 12801 274 0 4 75874 0 0 0 
0 730 4415 84 0 0 31 0 0 
730 0 0 23657 0 21175 0 18167 0 
4415 0 0 1 110 24 0 0 0 
84 23657 1 0 23911 2 0 0 0 
0 0 110 23911 0 10 0 0 0 
0 21175 24 2 10 0 0 1081 0 
31 0 0 0 0 0 0 3 0 
0 18167 0 0 0 1081 3 0 0 
0 0 0 0 0 0 0 0 0 
