20 2
0 59 64 103 62 95 95 48 90 88 90 112 64 139 74 53 26 148 87 89 
59 0 70 49 40 62 36 46 31 30 43 69 27 80 26 37 59 91 39 30 
64 70 0 118 33 51 89 98 88 95 64 73 48 126 97 33 87 124 64 86 
103 49 118 0 85 94 38 68 34 23 68 88 69 56 28 85 93 77 65 36 
62 40 33 85 0 33 56 78 55 62 34 51 15 94 66 8 77 96 33 53 
95 62 51 94 33 0 57 107 59 71 25 22 37 82 84 42 110 75 28 57 
95 36 89 38 56 57 0 77 6 17 31 50 41 44 39 58 95 55 29 6 
48 46 98 68 78 107 77 0 71 63 90 115 69 117 41 71 27 133 86 71 
90 31 88 34 55 59 6 71 0 12 34 55 39 49 33 57 89 61 31 2 
88 30 95 23 62 71 17 63 12 0 46 67 46 53 23 63 84 69 43 14 
90 43 64 68 34 25 31 90 34 46 0 25 25 61 61 41 99 61 3 32 
112 69 73 88 51 22 50 115 55 67 25 0 49 63 86 60 123 54 29 53 
64 27 48 69 15 37 41 69 39 46 25 49 0 81 52 17 74 86 23 37 
139 80 126 56 94 82 44 117 49 53 61 63 81 0 75 99 137 23 62 50 
74 26 97 28 66 84 39 41 33 23 61 86 52 75 0 64 65 92 58 34 
53 37 33 85 8 42 58 71 57 63 41 60 17 99 64 0 69 102 39 55 
26 59 87 93 77 110 95 27 89 84 99 123 74 137 65 69 0 150 95 88 
148 91 124 77 96 75 55 133 61 69 61 54 86 23 92 102 150 0 63 62 
87 39 64 65 33 28 29 86 31 43 3 29 23 62 58 39 95 63 0 29 
89 30 86 36 53 57 6 71 2 14 32 53 37 50 34 55 88 62 29 0 
0 71328 75 14 60513 2845 0 1 0 49964 0 6 0 681 1425 0 67222 49 0 238 
71328 0 0 18 0 14752 0 0 0 0 3 22303 0 91344 0 2269 257 0 2 0 
75 0 0 0 1041 3 2 0 0 0 14553 66005 9 0 0 42922 0 1 907 608 
14 18 0 0 23624 0 0 51760 4 24339 23094 0 859 0 976 8750 0 0 171 31 
60513 0 1041 23624 0 0 0 2 0 0 0 0 1051 0 8525 12707 0 0 4 0 
2845 14752 3 0 0 0 1 4 0 0 0 0 1146 24980 65 0 0 7 2189 1737 
0 0 2 0 0 1 0 206 15 62143 0 0 0 357 62 75 4488 0 0 0 
1 0 0 51760 2 4 206 0 0 397 0 209 0 9 0 0 3354 87019 10112 0 
0 0 0 4 0 0 15 0 0 427 9 2 4965 0 0 0 0 1572 0 59803 
49964 0 0 24339 0 0 62143 397 427 0 2238 22148 1 23 3481 0 4 0 0 24 
0 3 14553 23094 0 0 0 0 9 2238 0 3 0 6 11637 94926 17020 52 23 0 
6 22303 66005 0 0 0 0 209 2 22148 3 0 0 0 0 17 0 0 43300 0 
0 0 9 859 1051 1146 0 0 4965 1 0 0 0 0 25 4 0 0 43 2906 
681 91344 0 0 0 24980 357 9 0 23 6 0 0 0 2844 637 3 0 0 34310 
1425 0 0 976 8525 65 62 0 0 3481 11637 0 25 2844 0 0 0 0 5949 6183 
0 2269 42922 8750 12707 0 75 0 0 0 94926 17 4 637 0 0 0 123 0 79397 
67222 257 0 0 0 0 4488 3354 0 4 17020 0 0 3 0 0 0 16 0 1334 
49 0 1 0 0 7 0 87019 1572 0 52 0 0 0 0 123 16 0 0 0 
0 2 907 171 4 2189 0 10112 0 0 23 43300 43 0 5949 0 0 0 0 0 
238 0 608 31 0 1737 0 0 59803 24 0 0 2906 34310 6183 79397 1334 0 0 0 
0 5216 11 0 77319 46078 7498 0 0 0 8 2 0 0 0 0 679 5692 2721 0 
5216 0 146 0 0 2428 195 1163 0 2 0 0 0 0 0 0 430 97532 0 0 
11 146 0 71247 276 6 4 0 0 3543 7470 0 149 6370 17491 0 151 10 0 33 
0 0 71247 0 0 0 3 60759 0 0 3343 0 2437 2 0 0 0 0 0 3 
77319 0 276 0 0 0 11389 0 0 15 2 1 4579 0 0 72012 0 0 6 1693 
46078 2428 6 0 0 0 1 0 23479 2 196 81098 278 0 0 3 1 0 0 0 
7498 195 4 3 11389 1 0 0 0 0 0 0 5 2836 350 198 0 0 143 1215 
0 1163 0 60759 0 0 0 0 0 13 0 15 0 0 0 0 0 0 7370 1 
0 0 0 0 0 23479 0 0 0 2003 0 17 5039 11 0 3730 6297 0 36167 0 
0 2 3543 0 15 2 0 13 2003 0 0 0 0 2 706 0 0 0 8455 0 
8 0 7470 3343 2 196 0 0 0 0 0 9 14 31 58077 0 12740 0 59 11530 
2 0 0 0 1 81098 0 15 17 0 9 0 7 0 395 0 0 368 12015 125 
0 0 149 2437 4579 278 5 0 5039 0 14 7 0 624 140 1 0 0 0 295 
0 0 6370 2 0 0 2836 0 11 2 31 0 624 0 0 9797 0 26228 350 21388 
0 0 17491 0 0 0 350 0 0 706 58077 395 140 0 0 28 31952 3729 9168 1993 
0 0 0 0 72012 3 198 0 3730 0 0 0 1 9797 28 0 3688 0 1862 0 
679 430 151 0 0 1 0 0 6297 0 12740 0 0 0 31952 3688 0 8 0 0 
5692 97532 10 0 0 0 0 0 0 0 0 368 0 26228 3729 0 8 0 7 11 
2721 0 0 0 6 0 143 7370 36167 8455 59 12015 0 350 9168 1862 0 7 0 0 
0 0 33 3 1693 0 1215 1 0 0 11530 125 295 21388 1993 0 0 11 0 0 
