5 4
0 46 118 40 96 
46 0 88 10 53 
118 88 0 85 53 
40 10 85 0 56 
96 53 53 56 0 
0 0 0 0 3043 
0 0 39 0 119 
0 39 0 3785 43 
0 0 3785 0 2110 
3043 119 43 2110 0 
0 0 0 0 1500 
0 0 12 0 17364 
0 12 0 14534 8 
0 0 14534 0 9520 
1500 17364 8 9520 0 
0 0 0 1 18225 
0 0 1343 0 57 
0 1343 0 1905 241 
1 0 1905 0 7718 
18225 57 241 7718 0 
0 0 0 0 1279 
0 0 106 0 14 
0 106 0 194 1390 
0 0 194 0 6414 
1279 14 1390 6414 0 
