10 2
0 123 17 72 89 90 77 84 122 70 
123 0 116 51 121 48 96 115 59 63 
17 116 0 64 101 90 86 66 108 71 
72 51 64 0 97 39 71 77 62 33 
89 121 101 97 0 73 26 158 158 64 
90 48 90 39 73 0 47 116 91 20 
77 96 86 71 26 47 0 136 132 38 
84 115 66 77 158 116 136 0 73 105 
122 59 108 62 158 91 132 73 0 94 
70 63 71 33 64 20 38 105 94 0 
0 0 0 0 0 2650 7226 0 0 0 
0 0 0 0 85 162 0 93 15 184 
0 0 0 12 0 1 0 36352 0 0 
0 0 12 0 0 0 152 0 0 0 
0 85 0 0 0 0 3 48 10620 4186 
2650 162 1 0 0 0 0 17 0 27218 
7226 0 0 152 3 0 0 0 37 2426 
0 93 36352 0 48 17 0 0 0 3707 
0 15 0 0 10620 0 37 0 0 12 
0 184 0 0 4186 27218 2426 3707 12 0 
0 59 0 171 337 0 0 2 37868 856 
59 0 50 5368 0 0 15 0 0 0 
0 50 0 0 19 26 37845 0 0 9631 
171 5368 0 0 29663 22 0 4245 4 3446 
337 0 19 29663 0 74 0 0 0 0 
0 0 26 22 74 0 1256 0 12 0 
0 15 37845 0 0 1256 0 2872 0 0 
2 0 0 4245 0 0 2872 0 410 0 
37868 0 0 4 0 12 0 410 0 0 
856 0 9631 3446 0 0 0 0 0 0 
