15 2
0 123 17 72 89 90 77 84 122 70 141 118 117 117 58 
123 0 116 51 121 48 96 115 59 63 25 47 40 16 64 
17 116 0 64 101 90 86 66 108 71 133 119 117 113 52 
72 51 64 0 97 39 71 77 62 33 69 64 60 49 13 
89 121 101 97 0 73 26 158 158 64 146 84 88 106 88 
90 48 90 39 73 0 47 116 91 20 73 28 27 34 42 
77 96 86 71 26 47 0 136 132 38 121 63 66 81 63 
84 115 66 77 158 116 136 0 73 105 118 141 136 120 76 
122 59 108 62 158 91 132 73 0 94 51 103 96 73 74 
70 63 71 33 64 20 38 105 94 0 87 48 47 52 29 
141 25 133 69 146 73 121 118 51 87 0 70 64 41 83 
118 47 119 64 84 28 63 141 103 48 70 0 6 30 70 
117 40 117 60 88 27 66 136 96 47 64 6 0 24 67 
117 16 113 49 106 34 81 120 73 52 41 30 24 0 60 
58 64 52 13 88 42 63 76 74 29 83 70 67 60 0 
0 1280 1206 0 0 10 0 44859 0 14 3707 243 53168 0 0 
1280 0 0 0 14 0 19626 4 39311 0 5079 0 0 0 0 
1206 0 0 16 533 0 1604 0 19449 0 131 570 0 0 0 
0 0 16 0 0 0 132 61817 24906 0 100 0 0 29 202 
0 14 533 0 0 0 0 1 9 0 747 1258 0 4234 0 
10 0 0 0 0 0 0 0 77605 4186 818 997 4574 34999 0 
0 19626 1604 132 0 0 0 0 4 0 0 0 0 0 0 
44859 4 0 61817 1 0 0 0 3 242 166 88 0 0 8 
0 39311 19449 24906 9 77605 4 3 0 2426 39732 26 0 1884 37 
14 0 0 0 0 4186 0 242 2426 0 0 60483 5050 7921 0 
3707 5079 131 100 747 818 0 166 39732 0 0 30 0 3 5485 
243 0 570 0 1258 997 0 88 26 60483 30 0 0 0 0 
53168 0 0 0 0 4574 0 0 0 5050 0 0 0 531 1 
0 0 0 29 4234 34999 0 0 1884 7921 3 0 531 0 0 
0 0 0 202 0 0 0 8 37 0 5485 0 1 0 0 
0 0 0 24 2013 0 95 0 158 1 0 0 0 65 128 
0 0 28738 35 3 722 0 0 0 132 0 1702 33 4380 72 
0 28738 0 0 0 2463 0 10389 0 217 0 0 21 51 5 
24 35 0 0 10 47215 0 0 0 5 0 313 26 0 0 
2013 3 0 10 0 14 27 0 0 3446 0 0 774 0 47 
0 722 2463 47215 14 0 402 5 0 0 0 0 0 0 105 
95 0 0 0 27 402 0 93 1 26 11243 2 33728 1 65 
0 0 10389 0 0 5 93 0 0 0 0 1 2 191 0 
158 0 0 0 0 0 1 0 0 0 0 0 43920 0 0 
1 132 217 5 3446 0 26 0 0 0 64218 0 0 0 1218 
0 0 0 0 0 0 11243 0 0 64218 0 0 12793 0 0 
0 1702 0 313 0 0 2 1 0 0 0 0 120 0 5848 
0 33 21 26 774 0 33728 2 43920 0 12793 120 0 0 0 
65 4380 51 0 0 0 1 191 0 0 0 0 0 0 2363 
128 72 5 0 47 105 65 0 0 1218 0 5848 0 2363 0 
