9 4
0 46 118 40 96 98 46 64 2 
46 0 88 10 53 127 3 66 48 
118 88 0 85 53 137 85 71 120 
40 10 85 0 56 117 8 56 42 
96 53 53 56 0 154 51 82 98 
98 127 137 117 154 0 125 72 99 
46 3 85 8 51 125 0 63 48 
64 66 71 56 82 72 63 0 66 
2 48 120 42 98 99 48 66 0 
0 97 1821 1330 0 4 0 166 832 
97 0 10792 0 0 61 0 1080 0 
1821 10792 0 0 0 0 0 198 0 
1330 0 0 0 0 0 18928 27390 0 
0 0 0 0 0 0 56 0 0 
4 61 0 0 0 0 4 0 0 
0 0 0 18928 56 4 0 0 0 
166 1080 198 27390 0 0 0 0 0 
832 0 0 0 0 0 0 0 0 
0 0 0 0 2 0 11591 0 0 
0 0 0 10 88138 0 4 0 2033 
0 0 0 4720 9821 1 993 0 14011 
0 10 4720 0 13853 1981 0 0 26219 
2 88138 9821 13853 0 414 0 13 1653 
0 0 1 1981 414 0 0 36159 2 
11591 4 993 0 0 0 0 48 3839 
0 0 0 0 13 36159 48 0 1934 
0 2033 14011 26219 1653 2 3839 1934 0 
0 0 0 0 1 0 1 0 0 
0 0 0 90 268 0 1 0 116 
0 0 0 2172 5 1293 365 0 5 
0 90 2172 0 1 1 0 0 2035 
1 268 5 1 0 1185 0 1 34 
0 0 1293 1 1185 0 0 2911 459 
1 1 365 0 0 0 0 2374 6339 
0 0 0 0 1 2911 2374 0 39 
0 116 5 2035 34 459 6339 39 0 
0 0 0 0 1068 0 3263 0 0 
0 0 0 16385 2724 0 79567 0 142 
0 0 0 1560 3 129 20816 0 13 
0 16385 1560 0 795 48286 0 0 1273 
1068 2724 3 795 0 1108 0 3 191 
0 0 129 48286 1108 0 0 139 59 
3263 79567 20816 0 0 0 0 12 61 
0 0 0 0 3 139 12 0 3 
0 142 13 1273 191 59 61 3 0 
