20 4
0 46 118 40 96 98 46 64 2 33 36 47 55 9 108 78 35 54 61 95 
46 0 88 10 53 127 3 66 48 60 37 19 78 48 107 43 36 50 104 90 
118 88 0 85 53 137 85 71 120 144 83 106 102 125 70 117 84 138 148 59 
40 10 85 0 56 117 8 56 42 59 26 26 68 43 98 54 26 55 95 82 
96 53 53 56 0 154 51 82 98 112 71 66 108 100 106 67 71 96 146 90 
98 127 137 117 154 0 125 72 99 127 90 138 49 106 75 170 91 153 52 79 
46 3 85 8 51 125 0 63 48 61 34 22 76 49 104 46 34 53 103 87 
64 66 71 56 82 72 63 0 66 97 32 83 30 73 44 110 33 107 76 31 
2 48 120 42 98 99 48 66 0 32 38 48 56 7 110 78 37 54 61 97 
33 60 144 59 112 127 61 97 32 0 67 48 88 24 142 71 66 34 83 128 
36 37 83 26 71 90 34 32 38 67 0 51 41 44 77 80 1 75 74 61 
47 19 106 26 66 138 22 83 48 48 51 0 90 45 125 31 50 31 108 109 
55 78 102 68 108 49 76 30 56 88 41 90 0 63 62 121 41 107 46 54 
9 48 125 43 100 106 49 73 7 24 44 45 63 0 117 75 43 47 66 104 
108 107 70 98 106 75 104 44 110 142 77 125 62 117 0 149 78 152 105 17 
78 43 117 54 67 170 46 110 78 71 80 31 121 75 149 0 80 40 140 132 
35 36 84 26 71 91 34 33 37 66 1 50 41 43 78 80 0 74 74 62 
54 50 138 55 96 153 53 107 54 34 75 31 107 47 152 40 74 0 113 136 
61 104 148 95 146 52 103 76 61 83 74 108 46 66 105 140 74 113 0 100 
95 90 59 82 90 79 87 31 97 128 61 109 54 104 17 132 62 136 100 0 
0 0 1 6042 217 2 0 206 20392 0 8055 0 499 15355 88 29 4390 883 1 0 
0 0 0 23351 58073 0 0 0 10 0 0 8 574 75 0 0 0 1 0 36413 
1 0 0 0 6378 0 5082 0 0 0 0 6 12443 856 0 12669 5780 108 57 0 
6042 23351 0 0 0 1 28 24 0 0 0 34 3 30 1 0 0 109 0 0 
217 58073 6378 0 0 0 0 2 0 5310 2 0 0 0 0 0 13 0 3 0 
2 0 0 1 0 0 19 0 0 0 0 0 9160 0 0 0 42993 0 11 0 
0 0 5082 28 0 19 0 11558 0 1002 4 30 35 3272 21533 0 0 0 0 0 
206 0 0 24 2 0 11558 0 28577 176 44 33 0 39761 84679 11926 4259 0 1604 6830 
20392 10 0 0 0 0 0 28577 0 49 0 0 20 17 0 2513 0 108 0 0 
0 0 0 0 5310 0 1002 176 49 0 47 0 4 0 807 1903 87822 0 99 509 
8055 0 0 0 2 0 4 44 0 47 0 1165 0 0 0 0 28032 14 0 0 
0 8 6 34 0 0 30 33 0 0 1165 0 192 31668 0 3 0 12 0 0 
499 574 12443 3 0 9160 35 0 20 4 0 192 0 0 0 0 0 5 12030 0 
15355 75 856 30 0 0 3272 39761 17 0 0 31668 0 0 27983 204 346 20 1 103 
88 0 0 1 0 0 21533 84679 0 807 0 0 0 27983 0 18 0 0 48 0 
29 0 12669 0 0 0 0 11926 2513 1903 0 3 0 204 18 0 0 8 0 14047 
4390 0 5780 0 13 42993 0 4259 0 87822 28032 0 0 346 0 0 0 0 0 66 
883 1 108 109 0 0 0 0 108 0 14 12 5 20 0 8 0 0 0 0 
1 0 57 0 3 11 0 1604 0 99 0 0 12030 1 48 0 0 0 0 0 
0 36413 0 0 0 0 0 6830 0 509 0 0 0 103 0 14047 66 0 0 0 
0 191 0 0 0 0 95 0 0 145 0 16 0 0 0 0 0 0 0 32264 
191 0 47333 0 0 1967 1472 6847 0 10 532 2 0 0 4 123 1820 0 4 0 
0 47333 0 2 0 1 0 0 8 1381 955 0 0 0 87 0 0 0 0 1857 
0 0 2 0 20 0 0 0 11 3 807 0 0 0 0 64188 1407 0 8 35051 
0 0 0 20 0 294 6403 0 3 0 1 15255 99558 30 13 26362 0 13843 5 323 
0 1967 1 0 294 0 0 10 27 2055 157 15897 0 0 10877 23810 0 52696 0 18706 
95 1472 0 0 6403 0 0 0 949 0 0 0 0 0 0 7 62 2822 94 5 
0 6847 0 0 0 10 0 0 0 0 0 0 441 0 0 0 0 71716 0 0 
0 0 8 11 3 27 949 0 0 1 853 0 0 0 18 0 4004 0 778 2 
145 10 1381 3 0 2055 0 0 1 0 0 17 0 233 0 0 0 19 0 0 
0 532 955 807 1 157 0 0 853 0 0 0 28301 80 739 44 0 0 77214 136 
16 2 0 0 15255 15897 0 0 0 17 0 0 0 0 904 0 2 2 1 150 
0 0 0 0 99558 0 0 441 0 0 28301 0 0 7 1 4689 318 0 0 12434 
0 0 0 0 30 0 0 0 0 233 80 0 7 0 0 0 0 0 0 0 
0 4 87 0 13 10877 0 0 18 0 739 904 1 0 0 0 281 614 0 4745 
0 123 0 64188 26362 23810 7 0 0 0 44 0 4689 0 0 0 266 0 67283 0 
0 1820 0 1407 0 0 62 0 4004 0 0 2 318 0 281 266 0 37 5 0 
0 0 0 0 13843 52696 2822 71716 0 19 0 2 0 0 614 0 37 0 20 20 
0 4 0 8 5 0 94 0 778 0 77214 1 0 0 0 67283 5 20 0 0 
32264 0 1857 35051 323 18706 5 0 2 0 136 150 12434 0 4745 0 0 20 0 0 
0 28 8 0 0 0 22625 0 0 162 0 230 0 0 0 0 0 0 0 4748 
28 0 282 0 0 296 61 2 2 28246 2 0 0 0 70 14 27230 0 23898 0 
8 282 0 171 0 180 0 82948 16717 69 89 0 0 0 2680 0 0 0 0 550 
0 0 171 0 94 1 0 0 2 10 2 0 0 3 0 56 2787 2 912 9103 
0 0 0 94 0 35333 5 0 1419 0 0 51 39 1226 4528 28706 0 1 0 72120 
0 296 180 1 35333 0 0 146 83 1761 32 1488 0 21 2 30301 0 30979 0 92884 
22625 61 0 0 5 0 0 0 2081 0 1 0 0 0 0 85497 134 8152 3 7 
0 2 82948 0 0 146 0 0 0 0 0 0 13 0 0 0 0 10766 0 0 
0 2 16717 2 1419 83 2081 0 0 0 723 4989 0 0 1 0 15 0 19 10 
162 28246 69 10 0 1761 0 0 0 0 0 49 0 1605 0 0 0 7687 0 0 
0 2 89 2 0 32 1 0 723 0 0 0 79 3633 39 2100 0 0 6506 68 
230 0 0 0 51 1488 0 0 4989 49 0 0 0 0 37 0 590 0 2317 4 
0 0 0 0 39 0 0 13 0 0 79 0 0 39713 3 6227 993 0 0 6 
0 0 0 3 1226 21 0 0 0 1605 3633 0 39713 0 0 0 0 0 173 0 
0 70 2680 0 4528 2 0 0 1 0 39 37 3 0 0 0 4 18 0 145 
0 14 0 56 28706 30301 85497 0 0 0 2100 0 6227 0 0 0 252 0 9 0 
0 27230 0 2787 0 0 134 0 15 0 0 590 993 0 4 252 0 1 19 0 
0 0 0 2 1 30979 8152 10766 0 7687 0 0 0 0 18 0 1 0 873 116 
0 23898 0 912 0 0 3 0 19 0 6506 2317 0 173 0 9 19 873 0 899 
4748 0 550 9103 72120 92884 7 0 10 0 68 4 6 0 145 0 0 116 899 0 
0 44 0 0 0 3 69095 0 0 225 0 184 0 0 0 0 0 0 0 69898 
44 0 1 0 0 73694 47 2609 0 78848 7 0 0 0 6 1146 3675 0 30 0 
0 1 0 25 0 129 0 534 5763 3931 743 0 0 0 10 0 0 0 0 17047 
0 0 25 0 2 0 0 0 33 142 79 0 0 0 0 1524 175 0 13 1239 
0 0 0 2 0 19 72753 0 0 0 0 427 16448 26701 15570 9381 0 371 0 986 
3 73694 129 0 19 0 0 848 709 693 16261 38 0 56939 1005 5 0 1986 0 4253 
69095 47 0 0 72753 0 0 0 1152 0 0 0 0 0 0 3494 6923 1525 1 308 
0 2609 534 0 0 848 0 0 0 0 0 0 3 0 0 0 0 19990 0 0 
0 0 5763 33 0 709 1152 0 0 0 2148 389 0 7 281 0 2288 0 155 7 
225 78848 3931 142 0 693 0 0 0 0 0 1810 0 1445 0 0 0 8 0 0 
0 7 743 79 0 16261 0 0 2148 0 0 0 49712 42620 13 41 0 0 74354 1 
184 0 0 0 427 38 0 0 389 1810 0 0 0 0 2740 0 68 0 97 43071 
0 0 0 0 16448 0 0 3 0 0 49712 0 0 1 3644 3333 122 0 0 1878 
0 0 0 0 26701 56939 0 0 7 1445 42620 0 1 0 0 0 0 0 4 0 
0 6 10 0 15570 1005 0 0 281 0 13 2740 3644 0 0 0 309 27148 0 61 
0 1146 0 1524 9381 5 3494 0 0 0 41 0 3333 0 0 0 12 0 3327 0 
0 3675 0 175 0 0 6923 0 2288 0 0 68 122 0 309 12 0 309 28 0 
0 0 0 0 371 1986 1525 19990 0 8 0 0 0 0 27148 0 309 0 8 170 
0 30 0 13 0 0 1 0 155 0 74354 97 0 4 0 3327 28 8 0 31464 
69898 0 17047 1239 986 4253 308 0 7 0 1 43071 1878 0 61 0 0 170 31464 0 
