50 3
0 123 17 72 89 90 77 84 122 70 141 118 117 117 58 85 94 145 69 99 137 99 30 139 114 56 50 94 70 158 148 87 53 161 64 94 106 62 87 81 66 9 49 48 135 73 47 81 16 69 
123 0 116 51 121 48 96 115 59 63 25 47 40 16 64 39 31 87 58 23 83 33 103 24 65 67 92 40 53 45 35 36 95 46 119 29 43 89 107 43 57 113 75 95 85 58 91 43 139 54 
17 116 0 64 101 90 86 66 108 71 133 119 117 113 52 81 90 150 68 93 122 97 14 135 118 53 57 84 66 154 139 82 62 151 46 88 94 69 69 78 59 15 41 32 119 72 32 78 31 65 
72 51 64 0 97 39 71 77 62 33 69 64 60 49 13 21 29 104 24 28 84 38 52 71 72 21 53 26 13 91 77 19 58 89 74 23 41 56 72 18 5 62 23 46 83 30 41 18 88 13 
89 121 101 97 0 73 26 158 158 64 146 84 88 106 88 88 93 82 73 107 181 88 104 121 67 78 49 121 84 131 156 94 43 167 143 101 136 41 157 86 94 86 92 116 180 69 112 86 92 83 
90 48 90 39 73 0 47 116 91 20 73 28 27 34 42 20 20 64 22 35 115 15 82 53 32 38 48 55 28 69 83 26 49 95 111 30 68 42 111 21 41 81 54 82 115 17 77 21 104 28 
77 96 86 71 26 47 0 136 132 38 121 63 66 81 63 62 67 73 47 81 155 62 85 98 49 54 29 95 58 110 130 68 24 142 124 75 110 17 134 60 69 71 69 95 154 42 90 60 85 57 
84 115 66 77 158 116 136 0 73 105 118 141 136 120 76 98 104 181 98 96 73 114 56 139 149 84 109 75 89 160 120 94 114 129 22 95 74 118 9 96 75 79 67 42 70 103 46 96 96 88 
122 59 108 62 158 91 132 73 0 94 51 103 96 73 74 71 70 145 85 56 25 79 93 83 118 83 115 37 74 101 50 65 120 57 87 60 22 118 63 72 66 113 76 77 25 89 76 72 138 75 
70 63 71 33 64 20 38 105 94 0 87 48 47 52 29 25 32 79 8 44 117 32 64 72 47 21 28 56 20 89 96 31 31 108 97 38 71 26 102 23 32 61 39 67 116 5 62 23 84 19 
141 25 133 69 146 73 121 118 51 87 0 70 64 41 83 62 55 108 81 43 71 58 119 37 89 88 115 49 74 52 10 57 118 21 127 50 44 113 110 65 75 131 92 107 73 82 104 65 158 75 
118 47 119 64 84 28 63 141 103 48 70 0 6 30 70 43 37 42 50 48 128 26 110 38 19 66 73 72 55 47 80 46 73 90 138 47 82 64 135 45 67 109 82 109 128 46 104 45 132 56 
117 40 117 60 88 27 66 136 96 47 64 6 0 24 67 39 32 48 48 42 121 22 108 32 25 64 74 66 52 44 73 42 75 83 134 41 76 66 130 42 64 108 79 106 122 44 101 42 131 53 
117 16 113 49 106 34 81 120 73 52 41 30 24 0 60 31 22 72 48 24 98 19 101 21 48 61 81 46 46 42 51 31 83 62 122 26 54 76 113 35 54 107 72 95 99 47 91 35 132 48 
58 64 52 13 88 42 63 76 74 29 83 70 67 60 0 29 38 107 21 41 95 45 41 82 74 9 41 39 15 102 90 29 47 103 69 35 53 47 72 25 8 48 12 39 93 27 34 25 75 14 
85 39 81 21 88 20 62 98 71 25 62 43 39 31 29 0 9 83 18 19 96 17 70 53 51 29 52 34 14 73 71 6 56 83 95 13 49 51 92 3 25 75 41 67 95 20 62 3 101 16 
94 31 90 29 93 20 67 104 70 32 55 37 32 22 38 9 0 79 27 14 95 10 79 44 48 38 60 36 24 64 64 10 64 76 103 10 48 58 98 13 33 85 50 75 95 27 70 13 110 25 
145 87 150 104 82 64 73 181 145 79 108 42 48 72 107 83 79 0 85 91 170 68 144 71 32 101 95 114 92 67 117 88 93 125 176 89 125 84 176 85 106 138 118 146 171 79 141 85 156 93 
69 58 68 24 73 22 47 98 85 8 81 50 48 48 21 18 27 85 0 37 108 30 60 70 52 16 34 48 11 88 90 23 38 102 91 31 63 34 94 15 24 60 32 61 107 5 56 15 84 10 
99 23 93 28 107 35 81 96 56 44 43 48 42 24 41 19 14 91 37 0 81 23 80 43 62 45 71 23 30 64 52 13 75 65 98 6 34 70 89 21 33 89 51 72 81 39 68 21 115 31 
137 83 122 84 181 115 155 73 25 117 71 128 121 98 95 96 95 170 108 81 0 104 107 106 143 104 136 61 97 123 67 89 142 71 92 85 47 141 64 96 87 129 96 90 3 113 90 96 153 98 
99 33 97 38 88 15 62 114 79 32 58 26 22 19 45 17 10 68 30 23 104 0 87 40 38 44 61 46 30 58 68 19 63 79 112 20 58 56 108 20 42 90 57 84 105 28 79 20 114 32 
30 103 14 52 104 82 85 56 93 64 119 110 108 101 41 70 79 144 60 80 107 87 0 123 111 44 56 70 56 143 125 70 61 137 39 76 80 68 58 67 47 23 29 18 105 65 18 67 45 55 
139 24 135 71 121 53 98 139 83 72 37 38 32 21 82 53 44 71 70 43 106 40 123 0 57 83 101 64 68 21 46 52 103 54 142 47 68 95 131 57 76 129 94 116 107 68 112 57 154 69 
114 65 118 72 67 32 49 149 118 47 89 19 25 48 74 51 48 32 52 62 143 38 111 57 0 68 66 84 60 63 99 57 65 109 143 59 97 55 144 53 73 106 85 113 143 46 108 53 126 60 
56 67 53 21 78 38 54 84 83 21 88 66 64 61 9 29 38 101 16 45 104 44 44 83 68 0 32 47 14 102 96 31 37 109 75 39 62 37 81 25 17 46 17 45 103 21 40 25 71 13 
50 92 57 53 49 48 29 109 115 28 115 73 74 81 41 52 60 95 34 71 136 61 56 101 66 32 0 79 42 117 124 57 5 136 95 65 94 12 107 49 49 43 43 67 135 33 63 49 60 41 
94 40 84 26 121 55 95 75 37 56 49 72 66 46 39 34 36 114 48 23 61 46 70 64 84 47 79 0 37 85 55 28 84 67 79 25 15 81 67 35 30 84 45 57 60 52 54 35 111 38 
70 53 66 13 84 28 58 89 74 20 74 55 52 46 15 14 24 92 11 30 97 30 56 68 60 14 42 37 0 88 82 17 47 95 83 24 52 44 84 11 13 61 27 54 96 16 49 11 86 1 
158 45 154 91 131 69 110 160 101 89 52 47 44 42 102 73 64 67 88 64 123 58 143 21 63 102 117 85 88 0 58 73 118 62 163 68 88 110 152 76 96 148 114 137 125 86 132 76 173 89 
148 35 139 77 156 83 130 120 50 96 10 80 73 51 90 71 64 117 90 52 67 68 125 46 99 96 124 55 82 58 0 66 128 12 130 58 47 122 111 74 82 139 99 112 69 91 109 74 165 84 
87 36 82 19 94 26 68 94 65 31 57 46 42 31 29 6 10 88 23 13 89 19 70 52 57 31 57 28 17 73 66 0 61 78 93 7 42 57 88 8 23 77 41 65 89 26 60 8 103 18 
53 95 62 58 43 49 24 114 120 31 118 73 75 83 47 56 64 93 38 75 142 63 61 103 65 37 5 84 47 118 128 61 0 140 100 69 99 9 113 53 54 47 49 72 141 36 68 53 62 46 
161 46 151 89 167 95 142 129 57 108 21 90 83 62 103 83 76 125 102 65 71 79 137 54 109 109 136 67 95 62 12 78 140 0 141 71 58 134 120 86 95 151 112 124 74 103 121 86 177 96 
64 119 46 74 143 111 124 22 87 97 127 138 134 122 69 95 103 176 91 98 92 112 39 142 143 75 95 79 83 163 130 93 100 141 0 96 82 106 28 92 70 61 58 30 88 96 35 92 74 82 
94 29 88 23 101 30 75 95 60 38 50 47 41 26 35 13 10 89 31 6 85 20 76 47 59 39 65 25 24 68 58 7 69 71 96 0 38 64 89 15 29 84 47 69 85 33 64 15 110 25 
106 43 94 41 136 68 110 74 22 71 44 82 76 54 53 49 48 125 63 34 47 58 80 68 97 62 94 15 52 88 47 42 99 58 82 38 0 96 65 49 45 97 58 65 46 67 63 49 123 53 
62 89 69 56 41 42 17 118 118 26 113 64 66 76 47 51 58 84 34 70 141 56 68 95 55 37 12 81 44 110 122 57 9 134 106 64 96 0 116 49 53 55 52 77 140 31 72 49 72 43 
87 107 69 72 157 111 134 9 63 102 110 135 130 113 72 92 98 176 94 89 64 108 58 131 144 81 107 67 84 152 111 88 113 120 28 89 65 116 0 90 70 82 65 42 61 99 45 90 100 84 
81 43 78 18 86 21 60 96 72 23 65 45 42 35 25 3 13 85 15 21 96 20 67 57 53 25 49 35 11 76 74 8 53 86 92 15 49 49 90 0 22 72 37 64 96 18 59 0 97 12 
66 57 59 5 94 41 69 75 66 32 75 67 64 54 8 25 33 106 24 33 87 42 47 76 73 17 49 30 13 96 82 23 54 95 70 29 45 53 70 22 0 56 18 42 86 29 37 22 82 13 
9 113 15 62 86 81 71 79 113 61 131 109 108 107 48 75 85 138 60 89 129 90 23 129 106 46 43 84 61 148 139 77 47 151 61 84 97 55 82 72 56 0 39 41 127 63 40 72 26 59 
49 75 41 23 92 54 69 67 76 39 92 82 79 72 12 41 50 118 32 51 96 57 29 94 85 17 43 45 27 114 99 41 49 112 58 47 58 52 65 37 18 39 0 28 94 38 23 37 65 26 
48 95 32 46 116 82 95 42 77 67 107 109 106 95 39 67 75 146 61 72 90 84 18 116 113 45 67 57 54 137 112 65 72 124 30 69 65 77 42 64 42 41 28 0 87 66 5 64 63 53 
135 85 119 83 180 115 154 70 25 116 73 128 122 99 93 95 95 171 107 81 3 105 105 107 143 103 135 60 96 125 69 89 141 74 88 85 46 140 61 96 86 127 94 87 0 112 87 96 150 97 
73 58 72 30 69 17 42 103 89 5 82 46 44 47 27 20 27 79 5 39 113 28 65 68 46 21 33 52 16 86 91 26 36 103 96 33 67 31 99 18 29 63 38 66 112 0 61 18 87 16 
47 91 32 41 112 77 90 46 76 62 104 104 101 91 34 62 70 141 56 68 90 79 18 112 108 40 63 54 49 132 109 60 68 121 35 64 63 72 45 59 37 40 23 5 87 61 0 59 63 48 
81 43 78 18 86 21 60 96 72 23 65 45 42 35 25 3 13 85 15 21 96 20 67 57 53 25 49 35 11 76 74 8 53 86 92 15 49 49 90 0 22 72 37 64 96 18 59 0 97 12 
16 139 31 88 92 104 85 96 138 84 158 132 131 132 75 101 110 156 84 115 153 114 45 154 126 71 60 111 86 173 165 103 62 177 74 110 123 72 100 97 82 26 65 63 150 87 63 97 0 85 
69 54 65 13 83 28 57 88 75 19 75 56 53 48 14 16 25 93 10 31 98 32 55 69 60 13 41 38 1 89 84 18 46 96 82 25 53 43 84 12 13 59 26 53 97 16 48 12 85 0 
0 0 0 687 0 0 3 18437 46 0 0 271 0 6 0 7834 0 10595 5859 0 876 91014 0 0 1087 4420 0 821 0 1 0 1 79593 7923 0 0 64 33718 250 52 1539 0 46 0 94051 0 0 66 5 18 
0 0 2 0 0 0 11 2 0 763 7 8378 35 42 79 2 0 0 2535 0 0 0 0 0 5 0 7 0 588 0 101 263 31 2 47866 1 5 3 30013 0 0 0 37 68 0 0 6 2 33 77555 
0 2 0 0 1438 0 32 26760 16 9 1 8971 0 0 0 25 0 0 11 0 0 22436 0 0 11547 13 44 3 1173 0 0 0 38 1027 0 0 27131 0 0 0 0 17419 433 19505 3550 0 4731 0 0 0 
687 0 0 0 0 0 15279 8222 1 603 98197 0 0 0 366 0 1683 0 0 0 0 1998 2860 13963 0 0 741 0 4 0 4 170 4437 0 4 40 661 0 16 1288 0 0 0 130 0 40608 14396 534 2572 0 
0 0 1438 0 0 0 0 0 2087 0 15289 2 49 0 82 0 0 11 22911 0 18 7 0 0 762 0 96 0 0 5795 0 0 0 0 53353 1 0 503 14 0 82 77 0 0 1290 0 0 473 0 6 
0 0 0 0 0 0 0 32 0 17 788 0 0 0 36802 1 23414 0 0 83427 673 53 0 1665 5471 19 11864 0 0 0 7 2 0 253 0 0 829 0 0 0 0 0 98886 18496 0 0 247 4144 0 1 
3 11 32 15279 0 0 0 0 0 1 1 0 8 0 321 5 539 0 0 60 0 11167 0 161 0 0 0 0 11 0 0 0 0 0 476 0 0 0 194 6279 69 81283 0 0 181 0 26 0 0 1056 
18437 2 26760 8222 0 32 0 0 0 2 0 0 279 0 4 2181 45 399 0 6273 108 44197 127 7576 389 96418 13 65 364 20371 23907 72 16265 0 0 95943 8 99024 0 0 1 57 0 0 1 0 4 0 172 859 
46 0 16 1 2087 0 0 0 0 47720 0 0 0 32 2 0 27315 816 4 15 56344 38 10234 0 0 87856 0 0 0 9140 0 7563 0 52 0 33353 4 0 0 33631 17 0 206 0 0 0 0 0 0 1215 
0 763 9 603 0 17 1 2 47720 0 0 13234 0 0 0 0 37 17 152 0 0 0 0 0 0 1214 0 1879 185 0 13796 11046 0 527 0 4 0 0 2526 75 17555 616 12 10 68 0 32346 0 0 0 
0 7 1 98197 15289 788 1 0 0 0 0 0 0 0 0 2869 1050 4594 0 242 0 0 0 0 0 1 10 48 11 1 0 0 87129 28 32 23521 0 0 2458 0 0 25428 216 0 3791 0 0 4990 0 11 
271 8378 8971 0 2 0 0 0 0 13234 0 0 0 15172 289 269 0 0 0 0 0 0 283 979 172 0 7 0 25 0 0 0 14 0 0 0 431 0 0 0 4 1 0 0 5 4 29192 0 70735 238 
0 35 0 0 49 0 8 279 0 0 0 0 0 0 679 281 397 165 13217 2000 0 23 0 3 255 0 38587 0 0 0 0 0 0 19987 0 10 13724 0 1 935 0 0 0 0 0 0 0 0 33 0 
6 42 0 0 0 0 0 0 32 0 0 15172 0 0 0 0 2 0 0 0 8 0 0 0 9 353 136 0 0 0 0 0 68009 0 1827 10 1 3340 0 0 1 0 0 0 2 69924 3 0 13220 60941 
0 79 0 366 82 36802 321 4 2 0 0 289 679 0 0 270 10 23 0 0 0 95354 874 0 0 120 0 12 0 590 0 192 89 57817 32 2896 0 0 3660 0 6077 35 0 0 0 71736 0 0 0 0 
7834 2 25 0 0 1 5 2181 0 0 2869 269 281 0 270 0 5821 0 0 0 36658 60 0 0 10517 0 14 0 0 0 8 0 0 110 0 0 0 31487 5 0 3 5726 0 0 3104 58 66603 0 0 0 
0 0 0 1683 0 23414 539 45 27315 37 1050 0 397 2 10 5821 0 35 0 47 0 0 0 0 90274 46095 67 3375 0 428 76 32437 0 0 5438 2788 2483 0 2251 2 228 26480 11 31 0 0 7 1055 0 0 
10595 0 0 0 11 0 0 399 816 17 4594 0 165 0 23 0 35 0 52 9 1 2405 0 320 23339 508 0 0 0 3 3 0 19842 0 0 1152 620 13543 0 2 0 0 0 0 39543 245 2 54 2 7787 
5859 2535 11 0 22911 0 0 0 4 152 0 0 13217 0 0 0 0 52 0 1 35510 33174 36295 154 5 0 0 1 0 0 222 30916 0 0 1273 141 0 0 0 0 0 57 398 1 0 57391 3120 23 1 0 
0 0 0 0 0 83427 60 6273 15 0 242 0 2000 0 0 0 47 9 1 0 0 0 0 378 21173 2778 0 6 0 7 41 89 4032 3 26400 11 0 2233 11256 2967 3 9440 592 151 144 41653 0 52 0 1 
876 0 0 0 18 673 0 108 56344 0 0 0 0 8 0 36658 0 1 35510 0 0 0 26420 0 27989 0 0 13 18205 0 69088 6891 10607 921 6707 0 2976 48787 14 0 0 36497 0 0 12461 2 0 0 0 0 
91014 0 22436 1998 7 53 11167 44197 38 0 0 0 23 0 95354 60 0 2405 33174 0 0 0 249 8 0 0 0 20315 0 6 0 3 0 6815 0 0 0 0 0 0 266 1 0 0 333 0 12 0 9 0 
0 0 0 2860 0 0 0 127 10234 0 0 283 0 0 874 0 0 0 36295 0 26420 249 0 1 13941 0 0 18204 0 2604 0 58 0 26608 29864 0 0 0 0 664 568 1 422 409 0 11844 0 0 307 6 
0 0 0 13963 0 1665 161 7576 0 0 0 979 3 0 0 0 0 320 154 378 0 8 1 0 0 0 1736 5 0 24 0 157 3313 0 332 0 2504 42250 17 0 94 0 177 68285 13450 696 2 5 30835 0 
1087 5 11547 0 762 5471 0 389 0 0 0 172 255 9 0 10517 90274 23339 5 21173 27989 0 13941 0 0 6770 520 0 0 1 0 0 0 0 9962 8223 21827 85351 1403 0 0 15 0 0 176 0 0 0 1760 0 
4420 0 13 0 0 19 0 96418 87856 1214 1 0 0 353 120 0 46095 508 0 2778 0 0 0 0 6770 0 0 137 47 0 1362 36916 0 122 8569 5 0 0 0 21218 36574 1262 0 0 0 39 1492 1 11157 18480 
0 7 44 741 96 11864 0 13 0 0 10 7 38587 136 0 14 67 0 0 0 0 0 0 1736 520 0 0 0 196 0 0 260 309 11510 752 0 2316 12 0 0 1391 0 0 52141 172 4 2602 617 191 43118 
821 0 3 0 0 0 0 65 0 1879 48 0 0 0 12 0 3375 0 1 6 13 20315 18204 5 0 137 0 0 0 43 0 0 0 16 0 0 0 0 4 0 0 4 8583 0 0 0 0 328 44 209 
0 588 1173 4 0 0 11 364 0 185 11 25 0 0 0 0 0 0 0 0 18205 0 0 0 0 47 196 0 0 0 0 0 272 3 4715 0 50 0 0 3118 44030 0 0 90 2 0 4406 0 0 4138 
1 0 0 0 5795 0 0 20371 9140 0 1 0 0 0 590 0 428 3 0 7 0 6 2604 24 1 0 0 43 0 0 0 0 0 0 0 0 1 0 0 1148 0 15523 0 0 0 5 0 66 239 0 
0 101 0 4 0 7 0 23907 0 13796 0 0 0 0 0 8 76 3 222 41 69088 0 0 0 0 1362 0 0 0 0 0 401 2254 2900 0 0 0 210 0 75637 0 0 0 177 0 0 0 0 12236 0 
1 263 0 170 0 2 0 72 7563 11046 0 0 0 0 192 0 32437 0 30916 89 6891 3 58 157 0 36916 260 0 0 0 401 0 0 0 0 0 39 3 0 67065 5463 0 2248 2 0 0 34872 510 41 0 
79593 31 38 4437 0 0 0 16265 0 0 87129 14 0 68009 89 0 0 19842 0 4032 10607 0 0 3313 0 0 309 0 272 0 2254 0 0 173 0 0 1 0 0 0 7828 393 0 40 0 0 62 0 5838 12872 
7923 2 1027 0 0 253 0 0 52 527 28 0 19987 0 57817 110 0 0 0 3 921 6815 26608 0 0 122 11510 16 3 0 2900 0 173 0 47157 8099 22 0 0 0 0 156 0 0 1826 0 731 0 368 7667 
0 47866 0 4 53353 0 476 0 0 0 32 0 0 1827 32 0 5438 0 1273 26400 6707 0 29864 332 9962 8569 752 0 4715 0 0 0 0 47157 0 2 335 26022 0 13400 0 3 0 0 0 20 0 0 6273 0 
0 1 0 40 1 0 0 95943 33353 4 23521 0 10 10 2896 0 2788 1152 141 11 0 0 0 0 8223 5 0 0 0 0 0 0 0 8099 2 0 39474 0 52 0 0 1935 13362 1004 32315 0 15546 18430 0 15926 
64 5 27131 661 0 829 0 8 4 0 0 431 13724 1 0 0 2483 620 0 0 2976 0 0 2504 21827 0 2316 0 50 1 0 39 1 22 335 39474 0 0 0 0 2753 0 8868 0 16720 529 1702 2149 0 6 
33718 3 0 0 503 0 0 99024 0 0 0 0 0 3340 0 31487 0 13543 0 2233 48787 0 0 42250 85351 0 12 0 0 0 210 3 0 0 26022 0 0 0 0 4 17311 385 18 0 0 0 0 0 4035 2542 
250 30013 0 16 14 0 194 0 0 2526 2458 0 1 0 3660 5 2251 0 0 11256 14 0 0 17 1403 0 0 4 0 0 0 0 0 0 0 52 0 0 0 0 58 0 767 562 0 8632 3 1 447 0 
52 0 0 1288 0 0 6279 0 33631 75 0 0 935 0 0 0 2 2 0 2967 0 0 664 0 0 21218 0 0 3118 1148 75637 67065 0 0 13400 0 0 4 0 0 0 6 0 0 15 0 2486 1614 0 0 
1539 0 0 0 82 0 69 1 17 17555 0 4 0 1 6077 3 228 0 0 3 0 266 568 94 0 36574 1391 0 44030 0 0 5463 7828 0 0 0 2753 17311 58 0 0 0 0 956 0 15325 0 1704 0 368 
0 0 17419 0 77 0 81283 57 0 616 25428 1 0 0 35 5726 26480 0 57 9440 36497 1 1 0 15 1262 0 4 0 15523 0 0 393 156 3 1935 0 385 0 6 0 0 0 6460 5337 0 0 0 78 0 
46 37 433 0 0 98886 0 0 206 12 216 0 0 0 0 0 11 0 398 592 0 0 422 177 0 0 0 8583 0 0 0 2248 0 0 0 13362 8868 18 767 0 0 0 0 9 0 0 1 0 83466 0 
0 68 19505 130 0 18496 0 0 0 10 0 0 0 0 0 0 31 0 1 151 0 0 409 68285 0 0 52141 0 90 0 177 2 40 0 0 1004 0 0 562 0 956 6460 9 0 0 58034 2 0 0 7 
94051 0 3550 0 1290 0 181 1 0 68 3791 5 0 2 0 3104 0 39543 0 144 12461 333 0 13450 176 0 172 0 2 0 0 0 0 1826 0 32315 16720 0 0 15 0 5337 0 0 0 1104 0 3 6 96 
0 0 0 40608 0 0 0 0 0 0 0 4 0 69924 71736 58 0 245 57391 41653 2 0 11844 696 0 39 4 0 0 5 0 0 0 0 20 0 529 0 8632 0 15325 0 0 58034 1104 0 4 0 0 0 
0 6 4731 14396 0 247 26 4 0 32346 0 29192 0 3 0 66603 7 2 3120 0 0 12 0 2 0 1492 2602 0 4406 0 0 34872 62 731 0 15546 1702 0 3 2486 0 0 1 2 0 4 0 53 122 18 
66 2 0 534 473 4144 0 0 0 0 4990 0 0 0 0 0 1055 54 23 52 0 0 0 5 0 1 617 328 0 66 0 510 0 0 0 18430 2149 0 1 1614 1704 0 0 0 3 0 53 0 2 0 
5 33 0 2572 0 0 0 172 0 0 0 70735 33 13220 0 0 0 2 1 0 0 9 307 30835 1760 11157 191 44 0 239 12236 41 5838 368 6273 0 0 4035 447 0 0 78 83466 0 6 0 122 2 0 0 
18 77555 0 0 6 1 1056 859 1215 0 11 238 0 60941 0 0 0 7787 0 1 0 0 6 0 0 18480 43118 209 4138 0 0 0 12872 7667 0 15926 6 2542 0 0 368 0 0 7 96 0 18 0 0 0 
0 91 32 0 9700 316 0 0 0 5978 31710 0 102 0 3 0 25699 0 0 26 0 0 11179 0 0 0 3 0 18 2 718 0 0 0 22 10932 0 0 0 0 0 26703 0 3725 0 685 240 0 0 0 
91 0 0 0 2 33 1 0 4745 0 0 0 0 0 0 0 1470 9 0 0 6425 3393 27 5 0 2 0 190 0 0 0 0 0 0 0 3 0 3 0 59 1 1627 0 0 5 758 0 0 0 0 
32 0 0 6 0 1 0 0 0 0 24 0 0 2108 128 0 4261 29 3 16 3 0 67133 231 0 0 0 0 0 2 966 6 0 0 0 2 0 1170 4 799 4301 0 0 0 0 30 0 41 6 115 
0 0 6 0 2039 0 0 0 0 0 0 3015 1563 6741 0 9292 0 5153 14 2 289 0 0 0 4530 7700 0 1 0 0 0 0 0 4946 0 0 0 3 0 0 30280 2 4561 0 53818 0 0 0 0 82345 
9700 2 0 2039 0 71 65004 43 0 1 0 0 0 34246 0 121 322 0 0 33303 0 5 57509 31 0 65 0 62918 45 0 1290 3 25 92655 0 0 458 0 0 10 0 0 56 12 0 918 67 0 2355 0 
316 33 1 0 71 0 16 0 89218 0 0 167 5 6 0 0 0 25474 26 0 0 0 10809 0 0 0 0 10 42699 2292 0 0 163 0 14 502 0 1772 3 25952 4 12 0 0 3 4 0 0 5126 8 
0 1 0 0 65004 16 0 5358 14157 0 0 21835 0 18 0 0 0 1534 39588 0 147 0 269 0 847 10 49 1 0 1092 3293 1687 31 1 0 71 77 24 0 0 0 0 86 35 0 414 0 1628 74 0 
0 0 0 0 43 0 5358 0 76 0 1497 3054 0 11573 0 0 0 0 22748 0 0 0 0 0 0 0 0 0 0 0 0 0 0 236 2539 0 0 0 708 2624 0 0 0 1307 1 16 3 0 0 0 
0 4745 0 0 0 89218 14157 76 0 0 6173 30923 35 0 7 78382 0 0 0 0 0 0 0 4 8 0 1609 11 63 0 33 0 2289 0 85959 0 0 0 834 0 0 560 0 120 44 64 56670 6 23719 0 
5978 0 0 0 1 0 0 0 0 0 79 0 2518 28585 1166 3054 0 0 0 83 11 8629 6 51457 3305 0 11456 0 0 51 0 0 0 0 4 0 39763 17383 0 0 0 0 0 0 0 3 0 363 809 92 
31710 0 24 0 0 0 0 1497 6173 79 0 19883 1508 2368 1415 0 0 0 9275 0 76 11581 139 308 21474 0 0 0 0 992 848 27144 0 0 0 0 28818 13572 0 696 11 0 0 172 0 361 50 0 27 0 
0 0 0 3015 0 167 21835 3054 30923 0 19883 0 6 0 0 0 14461 1067 50289 5 2412 25281 0 0 0 1 0 3 0 11907 2 268 0 0 25 723 0 399 4875 16 0 2 6305 18663 6 0 0 25 0 0 
102 0 0 1563 0 5 0 0 35 2518 1508 6 0 306 0 0 0 0 0 0 218 0 36 0 0 88466 0 6276 39939 1118 4141 338 134 0 7207 0 0 441 0 0 3156 259 8396 19890 282 39 9060 19 0 179 
0 0 2108 6741 34246 6 18 11573 0 28585 2368 0 306 0 67239 7157 11 3829 51 86313 0 4123 466 87 0 0 0 679 1089 805 51 6 0 51922 0 0 0 0 10 33551 0 6 36041 199 0 0 0 54 0 0 
3 0 128 0 0 0 0 0 7 1166 1415 0 0 67239 0 0 0 0 37 4 3951 0 0 1301 3 0 564 0 4 0 20 0 0 0 0 0 35 29 0 3210 0 0 370 6008 16 0 13 2992 2 227 
0 0 0 9292 121 0 0 0 78382 3054 0 0 0 7157 0 0 0 56 38490 2971 0 0 507 1180 0 2269 0 10 906 132 0 48697 519 0 12 189 53 0 0 1611 0 0 425 30991 0 0 0 0 2 23 
25699 1470 4261 0 322 0 0 0 0 0 0 14461 0 11 0 0 0 0 9 0 6 1357 64 42790 0 0 0 0 45 0 0 0 1242 23086 0 0 0 999 0 0 0 0 0 0 6 369 0 0 88778 28883 
0 9 29 5153 0 25474 1534 0 0 0 0 1067 0 3829 0 56 0 0 0 1 0 0 31563 0 0 0 4758 59 5751 0 0 89 0 70 51 0 0 0 67924 0 1906 0 5 122 0 0 0 0 0 0 
0 0 3 14 0 26 39588 22748 0 0 9275 50289 0 51 37 38490 9 0 0 1 0 0 0 0 0 2 1228 0 110 3 0 0 92377 10 0 0 63186 4389 476 2 13265 0 0 0 542 0 0 0 0 1 
26 0 16 2 33303 0 0 0 0 83 0 5 0 86313 4 2971 0 1 1 0 466 38563 0 0 0 0 31793 0 25163 0 0 0 0 0 0 0 87058 0 0 0 0 0 0 0 0 0 8 0 47190 0 
0 6425 3 289 0 0 147 0 0 11 76 2412 218 0 3951 0 6 0 0 466 0 484 0 12 0 2 232 0 0 1831 0 0 0 0 0 2351 0 0 0 156 85995 0 3 5657 0 0 23 68901 7 9061 
0 3393 0 0 5 0 0 0 0 8629 11581 25281 0 4123 0 0 1357 0 0 38563 484 0 0 0 55 6 1234 0 1 0 35916 0 6 0 72 66 10362 4972 5697 17 0 0 27476 3 0 1 0 9154 0 7717 
11179 27 67133 0 57509 10809 269 0 0 6 139 0 36 466 0 507 64 31563 0 0 0 0 0 0 0 41 27980 0 5 0 48 0 2984 0 0 2 5 51818 66 0 0 0 0 0 121 0 318 0 0 0 
0 5 231 0 31 0 0 0 4 51457 308 0 0 87 1301 1180 42790 0 0 0 12 0 0 0 6505 12476 0 0 10 0 68 0 0 1 0 4 0 0 0 1080 0 1198 0 0 0 0 1 0 0 199 
0 0 0 4530 0 0 847 0 8 3305 21474 0 0 0 3 0 0 0 0 0 0 55 0 6505 0 0 0 370 2 0 1007 1618 30790 4 0 0 0 0 0 41814 12357 0 68840 1818 0 3904 338 5711 0 26 
0 2 0 7700 65 0 10 0 0 0 0 1 88466 0 0 2269 0 0 2 0 2 6 41 12476 0 0 10376 0 1 5912 0 0 145 0 0 0 25 2 120 0 0 0 60 178 6456 0 0 2 0 0 
3 0 0 0 0 0 49 0 1609 11456 0 0 0 0 564 0 0 4758 1228 31793 232 1234 27980 0 0 10376 0 124 0 2332 13937 0 0 0 0 6 0 0 28 935 0 7530 11862 0 0 0 0 0 0 0 
0 190 0 1 62918 10 1 0 11 0 0 3 6276 679 0 10 0 59 0 0 0 0 0 0 370 0 124 0 1948 0 812 9 0 6 108 391 5551 9 0 50 0 0 0 185 1347 278 22 0 0 0 
18 0 0 0 45 42699 0 0 63 0 0 0 39939 1089 4 906 45 5751 110 25163 0 1 5 10 2 1 0 1948 0 1 54 2 1 0 0 56821 0 958 51 0 0 1928 35 0 0 15 0 5 0 0 
2 0 2 0 0 2292 1092 0 0 51 992 11907 1118 805 0 132 0 0 3 0 1831 0 0 0 0 5912 2332 0 1 0 12 86188 1393 42729 8691 5033 0 2740 4 0 131 0 53822 57 155 0 721 0 0 12270 
718 0 966 0 1290 0 3293 0 33 0 848 2 4141 51 20 0 0 0 0 0 0 35916 48 68 1007 0 13937 812 54 12 0 0 0 0 5 220 115 0 697 0 5 1138 3 0 26 131 553 109 0 5162 
0 0 6 0 3 0 1687 0 0 0 27144 268 338 6 0 48697 0 89 0 0 0 0 0 0 1618 0 0 9 2 86188 0 0 112 6571 1 6 0 0 4510 0 0 17460 0 0 53 2017 0 0 0 95940 
0 0 0 0 25 163 31 0 2289 0 0 0 134 0 0 519 1242 0 92377 0 0 6 2984 0 30790 145 0 0 1 1393 0 112 0 0 623 885 9 175 5512 1 0 0 144 0 13177 79 0 0 0 0 
0 0 0 4946 92655 0 1 236 0 0 0 0 0 51922 0 0 23086 70 10 0 0 0 0 1 4 0 0 6 0 42729 0 6571 0 0 0 0 0 1 3730 26 45 0 1014 91756 0 14127 0 41 0 0 
22 0 0 0 0 14 0 2539 85959 4 0 25 7207 0 0 12 0 51 0 0 0 72 0 0 0 0 0 108 0 8691 5 1 623 0 0 0 0 0 5824 0 1244 0 1636 3246 114 0 1374 5 0 1 
10932 3 2 0 0 502 71 0 0 0 0 723 0 0 0 189 0 0 0 0 2351 66 2 4 0 0 6 391 56821 5033 220 6 885 0 0 0 0 142 0 38 1267 0 0 0 0 28385 0 0 51 0 
0 0 0 0 458 0 77 0 0 39763 28818 0 0 0 35 53 0 0 63186 87058 0 10362 5 0 0 25 0 5551 0 0 115 0 9 0 0 0 0 2956 336 266 0 11 0 49 0 0 0 0 15083 0 
0 3 1170 3 0 1772 24 0 0 17383 13572 399 441 0 29 0 999 0 4389 0 0 4972 51818 0 0 2 0 9 958 2740 0 0 175 1 0 142 2956 0 3 0 0 0 0 36 44487 5572 3983 32 0 0 
0 0 4 0 0 3 0 708 834 0 0 4875 0 10 0 0 0 67924 476 0 0 5697 66 0 0 120 28 0 51 4 697 4510 5512 3730 5824 0 336 3 0 3 0 23179 0 0 433 0 0 0 0 6572 
0 59 799 0 10 25952 0 2624 0 0 696 16 0 33551 3210 1611 0 0 2 0 156 17 0 1080 41814 0 935 50 0 0 0 0 1 26 0 38 266 0 3 0 24 0 524 44930 0 3371 0 0 36535 327 
0 1 4301 30280 0 4 0 0 0 0 11 0 3156 0 0 0 0 1906 13265 0 85995 0 0 0 12357 0 0 0 0 131 5 0 0 45 1244 1267 0 0 0 24 0 11886 1006 0 621 0 16 0 2 0 
26703 1627 0 2 0 12 0 0 560 0 0 2 259 6 0 0 0 0 0 0 0 0 0 1198 0 0 7530 0 1928 0 1138 17460 0 0 0 0 11 0 23179 0 11886 0 37 0 0 80641 7 12021 0 30 
0 0 0 4561 56 0 86 0 0 0 0 6305 8396 36041 370 425 0 5 0 0 3 27476 0 0 68840 60 11862 0 35 53822 3 0 144 1014 1636 0 0 0 0 524 1006 37 0 2 3 17 0 52 0 125 
3725 0 0 0 12 0 35 1307 120 0 172 18663 19890 199 6008 30991 0 122 0 0 5657 3 0 0 1818 178 0 185 0 57 0 0 0 91756 3246 0 49 36 0 44930 0 0 2 0 93 0 0 31648 0 0 
0 5 0 53818 0 3 0 1 44 0 0 6 282 0 16 0 6 0 542 0 0 0 121 0 0 6456 0 1347 0 155 26 53 13177 0 114 0 0 44487 433 0 621 0 3 93 0 0 251 0 0 0 
685 758 30 0 918 4 414 16 64 3 361 0 39 0 0 0 369 0 0 0 0 1 0 0 3904 0 0 278 15 0 131 2017 79 14127 0 28385 0 5572 0 3371 0 80641 17 0 0 0 0 8 29704 8 
240 0 0 0 67 0 0 3 56670 0 50 0 9060 0 13 0 0 0 0 8 23 0 318 1 338 0 0 22 0 721 553 0 0 0 1374 0 0 3983 0 0 16 7 0 0 251 0 0 0 0 0 
0 0 41 0 0 0 1628 0 6 363 0 25 19 54 2992 0 0 0 0 0 68901 9154 0 0 5711 2 0 0 5 0 109 0 0 41 5 0 0 32 0 0 0 12021 52 31648 0 8 0 0 0 2377 
0 0 6 0 2355 5126 74 0 23719 809 27 0 0 0 2 2 88778 0 0 47190 7 0 0 0 0 0 0 0 0 0 0 0 0 0 0 51 15083 0 0 36535 2 0 0 0 0 29704 0 0 0 1618 
0 0 115 82345 0 8 0 0 0 92 0 0 179 0 227 23 28883 0 1 0 9061 7717 0 199 26 0 0 0 0 12270 5162 95940 0 0 1 0 0 0 6572 327 0 30 125 0 0 8 0 2377 1618 0 
0 122 65 0 3 373 0 0 0 132 14135 0 55119 13 4401 0 192 0 0 771 0 0 1094 0 0 0 303 0 2 0 0 0 0 0 4 2 0 0 0 0 0 418 0 10 0 80370 1448 0 0 0 
122 0 0 20 65612 5960 0 0 27 1 0 0 0 0 0 0 15476 6 0 3 38 83260 17 211 0 11 0 333 0 2 0 0 0 0 0 8 0 0 0 74 1 25 0 0 2 7380 0 1 0 0 
65 0 0 2620 0 5983 0 0 0 0 0 0 8 11 12 0 69308 10531 0 105 40 0 183 7344 0 0 0 0 0 91011 9682 18 0 0 14949 1 0 12 3875 43263 991 0 0 0 0 6 0 6078 656 47 
0 20 2620 0 2551 1 0 0 0 0 0 3257 4 21 0 23 0 1 1 7903 33 0 0 0 29 101 0 1 1 0 0 0 0 31923 0 0 0 175 0 0 63 0 11787 0 592 0 0 0 0 63596 
3 65612 0 2551 0 12 12 23 0 5135 0 0 0 7 0 20165 89684 0 0 8188 0 0 203 862 0 27074 0 66730 15 0 1571 4 6 13444 0 32 1 0 0 5 0 0 32897 106 0 2985 19232 0 1844 0 
373 5960 5983 1 12 0 47 0 1093 0 0 8019 802 1408 0 0 0 5 0 0 0 0 16 0 0 0 0 0 165 47779 0 1 10 0 46 51 0 1 1184 746 2993 156 0 0 1 2 0 0 173 0 
0 0 0 0 12 47 0 253 4 0 0 1 0 41700 0 0 0 1 6 0 8796 0 59 0 7714 1717 1211 57 0 0 0 1609 18251 1 0 476 68308 6 0 0 0 0 7 2534 0 26 0 1025 37 0 
0 0 0 0 23 0 253 0 934 0 10 1688 0 7572 0 0 0 0 12953 0 0 0 0 0 0 0 0 0 0 0 0 0 0 12 48320 0 0 0 3 1132 0 0 376 9671 0 0 0 2 0 0 
0 27 0 0 0 1093 4 934 0 0 862 4233 51 0 0 1681 0 0 0 0 0 0 0 40 18 0 139 0 318 0 33 0 39440 0 854 0 0 8 7755 0 3 22 0 3 194 20907 9232 356 304 0 
132 1 0 0 5135 0 0 0 0 0 635 0 0 2 1501 86719 0 0 0 11 1133 83 25 24313 817 0 1 0 0 1281 0 0 2 0 46791 0 263 6 0 0 0 0 0 0 0 8 0 4012 6297 16 
14135 0 0 0 0 0 0 10 862 635 0 16910 3084 5149 4 0 0 0 20 0 7 14 309 397 18741 4 0 0 0 0 87997 26 0 0 0 0 292 22481 0 5103 46 0 0 843 0 648 1 0 1 0 
0 0 0 3257 0 8019 1 1688 4233 0 16910 0 3 0 0 0 114 28297 1061 4 337 764 0 0 0 280 0 74368 0 155 34 0 0 14 1 19742 0 5 72996 0 0 0 26282 13372 0 0 0 81839 0 0 
55119 0 8 4 0 802 0 0 51 0 3084 3 0 62 0 0 0 0 0 0 5 0 4 0 0 74 0 592 0 498 2 1 802 0 2 2 0 57252 2 0 73902 641 2602 25255 144 0 5667 4258 0 2 
13 0 11 21 7 1408 41700 7572 0 2 5149 0 62 0 26676 1 0 3204 202 24093 0 19 5665 778 10 0 0 653 99 860 1 0 0 109 0 0 0 0 175 4 51 2187 19598 667 1 0 7 8 0 0 
4401 0 12 0 0 0 0 0 0 1501 4 0 0 26676 0 0 0 0 589 0 4820 0 0 419 5496 0 661 0 40483 0 2 0 0 0 0 0 1 35422 0 2026 2 1 31118 16543 107 0 4150 43 10383 1932 
0 0 0 23 20165 0 0 0 1681 86719 0 0 0 1 0 0 0 1183 5083 45 0 0 1619 80 0 16 0 0 330 168 0 30049 812 0 3088 42 153 0 0 1510 0 0 78284 10 0 0 0 150 0 1699 
192 15476 69308 0 89684 0 0 0 0 0 0 114 0 0 0 0 0 0 0 0 126 91956 22 1 0 0 0 0 11 0 0 0 4552 2 0 0 0 1283 0 0 0 0 0 0 6464 55968 0 0 783 6713 
0 6 10531 1 0 5 1 0 0 0 0 28297 0 3204 0 1183 0 0 0 1 1 0 110 0 0 0 26 38 2236 1 0 6 0 31110 665 0 0 0 0 0 95 17779 90964 4736 0 0 8 0 0 0 
0 0 0 1 0 0 6 12953 0 0 20 1061 0 202 589 5083 0 0 0 0 0 0 0 0 0 5 1066 2 328 0 0 0 9671 3 0 0 1857 16089 92590 307 3 0 0 0 61854 0 0 0 0 7012 
771 3 105 7903 8188 0 0 0 0 11 0 4 0 24093 0 45 0 1 0 0 9577 99115 115 0 0 0 22 0 23 0 0 0 0 0 0 0 354 0 0 0 0 0 0 0 0 0 584 0 8 0 
0 38 40 33 0 0 8796 0 0 1133 7 337 5 0 4820 0 126 1 0 9577 0 31 0 264 0 354 62 0 0 98 0 0 0 0 0 1041 0 0 0 3 24447 0 6 6951 0 0 20391 34631 17177 1747 
0 83260 0 0 0 0 0 0 0 83 14 764 0 19 0 0 91956 0 0 99115 31 0 0 0 99 4148 4 0 131 0 2184 0 949 0 1 5560 92900 146 13996 1149 0 0 165 33968 0 15 0 48876 0 120 
1094 17 183 0 203 16 59 0 0 25 309 0 4 5665 0 1619 22 110 0 115 0 0 0 0 0 72 391 0 223 0 3 0 68450 0 0 6561 0 30594 1 0 0 0 0 0 811 0 1 61048 0 0 
0 211 7344 0 862 0 0 0 40 24313 397 0 0 778 419 80 1 0 0 0 264 0 0 0 469 1080 0 0 106 0 531 0 0 262 0 1 0 0 0 99 0 41685 0 0 0 0 0 0 0 8 
0 0 0 29 0 0 7714 0 18 817 18741 0 0 10 5496 0 0 0 0 0 0 99 0 469 0 0 0 10614 2190 0 7363 2 5 1637 0 0 0 0 0 2025 4 27 1 965 0 87 4 44 0 16 
0 11 0 101 27074 0 1717 0 0 0 4 280 74 0 0 16 0 0 5 0 354 4148 72 1080 0 0 3 0 0 1 0 0 3 0 0 0 13 53 7 0 0 0 7790 1 331 0 0 0 0 0 
303 0 0 0 0 0 1211 0 139 1 0 0 0 0 661 0 0 26 1066 22 62 4 391 0 0 3 0 78 0 94 132 0 0 0 0 78 0 0 42224 2246 0 8286 1430 0 0 0 0 0 0 0 
0 333 0 1 66730 0 57 0 0 0 0 74368 592 653 0 0 0 38 2 0 0 0 0 0 10614 0 78 0 7 0 1763 24 7 0 2 2178 17 197 0 1817 5118 0 0 198 14366 1 436 0 0 0 
2 0 0 1 15 165 0 0 318 0 0 0 0 99 40483 330 11 2236 328 23 0 131 223 106 2190 0 0 7 0 3 974 37 0 0 0 11326 0 513 134 0 0 31 40576 0 0 3522 0 5147 385 0 
0 2 91011 0 0 47779 0 0 0 1281 0 155 498 860 0 168 0 1 0 0 98 0 0 0 0 1 94 0 3 0 3 16591 210 112 12486 40469 0 17 35 0 442 0 1 68 31234 0 8578 0 0 25830 
0 0 9682 0 1571 0 0 0 33 0 87997 34 2 1 2 0 0 0 0 0 0 2184 3 531 7363 0 132 1763 974 3 0 0 0 0 13 1013 11595 0 568 0 13613 146 2 0 40 0 5 210 0 14725 
0 0 18 0 4 1 1609 0 0 0 26 0 1 0 0 30049 0 6 0 0 0 0 0 0 2 0 0 24 37 16591 0 0 2577 15250 1670 7365 0 0 90 0 0 156 0 0 4 9444 0 0 0 73 
0 0 0 0 6 10 18251 0 39440 2 0 0 802 0 0 812 4552 0 9671 0 0 949 68450 0 5 3 0 7 0 210 0 2577 0 0 3 3 0 17 708 1 0 0 2631 0 2229 1399 0 44240 0 0 
0 0 0 31923 13444 0 1 12 0 0 0 14 0 109 0 0 2 31110 3 0 0 0 0 262 1637 0 0 0 0 112 0 15250 0 0 0 0 0 26969 2 20463 63342 0 1770 11913 0 18210 0 0 0 0 
4 0 14949 0 0 46 0 48320 854 46791 0 1 2 0 0 3088 0 665 0 0 0 1 0 0 0 0 0 2 0 12486 13 1670 3 0 0 0 0 0 1 0 5 0 424 5 1 0 0 26 0 19 
2 8 1 0 32 51 476 0 0 0 0 19742 2 0 0 42 0 0 0 0 1041 5560 6561 1 0 0 78 2178 11326 40469 1013 7365 3 0 0 0 0 832 0 3726 74 0 0 0 0 1773 0 0 686 0 
0 0 0 0 1 0 68308 0 0 263 292 0 0 0 1 153 0 0 1857 354 0 92900 0 0 0 13 0 17 0 0 11595 0 0 0 0 0 0 1265 787 534 0 4168 0 1147 0 0 0 0 2635 0 
0 0 12 175 0 1 6 0 8 6 22481 5 57252 0 35422 0 1283 0 16089 0 0 146 30594 0 0 53 0 197 513 17 0 0 17 26969 0 832 1265 0 9 0 0 0 0 1 59649 4089 459 53559 0 0 
0 0 3875 0 0 1184 0 3 7755 0 0 72996 2 175 0 0 0 0 92590 0 0 13996 1 0 0 7 42224 0 134 35 568 90 708 2 1 0 787 9 0 56565 0 138 0 0 9590 0 0 197 0 0 
0 74 43263 0 5 746 0 1132 0 0 5103 0 0 4 2026 1510 0 0 307 0 3 1149 0 99 2025 0 2246 1817 0 0 0 0 1 20463 0 3726 534 0 56565 0 68 0 0 0 0 62 0 0 1817 1 
0 1 991 63 0 2993 0 0 3 0 46 0 73902 51 2 0 0 95 3 0 24447 0 0 0 4 0 0 5118 0 442 13613 0 0 63342 5 74 0 0 0 68 0 1 6226 0 1 0 17 0 3 0 
418 25 0 0 0 156 0 0 22 0 0 0 641 2187 1 0 0 17779 0 0 0 0 0 41685 27 0 8286 0 31 0 146 156 0 0 0 0 4168 0 138 0 1 0 3 0 0 78704 2061 6283 0 7 
0 0 0 11787 32897 0 7 376 0 0 0 26282 2602 19598 31118 78284 0 90964 0 0 6 165 0 0 1 7790 1430 0 40576 1 2 0 2631 1770 424 0 0 0 0 0 6226 3 0 0 1734 0 11 6095 0 2 
10 0 0 0 106 0 2534 9671 3 0 843 13372 25255 667 16543 10 0 4736 0 0 6951 33968 0 0 965 1 0 198 0 68 0 0 0 11913 5 0 1147 1 0 0 0 0 0 0 655 0 0 67839 1353 0 
0 2 0 592 0 1 0 0 194 0 0 0 144 1 107 0 6464 0 61854 0 0 0 811 0 0 331 0 14366 0 31234 40 4 2229 0 1 0 0 59649 9590 0 1 0 1734 655 0 0 0 0 0 0 
80370 7380 6 0 2985 2 26 0 20907 8 648 0 0 0 0 0 55968 0 0 0 0 15 0 0 87 0 0 1 3522 0 0 9444 1399 18210 0 1773 0 4089 0 62 0 78704 0 0 0 0 0 58113 84997 7428 
1448 0 0 0 19232 0 0 0 9232 0 1 0 5667 7 4150 0 0 8 0 584 20391 0 1 0 4 0 0 436 0 8578 5 0 0 0 0 0 0 459 0 0 17 2061 11 0 0 0 0 0 0 0 
0 1 6078 0 0 0 1025 2 356 4012 0 81839 4258 8 43 150 0 0 0 0 34631 48876 61048 0 44 0 0 0 5147 0 210 0 44240 0 26 0 0 53559 197 0 0 6283 6095 67839 0 58113 0 0 0 14 
0 0 656 0 1844 173 37 0 304 6297 1 0 0 0 10383 0 783 0 0 8 17177 0 0 0 0 0 0 0 385 0 0 0 0 0 0 686 2635 0 0 1817 3 0 0 1353 0 84997 0 0 0 7230 
0 0 47 63596 0 0 0 0 0 16 0 0 2 0 1932 1699 6713 0 7012 0 1747 120 0 8 16 0 0 0 0 25830 14725 73 0 0 19 0 0 0 0 1 0 7 2 0 0 7428 0 14 7230 0 
