20 2
0 59 64 103 62 95 95 48 90 88 90 112 64 139 74 53 26 148 87 89 
59 0 70 49 40 62 36 46 31 30 43 69 27 80 26 37 59 91 39 30 
64 70 0 118 33 51 89 98 88 95 64 73 48 126 97 33 87 124 64 86 
103 49 118 0 85 94 38 68 34 23 68 88 69 56 28 85 93 77 65 36 
62 40 33 85 0 33 56 78 55 62 34 51 15 94 66 8 77 96 33 53 
95 62 51 94 33 0 57 107 59 71 25 22 37 82 84 42 110 75 28 57 
95 36 89 38 56 57 0 77 6 17 31 50 41 44 39 58 95 55 29 6 
48 46 98 68 78 107 77 0 71 63 90 115 69 117 41 71 27 133 86 71 
90 31 88 34 55 59 6 71 0 12 34 55 39 49 33 57 89 61 31 2 
88 30 95 23 62 71 17 63 12 0 46 67 46 53 23 63 84 69 43 14 
90 43 64 68 34 25 31 90 34 46 0 25 25 61 61 41 99 61 3 32 
112 69 73 88 51 22 50 115 55 67 25 0 49 63 86 60 123 54 29 53 
64 27 48 69 15 37 41 69 39 46 25 49 0 81 52 17 74 86 23 37 
139 80 126 56 94 82 44 117 49 53 61 63 81 0 75 99 137 23 62 50 
74 26 97 28 66 84 39 41 33 23 61 86 52 75 0 64 65 92 58 34 
53 37 33 85 8 42 58 71 57 63 41 60 17 99 64 0 69 102 39 55 
26 59 87 93 77 110 95 27 89 84 99 123 74 137 65 69 0 150 95 88 
148 91 124 77 96 75 55 133 61 69 61 54 86 23 92 102 150 0 63 62 
87 39 64 65 33 28 29 86 31 43 3 29 23 62 58 39 95 63 0 29 
89 30 86 36 53 57 6 71 2 14 32 53 37 50 34 55 88 62 29 0 
0 4415 0 0 1082 13697 0 64 232 2 4 0 0 554 0 0 0 0 0 0 
4415 0 1899 0 0 0 0 0 14 0 0 1040 3370 24931 14 37760 0 12833 7 0 
0 1899 0 110 2 51486 0 28 1230 0 3 4194 9 0 7399 71 0 0 449 0 
0 0 110 0 0 11 128 0 0 4446 0 0 1465 6 0 0 0 0 1 0 
1082 0 2 0 0 0 523 7 0 1718 40 133 2010 0 0 0 1128 8497 2522 392 
13697 0 51486 11 0 0 303 0 0 0 0 0 0 4 0 2 39580 0 1260 106 
0 0 0 128 523 303 0 0 23624 109 1222 0 0 285 0 0 0 1861 0 0 
64 0 28 0 7 0 0 0 0 0 5365 711 0 1075 2 22 0 68 0 0 
232 14 1230 0 0 0 23624 0 0 27 64894 1100 92 325 2 0 0 3 0 1 
2 0 0 4446 1718 0 109 0 27 0 23973 0 0 10831 83 0 82 0 0 210 
4 0 3 0 40 0 1222 5365 64894 23973 0 49 0 63 0 0 0 9326 0 498 
0 1040 4194 0 133 0 0 711 1100 0 49 0 0 0 1 0 2 2301 0 801 
0 3370 9 1465 2010 0 0 0 92 0 0 0 0 2599 0 0 4 53068 0 0 
554 24931 0 6 0 4 285 1075 325 10831 63 0 2599 0 0 67 43 146 0 6846 
0 14 7399 0 0 0 0 2 2 83 0 1 0 0 0 0 28036 9784 0 0 
0 37760 71 0 0 2 0 22 0 0 0 0 0 67 0 0 150 0 1 0 
0 0 0 0 1128 39580 0 0 0 82 0 2 4 43 28036 150 0 1 1297 0 
0 12833 0 0 8497 0 1861 68 3 0 9326 2301 53068 146 9784 0 1 0 15 49964 
0 7 449 1 2522 1260 0 0 0 0 0 0 0 0 0 1 1297 15 0 0 
0 0 0 0 392 106 0 0 1 210 498 801 0 6846 0 0 0 49964 0 0 
0 0 23657 5 0 0 23410 0 0 0 0 950 0 0 0 42764 7 3 1012 30477 
0 0 0 7776 58388 3 2725 0 0 21 0 0 0 0 0 0 64 73 46 0 
23657 0 0 43 0 0 1081 264 0 31 0 46078 0 852 1 17 2 1067 0 39512 
5 7776 43 0 12800 166 0 18 57919 0 0 3 17310 0 20 12049 0 5 0 9280 
0 58388 0 12800 0 19 0 3 0 2349 35024 0 0 0 121 36 0 71 0 0 
0 3 0 166 19 0 50762 7 161 15 4935 36 0 0 7498 23 13 3609 0 0 
23410 2725 1081 0 0 50762 0 19 0 0 0 6136 0 13526 195 1 3 1 8694 0 
0 0 264 18 3 7 19 0 1 2802 0 0 45197 0 41 0 92577 0 2 18 
0 0 0 57919 0 161 0 1 0 0 1845 0 0 0 0 21 1320 0 9 0 
0 21 31 0 2349 15 0 2802 0 0 0 152 34617 0 0 0 51760 460 0 0 
0 0 0 0 35024 4935 0 0 1845 0 0 2428 1886 0 11389 4397 0 0 112 0 
950 0 46078 3 0 36 6136 0 0 152 2428 0 34428 8 1 80650 0 0 0 8 
0 0 0 17310 0 0 0 45197 0 34617 1886 34428 0 0 2456 2 0 0 0 38 
0 0 852 0 0 0 13526 0 0 0 0 8 0 0 7934 0 0 0 3226 0 
0 0 1 20 121 7498 195 41 0 0 11389 1 2456 7934 0 67 0 0 1 29185 
42764 0 17 12049 36 23 1 0 21 0 4397 80650 2 0 67 0 206 13825 0 0 
7 64 2 0 0 13 3 92577 1320 51760 0 0 0 0 0 206 0 0 0 948 
3 73 1067 5 71 3609 1 0 0 460 0 0 0 0 0 13825 0 0 0 0 
1012 46 0 0 0 0 8694 2 9 0 112 0 0 3226 1 0 0 0 0 2 
30477 0 39512 9280 0 0 0 18 0 0 0 8 38 0 29185 0 948 0 2 0 
