10 3
0 46 118 40 96 98 46 64 2 33 
46 0 88 10 53 127 3 66 48 60 
118 88 0 85 53 137 85 71 120 144 
40 10 85 0 56 117 8 56 42 59 
96 53 53 56 0 154 51 82 98 112 
98 127 137 117 154 0 125 72 99 127 
46 3 85 8 51 125 0 63 48 61 
64 66 71 56 82 72 63 0 66 97 
2 48 120 42 98 99 48 66 0 32 
33 60 144 59 112 127 61 97 32 0 
0 2 8830 0 118 132 4 94 0 0 
2 0 39921 3 116 21 0 7027 0 0 
8830 39921 0 325 58 0 6414 0 3 0 
0 3 325 0 0 19 0 10 0 0 
118 116 58 0 0 0 1 10 0 8 
132 21 0 19 0 0 71817 0 3716 86 
4 0 6414 0 1 71817 0 0 3 0 
94 7027 0 10 10 0 0 0 36 1882 
0 0 3 0 0 3716 3 36 0 0 
0 0 0 0 8 86 0 1882 0 0 
0 0 0 0 0 0 0 0 15148 2 
0 0 0 1 0 0 61 0 2213 9503 
0 0 0 0 0 13 0 76657 0 22773 
0 1 0 0 29 0 41815 0 4110 71122 
0 0 0 29 0 22 0 1 2597 0 
0 0 13 0 22 0 0 68387 0 0 
0 61 0 41815 0 0 0 4891 0 169 
0 0 76657 0 1 68387 4891 0 0 0 
15148 2213 0 4110 2597 0 0 0 0 26949 
2 9503 22773 71122 0 0 169 0 26949 0 
0 0 0 1 0 0 0 0 22174 965 
0 0 0 0 0 0 0 0 5979 30448 
0 0 0 0 0 5013 0 2833 0 1026 
1 0 0 0 45173 0 34381 0 125 22272 
0 0 0 45173 0 672 8 0 13 0 
0 0 5013 0 672 0 0 7 0 0 
0 0 0 34381 8 0 0 245 0 25 
0 0 2833 0 0 7 245 0 0 0 
22174 5979 0 125 13 0 0 0 0 82 
965 30448 1026 22272 0 0 25 0 82 0 
