9 2
0 123 17 72 89 90 77 84 122 
123 0 116 51 121 48 96 115 59 
17 116 0 64 101 90 86 66 108 
72 51 64 0 97 39 71 77 62 
89 121 101 97 0 73 26 158 158 
90 48 90 39 73 0 47 116 91 
77 96 86 71 26 47 0 136 132 
84 115 66 77 158 116 136 0 73 
122 59 108 62 158 91 132 73 0 
0 0 0 44964 0 16 0 0 0 
0 0 0 16353 0 0 0 28 2318 
0 0 0 8 0 0 0 0 10 
44964 16353 8 0 41 652 10 0 0 
0 0 0 41 0 195 0 0 0 
16 0 0 652 195 0 14 0 0 
0 0 0 10 0 14 0 0 0 
0 28 0 0 0 0 0 0 0 
0 2318 10 0 0 0 0 0 0 
0 3 65 0 2301 0 23307 0 93049 
3 0 244 0 4766 1 1177 0 0 
65 244 0 0 27 1 66562 0 0 
0 0 0 0 0 0 0 25301 722 
2301 4766 27 0 0 0 2013 19 2463 
0 1 1 0 0 0 3 2303 47215 
23307 1177 66562 0 2013 3 0 66 14 
0 0 0 25301 19 2303 66 0 1 
93049 0 0 722 2463 47215 14 1 0 
