6 2
0 59 64 103 62 95 
59 0 70 49 40 62 
64 70 0 118 33 51 
103 49 118 0 85 94 
62 40 33 85 0 33 
95 62 51 94 33 0 
0 0 0 228 59142 0 
0 0 7 0 0 0 
0 7 0 0 0 0 
228 0 0 0 25 150 
59142 0 0 25 0 0 
0 0 0 150 0 0 
0 1 491 0 0 21 
1 0 0 70762 1 284 
491 0 0 50 2576 930 
0 70762 50 0 0 0 
0 1 2576 0 0 26058 
21 284 930 0 26058 0 
