30 4
0 46 118 40 96 98 46 64 2 33 36 47 55 9 108 78 35 54 61 95 45 105 61 79 70 72 108 28 39 45 
46 0 88 10 53 127 3 66 48 60 37 19 78 48 107 43 36 50 104 90 43 84 63 35 92 25 124 21 29 63 
118 88 0 85 53 137 85 71 120 144 83 106 102 125 70 117 84 138 148 59 75 25 72 92 105 80 111 92 78 92 
40 10 85 0 56 117 8 56 42 59 26 26 68 43 98 54 26 55 95 82 33 79 53 44 82 34 114 12 19 52 
96 53 53 56 0 154 51 82 98 112 71 66 108 100 106 67 71 96 146 90 69 65 81 42 118 33 138 68 62 93 
98 127 137 117 154 0 125 72 99 127 90 138 49 106 75 170 91 153 52 79 87 112 73 161 36 148 37 107 99 64 
46 3 85 8 51 125 0 63 48 61 34 22 76 49 104 46 34 53 103 87 40 81 60 36 90 26 122 20 27 60 
64 66 71 56 82 72 63 0 66 97 32 83 30 73 44 110 33 107 76 31 23 50 3 95 36 81 59 52 37 22 
2 48 120 42 98 99 48 66 0 32 38 48 56 7 110 78 37 54 61 97 47 107 63 81 71 74 110 30 42 47 
33 60 144 59 112 127 61 97 32 0 67 48 88 24 142 71 66 34 83 128 77 134 94 83 103 82 141 52 68 79 
36 37 83 26 71 90 34 32 38 67 0 51 41 44 77 80 1 75 74 61 10 68 29 70 55 58 88 20 9 26 
47 19 106 26 66 138 22 83 48 48 51 0 90 45 125 31 50 31 108 109 59 103 80 35 105 34 140 31 46 76 
55 78 102 68 108 49 76 30 56 88 41 90 0 63 62 121 41 107 46 54 39 80 29 112 15 99 53 58 50 15 
9 48 125 43 100 106 49 73 7 24 44 45 63 0 117 75 43 47 66 104 53 112 70 79 79 73 117 33 47 54 
108 107 70 98 106 75 104 44 110 142 77 125 62 117 0 149 78 152 105 17 67 45 48 131 55 116 42 96 80 64 
78 43 117 54 67 170 46 110 78 71 80 31 121 75 149 0 80 40 140 132 87 120 107 25 135 36 168 62 73 106 
35 36 84 26 71 91 34 33 37 66 1 50 41 43 78 80 0 74 74 62 11 69 30 70 55 58 89 19 9 26 
54 50 138 55 96 153 53 107 54 34 75 31 107 47 152 40 74 0 113 136 84 134 104 59 123 63 160 55 72 95 
61 104 148 95 146 52 103 76 61 83 74 108 46 66 105 140 74 113 0 100 77 126 75 139 50 129 81 83 83 56 
95 90 59 82 90 79 87 31 97 128 61 109 54 104 17 132 62 136 100 0 52 34 34 114 51 99 52 81 64 52 
45 43 75 33 69 87 40 23 47 77 10 59 39 53 67 87 11 84 77 52 0 59 20 74 51 61 81 29 13 24 
105 84 25 79 65 112 81 50 107 134 68 103 80 112 45 120 69 134 126 34 59 0 51 98 81 84 86 82 66 72 
61 63 72 53 81 73 60 3 63 94 29 80 29 70 48 107 30 104 75 34 20 51 0 93 37 79 61 49 34 20 
79 35 92 44 42 161 36 95 81 83 70 35 112 79 131 25 70 59 139 114 74 98 93 0 125 14 155 56 62 96 
70 92 105 82 118 36 90 36 71 103 55 105 15 79 55 135 55 123 50 51 51 81 37 125 0 112 38 73 63 29 
72 25 80 34 33 148 26 81 74 82 58 34 99 73 116 36 58 63 129 99 61 84 79 14 112 0 140 46 49 83 
108 124 111 114 138 37 122 59 110 141 88 140 53 117 42 168 89 160 81 52 81 86 61 155 38 140 0 108 95 65 
28 21 92 12 68 107 20 52 30 52 20 31 58 33 96 62 19 55 83 81 29 82 49 56 73 46 108 0 17 44 
39 29 78 19 62 99 27 37 42 68 9 46 50 47 80 73 9 72 83 64 13 66 34 62 63 49 95 17 0 34 
45 63 92 52 93 64 60 22 47 79 26 76 15 54 64 106 26 95 56 52 24 72 20 96 29 83 65 44 34 0 
0 0 0 0 16311 151 49 98508 4 88 0 1 0 0 0 0 7712 0 30 10 592 0 0 0 30 5 6 35627 4729 2481 
0 0 0 0 0 56 0 0 0 0 3 108 12030 74794 16604 0 28 4317 1 770 6659 18 0 0 6 49 0 0 172 0 
0 0 0 16819 152 20392 0 8 192 0 0 109 1 8263 0 0 0 0 0 0 0 0 0 4 49232 2493 49891 0 20195 0 
0 0 16819 0 0 10 3 6 8 1 204 0 48 0 1163 0 14566 0 0 164 5 222 166 29 92 293 0 28750 72 0 
16311 0 152 0 0 0 0 34 0 0 18 0 0 0 183 6876 0 0 0 1 16797 0 0 0 0 151 0 0 0 0 
151 56 20392 10 0 0 0 0 0 0 475 0 0 0 1 279 0 34 0 0 211 0 0 1897 209 0 108 1197 2 9 
49 0 0 3 0 0 0 0 0 21533 151 0 0 3516 19 0 0 0 0 3 38 0 636 0 6 40978 0 0 1 0 
98508 0 8 6 34 0 0 0 48 84679 0 108 245 237 18366 0 0 0 1 48512 1 29 1623 17 18 0 165 4385 940 0 
4 0 192 8 0 0 0 48 0 0 1176 0 0 30023 0 13 15942 0 14633 0 0 0 0 0 0 2278 0 0 0 14 
88 0 0 1 0 0 21533 84679 0 0 4390 14 36413 26551 0 91 5781 0 0 11 2 2314 0 0 34648 0 19177 1 0 1935 
0 3 0 204 18 475 151 0 1176 4390 0 12 0 0 1937 17 588 0 3184 0 0 0 0 0 2 17 13 0 4681 17 
1 108 109 0 0 0 0 108 0 14 12 0 0 10005 0 52 26 8 0 1135 0 1 51316 4925 1 21 0 0 343 2594 
0 12030 1 48 0 0 0 245 0 36413 0 0 0 0 703 0 0 7485 0 0 12882 0 0 1 2241 0 120 4054 3120 0 
0 74794 8263 0 0 0 3516 237 30023 26551 0 10005 0 0 11 0 0 0 1 0 61997 19162 0 0 0 0 0 0 0 0 
0 16604 0 1163 183 1 19 18366 0 0 1937 0 703 11 0 0 24 1 480 1 1 2556 0 0 3 0 79 0 3411 41135 
0 0 0 0 6876 279 0 0 13 91 17 52 0 0 0 0 63 0 97302 16664 0 0 0 5 34 0 2933 4761 18 0 
7712 28 0 14566 0 0 0 0 15942 5781 588 26 0 0 24 63 0 20258 0 1 594 0 239 2 1 21 657 19 42 45252 
0 4317 0 0 0 34 0 0 0 0 0 8 7485 0 1 0 20258 0 777 0 0 2 2 1898 0 0 0 8196 49 0 
30 1 0 0 0 0 0 1 14633 0 3184 0 0 1 480 97302 0 777 0 0 0 0 62 0 623 0 14371 5125 43 9575 
10 770 0 164 1 0 3 48512 0 11 0 1135 0 0 1 16664 1 0 0 0 0 3389 0 3350 28 8468 0 0 1659 616 
592 6659 0 5 16797 211 38 1 0 2 0 0 12882 61997 1 0 594 0 0 0 0 0 0 1938 0 56 22270 0 0 0 
0 18 0 222 0 0 0 29 0 2314 0 1 0 19162 2556 0 0 2 0 3389 0 0 28 0 549 0 0 6 0 34038 
0 0 0 166 0 0 636 1623 0 0 0 51316 0 0 0 0 239 2 62 0 0 28 0 0 0 677 13112 0 0 13846 
0 0 4 29 0 1897 0 17 0 0 0 4925 1 0 0 5 2 1898 0 3350 1938 0 0 0 62 0 0 0 0 3382 
30 6 49232 92 0 209 6 18 0 34648 2 1 2241 0 3 34 1 0 623 28 0 549 0 62 0 18 1623 0 0 0 
5 49 2493 293 151 0 40978 0 2278 0 17 21 0 0 0 0 21 0 0 8468 56 0 677 0 18 0 109 22345 0 159 
6 0 49891 0 0 108 0 165 0 19177 13 0 120 0 79 2933 657 0 14371 0 22270 0 13112 0 1623 109 0 0 0 1 
35627 0 0 28750 0 1197 0 4385 0 1 0 0 4054 0 0 4761 19 8196 5125 0 0 6 0 0 0 22345 0 0 0 148 
4729 172 20195 72 0 2 1 940 0 0 4681 343 3120 0 3411 18 42 49 43 1659 0 0 0 0 0 0 0 0 0 688 
2481 0 0 0 0 9 0 0 14 1935 17 2594 0 0 41135 0 45252 0 9575 616 0 34038 13846 3382 0 159 1 148 688 0 
0 61 85 28 0 0 1 0 0 0 44 0 1 2243 2627 3416 0 2848 0 0 0 1932 686 16694 0 0 65 0 0 0 
61 0 2 427 966 0 1406 16 28301 4 0 0 0 0 0 27 0 0 0 0 0 0 101 11870 0 0 43845 27 0 2 
85 2 0 0 0 0 20396 2 0 87 4689 0 0 0 997 14 7 11 391 36173 4 28 127 0 0 0 0 10 0 1 
28 427 0 0 111 0 0 0 0 0 0 13843 0 19953 0 78 0 134 68 0 0 0 0 0 0 0 3 0 0 85 
0 966 0 111 0 8 840 0 454 13 0 52696 67283 13297 0 0 0 83 0 0 0 864 221 14947 2770 0 486 79 508 1134 
0 0 0 0 8 0 71024 15255 5 10877 0 2822 5 1 0 0 282 0 278 50643 0 1822 23836 0 0 55726 0 0 0 0 
1 1406 20396 0 840 71024 0 15897 4 0 0 71716 20 0 0 18 2608 7 12 0 0 6616 0 45 0 0 22 39 99 585 
0 16 2 0 0 15255 15897 0 0 0 11 0 0 0 0 385 3711 20679 0 0 0 0 0 0 0 193 0 0 0 1185 
0 28301 0 0 454 5 4 0 0 18 0 19 32264 0 91814 0 0 10878 0 120 30 12 10451 3555 656 0 63 115 0 0 
0 4 87 0 13 10877 0 0 18 0 0 0 0 0 4 0 0 4 605 0 0 0 992 6409 0 3 0 0 1105 0 
44 0 4689 0 0 0 0 11 0 0 0 2 1857 67 0 0 0 2706 0 1561 62 2963 3231 4 0 0 0 779 0 0 
0 0 0 13843 52696 2822 71716 0 19 0 2 0 35051 0 4943 0 0 0 8 0 44 0 0 0 3 0 70 47735 0 0 
1 0 0 0 67283 5 20 0 32264 0 1857 35051 0 188 0 2484 7174 0 55 4056 0 3294 65965 0 0 21 0 0 0 918 
2243 0 0 19953 13297 1 0 0 0 0 67 0 188 0 0 1444 613 131 0 277 0 0 50198 2 523 3 0 372 712 26 
2627 0 997 0 0 0 0 0 91814 4 0 4943 0 0 0 3 0 0 0 1 0 0 16 21133 0 98561 0 12578 0 0 
3416 27 14 78 0 0 18 385 0 0 0 0 2484 1444 3 0 0 12587 0 0 14 78 21635 0 0 6 0 0 0 17 
0 0 7 0 0 282 2608 3711 0 0 0 0 7174 613 0 0 0 0 466 0 0 3958 0 0 2 0 0 0 0 0 
2848 0 11 134 83 0 7 20679 10878 4 2706 0 0 131 0 12587 0 0 0 30 3982 0 0 0 46 1 140 0 0 2 
0 0 391 68 0 278 12 0 0 605 0 8 55 0 0 0 466 0 0 7879 0 623 0 344 0 19 0 0 0 0 
0 0 36173 0 0 50643 0 0 120 0 1561 0 4056 277 1 0 0 30 7879 0 11573 0 50227 0 0 0 21 9883 0 0 
0 0 4 0 0 0 0 0 30 0 62 44 0 0 0 14 0 3982 0 11573 0 2043 12 0 1 0 0 3 5 257 
1932 0 28 0 864 1822 6616 0 12 0 2963 0 3294 0 0 78 3958 0 623 0 2043 0 0 0 0 1 59 200 1 0 
686 101 127 0 221 23836 0 0 10451 992 3231 0 65965 50198 16 21635 0 0 0 50227 12 0 0 527 271 0 0 156 635 0 
16694 11870 0 0 14947 0 45 0 3555 6409 4 0 0 2 21133 0 0 0 344 0 0 0 527 0 0 3 643 0 5532 0 
0 0 0 0 2770 0 0 0 656 0 0 3 0 523 0 0 2 46 0 0 1 0 271 0 0 0 0 13789 15135 15 
0 0 0 0 0 55726 0 193 0 3 0 0 21 3 98561 6 0 1 19 0 0 1 0 3 0 0 0 0 2585 0 
65 43845 0 3 486 0 22 0 63 0 0 70 0 0 0 0 0 140 0 21 0 59 0 643 0 0 0 95227 11 0 
0 27 10 0 79 0 39 0 115 0 779 47735 0 372 12578 0 0 0 0 9883 3 200 156 0 13789 0 95227 0 43 0 
0 0 0 0 508 0 99 0 0 1105 0 0 0 712 0 0 0 0 0 0 5 1 635 5532 15135 2585 11 43 0 0 
0 2 1 85 1134 0 585 1185 0 0 0 0 918 26 0 17 0 2 0 0 257 0 0 0 15 0 0 0 0 0 
0 0 2 3 0 0 0 0 0 0 2100 0 2317 129 2214 4 0 17 0 0 0 23 1323 16824 0 34 0 0 0 0 
0 0 1058 195 189 0 129 230 79 70 0 0 0 0 0 1 0 0 21 0 0 30 18084 266 0 18 6 10 0 3 
2 1058 0 0 0 0 13928 0 0 2680 6227 2 173 0 241 38 636 4 5 24350 6 9905 46855 1 0 0 0 2 0 9 
3 195 0 0 39986 2 1 0 0 0 0 1 0 714 0 1 0 243 2190 0 0 0 0 0 0 0 124 0 0 53569 
0 189 0 39986 0 16717 5 0 941 4528 0 30979 9 282 0 0 215 794 22 0 0 2 346 3 949 0 2358 401 209 7910 
0 0 0 2 16717 0 3 51 5 2 0 8152 19 51 0 0 45 0 31061 155 0 124 65483 0 0 11 0 0 0 0 
0 129 13928 1 5 3 0 1488 91110 0 0 10766 873 0 0 5886 1 0 65 0 0 14 0 174 0 0 130 95 0 605 
0 230 0 0 0 51 1488 0 0 0 95 0 0 0 0 15 1438 1 0 0 0 0 0 3 0 146 0 0 0 0 
0 79 0 0 941 5 91110 0 0 1 0 7687 4748 0 6595 0 0 19 0 2824 964 5 6612 86719 1097 0 22 2 2025 0 
0 70 2680 0 4528 2 0 0 1 0 0 0 0 0 93 0 0 3747 30 0 0 0 897 22222 0 385 0 2 4778 0 
2100 0 6227 0 0 0 0 95 0 0 0 0 550 58953 0 1 0 85155 0 8394 30 16003 674 27 0 0 0 0 0 0 
0 0 2 1 30979 8152 10766 0 7687 0 0 0 9103 0 49 0 0 0 16691 0 10155 1 0 0 0 0 1087 226 0 0 
2317 0 173 0 9 19 873 0 4748 0 550 9103 0 37 0 6 6129 0 5668 8318 0 17062 1034 0 0 31 0 0 0 391 
129 0 0 714 282 51 0 0 0 0 58953 0 37 0 0 22460 158 480 0 13220 0 0 37325 0 14952 22 9004 5 14203 1 
2214 0 241 0 0 0 0 0 6595 93 0 49 0 0 0 359 0 0 0 0 25 0 9 851 0 3 0 167 0 0 
4 1 38 1 0 0 5886 15 0 0 1 0 6 22460 359 0 0 66 0 0 1 0 85 0 0 5276 0 0 0 859 
0 0 636 0 215 45 1 1438 0 0 0 0 6129 158 0 0 0 0 10370 0 0 2142 0 2 0 0 0 0 1 0 
17 0 4 243 794 0 0 1 19 3747 85155 0 0 480 0 66 0 0 0 1778 16 0 0 0 3 0 652 0 0 32039 
0 21 5 2190 22 31061 65 0 0 30 0 16691 5668 0 0 0 10370 0 0 25 75 11183 0 133 0 61531 0 0 0 0 
0 0 24350 0 0 155 0 0 2824 0 8394 0 8318 13220 0 0 0 1778 25 0 141 0 70636 0 0 0 92628 71944 0 0 
0 0 6 0 0 0 0 0 964 0 30 10155 0 0 25 1 0 16 75 141 0 15 55 0 177 0 0 10443 31 159 
23 30 9905 0 2 124 14 0 5 0 16003 1 17062 0 0 0 2142 0 11183 0 15 0 0 4 0 99 2 0 39 0 
1323 18084 46855 0 346 65483 0 0 6612 897 674 0 1034 37325 9 85 0 0 0 70636 55 0 0 41 639 0 0 187 13 0 
16824 266 1 0 3 0 174 3 86719 22222 27 0 0 0 851 0 2 0 133 0 0 4 41 0 0 7016 22622 1 81596 0 
0 0 0 0 949 0 0 0 1097 0 0 0 0 14952 0 0 0 3 0 0 177 0 639 0 0 0 0 1394 1872 396 
34 18 0 0 0 11 0 146 0 385 0 0 31 22 3 5276 0 0 61531 0 0 99 0 7016 0 0 0 0 132 0 
0 6 0 124 2358 0 130 0 22 0 0 1087 0 9004 0 0 0 652 0 92628 0 2 0 22622 0 0 0 1854 233 0 
0 10 2 0 401 0 95 0 2 2 0 226 0 5 167 0 0 0 0 71944 10443 0 187 1 1394 0 1854 0 394 0 
0 0 0 0 209 0 0 0 2025 4778 0 0 0 14203 0 0 1 0 0 0 31 39 13 81596 1872 132 233 394 0 0 
0 3 9 53569 7910 0 605 0 0 0 0 0 391 1 0 859 0 32039 0 0 159 0 0 0 396 0 0 0 0 0 
0 18 9 0 0 0 0 0 0 0 41 0 97 790 1 2738 0 2 0 0 0 3830 16505 25319 0 0 0 0 0 0 
18 0 320 21168 61 0 146 184 49712 6 0 0 0 0 0 6 0 0 0 0 0 0 1081 12 0 0 3 932 0 4364 
9 320 0 0 0 0 4713 0 0 10 3333 0 4 0 230 0 26418 20875 1 8601 7387 1188 7891 0 0 0 0 275 0 618 
0 21168 0 0 5506 0 0 0 2 0 0 371 0 75 0 36 0 6491 796 0 0 0 0 0 0 0 33 0 0 9 
0 61 0 5506 0 5763 59 0 104 15570 0 1986 3327 1 0 0 4500 2 0 0 0 1 168 974 4 0 10731 160 35050 286 
0 0 0 0 5763 0 47430 427 230 1005 0 1525 28 145 0 0 85 0 6259 2695 0 27 518 0 0 0 0 0 0 2 
0 146 4713 0 59 47430 0 38 0 0 0 19990 8 0 0 22500 72 734 58547 0 0 6 0 4 0 0 47940 7 0 872 
0 184 0 0 0 427 38 0 0 0 2 0 0 0 0 29454 28 6121 0 0 10 0 0 0 0 0 0 0 0 13 
0 49712 0 2 104 230 0 0 0 281 0 8 69898 0 40318 0 0 35262 0 2 3 6 319 7859 215 0 55517 3 50901 0 
0 6 10 0 15570 1005 0 0 281 0 0 0 0 0 311 0 0 1 26 0 7 0 1263 6958 0 19 0 1 306 0 
41 0 3333 0 0 0 0 2 0 0 0 0 17047 13 0 1 0 1650 0 164 30 0 1 8 0 0 0 3 0 0 
0 0 0 371 1986 1525 19990 0 8 0 0 0 1239 0 218 0 0 0 114 0 3 94 0 0 0 0 23 3294 0 0 
97 0 4 0 3327 28 8 0 69898 0 17047 1239 0 439 0 51 30078 0 23899 9 0 14922 1 0 0 5 0 0 0 2 
790 0 0 75 1 145 0 0 0 0 13 0 439 0 0 581 22 59 0 529 0 0 78333 31 6762 0 28000 6 15283 5 
1 0 230 0 0 0 0 0 40318 311 0 218 0 0 0 55538 0 0 0 0 1 0 3 29917 0 1 0 11244 0 0 
2738 6 0 36 0 0 22500 29454 0 0 1 0 51 581 55538 0 0 88339 0 0 31872 38 58396 0 0 9 0 0 0 1620 
0 0 26418 0 4500 85 72 28 0 0 0 0 30078 22 0 0 0 0 1 0 0 15469 0 0 1 0 0 0 0 0 
2 0 20875 6491 2 0 734 6121 35262 1 1650 0 0 59 0 88339 0 0 0 19088 85857 0 0 0 8 226 8 0 0 21554 
0 0 1 796 0 6259 58547 0 0 26 0 114 23899 0 0 0 1 0 0 98153 7108 282 0 66 0 2706 0 0 0 0 
0 0 8601 0 0 2695 0 0 2 0 164 0 9 529 0 0 0 19088 98153 0 29181 0 11449 0 0 0 37 1686 0 0 
0 0 7387 0 0 0 0 10 3 7 30 3 0 0 1 31872 0 85857 7108 29181 0 473 203 0 1 0 0 920 387 126 
3830 0 1188 0 1 27 6 0 6 0 0 94 14922 0 0 38 15469 0 282 0 473 0 12 6 0 742 1 0 11435 0 
16505 1081 7891 0 168 518 0 0 319 1263 1 0 1 78333 3 58396 0 0 0 11449 203 12 0 44938 21 0 0 43 64 0 
25319 12 0 0 974 0 4 0 7859 6958 8 0 0 31 29917 0 0 0 66 0 0 6 44938 0 0 14397 44858 8 1206 0 
0 0 0 0 4 0 0 0 215 0 0 0 0 6762 0 0 1 8 0 0 1 0 21 0 0 0 0 1586 681 40422 
0 0 0 0 0 0 0 0 0 19 0 0 5 0 1 9 0 226 2706 0 0 742 0 14397 0 0 0 0 422 0 
0 3 0 33 10731 0 47940 0 55517 0 0 23 0 28000 0 0 0 8 0 37 0 1 0 44858 0 0 0 6 79 0 
0 932 275 0 160 0 7 0 3 1 3 3294 0 6 11244 0 0 0 0 1686 920 0 43 8 1586 0 6 0 93627 0 
0 0 0 0 35050 0 0 0 50901 306 0 0 0 15283 0 0 0 0 0 0 387 11435 64 1206 681 422 79 93627 0 0 
0 4364 618 9 286 2 872 13 0 0 0 0 2 5 0 1620 0 21554 0 0 126 0 0 0 40422 0 0 0 0 0 
