7 3
0 59 64 103 62 95 95 
59 0 70 49 40 62 36 
64 70 0 118 33 51 89 
103 49 118 0 85 94 38 
62 40 33 85 0 33 56 
95 62 51 94 33 0 57 
95 36 89 38 56 57 0 
0 24943 0 23911 0 4 138 
24943 0 0 1 140 274 4238 
0 0 0 26 0 0 0 
23911 1 26 0 0 0 23624 
0 140 0 0 0 0 35194 
4 274 0 0 0 0 0 
138 4238 0 23624 35194 0 0 
0 2879 1014 0 0 2 0 
2879 0 0 7 6953 37293 0 
1014 0 0 106 11 1 0 
0 7 106 0 0 3 0 
0 6953 11 0 0 19 0 
2 37293 1 3 19 0 2079 
0 0 0 0 0 2079 0 
0 12733 4 6717 5051 0 15 
12733 0 0 3 0 2238 0 
4 0 0 1 0 87105 161 
6717 3 1 0 0 7 97501 
5051 0 0 0 0 83064 9622 
0 2238 87105 7 83064 0 0 
15 0 161 97501 9622 0 0 
