40 2
0 46 118 40 96 98 46 64 2 33 36 47 55 9 108 78 35 54 61 95 45 105 61 79 70 72 108 28 39 45 38 87 44 18 35 31 32 15 62 109 
46 0 88 10 53 127 3 66 48 60 37 19 78 48 107 43 36 50 104 90 43 84 63 35 92 25 124 21 29 63 42 51 30 53 36 49 49 33 99 116 
118 88 0 85 53 137 85 71 120 144 83 106 102 125 70 117 84 138 148 59 75 25 72 92 105 80 111 92 78 92 82 118 118 110 84 135 94 113 133 90 
40 10 85 0 56 117 8 56 42 59 26 26 68 43 98 54 26 55 95 82 33 79 53 44 82 34 114 12 19 52 32 61 35 44 26 50 39 29 89 107 
96 53 53 56 0 154 51 82 98 112 71 66 108 100 106 67 71 96 146 90 69 65 81 42 118 33 138 68 62 93 74 66 78 97 71 102 86 85 136 122 
98 127 137 117 154 0 125 72 99 127 90 138 49 106 75 170 91 153 52 79 87 112 73 161 36 148 37 107 99 64 85 178 140 81 91 129 77 111 38 58 
46 3 85 8 51 125 0 63 48 61 34 22 76 49 104 46 34 53 103 87 40 81 60 36 90 26 122 20 27 60 40 53 33 52 34 51 48 34 98 113 
64 66 71 56 82 72 63 0 66 97 32 83 30 73 44 110 33 107 76 31 23 50 3 95 36 81 59 52 37 22 27 116 89 48 33 92 32 67 61 50 
2 48 120 42 98 99 48 66 0 32 38 48 56 7 110 78 37 54 61 97 47 107 63 81 71 74 110 30 42 47 41 88 44 19 37 30 34 16 62 110 
33 60 144 59 112 127 61 97 32 0 67 48 88 24 142 71 66 34 83 128 77 134 94 83 103 82 141 52 68 79 71 81 38 51 66 10 65 31 89 143 
36 37 83 26 71 90 34 32 38 67 0 51 41 44 77 80 1 75 74 61 10 68 29 70 55 58 88 20 9 26 5 88 57 27 1 61 15 36 66 82 
47 19 106 26 66 138 22 83 48 48 51 0 90 45 125 31 50 31 108 109 59 103 80 35 105 34 140 31 46 76 57 41 12 59 50 37 61 32 107 133 
55 78 102 68 108 49 76 30 56 88 41 90 0 63 62 121 41 107 46 54 39 80 29 112 15 99 53 58 50 15 36 129 93 36 41 86 28 65 31 57 
9 48 125 43 100 106 49 73 7 24 44 45 63 0 117 75 43 47 66 104 53 112 70 79 79 73 117 33 47 54 47 85 40 27 43 23 41 14 69 118 
108 107 70 98 106 75 104 44 110 142 77 125 62 117 0 149 78 152 105 17 67 45 48 131 55 116 42 96 80 64 72 155 133 92 78 137 76 112 87 20 
78 43 117 54 67 170 46 110 78 71 80 31 121 75 149 0 80 40 140 132 87 120 107 25 135 36 168 62 73 106 86 10 35 91 80 61 92 63 138 160 
35 36 84 26 71 91 34 33 37 66 1 50 41 43 78 80 0 74 74 62 11 69 30 70 55 58 89 19 9 26 6 87 56 27 0 60 15 35 66 83 
54 50 138 55 96 153 53 107 54 34 75 31 107 47 152 40 74 0 113 136 84 134 104 59 123 63 160 55 72 95 80 50 20 72 74 26 80 42 117 157 
61 104 148 95 146 52 103 76 61 83 74 108 46 66 105 140 74 113 0 100 77 126 75 139 50 129 81 83 83 56 71 149 106 51 74 87 59 76 18 94 
95 90 59 82 90 79 87 31 97 128 61 109 54 104 17 132 62 136 100 0 52 34 34 114 51 99 52 81 64 52 57 138 117 79 62 123 63 98 83 32 
45 43 75 33 69 87 40 23 47 77 10 59 39 53 67 87 11 84 77 52 0 59 20 74 51 61 81 29 13 24 7 94 66 35 11 71 19 46 67 74 
105 84 25 79 65 112 81 50 107 134 68 103 80 112 45 120 69 134 126 34 59 0 51 98 81 84 86 82 66 72 66 123 114 93 69 127 77 102 111 65 
61 63 72 53 81 73 60 3 63 94 29 80 29 70 48 107 30 104 75 34 20 51 0 93 37 79 61 49 34 20 24 114 86 45 30 89 29 64 61 53 
79 35 92 44 42 161 36 95 81 83 70 35 112 79 131 25 70 59 139 114 74 98 93 0 125 14 155 56 62 96 75 25 45 88 70 72 84 65 134 143 
70 92 105 82 118 36 90 36 71 103 55 105 15 79 55 135 55 123 50 51 51 81 37 125 0 112 38 73 63 29 50 143 108 52 55 102 44 80 32 45 
72 25 80 34 33 148 26 81 74 82 58 34 99 73 116 36 58 63 129 99 61 84 79 14 112 0 140 46 49 83 63 39 45 78 58 71 72 59 123 129 
108 124 111 114 138 37 122 59 110 141 88 140 53 117 42 168 89 160 81 52 81 86 61 155 38 140 0 108 95 65 82 175 144 90 89 140 80 118 64 22 
28 21 92 12 68 107 20 52 30 52 20 31 58 33 96 62 19 55 83 81 29 82 49 56 73 46 108 0 17 44 25 70 37 32 19 44 30 20 78 102 
39 29 78 19 62 99 27 37 42 68 9 46 50 47 80 73 9 72 83 64 13 66 34 62 63 49 95 17 0 34 13 81 53 34 9 61 24 36 75 87 
45 63 92 52 93 64 60 22 47 79 26 76 15 54 64 106 26 95 56 52 24 72 20 96 29 83 65 44 34 0 20 114 79 28 26 76 15 53 43 63 
38 42 82 32 74 85 40 27 41 71 5 57 36 47 72 86 6 80 71 57 7 66 24 75 50 63 82 25 13 20 0 94 62 27 6 65 12 40 62 77 
87 51 118 61 66 178 53 116 88 81 88 41 129 85 155 10 87 50 149 138 94 123 114 25 143 39 175 70 81 114 94 0 45 100 87 71 100 72 148 166 
44 30 118 35 78 140 33 89 44 38 57 12 93 40 133 35 56 20 106 117 66 114 86 45 108 45 144 37 53 79 62 45 0 59 56 27 65 29 106 139 
18 53 110 44 97 81 52 48 19 51 27 59 36 27 92 91 27 72 51 79 35 93 45 88 52 78 90 32 34 28 27 100 59 0 27 50 17 30 47 91 
35 36 84 26 71 91 34 33 37 66 1 50 41 43 78 80 0 74 74 62 11 69 30 70 55 58 89 19 9 26 6 87 56 27 0 60 15 35 66 83 
31 49 135 50 102 129 51 92 30 10 61 37 86 23 137 61 60 26 87 123 71 127 89 72 102 71 140 44 61 76 65 71 27 50 60 0 62 25 92 140 
32 49 94 39 86 77 48 32 34 65 15 61 28 41 76 92 15 80 59 63 19 77 29 84 44 72 80 30 24 15 12 100 65 17 15 62 0 38 51 77 
15 33 113 29 85 111 34 67 16 31 36 32 65 14 112 63 35 42 76 98 46 102 64 65 80 59 118 20 36 53 40 72 29 30 35 25 38 0 76 116 
62 99 133 89 136 38 98 61 62 89 66 107 31 69 87 138 66 117 18 83 67 111 61 134 32 123 64 78 75 43 62 148 106 47 66 92 51 76 0 76 
109 116 90 107 122 58 113 50 110 143 82 133 57 118 20 160 83 157 94 32 74 65 53 143 45 129 22 102 87 63 77 166 139 91 83 140 77 116 76 0 
0 23068 0 6 4810 0 0 1 4768 0 4192 95589 7 47 0 126 19 2679 0 0 0 5864 107 0 0 2227 3378 0 0 1 0 0 47 4 0 0 0 0 46 153 
23068 0 7 236 0 0 0 6355 20 11 0 616 0 0 13 3 0 0 0 61353 3151 0 3582 0 206 0 47 0 7733 0 18 362 150 7 1960 0 0 0 44 136 
0 7 0 55 0 1 0 23341 20744 86 0 0 0 0 18924 306 645 16819 1 492 422 7030 0 1560 0 0 0 0 38 0 4333 0 0 0 0 26583 0 35949 0 0 
6 236 55 0 0 6414 94 3018 0 61 0 0 352 1554 146 0 2833 0 274 82 0 0 6657 3 0 384 223 0 0 95 1 0 490 91240 9982 0 15984 32300 0 0 
4810 0 0 0 0 19933 434 8 1 21365 0 45859 13 548 0 0 823 144 0 0 19 23 152 0 0 1 74 0 0 44 17308 0 0 195 0 0 49 0 0 0 
0 0 1 6414 19933 0 586 14 11 0 0 766 0 0 30 0 6 9330 9 7831 4576 7784 0 26066 0 1028 46874 7854 0 0 329 1 40483 1428 359 0 2119 0 3864 0 
0 0 0 94 434 586 0 0 2 0 0 0 0 0 0 46306 71 9 0 0 294 3 0 0 154 5988 6 0 5016 20 8 2791 1 45 176 1282 0 0 0 9 
1 6355 23341 3018 8 14 0 0 59125 6291 0 11361 0 62 581 0 0 0 0 0 0 2516 12 0 0 62749 6 0 0 0 3 72753 0 437 51419 6 1 2 448 996 
4768 20 20744 0 1 11 2 59125 0 27 0 2 0 0 1733 0 0 10179 0 0 0 6 1786 0 19267 0 1 473 37 89858 10707 0 0 1234 0 0 26 100 0 19 
0 11 86 61 21365 0 0 6291 27 0 28 1 618 4 0 12434 0 1270 0 0 0 19 0 8 63165 1548 0 3638 5603 2 0 1 1 11 3 0 0 97330 0 0 
4192 0 0 0 0 0 0 0 0 28 0 191 3 0 0 2615 0 5163 0 4745 1930 0 17 0 4216 0 7379 9 3509 14587 689 8 0 1999 44 17 0 0 13 11023 
95589 616 0 0 45859 766 0 11361 2 1 191 0 6 426 92059 0 2796 0 12 2271 0 25922 5956 0 0 0 0 0 18428 76 96 19927 24 0 49 641 0 13 1 0 
7 0 0 352 13 0 0 0 0 618 3 6 0 30 0 1 2 1 8 1095 0 1 13 75437 0 0 11 3 0 316 13416 0 72327 0 235 0 0 2 7 2650 
47 0 0 1554 548 0 0 62 0 4 0 426 30 0 0 0 0 0 2 26747 0 0 0 0 5 11558 0 0 175 1 1 0 0 0 3 0 5264 0 0 35 
0 13 18924 146 0 30 0 581 1733 0 0 92059 0 0 0 31993 0 0 0 70 0 0 0 0 3606 0 15 11 2 0 0 159 26 0 643 0 7634 19 0 28603 
126 3 306 0 0 0 46306 0 0 12434 2615 0 1 0 31993 0 0 1 0 0 10912 0 0 2136 0 2300 0 232 0 3 0 0 161 0 0 0 0 0 0 16913 
19 0 645 2833 823 6 71 0 0 0 0 2796 2 0 0 0 0 33749 0 0 0 0 1103 0 0 0 0 170 0 0 600 0 666 0 0 13 0 0 61 0 
2679 0 16819 0 144 9330 9 0 10179 1270 5163 0 1 0 0 1 33749 0 0 63 3 43775 0 0 24 0 4484 0 2 38 0 688 0 0 0 2 0 0 0 0 
0 0 1 274 0 9 0 0 0 0 0 12 8 2 0 0 0 0 0 5 20843 7 0 14070 0 1018 0 0 165 0 2 870 19239 1 0 0 0 199 22 0 
0 61353 492 82 0 7831 0 0 0 0 4745 2271 1095 26747 70 0 0 63 5 0 0 0 16 0 0 47 0 0 96185 0 0 0 703 561 3094 0 3301 0 6 251 
0 3151 422 0 19 4576 294 0 0 0 1930 0 0 0 0 10912 0 3 20843 0 0 0 0 0 18798 902 0 0 1 33377 5 0 1455 14889 0 0 8055 0 0 0 
5864 0 7030 0 23 7784 3 2516 6 19 0 25922 1 0 0 0 0 43775 7 0 0 0 4175 93 2 11924 1 1233 0 0 0 0 0 12 550 0 3 0 48028 98508 
107 3582 0 6657 152 0 0 12 1786 0 17 5956 13 0 0 0 1103 0 0 16 0 4175 0 0 0 0 0 89 0 0 0 0 0 4 30 0 2 15828 0 0 
0 0 1560 3 0 26066 0 0 0 8 0 0 75437 0 0 2136 0 0 14070 0 0 93 0 0 36928 34 3081 0 6104 0 15927 1052 467 0 0 53735 0 0 0 0 
0 206 0 0 0 0 154 0 19267 63165 4216 0 0 5 3606 0 0 24 0 0 18798 2 0 36928 0 0 5080 2 0 13 0 0 496 50520 3 0 0 0 3884 0 
2227 0 0 384 1 1028 5988 62749 0 1548 0 0 0 11558 0 2300 0 0 1018 47 902 11924 0 34 0 0 0 0 0 296 30978 61228 0 36155 198 0 0 0 0 259 
3378 47 0 223 74 46874 6 6 1 0 7379 0 11 0 15 0 0 4484 0 0 0 1 0 3081 5080 0 0 0 1 169 9299 1550 2073 8 26 31 541 44 0 0 
0 0 0 0 0 7854 0 0 473 3638 9 0 3 0 11 232 170 0 0 0 0 1233 89 0 2 0 0 0 0 0 97042 0 6 12 0 9 914 228 52 136 
0 7733 38 0 0 0 5016 0 37 5603 3509 18428 0 175 2 0 0 2 165 96185 1 0 0 6104 0 0 1 0 0 0 0 0 6840 3 0 0 0 0 91433 0 
1 0 0 95 44 0 20 0 89858 2 14587 76 316 1 0 3 0 38 0 0 33377 0 0 0 13 296 169 0 0 0 84313 0 1371 0 10215 0 0 0 0 16422 
0 18 4333 1 17308 329 8 3 10707 0 689 96 13416 1 0 0 600 0 2 0 5 0 0 15927 0 30978 9299 97042 0 84313 0 0 0 0 0 9 9299 32063 0 2323 
0 362 0 0 0 1 2791 72753 0 1 8 19927 0 0 159 0 0 688 870 0 0 0 0 1052 0 61228 1550 0 0 0 0 0 707 0 3 0 0 0 3423 0 
47 150 0 490 0 40483 1 0 0 1 0 24 72327 0 26 161 666 0 19239 703 1455 0 0 467 496 0 2073 6 6840 1371 0 707 0 0 4523 0 0 0 4 0 
4 7 0 91240 195 1428 45 437 1234 11 1999 0 0 0 0 0 0 0 1 561 14889 12 4 0 50520 36155 8 12 3 0 0 0 0 0 0 0 0 0 0 262 
0 1960 0 9982 0 359 176 51419 0 3 44 49 235 3 643 0 0 0 0 3094 0 550 30 0 3 198 26 0 0 10215 0 3 4523 0 0 89 0 6859 0 3430 
0 0 26583 0 0 0 1282 6 0 0 17 641 0 0 0 0 13 2 0 0 0 0 0 53735 0 0 31 9 0 0 9 0 0 0 89 0 3968 1377 0 0 
0 0 0 15984 49 2119 0 1 26 0 0 0 0 5264 7634 0 0 0 0 3301 8055 3 2 0 0 0 541 914 0 0 9299 0 0 0 0 3968 0 15 528 0 
0 0 35949 32300 0 0 0 2 100 97330 0 13 2 0 19 0 0 0 199 0 0 0 15828 0 0 0 44 228 0 0 32063 0 0 0 6859 1377 15 0 0 0 
46 44 0 0 0 3864 0 448 0 0 13 1 7 0 0 0 61 0 22 6 0 48028 0 0 3884 0 0 52 91433 0 0 3423 4 0 0 0 528 0 0 0 
153 136 0 0 0 0 9 996 19 0 11023 0 2650 35 28603 16913 0 0 0 251 0 98508 0 0 0 259 0 136 0 16422 2323 0 0 262 3430 0 0 0 0 0 
0 0 9122 0 0 27781 6201 0 0 79 0 0 0 0 20 0 0 0 12 4606 67529 0 0 13021 11151 0 0 2 2725 0 4 651 0 0 11267 9 4544 35 0 0 
0 0 0 0 8970 3019 13842 0 0 0 4211 0 76623 25255 0 0 36030 31 12578 0 0 1680 0 7 0 5799 0 253 0 33 0 0 0 0 0 118 15 9 0 0 
9122 0 0 0 1981 0 46 0 0 0 43 2 92 56704 0 0 0 0 0 0 0 0 14 0 2233 26165 24533 175 0 351 0 149 1 50 2 0 33647 0 500 20664 
0 0 0 0 19 0 0 0 1091 0 24559 19 0 0 0 910 0 1 0 0 5093 11112 0 0 1 0 0 8 2 0 0 8641 0 0 0 30059 0 0 551 79998 
0 8970 1981 19 0 0 0 0 0 0 2147 0 0 0 19716 91 0 0 129 11 0 0 0 101 3 0 0 847 3 0 0 87346 1 0 368 840 0 3 35590 2 
27781 3019 0 0 0 0 0 0 0 63 1 0 1990 1 0 17397 0 0 0 0 0 0 3 0 2 0 0 0 17612 1970 0 0 0 0 0 809 0 12600 0 32 
6201 13842 46 0 0 0 0 61492 0 102 45 3 8872 372 4303 0 0 0 1982 289 0 0 1 3 0 0 0 9 0 0 0 0 0 0 0 0 1 1985 5 0 
0 0 0 0 0 0 61492 0 0 0 548 0 33 0 0 1189 1199 910 751 1 332 0 0 547 13300 0 0 9 130 240 0 0 972 0 0 0 0 0 0 0 
0 0 0 1091 0 0 0 0 0 0 8601 0 1 1419 0 11268 1935 0 10403 2 4 0 0 8 0 25775 0 0 0 0 0 170 10213 0 4958 1831 0 0 66 0 
79 0 0 0 0 63 102 0 0 0 0 0 0 0 24847 0 604 0 1575 82 4646 0 10 0 0 0 684 0 0 0 6 0 0 0 0 1 2632 0 25 5 
0 4211 43 24559 2147 1 45 548 8601 0 0 0 0 5629 284 0 5 0 2 0 0 16938 0 7321 0 44083 0 0 0 0 0 0 27130 0 0 0 62769 4115 0 0 
0 0 2 19 0 0 3 0 0 0 0 0 0 0 0 31 0 34149 0 0 16316 0 0 315 2283 139 4891 35 0 0 0 0 0 5 0 0 275 0 0 17 
0 76623 92 0 0 1990 8872 33 1 0 0 0 0 0 47434 0 0 0 0 0 54333 0 0 0 166 9 0 0 11 0 0 37 0 30 0 712 49345 0 0 0 
0 25255 56704 0 0 1 372 0 1419 0 5629 0 0 0 299 1 1 1155 0 0 9984 2935 80488 16 0 0 4675 2 0 0 0 6 25 15 0 1 0 157 351 0 
20 0 0 0 19716 0 4303 0 0 24847 284 0 47434 299 0 0 320 12691 1 0 87730 40387 34594 78 0 4 0 0 0 27 10 0 0 20340 0 17047 0 0 11816 0 
0 0 0 910 91 17397 0 1189 11268 0 0 31 0 1 0 0 1259 0 43 2212 0 38 46679 0 9 0 343 0 568 0 1 48252 0 203 4 1 217 41 17840 0 
0 36030 0 0 0 0 0 1199 1935 604 5 0 0 1 320 1259 0 0 174 182 115 8105 0 95 5 2411 666 0 1016 11 0 8847 0 698 1 0 80048 489 0 17602 
0 31 0 1 0 0 0 910 0 0 0 34149 0 1155 12691 0 0 0 90183 0 0 0 2048 37059 0 187 0 67646 0 0 2577 0 2 49876 1 0 50790 677 259 6 
12 12578 0 0 129 0 1982 751 10403 1575 2 0 0 0 1 43 174 90183 0 0 0 0 112 0 1087 0 78577 22714 0 10 0 0 0 0 7 112 40040 0 0 73 
4606 0 0 0 11 0 289 1 2 82 0 0 0 0 0 2212 182 0 0 0 2 7652 0 15 76761 0 61 85 0 4 9 68766 0 0 0 4 0 20524 0 0 
67529 0 0 5093 0 0 0 332 4 4646 0 16316 54333 9984 87730 0 115 0 0 2 0 45 39986 4195 0 0 3408 2583 0 0 0 503 0 0 27432 1 0 42361 157 891 
0 1680 0 11112 0 0 0 0 0 0 16938 0 0 2935 40387 38 8105 0 0 7652 45 0 0 0 0 0 0 0 199 7211 7 14021 337 0 0 7250 0 7150 0 0 
0 0 14 0 0 3 1 0 0 10 0 0 0 80488 34594 46679 0 2048 112 0 39986 0 0 8808 55 3470 226 0 1269 2 83 10 20 0 0 129 0 0 349 3 
13021 7 0 0 101 0 3 547 8 0 7321 315 0 16 78 0 95 37059 0 15 4195 0 8808 0 0 0 0 6152 0 704 0 0 0 68232 10 0 62638 2 26 12186 
11151 0 2233 1 3 2 0 13300 0 0 0 2283 166 0 0 9 5 0 1087 76761 0 0 55 0 0 1225 0 0 1869 0 12660 6408 0 0 0 106 3 95 0 4508 
0 5799 26165 0 0 0 0 0 25775 0 44083 139 9 0 4 0 2411 187 0 0 0 0 3470 0 1225 0 4669 3 96533 0 0 0 1 0 0 37410 125 414 7084 0 
0 0 24533 0 0 0 0 0 0 684 0 4891 0 4675 0 343 666 0 78577 61 3408 0 226 0 0 4669 0 3 0 0 0 0 0 0 0 0 0 0 78074 253 
2 253 175 8 847 0 9 9 0 0 0 35 0 2 0 0 0 67646 22714 85 2583 0 0 6152 0 3 3 0 19263 28 0 6013 0 0 608 0 0 0 0 0 
2725 0 0 2 3 17612 0 130 0 0 0 0 11 0 0 568 1016 0 0 0 0 199 1269 0 1869 96533 0 19263 0 24 11 4860 0 0 2 3782 955 30 0 10874 
0 33 351 0 0 1970 0 240 0 0 0 0 0 0 27 0 11 0 10 4 0 7211 2 704 0 0 0 28 24 0 0 857 0 486 0 27 46842 88 18 0 
4 0 0 0 0 0 0 0 0 6 0 0 0 0 10 1 0 2577 0 9 0 7 83 0 12660 0 0 0 11 0 0 4 64 708 2866 0 0 0 17 0 
651 0 149 8641 87346 0 0 0 170 0 0 0 37 6 0 48252 8847 0 0 68766 503 14021 10 0 6408 0 0 6013 4860 857 4 0 0 264 0 13608 743 2 0 20176 
0 0 1 0 1 0 0 972 10213 0 27130 0 0 25 0 0 0 2 0 0 0 337 20 0 0 1 0 0 0 0 64 0 0 10752 0 2 44562 156 0 1 
0 0 50 0 0 0 0 0 0 0 0 5 30 15 20340 203 698 49876 0 0 0 0 0 68232 0 0 0 0 0 486 708 264 10752 0 310 32 11 4852 778 0 
11267 0 2 0 368 0 0 0 4958 0 0 0 0 0 0 4 1 1 7 0 27432 0 0 10 0 0 0 608 2 0 2866 0 0 310 0 0 2896 0 3627 0 
9 118 0 30059 840 809 0 0 1831 1 0 0 712 1 17047 1 0 0 112 4 1 7250 129 0 106 37410 0 0 3782 27 0 13608 2 32 0 0 0 0 449 148 
4544 15 33647 0 0 0 1 0 0 2632 62769 275 49345 0 0 217 80048 50790 40040 0 0 0 0 62638 3 125 0 0 955 46842 0 743 44562 11 2896 0 0 0 0 139 
35 9 0 0 3 12600 1985 0 0 0 4115 0 0 157 0 41 489 677 0 20524 42361 7150 0 2 95 414 0 0 30 88 0 2 156 4852 0 0 0 0 1914 190 
0 0 500 551 35590 0 5 0 66 25 0 0 0 351 11816 17840 0 259 0 0 157 0 349 26 0 7084 78074 0 0 18 17 0 0 778 3627 449 0 1914 0 1 
0 0 20664 79998 2 32 0 0 0 5 0 17 0 0 0 0 17602 6 73 0 891 0 3 12186 4508 0 253 0 10874 0 0 20176 1 0 0 148 139 190 1 0 
