15 3
0 59 64 103 62 95 95 48 90 88 90 112 64 139 74 
59 0 70 49 40 62 36 46 31 30 43 69 27 80 26 
64 70 0 118 33 51 89 98 88 95 64 73 48 126 97 
103 49 118 0 85 94 38 68 34 23 68 88 69 56 28 
62 40 33 85 0 33 56 78 55 62 34 51 15 94 66 
95 62 51 94 33 0 57 107 59 71 25 22 37 82 84 
95 36 89 38 56 57 0 77 6 17 31 50 41 44 39 
48 46 98 68 78 107 77 0 71 63 90 115 69 117 41 
90 31 88 34 55 59 6 71 0 12 34 55 39 49 33 
88 30 95 23 62 71 17 63 12 0 46 67 46 53 23 
90 43 64 68 34 25 31 90 34 46 0 25 25 61 61 
112 69 73 88 51 22 50 115 55 67 25 0 49 63 86 
64 27 48 69 15 37 41 69 39 46 25 49 0 81 52 
139 80 126 56 94 82 44 117 49 53 61 63 81 0 75 
74 26 97 28 66 84 39 41 33 23 61 86 52 75 0 
0 5686 21 51364 0 0 11 780 0 0 8105 0 1 2 84 
5686 0 87694 2103 21 0 166 0 49 83 57 0 0 0 8 
21 87694 0 0 116 0 0 4440 0 0 0 3551 2215 0 11983 
51364 2103 0 0 1 285 0 14 0 232 0 19674 67 0 35 
0 21 116 1 0 12 7035 303 264 4238 1 21311 0 27 5417 
0 0 0 285 12 0 1 50762 378 0 104 76 0 236 0 
11 166 0 0 7035 1 0 22 0 0 189 0 0 11 0 
780 0 4440 14 303 50762 22 0 0 0 84 0 1814 0 1669 
0 49 0 0 264 378 0 0 0 97501 0 528 0 0 92839 
0 83 0 232 4238 0 0 0 97501 0 109 0 0 0 0 
8105 57 0 0 1 104 189 84 0 109 0 243 133 0 0 
0 0 3551 19674 21311 76 0 0 528 0 243 0 0 39671 0 
1 0 2215 67 0 0 0 1814 0 0 133 0 0 0 0 
2 0 0 0 27 236 11 0 0 0 0 39671 0 0 6 
84 8 11983 35 5417 0 0 1669 92839 0 0 0 0 6 0 
0 0 0 0 1306 12800 0 0 310 64 0 1 0 0 0 
0 0 0 0 0 62 0 16509 0 0 0 2 367 15583 0 
0 0 0 1 0 139 14 0 87105 13364 1094 0 0 823 0 
0 0 1 0 0 0 396 0 1685 0 538 0 0 294 0 
1306 0 0 0 0 0 0 0 0 0 0 0 371 0 0 
12800 62 139 0 0 0 0 0 0 33 0 0 3269 0 693 
0 0 14 396 0 0 0 0 556 5 0 7726 84 0 3 
0 16509 0 0 0 0 0 0 33061 11717 0 20 0 6385 0 
310 0 87105 1685 0 0 556 33061 0 0 10 0 313 28 0 
64 0 13364 0 0 33 5 11717 0 0 0 59181 165 977 30 
0 0 1094 538 0 0 0 0 10 0 0 0 0 41605 55300 
1 2 0 0 0 0 7726 20 0 59181 0 0 39 0 2329 
0 367 0 0 371 3269 84 0 313 165 0 39 0 31 2 
0 15583 823 294 0 0 0 6385 28 977 41605 0 31 0 0 
0 0 0 0 0 693 3 0 0 30 55300 2329 2 0 0 
0 0 0 0 26597 52 0 0 14960 479 0 1 0 0 0 
0 0 0 0 0 1455 0 78 0 0 0 1 83447 630 0 
0 0 0 11 0 258 14 0 70 647 202 0 0 7 0 
0 0 11 0 0 0 48408 0 9 0 456 0 0 72 0 
26597 0 0 0 0 0 0 0 0 0 0 0 10 0 0 
52 1455 258 0 0 0 0 0 0 80 0 0 7170 0 8 
0 0 14 48408 0 0 0 0 46182 5258 0 579 1 0 17 
0 78 0 0 0 0 0 0 43924 12 0 42 0 83 0 
14960 0 70 9 0 0 46182 43924 0 0 15 0 11 298 0 
479 0 647 0 0 80 5258 12 0 0 0 418 3 12104 95 
0 0 202 456 0 0 0 0 15 0 0 0 0 19 19061 
1 1 0 0 0 0 579 42 0 418 0 0 1917 0 3 
0 83447 0 0 10 7170 1 0 11 3 0 1917 0 20 852 
0 630 7 72 0 0 0 83 298 12104 19 0 20 0 0 
0 0 0 0 0 8 17 0 0 95 19061 3 852 0 0 
