5 3
0 123 17 72 89 
123 0 116 51 121 
17 116 0 64 101 
72 51 64 0 97 
89 121 101 97 0 
0 22207 183 0 1325 
22207 0 68 0 0 
183 68 0 45 0 
0 0 45 0 46564 
1325 0 0 46564 0 
0 0 0 6 0 
0 0 0 7 27 
0 0 0 11 345 
6 7 11 0 0 
0 27 345 0 0 
0 0 0 877 0 
0 0 0 6 0 
0 0 0 0 0 
877 6 0 0 2 
0 0 0 2 0 
