50 3
0 59 64 103 62 95 95 48 90 88 90 112 64 139 74 53 26 148 87 89 78 107 103 6 100 177 116 85 94 32 58 33 140 154 91 89 149 95 129 136 69 115 101 157 54 90 105 87 127 110 
59 0 70 49 40 62 36 46 31 30 43 69 27 80 26 37 59 91 39 30 28 48 85 53 62 119 57 26 35 49 19 41 84 96 32 30 99 39 70 86 73 69 42 98 15 31 60 28 82 56 
64 70 0 118 33 51 89 98 88 95 64 73 48 126 97 33 87 124 64 86 63 108 150 62 58 154 114 86 89 33 53 83 147 156 86 84 168 106 127 100 125 78 97 140 80 90 70 87 153 86 
103 49 118 0 85 94 38 68 34 23 68 88 69 56 28 85 93 77 65 36 58 23 68 97 90 97 30 33 37 98 65 74 38 53 38 38 50 11 35 90 81 85 32 73 48 31 81 32 37 63 
62 40 33 85 0 33 56 78 55 62 34 51 15 94 66 8 77 96 33 53 30 75 125 57 38 126 81 53 55 32 21 66 113 123 53 51 135 74 94 77 106 55 64 110 53 57 45 54 121 57 
95 62 51 94 33 0 57 107 59 71 25 22 37 82 84 42 110 75 28 57 37 76 147 91 7 104 78 61 57 65 46 97 112 117 56 55 139 82 90 49 135 27 64 93 77 62 20 61 131 41 
95 36 89 38 56 57 0 77 6 17 31 50 41 44 39 58 95 55 29 6 25 20 100 89 52 83 25 11 1 78 40 76 58 67 4 6 82 27 38 57 100 48 8 62 47 8 43 10 75 27 
48 46 98 68 78 107 77 0 71 63 90 115 69 117 41 71 27 133 86 71 75 81 55 45 108 159 90 66 76 65 60 15 106 121 74 72 107 64 101 132 28 116 80 136 31 70 107 68 82 102 
90 31 88 34 55 59 6 71 0 12 34 55 39 49 33 57 89 61 31 2 25 20 94 84 56 89 27 5 5 75 38 70 58 68 4 4 81 23 41 63 94 53 11 67 41 3 47 3 71 33 
88 30 95 23 62 71 17 63 12 0 46 67 46 53 23 63 84 69 43 14 35 19 82 82 68 95 28 10 16 78 43 65 53 65 16 16 72 11 40 74 84 65 17 72 36 9 59 10 60 45 
90 43 64 68 34 25 31 90 34 46 0 25 25 61 61 41 99 61 3 32 15 51 124 84 22 92 53 36 32 65 32 83 87 94 30 30 114 57 66 45 116 26 39 76 58 37 17 36 106 22 
112 69 73 88 51 22 50 115 55 67 25 0 49 63 86 60 123 54 29 53 40 67 148 107 15 82 66 58 51 84 57 108 98 101 51 51 128 77 76 27 142 5 56 73 84 58 8 57 125 26 
64 27 48 69 15 37 41 69 39 46 25 49 0 81 52 17 74 86 23 37 16 60 112 58 38 116 66 37 40 40 8 60 98 108 37 36 119 58 79 71 97 51 49 98 41 41 41 38 105 47 
139 80 126 56 94 82 44 117 49 53 61 63 81 0 75 99 137 23 62 50 65 36 125 133 74 41 27 54 45 121 83 118 42 40 48 50 74 54 23 49 136 59 38 18 89 49 61 52 82 40 
74 26 97 28 66 84 39 41 33 23 61 86 52 75 0 64 65 92 58 34 47 39 62 69 83 117 49 28 38 73 45 46 66 80 37 35 76 23 59 96 61 84 40 94 20 31 77 29 56 66 
53 37 33 85 8 42 58 71 57 63 41 60 17 99 64 0 69 102 39 55 34 77 120 48 46 132 83 54 58 24 20 58 115 125 55 53 135 74 97 85 99 63 67 115 48 58 53 55 119 63 
26 59 87 93 77 110 95 27 89 84 99 123 74 137 65 69 0 150 95 88 85 103 79 26 113 178 112 83 93 54 66 19 131 145 91 89 135 88 124 144 43 125 99 156 48 88 115 85 110 115 
148 91 124 77 96 75 55 133 61 69 61 54 86 23 92 102 150 0 63 62 70 55 146 142 68 30 47 67 57 126 90 132 65 61 59 61 97 73 46 31 154 49 52 20 102 63 55 65 105 39 
87 39 64 65 33 28 29 86 31 43 3 29 23 62 58 39 95 63 0 29 11 49 121 81 25 93 52 33 29 63 29 79 86 93 27 27 112 54 65 48 113 29 37 77 55 34 20 33 103 24 
89 30 86 36 53 57 6 71 2 14 32 53 37 50 34 55 88 62 29 0 23 22 95 83 54 89 29 5 5 73 36 70 60 70 2 2 83 25 42 62 94 51 12 68 40 5 45 4 73 32 
78 28 63 58 30 37 25 75 25 35 15 40 16 65 47 34 85 70 11 23 0 45 110 72 35 100 50 25 25 56 20 68 83 92 22 21 106 47 64 59 101 41 33 81 43 28 32 26 96 31 
107 48 108 23 75 76 20 81 20 19 51 67 60 36 39 77 103 55 49 22 45 0 91 101 71 77 9 23 20 95 58 84 38 48 22 24 62 18 21 67 100 64 12 54 55 18 60 21 58 41 
103 85 150 68 125 147 100 55 94 82 124 148 112 125 62 120 79 146 121 95 110 91 0 100 146 164 99 90 98 119 104 71 95 110 98 97 80 74 102 156 39 147 97 141 72 91 140 91 53 127 
6 53 62 97 57 91 89 45 84 82 84 107 58 133 69 48 26 142 81 83 72 101 100 0 95 171 110 79 88 29 52 29 135 148 85 83 144 89 123 130 68 109 95 151 48 84 99 81 122 104 
100 62 58 90 38 7 52 108 56 68 22 15 38 74 83 46 113 68 25 54 35 71 146 95 0 97 72 58 53 70 47 99 106 111 52 52 134 79 84 42 135 19 59 86 77 59 13 58 127 35 
177 119 154 97 126 104 83 159 89 95 92 82 116 41 117 132 178 30 93 89 100 77 164 171 97 0 68 94 84 156 120 159 73 63 87 89 103 95 62 57 177 77 78 23 130 89 84 92 117 69 
116 57 114 30 81 78 25 90 27 28 53 66 66 27 49 83 112 47 52 29 50 9 99 110 72 68 0 31 25 102 65 93 34 42 28 30 62 26 13 62 109 62 16 45 64 26 60 29 61 39 
85 26 86 33 53 61 11 66 5 10 36 58 37 54 28 54 83 67 33 5 25 23 90 79 58 94 31 0 10 72 35 65 61 72 8 7 82 21 44 68 89 57 16 72 35 5 50 2 70 37 
94 35 89 37 55 57 1 76 5 16 32 51 40 45 38 58 93 57 29 5 25 20 98 88 53 84 25 10 0 78 40 75 58 67 3 5 82 26 39 58 99 49 8 63 45 7 44 8 74 28 
32 49 33 98 32 65 78 65 75 78 65 84 40 121 73 24 54 126 63 73 56 95 119 29 70 156 102 72 78 0 37 50 132 144 75 73 148 88 116 109 92 87 86 138 53 76 77 73 129 87 
58 19 53 65 21 46 40 60 38 43 32 57 8 83 45 20 66 90 29 36 20 58 104 52 47 120 65 35 40 37 0 51 96 106 37 35 115 54 79 78 89 58 48 100 32 39 48 36 100 51 
33 41 83 74 66 97 76 15 70 65 83 108 60 118 46 58 19 132 79 70 68 84 71 29 99 159 93 65 75 50 51 0 112 127 72 70 118 69 105 127 42 109 80 137 29 69 99 67 94 98 
140 84 147 38 113 112 58 106 58 53 87 98 98 42 66 115 131 65 86 60 83 38 95 135 106 73 34 61 58 132 96 112 0 15 60 62 32 45 22 90 116 94 49 51 86 56 94 59 44 72 
154 96 156 53 123 117 67 121 68 65 94 101 108 40 80 125 145 61 93 70 92 48 110 148 111 63 42 72 67 144 106 127 15 0 70 71 40 58 28 89 132 97 58 43 99 67 98 70 58 76 
91 32 86 38 53 56 4 74 4 16 30 51 37 48 37 55 91 59 27 2 22 22 98 85 52 87 28 8 3 75 37 72 60 70 0 2 84 27 42 59 97 49 11 66 43 7 43 7 75 29 
89 30 84 38 51 55 6 72 4 16 30 51 36 50 35 53 89 61 27 2 21 24 97 83 52 89 30 7 5 73 35 70 62 71 2 0 85 27 43 60 96 49 13 68 41 7 43 6 75 30 
149 99 168 50 135 139 82 107 81 72 114 128 119 74 76 135 135 97 112 83 106 62 80 144 134 103 62 82 82 148 115 118 32 40 84 85 0 61 54 122 110 124 75 83 97 78 122 81 27 101 
95 39 106 11 74 82 27 64 23 11 57 77 58 54 23 74 88 73 54 25 47 18 74 89 79 95 26 21 26 88 54 69 45 58 27 27 61 0 36 82 82 75 23 72 41 20 70 21 49 53 
129 70 127 35 94 90 38 101 41 40 66 76 79 23 59 97 124 46 65 42 64 21 102 123 84 62 13 44 39 116 79 105 22 28 42 43 54 36 0 68 117 72 30 38 76 39 71 43 59 49 
136 86 100 90 77 49 57 132 63 74 45 27 71 49 96 85 144 31 48 62 59 67 156 130 42 57 62 68 58 109 78 127 90 89 59 60 122 82 68 0 156 23 59 52 100 65 32 66 124 30 
69 73 125 81 106 135 100 28 94 84 116 142 97 136 61 99 43 154 113 94 101 100 39 68 135 177 109 89 99 92 89 42 116 132 97 96 110 82 117 156 0 142 101 154 58 92 133 90 83 126 
115 69 78 85 55 27 48 116 53 65 26 5 51 59 84 63 125 49 29 51 41 64 147 109 19 77 62 57 49 87 58 109 94 97 49 49 124 75 72 23 142 0 53 68 84 56 9 56 122 23 
101 42 97 32 64 64 8 80 11 17 39 56 49 38 40 67 99 52 37 12 33 12 97 95 59 78 16 16 8 86 48 80 49 58 11 13 75 23 30 59 101 53 0 56 51 11 49 14 69 30 
157 98 140 73 110 93 62 136 67 72 76 73 98 18 94 115 156 20 77 68 81 54 141 151 86 23 45 72 63 138 100 137 51 43 66 68 83 72 38 52 154 68 56 0 107 67 72 70 95 53 
54 15 80 48 53 77 47 31 41 36 58 84 41 89 20 48 48 102 55 40 43 55 72 48 77 130 64 35 45 53 32 29 86 99 43 41 97 41 76 100 58 84 51 107 0 40 75 37 76 70 
90 31 90 31 57 62 8 70 3 9 37 58 41 49 31 58 88 63 34 5 28 18 91 84 59 89 26 5 7 76 39 69 56 67 7 7 78 20 39 65 92 56 11 67 40 0 50 3 68 35 
105 60 70 81 45 20 43 107 47 59 17 8 41 61 77 53 115 55 20 45 32 60 140 99 13 84 60 50 44 77 48 99 94 98 43 43 122 70 71 32 133 9 49 72 75 50 0 50 118 21 
87 28 87 32 54 61 10 68 3 10 36 57 38 52 29 55 85 65 33 4 26 21 91 81 58 92 29 2 8 73 36 67 59 70 7 6 81 21 43 66 90 56 14 70 37 3 50 0 70 36 
127 82 153 37 121 131 75 82 71 60 106 125 105 82 56 119 110 105 103 73 96 58 53 122 127 117 61 70 74 129 100 94 44 58 75 75 27 49 59 124 83 122 69 95 76 68 118 70 0 99 
110 56 86 63 57 41 27 102 33 45 22 26 47 40 66 63 115 39 24 32 31 41 127 104 35 69 39 37 28 87 51 98 72 76 29 30 101 53 49 30 126 23 30 53 70 35 21 36 99 0 
0 0 2380 0 0 167 149 0 0 2625 0 0 0 1745 24 0 0 0 0 35558 0 0 0 816 0 24615 3480 0 0 0 4960 12 0 0 0 0 0 0 820 0 0 0 372 0 12 0 0 0 0 0 
0 0 67222 0 0 70 28 0 0 0 0 8071 5085 0 0 6657 41 805 96389 17076 85281 0 789 0 0 8679 21236 5286 4712 37139 0 0 42071 47314 289 62668 1286 0 0 3 41 0 0 0 0 3994 72241 0 175 0 
2380 67222 0 26228 23 1 8454 0 1 985 67578 79708 82024 918 88050 0 720 0 0 0 0 333 11 0 5 0 0 12 4220 0 0 13405 0 0 4 1 13 0 46711 277 77266 0 38054 4 8 0 0 0 481 9086 
0 0 26228 0 3 0 28606 0 0 0 403 186 0 0 2 0 241 2 0 2237 94416 0 1 0 555 0 17949 0 0 203 2660 6232 25827 166 0 0 0 46 301 3 0 54257 54289 0 0 519 0 5113 0 10 
0 0 23 3 0 0 0 86 30 1 21780 0 103 0 37 1 0 0 328 0 0 0 42083 0 325 0 0 0 1 0 10716 4 2023 1 4722 0 8681 102 2 0 0 4064 0 0 0 31734 1 127 14 0 
167 70 1 0 0 0 7540 0 0 0 261 14799 0 0 0 0 112 5141 0 0 22 0 0 0 756 0 0 82 0 8 0 8 1366 376 0 0 0 2451 0 69 0 0 0 0 57713 4 0 1285 0 0 
149 28 8454 28606 0 7540 0 47 187 0 36 3667 5169 0 0 0 176 373 918 44731 224 1330 18 0 3 0 0 9 5610 0 0 0 25760 20 0 143 5 11 135 0 0 35 14861 0 0 0 0 8707 0 0 
0 0 0 0 86 0 47 0 0 124 0 121 33 432 0 11957 0 29 0 0 9 18 0 0 0 0 0 24773 0 21943 0 8096 48483 0 10847 0 72 189 10 0 25550 81834 2352 69402 588 59 0 0 0 0 
0 0 1 0 30 0 187 0 0 54454 59 1 0 0 0 0 0 0 154 0 0 47029 0 0 0 10 6 0 24488 6 0 4 0 3694 0 0 1577 2553 48 111 1662 0 0 76 1402 9902 0 0 0 0 
2625 0 985 0 1 0 0 124 54454 0 51224 60169 9559 621 0 0 7234 0 21 0 0 0 71 0 45755 17 0 0 0 11822 0 0 316 50 4 13 0 0 0 41995 8 1 0 19 1939 0 0 0 0 0 
0 0 67578 403 21780 261 36 0 59 51224 0 0 0 0 56224 186 0 0 0 190 39 0 0 0 140 1 368 4 39 0 2890 0 0 0 86 0 0 0 0 89 0 0 3 10 93873 2 0 0 1810 0 
0 8071 79708 186 0 14799 3667 121 1 60169 0 0 1 2006 62715 0 0 0 2890 32 1633 75414 6385 8292 33292 157 0 6977 5 0 0 0 0 0 37237 2 5042 15008 0 2 1 0 11803 2 4783 0 0 11787 7738 8077 
0 5085 82024 0 103 0 5169 33 0 9559 0 1 0 0 6 0 410 0 26 28029 0 0 0 11345 0 0 15 0 0 3372 0 0 0 54553 0 0 0 8743 6557 47 0 0 268 2792 0 0 3 0 31 2699 
1745 0 918 0 0 0 0 432 0 621 0 2006 0 0 47 2 110 0 0 224 0 1481 0 0 0 0 0 10 61 0 0 0 0 4562 0 0 64 0 0 722 9015 2 52 0 35860 672 0 0 135 20703 
24 0 88050 2 37 0 0 0 0 0 56224 62715 6 47 0 0 5 0 0 1 0 438 0 0 18 29240 0 134 0 0 3 99 0 99 0 0 0 0 0 0 443 3731 0 11 0 81713 0 0 0 0 
0 6657 0 0 1 0 0 11957 0 0 186 0 0 2 0 0 1 109 32399 0 1661 0 0 2317 0 0 178 0 22 282 106 0 0 1031 7072 55740 0 19 148 0 0 21741 0 4461 0 0 851 0 20060 24423 
0 41 720 241 0 112 176 0 0 7234 0 0 410 110 5 1 0 7 1192 0 0 19969 0 0 0 0 4645 1 183 0 11 79910 0 73983 0 0 1342 0 0 0 0 0 0 525 0 1 1439 275 0 341 
0 805 0 2 0 5141 373 29 0 0 0 0 0 0 0 109 7 0 60 7163 178 9913 1 5 0 24457 0 0 15 0 0 0 0 52 0 0 18996 0 0 0 0 0 0 0 0 1 0 0 941 2344 
0 96389 0 0 328 0 918 0 154 21 0 2890 26 0 0 32399 1192 60 0 3 0 0 0 26124 0 0 0 0 24 52856 32364 1 7118 88062 5 548 0 8169 5 865 3 0 25 0 10 0 9 70005 0 41 
35558 17076 0 2237 0 0 44731 0 0 0 190 32 28029 224 1 0 0 7163 3 0 44 0 40267 19 699 1538 0 39 0 0 0 9 0 75 3 45 41 0 27011 0 0 0 51 31635 0 5968 1 0 1075 0 
0 85281 0 94416 0 22 224 9 0 0 39 1633 0 0 0 1661 0 178 0 44 0 94854 0 17927 73 0 0 0 2621 346 0 0 15 0 8836 12949 0 0 0 1925 0 0 73507 0 0 6473 3 104 25 617 
0 0 333 0 0 0 1330 18 47029 0 0 75414 0 1481 438 0 19969 9913 0 0 94854 0 0 0 1 4378 52 77089 0 2144 173 0 0 0 0 9 253 747 3 0 0 22 0 69 14208 2529 215 183 0 130 
0 789 11 1 42083 0 18 0 0 71 0 6385 0 0 0 0 0 1 0 40267 0 0 0 233 0 1 0 129 41574 463 1193 0 14 0 645 8 0 0 2915 13179 16 22826 0 0 5231 0 171 2 0 0 
816 0 0 0 0 0 0 0 0 0 0 8292 11345 0 0 2317 0 5 26124 19 17927 0 233 0 0 0 1138 2300 1560 0 0 0 13 0 16 0 0 37 0 568 70374 0 0 0 22 1564 1 0 0 0 
0 0 5 555 325 756 3 0 0 45755 140 33292 0 0 18 0 0 0 0 699 73 1 0 0 0 491 19568 44 6 0 246 2914 0 1121 640 309 0 0 131 0 8 0 0 0 0 474 0 65 0 1 
24615 8679 0 0 0 0 0 0 10 17 1 157 0 0 29240 0 0 24457 0 1538 0 4378 1 0 491 0 8 66778 0 187 3763 0 0 0 0 0 2 2736 9560 0 0 0 1 0 2 34 0 0 1 0 
3480 21236 0 17949 0 0 0 0 6 0 368 0 15 0 0 178 4645 0 0 0 0 52 0 1138 19568 8 0 2 30009 1 0 0 0 4769 0 0 0 0 0 20 0 0 437 0 7 0 7681 0 1 7507 
0 5286 12 0 0 82 9 24773 0 0 4 6977 0 10 134 0 1 0 0 39 0 77089 129 2300 44 66778 2 0 0 0 13 1 0 9 7611 0 88091 0 91143 1 78 0 6330 0 0 24 0 273 83944 3118 
0 4712 4220 0 1 0 5610 0 24488 0 39 5 0 61 0 22 183 15 24 0 2621 0 41574 1560 6 0 30009 0 0 0 0 5858 20310 72086 42160 1 79 1454 4039 1064 4723 1899 449 4899 0 2 330 0 49857 411 
0 37139 0 203 0 8 0 21943 6 11822 0 0 3372 0 0 282 0 0 52856 0 346 2144 463 0 0 187 1 0 0 0 8 0 3 214 476 0 2 0 8 61750 0 134 9 0 0 14054 0 140 0 509 
4960 0 0 2660 10716 0 0 0 0 0 2890 0 0 0 3 106 11 0 32364 0 0 173 1193 0 246 3763 0 13 0 8 0 13861 0 153 9 43114 0 1231 7 0 237 47 0 0 0 0 412 188 0 137 
12 0 13405 6232 4 8 0 8096 4 0 0 0 0 0 99 0 79910 0 1 9 0 0 0 0 2914 0 0 1 5858 0 13861 0 0 155 0 0 20665 250 10 0 0 0 5 41597 0 95 1189 1 594 3369 
0 42071 0 25827 2023 1366 25760 48483 0 316 0 0 0 0 0 0 0 0 7118 0 15 0 14 13 0 0 0 0 20310 3 0 0 0 15 0 1 0 0 1 4290 0 0 673 590 0 15 0 0 167 314 
0 47314 0 166 1 376 20 0 3694 50 0 0 54553 4562 99 1031 73983 52 88062 75 0 0 0 0 1121 0 4769 9 72086 214 153 155 15 0 22454 49 0 0 0 1245 43 1 0 11263 0 0 6440 0 0 4102 
0 289 4 0 4722 0 0 10847 0 4 86 37237 0 0 0 7072 0 0 5 3 8836 0 645 16 640 0 0 7611 42160 476 9 0 0 22454 0 0 38 0 0 0 4 674 0 0 1 83 0 0 11 0 
0 62668 1 0 0 0 143 0 0 13 0 2 0 0 0 55740 0 0 548 45 12949 9 8 0 309 0 0 0 1 0 43114 0 1 49 0 0 1007 221 1 3 195 0 68 1299 64 0 68 0 126 0 
0 1286 13 0 8681 0 5 72 1577 0 0 5042 0 64 0 0 1342 18996 0 41 0 253 0 0 0 2 0 88091 79 2 0 20665 0 0 38 1007 0 0 0 338 0 0 0 3458 2 80 0 0 34430 2856 
0 0 0 46 102 2451 11 189 2553 0 0 15008 8743 0 0 19 0 0 8169 0 0 747 0 37 0 2736 0 0 1454 0 1231 250 0 0 0 221 0 0 56303 0 11924 0 0 2154 0 0 0 238 0 2 
820 0 46711 301 2 0 135 10 48 0 0 0 6557 0 0 148 0 0 5 27011 0 3 2915 0 131 9560 0 91143 4039 8 7 10 1 0 0 1 0 56303 0 549 0 0 0 111 0 16 0 0 0 0 
0 3 277 3 0 69 0 0 111 41995 89 2 47 722 0 0 0 0 865 0 1925 0 13179 568 0 0 20 1 1064 61750 0 0 4290 1245 0 3 338 0 549 0 0 0 14 8 632 0 0 0 4 0 
0 41 77266 0 0 0 0 25550 1662 8 0 1 0 9015 443 0 0 0 3 0 0 0 16 70374 8 0 0 78 4723 0 237 0 0 43 4 195 0 11924 0 0 0 0 4 0 395 16 0 0 1120 0 
0 0 0 54257 4064 0 35 81834 0 1 0 0 0 2 3731 21741 0 0 0 0 0 22 22826 0 0 0 0 0 1899 134 47 0 0 1 674 0 0 0 0 0 0 0 0 0 14 0 4 0 37 0 
372 0 38054 54289 0 0 14861 2352 0 0 3 11803 268 52 0 0 0 0 25 51 73507 0 0 0 0 1 437 6330 449 9 0 5 673 0 0 68 0 0 0 14 4 0 0 0 49 0 5171 2 7512 10659 
0 0 4 0 0 0 0 69402 76 19 10 2 2792 0 11 4461 525 0 0 31635 0 69 0 0 0 0 0 0 4899 0 0 41597 590 11263 0 1299 3458 2154 111 8 0 0 0 0 0 32 0 389 0 8450 
12 0 8 0 0 57713 0 588 1402 1939 93873 4783 0 35860 0 0 0 0 10 0 0 14208 5231 22 0 2 7 0 0 0 0 0 0 0 1 64 2 0 0 632 395 14 49 0 0 0 2143 13 0 96828 
0 3994 0 519 31734 4 0 59 9902 0 2 0 0 672 81713 0 1 1 0 5968 6473 2529 0 1564 474 34 0 24 2 14054 0 95 15 0 83 0 80 0 16 0 16 0 0 32 0 0 70388 0 16255 481 
0 72241 0 0 1 0 0 0 0 0 0 0 3 0 0 851 1439 0 9 1 3 215 171 1 0 0 7681 0 330 0 412 1189 0 6440 0 68 0 0 0 0 0 4 5171 0 2143 70388 0 0 0 0 
0 0 0 5113 127 1285 8707 0 0 0 0 11787 0 0 0 0 275 0 70005 0 104 183 2 0 65 0 0 273 0 140 188 1 0 0 0 0 0 238 0 0 0 0 2 389 13 0 0 0 186 17 
0 175 481 0 14 0 0 0 0 0 1810 7738 31 135 0 20060 0 941 0 1075 25 0 0 0 0 1 1 83944 49857 0 0 594 167 0 11 126 34430 0 0 4 1120 37 7512 0 0 16255 0 186 0 0 
0 0 9086 10 0 0 0 0 0 0 0 8077 2699 20703 0 24423 341 2344 41 0 617 130 0 0 1 0 7507 3118 411 509 137 3369 314 4102 0 0 2856 2 0 0 0 0 10659 8450 96828 481 0 17 0 0 
0 1 2307 0 0 38 178 0 0 3437 0 0 0 1187 3 0 0 1 0 5172 0 0 0 2865 0 54359 251 1 0 0 17297 37 0 0 0 0 0 0 17774 0 0 0 17 0 18 0 0 0 5 0 
1 0 679 1 0 86 4 0 0 0 0 2008 797 0 0 7578 104 96 7204 3336 20179 0 54814 0 0 11649 23262 26167 5192 25593 1 0 27852 23160 53 13979 2271 0 0 13 108 0 0 0 0 5651 54192 0 69 0 
2307 679 0 3508 56 0 9617 0 1 5677 28454 63935 52314 14880 37936 0 327 0 0 0 0 4 2 0 0 0 0 17 2007 0 0 31795 0 0 6 16 11 0 7344 3713 8232 0 984 121 1 0 0 0 38 92123 
0 1 3508 0 16 0 15695 0 31 0 7277 31 0 0 0 0 70 4 0 2770 11948 0 0 0 618 0 4649 0 0 68 322 6701 9105 27 0 0 0 0 1610 2 0 52951 54761 0 0 16059 66 2064 0 5 
0 0 56 16 0 0 1 2001 2 0 84012 0 111 0 5 0 0 0 47 9 0 0 3481 0 424 0 0 0 0 0 5041 2 343 12 526 0 80586 216 3 0 2 10869 0 0 0 8699 0 0 288 0 
38 86 0 0 0 0 16038 0 0 0 495 1007 0 1 0 0 9 934 0 0 1 3 0 0 90 0 0 9 0 2 0 33 3594 31 0 0 0 32926 0 3438 0 376 0 0 36629 4 0 1756 0 0 
178 4 9617 15695 1 16038 0 2565 1 0 47 8210 1806 0 0 0 570 231 748 313 9 142 73 0 0 0 0 0 968 0 2 0 58723 134 0 17 5 12 1163 0 0 9 58394 0 0 0 0 3007 0 0 
0 0 0 0 2001 0 2565 0 0 33 0 2 378 21237 0 32765 0 4 0 0 2 1 0 0 0 0 0 41237 0 8103 0 9750 3256 0 12609 0 52 11512 20 0 379 93220 22 43134 3233 830 0 0 0 0 
0 0 1 31 2 0 1 0 0 74143 46 0 0 0 0 0 0 0 273 0 0 20674 264 0 1 85 16 0 1375 6 0 14 0 688 0 0 144 626 25 38 1742 0 0 246 4395 8436 1 0 0 0 
3437 0 5677 0 0 0 0 33 74143 0 15134 7439 28447 18 0 0 5064 0 122 0 0 0 378 0 17131 1 0 0 0 3551 0 0 91 1574 5 7 0 0 0 9305 10 43 0 61 43250 0 0 0 1 0 
0 0 28454 7277 84012 495 47 0 46 15134 0 0 0 0 1336 76 0 0 0 17362 0 0 0 0 72 1 1888 1411 167 0 18221 0 0 0 2468 10 0 0 0 15 0 0 7 1 53165 2 0 0 2030 0 
0 2008 63935 31 0 1007 8210 2 0 7439 0 0 1 3518 19982 0 0 0 500 7 399 2026 676 16818 67845 2 0 215 6 0 0 0 0 0 44155 1 598 49053 0 16 0 0 56 75 16757 0 0 38080 489 15652 
0 797 52314 0 111 0 1806 378 0 28447 0 1 0 0 0 0 8860 0 486 3278 0 0 0 1345 4 0 0 0 0 1761 0 0 0 857 0 0 0 24450 1384 198 0 0 4347 8042 0 0 0 0 133 560 
1187 0 14880 0 0 1 0 21237 0 18 0 3518 0 0 1 10 21 0 0 4957 0 48 0 0 0 0 0 1 13 0 6 24 0 248 0 0 10 0 0 21 59425 7 115 0 96677 2022 0 0 1 58788 
3 0 37936 0 5 0 0 0 0 0 1336 19982 0 1 0 0 82 0 0 3 0 5834 0 0 60 4836 0 209 0 0 51 672 0 59 0 0 0 0 0 0 85 3057 0 423 0 8268 0 0 0 0 
0 7578 0 0 0 0 0 32765 0 0 76 0 0 10 0 0 0 39 9721 0 14235 0 0 3136 0 0 40991 0 4 3155 4 0 0 708 265 70741 0 3 90 0 0 44206 0 9486 0 0 1167 0 349 38576 
0 104 327 70 0 9 570 0 0 5064 0 0 8860 21 82 0 0 2 7605 0 0 7824 0 0 0 0 2741 42 10 0 10 17484 0 54254 0 3 11676 6 0 0 0 0 0 1164 0 26 130 796 0 10647 
1 96 0 4 0 934 231 4 0 0 0 0 0 0 0 39 2 0 2 79 0 500 0 1707 0 7591 0 0 0 0 0 0 0 55 0 0 51519 0 0 0 0 0 0 0 0 1 0 0 12939 5277 
0 7204 0 0 47 0 748 0 273 122 0 500 486 0 0 9721 7605 2 0 4 0 0 0 20392 0 0 0 0 23 8808 23859 1 26063 6146 14 2615 0 1030 1 166 2 0 62 1 1006 0 0 693 0 24 
5172 3336 0 2770 9 0 313 0 0 0 17362 7 3278 4957 3 0 0 79 4 0 4 2 6168 3345 2242 763 0 25 0 0 0 1 0 280 0 2830 29 0 25715 0 0 0 431 2439 0 2243 5 0 44 0 
0 20179 0 11948 0 1 9 2 0 0 0 399 0 0 0 14235 0 0 0 4 0 20729 0 217 156 0 0 0 79 46 0 0 7 0 1979 11621 2 0 0 2736 22 0 11226 0 0 9781 3 4636 1 1223 
0 0 4 0 0 3 142 1 20674 0 0 2026 0 48 5834 0 7824 500 0 2 20729 0 17 0 0 34940 47 30420 0 55 454 0 0 0 0 0 3 19 1 0 0 7 0 3713 26863 4777 32 14 0 24 
0 54814 2 0 3481 0 73 0 264 378 0 676 0 0 0 0 0 0 0 6168 0 17 0 10 0 0 0 6 36240 368 503 0 25 2 24 0 0 1 74694 48209 1 68947 0 0 753 0 46 0 0 0 
2865 0 0 0 0 0 0 0 0 0 0 16818 1345 0 0 3136 0 1707 20392 3345 217 0 10 0 5 0 72 32446 10516 0 0 0 16 0 127 0 0 7674 0 8752 11328 3 0 0 383 311 0 0 0 0 
0 0 0 618 424 90 0 0 1 17131 72 67845 4 0 60 0 0 0 0 2242 156 0 0 5 0 25 21212 311 2 0 1558 150 0 767 4 48 0 0 3970 0 267 0 0 0 0 7239 0 131 0 13 
54359 11649 0 0 0 0 0 0 85 1 1 2 0 0 4836 0 0 7591 0 763 0 34940 0 0 25 0 1 75018 0 568 8542 0 0 0 0 0 5 30471 1730 0 12 0 0 8 2 7 0 0 1 0 
251 23262 0 4649 0 0 0 0 16 0 1888 0 0 0 0 40991 2741 0 0 0 0 47 0 72 21212 1 0 2 17933 2 0 0 0 3790 0 1 0 0 0 35 0 0 75 0 1 0 6377 0 15 3010 
1 26167 17 0 0 9 0 41237 0 0 1411 215 0 1 209 0 42 0 0 25 0 30420 6 32446 311 75018 2 0 0 0 6867 20 0 2 607 0 869 0 52504 0 4 0 150 0 0 55 0 458 28960 25 
0 5192 2007 0 0 0 968 0 1375 0 167 6 0 13 0 4 10 0 23 0 79 0 36240 10516 2 0 17933 0 0 0 12 19790 18468 12319 17 0 1 45749 48714 1268 437 60004 2748 3187 0 62 2079 0 8185 113 
0 25593 0 68 0 2 0 8103 6 3551 0 0 1761 0 0 3155 0 0 8808 0 46 55 368 0 0 568 2 0 0 0 7 0 23 3780 192 0 13 0 1 13348 0 106 168 0 0 269 35 251 0 3094 
17297 1 0 322 5041 0 2 0 0 0 18221 0 0 6 51 4 10 0 23859 0 0 454 503 0 1558 8542 0 6867 12 7 0 801 0 106 0 1425 0 2733 21 0 2057 278 0 0 2 0 510 44 0 0 
37 0 31795 6701 2 33 0 9750 14 0 0 0 0 24 672 0 17484 0 1 1 0 0 0 0 150 0 0 20 19790 0 801 0 0 2966 0 0 38073 4 15 0 0 0 104 588 0 5867 212 0 14063 11327 
0 27852 0 9105 343 3594 58723 3256 0 91 0 0 0 0 0 0 0 0 26063 0 7 0 25 16 0 0 0 0 18468 23 0 0 0 31 0 10 0 0 0 3573 0 0 378 1032 0 0 0 0 315 3014 
0 23160 0 27 12 31 134 0 688 1574 0 0 857 248 59 708 54254 55 6146 280 0 0 2 0 767 0 3790 2 12319 3780 106 2966 31 0 18612 100 2 0 0 616 1603 1 0 42285 0 2 3528 0 0 19535 
0 53 6 0 526 0 0 12609 0 5 2468 44155 0 0 0 265 0 0 14 0 1979 0 24 127 4 0 0 607 17 192 0 0 0 18612 0 0 18 0 0 0 28 1310 0 0 0 1 0 0 345 0 
0 13979 16 0 0 0 17 0 0 7 10 1 0 0 0 70741 3 0 2615 2830 11621 0 0 0 48 0 1 0 0 0 1425 0 10 100 0 0 1340 332 2 1 1073 1 4091 14831 88 0 55 32 26880 0 
0 2271 11 0 80586 0 5 52 144 0 0 598 0 10 0 0 11676 51519 0 29 2 3 0 0 0 5 0 869 1 13 0 38073 0 2 18 1340 0 0 1 1543 0 0 0 5644 1 36 0 0 479 70 
0 0 0 0 216 32926 12 11512 626 0 0 49053 24450 0 0 3 6 0 1030 0 0 19 1 7674 0 30471 0 0 45749 0 2733 4 0 0 0 332 0 0 32824 0 6369 0 0 988 0 0 0 584 0 0 
17774 0 7344 1610 3 0 1163 20 25 0 0 0 1384 0 0 90 0 0 1 25715 0 1 74694 0 3970 1730 0 52504 48714 1 21 15 0 0 0 2 1 32824 0 55 0 0 0 7 0 60 0 0 0 0 
0 13 3713 2 0 3438 0 0 38 9305 15 16 198 21 0 0 0 0 166 0 2736 0 48209 8752 0 0 35 0 1268 13348 0 0 3573 616 0 1 1543 0 55 0 0 0 4 0 4578 0 0 0 3 1 
0 108 8232 0 2 0 0 379 1742 10 0 0 0 59425 85 0 0 0 2 0 22 0 1 11328 267 12 0 4 437 0 2057 0 0 1603 28 1073 0 6369 0 0 0 0 0 0 77 89 0 0 213 0 
0 0 0 52951 10869 376 9 93220 0 43 0 0 0 7 3057 44206 0 0 0 0 0 7 68947 3 0 0 0 0 60004 106 278 0 0 1 1310 1 0 0 0 0 0 0 0 0 0 0 649 0 307 0 
17 0 984 54761 0 0 58394 22 0 0 7 56 4347 115 0 0 0 0 62 431 11226 0 0 0 0 0 75 150 2748 168 0 104 378 0 0 4091 0 0 0 4 0 0 0 0 123 0 13120 3 178 501 
0 0 121 0 0 0 0 43134 246 61 1 75 8042 0 423 9486 1164 0 1 2439 0 3713 0 0 0 8 0 0 3187 0 0 588 1032 42285 0 14831 5644 988 7 0 0 0 0 0 0 113 0 35 0 6666 
18 0 1 0 0 36629 0 3233 4395 43250 53165 16757 0 96677 0 0 0 0 1006 0 0 26863 753 383 0 2 1 0 0 0 2 0 0 0 0 88 1 0 0 4578 77 0 123 0 0 0 2027 419 0 14840 
0 5651 0 16059 8699 4 0 830 8436 0 2 0 0 2022 8268 0 26 1 0 2243 9781 4777 0 311 7239 7 0 55 62 269 0 5867 0 2 1 0 36 0 60 0 89 0 0 113 0 0 54371 0 10838 6 
0 54192 0 66 0 0 0 0 1 0 0 0 0 0 0 1167 130 0 0 5 3 32 46 0 0 0 6377 0 2079 35 510 212 0 3528 0 55 0 0 0 0 0 649 13120 0 2027 54371 0 0 0 0 
0 0 0 2064 0 1756 3007 0 0 0 0 38080 0 0 0 0 796 0 693 0 4636 14 0 0 131 0 0 458 0 251 44 0 0 0 0 32 0 584 0 0 0 0 3 35 419 0 0 0 62 210 
5 69 38 0 288 0 0 0 0 1 2030 489 133 1 0 349 0 12939 0 44 1 0 0 0 0 1 15 28960 8185 0 0 14063 315 0 345 26880 479 0 0 3 213 307 178 0 0 10838 0 62 0 4 
0 0 92123 5 0 0 0 0 0 0 0 15652 560 58788 0 38576 10647 5277 24 0 1223 24 0 0 13 0 3010 25 113 3094 0 11327 3014 19535 0 0 70 0 0 1 0 0 501 6666 14840 6 0 210 4 0 
0 0 1785 0 0 101 293 0 0 392 0 0 0 14 17 0 0 6 0 16977 0 0 0 10973 0 12749 31 0 0 1 26894 2 0 0 0 0 0 0 28 0 0 0 544 0 0 0 0 3 1 0 
0 0 1996 0 0 0 924 0 0 0 5 24905 276 0 0 11073 137 5148 87105 9135 2643 0 1045 0 0 1006 211 1194 2845 855 0 0 45329 92550 1780 18700 53763 0 0 1 3322 0 0 0 0 4649 8649 0 332 0 
1785 1996 0 14370 46 8 12262 0 0 2665 24760 1566 81286 1556 5496 0 58221 0 0 0 0 204 5 0 16 0 0 2 50983 0 0 31971 2 0 7 27 439 0 61310 37 89222 0 3912 0 10 0 0 0 33 756 
0 0 14370 0 0 0 15770 0 0 0 87 401 0 0 1 0 210 20 0 379 4682 0 0 0 75 0 842 0 0 16573 89653 9219 25828 12109 0 0 0 23 15 0 0 21278 85601 0 0 35 0 4595 0 1 
0 0 46 0 0 0 10 2196 25 1 42 0 14 0 12 0 4 0 209 0 0 0 31645 17 252 0 0 0 0 0 698 0 7607 0 598 0 2000 1796 4 0 0 1170 0 0 0 457 2 221 0 0 
101 0 8 0 0 0 28170 0 0 0 13 1616 0 0 0 0 4228 43498 0 0 5 0 0 0 31 0 0 435 0 33 0 168 20365 340 0 0 0 145 0 5 0 0 0 0 50061 2 0 1534 0 0 
293 924 12262 15770 10 28170 0 201 27 0 143 1060 1034 0 0 0 40 17036 86 11356 8 592 1 0 6 0 0 33 34803 0 2 0 21289 0 0 24 15 498 13 0 0 2 19705 0 0 0 0 3368 0 4 
0 0 0 0 2196 0 201 0 0 20719 0 3 2114 596 4 25442 0 15 0 0 2 66 0 0 0 0 0 14869 0 3334 0 2081 60306 0 546 0 1621 205 23 0 362 337 1587 16686 5374 1223 0 0 2 0 
0 0 0 0 25 0 27 0 0 7006 3632 3 0 0 0 0 0 0 205 0 0 44408 0 0 0 8 10 0 1519 4 0 0 0 1576 0 0 25 1474 8 2292 36007 46 0 5972 1720 5120 0 0 0 0 
392 0 2665 0 1 0 0 20719 7006 0 57851 352 2658 8800 0 0 848 0 42 0 0 0 2 0 29296 61 0 0 0 25209 0 0 16 4 0 6 0 0 0 4970 1 5 0 114 414 0 0 0 1 0 
0 5 24760 87 42 13 143 0 3632 57851 0 0 0 1 58296 22807 0 0 0 3224 4977 0 0 0 4 0 821 0 10 0 31 0 0 0 47 0 0 0 0 152 4 0 2 9 1212 9 1654 0 159 0 
0 24905 1566 401 0 1616 1060 3 3 352 0 0 1 2164 37777 0 0 0 71314 47 1297 34083 20899 7943 40742 7 0 33172 7 0 0 0 0 0 599 10 16760 1927 0 0 0 0 5089 1 1010 0 0 7360 4218 53585 
0 276 81286 0 14 0 1034 2114 0 2658 0 1 0 11 25 0 31 0 258 62811 0 0 0 15690 0 0 0 0 0 2981 4 0 0 42840 0 0 0 441 86 85 0 0 3844 7592 0 0 5 0 336 67433 
14 0 1556 0 0 0 0 596 0 8800 1 2164 11 0 299 35 69 0 0 90 0 299 0 0 0 0 0 0 147 0 0 1 0 92287 0 0 73 0 0 6327 8381 0 4 0 75514 736 0 0 52 5927 
17 0 5496 1 12 0 0 4 0 0 58296 37777 25 299 0 0 0 0 0 4 0 1048 0 0 12 42267 0 166 0 0 0 3313 0 125 0 30 0 0 0 0 12 4358 0 15 0 1374 0 0 0 0 
0 11073 0 0 0 0 0 25442 0 0 22807 0 0 35 0 0 90 54 61850 0 7811 0 0 4429 0 0 544 0 147 11 0 0 0 83 1869 28829 0 8 567 0 0 8050 0 5051 0 0 10 0 6669 235 
0 137 58221 210 4 4228 40 0 0 848 0 0 31 69 0 90 0 256 3250 0 0 665 0 0 0 0 59349 1 42 0 9 88930 0 182 0 0 1296 23 0 0 0 0 0 192 0 1 29518 2297 0 5 
6 5148 0 20 0 43498 17036 15 0 0 0 0 0 0 0 54 256 0 56 4049 186 77250 0 34 1 18065 0 0 10 0 0 0 0 16 0 0 22 2 0 0 0 0 0 0 0 14 0 0 462 5711 
0 87105 0 0 209 0 86 0 205 42 0 71314 258 0 0 61850 3250 56 0 9 0 0 0 5518 0 0 0 0 21 4472 206 0 9092 20571 6 46 0 19551 66 289 6 0 8 4 185 0 169 18584 0 9 
16977 9135 0 379 0 0 11356 0 0 0 3224 47 62811 90 4 0 0 4049 9 0 2 0 9113 21 106 310 0 2 0 0 0 4 0 548 0 64418 3406 0 15493 5 0 0 5 95663 0 11565 0 1 2328 0 
0 2643 0 4682 0 5 8 2 0 0 4977 1297 0 0 0 7811 0 186 0 2 0 16551 0 444 14 0 0 0 73 36 0 0 2973 0 1546 9880 0 0 0 12202 4 0 16048 0 0 2577 35 207 213 1785 
0 0 204 0 0 0 592 66 44408 0 0 34083 0 299 1048 0 665 77250 0 0 16551 0 312 0 604 1455 1923 15607 0 7352 4 0 0 0 0 0 452 11611 1 0 0 16 0 341 645 1910 1183 705 0 4 
0 1045 5 0 31645 0 1 0 0 2 0 20899 0 0 0 0 0 0 0 9113 0 312 0 113 0 0 0 10 854 17365 171 0 185 0 177 2 0 0 870 4474 2248 43676 0 2 186 0 142 25 0 0 
10973 0 0 0 17 0 0 0 0 0 0 7943 15690 0 0 4429 0 34 5518 21 444 0 113 0 1 0 16 5304 1205 0 0 0 99 0 24 0 0 8 0 173 50070 0 0 0 411 267 3 0 0 0 
0 0 16 75 252 31 6 0 0 29296 4 40742 0 0 12 0 0 1 0 106 14 604 0 1 0 251 4258 167 63 0 13643 713 0 1133 17 612 0 0 4 0 0 0 0 0 0 156 0 202 0 0 
12749 1006 0 0 0 0 0 0 8 61 0 7 0 0 42267 0 0 18065 0 310 0 1455 0 0 251 0 5 8165 0 295 291 0 0 0 0 1 0 3281 33031 0 5 0 9 2 0 329 0 0 5 0 
31 211 0 842 0 0 0 0 10 0 821 0 0 0 0 544 59349 0 0 0 0 1923 0 16 4258 5 0 0 327 1 0 0 0 2067 0 0 0 0 0 1472 0 0 20297 0 4 0 593 0 15 3185 
0 1194 2 0 0 435 33 14869 0 0 0 33172 0 0 166 0 1 0 0 2 0 15607 10 5304 167 8165 0 0 0 0 14 0 0 1454 585 1 812 0 61603 9 4882 0 2504 0 0 43 0 13129 21446 3824 
0 2845 50983 0 0 0 34803 0 1519 0 10 7 0 147 0 147 42 10 21 0 73 0 854 1205 63 0 327 0 0 0 1 325 991 34135 5704 0 616 3226 385 1489 14723 419 1399 86538 0 2 597 0 43951 658 
1 855 0 16573 0 33 0 3334 4 25209 0 0 2981 0 0 11 0 0 4472 0 36 7352 17365 0 0 295 1 0 0 0 53 0 0 145 2512 0 0 0 69 16808 0 26 1 0 0 67466 1 894 0 987 
26894 0 0 89653 698 0 2 0 0 0 31 0 4 0 0 0 9 0 206 0 0 4 171 0 13643 291 0 14 1 53 0 565 5 264 159 5089 0 103 3 0 6 31 0 0 0 0 359 504 0 2237 
2 0 31971 9219 0 168 0 2081 0 0 0 0 0 1 3313 0 88930 0 0 4 0 0 0 0 713 0 0 0 325 0 565 0 0 5 0 0 81017 16485 318 0 0 0 50 20984 0 2 166 64 5261 25761 
0 45329 2 25828 7607 20365 21289 60306 0 16 0 0 0 0 0 0 0 0 9092 0 2973 0 185 99 0 0 0 0 991 0 5 0 0 5 0 0 0 0 4 6817 0 0 56711 11021 1 20 0 0 3 786 
0 92550 0 12109 0 340 0 0 1576 4 0 0 42840 92287 125 83 182 16 20571 548 0 0 0 0 1133 0 2067 1454 34135 145 264 5 5 0 1581 133 0 0 0 746 64 3 0 33595 0 0 596 0 0 4913 
0 1780 7 0 598 0 0 546 0 0 47 599 0 0 0 1869 0 0 6 0 1546 0 177 24 17 0 0 585 5704 2512 159 0 0 1581 0 0 35 0 0 0 15 12161 0 0 117 165 23 0 48 0 
0 18700 27 0 0 0 24 0 0 6 0 10 0 0 30 28829 0 0 46 64418 9880 0 2 0 612 1 0 1 0 0 5089 0 0 133 0 0 2524 226 13 77 1082 0 2585 93 32 0 556 3 1903 0 
0 53763 439 0 2000 0 15 1621 25 0 0 16760 0 73 0 0 1296 22 0 3406 0 452 0 0 0 0 0 812 616 0 0 81017 0 0 35 2524 0 0 9 23124 0 0 0 5898 0 47 0 0 4779 2436 
0 0 0 23 1796 145 498 205 1474 0 0 1927 441 0 0 8 23 2 19551 0 0 11611 0 8 0 3281 0 0 3226 0 103 16485 0 0 0 226 0 0 40100 0 14811 0 0 58239 0 0 0 568 0 7 
28 0 61310 15 4 0 13 23 8 0 0 0 86 0 0 567 0 0 66 15493 0 1 870 0 4 33031 0 61603 385 69 3 318 4 0 0 13 9 40100 0 1385 0 0 0 120 0 455 0 0 0 0 
0 1 37 0 0 5 0 0 2292 4970 152 0 85 6327 0 0 0 0 289 5 12202 0 4474 173 0 0 1472 9 1489 16808 0 0 6817 746 0 77 23124 0 1385 0 0 0 26 3 1092 0 0 0 2 0 
0 3322 89222 0 0 0 0 362 36007 1 4 0 0 8381 12 0 0 0 6 0 4 0 2248 50070 0 5 0 4882 14723 0 6 0 0 64 15 1082 0 14811 0 0 0 1 14 0 107 12 0 0 13610 0 
0 0 0 21278 1170 0 2 337 46 5 0 0 0 0 4358 8050 0 0 0 0 0 16 43676 0 0 0 0 0 419 26 31 0 0 3 12161 0 0 0 0 0 1 0 0 0 13 0 2 0 3 0 
544 0 3912 85601 0 0 19705 1587 0 0 2 5089 3844 4 0 0 0 0 8 5 16048 0 0 0 0 9 20297 2504 1399 1 0 50 56711 0 0 2585 0 0 0 26 14 0 0 0 0 0 682 0 48721 1496 
0 0 0 0 0 0 0 16686 5972 114 9 1 7592 0 15 5051 192 0 4 95663 0 341 2 0 0 2 0 0 86538 0 0 20984 11021 33595 0 93 5898 58239 120 3 0 0 0 0 0 20 0 365 0 6632 
0 0 10 0 0 50061 0 5374 1720 414 1212 1010 0 75514 0 0 0 0 185 0 0 645 186 411 0 0 4 0 0 0 0 0 1 0 117 32 0 0 0 1092 107 13 0 0 0 0 1825 29 0 2063 
0 4649 0 35 457 2 0 1223 5120 0 9 0 0 736 1374 0 1 14 0 11565 2577 1910 0 267 156 329 0 43 2 67466 0 2 20 0 165 0 47 0 455 0 12 0 0 20 0 0 43207 0 19384 356 
0 8649 0 0 2 0 0 0 0 0 1654 0 5 0 0 10 29518 0 169 0 35 1183 142 3 0 0 593 0 597 1 359 166 0 596 23 556 0 0 0 0 0 2 682 0 1825 43207 0 0 0 0 
3 0 0 4595 221 1534 3368 0 0 0 0 7360 0 0 0 0 2297 0 18584 1 207 705 25 0 202 0 0 13129 0 894 504 64 0 0 0 3 0 568 0 0 0 0 0 365 29 0 0 0 41 166 
1 332 33 0 0 0 0 2 0 1 159 4218 336 52 0 6669 0 462 0 2328 213 0 0 0 0 5 15 21446 43951 0 0 5261 3 0 48 1903 4779 0 0 2 13610 3 48721 0 0 19384 0 41 0 7 
0 0 756 1 0 0 4 0 0 0 0 53585 67433 5927 0 235 5 5711 9 0 1785 4 0 0 0 0 3185 3824 658 987 2237 25761 786 4913 0 0 2436 7 0 0 0 0 1496 6632 2063 356 0 166 7 0 
