10 3
0 46 118 40 96 98 46 64 2 33 
46 0 88 10 53 127 3 66 48 60 
118 88 0 85 53 137 85 71 120 144 
40 10 85 0 56 117 8 56 42 59 
96 53 53 56 0 154 51 82 98 112 
98 127 137 117 154 0 125 72 99 127 
46 3 85 8 51 125 0 63 48 61 
64 66 71 56 82 72 63 0 66 97 
2 48 120 42 98 99 48 66 0 32 
33 60 144 59 112 127 61 97 32 0 
0 107 1 28 4367 1 177 65234 0 0 
107 0 3453 228 0 0 0 7 0 71 
1 3453 0 0 44 0 20984 21 0 222 
28 228 0 0 4236 0 853 0 0 0 
4367 0 44 4236 0 0 0 439 0 1 
1 0 0 0 0 0 0 0 8 0 
177 0 20984 853 0 0 0 0 14 10309 
65234 7 21 0 439 0 0 0 404 250 
0 0 0 0 0 8 14 404 0 1789 
0 71 222 0 1 0 10309 250 1789 0 
0 0 0 0 0 5 0 0 53 45 
0 0 0 0 463 754 5230 1 93371 10 
0 0 0 309 0 0 0 0 37023 0 
0 0 309 0 0 29 0 14 1106 28 
0 463 0 0 0 0 4098 0 0 427 
5 754 0 29 0 0 23051 105 0 45191 
0 5230 0 0 4098 23051 0 21169 0 0 
0 1 0 14 0 105 21169 0 0 0 
53 93371 37023 1106 0 0 0 0 0 0 
45 10 0 28 427 45191 0 0 0 0 
0 0 0 0 0 0 0 0 1067 0 
0 0 0 0 70 101 222 0 4 0 
0 0 0 357 0 51 0 0 12 0 
0 0 357 0 0 15 0 17101 2839 11 
0 70 0 0 0 0 17272 0 8 0 
0 101 51 15 0 0 14929 94 1 30633 
0 222 0 0 17272 14929 0 13935 2 0 
0 0 0 17101 0 94 13935 0 0 0 
1067 4 12 2839 8 1 2 0 0 0 
0 0 0 11 0 30633 0 0 0 0 
