30 2
0 123 17 72 89 90 77 84 122 70 141 118 117 117 58 85 94 145 69 99 137 99 30 139 114 56 50 94 70 158 
123 0 116 51 121 48 96 115 59 63 25 47 40 16 64 39 31 87 58 23 83 33 103 24 65 67 92 40 53 45 
17 116 0 64 101 90 86 66 108 71 133 119 117 113 52 81 90 150 68 93 122 97 14 135 118 53 57 84 66 154 
72 51 64 0 97 39 71 77 62 33 69 64 60 49 13 21 29 104 24 28 84 38 52 71 72 21 53 26 13 91 
89 121 101 97 0 73 26 158 158 64 146 84 88 106 88 88 93 82 73 107 181 88 104 121 67 78 49 121 84 131 
90 48 90 39 73 0 47 116 91 20 73 28 27 34 42 20 20 64 22 35 115 15 82 53 32 38 48 55 28 69 
77 96 86 71 26 47 0 136 132 38 121 63 66 81 63 62 67 73 47 81 155 62 85 98 49 54 29 95 58 110 
84 115 66 77 158 116 136 0 73 105 118 141 136 120 76 98 104 181 98 96 73 114 56 139 149 84 109 75 89 160 
122 59 108 62 158 91 132 73 0 94 51 103 96 73 74 71 70 145 85 56 25 79 93 83 118 83 115 37 74 101 
70 63 71 33 64 20 38 105 94 0 87 48 47 52 29 25 32 79 8 44 117 32 64 72 47 21 28 56 20 89 
141 25 133 69 146 73 121 118 51 87 0 70 64 41 83 62 55 108 81 43 71 58 119 37 89 88 115 49 74 52 
118 47 119 64 84 28 63 141 103 48 70 0 6 30 70 43 37 42 50 48 128 26 110 38 19 66 73 72 55 47 
117 40 117 60 88 27 66 136 96 47 64 6 0 24 67 39 32 48 48 42 121 22 108 32 25 64 74 66 52 44 
117 16 113 49 106 34 81 120 73 52 41 30 24 0 60 31 22 72 48 24 98 19 101 21 48 61 81 46 46 42 
58 64 52 13 88 42 63 76 74 29 83 70 67 60 0 29 38 107 21 41 95 45 41 82 74 9 41 39 15 102 
85 39 81 21 88 20 62 98 71 25 62 43 39 31 29 0 9 83 18 19 96 17 70 53 51 29 52 34 14 73 
94 31 90 29 93 20 67 104 70 32 55 37 32 22 38 9 0 79 27 14 95 10 79 44 48 38 60 36 24 64 
145 87 150 104 82 64 73 181 145 79 108 42 48 72 107 83 79 0 85 91 170 68 144 71 32 101 95 114 92 67 
69 58 68 24 73 22 47 98 85 8 81 50 48 48 21 18 27 85 0 37 108 30 60 70 52 16 34 48 11 88 
99 23 93 28 107 35 81 96 56 44 43 48 42 24 41 19 14 91 37 0 81 23 80 43 62 45 71 23 30 64 
137 83 122 84 181 115 155 73 25 117 71 128 121 98 95 96 95 170 108 81 0 104 107 106 143 104 136 61 97 123 
99 33 97 38 88 15 62 114 79 32 58 26 22 19 45 17 10 68 30 23 104 0 87 40 38 44 61 46 30 58 
30 103 14 52 104 82 85 56 93 64 119 110 108 101 41 70 79 144 60 80 107 87 0 123 111 44 56 70 56 143 
139 24 135 71 121 53 98 139 83 72 37 38 32 21 82 53 44 71 70 43 106 40 123 0 57 83 101 64 68 21 
114 65 118 72 67 32 49 149 118 47 89 19 25 48 74 51 48 32 52 62 143 38 111 57 0 68 66 84 60 63 
56 67 53 21 78 38 54 84 83 21 88 66 64 61 9 29 38 101 16 45 104 44 44 83 68 0 32 47 14 102 
50 92 57 53 49 48 29 109 115 28 115 73 74 81 41 52 60 95 34 71 136 61 56 101 66 32 0 79 42 117 
94 40 84 26 121 55 95 75 37 56 49 72 66 46 39 34 36 114 48 23 61 46 70 64 84 47 79 0 37 85 
70 53 66 13 84 28 58 89 74 20 74 55 52 46 15 14 24 92 11 30 97 30 56 68 60 14 42 37 0 88 
158 45 154 91 131 69 110 160 101 89 52 47 44 42 102 73 64 67 88 64 123 58 143 21 63 102 117 85 88 0 
0 5 304 14 0 9 0 249 0 1 0 3919 0 0 433 0 0 3745 1992 0 0 3022 0 0 0 0 0 20 0 11844 
5 0 70176 88 0 5 2 0 0 0 120 0 2098 0 0 0 0 0 0 6 0 0 1 0 0 1889 17580 0 0 0 
304 70176 0 7 28 0 0 6 9493 0 3 827 11409 21705 42 0 0 162 0 15 2 0 0 34 5 0 0 2 2 0 
14 88 7 0 35015 177 78 0 868 0 0 1149 0 0 373 0 222 0 0 102 10867 54 0 0 9173 0 0 0 0 0 
0 0 28 35015 0 93 921 0 140 24065 0 165 0 0 2 0 15033 0 76662 30056 0 1 0 196 6056 0 0 0 157 4 
9 5 0 177 93 0 0 27218 243 556 0 37 0 1923 3207 2408 2 687 0 18 0 0 0 111 2120 289 0 1 0 4 
0 2 0 78 921 0 0 242 3436 6241 0 0 0 10614 54617 43 0 0 0 0 0 8 18549 0 18772 0 21157 0 0 0 
249 0 6 0 0 27218 242 0 0 0 0 5485 0 0 385 2221 0 17 3 0 325 0 0 714 650 0 0 0 31221 0 
0 0 9493 868 140 243 3436 0 0 9941 0 0 136 0 2126 61311 0 574 64 0 0 0 0 0 42470 14723 0 0 89 0 
1 0 0 0 24065 556 6241 0 9941 0 26 1 0 0 0 0 1726 0 0 78 0 0 302 0 0 931 43 0 895 1 
0 120 3 0 0 0 0 0 0 26 0 55 179 0 5 150 0 523 645 1157 5 15430 25252 2 3 77655 0 143 0 36642 
3919 0 827 1149 165 37 0 5485 0 1 55 0 0 38 310 45034 757 107 0 138 0 0 7631 2868 387 0 167 4011 0 186 
0 2098 11409 0 0 0 0 0 136 0 179 0 0 0 0 0 20 11820 72743 0 44042 0 0 0 406 14 0 350 44 0 
0 0 21705 0 0 1923 10614 0 0 0 0 38 0 0 0 11466 6388 0 0 0 0 1415 1794 2 0 0 47456 155 0 0 
433 0 42 373 2 3207 54617 385 2126 0 5 310 0 0 0 65232 40 0 7 0 0 0 3 6 0 37 0 56 0 1 
0 0 0 0 0 2408 43 2221 61311 0 150 45034 0 11466 65232 0 0 2 0 0 0 4032 0 15 19548 0 0 99948 1 0 
0 0 0 222 15033 2 0 0 0 1726 0 757 20 6388 40 0 0 0 222 0 14 0 0 0 4 0 2 45 0 90 
3745 0 162 0 0 687 0 17 574 0 523 107 11820 0 0 2 0 0 0 0 0 4111 283 12 2 0 0 0 0 138 
1992 0 0 0 76662 0 0 3 64 0 645 0 72743 0 7 0 222 0 0 0 0 0 33 0 0 0 7283 0 0 2 
0 6 15 102 30056 18 0 0 0 78 1157 138 0 0 0 0 0 0 0 0 0 65095 0 71 0 2 32 17 0 10 
0 0 2 10867 0 0 0 325 0 0 5 0 44042 0 0 0 14 0 0 0 0 3083 0 1 7 0 3797 51308 87 1002 
3022 0 0 54 1 0 8 0 0 0 15430 0 0 1415 0 4032 0 4111 0 65095 3083 0 0 0 0 94 2 55 381 1 
0 1 0 0 0 0 18549 0 0 302 25252 7631 0 1794 3 0 0 283 33 0 0 0 0 4 9 0 0 0 0 0 
0 0 34 0 196 111 0 714 0 0 2 2868 0 2 6 15 0 12 0 71 1 0 4 0 1139 0 0 22 619 3899 
0 0 5 9173 6056 2120 18772 650 42470 0 3 387 406 0 0 19548 4 2 0 0 7 0 9 1139 0 0 0 1072 682 2074 
0 1889 0 0 0 289 0 0 14723 931 77655 0 14 0 37 0 0 0 0 2 0 94 0 0 0 0 671 0 0 0 
0 17580 0 0 0 0 21157 0 0 43 0 167 0 47456 0 0 2 0 7283 32 3797 2 0 0 0 671 0 0 0 416 
20 0 2 0 0 1 0 0 0 0 143 4011 350 155 56 99948 45 0 0 17 51308 55 0 22 1072 0 0 0 0 60385 
0 0 2 0 157 0 0 31221 89 895 0 0 44 0 0 1 0 0 0 0 87 381 0 619 682 0 0 0 0 2117 
11844 0 0 0 4 4 0 0 0 1 36642 186 0 0 1 0 90 138 2 10 1002 1 0 3899 2074 0 416 60385 2117 0 
0 43 0 0 1765 0 23008 0 165 108 1 18982 101 0 0 0 0 0 0 0 1 0 3445 24932 119 0 0 43683 1916 0 
43 0 0 533 0 0 0 332 17383 4 0 0 3272 0 75 43263 0 0 0 4677 0 5701 17 10 0 0 0 0 0 9 
0 0 0 0 0 46 194 0 285 0 26514 2 0 44156 0 74 0 0 0 0 640 0 9 0 4309 30 211 0 48 0 
0 533 0 0 0 0 0 0 0 0 0 0 0 0 5992 0 1723 0 0 102 0 0 23799 1 3 0 0 0 3 0 
1765 0 0 0 0 1658 0 16 0 0 8140 50523 151 0 0 0 490 158 0 0 55264 93 0 33 611 0 925 0 0 0 
0 0 46 0 1658 0 558 0 0 3 6014 7549 326 3 0 0 2126 14920 0 0 2285 6 0 0 8715 0 6 54311 0 119 
23008 0 194 0 0 558 0 3975 34 0 0 14 0 902 0 13827 0 0 0 30296 0 1 0 0 471 0 0 795 0 0 
0 332 0 0 16 0 3975 0 0 2 1884 2428 0 0 7 20463 174 19261 179 0 2 0 7 0 2765 3 13553 10250 9 0 
165 17383 285 0 0 0 34 0 0 66 0 342 0 0 8 98 7095 4 0 0 0 0 0 0 0 0 19 0 2 188 
108 4 0 0 0 3 0 2 66 0 260 2 71 695 0 0 0 0 24015 0 0 6438 451 0 0 30 0 39 0 0 
1 0 26514 0 8140 6014 0 1884 0 260 0 3205 0 1 129 0 0 0 0 4135 1 35698 0 22861 90 0 0 0 0 1 
18982 0 2 0 50523 7549 14 2428 342 2 3205 0 0 1 111 0 9747 0 1752 12228 5011 14 0 0 0 0 0 507 0 41179 
101 3272 0 0 151 326 0 0 0 71 0 0 0 1 0 0 0 13 36 0 0 0 0 0 0 85 0 2 0 0 
0 0 44156 0 0 3 902 0 0 695 1 1 1 0 0 3 15049 128 3 0 0 9 1054 3517 10974 0 525 0 0 0 
0 75 0 5992 0 0 0 7 8 0 129 111 0 0 0 7939 245 0 0 65396 55416 3 5 0 0 0 45557 0 12 2451 
0 43263 74 0 0 0 13827 20463 98 0 0 0 0 3 7939 0 349 218 174 0 63334 0 17 49 2 98959 0 0 0 0 
0 0 0 1723 490 2126 0 174 7095 0 0 9747 0 15049 245 349 0 30639 0 1 19 0 33225 0 5 0 0 0 83478 0 
0 0 0 0 158 14920 0 19261 4 0 0 0 13 128 0 218 30639 0 3 4572 0 0 0 2950 358 0 0 0 0 0 
0 0 0 0 0 0 0 179 0 24015 0 1752 36 3 0 174 0 3 0 5078 2 546 213 4078 21 15 257 0 0 0 
0 4677 0 102 0 0 30296 0 0 0 4135 12228 0 0 65396 0 1 4572 5078 0 0 0 159 57141 8 0 0 9 0 0 
1 0 640 0 55264 2285 0 2 0 0 1 5011 0 0 55416 63334 19 0 2 0 0 771 940 72185 0 0 3 1597 375 10 
0 5701 0 0 93 6 1 0 0 6438 35698 14 0 9 3 0 0 0 546 0 771 0 362 33722 0 40 12795 3763 63141 6 
3445 17 9 23799 0 0 0 7 0 451 0 0 0 1054 5 17 33225 0 213 159 940 362 0 0 0 16603 0 0 0 1161 
24932 10 0 1 33 0 0 0 0 0 22861 0 0 3517 0 49 0 2950 4078 57141 72185 33722 0 0 0 441 0 0 0 0 
119 0 4309 3 611 8715 471 2765 0 0 90 0 0 10974 0 2 5 358 21 8 0 0 0 0 0 4008 0 0 0 462 
0 0 30 0 0 0 0 3 0 30 0 0 85 0 0 98959 0 0 15 0 0 40 16603 441 4008 0 1625 929 52542 39 
0 0 211 0 925 6 0 13553 19 0 0 0 0 525 45557 0 0 0 257 0 3 12795 0 0 0 1625 0 3077 0 0 
43683 0 0 0 0 54311 795 10250 0 39 0 507 2 0 0 0 0 0 0 9 1597 3763 0 0 0 929 3077 0 0 196 
1916 0 48 3 0 0 0 9 2 0 0 0 0 0 12 0 83478 0 0 0 375 63141 0 0 0 52542 0 0 0 22325 
0 9 0 0 0 119 0 0 188 0 1 41179 0 0 2451 0 0 0 0 0 10 6 1161 0 462 39 0 196 22325 0 
