7 3
0 123 17 72 89 90 77 
123 0 116 51 121 48 96 
17 116 0 64 101 90 86 
72 51 64 0 97 39 71 
89 121 101 97 0 73 26 
90 48 90 39 73 0 47 
77 96 86 71 26 47 0 
0 27805 2711 92 0 13049 0 
27805 0 833 0 0 195 4699 
2711 833 0 0 1787 0 0 
92 0 0 0 0 7195 0 
0 0 1787 0 0 0 0 
13049 195 0 7195 0 0 0 
0 4699 0 0 0 0 0 
0 0 0 0 0 0 0 
0 0 0 0 0 0 44390 
0 0 0 0 0 4585 2 
0 0 0 0 0 149 0 
0 0 0 0 0 434 0 
0 0 4585 149 434 0 60993 
0 44390 2 0 0 60993 0 
0 0 8711 9 0 6401 10521 
0 0 0 0 0 0 28 
8711 0 0 0 0 0 2463 
9 0 0 0 24421 24207 0 
0 0 0 24421 0 61 171 
6401 0 0 24207 61 0 0 
10521 28 2463 0 171 0 0 
