7 3
0 46 118 40 96 98 46 
46 0 88 10 53 127 3 
118 88 0 85 53 137 85 
40 10 85 0 56 117 8 
96 53 53 56 0 154 51 
98 127 137 117 154 0 125 
46 3 85 8 51 125 0 
0 2684 406 147 0 0 0 
2684 0 4 1 194 0 4367 
406 4 0 3453 19 0 0 
147 1 3453 0 122 0 44 
0 194 19 122 0 22404 4236 
0 0 0 0 22404 0 238 
0 4367 0 44 4236 238 0 
0 0 0 0 74684 309 45 
0 0 0 0 0 1318 0 
0 0 0 0 0 17898 463 
0 0 0 0 0 1203 0 
74684 0 0 0 0 0 0 
309 1318 17898 1203 0 0 0 
45 0 463 0 0 0 0 
0 0 0 0 4095 357 46 
0 0 0 0 0 24 0 
0 0 0 0 0 6790 70 
0 0 0 0 0 21 0 
4095 0 0 0 0 0 0 
357 24 6790 21 0 0 0 
46 0 70 0 0 0 0 
