40 4
0 123 17 72 89 90 77 84 122 70 141 118 117 117 58 85 94 145 69 99 137 99 30 139 114 56 50 94 70 158 148 87 53 161 64 94 106 62 87 81 
123 0 116 51 121 48 96 115 59 63 25 47 40 16 64 39 31 87 58 23 83 33 103 24 65 67 92 40 53 45 35 36 95 46 119 29 43 89 107 43 
17 116 0 64 101 90 86 66 108 71 133 119 117 113 52 81 90 150 68 93 122 97 14 135 118 53 57 84 66 154 139 82 62 151 46 88 94 69 69 78 
72 51 64 0 97 39 71 77 62 33 69 64 60 49 13 21 29 104 24 28 84 38 52 71 72 21 53 26 13 91 77 19 58 89 74 23 41 56 72 18 
89 121 101 97 0 73 26 158 158 64 146 84 88 106 88 88 93 82 73 107 181 88 104 121 67 78 49 121 84 131 156 94 43 167 143 101 136 41 157 86 
90 48 90 39 73 0 47 116 91 20 73 28 27 34 42 20 20 64 22 35 115 15 82 53 32 38 48 55 28 69 83 26 49 95 111 30 68 42 111 21 
77 96 86 71 26 47 0 136 132 38 121 63 66 81 63 62 67 73 47 81 155 62 85 98 49 54 29 95 58 110 130 68 24 142 124 75 110 17 134 60 
84 115 66 77 158 116 136 0 73 105 118 141 136 120 76 98 104 181 98 96 73 114 56 139 149 84 109 75 89 160 120 94 114 129 22 95 74 118 9 96 
122 59 108 62 158 91 132 73 0 94 51 103 96 73 74 71 70 145 85 56 25 79 93 83 118 83 115 37 74 101 50 65 120 57 87 60 22 118 63 72 
70 63 71 33 64 20 38 105 94 0 87 48 47 52 29 25 32 79 8 44 117 32 64 72 47 21 28 56 20 89 96 31 31 108 97 38 71 26 102 23 
141 25 133 69 146 73 121 118 51 87 0 70 64 41 83 62 55 108 81 43 71 58 119 37 89 88 115 49 74 52 10 57 118 21 127 50 44 113 110 65 
118 47 119 64 84 28 63 141 103 48 70 0 6 30 70 43 37 42 50 48 128 26 110 38 19 66 73 72 55 47 80 46 73 90 138 47 82 64 135 45 
117 40 117 60 88 27 66 136 96 47 64 6 0 24 67 39 32 48 48 42 121 22 108 32 25 64 74 66 52 44 73 42 75 83 134 41 76 66 130 42 
117 16 113 49 106 34 81 120 73 52 41 30 24 0 60 31 22 72 48 24 98 19 101 21 48 61 81 46 46 42 51 31 83 62 122 26 54 76 113 35 
58 64 52 13 88 42 63 76 74 29 83 70 67 60 0 29 38 107 21 41 95 45 41 82 74 9 41 39 15 102 90 29 47 103 69 35 53 47 72 25 
85 39 81 21 88 20 62 98 71 25 62 43 39 31 29 0 9 83 18 19 96 17 70 53 51 29 52 34 14 73 71 6 56 83 95 13 49 51 92 3 
94 31 90 29 93 20 67 104 70 32 55 37 32 22 38 9 0 79 27 14 95 10 79 44 48 38 60 36 24 64 64 10 64 76 103 10 48 58 98 13 
145 87 150 104 82 64 73 181 145 79 108 42 48 72 107 83 79 0 85 91 170 68 144 71 32 101 95 114 92 67 117 88 93 125 176 89 125 84 176 85 
69 58 68 24 73 22 47 98 85 8 81 50 48 48 21 18 27 85 0 37 108 30 60 70 52 16 34 48 11 88 90 23 38 102 91 31 63 34 94 15 
99 23 93 28 107 35 81 96 56 44 43 48 42 24 41 19 14 91 37 0 81 23 80 43 62 45 71 23 30 64 52 13 75 65 98 6 34 70 89 21 
137 83 122 84 181 115 155 73 25 117 71 128 121 98 95 96 95 170 108 81 0 104 107 106 143 104 136 61 97 123 67 89 142 71 92 85 47 141 64 96 
99 33 97 38 88 15 62 114 79 32 58 26 22 19 45 17 10 68 30 23 104 0 87 40 38 44 61 46 30 58 68 19 63 79 112 20 58 56 108 20 
30 103 14 52 104 82 85 56 93 64 119 110 108 101 41 70 79 144 60 80 107 87 0 123 111 44 56 70 56 143 125 70 61 137 39 76 80 68 58 67 
139 24 135 71 121 53 98 139 83 72 37 38 32 21 82 53 44 71 70 43 106 40 123 0 57 83 101 64 68 21 46 52 103 54 142 47 68 95 131 57 
114 65 118 72 67 32 49 149 118 47 89 19 25 48 74 51 48 32 52 62 143 38 111 57 0 68 66 84 60 63 99 57 65 109 143 59 97 55 144 53 
56 67 53 21 78 38 54 84 83 21 88 66 64 61 9 29 38 101 16 45 104 44 44 83 68 0 32 47 14 102 96 31 37 109 75 39 62 37 81 25 
50 92 57 53 49 48 29 109 115 28 115 73 74 81 41 52 60 95 34 71 136 61 56 101 66 32 0 79 42 117 124 57 5 136 95 65 94 12 107 49 
94 40 84 26 121 55 95 75 37 56 49 72 66 46 39 34 36 114 48 23 61 46 70 64 84 47 79 0 37 85 55 28 84 67 79 25 15 81 67 35 
70 53 66 13 84 28 58 89 74 20 74 55 52 46 15 14 24 92 11 30 97 30 56 68 60 14 42 37 0 88 82 17 47 95 83 24 52 44 84 11 
158 45 154 91 131 69 110 160 101 89 52 47 44 42 102 73 64 67 88 64 123 58 143 21 63 102 117 85 88 0 58 73 118 62 163 68 88 110 152 76 
148 35 139 77 156 83 130 120 50 96 10 80 73 51 90 71 64 117 90 52 67 68 125 46 99 96 124 55 82 58 0 66 128 12 130 58 47 122 111 74 
87 36 82 19 94 26 68 94 65 31 57 46 42 31 29 6 10 88 23 13 89 19 70 52 57 31 57 28 17 73 66 0 61 78 93 7 42 57 88 8 
53 95 62 58 43 49 24 114 120 31 118 73 75 83 47 56 64 93 38 75 142 63 61 103 65 37 5 84 47 118 128 61 0 140 100 69 99 9 113 53 
161 46 151 89 167 95 142 129 57 108 21 90 83 62 103 83 76 125 102 65 71 79 137 54 109 109 136 67 95 62 12 78 140 0 141 71 58 134 120 86 
64 119 46 74 143 111 124 22 87 97 127 138 134 122 69 95 103 176 91 98 92 112 39 142 143 75 95 79 83 163 130 93 100 141 0 96 82 106 28 92 
94 29 88 23 101 30 75 95 60 38 50 47 41 26 35 13 10 89 31 6 85 20 76 47 59 39 65 25 24 68 58 7 69 71 96 0 38 64 89 15 
106 43 94 41 136 68 110 74 22 71 44 82 76 54 53 49 48 125 63 34 47 58 80 68 97 62 94 15 52 88 47 42 99 58 82 38 0 96 65 49 
62 89 69 56 41 42 17 118 118 26 113 64 66 76 47 51 58 84 34 70 141 56 68 95 55 37 12 81 44 110 122 57 9 134 106 64 96 0 116 49 
87 107 69 72 157 111 134 9 63 102 110 135 130 113 72 92 98 176 94 89 64 108 58 131 144 81 107 67 84 152 111 88 113 120 28 89 65 116 0 90 
81 43 78 18 86 21 60 96 72 23 65 45 42 35 25 3 13 85 15 21 96 20 67 57 53 25 49 35 11 76 74 8 53 86 92 15 49 49 90 0 
0 1107 4709 31909 0 17 1572 6053 0 0 0 0 0 0 4 60 0 2065 71 821 0 0 109 0 6 0 0 0 0 0 42 60 262 15208 12 0 0 0 6103 734 
1107 0 0 0 0 0 0 0 350 0 0 19026 0 5840 0 0 0 9 0 353 2111 0 9 115 5794 22 0 3342 0 0 2727 2 59 1 0 53 0 0 770 0 
4709 0 0 0 0 11820 0 6056 0 0 0 0 11 0 0 3491 0 0 0 62 0 0 0 0 0 8117 0 2 69 11703 0 1746 0 19086 10230 11167 0 3 0 0 
31909 0 0 0 2 0 116 0 0 0 541 0 0 0 0 0 6778 0 2652 0 0 10 0 330 0 1901 2161 10750 0 0 9 0 0 98128 0 69 0 121 2 32 
0 0 0 2 0 8 0 0 0 75611 0 0 0 0 0 1287 781 195 33454 0 0 792 29339 26 0 0 0 0 0 1 17067 8 16706 665 8 38 0 0 1653 0 
17 0 11820 0 8 0 0 0 0 0 140 0 26981 0 0 0 25424 4 0 61 0 4034 0 0 83 8 44 0 0 13074 11 0 87 2373 0 0 0 55 0 1 
1572 0 0 116 0 0 0 0 0 349 0 19 3 26 0 1 69936 0 0 63 0 0 100 32 198 0 11024 0 0 937 0 3 478 62765 17 6391 0 0 209 0 
6053 0 6056 0 0 0 0 0 0 53 51 0 2 0 0 0 0 0 11 0 0 10988 0 0 0 0 4650 8 0 0 0 0 2 0 0 36 0 42 0 1 
0 350 0 0 0 0 0 0 0 0 0 0 79881 0 2552 1630 0 0 2 14058 0 0 0 24 0 93 0 0 77 0 7651 0 733 0 0 2 0 0 0 0 
0 0 0 0 75611 0 349 53 0 0 24106 328 0 1 0 0 0 890 4767 0 0 12 0 17 0 0 20513 6580 0 188 0 14189 1446 0 4468 8818 0 0 1438 0 
0 0 0 541 0 140 0 51 0 24106 0 0 0 1 0 0 0 212 0 0 0 0 3 0 0 0 0 0 210 33627 0 1007 0 0 0 23 1009 0 0 1 
0 19026 0 0 0 0 19 0 0 328 0 0 0 17 34 0 0 17 0 0 8780 0 0 0 0 85 477 61 0 0 0 0 10 96769 7459 45 0 0 586 0 
0 0 11 0 0 26981 3 2 79881 0 0 0 0 31555 7857 3425 0 57744 0 29515 1190 38867 87070 5423 3496 0 0 476 44 7 1 0 3 32 0 0 5560 0 0 0 
0 5840 0 0 0 0 26 0 0 1 1 17 31555 0 0 2 725 1609 0 0 2 0 0 1222 0 0 48 37 35 0 0 1328 1 333 0 1457 4448 0 24540 93865 
4 0 0 0 0 0 0 0 2552 0 0 34 7857 0 0 183 0 0 682 5 0 1 0 0 512 33990 30465 0 0 0 0 0 32 1 0 0 36 0 3027 11518 
60 0 3491 0 1287 0 1 0 1630 0 0 0 3425 2 183 0 0 0 0 0 15031 0 20005 10 568 89 0 0 0 9183 5811 1 14 509 2229 38 10989 44 89 5278 
0 0 0 6778 781 25424 69936 0 0 0 0 0 0 725 0 0 0 0 167 1179 45 72902 314 0 0 0 0 23 4 0 1194 58498 0 22456 2898 2 0 0 199 0 
2065 9 0 0 195 4 0 0 0 890 212 17 57744 1609 0 0 0 0 48782 2 187 22 0 22 22 0 0 0 0 0 38 20414 12977 5610 0 12 1985 0 4084 12 
71 0 0 2652 33454 0 0 11 2 4767 0 0 0 0 682 0 167 48782 0 0 28 0 2 0 0 2185 0 1147 0 0 94486 38 9 0 0 3 22255 0 0 0 
821 353 62 0 0 61 63 0 14058 0 0 0 29515 0 5 0 1179 2 0 0 2485 0 1 149 96 1148 0 0 0 5 42756 0 3211 0 0 63497 1713 0 37 9638 
0 2111 0 0 0 0 0 0 0 0 0 8780 1190 2 0 15031 45 187 28 2485 0 1324 7 0 16981 2 8496 0 985 0 1491 36311 0 383 0 8655 0 0 0 0 
0 0 0 10 792 4034 0 10988 0 12 0 0 38867 0 1 0 72902 22 0 0 1324 0 8 239 0 53905 231 0 62 0 0 43 320 0 2237 0 4888 0 3 0 
109 9 0 0 29339 0 100 0 0 0 3 0 87070 0 0 20005 314 0 2 1 7 8 0 0 9 0 200 0 0 3 6742 8029 0 0 84036 0 5 0 1963 0 
0 115 0 330 26 0 32 0 24 17 0 0 5423 1222 0 10 0 22 0 149 0 239 0 0 0 0 630 0 15670 4 6118 0 24811 0 46356 8426 0 0 1 0 
6 5794 0 0 0 83 198 0 0 0 0 0 3496 0 512 568 0 22 0 96 16981 0 9 0 0 0 0 5 7804 873 0 38 5641 0 0 0 5555 0 0 42 
0 22 8117 1901 0 8 0 0 93 0 0 85 0 0 33990 89 0 0 2185 1148 2 53905 0 0 0 0 3 602 0 110 0 4 0 138 0 4 0 2 0 0 
0 0 0 2161 0 44 11024 4650 0 20513 0 477 0 48 30465 0 0 0 0 0 8496 231 200 630 0 3 0 54 0 5846 71972 892 0 4 0 36 0 1776 98912 0 
0 3342 2 10750 0 0 0 8 0 6580 0 61 476 37 0 0 23 0 1147 0 0 0 0 0 5 602 54 0 0 0 0 97 0 0 288 0 3 0 40171 0 
0 0 69 0 0 0 0 0 77 0 210 0 44 35 0 0 4 0 0 0 985 62 0 15670 7804 0 0 0 0 4002 0 1 0 0 3121 1 0 0 0 2 
0 0 11703 0 1 13074 937 0 0 188 33627 0 7 0 0 9183 0 0 0 5 0 0 3 4 873 110 5846 0 4002 0 3 239 1330 0 0 1198 287 0 0 2728 
42 2727 0 9 17067 11 0 0 7651 0 0 0 1 0 0 5811 1194 38 94486 42756 1491 0 6742 6118 0 0 71972 0 0 3 0 0 8 0 0 0 0 80960 0 115 
60 2 1746 0 8 0 3 0 0 14189 1007 0 0 1328 0 1 58498 20414 38 0 36311 43 8029 0 38 4 892 97 1 239 0 0 91 1865 0 37665 0 0 25 0 
262 59 0 0 16706 87 478 2 733 1446 0 10 3 1 32 14 0 12977 9 3211 0 320 0 24811 5641 0 0 0 0 1330 8 91 0 0 93208 0 0 88869 1 0 
15208 1 19086 98128 665 2373 62765 0 0 0 0 96769 32 333 1 509 22456 5610 0 0 383 0 0 0 0 138 4 0 0 0 0 1865 0 0 0 0 0 0 1 0 
12 0 10230 0 8 0 17 0 0 4468 0 7459 0 0 0 2229 2898 0 0 0 0 2237 84036 46356 0 0 0 288 3121 0 0 0 93208 0 0 8752 0 529 0 670 
0 53 11167 69 38 0 6391 36 2 8818 23 45 0 1457 0 38 2 12 3 63497 8655 0 0 8426 0 4 36 0 1 1198 0 37665 0 0 8752 0 0 678 0 5 
0 0 0 0 0 0 0 0 0 0 1009 0 5560 4448 36 10989 0 1985 22255 1713 0 4888 5 0 5555 0 0 3 0 287 0 0 0 0 0 0 0 0 0 6 
0 0 3 121 0 55 0 42 0 0 0 0 0 0 0 44 0 0 0 0 0 0 0 0 0 2 1776 0 0 0 80960 0 88869 0 529 678 0 0 179 0 
6103 770 0 2 1653 0 209 0 0 1438 0 586 0 24540 3027 89 199 4084 0 37 0 3 1963 1 0 0 98912 40171 0 0 0 25 1 1 0 0 0 179 0 762 
734 0 0 32 0 1 0 1 0 0 1 0 0 93865 11518 5278 0 12 0 9638 0 0 0 0 42 0 0 0 2 2728 115 0 0 0 670 5 6 0 762 0 
0 10 0 23 2 19261 4 13028 0 15 0 0 0 508 4 0 0 248 2126 13 0 0 0 0 14003 0 14 29583 0 27 0 5 0 32 0 0 0 0 49104 1 
10 0 0 474 0 0 7 145 2 0 0 0 0 0 0 0 2037 1 0 597 0 0 0 2371 78 44646 0 94 0 0 13 24 247 1 10473 0 0 0 13 0 
0 0 0 0 10 13 3 611 17 0 370 0 0 141 0 77924 0 0 0 70600 0 0 0 458 75410 2534 416 11 0 10419 0 0 0 0 10482 44197 0 0 1740 77468 
23 474 0 0 0 0 5990 0 0 8 1 5284 0 0 41941 0 0 51451 0 4721 50525 3634 3 0 0 0 27399 0 2985 2685 0 0 41 2472 0 26335 0 69 1593 0 
2 0 10 0 0 701 2429 0 14405 0 14234 0 159 1031 38616 0 0 0 0 2 0 0 28 0 92785 2 487 0 41 3 0 0 48 0 0 113 1 0 0 0 
19261 0 13 0 701 0 5701 0 0 15 0 4616 2 6446 16174 68 0 4 0 798 0 0 0 21101 83 0 0 0 0 1921 0 15 0 7 1 0 2 0 0 2201 
4 7 3 5990 2429 5701 0 0 12630 56449 0 0 3 1 0 0 0 0 2123 1 0 1 0 1234 0 0 8728 0 0 0 0 0 21 6 0 23 0 0 1 0 
13028 145 611 0 0 0 0 0 0 1 8036 0 0 4 68 17445 0 0 90 979 94239 2 3966 0 5 16 0 15724 136 0 0 0 77737 1 0 0 0 470 0 0 
0 2 17 0 14405 0 12630 0 0 0 0 81763 0 1 0 0 1612 0 0 0 0 70 85 10712 0 98497 3432 0 2 83781 50 0 2914 464 93681 0 1642 0 0 48771 
15 0 0 8 0 15 56449 1 0 0 55 11 306 136 12174 0 0 0 0 0 0 0 313 0 0 0 13087 36 21 0 23241 1 0 0 68897 761 0 0 0 0 
0 0 370 1 14234 0 0 8036 0 55 0 153 0 16 151 0 21801 0 0 1885 140 0 357 1 0 3 2 1 165 12 0 0 372 19 186 0 0 0 0 447 
0 0 0 5284 0 4616 0 0 81763 11 153 0 0 37 2507 0 0 2004 30 6883 0 51139 0 888 7911 0 57408 0 7087 0 0 122 0 2 0 0 531 0 2078 29233 
0 0 0 0 159 2 3 0 0 306 0 0 0 0 58449 1859 0 115 0 0 0 0 8230 3433 1869 0 30 23247 0 0 0 2138 1 0 321 1057 4433 0 0 0 
508 0 141 0 1031 6446 1 4 1 136 16 37 0 0 0 1 0 1767 0 5612 20 6655 0 1153 0 0 0 1 0 0 58277 0 3 0 5257 4469 0 0 0 1 
4 0 0 41941 38616 16174 0 68 0 12174 151 2507 58449 0 0 32 0 0 0 0 0 395 0 0 0 24 11 0 58770 3 2543 0 0 18648 0 0 52768 2 0 74935 
0 0 77924 0 0 68 0 17445 0 0 0 0 1859 1 32 0 5 0 0 0 0 19193 0 7990 0 46 0 63981 0 103 0 1627 5581 194 13 38130 0 44644 6 0 
0 2037 0 0 0 0 0 0 1612 0 21801 0 0 0 0 5 0 469 88916 10050 13428 0 0 2858 0 18142 520 0 0 29 0 70395 0 0 0 0 2 0 0 2355 
248 1 0 51451 0 4 0 0 0 0 0 2004 115 1767 0 0 469 0 0 422 0 429 0 44 0 88 5 0 0 93 1 2490 0 114 5 0 0 68229 18868 0 
2126 0 0 0 0 0 2123 90 0 0 0 30 0 0 0 0 88916 0 0 80347 0 1477 0 36 38 13870 0 0 0 14 0 0 0 1670 2016 6768 2157 0 1665 1386 
13 597 70600 4721 2 798 1 979 0 0 1885 6883 0 5612 0 0 10050 422 80347 0 0 0 9198 80 0 0 52010 40 16213 22911 0 0 0 6 23961 0 5 163 0 0 
0 0 0 50525 0 0 0 94239 0 0 140 0 0 20 0 0 13428 0 0 0 0 0 170 0 53 0 413 0 0 31520 0 6 0 7 0 46 1168 6 0 995 
0 0 0 3634 0 0 1 2 70 0 0 51139 0 6655 395 19193 0 429 1477 0 0 0 9 0 0 65419 0 0 6 0 0 10960 0 0 0 30 0 0 25 7599 
0 0 0 3 28 0 0 3966 85 313 357 0 8230 0 0 0 0 0 0 9198 170 9 0 6 1 5943 20839 1377 28434 9941 2284 0 71085 4 92 0 0 0 4 1 
0 2371 458 0 0 21101 1234 0 10712 0 1 888 3433 1153 0 7990 2858 44 36 80 0 0 6 0 0 89 45516 77626 111 1031 136 2290 420 0 0 16 0 0 0 50 
14003 78 75410 0 92785 83 0 5 0 0 0 7911 1869 0 0 0 0 0 38 0 53 0 1 0 0 5000 0 231 8 1887 6246 14 7636 0 0 436 0 227 0 0 
0 44646 2534 0 2 0 0 16 98497 0 3 0 0 0 24 46 18142 88 13870 0 0 65419 5943 89 5000 0 0 152 123 0 28 15 140 970 0 5394 0 0 979 1126 
14 0 416 27399 487 0 8728 0 3432 13087 2 57408 30 0 11 0 520 5 0 52010 413 0 20839 45516 0 0 0 0 0 1 565 13 7961 0 0 0 0 3 0 0 
29583 94 11 0 0 0 0 15724 0 36 1 0 23247 1 0 63981 0 0 0 40 0 0 1377 77626 231 152 0 0 2 18 1 9205 40 9343 23 0 4 11651 0 50 
0 0 0 2985 41 0 0 136 2 21 165 7087 0 0 58770 0 0 0 0 16213 0 6 28434 111 8 123 0 2 0 0 170 6093 6747 0 0 0 0 0 0 42838 
27 0 10419 2685 3 1921 0 0 83781 0 12 0 0 0 3 103 29 93 14 22911 31520 0 9941 1031 1887 0 1 18 0 0 19 0 1 0 0 0 0 389 0 4634 
0 13 0 0 0 0 0 0 50 23241 0 0 0 58277 2543 0 0 1 0 0 0 0 2284 136 6246 28 565 1 170 19 0 0 0 0 30773 25 0 0 69 0 
5 24 0 0 0 15 0 0 0 1 0 122 2138 0 0 1627 70395 2490 0 0 6 10960 0 2290 14 15 13 9205 6093 0 0 0 5 0 0 65 5851 1 0 21755 
0 247 0 41 48 0 21 77737 2914 0 372 0 1 3 0 5581 0 0 0 0 0 0 71085 420 7636 140 7961 40 6747 1 0 5 0 6229 0 0 0 4 0 44519 
32 1 0 2472 0 7 6 1 464 0 19 2 0 0 18648 194 0 114 1670 6 7 0 4 0 0 970 0 9343 0 0 0 0 6229 0 0 1 0 14375 0 14 
0 10473 10482 0 0 1 0 0 93681 68897 186 0 321 5257 0 13 0 5 2016 23961 0 0 92 0 0 0 0 23 0 0 30773 0 0 0 0 1698 0 58 1 0 
0 0 44197 26335 113 0 23 0 0 761 0 0 1057 4469 0 38130 0 0 6768 0 46 30 0 16 436 5394 0 0 0 0 25 65 0 1 1698 0 2 0 211 0 
0 0 0 0 1 2 0 0 1642 0 0 531 4433 0 52768 0 2 0 2157 5 1168 0 0 0 0 0 0 4 0 0 0 5851 0 0 0 2 0 0 0 55540 
0 0 0 69 0 0 0 470 0 0 0 0 0 0 2 44644 0 68229 0 163 6 0 0 0 227 0 3 11651 0 389 0 1 4 14375 58 0 0 0 7115 30 
49104 13 1740 1593 0 0 1 0 0 0 0 2078 0 0 0 6 0 18868 1665 0 0 25 4 0 0 979 0 0 0 0 69 0 0 0 1 211 0 7115 0 5471 
1 0 77468 0 0 2201 0 0 48771 0 447 29233 0 1 74935 0 2355 0 1386 0 995 7599 1 50 0 1126 0 50 42838 4634 0 21755 44519 14 0 0 55540 30 5471 0 
0 0 242 12 0 0 0 826 4011 686 3 7 0 99498 0 0 0 0 2 181 3730 55606 7 0 784 0 64 131 0 0 0 17315 4 0 0 0 1 0 26946 184 
0 0 74 0 0 107 77 9173 782 1081 0 0 0 4040 229 0 0 4 8 791 8822 3784 0 104 5892 193 36177 0 0 0 0 10112 0 166 42891 0 150 0 0 0 
242 74 0 14 373 0 1413 376 45 2 7 43230 0 267 0 0 28633 39 0 10836 0 3 10136 48612 0 31158 33931 124 26 0 2 0 1 0 0 0 36 109 0 0 
12 0 14 0 31212 0 0 42470 0 0 0 0 0 0 2 77 0 0 8 0 7043 0 30652 0 0 0 1 330 59520 0 52 0 43 949 0 0 4 0 1046 7 
0 0 373 31212 0 83 3022 15 55 410 86064 40465 528 0 0 1 0 76 357 0 2665 0 8 13 3 168 0 0 174 0 27456 2292 0 0 577 0 14178 0 0 59525 
0 107 0 0 83 0 1 0 0 5340 0 1 0 12716 58 0 33559 4 0 0 3914 9838 0 0 1674 90 7 28 5483 309 131 0 0 108 57 12954 1802 0 0 0 
0 77 1413 0 3022 1 0 140 0 221 0 1351 17 918 0 0 10975 0 1 74 14 0 0 0 0 18 0 0 66 189 0 0 6 3 0 0 17206 0 1 0 
826 9173 376 42470 15 0 140 0 94414 0 639 9561 13849 3 20 671 4699 0 6073 0 2140 1 1915 2 53043 0 0 0 621 0 0 849 0 0 0 0 0 14485 33531 9 
4011 782 45 0 55 0 0 94414 0 0 27413 0 37 1040 0 0 73 0 20 8 3243 10409 4209 0 541 14 3888 25 1985 0 3 14 81065 0 326 95354 0 1000 154 4573 
686 1081 2 0 410 5340 221 0 0 0 1 386 20 0 2479 17246 0 0 0 60 39193 0 0 30424 0 0 0 0 0 8 615 84 0 0 2 0 6 18923 0 0 
3 0 7 0 86064 0 0 639 27413 1 0 0 0 1 2 0 1 0 0 0 0 0 0 398 32489 0 38 135 0 0 0 0 1 0 45 2344 0 0 0 6028 
7 0 43230 0 40465 1 1351 9561 0 386 0 0 0 246 0 0 372 10779 4990 77 0 0 0 27 35 269 0 0 0 0 11 0 0 1035 0 0 0 0 0 0 
0 0 0 0 528 0 17 13849 37 20 0 0 0 0 0 0 0 7 58195 0 0 3 0 0 0 16 0 8 0 0 93113 0 0 1471 0 0 0 79090 0 0 
99498 4040 267 0 0 12716 918 3 1040 0 1 246 0 0 52 15 0 3 13379 1 18 1 0 70329 14156 137 47218 78 21 5 0 53 40 196 85 3 0 0 0 417 
0 229 0 2 0 58 0 20 0 2479 2 0 0 52 0 0 16 0 0 0 0 0 8797 0 0 0 464 42 0 0 2 28 0 0 0 3 0 363 0 0 
0 0 0 77 1 0 0 671 0 17246 0 0 0 15 0 0 16 105 2 0 0 0 0 2 0 0 94094 9023 879 1 0 83427 14 22 8510 0 0 0 0 0 
0 0 28633 0 0 33559 10975 4699 73 0 1 372 0 0 16 16 0 677 0 0 1 3287 21 13 0 84 0 0 8895 0 834 0 74 3 50 0 349 5 13963 0 
0 4 39 0 76 4 0 0 0 0 0 10779 7 3 0 105 677 0 0 1495 308 0 0 289 0 92 42026 0 1080 0 7474 0 0 6924 0 77295 0 1050 0 48383 
2 8 0 8 357 0 1 6073 20 0 0 4990 58195 13379 0 2 0 0 0 0 0 3714 85 0 5 74 5 759 55 0 0 2635 1562 36658 36987 145 6 0 216 0 
181 791 10836 0 0 0 74 0 8 60 0 77 0 1 0 0 0 1495 0 0 0 0 398 0 0 0 0 0 0 0 23 0 356 46 0 49 33073 110 161 0 
3730 8822 0 7043 2665 3914 14 2140 3243 39193 0 0 0 18 0 0 1 308 0 0 0 0 0 0 0 57 1474 0 34363 33814 0 0 400 5 12 16 136 0 0 204 
55606 3784 3 0 0 9838 0 1 10409 0 0 0 3 1 0 0 3287 0 3714 0 0 0 0 0 35 50 0 0 42615 0 2597 0 0 41763 0 0 0 143 0 0 
7 0 10136 30652 8 0 0 1915 4209 0 0 0 0 0 8797 0 21 0 85 398 0 0 0 0 0 66841 0 1603 2 654 0 0 3 0 5444 0 7962 277 1 0 
0 104 48612 0 13 0 0 2 0 30424 398 27 0 70329 0 2 13 289 0 0 0 0 0 0 0 0 3263 0 1281 70036 0 0 4 917 67459 739 0 0 0 0 
784 5892 0 0 3 1674 0 53043 541 0 32489 35 0 14156 0 0 0 0 5 0 0 35 0 0 0 1902 0 150 0 950 14317 277 0 36165 0 0 0 0 394 855 
0 193 31158 0 168 90 18 0 14 0 0 269 16 137 0 0 84 92 74 0 57 50 66841 0 1902 0 478 0 0 42351 71 47 0 0 0 1 34 0 0 0 
64 36177 33931 1 0 7 0 0 3888 0 38 0 0 47218 464 94094 0 42026 5 0 1474 0 0 3263 0 478 0 634 0 3031 0 9 0 23 0 148 105 0 0 0 
131 0 124 330 0 28 0 0 25 0 135 0 8 78 42 9023 0 0 759 0 0 0 1603 0 150 0 634 0 7 0 0 0 160 23218 5661 64 0 0 0 0 
0 0 26 59520 174 5483 66 621 1985 0 0 0 0 21 0 879 8895 1080 55 0 34363 42615 2 1281 0 0 0 7 0 0 0 0 4538 54 0 420 0 0 0 4 
0 0 0 0 0 309 189 0 0 8 0 0 0 5 0 1 0 0 0 0 33814 0 654 70036 950 42351 3031 0 0 0 0 0 2 240 5 3898 8 951 5 0 
0 0 2 52 27456 131 0 0 3 615 0 11 93113 0 2 0 834 7474 0 23 0 2597 0 0 14317 71 0 0 0 0 0 15 5585 0 0 0 6423 0 27163 0 
17315 10112 0 0 2292 0 0 849 14 84 0 0 0 53 28 83427 0 0 2635 0 0 0 0 0 277 47 9 0 0 0 15 0 6 49455 0 772 171 0 0 0 
4 0 1 43 0 0 6 0 81065 0 1 0 0 40 0 14 74 0 1562 356 400 0 3 4 0 0 0 160 4538 2 5585 6 0 100 0 0 0 3 0 41 
0 166 0 949 0 108 3 0 0 0 0 1035 1471 196 0 22 3 6924 36658 46 5 41763 0 917 36165 0 23 23218 54 240 0 49455 100 0 3402 0 0 0 1 4 
0 42891 0 0 577 57 0 0 326 2 45 0 0 85 0 8510 50 0 36987 0 12 0 5444 67459 0 0 0 5661 0 5 0 0 0 3402 0 39166 48915 235 300 48 
0 0 0 0 0 12954 0 0 95354 0 2344 0 0 3 3 0 0 77295 145 49 16 0 0 739 0 1 148 64 420 3898 0 772 0 0 39166 0 0 0 0 1087 
1 150 36 4 14178 1802 17206 0 0 6 0 0 0 0 0 0 349 0 6 33073 136 0 7962 0 0 34 105 0 0 8 6423 171 0 0 48915 0 0 0 0 0 
0 0 109 0 0 0 0 14485 1000 18923 0 0 79090 0 363 0 5 1050 0 110 0 143 277 0 0 0 0 0 0 951 0 0 3 0 235 0 0 0 0 159 
26946 0 0 1046 0 0 1 33531 154 0 0 0 0 0 0 0 13963 0 216 161 0 0 1 0 394 0 0 0 0 5 27163 0 0 1 300 0 0 0 0 0 
184 0 0 7 59525 0 0 9 4573 0 6028 0 0 417 0 0 0 48383 0 0 204 0 0 0 855 0 0 0 4 0 0 0 41 4 48 1087 0 159 0 0 
0 0 3975 1 44 0 0 340 507 46905 0 3 0 1723 0 0 72 30892 28290 0 47 0 1348 0 249 0 393 0 0 0 0 5 0 0 6 225 6 0 3 0 
0 0 22493 18 213 0 1445 3 0 0 42255 223 0 0 0 0 14274 26631 0 0 0 0 0 54983 0 930 23501 5290 0 0 4229 0 515 36379 0 4405 0 7 0 7900 
3975 22493 0 249 5992 67 4 0 0 12 0 0 347 0 1 0 57 0 0 0 0 0 8 0 3 0 0 7 0 0 217 0 25 57023 34501 38101 1124 85155 429 0 
1 18 249 0 2 30639 6766 0 780 13382 2492 354 0 9184 0 0 5 0 0 0 34966 5002 0 0 0 0 1 2 0 0 0 0 190 0 2 0 41453 249 0 29 
44 213 5992 2 0 56 0 0 3763 8032 0 550 15 72022 0 26965 43 0 3 0 0 68 16 2 65100 0 17 2 0 1 1 0 0 327 4 0 0 21 921 0 
0 0 67 30639 56 0 62 10974 35 0 0 0 67 6051 257 0 2 0 121 0 0 65 0 393 34101 11 2 4329 0 10200 6 834 44 0 2171 1019 242 72595 176 30 
0 1445 4 6766 0 62 0 6383 3077 0 4 678 0 0 173 0 1 0 2963 47 0 0 9286 0 0 0 29945 2201 0 0 2655 11639 0 0 1253 1 306 0 6466 0 
340 3 0 0 0 10974 6383 0 740 0 8 23 496 83817 0 0 0 743 0 1237 0 14 0 0 0 3 0 0 20 0 0 0 2 0 0 723 0 0 10 0 
507 0 0 780 3763 35 3077 740 0 0 0 15448 45946 145 0 47416 84294 22 408 62338 135 0 0 0 0 4242 1686 0 2 0 136 0 323 0 1 0 0 37244 0 278 
46905 0 12 13382 8032 0 0 0 0 0 0 0 3 0 37674 1187 0 2 0 0 29 204 159 0 1 2869 0 12 0 0 0 2223 141 1 0 0 0 270 0 0 
0 42255 0 2492 0 0 4 8 0 0 0 0 0 77253 2609 0 0 0 0 1052 1095 9 0 2 0 0 3630 16 0 0 0 0 0 0 70 0 30301 172 20712 78937 
3 223 0 354 550 0 678 23 15448 0 0 0 0 546 4855 0 121 0 0 6764 51 1 0 0 0 0 6364 143 0 0 231 0 0 0 0 0 72 1386 6 0 
0 0 347 0 15 67 0 496 45946 3 0 0 0 0 0 4 2 38 0 13 0 20 4426 369 0 0 0 0 14 3242 35 17621 0 0 12635 0 3 0 9 0 
1723 0 0 9184 72022 6051 0 83817 145 0 77253 546 0 0 0 4314 0 0 53892 0 57 0 1843 0 12981 11 146 3229 0 0 0 11606 0 0 10 0 3 2 0 1725 
0 0 1 0 0 257 173 0 0 37674 2609 4855 0 0 0 0 0 0 0 0 24317 1 0 54 0 0 0 0 83 4 112 49 0 0 0 8 1946 0 50043 525 
0 0 0 0 26965 0 0 0 47416 1187 0 0 4 4314 0 0 0 0 0 0 0 0 0 13173 4201 1110 100 1078 78 0 41486 60 43133 0 0 0 0 34 1510 179 
72 14274 57 5 43 2 1 0 84294 0 0 121 2 0 0 0 0 1 0 0 61885 17 2362 0 71549 0 268 0 16 9 5 0 0 75500 0 0 0 0 0 12439 
30892 26631 0 0 0 0 0 743 22 2 0 0 38 0 0 0 1 0 6914 66 0 631 0 1 0 9179 6604 3 0 1987 0 0 80823 0 212 17 0 1371 0 0 
28290 0 0 0 3 121 2963 0 408 0 0 0 0 53892 0 0 0 6914 0 457 0 179 53 51294 507 0 0 20 0 0 0 0 1026 0 0 0 0 0 96 0 
0 0 0 0 0 0 47 1237 62338 0 1052 6764 13 0 0 0 0 66 457 0 0 0 0 45308 303 0 5987 16 0 4 19315 242 0 0 403 0 0 3 0 5510 
47 0 0 34966 0 0 0 0 135 29 1095 51 0 57 24317 0 61885 0 0 0 0 2186 0 0 0 0 89832 0 0 47 3764 0 304 35510 0 1417 189 0 2222 0 
0 0 0 5002 68 65 0 14 0 204 9 1 20 0 1 0 17 631 179 0 2186 0 0 0 3182 50 0 3 2 0 58 112 0 0 1 20308 0 34 0 42373 
1348 0 8 0 16 0 9286 0 0 159 0 0 4426 1843 0 0 2362 0 53 0 0 0 0 0 30 0 19 16280 0 0 70213 1900 0 0 0 0 10234 0 90795 7 
0 54983 0 0 2 393 0 0 0 0 2 0 369 0 54 13173 0 1 51294 45308 0 0 0 0 133 0 0 1281 0 0 0 0 0 855 60 0 0 0 0 1875 
249 0 3 0 65100 34101 0 0 0 1 0 0 0 12981 0 4201 71549 0 507 303 0 3182 30 133 0 2 0 0 82 0 0 0 32 0 0 0 47 0 0 2857 
0 930 0 0 0 11 0 3 4242 2869 0 0 0 11 0 1110 0 9179 0 0 0 50 0 0 2 0 0 39 0 6 0 0 0 682 5 0 26 0 0 0 
393 23501 0 1 17 2 29945 0 1686 0 3630 6364 0 146 0 100 268 6604 0 5987 89832 0 19 0 0 0 0 0 26 0 0 3488 0 0 0 28876 0 0 0 10 
0 5290 7 2 2 4329 2201 0 0 12 16 143 0 3229 0 1078 0 3 20 16 0 3 16280 1281 0 39 0 0 0 0 166 0 132 0 0 0 36 0 0 0 
0 0 0 0 0 0 0 20 2 0 0 0 14 0 83 78 16 0 0 0 0 2 0 0 82 0 26 0 0 0 0 9883 0 464 36 0 0 10 0 0 
0 0 0 0 1 10200 0 0 0 0 0 0 3242 0 4 0 9 1987 0 4 47 0 0 0 0 6 0 0 0 0 0 5 0 9 136 0 0 0 3 0 
0 4229 217 0 1 6 2655 0 136 0 0 231 35 0 112 41486 5 0 0 19315 3764 58 70213 0 0 0 0 166 0 0 0 5 0 0 0 0 67 533 0 1034 
5 0 0 0 0 834 11639 0 0 2223 0 0 17621 11606 49 60 0 0 0 242 0 112 1900 0 0 0 3488 0 9883 5 5 0 382 227 16391 0 0 0 3 0 
0 515 25 190 0 44 0 2 323 141 0 0 0 0 0 43133 0 80823 1026 0 304 0 0 0 32 0 0 132 0 0 0 382 0 0 139 0 0 768 23 34 
0 36379 57023 0 327 0 0 0 0 1 0 0 0 0 0 0 75500 0 0 0 35510 0 0 855 0 682 0 0 464 9 0 227 0 0 0 0 2 130 0 13 
6 0 34501 2 4 2171 1253 0 1 0 70 0 12635 10 0 0 0 212 0 403 0 1 0 60 0 5 0 0 36 136 0 16391 139 0 0 18470 30581 0 27831 5363 
225 4405 38101 0 0 1019 1 723 0 0 0 0 0 0 8 0 0 17 0 0 1417 20308 0 0 0 0 28876 0 0 0 0 0 0 0 18470 0 0 401 1213 10 
6 0 1124 41453 0 242 306 0 0 0 30301 72 3 3 1946 0 0 0 0 0 189 0 10234 0 47 26 0 36 0 0 67 0 0 2 30581 0 0 0 4761 10 
0 7 85155 249 21 72595 0 0 37244 270 172 1386 0 2 0 34 0 1371 0 3 0 34 0 0 0 0 0 0 10 0 533 0 768 130 0 401 0 0 3005 0 
3 0 429 0 921 176 6466 10 0 0 20712 6 9 0 50043 1510 0 0 96 0 2222 0 90795 0 0 0 0 0 0 3 0 3 23 0 27831 1213 4761 3005 0 246 
0 7900 0 29 0 30 0 0 278 0 78937 0 0 1725 525 179 12439 0 0 5510 0 42373 7 1875 2857 0 10 0 0 0 1034 0 34 13 5363 10 10 0 246 0 
