30 4
0 46 118 40 96 98 46 64 2 33 36 47 55 9 108 78 35 54 61 95 45 105 61 79 70 72 108 28 39 45 
46 0 88 10 53 127 3 66 48 60 37 19 78 48 107 43 36 50 104 90 43 84 63 35 92 25 124 21 29 63 
118 88 0 85 53 137 85 71 120 144 83 106 102 125 70 117 84 138 148 59 75 25 72 92 105 80 111 92 78 92 
40 10 85 0 56 117 8 56 42 59 26 26 68 43 98 54 26 55 95 82 33 79 53 44 82 34 114 12 19 52 
96 53 53 56 0 154 51 82 98 112 71 66 108 100 106 67 71 96 146 90 69 65 81 42 118 33 138 68 62 93 
98 127 137 117 154 0 125 72 99 127 90 138 49 106 75 170 91 153 52 79 87 112 73 161 36 148 37 107 99 64 
46 3 85 8 51 125 0 63 48 61 34 22 76 49 104 46 34 53 103 87 40 81 60 36 90 26 122 20 27 60 
64 66 71 56 82 72 63 0 66 97 32 83 30 73 44 110 33 107 76 31 23 50 3 95 36 81 59 52 37 22 
2 48 120 42 98 99 48 66 0 32 38 48 56 7 110 78 37 54 61 97 47 107 63 81 71 74 110 30 42 47 
33 60 144 59 112 127 61 97 32 0 67 48 88 24 142 71 66 34 83 128 77 134 94 83 103 82 141 52 68 79 
36 37 83 26 71 90 34 32 38 67 0 51 41 44 77 80 1 75 74 61 10 68 29 70 55 58 88 20 9 26 
47 19 106 26 66 138 22 83 48 48 51 0 90 45 125 31 50 31 108 109 59 103 80 35 105 34 140 31 46 76 
55 78 102 68 108 49 76 30 56 88 41 90 0 63 62 121 41 107 46 54 39 80 29 112 15 99 53 58 50 15 
9 48 125 43 100 106 49 73 7 24 44 45 63 0 117 75 43 47 66 104 53 112 70 79 79 73 117 33 47 54 
108 107 70 98 106 75 104 44 110 142 77 125 62 117 0 149 78 152 105 17 67 45 48 131 55 116 42 96 80 64 
78 43 117 54 67 170 46 110 78 71 80 31 121 75 149 0 80 40 140 132 87 120 107 25 135 36 168 62 73 106 
35 36 84 26 71 91 34 33 37 66 1 50 41 43 78 80 0 74 74 62 11 69 30 70 55 58 89 19 9 26 
54 50 138 55 96 153 53 107 54 34 75 31 107 47 152 40 74 0 113 136 84 134 104 59 123 63 160 55 72 95 
61 104 148 95 146 52 103 76 61 83 74 108 46 66 105 140 74 113 0 100 77 126 75 139 50 129 81 83 83 56 
95 90 59 82 90 79 87 31 97 128 61 109 54 104 17 132 62 136 100 0 52 34 34 114 51 99 52 81 64 52 
45 43 75 33 69 87 40 23 47 77 10 59 39 53 67 87 11 84 77 52 0 59 20 74 51 61 81 29 13 24 
105 84 25 79 65 112 81 50 107 134 68 103 80 112 45 120 69 134 126 34 59 0 51 98 81 84 86 82 66 72 
61 63 72 53 81 73 60 3 63 94 29 80 29 70 48 107 30 104 75 34 20 51 0 93 37 79 61 49 34 20 
79 35 92 44 42 161 36 95 81 83 70 35 112 79 131 25 70 59 139 114 74 98 93 0 125 14 155 56 62 96 
70 92 105 82 118 36 90 36 71 103 55 105 15 79 55 135 55 123 50 51 51 81 37 125 0 112 38 73 63 29 
72 25 80 34 33 148 26 81 74 82 58 34 99 73 116 36 58 63 129 99 61 84 79 14 112 0 140 46 49 83 
108 124 111 114 138 37 122 59 110 141 88 140 53 117 42 168 89 160 81 52 81 86 61 155 38 140 0 108 95 65 
28 21 92 12 68 107 20 52 30 52 20 31 58 33 96 62 19 55 83 81 29 82 49 56 73 46 108 0 17 44 
39 29 78 19 62 99 27 37 42 68 9 46 50 47 80 73 9 72 83 64 13 66 34 62 63 49 95 17 0 34 
45 63 92 52 93 64 60 22 47 79 26 76 15 54 64 106 26 95 56 52 24 72 20 96 29 83 65 44 34 0 
0 0 0 0 16311 151 49 98508 4 88 0 1 0 0 0 0 7712 0 30 10 592 0 0 0 30 5 6 35627 4729 2481 
0 0 0 0 0 56 0 0 0 0 3 108 12030 74794 16604 0 28 4317 1 770 6659 18 0 0 6 49 0 0 172 0 
0 0 0 16819 152 20392 0 8 192 0 0 109 1 8263 0 0 0 0 0 0 0 0 0 4 49232 2493 49891 0 20195 0 
0 0 16819 0 0 10 3 6 8 1 204 0 48 0 1163 0 14566 0 0 164 5 222 166 29 92 293 0 28750 72 0 
16311 0 152 0 0 0 0 34 0 0 18 0 0 0 183 6876 0 0 0 1 16797 0 0 0 0 151 0 0 0 0 
151 56 20392 10 0 0 0 0 0 0 475 0 0 0 1 279 0 34 0 0 211 0 0 1897 209 0 108 1197 2 9 
49 0 0 3 0 0 0 0 0 21533 151 0 0 3516 19 0 0 0 0 3 38 0 636 0 6 40978 0 0 1 0 
98508 0 8 6 34 0 0 0 48 84679 0 108 245 237 18366 0 0 0 1 48512 1 29 1623 17 18 0 165 4385 940 0 
4 0 192 8 0 0 0 48 0 0 1176 0 0 30023 0 13 15942 0 14633 0 0 0 0 0 0 2278 0 0 0 14 
88 0 0 1 0 0 21533 84679 0 0 4390 14 36413 26551 0 91 5781 0 0 11 2 2314 0 0 34648 0 19177 1 0 1935 
0 3 0 204 18 475 151 0 1176 4390 0 12 0 0 1937 17 588 0 3184 0 0 0 0 0 2 17 13 0 4681 17 
1 108 109 0 0 0 0 108 0 14 12 0 0 10005 0 52 26 8 0 1135 0 1 51316 4925 1 21 0 0 343 2594 
0 12030 1 48 0 0 0 245 0 36413 0 0 0 0 703 0 0 7485 0 0 12882 0 0 1 2241 0 120 4054 3120 0 
0 74794 8263 0 0 0 3516 237 30023 26551 0 10005 0 0 11 0 0 0 1 0 61997 19162 0 0 0 0 0 0 0 0 
0 16604 0 1163 183 1 19 18366 0 0 1937 0 703 11 0 0 24 1 480 1 1 2556 0 0 3 0 79 0 3411 41135 
0 0 0 0 6876 279 0 0 13 91 17 52 0 0 0 0 63 0 97302 16664 0 0 0 5 34 0 2933 4761 18 0 
7712 28 0 14566 0 0 0 0 15942 5781 588 26 0 0 24 63 0 20258 0 1 594 0 239 2 1 21 657 19 42 45252 
0 4317 0 0 0 34 0 0 0 0 0 8 7485 0 1 0 20258 0 777 0 0 2 2 1898 0 0 0 8196 49 0 
30 1 0 0 0 0 0 1 14633 0 3184 0 0 1 480 97302 0 777 0 0 0 0 62 0 623 0 14371 5125 43 9575 
10 770 0 164 1 0 3 48512 0 11 0 1135 0 0 1 16664 1 0 0 0 0 3389 0 3350 28 8468 0 0 1659 616 
592 6659 0 5 16797 211 38 1 0 2 0 0 12882 61997 1 0 594 0 0 0 0 0 0 1938 0 56 22270 0 0 0 
0 18 0 222 0 0 0 29 0 2314 0 1 0 19162 2556 0 0 2 0 3389 0 0 28 0 549 0 0 6 0 34038 
0 0 0 166 0 0 636 1623 0 0 0 51316 0 0 0 0 239 2 62 0 0 28 0 0 0 677 13112 0 0 13846 
0 0 4 29 0 1897 0 17 0 0 0 4925 1 0 0 5 2 1898 0 3350 1938 0 0 0 62 0 0 0 0 3382 
30 6 49232 92 0 209 6 18 0 34648 2 1 2241 0 3 34 1 0 623 28 0 549 0 62 0 18 1623 0 0 0 
5 49 2493 293 151 0 40978 0 2278 0 17 21 0 0 0 0 21 0 0 8468 56 0 677 0 18 0 109 22345 0 159 
6 0 49891 0 0 108 0 165 0 19177 13 0 120 0 79 2933 657 0 14371 0 22270 0 13112 0 1623 109 0 0 0 1 
35627 0 0 28750 0 1197 0 4385 0 1 0 0 4054 0 0 4761 19 8196 5125 0 0 6 0 0 0 22345 0 0 0 148 
4729 172 20195 72 0 2 1 940 0 0 4681 343 3120 0 3411 18 42 49 43 1659 0 0 0 0 0 0 0 0 0 688 
2481 0 0 0 0 9 0 0 14 1935 17 2594 0 0 41135 0 45252 0 9575 616 0 34038 13846 3382 0 159 1 148 688 0 
0 61 85 0 43775 32473 0 16422 16 2747 44 0 1 0 0 3416 0 0 972 1045 38 1932 686 0 0 0 0 0 0 0 
61 0 2 0 0 38 1406 16 28301 0 0 2096 1648 44031 39398 0 0 82902 2 782 0 4 101 0 0 10 43845 0 0 0 
85 2 0 0 0 96185 20396 0 373 0 0 0 0 4303 997 0 7 11 0 0 0 28 127 226 0 1794 77638 10 86264 1 
0 0 0 0 0 0 0 0 0 0 43357 0 65 0 16488 78 0 0 0 29 3 1333 14373 3 0 0 3 68523 0 85 
43775 0 0 0 0 8 840 25 0 13 20 0 0 13297 1010 0 5 83 1 0 0 0 221 0 2770 153 486 0 508 0 
32473 38 96185 0 8 0 71024 15255 0 10877 373 0 0 1 25 0 282 0 278 50643 22806 1822 0 44 169 55726 0 0 0 23 
0 1406 20396 0 840 71024 0 0 0 15069 29 71716 20 19410 17 0 2608 0 0 18 73 6616 14217 45 0 0 22 0 0 585 
16422 16 0 0 25 15255 0 0 45 0 0 435 0 0 13806 385 0 0 0 27919 24 33 2696 0 36 193 0 0 27146 1185 
16 28301 373 0 0 0 0 45 0 18 848 19 0 0 0 171 0 0 586 0 0 12 0 3555 0 0 63 0 4 0 
2747 0 0 0 13 10877 15069 0 18 0 36267 7 0 65976 4 2 38 0 0 0 0 4841 0 0 13070 3 0 0 0 18633 
44 0 0 43357 20 373 29 0 848 36267 0 0 1857 67 11690 0 0 0 581 1561 0 2963 0 0 10 365 0 779 6834 0 
0 2096 0 0 0 0 71716 435 19 7 0 0 35051 0 4943 696 596 31 8 0 44 0 1343 1545 0 844 0 0 0 0 
1 1648 0 65 0 0 20 0 0 0 1857 35051 0 188 25 2484 7174 0 55 4056 7658 3294 65965 1 0 21 0 12963 476 918 
0 44031 4303 0 13297 1 19410 0 0 65976 67 0 188 0 0 0 613 131 2 0 390 25770 50198 0 0 3 5 372 0 26 
0 39398 997 16488 1010 25 17 13806 0 4 11690 4943 25 0 0 0 139 0 19 0 0 0 0 0 0 98561 241 12578 66857 0 
3416 0 0 78 0 0 0 385 171 2 0 696 2484 0 0 0 144 0 3658 164 0 0 21635 0 0 0 151 0 0 17 
0 0 7 0 5 282 2608 0 0 38 0 596 7174 613 139 144 0 0 466 0 3 0 366 0 0 9 80 0 0 192 
0 82902 11 0 83 0 0 0 0 0 0 31 0 131 0 0 0 0 29392 0 3982 0 0 0 46 0 140 89288 159 2 
972 2 0 0 1 278 0 0 586 0 581 8 55 2 19 3658 466 29392 0 7879 9 0 17 344 25 0 4161 1165 657 0 
1045 782 0 29 0 50643 18 27919 0 0 1561 0 4056 0 0 164 0 0 7879 0 0 0 50227 5028 50 1535 0 0 0 0 
38 0 0 3 0 22806 73 24 0 0 0 44 7658 390 0 0 3 3982 9 0 0 0 0 0 1 0 0 3 5 0 
1932 4 28 1333 0 1822 6616 33 12 4841 2963 0 3294 25770 0 0 0 0 0 0 0 0 20 2 24 0 0 0 0 1260 
686 101 127 14373 221 0 14217 2696 0 0 0 1343 65965 50198 0 21635 366 0 17 50227 0 20 0 0 0 15 32902 156 635 0 
0 0 226 3 0 44 45 0 3555 0 0 1545 1 0 0 0 0 0 344 5028 0 2 0 0 0 3 643 9 5532 127 
0 0 0 0 2770 169 0 36 0 13070 10 0 0 0 0 0 0 46 25 50 1 24 0 0 0 0 2675 0 0 15 
0 10 1794 0 153 55726 0 193 0 3 365 844 21 3 98561 0 9 0 0 1535 0 0 15 3 0 0 1740 2353 0 0 
0 43845 77638 3 486 0 22 0 63 0 0 0 0 5 241 151 80 140 4161 0 0 0 32902 643 2675 1740 0 95227 0 0 
0 0 10 68523 0 0 0 0 0 0 779 0 12963 372 12578 0 0 89288 1165 0 3 0 156 9 0 2353 95227 0 43 50 
0 0 86264 0 508 0 0 27146 4 0 6834 0 476 0 66857 0 0 159 657 0 5 0 635 5532 0 0 0 43 0 0 
0 0 1 85 0 23 585 1185 0 18633 0 0 918 26 0 17 192 2 0 0 0 1260 0 127 15 0 0 50 0 0 
0 1 2 3 0 0 69 0 1049 0 2100 5 2317 0 2214 4 0 17 0 0 0 23 0 16824 0 0 3 0 23059 116 
1 0 0 0 0 3193 0 0 0 0 0 0 50025 0 4508 0 0 2559 0 0 0 0 0 0 0 0 0 0 0 0 
2 0 0 10179 1786 0 0 381 261 2680 0 0 0 0 0 0 636 4 0 0 0 0 46855 0 0 0 25673 2 0 9 
3 0 10179 0 39986 0 0 0 0 37 0 1 0 0 1552 1 62233 0 2190 0 118 48 0 0 137 0 124 15541 18 53569 
0 0 1786 39986 0 16717 0 0 941 4528 0 30979 9 282 0 1703 215 0 22 0 0 0 346 3 949 9 2358 401 0 7910 
0 3193 0 0 16717 0 3 0 5 0 314 8152 19 0 1 0 0 0 0 155 0 0 65483 442 1637 0 0 1602 5 0 
69 0 0 0 0 3 0 1488 91110 0 31 10766 0 6275 0 0 0 1 65 6 0 14 0 174 0 48108 0 0 2 605 
0 0 381 0 0 0 1488 0 1507 0 95 147 433 212 35122 15 0 1 0 1185 0 0 0 0 461 0 0 10451 18246 10 
1049 0 261 0 941 5 91110 1507 0 1 140 0 0 0 0 151 346 19 17140 2824 0 0 0 0 1097 2284 0 2 2025 0 
0 0 2680 37 4528 0 0 0 1 0 484 0 1934 0 0 0 0 0 30 157 0 0 0 22222 2353 385 419 0 0 0 
2100 0 0 0 0 314 31 95 140 484 0 0 550 58953 0 0 0 0 0 0 0 16003 0 0 14 33 0 1 52040 2 
5 0 0 1 30979 8152 10766 147 0 0 0 0 9103 0 0 933 0 0 0 0 10155 0 28444 15264 0 0 1087 226 1859 0 
2317 50025 0 0 9 19 0 433 0 1934 550 9103 0 37 0 6 6129 2476 0 0 7063 17062 1034 7 398 31 0 0 31651 391 
0 0 0 0 282 0 6275 212 0 0 58953 0 37 0 1 0 0 480 0 13220 2412 18912 37325 2 0 0 9004 5 14203 1 
2214 4508 0 1552 0 1 0 35122 0 0 0 0 0 1 0 359 0 0 0 3 0 0 0 851 17 3 0 0 3761 0 
4 0 0 1 1703 0 0 15 151 0 0 933 6 0 359 0 0 66 0 0 1 1 0 0 0 0 1746 0 0 859 
0 0 636 62233 215 0 0 0 346 0 0 0 6129 0 0 0 0 364 10370 5 1249 0 0 0 0 0 1045 0 0 35975 
17 2559 4 0 0 0 1 1 19 0 0 0 2476 480 0 66 364 0 0 1778 0 18 0 134 3 36 0 5077 0 0 
0 0 0 2190 22 0 65 0 17140 30 0 0 0 0 0 0 10370 0 0 25 0 11183 20 133 3182 0 0 1956 0 0 
0 0 0 0 0 155 6 1185 2824 157 0 0 0 13220 3 0 5 1778 25 0 0 0 70636 10346 29 53935 92628 71944 23931 0 
0 0 0 118 0 0 0 0 0 0 0 10155 7063 2412 0 1 1249 0 0 0 0 15 55 8722 0 809 28 10443 31 0 
23 0 0 48 0 0 14 0 0 0 16003 0 17062 18912 0 1 0 18 11183 0 15 0 0 0 78 99 2 0 39 700 
0 0 46855 0 346 65483 0 0 0 0 0 28444 1034 37325 0 0 0 0 20 70636 55 0 0 0 0 762 0 0 0 15707 
16824 0 0 0 3 442 174 0 0 22222 0 15264 7 2 851 0 0 134 133 10346 8722 0 0 0 575 0 0 0 0 36359 
0 0 0 137 949 1637 0 461 1097 2353 14 0 398 0 17 0 0 3 3182 29 0 78 0 575 0 0 0 0 0 0 
0 0 0 0 9 0 48108 0 2284 385 33 0 31 0 3 0 0 36 0 53935 809 99 762 0 0 0 37 0 0 2 
3 0 25673 124 2358 0 0 0 0 419 0 1087 0 9004 0 1746 1045 0 0 92628 28 2 0 0 0 37 0 1854 0 0 
0 0 2 15541 401 1602 0 10451 2 0 1 226 0 5 0 0 0 5077 1956 71944 10443 0 0 0 0 0 1854 0 0 7 
23059 0 0 18 0 5 2 18246 2025 0 52040 1859 31651 14203 3761 0 0 0 0 23931 31 39 0 0 0 0 0 0 0 0 
116 0 9 53569 7910 0 605 10 0 0 2 0 391 1 0 859 35975 0 0 0 0 700 15707 36359 0 2 0 7 0 0 
0 18 9 1 0 0 0 5273 0 54 41 1 0 0 1 0 1548 2 7 15 24591 3830 16505 0 1 21 6 18646 0 622 
18 0 320 0 61 670 0 0 0 0 0 0 1970 0 0 0 0 0 0 80 0 43 0 12 36 0 0 932 0 4364 
9 320 0 0 1103 99235 0 24 0 10 3333 0 0 0 230 376 0 0 1 8601 7387 0 0 0 0 211 51884 275 0 0 
1 0 0 0 5506 233 0 0 0 5 0 0 0 75 0 36 4316 0 796 0 0 0 0 0 0 0 33 739 0 9 
0 61 1103 5506 0 5763 0 186 104 0 0 0 3327 1 0 34633 4500 2 3 0 1028 1 168 974 4 0 10731 160 35050 0 
0 670 99235 233 5763 0 0 0 0 1005 726 0 28 0 3 44 85 1014 0 2695 5780 27 518 78 7920 1 1975 37975 6 0 
0 0 0 0 0 0 0 38 18 671 114 0 0 2031 236 22500 72 0 58547 0 25 0 966 4 10 60358 47940 7 0 0 
5273 0 24 0 186 0 38 0 0 33538 2 58 291 0 2452 29454 0 0 5 0 0 0 1034 5 0 1 0 0 0 0 
0 0 0 0 104 0 18 0 0 0 0 8 0 0 0 0 19882 35262 0 2 3 0 0 7859 215 0 55517 3 50901 0 
54 0 10 5 0 1005 671 33538 0 0 6000 5 0 0 311 1373 13702 1 0 21 0 0 1263 0 0 0 23078 0 0 31010 
41 0 3333 0 0 726 114 2 0 6000 0 0 17047 13 2429 0 557 0 0 164 0 1 1 0 72 0 1 0 0 0 
1 0 0 0 0 0 0 58 8 5 0 0 0 7915 0 0 0 0 114 0 0 0 0 0 0 81 0 3294 27405 0 
0 1970 0 0 3327 28 0 291 0 0 17047 0 0 439 2754 0 30078 0 23899 9 0 14922 0 0 12044 5 215 0 3863 2 
0 0 0 75 1 0 2031 0 0 0 13 7915 439 0 0 0 22 0 0 0 0 0 0 0 6762 23 28000 0 15283 5 
1 0 230 0 0 3 236 2452 0 311 2429 0 2754 0 0 55538 211 0 2191 0 0 12522 0 0 13 1 0 11244 0 1929 
0 0 376 36 34633 44 22500 29454 0 1373 0 0 0 0 55538 0 70 0 7150 0 31872 38 58396 1 0 9 0 0 1594 0 
1548 0 0 4316 4500 85 72 0 19882 13702 557 0 30078 22 211 70 0 5869 1 0 87 15469 0 0 0 4667 2106 8 45 0 
2 0 0 0 2 1014 0 0 35262 1 0 0 0 0 0 0 5869 0 4 19088 85857 0 3 727 0 0 8 7241 0 0 
7 0 1 796 3 0 58547 5 0 0 0 114 23899 0 2191 7150 1 4 0 98153 7108 282 13 0 0 0 0 3933 0 5363 
15 80 8601 0 0 2695 0 0 2 21 164 0 9 0 0 0 0 19088 98153 0 0 311 11449 0 0 17670 0 0 0 2120 
24591 0 7387 0 1028 5780 25 0 3 0 0 0 0 0 0 31872 87 85857 7108 0 0 473 0 2989 1 19241 0 920 387 0 
3830 43 0 0 1 27 0 0 0 0 1 0 14922 0 12522 38 15469 0 282 311 473 0 0 6 0 742 0 2 11435 9727 
16505 0 0 0 168 518 966 1034 0 1263 1 0 0 0 0 58396 0 3 13 11449 0 0 0 44938 0 0 4348 0 64 4090 
0 12 0 0 974 78 4 5 7859 0 0 0 0 0 0 1 0 727 0 0 2989 6 44938 0 182 14397 0 8 0 0 
1 36 0 0 4 7920 10 0 215 0 72 0 12044 6762 13 0 0 0 0 0 1 0 0 182 0 0 10423 0 0 40422 
21 0 211 0 0 1 60358 1 0 0 0 81 5 23 1 9 4667 0 0 17670 19241 742 0 14397 0 0 0 0 422 3216 
6 0 51884 33 10731 1975 47940 0 55517 23078 1 0 215 28000 0 0 2106 8 0 0 0 0 4348 0 10423 0 0 6 79 0 
18646 932 275 739 160 37975 7 0 3 0 0 3294 0 0 11244 0 8 7241 3933 0 920 2 0 8 0 0 6 0 93627 0 
0 0 0 0 35050 6 0 0 50901 0 0 27405 3863 15283 0 1594 45 0 0 0 387 11435 64 0 0 422 79 93627 0 0 
622 4364 0 9 0 0 0 0 0 31010 0 0 2 5 1929 0 0 0 5363 2120 0 9727 4090 0 40422 3216 0 0 0 0 
