15 4
0 59 64 103 62 95 95 48 90 88 90 112 64 139 74 
59 0 70 49 40 62 36 46 31 30 43 69 27 80 26 
64 70 0 118 33 51 89 98 88 95 64 73 48 126 97 
103 49 118 0 85 94 38 68 34 23 68 88 69 56 28 
62 40 33 85 0 33 56 78 55 62 34 51 15 94 66 
95 62 51 94 33 0 57 107 59 71 25 22 37 82 84 
95 36 89 38 56 57 0 77 6 17 31 50 41 44 39 
48 46 98 68 78 107 77 0 71 63 90 115 69 117 41 
90 31 88 34 55 59 6 71 0 12 34 55 39 49 33 
88 30 95 23 62 71 17 63 12 0 46 67 46 53 23 
90 43 64 68 34 25 31 90 34 46 0 25 25 61 61 
112 69 73 88 51 22 50 115 55 67 25 0 49 63 86 
64 27 48 69 15 37 41 69 39 46 25 49 0 81 52 
139 80 126 56 94 82 44 117 49 53 61 63 81 0 75 
74 26 97 28 66 84 39 41 33 23 61 86 52 75 0 
0 0 1555 0 0 0 125 21 9366 0 219 0 5336 0 0 
0 0 0 0 4965 0 20 20 1 0 0 1238 27 9 0 
1555 0 0 166 2 0 0 0 0 0 1091 0 0 6850 96 
0 0 166 0 0 589 0 0 35 58 0 2 0 0 0 
0 4965 2 0 0 0 356 0 6 9 3 8 8 2 4519 
0 0 0 589 0 0 6559 67 12 0 0 0 0 0 2 
125 20 0 0 356 6559 0 30870 0 2189 0 132 50960 0 0 
21 20 0 0 0 67 30870 0 48993 4734 0 253 0 62 1 
9366 1 0 35 6 12 0 48993 0 0 619 79 0 0 0 
0 0 0 58 9 0 2189 4734 0 0 0 0 0 0 1 
219 0 1091 0 3 0 0 0 619 0 0 144 22228 0 0 
0 1238 0 2 8 0 132 253 79 0 144 0 3 0 0 
5336 27 0 0 8 0 50960 0 0 0 22228 3 0 0 0 
0 9 6850 0 2 0 0 62 0 0 0 0 0 0 89200 
0 0 96 0 4519 2 0 1 0 1 0 0 0 89200 0 
0 4 0 2505 3058 5422 0 0 0 117 0 2 0 594 3109 
4 0 2 0 0 99 0 0 0 12467 22905 0 0 2 542 
0 2 0 0 0 203 58168 20118 3 4 0 2 5150 0 0 
2505 0 0 0 0 0 0 136 0 0 7126 0 236 11241 0 
3058 0 0 0 0 2452 0 669 7 0 0 0 0 0 0 
5422 99 203 0 2452 0 0 0 0 939 225 15 42523 9562 0 
0 0 58168 0 0 0 0 0 72 0 5144 0 0 27058 62 
0 0 20118 136 669 0 0 0 0 0 45 0 1 0 0 
0 0 3 0 7 0 72 0 0 0 0 0 361 5 39216 
117 12467 4 0 0 939 0 0 0 0 10809 735 36 3086 0 
0 22905 0 7126 0 225 5144 45 0 10809 0 0 0 29460 17259 
2 0 2 0 0 15 0 0 0 735 0 0 6 15259 447 
0 0 5150 236 0 42523 0 1 361 36 0 6 0 22622 24 
594 2 0 11241 0 9562 27058 0 5 3086 29460 15259 22622 0 0 
3109 542 0 0 0 0 62 0 39216 0 17259 447 24 0 0 
0 1 0 3408 269 5 0 0 0 6 0 22 0 24639 77224 
1 0 342 2 0 252 0 0 0 15657 1792 0 0 0 129 
0 342 0 0 110 2 31834 539 145 12 0 0 53122 0 0 
3408 2 0 0 34 0 98 5 0 0 780 0 21 1398 4 
269 0 110 34 0 113 0 5792 3 0 2 0 0 0 0 
5 252 2 0 113 0 0 0 0 10118 211 0 11921 1033 5 
0 0 31834 98 0 0 0 0 2 0 18883 0 0 43108 0 
0 0 539 5 5792 0 0 0 0 0 0 0 2 0 0 
0 0 145 0 3 0 2 0 0 1 0 0 664 1 33066 
6 15657 12 0 0 10118 0 0 1 0 3448 4 275 389 0 
0 1792 0 780 2 211 18883 0 0 3448 0 0 0 14726 4013 
22 0 0 0 0 0 0 0 0 4 0 0 1 18424 101 
0 0 53122 21 0 11921 0 2 664 275 0 1 0 14194 1498 
24639 0 0 1398 0 1033 43108 0 1 389 14726 18424 14194 0 0 
77224 129 0 4 0 5 0 0 33066 0 4013 101 1498 0 0 
0 0 0 349 59 5255 0 0 0 0 0 42 0 105 875 
0 0 466 1 0 54 0 0 0 14 1030 0 0 0 64 
0 466 0 0 4 0 949 13593 1 4 0 5 110 0 0 
349 1 0 0 0 0 0 7 0 0 4819 0 9029 8846 5 
59 0 4 0 0 147 0 99 0 0 2 0 0 0 0 
5255 54 0 0 147 0 0 1 0 3492 10713 0 38728 2653 9 
0 0 949 0 0 0 0 0 3 0 14253 0 0 43344 73 
0 0 13593 7 99 1 0 0 0 0 34 0 5 0 0 
0 0 1 0 0 0 3 0 0 0 0 0 149 2 826 
0 14 4 0 0 3492 0 0 0 0 8030 387 269 52365 3 
0 1030 0 4819 2 10713 14253 34 0 8030 0 0 0 0 4062 
42 0 5 0 0 0 0 0 0 387 0 0 0 465 8727 
0 0 110 9029 0 38728 0 5 149 269 0 0 0 58987 0 
105 0 0 8846 0 2653 43344 0 2 52365 0 465 58987 0 0 
875 64 0 5 0 9 73 0 826 3 4062 8727 0 0 0 
