6 4
0 46 118 40 96 98 
46 0 88 10 53 127 
118 88 0 85 53 137 
40 10 85 0 56 117 
96 53 53 56 0 154 
98 127 137 117 154 0 
0 1 1821 47 0 23316 
1 0 4490 1 0 0 
1821 4490 0 6285 69 23068 
47 1 6285 0 0 30 
0 0 69 0 0 0 
23316 0 23068 30 0 0 
0 1 0 73994 0 1 
1 0 0 92446 0 0 
0 0 0 0 0 0 
73994 92446 0 0 61 0 
0 0 0 61 0 0 
1 0 0 0 0 0 
0 97 1500 0 6 27991 
97 0 8552 0 2146 152 
1500 8552 0 350 33750 0 
0 0 350 0 755 0 
6 2146 33750 755 0 0 
27991 152 0 0 0 0 
0 328 0 0 1 1 
328 0 0 2671 325 0 
0 0 0 0 4 0 
0 2671 0 0 0 0 
1 325 4 0 0 4333 
1 0 0 0 4333 0 
