10 3
0 123 17 72 89 90 77 84 122 70 
123 0 116 51 121 48 96 115 59 63 
17 116 0 64 101 90 86 66 108 71 
72 51 64 0 97 39 71 77 62 33 
89 121 101 97 0 73 26 158 158 64 
90 48 90 39 73 0 47 116 91 20 
77 96 86 71 26 47 0 136 132 38 
84 115 66 77 158 116 136 0 73 105 
122 59 108 62 158 91 132 73 0 94 
70 63 71 33 64 20 38 105 94 0 
0 0 2 6 0 0 0 0 3707 1 
0 0 0 0 7195 0 1789 0 15811 60 
2 0 0 0 0 0 861 78 100 0 
6 0 0 0 0 4135 44859 0 5 1258 
0 7195 0 0 0 0 0 67 31205 1 
0 0 0 4135 0 0 49516 0 0 63 
0 1789 861 44859 0 49516 0 0 22768 26 
0 0 78 0 67 0 0 0 1245 89330 
3707 15811 100 5 31205 0 22768 1245 0 0 
1 60 0 1258 1 63 26 89330 0 0 
0 0 0 195 4585 60993 14113 0 0 0 
0 0 10985 0 149 7 80 0 0 18 
0 10985 0 0 434 230 23 15 311 0 
195 0 0 0 0 0 0 3133 0 1378 
4585 149 434 0 0 2861 0 0 0 11 
60993 7 230 0 2861 0 0 112 0 253 
14113 80 23 0 0 0 0 0 0 0 
0 0 15 3133 0 112 0 0 0 0 
0 0 311 0 0 0 0 0 0 4622 
0 18 0 1378 11 253 0 0 4622 0 
0 12426 0 2 0 0 15 122 0 0 
12426 0 4 0 24207 0 123 4413 0 0 
0 4 0 0 61 2 0 1 0 0 
2 0 0 0 0 1678 0 0 6 0 
0 24207 61 0 0 0 1 5576 39732 0 
0 0 2 1678 0 0 0 0 242 0 
15 123 0 0 1 0 0 1513 3023 0 
122 4413 1 0 5576 0 1513 0 0 65985 
0 0 0 6 39732 242 3023 0 0 0 
0 0 0 0 0 0 0 65985 0 0 
