9 4
0 123 17 72 89 90 77 84 122 
123 0 116 51 121 48 96 115 59 
17 116 0 64 101 90 86 66 108 
72 51 64 0 97 39 71 77 62 
89 121 101 97 0 73 26 158 158 
90 48 90 39 73 0 47 116 91 
77 96 86 71 26 47 0 136 132 
84 115 66 77 158 116 136 0 73 
122 59 108 62 158 91 132 73 0 
0 0 2296 0 0 921 283 0 1262 
0 0 0 0 0 9 818 0 0 
2296 0 0 0 92 4 0 0 0 
0 0 0 0 67094 34 0 1737 0 
0 0 92 67094 0 0 1 7228 531 
921 9 4 34 0 0 0 0 0 
283 818 0 0 1 0 0 6 202 
0 0 0 1737 7228 0 6 0 168 
1262 0 0 0 531 0 202 168 0 
0 261 0 2 51190 0 0 143 0 
261 0 3 19 27 0 0 82 35 
0 3 0 47935 0 1 1357 180 2 
2 19 47935 0 0 0 313 0 0 
51190 27 0 0 0 1513 0 0 0 
0 0 1 0 1513 0 157 1 128 
0 0 1357 313 0 157 0 0 0 
143 82 180 0 0 1 0 0 0 
0 35 2 0 0 128 0 0 0 
0 1 0 5057 3236 0 0 774 0 
1 0 2 26 0 0 0 69 51492 
0 2 0 10908 0 0 1702 2 191 
5057 26 10908 0 0 0 15 0 174 
3236 0 0 0 0 5 0 0 0 
0 0 0 0 5 0 1 10169 455 
0 0 1702 15 0 1 0 0 0 
774 69 2 0 0 10169 0 0 0 
0 51492 191 174 0 455 0 0 0 
0 1 0 25301 4925 0 0 103 0 
1 0 900 74 21 0 0 24983 56198 
0 900 0 2 0 0 3831 72962 34 
25301 74 2 0 0 0 9683 0 0 
4925 21 0 0 0 856 2 0 0 
0 0 0 0 856 0 78734 67 5 
0 0 3831 9683 2 78734 0 0 0 
103 24983 72962 0 0 67 0 0 0 
0 56198 34 0 0 5 0 0 0 
