40 3
0 123 17 72 89 90 77 84 122 70 141 118 117 117 58 85 94 145 69 99 137 99 30 139 114 56 50 94 70 158 148 87 53 161 64 94 106 62 87 81 
123 0 116 51 121 48 96 115 59 63 25 47 40 16 64 39 31 87 58 23 83 33 103 24 65 67 92 40 53 45 35 36 95 46 119 29 43 89 107 43 
17 116 0 64 101 90 86 66 108 71 133 119 117 113 52 81 90 150 68 93 122 97 14 135 118 53 57 84 66 154 139 82 62 151 46 88 94 69 69 78 
72 51 64 0 97 39 71 77 62 33 69 64 60 49 13 21 29 104 24 28 84 38 52 71 72 21 53 26 13 91 77 19 58 89 74 23 41 56 72 18 
89 121 101 97 0 73 26 158 158 64 146 84 88 106 88 88 93 82 73 107 181 88 104 121 67 78 49 121 84 131 156 94 43 167 143 101 136 41 157 86 
90 48 90 39 73 0 47 116 91 20 73 28 27 34 42 20 20 64 22 35 115 15 82 53 32 38 48 55 28 69 83 26 49 95 111 30 68 42 111 21 
77 96 86 71 26 47 0 136 132 38 121 63 66 81 63 62 67 73 47 81 155 62 85 98 49 54 29 95 58 110 130 68 24 142 124 75 110 17 134 60 
84 115 66 77 158 116 136 0 73 105 118 141 136 120 76 98 104 181 98 96 73 114 56 139 149 84 109 75 89 160 120 94 114 129 22 95 74 118 9 96 
122 59 108 62 158 91 132 73 0 94 51 103 96 73 74 71 70 145 85 56 25 79 93 83 118 83 115 37 74 101 50 65 120 57 87 60 22 118 63 72 
70 63 71 33 64 20 38 105 94 0 87 48 47 52 29 25 32 79 8 44 117 32 64 72 47 21 28 56 20 89 96 31 31 108 97 38 71 26 102 23 
141 25 133 69 146 73 121 118 51 87 0 70 64 41 83 62 55 108 81 43 71 58 119 37 89 88 115 49 74 52 10 57 118 21 127 50 44 113 110 65 
118 47 119 64 84 28 63 141 103 48 70 0 6 30 70 43 37 42 50 48 128 26 110 38 19 66 73 72 55 47 80 46 73 90 138 47 82 64 135 45 
117 40 117 60 88 27 66 136 96 47 64 6 0 24 67 39 32 48 48 42 121 22 108 32 25 64 74 66 52 44 73 42 75 83 134 41 76 66 130 42 
117 16 113 49 106 34 81 120 73 52 41 30 24 0 60 31 22 72 48 24 98 19 101 21 48 61 81 46 46 42 51 31 83 62 122 26 54 76 113 35 
58 64 52 13 88 42 63 76 74 29 83 70 67 60 0 29 38 107 21 41 95 45 41 82 74 9 41 39 15 102 90 29 47 103 69 35 53 47 72 25 
85 39 81 21 88 20 62 98 71 25 62 43 39 31 29 0 9 83 18 19 96 17 70 53 51 29 52 34 14 73 71 6 56 83 95 13 49 51 92 3 
94 31 90 29 93 20 67 104 70 32 55 37 32 22 38 9 0 79 27 14 95 10 79 44 48 38 60 36 24 64 64 10 64 76 103 10 48 58 98 13 
145 87 150 104 82 64 73 181 145 79 108 42 48 72 107 83 79 0 85 91 170 68 144 71 32 101 95 114 92 67 117 88 93 125 176 89 125 84 176 85 
69 58 68 24 73 22 47 98 85 8 81 50 48 48 21 18 27 85 0 37 108 30 60 70 52 16 34 48 11 88 90 23 38 102 91 31 63 34 94 15 
99 23 93 28 107 35 81 96 56 44 43 48 42 24 41 19 14 91 37 0 81 23 80 43 62 45 71 23 30 64 52 13 75 65 98 6 34 70 89 21 
137 83 122 84 181 115 155 73 25 117 71 128 121 98 95 96 95 170 108 81 0 104 107 106 143 104 136 61 97 123 67 89 142 71 92 85 47 141 64 96 
99 33 97 38 88 15 62 114 79 32 58 26 22 19 45 17 10 68 30 23 104 0 87 40 38 44 61 46 30 58 68 19 63 79 112 20 58 56 108 20 
30 103 14 52 104 82 85 56 93 64 119 110 108 101 41 70 79 144 60 80 107 87 0 123 111 44 56 70 56 143 125 70 61 137 39 76 80 68 58 67 
139 24 135 71 121 53 98 139 83 72 37 38 32 21 82 53 44 71 70 43 106 40 123 0 57 83 101 64 68 21 46 52 103 54 142 47 68 95 131 57 
114 65 118 72 67 32 49 149 118 47 89 19 25 48 74 51 48 32 52 62 143 38 111 57 0 68 66 84 60 63 99 57 65 109 143 59 97 55 144 53 
56 67 53 21 78 38 54 84 83 21 88 66 64 61 9 29 38 101 16 45 104 44 44 83 68 0 32 47 14 102 96 31 37 109 75 39 62 37 81 25 
50 92 57 53 49 48 29 109 115 28 115 73 74 81 41 52 60 95 34 71 136 61 56 101 66 32 0 79 42 117 124 57 5 136 95 65 94 12 107 49 
94 40 84 26 121 55 95 75 37 56 49 72 66 46 39 34 36 114 48 23 61 46 70 64 84 47 79 0 37 85 55 28 84 67 79 25 15 81 67 35 
70 53 66 13 84 28 58 89 74 20 74 55 52 46 15 14 24 92 11 30 97 30 56 68 60 14 42 37 0 88 82 17 47 95 83 24 52 44 84 11 
158 45 154 91 131 69 110 160 101 89 52 47 44 42 102 73 64 67 88 64 123 58 143 21 63 102 117 85 88 0 58 73 118 62 163 68 88 110 152 76 
148 35 139 77 156 83 130 120 50 96 10 80 73 51 90 71 64 117 90 52 67 68 125 46 99 96 124 55 82 58 0 66 128 12 130 58 47 122 111 74 
87 36 82 19 94 26 68 94 65 31 57 46 42 31 29 6 10 88 23 13 89 19 70 52 57 31 57 28 17 73 66 0 61 78 93 7 42 57 88 8 
53 95 62 58 43 49 24 114 120 31 118 73 75 83 47 56 64 93 38 75 142 63 61 103 65 37 5 84 47 118 128 61 0 140 100 69 99 9 113 53 
161 46 151 89 167 95 142 129 57 108 21 90 83 62 103 83 76 125 102 65 71 79 137 54 109 109 136 67 95 62 12 78 140 0 141 71 58 134 120 86 
64 119 46 74 143 111 124 22 87 97 127 138 134 122 69 95 103 176 91 98 92 112 39 142 143 75 95 79 83 163 130 93 100 141 0 96 82 106 28 92 
94 29 88 23 101 30 75 95 60 38 50 47 41 26 35 13 10 89 31 6 85 20 76 47 59 39 65 25 24 68 58 7 69 71 96 0 38 64 89 15 
106 43 94 41 136 68 110 74 22 71 44 82 76 54 53 49 48 125 63 34 47 58 80 68 97 62 94 15 52 88 47 42 99 58 82 38 0 96 65 49 
62 89 69 56 41 42 17 118 118 26 113 64 66 76 47 51 58 84 34 70 141 56 68 95 55 37 12 81 44 110 122 57 9 134 106 64 96 0 116 49 
87 107 69 72 157 111 134 9 63 102 110 135 130 113 72 92 98 176 94 89 64 108 58 131 144 81 107 67 84 152 111 88 113 120 28 89 65 116 0 90 
81 43 78 18 86 21 60 96 72 23 65 45 42 35 25 3 13 85 15 21 96 20 67 57 53 25 49 35 11 76 74 8 53 86 92 15 49 49 90 0 
0 0 93 0 12323 326 0 0 18 0 6053 107 0 13382 233 0 0 51982 0 79599 4 125 0 5 34031 0 0 0 0 15 0 0 0 0 81546 1 0 0 0 28 
0 0 0 0 12210 0 0 126 284 12 119 167 0 410 0 77051 0 7534 0 0 82055 0 318 0 90 0 0 173 0 2098 21 0 0 13 57 0 0 0 0 0 
93 0 0 311 0 10 0 0 138 0 14506 0 619 15 2 11 0 173 0 66 1975 0 1 0 7508 0 0 106 0 0 0 0 0 21101 231 0 0 72 5725 0 
0 0 311 0 1 0 0 189 0 0 0 0 0 349 0 0 0 0 2100 0 1018 9 0 69936 5 1136 0 0 0 0 19003 27131 0 32 0 35 2869 106 0 1099 
12323 12210 0 1 0 0 5369 97601 0 3806 18772 1939 71724 0 0 0 0 32 0 0 234 0 0 0 0 2 0 0 0 0 67427 0 0 1603 0 1 0 198 921 0 
326 0 10 0 0 0 0 0 0 149 2765 7283 0 0 41461 0 0 85 5031 1878 0 0 9 409 0 5 30 5963 0 0 12 0 0 0 0 0 0 0 2 340 
0 0 0 0 5369 0 0 19261 0 0 1 0 0 2 9 2 381 0 305 0 3611 2 0 0 0 18 0 13 49751 0 0 1120 0 193 0 0 0 14 13214 1078 
0 126 0 189 97601 0 19261 0 0 1 0 94 0 6 0 15186 0 0 83768 1 0 17 0 7568 0 143 2859 353 0 1 68 0 0 0 0 0 0 0 88515 0 
18 284 138 0 0 0 0 0 0 9 0 2 63295 39 182 0 0 6512 7018 0 58 0 3 19 226 0 12123 3613 65 0 9838 39362 0 0 5 0 270 5923 2088 0 
0 12 0 0 3806 149 0 1 9 0 0 671 1001 0 0 2690 0 1505 20044 9 0 0 0 0 0 3 0 7746 6464 28 1 0 0 0 0 805 0 0 601 1147 
6053 119 14506 0 18772 2765 1 0 0 0 0 0 0 27246 0 86405 0 21 699 363 0 2 0 0 1 0 0 0 696 0 10988 295 56976 2 0 0 0 0 12056 0 
107 167 0 0 1939 7283 0 94 2 671 0 0 0 0 0 1252 5 28 0 1 1 6743 0 372 254 93 0 61 0 42841 3 0 0 27 0 5 1089 0 0 128 
0 0 619 0 71724 0 0 0 63295 1001 0 0 0 27 3 2 0 0 129 0 0 0 0 0 0 2 4 21716 0 0 0 0 0 3433 784 34 0 0 16 0 
13382 410 15 349 0 0 2 6 39 0 27246 0 27 0 0 5 0 0 0 0 3884 0 36425 725 1 0 0 0 156 9413 2481 0 20 1222 78 1 0 0 0 0 
233 0 2 0 0 41461 9 0 182 0 0 0 3 0 0 32 5 67 0 0 11813 0 0 0 0 22 0 0 0 0 0 20899 0 0 0 6 92 2 0 0 
0 77051 11 0 0 0 2 15186 0 2690 86405 1252 2 5 32 0 0 17 77414 0 0 0 0 12 79 0 0 74 279 902 0 15172 0 17 0 0 13870 0 0 0 
0 0 0 0 0 0 381 0 0 0 0 5 0 0 5 0 0 0 0 0 38 7 4 0 31808 1215 10 979 0 10783 19452 497 7 0 32784 0 1148 0 47 16280 
51982 7534 173 0 32 85 0 0 6512 1505 21 28 0 0 67 17 0 0 0 0 4855 3401 1293 473 0 0 88 14058 0 0 1 5470 389 8329 83665 0 0 0 1699 0 
0 0 0 2100 0 5031 305 83768 7018 20044 699 0 129 0 0 77414 0 0 0 39 0 0 1068 12243 0 0 0 290 9 68 3 1348 6 3664 0 17484 0 7278 22 231 
79599 0 66 0 0 1878 0 1 0 9 363 1 0 0 0 0 0 0 39 0 0 0 19629 17505 1435 0 15316 0 705 0 6655 0 50 0 4 48645 32034 64 0 602 
4 82055 1975 1018 234 0 3611 0 58 0 0 1 0 3884 11813 0 38 4855 0 0 0 77924 0 0 0 119 0 0 0 0 1 0 0 1 1 7834 570 1 0 0 
125 0 0 9 0 0 2 17 0 0 2 6743 0 0 0 0 7 3401 0 0 77924 0 0 0 0 77 80153 0 0 0 2 0 0 0 0 4489 0 0 3812 0 
0 318 1 0 0 9 0 0 3 0 0 0 0 36425 0 0 4 1293 1068 19629 0 0 0 8 0 0 5 0 22 1058 0 11434 0 80 53043 224 0 4 1175 10 
5 0 0 69936 0 409 0 7568 19 0 0 372 0 725 0 12 0 473 12243 17505 0 0 8 0 0 71 17 5018 0 31 0 0 0 0 0 0 0 0 14 4 
34031 90 7508 5 0 0 0 0 226 0 1 254 0 1 0 79 31808 0 0 1435 0 0 0 0 0 0 0 13 37881 0 83987 0 0 0 0 0 1902 0 18 0 
0 0 0 1136 2 5 18 143 0 3 0 93 2 0 22 0 1215 0 0 0 119 77 0 71 0 0 0 1 0 0 471 0 0 0 0 17825 0 47218 5290 0 
0 0 0 0 0 30 0 2859 12123 0 0 0 4 0 0 0 10 88 0 15316 0 80153 5 17 0 0 0 0 0 0 64 0 25812 1341 0 1 7401 11 124 0 
0 173 106 0 0 5963 13 353 3613 7746 0 61 21716 0 0 74 979 14058 290 0 0 0 0 5018 13 1 0 0 50525 0 179 0 0 6047 1 12 0 0 0 0 
0 0 0 0 0 0 49751 0 65 6464 696 0 0 156 0 279 0 0 9 705 0 0 22 0 37881 0 0 50525 0 0 0 0 0 0 0 0 0 5 0 29 
15 2098 0 0 0 0 0 1 0 28 0 42841 0 9413 0 902 10783 0 68 0 0 0 1058 31 0 0 0 0 0 0 0 4209 1 0 30 0 104 0 0 0 
0 21 0 19003 67427 12 0 68 9838 1 10988 3 0 2481 0 0 19452 1 3 6655 1 2 0 0 83987 471 64 179 0 0 0 313 113 54708 0 2 0 535 0 1196 
0 0 0 27131 0 0 1120 0 39362 0 295 0 0 0 20899 15172 497 5470 1348 0 0 0 11434 0 0 0 0 0 0 4209 313 0 74448 0 12981 36225 0 33232 4 3 
0 0 0 0 0 0 0 0 0 0 56976 0 0 20 0 0 7 389 6 50 0 0 0 0 0 0 25812 0 0 1 113 74448 0 1 0 0 0 81 0 21051 
0 13 21101 32 1603 0 193 0 0 0 2 27 3433 1222 0 17 0 8329 3664 0 1 0 80 0 0 0 1341 6047 0 0 54708 0 1 0 0 0 37 21 0 121 
81546 57 231 0 0 0 0 0 5 0 0 0 784 78 0 0 32784 83665 0 4 1 0 53043 0 0 0 0 1 0 30 0 12981 0 0 0 2 899 5987 1074 4705 
1 0 0 35 1 0 0 0 0 805 0 5 34 1 6 0 0 0 17484 48645 7834 4489 224 0 0 17825 1 12 0 0 2 36225 0 0 2 0 699 1474 0 1344 
0 0 0 2869 0 0 0 0 270 0 0 1089 0 0 92 13870 1148 0 0 32034 570 0 0 0 1902 0 7401 0 0 104 0 0 0 37 899 699 0 0 0 0 
0 0 72 106 198 0 14 0 5923 0 0 0 0 0 2 0 0 0 7278 64 1 0 4 0 0 47218 11 0 5 0 535 33232 81 21 5987 1474 0 0 1 0 
0 0 5725 0 921 2 13214 88515 2088 601 12056 0 16 0 0 0 47 1699 22 0 0 3812 1175 14 18 5290 124 0 0 0 0 4 0 0 1074 0 0 1 0 0 
28 0 0 1099 0 340 1078 0 0 1147 0 128 0 0 0 0 16280 0 231 602 0 0 10 4 0 0 0 0 29 0 1196 3 21051 121 4705 1344 0 0 0 0 
0 0 1658 66784 113 490 34 0 273 57083 13028 0 21267 0 0 0 2 27 0 31555 4 0 46 0 341 0 125 0 799 1190 0 0 0 0 39 409 0 990 88267 476 
0 0 0 0 5613 0 0 4 1157 14 0 0 0 8032 0 0 0 40 1105 82 0 0 0 43 23 540 0 0 54 392 0 0 21 2 30880 0 0 0 0 399 
1658 0 0 5 1031 179 0 41634 12228 137 0 0 0 5340 16271 41 1033 0 2 0 1615 13 129 33559 3136 8 1 22599 0 10 0 0 0 0 0 0 726 29945 13 0 
66784 0 5 0 4234 0 0 0 0 350 2120 0 39014 56449 8051 0 0 0 0 5 1805 0 0 0 956 0 0 1471 72 2 1 486 2 1234 4 3182 0 0 1 6308 
113 5613 1031 4234 0 517 2 687 0 0 471 0 228 53 21536 1 0 0 0 0 0 98 0 0 0 214 0 30000 2002 1 36979 8 0 0 4 0 0 11091 81397 52 
490 0 179 0 517 0 0 0 0 2483 0 257 11844 0 0 10167 0 47726 3 7051 0 20 0 0 87 6444 4990 0 1089 10946 34625 14 0 0 0 0 269 0 3336 0 
34 0 0 0 2 0 0 0 5078 0 0 402 9 0 0 11545 0 0 323 56433 0 3529 242 0 0 15070 0 181 1 7283 0 27552 0 1 319 0 0 64 0 90 
0 4 41634 0 687 0 0 0 131 17 406 0 0 0 0 0 0 0 0 0 0 120 0 42284 6321 0 0 597 124 61885 97893 0 0 0 0 0 0 0 81 0 
273 1157 12228 0 0 0 5078 131 0 1 10974 0 93 0 3 2560 7 11 0 0 257 0 7399 60 0 4 729 62 67083 308 65 0 2137 7437 25 0 2 0 26 0 
57083 14 137 350 0 2483 0 17 1 0 140 1625 0 0 62494 0 0 4 0 0 0 0 0 0 0 1406 12 38267 91 0 0 2564 0 8 1226 405 0 0 0 0 
13028 0 0 2120 471 0 0 406 10974 140 0 0 188 3 5 19 0 0 0 0 68 47720 1871 0 0 1461 0 1 1671 2485 2 19 15 366 56 0 1391 0 3220 0 
0 0 0 0 0 257 402 0 0 1625 0 0 2 0 0 208 0 1 0 0 2552 154 0 121 23110 105 24733 2130 0 35 0 0 13027 0 65928 0 0 0 2557 10 
21267 0 0 39014 228 11844 9 0 93 0 188 2 0 11899 0 4 198 1 0 1319 0 31 0 0 30892 218 2 0 49 10 10 211 2564 0 249 484 10 0 24932 3076 
0 8032 5340 56449 53 0 0 0 0 0 3 0 11899 0 0 159 5 4 0 0 25519 0 8062 0 4 100 13 222 7403 9452 0 87 25421 1153 5892 0 0 0 438 19568 
0 0 16271 8051 21536 0 0 0 3 62494 5 0 0 0 0 0 68 220 0 0 0 0 32 0 0 22092 6914 0 1862 0 23 0 0 0 75410 0 9179 0 0 6 
0 0 41 0 1 10167 11545 0 2560 0 19 208 4 159 0 0 2457 0 43624 359 0 0 0 0 0 25 0 47 0 0 1406 0 0 4 0 0 74 29945 13912 0 
2 0 1033 0 0 0 0 0 7 0 0 0 198 5 68 2457 0 13849 0 0 0 213 75 0 0 0 0 0 1198 240 35558 0 1 9 762 2 0 0 532 24220 
27 40 0 0 0 47726 0 0 11 4 0 1 1 4 220 0 13849 0 29270 289 74 1 62585 20291 110 27148 0 0 7047 1 0 0 112 0 0 50211 2 3432 2 1281 
0 1105 2 0 0 3 323 0 0 0 0 0 0 0 0 43624 0 29270 0 0 0 1024 0 10055 5 17417 0 0 0 0 20 0 0 22 0 0 14 20513 97944 150 
31555 82 0 5 0 7051 56433 0 0 0 0 0 1319 0 0 359 0 289 0 0 52 0 0 2 3 0 923 0 0 0 1 0 0 0 0 0 0 2 3328 152 
4 0 1615 1805 0 0 0 0 257 0 68 2552 0 25519 0 0 0 74 0 52 0 0 56 0 3848 0 238 7 0 6144 395 10136 69 0 1846 0 0 470 24812 54 
0 0 13 0 98 20 3529 120 0 0 47720 154 31 0 0 0 213 1 1024 0 0 0 0 0 0 0 0 0 1 10 0 3 0 51294 52063 4134 0 74 0 61 
46 0 129 0 0 0 242 0 7399 0 1871 0 0 8062 32 0 75 62585 0 0 56 0 0 0 743 0 0 29987 0 0 0 29339 0 0 0 274 0 0 5821 19904 
0 43 33559 0 0 0 0 42284 60 0 0 121 0 0 0 0 0 20291 10055 2 0 0 0 0 0 0 4696 35810 0 0 80174 0 5621 0 541 12845 0 1945 4 4 
341 23 3136 956 0 87 0 6321 0 0 0 23110 30892 4 0 0 0 110 5 3 3848 0 743 0 0 0 498 0 0 0 0 7004 1 239 0 0 2 9947 0 0 
0 540 8 0 214 6444 15070 0 4 1406 1461 105 218 100 22092 25 0 27148 17417 0 0 0 0 0 0 0 794 0 4305 0 63002 0 0 0 0 1023 0 146 14 0 
125 0 1 0 0 4990 0 0 729 12 0 24733 2 13 6914 0 0 0 0 923 238 0 0 4696 498 794 0 0 0 3639 0 0 0 7116 0 25 0 464 7 48750 
0 0 22599 1471 30000 0 181 597 62 38267 1 2130 0 222 0 47 0 0 0 0 7 0 29987 35810 0 0 0 0 7043 605 3 14 695 0 0 0 114 0 330 1 
799 54 0 72 2002 1089 1 124 67083 91 1671 0 49 7403 1862 0 1198 7047 0 0 0 1 0 0 0 4305 0 7043 0 0 0 16 152 0 0 0 1 0 0 0 
1190 392 10 2 1 10946 7283 61885 308 0 2485 35 10 9452 0 0 240 1 0 0 6144 10 0 0 0 0 3639 605 0 0 0 0 0 0 12 0 4 21 0 0 
0 0 0 1 36979 34625 0 97893 65 0 2 0 10 0 23 1406 35558 0 20 1 395 0 0 80174 0 63002 0 3 0 0 0 0 0 67943 1303 20 0 9388 0 14 
0 0 0 486 8 14 27552 0 0 2564 19 0 211 87 0 0 0 0 0 0 10136 3 29339 0 7004 0 0 14 16 0 0 0 0 0 14067 0 0 4 0 0 
0 21 0 2 0 0 0 0 2137 0 15 13027 2564 25421 0 0 1 112 0 0 69 0 0 5621 1 0 0 695 152 0 0 0 0 4 0 0 3 0 0 16554 
0 2 0 1234 0 0 1 0 7437 8 366 0 0 1153 0 4 9 0 22 0 0 51294 0 0 239 0 7116 0 0 0 67943 0 4 0 0 0 208 0 0 497 
39 30880 0 4 4 0 319 0 25 1226 56 65928 249 5892 75410 0 762 0 0 0 1846 52063 0 541 0 0 0 0 0 12 1303 14067 0 0 0 168 0 46862 1 0 
409 0 0 3182 0 0 0 0 0 405 0 0 484 0 0 0 2 50211 0 0 0 4134 274 12845 0 1023 25 0 0 0 20 0 0 0 168 0 6 89832 2436 0 
0 0 726 0 0 269 0 0 2 0 1391 0 10 0 9179 74 0 2 14 0 0 0 0 0 2 0 0 114 1 4 0 0 3 208 0 6 0 0 12 0 
990 0 29945 0 11091 0 64 0 0 0 0 0 0 0 0 29945 0 3432 20513 2 470 74 0 1945 9947 146 464 0 0 21 9388 4 0 0 46862 89832 0 0 135 0 
88267 0 13 1 81397 3336 0 81 26 0 3220 2557 24932 438 0 13912 532 2 97944 3328 24812 0 5821 4 0 14 7 330 0 0 0 0 0 0 1 2436 12 135 0 4 
476 399 0 6308 52 0 90 0 0 0 0 10 3076 19568 6 0 24220 1281 150 152 54 61 19904 4 0 0 48750 1 0 0 14 0 16554 497 0 0 0 0 4 0 
0 0 62531 0 127 10 0 2 78 24 826 0 381 0 0 0 0 5142 387 0 0 179 593 0 0 1007 19923 24311 1166 0 55606 0 48850 26 0 1362 33166 42 0 23247 
0 0 2 0 40549 0 0 2252 4135 4946 145 0 0 0 47 6 0 0 0 0 0 0 0 0 147 0 20 74762 7 2 0 50640 2362 19 0 0 6108 7991 2128 37 
62531 2 0 0 0 0 0 0 0 0 6056 0 3682 0 157 0 0 0 57955 0 0 0 0 2 0 5 0 1 0 0 0 0 0 393 4 0 0 1584 955 403 
0 0 0 0 0 0 777 0 2234 0 8715 2 0 221 0 20788 0 0 148 281 0 0 3216 10975 0 0 0 0 0 0 0 0 0 0 265 38 169 11 65 10854 
127 40549 0 0 0 0 6628 14920 0 814 19 0 132 1 1910 0 30624 39973 0 0 588 2049 0 0 0 13 9562 1192 53 466 0 0 1 0 50018 30 0 0 0 0 
10 0 0 0 0 0 0 38 4572 0 3766 87199 0 0 1 0 2501 0 0 0 0 603 32 0 627 13918 0 40 0 78064 153 0 87713 24 0 0 0 0 49512 0 
0 0 0 777 6628 0 0 0 0 3445 387 0 1 0 2610 23179 0 0 0 22788 2 263 6 938 0 142 58195 0 0 0 0 10 0 43 476 0 16 393 0 0 
2 2252 0 0 14920 38 0 0 1 2 0 0 159 0 22732 15 16 0 1613 52615 775 131 3 21665 363 0 0 791 0 0 0 190 0 569 0 17173 0 36177 24 0 
78 4135 0 2234 0 4572 0 1 0 0 0 0 0 2 11 0 0 0 28781 0 1685 26816 5 0 17684 0 682 70600 0 0 68 0 9 0 0 0 33990 416 27315 3 
24 4946 0 0 814 0 3445 2 0 0 6383 0 0 1 0 624 0 0 0 7 173 139 0 0 318 113 2 0 0 0 0 0 30950 0 5 0 3040 2161 0 759 
826 145 6056 8715 19 3766 387 0 0 6383 0 27 11628 0 268 1554 42 0 5096 32 20 0 63994 59 3 0 0 95 0 0 1 464 0 82 0 45 0 0 0 40 
0 0 0 2 0 87199 0 0 0 0 27 0 0 10 138 0 13 0 569 0 0 2 20 3 0 1188 10225 37 0 0 70 0 3728 1 0 0 91527 52 0 0 
381 0 3682 0 132 0 1 159 0 0 11628 0 0 0 16 0 0 1077 0 3977 0 11896 0 2 0 957 0 1 0 603 12 0 576 369 0 1895 0 0 2091 3 
0 0 0 221 1 0 0 0 2 1 0 10 0 0 42255 0 20 2446 0 102 0 0 24038 0 26631 0 0 0 0 0 3473 383 256 70329 0 31 0 231 397 2 
0 47 157 0 1910 1 2610 22732 11 0 268 138 16 42255 0 48 19 6287 574 95367 7080 0 0 0 39 21007 0 0 1795 0 59599 0 4 0 0 0 19186 1905 0 0 
0 6 0 20788 0 0 23179 15 0 624 1554 0 0 0 48 0 2 0 140 7 0 3507 5870 0 51451 0 106 10006 0 1319 0 24988 2 10 0 1336 0 0 0 0 
0 0 0 0 30624 2501 0 16 0 0 42 13 0 20 19 2 0 496 0 0 0 0 1 0 195 0 10032 1237 0 0 2887 2 1 0 0 549 0 0 0 328 
5142 0 0 0 39973 0 0 0 0 0 0 0 1077 2446 6287 0 496 0 6055 8258 0 1 0 0 0 36137 4 8 0 61 9 24016 9 0 4 1 0 3888 0 342 
387 0 57955 148 0 0 0 1613 28781 0 5096 569 0 0 574 140 0 6055 0 38325 0 0 22 0 0 0 0 0 0 0 0 0 26 20 21693 7 53905 13087 0 0 
0 0 0 281 0 0 22788 52615 0 7 32 0 3977 102 95367 7 0 8258 38325 0 0 316 0 1 0 56 0 0 63 0 0 865 850 0 0 0 18035 0 320 0 
0 0 0 0 588 0 2 775 1685 173 20 0 0 0 7080 0 0 0 0 0 0 0 17467 0 28 307 687 44 0 0 0 8 5656 26 8 676 5 1880 16 0 
179 0 0 0 2049 603 263 131 26816 139 0 2 11896 0 0 3507 0 1 0 316 0 0 7 2047 0 2427 76615 46 0 4 19193 30652 0 0 0 0 25 12661 0 3 
593 0 0 3216 0 32 6 3 5 0 63994 20 0 24038 0 5870 1 0 22 0 17467 7 0 337 4 3 508 0 604 0 72902 28 1 45308 1 7 10492 0 95922 3079 
0 0 2 10975 0 0 938 21665 0 0 59 3 2 0 0 0 0 0 0 1 0 2047 337 0 22 11330 58 634 0 0 0 0 0 0 0 0 0 0 0 28 
0 147 0 0 0 627 0 363 17684 318 3 0 0 26631 39 51451 195 0 0 0 28 0 4 22 0 0 0 30762 0 0 0 57 0 0 0 1654 0 0 55548 0 
1007 0 5 0 13 13918 142 0 0 113 0 1188 957 0 21007 0 0 36137 0 56 307 2427 3 11330 0 0 10007 32657 0 0 1 0 0 0 0 54021 2093 0 30 26 
19923 20 0 0 9562 0 58195 0 682 2 0 10225 0 0 0 106 10032 4 0 0 687 76615 508 58 0 10007 0 0 8094 220 0 0 243 0 0 0 0 0 11 0 
24311 74762 1 0 1192 40 0 791 70600 0 95 37 1 0 0 10006 1237 8 0 0 44 46 0 634 30762 32657 0 0 34966 43671 1 0 0 0 18 0 0 94094 2 0 
1166 7 0 0 53 0 0 0 0 0 0 0 0 0 1795 0 0 0 0 63 0 0 604 0 0 0 8094 34966 0 6 5280 0 0 0 0 0 0 520 0 0 
0 2 0 0 466 78064 0 0 0 0 0 0 603 0 0 1319 0 61 0 0 0 4 0 0 0 0 220 43671 6 0 2186 31 81838 0 0 0 0 0 0 0 
55606 0 0 0 0 153 0 0 68 0 1 70 12 3473 59599 0 2887 9 0 0 0 19193 72902 0 0 1 0 1 5280 2186 0 159 0 0 0 0 0 0 0 0 
0 50640 0 0 0 0 10 190 0 0 464 0 0 383 0 24988 2 24016 0 865 8 30652 28 0 57 0 0 0 0 31 159 0 87568 905 18 1 0 3 1329 0 
48850 2362 0 0 1 87713 0 0 9 30950 0 3728 576 256 4 2 1 9 26 850 5656 0 1 0 0 0 243 0 0 81838 0 87568 0 191 0 20 0 73335 87 2380 
26 19 393 0 0 24 43 569 0 0 82 1 369 70329 0 10 0 0 20 0 26 0 45308 0 0 0 0 0 0 0 0 905 191 0 4201 0 1633 8115 0 0 
0 0 4 265 50018 0 476 0 0 5 0 0 0 0 0 0 0 4 21693 0 8 0 1 0 0 0 0 18 0 0 0 18 0 4201 0 0 50187 0 0 540 
1362 0 0 38 30 0 0 17173 0 0 45 0 1895 31 0 1336 549 1 7 0 676 0 7 0 1654 54021 0 0 0 0 0 1 20 0 0 0 114 0 0 4092 
33166 6108 0 169 0 0 16 0 33990 3040 0 91527 0 0 19186 0 0 0 53905 18035 5 25 10492 0 0 2093 0 0 0 0 0 0 0 1633 50187 114 0 0 0 10 
42 7991 1584 11 0 0 393 36177 416 2161 0 52 0 231 1905 0 0 3888 13087 0 1880 12661 0 0 0 0 0 94094 520 0 0 3 73335 8115 0 0 0 0 16 107 
0 2128 955 65 0 49512 0 24 27315 0 0 0 2091 397 0 0 0 0 0 320 16 0 95922 0 55548 30 11 2 0 0 0 1329 87 0 0 0 0 16 0 0 
23247 37 403 10854 0 0 0 0 3 759 40 0 3 2 0 0 328 342 0 0 0 3 3079 28 0 26 0 0 0 0 0 0 2380 0 540 4092 10 107 0 0 
