15 3
0 59 64 103 62 95 95 48 90 88 90 112 64 139 74 
59 0 70 49 40 62 36 46 31 30 43 69 27 80 26 
64 70 0 118 33 51 89 98 88 95 64 73 48 126 97 
103 49 118 0 85 94 38 68 34 23 68 88 69 56 28 
62 40 33 85 0 33 56 78 55 62 34 51 15 94 66 
95 62 51 94 33 0 57 107 59 71 25 22 37 82 84 
95 36 89 38 56 57 0 77 6 17 31 50 41 44 39 
48 46 98 68 78 107 77 0 71 63 90 115 69 117 41 
90 31 88 34 55 59 6 71 0 12 34 55 39 49 33 
88 30 95 23 62 71 17 63 12 0 46 67 46 53 23 
90 43 64 68 34 25 31 90 34 46 0 25 25 61 61 
112 69 73 88 51 22 50 115 55 67 25 0 49 63 86 
64 27 48 69 15 37 41 69 39 46 25 49 0 81 52 
139 80 126 56 94 82 44 117 49 53 61 63 81 0 75 
74 26 97 28 66 84 39 41 33 23 61 86 52 75 0 
0 0 1452 92839 0 3288 0 20374 322 66 0 0 0 0 174 
0 0 0 6061 0 140 271 25 1299 0 0 0 0 56093 3 
1452 0 0 0 875 1 6136 12954 0 33 0 26228 0 0 0 
92839 6061 0 0 2 2076 3558 723 28 52 10 0 0 17311 40 
0 0 875 2 0 823 1 0 0 0 0 0 8416 7 0 
3288 140 1 2076 823 0 0 9 1 0 0 309 1 150 0 
0 271 6136 3558 1 0 0 15282 32529 0 6 1170 90 609 79 
20374 25 12954 723 0 9 15282 0 0 5668 0 9280 9706 0 0 
322 1299 0 28 0 1 32529 0 0 177 98278 2 0 0 0 
66 0 33 52 0 0 0 5668 177 0 0 0 0 499 23 
0 0 0 10 0 0 6 0 98278 0 0 0 0 28987 3 
0 0 26228 0 0 309 1170 9280 2 0 0 0 80 181 1032 
0 0 0 0 8416 1 90 9706 0 0 0 80 0 0 146 
0 56093 0 17311 7 150 609 0 0 499 28987 181 0 0 5201 
174 3 0 40 0 0 79 0 0 23 3 1032 146 5201 0 
0 0 773 10831 1 47740 0 11637 121 608 0 0 0 0 79 
0 0 0 4042 0 118 149 140 582 0 0 1 0 82057 14 
773 0 0 0 197 0 278 19795 0 3 0 3508 0 0 2 
10831 4042 0 0 2 495 1750 364 7 14 388 0 0 1101 2203 
1 0 197 2 0 165 14 0 0 0 0 0 912 0 0 
47740 118 0 495 165 0 0 1 1 0 0 41558 13 84 0 
0 149 278 1750 14 0 0 36544 433 0 18 606 181 1204 67 
11637 140 19795 364 0 1 36544 0 0 34 23 6496 3796 0 0 
121 582 0 7 0 1 433 0 0 6 65308 34 0 0 0 
608 0 3 14 0 0 0 34 6 0 0 0 0 173 56 
0 0 0 388 0 0 18 23 65308 0 0 0 0 17133 16 
0 1 3508 0 0 41558 606 6496 34 0 0 0 139 4 1900 
0 0 0 0 912 13 181 3796 0 0 0 139 0 0 31 
0 82057 0 1101 0 84 1204 0 0 173 17133 4 0 0 1326 
79 14 2 2203 0 0 67 0 0 56 16 1900 31 1326 0 
0 0 40221 51368 0 10131 0 10815 48 11 0 0 0 0 3652 
0 0 0 38597 0 77 396 0 8 0 0 0 0 4004 3 
40221 0 0 0 210 6 11266 1429 0 28 0 14370 0 0 0 
51368 38597 0 0 8 2234 5039 198 8 24 60 0 0 12883 17 
0 0 210 8 0 537 9 0 0 0 0 1 319 6 0 
10131 77 6 2234 537 0 0 6 25 0 0 3025 47 526 0 
0 396 11266 5039 9 0 0 8071 3796 0 1 15440 12 448 1 
10815 0 1429 198 0 6 8071 0 0 24340 0 15311 2340 0 0 
48 8 0 8 0 25 3796 0 0 220 37247 0 0 0 0 
11 0 28 24 0 0 0 24340 220 0 0 8 0 301 46 
0 0 0 60 0 0 1 0 37247 0 0 0 0 9687 0 
0 0 14370 0 1 3025 15440 15311 0 8 0 0 78 39 507 
0 0 0 0 319 47 12 2340 0 0 0 78 0 0 497 
0 4004 0 12883 6 526 448 0 0 301 9687 39 0 0 567 
3652 3 0 17 0 0 1 0 0 46 0 507 497 567 0 
