30 2
0 46 118 40 96 98 46 64 2 33 36 47 55 9 108 78 35 54 61 95 45 105 61 79 70 72 108 28 39 45 
46 0 88 10 53 127 3 66 48 60 37 19 78 48 107 43 36 50 104 90 43 84 63 35 92 25 124 21 29 63 
118 88 0 85 53 137 85 71 120 144 83 106 102 125 70 117 84 138 148 59 75 25 72 92 105 80 111 92 78 92 
40 10 85 0 56 117 8 56 42 59 26 26 68 43 98 54 26 55 95 82 33 79 53 44 82 34 114 12 19 52 
96 53 53 56 0 154 51 82 98 112 71 66 108 100 106 67 71 96 146 90 69 65 81 42 118 33 138 68 62 93 
98 127 137 117 154 0 125 72 99 127 90 138 49 106 75 170 91 153 52 79 87 112 73 161 36 148 37 107 99 64 
46 3 85 8 51 125 0 63 48 61 34 22 76 49 104 46 34 53 103 87 40 81 60 36 90 26 122 20 27 60 
64 66 71 56 82 72 63 0 66 97 32 83 30 73 44 110 33 107 76 31 23 50 3 95 36 81 59 52 37 22 
2 48 120 42 98 99 48 66 0 32 38 48 56 7 110 78 37 54 61 97 47 107 63 81 71 74 110 30 42 47 
33 60 144 59 112 127 61 97 32 0 67 48 88 24 142 71 66 34 83 128 77 134 94 83 103 82 141 52 68 79 
36 37 83 26 71 90 34 32 38 67 0 51 41 44 77 80 1 75 74 61 10 68 29 70 55 58 88 20 9 26 
47 19 106 26 66 138 22 83 48 48 51 0 90 45 125 31 50 31 108 109 59 103 80 35 105 34 140 31 46 76 
55 78 102 68 108 49 76 30 56 88 41 90 0 63 62 121 41 107 46 54 39 80 29 112 15 99 53 58 50 15 
9 48 125 43 100 106 49 73 7 24 44 45 63 0 117 75 43 47 66 104 53 112 70 79 79 73 117 33 47 54 
108 107 70 98 106 75 104 44 110 142 77 125 62 117 0 149 78 152 105 17 67 45 48 131 55 116 42 96 80 64 
78 43 117 54 67 170 46 110 78 71 80 31 121 75 149 0 80 40 140 132 87 120 107 25 135 36 168 62 73 106 
35 36 84 26 71 91 34 33 37 66 1 50 41 43 78 80 0 74 74 62 11 69 30 70 55 58 89 19 9 26 
54 50 138 55 96 153 53 107 54 34 75 31 107 47 152 40 74 0 113 136 84 134 104 59 123 63 160 55 72 95 
61 104 148 95 146 52 103 76 61 83 74 108 46 66 105 140 74 113 0 100 77 126 75 139 50 129 81 83 83 56 
95 90 59 82 90 79 87 31 97 128 61 109 54 104 17 132 62 136 100 0 52 34 34 114 51 99 52 81 64 52 
45 43 75 33 69 87 40 23 47 77 10 59 39 53 67 87 11 84 77 52 0 59 20 74 51 61 81 29 13 24 
105 84 25 79 65 112 81 50 107 134 68 103 80 112 45 120 69 134 126 34 59 0 51 98 81 84 86 82 66 72 
61 63 72 53 81 73 60 3 63 94 29 80 29 70 48 107 30 104 75 34 20 51 0 93 37 79 61 49 34 20 
79 35 92 44 42 161 36 95 81 83 70 35 112 79 131 25 70 59 139 114 74 98 93 0 125 14 155 56 62 96 
70 92 105 82 118 36 90 36 71 103 55 105 15 79 55 135 55 123 50 51 51 81 37 125 0 112 38 73 63 29 
72 25 80 34 33 148 26 81 74 82 58 34 99 73 116 36 58 63 129 99 61 84 79 14 112 0 140 46 49 83 
108 124 111 114 138 37 122 59 110 141 88 140 53 117 42 168 89 160 81 52 81 86 61 155 38 140 0 108 95 65 
28 21 92 12 68 107 20 52 30 52 20 31 58 33 96 62 19 55 83 81 29 82 49 56 73 46 108 0 17 44 
39 29 78 19 62 99 27 37 42 68 9 46 50 47 80 73 9 72 83 64 13 66 34 62 63 49 95 17 0 34 
45 63 92 52 93 64 60 22 47 79 26 76 15 54 64 106 26 95 56 52 24 72 20 96 29 83 65 44 34 0 
0 33189 36062 0 94140 0 0 11967 0 0 14889 0 0 0 0 0 6828 1 616 108 0 123 5 81 863 0 0 0 1 0 
33189 0 2527 0 0 0 0 7 0 0 36155 541 0 0 0 0 10 0 10213 0 1 0 0 0 156 23 2315 0 0 0 
36062 2527 0 0 62 118 0 0 0 66 2 0 2 0 18 0 0 92298 0 2 0 1302 2 0 0 1019 9 0 175 3 
0 0 0 0 4 36075 540 191 1 0 25543 0 0 1707 38597 1017 726 0 346 0 0 1 54 106 20675 1 0 16 0 0 
94140 0 62 4 0 0 0 5173 9 63836 0 352 203 9767 0 0 5152 37448 0 0 9355 2 214 0 0 3384 3718 463 0 3 
0 0 118 36075 0 0 18109 7964 5080 30978 1493 0 0 55167 19884 18870 0 2016 9 1260 0 0 0 0 242 0 0 12 13 57986 
0 0 0 540 0 18109 0 0 64 19880 0 1587 0 8497 641 1 56581 0 96 14 26 0 468 5 145 169 0 122 0 0 
11967 7 0 191 5173 7964 0 0 0 0 0 199 2486 874 15355 7 0 17311 0 10 0 7200 20062 0 0 0 0 62233 0 1371 
0 0 0 1 9 5080 64 0 0 362 0 0 87 0 0 0 10383 726 5455 12 0 769 26 0 0 0 0 0 230 0 
0 0 66 0 63836 30978 19880 0 362 0 7525 0 0 0 61865 0 0 0 1 80 28220 0 0 77304 236 0 0 38891 23790 0 
14889 36155 2 25543 0 1493 0 0 0 7525 0 0 0 0 0 1 0 2410 0 92683 0 0 77 0 117 2 0 0 0 0 
0 541 0 0 352 0 1587 199 0 0 0 0 0 152 0 91 0 0 0 0 6709 27712 18 1482 13496 0 65 0 0 8 
0 0 2 0 203 0 0 2486 87 0 0 0 0 0 40845 88 9406 0 0 0 0 0 0 1611 0 0 0 213 2 26 
0 0 0 1707 9767 55167 8497 874 0 0 0 152 0 0 0 2366 8 0 0 1 0 0 0 0 0 0 4283 874 331 0 
0 0 18 38597 0 19884 641 15355 0 61865 0 0 40845 0 0 0 0 0 1653 16276 0 0 49394 0 5007 68 3467 0 0 0 
0 0 0 1017 0 18870 1 7 0 0 1 91 88 2366 0 0 0 0 0 7 65 14 9 1589 0 7569 1373 17 0 0 
6828 10 0 726 5152 0 56581 0 10383 0 0 0 9406 8 0 0 0 5206 7 23 0 0 229 0 2949 0 33 32094 0 3114 
1 0 92298 0 37448 2016 0 17311 726 0 2410 0 0 0 0 0 5206 0 108 0 0 52196 0 5 2 3371 0 5781 0 0 
616 10213 0 346 0 9 96 0 5455 1 0 0 0 0 1653 0 7 108 0 0 128 3009 1 0 0 22 65 135 112 233 
108 0 2 0 0 1260 14 10 12 80 92683 0 0 1 16276 7 23 0 0 0 0 0 0 9778 845 70 0 13702 0 12 
0 1 0 0 9355 0 26 0 0 28220 0 6709 0 0 0 65 0 0 128 0 0 153 605 8250 4 0 0 0 0 0 
123 0 1302 1 2 0 0 7200 769 0 0 27712 0 0 0 14 0 52196 3009 0 153 0 3322 0 0 53 0 0 10 20 
5 0 2 54 214 0 468 20062 26 0 77 18 0 0 49394 9 229 0 1 0 605 3322 0 0 0 78 0 3 0 0 
81 0 0 106 0 0 5 0 0 77304 0 1482 1611 0 0 1589 0 5 0 9778 8250 0 0 0 2754 0 29 24 0 3 
863 156 0 20675 0 242 145 0 0 236 117 13496 0 0 5007 0 2949 2 0 845 4 0 0 2754 0 0 5 1 0 0 
0 23 1019 1 3384 0 169 0 0 0 2 0 0 0 68 7569 0 3371 22 70 0 53 78 0 0 0 0 211 0 48 
0 2315 9 0 3718 0 0 0 0 0 0 65 0 4283 3467 1373 33 0 65 0 0 0 0 29 5 0 0 0 0 0 
0 0 0 16 463 12 122 62233 0 38891 0 0 213 874 0 17 32094 5781 135 13702 0 0 3 24 1 211 0 0 0 45 
1 0 175 0 0 13 0 0 230 23790 0 0 2 331 0 0 0 0 112 0 0 10 0 0 0 0 0 0 0 0 
0 0 3 0 3 57986 0 1371 0 0 0 8 26 0 0 0 3114 0 233 12 0 20 0 3 0 48 0 45 0 0 
0 0 0 458 0 25770 4245 0 30770 8559 0 532 2177 5363 2 10851 0 0 0 0 30841 1 0 0 0 1323 2 2164 1 7 
0 0 0 30549 172 63946 10891 0 9062 1037 0 0 21646 94 9056 38080 0 26 0 2101 5 10 9 370 0 0 0 354 9 28 
0 0 0 240 0 0 121 111 45233 1 1 0 0 443 0 58 4 0 122 0 94 0 0 366 241 0 0 81734 1 0 
458 30549 240 0 0 0 0 0 26 1656 0 13602 64 0 0 0 0 0 0 804 18156 0 0 0 0 2 23 0 894 7 
0 172 0 0 0 0 3 0 0 0 3431 0 0 0 32 568 0 0 281 261 0 0 0 233 1 0 0 0 0 15 
25770 63946 0 0 0 0 0 0 0 0 0 1 35 0 0 0 9 0 0 0 6 72120 3 74378 0 11 11502 0 0 0 
4245 10891 121 0 3 0 0 42 0 0 5370 0 8667 0 0 1 0 13380 3 0 0 3 0 0 0 0 51 0 10 1177 
0 0 111 0 0 0 42 0 3991 17588 3155 0 0 0 0 0 1 0 0 0 2613 0 0 21 322 43 1444 0 16156 0 
30770 9062 45233 26 0 0 0 3991 0 0 3588 673 0 5466 6535 15664 0 0 0 2 735 0 0 15851 7 46501 16 5277 0 2706 
8559 1037 1 1656 0 0 0 17588 0 0 0 1598 2 65 0 697 5 38044 0 0 0 1724 3 0 0 40652 8176 0 0 150 
0 0 1 0 3431 0 5370 3155 3588 0 0 46 3183 37 9281 21 74 0 6 0 10628 68 0 120 0 0 3 3711 2 1650 
532 0 0 13602 0 1 0 0 673 1598 46 0 18880 0 8580 0 905 0 63749 41111 0 0 0 0 0 940 0 0 997 0 
2177 21646 0 64 0 35 8667 0 0 2 3183 18880 0 2 0 0 0 418 0 7 5 2 5 0 91814 194 45 0 33 0 
5363 94 443 0 0 0 0 0 5466 65 37 0 2 0 2900 0 0 10 3024 18 173 59704 4 98 137 1595 0 0 0 17988 
2 9056 0 0 32 0 0 0 6535 0 9281 8580 0 2900 0 6 88876 173 0 0 8 10 0 994 0 0 0 203 1276 4 
10851 38080 58 0 568 0 1 0 15664 697 21 0 0 0 6 0 5 591 46 0 0 0 0 0 15413 0 0 0 2685 780 
0 0 4 0 0 9 0 1 0 5 74 905 0 0 88876 5 0 0 0 0 93633 65745 0 3397 0 5752 0 0 156 0 
0 26 0 0 0 0 13380 0 0 38044 0 0 418 10 173 591 0 0 0 718 30 0 78 0 2 0 9 0 3564 1271 
0 0 122 0 281 0 3 0 0 0 6 63749 0 3024 0 46 0 0 0 2 0 0 0 6 0 0 0 0 0 0 
0 2101 0 804 261 0 0 0 2 0 0 41111 7 18 0 0 0 718 2 0 121 95111 0 0 0 0 511 0 527 0 
30841 5 94 18156 0 6 0 2613 735 0 10628 0 5 173 8 0 93633 30 0 121 0 0 0 0 0 586 563 1394 2148 0 
1 10 0 0 0 72120 3 0 0 1724 68 0 2 59704 10 0 65745 0 0 95111 0 0 0 494 591 0 134 607 0 0 
0 9 0 0 0 3 0 0 0 3 0 0 5 4 0 0 0 78 0 0 0 0 0 1196 26 0 26812 0 5730 2445 
0 370 366 0 233 74378 0 21 15851 0 120 0 0 98 994 0 3397 0 6 0 0 494 1196 0 0 18 0 0 1639 14 
0 0 241 0 1 0 0 322 7 0 0 0 91814 137 0 15413 0 2 0 0 0 591 26 0 0 44334 1 44 118 41762 
1323 0 0 2 0 11 0 43 46501 40652 0 940 194 1595 0 0 5752 0 0 0 586 0 0 18 44334 0 1011 0 1481 0 
2 0 0 23 0 11502 51 1444 16 8176 3 0 45 0 0 0 0 9 0 511 563 134 26812 0 1 1011 0 7076 6491 2329 
2164 354 81734 0 0 0 0 0 5277 0 3711 0 0 0 203 0 0 0 0 0 1394 607 0 0 44 0 7076 0 794 0 
1 9 1 894 0 0 10 16156 0 0 2 997 33 0 1276 2685 156 3564 0 527 2148 0 5730 1639 118 1481 6491 794 0 672 
7 28 0 7 15 0 1177 0 2706 150 1650 0 0 17988 4 780 0 1271 0 0 0 0 2445 14 41762 0 2329 0 672 0 
