9 3
0 123 17 72 89 90 77 84 122 
123 0 116 51 121 48 96 115 59 
17 116 0 64 101 90 86 66 108 
72 51 64 0 97 39 71 77 62 
89 121 101 97 0 73 26 158 158 
90 48 90 39 73 0 47 116 91 
77 96 86 71 26 47 0 136 132 
84 115 66 77 158 116 136 0 73 
122 59 108 62 158 91 132 73 0 
0 0 0 0 2 8 0 0 6 
0 0 1544 0 2721 0 46 1 0 
0 1544 0 42 0 1209 0 0 2 
0 0 42 0 0 0 11 0 0 
2 2721 0 0 0 0 693 0 58428 
8 0 1209 0 0 0 0 0 60107 
0 46 0 11 693 0 0 0 0 
0 1 0 0 0 0 0 0 77 
6 0 2 0 58428 60107 0 77 0 
0 0 0 261 6 0 0 40798 42 
0 0 0 14549 1206 503 82 0 0 
0 0 0 0 68 0 0 24529 0 
261 14549 0 0 22 0 0 8342 2 
6 1206 68 22 0 263 0 33 0 
0 503 0 0 263 0 253 511 0 
0 82 0 0 0 253 0 5 2685 
40798 0 24529 8342 33 511 5 0 85 
42 0 0 2 0 0 2685 85 0 
0 0 1658 1 84 0 41944 0 0 
0 0 0 21 0 9448 0 6 1258 
1658 0 0 72 344 76 0 70176 0 
1 21 72 0 16467 0 0 0 68 
84 0 344 16467 0 52 0 1 0 
0 9448 76 0 52 0 12 15195 0 
41944 0 0 0 0 12 0 56 485 
0 6 70176 0 1 15195 56 0 0 
0 1258 0 68 0 0 485 0 0 
