7 2
0 46 118 40 96 98 46 
46 0 88 10 53 127 3 
118 88 0 85 53 137 85 
40 10 85 0 56 117 8 
96 53 53 56 0 154 51 
98 127 137 117 154 0 125 
46 3 85 8 51 125 0 
0 0 0 3297 0 0 2 
0 0 132 1 0 0 1821 
0 132 0 0 0 0 0 
3297 1 0 0 0 0 39490 
0 0 0 0 0 0 39589 
0 0 0 0 0 0 0 
2 1821 0 39490 39589 0 0 
0 11 160 0 24 8 0 
11 0 0 0 185 14 0 
160 0 0 7 17 3780 32851 
0 0 7 0 2 859 0 
24 185 17 2 0 6233 0 
8 14 3780 859 6233 0 61607 
0 0 32851 0 0 61607 0 
