15 2
0 123 17 72 89 90 77 84 122 70 141 118 117 117 58 
123 0 116 51 121 48 96 115 59 63 25 47 40 16 64 
17 116 0 64 101 90 86 66 108 71 133 119 117 113 52 
72 51 64 0 97 39 71 77 62 33 69 64 60 49 13 
89 121 101 97 0 73 26 158 158 64 146 84 88 106 88 
90 48 90 39 73 0 47 116 91 20 73 28 27 34 42 
77 96 86 71 26 47 0 136 132 38 121 63 66 81 63 
84 115 66 77 158 116 136 0 73 105 118 141 136 120 76 
122 59 108 62 158 91 132 73 0 94 51 103 96 73 74 
70 63 71 33 64 20 38 105 94 0 87 48 47 52 29 
141 25 133 69 146 73 121 118 51 87 0 70 64 41 83 
118 47 119 64 84 28 63 141 103 48 70 0 6 30 70 
117 40 117 60 88 27 66 136 96 47 64 6 0 24 67 
117 16 113 49 106 34 81 120 73 52 41 30 24 0 60 
58 64 52 13 88 42 63 76 74 29 83 70 67 60 0 
0 5 1410 0 0 0 66866 0 0 0 37201 155 0 48 0 
5 0 0 0 0 3 0 0 195 0 0 0 0 39258 15 
1410 0 0 0 92 0 42 13 28 0 275 0 12 0 0 
0 0 0 0 0 0 0 0 25 4699 0 788 2 0 0 
0 0 92 0 0 0 1258 7 0 0 0 4 1789 14520 19449 
0 3 0 0 0 0 0 10 7937 0 0 216 1 3 1 
66866 0 42 0 1258 0 0 3591 0 17910 0 105 0 0 98 
0 0 13 0 7 10 3591 0 0 0 35389 3 0 330 0 
0 195 28 25 0 7937 0 0 0 10 2 3 0 0 6 
0 0 0 4699 0 0 17910 0 10 0 0 446 0 0 4 
37201 0 275 0 0 0 0 35389 2 0 0 14227 0 0 0 
155 0 0 788 4 216 105 3 3 446 14227 0 23 0 553 
0 0 12 2 1789 1 0 0 0 0 0 23 0 2 0 
48 39258 0 0 14520 3 0 330 0 0 0 0 2 0 0 
0 15 0 0 19449 1 98 0 6 4 0 553 0 0 0 
0 1 0 2191 0 0 267 124 216 136 0 2 53 49516 921 
1 0 14549 68 0 0 0 28 0 2318 0 0 4397 17 0 
0 14549 0 0 7307 0 0 0 0 1107 0 0 0 89 378 
2191 68 0 0 199 0 30025 4 0 44390 7802 0 0 61817 1 
0 0 7307 199 0 0 0 0 0 28 0 0 0 0 0 
0 0 0 0 0 0 1 0 162 0 0 1975 80 4 6 
267 0 0 30025 0 1 0 127 1 0 3 0 21 0 10620 
124 28 0 4 0 0 127 0 149 0 0 0 123 0 1233 
216 0 0 0 0 162 1 149 0 0 28 123 0 0 24206 
136 2318 1107 44390 28 0 0 0 0 0 1 9 3 2 15394 
0 0 0 7802 0 0 3 0 28 1 0 5 0 0 67 
2 0 0 0 0 1975 0 0 123 9 5 0 44859 2 5576 
53 4397 0 0 0 80 21 123 0 3 0 44859 0 0 0 
49516 17 89 61817 0 4 0 0 0 2 0 2 0 0 0 
921 0 378 1 0 6 10620 1233 24206 15394 67 5576 0 0 0 
