15 4
0 46 118 40 96 98 46 64 2 33 36 47 55 9 108 
46 0 88 10 53 127 3 66 48 60 37 19 78 48 107 
118 88 0 85 53 137 85 71 120 144 83 106 102 125 70 
40 10 85 0 56 117 8 56 42 59 26 26 68 43 98 
96 53 53 56 0 154 51 82 98 112 71 66 108 100 106 
98 127 137 117 154 0 125 72 99 127 90 138 49 106 75 
46 3 85 8 51 125 0 63 48 61 34 22 76 49 104 
64 66 71 56 82 72 63 0 66 97 32 83 30 73 44 
2 48 120 42 98 99 48 66 0 32 38 48 56 7 110 
33 60 144 59 112 127 61 97 32 0 67 48 88 24 142 
36 37 83 26 71 90 34 32 38 67 0 51 41 44 77 
47 19 106 26 66 138 22 83 48 48 51 0 90 45 125 
55 78 102 68 108 49 76 30 56 88 41 90 0 63 62 
9 48 125 43 100 106 49 73 7 24 44 45 63 0 117 
108 107 70 98 106 75 104 44 110 142 77 125 62 117 0 
0 0 902 0 0 97 0 0 2507 1 11558 10 6585 0 0 
0 0 21 7027 13 0 0 1 0 20 0 0 0 3 4 
902 21 0 3825 6042 618 63 0 0 0 0 0 0 0 44 
0 7027 3825 0 23351 0 47769 0 0 0 2 0 2 0 0 
0 13 6042 23351 0 0 341 0 0 14070 6 0 0 0 47 
97 0 618 0 0 0 129 0 5082 0 0 0 0 31 0 
0 0 63 47769 341 129 0 0 28 23297 0 28577 0 0 0 
0 1 0 0 0 0 0 0 0 0 9 0 0 1 91433 
2507 0 0 0 0 5082 28 0 0 206 0 8825 5310 39400 53950 
1 20 0 0 14070 0 23297 0 206 0 166 1 0 8055 46493 
11558 0 0 2 6 0 0 9 0 166 0 0 1002 0 1937 
10 0 0 0 0 0 28577 0 8825 1 0 0 176 0 28603 
6585 0 0 2 0 0 0 0 5310 0 1002 176 0 0 0 
0 3 0 0 0 31 0 1 39400 8055 0 0 0 0 98508 
0 4 44 0 47 0 0 91433 53950 46493 1937 28603 0 98508 0 
0 48995 0 1 610 0 14 1 0 0 0 0 0 20396 157 
48995 0 0 0 0 27 1106 0 58332 0 2411 8 4 0 0 
0 0 0 0 0 0 0 294 4646 48 2591 11 3 840 0 
1 0 0 0 0 131 0 15 95 21 7 3 0 71024 853 
610 0 0 0 0 44277 0 79 1472 0 0 27 145 29 0 
0 27 0 131 44277 0 0 1586 0 14 50 949 10 0 19659 
14 1106 0 0 0 0 0 57 0 0 1226 0 1381 942 54 
1 0 294 15 79 1586 57 0 6403 10 0 123 3 0 0 
0 58332 4646 95 1472 0 0 6403 0 0 66 0 0 0 0 
0 0 48 21 0 14 0 10 0 0 0 0 2055 0 0 
0 2411 2591 7 0 50 1226 0 66 0 0 3777 0 532 0 
0 8 11 3 27 949 0 123 0 0 3777 0 0 955 0 
0 4 3 0 145 10 1381 3 0 2055 0 0 0 807 6 
20396 0 840 71024 29 0 942 0 0 0 532 955 807 0 0 
157 0 0 853 0 19659 54 0 0 0 0 0 6 0 0 
0 9839 0 45 29 0 0 180 0 123 0 2 0 13928 32 
9839 0 0 0 0 89 2839 1 33673 1 13 16717 9845 1 1 
0 0 0 0 0 0 0 35333 8905 1 70 2 19 5 0 
45 0 0 0 0 10 0 33 22625 11 0 1419 0 3 723 
29 0 0 0 0 10300 0 1 61 0 0 83 162 8 0 
0 89 0 10 10300 0 0 764 0 3 1057 2081 28246 0 79494 
0 2839 0 0 0 0 0 3 0 0 1 0 69 1347 78074 
180 1 35333 33 1 764 3 0 5 15048 0 0 10 0 0 
0 33673 8905 22625 61 0 0 5 0 0 88672 0 0 0 0 
123 1 1 11 0 3 0 15048 0 0 0 4 1761 0 0 
0 13 70 0 0 1057 1 0 88672 0 0 14 0 2 0 
2 16717 2 1419 83 2081 0 0 0 4 14 0 0 89 0 
0 9845 19 0 162 28246 69 10 0 1761 0 0 0 2 21646 
13928 1 5 3 8 0 1347 0 0 0 2 89 2 0 0 
32 1 0 723 0 79494 78074 0 0 0 0 0 21646 0 0 
0 14898 0 6590 3971 0 12 129 0 0 0 0 0 4713 16261 
14898 0 0 0 0 1 33903 0 7485 0 1 5763 1084 0 0 
0 0 0 0 0 0 0 19 7 5 30 33 24 59 0 
6590 0 0 0 0 162 0 12 69095 37059 0 0 0 47430 2148 
3971 0 0 0 0 3 0 1982 47 0 0 709 225 37410 0 
0 1 0 162 3 0 0 152 0 170 7 1152 78848 2 25859 
12 33903 0 0 0 0 0 90183 0 0 26 0 3931 15495 1997 
129 0 19 12 1982 152 90183 0 72753 98529 0 8 142 1 0 
0 7485 7 69095 47 0 0 72753 0 0 3 0 0 0 0 
0 0 5 37059 0 170 0 98529 0 0 0 0 693 0 0 
0 1 30 0 0 7 26 0 3 0 0 1656 0 7 0 
0 5763 33 0 709 1152 0 8 0 0 1656 0 0 743 0 
0 1084 24 0 225 78848 3931 142 0 693 0 0 0 79 891 
4713 0 59 47430 37410 2 15495 1 0 0 7 743 79 0 0 
16261 0 0 2148 0 25859 1997 0 0 0 0 0 891 0 0 
