50 4
0 123 17 72 89 90 77 84 122 70 141 118 117 117 58 85 94 145 69 99 137 99 30 139 114 56 50 94 70 158 148 87 53 161 64 94 106 62 87 81 66 9 49 48 135 73 47 81 16 69 
123 0 116 51 121 48 96 115 59 63 25 47 40 16 64 39 31 87 58 23 83 33 103 24 65 67 92 40 53 45 35 36 95 46 119 29 43 89 107 43 57 113 75 95 85 58 91 43 139 54 
17 116 0 64 101 90 86 66 108 71 133 119 117 113 52 81 90 150 68 93 122 97 14 135 118 53 57 84 66 154 139 82 62 151 46 88 94 69 69 78 59 15 41 32 119 72 32 78 31 65 
72 51 64 0 97 39 71 77 62 33 69 64 60 49 13 21 29 104 24 28 84 38 52 71 72 21 53 26 13 91 77 19 58 89 74 23 41 56 72 18 5 62 23 46 83 30 41 18 88 13 
89 121 101 97 0 73 26 158 158 64 146 84 88 106 88 88 93 82 73 107 181 88 104 121 67 78 49 121 84 131 156 94 43 167 143 101 136 41 157 86 94 86 92 116 180 69 112 86 92 83 
90 48 90 39 73 0 47 116 91 20 73 28 27 34 42 20 20 64 22 35 115 15 82 53 32 38 48 55 28 69 83 26 49 95 111 30 68 42 111 21 41 81 54 82 115 17 77 21 104 28 
77 96 86 71 26 47 0 136 132 38 121 63 66 81 63 62 67 73 47 81 155 62 85 98 49 54 29 95 58 110 130 68 24 142 124 75 110 17 134 60 69 71 69 95 154 42 90 60 85 57 
84 115 66 77 158 116 136 0 73 105 118 141 136 120 76 98 104 181 98 96 73 114 56 139 149 84 109 75 89 160 120 94 114 129 22 95 74 118 9 96 75 79 67 42 70 103 46 96 96 88 
122 59 108 62 158 91 132 73 0 94 51 103 96 73 74 71 70 145 85 56 25 79 93 83 118 83 115 37 74 101 50 65 120 57 87 60 22 118 63 72 66 113 76 77 25 89 76 72 138 75 
70 63 71 33 64 20 38 105 94 0 87 48 47 52 29 25 32 79 8 44 117 32 64 72 47 21 28 56 20 89 96 31 31 108 97 38 71 26 102 23 32 61 39 67 116 5 62 23 84 19 
141 25 133 69 146 73 121 118 51 87 0 70 64 41 83 62 55 108 81 43 71 58 119 37 89 88 115 49 74 52 10 57 118 21 127 50 44 113 110 65 75 131 92 107 73 82 104 65 158 75 
118 47 119 64 84 28 63 141 103 48 70 0 6 30 70 43 37 42 50 48 128 26 110 38 19 66 73 72 55 47 80 46 73 90 138 47 82 64 135 45 67 109 82 109 128 46 104 45 132 56 
117 40 117 60 88 27 66 136 96 47 64 6 0 24 67 39 32 48 48 42 121 22 108 32 25 64 74 66 52 44 73 42 75 83 134 41 76 66 130 42 64 108 79 106 122 44 101 42 131 53 
117 16 113 49 106 34 81 120 73 52 41 30 24 0 60 31 22 72 48 24 98 19 101 21 48 61 81 46 46 42 51 31 83 62 122 26 54 76 113 35 54 107 72 95 99 47 91 35 132 48 
58 64 52 13 88 42 63 76 74 29 83 70 67 60 0 29 38 107 21 41 95 45 41 82 74 9 41 39 15 102 90 29 47 103 69 35 53 47 72 25 8 48 12 39 93 27 34 25 75 14 
85 39 81 21 88 20 62 98 71 25 62 43 39 31 29 0 9 83 18 19 96 17 70 53 51 29 52 34 14 73 71 6 56 83 95 13 49 51 92 3 25 75 41 67 95 20 62 3 101 16 
94 31 90 29 93 20 67 104 70 32 55 37 32 22 38 9 0 79 27 14 95 10 79 44 48 38 60 36 24 64 64 10 64 76 103 10 48 58 98 13 33 85 50 75 95 27 70 13 110 25 
145 87 150 104 82 64 73 181 145 79 108 42 48 72 107 83 79 0 85 91 170 68 144 71 32 101 95 114 92 67 117 88 93 125 176 89 125 84 176 85 106 138 118 146 171 79 141 85 156 93 
69 58 68 24 73 22 47 98 85 8 81 50 48 48 21 18 27 85 0 37 108 30 60 70 52 16 34 48 11 88 90 23 38 102 91 31 63 34 94 15 24 60 32 61 107 5 56 15 84 10 
99 23 93 28 107 35 81 96 56 44 43 48 42 24 41 19 14 91 37 0 81 23 80 43 62 45 71 23 30 64 52 13 75 65 98 6 34 70 89 21 33 89 51 72 81 39 68 21 115 31 
137 83 122 84 181 115 155 73 25 117 71 128 121 98 95 96 95 170 108 81 0 104 107 106 143 104 136 61 97 123 67 89 142 71 92 85 47 141 64 96 87 129 96 90 3 113 90 96 153 98 
99 33 97 38 88 15 62 114 79 32 58 26 22 19 45 17 10 68 30 23 104 0 87 40 38 44 61 46 30 58 68 19 63 79 112 20 58 56 108 20 42 90 57 84 105 28 79 20 114 32 
30 103 14 52 104 82 85 56 93 64 119 110 108 101 41 70 79 144 60 80 107 87 0 123 111 44 56 70 56 143 125 70 61 137 39 76 80 68 58 67 47 23 29 18 105 65 18 67 45 55 
139 24 135 71 121 53 98 139 83 72 37 38 32 21 82 53 44 71 70 43 106 40 123 0 57 83 101 64 68 21 46 52 103 54 142 47 68 95 131 57 76 129 94 116 107 68 112 57 154 69 
114 65 118 72 67 32 49 149 118 47 89 19 25 48 74 51 48 32 52 62 143 38 111 57 0 68 66 84 60 63 99 57 65 109 143 59 97 55 144 53 73 106 85 113 143 46 108 53 126 60 
56 67 53 21 78 38 54 84 83 21 88 66 64 61 9 29 38 101 16 45 104 44 44 83 68 0 32 47 14 102 96 31 37 109 75 39 62 37 81 25 17 46 17 45 103 21 40 25 71 13 
50 92 57 53 49 48 29 109 115 28 115 73 74 81 41 52 60 95 34 71 136 61 56 101 66 32 0 79 42 117 124 57 5 136 95 65 94 12 107 49 49 43 43 67 135 33 63 49 60 41 
94 40 84 26 121 55 95 75 37 56 49 72 66 46 39 34 36 114 48 23 61 46 70 64 84 47 79 0 37 85 55 28 84 67 79 25 15 81 67 35 30 84 45 57 60 52 54 35 111 38 
70 53 66 13 84 28 58 89 74 20 74 55 52 46 15 14 24 92 11 30 97 30 56 68 60 14 42 37 0 88 82 17 47 95 83 24 52 44 84 11 13 61 27 54 96 16 49 11 86 1 
158 45 154 91 131 69 110 160 101 89 52 47 44 42 102 73 64 67 88 64 123 58 143 21 63 102 117 85 88 0 58 73 118 62 163 68 88 110 152 76 96 148 114 137 125 86 132 76 173 89 
148 35 139 77 156 83 130 120 50 96 10 80 73 51 90 71 64 117 90 52 67 68 125 46 99 96 124 55 82 58 0 66 128 12 130 58 47 122 111 74 82 139 99 112 69 91 109 74 165 84 
87 36 82 19 94 26 68 94 65 31 57 46 42 31 29 6 10 88 23 13 89 19 70 52 57 31 57 28 17 73 66 0 61 78 93 7 42 57 88 8 23 77 41 65 89 26 60 8 103 18 
53 95 62 58 43 49 24 114 120 31 118 73 75 83 47 56 64 93 38 75 142 63 61 103 65 37 5 84 47 118 128 61 0 140 100 69 99 9 113 53 54 47 49 72 141 36 68 53 62 46 
161 46 151 89 167 95 142 129 57 108 21 90 83 62 103 83 76 125 102 65 71 79 137 54 109 109 136 67 95 62 12 78 140 0 141 71 58 134 120 86 95 151 112 124 74 103 121 86 177 96 
64 119 46 74 143 111 124 22 87 97 127 138 134 122 69 95 103 176 91 98 92 112 39 142 143 75 95 79 83 163 130 93 100 141 0 96 82 106 28 92 70 61 58 30 88 96 35 92 74 82 
94 29 88 23 101 30 75 95 60 38 50 47 41 26 35 13 10 89 31 6 85 20 76 47 59 39 65 25 24 68 58 7 69 71 96 0 38 64 89 15 29 84 47 69 85 33 64 15 110 25 
106 43 94 41 136 68 110 74 22 71 44 82 76 54 53 49 48 125 63 34 47 58 80 68 97 62 94 15 52 88 47 42 99 58 82 38 0 96 65 49 45 97 58 65 46 67 63 49 123 53 
62 89 69 56 41 42 17 118 118 26 113 64 66 76 47 51 58 84 34 70 141 56 68 95 55 37 12 81 44 110 122 57 9 134 106 64 96 0 116 49 53 55 52 77 140 31 72 49 72 43 
87 107 69 72 157 111 134 9 63 102 110 135 130 113 72 92 98 176 94 89 64 108 58 131 144 81 107 67 84 152 111 88 113 120 28 89 65 116 0 90 70 82 65 42 61 99 45 90 100 84 
81 43 78 18 86 21 60 96 72 23 65 45 42 35 25 3 13 85 15 21 96 20 67 57 53 25 49 35 11 76 74 8 53 86 92 15 49 49 90 0 22 72 37 64 96 18 59 0 97 12 
66 57 59 5 94 41 69 75 66 32 75 67 64 54 8 25 33 106 24 33 87 42 47 76 73 17 49 30 13 96 82 23 54 95 70 29 45 53 70 22 0 56 18 42 86 29 37 22 82 13 
9 113 15 62 86 81 71 79 113 61 131 109 108 107 48 75 85 138 60 89 129 90 23 129 106 46 43 84 61 148 139 77 47 151 61 84 97 55 82 72 56 0 39 41 127 63 40 72 26 59 
49 75 41 23 92 54 69 67 76 39 92 82 79 72 12 41 50 118 32 51 96 57 29 94 85 17 43 45 27 114 99 41 49 112 58 47 58 52 65 37 18 39 0 28 94 38 23 37 65 26 
48 95 32 46 116 82 95 42 77 67 107 109 106 95 39 67 75 146 61 72 90 84 18 116 113 45 67 57 54 137 112 65 72 124 30 69 65 77 42 64 42 41 28 0 87 66 5 64 63 53 
135 85 119 83 180 115 154 70 25 116 73 128 122 99 93 95 95 171 107 81 3 105 105 107 143 103 135 60 96 125 69 89 141 74 88 85 46 140 61 96 86 127 94 87 0 112 87 96 150 97 
73 58 72 30 69 17 42 103 89 5 82 46 44 47 27 20 27 79 5 39 113 28 65 68 46 21 33 52 16 86 91 26 36 103 96 33 67 31 99 18 29 63 38 66 112 0 61 18 87 16 
47 91 32 41 112 77 90 46 76 62 104 104 101 91 34 62 70 141 56 68 90 79 18 112 108 40 63 54 49 132 109 60 68 121 35 64 63 72 45 59 37 40 23 5 87 61 0 59 63 48 
81 43 78 18 86 21 60 96 72 23 65 45 42 35 25 3 13 85 15 21 96 20 67 57 53 25 49 35 11 76 74 8 53 86 92 15 49 49 90 0 22 72 37 64 96 18 59 0 97 12 
16 139 31 88 92 104 85 96 138 84 158 132 131 132 75 101 110 156 84 115 153 114 45 154 126 71 60 111 86 173 165 103 62 177 74 110 123 72 100 97 82 26 65 63 150 87 63 97 0 85 
69 54 65 13 83 28 57 88 75 19 75 56 53 48 14 16 25 93 10 31 98 32 55 69 60 13 41 38 1 89 84 18 46 96 82 25 53 43 84 12 13 59 26 53 97 16 48 12 85 0 
0 7228 0 209 0 2 0 0 36 0 0 84 0 6246 3 2405 951 0 0 2 0 0 0 12826 1246 75791 0 0 60149 0 8 2 0 114 0 2 0 154 13 0 0 0 1426 0 0 0 0 25252 0 66717 
7228 0 150 0 1167 8638 1118 0 0 7 0 9179 0 0 574 17 1 1 0 0 0 0 0 0 94167 142 0 0 7828 6 0 3 0 0 0 0 177 148 0 22578 4 2 0 24954 4 1 0 1285 0 36 
0 150 0 1438 0 2 471 0 7153 0 0 65419 17 1060 0 5 0 503 2290 0 0 837 60 0 25694 0 6302 520 1361 3 3074 0 0 55979 51476 0 10 3573 696 0 0 0 0 138 2 2272 2751 616 0 5 
209 0 1438 0 15 8222 0 1 0 0 0 0 3 0 98658 16 14375 23339 24466 0 0 0 269 25 131 0 14254 0 17311 0 73356 0 81 4451 0 247 2503 1 343 99 0 476 3236 132 2 28 69070 8 0 0 
0 1167 0 15 0 21 0 65 0 0 958 0 0 0 46 0 2309 35 0 77 0 63338 2794 0 1 0 0 0 983 0 36950 17 0 1 0 20 0 0 0 5703 15663 0 0 7823 20587 1554 0 40 6 0 
2 8638 2 8222 21 0 1018 0 0 0 193 7991 7087 0 0 0 5774 21173 242 0 0 0 9333 0 0 1637 7 194 0 18260 93080 0 0 0 0 563 0 0 4907 8365 30489 6 0 0 0 4555 0 468 0 0 
0 1118 471 0 0 1018 0 0 0 10 0 29945 2504 0 0 36 2385 5 0 89078 0 81690 5 0 0 457 0 1 0 0 0 0 0 0 0 0 0 252 0 1200 727 10 0 0 0 0 0 2 0 0 
0 0 0 1 65 0 0 0 0 0 34569 0 0 1 90 0 4056 81 1 186 0 0 28 3689 0 0 1098 406 44740 347 17 343 0 0 207 19404 4513 0 1128 0 0 0 0 1 0 4 11323 36014 1 4128 
36 0 7153 0 0 0 0 0 0 68 36802 27399 1272 9769 123 37665 118 0 51613 28140 7 1296 0 0 43 1 5216 44062 15286 0 0 0 23414 0 2 3 0 0 0 0 0 0 1 272 120 0 124 61941 0 425 
0 7 0 0 0 0 10 0 68 0 70329 0 0 0 0 600 0 0 93619 24967 0 0 3 97237 9951 23688 0 75637 0 0 0 0 0 0 0 0 0 3 0 70644 0 0 2 5 0 1 0 0 11 149 
0 0 0 0 958 193 0 34569 36802 70329 0 418 4793 7 0 30867 1031 100 0 0 304 13 2594 0 2 5786 9 0 1 5292 4 147 2 0 0 0 0 0 61347 2 0 42357 0 1344 0 70 15180 0 2072 6 
84 9179 65419 0 0 7991 29945 0 27399 0 418 0 0 115 0 100 6 0 54779 2 0 2955 935 0 4 0 0 0 0 0 0 9 16208 22 0 0 0 0 62383 3979 0 31 38715 0 0 6 0 76 7371 0 
0 0 17 3 0 7087 2504 0 1272 0 4793 0 0 849 2154 150 0 0 136 25320 11270 0 1 7707 20 0 16 0 16 0 0 11369 2 1953 35603 0 2 11 0 0 40 0 955 4 1 0 5 1 0 0 
6246 0 1060 0 0 0 0 1 9769 0 7 115 849 0 4899 0 6 27 63 0 1994 0 0 1 4894 8132 0 48 350 0 0 0 1 2 0 0 0 1 177 0 87518 0 644 1991 250 14043 35733 438 0 27981 
3 574 0 98658 46 0 0 90 123 0 0 0 2154 4899 0 30445 0 14 88 0 0 3 8967 867 34212 46342 0 0 9 0 2398 3 0 0 289 8919 0 3 0 0 1 4727 0 0 96610 25 0 120 522 0 
2405 17 5 16 0 0 36 0 37665 600 30867 100 150 0 30445 0 161 0 0 67 0 0 10 0 0 17 0 0 0 0 0 0 0 0 0 0 12344 0 107 0 0 0 0 26 0 43186 0 388 1 44649 
951 1 0 14375 2309 5774 2385 4056 118 0 1031 6 0 6 0 161 0 0 0 470 727 21624 0 33541 0 0 6 155 0 0 3772 252 0 27038 3 424 0 0 0 0 0 150 41886 38938 508 0 98021 67496 4 5342 
0 1 503 23339 35 21173 5 81 0 0 100 0 0 27 14 0 0 0 0 54 0 10322 0 0 47840 5 0 0 68187 0 670 104 52863 35 0 71 0 0 3651 15 0 36 0 0 0 58497 0 0 0 0 
0 0 2290 24466 0 242 0 1 51613 93619 0 54779 136 63 88 0 0 0 0 0 80283 10 0 31 150 27860 18203 13 37045 99 0 0 62 32219 0 0 0 0 21616 6 0 0 0 0 0 40839 0 0 26563 0 
2 0 0 0 77 0 89078 186 28140 24967 0 2 25320 0 0 67 470 54 0 0 0 260 40865 0 0 0 0 35 225 592 0 10593 107 20487 7667 0 0 292 0 30 24436 775 0 33636 0 0 0 195 0 0 
0 0 0 0 0 0 0 0 7 0 304 0 11270 1994 0 0 727 0 80283 0 0 2 37784 0 430 1 0 0 0 0 0 0 0 0 12679 0 0 0 1434 963 3188 0 0 0 0 1 0 314 22907 0 
0 0 837 0 63338 0 81690 0 1296 0 13 2955 0 0 3 0 21624 10322 10 260 2 0 1 0 0 0 1276 0 0 47 0 690 6 0 115 47 0 1 25385 0 0 0 0 0 0 0 36530 436 15 37 
0 0 60 269 2794 9333 5 28 0 3 2594 935 1 0 8967 10 0 0 0 40865 37784 1 0 217 329 4 33 0 47 792 0 0 36 0 0 70390 6 2 0 0 37459 0 0 7 0 311 642 11 0 199 
12826 0 0 25 0 0 0 3689 0 97237 0 0 7707 1 867 0 33541 0 31 0 0 0 217 0 0 10798 36 0 462 273 82867 58786 0 0 2 0 0 0 0 0 0 0 0 3 0 12883 0 1 0 1 
1246 94167 25694 131 1 0 0 0 43 9951 2 4 20 4894 34212 0 0 47840 150 0 430 0 329 0 0 0 0 1 26 0 0 0 0 218 0 0 0 5661 0 0 142 637 0 285 0 1040 4053 0 0 5 
75791 142 0 0 0 1637 457 0 1 23688 5786 0 0 8132 46342 17 0 5 27860 0 1 0 4 10798 0 0 0 0 0 0 33043 1114 203 0 20 5159 0 0 0 0 0 0 3408 0 279 36 2 2726 3 0 
0 0 6302 14254 0 7 0 1098 5216 0 9 0 16 0 0 0 6 0 18203 0 0 1276 33 36 0 0 0 0 16385 0 1190 81 0 0 650 0 14057 5547 0 2384 0 0 1 43881 6640 670 0 0 0 1418 
0 0 520 0 0 194 1 406 44062 75637 0 0 0 48 0 0 155 0 13 35 0 0 0 0 1 0 0 0 25428 0 0 41653 0 78816 0 0 0 0 0 3 0 2714 534 0 1063 618 1 0 4977 0 
60149 7828 1361 17311 983 0 0 44740 15286 0 1 0 16 350 9 0 0 68187 37045 225 0 0 47 462 26 0 16385 25428 0 0 0 46 11 0 639 2 53895 1005 16 0 65 1 0 0 4 0 76 0 632 28978 
0 6 3 0 0 18260 0 347 0 0 5292 0 0 0 0 0 0 0 99 592 0 47 792 273 0 0 0 0 0 0 2651 11728 0 1 24293 0 0 0 1043 0 18 185 159 0 1 0 23 169 0 0 
8 0 3074 73356 36950 93080 0 17 0 0 4 0 0 0 2398 0 3772 670 0 0 0 0 0 82867 0 33043 1190 0 0 2651 0 0 0 0 0 0 0 0 9104 0 11220 35 4787 7412 6532 4 0 10628 2 0 
2 3 0 0 17 0 0 343 0 0 147 9 11369 0 3 0 252 104 0 10593 0 690 0 58786 0 1114 81 41653 46 11728 0 0 0 12 21557 405 54 0 9309 0 46381 0 761 24764 14 0 0 27720 0 632 
0 0 0 81 0 0 0 0 23414 0 2 16208 2 1 0 0 0 52863 62 107 0 6 36 0 0 203 0 0 11 0 0 0 0 0 53441 0 0 1 81 0 2 98 33646 90067 79 1 0 8 0 0 
114 0 55979 4451 1 0 0 0 0 0 0 22 1953 2 0 0 27038 35 32219 20487 0 0 0 0 218 0 0 78816 0 1 0 12 0 0 184 0 0 0 0 42410 44248 0 0 0 0 0 0 13 0 0 
0 0 51476 0 0 0 0 207 2 0 0 0 35603 0 289 0 3 0 0 7667 12679 115 0 2 0 20 650 0 639 24293 0 21557 53441 184 0 329 0 92 61279 0 0 9775 84097 350 0 5757 480 0 0 1591 
2 0 0 247 20 563 0 19404 3 0 0 0 0 0 8919 0 424 71 0 0 0 47 70390 0 0 5159 0 0 2 0 0 405 0 0 329 0 171 0 10033 22 0 68 0 0 64 0 3 2798 0 2132 
0 177 10 2503 0 0 0 4513 0 0 0 0 2 0 0 12344 0 0 0 0 0 0 6 0 0 0 14057 0 53895 0 0 54 0 0 0 171 0 0 393 0 33 4 0 0 1627 79 0 45832 775 22 
154 148 3573 1 0 0 252 0 0 3 0 0 11 1 3 0 0 0 0 292 0 1 2 0 5661 0 5547 0 1005 0 0 0 1 0 92 0 0 0 843 10590 0 40218 0 10927 66689 158 0 0 0 0 
13 0 696 343 0 4907 0 1128 0 0 61347 62383 0 177 0 107 0 3651 21616 0 1434 25385 0 0 0 0 0 0 16 1043 9104 9309 81 0 61279 10033 393 843 0 0 31794 0 1523 1655 0 0 79911 0 0 0 
0 22578 0 99 5703 8365 1200 0 0 70644 2 3979 0 0 0 0 0 15 6 30 963 0 0 0 0 0 2384 3 0 0 0 0 0 42410 0 22 0 10590 0 0 1 0 38773 915 0 0 0 0 0 0 
0 4 0 0 15663 30489 727 0 0 0 0 0 40 87518 1 0 0 0 0 24436 3188 0 37459 0 142 0 0 0 65 18 11220 46381 2 44248 0 0 33 0 31794 1 0 220 0 272 41 41 334 1902 134 3 
0 2 0 476 0 6 10 0 0 0 42357 31 0 0 4727 0 150 36 0 775 0 0 0 0 637 0 0 2714 1 185 35 0 98 0 9775 68 4 40218 0 0 220 0 79 0 0 1006 93651 330 0 0 
1426 0 0 3236 0 0 0 0 1 2 0 38715 955 644 0 0 41886 0 0 0 0 0 0 0 0 3408 1 534 0 159 4787 761 33646 0 84097 0 0 0 1523 38773 0 79 0 45 3899 275 0 40426 0 1074 
0 24954 138 132 7823 0 0 1 272 5 1344 0 4 1991 0 26 38938 0 0 33636 0 0 7 3 285 0 43881 0 0 0 7412 24764 90067 0 350 0 0 10927 1655 915 272 0 45 0 0 0 0 0 38216 0 
0 4 2 2 20587 0 0 0 120 0 0 0 1 250 96610 0 508 0 0 0 0 0 0 0 0 279 6640 1063 4 1 6532 14 79 0 0 64 1627 66689 0 0 41 0 3899 0 0 95 0 11 847 1 
0 1 2272 28 1554 4555 0 4 0 1 70 6 0 14043 25 43186 0 58497 40839 0 1 0 311 12883 1040 36 670 618 0 0 4 0 1 0 5757 0 79 158 0 0 41 1006 275 0 95 0 0 15936 0 42 
0 0 2751 69070 0 0 0 11323 124 0 15180 0 5 35733 0 0 98021 0 0 0 0 36530 642 0 4053 2 0 1 76 23 0 0 0 0 480 3 0 0 79911 0 334 93651 0 0 0 0 0 0 0 63 
25252 1285 616 8 40 468 2 36014 61941 0 0 76 1 438 120 388 67496 0 0 195 314 436 11 1 0 2726 0 0 0 169 10628 27720 8 13 0 2798 45832 0 0 0 1902 330 40426 0 11 15936 0 0 1 0 
0 0 0 0 6 0 0 1 0 11 2072 7371 0 0 522 1 4 0 26563 0 22907 15 0 0 0 3 0 4977 632 0 2 0 0 0 0 0 775 0 0 0 134 0 0 38216 847 0 0 1 0 0 
66717 36 5 0 0 0 0 4128 425 149 6 0 0 27981 0 44649 5342 0 0 0 0 37 199 1 5 0 1418 0 28978 0 0 632 0 0 1591 2132 22 0 0 0 3 0 1074 0 1 42 63 0 0 0 
0 0 3644 0 1537 0 1588 3488 0 117 9295 0 1534 0 32 0 0 8 20603 80 1884 381 34 0 0 0 10549 4 0 6 0 0 32 0 399 0 95821 0 0 115 5733 12302 0 8935 6980 2 10139 0 34745 0 
0 0 0 5 0 0 0 1989 3 12 17873 0 3700 148 0 0 0 0 2987 2 1709 2408 4279 1 0 0 38 7 0 0 172 0 171 913 6999 4 0 0 45494 0 0 3 42 0 0 0 492 0 0 0 
3644 0 0 0 43147 0 0 2 0 1544 63 0 0 0 36551 0 78302 0 0 392 21112 0 0 7729 0 16 0 0 0 0 0 1524 191 0 0 21 0 0 0 3071 202 2701 1324 0 0 0 0 0 69 0 
0 5 0 0 0 0 9609 0 7166 277 63472 67260 0 40064 0 0 0 0 0 4919 4 940 0 0 0 26 0 1400 0 30 0 807 0 0 0 0 0 0 0 0 139 0 0 0 0 0 0 0 352 17347 
1537 0 43147 0 0 0 1523 0 78 32 0 0 58805 182 0 12 0 0 2 1 1772 0 0 5971 0 17 1070 1954 0 3326 0 2 139 0 5 0 6923 4022 24 0 0 35 42 0 0 0 52924 0 0 205 
0 0 0 0 0 0 0 25 1 1120 0 0 0 2514 1281 474 0 0 0 1288 276 888 0 387 7 0 0 0 38 0 0 21 31 6 227 0 33 0 0 0 0 21 2806 249 3 0 2 0 8060 111 
1588 0 0 9609 1523 0 0 412 27832 0 128 0 0 4 14739 3 0 4 88 0 232 0 0 2901 476 0 20583 0 1731 18 122 1 5667 44171 12 195 13413 0 50868 0 0 0 128 172 42125 262 10875 0 5 4 
3488 1989 2 0 0 25 412 0 37 121 0 110 0 0 0 434 0 0 0 0 3427 12752 1 0 2 760 0 0 0 0 0 0 13 94 0 0 0 74290 0 259 413 308 332 0 15052 0 0 0 0 0 
0 3 0 7166 78 1 27832 37 0 0 0 0 0 0 0 0 0 9 0 0 0 0 64005 8 0 9 0 0 0 367 5657 9590 0 85 0 0 10 33 2 18740 17007 102 0 0 0 274 0 0 89 0 
117 12 1544 277 32 1120 0 121 0 0 0 23862 3 3 345 0 5238 4874 0 0 0 338 0 0 0 0 4 0 49 26 33968 95286 4 1490 7717 7113 288 0 33235 0 581 13 1 0 1102 0 3255 3 0 0 
9295 17873 63 63472 0 0 128 0 0 0 0 0 0 0 310 0 0 0 0 2734 0 0 0 12226 1 0 0 0 5 0 0 0 0 65 2 460 3 50 0 0 198 0 117 0 8 0 0 6054 0 0 
0 0 0 67260 0 0 0 110 0 23862 0 0 150 0 1146 0 0 3615 0 0 58243 0 0 1112 0 0 3 12 0 85696 2 0 0 0 1945 9028 3 2 0 0 688 0 0 23 3814 0 168 0 0 5003 
1534 3700 0 0 58805 0 0 0 0 3 0 150 0 0 0 0 36 1370 0 0 0 9197 0 0 6 3041 0 1085 0 4561 2 0 18 0 0 0 0 0 17 48 0 177 0 20 0 213 1 0 95500 2777 
0 148 0 40064 182 2514 4 0 0 3 0 0 0 0 0 1740 0 0 0 14708 0 33 2984 0 0 0 71 0 0 7 178 204 0 0 199 68747 192 0 0 44910 0 666 0 0 0 0 0 0 7 0 
32 0 36551 0 0 1281 14739 0 0 345 310 1146 0 0 0 0 4 0 0 14 25165 0 0 0 0 0 834 3581 0 8124 0 0 338 30055 0 0 4951 0 997 249 0 0 12312 159 0 0 77968 0 0 130 
0 0 0 0 12 474 3 434 0 0 0 0 0 1740 0 0 0 203 4758 0 6 161 0 171 2 0 30 8518 2 0 40 13 286 36869 51049 3 0 4 0 13 45174 0 0 0 7 0 396 0 0 0 
0 0 78302 0 0 0 0 0 0 5238 0 0 36 0 4 0 0 13003 673 0 0 0 2045 0 3 164 0 0 10 4 0 0 4557 0 0 0 2 40965 6182 0 756 0 0 0 0 42 0 0 0 0 
8 0 0 0 0 0 4 0 9 4874 0 3615 1370 0 0 203 13003 0 22 0 1571 0 57 82 0 0 16412 2 0 425 0 0 0 0 1319 0 651 291 0 0 0 0 23 65 4276 0 1 24 3495 10 
20603 2987 0 0 2 0 88 0 0 0 0 0 0 0 0 4758 673 22 0 5 0 0 622 0 0 0 0 0 0 0 3246 12 0 0 279 13359 9078 16 0 2 31 14328 1681 5389 21612 0 2285 1025 0 47203 
80 2 392 4919 1 1288 0 0 0 0 2734 0 0 14708 14 0 0 0 5 0 33 0 0 85959 2988 21 99 1 0 0 1114 0 0 0 0 14 3 0 15 0 0 0 1262 0 5941 1075 268 0 1700 7221 
1884 1709 21112 4 1772 276 232 3427 0 0 0 58243 0 0 25165 6 0 1571 0 33 0 0 0 2447 0 0 88954 17 10 6748 36 918 4213 6 0 25220 56 36994 0 0 0 77 7265 15038 25 1 24 0 0 10039 
381 2408 0 940 0 888 0 12752 0 338 0 0 9197 33 0 161 0 0 0 0 0 0 7 839 4 42 0 6 14902 0 73249 0 2 135 0 0 551 0 0 51 2574 25831 62775 2101 24 95 0 0 8 0 
34 4279 0 0 0 0 0 1 64005 0 0 0 0 2984 0 0 2045 57 622 0 0 7 0 0 0 0 0 4 0 0 1 0 0 68782 3923 0 0 0 134 2 0 4655 2667 6 569 0 0 0 325 0 
0 1 7729 0 5971 387 2901 0 8 0 12226 1112 0 0 0 171 0 82 0 85959 2447 839 0 0 1 0 0 6 0 0 0 0 30481 1 0 10506 4 9920 3051 25 801 318 30 0 4 0 69539 0 1200 0 
0 0 0 0 0 7 476 2 0 0 1 0 6 0 0 2 3 0 0 2988 0 4 0 1 0 2 770 0 0 4739 3054 531 0 0 5 2 83083 0 271 9 0 0 4552 0 11 0 0 34183 7 0 
0 0 16 26 17 0 0 760 9 0 0 0 3041 0 0 0 164 0 0 21 0 42 0 0 2 0 1314 1 560 1430 0 0 0 1341 0 0 2 411 734 8735 4792 10 0 5262 0 0 0 0 0 9480 
10549 38 0 0 1070 0 20583 0 0 4 0 3 0 71 834 30 0 16412 0 99 88954 0 0 0 770 1314 0 119 0 10785 0 0 16969 711 0 3772 0 0 16043 0 20 3 0 0 0 0 10 2417 114 0 
4 7 0 1400 1954 0 0 0 0 0 0 12 1085 0 3581 8518 0 2 0 1 17 6 4 6 0 1 119 0 0 118 612 0 52 0 0 856 26655 5087 1644 0 60 0 0 9 0 0 0 16 0 18703 
0 0 0 0 0 38 1731 0 0 49 5 0 0 0 0 2 10 0 0 0 10 14902 0 0 0 560 0 0 0 2506 188 0 0 359 0 24 0 0 0 0 0 0 853 15489 0 41988 0 41 0 0 
6 0 0 30 3326 0 18 0 367 26 0 85696 4561 7 8124 0 4 425 0 0 6748 0 0 0 4739 1430 10785 118 2506 0 0 0 48695 0 0 367 11391 24 0 1433 0 0 0 888 2 53 0 0 1948 1 
0 172 0 0 0 0 122 0 5657 33968 0 2 2 178 0 40 0 0 3246 1114 36 73249 1 0 3054 0 0 612 188 0 0 1 9 40 57 189 44103 1073 0 39 0 0 0 0 0 0 5 0 0 1 
0 0 1524 807 2 21 1 0 9590 95286 0 0 0 204 0 13 0 0 12 0 918 0 0 0 531 0 0 0 0 0 1 0 10 0 0 1 0 4779 0 92 0 148 0 0 0 46 4 0 0 0 
32 171 191 0 139 31 5667 13 0 4 0 0 18 0 338 286 4557 0 0 0 4213 2 0 30481 0 0 16969 52 0 48695 9 10 0 76 0 19967 0 7 0 6769 0 0 0 0 0 6 20627 0 1181 1906 
0 913 0 0 0 6 44171 94 85 1490 65 0 0 0 30055 36869 0 0 0 0 6 135 68782 1 0 1341 711 0 359 0 40 0 76 0 0 933 4457 2996 55 0 0 315 4 4 2 6 3227 0 8 118 
399 6999 0 0 5 227 12 0 0 7717 2 1945 0 199 0 51049 0 1319 279 0 0 0 3923 0 5 0 0 0 0 0 57 0 0 0 0 0 16 26 0 8 1 0 0 0 14 0 0 19606 20727 0 
0 4 21 0 0 0 195 0 0 7113 460 9028 0 68747 0 3 0 0 13359 14 25220 0 0 10506 2 0 3772 856 24 367 189 1 19967 933 0 0 0 1987 0 0 2884 0 210 6 0 760 0 0 63906 0 
95821 0 0 0 6923 33 13413 0 10 288 3 3 0 192 4951 0 2 651 9078 3 56 551 0 4 83083 2 0 26655 0 11391 44103 0 0 4457 16 0 0 22081 0 168 0 0 428 1 0 0 272 0 0 0 
0 0 0 0 4022 0 0 74290 33 0 50 2 0 0 0 4 40965 291 16 0 36994 0 0 9920 0 411 0 5087 0 24 1073 4779 7 2996 26 1987 22081 0 0 0 1049 0 390 0 0 0 125 9 12627 14 
0 45494 0 0 24 0 50868 0 2 33235 0 0 17 0 997 0 6182 0 0 15 0 0 134 3051 271 734 16043 1644 0 0 0 0 0 55 0 0 0 0 0 235 0 14 0 0 2640 11099 0 1206 11 5227 
115 0 3071 0 0 0 0 259 18740 0 0 0 48 44910 249 13 0 0 2 0 0 51 2 25 9 8735 0 0 0 1433 39 92 6769 0 8 0 168 0 235 0 0 8 0 0 3641 2 6458 51389 79726 0 
5733 0 202 139 0 0 0 413 17007 581 198 688 0 0 0 45174 756 0 31 0 0 2574 0 801 0 4792 20 60 0 0 0 0 0 0 1 2884 0 1049 0 0 0 0 33 0 0 0 0 0 0 0 
12302 3 2701 0 35 21 0 308 102 13 0 0 177 666 0 0 0 0 14328 0 77 25831 4655 318 0 10 3 0 0 0 0 148 0 315 0 0 0 0 14 8 0 0 0 4 850 0 0 0 31 19132 
0 42 1324 0 42 2806 128 332 0 1 117 0 0 0 12312 0 0 23 1681 1262 7265 62775 2667 30 4552 0 0 0 853 0 0 0 0 4 0 210 428 390 0 0 33 0 0 0 0 0 37615 0 305 0 
8935 0 0 0 0 249 172 0 0 0 0 23 20 0 159 0 0 65 5389 0 15038 2101 6 0 0 5262 0 9 15489 888 0 0 0 4 0 6 1 0 0 0 0 4 0 0 19110 2 20 1487 0 859 
6980 0 0 0 0 3 42125 15052 0 1102 8 3814 0 0 0 7 0 4276 21612 5941 25 24 569 4 11 0 0 0 0 2 0 0 0 2 14 0 0 0 2640 3641 0 850 0 19110 0 0 165 0 0 0 
2 0 0 0 0 0 262 0 274 0 0 0 213 0 0 0 42 0 0 1075 1 95 0 0 0 0 0 0 41988 53 0 46 6 6 0 760 0 0 11099 2 0 0 0 2 0 0 231 0 59 0 
10139 492 0 0 52924 2 10875 0 0 3255 0 168 1 0 77968 396 0 1 2285 268 24 0 0 69539 0 0 10 0 0 0 5 4 20627 3227 0 0 272 125 0 6458 0 0 37615 20 165 231 0 2419 19419 0 
0 0 0 0 0 0 0 0 0 3 6054 0 0 0 0 0 0 24 1025 0 0 0 0 0 34183 0 2417 16 41 0 0 0 0 0 19606 0 0 9 1206 51389 0 0 0 1487 0 0 2419 0 0 34 
34745 0 69 352 0 8060 5 0 89 0 0 0 95500 7 0 0 0 3495 0 1700 0 8 325 1200 7 0 114 0 0 1948 0 0 1181 8 20727 63906 0 12627 11 79726 0 31 305 0 0 59 19419 0 0 62456 
0 0 0 17347 205 111 4 0 0 0 0 5003 2777 0 130 0 0 10 47203 7221 10039 0 0 0 0 9480 0 18703 0 1 1 0 1906 118 0 0 0 14 5227 0 0 19132 0 859 0 0 0 34 62456 0 
0 0 5426 0 1 0 63 67532 0 607 1 0 397 0 0 0 0 27 88 13 209 6652 2744 0 0 0 10 169 0 23179 0 0 56 0 102 0 3838 0 0 3675 1771 20 0 406 25587 81 6 0 21985 0 
0 0 0 2 0 0 0 69117 0 0 8 0 9036 6968 0 0 0 1 1 22 649 26107 89 262 0 0 11 520 0 0 843 22 2377 9190 6287 2141 1 0 17612 0 0 0 9859 0 0 0 27 0 6 1 
5426 0 0 0 2450 0 0 245 0 7640 62 0 0 0 1729 0 1 0 0 3 0 0 0 1 0 0 0 0 0 24 0 62046 19 0 0 342 0 0 0 12527 0 3 29496 0 0 0 0 0 1 0 
0 2 0 0 0 0 3407 0 166 53429 77119 13015 0 522 0 0 0 0 0 4467 29009 148 0 0 0 854 0 3072 0 2730 0 55003 0 0 5518 0 0 15 0 0 0 0 0 0 4 0 0 0 4021 24688 
1 0 2450 0 0 0 2749 0 0 126 0 18 7 3540 0 40 0 0 27797 0 157 0 0 10144 32 391 1645 1 0 1407 0 0 2262 0 597 0 3377 513 31 0 0 16 3 0 0 0 2780 0 0 8204 
0 0 0 0 0 0 0 39 147 231 0 0 0 30808 4795 25125 0 0 0 4698 2 5244 0 0 0 0 0 0 177 0 0 0 1857 53 1932 0 20 33 0 0 0 0 206 81218 43 0 197 0 921 1 
63 0 0 3407 2749 0 0 0 32919 0 12 0 0 271 3188 0 0 0 2316 0 13791 0 0 460 7060 0 3 0 1441 22 4736 47 1154 606 465 1446 41935 0 18959 0 0 0 7103 2414 93472 575 2031 0 8100 799 
67532 69117 245 0 0 39 0 0 1589 14 0 1 28 0 0 14 0 0 0 0 35800 10908 0 0 698 1975 0 0 0 0 0 0 4150 372 0 0 0 34670 0 295 178 35 777 0 4 0 0 0 0 0 
0 0 0 166 0 147 32919 1589 0 0 0 0 0 0 0 0 0 297 0 0 0 0 90 27686 0 0 0 0 0 375 6951 77753 0 8376 0 1 744 1647 5505 655 16976 77 0 0 0 1587 0 0 6 0 
607 0 7640 53429 126 231 0 14 0 0 0 139 117 382 8402 0 7696 1 0 0 1 1 0 0 0 0 3875 0 39012 0 2952 73 1 98 120 1304 16 4 1443 0 1 284 0 0 13506 0 971 260 0 0 
1 8 62 77119 0 0 12 0 0 0 0 0 0 0 2459 0 0 0 0 91 0 0 0 2434 0 0 0 1 0 0 6 0 1 199 1 45080 632 2 0 0 2417 0 39865 0 1164 0 0 2188 0 0 
0 0 0 13015 18 0 0 1 0 139 0 0 45 0 2890 0 0 22824 0 0 4 0 0 1040 0 0 1184 32 12 2334 148 0 0 0 10028 334 5278 1862 0 0 841 0 0 2154 54 1 23312 0 0 16 
397 9036 0 0 7 0 0 28 0 117 0 45 0 0 0 0 206 566 0 0 0 17 0 0 0 464 0 487 0 105 1818 0 0 0 0 2 0 0 0 0 0 346 0 0 0 119 0 0 2196 14063 
0 6968 0 522 3540 30808 271 0 0 382 0 0 0 0 0 321 0 0 0 1060 0 26251 68450 0 0 0 708 0 0 17 1 13252 1 0 8 6 83999 14 0 698 0 8639 0 0 0 0 0 0 5 0 
0 0 1729 0 0 4795 3188 0 0 8402 2459 2890 0 0 0 0 0 0 0 1356 13598 0 0 0 0 0 7755 149 0 60308 0 0 4 173 0 0 1194 0 31543 296 0 0 41477 61935 0 0 18941 0 0 2002 
0 0 0 0 40 25125 0 14 0 0 0 0 0 321 0 0 0 9675 26 1 516 1 0 7354 3116 0 647 40803 16982 6 4 5 1 4524 136 6 0 17769 0 8 118 7 14 0 23014 0 60152 0 0 0 
0 0 1 0 0 0 0 0 0 7696 0 0 206 0 0 0 0 19 0 0 0 0 488 0 8480 1 0 0 4123 370 0 0 201 0 4 0 1413 3 68 2 40 0 0 0 0 1465 0 0 0 0 
27 1 0 0 0 0 0 0 297 1 0 22824 566 0 0 9675 19 0 1 7 641 0 1 46445 0 1 1044 56 0 78284 0 0 0 0 7 0 2283 12513 0 0 2 0 0 17539 10355 0 1 49389 44 0 
88 1 0 0 27797 0 2316 0 0 0 0 0 0 0 0 26 0 1 0 6035 0 14 2745 0 0 0 0 0 0 0 5 1406 0 0 28374 67989 39 14477 0 0 4 378 5 24411 71337 0 14 2276 0 45 
13 22 3 4467 0 4698 0 0 0 0 91 0 0 1060 1356 1 0 7 6035 0 33 0 0 854 5560 180 240 0 0 0 49 0 0 0 0 1544 29178 0 21 0 0 0 75 0 115 5797 4618 0 8161 4 
209 649 0 29009 157 2 13791 35800 0 1 0 4 0 0 13598 516 0 641 0 33 0 7 0 15 0 5 11 494 3273 1 1 2985 63014 127 0 18350 58 10656 0 0 0 0 86 83 156 0 108 0 0 81859 
6652 26107 0 148 0 5244 0 10908 0 1 0 0 17 26251 0 1 0 0 14 0 7 0 0 8535 688 3 0 8 71225 0 6096 0 0 273 0 0 25175 0 0 6077 1685 269 10833 1 70249 42539 0 0 0 0 
2744 89 0 0 0 0 0 0 90 0 0 0 0 68450 0 0 488 1 2745 0 0 0 0 0 0 23 0 2993 0 0 65 20967 0 73154 7341 0 0 0 2188 176 0 1467 11695 0 214 0 0 0 5 0 
0 262 1 0 10144 0 460 0 27686 0 2434 1040 0 0 0 7354 0 46445 0 854 15 8535 0 0 5 0 0 295 0 0 0 0 27 414 0 14982 39 525 67 45083 1416 8073 7701 0 14997 0 32495 0 9 0 
0 0 0 0 32 0 7060 698 0 0 0 0 0 0 0 3116 8480 0 0 5560 0 688 0 5 0 3065 1586 0 0 49041 27915 193 949 0 13377 18330 2 0 47003 39 0 0 73 0 469 0 0 32408 0 0 
0 0 0 854 391 0 0 1975 0 0 0 0 464 0 0 0 1 1 0 180 5 3 23 0 3065 0 14 599 22 8592 0 0 0 9 0 0 3 27910 139 364 10149 581 0 25189 0 0 0 0 4 215 
10 11 0 0 1645 0 3 0 0 3875 0 1184 0 708 7755 647 0 1044 0 240 11 0 0 0 1586 14 0 5 0 524 0 0 39592 2 0 14696 0 0 10698 0 4740 94 0 0 0 0 15 435 33 0 
169 520 0 3072 1 0 0 0 0 0 1 32 487 0 149 40803 0 56 0 0 494 8 2993 295 0 599 5 0 0 87419 95047 0 2186 0 2169 473 1 1878 138 0 2207 0 0 234 0 0 0 262 0 6599 
0 0 0 0 0 177 1441 0 0 39012 0 12 0 0 0 16982 4123 0 0 0 3273 71225 0 0 0 22 0 0 0 6048 3258 0 0 5211 0 4 0 0 0 4 0 0 4 2008 0 19211 0 8155 0 0 
23179 0 24 2730 1407 0 22 0 375 0 0 2334 105 17 60308 6 370 78284 0 0 1 0 0 0 49041 8592 524 87419 6048 0 0 0 892 1 0 0 3445 13 0 1 0 0 0 782 0 19 0 0 4601 4 
0 843 0 0 0 0 4736 0 6951 2952 6 148 1818 1 0 4 0 0 5 49 1 6096 65 0 27915 0 0 95047 3258 0 0 47094 93280 2552 127 33791 1 455 0 1521 0 0 0 0 0 0 4 0 0 5 
0 22 62046 55003 0 0 47 0 77753 73 0 0 0 13252 0 5 0 0 1406 0 2985 0 20967 0 193 0 0 0 0 0 47094 0 191 0 0 0 0 6 0 5364 0 9 0 0 0 0 108 0 52 0 
56 2377 19 0 2262 1857 1154 4150 0 1 1 0 0 1 4 1 201 0 0 0 63014 0 0 27 949 0 39592 2186 0 892 93280 191 0 193 0 1 61128 0 0 1780 0 0 0 0 0 0 19208 0 89422 19 
0 9190 0 0 0 53 606 372 8376 98 199 0 0 0 173 4524 0 0 0 0 127 273 73154 414 0 9 2 0 5211 1 2552 0 193 0 0 1587 28962 25 2568 0 0 1076 241 116 4 8954 330 0 24134 523 
102 6287 0 5518 597 1932 465 0 0 120 1 10028 0 8 0 136 4 7 28374 0 0 0 7341 0 13377 0 0 2169 0 0 127 0 0 0 0 0 27320 0 0 16 19 0 0 0 139 0 0 31 205 0 
0 2141 342 0 0 0 1446 0 1 1304 45080 334 2 6 0 6 0 0 67989 1544 18350 0 0 14982 18330 0 14696 473 4 0 33791 0 1 1587 0 0 0 52229 0 0 18838 0 1541 9 0 4 0 0 82840 0 
3838 1 0 0 3377 20 41935 0 744 16 632 5278 0 83999 1194 0 1413 2283 39 29178 58 25175 0 39 2 3 0 1 0 3445 1 0 61128 28962 27320 0 0 55558 0 337 0 0 100 61 0 0 4466 0 0 0 
0 0 0 15 513 33 0 34670 1647 4 2 1862 0 14 0 17769 3 12513 14477 0 10656 0 0 525 0 27910 0 1878 0 13 455 6 0 25 0 52229 55558 0 0 0 451 0 6 0 0 0 7626 2 2132 2 
0 17612 0 0 31 0 18959 0 5505 1443 0 0 0 0 31543 0 68 0 0 21 0 0 2188 67 47003 139 10698 138 0 0 0 0 0 2568 0 0 0 0 0 10 0 20 0 0 58 208 0 25 62 9781 
3675 0 12527 0 0 0 0 295 655 0 0 0 0 698 296 8 2 0 0 0 0 6077 176 45083 39 364 0 0 4 1 1521 5364 1780 0 16 0 337 0 10 0 0 15728 0 0 4062 874 0 158 0 36 
1771 0 0 0 0 0 0 178 16976 1 2417 841 0 0 0 118 40 2 4 0 0 1685 0 1416 0 10149 4740 2207 0 0 0 0 0 0 19 18838 0 451 0 0 0 0 50828 0 0 0 0 0 0 1 
20 0 3 0 16 0 0 35 77 284 0 0 346 8639 0 7 0 0 378 0 0 269 1467 8073 0 581 94 0 0 0 0 9 0 1076 0 0 0 0 20 15728 0 0 0 11 24419 0 0 0 1 9005 
0 9859 29496 0 3 206 7103 777 0 0 39865 0 0 0 41477 14 0 0 5 75 86 10833 11695 7701 73 0 0 0 4 0 0 0 0 241 0 1541 100 6 0 0 50828 0 0 0 0 0 18289 0 125 0 
406 0 0 0 0 81218 2414 0 0 0 0 2154 0 0 61935 0 0 17539 24411 0 83 1 0 0 0 25189 0 234 2008 782 0 0 0 116 0 9 61 0 0 0 0 11 0 0 7194 74883 2051 18950 0 234 
25587 0 0 4 0 43 93472 4 0 13506 1164 54 0 0 0 23014 0 10355 71337 115 156 70249 214 14997 469 0 0 0 0 0 0 0 0 4 139 0 0 0 58 4062 0 24419 0 7194 0 0 140 0 0 0 
81 0 0 0 0 0 575 0 1587 0 0 1 119 0 0 0 1465 0 0 5797 0 42539 0 0 0 0 0 0 19211 19 0 0 0 8954 0 4 0 0 208 874 0 0 0 74883 0 0 4709 0 6043 0 
6 27 0 0 2780 197 2031 0 0 971 0 23312 0 0 18941 60152 0 1 14 4618 108 0 0 32495 0 0 15 0 0 0 4 108 19208 330 0 0 4466 7626 0 0 0 0 18289 2051 140 4709 0 1762 29 0 
0 0 0 0 0 0 0 0 0 260 2188 0 0 0 0 0 0 49389 2276 0 0 0 0 0 32408 0 435 262 8155 0 0 0 0 0 31 0 0 2 25 158 0 0 0 18950 0 0 1762 0 0 27 
21985 6 1 4021 0 921 8100 0 6 0 0 0 2196 5 0 0 0 44 0 8161 0 0 5 9 0 4 33 0 0 4601 0 52 89422 24134 205 82840 0 2132 62 0 0 1 125 0 0 6043 29 0 0 9625 
0 1 0 24688 8204 1 799 0 0 0 0 16 14063 0 2002 0 0 0 45 4 81859 0 0 0 0 215 0 6599 0 4 5 0 19 523 0 0 0 2 9781 36 1 9005 0 234 0 0 0 27 9625 0 
0 0 681 0 5 1 2 23009 1 285 3 0 22 0 7 0 0 0 121 0 5 692 14834 0 0 0 10 1219 0 138 0 3 6 0 241 0 106 0 0 94468 180 69627 0 8 0 14826 27119 0 45345 0 
0 0 0 65612 0 0 0 55784 1 0 6771 0 65828 47258 0 0 0 278 247 62 8718 1835 4 18 0 0 840 470 0 0 576 0 1880 3 625 4 0 0 31 0 0 0 1643 0 0 0 0 0 2 0 
681 0 0 0 856 0 0 104 0 38 2 0 0 0 5494 1 38747 0 0 0 30 0 0 2168 0 16608 0 0 0 0 0 7142 6 0 0 2858 0 0 0 46 1910 47975 4520 0 0 0 0 0 3 3 
0 65612 0 0 0 0 2303 1 1241 1471 2474 77 0 41 0 0 0 0 0 984 2332 6029 0 0 0 90 0 1686 0 55420 0 757 0 0 38 0 0 8 0 0 87911 0 0 0 0 0 0 0 37744 22570 
5 0 856 0 0 0 21577 0 17 44230 0 1 93 7812 0 42621 0 0 88 0 1446 0 0 35430 1 381 8463 1110 0 1 0 3 3730 1 0 0 51 18987 24485 0 0 1 7529 0 0 0 6 0 0 657 
1 0 0 0 0 0 0 1238 43 45 0 0 0 74 219 7874 0 0 0 2863 1303 8 0 8429 11 0 0 0 362 0 0 53 2124 0 186 0 14 45105 0 0 0 0 1 8589 0 0 2251 0 5 4 
2 0 0 2303 21577 0 0 17 20766 0 9423 0 0 1 76 0 0 0 10732 0 266 0 0 689 9 0 3 0 379 16 6267 7 7 687 27905 8 13743 0 64586 0 0 0 3564 46925 0 14615 50 2 2655 9278 
23009 55784 104 1 0 1238 17 0 79 1 0 13 7 0 0 31 0 0 0 0 8382 1 0 0 11 1123 0 0 0 0 0 0 59 232 0 0 0 2 0 921 839 112 285 0 22 0 0 0 3 0 
1 1 0 1241 17 43 20766 79 0 0 0 0 0 0 0 0 0 4 0 0 0 0 249 1519 0 0 0 0 0 3 647 4 0 60 0 0 47872 1805 74232 123 0 111 0 0 0 19 0 0 2 0 
285 0 38 1471 44230 45 0 1 0 0 0 45292 123 1 23 0 7850 2447 0 0 0 2508 2 0 0 0 23111 0 70346 30030 82635 82 3 24474 3548 49 68 4 173 0 7 49 0 0 72 0 11 649 0 0 
3 6771 2 2474 0 0 9423 0 0 0 0 0 0 0 1416 0 0 0 0 4166 0 0 0 36230 0 0 0 1 0 0 0 0 0 2 12338 29324 83801 408 0 0 13041 0 3804 0 15424 0 0 4 0 0 
0 0 0 77 1 0 0 13 0 45292 0 0 3539 0 72 0 0 10 0 0 18 0 0 1 0 8 2 17482 252 19283 3156 0 0 0 2617 78239 2685 650 0 0 2011 0 0 11 131 0 1546 0 0 9 
22 65828 0 0 93 0 0 7 0 123 0 3539 0 0 0 0 55049 46 0 0 0 0 0 0 0 1647 0 5572 0 530 965 0 0 0 0 26 0 0 2 3270 0 209 0 1 68 8 0 3 402 19359 
0 47258 0 41 7812 74 1 0 0 1 0 0 0 0 0 254 0 0 0 13516 0 79524 1 0 0 0 3 0 0 14781 2096 7561 0 0 488 2180 2267 0 0 18 0 11509 0 0 0 0 0 0 17562 0 
7 0 5494 0 0 219 76 0 0 23 1416 72 0 0 0 0 523 0 0 4 17915 0 0 0 0 0 1 1446 0 8396 0 0 36891 26939 0 0 25 0 2 5 0 0 5590 428 0 0 11125 0 0 62804 
0 0 1 0 42621 7874 0 31 0 0 0 0 0 254 0 0 0 15 7 0 36879 4734 0 169 267 0 5 1064 12405 2 15590 21451 13441 8709 54785 15651 0 24344 0 1908 6868 31 52 0 1517 0 7 0 2 0 
0 0 38747 0 0 0 0 0 0 7850 0 0 55049 0 523 0 0 3 1 0 0 0 6 0 25487 966 0 0 91 31118 0 0 14440 0 0 0 20035 25 3565 10 2 0 0 0 0 26 0 0 0 0 
0 278 0 0 0 0 0 0 4 2447 0 10 46 0 0 15 3 0 25 0 95 0 18304 8 0 19 3644 27 0 2581 0 0 0 0 1 0 3230 23 0 0 242 0 7930 16917 3018 0 22069 29766 55290 22 
121 247 0 0 88 0 10732 0 0 0 0 0 0 0 0 7 1 25 0 58160 0 0 2985 0 0 0 0 0 0 0 10 21 0 0 890 17674 12220 1513 0 0 1 5369 6721 1688 91447 0 20374 3807 0 3 
0 62 0 984 0 2863 0 0 0 0 4166 0 0 13516 4 0 0 0 58160 0 13 1 0 4175 22291 2 3885 0 0 0 1147 0 0 0 0 45025 2 0 689 0 0 0 28 0 19 1 1 0 3905 121 
5 8718 30 2332 1446 1303 266 8382 0 0 0 18 0 0 17915 36879 0 95 0 13 0 0 0 11 0 0 941 7 10 17 422 5099 1566 9425 0 58114 457 6 0 0 0 1 49 7 40 0 0 0 0 308 
692 1835 0 6029 0 8 0 1 0 2508 0 0 0 79524 0 4734 0 0 0 1 0 0 7 6213 9467 27 0 809 14 1 26306 0 0 2 1 0 3209 22 0 83 492 130 40062 16 78 235 0 0 0 0 
14834 4 0 0 0 0 0 0 249 2 0 0 0 1 0 0 6 18304 2985 0 0 7 0 0 0 0 0 206 0 0 19 0 0 43311 52 0 0 0 97 11 0 2707 18 0 4711 0 0 0 37 0 
0 18 2168 0 35430 8429 689 0 1519 0 36230 1 0 0 0 169 0 8 0 4175 11 6213 0 0 6 0 0 394 0 0 0 0 3216 19 0 948 1197 7544 23 7085 3001 294 1449 0 18370 0 1559 0 5539 1 
0 0 0 0 1 11 9 11 0 0 0 0 0 0 0 267 25487 0 0 22291 0 9467 0 6 0 62 28 0 0 2 29 369 208 0 11636 0 143 0 7679 1683 0 0 7388 0 834 0 0 2 1 0 
0 0 16608 90 381 0 0 1123 0 0 0 8 1647 0 0 0 966 19 0 2 0 27 0 0 62 0 16 44 1 41103 0 0 0 2 0 0 0 58 14222 30 2 25 0 2797 0 0 0 0 0 15230 
10 840 0 0 8463 0 3 0 0 23111 0 2 0 3 1 5 0 3644 0 3885 941 0 0 0 28 16 0 21106 0 41 0 0 28386 15867 0 427 0 0 749 0 28418 0 0 0 0 0 1 5 19 0 
1219 470 0 1686 1110 0 0 0 0 0 1 17482 5572 0 1446 1064 0 27 0 0 7 809 206 394 0 44 21106 0 0 850 1 0 463 0 8 768 0 6780 11239 0 38 0 0 831 0 0 0 3010 0 70 
0 0 0 0 0 362 379 0 0 70346 0 252 0 0 0 12405 91 0 0 0 10 14 0 0 0 1 0 0 0 9 8021 0 0 116 0 1 0 0 0 75 0 0 31 659 0 16084 0 2 0 0 
138 0 0 55420 1 0 16 0 3 30030 0 19283 530 14781 8396 2 31118 2581 0 0 17 1 0 0 2 41103 41 850 9 0 0 0 7 0 0 25 7692 5479 0 10 0 0 0 37036 0 235 0 0 105 12 
0 576 0 0 0 0 6267 0 647 82635 0 3156 965 2096 0 15590 0 0 10 1147 422 26306 19 0 29 0 0 1 8021 0 0 9635 242 34355 220 1 7551 3 0 1096 0 0 0 0 0 0 299 0 0 2704 
3 0 7142 757 3 53 7 0 4 82 0 0 0 7561 0 21451 0 0 21 0 5099 0 0 0 369 0 0 0 0 0 9635 0 92344 0 0 0 0 9586 0 0 0 10293 0 0 0 38 73 0 229 0 
6 1880 6 0 3730 2124 7 59 0 3 0 0 0 0 36891 13441 14440 0 0 0 1566 0 0 3216 208 0 28386 463 0 7 242 92344 0 1940 0 7 12 6 2 17494 0 0 0 0 0 0 1 0 6 8 
0 3 0 0 1 0 687 232 60 24474 2 0 0 0 26939 8709 0 0 0 0 9425 2 43311 19 0 2 15867 0 116 0 34355 0 1940 0 0 265 32250 3 1 0 0 1032 3400 188 3634 172 1 1 1 6 
241 625 0 38 0 186 27905 0 0 3548 12338 2617 0 488 0 54785 0 1 890 0 0 1 52 0 11636 0 0 8 0 0 220 0 0 0 0 0 97 0 0 4 105 0 0 0 2197 0 0 669 31 0 
0 4 2858 0 0 0 8 0 0 49 29324 78239 26 2180 0 15651 0 0 17674 45025 58114 0 0 948 0 0 427 768 1 25 1 0 7 265 0 0 0 54915 0 0 3 0 2324 0 0 48868 0 0 6164 0 
106 0 0 0 51 14 13743 0 47872 68 83801 2685 0 2267 25 0 20035 3230 12220 2 457 3209 0 1197 143 0 0 0 0 7692 7551 0 12 32250 97 0 0 34215 0 5399 0 0 10 8 0 0 966 0 0 0 
0 0 0 8 18987 45105 0 2 1805 4 408 650 0 0 0 24344 25 23 1513 0 6 22 0 7544 0 58 0 6780 0 5479 3 9586 6 3 0 54915 34215 0 0 0 16662 0 11 0 0 0 1143 50379 35153 1386 
0 31 0 0 24485 0 64586 0 74232 173 0 0 2 0 2 0 3565 0 0 689 0 0 97 23 7679 14222 749 11239 0 0 0 0 2 1 0 0 0 0 0 234 0 79 0 0 20711 6947 0 2000 254 9 
94468 0 46 0 0 0 0 921 123 0 0 0 3270 18 5 1908 10 0 0 0 0 83 11 7085 1683 30 0 0 75 10 1096 0 17494 0 4 0 5399 0 234 0 0 6276 0 0 7603 3 21 5 2 11 
180 0 1910 87911 0 0 0 839 0 7 13041 2011 0 0 0 6868 2 242 1 0 0 492 0 3001 0 2 28418 38 0 0 0 0 0 0 105 3 0 16662 0 0 0 0 24318 0 0 0 0 0 0 0 
69627 0 47975 0 1 0 0 112 111 49 0 0 209 11509 0 31 0 0 5369 0 1 130 2707 294 0 25 0 0 0 0 0 10293 0 1032 0 0 0 0 79 6276 0 0 0 3 141 0 0 0 0 4976 
0 1643 4520 0 7529 1 3564 285 0 0 3804 0 0 0 5590 52 0 7930 6721 28 49 40062 18 1449 7388 0 0 0 31 0 0 0 0 3400 0 2324 10 11 0 0 24318 0 0 0 0 0 2 0 1413 0 
8 0 0 0 0 8589 46925 0 0 0 0 11 1 0 428 0 0 16917 1688 0 7 16 0 0 0 2797 0 831 659 37036 0 0 0 188 0 0 8 0 0 0 0 3 0 0 207 5644 711 48 0 2191 
0 0 0 0 0 0 0 22 0 72 15424 131 68 0 0 1517 0 3018 91447 19 40 78 4711 18370 834 0 0 0 0 0 0 0 0 3634 2197 0 0 0 20711 7603 0 141 0 207 0 0 1 0 0 0 
14826 0 0 0 0 0 14615 0 19 0 0 0 8 0 0 0 26 0 0 1 0 235 0 0 0 0 0 0 16084 235 0 38 0 172 0 48868 0 0 6947 3 0 0 0 5644 0 0 5415 0 7360 0 
27119 0 0 0 6 2251 50 0 0 11 0 1546 0 0 11125 7 0 22069 20374 1 0 0 0 1559 0 0 1 0 0 0 299 73 1 1 0 0 966 1143 0 21 0 0 2 711 1 5415 0 25470 61 0 
0 0 0 0 0 0 2 0 0 649 4 0 3 0 0 0 0 29766 3807 0 0 0 0 0 2 0 5 3010 2 0 0 0 0 1 669 0 0 50379 2000 5 0 0 0 48 0 0 25470 0 0 9969 
45345 2 3 37744 0 5 2655 3 2 0 0 0 402 17562 0 2 0 55290 0 3905 0 0 37 5539 1 0 19 0 0 105 0 229 6 1 31 6164 0 35153 254 2 0 0 1413 0 0 7360 61 0 0 15 
0 0 3 22570 657 4 9278 0 0 0 0 9 19359 0 62804 0 0 22 3 121 308 0 0 1 0 15230 0 70 0 12 2704 0 8 6 0 0 0 1386 9 11 0 4976 0 2191 0 0 0 9969 15 0 
