8 2
0 123 17 72 89 90 77 84 
123 0 116 51 121 48 96 115 
17 116 0 64 101 90 86 66 
72 51 64 0 97 39 71 77 
89 121 101 97 0 73 26 158 
90 48 90 39 73 0 47 116 
77 96 86 71 26 47 0 136 
84 115 66 77 158 116 136 0 
0 0 0 0 0 41 0 0 
0 0 0 55963 0 0 652 0 
0 0 0 9 0 0 195 10 
0 55963 9 0 0 0 57 0 
0 0 0 0 0 0 2 14 
41 0 0 0 0 0 0 533 
0 652 195 57 2 0 0 0 
0 0 10 0 14 533 0 0 
0 6 5 579 56 0 1 1177 
6 0 35774 0 2763 387 0 66562 
5 35774 0 0 87520 130 0 0 
579 0 0 0 263 24 0 2013 
56 2763 87520 263 0 35 0 3 
0 387 130 24 35 0 276 0 
1 0 0 0 0 276 0 10 
1177 66562 0 2013 3 0 10 0 
