9 3
0 123 17 72 89 90 77 84 122 
123 0 116 51 121 48 96 115 59 
17 116 0 64 101 90 86 66 108 
72 51 64 0 97 39 71 77 62 
89 121 101 97 0 73 26 158 158 
90 48 90 39 73 0 47 116 91 
77 96 86 71 26 47 0 136 132 
84 115 66 77 158 116 136 0 73 
122 59 108 62 158 91 132 73 0 
0 42 6 8598 0 0 570 93 0 
42 0 0 7226 4 0 0 127 1094 
6 0 0 275 0 0 26638 29 0 
8598 7226 275 0 921 0 0 29 0 
0 4 0 921 0 0 0 0 21135 
0 0 0 0 0 0 4574 0 0 
570 0 26638 0 0 4574 0 0 0 
93 127 29 29 0 0 0 0 0 
0 1094 0 0 21135 0 0 0 0 
0 162 2 60 0 0 1258 37 0 
162 0 0 37201 104 0 0 1526 14718 
2 0 0 7802 0 0 88 120 0 
60 37201 7802 0 558 0 0 0 0 
0 104 0 558 0 0 0 0 10930 
0 0 0 0 0 0 42 0 0 
1258 0 88 0 0 42 0 0 0 
37 1526 120 0 0 0 0 0 0 
0 14718 0 0 10930 0 0 0 0 
0 9 188 35015 0 0 6 7 0 
9 0 0 18199 1424 0 0 1031 3205 
188 0 0 38 0 0 2534 3 0 
35015 18199 38 0 24906 0 0 0 0 
0 1424 0 24906 0 0 0 0 13903 
0 0 0 0 0 0 11375 0 0 
6 0 2534 0 0 11375 0 0 0 
7 1031 3 0 0 0 0 0 0 
0 3205 0 0 13903 0 0 0 0 
