6 3
0 46 118 40 96 98 
46 0 88 10 53 127 
118 88 0 85 53 137 
40 10 85 0 56 117 
96 53 53 56 0 154 
98 127 137 117 154 0 
0 61 760 328 0 8 
61 0 0 0 23 0 
760 0 0 0 3 39589 
328 0 0 0 0 4490 
0 23 3 0 0 0 
8 0 39589 4490 0 0 
0 0 0 0 4 0 
0 0 10 5713 0 32851 
0 10 0 1579 0 0 
0 5713 1579 0 2 0 
4 0 0 2 0 9404 
0 32851 0 0 9404 0 
0 0 0 0 37 0 
0 0 23893 20038 0 12250 
0 23893 0 4 0 0 
0 20038 4 0 6233 0 
37 0 0 6233 0 11 
0 12250 0 0 11 0 
