6 2
0 123 17 72 89 90 
123 0 116 51 121 48 
17 116 0 64 101 90 
72 51 64 0 97 39 
89 121 101 97 0 73 
90 48 90 39 73 0 
0 0 5 0 0 44964 
0 0 79 0 0 16353 
5 79 0 0 0 8 
0 0 0 0 55963 267 
0 0 0 55963 0 0 
44964 16353 8 267 0 0 
0 537 0 5 30358 0 
537 0 0 35774 1 0 
0 0 0 65 579 0 
5 35774 65 0 0 0 
30358 1 579 0 0 56 
0 0 0 0 56 0 
