15 3
0 123 17 72 89 90 77 84 122 70 141 118 117 117 58 
123 0 116 51 121 48 96 115 59 63 25 47 40 16 64 
17 116 0 64 101 90 86 66 108 71 133 119 117 113 52 
72 51 64 0 97 39 71 77 62 33 69 64 60 49 13 
89 121 101 97 0 73 26 158 158 64 146 84 88 106 88 
90 48 90 39 73 0 47 116 91 20 73 28 27 34 42 
77 96 86 71 26 47 0 136 132 38 121 63 66 81 63 
84 115 66 77 158 116 136 0 73 105 118 141 136 120 76 
122 59 108 62 158 91 132 73 0 94 51 103 96 73 74 
70 63 71 33 64 20 38 105 94 0 87 48 47 52 29 
141 25 133 69 146 73 121 118 51 87 0 70 64 41 83 
118 47 119 64 84 28 63 141 103 48 70 0 6 30 70 
117 40 117 60 88 27 66 136 96 47 64 6 0 24 67 
117 16 113 49 106 34 81 120 73 52 41 30 24 0 60 
58 64 52 13 88 42 63 76 74 29 83 70 67 60 0 
0 1280 2721 9 0 0 1 37201 3 0 78 4 15811 0 65985 
1280 0 0 0 0 7 0 0 34 4584 15 22 100 60 0 
2721 0 0 46 0 40658 0 0 446 4 378 161 0 0 5 
9 0 46 0 6 0 0 0 9 48 19449 0 1 1399 13311 
0 0 0 6 0 0 0 0 0 1 0 0 818 0 0 
0 7 40658 0 0 0 0 0 0 3 0 6 0 1258 0 
1 0 0 0 0 0 0 19626 0 61817 1233 0 26 0 0 
37201 0 0 0 0 0 19626 0 53 2963 4 4709 0 997 556 
3 34 446 9 0 0 0 53 0 0 67 0 0 1 0 
0 4584 4 48 1 3 61817 2963 0 0 0 0 0 0 2 
78 15 378 19449 0 0 1233 4 67 0 0 74 0 0 0 
4 22 161 0 0 6 0 4709 0 0 74 0 2770 1 1737 
15811 100 0 1 818 0 26 0 0 0 0 2770 0 0 0 
0 60 0 1399 0 1258 0 997 1 0 0 1 0 0 0 
65985 0 5 13311 0 0 0 556 0 2 0 1737 0 0 0 
0 0 1206 0 511 0 0 0 0 8 0 0 0 8 0 
0 0 68 0 5 0 39 8 0 0 0 0 0 3436 0 
1206 68 0 82 14 3591 434 7802 0 11 39311 0 0 52 0 
0 0 82 0 42 528 6 67 0 0 0 0 311 570 0 
511 5 14 42 0 4 36 59489 38 0 1 2404 208 0 26 
0 0 3591 528 4 0 136 719 46 0 32588 0 11243 0 0 
0 39 434 6 36 136 0 0 0 0 0 901 0 2 34 
0 8 7802 67 59489 719 0 0 0 0 15394 0 837 0 3 
0 0 0 0 38 46 0 0 0 12 0 242 254 0 0 
8 0 11 0 0 0 0 0 12 0 0 614 41240 0 0 
0 0 39311 0 1 32588 0 15394 0 0 0 0 0 0 0 
0 0 0 0 2404 0 901 0 242 614 0 0 0 0 0 
0 0 0 311 208 11243 0 837 254 41240 0 0 0 61991 33728 
8 3436 52 570 0 0 2 0 0 0 0 0 61991 0 43920 
0 0 0 0 26 0 34 3 0 0 0 0 33728 43920 0 
0 0 0 0 15195 689 0 18199 0 0 0 99676 0 243 213 
0 0 344 41944 56 0 13 6 0 0 558 0 0 0 0 
0 344 0 0 0 0 61 31 0 0 0 184 0 0 0 
0 41944 0 0 0 14 0 38 0 39258 0 0 5 0 0 
15195 56 0 0 0 164 1 12696 60 0 98 5769 0 0 4 
689 0 0 14 164 0 86582 0 15 1278 0 0 5 33390 12531 
0 13 61 0 1 86582 0 0 12876 0 24206 0 26878 109 51 
18199 6 31 38 12696 0 0 0 0 0 0 0 0 0 0 
0 0 0 0 60 15 12876 0 0 816 5576 3975 3553 63 69437 
0 0 0 39258 0 1278 0 0 816 0 10 33773 4218 26638 66 
0 558 0 0 98 0 24206 0 5576 10 0 0 3878 1 72962 
99676 0 184 0 5769 0 0 0 3975 33773 0 0 0 0 0 
0 0 0 5 0 5 26878 0 3553 4218 3878 0 0 94514 0 
243 0 0 0 0 33390 109 0 63 26638 1 0 94514 0 1524 
213 0 0 0 4 12531 51 0 69437 66 72962 0 0 1524 0 
