30 3
0 46 118 40 96 98 46 64 2 33 36 47 55 9 108 78 35 54 61 95 45 105 61 79 70 72 108 28 39 45 
46 0 88 10 53 127 3 66 48 60 37 19 78 48 107 43 36 50 104 90 43 84 63 35 92 25 124 21 29 63 
118 88 0 85 53 137 85 71 120 144 83 106 102 125 70 117 84 138 148 59 75 25 72 92 105 80 111 92 78 92 
40 10 85 0 56 117 8 56 42 59 26 26 68 43 98 54 26 55 95 82 33 79 53 44 82 34 114 12 19 52 
96 53 53 56 0 154 51 82 98 112 71 66 108 100 106 67 71 96 146 90 69 65 81 42 118 33 138 68 62 93 
98 127 137 117 154 0 125 72 99 127 90 138 49 106 75 170 91 153 52 79 87 112 73 161 36 148 37 107 99 64 
46 3 85 8 51 125 0 63 48 61 34 22 76 49 104 46 34 53 103 87 40 81 60 36 90 26 122 20 27 60 
64 66 71 56 82 72 63 0 66 97 32 83 30 73 44 110 33 107 76 31 23 50 3 95 36 81 59 52 37 22 
2 48 120 42 98 99 48 66 0 32 38 48 56 7 110 78 37 54 61 97 47 107 63 81 71 74 110 30 42 47 
33 60 144 59 112 127 61 97 32 0 67 48 88 24 142 71 66 34 83 128 77 134 94 83 103 82 141 52 68 79 
36 37 83 26 71 90 34 32 38 67 0 51 41 44 77 80 1 75 74 61 10 68 29 70 55 58 88 20 9 26 
47 19 106 26 66 138 22 83 48 48 51 0 90 45 125 31 50 31 108 109 59 103 80 35 105 34 140 31 46 76 
55 78 102 68 108 49 76 30 56 88 41 90 0 63 62 121 41 107 46 54 39 80 29 112 15 99 53 58 50 15 
9 48 125 43 100 106 49 73 7 24 44 45 63 0 117 75 43 47 66 104 53 112 70 79 79 73 117 33 47 54 
108 107 70 98 106 75 104 44 110 142 77 125 62 117 0 149 78 152 105 17 67 45 48 131 55 116 42 96 80 64 
78 43 117 54 67 170 46 110 78 71 80 31 121 75 149 0 80 40 140 132 87 120 107 25 135 36 168 62 73 106 
35 36 84 26 71 91 34 33 37 66 1 50 41 43 78 80 0 74 74 62 11 69 30 70 55 58 89 19 9 26 
54 50 138 55 96 153 53 107 54 34 75 31 107 47 152 40 74 0 113 136 84 134 104 59 123 63 160 55 72 95 
61 104 148 95 146 52 103 76 61 83 74 108 46 66 105 140 74 113 0 100 77 126 75 139 50 129 81 83 83 56 
95 90 59 82 90 79 87 31 97 128 61 109 54 104 17 132 62 136 100 0 52 34 34 114 51 99 52 81 64 52 
45 43 75 33 69 87 40 23 47 77 10 59 39 53 67 87 11 84 77 52 0 59 20 74 51 61 81 29 13 24 
105 84 25 79 65 112 81 50 107 134 68 103 80 112 45 120 69 134 126 34 59 0 51 98 81 84 86 82 66 72 
61 63 72 53 81 73 60 3 63 94 29 80 29 70 48 107 30 104 75 34 20 51 0 93 37 79 61 49 34 20 
79 35 92 44 42 161 36 95 81 83 70 35 112 79 131 25 70 59 139 114 74 98 93 0 125 14 155 56 62 96 
70 92 105 82 118 36 90 36 71 103 55 105 15 79 55 135 55 123 50 51 51 81 37 125 0 112 38 73 63 29 
72 25 80 34 33 148 26 81 74 82 58 34 99 73 116 36 58 63 129 99 61 84 79 14 112 0 140 46 49 83 
108 124 111 114 138 37 122 59 110 141 88 140 53 117 42 168 89 160 81 52 81 86 61 155 38 140 0 108 95 65 
28 21 92 12 68 107 20 52 30 52 20 31 58 33 96 62 19 55 83 81 29 82 49 56 73 46 108 0 17 44 
39 29 78 19 62 99 27 37 42 68 9 46 50 47 80 73 9 72 83 64 13 66 34 62 63 49 95 17 0 34 
45 63 92 52 93 64 60 22 47 79 26 76 15 54 64 106 26 95 56 52 24 72 20 96 29 83 65 44 34 0 
0 21 0 0 36 8 31952 0 24 0 0 0 50085 303 0 15357 22651 0 0 8 6015 0 0 0 38 0 1 0 43278 0 
21 0 0 0 0 16311 0 175 161 107 19 22 1 0 1253 102 0 0 0 9899 0 0 0 224 0 148 16 1 0 176 
0 0 0 0 429 144 44 0 9848 194 35 0 93 0 0 0 0 29 1 0 0 0 0 0 0 14479 0 0 0 82458 
0 0 0 0 6 0 2 259 1371 206 0 692 2 0 17 0 18 0 15493 0 129 56128 0 0 6 0 11745 0 2954 88 
36 0 429 6 0 20232 0 0 0 294 0 19882 34 62 21 17311 48 12 0 0 0 6420 0 320 24 0 0 0 0 0 
8 16311 144 0 20232 0 0 1 6524 0 1485 0 121 0 726 6127 0 12 0 0 0 41 0 0 0 54 3 6 19 10 
31952 0 44 2 0 0 0 44 29481 0 0 1 0 0 57128 0 58 0 0 0 0 0 0 0 0 0 30 0 0 0 
0 175 0 259 0 1 44 0 867 0 0 0 579 1144 0 2410 14936 85 12286 98 0 314 35 0 1 0 0 3231 8 125 
24 161 9848 1371 0 6524 29481 867 0 4331 0 878 18 0 11 1176 1929 3 0 0 0 0 0 0 0 5666 0 2173 0 0 
0 107 194 206 294 0 0 0 4331 0 0 44 0 0 2291 2 23405 0 59456 0 2 0 44 0 56436 1 1 0 1668 3000 
0 19 35 0 0 1485 0 0 0 0 0 17621 21 87 23661 0 0 1 769 0 48717 0 0 0 0 0 7708 0 96263 0 
0 22 0 692 19882 0 1 0 878 44 17621 0 641 0 0 0 0 157 0 0 7199 52426 0 6 0 48 0 5834 1866 947 
50085 1 93 2 34 121 0 579 18 0 21 641 0 0 121 0 3197 0 1 1 5 0 0 0 0 0 0 0 0 0 
303 0 0 0 62 0 0 1144 0 0 87 0 0 0 0 0 70317 0 0 0 317 0 0 0 3167 23 0 0 0 0 
0 1253 0 17 21 726 57128 0 11 2291 23661 0 121 0 0 0 0 0 255 0 875 132 17 168 1 2628 0 0 0 1 
15357 102 0 0 17311 6127 0 2410 1176 2 0 0 0 0 0 0 650 0 0 0 539 45 0 5041 0 0 336 0 3 0 
22651 0 0 18 48 0 58 14936 1929 23405 0 0 3197 70317 0 650 0 423 52196 0 9076 0 0 7954 0 0 0 0 0 6 
0 0 29 0 12 12 0 85 3 0 1 157 0 0 0 0 423 0 1546 0 1 4863 0 0 1 0 0 0 0 0 
0 0 1 15493 0 0 0 12286 0 59456 769 0 1 0 255 0 52196 1546 0 0 458 7261 0 10347 0 0 0 16729 3 0 
8 9899 0 0 0 0 0 98 0 0 0 0 1 0 0 0 0 0 0 0 0 0 0 0 6931 0 0 21013 0 6744 
6015 0 0 129 0 0 0 0 0 2 48717 7199 5 317 875 539 9076 1 458 0 0 281 0 0 8 0 7492 1476 7241 0 
0 0 0 56128 6420 41 0 314 0 0 0 52426 0 0 132 45 0 4863 7261 0 281 0 19176 13051 82902 0 0 0 0 0 
0 0 0 0 0 0 0 35 0 44 0 0 0 0 17 0 0 0 0 0 0 19176 0 0 0 0 0 42757 88 193 
0 224 0 0 320 0 0 0 0 0 0 6 0 0 168 5041 7954 0 10347 0 0 13051 0 0 0 0 20 0 42920 1 
38 0 0 6 24 0 0 1 0 56436 0 0 0 3167 1 0 0 1 0 6931 8 82902 0 0 0 19 1172 1 6069 0 
0 148 14479 0 0 54 0 0 5666 1 0 48 0 23 2628 0 0 0 0 0 0 0 0 0 19 0 0 470 603 0 
1 16 0 11745 0 3 30 0 0 1 7708 0 0 0 0 336 0 0 0 0 7492 0 0 20 1172 0 0 2605 0 0 
0 1 0 0 0 6 0 3231 2173 0 0 5834 0 0 0 0 0 0 16729 21013 1476 0 42757 0 1 470 2605 0 0 0 
43278 0 0 2954 0 19 0 8 0 1668 96263 1866 0 0 0 3 0 0 3 0 7241 0 88 42920 6069 603 0 0 0 0 
0 176 82458 88 0 10 0 125 0 3000 0 947 0 0 1 0 6 0 0 6744 0 0 193 1 0 0 0 0 0 0 
0 0 4110 357 0 0 0 813 0 2 0 104 0 0 1240 0 0 4619 4 0 0 4863 973 0 0 22840 0 39224 0 25 
0 0 2597 134 444 0 32 0 0 0 0 0 0 34 0 0 3475 17 73 0 55 131 0 0 74368 0 0 0 52245 0 
4110 2597 0 8 0 0 0 8 0 0 0 67 0 17671 2963 1 0 0 0 65069 521 67395 27 9 1162 0 3653 24447 91 0 
357 134 8 0 0 30059 0 0 0 0 28392 0 0 147 0 64 0 6082 0 17804 0 0 28 37 0 4 0 100 0 0 
0 444 0 0 0 0 2 4953 2 0 2 0 0 0 0 0 0 1 21455 2243 33432 0 14995 0 0 198 592 479 19655 89229 
0 0 0 30059 0 0 631 0 0 3 0 9 0 2 0 0 18 0 30581 11 0 0 14 5 7 0 0 0 0 0 
0 32 0 0 2 631 0 0 0 2 35 0 82 13 0 15 0 6 1227 1477 269 200 6770 563 7076 12587 0 9561 1951 437 
813 0 8 0 4953 0 0 0 0 955 4 5363 0 0 3644 0 0 0 0 0 74378 0 0 6396 0 226 435 0 0 0 
0 0 0 0 2 0 0 0 0 0 26 0 0 25 0 0 0 0 0 73406 292 7766 13050 0 15 0 136 0 120 105 
2 0 0 0 0 3 2 955 0 0 6 0 77545 7 0 0 0 3 0 4 2 97 0 1708 0 0 0 13 0 0 
0 0 0 28392 2 0 35 4 26 6 0 0 0 0 0 0 49 0 0 4 0 54102 22500 1235 3 3 0 12 0 2 
104 0 67 0 0 9 0 5363 0 0 0 0 0 15664 32222 1230 214 0 2 0 0 0 29454 2 41233 0 15 0 0 0 
0 0 0 0 0 0 82 0 0 77545 0 0 0 2571 0 2 0 4 0 0 0 29647 9 9 10 2 10228 200 5271 2 
0 34 17671 147 0 2 13 0 25 7 0 15664 2571 0 9854 3283 0 14935 48871 17292 0 13995 273 1 0 0 1 13 325 66 
1240 0 2963 0 0 0 0 3644 0 0 0 32222 0 9854 0 1 1 9322 0 266 0 0 0 0 2 0 6939 13743 37 0 
0 0 1 64 0 0 15 0 0 0 0 1230 2 3283 1 0 0 2604 1 16 0 0 35 0 997 2271 0 4687 0 4 
0 3475 0 0 0 18 0 0 0 0 49 214 0 0 1 0 0 0 0 2370 0 1323 1 0 4758 41 990 327 1284 0 
4619 17 0 6082 1 0 6 0 0 3 0 0 4 14935 9322 2604 0 0 0 10943 0 0 44 1300 3 157 6 1 5 0 
4 73 0 0 21455 30581 1227 0 0 0 0 2 0 48871 0 1 0 0 0 6815 0 0 27426 0 3 410 3442 0 0 43 
0 0 65069 17804 2243 11 1477 0 73406 4 4 0 0 17292 266 16 2370 10943 6815 0 817 108 2484 0 0 42 1 0 42 0 
0 55 521 0 33432 0 269 74378 292 2 0 0 0 0 0 0 0 0 0 817 0 0 3686 43081 0 64640 0 0 0 3447 
4863 131 67395 0 0 0 200 0 7766 97 54102 0 29647 13995 0 0 1323 0 0 108 0 0 0 0 0 18 53157 1231 26 0 
973 0 27 28 14995 14 6770 0 13050 0 22500 29454 9 273 0 35 1 44 27426 2484 3686 0 0 4268 4608 3 43669 0 0 0 
0 0 9 37 0 5 563 6396 0 1708 1235 2 9 1 0 0 0 1300 0 0 43081 0 4268 0 82 28706 0 474 0 0 
0 74368 1162 0 0 7 7076 0 15 0 3 41233 10 0 2 997 4758 3 3 0 0 0 4608 82 0 0 0 0 0 93909 
22840 0 0 4 198 0 12587 226 0 0 3 0 2 0 0 2271 41 157 410 42 64640 18 3 28706 0 0 26969 0 0 2460 
0 0 3653 0 592 0 0 435 136 0 0 15 10228 1 6939 0 990 6 3442 1 0 53157 43669 0 0 26969 0 0 16 276 
39224 0 24447 100 479 0 9561 0 0 13 12 0 200 13 13743 4687 327 1 0 0 0 1231 0 474 0 0 0 0 98153 6487 
0 52245 91 0 19655 0 1951 0 120 0 0 0 5271 325 37 0 1284 5 0 42 0 26 0 0 0 0 16 98153 0 12 
25 0 0 0 89229 0 437 0 105 0 2 0 2 66 0 4 0 0 43 0 3447 0 0 0 93909 2460 276 6487 12 0 
0 0 125 867 0 0 0 161 0 2405 3 675 0 0 27 0 0 501 16 0 0 768 7416 11266 0 3747 0 488 0 51266 
0 0 13 914 2974 0 1 0 0 0 0 0 0 27 0 0 5364 89 41 0 1593 5043 2738 0 2 0 0 0 42 0 
125 13 0 8223 0 0 0 16717 0 0 0 20072 0 41 6823 52136 4 0 24 15852 23097 1 1 4 8 0 12 1402 207 0 
867 914 8223 0 11 105 0 0 0 0 13 0 0 135 0 13380 0 13251 0 338 0 0 1079 20 0 198 0 0 0 0 
0 2974 0 11 0 0 1347 24 5073 0 85 0 0 0 4 0 0 0 4748 129 15679 0 6 0 0 131 244 12893 10 777 
0 0 0 105 0 0 407 0 0 1563 0 5 0 3 0 0 0 0 1 29118 6 0 38 13 279 0 0 48 0 0 
0 1 0 0 1347 407 0 0 0 7 2140 0 314 43440 0 38044 0 1 149 9717 233 634 86 205 2673 66 0 15 560 1521 
161 0 16717 0 24 0 0 0 0 89 139 79 0 0 103 0 0 0 0 0 778 0 0 2833 0 48044 3 0 0 0 
0 0 0 0 5073 0 0 0 0 0 0 0 0 33769 0 0 0 0 1 830 8 17533 1 1 290 0 25 0 2824 91972 
2405 0 0 0 0 1563 7 89 0 0 22963 0 1 9 0 0 0 87827 0 6 4 5 0 71141 0 14 21 5 0 0 
3 0 0 13 85 0 2140 139 0 22963 0 0 0 0 0 1820 2 0 0 42369 0 412 0 762 6 41762 0 2546 0 54 
675 0 20072 0 0 5 0 79 0 0 0 0 0 55552 148 18791 9487 0 38 0 0 0 74 0 1720 0 79 0 0 0 
0 0 0 0 0 0 314 0 0 1 0 0 0 16574 0 4773 0 25 2 0 0 0 0 10 13 61428 36341 2 7 1974 
0 27 41 135 0 3 43440 0 33769 9 0 55552 16574 0 93715 7110 0 6438 1368 2778 0 50329 60 3 0 0 53 1228 11162 10677 
27 0 6823 0 4 0 0 103 0 0 0 148 0 93715 0 7 714 84963 0 7 0 0 1 0 0 0 11056 17 14184 0 
0 0 52136 13380 0 0 38044 0 0 0 1820 18791 4773 7110 7 0 0 335 65745 26 0 0 15931 0 4 992 0 27 0 6 
0 5364 4 0 0 0 0 0 0 0 2 9487 0 0 714 0 0 0 0 237 0 3763 190 0 780 79 94013 301 61122 0 
501 89 0 13251 0 0 1 0 0 87827 0 0 25 6438 84963 335 0 0 0 502 63 0 4 78892 0 2 1408 29411 227 33 
16 41 24 0 4748 1 149 0 1 0 0 38 2 1368 0 65745 0 0 0 37 0 0 11502 0 18 1601 1 0 0 4750 
0 0 15852 338 129 29118 9717 0 830 6 42369 0 0 2778 7 26 237 502 37 0 289 5522 6 4 0 22 102 0 178 0 
0 1593 23097 0 15679 6 233 778 8 4 0 0 0 0 0 0 0 63 0 289 0 0 2268 12754 0 13 0 0 0 78 
768 5043 1 0 0 0 634 0 17533 5 412 0 0 50329 0 0 3763 0 0 5522 0 0 0 0 0 47 4747 30 9985 79208 
7416 2738 1 1079 6 38 86 0 1 0 0 74 0 60 1 15931 190 4 11502 6 2268 0 0 78887 4 58 16691 0 0 0 
11266 0 4 20 0 13 205 2833 1 71141 762 0 10 3 0 0 0 78892 0 4 12754 0 78887 0 2125 8907 0 5031 0 0 
0 2 8 0 0 279 2673 0 290 0 6 1720 13 0 0 4 780 0 18 0 0 0 4 2125 0 0 0 0 0 3625 
3747 0 0 198 131 0 66 48044 0 14 41762 0 61428 0 0 992 79 2 1601 22 13 47 58 8907 0 0 1 0 0 558 
0 0 12 0 244 0 0 3 25 21 0 79 36341 53 11056 0 94013 1408 1 102 0 4747 16691 0 0 1 0 0 4358 1223 
488 0 1402 0 12893 48 15 0 0 5 2546 0 2 1228 17 27 301 29411 0 0 0 30 0 5031 0 0 0 0 1 1359 
0 42 207 0 10 0 560 0 2824 0 0 0 7 11162 14184 0 61122 227 0 178 0 9985 0 0 0 0 4358 1 0 115 
51266 0 0 0 777 0 1521 0 91972 0 54 0 1974 10677 0 6 0 33 4750 0 78 79208 0 0 3625 558 1223 1359 115 0 
