20 3
0 46 118 40 96 98 46 64 2 33 36 47 55 9 108 78 35 54 61 95 
46 0 88 10 53 127 3 66 48 60 37 19 78 48 107 43 36 50 104 90 
118 88 0 85 53 137 85 71 120 144 83 106 102 125 70 117 84 138 148 59 
40 10 85 0 56 117 8 56 42 59 26 26 68 43 98 54 26 55 95 82 
96 53 53 56 0 154 51 82 98 112 71 66 108 100 106 67 71 96 146 90 
98 127 137 117 154 0 125 72 99 127 90 138 49 106 75 170 91 153 52 79 
46 3 85 8 51 125 0 63 48 61 34 22 76 49 104 46 34 53 103 87 
64 66 71 56 82 72 63 0 66 97 32 83 30 73 44 110 33 107 76 31 
2 48 120 42 98 99 48 66 0 32 38 48 56 7 110 78 37 54 61 97 
33 60 144 59 112 127 61 97 32 0 67 48 88 24 142 71 66 34 83 128 
36 37 83 26 71 90 34 32 38 67 0 51 41 44 77 80 1 75 74 61 
47 19 106 26 66 138 22 83 48 48 51 0 90 45 125 31 50 31 108 109 
55 78 102 68 108 49 76 30 56 88 41 90 0 63 62 121 41 107 46 54 
9 48 125 43 100 106 49 73 7 24 44 45 63 0 117 75 43 47 66 104 
108 107 70 98 106 75 104 44 110 142 77 125 62 117 0 149 78 152 105 17 
78 43 117 54 67 170 46 110 78 71 80 31 121 75 149 0 80 40 140 132 
35 36 84 26 71 91 34 33 37 66 1 50 41 43 78 80 0 74 74 62 
54 50 138 55 96 153 53 107 54 34 75 31 107 47 152 40 74 0 113 136 
61 104 148 95 146 52 103 76 61 83 74 108 46 66 105 140 74 113 0 100 
95 90 59 82 90 79 87 31 97 128 61 109 54 104 17 132 62 136 100 0 
0 17 238 0 14 0 154 3710 0 592 0 0 18870 3 0 0 0 45 863 4246 
17 0 0 0 404 0 3606 11 1 0 0 0 0 0 26745 1 50711 3 0 0 
238 0 0 0 2 0 2192 0 0 60955 0 0 0 0 0 142 33524 0 16488 3004 
0 0 0 0 0 410 44 0 3 3423 1586 0 25 0 9050 292 9 0 28 9260 
14 404 2 0 0 0 0 4 7960 781 51 61865 0 373 0 0 0 0 29047 0 
0 0 0 410 0 0 3175 706 103 153 6196 75 32 0 0 0 31 0 0 32748 
154 3606 2192 44 0 3175 0 689 0 2697 0 1 0 2 0 0 4 0 0 0 
3710 11 0 0 4 706 689 0 0 0 7479 0 22 0 77 2230 2 0 0 0 
0 1 0 3 7960 103 0 0 0 262 0 1634 12 0 0 0 8 0 5007 0 
592 0 60955 3423 781 153 2697 0 262 0 34 0 84679 0 0 0 0 26 6420 53 
0 0 0 1586 51 6196 0 7479 0 34 0 0 0 0 0 12030 796 7 0 0 
0 0 0 0 61865 75 1 0 1634 0 0 0 0 38 0 0 4 2 0 0 
18870 0 0 25 0 32 0 22 12 84679 0 0 0 32 36 20 1845 48717 0 16 
3 0 0 0 373 0 2 0 0 0 0 38 32 0 40 83 20062 7199 0 52 
0 26745 0 9050 0 0 0 77 0 0 0 0 36 40 0 0 166 834 130 3 
0 1 142 292 0 0 0 2230 0 0 12030 0 20 83 0 0 0 875 0 674 
0 50711 33524 9 0 31 4 2 8 0 796 4 1845 20062 166 0 0 6438 0 14 
45 3 0 0 0 0 0 0 0 26 7 2 48717 7199 834 875 6438 0 7816 0 
863 0 16488 28 29047 0 0 0 5007 6420 0 0 0 0 130 0 0 7816 0 0 
4246 0 3004 9260 0 32748 0 0 0 53 0 0 16 52 3 674 14 0 0 0 
0 0 0 23051 0 0 0 0 64 0 5 81672 0 0 10478 133 308 0 0 0 
0 0 4 30361 0 4 0 0 0 16 0 742 31263 0 0 0 0 0 210 3 
0 4 0 20526 1 1 0 47887 41488 0 1650 9056 367 6 24841 0 0 1 0 0 
23051 30361 20526 0 45 0 0 9 0 0 0 913 1 792 0 0 486 26 0 0 
0 0 1 45 0 2535 41343 1 0 0 0 0 1648 0 9130 912 4704 49990 0 2336 
0 4 1 0 2535 0 0 0 0 0 0 0 0 38044 1 30841 0 69 14 0 
0 0 0 0 41343 0 0 0 44855 0 9030 3 0 0 3 18156 0 7545 5043 14 
0 0 47887 9 1 0 0 0 47430 647 0 91 0 0 0 0 3 7006 0 86 
64 0 41488 0 0 0 44855 47430 0 0 29935 0 1 1230 1322 1204 0 366 0 36017 
0 16 0 0 0 0 0 647 0 0 0 0 0 17 261 10 7 0 0 0 
5 0 1650 0 0 0 9030 0 29935 0 0 0 28343 3 118 0 0 0 77 11960 
81672 742 9056 913 0 0 3 91 0 0 0 0 5 0 25862 96853 0 2 24 0 
0 31263 367 1 1648 0 0 0 1 0 28343 5 0 0 0 0 0 0 7766 1 
0 0 6 792 0 38044 0 0 1230 17 3 0 0 0 0 0 0 0 97 0 
10478 0 24841 0 9130 1 3 0 1322 261 118 25862 0 0 0 121 0 0 0 0 
133 0 0 0 912 30841 18156 0 1204 10 0 96853 0 0 121 0 1 0 0 0 
308 0 0 486 4704 0 0 3 0 7 0 0 0 0 0 1 0 0 284 4 
0 0 1 26 49990 69 7545 7006 366 0 0 2 0 0 0 0 0 0 0 45 
0 210 0 0 0 14 5043 0 0 0 77 24 7766 97 0 0 284 0 0 3051 
0 3 0 0 2336 0 14 86 36017 0 11960 0 1 0 0 0 4 45 3051 0 
0 3 0 14929 2 1 0 0 1 0 641 89106 0 0 6643 0 105 0 0 0 
3 0 3 885 0 99 0 0 3 33 9 1749 19354 0 0 0 0 1 14 33 
0 3 0 64173 0 2 0 5275 1567 0 81924 4344 3509 80 32016 0 0 7 0 0 
14929 885 64173 0 0 0 0 2081 1 0 0 6535 0 3189 0 0 0 72 0 0 
2 0 0 0 0 19895 822 6 0 0 0 0 124 0 461 123 145 56596 0 408 
1 99 2 0 19895 0 0 0 0 0 0 0 0 51993 1 74021 0 94 768 0 
0 0 0 0 822 0 0 0 31668 0 20757 0 2 0 12 59767 20 1593 68423 38 
0 0 5275 2081 6 0 0 0 429 12 0 3 0 1820 1 0 0 370 137 66 
1 3 1567 1 0 0 31668 429 0 0 652 0 0 3283 804 74354 0 3 0 586 
0 33 0 0 0 0 0 12 0 0 0 19 0 1407 8 97 2 0 0 0 
641 9 81924 0 0 0 20757 0 652 0 0 0 76450 0 9 0 0 8 49 44334 
89106 1749 4344 6535 0 0 0 3 0 19 0 0 17 0 75250 40088 0 4 26 27 
0 19354 3509 0 124 0 2 0 0 0 76450 17 0 0 0 0 0 0 17533 1 
0 0 80 3189 0 51993 0 1820 3283 1407 0 0 0 0 0 0 0 0 97 0 
6643 0 32016 0 461 1 12 1 804 8 9 75250 0 0 0 5 0 0 0 1 
0 0 0 0 123 74021 59767 0 74354 97 0 40088 0 0 5 0 3 0 179 0 
105 0 0 0 145 0 20 0 0 2 0 0 0 0 0 3 0 0 31 0 
0 1 7 72 56596 94 1593 370 3 0 8 4 0 0 0 0 0 0 0 153 
0 14 0 0 0 768 68423 137 0 0 49 26 17533 97 0 179 31 0 0 18578 
0 33 0 0 408 0 38 66 586 0 44334 27 1 0 1 0 0 153 18578 0 
