9 4
0 59 64 103 62 95 95 48 90 
59 0 70 49 40 62 36 46 31 
64 70 0 118 33 51 89 98 88 
103 49 118 0 85 94 38 68 34 
62 40 33 85 0 33 56 78 55 
95 62 51 94 33 0 57 107 59 
95 36 89 38 56 57 0 77 6 
48 46 98 68 78 107 77 0 71 
90 31 88 34 55 59 6 71 0 
0 730 93 23657 35898 0 0 303 21328 
730 0 0 0 6717 0 51 0 258 
93 0 0 0 0 88361 11 0 0 
23657 0 0 0 9117 0 0 274 611 
35898 6717 0 9117 0 0 0 0 83 
0 0 88361 0 0 0 0 49 20905 
0 51 11 0 0 0 0 0 14 
303 0 0 274 0 49 0 0 0 
21328 258 0 611 83 20905 14 0 0 
0 0 17 0 17 1455 0 50762 10930 
0 0 2 341 0 14 0 20 0 
17 2 0 7811 7 0 0 687 41131 
0 341 7811 0 0 1772 0 0 0 
17 0 7 0 0 1518 2 0 0 
1455 14 0 1772 1518 0 0 0 0 
0 0 0 0 2 0 0 0 0 
50762 20 687 0 0 0 0 0 57919 
10930 0 41131 0 0 0 0 57919 0 
0 598 0 0 21 0 243 22 68996 
598 0 0 9508 0 3 0 5057 0 
0 0 0 3590 0 11 0 2 3 
0 9508 3590 0 0 2 0 0 0 
21 0 0 0 0 3744 168 0 0 
0 3 11 2 3744 0 2 0 0 
243 0 0 0 168 2 0 2 0 
22 5057 2 0 0 0 2 0 1041 
68996 0 3 0 0 0 0 1041 0 
0 0 123 0 116 285 26524 0 0 
0 0 12523 0 0 198 0 5516 0 
123 12523 0 0 1298 6 0 434 138 
0 0 0 0 0 34 1 0 2 
116 0 1298 0 0 0 0 2238 0 
285 198 6 34 0 0 678 0 0 
26524 0 0 1 0 678 0 0 0 
0 5516 434 0 2238 0 0 0 276 
0 0 138 2 0 0 0 276 0 
