15 2
0 59 64 103 62 95 95 48 90 88 90 112 64 139 74 
59 0 70 49 40 62 36 46 31 30 43 69 27 80 26 
64 70 0 118 33 51 89 98 88 95 64 73 48 126 97 
103 49 118 0 85 94 38 68 34 23 68 88 69 56 28 
62 40 33 85 0 33 56 78 55 62 34 51 15 94 66 
95 62 51 94 33 0 57 107 59 71 25 22 37 82 84 
95 36 89 38 56 57 0 77 6 17 31 50 41 44 39 
48 46 98 68 78 107 77 0 71 63 90 115 69 117 41 
90 31 88 34 55 59 6 71 0 12 34 55 39 49 33 
88 30 95 23 62 71 17 63 12 0 46 67 46 53 23 
90 43 64 68 34 25 31 90 34 46 0 25 25 61 61 
112 69 73 88 51 22 50 115 55 67 25 0 49 63 86 
64 27 48 69 15 37 41 69 39 46 25 49 0 81 52 
139 80 126 56 94 82 44 117 49 53 61 63 81 0 75 
74 26 97 28 66 84 39 41 33 23 61 86 52 75 0 
0 110 6953 0 0 0 562 1 8 0 0 0 9 20374 637 
110 0 22042 378 107 2010 4 1 80 0 10 0 0 0 0 
6953 22042 0 0 0 12838 1053 460 62143 0 0 859 0 0 0 
0 378 0 0 0 0 6831 1248 19 7 66410 1051 0 19795 0 
0 107 0 0 0 0 0 1 0 0 1 1146 0 0 0 
0 2010 12838 0 0 0 0 6687 48146 11 22148 0 148 5 0 
562 4 1053 6831 0 0 0 25 35188 0 3854 0 0 0 0 
1 1 460 1248 1 6687 25 0 15686 49818 0 1890 22550 89 7805 
8 80 62143 19 0 48146 35188 15686 0 0 9 62 4 0 1 
0 0 0 7 0 11 0 49818 0 0 73336 0 19114 81 0 
0 10 0 66410 1 22148 3854 0 9 73336 0 0 0 15 0 
0 0 859 1051 1146 0 0 1890 62 0 0 0 0 25818 0 
9 0 0 0 0 148 0 22550 4 19114 0 0 0 10 396 
20374 0 0 19795 0 5 0 89 0 81 15 25818 10 0 35 
637 0 0 0 0 0 0 7805 1 0 0 0 396 35 0 
0 0 0 9885 132 49 0 0 0 28 25969 818 1 0 0 
0 0 0 0 0 0 0 3 0 15 0 0 0 59 27 
0 0 0 2 63 0 0 0 0 17 29688 0 1 88 442 
9885 0 2 0 603 30 0 0 0 0 0 0 68400 0 6735 
132 0 63 603 0 350 3333 0 236 0 0 0 5155 119 0 
49 0 0 30 350 0 1855 0 0 0 0 19 0 0 93 
0 0 0 0 3333 1855 0 7 0 23 0 17421 851 22 8 
0 3 0 0 0 0 7 0 0 0 70770 0 0 0 0 
0 0 0 0 236 0 0 0 0 973 0 0 0 2498 5 
28 15 17 0 0 0 23 0 973 0 0 2809 0 0 1335 
25969 0 29688 0 0 0 0 70770 0 0 0 15944 3971 0 9 
818 0 0 0 0 19 17421 0 0 2809 15944 0 53001 0 66238 
1 0 1 68400 5155 0 851 0 0 0 3971 53001 0 0 0 
0 59 88 0 119 0 22 0 2498 0 0 0 0 0 1 
0 27 442 6735 0 93 8 0 5 1335 9 66238 0 1 0 
