5 4
0 123 17 72 89 
123 0 116 51 121 
17 116 0 64 101 
72 51 64 0 97 
89 121 101 97 0 
0 0 0 0 64 
0 0 877 5431 56191 
0 877 0 12798 0 
0 5431 12798 0 7967 
64 56191 0 7967 0 
0 2530 496 1544 0 
2530 0 2335 46564 183 
496 2335 0 26004 0 
1544 46564 26004 0 0 
0 183 0 0 0 
0 9074 0 0 0 
9074 0 4301 0 72 
0 4301 0 0 0 
0 0 0 0 14 
0 72 0 14 0 
0 0 79 345 14549 
0 0 2 2 0 
79 2 0 20505 0 
345 2 20505 0 55963 
14549 0 0 55963 0 
