8 2
0 59 64 103 62 95 95 48 
59 0 70 49 40 62 36 46 
64 70 0 118 33 51 89 98 
103 49 118 0 85 94 38 68 
62 40 33 85 0 33 56 78 
95 62 51 94 33 0 57 107 
95 36 89 38 56 57 0 77 
48 46 98 68 78 107 77 0 
0 25 0 24963 71328 0 0 57545 
25 0 9 290 0 0 0 1 
0 9 0 0 0 0 0 0 
24963 290 0 0 0 0 0 3964 
71328 0 0 0 0 0 0 13697 
0 0 0 0 0 0 75 0 
0 0 0 0 0 75 0 51486 
57545 1 0 3964 13697 0 51486 0 
0 0 295 24948 5216 0 12800 0 
0 0 14 202 1586 0 0 3 
295 14 0 5 39 8 14 0 
24948 202 5 0 0 0 82 0 
5216 1586 39 0 0 1550 94001 0 
0 0 8 0 1550 0 11 3 
12800 0 14 82 94001 11 0 12080 
0 3 0 0 0 3 12080 0 
