7 4
0 59 64 103 62 95 95 
59 0 70 49 40 62 36 
64 70 0 118 33 51 89 
103 49 118 0 85 94 38 
62 40 33 85 0 33 56 
95 62 51 94 33 0 57 
95 36 89 38 56 57 0 
0 0 0 14634 3633 917 875 
0 0 0 64894 63 11578 801 
0 0 0 289 1555 8497 62143 
14634 64894 289 0 0 1248 406 
3633 63 1555 0 0 25 0 
917 11578 8497 1248 25 0 0 
875 801 62143 406 0 0 0 
0 4434 0 0 0 0 0 
4434 0 12579 0 0 0 0 
0 12579 0 0 0 0 0 
0 0 0 0 2 0 0 
0 0 0 2 0 7 2505 
0 0 0 0 7 0 0 
0 0 0 0 2505 0 0 
0 3068 4 0 0 0 0 
3068 0 5921 0 0 0 0 
4 5921 0 0 0 0 0 
0 0 0 0 342 0 0 
0 0 0 342 0 3 3408 
0 0 0 0 3 0 2 
0 0 0 0 3408 2 0 
0 51009 1 0 0 0 0 
51009 0 276 0 0 0 0 
1 276 0 0 0 0 0 
0 0 0 0 466 0 0 
0 0 0 466 0 0 349 
0 0 0 0 0 0 1 
0 0 0 0 349 1 0 
