10 3
0 59 64 103 62 95 95 48 90 88 
59 0 70 49 40 62 36 46 31 30 
64 70 0 118 33 51 89 98 88 95 
103 49 118 0 85 94 38 68 34 23 
62 40 33 85 0 33 56 78 55 62 
95 62 51 94 33 0 57 107 59 71 
95 36 89 38 56 57 0 77 6 17 
48 46 98 68 78 107 77 0 71 63 
90 31 88 34 55 59 6 71 0 12 
88 30 95 23 62 71 17 63 12 0 
0 0 0 0 0 2 64894 0 0 3 
0 0 71328 140 0 0 69634 0 0 0 
0 71328 0 0 0 189 0 4 0 1 
0 140 0 0 138 1 46078 511 25 4 
0 0 0 138 0 78 0 6 0 983 
2 0 189 1 78 0 0 4 1 0 
64894 69634 0 46078 0 0 0 0 4 73 
0 0 4 511 6 4 0 0 0 0 
0 0 0 25 0 1 4 0 0 0 
3 0 1 4 983 0 73 0 0 0 
0 2 788 1010 0 0 0 45197 4859 16 
2 0 0 0 19 42 0 34617 3483 1163 
788 0 0 0 10885 0 55 0 33 0 
1010 0 0 0 0 0 0 0 0 1 
0 19 10885 0 0 0 823 0 6 0 
0 42 0 0 0 0 0 0 0 129 
0 0 55 0 823 0 0 462 0 0 
45197 34617 0 0 0 0 462 0 67 124 
4859 3483 33 0 6 0 0 67 0 3609 
16 1163 0 1 0 129 0 124 3609 0 
0 2 2494 5051 7 0 0 900 228 0 
2 0 0 0 83064 18 0 5 2608 0 
2494 0 0 503 73845 0 752 0 960 0 
5051 0 503 0 0 0 0 0 0 0 
7 83064 73845 0 0 0 7 6 1855 0 
0 18 0 0 0 0 240 0 0 7 
0 0 752 0 7 240 0 1093 0 0 
900 5 0 0 6 0 1093 0 15688 2667 
228 2608 960 0 1855 0 0 15688 0 4 
0 0 0 0 0 7 0 2667 4 0 
