10 3
0 46 118 40 96 98 46 64 2 33 
46 0 88 10 53 127 3 66 48 60 
118 88 0 85 53 137 85 71 120 144 
40 10 85 0 56 117 8 56 42 59 
96 53 53 56 0 154 51 82 98 112 
98 127 137 117 154 0 125 72 99 127 
46 3 85 8 51 125 0 63 48 61 
64 66 71 56 82 72 63 0 66 97 
2 48 120 42 98 99 48 66 0 32 
33 60 144 59 112 127 61 97 32 0 
0 107 1 28 4367 1 177 65234 0 0 
107 0 3453 228 0 0 0 7 0 71 
1 3453 0 0 44 0 20984 21 0 222 
28 228 0 0 4236 0 853 0 0 0 
4367 0 44 4236 0 0 0 439 0 1 
1 0 0 0 0 0 0 0 8 0 
177 0 20984 853 0 0 0 0 14 10309 
65234 7 21 0 439 0 0 0 404 250 
0 0 0 0 0 8 14 404 0 1789 
0 71 222 0 1 0 10309 250 1789 0 
0 57 6 127 28536 0 46 1292 0 0 
57 0 16270 15 0 0 0 0 0 0 
6 16270 0 0 10 2 3492 62 0 364 
127 15 0 0 1216 0 2269 0 0 0 
28536 0 10 1216 0 18 0 88 32 0 
0 0 2 0 18 0 0 0 3 0 
46 0 3492 2269 0 0 0 0 1 1582 
1292 0 62 0 88 0 0 0 58 8 
0 0 0 0 32 3 1 58 0 429 
0 0 364 0 0 0 1582 8 429 0 
0 152 743 8 516 1 739 68875 0 6 
152 0 15616 23 0 0 0 551 0 21324 
743 15616 0 0 9 0 73776 20 0 36 
8 23 0 0 46768 0 472 0 0 0 
516 0 9 46768 0 8 0 529 0 5 
1 0 0 0 8 0 0 0 0 0 
739 0 73776 472 0 0 0 0 0 1082 
68875 551 20 0 529 0 0 0 10 1559 
0 0 0 0 0 0 0 10 0 39789 
6 21324 36 0 5 0 1082 1559 39789 0 
