6 4
0 59 64 103 62 95 
59 0 70 49 40 62 
64 70 0 118 33 51 
103 49 118 0 85 94 
62 40 33 85 0 33 
95 62 51 94 33 0 
0 0 0 0 0 260 
0 0 0 6717 75 0 
0 0 0 9117 0 0 
0 6717 9117 0 23433 4440 
0 75 0 23433 0 523 
260 0 0 4440 523 0 
0 21 1058 0 14 1016 
21 0 0 0 11 0 
1058 0 0 0 0 8236 
0 0 0 0 0 0 
14 11 0 0 0 0 
1016 0 8236 0 0 0 
0 461 698 9 0 18167 
461 0 0 0 31 0 
698 0 0 0 0 0 
9 0 0 0 0 0 
0 31 0 0 0 0 
18167 0 0 0 0 0 
0 0 0 3416 94001 0 
0 0 0 16814 255 504 
0 0 0 0 1 0 
3416 16814 0 0 0 0 
94001 255 1 0 0 50762 
0 504 0 0 50762 0 
