6 2
0 59 64 103 62 95 
59 0 70 49 40 62 
64 70 0 118 33 51 
103 49 118 0 85 94 
62 40 33 85 0 33 
95 62 51 94 33 0 
0 0 0 2775 99832 134 
0 0 0 0 24943 0 
0 0 0 0 0 0 
2775 0 0 0 7 0 
99832 24943 0 7 0 0 
134 0 0 0 0 0 
0 0 0 0 0 1144 
0 0 1173 0 45 0 
0 1173 0 8 0 13594 
0 0 8 0 0 0 
0 45 0 0 0 428 
1144 0 13594 0 428 0 
