15 3
0 59 64 103 62 95 95 48 90 88 90 112 64 139 74 
59 0 70 49 40 62 36 46 31 30 43 69 27 80 26 
64 70 0 118 33 51 89 98 88 95 64 73 48 126 97 
103 49 118 0 85 94 38 68 34 23 68 88 69 56 28 
62 40 33 85 0 33 56 78 55 62 34 51 15 94 66 
95 62 51 94 33 0 57 107 59 71 25 22 37 82 84 
95 36 89 38 56 57 0 77 6 17 31 50 41 44 39 
48 46 98 68 78 107 77 0 71 63 90 115 69 117 41 
90 31 88 34 55 59 6 71 0 12 34 55 39 49 33 
88 30 95 23 62 71 17 63 12 0 46 67 46 53 23 
90 43 64 68 34 25 31 90 34 46 0 25 25 61 61 
112 69 73 88 51 22 50 115 55 67 25 0 49 63 86 
64 27 48 69 15 37 41 69 39 46 25 49 0 81 52 
139 80 126 56 94 82 44 117 49 53 61 63 81 0 75 
74 26 97 28 66 84 39 41 33 23 61 86 52 75 0 
0 3 4 12 0 0 0 289 0 14 65044 203 0 1618 0 
3 0 0 198 2725 3 0 1814 0 0 0 24 1297 3606 1 
4 0 0 0 523 0 0 0 0 562 0 58 7 2003 0 
12 198 0 0 63 0 107 0 1669 41 0 0 0 9878 3343 
0 2725 523 63 0 15 0 0 0 0 0 0 23178 58 0 
0 3 0 0 15 0 32 0 0 0 0 9784 0 0 22 
0 0 0 107 0 32 0 0 0 0 101 1 1278 35188 15333 
289 1814 0 0 0 0 0 0 0 52 16481 1362 801 2 0 
0 0 0 1669 0 0 0 0 0 119 1 46 38 0 0 
14 0 562 41 0 0 0 52 119 0 33 2522 0 0 7 
65044 0 0 0 0 0 101 16481 1 33 0 25 49964 200 0 
203 24 58 0 0 9784 1 1362 46 2522 25 0 125 1 0 
0 1297 7 0 23178 0 1278 801 38 0 49964 125 0 6 3288 
1618 3606 2003 9878 58 0 35188 2 0 0 200 1 6 0 47740 
0 1 0 3343 0 22 15333 0 0 7 0 0 3288 47740 0 
0 123 492 0 23410 65 1 0 0 197 0 0 1 13 14553 
123 0 0 0 4440 138 27 0 102 5744 0 0 29 0 23094 
492 0 0 57545 0 4 0 0 213 0 0 1 9288 0 0 
0 0 57545 0 0 1785 0 0 92839 83 0 0 0 3697 1561 
23410 4440 0 0 0 1230 0 711 0 1 0 53068 51293 0 0 
65 138 4 1785 1230 0 0 49 554 0 1128 0 0 0 0 
1 27 0 0 0 0 0 300 256 0 0 0 2 1687 0 
0 0 0 0 711 49 300 0 0 0 21 10 8 0 10805 
0 102 213 92839 0 554 256 0 0 131 0 442 0 0 42 
197 5744 0 83 1 0 0 0 131 0 3142 0 0 0 770 
0 0 0 0 0 1128 0 21 0 3142 0 27970 80 751 0 
0 0 1 0 53068 0 0 10 442 0 27970 0 0 0 71497 
1 29 9288 0 51293 0 2 8 0 0 80 0 0 17 0 
13 0 0 3697 0 0 1687 0 0 0 751 0 17 0 851 
14553 23094 0 1561 0 0 0 10805 42 770 0 71497 0 851 0 
0 0 0 0 0 755 1 0 0 1555 96820 0 0 0 8 
0 0 0 0 14 0 0 4194 4 1 0 68 6235 30232 0 
0 0 0 0 0 0 32 133 0 11 0 0 0 2 3 
0 0 0 0 0 232 226 36 0 0 7 2301 0 0 152 
0 14 0 0 0 0 3551 60 30581 1 0 2 0 0 10 
755 0 0 232 0 0 9 2428 0 7934 0 1911 1 239 0 
1 0 32 226 3551 9 0 0 69 0 0 3312 2 1 21208 
0 4194 133 36 60 2428 0 0 285 25 0 6687 0 92269 23 
0 4 0 0 30581 0 69 285 0 0 2 37 0 0 2033 
1555 1 11 0 1 7934 0 25 0 0 21 0 948 614 106 
96820 0 0 7 0 0 0 0 2 21 0 0 21314 89558 0 
0 68 0 2301 2 1911 3312 6687 37 0 0 0 0 0 28 
0 6235 0 0 0 1 2 0 0 948 21314 0 0 0 0 
0 30232 2 0 0 239 1 92269 0 614 89558 0 0 0 140 
8 0 3 152 10 0 21208 23 2033 106 0 28 0 140 0 
