8 4
0 46 118 40 96 98 46 64 
46 0 88 10 53 127 3 66 
118 88 0 85 53 137 85 71 
40 10 85 0 56 117 8 56 
96 53 53 56 0 154 51 82 
98 127 137 117 154 0 125 72 
46 3 85 8 51 125 0 63 
64 66 71 56 82 72 63 0 
0 1 15616 9 0 0 1292 0 
1 0 17 3 0 2682 0 0 
15616 17 0 39 0 0 0 0 
9 3 39 0 0 119 4896 14702 
0 0 0 0 0 0 0 0 
0 2682 0 119 0 0 1 0 
1292 0 0 4896 0 1 0 38339 
0 0 0 14702 0 0 38339 0 
0 0 0 8 2658 2211 0 11 
0 0 0 1 63 0 172 3259 
0 0 0 0 40232 14929 53953 50241 
8 1 0 0 1741 0 0 0 
2658 63 40232 1741 0 0 542 66511 
2211 0 14929 0 0 0 0 63946 
0 172 53953 0 542 0 0 0 
11 3259 50241 0 66511 63946 0 0 
0 0 0 0 754 8 0 1 
0 0 3 0 610 0 31 5633 
0 3 0 0 15874 15676 38419 45 
0 0 0 0 21135 0 0 0 
754 610 15874 21135 0 0 7292 1380 
8 0 15676 0 0 0 0 8460 
0 31 38419 0 7292 0 0 0 
1 5633 45 0 1380 8460 0 0 
0 171 0 0 44153 19883 0 103 
171 0 0 0 120 0 565 62477 
0 0 0 0 15245 2979 17632 21690 
0 0 0 0 2774 0 0 0 
44153 120 15245 2774 0 134 24483 25770 
19883 0 2979 0 134 0 1 775 
0 565 17632 0 24483 1 0 0 
103 62477 21690 0 25770 775 0 0 
