9 3
0 46 118 40 96 98 46 64 2 
46 0 88 10 53 127 3 66 48 
118 88 0 85 53 137 85 71 120 
40 10 85 0 56 117 8 56 42 
96 53 53 56 0 154 51 82 98 
98 127 137 117 154 0 125 72 99 
46 3 85 8 51 125 0 63 48 
64 66 71 56 82 72 63 0 66 
2 48 120 42 98 99 48 66 0 
0 0 147 19 22404 0 0 853 21 
0 0 1 122 3 0 0 0 0 
147 1 0 28 0 0 0 0 439 
19 122 28 0 4367 0 0 0 0 
22404 3 0 4367 0 1 0 0 0 
0 0 0 0 1 0 177 0 0 
0 0 0 0 0 177 0 65234 0 
853 0 0 0 0 0 65234 0 0 
21 0 439 0 0 0 0 0 0 
0 67811 0 0 0 4 0 0 0 
67811 0 0 0 1 6659 15874 4098 14 
0 0 0 0 45 138 1741 23051 0 
0 0 0 0 0 302 3 30361 105 
0 1 45 0 0 5 36 20526 21169 
4 6659 138 302 5 0 0 20 2 
0 15874 1741 3 36 0 0 0 1126 
0 4098 23051 30361 20526 20 0 0 53 
0 14 0 105 21169 2 1126 53 0 
0 2896 0 0 0 3 0 0 0 
2896 0 0 0 0 16042 4583 17272 17101 
0 0 0 0 46 1931 21135 14929 0 
0 0 0 0 0 2658 82 885 94 
0 0 46 0 0 0 46 64173 13935 
3 16042 1931 2658 0 0 0 119 542 
0 4583 21135 82 46 0 0 0 19185 
0 17272 14929 885 64173 119 0 0 1067 
0 17101 0 94 13935 542 19185 1067 0 
