8 4
0 59 64 103 62 95 95 48 
59 0 70 49 40 62 36 46 
64 70 0 118 33 51 89 98 
103 49 118 0 85 94 38 68 
62 40 33 85 0 33 56 78 
95 62 51 94 33 0 57 107 
95 36 89 38 56 57 0 77 
48 46 98 68 78 107 77 0 
0 99832 0 70 3940 0 0 64 
99832 0 87694 558 0 0 23410 0 
0 87694 0 45 32703 0 14 0 
70 558 45 0 1 22042 0 0 
3940 0 32703 1 0 51 0 0 
0 0 0 22042 51 0 274 60513 
0 23410 14 0 0 274 0 20905 
64 0 0 0 0 60513 20905 0 
0 0 15344 0 26 0 2 0 
0 0 1385 405 0 56395 0 18 
15344 1385 0 82 0 11 303 0 
0 405 82 0 1638 0 0 0 
26 0 0 1638 0 75163 12801 0 
0 56395 11 0 75163 0 0 2 
2 0 303 0 12801 0 0 15 
0 18 0 0 0 2 15 0 
0 0 630 22 0 1518 678 28 
0 0 0 0 2252 0 0 0 
630 0 0 0 0 166 50762 0 
22 0 0 0 0 1 20 41852 
0 2252 0 0 0 0 0 611 
1518 0 166 1 0 0 0 0 
678 0 50762 20 0 0 0 1230 
28 0 0 41852 611 0 1230 0 
0 2879 0 0 0 0 780 264 
2879 0 47 0 24385 51486 128 21328 
0 47 0 0 2 0 22 258 
0 0 0 0 10 7035 0 16917 
0 24385 2 10 0 260 1 0 
0 51486 0 7035 260 0 0 1785 
780 128 22 0 1 0 0 0 
264 21328 258 16917 0 1785 0 0 
