6 4
0 123 17 72 89 90 
123 0 116 51 121 48 
17 116 0 64 101 90 
72 51 64 0 97 39 
89 121 101 97 0 73 
90 48 90 39 73 0 
0 72 0 0 0 40564 
72 0 66866 44390 21936 0 
0 66866 0 0 4 3975 
0 44390 0 0 0 283 
0 21936 4 0 0 12579 
40564 0 3975 283 12579 0 
0 162 0 0 12 99676 
162 0 2143 8598 861 0 
0 2143 0 0 11 4015 
0 8598 0 0 0 311 
12 861 11 0 0 39732 
99676 0 4015 311 39732 0 
0 9 0 0 2 161 
9 0 30025 39201 2091 0 
0 30025 0 0 3 5079 
0 39201 0 0 0 818 
2 2091 3 0 0 4218 
161 0 5079 818 4218 0 
0 10 0 0 1 1434 
10 0 58428 37201 44859 0 
0 58428 0 0 3 100 
0 37201 0 0 0 467 
1 44859 3 0 0 9493 
1434 0 100 467 9493 0 
