10 4
0 59 64 103 62 95 95 48 90 88 
59 0 70 49 40 62 36 46 31 30 
64 70 0 118 33 51 89 98 88 95 
103 49 118 0 85 94 38 68 34 23 
62 40 33 85 0 33 56 78 55 62 
95 62 51 94 33 0 57 107 59 71 
95 36 89 38 56 57 0 77 6 17 
48 46 98 68 78 107 77 0 71 63 
90 31 88 34 55 59 6 71 0 12 
88 30 95 23 62 71 17 63 12 0 
0 2 73 0 0 0 0 21328 492 32 
2 0 11 0 42 0 303 258 0 0 
73 11 0 0 1 0 0 0 0 32 
0 0 0 0 0 51 0 611 40221 76 
0 42 1 0 0 11 274 83 2 0 
0 0 0 51 11 0 0 20905 0 0 
0 303 0 0 274 0 0 14 1718 1222 
21328 258 0 611 83 20905 14 0 1 64894 
492 0 0 40221 2 0 1718 1 0 0 
32 0 32 76 0 0 1222 64894 0 0 
0 0 0 25 2252 3 10398 10930 9622 0 
0 0 0 4 24 0 50762 0 0 1 
0 0 0 0 1638 0 20 41131 28469 0 
25 4 0 0 1455 0 687 0 11 0 
2252 24 1638 1455 0 0 0 0 0 39 
3 0 0 0 0 0 0 0 21 28 
10398 50762 20 687 0 0 0 0 2349 0 
10930 0 41131 0 0 0 0 0 78 1845 
9622 0 28469 11 0 21 2349 78 0 2 
0 1 0 0 39 28 0 1845 2 0 
0 0 0 0 24385 158 1186 68996 2 0 
0 0 0 2870 34092 19 22 0 12052 0 
0 0 0 0 0 243 5057 3 2 9 
0 2870 0 0 0 0 2 0 0 0 
24385 34092 0 0 0 0 0 0 0 20 
158 19 243 0 0 0 0 0 0 59181 
1186 22 5057 2 0 0 0 0 0 0 
68996 0 3 0 0 0 0 0 0 0 
2 12052 2 0 0 0 0 0 0 367 
0 0 9 0 20 59181 0 0 367 0 
0 0 0 0 7 11 1364 0 0 0 
0 0 0 127 0 14 0 0 0 3551 
0 0 0 5 0 26524 5516 138 670 0 
0 127 5 0 285 0 434 2 0 596 
7 0 0 285 0 0 0 0 0 528 
11 14 26524 0 0 0 2238 0 2906 243 
1364 0 5516 434 0 2238 0 0 0 0 
0 0 138 2 0 0 0 0 0 0 
0 0 670 0 0 2906 0 0 0 83447 
0 3551 0 596 528 243 0 0 83447 0 
