20 3
0 123 17 72 89 90 77 84 122 70 141 118 117 117 58 85 94 145 69 99 
123 0 116 51 121 48 96 115 59 63 25 47 40 16 64 39 31 87 58 23 
17 116 0 64 101 90 86 66 108 71 133 119 117 113 52 81 90 150 68 93 
72 51 64 0 97 39 71 77 62 33 69 64 60 49 13 21 29 104 24 28 
89 121 101 97 0 73 26 158 158 64 146 84 88 106 88 88 93 82 73 107 
90 48 90 39 73 0 47 116 91 20 73 28 27 34 42 20 20 64 22 35 
77 96 86 71 26 47 0 136 132 38 121 63 66 81 63 62 67 73 47 81 
84 115 66 77 158 116 136 0 73 105 118 141 136 120 76 98 104 181 98 96 
122 59 108 62 158 91 132 73 0 94 51 103 96 73 74 71 70 145 85 56 
70 63 71 33 64 20 38 105 94 0 87 48 47 52 29 25 32 79 8 44 
141 25 133 69 146 73 121 118 51 87 0 70 64 41 83 62 55 108 81 43 
118 47 119 64 84 28 63 141 103 48 70 0 6 30 70 43 37 42 50 48 
117 40 117 60 88 27 66 136 96 47 64 6 0 24 67 39 32 48 48 42 
117 16 113 49 106 34 81 120 73 52 41 30 24 0 60 31 22 72 48 24 
58 64 52 13 88 42 63 76 74 29 83 70 67 60 0 29 38 107 21 41 
85 39 81 21 88 20 62 98 71 25 62 43 39 31 29 0 9 83 18 19 
94 31 90 29 93 20 67 104 70 32 55 37 32 22 38 9 0 79 27 14 
145 87 150 104 82 64 73 181 145 79 108 42 48 72 107 83 79 0 85 91 
69 58 68 24 73 22 47 98 85 8 81 50 48 48 21 18 27 85 0 37 
99 23 93 28 107 35 81 96 56 44 43 48 42 24 41 19 14 91 37 0 
0 0 0 0 0 0 21 0 1 0 0 24 2914 0 357 0 0 3 67108 29 
0 0 0 0 175 2 19 5 507 122 10588 0 1114 1 0 1 0 493 0 0 
0 0 0 0 0 2507 32044 0 0 11 94603 11 31 0 0 302 4 0 9724 0 
0 0 0 0 213 0 0 0 38 75611 0 528 0 0 20 0 0 6487 3716 0 
0 175 0 213 0 0 0 22714 57 49 1334 371 0 0 0 0 28 3 13 1 
0 2 2507 0 0 0 0 0 0 0 160 0 49 61 0 0 2 4315 422 0 
21 19 32044 0 0 0 0 0 0 0 0 577 11 2773 0 21801 0 0 0 2 
0 5 0 0 22714 0 0 0 0 10 0 17065 1613 0 0 101 500 0 0 0 
1 507 0 38 57 0 0 0 0 4 60 0 54661 0 77 1 7 0 1 0 
0 122 11 75611 49 0 0 10 4 0 0 966 1 57736 2 0 0 18 0 0 
0 10588 94603 0 1334 160 0 0 60 0 0 12 0 0 0 98197 214 0 124 0 
24 0 11 528 371 0 577 17065 0 966 12 0 0 0 0 1 142 923 0 3 
2914 1114 31 0 0 49 11 1613 54661 1 0 0 0 0 0 73 113 0 0 6201 
0 1 0 0 0 61 2773 0 0 57736 0 0 0 0 2 374 0 0 705 6350 
357 0 0 20 0 0 0 0 77 2 0 0 0 2 0 0 0 169 22 0 
0 1 302 0 0 0 21801 101 1 0 98197 1 73 374 0 0 29 325 34966 3784 
0 0 4 0 28 2 0 500 7 0 214 142 113 0 0 29 0 4971 2823 153 
3 493 0 6487 3 4315 0 0 0 18 0 923 0 0 169 325 4971 0 136 8993 
67108 0 9724 3716 13 422 0 0 1 0 124 0 0 705 22 34966 2823 136 0 0 
29 0 0 0 1 0 2 0 0 0 0 3 6201 6350 0 3784 153 8993 0 0 
0 0 0 0 4 0 41 0 0 0 0 1 43495 0 763 0 0 4 21716 3 
0 0 0 0 800 0 1572 3 155 1 41711 0 5 0 0 2 0 42 0 0 
0 0 0 0 0 24108 1445 0 17 64 2492 59 27 0 0 48 4 4 6764 0 
0 0 0 0 42 0 0 0 17 8032 0 31 0 0 3529 0 0 410 32657 0 
4 800 0 42 0 0 0 16323 35 0 13077 1993 0 0 0 0 0 7 20 308 
0 0 24108 0 0 0 0 0 0 0 1320 0 387 164 0 0 34 643 1495 0 
41 1572 1445 0 0 0 0 0 0 0 0 1100 323 436 0 13231 0 0 0 88 
0 3 0 0 16323 0 0 0 0 7 0 8638 4463 0 0 4357 666 0 0 0 
0 155 17 17 35 0 0 0 0 1 231 0 83572 0 68 34 11 0 1 1 
0 1 64 8032 0 0 0 7 1 0 0 841 0 41941 0 0 0 2 0 0 
0 41711 2492 0 13077 1320 0 0 231 0 0 0 0 0 0 15289 18 0 4692 0 
1 0 59 31 1993 0 1100 8638 0 841 0 0 0 0 3 0 3 9740 0 7 
43495 5 27 0 0 387 323 4463 83572 0 0 0 0 0 0 367 105 0 0 62120 
0 0 0 0 0 164 436 0 0 41941 0 0 0 0 18 93 0 0 1306 1017 
763 0 0 3529 0 0 0 0 68 0 0 3 0 18 0 0 0 52 22 0 
0 2 48 0 0 0 13231 4357 34 0 15289 0 367 93 0 0 7 399 6648 3634 
0 0 4 0 0 34 0 666 11 0 18 3 105 0 0 7 0 43846 313 105 
4 42 4 410 7 643 0 0 0 2 0 9740 0 0 52 399 43846 0 83 1114 
21716 0 6764 32657 20 1495 0 0 1 0 4692 0 0 1306 22 6648 313 83 0 0 
3 0 0 0 308 0 88 0 1 0 0 7 62120 1017 0 3634 105 1114 0 0 
0 0 0 0 0 0 56 0 5 0 0 19 1222 0 418 0 0 71 28311 13 
0 0 0 0 70 2 46 0 56 663 541 0 872 0 0 0 0 71 0 0 
0 0 0 0 0 1992 5990 2 0 12 1436 381 1 0 0 37806 42 8 35810 0 
0 0 0 0 373 0 0 0 55 56449 1 769 0 0 17 0 0 8378 8650 0 
0 70 0 373 0 0 0 11111 929 4 282 642 0 3 0 0 743 1 3 28 
0 2 1992 0 0 0 0 0 0 0 40 0 3 0 1 0 410 20 1050 0 
56 46 5990 0 0 0 0 0 0 0 0 134 0 6102 0 473 0 0 0 0 
0 0 2 0 11111 0 0 0 89 1 0 12300 699 0 0 0 677 0 0 0 
5 56 0 55 929 0 0 89 0 3 11 0 77414 0 1187 0 3 0 0 0 
0 663 12 56449 4 0 0 1 3 0 0 106 0 38616 0 0 0 106 0 2 
0 541 1436 1 282 40 0 0 11 0 0 7 0 0 0 65620 62 1 279 0 
19 0 381 769 642 0 134 12300 0 106 7 0 0 0 0 1 3 253 0 13 
1222 872 1 0 0 3 0 699 77414 0 0 0 0 0 0 1 957 0 0 1360 
0 0 0 0 3 0 6102 0 0 38616 0 0 0 0 0 759 0 0 19 403 
418 0 0 17 0 1 0 0 1187 0 0 0 0 0 0 0 0 139 1 0 
0 0 37806 0 0 0 473 0 0 0 65620 1 1 759 0 0 6 1005 2665 5002 
0 0 42 0 743 410 0 677 3 0 62 3 957 0 0 6 0 22599 955 68 
71 71 8 8378 1 20 0 0 0 106 1 253 0 0 139 1005 22599 0 7478 2481 
28311 0 35810 8650 3 1050 0 0 0 0 279 0 0 19 1 2665 955 7478 0 0 
13 0 0 0 28 0 0 0 0 2 0 13 1360 403 0 5002 68 2481 0 0 
