9 3
0 123 17 72 89 90 77 84 122 
123 0 116 51 121 48 96 115 59 
17 116 0 64 101 90 86 66 108 
72 51 64 0 97 39 71 77 62 
89 121 101 97 0 73 26 158 158 
90 48 90 39 73 0 47 116 91 
77 96 86 71 26 47 0 136 132 
84 115 66 77 158 116 136 0 73 
122 59 108 62 158 91 132 73 0 
0 42 6 8598 0 0 570 93 0 
42 0 0 7226 4 0 0 127 1094 
6 0 0 275 0 0 26638 29 0 
8598 7226 275 0 921 0 0 29 0 
0 4 0 921 0 0 0 0 21135 
0 0 0 0 0 0 4574 0 0 
570 0 26638 0 0 4574 0 0 0 
93 127 29 29 0 0 0 0 0 
0 1094 0 0 21135 0 0 0 0 
0 0 0 0 7032 856 0 0 12633 
0 0 181 0 0 3446 198 0 0 
0 181 0 0 8359 26 0 0 26 
0 0 0 0 0 785 874 1 5552 
7032 0 8359 0 0 5054 22715 53597 0 
856 3446 26 785 5054 0 0 48 1 
0 198 0 874 22715 0 0 3 14 
0 0 0 1 53597 48 3 0 1797 
12633 0 26 5552 0 1 14 1797 0 
0 0 0 0 2872 9631 0 0 95 
0 0 1 0 0 138 3 0 0 
0 1 0 0 154 34 0 0 51 
0 0 0 0 0 97 16764 2 1226 
2872 0 154 0 0 4128 774 455 0 
9631 138 34 97 4128 0 0 45 77 
0 3 0 16764 774 0 0 12 1 
0 0 0 2 455 45 12 0 112 
95 0 51 1226 0 77 1 112 0 
