20 2
0 46 118 40 96 98 46 64 2 33 36 47 55 9 108 78 35 54 61 95 
46 0 88 10 53 127 3 66 48 60 37 19 78 48 107 43 36 50 104 90 
118 88 0 85 53 137 85 71 120 144 83 106 102 125 70 117 84 138 148 59 
40 10 85 0 56 117 8 56 42 59 26 26 68 43 98 54 26 55 95 82 
96 53 53 56 0 154 51 82 98 112 71 66 108 100 106 67 71 96 146 90 
98 127 137 117 154 0 125 72 99 127 90 138 49 106 75 170 91 153 52 79 
46 3 85 8 51 125 0 63 48 61 34 22 76 49 104 46 34 53 103 87 
64 66 71 56 82 72 63 0 66 97 32 83 30 73 44 110 33 107 76 31 
2 48 120 42 98 99 48 66 0 32 38 48 56 7 110 78 37 54 61 97 
33 60 144 59 112 127 61 97 32 0 67 48 88 24 142 71 66 34 83 128 
36 37 83 26 71 90 34 32 38 67 0 51 41 44 77 80 1 75 74 61 
47 19 106 26 66 138 22 83 48 48 51 0 90 45 125 31 50 31 108 109 
55 78 102 68 108 49 76 30 56 88 41 90 0 63 62 121 41 107 46 54 
9 48 125 43 100 106 49 73 7 24 44 45 63 0 117 75 43 47 66 104 
108 107 70 98 106 75 104 44 110 142 77 125 62 117 0 149 78 152 105 17 
78 43 117 54 67 170 46 110 78 71 80 31 121 75 149 0 80 40 140 132 
35 36 84 26 71 91 34 33 37 66 1 50 41 43 78 80 0 74 74 62 
54 50 138 55 96 153 53 107 54 34 75 31 107 47 152 40 74 0 113 136 
61 104 148 95 146 52 103 76 61 83 74 108 46 66 105 140 74 113 0 100 
95 90 59 82 90 79 87 31 97 128 61 109 54 104 17 132 62 136 100 0 
0 0 4 1240 0 0 0 3 0 0 6848 11967 68804 4116 298 9 0 0 0 2486 
0 0 44928 0 0 0 292 0 118 11167 0 7 2 3638 0 72327 7525 19708 0 87 
4 44928 0 0 11 29 1 13497 36075 1789 86 0 2411 0 0 0 0 0 501 0 
1240 0 0 0 2 26 0 0 0 0 0 191 0 0 66 0 1 541 171 0 
0 0 11 2 0 0 68 3 0 83650 70 5173 0 35 0 257 0 0 3423 0 
0 0 29 26 0 0 2516 1340 12 16 18 7964 0 0 63836 0 0 0 2 381 
0 292 1 0 68 2516 0 1 0 0 17 0 336 5016 30978 0 7 352 81 45153 
3 0 13497 0 3 1340 1 0 0 0 7784 2868 266 37 19880 1075 0 0 0 186 
0 118 36075 0 0 12 0 0 0 0 0 26066 62749 0 0 0 17 1587 4270 3 
0 11167 1789 0 83650 16 0 0 0 0 0 0 0 0 362 0 0 199 0 30321 
6848 0 86 0 70 18 17 7784 0 0 0 13734 0 0 0 24876 0 0 996 0 
11967 7 0 191 5173 7964 0 2868 26066 0 13734 0 0 93187 0 14889 525 0 2 17002 
68804 2 2411 0 0 0 336 266 62749 0 0 0 0 0 782 36155 40 0 0 1 
4116 3638 0 0 35 0 5016 37 0 0 0 93187 0 0 0 2 9 25 0 40345 
298 0 0 66 0 63836 30978 19880 0 362 0 0 782 0 0 25543 0 44 2 117 
9 72327 0 0 257 0 0 1075 0 0 24876 14889 36155 2 25543 0 0 0 0 76870 
0 7525 0 1 0 0 7 0 17 0 0 525 40 9 0 0 0 115 203 0 
0 19708 0 541 0 0 352 0 1587 199 0 0 0 25 44 0 115 0 0 0 
0 0 501 171 3423 2 81 0 4270 0 996 2 0 0 2 0 203 0 0 0 
2486 87 0 0 0 381 45153 186 3 30321 0 17002 1 40345 117 76870 0 0 0 0 
0 0 17 190 0 0 0 2 0 0 45463 21789 18798 473 413 24 0 0 0 96768 
0 0 14534 1 0 0 1499 0 88 1559 16 41 2 156 0 18060 4160 39235 0 2 
17 14534 0 0 11 36 1 324 15287 429 33 0 2202 0 0 0 0 0 18 0 
190 1 0 0 1 5 0 0 6 0 0 303 0 0 0 0 9 135 8695 0 
0 0 11 1 0 0 14 2 0 16543 0 566 0 38 0 154 0 5 5048 0 
0 0 36 5 0 0 884 32 551 82 333 686 0 0 22766 0 0 0 2 155 
0 1499 1 0 14 884 0 4 0 0 23 0 86 20392 84313 0 6 32300 36 21688 
2 0 324 0 2 32 4 0 0 0 52930 8829 5988 1 26983 1999 0 0 0 87 
0 88 15287 6 0 551 0 0 0 5 0 75437 19433 0 0 0 0 1085 63997 0 
0 1559 429 0 16543 82 0 0 5 0 0 0 0 0 6585 0 0 17944 9 6705 
45463 16 33 0 0 333 23 52930 0 0 0 775 0 0 0 561 0 0 1937 2 
21789 41 0 303 566 686 0 8829 75437 0 775 0 0 90339 0 50520 31 0 0 5585 
18798 2 2202 0 0 0 86 5988 19433 0 0 0 0 0 870 95861 31 0 0 10 
473 156 0 0 38 0 20392 1 0 0 0 90339 0 0 0 0 0 46 0 1165 
413 0 0 0 0 22766 84313 26983 0 6585 0 0 870 0 0 7208 0 194 262 40 
24 18060 0 0 154 0 0 1999 0 0 561 50520 95861 0 7208 0 0 0 0 31612 
0 4160 0 9 0 0 6 0 0 0 0 31 31 0 0 0 0 6147 2323 0 
0 39235 0 135 5 0 32300 0 1085 17944 0 0 0 46 194 0 6147 0 0 0 
0 0 18 8695 5048 2 36 0 63997 9 1937 0 0 0 262 0 2323 0 0 0 
96768 2 0 0 0 155 21688 87 0 6705 2 5585 10 1165 40 31612 0 0 0 0 
