40 3
0 46 118 40 96 98 46 64 2 33 36 47 55 9 108 78 35 54 61 95 45 105 61 79 70 72 108 28 39 45 38 87 44 18 35 31 32 15 62 109 
46 0 88 10 53 127 3 66 48 60 37 19 78 48 107 43 36 50 104 90 43 84 63 35 92 25 124 21 29 63 42 51 30 53 36 49 49 33 99 116 
118 88 0 85 53 137 85 71 120 144 83 106 102 125 70 117 84 138 148 59 75 25 72 92 105 80 111 92 78 92 82 118 118 110 84 135 94 113 133 90 
40 10 85 0 56 117 8 56 42 59 26 26 68 43 98 54 26 55 95 82 33 79 53 44 82 34 114 12 19 52 32 61 35 44 26 50 39 29 89 107 
96 53 53 56 0 154 51 82 98 112 71 66 108 100 106 67 71 96 146 90 69 65 81 42 118 33 138 68 62 93 74 66 78 97 71 102 86 85 136 122 
98 127 137 117 154 0 125 72 99 127 90 138 49 106 75 170 91 153 52 79 87 112 73 161 36 148 37 107 99 64 85 178 140 81 91 129 77 111 38 58 
46 3 85 8 51 125 0 63 48 61 34 22 76 49 104 46 34 53 103 87 40 81 60 36 90 26 122 20 27 60 40 53 33 52 34 51 48 34 98 113 
64 66 71 56 82 72 63 0 66 97 32 83 30 73 44 110 33 107 76 31 23 50 3 95 36 81 59 52 37 22 27 116 89 48 33 92 32 67 61 50 
2 48 120 42 98 99 48 66 0 32 38 48 56 7 110 78 37 54 61 97 47 107 63 81 71 74 110 30 42 47 41 88 44 19 37 30 34 16 62 110 
33 60 144 59 112 127 61 97 32 0 67 48 88 24 142 71 66 34 83 128 77 134 94 83 103 82 141 52 68 79 71 81 38 51 66 10 65 31 89 143 
36 37 83 26 71 90 34 32 38 67 0 51 41 44 77 80 1 75 74 61 10 68 29 70 55 58 88 20 9 26 5 88 57 27 1 61 15 36 66 82 
47 19 106 26 66 138 22 83 48 48 51 0 90 45 125 31 50 31 108 109 59 103 80 35 105 34 140 31 46 76 57 41 12 59 50 37 61 32 107 133 
55 78 102 68 108 49 76 30 56 88 41 90 0 63 62 121 41 107 46 54 39 80 29 112 15 99 53 58 50 15 36 129 93 36 41 86 28 65 31 57 
9 48 125 43 100 106 49 73 7 24 44 45 63 0 117 75 43 47 66 104 53 112 70 79 79 73 117 33 47 54 47 85 40 27 43 23 41 14 69 118 
108 107 70 98 106 75 104 44 110 142 77 125 62 117 0 149 78 152 105 17 67 45 48 131 55 116 42 96 80 64 72 155 133 92 78 137 76 112 87 20 
78 43 117 54 67 170 46 110 78 71 80 31 121 75 149 0 80 40 140 132 87 120 107 25 135 36 168 62 73 106 86 10 35 91 80 61 92 63 138 160 
35 36 84 26 71 91 34 33 37 66 1 50 41 43 78 80 0 74 74 62 11 69 30 70 55 58 89 19 9 26 6 87 56 27 0 60 15 35 66 83 
54 50 138 55 96 153 53 107 54 34 75 31 107 47 152 40 74 0 113 136 84 134 104 59 123 63 160 55 72 95 80 50 20 72 74 26 80 42 117 157 
61 104 148 95 146 52 103 76 61 83 74 108 46 66 105 140 74 113 0 100 77 126 75 139 50 129 81 83 83 56 71 149 106 51 74 87 59 76 18 94 
95 90 59 82 90 79 87 31 97 128 61 109 54 104 17 132 62 136 100 0 52 34 34 114 51 99 52 81 64 52 57 138 117 79 62 123 63 98 83 32 
45 43 75 33 69 87 40 23 47 77 10 59 39 53 67 87 11 84 77 52 0 59 20 74 51 61 81 29 13 24 7 94 66 35 11 71 19 46 67 74 
105 84 25 79 65 112 81 50 107 134 68 103 80 112 45 120 69 134 126 34 59 0 51 98 81 84 86 82 66 72 66 123 114 93 69 127 77 102 111 65 
61 63 72 53 81 73 60 3 63 94 29 80 29 70 48 107 30 104 75 34 20 51 0 93 37 79 61 49 34 20 24 114 86 45 30 89 29 64 61 53 
79 35 92 44 42 161 36 95 81 83 70 35 112 79 131 25 70 59 139 114 74 98 93 0 125 14 155 56 62 96 75 25 45 88 70 72 84 65 134 143 
70 92 105 82 118 36 90 36 71 103 55 105 15 79 55 135 55 123 50 51 51 81 37 125 0 112 38 73 63 29 50 143 108 52 55 102 44 80 32 45 
72 25 80 34 33 148 26 81 74 82 58 34 99 73 116 36 58 63 129 99 61 84 79 14 112 0 140 46 49 83 63 39 45 78 58 71 72 59 123 129 
108 124 111 114 138 37 122 59 110 141 88 140 53 117 42 168 89 160 81 52 81 86 61 155 38 140 0 108 95 65 82 175 144 90 89 140 80 118 64 22 
28 21 92 12 68 107 20 52 30 52 20 31 58 33 96 62 19 55 83 81 29 82 49 56 73 46 108 0 17 44 25 70 37 32 19 44 30 20 78 102 
39 29 78 19 62 99 27 37 42 68 9 46 50 47 80 73 9 72 83 64 13 66 34 62 63 49 95 17 0 34 13 81 53 34 9 61 24 36 75 87 
45 63 92 52 93 64 60 22 47 79 26 76 15 54 64 106 26 95 56 52 24 72 20 96 29 83 65 44 34 0 20 114 79 28 26 76 15 53 43 63 
38 42 82 32 74 85 40 27 41 71 5 57 36 47 72 86 6 80 71 57 7 66 24 75 50 63 82 25 13 20 0 94 62 27 6 65 12 40 62 77 
87 51 118 61 66 178 53 116 88 81 88 41 129 85 155 10 87 50 149 138 94 123 114 25 143 39 175 70 81 114 94 0 45 100 87 71 100 72 148 166 
44 30 118 35 78 140 33 89 44 38 57 12 93 40 133 35 56 20 106 117 66 114 86 45 108 45 144 37 53 79 62 45 0 59 56 27 65 29 106 139 
18 53 110 44 97 81 52 48 19 51 27 59 36 27 92 91 27 72 51 79 35 93 45 88 52 78 90 32 34 28 27 100 59 0 27 50 17 30 47 91 
35 36 84 26 71 91 34 33 37 66 1 50 41 43 78 80 0 74 74 62 11 69 30 70 55 58 89 19 9 26 6 87 56 27 0 60 15 35 66 83 
31 49 135 50 102 129 51 92 30 10 61 37 86 23 137 61 60 26 87 123 71 127 89 72 102 71 140 44 61 76 65 71 27 50 60 0 62 25 92 140 
32 49 94 39 86 77 48 32 34 65 15 61 28 41 76 92 15 80 59 63 19 77 29 84 44 72 80 30 24 15 12 100 65 17 15 62 0 38 51 77 
15 33 113 29 85 111 34 67 16 31 36 32 65 14 112 63 35 42 76 98 46 102 64 65 80 59 118 20 36 53 40 72 29 30 35 25 38 0 76 116 
62 99 133 89 136 38 98 61 62 89 66 107 31 69 87 138 66 117 18 83 67 111 61 134 32 123 64 78 75 43 62 148 106 47 66 92 51 76 0 76 
109 116 90 107 122 58 113 50 110 143 82 133 57 118 20 160 83 157 94 32 74 65 53 143 45 129 22 102 87 63 77 166 139 91 83 140 77 116 76 0 
0 0 0 0 1630 10361 0 3673 58073 6 0 83 0 0 5956 289 0 0 93187 600 0 5371 6 21942 0 4071 0 0 61 12 1 2 62 0 69116 10 0 12239 15 42345 
0 0 0 10910 1 11 0 0 0 0 19 54309 0 9862 0 2 0 0 0 0 13132 4 4519 0 0 0 0 0 34 0 12 43678 0 0 0 0 5 2 39081 0 
0 0 0 23 0 11 171 1270 64 39 823 10565 0 0 0 0 184 0 0 0 0 0 0 19857 1396 0 65903 0 0 54 0 0 0 0 0 0 0 0 154 0 
0 10910 23 0 718 4 6 0 551 2 6 0 0 0 1103 10067 58 0 259 39293 0 0 0 0 3182 0 0 3678 99119 195 0 0 1144 0 0 0 0 63 31 0 
1630 1 0 718 0 56 10201 11436 6378 0 0 0 39 5082 0 2264 0 0 0 63836 0 3 0 221 0 0 85 0 0 2850 0 9988 60031 1 0 3 5 151 909 120 
10361 11 11 4 56 0 550 0 32154 0 37 118 0 0 16 2 902 0 0 0 1 2 0 49083 6 0 0 0 912 72014 0 53 200 159 11 0 37448 83504 0 0 
0 0 171 6 10201 550 0 429 548 21054 3 0 26747 0 191 1243 354 0 0 16 0 0 2 0 185 9 17002 0 0 0 47 2 0 37 0 0 0 0 289 0 
3673 0 1270 0 11436 0 429 0 18140 0 0 70 596 650 303 0 120 9 12111 97042 1 0 0 0 78 5273 1 0 3542 0 0 39140 0 0 17313 0 307 913 0 0 
58073 0 64 551 6378 32154 548 18140 0 20 0 0 48 0 0 0 0 0 0 1 23887 16456 0 0 1 56035 0 0 0 2126 32883 16308 7 153 0 0 138 2447 0 666 
6 0 39 2 0 0 21054 0 20 0 1 0 0 333 0 14 0 180 0 0 0 0 525 0 0 0 1 0 0 56 310 2119 72 0 1 0 373 227 0 0 
0 19 823 6 0 37 3 0 0 1 0 0 0 28 21935 68 0 0 0 1801 0 0 0 54701 501 0 42814 6196 421 0 0 1211 2 0 10383 0 2016 5780 575 0 
83 54309 10565 0 0 118 0 70 0 0 0 0 0 0 4 1768 0 0 0 1064 666 1002 0 21 60955 0 13 32 0 8 1 439 0 0 121 90329 0 0 0 0 
0 0 0 0 39 0 26747 596 48 0 0 0 0 7784 0 63165 33 5159 26824 3485 276 1269 15 97330 91433 0 2561 0 0 0 1066 0 0 0 0 0 0 14928 287 0 
0 9862 0 0 5082 0 0 650 0 333 28 0 7784 0 0 31952 2021 0 14587 6 18060 0 0 17619 171 0 0 40399 0 55190 0 0 0 0 0 67 6912 0 0 29 
5956 0 0 1103 0 16 191 303 0 0 21935 4 0 0 0 52 10413 227 0 1663 1455 0 0 260 8695 534 0 0 0 307 55 0 9 14 0 1377 336 0 48908 0 
289 2 0 10067 2264 2 1243 0 0 14 68 1768 63165 31952 52 0 0 0 0 0 0 176 1851 0 53950 0 3 0 12330 0 0 0 0 79630 286 49 151 16904 0 8 
0 0 184 58 0 902 354 120 0 0 0 0 33 2021 10413 0 0 0 0 0 467 0 0 0 0 0 0 14 0 0 0 0 178 181 1130 12 29 0 56 3 
0 0 0 0 0 0 0 9 0 180 0 0 5159 0 227 0 0 0 0 6585 0 10 0 2 131 0 0 70 22 0 11 0 0 19 0 0 10 6607 0 0 
93187 0 0 259 0 0 0 12111 0 0 0 0 26824 14587 0 0 0 0 0 0 5407 49 80616 4 2 1475 19 0 11 3270 10 4027 60414 45 0 5 0 42993 0 74 
600 0 0 39293 63836 0 16 97042 1 0 1801 1064 3485 6 1663 0 0 6585 0 0 6840 0 145 0 0 0 1 3140 0 0 293 25 0 0 5 2 2853 92921 78 1 
0 13132 0 0 0 1 0 1 23887 0 0 666 276 18060 1455 0 467 0 5407 6840 0 0 4607 17944 153 45153 0 8996 348 43956 0 0 0 22 0 10 114 18 5455 0 
5371 4 0 0 3 2 0 0 16456 0 0 1002 1269 0 0 176 0 10 49 0 0 0 2 511 0 6 326 0 1 0 1634 0 183 0 18170 0 0 0 0 0 
6 4519 0 0 0 0 2 0 0 525 0 0 15 0 0 1851 0 0 80616 145 4607 2 0 0 46493 64 32 0 4 5266 0 0 0 1729 9406 0 0 0 5822 179 
21942 0 19857 0 221 49083 0 0 0 0 54701 21 97330 17619 260 0 0 2 4 0 17944 511 0 0 0 0 22 1711 0 1507 0 3 58 15069 29087 2 0 0 0 0 
0 0 1396 3182 0 6 185 78 1 0 501 60955 91433 171 8695 53950 0 131 2 0 153 0 46493 0 0 25 0 45714 0 0 0 0 0 0 1612 15357 0 713 4 29 
4071 0 0 0 0 0 9 5273 56035 0 0 0 0 0 534 0 0 0 1475 0 45153 6 64 0 25 0 0 574 73641 0 33 29223 0 0 5 180 1 0 0 1227 
0 0 65903 0 85 0 17002 1 0 1 42814 13 2561 0 0 3 0 0 19 1 0 326 32 22 0 0 0 7 558 33 0 0 321 416 0 287 0 32 39343 6 
0 0 0 3678 0 0 0 0 0 0 6196 32 0 40399 0 0 14 70 0 3140 8996 0 0 1711 45714 574 7 0 1049 0 518 0 0 0 0 1903 389 0 1192 1929 
61 34 0 99119 0 912 0 3542 0 0 421 0 0 0 0 12330 0 22 11 0 348 1 4 0 0 73641 558 1049 0 0 0 15771 0 1253 0 102 0 17 25 9531 
12 0 54 195 2850 72014 0 0 2126 56 0 8 0 55190 307 0 0 0 3270 0 43956 0 5266 1507 0 0 33 0 0 0 0 0 0 0 0 0 0 0 10 23405 
1 12 0 0 0 0 47 0 32883 310 0 1 1066 0 55 0 0 11 10 293 0 1634 0 0 0 33 0 518 0 0 0 9 0 172 385 3 0 0 0 4 
2 43678 0 0 9988 53 2 39140 16308 2119 1211 439 0 0 0 0 0 0 4027 25 0 0 0 3 0 29223 0 0 15771 0 9 0 59 0 0 153 4390 0 175 442 
62 0 0 1144 60031 200 0 0 7 72 2 0 0 0 9 0 178 0 60414 0 0 183 0 58 0 0 321 0 0 0 0 59 0 17 501 2075 0 441 1787 0 
0 0 0 0 1 159 37 0 153 0 0 0 0 0 14 79630 181 19 45 0 22 0 1729 15069 0 0 416 0 1253 0 172 0 17 0 26524 0 0 0 0 1 
69116 0 0 0 0 11 0 17313 0 1 10383 121 0 0 0 286 1130 0 0 5 0 18170 9406 29087 1612 5 0 0 0 0 385 0 501 26524 0 85 36267 0 1653 0 
10 0 0 0 3 0 0 0 0 0 0 90329 0 67 1377 49 12 0 5 2 10 0 0 2 15357 180 287 1903 102 0 3 153 2075 0 85 0 262 0 0 0 
0 5 0 0 5 37448 0 307 138 373 2016 0 0 6912 336 151 29 10 0 2853 114 0 0 0 0 1 0 389 0 0 0 4390 0 0 36267 262 0 279 1262 74 
12239 2 0 63 151 83504 0 913 2447 227 5780 0 14928 0 0 16904 0 6607 42993 92921 18 0 0 0 713 0 32 0 17 0 0 0 441 0 0 0 279 0 1 2886 
15 39081 154 31 909 0 289 0 0 0 575 0 287 0 48908 0 56 0 0 78 5455 0 5822 0 4 0 39343 1192 25 10 0 175 1787 0 1653 0 1262 1 0 0 
42345 0 0 0 120 0 0 0 666 0 0 0 0 29 0 8 3 0 74 1 0 0 179 0 29 1227 6 1929 9531 23405 4 442 0 1 0 0 74 2886 0 0 
0 8496 10 3 0 0 12315 0 0 0 1 0 8678 6 0 0 10 65705 0 0 21 0 0 0 4398 0 49 1041 0 0 0 0 0 3 0 0 8 0 0 0 
8496 0 12110 0 0 0 34 5 42027 6 0 0 11 0 33282 0 7151 2 19263 500 0 0 0 743 351 6 81944 41695 0 54 0 0 2 333 904 51 0 0 0 46150 
10 12110 0 0 266 0 0 0 0 0 0 0 289 115 116 21392 0 20289 8 765 97812 71078 1314 0 0 148 0 5 163 0 64302 53 13 1 2 2 5742 46 0 51716 
3 0 0 0 0 0 0 15 0 0 0 2526 62 104 0 0 0 23 0 0 1 509 103 18 0 199 1818 0 0 0 401 1074 0 2680 3151 27 65846 0 0 46 
0 0 266 0 0 0 0 0 0 5 1199 223 0 0 4 0 1 847 6712 0 1 0 33 0 259 36 0 55687 1 0 314 0 0 0 3644 0 0 0 0 0 
0 0 0 0 0 0 0 919 0 95 0 0 164 2648 0 0 0 9 4598 47714 0 0 1 0 0 449 11 2111 0 0 78654 0 0 0 0 55 0 0 28 335 
12315 34 0 0 0 0 0 0 0 0 0 32108 0 219 0 0 0 1 16191 0 68 4 0 5939 0 0 0 48902 30265 15 0 0 558 0 3 1 1442 77 0 408 
0 5 0 15 0 919 0 0 0 4882 3 0 0 0 0 2233 0 0 0 0 0 10752 12 449 0 0 0 2 0 6736 964 0 270 588 0 175 0 0 507 14480 
0 42027 0 0 0 0 0 0 0 0 1 282 0 1373 7528 4433 1225 605 715 0 0 0 1 3 0 0 49 27 441 0 0 0 0 0 401 14506 0 0 4 0 
0 6 0 0 5 95 0 4882 0 0 0 294 148 0 4 0 6 0 3086 21546 461 21 0 12 1 688 0 44892 18127 0 0 0 0 10 0 641 0 0 94662 10534 
1 0 0 0 1199 0 0 3 1 0 0 759 60905 0 0 0 6975 20 28 0 132 12219 1767 0 0 1 0 0 0 14 1137 0 0 4528 0 455 0 0 0 1 
0 0 0 2526 223 0 32108 0 282 294 759 0 5578 11112 0 0 450 67646 311 0 0 0 351 0 0 480 0 0 89946 0 0 0 973 1084 0 0 5608 309 1 13970 
8678 11 289 62 0 164 0 0 0 148 60905 5578 0 0 419 0 0 0 0 0 0 0 0 0 0 59159 0 21 9399 34 0 6 82 61568 1897 9225 2 0 0 174 
6 0 115 104 0 2648 219 0 1373 0 0 11112 0 0 777 0 0 4341 0 0 0 2 3782 0 0 14 10794 0 53842 0 32 8 818 4 4282 0 0 6 25441 0 
0 33282 116 0 4 0 0 0 7528 4 0 0 419 777 0 0 0 0 18 0 0 368 942 0 0 0 495 1269 4432 0 0 8 0 0 4 0 0 653 0 1 
0 0 21392 0 0 0 0 2233 4433 0 0 0 0 0 0 0 9376 6152 27 2922 1 0 0 157 0 5 0 22 0 1 1 3683 1 0 0 0 0 0 1 0 
10 7151 0 0 1 0 0 0 1225 6 6975 450 0 0 0 9376 0 3 11 6018 0 17087 394 41 778 2839 1 0 3 938 475 1333 0 0 0 0 0 639 0 0 
65705 2 20289 23 847 9 1 0 605 0 20 67646 0 4341 0 6152 3 0 10 0 15 0 2405 0 0 46152 59 0 0 91110 0 112 2073 0 3 10 0 0 64 267 
0 19263 8 0 6712 4598 16191 0 715 3086 28 311 0 0 18 27 11 10 0 74 0 0 0 0 0 0 0 6 0 0 0 0 0 0 75 0 6 0 73888 0 
0 500 765 0 0 47714 0 0 0 21546 0 0 0 0 0 2922 6018 0 74 0 0 8 0 20524 1914 39 0 0 5 1 0 0 11 10877 0 0 0 0 0 0 
21 0 97812 1 1 0 68 0 0 461 132 0 0 0 0 1 0 15 0 0 0 4 0 0 0 0 104 0 0 0 63910 80 68 0 170 0 0 0 0 460 
0 0 71078 509 0 0 4 10752 0 21 12219 0 0 2 368 0 17087 0 0 8 4 0 0 0 33302 0 0 51 0 2137 0 26 0 1005 0 43 2640 39 289 2 
0 0 1314 103 33 1 0 12 1 0 1767 351 0 3782 942 0 394 2405 0 0 0 0 0 2 0 0 0 6650 0 0 38665 19 18596 0 0 12 102 6923 0 0 
0 743 0 18 0 0 5939 449 3 12 0 0 0 0 0 157 41 0 0 20524 0 0 2 0 38 1221 0 0 1268 0 2 0 0 0 0 0 91 513 82026 198 
4398 351 0 0 259 0 0 0 0 1 0 0 0 0 0 0 778 0 0 1914 0 33302 0 38 0 0 1062 0 2565 7 13341 3493 1 6 0 0 2 0 0 0 
0 6 148 199 36 449 0 0 0 688 1 480 59159 14 0 5 2839 46152 0 39 0 0 0 1221 0 0 67 0 0 3 0 0 66 5760 0 0 0 15 15733 0 
49 81944 0 1818 0 11 0 0 49 0 0 0 0 10794 495 0 1 59 0 0 104 0 0 0 1062 67 0 0 0 0 84090 5 0 0 7832 0 40 0 0 0 
1041 41695 5 0 55687 2111 48902 2 27 44892 0 0 21 0 1269 22 0 0 6 0 0 51 6650 0 0 0 0 0 0 4 0 115 1 1240 4 0 0 1216 0 0 
0 0 163 0 1 0 30265 0 441 18127 0 89946 9399 53842 4432 0 3 0 0 5 0 0 0 1268 2565 0 0 0 0 11063 30 0 2 0 1 0 4 0 0 0 
0 54 0 0 0 0 15 6736 0 0 14 0 34 0 0 1 938 91110 0 1 0 2137 0 0 7 3 0 4 11063 0 34126 6 99460 57912 56 2100 1 4 0 0 
0 0 64302 401 314 78654 0 964 0 0 1137 0 0 32 0 1 475 0 0 0 63910 0 38665 2 13341 0 84090 0 30 34126 0 0 3 0 0 0 3754 79491 214 0 
0 0 53 1074 0 0 0 0 0 0 0 0 6 8 8 3683 1333 112 0 0 80 26 19 0 3493 0 5 115 0 6 0 0 0 40 3203 0 0 1 0 0 
0 2 13 0 0 0 558 270 0 0 0 973 82 818 0 1 0 2073 0 11 68 0 18596 0 1 66 0 1 2 99460 3 0 0 0 0 0 5 0 0 3 
3 333 1 2680 0 0 0 588 0 10 4528 1084 61568 4 0 0 0 0 0 10877 0 1005 0 0 6 5760 0 1240 0 57912 0 40 0 0 0 313 2011 14 30617 0 
0 904 2 3151 3644 0 3 0 401 0 0 0 1897 4282 4 0 0 3 75 0 170 0 0 0 0 0 7832 4 1 56 0 3203 0 0 0 0 0 124 0 89 
0 51 2 27 0 55 1 175 14506 641 455 0 9225 0 0 0 0 10 0 0 0 43 12 0 0 0 0 0 0 2100 0 0 0 313 0 0 0 32 233 7 
8 0 5742 65846 0 0 1442 0 0 0 0 5608 2 0 0 0 0 0 6 0 0 2640 102 91 2 0 40 0 4 1 3754 0 5 2011 0 0 0 0 0 0 
0 0 46 0 0 0 77 0 0 0 0 309 0 6 653 0 639 0 0 0 0 39 6923 513 0 15 0 1216 0 4 79491 1 0 14 124 32 0 0 0 0 
0 0 0 0 0 28 0 507 4 94662 0 1 0 25441 0 1 0 64 73888 0 0 289 0 82026 0 15733 0 0 0 0 214 0 0 30617 0 233 0 0 0 47298 
0 46150 51716 46 0 335 408 14480 0 10534 1 13970 174 0 1 0 0 267 0 0 460 2 0 198 0 0 0 0 0 0 0 0 3 0 89 7 0 0 47298 0 
0 666 29 700 0 0 10 0 0 0 8037 0 124 3 0 0 33997 3 0 0 1 0 0 0 564 0 150 133 0 0 0 0 0 5 0 0 6 0 0 0 
666 0 140 0 0 0 20 3454 12 90275 0 0 16966 0 4 0 15167 95649 89 263 0 0 0 1 15826 49 29807 35 0 5110 0 0 3 61 37 8 0 0 0 47593 
29 140 0 0 147 0 0 0 0 0 0 0 479 1823 46679 1 0 10 16717 272 31 60129 8012 0 0 51788 0 120 721 0 2 121 43440 33 6 19628 8196 46516 0 29 
700 0 0 0 0 0 0 45953 0 0 0 744 132 70 0 0 0 8 0 0 135 350 275 19921 0 61 56 0 0 0 887 18089 0 10 1940 5 35171 0 0 882 
0 0 147 0 0 0 0 0 0 36738 1 29 0 0 112 0 10 83987 1078 0 63216 0 17047 0 211 28300 0 24622 51 0 103 0 0 0 103 0 0 0 0 0 
0 0 0 0 0 0 0 902 0 3624 0 0 3 4 0 0 0 133 16 55658 0 0 71024 0 0 1 1 51923 0 0 1 0 0 0 0 1 0 0 5889 70758 
10 20 0 0 0 0 0 0 0 0 0 691 0 481 0 0 0 90 205 0 10213 264 0 25052 0 0 0 42 24 3 0 0 2 0 28352 23810 1071 10873 0 3300 
0 3454 0 45953 0 902 0 0 0 18123 46178 0 0 0 0 9156 0 0 0 0 0 838 4 59957 0 0 0 69 0 63 402 0 1 54 0 4628 0 0 5166 425 
0 12 0 0 0 0 0 0 0 0 6035 6834 0 24216 28220 3 31 163 64 0 0 0 58 15 0 0 1012 32 9342 0 0 0 0 0 49333 6 0 0 31 0 
0 90275 0 0 36738 3624 0 18123 0 0 0 5 18 0 99 0 2126 0 2098 147 144 7 0 1 8 254 0 10 18 0 0 0 0 361 0 42 0 0 154 221 
8037 0 0 0 1 0 0 46178 6035 0 0 40 1 0 0 0 57665 9 1419 0 31395 8 2003 0 0 16666 0 0 0 10096 3 0 0 3 0 2690 0 0 0 30084 
0 0 0 744 29 0 691 0 6834 5 40 0 1 8 0 0 5 1 94793 0 0 0 1786 0 0 9 0 0 1884 0 0 0 17 147 0 0 4 35470 18 162 
124 16966 479 132 0 3 0 0 0 18 1 1 0 0 223 0 0 0 0 0 0 0 0 0 0 3246 0 19 222 1 0 3 6471 51570 158 20 41607 0 0 949 
3 0 1823 70 0 4 481 0 24216 0 0 8 0 0 948 0 0 11105 0 0 0 1 2 0 0 5 3421 0 9 0 32045 2799 88 14796 36 0 0 88 1773 0 
0 4 46679 0 112 0 0 0 28220 99 0 0 223 948 0 0 0 0 13 0 0 343 14379 0 0 0 2013 31252 37 0 0 76003 0 0 774 0 0 8 0 70061 
0 0 1 0 0 0 0 9156 3 0 0 0 0 0 0 0 212 46 83 1 20 0 0 32 0 2 0 12007 0 38277 5 38 6420 0 0 0 0 0 56350 0 
33997 15167 0 0 10 0 0 0 31 2126 57665 5 0 0 0 212 0 121 4 11 0 586 2987 672 1 5 3 0 379 147 1960 27 0 0 0 0 0 1149 0 0 
3 95649 10 8 83987 133 90 0 163 0 9 1 0 11105 0 46 121 0 101 0 14399 0 38775 0 0 2 1235 0 0 526 0 24 238 0 17 31027 0 0 175 11197 
0 89 16717 0 1078 16 205 0 64 2098 1419 94793 0 0 13 83 4 101 0 87346 0 0 0 0 0 0 0 74 0 0 0 0 0 0 40 0 1 0 845 0 
0 263 272 0 0 55658 0 0 0 147 0 0 0 0 0 1 11 0 87346 0 0 53 0 29 1 184 0 0 13 7 0 0 389 3904 0 0 0 0 0 0 
1 0 31 135 63216 0 10213 0 0 144 31395 0 0 0 0 20 0 14399 0 0 0 3 0 0 0 0 1 0 0 0 30 14802 3026 0 12634 0 0 0 0 78426 
0 0 60129 350 0 0 264 838 0 7 8 0 0 1 343 0 586 0 0 53 3 0 0 0 9 0 0 20 0 115 0 15 0 7 0 11194 34335 534 19760 3301 
0 0 8012 275 17047 71024 0 4 58 0 2003 1786 0 2 14379 0 2987 38775 0 0 0 0 0 51117 0 0 0 188 0 0 1098 1 24198 0 0 906 13862 53 0 0 
0 1 0 19921 0 0 25052 59957 15 1 0 0 0 0 0 32 672 0 0 29 0 0 51117 0 32 42 0 0 1 0 3 0 0 0 0 0 1638 100 90022 10020 
564 15826 0 0 211 0 0 0 0 8 0 0 0 0 0 0 1 0 0 1 0 9 0 32 0 0 362 0 6 17 18767 14994 16574 10 0 0 10 0 0 0 
0 49 51788 61 28300 1 0 0 0 254 16666 9 3246 5 0 2 5 2 0 184 0 0 0 42 0 0 20072 0 0 1351 0 0 1015 1 0 0 0 13629 119 0 
150 29807 0 56 0 1 0 0 1012 0 0 0 0 3421 2013 0 3 1235 0 0 1 0 0 0 362 20072 0 0 0 0 156 2925 0 0 2 0 2 0 0 0 
133 35 120 0 24622 51923 42 69 32 10 0 0 19 0 31252 12007 0 0 74 0 0 20 188 0 0 0 0 0 0 1 0 403 180 27 14 0 0 15 0 0 
0 0 721 0 51 0 24 0 9342 18 0 1884 222 9 37 0 379 0 0 13 0 0 0 1 6 0 0 0 0 4728 69240 0 37 0 1 0 2 0 0 0 
0 5110 0 0 0 0 3 63 0 0 10096 0 1 0 0 38277 147 526 0 7 0 115 0 0 17 1351 0 1 4728 0 2 6267 4822 56 42 41 495 19483 0 0 
0 0 2 887 103 1 0 402 0 0 3 0 0 32045 0 5 1960 0 0 0 30 0 1098 3 18767 0 156 0 69240 2 0 0 2 0 0 0 527 2390 8 0 
0 0 121 18089 0 0 0 0 0 0 0 0 3 2799 76003 38 27 24 0 0 14802 15 1 0 14994 0 2925 403 0 6267 0 0 0 6823 94587 0 0 2791 0 0 
0 3 43440 0 0 0 2 1 0 0 0 17 6471 88 0 6420 0 238 0 389 3026 0 24198 0 16574 1015 0 180 37 4822 2 0 0 0 0 0 24 0 0 1 
5 61 33 10 0 0 0 54 0 361 3 147 51570 14796 0 0 0 0 0 3904 0 7 0 0 10 1 0 27 0 56 0 6823 0 0 0 133 1705 18 1252 0 
0 37 6 1940 103 0 28352 0 49333 0 0 0 158 36 774 0 0 17 40 0 12634 0 0 0 0 0 2 14 1 42 0 94587 0 0 0 0 0 61 0 29305 
0 8 19628 5 0 1 23810 4628 6 42 2690 0 20 0 0 0 0 31027 0 0 0 11194 906 0 0 0 0 0 0 41 0 0 0 133 0 0 0 21115 981 71716 
6 0 8196 35171 0 0 1071 0 0 0 0 4 41607 0 0 0 0 0 1 0 0 34335 13862 1638 10 0 2 0 2 495 527 0 24 1705 0 0 0 0 0 0 
0 0 46516 0 0 0 10873 0 0 0 0 35470 0 88 8 0 1149 0 0 0 0 534 53 100 0 13629 0 15 0 19483 2390 2791 0 18 61 21115 0 0 0 0 
0 0 0 0 0 5889 0 5166 31 154 0 18 0 1773 0 56350 0 175 845 0 0 19760 0 90022 0 119 0 0 0 0 8 0 0 1252 0 981 0 0 0 88 
0 47593 29 882 0 70758 3300 425 0 221 30084 162 949 0 70061 0 0 11197 0 0 78426 3301 0 10020 0 0 0 0 0 0 0 0 1 0 29305 71716 0 0 88 0 
