5 2
0 31 23 81 92 
31 0 51 28 61 
23 51 0 75 82 
81 28 75 0 14 
92 61 82 14 0 
0 67 9 82 90 
67 0 87 41 52 
9 87 0 79 74 
82 41 79 0 66 
90 52 74 66 0 
0 89 9 82 72 
89 0 81 29 38 
9 81 0 46 29 
82 29 46 0 28 
72 38 29 28 0 
