5 2
0 31 23 81 92 
31 0 51 28 61 
23 51 0 75 82 
81 28 75 0 14 
92 61 82 14 0 
0 23 39 9 38 
23 0 21 9 31 
39 21 0 22 82 
9 9 22 0 82 
38 31 82 82 0 
0 78 62 92 63 
78 0 80 92 70 
62 80 0 79 19 
92 92 79 0 19 
63 70 19 19 0 
